0.000000000000000000e+00 8.362987038012409738e-03 2.000179849183613204e-02 1.631489022776614435e-03 1.874285420654394144e-02 3.275824415811312562e-03 2.819778271649345594e-02 2.614236347520008247e-02 1.314183677401950003e-02 6.847115347558547019e-03 2.102950811248281704e-02 1.425947098647277304e-03 1.560833986357154819e-02 4.329226776974165816e-03 1.923101627635111568e-02 1.671312770576673448e-02 1.208843441285664677e-02 3.224438934778978225e-03 4.354919517490333201e-03 1.231966907750215237e-02 1.052117724137045102e-02 2.519173207610189702e-02 9.313618437110595186e-03 2.359878216409953475e-02 1.631489022776614435e-03 1.604511645234639114e-02 6.358953277751371036e-03 5.896483948460362438e-03 9.981629690530940263e-03 3.336202356024305093e-02 3.095975232198142600e-03 1.594234549028172160e-02 2.632221265881325156e-02 1.337307143866500563e-02 7.617897563043561637e-03 3.250131675295145177e-03 2.761969605487969194e-03 1.283352388782549487e-02 2.426679341751987809e-02 2.881440848888146625e-02 1.309045129298716699e-02 2.365016764513186778e-02 2.159474840383849431e-02 1.296198759040633093e-02 6.808576236784296375e-04 1.738113895918708129e-02 2.890433308068805253e-03 6.076333132073532400e-03 6.281875056202869748e-03 1.126626671633929912e-02 2.171036573616124971e-03 5.022930770910679146e-03 4.496229590329252302e-04 3.507059080456816861e-03 6.551648831622624691e-04 1.702144059196074311e-02 9.390696658659096474e-03 2.218568143571034157e-02 6.898500828590881789e-03 4.354919517490333201e-03 9.776087766401602916e-03 1.296198759040633093e-02 1.545418342047454562e-02 4.663232403684339222e-03 7.643590303559729023e-03 1.117634212453271284e-03 
8.362987038012409738e-03 0.000000000000000000e+00 3.251416312320953850e-02 1.912824531428644961e-02 1.194712434001772789e-03 6.487416980332207095e-03 1.835746309880143326e-02 2.144059196074149173e-02 2.365016764513186778e-02 1.650758578163739887e-02 7.669283044075896408e-03 2.090104440990198098e-02 1.871716146602777492e-02 8.953920069884253527e-03 3.187184461030535820e-02 1.178012152666264162e-02 2.031011137803013719e-02 8.979612810400421780e-03 2.272522898654984885e-02 1.106072479220996177e-02 1.514587053428053873e-02 1.601942371183022115e-02 1.547987616099071213e-02 7.258199195817221713e-03 1.776653006692958947e-02 8.093213262592654795e-04 1.522294875582904002e-02 1.576249630666855250e-02 1.666174222473440145e-02 1.160027234304947079e-02 1.676451318679907099e-02 7.669283044075896408e-03 1.560833986357154819e-02 5.523939210975939039e-04 2.016880130519121961e-03 9.467774880207597762e-03 1.468340120498953100e-02 9.005305550916588297e-03 1.257659648266382275e-02 1.458063024292486146e-02 1.183150700769497639e-02 1.416954639466618676e-02 5.561193684724381053e-02 1.157457960253330427e-02 7.874824968205233755e-03 4.081291830993152847e-02 1.393831173002068290e-02 1.040555990904769778e-03 1.648189304112123235e-02 9.377850288401012131e-04 1.974487108667445992e-02 4.380612258006500587e-03 2.498619015197256141e-02 3.102398417327184230e-02 9.673316804336935110e-03 1.257659648266382275e-02 1.144611589995246821e-02 4.207186259522371907e-02 5.434014619169353841e-03 8.902534588851920491e-03 1.117634212453271284e-03 1.321891499556800305e-02 3.481366339940649909e-03 1.178012152666264162e-02 1.016147887414411109e-02 5.151394473491515205e-03 
2.000179849183613204e-02 3.251416312320953850e-02 0.000000000000000000e+00 3.603406857392443818e-02 9.210847475045925645e-03 7.540819341495060349e-03 4.688925144200505740e-03 1.997610575131996552e-02 3.609830042521485535e-03 2.937964878023714352e-02 9.634777693562683815e-04 1.416954639466618676e-02 4.791696106265174414e-03 8.465758000077077544e-03 5.845098467428028535e-03 1.619927289544339372e-02 8.388679778528576256e-03 4.303534036457998431e-03 4.072299371812494566e-03 1.117634212453271284e-03 1.951363642202895432e-02 4.997238030394511761e-03 1.425947098647277304e-03 1.630204385750805979e-02 5.485400100201687744e-03 2.318769831584086005e-02 2.259676528396901626e-02 1.914109168454453287e-03 6.423185129041789391e-05 2.699022391223359837e-02 2.439525712010071415e-02 1.434939557827935759e-02 3.151214624307902001e-02 8.517143481109412315e-03 3.112675513533651184e-02 3.454388962398674545e-02 1.982194930822296294e-02 5.286281361201392720e-02 5.382629138137019070e-03 5.768020245879526380e-03 8.208830594915407161e-03 4.843081587297509184e-03 1.278213840679316010e-02 1.293629484989016268e-02 5.283712087149775721e-02 1.291060210937399616e-02 3.708747093508728970e-02 5.267011805814267355e-04 3.441542592140590939e-02 5.562478321750189900e-03 1.861439050396310538e-02 2.424110067700371157e-02 5.866937296866770596e-02 5.010084400652595671e-04 6.538802461364541865e-03 4.123684852844828469e-03 2.440810349035879914e-04 3.392726385159872821e-02 6.046786480479940384e-02 8.003288670786069814e-03 3.464666058605141152e-02 2.388140230977737338e-02 7.489433860462726446e-03 4.457690479555001875e-03 2.668191102603959322e-02 1.219120537492131631e-02 
1.631489022776614435e-03 1.912824531428644961e-02 3.603406857392443818e-02 0.000000000000000000e+00 3.211592564520894424e-04 1.016147887414411109e-02 2.056703878319180931e-02 1.483755764808653357e-02 7.951903189753735043e-03 1.702144059196074311e-02 2.325193016713127548e-03 3.811518055573397817e-02 7.823439487172898985e-03 2.722145857687910397e-02 1.682874503808948772e-03 2.768392790617011170e-02 3.251416312320953850e-02 2.196729314132291923e-03 3.327209896843646899e-03 2.222422054648458874e-03 2.532019577868273308e-02 3.532751820972984246e-03 3.009904551468982337e-02 1.255090374214765624e-02 2.329046927790552612e-02 1.554410801228112930e-03 4.226455814909497143e-03 1.246097915034107126e-03 1.278213840679316010e-02 2.555143044332823868e-02 2.321339105635702657e-02 1.139473041892013344e-02 5.331243657104685167e-03 7.065503641945968059e-04 5.485400100201687744e-03 1.321891499556800305e-02 3.382449288953406213e-02 6.204796834654368459e-03 2.020734041596546765e-02 2.090104440990198098e-02 1.532571971789370956e-02 3.012473825520598988e-02 4.520637693819611058e-02 1.195997071027581071e-02 2.475495548732705581e-02 5.435299256195161993e-02 3.819225877728248120e-02 2.300784913222768749e-02 1.162596508356563904e-02 2.016880130519121961e-03 5.125701732975347820e-03 1.147180864046863473e-02 9.930244209498605493e-03 3.564867746618193001e-02 1.657181763292781603e-03 3.033028017933532897e-02 1.991187390002954576e-03 4.153231504438421179e-02 1.088087560859679094e-02 5.356936397620852552e-03 7.720668525108230311e-03 2.293077091067918793e-02 2.169751936590316385e-02 1.401538995156918418e-02 7.386662898398057772e-03 1.378415528692368032e-02 
1.874285420654394144e-02 1.194712434001772789e-03 9.210847475045925645e-03 3.211592564520894424e-04 0.000000000000000000e+00 1.360430610331050949e-02 5.419883611885462082e-02 9.853165987950104204e-03 5.908045681692637718e-02 1.034132805775728019e-02 4.189201341161054998e-02 2.273807535680793211e-03 2.837763190010662503e-02 1.329599321711650434e-02 2.100381537196665052e-02 2.376578497745461885e-03 1.219120537492131631e-02 1.699574785144457312e-02 9.120922883239340447e-04 1.504309957221587092e-02 7.283891936333389099e-03 2.154336292280616127e-02 1.714990429454157569e-02 4.843081587297509184e-03 4.663232403684339222e-03 3.455673599424482524e-03 5.048623511426846532e-03 3.095975232198142600e-03 9.056691031948923068e-03 2.925118507765630746e-02 5.177087214007681723e-03 1.028994257672494715e-02 3.775548218850763998e-02 2.190306129003250293e-02 4.457690479555001875e-03 1.297483396066441462e-03 5.228472695040016494e-03 5.613863802782523803e-03 3.243708490166103547e-02 6.461724239816039710e-03 3.991367239186567606e-02 1.991187390002954576e-03 2.734992227945994003e-02 3.356756548437239002e-02 1.401538995156918418e-02 1.862723687422118950e-03 3.035597291985149548e-02 3.295093971198437971e-02 2.020734041596546765e-02 1.437508831879552411e-02 5.819405726911861150e-03 1.910255257377027963e-02 5.331243657104685167e-03 2.205721773312950551e-02 5.613863802782523803e-03 1.422093187569852153e-02 6.256182315686702362e-03 4.325372865896740665e-02 1.013578613362794284e-02 1.840884857983376630e-02 1.121488123530696435e-02 3.981090142980100999e-02 1.226828359646981760e-02 1.802345747209126159e-02 1.170304330511414033e-02 5.523939210975939039e-04 
3.275824415811312562e-03 6.487416980332207095e-03 7.540819341495060349e-03 1.016147887414411109e-02 1.360430610331050949e-02 0.000000000000000000e+00 1.601942371183022115e-02 5.780866616137610723e-04 2.573127962694140777e-02 1.740683169970324781e-02 4.509075960587335778e-03 9.030998291432754815e-03 6.024947651041198497e-03 2.362447490461570127e-02 2.967511529617306541e-03 4.354919517490333201e-03 3.104967691378800881e-02 2.020734041596546765e-02 4.714617884716673125e-03 2.105520085299898356e-02 7.438048379430391675e-03 1.447785928086019365e-02 1.147180864046863473e-02 6.924193569107049175e-03 1.666174222473440145e-02 1.255090374214765624e-02 6.898500828590881789e-03 3.507059080456816861e-03 4.235448274090156118e-02 2.128643551764448916e-02 1.425947098647277304e-03 1.039271353878961496e-02 2.316200557532469353e-02 1.542849067995837736e-02 2.138920647970915870e-02 2.249399432190434672e-02 6.024947651041198497e-03 7.823439487172898985e-03 1.504309957221587092e-02 2.144059196074149173e-02 1.031563531724111367e-02 2.699022391223359837e-02 1.504309957221587092e-02 9.570545842272265569e-03 4.239302185167581160e-04 1.142042315943630169e-02 8.157445113883072391e-03 8.953920069884253527e-03 4.431997739038834490e-03 1.442647379982785888e-02 6.358953277751371036e-03 7.874824968205233755e-03 2.954665159359223282e-04 1.604511645234639114e-02 9.056691031948923068e-03 1.830607761776910022e-02 2.300784913222768749e-02 4.496229590329252302e-04 1.195997071027581071e-02 7.155428233752553040e-03 1.522294875582904002e-02 1.422093187569852153e-02 4.663232403684339222e-03 7.900517708721400273e-03 1.028994257672494715e-02 1.067533368446745359e-02 
2.819778271649345594e-02 1.835746309880143326e-02 4.688925144200505740e-03 2.056703878319180931e-02 5.419883611885462082e-02 1.601942371183022115e-02 0.000000000000000000e+00 2.583405058900607731e-02 6.008247369705689567e-02 1.594234549028172160e-02 1.987333478925529598e-02 1.265367470421232404e-02 3.382449288953406213e-02 1.578818904718471902e-02 1.712421155402540918e-02 1.231966907750215237e-02 4.083861105044769846e-02 7.052657271687884366e-03 8.388679778528576256e-03 3.404288118392148187e-03 3.038166566036766200e-02 1.820330665570443068e-02 3.516051539637475576e-02 1.833177035828526674e-02 6.551648831622624691e-04 2.788946983029944732e-02 1.175442878614647510e-02 1.297483396066441462e-03 1.136903767840396692e-02 2.945672700178564654e-02 7.874824968205233755e-03 1.234536181801831889e-02 4.489806405200210543e-02 5.151394473491515205e-03 1.704713333247690962e-02 7.579358452269311427e-04 5.523939210975939039e-04 7.489433860462726446e-03 3.310509615508137882e-02 1.756098814280025039e-02 4.315095769690274058e-02 1.858869776344693886e-02 4.911167349665351844e-02 2.761969605487969194e-03 1.991187390002954576e-03 1.226828359646981760e-02 4.149377593360995854e-03 9.416389399175262992e-03 2.770962064668627822e-02 2.799224079236411686e-02 1.458063024292486146e-02 6.898500828590881789e-03 6.410338758783705806e-03 1.143326952969438452e-03 5.074316251943013917e-03 4.566884626748712178e-02 1.327030047660033608e-02 5.586886425240548265e-02 1.650758578163739887e-02 1.887131790912477750e-02 9.699009544853101628e-03 3.097259869223950926e-02 1.951363642202895432e-02 1.524864149634520827e-02 1.846023406086610280e-02 1.735544621867091478e-02 
2.614236347520008247e-02 2.144059196074149173e-02 1.997610575131996552e-02 1.483755764808653357e-02 9.853165987950104204e-03 5.780866616137610723e-04 2.583405058900607731e-02 0.000000000000000000e+00 3.546882828256876091e-02 1.554410801228112930e-03 8.825456367303419203e-03 4.055599090476985635e-02 2.814639723546111943e-02 2.670760376655575974e-02 3.120383335688501139e-02 4.303534036457998431e-03 2.105520085299898356e-02 5.639556543298691188e-03 2.761969605487969194e-03 1.224259085595365108e-02 1.789499376951042553e-02 2.582120421874799232e-03 4.920159808846010473e-03 1.478617216705419880e-02 5.742327505363359862e-03 1.992472027028762901e-02 1.476047942653803229e-02 2.984211810952815125e-02 3.467235332656758151e-02 1.961640738409362386e-02 1.194712434001772789e-03 5.511092840717855129e-03 1.414385365415002024e-02 1.712421155402540918e-02 7.515126600978893831e-03 9.005305550916588297e-03 3.369602918695322608e-02 1.714990429454157569e-02 2.573127962694140777e-02 3.110106239482034185e-02 4.505222049509911147e-02 3.040735840088383199e-02 1.907685983325411311e-02 8.799763626787250950e-03 3.301517156327479514e-03 2.305923461326002399e-02 9.313618437110595186e-03 2.724715131739527049e-02 6.153411353622033689e-03 3.528897909895559182e-02 3.189753735082152819e-02 1.517156327479670698e-02 1.003301517156327503e-02 1.591665274976555508e-02 3.516051539637475576e-02 2.601389977261924641e-02 4.651670670452064116e-02 3.379880014901789215e-02 2.619374895623241550e-02 5.742327505363359862e-03 7.232506455301054328e-03 6.050640391557365882e-03 8.440065259560911026e-03 1.401538995156918418e-02 1.503025320195778593e-03 3.224438934778978225e-03 
1.314183677401950003e-02 2.365016764513186778e-02 3.609830042521485535e-03 7.951903189753735043e-03 5.908045681692637718e-02 2.573127962694140777e-02 6.008247369705689567e-02 3.546882828256876091e-02 0.000000000000000000e+00 8.234523335431573679e-03 5.048623511426846532e-03 2.113227907454748658e-02 1.586526726873321858e-02 2.632221265881325156e-02 1.091941471937104115e-03 1.748390992125175084e-02 3.993936513238184605e-02 2.331616201842169611e-02 6.808576236784296375e-04 1.291060210937399616e-02 1.231966907750215237e-02 2.765823516565394519e-02 2.074688796680497840e-02 2.418971519597137854e-02 1.506879231273203744e-02 3.862903536605732241e-02 1.023855709569261238e-02 3.665069434631244849e-02 2.254537980293667976e-02 3.552021376360109395e-02 8.671299924206414891e-03 6.087894865305807507e-02 4.173785696851354393e-02 6.975579050139383078e-03 1.154888686201713775e-02 9.493467620723764280e-03 6.127718613105867171e-03 2.916126048584972204e-03 2.239122335983967718e-02 1.352722788176200820e-02 1.434939557827935759e-02 1.609650193337872418e-02 3.068997854656167062e-02 8.876841848335752239e-03 2.578266510797374081e-02 8.388679778528576256e-03 3.865472810657348546e-02 5.267011805814267355e-04 3.176907364824069213e-02 1.298768033092249745e-02 1.907685983325411311e-02 1.314183677401950003e-02 1.655897126266973191e-02 1.708567244325115940e-03 1.864008324447927190e-02 3.333633081972688789e-02 9.904551468982438975e-03 4.502652775458294149e-02 3.819225877728248120e-02 6.384646018267538421e-03 2.710584124455634857e-03 2.383001682874503688e-02 1.637912207905656281e-02 8.594221702657913603e-03 2.077258070732114492e-02 2.131212825816065567e-02 
6.847115347558547019e-03 1.650758578163739887e-02 2.937964878023714352e-02 1.702144059196074311e-02 1.034132805775728019e-02 1.740683169970324781e-02 1.594234549028172160e-02 1.554410801228112930e-03 8.234523335431573679e-03 0.000000000000000000e+00 8.131752373366905873e-03 4.817388846781341799e-03 7.026964531171717848e-03 1.427231735673085630e-02 5.947869429492697209e-03 7.155428233752553040e-03 3.018897010649640878e-03 1.709851881350924266e-02 1.503025320195778593e-03 1.023855709569261238e-02 3.757563300489446395e-02 1.321891499556800305e-02 1.355292062227817472e-02 2.182598306848399991e-02 4.757010906568349268e-02 1.554410801228112930e-03 1.216551263440514806e-02 1.041840627930578148e-02 2.138920647970915870e-02 1.284637025808357912e-05 2.118366455557981962e-02 3.352902637359813851e-03 8.003288670786069814e-03 3.595699035237593516e-02 5.793712986395693765e-03 3.211592564520894424e-04 2.912272137507547140e-02 1.280783114730932835e-02 2.953380522333414610e-02 8.388679778528576256e-03 2.801793353288028338e-02 1.383554076795601336e-02 1.959071464357745734e-02 3.223154297753169639e-02 5.870791207944195053e-03 2.855748108371979413e-02 1.753529540228408387e-02 2.912272137507547140e-02 4.534768701103503163e-03 2.993204270133473927e-03 1.201135619130814548e-02 4.740310625232840511e-03 4.406304998522667105e-03 1.776653006692958947e-02 6.641573423429209672e-03 1.143326952969438452e-03 1.730406073763858174e-02 1.468340120498953100e-02 1.514587053428053873e-02 2.164613388487083082e-02 1.699574785144457312e-02 6.487416980332207095e-03 1.208843441285664677e-02 8.619914443174081856e-03 1.005870791207944155e-02 4.740310625232840511e-03 
2.102950811248281704e-02 7.669283044075896408e-03 9.634777693562683815e-04 2.325193016713127548e-03 4.189201341161054998e-02 4.509075960587335778e-03 1.987333478925529598e-02 8.825456367303419203e-03 5.048623511426846532e-03 8.131752373366905873e-03 0.000000000000000000e+00 2.164613388487083082e-02 1.681589866783140402e-02 2.164613388487083082e-02 1.917963079531878265e-02 9.493467620723764280e-03 1.375846254640751207e-02 4.714617884716673125e-03 4.637539663168171837e-03 3.378595377875981236e-03 9.801780506917771169e-03 2.839047827036470916e-03 3.558444561489151198e-03 2.228845239777500764e-02 1.373276980589134555e-02 1.697005511092840660e-02 1.964210012460979038e-02 7.746361265624397696e-03 5.178371851033490569e-02 1.373276980589134555e-02 1.889701064964094401e-02 2.367586038564803430e-02 2.136351373919299218e-02 2.436956437958454763e-02 1.666174222473440145e-02 2.483203370887555883e-02 7.951903189753735043e-03 1.247382552059915495e-02 7.065503641945968059e-04 1.172873604563030685e-02 4.091568927199619454e-02 1.712421155402540918e-02 3.147360713230476937e-03 1.663604948421823493e-02 9.776087766401602916e-03 1.018717161466027761e-02 1.625065837647572675e-02 2.244260884087201022e-02 1.576249630666855250e-02 1.743252444021941433e-02 3.584137302005318583e-03 1.409246817311768547e-02 4.843081587297509184e-03 1.031563531724111367e-02 1.537710519892604259e-02 2.398417327184203945e-02 1.956502190306129083e-02 6.949886309623215692e-03 9.930244209498605493e-03 1.345014966021350691e-02 1.183150700769497639e-02 3.481366339940649909e-03 2.556427681358632280e-03 5.639556543298691188e-03 4.586154182135837934e-03 9.287925696594426933e-03 
1.425947098647277304e-03 2.090104440990198098e-02 1.416954639466618676e-02 3.811518055573397817e-02 2.273807535680793211e-03 9.030998291432754815e-03 1.265367470421232404e-02 4.055599090476985635e-02 2.113227907454748658e-02 4.817388846781341799e-03 2.164613388487083082e-02 0.000000000000000000e+00 1.657181763292781603e-03 1.126626671633929912e-02 2.350885757229294933e-03 8.619914443174081856e-03 6.975579050139383078e-03 2.146628470125765825e-02 2.259676528396901626e-02 3.400434207314723123e-02 1.411816091363385199e-02 2.383001682874503688e-02 5.356936397620852552e-03 2.697737754197551598e-04 6.615880682913043154e-03 2.878871574836529973e-02 1.619927289544339372e-02 1.499171409118353615e-02 2.619374895623241550e-02 4.509075960587335778e-03 1.594234549028172160e-02 1.542849067995837736e-02 1.345014966021350691e-02 7.643590303559729023e-03 5.562478321750189900e-03 8.491450740593245797e-03 2.402271238261629270e-03 6.102025872589699786e-03 2.272522898654984885e-02 2.115797181506365310e-02 1.509448505324820396e-02 1.129195945685546563e-02 6.281875056202869748e-03 1.383554076795601336e-02 1.530002697737754130e-02 1.280783114730932835e-02 4.843081587297509184e-03 5.973562170008863727e-03 2.023303315648163764e-02 1.350153514124584168e-02 7.078350012204051751e-03 1.463201572395719623e-02 9.442082139691429510e-03 7.104042752720219137e-03 1.604511645234639114e-02 2.303354187274385748e-02 2.835193915959045852e-02 5.896483948460362438e-03 3.044589751165808263e-03 1.041840627930578148e-02 1.858869776344693886e-02 1.781791554796192251e-02 1.670028133550865133e-04 2.016880130519121961e-03 8.774070886271084432e-03 1.528718060711945761e-03 
1.560833986357154819e-02 1.871716146602777492e-02 4.791696106265174414e-03 7.823439487172898985e-03 2.837763190010662503e-02 6.024947651041198497e-03 3.382449288953406213e-02 2.814639723546111943e-02 1.586526726873321858e-02 7.026964531171717848e-03 1.681589866783140402e-02 1.657181763292781603e-03 0.000000000000000000e+00 1.503025320195778593e-03 5.279858176072350397e-03 1.400254358131110136e-03 2.341893298048636218e-02 1.178012152666264162e-02 5.665249283814857706e-03 2.299500276196960596e-03 8.106059632850737620e-03 1.768945184538108645e-02 1.966779286512596037e-02 1.781791554796192251e-02 2.916126048584972204e-03 1.016147887414411109e-02 5.151394473491515205e-03 6.744344385493878345e-03 1.874285420654394144e-02 4.243156096245005726e-02 1.635342933854039629e-02 1.977056382719062644e-02 4.443559472271110117e-02 1.899978161170561355e-02 1.347584240072967343e-02 6.050640391557365882e-03 2.750407872255694261e-02 3.275824415811312562e-03 3.246277764217720546e-02 1.650758578163739887e-02 5.279858176072350397e-03 4.483383220071169260e-03 6.256182315686702362e-03 1.876854694706010795e-02 2.031011137803013719e-02 1.380984802743984684e-02 1.607080919286255766e-02 2.136351373919299218e-02 1.581388178770088554e-02 1.013578613362794284e-02 3.558444561489151198e-03 9.262232956078260415e-03 1.270506018524465881e-02 2.352170394255103172e-02 9.082383772465089586e-03 2.195444677106483597e-02 2.177459758745166687e-02 8.465758000077077544e-03 4.740310625232840511e-03 1.920532353583494917e-02 6.872808088074714404e-03 2.196729314132291923e-03 2.773531338720244474e-02 1.939801908970620456e-03 1.440078105931169063e-02 3.415849851624423728e-02 
4.329226776974165816e-03 8.953920069884253527e-03 8.465758000077077544e-03 2.722145857687910397e-02 1.329599321711650434e-02 2.362447490461570127e-02 1.578818904718471902e-02 2.670760376655575974e-02 2.632221265881325156e-02 1.427231735673085630e-02 2.164613388487083082e-02 1.126626671633929912e-02 1.503025320195778593e-03 0.000000000000000000e+00 3.301517156327479514e-03 1.774083732641342295e-02 5.048623511426846532e-03 7.026964531171717848e-03 1.630204385750805979e-02 1.427231735673085630e-02 2.582120421874799232e-03 1.494032861015120138e-02 1.339876417918117214e-02 9.236540215562092163e-03 2.092673715041815097e-02 9.210847475045925645e-03 1.494032861015120138e-02 9.621931323304600339e-03 3.618822501702143729e-02 1.077810464653212313e-02 1.154888686201713775e-02 7.412355638914225157e-03 1.404108269208535070e-02 1.242244003956682018e-02 4.226455814909497143e-03 9.313618437110595186e-03 5.074316251943013917e-03 1.995041301080379900e-02 1.273075292576082707e-02 2.041288234009480673e-02 5.022930770910679146e-03 2.979073262849581821e-02 9.287925696594426933e-03 1.226828359646981760e-02 7.874824968205233755e-03 7.052657271687884366e-03 8.607068072915997079e-04 1.586526726873321858e-02 2.273807535680793211e-03 2.514034659506956398e-02 1.717559703505774568e-02 4.406304998522667105e-03 1.180581426717880814e-02 2.659198643423300954e-03 8.542836221625578833e-03 6.410338758783705806e-03 1.951363642202895432e-02 1.631489022776614435e-03 4.020913890780159795e-03 1.064964094395128708e-02 1.008440065259560980e-02 6.718651644977711827e-03 1.246097915034107126e-03 1.833177035828526674e-02 1.350153514124584168e-02 1.066248731420936947e-03 
1.923101627635111568e-02 3.187184461030535820e-02 5.845098467428028535e-03 1.682874503808948772e-03 2.100381537196665052e-02 2.967511529617306541e-03 1.712421155402540918e-02 3.120383335688501139e-02 1.091941471937104115e-03 5.947869429492697209e-03 1.917963079531878265e-02 2.350885757229294933e-03 5.279858176072350397e-03 3.301517156327479514e-03 0.000000000000000000e+00 1.499171409118353615e-02 1.117634212453271284e-03 1.288490936885782964e-02 6.847115347558547019e-03 4.123684852844828469e-03 1.522294875582904002e-02 1.779222280744575599e-02 4.534768701103503163e-03 2.544865948126356914e-02 1.208843441285664677e-02 1.707282607299307614e-02 1.057256272240278579e-02 1.414385365415002024e-02 1.411816091363385199e-02 5.419883611885462082e-02 6.718651644977711827e-03 1.892270339015711053e-02 3.474943154811607759e-02 5.408321878653186456e-03 8.645607183690248373e-03 1.154888686201713775e-02 4.226455814909497143e-03 1.380984802743984684e-02 2.429248615803604808e-02 2.889148671042996927e-02 7.823439487172898985e-03 3.194892283185386123e-02 2.567989414590907474e-02 1.284637025808357912e-05 5.022930770910679146e-03 1.581388178770088554e-02 1.246097915034107126e-03 2.023303315648163764e-02 6.808576236784296375e-04 2.136351373919299218e-02 1.811338206389784614e-03 3.147360713230476937e-03 7.232506455301054328e-03 1.291060210937399616e-02 8.928227329368087009e-03 3.211592564520894424e-04 1.291060210937399616e-02 2.786377708978328080e-02 5.588171062266356418e-03 9.981629690530940263e-03 2.916126048584972204e-03 8.517143481109412315e-03 3.995221150263993277e-03 4.663232403684339222e-03 6.127718613105867171e-03 1.046979176033811625e-02 
1.671312770576673448e-02 1.178012152666264162e-02 1.619927289544339372e-02 2.768392790617011170e-02 2.376578497745461885e-03 4.354919517490333201e-03 1.231966907750215237e-02 4.303534036457998431e-03 1.748390992125175084e-02 7.155428233752553040e-03 9.493467620723764280e-03 8.619914443174081856e-03 1.400254358131110136e-03 1.774083732641342295e-02 1.499171409118353615e-02 0.000000000000000000e+00 3.558444561489151198e-03 1.576249630666855250e-02 3.211592564520894424e-04 8.183137854399238909e-03 2.082396618835348143e-02 1.321891499556800305e-02 4.509075960587335778e-03 5.279858176072350397e-03 2.248114795164626260e-03 9.519160361239930798e-03 1.463201572395719623e-02 7.065503641945968059e-04 2.556427681358632280e-03 2.621944169674858202e-02 1.234536181801831889e-02 2.020734041596546765e-02 2.919979959662397442e-02 9.108076512981257838e-03 1.679020592731523751e-02 2.222422054648458874e-03 1.339876417918117214e-02 1.306475855247099874e-02 9.377850288401012131e-04 1.154888686201713775e-02 3.815371966650822882e-03 1.486325038860270009e-02 2.824916819752578898e-02 2.400986601235820944e-02 5.408321878653186456e-03 1.583957452821705206e-02 1.401538995156918418e-02 3.198746194262810840e-03 3.044589751165808263e-03 6.037794021299282407e-04 8.093213262592654795e-04 2.839047827036470916e-03 4.945852549362177858e-03 1.858869776344693886e-02 1.041840627930578148e-02 6.924193569107049175e-03 8.234523335431573679e-03 2.110658633403132006e-02 1.298768033092249745e-02 3.455673599424482524e-03 6.808576236784296375e-04 1.144611589995246821e-02 1.108641753272612829e-02 2.287938542964685490e-02 1.347584240072967343e-02 1.239674729905065366e-02 
1.208843441285664677e-02 2.031011137803013719e-02 8.388679778528576256e-03 3.251416312320953850e-02 1.219120537492131631e-02 3.104967691378800881e-02 4.083861105044769846e-02 2.105520085299898356e-02 3.993936513238184605e-02 3.018897010649640878e-03 1.375846254640751207e-02 6.975579050139383078e-03 2.341893298048636218e-02 5.048623511426846532e-03 1.117634212453271284e-03 3.558444561489151198e-03 0.000000000000000000e+00 2.941818789101139590e-03 3.815371966650822882e-03 1.169019693485605620e-03 3.099829143275567578e-02 2.408694423390670900e-02 2.013026219441696810e-02 2.069550248577264537e-02 7.489433860462726446e-03 1.743252444021941433e-02 1.095795383014529223e-02 1.234536181801831889e-02 1.136903767840396692e-02 1.483755764808653357e-02 3.918142928715491122e-03 9.699009544853101628e-03 4.664517040710147028e-02 6.230489575170535844e-03 3.289955423095204667e-02 3.892450188199324170e-03 3.455673599424482524e-03 3.507059080456816861e-03 3.639376694115077637e-02 8.350140667754326479e-04 3.387587837056639517e-02 1.064964094395128708e-02 4.417866731754942905e-02 4.843081587297509184e-03 2.272522898654984885e-02 7.283891936333389099e-03 2.678468198810426276e-02 9.287925696594426933e-03 5.305550916588517782e-03 1.188289248872730942e-02 1.926955538712536817e-04 4.072299371812494566e-03 8.093213262592654795e-04 6.615880682913043154e-03 1.090656834911295746e-02 2.578266510797374081e-02 3.609830042521485535e-03 3.377310740850172910e-02 1.026424983620877890e-02 2.832624641907429200e-02 9.185154734529759127e-03 1.748390992125175084e-02 1.213981989388898154e-02 1.807484295312359462e-02 1.111211027324229481e-02 1.542849067995837736e-02 
3.224438934778978225e-03 8.979612810400421780e-03 4.303534036457998431e-03 2.196729314132291923e-03 1.699574785144457312e-02 2.020734041596546765e-02 7.052657271687884366e-03 5.639556543298691188e-03 2.331616201842169611e-02 1.709851881350924266e-02 4.714617884716673125e-03 2.146628470125765825e-02 1.178012152666264162e-02 7.026964531171717848e-03 1.288490936885782964e-02 1.576249630666855250e-02 2.941818789101139590e-03 0.000000000000000000e+00 2.429248615803604808e-02 2.665621828552342670e-02 1.014863250388602610e-03 4.046606631296327181e-03 8.594221702657913603e-03 1.984764204873912946e-02 1.670028133550865133e-04 7.386662898398057772e-03 3.053582210346466458e-02 1.054686998188661753e-02 1.429801009724702282e-02 1.373276980589134555e-02 9.544853101756099051e-03 9.750395025885436398e-03 2.439525712010071415e-02 4.329226776974165816e-03 1.216551263440514806e-02 2.273807535680793211e-03 1.984764204873912946e-02 1.861439050396310538e-02 1.003301517156327503e-02 1.982194930822296294e-02 7.001271790655550463e-03 1.373276980589134555e-02 6.037794021299282407e-04 1.357861336279434297e-02 1.231966907750215237e-02 2.402271238261629270e-03 2.110658633403132006e-02 1.429801009724702282e-02 9.442082139691429510e-03 9.570545842272265569e-03 1.425947098647277304e-03 3.815371966650822882e-03 1.117634212453271284e-03 3.763986485618488545e-03 1.026424983620877890e-02 3.455673599424482524e-03 3.275824415811312562e-03 3.481366339940649909e-03 4.431997739038834490e-03 4.406304998522667105e-03 1.194712434001772789e-03 7.386662898398057772e-03 1.483755764808653357e-02 3.763986485618488545e-03 4.020913890780159795e-03 1.267936744472849230e-02 
4.354919517490333201e-03 2.272522898654984885e-02 4.072299371812494566e-03 3.327209896843646899e-03 9.120922883239340447e-04 4.714617884716673125e-03 8.388679778528576256e-03 2.761969605487969194e-03 6.808576236784296375e-04 1.503025320195778593e-03 4.637539663168171837e-03 2.259676528396901626e-02 5.665249283814857706e-03 1.630204385750805979e-02 6.847115347558547019e-03 3.211592564520894424e-04 3.815371966650822882e-03 2.429248615803604808e-02 0.000000000000000000e+00 4.803257839497449694e-02 5.768020245879526380e-03 1.689297688937990705e-02 1.956502190306129083e-02 2.077258070732114492e-02 4.766003365749007896e-03 2.989350359056048775e-02 1.753529540228408387e-02 9.801780506917771169e-03 1.434939557827935759e-02 1.422093187569852153e-02 5.523939210975939039e-04 2.607813162390966617e-03 1.666174222473440145e-02 7.258199195817221713e-03 3.429980858908315573e-03 2.683606746913659580e-02 8.388679778528576256e-03 5.254165435556183879e-03 7.386662898398057772e-03 1.820330665570443068e-02 1.393831173002068290e-02 1.091941471937104115e-03 5.074316251943013917e-03 7.412355638914225157e-03 5.048623511426846532e-03 6.127718613105867171e-03 7.797746746656732467e-03 1.091941471937104115e-03 5.228472695040016494e-03 1.640481481957272933e-02 1.740683169970324781e-02 3.995221150263993277e-03 6.770037126010045730e-03 2.068265611551456298e-03 7.258199195817221713e-03 3.725447374844237792e-04 1.640481481957272933e-02 1.169019693485605620e-03 1.319322225505183480e-02 2.483203370887555883e-02 5.151394473491515205e-03 1.914109168454453287e-03 4.714617884716673125e-03 2.607813162390966617e-03 4.149377593360995854e-03 2.479349459810130558e-03 
1.231966907750215237e-02 1.106072479220996177e-02 1.117634212453271284e-03 2.222422054648458874e-03 1.504309957221587092e-02 2.105520085299898356e-02 3.404288118392148187e-03 1.224259085595365108e-02 1.291060210937399616e-02 1.023855709569261238e-02 3.378595377875981236e-03 3.400434207314723123e-02 2.299500276196960596e-03 1.427231735673085630e-02 4.123684852844828469e-03 8.183137854399238909e-03 1.169019693485605620e-03 2.665621828552342670e-02 4.803257839497449694e-02 0.000000000000000000e+00 9.673316804336935110e-03 4.586154182135837934e-03 6.718651644977711827e-03 9.339311177626761704e-03 8.350140667754326479e-04 9.699009544853101628e-03 1.167735056459797208e-02 1.091941471937104115e-03 1.156173323227522036e-04 1.057256272240278579e-02 2.038718959957864021e-02 8.953920069884253527e-03 1.175442878614647510e-02 6.847115347558547019e-03 9.416389399175262992e-03 7.797746746656732467e-03 8.979612810400421780e-03 1.612219467389489069e-02 8.093213262592654795e-04 2.940534152075331004e-02 2.524311755713423006e-02 2.526881029765040004e-02 5.536785581234022514e-03 2.842901738113895807e-02 5.511092840717855129e-03 2.249399432190434672e-02 5.048623511426846532e-03 1.121488123530696435e-02 9.416389399175262992e-03 2.257107254345284628e-02 2.061842426422414234e-02 1.172873604563030685e-02 1.049548450085428276e-02 1.627635111699189327e-02 1.853731228241460235e-02 1.088087560859679094e-02 1.477332579679611424e-03 5.202779954523849108e-03 9.365003918142928221e-03 7.463741119946559061e-03 2.701591665274976489e-02 1.491463586963503486e-02 2.747838598204077609e-02 2.005318397286846507e-02 8.311601556980074967e-03 2.593682155107074339e-02 
1.052117724137045102e-02 1.514587053428053873e-02 1.951363642202895432e-02 2.532019577868273308e-02 7.283891936333389099e-03 7.438048379430391675e-03 3.038166566036766200e-02 1.789499376951042553e-02 1.231966907750215237e-02 3.757563300489446395e-02 9.801780506917771169e-03 1.411816091363385199e-02 8.106059632850737620e-03 2.582120421874799232e-03 1.522294875582904002e-02 2.082396618835348143e-02 3.099829143275567578e-02 1.014863250388602610e-03 5.768020245879526380e-03 9.673316804336935110e-03 0.000000000000000000e+00 1.707282607299307614e-02 1.578818904718471902e-02 2.325193016713127548e-03 2.573127962694140777e-02 8.093213262592654795e-04 5.780866616137610723e-04 7.386662898398057772e-03 3.035597291985149548e-02 2.981642536901198473e-02 3.051012936294849806e-02 2.145343833099957586e-03 2.300784913222768749e-02 5.536785581234022514e-03 8.440065259560911026e-03 3.841064707166989833e-03 3.557159924463342698e-02 5.202779954523849108e-03 2.056703878319180931e-02 3.095975232198142600e-03 2.953380522333414610e-02 1.481186490757036532e-02 2.973934714746348518e-02 2.406125149339054248e-02 6.127718613105867171e-03 4.813534935703916995e-02 1.496602135066736963e-02 4.611846922652004452e-03 2.105520085299898356e-02 1.563403260408771644e-02 5.639556543298691188e-03 6.808576236784296375e-04 1.442647379982785888e-02 4.715902521742481451e-02 5.010084400652595671e-04 2.745269324152460610e-02 8.106059632850737620e-03 2.917410685610780791e-02 7.823439487172898985e-03 2.633505902907133569e-03 6.795729866526213116e-03 7.129735493236385654e-03 8.131752373366905873e-03 2.119651092583790634e-03 8.350140667754326479e-04 9.313618437110595186e-03 
2.519173207610189702e-02 1.601942371183022115e-02 4.997238030394511761e-03 3.532751820972984246e-03 2.154336292280616127e-02 1.447785928086019365e-02 1.820330665570443068e-02 2.582120421874799232e-03 2.765823516565394519e-02 1.321891499556800305e-02 2.839047827036470916e-03 2.383001682874503688e-02 1.768945184538108645e-02 1.494032861015120138e-02 1.779222280744575599e-02 1.321891499556800305e-02 2.408694423390670900e-02 4.046606631296327181e-03 1.689297688937990705e-02 4.586154182135837934e-03 1.707282607299307614e-02 0.000000000000000000e+00 1.458063024292486146e-02 4.611846922652004452e-03 1.686728414886373706e-02 1.352722788176200820e-02 1.784360828847808902e-02 1.116349575427462958e-02 1.285921662834166139e-02 3.788394589108847604e-02 1.537710519892604259e-02 5.209203139652891085e-02 3.824364425831481423e-02 4.834089128116850903e-02 1.255090374214765624e-02 3.198746194262810840e-03 2.244260884087201022e-02 3.725447374844237792e-04 1.265367470421232404e-02 2.989350359056048775e-02 1.758668088331642038e-02 2.734992227945994003e-02 3.636807420063461332e-02 1.545418342047454562e-02 4.868774327813676570e-03 2.416402245545521202e-02 1.427231735673085630e-02 3.492928073172924669e-02 1.810053569363976114e-02 2.822347545700962246e-02 1.527433423686137479e-02 6.641573423429209672e-03 5.408321878653186456e-03 2.645067636139408762e-02 2.598820703210307989e-02 2.609097799416774943e-02 1.699574785144457312e-02 3.104967691378800881e-02 3.584137302005318583e-03 6.230489575170535844e-03 1.265367470421232404e-02 9.647624063820766857e-03 2.683606746913659580e-02 3.906581195483216362e-02 8.350140667754326479e-04 2.971365440694731866e-02 
9.313618437110595186e-03 1.547987616099071213e-02 1.425947098647277304e-03 3.009904551468982337e-02 1.714990429454157569e-02 1.147180864046863473e-02 3.516051539637475576e-02 4.920159808846010473e-03 2.074688796680497840e-02 1.355292062227817472e-02 3.558444561489151198e-03 5.356936397620852552e-03 1.966779286512596037e-02 1.339876417918117214e-02 4.534768701103503163e-03 4.509075960587335778e-03 2.013026219441696810e-02 8.594221702657913603e-03 1.956502190306129083e-02 6.718651644977711827e-03 1.578818904718471902e-02 1.458063024292486146e-02 0.000000000000000000e+00 1.837030946905951782e-03 2.350885757229294933e-03 2.776100612771861473e-02 1.594234549028172160e-02 2.697737754197551598e-04 2.529450303816656656e-02 2.290507817016302142e-02 1.303906581195483222e-02 7.694975784592063793e-03 2.578266510797374081e-02 8.028981411302236332e-03 5.768020245879526380e-03 7.643590303559729023e-03 2.171036573616124971e-03 9.133769253497424356e-03 9.313618437110595186e-03 5.356936397620852552e-03 2.697737754197551598e-04 2.813355086520303531e-03 9.416389399175262992e-03 3.969528409747825892e-03 2.222422054648458874e-03 2.633505902907133569e-03 2.383001682874503688e-02 6.102025872589699786e-03 2.941818789101139590e-03 1.091941471937104115e-03 1.149750138098480298e-02 1.707282607299307614e-02 1.766375910486491993e-02 1.429801009724702282e-02 2.697737754197551598e-04 1.413100728389193720e-04 8.362987038012409738e-03 2.144059196074149173e-02 7.065503641945968059e-04 2.607813162390966617e-03 1.124057397582313086e-02 1.117634212453271284e-03 1.939801908970620456e-03 7.104042752720219137e-03 1.170304330511414033e-02 3.275824415811312562e-03 
2.359878216409953475e-02 7.258199195817221713e-03 1.630204385750805979e-02 1.255090374214765624e-02 4.843081587297509184e-03 6.924193569107049175e-03 1.833177035828526674e-02 1.478617216705419880e-02 2.418971519597137854e-02 2.182598306848399991e-02 2.228845239777500764e-02 2.697737754197551598e-04 1.781791554796192251e-02 9.236540215562092163e-03 2.544865948126356914e-02 5.279858176072350397e-03 2.069550248577264537e-02 1.984764204873912946e-02 2.077258070732114492e-02 9.339311177626761704e-03 2.325193016713127548e-03 4.611846922652004452e-03 1.837030946905951782e-03 0.000000000000000000e+00 1.869146872551160840e-02 1.437508831879552411e-02 2.863455930526829715e-02 1.912824531428644961e-02 7.566512082011227734e-03 3.171768816720835216e-02 1.095795383014529223e-02 2.719576583636293399e-02 2.352170394255103172e-02 5.896483948460362438e-03 7.592204822527395119e-03 1.388692624898834813e-02 2.899425767249463534e-02 1.648189304112123235e-02 1.116349575427462958e-02 3.481366339940649909e-03 4.097992112328661951e-03 1.771514458589725644e-02 2.393278779080970642e-02 2.508896111403722748e-02 2.370155312616420082e-02 3.327209896843646899e-03 1.116349575427462958e-02 3.544313554205259092e-02 3.305371067404904578e-02 2.710584124455634857e-03 5.356936397620852552e-03 9.159461994013590874e-03 1.198566345079197897e-02 2.783808434926711428e-02 9.120922883239340447e-04 1.278213840679316010e-02 9.365003918142928221e-03 3.783256041005613607e-02 2.097812263145048400e-02 6.076333132073532400e-03 1.378415528692368032e-02 3.189753735082152819e-02 2.164613388487083082e-02 1.220405174517939957e-03 1.576249630666855250e-02 3.259124134475804152e-02 
