1.000000 0.182470 0.151577 0.200594 0.175697 0.013667 0.209633 0.580017 0.344999 0.214519 0.116942 0.083379 0.381907 0.104881 0.768506 0.305037 0.211662 0.184035 0.285165 0.345582 0.152580 0.253084 0.309485 0.227314 0.159190 0.043307 0.152042 0.221180 0.148002 0.632420 0.707920 0.151809 0.510171 0.319553 0.164151 0.156176 0.242929 0.119481 -0.002129 0.221836 0.284292 0.234395 0.306971 0.132329 0.057259 0.199301 -0.018698 0.308892 0.313884 0.187404 0.236814 0.219810 0.305380 0.227680 0.277522 0.259912 0.276151 0.350683 0.038871 0.061577 0.199259 0.168797 0.238720 0.371217 0.064317 0.259401 
0.182470 1.000000 0.262596 0.169257 0.166656 0.094897 0.060054 0.149925 0.125461 0.106374 -0.025742 0.195404 0.031889 0.146839 0.167208 0.231955 0.065446 0.167128 0.102731 0.092358 0.073864 0.130678 0.333356 0.222027 0.184733 0.064322 0.359531 0.729854 0.199132 0.060815 0.187235 0.075860 0.082935 0.235261 0.585993 0.038116 0.139396 0.116224 0.112147 0.081751 0.182849 0.118343 -0.036713 0.002360 0.305405 0.046573 0.222905 0.196995 0.182058 0.082589 0.245478 0.219405 0.202836 0.032413 0.138242 0.230437 0.114050 0.094157 0.111076 0.068992 0.447090 -0.000760 0.256565 0.191838 0.165636 0.241893 
0.151577 0.262596 1.000000 0.048048 0.035067 0.093960 -0.047145 0.145209 0.051460 0.073148 -0.069665 0.074406 0.015137 0.112887 0.127571 0.160104 -0.045718 0.203733 -0.038710 0.029801 -0.006964 0.128701 0.234094 0.503089 0.021172 0.072457 0.144537 0.103556 0.074820 0.117598 0.150304 0.055900 0.129901 0.109589 0.075808 0.162739 0.041736 0.025006 0.023370 0.028610 0.115055 0.046268 0.034364 -0.058993 0.189694 0.011740 0.147317 0.082847 0.067833 0.052835 0.114860 0.114292 0.106363 0.017133 0.188125 0.112910 0.155788 0.079195 0.182476 0.035842 0.064356 0.090573 0.118490 0.151234 -0.000966 0.126202 
0.200594 0.169257 0.048048 1.000000 0.245126 0.076782 0.323006 0.370097 0.287666 0.471463 0.510234 0.160136 0.598550 0.122286 0.233283 0.200860 0.293407 0.076669 0.127238 -0.043898 0.886481 0.175365 0.230833 0.191690 0.562140 0.038855 0.123849 0.108682 0.319167 0.101810 0.249965 0.066119 0.206586 0.349835 0.196016 -0.026860 0.479381 0.145357 0.004491 0.320590 0.407376 0.304117 0.329168 0.453214 0.167059 0.404339 0.143828 0.225857 0.133349 0.236252 0.041078 0.182023 0.126289 0.463308 0.123221 0.214987 0.080461 0.256167 0.062651 0.081618 0.127095 0.034347 0.127868 0.176277 0.109272 0.142319 
0.175697 0.166656 0.035067 0.245126 1.000000 -0.019123 0.681979 0.193390 0.415230 0.116682 0.164973 0.343358 0.277500 0.051287 0.229158 0.134481 0.599291 0.080921 0.121182 -0.037969 0.246593 0.168990 0.288389 0.186949 0.139553 0.000309 0.094586 0.080147 0.095331 0.283064 0.171517 0.686778 0.222934 0.119226 0.144715 0.044469 0.236600 0.108975 -0.022152 0.135662 0.146933 0.128791 0.205655 0.195338 0.015420 0.180946 0.010025 0.125071 0.125521 0.116813 0.085828 0.105672 0.034930 0.170144 0.118594 0.202555 0.178855 0.142498 0.014387 0.045993 0.103289 0.025719 0.161019 0.226361 0.098802 0.181492 
0.013667 0.094897 0.093960 0.076782 -0.019123 1.000000 -0.021719 0.033999 -0.020223 0.031879 0.012536 -0.054411 0.023391 0.282822 -0.032686 0.081242 0.020694 0.078657 -0.070675 -0.003027 0.039828 0.054237 0.066247 0.096777 0.063739 0.488803 0.127367 0.261484 0.049836 0.074162 0.066996 0.000007 0.102447 0.007701 0.149910 0.075018 0.007864 0.068146 0.623974 0.077026 0.020213 0.032267 0.005792 0.002851 0.169687 0.052573 0.280133 0.079592 0.071483 0.093410 0.147572 0.094146 -0.007005 0.033274 0.066306 0.080049 0.063142 0.069197 0.428980 0.137752 0.161880 0.092344 0.119062 0.057375 0.127966 0.133020 
0.209633 0.060054 -0.047145 0.323006 0.681979 -0.021719 1.000000 0.258585 0.787042 0.152033 0.306302 0.142511 0.467721 0.121465 0.403040 0.178014 0.888613 0.037942 0.180128 -0.098390 0.326622 0.108132 0.221970 0.114295 0.196190 -0.024346 0.084118 0.091110 0.142966 0.269183 0.129729 0.537267 0.195428 0.196016 0.089849 0.061888 0.327261 0.069616 -0.005322 0.178225 0.247788 0.164391 0.392013 0.308043 0.015643 0.261238 0.066085 0.153277 0.135306 0.121456 0.104886 0.090616 0.039628 0.269761 0.047573 0.201860 0.150901 0.261250 0.020636 0.022263 0.039815 0.012664 0.162620 0.233045 0.073219 0.198999 
0.580017 0.149925 0.145209 0.370097 0.193390 0.033999 0.258585 1.000000 0.341973 0.354310 0.386317 0.120126 0.439197 0.096196 0.598226 0.243687 0.217602 0.183025 0.110787 0.170835 0.373426 0.238824 0.282333 0.238521 0.423176 0.041524 0.119358 0.130696 0.246350 0.249851 0.513740 0.132165 0.247979 0.307042 0.154113 0.123759 0.366406 0.168365 -0.037475 0.259027 0.345398 0.283677 0.293377 0.307297 0.075063 0.301794 0.005901 0.271035 0.237551 0.226494 0.152976 0.166316 0.247425 0.392939 0.178543 0.265083 0.250369 0.264038 -0.009234 0.004350 0.155782 0.108164 0.198721 0.269252 0.095168 0.177201 
0.344999 0.125461 0.051460 0.287666 0.415230 -0.020223 0.787042 0.341973 1.000000 0.150253 0.321299 0.082143 0.519850 0.154274 0.647422 0.157496 0.584399 0.090727 0.255923 0.030005 0.292431 0.102059 0.191548 0.130296 0.179376 0.003973 0.074047 0.153618 0.117794 0.333748 0.179734 0.431020 0.235363 0.286394 0.124031 0.096101 0.325036 0.069127 -0.032188 0.237014 0.303446 0.241025 0.341627 0.252322 0.083471 0.296802 0.085831 0.262425 0.132699 0.113404 0.130729 0.109067 0.121396 0.313984 0.046837 0.164608 0.136953 0.279591 0.039568 0.034971 0.098009 0.033517 0.215183 0.248453 0.079867 0.207632 
0.214519 0.106374 0.073148 0.471463 0.116682 0.031879 0.152033 0.354310 0.150253 1.000000 0.301408 0.054502 0.522378 0.096200 0.207561 0.239868 0.126696 0.076759 0.044362 0.003936 0.481420 0.288254 0.207256 0.229960 0.693914 0.011502 0.224350 0.105931 0.284626 0.121535 0.368404 -0.026916 0.257539 0.333662 0.092737 0.070227 0.325146 0.172575 -0.059669 0.362516 0.298004 0.359982 0.257107 0.294147 0.072454 0.304307 0.032170 0.239247 0.129626 0.334769 0.076030 0.129416 0.106239 0.320096 0.253980 0.122367 0.170840 0.188386 -0.004509 0.070870 0.122895 0.135260 0.216589 0.231454 0.104223 0.253055 
0.116942 -0.025742 -0.069665 0.510234 0.164973 0.012536 0.306302 0.386317 0.321299 0.301408 1.000000 0.033485 0.485253 0.023965 0.317942 -0.001888 0.281549 0.008595 -0.018383 -0.066832 0.671116 0.051860 0.048735 -0.002836 0.405887 0.009850 -0.005933 -0.047722 0.159208 0.047693 0.129316 0.067254 0.129445 0.248610 0.016984 -0.051184 0.375478 0.103762 -0.007518 0.298114 0.362956 0.322476 0.345586 0.617825 0.099389 0.370853 0.064384 0.178262 0.025709 0.187791 -0.034510 0.089149 0.036925 0.511382 0.017905 0.077996 0.086404 0.252944 0.041180 -0.019394 0.012412 0.062898 -0.000918 0.040156 0.035576 0.009654 
0.083379 0.195404 0.074406 0.160136 0.343358 -0.054411 0.142511 0.120126 0.082143 0.054502 0.033485 1.000000 0.132369 0.359709 0.121260 0.008629 0.096457 0.058074 0.257645 0.166590 0.142611 0.021583 0.059561 0.060832 0.071787 0.201090 0.122065 0.069410 0.071283 0.073586 0.065404 0.220625 0.085130 0.058206 0.192249 0.116725 0.123802 0.075683 0.007336 0.098394 0.122132 0.092398 0.087895 0.070963 -0.028829 0.151624 0.018480 0.107869 0.003764 0.069271 0.136643 0.048162 0.077740 0.098976 -0.013761 0.056374 -0.003446 0.044187 -0.015930 0.031076 0.139056 -0.080005 0.066388 0.057534 0.093298 0.065141 
0.381907 0.031889 0.015137 0.598550 0.277500 0.023391 0.467721 0.439197 0.519850 0.522378 0.485253 0.132369 1.000000 0.143505 0.515344 0.185931 0.391559 0.027556 0.166120 0.046397 0.705400 0.166143 0.155013 0.137257 0.413330 0.016104 0.063864 0.028620 0.210969 0.250015 0.263050 0.109903 0.321839 0.363926 0.025270 0.100372 0.511173 0.146662 -0.067864 0.408604 0.512201 0.400686 0.495716 0.445374 0.093465 0.496974 0.078182 0.277133 0.168266 0.253617 0.043122 0.155670 0.138532 0.542029 0.132365 0.148795 0.188742 0.425553 0.034767 0.045211 0.025354 0.101677 0.137520 0.214531 0.087734 0.162459 
0.104881 0.146839 0.112887 0.122286 0.051287 0.282822 0.121465 0.096196 0.154274 0.096200 0.023965 0.359709 0.143505 1.000000 0.158435 0.130313 0.125750 0.073570 0.142297 0.037969 0.075354 -0.002589 0.088368 0.017141 0.140190 0.558426 0.160201 0.046789 0.120451 0.071767 0.121662 0.057892 0.079643 0.091155 0.102060 0.149549 0.065596 0.082920 0.201922 0.092792 0.117216 0.058817 0.145217 0.047360 0.282476 0.090396 0.575190 0.078018 0.116598 0.112428 0.181953 0.103000 0.030056 0.028671 0.109229 0.094370 0.057774 0.202551 0.553491 0.050176 0.056011 0.050784 0.101306 0.115621 0.135298 0.089783 
0.768506 0.167208 0.127571 0.233283 0.229158 -0.032686 0.403040 0.598226 0.647422 0.207561 0.317942 0.121260 0.515344 0.158435 1.000000 0.217450 0.320252 0.147903 0.353010 0.255136 0.258185 0.147565 0.236980 0.178472 0.180130 0.035802 0.108819 0.227027 0.070548 0.463855 0.414642 0.182578 0.364569 0.359599 0.182284 0.170478 0.311894 0.099964 -0.045539 0.252315 0.364751 0.273228 0.377122 0.233353 0.102321 0.297140 0.012170 0.325281 0.252404 0.118551 0.209391 0.166195 0.266100 0.324932 0.181580 0.215691 0.260593 0.396804 0.038737 0.077180 0.227164 0.111543 0.205031 0.307455 0.051181 0.211980 
0.305037 0.231955 0.160104 0.200860 0.134481 0.081242 0.178014 0.243687 0.157496 0.239868 -0.001888 0.008629 0.185931 0.130313 0.217450 1.000000 0.208951 0.170240 0.207443 0.117661 0.063314 0.547011 0.684897 0.397298 0.353711 0.105323 0.309969 0.262039 0.446885 0.149393 0.322910 0.053518 0.176347 0.346293 0.205224 0.173631 0.119512 0.201648 0.014986 0.279388 0.222598 0.274399 0.171867 0.065243 0.105161 0.212394 0.112829 0.311206 0.579000 0.330765 0.322005 0.319305 0.310945 0.126163 0.303023 0.466840 0.262739 0.242638 0.126158 0.133769 0.213830 0.198577 0.307133 0.404137 0.102148 0.265790 
0.211662 0.065446 -0.045718 0.293407 0.599291 0.020694 0.888613 0.217602 0.584399 0.126696 0.281549 0.096457 0.391559 0.125750 0.320252 0.208951 1.000000 0.042188 0.146663 -0.115238 0.276402 0.102928 0.243841 0.113480 0.166339 0.014346 0.102478 0.101864 0.152371 0.270666 0.128210 0.452915 0.205808 0.151742 0.093551 0.071035 0.256325 0.082501 0.067180 0.173285 0.194449 0.136505 0.393367 0.298639 0.057510 0.231178 0.109193 0.131138 0.194886 0.164715 0.144271 0.129117 0.025665 0.199940 0.094191 0.284216 0.216610 0.269537 0.072714 0.077222 0.049477 0.035963 0.150050 0.217496 0.081410 0.214752 
0.184035 0.167128 0.203733 0.076669 0.080921 0.078657 0.037942 0.183025 0.090727 0.076759 0.008595 0.058074 0.027556 0.073570 0.147903 0.170240 0.042188 1.000000 0.063254 0.421737 -0.024572 0.202131 0.183990 0.399893 0.062645 0.085048 0.131575 0.112965 0.072225 0.178516 0.198821 0.112470 0.266402 0.160789 0.206876 0.074125 0.061499 0.022864 0.036474 0.057866 0.101849 0.039561 0.070741 -0.011546 0.236613 0.090315 0.130309 0.102092 0.138888 0.111038 0.164711 0.068190 0.145369 0.064109 0.178814 0.137838 0.126252 0.079001 0.222022 0.112717 0.125960 0.156097 0.103148 0.144451 0.024711 0.139226 
0.285165 0.102731 -0.038710 0.127238 0.121182 -0.070675 0.180128 0.110787 0.255923 0.044362 -0.018383 0.257645 0.166120 0.142297 0.353010 0.207443 0.146663 0.063254 1.000000 0.377870 0.067957 0.067314 0.195241 0.043478 0.074174 0.143278 0.083552 0.190936 0.081701 0.211593 0.122983 0.087542 0.118362 0.163531 0.178291 0.163490 0.137189 0.071946 -0.040678 0.085468 0.177015 0.149655 0.150980 0.009819 0.009759 0.126816 0.020779 0.204234 0.194479 0.049475 0.068619 0.240446 0.128890 0.083732 0.104462 0.139629 0.083049 0.144528 0.006323 0.139793 0.183278 -0.008804 0.110797 0.156305 0.038239 0.111893 
0.345582 0.092358 0.029801 -0.043898 -0.037969 -0.003027 -0.098390 0.170835 0.030005 0.003936 -0.066832 0.166590 0.046397 0.037969 0.255136 0.117661 -0.115238 0.421737 0.377870 1.000000 -0.065438 0.067848 0.129837 0.063333 -0.024711 0.059485 0.124736 0.136164 0.005931 0.139810 0.190706 -0.057123 0.130445 0.181058 0.138281 0.164142 0.053376 0.068216 -0.004311 0.057464 0.091654 0.092666 0.040508 -0.073774 0.037797 0.074771 -0.004284 0.198117 0.165631 0.090939 0.138844 0.104944 0.261779 0.049561 0.095107 0.125432 0.087441 0.046599 0.009952 0.104590 0.182924 0.085689 0.137984 0.116580 -0.018588 0.127571 
0.152580 0.073864 -0.006964 0.886481 0.246593 0.039828 0.326622 0.373426 0.292431 0.481420 0.671116 0.142611 0.705400 0.075354 0.258185 0.063314 0.276402 -0.024572 0.067957 -0.065438 1.000000 0.071508 0.109008 0.087480 0.565961 -0.021986 0.018122 -0.006699 0.244841 0.033186 0.156677 0.057399 0.122220 0.345408 0.084471 -0.031058 0.475968 0.098869 -0.039403 0.364651 0.489199 0.384910 0.347573 0.527726 0.164959 0.455564 0.128890 0.229848 0.037906 0.194765 -0.025161 0.142800 0.080495 0.520203 0.037942 0.095019 0.043404 0.257727 0.017845 0.003729 0.032831 0.027357 0.049979 0.086907 0.064186 0.057992 
0.253084 0.130678 0.128701 0.175365 0.168990 0.054237 0.108132 0.238824 0.102059 0.288254 0.051860 0.021583 0.166143 -0.002589 0.147565 0.547011 0.102928 0.202131 0.067314 0.067848 0.071508 1.000000 0.364869 0.674271 0.284821 -0.011888 0.341652 0.174246 0.344409 0.191985 0.357824 0.114462 0.318942 0.283142 0.099629 0.131419 0.123162 0.121008 0.012696 0.193245 0.212064 0.172939 0.233599 0.056499 0.082541 0.190302 0.003194 0.226766 0.217213 0.220198 0.256748 0.163143 0.279003 0.146217 0.434224 0.172801 0.341507 0.187715 0.029266 0.107083 0.131985 0.224196 0.266695 0.357902 0.099044 0.310939 
0.309485 0.333356 0.234094 0.230833 0.288389 0.066247 0.221970 0.282333 0.191548 0.207256 0.048735 0.059561 0.155013 0.088368 0.236980 0.684897 0.243841 0.183990 0.195241 0.129837 0.109008 0.364869 1.000000 0.379880 0.249536 0.110093 0.210462 0.258983 0.267380 0.186770 0.321997 0.127673 0.206454 0.272416 0.283103 0.166355 0.176632 0.315539 0.068564 0.266693 0.208325 0.247631 0.172033 0.104732 0.049810 0.211941 0.039369 0.313553 0.536185 0.356161 0.256305 0.281783 0.266465 0.141091 0.264173 0.696028 0.289807 0.193461 0.090940 0.094407 0.241942 0.178819 0.324266 0.302287 0.218587 0.274717 
0.227314 0.222027 0.503089 0.191690 0.186949 0.096777 0.114295 0.238521 0.130296 0.229960 -0.002836 0.060832 0.137257 0.017141 0.178472 0.397298 0.113480 0.399893 0.043478 0.063333 0.087480 0.674271 0.379880 1.000000 0.181022 0.024384 0.188334 0.192907 0.164472 0.171701 0.217675 0.101005 0.308891 0.224209 0.179967 0.074840 0.184383 0.108148 0.005186 0.139338 0.205211 0.136146 0.197598 0.052416 0.165440 0.153821 0.057965 0.161035 0.146855 0.150955 0.225801 0.126291 0.213811 0.141370 0.377699 0.197410 0.314550 0.132401 0.073764 0.056921 0.166229 0.102654 0.182419 0.280325 0.104392 0.254142 
0.159190 0.184733 0.021172 0.562140 0.139553 0.063739 0.196190 0.423176 0.179376 0.693914 0.405887 0.071787 0.413330 0.140190 0.180130 0.353711 0.166339 0.062645 0.074174 -0.024711 0.565961 0.284821 0.249536 0.181022 1.000000 0.056082 0.295568 0.175963 0.497326 0.036739 0.319193 0.005326 0.133090 0.460499 0.171539 0.066686 0.271850 0.174577 0.013276 0.386745 0.312981 0.406324 0.225930 0.329405 0.182239 0.321575 0.186904 0.348552 0.205464 0.324973 0.141611 0.235896 0.128791 0.294852 0.160468 0.178291 0.143214 0.202052 0.089291 0.031874 0.175822 0.109335 0.239208 0.295160 0.107004 0.224401 
0.043307 0.064322 0.072457 0.038855 0.000309 0.488803 -0.024346 0.041524 0.003973 0.011502 0.009850 0.201090 0.016104 0.558426 0.035802 0.105323 0.014346 0.085048 0.143278 0.059485 -0.021986 -0.011888 0.110093 0.024384 0.056082 1.000000 0.103939 0.073962 0.082032 0.083180 0.044596 -0.005363 0.100543 -0.039819 0.043208 0.182511 -0.026780 0.040540 0.437929 0.012702 -0.035881 -0.029986 0.027570 -0.026886 0.092548 0.008164 0.251764 -0.002049 0.138451 0.044278 0.232004 0.027291 -0.015567 -0.030524 0.093475 0.149379 0.106203 0.063151 0.588052 0.033709 0.042491 0.006750 0.094402 0.027850 0.047276 0.114076 
0.152042 0.359531 0.144537 0.123849 0.094586 0.127367 0.084118 0.119358 0.074047 0.224350 -0.005933 0.122065 0.063864 0.160201 0.108819 0.309969 0.102478 0.131575 0.083552 0.124736 0.018122 0.341652 0.210462 0.188334 0.295568 0.103939 1.000000 0.449511 0.324828 0.135102 0.298662 0.046420 0.156005 0.243422 0.162462 0.172377 0.080406 0.142816 0.126452 0.141231 0.089987 0.140964 0.053137 -0.008450 0.191475 0.085538 0.175879 0.230206 0.192316 0.204576 0.243595 0.176039 0.195566 -0.006519 0.241444 0.181120 0.182862 0.089569 0.140626 0.081316 0.176206 0.121625 0.234416 0.233000 0.115088 0.240151 
0.221180 0.729854 0.103556 0.108682 0.080147 0.261484 0.091110 0.130696 0.153618 0.105931 -0.047722 0.069410 0.028620 0.046789 0.227027 0.262039 0.101864 0.112965 0.190936 0.136164 -0.006699 0.174246 0.258983 0.192907 0.175963 0.073962 0.449511 1.000000 0.192075 0.106377 0.196502 0.031350 0.110290 0.206682 0.492836 0.068075 0.127535 0.089064 0.256126 0.098905 0.134757 0.104840 -0.003266 0.006869 0.181735 0.094141 0.129237 0.206843 0.238246 0.107803 0.213465 0.177262 0.109235 0.046291 0.155814 0.192436 0.196651 0.124474 0.072527 0.149760 0.509737 0.044044 0.250589 0.145279 0.128583 0.275952 
0.148002 0.199132 0.074820 0.319167 0.095331 0.049836 0.142966 0.246350 0.117794 0.284626 0.159208 0.071283 0.210969 0.120451 0.070548 0.446885 0.152371 0.072225 0.081701 0.005931 0.244841 0.344409 0.267380 0.164472 0.497326 0.082032 0.324828 0.192075 1.000000 0.104722 0.232150 0.057748 0.162574 0.293012 0.161265 0.092881 0.166437 0.162517 0.048756 0.256470 0.227729 0.248416 0.153826 0.225069 0.224666 0.230528 0.255894 0.224288 0.298876 0.259846 0.112569 0.250251 0.113145 0.213450 0.144453 0.254532 0.130819 0.146054 0.181598 0.057939 0.148613 0.098497 0.190920 0.228674 0.092455 0.166259 
0.632420 0.060815 0.117598 0.101810 0.283064 0.074162 0.269183 0.249851 0.333748 0.121535 0.047693 0.073586 0.250015 0.071767 0.463855 0.149393 0.270666 0.178516 0.211593 0.139810 0.033186 0.191985 0.186770 0.171701 0.036739 0.083180 0.135102 0.106377 0.104722 1.000000 0.463818 0.371764 0.851007 0.117115 0.050074 0.091120 0.167557 0.044479 0.070635 0.145036 0.122515 0.116098 0.285108 0.087375 0.019585 0.155335 0.020097 0.166860 0.184116 0.145761 0.098805 0.139227 0.155730 0.153997 0.171253 0.176507 0.181793 0.254452 0.067555 -0.011733 0.050056 0.105989 0.193547 0.250535 0.054532 0.249643 
0.707920 0.187235 0.150304 0.249965 0.171517 0.066996 0.129729 0.513740 0.179734 0.368404 0.129316 0.065404 0.263050 0.121662 0.414642 0.322910 0.128210 0.198821 0.122983 0.190706 0.156677 0.357824 0.321997 0.217675 0.319193 0.044596 0.298662 0.196502 0.232150 0.463818 1.000000 0.124418 0.445060 0.303562 0.124513 0.096678 0.192875 0.139658 0.038705 0.184408 0.241525 0.182106 0.209783 0.119135 0.093254 0.149222 0.023987 0.270199 0.280417 0.231466 0.210723 0.207211 0.248988 0.158595 0.333515 0.253878 0.270305 0.252239 0.100367 0.058373 0.141702 0.190726 0.257162 0.375533 0.095789 0.288036 
0.151809 0.075860 0.055900 0.066119 0.686778 0.000007 0.537267 0.132165 0.431020 -0.026916 0.067254 0.220625 0.109903 0.057892 0.182578 0.053518 0.452915 0.112470 0.087542 -0.057123 0.057399 0.114462 0.127673 0.101005 0.005326 -0.005363 0.046420 0.031350 0.057748 0.371764 0.124418 1.000000 0.189675 0.038778 0.065055 0.044989 0.088631 0.068875 0.020023 0.166347 0.062281 0.144604 0.088222 0.062458 0.028187 0.104601 0.063009 0.150291 0.074673 0.137992 0.105436 0.064404 0.011006 0.047044 0.060715 0.123181 0.117492 0.074787 0.013440 0.040004 0.013904 0.004630 0.162659 0.184383 0.106550 0.147039 
0.510171 0.082935 0.129901 0.206586 0.222934 0.102447 0.195428 0.247979 0.235363 0.257539 0.129445 0.085130 0.321839 0.079643 0.364569 0.176347 0.205808 0.266402 0.118362 0.130445 0.122220 0.318942 0.206454 0.308891 0.133090 0.100543 0.156005 0.110290 0.162574 0.851007 0.445060 0.189675 1.000000 0.173263 0.049847 0.067768 0.221565 0.116566 0.069731 0.190771 0.172212 0.156322 0.364660 0.166554 0.046918 0.227410 0.021131 0.175685 0.180341 0.220461 0.049942 0.137746 0.168388 0.236757 0.251744 0.173803 0.221144 0.263964 0.121227 -0.015487 0.066291 0.155011 0.235762 0.242579 0.096306 0.331787 
0.319553 0.235261 0.109589 0.349835 0.119226 0.007701 0.196016 0.307042 0.286394 0.333662 0.248610 0.058206 0.363926 0.091155 0.359599 0.346293 0.151742 0.160789 0.163531 0.181058 0.345408 0.283142 0.272416 0.224209 0.460499 -0.039819 0.243422 0.206682 0.293012 0.117115 0.303562 0.038778 0.173263 1.000000 0.206711 0.195990 0.306391 0.092218 -0.040701 0.379871 0.582178 0.493272 0.285179 0.236882 0.268800 0.381481 0.165182 0.710428 0.295258 0.303928 0.248706 0.326263 0.408315 0.292150 0.108715 0.180025 0.087319 0.291585 0.077905 0.028512 0.248757 0.177725 0.555811 0.630505 0.084400 0.430033 
0.164151 0.585993 0.075808 0.196016 0.144715 0.149910 0.089849 0.154113 0.124031 0.092737 0.016984 0.192249 0.025270 0.102060 0.182284 0.205224 0.093551 0.206876 0.178291 0.138281 0.084471 0.099629 0.283103 0.179967 0.171539 0.043208 0.162462 0.492836 0.161265 0.050074 0.124513 0.065055 0.049847 0.206711 1.000000 0.157483 0.148994 0.133105 0.114858 0.074459 0.168167 0.075142 0.026811 0.027548 0.217753 0.076656 0.162689 0.136301 0.183118 0.088562 0.158288 0.165119 0.188492 0.064098 0.140163 0.225003 0.053434 0.124713 0.059370 0.299778 0.827172 0.133436 0.211484 0.169364 0.156695 0.235832 
0.156176 0.038116 0.162739 -0.026860 0.044469 0.075018 0.061888 0.123759 0.096101 0.070227 -0.051184 0.116725 0.100372 0.149549 0.170478 0.173631 0.071035 0.074125 0.163490 0.164142 -0.031058 0.131419 0.166355 0.074840 0.066686 0.182511 0.172377 0.068075 0.092881 0.091120 0.096678 0.044989 0.067768 0.195990 0.157483 1.000000 -0.058200 0.217763 0.094648 0.103567 0.112332 0.118955 0.114447 -0.127721 0.056129 0.015452 0.064896 0.233210 0.165315 0.158914 0.259300 0.091072 0.140941 -0.100534 0.154498 0.184280 0.259857 0.134663 0.072785 0.113110 0.122916 0.192889 0.265999 0.266886 0.206967 0.210966 
0.242929 0.139396 0.041736 0.479381 0.236600 0.007864 0.327261 0.366406 0.325036 0.325146 0.375478 0.123802 0.511173 0.065596 0.311894 0.119512 0.256325 0.061499 0.137189 0.053376 0.475968 0.123162 0.176632 0.184383 0.271850 -0.026780 0.080406 0.127535 0.166437 0.167557 0.192875 0.088631 0.221565 0.306391 0.148994 -0.058200 1.000000 0.067338 -0.027788 0.357627 0.452791 0.358687 0.489298 0.570420 0.106631 0.541485 0.080634 0.231957 0.149948 0.231520 -0.004336 0.109351 0.098387 0.772444 0.106397 0.193080 0.110030 0.474709 -0.000007 0.046755 0.109413 0.033211 0.099968 0.141517 0.028030 0.140178 
0.119481 0.116224 0.025006 0.145357 0.108975 0.068146 0.069616 0.168365 0.069127 0.172575 0.103762 0.075683 0.146662 0.082920 0.099964 0.201648 0.082501 0.022864 0.071946 0.068216 0.098869 0.121008 0.315539 0.108148 0.174577 0.040540 0.142816 0.089064 0.162517 0.044479 0.139658 0.068875 0.116566 0.092218 0.133105 0.217763 0.067338 1.000000 0.062392 0.312785 0.083023 0.256681 0.124773 0.068161 0.055506 0.057690 0.043591 0.273322 0.213662 0.584814 0.076861 0.150364 0.112215 0.030210 0.224983 0.361006 0.235924 0.084717 0.003766 0.074622 0.158491 0.062716 0.264221 0.102775 0.736740 0.160683 
-0.002129 0.112147 0.023370 0.004491 -0.022152 0.623974 -0.005322 -0.037475 -0.032188 -0.059669 -0.007518 0.007336 -0.067864 0.201922 -0.045539 0.014986 0.067180 0.036474 -0.040678 -0.004311 -0.039403 0.012696 0.068564 0.005186 0.013276 0.437929 0.126452 0.256126 0.048756 0.070635 0.038705 0.020023 0.069731 -0.040701 0.114858 0.094648 -0.027788 0.062392 1.000000 0.057555 -0.029788 -0.005800 -0.003636 -0.006864 0.161230 0.018899 0.180206 0.069308 0.054154 0.064021 0.142865 0.079703 -0.074182 -0.002965 0.126603 0.131426 0.139934 0.025141 0.398465 0.199457 0.132344 0.042693 0.086738 0.049325 0.105051 0.123155 
0.221836 0.081751 0.028610 0.320590 0.135662 0.077026 0.178225 0.259027 0.237014 0.362516 0.298114 0.098394 0.408604 0.092792 0.252315 0.279388 0.173285 0.057866 0.085468 0.057464 0.364651 0.193245 0.266693 0.139338 0.386745 0.012702 0.141231 0.098905 0.256470 0.145036 0.184408 0.166347 0.190771 0.379871 0.074459 0.103567 0.357627 0.312785 0.057555 1.000000 0.338154 0.874502 0.318525 0.327530 0.100120 0.601914 0.105260 0.556822 0.193448 0.792351 0.124403 0.290027 0.148935 0.383550 0.043485 0.217343 0.072169 0.257316 0.015644 0.047616 0.135184 0.066341 0.333639 0.198734 0.276375 0.270337 
0.284292 0.182849 0.115055 0.407376 0.146933 0.020213 0.247788 0.345398 0.303446 0.298004 0.362956 0.122132 0.512201 0.117216 0.364751 0.222598 0.194449 0.101849 0.177015 0.091654 0.489199 0.212064 0.208325 0.205211 0.312981 -0.035881 0.089987 0.134757 0.227729 0.122515 0.241525 0.062281 0.172212 0.582178 0.168167 0.112332 0.452791 0.083023 -0.029788 0.338154 1.000000 0.406418 0.368584 0.418042 0.156771 0.464895 0.089854 0.440302 0.170517 0.211880 0.205280 0.157837 0.269289 0.516458 0.185155 0.122424 0.150275 0.354288 -0.001577 0.028086 0.181086 0.122369 0.209785 0.326552 0.071106 0.194999 
0.234395 0.118343 0.046268 0.304117 0.128791 0.032267 0.164391 0.283677 0.241025 0.359982 0.322476 0.092398 0.400686 0.058817 0.273228 0.274399 0.136505 0.039561 0.149655 0.092666 0.384910 0.172939 0.247631 0.136146 0.406324 -0.029986 0.140964 0.104840 0.248416 0.116098 0.182106 0.144604 0.156322 0.493272 0.075142 0.118955 0.358687 0.256681 -0.005800 0.874502 0.406418 1.000000 0.329541 0.300803 0.104765 0.479011 0.080601 0.679783 0.195379 0.652356 0.119542 0.314755 0.186547 0.359353 0.044790 0.218103 0.092154 0.260389 -0.008904 0.036566 0.127180 0.039279 0.382523 0.208325 0.238426 0.276626 
0.306971 -0.036713 0.034364 0.329168 0.205655 0.005792 0.392013 0.293377 0.341627 0.257107 0.345586 0.087895 0.495716 0.145217 0.377122 0.171867 0.393367 0.070741 0.150980 0.040508 0.347573 0.233599 0.172033 0.197598 0.225930 0.027570 0.053137 -0.003266 0.153826 0.285108 0.209783 0.088222 0.364660 0.285179 0.026811 0.114447 0.489298 0.124773 -0.003636 0.318525 0.368584 0.329541 1.000000 0.341787 0.037346 0.441479 0.078726 0.277073 0.124745 0.246890 0.078579 0.119033 0.136128 0.428695 0.216265 0.231084 0.208590 0.695254 0.026805 0.061096 0.019105 0.182517 0.219473 0.206150 0.102585 0.322389 
0.132329 0.002360 -0.058993 0.453214 0.195338 0.002851 0.308043 0.307297 0.252322 0.294147 0.617825 0.070963 0.445374 0.047360 0.233353 0.065243 0.298639 -0.011546 0.009819 -0.073774 0.527726 0.056499 0.104732 0.052416 0.329405 -0.026886 -0.008450 0.006869 0.225069 0.087375 0.119135 0.062458 0.166554 0.236882 0.027548 -0.127721 0.570420 0.068161 -0.006864 0.327530 0.418042 0.300803 0.341787 1.000000 0.086320 0.528097 0.062126 0.166138 0.112424 0.210970 -0.057620 0.098679 0.041140 0.793696 0.021876 0.103228 0.074676 0.306160 0.030718 -0.013442 0.008777 0.064510 0.043164 0.077282 0.037681 0.072931 
0.057259 0.305405 0.189694 0.167059 0.015420 0.169687 0.015643 0.075063 0.083471 0.072454 0.099389 -0.028829 0.093465 0.282476 0.102321 0.105161 0.057510 0.236613 0.009759 0.037797 0.164959 0.082541 0.049810 0.165440 0.182239 0.092548 0.191475 0.181735 0.224666 0.019585 0.093254 0.028187 0.046918 0.268800 0.217753 0.056129 0.106631 0.055506 0.161230 0.100120 0.156771 0.104765 0.037346 0.086320 1.000000 0.147185 0.779532 0.114781 0.160627 0.063111 0.089385 0.333626 0.159000 0.087870 0.106595 0.070476 0.093609 0.186860 0.580654 0.098587 0.175910 0.143092 0.062010 0.102109 0.099117 0.098606 
0.199301 0.046573 0.011740 0.404339 0.180946 0.052573 0.261238 0.301794 0.296802 0.304307 0.370853 0.151624 0.496974 0.090396 0.297140 0.212394 0.231178 0.090315 0.126816 0.074771 0.455564 0.190302 0.211941 0.153821 0.321575 0.008164 0.085538 0.094141 0.230528 0.155335 0.149222 0.104601 0.227410 0.381481 0.076656 0.015452 0.541485 0.057690 0.018899 0.601914 0.464895 0.479011 0.441479 0.528097 0.147185 1.000000 0.123032 0.401807 0.183858 0.364027 0.060096 0.157121 0.188148 0.687196 0.023535 0.161243 0.045311 0.288391 0.041440 -0.007906 0.123216 0.109877 0.162657 0.168387 0.057846 0.195389 
-0.018698 0.222905 0.147317 0.143828 0.010025 0.280133 0.066085 0.005901 0.085831 0.032170 0.064384 0.018480 0.078182 0.575190 0.012170 0.112829 0.109193 0.130309 0.020779 -0.004284 0.128890 0.003194 0.039369 0.057965 0.186904 0.251764 0.175879 0.129237 0.255894 0.020097 0.023987 0.063009 0.021131 0.165182 0.162689 0.064896 0.080634 0.043591 0.180206 0.105260 0.089854 0.080601 0.078726 0.062126 0.779532 0.123032 1.000000 0.073900 0.153959 0.097583 0.079108 0.207239 0.029389 0.046196 0.061260 0.091602 0.048358 0.192491 0.663898 0.068878 0.106118 0.089234 0.046412 0.052074 0.096186 0.050772 
0.308892 0.196995 0.082847 0.225857 0.125071 0.079592 0.153277 0.271035 0.262425 0.239247 0.178262 0.107869 0.277133 0.078018 0.325281 0.311206 0.131138 0.102092 0.204234 0.198117 0.229848 0.226766 0.313553 0.161035 0.348552 -0.002049 0.230206 0.206843 0.224288 0.166860 0.270199 0.150291 0.175685 0.710428 0.136301 0.233210 0.231957 0.273322 0.069308 0.556822 0.440302 0.679783 0.277073 0.166138 0.114781 0.401807 0.073900 1.000000 0.268101 0.468919 0.217986 0.365541 0.262130 0.237755 0.117687 0.270728 0.146633 0.215841 0.014978 0.038371 0.203816 0.063986 0.635019 0.384425 0.271468 0.438691 
0.313884 0.182058 0.067833 0.133349 0.125521 0.071483 0.135306 0.237551 0.132699 0.129626 0.025709 0.003764 0.168266 0.116598 0.252404 0.579000 0.194886 0.138888 0.194479 0.165631 0.037906 0.217213 0.536185 0.146855 0.205464 0.138451 0.192316 0.238246 0.298876 0.184116 0.280417 0.074673 0.180341 0.295258 0.183118 0.165315 0.149948 0.213662 0.054154 0.193448 0.170517 0.195379 0.124745 0.112424 0.160627 0.183858 0.153959 0.268101 1.000000 0.242716 0.201422 0.268969 0.200496 0.122336 0.281703 0.696345 0.504346 0.307959 0.190148 0.136975 0.271402 0.293598 0.233982 0.317064 0.103327 0.171355 
0.187404 0.082589 0.052835 0.236252 0.116813 0.093410 0.121456 0.226494 0.113404 0.334769 0.187791 0.069271 0.253617 0.112428 0.118551 0.330765 0.164715 0.111038 0.049475 0.090939 0.194765 0.220198 0.356161 0.150955 0.324973 0.044278 0.204576 0.107803 0.259846 0.145761 0.231466 0.137992 0.220461 0.303928 0.088562 0.158914 0.231520 0.584814 0.064021 0.792351 0.211880 0.652356 0.246890 0.210970 0.063111 0.364027 0.097583 0.468919 0.242716 1.000000 0.112088 0.269685 0.111459 0.226131 0.128396 0.319273 0.126573 0.190072 0.044442 0.100733 0.146422 0.124652 0.358742 0.151529 0.409315 0.286448 
0.236814 0.245478 0.114860 0.041078 0.085828 0.147572 0.104886 0.152976 0.130729 0.076030 -0.034510 0.136643 0.043122 0.181953 0.209391 0.322005 0.144271 0.164711 0.068619 0.138844 -0.025161 0.256748 0.256305 0.225801 0.141611 0.232004 0.243595 0.213465 0.112569 0.098805 0.210723 0.105436 0.049942 0.248706 0.158288 0.259300 -0.004336 0.076861 0.142865 0.124403 0.205280 0.119542 0.078579 -0.057620 0.089385 0.060096 0.079108 0.217986 0.201422 0.112088 1.000000 0.157517 0.439229 -0.041597 0.193694 0.163232 0.209669 0.114497 0.090152 0.108448 0.221389 0.113907 0.220223 0.366113 0.099224 0.199516 
0.219810 0.219405 0.114292 0.182023 0.105672 0.094146 0.090616 0.166316 0.109067 0.129416 0.089149 0.048162 0.155670 0.103000 0.166195 0.319305 0.129117 0.068190 0.240446 0.104944 0.142800 0.163143 0.281783 0.126291 0.235896 0.027291 0.176039 0.177262 0.250251 0.139227 0.207211 0.064404 0.137746 0.326263 0.165119 0.091072 0.109351 0.150364 0.079703 0.290027 0.157837 0.314755 0.119033 0.098679 0.333626 0.157121 0.207239 0.365541 0.268969 0.269685 0.157517 1.000000 0.370383 0.100860 0.132014 0.282356 0.153732 0.170698 0.176637 0.154587 0.181310 0.096650 0.314328 0.218150 0.100447 0.240677 
0.305380 0.202836 0.106363 0.126289 0.034930 -0.007005 0.039628 0.247425 0.121396 0.106239 0.036925 0.077740 0.138532 0.030056 0.266100 0.310945 0.025665 0.145369 0.128890 0.261779 0.080495 0.279003 0.266465 0.213811 0.128791 -0.015567 0.195566 0.109235 0.113145 0.155730 0.248988 0.011006 0.168388 0.408315 0.188492 0.140941 0.098387 0.112215 -0.074182 0.148935 0.269289 0.186547 0.136128 0.041140 0.159000 0.188148 0.029389 0.262130 0.200496 0.111459 0.439229 0.370383 1.000000 0.077996 0.125428 0.174946 0.117026 0.158717 0.032482 0.031106 0.252671 0.091202 0.279093 0.373921 0.043927 0.197473 
0.227680 0.032413 0.017133 0.463308 0.170144 0.033274 0.269761 0.392939 0.313984 0.320096 0.511382 0.098976 0.542029 0.028671 0.324932 0.126163 0.199940 0.064109 0.083732 0.049561 0.520203 0.146217 0.141091 0.141370 0.294852 -0.030524 -0.006519 0.046291 0.213450 0.153997 0.158595 0.047044 0.236757 0.292150 0.064098 -0.100534 0.772444 0.030210 -0.002965 0.383550 0.516458 0.359353 0.428695 0.793696 0.087870 0.687196 0.046196 0.237755 0.122336 0.226131 -0.041597 0.100860 0.077996 1.000000 0.084078 0.121476 0.098212 0.391005 0.011658 0.017267 0.056522 0.093243 0.052807 0.099110 -0.010509 0.095116 
0.277522 0.138242 0.188125 0.123221 0.118594 0.066306 0.047573 0.178543 0.046837 0.253980 0.017905 -0.013761 0.132365 0.109229 0.181580 0.303023 0.094191 0.178814 0.104462 0.095107 0.037942 0.434224 0.264173 0.377699 0.160468 0.093475 0.241444 0.155814 0.144453 0.171253 0.333515 0.060715 0.251744 0.108715 0.140163 0.154498 0.106397 0.224983 0.126603 0.043485 0.185155 0.044790 0.216265 0.021876 0.106595 0.023535 0.061260 0.117687 0.281703 0.128396 0.193694 0.132014 0.125428 0.084078 1.000000 0.339564 0.698049 0.208349 0.129180 0.228414 0.193954 0.320696 0.183622 0.288724 0.096428 0.312040 
0.259912 0.230437 0.112910 0.214987 0.202555 0.080049 0.201860 0.265083 0.164608 0.122367 0.077996 0.056374 0.148795 0.094370 0.215691 0.466840 0.284216 0.137838 0.139629 0.125432 0.095019 0.172801 0.696028 0.197410 0.178291 0.149379 0.181120 0.192436 0.254532 0.176507 0.253878 0.123181 0.173803 0.180025 0.225003 0.184280 0.193080 0.361006 0.131426 0.217343 0.122424 0.218103 0.231084 0.103228 0.070476 0.161243 0.091602 0.270728 0.696345 0.319273 0.163232 0.282356 0.174946 0.121476 0.339564 1.000000 0.505958 0.252804 0.158422 0.135057 0.192055 0.142375 0.223932 0.186465 0.231001 0.168755 
0.276151 0.114050 0.155788 0.080461 0.178855 0.063142 0.150901 0.250369 0.136953 0.170840 0.086404 -0.003446 0.188742 0.057774 0.260593 0.262739 0.216610 0.126252 0.083049 0.087441 0.043404 0.341507 0.289807 0.314550 0.143214 0.106203 0.182862 0.196651 0.130819 0.181793 0.270305 0.117492 0.221144 0.087319 0.053434 0.259857 0.110030 0.235924 0.139934 0.072169 0.150275 0.092154 0.208590 0.074676 0.093609 0.045311 0.048358 0.146633 0.504346 0.126573 0.209669 0.153732 0.117026 0.098212 0.698049 0.505958 1.000000 0.234893 0.118480 0.160735 0.135085 0.136414 0.098812 0.165842 0.086711 0.174508 
0.350683 0.094157 0.079195 0.256167 0.142498 0.069197 0.261250 0.264038 0.279591 0.188386 0.252944 0.044187 0.425553 0.202551 0.396804 0.242638 0.269537 0.079001 0.144528 0.046599 0.257727 0.187715 0.193461 0.132401 0.202052 0.063151 0.089569 0.124474 0.146054 0.254452 0.252239 0.074787 0.263964 0.291585 0.124713 0.134663 0.474709 0.084717 0.025141 0.257316 0.354288 0.260389 0.695254 0.306160 0.186860 0.288391 0.192491 0.215841 0.307959 0.190072 0.114497 0.170698 0.158717 0.391005 0.208349 0.252804 0.234893 1.000000 0.140512 0.147307 0.147449 0.401322 0.184092 0.224450 0.084724 0.238327 
0.038871 0.111076 0.182476 0.062651 0.014387 0.428980 0.020636 -0.009234 0.039568 -0.004509 0.041180 -0.015930 0.034767 0.553491 0.038737 0.126158 0.072714 0.222022 0.006323 0.009952 0.017845 0.029266 0.090940 0.073764 0.089291 0.588052 0.140626 0.072527 0.181598 0.067555 0.100367 0.013440 0.121227 0.077905 0.059370 0.072785 -0.000007 0.003766 0.398465 0.015644 -0.001577 -0.008904 0.026805 0.030718 0.580654 0.041440 0.663898 0.014978 0.190148 0.044442 0.090152 0.176637 0.032482 0.011658 0.129180 0.158422 0.118480 0.140512 1.000000 0.063351 0.041870 0.094449 0.070167 0.089263 0.021604 0.080687 
0.061577 0.068992 0.035842 0.081618 0.045993 0.137752 0.022263 0.004350 0.034971 0.070870 -0.019394 0.031076 0.045211 0.050176 0.077180 0.133769 0.077222 0.112717 0.139793 0.104590 0.003729 0.107083 0.094407 0.056921 0.031874 0.033709 0.081316 0.149760 0.057939 -0.011733 0.058373 0.040004 -0.015487 0.028512 0.299778 0.113110 0.046755 0.074622 0.199457 0.047616 0.028086 0.036566 0.061096 -0.013442 0.098587 -0.007906 0.068878 0.038371 0.136975 0.100733 0.108448 0.154587 0.031106 0.017267 0.228414 0.135057 0.160735 0.147307 0.063351 1.000000 0.327838 0.255592 0.041614 0.119204 0.027990 0.092583 
0.199259 0.447090 0.064356 0.127095 0.103289 0.161880 0.039815 0.155782 0.098009 0.122895 0.012412 0.139056 0.025354 0.056011 0.227164 0.213830 0.049477 0.125960 0.183278 0.182924 0.032831 0.131985 0.241942 0.166229 0.175822 0.042491 0.176206 0.509737 0.148613 0.050056 0.141702 0.013904 0.066291 0.248757 0.827172 0.122916 0.109413 0.158491 0.132344 0.135184 0.181086 0.127180 0.019105 0.008777 0.175910 0.123216 0.106118 0.203816 0.271402 0.146422 0.221389 0.181310 0.252671 0.056522 0.193954 0.192055 0.135085 0.147449 0.041870 0.327838 1.000000 0.200486 0.223211 0.195260 0.138154 0.226177 
0.168797 -0.000760 0.090573 0.034347 0.025719 0.092344 0.012664 0.108164 0.033517 0.135260 0.062898 -0.080005 0.101677 0.050784 0.111543 0.198577 0.035963 0.156097 -0.008804 0.085689 0.027357 0.224196 0.178819 0.102654 0.109335 0.006750 0.121625 0.044044 0.098497 0.105989 0.190726 0.004630 0.155011 0.177725 0.133436 0.192889 0.033211 0.062716 0.042693 0.066341 0.122369 0.039279 0.182517 0.064510 0.143092 0.109877 0.089234 0.063986 0.293598 0.124652 0.113907 0.096650 0.091202 0.093243 0.320696 0.142375 0.136414 0.401322 0.094449 0.255592 0.200486 1.000000 0.155413 0.177374 0.019730 0.197551 
0.238720 0.256565 0.118490 0.127868 0.161019 0.119062 0.162620 0.198721 0.215183 0.216589 -0.000918 0.066388 0.137520 0.101306 0.205031 0.307133 0.150050 0.103148 0.110797 0.137984 0.049979 0.266695 0.324266 0.182419 0.239208 0.094402 0.234416 0.250589 0.190920 0.193547 0.257162 0.162659 0.235762 0.555811 0.211484 0.265999 0.099968 0.264221 0.086738 0.333639 0.209785 0.382523 0.219473 0.043164 0.062010 0.162657 0.046412 0.635019 0.233982 0.358742 0.220223 0.314328 0.279093 0.052807 0.183622 0.223932 0.098812 0.184092 0.070167 0.041614 0.223211 0.155413 1.000000 0.573925 0.347737 0.882306 
0.371217 0.191838 0.151234 0.176277 0.226361 0.057375 0.233045 0.269252 0.248453 0.231454 0.040156 0.057534 0.214531 0.115621 0.307455 0.404137 0.217496 0.144451 0.156305 0.116580 0.086907 0.357902 0.302287 0.280325 0.295160 0.027850 0.233000 0.145279 0.228674 0.250535 0.375533 0.184383 0.242579 0.630505 0.169364 0.266886 0.141517 0.102775 0.049325 0.198734 0.326552 0.208325 0.206150 0.077282 0.102109 0.168387 0.052074 0.384425 0.317064 0.151529 0.366113 0.218150 0.373921 0.099110 0.288724 0.186465 0.165842 0.224450 0.089263 0.119204 0.195260 0.177374 0.573925 1.000000 0.114372 0.516666 
0.064317 0.165636 -0.000966 0.109272 0.098802 0.127966 0.073219 0.095168 0.079867 0.104223 0.035576 0.093298 0.087734 0.135298 0.051181 0.102148 0.081410 0.024711 0.038239 -0.018588 0.064186 0.099044 0.218587 0.104392 0.107004 0.047276 0.115088 0.128583 0.092455 0.054532 0.095789 0.106550 0.096306 0.084400 0.156695 0.206967 0.028030 0.736740 0.105051 0.276375 0.071106 0.238426 0.102585 0.037681 0.099117 0.057846 0.096186 0.271468 0.103327 0.409315 0.099224 0.100447 0.043927 -0.010509 0.096428 0.231001 0.086711 0.084724 0.021604 0.027990 0.138154 0.019730 0.347737 0.114372 1.000000 0.219613 
0.259401 0.241893 0.126202 0.142319 0.181492 0.133020 0.198999 0.177201 0.207632 0.253055 0.009654 0.065141 0.162459 0.089783 0.211980 0.265790 0.214752 0.139226 0.111893 0.127571 0.057992 0.310939 0.274717 0.254142 0.224401 0.114076 0.240151 0.275952 0.166259 0.249643 0.288036 0.147039 0.331787 0.430033 0.235832 0.210966 0.140178 0.160683 0.123155 0.270337 0.194999 0.276626 0.322389 0.072931 0.098606 0.195389 0.050772 0.438691 0.171355 0.286448 0.199516 0.240677 0.197473 0.095116 0.312040 0.168755 0.174508 0.238327 0.080687 0.092583 0.226177 0.197551 0.882306 0.516666 0.219613 1.000000 
