1.000000 0.069275 0.095317 0.190065 0.034756 0.065143 0.028641 0.487625 0.132306 0.226940 0.149152 0.037304 0.413391 0.103472 0.612910 0.233235 0.205084 0.053687 0.154425 0.317874 0.212896 0.113672 0.143158 -0.005606 0.208799 0.046447 0.146377 0.211426 0.204361 0.460372 0.654512 0.083170 0.402773 0.267441 0.143368 0.115016 0.247841 0.030019 0.093414 0.102265 0.199109 0.149846 0.372515 0.091390 0.022665 0.264988 0.025523 0.156081 0.177580 0.121742 0.133360 0.049745 0.169734 0.234111 0.147487 0.144343 0.109641 0.338093 0.040725 0.121718 0.220094 0.247964 0.172750 0.204297 0.042849 0.222008 
0.069275 1.000000 0.215697 0.026322 0.088426 0.110332 0.031595 0.039917 0.022946 0.047879 0.003892 0.150352 0.032971 0.075028 0.057939 0.177905 0.060840 0.054818 0.046816 0.057644 -0.029941 0.049933 0.245620 0.023299 0.100370 0.202500 0.255930 0.705444 0.200041 0.047861 0.085388 0.073490 -0.006219 0.045877 0.585836 0.039048 0.091486 0.016648 0.100971 0.055001 -0.004068 0.041664 0.065134 -0.014053 0.077515 0.025662 0.065081 0.067694 0.107718 0.075862 0.150166 0.110708 0.128005 -0.023726 0.111236 0.104953 0.067719 0.157687 0.057909 -0.012413 0.415401 0.171130 0.087965 0.053988 0.023850 0.104598 
0.095317 0.215697 1.000000 0.065189 0.181048 0.081421 0.149918 0.051504 0.120836 0.101192 -0.036051 0.048525 0.140239 0.098781 0.086617 0.170333 0.124570 0.174896 0.068252 0.065458 0.051573 0.161708 0.237174 0.481032 0.053655 0.061685 0.151874 0.117039 0.090341 0.160372 0.119281 0.176447 0.157162 0.106136 0.016185 0.200547 0.121784 0.043581 0.103596 0.093863 0.089017 0.102613 0.143331 -0.009693 0.135645 0.097647 0.152989 0.075996 0.074686 0.088969 0.106116 -0.009752 0.086666 0.065341 0.140416 0.059329 0.153187 0.148105 0.150795 0.055111 0.050137 0.119292 0.064624 0.045992 -0.004015 0.139879 
0.190065 0.026322 0.065189 1.000000 0.077091 0.081626 0.153237 0.208536 0.154140 0.321094 0.301725 0.158229 0.298368 0.179753 0.151588 -0.001572 0.139471 0.107031 0.084969 0.116382 0.840432 0.068689 0.056633 0.130135 0.450056 0.109005 0.138931 0.107217 0.177091 0.063682 0.192905 0.042468 0.118267 0.142853 0.086414 0.122474 0.227733 0.171754 0.050025 0.193133 0.273186 0.195445 0.192714 0.168756 0.074132 0.283456 0.139275 0.179607 -0.016988 0.135909 0.078035 0.051253 -0.037173 0.197811 0.105207 0.099570 0.117344 0.156631 0.126007 0.141790 0.120210 0.044209 0.056023 -0.002328 0.074186 0.050095 
0.034756 0.088426 0.181048 0.077091 1.000000 0.071687 0.869062 -0.081887 0.486091 0.067195 0.014827 0.264937 0.149865 0.085135 0.229905 -0.007308 0.492911 0.168389 0.034947 0.023447 0.108870 0.071724 0.230413 0.239052 -0.032716 0.066068 -0.003568 -0.021719 -0.108217 0.257357 -0.002497 0.742945 0.226458 0.028109 -0.010466 0.038251 0.107422 0.174502 0.084354 0.156165 0.181296 0.152417 0.163047 0.057045 0.067221 0.122275 0.050515 0.111777 0.086617 0.135231 0.053612 -0.023687 -0.074817 0.078231 0.114681 0.216273 0.186452 0.101399 0.051085 0.043516 -0.064187 0.017505 0.071840 -0.093786 0.100271 0.121634 
0.065143 0.110332 0.081421 0.081626 0.071687 1.000000 0.100190 0.083648 0.134574 0.111911 0.051703 0.117229 0.152684 0.455166 0.117629 0.059345 0.163070 0.128055 0.081207 0.119886 0.087233 -0.031600 0.076909 0.082658 0.154847 0.654975 0.151880 0.285913 0.119537 0.023920 -0.006487 0.039230 0.048137 0.120096 0.150588 0.081810 0.141979 0.107304 0.603704 0.135139 0.138240 0.145910 0.136293 0.054827 0.212384 0.138134 0.420200 0.094280 0.097195 0.115818 0.158964 -0.055496 0.023731 0.103322 0.036329 0.139753 0.085831 0.106405 0.554295 0.169880 0.252443 0.048190 0.076183 0.057319 0.122920 0.071857 
0.028641 0.031595 0.149918 0.153237 0.869062 0.100190 1.000000 -0.005708 0.706102 0.104179 0.027873 0.200095 0.209917 0.052455 0.303996 -0.024013 0.672765 0.168926 0.010879 0.056699 0.166209 0.070411 0.222554 0.273634 0.021492 0.084213 0.051795 0.003019 -0.102288 0.225041 -0.002818 0.551920 0.247609 0.042403 -0.042162 0.030529 0.144156 0.284117 0.099824 0.247932 0.231093 0.210635 0.306653 0.078567 0.081369 0.152162 0.057006 0.153881 0.066453 0.206646 0.040072 -0.050403 -0.137261 0.133234 0.148650 0.254524 0.221886 0.180086 0.075185 0.089332 -0.068824 0.032586 0.100195 -0.095186 0.144228 0.149475 
0.487625 0.039917 0.051504 0.208536 -0.081887 0.083648 -0.005708 1.000000 0.049279 0.323303 0.327660 -0.021207 0.366040 0.050214 0.257433 0.088759 0.091168 0.098821 0.073748 0.248009 0.239745 0.128142 0.071592 0.045229 0.343811 0.056997 0.126215 0.085977 0.190392 0.036007 0.439337 -0.063630 0.060974 0.252639 0.114601 0.154184 0.297892 0.075966 0.086032 0.148525 0.233407 0.193440 0.274118 0.167725 -0.016446 0.363987 0.019145 0.139622 0.065650 0.137640 0.029542 0.013758 0.031509 0.377151 0.123943 0.110583 0.087009 0.256488 0.051744 0.095659 0.099557 0.174735 0.126378 0.174552 0.047749 0.150350 
0.132306 0.022946 0.120836 0.154140 0.486091 0.134574 0.706102 0.049279 1.000000 0.124301 0.047500 0.099602 0.354354 0.003770 0.626748 0.034734 0.724489 0.073456 0.037230 0.045491 0.165116 0.050618 0.194750 0.204251 0.042345 0.090877 0.148054 0.084494 -0.056610 0.282090 -0.007802 0.381056 0.252646 0.102503 -0.013637 0.037931 0.186711 0.224257 0.090691 0.243266 0.215836 0.252041 0.401350 0.098999 0.098410 0.184462 0.065543 0.157204 0.069356 0.228371 0.020986 -0.008101 -0.065627 0.168669 0.124153 0.215568 0.182095 0.253272 0.093008 0.066539 0.018113 0.100821 0.134215 -0.036404 0.140880 0.187322 
0.226940 0.047879 0.101192 0.321094 0.067195 0.111911 0.104179 0.323303 0.124301 1.000000 0.169704 0.119093 0.457292 0.156172 0.202728 0.231190 0.136263 0.044286 0.006885 0.104597 0.452600 0.245546 0.283829 0.169641 0.734124 0.102681 0.172230 0.070589 0.243738 0.142625 0.282627 0.090407 0.233743 0.459111 0.100507 0.126826 0.268528 0.166418 0.091303 0.440468 0.296207 0.528487 0.266510 0.035241 0.084720 0.412682 0.134706 0.369123 0.093403 0.480748 0.113011 0.022533 -0.044515 0.213066 0.144388 0.112037 0.109159 0.261568 0.141652 0.098461 0.104276 0.103019 0.310149 0.187656 0.082994 0.357663 
0.149152 0.003892 -0.036051 0.301725 0.014827 0.051703 0.027873 0.327660 0.047500 0.169704 1.000000 0.067507 0.428630 0.092380 0.147264 -0.083674 0.066396 0.022552 0.091261 0.065117 0.504414 -0.008085 -0.049678 -0.073023 0.256421 0.058094 0.085337 0.051233 0.113778 0.063597 0.157650 0.040510 0.076336 0.231634 0.059802 0.077794 0.197742 0.033472 0.072956 0.054878 0.309416 0.102530 0.157993 0.355251 0.045035 0.389287 0.095084 0.091499 -0.053095 0.050630 0.045267 -0.018500 -0.026544 0.357381 0.047615 -0.013024 0.010673 0.175300 0.096626 0.036378 0.062872 0.129823 0.029042 0.056047 0.011293 0.040479 
0.037304 0.150352 0.048525 0.158229 0.264937 0.117229 0.200095 -0.021207 0.099602 0.119093 0.067507 1.000000 0.080987 0.485196 0.066267 0.079641 0.033068 0.146073 0.294373 0.143933 0.137112 0.010691 0.060496 0.061702 0.075988 0.263505 0.025433 0.112307 0.087497 0.111626 0.057201 0.300529 0.106596 0.113677 0.130573 0.040010 0.019417 0.003198 0.134338 0.028577 0.082949 0.082023 0.037969 -0.006336 0.004957 0.037999 0.096784 0.048027 0.030448 0.040211 0.145782 0.013432 0.031276 -0.061057 0.073322 0.087754 0.153908 0.056401 0.064308 0.049818 0.112029 0.056470 0.023110 0.041458 -0.018262 0.054992 
0.413391 0.032971 0.140239 0.298368 0.149865 0.152684 0.209917 0.366040 0.354354 0.457292 0.428630 0.080987 1.000000 0.176066 0.508168 0.044769 0.405249 0.024092 0.109182 0.120776 0.527290 0.047992 0.136383 0.014259 0.298470 0.155161 0.130158 0.101326 0.130050 0.152710 0.273982 0.123886 0.181757 0.371949 0.099463 0.115450 0.357709 0.131811 0.126105 0.276051 0.515512 0.372403 0.593495 0.160337 0.074407 0.527426 0.145898 0.225599 0.092448 0.256472 0.104036 -0.009491 0.011492 0.414959 0.142824 0.156794 0.138324 0.565366 0.172982 0.111100 0.100618 0.277206 0.149613 0.098509 0.081734 0.203630 
0.103472 0.075028 0.098781 0.179753 0.085135 0.455166 0.052455 0.050214 0.003770 0.156172 0.092380 0.485196 0.176066 1.000000 0.052417 0.054186 0.009674 0.201996 0.112861 0.160026 0.171395 -0.052992 0.048155 0.041070 0.141453 0.629286 0.003719 0.054491 0.099812 0.076322 0.078484 0.102601 0.076486 0.132932 0.070458 0.160020 0.121545 0.046823 0.384231 0.079844 0.159667 0.078324 0.102704 0.011464 0.334656 0.114549 0.685201 0.071836 -0.017331 0.080721 0.238520 0.041207 -0.014065 0.062052 0.044621 0.033779 0.073672 0.100788 0.617434 0.069530 0.077313 0.046785 0.051193 0.135475 0.031052 0.067971 
0.612910 0.057939 0.086617 0.151588 0.229905 0.117629 0.303996 0.257433 0.626748 0.202728 0.147264 0.066267 0.508168 0.052417 1.000000 0.125914 0.492996 0.011008 0.177191 0.147985 0.198986 0.059804 0.184100 0.049667 0.135990 0.086502 0.154873 0.189554 0.072326 0.494084 0.216024 0.261435 0.386059 0.217066 0.086230 0.059873 0.246646 0.075686 0.097857 0.151616 0.239307 0.202178 0.454437 0.144642 0.022432 0.287332 0.017469 0.160834 0.176749 0.167648 0.092769 0.053473 0.106083 0.255366 0.116477 0.206204 0.128391 0.348132 0.079577 0.075993 0.137201 0.212081 0.182193 0.117053 0.041272 0.230284 
0.233235 0.177905 0.170333 -0.001572 -0.007308 0.059345 -0.024013 0.088759 0.034734 0.231190 -0.083674 0.079641 0.044769 0.054186 0.125914 1.000000 0.056673 0.036735 0.105573 0.121429 -0.032795 0.327574 0.686277 0.205695 0.245016 0.012565 0.241957 0.225869 0.354939 0.073276 0.197693 -0.012998 0.032629 0.248186 0.164648 0.098992 0.072149 0.017168 0.044383 0.125146 -0.046153 0.118388 0.063935 -0.069780 -0.009969 -0.006570 -0.003223 0.114384 0.456542 0.152855 0.112173 0.065555 0.130697 -0.048543 0.090190 0.328144 0.074358 0.086411 -0.021543 0.001945 0.214712 0.036715 0.206398 0.305549 0.020532 0.236737 
0.205084 0.060840 0.124570 0.139471 0.492911 0.163070 0.672765 0.091168 0.724489 0.136263 0.066396 0.033068 0.405249 0.009674 0.492996 0.056673 1.000000 0.068892 0.058887 0.036036 0.173378 0.111015 0.192365 0.156315 0.080125 0.034101 0.184833 0.149488 -0.020710 0.234516 0.037202 0.342142 0.240137 0.111452 0.012582 0.054606 0.202997 0.182469 0.095126 0.194624 0.181349 0.208072 0.516122 0.120600 0.080328 0.187676 0.065352 0.173155 0.144739 0.152266 0.028576 -0.019662 -0.016658 0.189444 0.155711 0.283550 0.188375 0.318332 0.042474 0.073141 0.032490 0.110989 0.204404 0.004792 0.128895 0.259029 
0.053687 0.054818 0.174896 0.107031 0.168389 0.128055 0.168926 0.098821 0.073456 0.044286 0.022552 0.146073 0.024092 0.201996 0.011008 0.036735 0.068892 1.000000 0.136457 0.453811 0.079494 0.127878 0.047814 0.417676 0.002654 0.165677 -0.055407 0.027243 -0.046757 0.109186 0.090746 0.093725 0.191415 0.045549 0.141032 0.125010 0.113138 0.162406 0.001272 0.115064 0.122394 0.106663 0.045610 0.034640 0.166267 0.038969 0.201099 0.067564 0.067684 0.067422 0.094347 0.048239 -0.008419 0.057886 0.171000 0.110412 0.180510 0.052296 0.186190 0.087156 0.105327 0.045884 0.028796 0.068828 0.054290 0.035197 
0.154425 0.046816 0.068252 0.084969 0.034947 0.081207 0.010879 0.073748 0.037230 0.006885 0.091261 0.294373 0.109182 0.112861 0.177191 0.105573 0.058887 0.136457 1.000000 0.336036 0.045848 0.114716 0.047717 0.087863 0.038876 0.037478 0.051292 0.169938 0.062559 0.107716 0.096772 0.039742 0.084450 0.127785 0.202603 0.006729 0.058501 0.001579 0.045882 0.002976 0.098009 0.014379 0.034233 0.077303 -0.034672 0.121030 -0.009961 0.051236 0.088949 -0.001394 0.100682 0.013313 0.099497 0.062569 0.054325 0.008426 0.030394 0.075521 -0.018179 0.123501 0.230370 0.118028 0.020506 0.045413 -0.006458 0.022005 
0.317874 0.057644 0.065458 0.116382 0.023447 0.119886 0.056699 0.248009 0.045491 0.104597 0.065117 0.143933 0.120776 0.160026 0.147985 0.121429 0.036036 0.453811 0.336036 1.000000 0.113414 0.044955 0.063941 0.091503 0.118464 0.104940 0.011101 0.133855 0.065518 0.106705 0.210550 -0.035299 0.127541 0.168208 0.120358 0.061714 0.131290 0.060486 0.036966 0.090970 0.141771 0.109723 0.081646 0.022566 0.045498 0.117211 0.089618 0.101381 0.112387 0.088907 0.122035 0.056989 0.031650 0.110435 0.173035 0.112585 0.151323 0.077314 0.089696 0.171694 0.162411 0.088003 0.025380 0.115072 -0.038595 0.030018 
0.212896 -0.029941 0.051573 0.840432 0.108870 0.087233 0.166209 0.239745 0.165116 0.452600 0.504414 0.137112 0.527290 0.171395 0.198986 -0.032795 0.173378 0.079494 0.045848 0.113414 1.000000 0.040035 0.021468 0.083027 0.527146 0.125355 0.098231 0.020245 0.162400 0.079634 0.203420 0.074541 0.134169 0.256285 0.052730 0.104375 0.240412 0.163489 0.051227 0.227953 0.427915 0.278758 0.231844 0.167801 0.038788 0.394678 0.118385 0.207591 -0.028524 0.193523 0.089403 0.021588 -0.070170 0.246205 0.106115 0.070846 0.112913 0.212990 0.131844 0.139505 0.069373 0.068517 0.093446 -0.002949 0.078639 0.095279 
0.113672 0.049933 0.161708 0.068689 0.071724 -0.031600 0.070411 0.128142 0.050618 0.245546 -0.008085 0.010691 0.047992 -0.052992 0.059804 0.327574 0.111015 0.127878 0.114716 0.044955 0.040035 1.000000 0.293092 0.607789 0.148507 -0.030075 0.179546 0.038409 0.242443 0.084386 0.286942 0.071438 0.238771 0.158517 0.057126 0.096638 0.108201 0.144543 -0.005770 0.158118 0.041031 0.134227 0.114155 -0.014594 0.035272 0.046795 -0.043714 0.121793 0.193107 0.142527 0.035390 0.081875 0.095868 0.036251 0.277974 0.171341 0.293026 0.110603 -0.033759 0.075079 0.067839 0.105315 0.210231 0.179937 0.074302 0.282252 
0.143158 0.245620 0.237174 0.056633 0.230413 0.076909 0.222554 0.071592 0.194750 0.283829 -0.049678 0.060496 0.136383 0.048155 0.184100 0.686277 0.192365 0.047814 0.047717 0.063941 0.021468 0.293092 1.000000 0.287529 0.207909 0.068556 0.170175 0.151609 0.109632 0.135174 0.111384 0.114981 0.112125 0.230610 0.166847 0.145118 0.185965 0.259345 0.083079 0.317868 0.037244 0.244154 0.147729 0.007729 0.062002 0.106284 0.036386 0.245912 0.463522 0.311752 0.092711 0.052947 0.078157 0.066592 0.110500 0.618462 0.139381 0.127315 0.042423 0.081119 0.125788 0.032214 0.273661 0.204746 0.190139 0.287771 
-0.005606 0.023299 0.481032 0.130135 0.239052 0.082658 0.273634 0.045229 0.204251 0.169641 -0.073023 0.061702 0.014259 0.041070 0.049667 0.205695 0.156315 0.417676 0.087863 0.091503 0.083027 0.607789 0.287529 1.000000 0.074521 0.073084 0.114024 0.004904 0.036777 0.107566 0.056184 0.142302 0.263498 0.092785 -0.005090 0.159416 0.115386 0.292300 0.012867 0.255535 0.043094 0.194185 0.035575 0.009288 0.132314 0.085145 0.067909 0.103008 0.106722 0.217430 0.071939 0.010534 0.042609 0.058469 0.231270 0.155816 0.328203 0.018891 0.085334 0.075374 0.013114 0.038948 0.114008 0.018804 0.139295 0.181124 
0.208799 0.100370 0.053655 0.450056 -0.032716 0.154847 0.021492 0.343811 0.042345 0.734124 0.256421 0.075988 0.298470 0.141453 0.135990 0.245016 0.080125 0.002654 0.038876 0.118464 0.527146 0.148507 0.207909 0.074521 1.000000 0.124199 0.256569 0.156598 0.525104 0.052357 0.231766 -0.033815 0.114826 0.417350 0.137561 0.123780 0.168614 0.139668 0.116818 0.320611 0.271276 0.375720 0.212580 0.032196 0.084783 0.415703 0.121325 0.314973 0.120846 0.342636 0.133495 0.075091 -0.024366 0.172915 0.133912 0.133592 0.122423 0.177271 0.129234 0.134302 0.189264 0.075988 0.232236 0.197865 0.077176 0.247967 
0.046447 0.202500 0.061685 0.109005 0.066068 0.654975 0.084213 0.056997 0.090877 0.102681 0.058094 0.263505 0.155161 0.629286 0.086502 0.012565 0.034101 0.165677 0.037478 0.104940 0.125355 -0.030075 0.068556 0.073084 0.124199 1.000000 0.073213 0.152163 0.099968 0.045377 -0.022801 0.046714 0.060403 0.110776 0.098374 0.089345 0.124539 0.164756 0.507701 0.157236 0.133821 0.128925 0.081254 -0.022683 0.241808 0.129586 0.464668 0.084514 0.043066 0.132611 0.275138 0.019416 0.023570 0.070422 0.045552 0.100099 0.129826 0.080920 0.704135 0.041454 0.096613 0.053529 0.045456 0.025552 0.112441 0.042063 
0.146377 0.255930 0.151874 0.138931 -0.003568 0.151880 0.051795 0.126215 0.148054 0.172230 0.085337 0.025433 0.130158 0.003719 0.154873 0.241957 0.184833 -0.055407 0.051292 0.011101 0.098231 0.179546 0.170175 0.114024 0.256569 0.073213 1.000000 0.436517 0.359868 0.082375 0.236009 -0.024317 0.080787 0.134443 0.153970 0.047609 0.120279 0.043388 0.141268 0.086517 0.079442 0.065438 0.185348 -0.021905 0.049160 0.114088 0.014772 0.111724 0.114596 0.112732 0.077789 0.065463 0.095942 0.053850 0.106953 0.098087 0.091601 0.183904 0.023024 -0.009130 0.255231 0.104533 0.093251 0.096126 0.041658 0.122425 
0.211426 0.705444 0.117039 0.107217 -0.021719 0.285913 0.003019 0.085977 0.084494 0.070589 0.051233 0.112307 0.101326 0.054491 0.189554 0.225869 0.149488 0.027243 0.169938 0.133855 0.020245 0.038409 0.151609 0.004904 0.156598 0.152163 0.436517 1.000000 0.302112 0.077423 0.148157 -0.032926 0.013606 0.129779 0.496744 0.061041 0.100318 -0.023110 0.210944 0.059909 0.056898 0.070316 0.150431 0.022604 0.028423 0.074338 0.038627 0.096964 0.187235 0.119989 0.169441 0.092527 0.160701 0.008063 0.115773 0.125457 0.082473 0.200831 0.043636 0.096940 0.596641 0.189106 0.093462 0.069666 -0.029556 0.099418 
0.204361 0.200041 0.090341 0.177091 -0.108217 0.119537 -0.102288 0.190392 -0.056610 0.243738 0.113778 0.087497 0.130050 0.099812 0.072326 0.354939 -0.020710 -0.046757 0.062559 0.065518 0.162400 0.242443 0.109632 0.036777 0.525104 0.099968 0.359868 0.302112 1.000000 0.028254 0.258778 -0.112159 0.046904 0.208112 0.193331 0.111185 0.034261 -0.006343 0.094012 0.075417 0.107322 0.068391 0.140726 0.006717 0.079391 0.158610 0.091493 0.094119 0.164986 0.091698 0.134835 0.129580 0.142128 0.062210 0.119090 0.074121 0.132235 0.126828 0.105530 0.001363 0.238233 0.145881 0.104522 0.191252 -0.009159 0.145473 
0.460372 0.047861 0.160372 0.063682 0.257357 0.023920 0.225041 0.036007 0.282090 0.142625 0.063597 0.111626 0.152710 0.076322 0.494084 0.073276 0.234516 0.109186 0.107716 0.106705 0.079634 0.084386 0.135174 0.107566 0.052357 0.045377 0.082375 0.077423 0.028254 1.000000 0.310257 0.401106 0.888258 0.088684 0.039501 0.067947 0.173660 0.095604 0.073843 0.116941 0.123270 0.138708 0.211593 0.073770 0.069171 0.138091 0.079391 0.113937 0.074272 0.165428 0.027530 0.044733 0.075604 0.140607 0.124566 0.113236 0.121447 0.150288 0.071942 0.031823 0.071312 0.067645 0.163478 0.009658 0.044906 0.230996 
0.654512 0.085388 0.119281 0.192905 -0.002497 -0.006487 -0.002818 0.439337 -0.007802 0.282627 0.157650 0.057201 0.273982 0.078484 0.216024 0.197693 0.037202 0.090746 0.096772 0.210550 0.203420 0.286942 0.111384 0.056184 0.231766 -0.022801 0.236009 0.148157 0.258778 0.310257 1.000000 -0.005039 0.366130 0.236054 0.179351 0.116193 0.281033 0.040178 -0.005373 0.117373 0.202926 0.154885 0.290333 0.073574 0.041337 0.221471 0.052539 0.155478 0.115206 0.128812 0.063183 0.061735 0.126297 0.203304 0.138341 0.086131 0.079398 0.300578 0.001057 0.073098 0.194981 0.191874 0.141334 0.228963 0.046024 0.193825 
0.083170 0.073490 0.176447 0.042468 0.742945 0.039230 0.551920 -0.063630 0.381056 0.090407 0.040510 0.300529 0.123886 0.102601 0.261435 -0.012998 0.342142 0.093725 0.039742 -0.035299 0.074541 0.071438 0.114981 0.142302 -0.033815 0.046714 -0.024317 -0.032926 -0.112159 0.401106 -0.005039 1.000000 0.269655 0.023489 0.013140 0.061123 0.073074 0.033768 0.130059 0.044052 0.090503 0.105104 0.121661 0.041751 0.044994 0.066933 0.040823 0.060494 0.052907 0.044598 0.038566 0.000301 -0.026321 0.033816 0.093675 0.093246 0.101822 0.099866 0.038460 0.016469 -0.051829 0.074578 0.076357 -0.057802 0.051546 0.133096 
0.402773 -0.006219 0.157162 0.118267 0.226458 0.048137 0.247609 0.060974 0.252646 0.233743 0.076336 0.106596 0.181757 0.076486 0.386059 0.032629 0.240137 0.191415 0.084450 0.127541 0.134169 0.238771 0.112125 0.263498 0.114826 0.060403 0.080787 0.013606 0.046904 0.888258 0.366130 0.269655 1.000000 0.146361 -0.004446 0.061582 0.214092 0.228614 0.055667 0.241389 0.182942 0.236325 0.256380 0.086002 0.114870 0.186690 0.096907 0.184038 0.077193 0.257216 0.011592 0.035360 0.016786 0.186559 0.203665 0.134644 0.214833 0.178314 0.088588 0.078029 0.036005 0.048711 0.209873 0.032015 0.127166 0.284485 
0.267441 0.045877 0.106136 0.142853 0.028109 0.120096 0.042403 0.252639 0.102503 0.459111 0.231634 0.113677 0.371949 0.132932 0.217066 0.248186 0.111452 0.045549 0.127785 0.168208 0.256285 0.158517 0.230610 0.092785 0.417350 0.110776 0.134443 0.129779 0.208112 0.088684 0.236054 0.023489 0.146361 1.000000 0.100006 0.118236 0.176783 0.104100 0.054334 0.298403 0.384044 0.455600 0.184421 0.014445 0.087331 0.311149 0.082719 0.461945 0.254576 0.395078 0.154532 0.091196 0.136477 0.129447 0.104212 0.158186 0.131611 0.140200 0.080746 0.116726 0.202014 0.121416 0.499831 0.537556 0.082154 0.518953 
0.143368 0.585836 0.016185 0.086414 -0.010466 0.150588 -0.042162 0.114601 -0.013637 0.100507 0.059802 0.130573 0.099463 0.070458 0.086230 0.164648 0.012582 0.141032 0.202603 0.120358 0.052730 0.057126 0.166847 -0.005090 0.137561 0.098374 0.153970 0.496744 0.193331 0.039501 0.179351 0.013140 -0.004446 0.100006 1.000000 0.256116 0.093705 -0.000854 0.084206 0.021742 0.054716 0.035974 0.127631 -0.020528 0.053602 0.065269 0.073781 0.122646 0.147176 0.040885 0.149991 0.118272 0.146929 0.021831 0.110170 0.100564 0.012537 0.255777 0.059658 0.204920 0.718769 0.336264 0.165941 0.118187 0.083990 0.130890 
0.115016 0.039048 0.200547 0.122474 0.038251 0.081810 0.030529 0.154184 0.037931 0.126826 0.077794 0.040010 0.115450 0.160020 0.059873 0.098992 0.054606 0.125010 0.006729 0.061714 0.104375 0.096638 0.145118 0.159416 0.123780 0.089345 0.047609 0.061041 0.111185 0.067947 0.116193 0.061123 0.061582 0.118236 0.256116 1.000000 0.175726 0.200412 0.086551 0.147536 0.143184 0.134993 0.123552 0.110615 0.177534 0.135905 0.177489 0.219181 0.165093 0.068523 0.113010 0.046588 0.044101 0.166823 0.098747 0.197764 0.251756 0.181510 0.138020 0.132809 0.180852 0.246962 0.208224 0.135116 0.261849 0.163565 
0.247841 0.091486 0.121784 0.227733 0.107422 0.141979 0.144156 0.297892 0.186711 0.268528 0.197742 0.019417 0.357709 0.121545 0.246646 0.072149 0.202997 0.113138 0.058501 0.131290 0.240412 0.108201 0.185965 0.115386 0.168614 0.124539 0.120279 0.100318 0.034261 0.173660 0.281033 0.073074 0.214092 0.176783 0.093705 0.175726 1.000000 0.157231 0.078154 0.264217 0.363924 0.307708 0.471951 0.430636 0.046557 0.494568 0.127646 0.202167 0.079611 0.211160 0.057504 0.051172 0.047402 0.777863 0.149706 0.174701 0.117030 0.492882 0.118578 0.074427 0.075416 0.086267 0.130088 0.099035 0.105315 0.165499 
0.030019 0.016648 0.043581 0.171754 0.174502 0.107304 0.284117 0.075966 0.224257 0.166418 0.033472 0.003198 0.131811 0.046823 0.075686 0.017168 0.182469 0.162406 0.001579 0.060486 0.163489 0.144543 0.259345 0.292300 0.139668 0.164756 0.043388 -0.023110 -0.006343 0.095604 0.040178 0.033768 0.228614 0.104100 -0.000854 0.200412 0.157231 1.000000 0.062769 0.793354 0.183890 0.451934 0.085477 0.065120 0.253023 0.178702 0.130507 0.435493 0.128592 0.535921 0.039617 0.037334 -0.031548 0.156325 0.164099 0.347936 0.348654 0.112943 0.211128 0.125955 -0.002406 0.015680 0.158414 -0.066681 0.761567 0.080361 
0.093414 0.100971 0.103596 0.050025 0.084354 0.603704 0.099824 0.086032 0.090691 0.091303 0.072956 0.134338 0.126105 0.384231 0.097857 0.044383 0.095126 0.001272 0.045882 0.036966 0.051227 -0.005770 0.083079 0.012867 0.116818 0.507701 0.141268 0.210944 0.094012 0.073843 -0.005373 0.130059 0.055667 0.054334 0.084206 0.086551 0.078154 0.062769 1.000000 0.072820 0.066106 0.063946 0.092006 -0.011947 0.121830 0.133830 0.305008 0.045185 0.112461 0.063902 0.204222 -0.057675 -0.037808 0.070435 0.057459 0.109202 0.104861 0.113631 0.540839 0.179651 0.154098 0.057739 0.044426 0.037765 0.061138 0.064706 
0.102265 0.055001 0.093863 0.193133 0.156165 0.135139 0.247932 0.148525 0.243266 0.440468 0.054878 0.028577 0.276051 0.079844 0.151616 0.125146 0.194624 0.115064 0.002976 0.090970 0.227953 0.158118 0.317868 0.255535 0.320611 0.157236 0.086517 0.059909 0.075417 0.116941 0.117373 0.044052 0.241389 0.298403 0.021742 0.147536 0.264217 0.793354 0.072820 1.000000 0.297573 0.790858 0.164343 0.047859 0.186833 0.332056 0.137568 0.578830 0.140006 0.853322 0.084649 0.084086 -0.058715 0.191506 0.125441 0.272261 0.251406 0.202289 0.206987 0.136178 0.075776 0.051474 0.288329 0.022783 0.568369 0.224602 
0.199109 -0.004068 0.089017 0.273186 0.181296 0.138240 0.231093 0.233407 0.215836 0.296207 0.309416 0.082949 0.515512 0.159667 0.239307 -0.046153 0.181349 0.122394 0.098009 0.141771 0.427915 0.041031 0.037244 0.043094 0.271276 0.133821 0.079442 0.056898 0.107322 0.123270 0.202926 0.090503 0.182942 0.384044 0.054716 0.143184 0.363924 0.183890 0.066106 0.297573 1.000000 0.325954 0.430105 0.238862 0.099901 0.423298 0.152607 0.225539 -0.004464 0.259664 0.116791 -0.022366 -0.027226 0.379968 0.103242 0.105698 0.128768 0.423505 0.198316 0.106534 0.024697 0.201375 0.098293 0.123074 0.086007 0.112626 
0.149846 0.041664 0.102613 0.195445 0.152417 0.145910 0.210635 0.193440 0.252041 0.528487 0.102530 0.082023 0.372403 0.078324 0.202178 0.118388 0.208072 0.106663 0.014379 0.109723 0.278758 0.134227 0.244154 0.194185 0.375720 0.128925 0.065438 0.070316 0.068391 0.138708 0.154885 0.105104 0.236325 0.455600 0.035974 0.134993 0.307708 0.451934 0.063946 0.790858 0.325954 1.000000 0.223904 0.074375 0.109347 0.381160 0.102889 0.676599 0.099316 0.806092 0.066988 0.060953 -0.069015 0.200486 0.057523 0.171982 0.125757 0.247647 0.132619 0.135623 0.099867 0.046641 0.412596 0.065352 0.391417 0.332061 
0.372515 0.065134 0.143331 0.192714 0.163047 0.136293 0.306653 0.274118 0.401350 0.266510 0.157993 0.037969 0.593495 0.102704 0.454437 0.063935 0.516122 0.045610 0.034233 0.081646 0.231844 0.114155 0.147729 0.035575 0.212580 0.081254 0.185348 0.150431 0.140726 0.211593 0.290333 0.121661 0.256380 0.184421 0.127631 0.123552 0.471951 0.085477 0.092006 0.164343 0.430105 0.223904 1.000000 0.226674 0.079858 0.364688 0.101917 0.158857 0.143784 0.107007 0.084582 -0.000119 0.014099 0.485920 0.198393 0.274337 0.123615 0.813460 0.110431 0.121139 0.108942 0.329715 0.164805 0.116578 0.026395 0.236355 
0.091390 -0.014053 -0.009693 0.168756 0.057045 0.054827 0.078567 0.167725 0.098999 0.035241 0.355251 -0.006336 0.160337 0.011464 0.144642 -0.069780 0.120600 0.034640 0.077303 0.022566 0.167801 -0.014594 0.007729 0.009288 0.032196 -0.022683 -0.021905 0.022604 0.006717 0.073770 0.073574 0.041751 0.086002 0.014445 -0.020528 0.110615 0.430636 0.065120 -0.011947 0.047859 0.238862 0.074375 0.226674 1.000000 0.039655 0.360289 0.033877 -0.006842 0.021154 0.009371 -0.103518 -0.006754 0.005144 0.666857 0.102127 0.118291 0.095893 0.196941 0.040182 0.015176 -0.053381 0.043337 -0.019044 -0.055607 0.023495 0.011150 
0.022665 0.077515 0.135645 0.074132 0.067221 0.212384 0.081369 -0.016446 0.098410 0.084720 0.045035 0.004957 0.074407 0.334656 0.022432 -0.009969 0.080328 0.166267 -0.034672 0.045498 0.038788 0.035272 0.062002 0.132314 0.084783 0.241808 0.049160 0.028423 0.079391 0.069171 0.041337 0.044994 0.114870 0.087331 0.053602 0.177534 0.046557 0.253023 0.121830 0.186833 0.099901 0.109347 0.079858 0.039655 1.000000 0.066980 0.780890 0.137417 0.004178 0.115310 0.086273 0.292187 0.104157 0.059904 0.042980 0.046464 0.090965 0.093831 0.584577 0.081330 0.072865 0.080915 0.052658 -0.008478 0.367050 0.040775 
0.264988 0.025662 0.097647 0.283456 0.122275 0.138134 0.152162 0.363987 0.184462 0.412682 0.389287 0.037999 0.527426 0.114549 0.287332 -0.006570 0.187676 0.038969 0.121030 0.117211 0.394678 0.046795 0.106284 0.085145 0.415703 0.129586 0.114088 0.074338 0.158610 0.138091 0.221471 0.066933 0.186690 0.311149 0.065269 0.135905 0.494568 0.178702 0.133830 0.332056 0.423298 0.381160 0.364688 0.360289 0.066980 1.000000 0.138133 0.227368 0.035211 0.362782 0.125588 0.048044 0.065540 0.647634 0.098479 0.074187 0.122700 0.274969 0.157771 0.088750 0.057191 0.102885 0.101905 0.075680 0.065239 0.158186 
0.025523 0.065081 0.152989 0.139275 0.050515 0.420200 0.057006 0.019145 0.065543 0.134706 0.095084 0.096784 0.145898 0.685201 0.017469 -0.003223 0.065352 0.201099 -0.009961 0.089618 0.118385 -0.043714 0.036386 0.067909 0.121325 0.464668 0.014772 0.038627 0.091493 0.079391 0.052539 0.040823 0.096907 0.082719 0.073781 0.177489 0.127646 0.130507 0.305008 0.137568 0.152607 0.102889 0.101917 0.033877 0.780890 0.138133 1.000000 0.123447 -0.054942 0.117100 0.153490 0.127731 -0.029778 0.103654 0.058360 -0.011411 0.046030 0.111816 0.754367 0.100856 0.068995 0.080604 0.056060 0.052920 0.178893 0.060749 
0.156081 0.067694 0.075996 0.179607 0.111777 0.094280 0.153881 0.139622 0.157204 0.369123 0.091499 0.048027 0.225599 0.071836 0.160834 0.114384 0.173155 0.067564 0.051236 0.101381 0.207591 0.121793 0.245912 0.103008 0.314973 0.084514 0.111724 0.096964 0.094119 0.113937 0.155478 0.060494 0.184038 0.461945 0.122646 0.219181 0.202167 0.435493 0.045185 0.578830 0.225539 0.676599 0.158857 -0.006842 0.137417 0.227368 0.123447 1.000000 0.144489 0.557791 0.119151 0.166602 -0.026867 0.104401 0.094595 0.186476 0.143404 0.159394 0.097195 0.205369 0.176747 0.086885 0.673112 0.179234 0.523631 0.475902 
0.177580 0.107718 0.074686 -0.016988 0.086617 0.097195 0.066453 0.065650 0.069356 0.093403 -0.053095 0.030448 0.092448 -0.017331 0.176749 0.456542 0.144739 0.067684 0.088949 0.112387 -0.028524 0.193107 0.463522 0.106722 0.120846 0.043066 0.114596 0.187235 0.164986 0.074272 0.115206 0.052907 0.077193 0.254576 0.147176 0.165093 0.079611 0.128592 0.112461 0.140006 -0.004464 0.099316 0.143784 0.021154 0.004178 0.035211 -0.054942 0.144489 1.000000 0.112483 0.150993 0.143923 0.163372 0.001593 0.181523 0.737592 0.376765 0.110865 -0.029647 0.060838 0.265090 0.181581 0.233594 0.230423 0.096993 0.210921 
0.121742 0.075862 0.088969 0.135909 0.135231 0.115818 0.206646 0.137640 0.228371 0.480748 0.050630 0.040211 0.256472 0.080721 0.167648 0.152855 0.152266 0.067422 -0.001394 0.088907 0.193523 0.142527 0.311752 0.217430 0.342636 0.132611 0.112732 0.119989 0.091698 0.165428 0.128812 0.044598 0.257216 0.395078 0.040885 0.068523 0.211160 0.535921 0.063902 0.853322 0.259664 0.806092 0.107007 0.009371 0.115310 0.362782 0.117100 0.557791 0.112483 1.000000 0.128310 0.157705 -0.027101 0.137391 0.072973 0.199684 0.138457 0.139698 0.149176 0.184789 0.133242 0.051720 0.339377 0.079818 0.342819 0.296640 
0.133360 0.150166 0.106116 0.078035 0.053612 0.158964 0.040072 0.029542 0.020986 0.113011 0.045267 0.145782 0.104036 0.238520 0.092769 0.112173 0.028576 0.094347 0.100682 0.122035 0.089403 0.035390 0.092711 0.071939 0.133495 0.275138 0.077789 0.169441 0.134835 0.027530 0.063183 0.038566 0.011592 0.154532 0.149991 0.113010 0.057504 0.039617 0.204222 0.084649 0.116791 0.066988 0.084582 -0.103518 0.086273 0.125588 0.153490 0.119151 0.150993 0.128310 1.000000 0.017547 0.302060 -0.004376 -0.004989 0.088944 0.115216 0.077779 0.178462 0.074470 0.173842 0.130119 0.107432 0.173519 0.048277 0.071970 
0.049745 0.110708 -0.009752 0.051253 -0.023687 -0.055496 -0.050403 0.013758 -0.008101 0.022533 -0.018500 0.013432 -0.009491 0.041207 0.053473 0.065555 -0.019662 0.048239 0.013313 0.056989 0.021588 0.081875 0.052947 0.010534 0.075091 0.019416 0.065463 0.092527 0.129580 0.044733 0.061735 0.000301 0.035360 0.091196 0.118272 0.046588 0.051172 0.037334 -0.057675 0.084086 -0.022366 0.060953 -0.000119 -0.006754 0.292187 0.048044 0.127731 0.166602 0.143923 0.157705 0.017547 1.000000 0.306913 0.034890 0.044779 0.071748 0.092966 0.023897 0.089457 0.062035 0.237073 0.106162 0.193025 0.098248 0.025171 0.122450 
0.169734 0.128005 0.086666 -0.037173 -0.074817 0.023731 -0.137261 0.031509 -0.065627 -0.044515 -0.026544 0.031276 0.011492 -0.014065 0.106083 0.130697 -0.016658 -0.008419 0.099497 0.031650 -0.070170 0.095868 0.078157 0.042609 -0.024366 0.023570 0.095942 0.160701 0.142128 0.075604 0.126297 -0.026321 0.016786 0.136477 0.146929 0.044101 0.047402 -0.031548 -0.037808 -0.058715 -0.027226 -0.069015 0.014099 0.005144 0.104157 0.065540 -0.029778 -0.026867 0.163372 -0.027101 0.302060 0.306913 1.000000 0.032921 0.019938 0.081823 0.020826 0.019874 -0.010962 -0.050468 0.207862 0.134181 0.069596 0.183816 0.033874 0.078536 
0.234111 -0.023726 0.065341 0.197811 0.078231 0.103322 0.133234 0.377151 0.168669 0.213066 0.357381 -0.061057 0.414959 0.062052 0.255366 -0.048543 0.189444 0.057886 0.062569 0.110435 0.246205 0.036251 0.066592 0.058469 0.172915 0.070422 0.053850 0.008063 0.062210 0.140607 0.203304 0.033816 0.186559 0.129447 0.021831 0.166823 0.777863 0.156325 0.070435 0.191506 0.379968 0.200486 0.485920 0.666857 0.059904 0.647634 0.103654 0.104401 0.001593 0.137391 -0.004376 0.034890 0.032921 1.000000 0.135978 0.111339 0.110903 0.422601 0.119203 0.074741 -0.014177 0.097185 0.038785 0.008223 0.079104 0.071217 
0.147487 0.111236 0.140416 0.105207 0.114681 0.036329 0.148650 0.123943 0.124153 0.144388 0.047615 0.073322 0.142824 0.044621 0.116477 0.090190 0.155711 0.171000 0.054325 0.173035 0.106115 0.277974 0.110500 0.231270 0.133912 0.045552 0.106953 0.115773 0.119090 0.124566 0.138341 0.093675 0.203665 0.104212 0.110170 0.098747 0.149706 0.164099 0.057459 0.125441 0.103242 0.057523 0.198393 0.102127 0.042980 0.098479 0.058360 0.094595 0.181523 0.072973 -0.004989 0.044779 0.019938 0.135978 1.000000 0.237901 0.633405 0.135518 0.045781 0.253942 0.126687 0.205819 0.164989 0.239601 0.080951 0.330675 
0.144343 0.104953 0.059329 0.099570 0.216273 0.139753 0.254524 0.110583 0.215568 0.112037 -0.013024 0.087754 0.156794 0.033779 0.206204 0.328144 0.283550 0.110412 0.008426 0.112585 0.070846 0.171341 0.618462 0.155816 0.133592 0.100099 0.098087 0.125457 0.074121 0.113236 0.086131 0.093246 0.134644 0.158186 0.100564 0.197764 0.174701 0.347936 0.109202 0.272261 0.105698 0.171982 0.274337 0.118291 0.046464 0.074187 -0.011411 0.186476 0.737592 0.199684 0.088944 0.071748 0.081823 0.111339 0.237901 1.000000 0.452777 0.161456 0.038762 0.085894 0.102583 0.061759 0.172138 0.109423 0.232664 0.130649 
0.109641 0.067719 0.153187 0.117344 0.186452 0.085831 0.221886 0.087009 0.182095 0.109159 0.010673 0.153908 0.138324 0.073672 0.128391 0.074358 0.188375 0.180510 0.030394 0.151323 0.112913 0.293026 0.139381 0.328203 0.122423 0.129826 0.091601 0.082473 0.132235 0.121447 0.079398 0.101822 0.214833 0.131611 0.012537 0.251756 0.117030 0.348654 0.104861 0.251406 0.128768 0.125757 0.123615 0.095893 0.090965 0.122700 0.046030 0.143404 0.376765 0.138457 0.115216 0.092966 0.020826 0.110903 0.633405 0.452777 1.000000 0.080665 0.111971 0.251173 0.088564 0.104424 0.102646 0.052254 0.182160 0.185176 
0.338093 0.157687 0.148105 0.156631 0.101399 0.106405 0.180086 0.256488 0.253272 0.261568 0.175300 0.056401 0.565366 0.100788 0.348132 0.086411 0.318332 0.052296 0.075521 0.077314 0.212990 0.110603 0.127315 0.018891 0.177271 0.080920 0.183904 0.200831 0.126828 0.150288 0.300578 0.099866 0.178314 0.140200 0.255777 0.181510 0.492882 0.112943 0.113631 0.202289 0.423505 0.247647 0.813460 0.196941 0.093831 0.274969 0.111816 0.159394 0.110865 0.139698 0.077779 0.023897 0.019874 0.422601 0.135518 0.161456 0.080665 1.000000 0.102526 0.170635 0.221893 0.518613 0.109577 0.067494 0.071294 0.171861 
0.040725 0.057909 0.150795 0.126007 0.051085 0.554295 0.075185 0.051744 0.093008 0.141652 0.096626 0.064308 0.172982 0.617434 0.079577 -0.021543 0.042474 0.186190 -0.018179 0.089696 0.131844 -0.033759 0.042423 0.085334 0.129234 0.704135 0.023024 0.043636 0.105530 0.071942 0.001057 0.038460 0.088588 0.080746 0.059658 0.138020 0.118578 0.211128 0.540839 0.206987 0.198316 0.132619 0.110431 0.040182 0.584577 0.157771 0.754367 0.097195 -0.029647 0.149176 0.178462 0.089457 -0.010962 0.119203 0.045781 0.038762 0.111971 0.102526 1.000000 0.064413 0.049611 0.045639 0.047933 0.011064 0.172205 0.060708 
0.121718 -0.012413 0.055111 0.141790 0.043516 0.169880 0.089332 0.095659 0.066539 0.098461 0.036378 0.049818 0.111100 0.069530 0.075993 0.001945 0.073141 0.087156 0.123501 0.171694 0.139505 0.075079 0.081119 0.075374 0.134302 0.041454 -0.009130 0.096940 0.001363 0.031823 0.073098 0.016469 0.078029 0.116726 0.204920 0.132809 0.074427 0.125955 0.179651 0.136178 0.106534 0.135623 0.121139 0.015176 0.081330 0.088750 0.100856 0.205369 0.060838 0.184789 0.074470 0.062035 -0.050468 0.074741 0.253942 0.085894 0.251173 0.170635 0.064413 1.000000 0.326895 0.216220 0.154731 0.091901 0.116913 0.183039 
0.220094 0.415401 0.050137 0.120210 -0.064187 0.252443 -0.068824 0.099557 0.018113 0.104276 0.062872 0.112029 0.100618 0.077313 0.137201 0.214712 0.032490 0.105327 0.230370 0.162411 0.069373 0.067839 0.125788 0.013114 0.189264 0.096613 0.255231 0.596641 0.238233 0.071312 0.194981 -0.051829 0.036005 0.202014 0.718769 0.180852 0.075416 -0.002406 0.154098 0.075776 0.024697 0.099867 0.108942 -0.053381 0.072865 0.057191 0.068995 0.176747 0.265090 0.133242 0.173842 0.237073 0.207862 -0.014177 0.126687 0.102583 0.088564 0.221893 0.049611 0.326895 1.000000 0.335898 0.159738 0.141431 0.054709 0.129871 
0.247964 0.171130 0.119292 0.044209 0.017505 0.048190 0.032586 0.174735 0.100821 0.103019 0.129823 0.056470 0.277206 0.046785 0.212081 0.036715 0.110989 0.045884 0.118028 0.088003 0.068517 0.105315 0.032214 0.038948 0.075988 0.053529 0.104533 0.189106 0.145881 0.067645 0.191874 0.074578 0.048711 0.121416 0.336264 0.246962 0.086267 0.015680 0.057739 0.051474 0.201375 0.046641 0.329715 0.043337 0.080915 0.102885 0.080604 0.086885 0.181581 0.051720 0.130119 0.106162 0.134181 0.097185 0.205819 0.061759 0.104424 0.518613 0.045639 0.216220 0.335898 1.000000 0.082426 0.115773 0.042792 0.127963 
0.172750 0.087965 0.064624 0.056023 0.071840 0.076183 0.100195 0.126378 0.134215 0.310149 0.029042 0.023110 0.149613 0.051193 0.182193 0.206398 0.204404 0.028796 0.020506 0.025380 0.093446 0.210231 0.273661 0.114008 0.232236 0.045456 0.093251 0.093462 0.104522 0.163478 0.141334 0.076357 0.209873 0.499831 0.165941 0.208224 0.130088 0.158414 0.044426 0.288329 0.098293 0.412596 0.164805 -0.019044 0.052658 0.101905 0.056060 0.673112 0.233594 0.339377 0.107432 0.193025 0.069596 0.038785 0.164989 0.172138 0.102646 0.109577 0.047933 0.154731 0.159738 0.082426 1.000000 0.411100 0.273892 0.892636 
0.204297 0.053988 0.045992 -0.002328 -0.093786 0.057319 -0.095186 0.174552 -0.036404 0.187656 0.056047 0.041458 0.098509 0.135475 0.117053 0.305549 0.004792 0.068828 0.045413 0.115072 -0.002949 0.179937 0.204746 0.018804 0.197865 0.025552 0.096126 0.069666 0.191252 0.009658 0.228963 -0.057802 0.032015 0.537556 0.118187 0.135116 0.099035 -0.066681 0.037765 0.022783 0.123074 0.065352 0.116578 -0.055607 -0.008478 0.075680 0.052920 0.179234 0.230423 0.079818 0.173519 0.098248 0.183816 0.008223 0.239601 0.109423 0.052254 0.067494 0.011064 0.091901 0.141431 0.115773 0.411100 1.000000 -0.034013 0.512291 
0.042849 0.023850 -0.004015 0.074186 0.100271 0.122920 0.144228 0.047749 0.140880 0.082994 0.011293 -0.018262 0.081734 0.031052 0.041272 0.020532 0.128895 0.054290 -0.006458 -0.038595 0.078639 0.074302 0.190139 0.139295 0.077176 0.112441 0.041658 -0.029556 -0.009159 0.044906 0.046024 0.051546 0.127166 0.082154 0.083990 0.261849 0.105315 0.761567 0.061138 0.568369 0.086007 0.391417 0.026395 0.023495 0.367050 0.065239 0.178893 0.523631 0.096993 0.342819 0.048277 0.025171 0.033874 0.079104 0.080951 0.232664 0.182160 0.071294 0.172205 0.116913 0.054709 0.042792 0.273892 -0.034013 1.000000 0.107564 
0.222008 0.104598 0.139879 0.050095 0.121634 0.071857 0.149475 0.150350 0.187322 0.357663 0.040479 0.054992 0.203630 0.067971 0.230284 0.236737 0.259029 0.035197 0.022005 0.030018 0.095279 0.282252 0.287771 0.181124 0.247967 0.042063 0.122425 0.099418 0.145473 0.230996 0.193825 0.133096 0.284485 0.518953 0.130890 0.163565 0.165499 0.080361 0.064706 0.224602 0.112626 0.332061 0.236355 0.011150 0.040775 0.158186 0.060749 0.475902 0.210921 0.296640 0.071970 0.122450 0.078536 0.071217 0.330675 0.130649 0.185176 0.171861 0.060708 0.183039 0.129871 0.127963 0.892636 0.512291 0.107564 1.000000 
