0.000000000000000000e+00 9.962711540300220325e-03 2.885553112152213287e-02 2.503107371641648260e-02 1.034515728081078501e-02 7.075246199445454172e-04 7.515058801032603771e-03 5.870542116837173911e-03 2.162730662587245348e-02 5.736686107658475623e-05 4.684960321254421668e-03 2.866430825126685053e-02 1.302227746438474124e-02 6.941390190266755883e-03 6.228128884214551714e-02 3.906683239315422024e-02 7.668037097236829643e-03 1.650253370303088329e-02 1.745864805430729499e-02 1.543168562960130046e-02 4.952672339611817812e-03 1.587149823118844940e-03 9.809733244095994453e-03 1.313701118653791064e-02 1.195142939095515840e-02 2.696242470599483597e-03 4.231762118749402696e-02 2.935271058418586695e-02 6.444210727603020931e-03 1.816617267425183965e-03 9.312553781432258634e-03 2.457213882780380498e-02 1.252509800172100542e-02 1.891194186824744078e-02 1.719093603594989972e-02 3.233578736016827493e-02 1.298403289033368477e-02 2.199063007935749079e-03 6.444210727603020931e-03 2.694330241896930947e-02 2.046084711731523207e-03 1.879720814609427137e-02 9.771488670044937985e-03 5.832297542786117443e-03 3.899034324505210730e-02 4.013768046658380134e-02 2.755521560378621296e-02 5.868629888134620914e-02 4.713643751792714193e-02 1.198967396500621486e-02 2.919973228798164108e-02 2.499282914236542613e-02 6.176498709245625655e-03 4.231762118749402696e-02 4.950760110909264988e-02 4.124677311406443891e-02 2.889377569557318934e-02 1.436083755617171762e-02 3.843579692131178938e-03 6.671765943206807437e-02 2.927622143608375402e-02 7.247346782675207627e-03 1.684673486949039151e-02 3.078688211110048711e-03 3.122669471268763736e-02 8.662396022564298678e-03 
9.962711540300220325e-03 0.000000000000000000e+00 1.321350033464002358e-02 2.485897313318673131e-04 1.432259298212066115e-02 3.298594511903623488e-02 1.019217898460655913e-02 1.684673486949039151e-02 5.449851802275551896e-03 4.185868629888134934e-02 2.273639927335309452e-02 5.111387321923702154e-02 1.091882589157663203e-02 1.112343436274978448e-01 2.082417057080026765e-02 7.897504541543169318e-03 3.726933741275456624e-02 7.172769863275647861e-02 2.422793766134429677e-02 2.904675399177741521e-02 1.003920068840233326e-02 7.400325078879434366e-03 2.793766134429677764e-02 6.826656468113586479e-03 3.011760206520699978e-02 5.237594416292188498e-02 9.236064633330145698e-03 6.023520413041399783e-03 3.654269050578449335e-02 3.654269050578449335e-02 3.788125059757146973e-02 4.455492876948082860e-03 3.508939669184434756e-02 2.946744430633903983e-02 1.893106415527297118e-03 3.700162539439717097e-02 1.816617267425183965e-03 1.283105459412945716e-02 5.914523376995888676e-02 1.011568983650444620e-02 5.411607228224495428e-03 4.774835070274404542e-02 2.485897313318673131e-04 1.198967396500621486e-02 5.272014532938139320e-02 2.560474232718232962e-02 7.176594320680752814e-02 4.254708863180036577e-02 3.344488000764891250e-02 5.436466201357682132e-02 7.438569652930490834e-03 1.856774070178793257e-02 2.529878573477387788e-02 2.772731618701596533e-03 4.780571756382063380e-04 1.791758294291997261e-02 3.115020556458552442e-02 6.329477005449851527e-03 6.266373458265608876e-02 4.270006692800459164e-02 6.100009561143512719e-03 1.013481212352997487e-03 2.587245434553972490e-02 1.573764222200975393e-02 3.164738502724925850e-02 3.769002772731618739e-02 
2.885553112152213287e-02 1.321350033464002358e-02 0.000000000000000000e+00 1.371067979730375766e-02 2.935271058418586695e-02 8.624151448513242210e-03 1.003920068840233326e-02 4.468878477865952797e-02 2.485897313318673131e-04 3.849316378238837322e-02 1.459030500047805642e-02 1.309876661248685417e-02 1.837651783153265023e-02 3.290945597093412195e-02 1.510660675016732004e-03 1.982981164547279948e-02 2.103451572808107909e-04 5.864805430729515268e-02 2.199063007935749079e-03 2.721101443732670475e-02 5.947031264939286847e-03 8.738885170666411614e-03 3.918156611530738964e-02 2.090065971890238058e-02 2.843484080696051172e-02 2.778468304809255177e-02 3.849316378238837322e-02 6.711922745960417075e-03 2.939095515823692342e-02 2.220097523663830050e-02 2.426618223539535324e-02 1.998278994167702535e-02 3.111196099053446795e-02 3.007935749115594332e-02 1.967683334926857361e-02 3.700162539439717097e-02 2.212448608853618756e-02 4.426809446409790683e-02 3.065302610192179034e-02 4.354144755712783393e-02 5.736686107658475623e-05 5.080791662682856979e-02 1.891194186824744078e-02 6.405966153551964463e-03 5.562673295726169170e-02 1.451381585237594349e-02 6.048379386174586314e-02 2.166555119992350995e-02 8.547662300411129274e-03 3.168562960130031497e-02 1.740128119323071029e-03 1.198967396500621486e-02 1.627306625872454449e-02 4.354144755712783393e-02 2.849220766803709903e-03 3.690601395926953066e-03 3.424801606272109833e-02 2.556649775313127315e-02 6.989195907830576815e-02 1.443732670427383055e-02 8.279950282053733998e-03 3.155177359212161647e-03 1.298403289033368477e-02 2.162730662587245348e-02 2.686681327086719653e-02 1.883545272014532784e-02 
2.503107371641648260e-02 2.485897313318673131e-04 1.371067979730375766e-02 0.000000000000000000e+00 5.826560856678458800e-02 6.826656468113586479e-03 3.941103355961372845e-02 3.260349937852567020e-02 1.948561047901329127e-02 9.159575485228032762e-03 2.178028492207667935e-02 5.526340950377664832e-03 3.065302610192179034e-02 2.835835165885839879e-02 2.415144851324218384e-02 4.082608279950281777e-02 8.700640596615355146e-03 2.396022564298690150e-02 1.271632087197628776e-02 2.338655703222105448e-02 1.810880581317525495e-02 1.198967396500621486e-02 2.560474232718232962e-02 2.438091595754852264e-02 1.128214934506166891e-03 5.157280810784969916e-02 1.856774070178793257e-02 2.849220766803709903e-03 2.759346017783726943e-02 9.006597189023806890e-03 2.740223730758198709e-02 6.673678171909360607e-03 2.734487044650540065e-03 2.070943684864709824e-02 1.013481212352997487e-03 2.887465340854766371e-03 2.625490008605029305e-02 2.313796730088918483e-03 3.765178315326513092e-02 3.002199063007935775e-03 9.350798355483315102e-03 6.100009561143512719e-03 1.516397361124390518e-02 6.520699875705134735e-03 2.036523568218759003e-02 1.225738598336361014e-02 2.908499856582847168e-02 3.614112247824839697e-03 5.411607228224495428e-03 4.187780858590687584e-03 2.139783918156611467e-02 1.378716894540587060e-02 1.210440768715938427e-02 1.057462472511712381e-02 3.061478152787073387e-02 6.291232431398795059e-03 2.805239506644994704e-02 1.357682378812505915e-03 2.751697102973515649e-02 3.130318386078975029e-02 1.669375657328616563e-02 1.504923988909073578e-02 4.493737450999139328e-03 7.362080504828377898e-03 1.271632087197628776e-02 4.302514580743856988e-03 
1.034515728081078501e-02 1.432259298212066115e-02 2.935271058418586695e-02 5.826560856678458800e-02 0.000000000000000000e+00 3.116932785161105179e-03 3.805335118080122470e-03 2.051821397839181590e-02 3.767090544029066002e-03 3.313892341524046076e-02 2.648436753035663185e-02 2.275552156037862015e-03 3.738407113490773565e-02 7.629792523185773175e-03 1.577588679606081040e-02 1.179845109475093252e-02 4.149536284539631116e-03 2.155081747777034054e-02 4.185868629888134934e-02 1.088058131752557556e-02 4.575963285208910908e-02 4.493737450999139328e-03 5.067406061764987216e-03 6.750167320011473543e-03 4.510947509322114912e-02 5.373362654173438960e-03 1.944736590496223480e-02 2.847308538101156819e-02 2.032699110813653356e-02 1.049813557701501088e-02 2.350129075437422388e-02 7.859259967492112850e-03 1.434171526914619068e-03 2.288937756955732039e-02 2.262166555119992511e-02 1.776460464671574674e-02 3.290945597093412195e-02 1.524046275934601812e-02 2.113012716320871939e-02 6.520699875705134735e-03 4.455492876948082860e-03 1.627306625872454449e-02 4.837938617458648408e-03 1.363419064920164472e-02 1.336647863084424945e-02 2.084329285782579675e-03 1.979156707142174301e-02 1.510660675016732004e-03 7.056123912419925287e-03 1.715269146189884325e-02 7.075246199445454172e-04 3.524237498804857344e-02 2.281288842145520745e-02 1.076584759537240615e-02 4.187780858590687584e-03 1.646428912897982683e-02 2.082417057080026765e-02 2.610192178984606717e-02 2.231570895879146990e-02 2.204799694043407463e-02 2.212448608853618756e-02 2.619753322497370661e-03 1.133951620613825491e-02 4.876183191509704876e-03 1.195142939095515840e-02 1.187494024285304546e-02 
7.075246199445454172e-04 3.298594511903623488e-02 8.624151448513242210e-03 6.826656468113586479e-03 3.116932785161105179e-03 0.000000000000000000e+00 2.160818433884692611e-03 1.091882589157663203e-02 1.684673486949039151e-02 1.875896357204321491e-02 3.092073812027918561e-02 3.707811454249928390e-02 1.122478248398508377e-02 1.089970360455110423e-03 3.141791758294291970e-02 2.373075819868056269e-02 6.023520413041399783e-03 4.952672339611817812e-03 2.571947604933549902e-02 5.870542116837173911e-03 5.220384357969213088e-03 1.166459508557223359e-03 6.520699875705134735e-03 1.332823405679319298e-02 1.168371737259776312e-02 1.990630079357491242e-02 2.581508748446314193e-03 1.493450616693756637e-02 1.103355961372980143e-02 8.547662300411129274e-03 4.455492876948082860e-03 2.269815469930203805e-02 1.191318481690410193e-02 9.197820059279089230e-03 2.082417057080026765e-02 2.663734582656085773e-02 2.893202026962424581e-02 3.791949517162252620e-02 4.302514580743856988e-03 6.444210727603020931e-03 1.271632087197628776e-02 2.434267138349746618e-02 2.510756286451859554e-02 3.558657615450808165e-02 2.103451572808107909e-04 2.365426905057844975e-02 7.859259967492112850e-03 1.156898365044459372e-02 6.189884310163495246e-02 1.317525576058896711e-02 2.889377569557318934e-02 1.405488096376326587e-02 2.556649775313127315e-02 4.679223635146763371e-02 3.551008700640596871e-02 4.097906109570704364e-02 2.545176403097810375e-02 3.738407113490773565e-02 2.644612295630557539e-02 3.554833158045702518e-02 1.130127163208719844e-02 1.221914140931255367e-02 1.233387513146572308e-02 3.078688211110048711e-03 1.088058131752557556e-02 2.036523568218759003e-02 
7.515058801032603771e-03 1.019217898460655913e-02 1.003920068840233326e-02 3.941103355961372845e-02 3.805335118080122470e-03 2.160818433884692611e-03 0.000000000000000000e+00 1.902667559040061018e-02 4.881919877617363346e-02 3.780476144946935679e-02 6.310354718424323727e-04 1.634955540682665742e-02 3.065302610192179034e-02 3.363610287790419484e-02 7.438569652930490834e-03 4.377091500143417274e-02 7.662300411129170652e-02 2.610192178984606717e-02 2.667559040061191419e-02 4.684960321254421668e-03 3.826369633808203441e-02 2.243044268094463931e-02 1.780284922076680321e-02 2.571947604933549902e-02 3.267998852662778314e-02 2.352041304139974951e-03 2.889377569557318934e-02 1.229563055741466661e-02 8.930108040921693954e-03 9.752366383019409101e-04 3.948752270771584139e-02 3.034706950951333859e-02 4.780571756382063380e-04 1.459030500047805642e-02 4.736590496223348074e-02 1.489626159288650990e-02 5.482359690218949894e-02 1.757338177646046440e-02 8.012238263696338722e-03 3.535710871020174284e-02 4.914427765560761344e-03 3.382732574815947718e-02 1.795582751697102908e-02 1.661726742518405270e-02 2.399847021703795796e-02 2.449564967970169205e-02 2.174204034802562288e-02 1.910316473850272659e-02 7.356343818720718908e-02 4.426809446409790683e-02 7.476814226981547302e-03 2.055645855244287237e-02 1.975332249737068654e-02 5.539726551295535290e-02 4.417248302897026392e-03 3.497466296969117816e-02 3.749880485706090505e-02 2.908499856582847168e-02 7.744526245338942579e-03 3.600726646906970280e-02 9.369920642508844421e-04 4.761449469356535472e-03 6.520699875705134735e-03 1.198967396500621486e-02 3.466870637728272642e-02 1.166459508557223359e-03 
5.870542116837173911e-03 1.684673486949039151e-02 4.468878477865952797e-02 3.260349937852567020e-02 2.051821397839181590e-02 1.091882589157663203e-02 1.902667559040061018e-02 0.000000000000000000e+00 9.044841763074863358e-03 5.195525384836026384e-02 2.682856869681614007e-02 2.526054116072282141e-02 1.650253370303088329e-02 3.023233578736016919e-02 2.269815469930203805e-02 2.770819389999043883e-02 1.214265226121044074e-02 1.994454536762596888e-02 3.002199063007935775e-03 1.242948656659336511e-03 2.721101443732670475e-02 4.990916913662874280e-03 3.302418969308729135e-02 8.432928578257959870e-03 4.174395257672817994e-02 1.921789846065589599e-02 2.445740510565063558e-02 2.587245434553972490e-02 2.594894349364183783e-02 1.914140931255378306e-02 3.279472224878095254e-02 7.859259967492112850e-03 1.715269146189884325e-02 2.277464384740415099e-02 2.269815469930203805e-02 3.126493928673869382e-02 2.353953532842528035e-02 4.876183191509704876e-03 3.958313414284348776e-03 5.717563820632948039e-03 3.614112247824839697e-03 1.405488096376326587e-02 1.665551199923510917e-02 1.275456544602734422e-02 1.141600535424036784e-02 3.719284826465245331e-02 8.012238263696338722e-03 3.283296682283200901e-02 3.715460369060139684e-02 4.377091500143417274e-02 8.012238263696338722e-03 1.661726742518405270e-02 2.116837173725977586e-02 5.488096376326608364e-03 8.968352614972750422e-03 6.252987857347738591e-03 6.023520413041399783e-03 3.413328234056792893e-02 1.550817477770341339e-02 4.755712783248876308e-02 3.677215795009083216e-02 1.845300697963476316e-02 5.547375466105746583e-02 1.466679414858016936e-02 1.895018644229849725e-02 3.738407113490773565e-02 
2.162730662587245348e-02 5.449851802275551896e-03 2.485897313318673131e-04 1.948561047901329127e-02 3.767090544029066002e-03 1.684673486949039151e-02 4.881919877617363346e-02 9.044841763074863358e-03 0.000000000000000000e+00 3.072951525002390327e-02 7.170857634573094691e-03 1.554641935175446986e-02 7.209102208624151159e-03 3.149440673104503263e-02 5.526340950377664832e-03 2.411320393919112737e-02 1.952385505306434774e-02 2.640787838225451892e-02 1.810880581317525495e-02 1.218089683526149720e-02 1.830002868343053729e-02 8.471173152309016338e-03 1.084233674347451909e-02 1.000095611435127679e-02 3.233578736016827493e-02 1.451381585237594349e-02 1.527870733339707458e-02 9.809733244095994453e-03 2.103451572808107909e-04 1.443732670427383055e-02 4.384740414953628568e-02 5.088440577493068273e-02 1.497275074098862284e-02 1.045989100296395441e-02 2.128310545941294527e-02 2.059470312649392884e-02 2.549000860502916022e-02 3.944927813366478492e-02 4.914427765560761344e-03 2.074768142269815471e-02 7.515058801032603771e-03 1.719093603594989972e-02 2.296586671765943333e-02 1.535519648149918752e-02 1.076584759537240615e-02 1.711444688784778678e-02 7.591547949134716707e-03 1.986805621952385595e-02 1.432259298212066115e-02 5.373362654173438960e-03 5.182139783918156620e-03 1.510660675016732004e-03 1.260158714982311835e-02 4.598910029639544789e-02 2.109188258915766293e-02 5.794052968735060975e-03 5.985275838990343315e-03 3.080600439812601621e-02 2.441916053159957911e-02 5.488096376326608364e-03 5.947031264939286847e-03 1.183669566880198899e-02 2.128310545941294527e-02 2.143608375561717114e-02 9.197820059279089230e-03 2.063294770054498531e-02 
5.736686107658475623e-05 4.185868629888134934e-02 3.849316378238837322e-02 9.159575485228032762e-03 3.313892341524046076e-02 1.875896357204321491e-02 3.780476144946935679e-02 5.195525384836026384e-02 3.072951525002390327e-02 0.000000000000000000e+00 1.772636007266469027e-02 4.583612200019122201e-02 3.002199063007935775e-03 1.462854957452911289e-02 2.854957452911368113e-02 7.362080504828377898e-03 2.984989004684960451e-02 1.852949612773687610e-02 2.246868725499569577e-02 2.212448608853618756e-02 8.471173152309016338e-03 2.357777990247633682e-02 6.176498709245625655e-03 1.816617267425183965e-03 1.225738598336361014e-02 1.745864805430729499e-02 1.715269146189884325e-02 2.870255282531790700e-02 4.346495840902572100e-02 1.091882589157663203e-02 7.515058801032603771e-03 4.226025432641744052e-03 3.287121139688306548e-02 4.684960321254421668e-03 7.629792523185773175e-03 1.472416100965675536e-03 2.122573859833636143e-03 3.015584663925805625e-02 2.495458456831436966e-02 3.478344009943589582e-02 4.078783822545176130e-02 2.418969308729324030e-02 4.226025432641744052e-03 5.220384357969213088e-03 1.195142939095515840e-02 2.499282914236542613e-02 2.919973228798164108e-02 6.981546993020365521e-02 5.340854766230040962e-02 2.992637919495171744e-02 8.165216559900564594e-03 2.342480160627211094e-02 3.336839085954679957e-02 1.531695190744813105e-02 1.803231666507314201e-02 1.814705038722631142e-02 4.182044172483029287e-02 5.985275838990343315e-03 1.168371737259776312e-02 3.650444593173343688e-02 1.587149823118844940e-03 4.990916913662874280e-03 1.279281002007840069e-02 2.013576823788125122e-02 1.548905249067788472e-03 4.377091500143417274e-02 
4.684960321254421668e-03 2.273639927335309452e-02 1.459030500047805642e-02 2.178028492207667935e-02 2.648436753035663185e-02 3.092073812027918561e-02 6.310354718424323727e-04 2.682856869681614007e-02 7.170857634573094691e-03 1.772636007266469027e-02 0.000000000000000000e+00 6.711922745960417075e-03 8.605029161487713976e-04 3.202983076775982318e-02 1.960034420116646067e-02 3.696338082034611450e-02 1.382541351945692706e-02 7.515058801032603771e-03 1.256334257577206188e-02 1.051725786404053955e-03 2.025050196003442063e-02 3.040443637058992243e-03 8.509417726360072806e-03 5.029161487713930748e-03 2.541351945692704728e-02 2.113012716320871939e-02 2.602543264174395424e-02 2.916148771393058461e-02 5.792140740032507978e-02 2.900850941772635874e-02 7.457691939956018852e-04 1.229563055741466661e-02 2.350129075437422388e-02 1.420785925996749174e-02 2.223921981068935697e-02 6.692800458934888407e-04 2.044172483028970297e-02 1.141600535424036784e-02 7.859259967492112850e-03 3.269911081365331484e-03 1.539344105555024399e-02 9.044841763074863358e-03 1.472416100965675536e-03 2.235395353284252637e-02 1.554641935175446986e-02 1.470503872263122583e-02 1.394014724161009647e-02 1.252509800172100542e-02 3.761353857921407445e-02 2.449564967970169205e-02 6.310354718424323727e-04 1.072760302132134969e-02 5.335118080122382492e-03 6.291232431398795059e-03 2.346304618032316741e-02 1.849125155368581963e-02 2.139783918156611467e-02 2.373075819868056269e-02 3.176211874940242791e-02 1.745864805430729499e-02 2.237307581986805547e-03 3.346400229467444420e-03 3.482168467348695229e-02 1.990630079357491242e-02 1.703795773974567385e-02 3.726933741275456624e-02 
2.866430825126685053e-02 5.111387321923702154e-02 1.309876661248685417e-02 5.526340950377664832e-03 2.275552156037862015e-03 3.707811454249928390e-02 1.634955540682665742e-02 2.526054116072282141e-02 1.554641935175446986e-02 4.583612200019122201e-02 6.711922745960417075e-03 0.000000000000000000e+00 4.212639831723874462e-02 6.979634764317812351e-03 2.113012716320871939e-02 4.709819294387608546e-02 9.847977818147050921e-03 4.579787742614016555e-02 1.413137011186537881e-02 3.352136915575102544e-02 2.143608375561717114e-02 5.948943493641839497e-02 2.854957452911368113e-02 2.265991012525098158e-02 9.006597189023806890e-03 1.428434840806960468e-02 3.692513624629505803e-02 3.872263122669471203e-02 3.065302610192179034e-02 1.145424992829142431e-02 2.199063007935749079e-03 1.776460464671574674e-02 6.750167320011473543e-03 3.072951525002390327e-02 5.834209771488670093e-02 2.734487044650540065e-03 1.084233674347451909e-02 6.941390190266755883e-03 3.007935749115594332e-02 1.103355961372980143e-02 1.128214934506166891e-03 1.608184338846926215e-02 1.378716894540587060e-02 2.552825317908021668e-02 7.209102208624151159e-03 6.750167320011473543e-03 2.160818433884692611e-03 2.847308538101156819e-02 5.539726551295535290e-02 4.751888325843770661e-02 3.482168467348695229e-02 2.327182331006788507e-02 2.036523568218759003e-02 2.579596519743761196e-02 2.046084711731523207e-03 3.191509704560665378e-02 4.858973133186729465e-02 5.985275838990343315e-03 1.183669566880198899e-02 3.432450521082321127e-02 3.921981068935844611e-02 5.545463237403193283e-04 2.763170475188832589e-02 1.122478248398508377e-02 1.244860885361889248e-02 3.355961372980208191e-02 
1.302227746438474124e-02 1.091882589157663203e-02 1.837651783153265023e-02 3.065302610192179034e-02 3.738407113490773565e-02 1.122478248398508377e-02 3.065302610192179034e-02 1.650253370303088329e-02 7.209102208624151159e-03 3.002199063007935775e-03 8.605029161487713976e-04 4.212639831723874462e-02 0.000000000000000000e+00 4.340759154794913456e-03 4.832201931350989244e-02 3.095898269433024208e-02 1.283105459412945716e-02 8.547662300411129274e-03 2.426618223539535324e-02 1.719093603594989972e-02 2.759346017783726943e-02 3.187685247155559731e-02 7.706281671287886111e-03 1.260158714982311835e-02 6.329477005449851527e-03 4.646715747203365200e-03 3.753704943111196152e-02 2.545176403097810375e-02 5.105650635816043684e-03 3.271823310067883961e-02 1.830002868343053729e-02 2.090065971890238058e-02 2.724925901137776121e-02 8.356439430155846934e-03 3.780476144946935679e-02 1.833827325748159376e-02 8.126971985849508126e-03 2.120661631131083233e-02 7.973993689645282254e-03 3.742231570895879211e-02 2.854957452911368113e-02 3.493641839564012169e-02 3.155177359212161647e-03 2.927622143608375402e-02 1.627306625872454449e-02 3.654269050578449335e-02 1.489626159288650990e-02 5.983363610287790318e-02 3.902858781910316377e-02 7.821015393441056382e-03 4.952672339611817812e-03 6.520699875705134735e-03 4.182044172483029287e-02 2.747872645568410002e-02 1.634955540682665742e-02 2.199063007935749079e-03 2.434267138349746618e-02 1.099531503967874496e-02 2.067119227459604178e-02 5.371450425470886136e-02 3.623673391337604160e-02 6.176498709245625655e-03 2.619753322497370661e-03 7.285591356726264095e-03 2.113012716320871939e-02 2.663734582656085773e-02 
6.941390190266755883e-03 1.112343436274978448e-01 3.290945597093412195e-02 2.835835165885839879e-02 7.629792523185773175e-03 1.089970360455110423e-03 3.363610287790419484e-02 3.023233578736016919e-02 3.149440673104503263e-02 1.462854957452911289e-02 3.202983076775982318e-02 6.979634764317812351e-03 4.340759154794913456e-03 0.000000000000000000e+00 2.734487044650540065e-03 3.145616215699397616e-02 2.772731618701596533e-03 3.772827230136724386e-02 1.524046275934601812e-02 5.149631895974758622e-02 1.749689262835835146e-02 5.602830098479777768e-03 1.764987092456257733e-02 3.250788794339803034e-04 1.816617267425183965e-03 6.606750167320012135e-02 3.317716798929151722e-02 5.451764030978104719e-02 2.338655703222105448e-02 3.218280906396404906e-02 3.027058036141122566e-02 2.925709914905822839e-03 2.476336169805908732e-02 4.264270006692800520e-03 1.428434840806960468e-02 1.592886509226503627e-02 3.482168467348695229e-02 1.390190266755904000e-02 5.184052012620709443e-02 9.809733244095994453e-03 4.952672339611817812e-03 5.717563820632948039e-03 4.216464289128980109e-02 1.799407209102208555e-02 3.537623099722726761e-03 1.179845109475093252e-02 9.886222392198107389e-03 3.346400229467444420e-03 6.239602256429869348e-02 4.837938617458648408e-03 2.820537336265417291e-02 7.629792523185773175e-03 1.019217898460655913e-02 4.422984989004685036e-02 2.958217802849220923e-02 2.636963380820346245e-02 6.323740319342192884e-02 3.195334161965771025e-02 5.788316282627402332e-02 4.488000764891481031e-02 1.374892437135481413e-02 2.571947604933549902e-02 1.432259298212066115e-02 1.642604455492877036e-02 4.111291710488574648e-03 1.294578831628262656e-02 
6.228128884214551714e-02 2.082417057080026765e-02 1.510660675016732004e-03 2.415144851324218384e-02 1.577588679606081040e-02 3.141791758294291970e-02 7.438569652930490834e-03 2.269815469930203805e-02 5.526340950377664832e-03 2.854957452911368113e-02 1.960034420116646067e-02 2.113012716320871939e-02 4.832201931350989244e-02 2.734487044650540065e-03 0.000000000000000000e+00 1.539344105555024399e-02 2.265991012525098158e-02 2.568123147528444256e-02 4.289128979825987398e-02 2.835835165885839879e-02 3.512764126589540403e-02 3.250788794339803034e-04 1.309876661248685417e-02 4.608471173152308732e-03 3.845491920833731675e-02 1.906492016445167012e-02 3.420977148867004186e-02 3.195334161965771025e-02 5.296873506071326024e-03 6.090448417630748429e-02 4.327373553877043866e-02 2.887465340854766371e-03 5.241418873697294145e-02 8.509417726360072806e-03 1.089970360455110423e-03 1.183669566880198899e-02 5.449851802275551896e-03 6.826656468113586479e-03 1.221914140931255367e-02 5.832297542786117443e-03 1.994454536762596888e-02 4.082608279950281777e-02 1.382541351945692706e-02 2.237307581986805547e-03 1.520221818529496165e-02 3.614112247824839697e-03 8.222583420977149296e-04 1.990630079357491242e-02 2.365426905057844975e-02 2.376900277273161916e-02 5.182139783918156620e-03 2.160818433884692611e-03 1.625394397169901625e-03 3.137967300889186323e-02 9.427287503585428038e-03 1.107180418778085790e-02 5.679319246581891571e-03 1.701883545272014561e-03 2.250693182904675571e-02 1.738215890620518206e-02 6.597189023807247671e-03 1.912228702552825433e-05 8.088727411798451658e-03 2.587245434553972490e-02 3.160914045319820204e-02 3.116932785161105179e-03 
3.906683239315422024e-02 7.897504541543169318e-03 1.982981164547279948e-02 4.082608279950281777e-02 1.179845109475093252e-02 2.373075819868056269e-02 4.377091500143417274e-02 2.770819389999043883e-02 2.411320393919112737e-02 7.362080504828377898e-03 3.696338082034611450e-02 4.709819294387608546e-02 3.095898269433024208e-02 3.145616215699397616e-02 1.539344105555024399e-02 0.000000000000000000e+00 3.619848933932498514e-02 2.973515632469643510e-02 3.422889377569557356e-03 1.680849029543933504e-02 2.350129075437422388e-02 5.574146667941486111e-02 1.917965388660483952e-02 2.373075819868056269e-02 1.969595563629410271e-03 1.210440768715938427e-02 9.427287503585428038e-03 2.005927908977913829e-02 3.080600439812601621e-02 2.250693182904675571e-02 2.931446601013481049e-02 3.153265130509608910e-02 2.851132995506262466e-02 3.604551104312075926e-02 3.696338082034611450e-02 2.485897313318673131e-04 1.286929916818051363e-02 1.854861841476240650e-03 1.719093603594989972e-02 7.209102208624151159e-03 3.791949517162252620e-02 2.925709914905822839e-03 8.624151448513242210e-03 4.761449469356535472e-03 7.591547949134716707e-03 1.740128119323071029e-03 5.258628932020269556e-03 9.236064633330145698e-03 2.690505784491825300e-02 4.608471173152308732e-03 4.799694043407591940e-03 2.304235586576154626e-02 2.013576823788125122e-02 1.267807629792523129e-02 5.711827134525289396e-02 2.338655703222105448e-02 2.981164547279854804e-02 9.121330911176976294e-03 1.395926952863562383e-03 1.026866813270867207e-02 2.923797686203269755e-02 2.250693182904675571e-02 4.197342002103451875e-02 6.717659432068075198e-02 9.656754947891768581e-03 3.860789750454154262e-02 
7.668037097236829643e-03 3.726933741275456624e-02 2.103451572808107909e-04 8.700640596615355146e-03 4.149536284539631116e-03 6.023520413041399783e-03 7.662300411129170652e-02 1.214265226121044074e-02 1.952385505306434774e-02 2.984989004684960451e-02 1.382541351945692706e-02 9.847977818147050921e-03 1.283105459412945716e-02 2.772731618701596533e-03 2.265991012525098158e-02 3.619848933932498514e-02 0.000000000000000000e+00 1.948561047901329127e-02 3.329190171144468663e-02 1.780284922076680321e-02 8.432928578257959870e-03 1.183669566880198899e-02 4.264270006692800520e-03 8.471173152309016338e-03 1.080409216942346262e-02 2.696242470599483597e-03 7.897504541543169318e-03 3.115020556458552442e-02 1.753513720240940793e-02 1.854861841476240650e-03 1.677024572138827857e-02 2.040348025623864650e-02 2.466775026293144789e-03 3.769002772731618739e-02 1.738215890620518206e-02 1.394014724161009647e-02 3.451572808107849361e-02 1.095707046562768849e-02 5.067406061764987216e-03 2.438091595754852264e-02 2.543264174395257725e-03 1.436083755617171762e-02 1.516397361124390518e-02 4.002294674443063194e-02 1.979156707142174301e-02 2.705803614112247887e-02 1.960034420116646067e-02 3.065302610192179034e-02 4.633330146285495610e-02 7.402237307581986669e-02 2.243044268094463931e-02 1.395926952863562383e-03 2.633138923415240598e-02 6.687063772827230024e-02 2.044172483028970297e-02 4.468878477865952797e-02 5.872454345539726561e-02 4.082608279950281777e-02 2.313796730088918483e-03 5.138158523759441682e-02 1.176020652069987606e-02 6.061764987092456251e-03 1.719093603594989972e-02 4.159097428052395407e-02 3.845491920833731675e-02 3.344488000764891250e-02 
1.650253370303088329e-02 7.172769863275647861e-02 5.864805430729515268e-02 2.396022564298690150e-02 2.155081747777034054e-02 4.952672339611817812e-03 2.610192178984606717e-02 1.994454536762596888e-02 2.640787838225451892e-02 1.852949612773687610e-02 7.515058801032603771e-03 4.579787742614016555e-02 8.547662300411129274e-03 3.772827230136724386e-02 2.568123147528444256e-02 2.973515632469643510e-02 1.948561047901329127e-02 0.000000000000000000e+00 1.956209962711540420e-02 3.130318386078975029e-02 1.631131083277560095e-02 1.195142939095515840e-02 2.005927908977913829e-02 1.772636007266469027e-02 3.428626063677215480e-02 3.333014628549574310e-02 1.952385505306434774e-02 5.811263027058036212e-02 5.794052968735060975e-03 1.921789846065589599e-02 3.633234534850368256e-04 5.794052968735060975e-03 3.007935749115594332e-02 1.242948656659336511e-03 2.571947604933549902e-02 1.799407209102208555e-02 2.055645855244287237e-02 5.717563820632948039e-03 1.963858877521751714e-02 5.449851802275551896e-03 1.753513720240940793e-02 2.082417057080026765e-02 4.723204895305478136e-03 3.384644803518500888e-03 1.015393441055550267e-02 1.875896357204321491e-02 9.159575485228032762e-03 9.503776651687540974e-03 3.384644803518500888e-03 2.426618223539535324e-02 2.984989004684960451e-02 6.635433597858304139e-03 6.979634764317812351e-03 4.618032316665073023e-02 2.415144851324218384e-02 1.485801701883545343e-02 5.755808394684004507e-03 8.126971985849508126e-03 3.805335118080122470e-03 1.887369729419638431e-02 3.134142843484080676e-02 1.757338177646046440e-02 5.947031264939286847e-03 9.083086337125919826e-03 1.600535424036714921e-02 8.088727411798451658e-03 
1.745864805430729499e-02 2.422793766134429677e-02 2.199063007935749079e-03 1.271632087197628776e-02 4.185868629888134934e-02 2.571947604933549902e-02 2.667559040061191419e-02 3.002199063007935775e-03 1.810880581317525495e-02 2.246868725499569577e-02 1.256334257577206188e-02 1.413137011186537881e-02 2.426618223539535324e-02 1.524046275934601812e-02 4.289128979825987398e-02 3.422889377569557356e-03 3.329190171144468663e-02 1.956209962711540420e-02 0.000000000000000000e+00 4.407687159384262449e-02 2.568123147528444256e-02 1.386365809350798353e-02 8.547662300411129274e-03 1.967683334926857361e-02 1.625394397169901625e-03 1.696146859164356091e-02 8.777129744717468082e-03 2.552825317908021668e-02 4.292953437231093045e-02 2.231570895879146990e-02 1.099531503967874496e-02 3.964050100392006726e-02 1.497275074098862284e-02 3.103547184243235502e-02 2.973515632469643510e-02 3.958313414284348776e-03 1.956209962711540420e-02 1.137776078018931138e-02 2.220097523663830050e-02 2.151257290371928407e-02 3.551008700640596871e-02 5.373362654173438960e-03 1.103355961372980143e-02 2.499282914236542613e-02 7.323835930777320563e-03 3.805335118080122470e-03 9.542021225738599177e-03 1.023042355865761560e-02 1.937087675686012186e-02 5.000478057175638397e-02 3.053829237976862093e-02 1.791758294291997261e-02 3.375083660005736425e-02 3.378908117410842071e-02 4.149536284539631116e-03 3.002199063007935775e-03 2.770819389999043883e-02 2.696242470599483597e-03 2.296586671765943333e-02 4.684960321254421668e-03 2.422793766134429677e-02 7.017879338368868819e-03 3.168562960130031497e-02 8.012238263696338722e-03 1.248685342766994895e-02 1.133951620613825491e-02 
1.543168562960130046e-02 2.904675399177741521e-02 2.721101443732670475e-02 2.338655703222105448e-02 1.088058131752557556e-02 5.870542116837173911e-03 4.684960321254421668e-03 1.242948656659336511e-03 1.218089683526149720e-02 2.212448608853618756e-02 1.051725786404053955e-03 3.352136915575102544e-02 1.719093603594989972e-02 5.149631895974758622e-02 2.835835165885839879e-02 1.680849029543933504e-02 1.780284922076680321e-02 3.130318386078975029e-02 4.407687159384262449e-02 0.000000000000000000e+00 9.197820059279089230e-03 6.444210727603020931e-03 1.673200114733722210e-02 1.562290849985658280e-02 2.962042260254326570e-02 2.809063964050100351e-02 9.159575485228032762e-03 1.612008796252031861e-02 2.809063964050100351e-02 3.799598431972463913e-02 1.864422984989004550e-02 3.191509704560665378e-02 3.990821302227746253e-02 4.728941581413136780e-02 2.657997896548427129e-03 1.023042355865761560e-02 9.503776651687540974e-03 2.047996940434075944e-02 4.361793670522994687e-02 1.508748446314179224e-02 2.908499856582847168e-02 2.912324313987952815e-02 3.050004780571756446e-02 9.886222392198107389e-03 1.883545272014532784e-02 3.461133951620613824e-03 3.118845013863658089e-02 3.633234534850368256e-04 7.247346782675207627e-03 2.801415049239889057e-02 6.597189023807247671e-03 7.056123912419925287e-03 8.891863466870637486e-03 3.155177359212161647e-03 2.656085667845874479e-02 1.856774070178793257e-02 2.084329285782579675e-03 4.015680275360932936e-04 2.411320393919112737e-02 4.684960321254421668e-03 6.061764987092456251e-03 7.323835930777320563e-03 3.191509704560665378e-02 2.063294770054498531e-02 1.703795773974567385e-02 2.820537336265417291e-02 
4.952672339611817812e-03 1.003920068840233326e-02 5.947031264939286847e-03 1.810880581317525495e-02 4.575963285208910908e-02 5.220384357969213088e-03 3.826369633808203441e-02 2.721101443732670475e-02 1.830002868343053729e-02 8.471173152309016338e-03 2.025050196003442063e-02 2.143608375561717114e-02 2.759346017783726943e-02 1.749689262835835146e-02 3.512764126589540403e-02 2.350129075437422388e-02 8.432928578257959870e-03 1.631131083277560095e-02 2.568123147528444256e-02 9.197820059279089230e-03 0.000000000000000000e+00 1.776460464671574674e-02 9.121330911176976294e-03 2.170379577397456641e-02 6.291232431398795059e-03 2.078592599674921118e-02 2.162730662587245348e-02 5.564585524428721300e-03 1.065111387321923675e-02 5.029161487713930748e-03 8.853618892819581018e-03 1.701883545272014561e-03 1.015393441055550267e-02 2.380724734678267562e-02 2.122573859833636143e-03 1.057462472511712381e-02 2.602543264174395424e-02 1.103355961372980143e-02 2.067119227459604178e-02 4.780571756382063380e-04 1.493450616693756637e-02 7.629792523185773175e-03 3.690601395926953066e-03 1.355770150109953179e-02 8.509417726360072806e-03 8.605029161487713976e-04 1.585237594416292334e-02 1.221914140931255367e-02 1.065111387321923675e-02 1.145424992829142431e-02 5.927908977913757963e-04 8.815374318768524550e-03 8.165216559900564594e-03 2.543264174395257725e-03 1.581413137011186687e-02 5.641074672530835103e-03 1.650253370303088329e-02 1.176020652069987606e-02 1.893106415527297118e-03 5.258628932020269556e-03 1.317525576058896711e-02 2.396022564298690150e-02 4.034802562386461712e-03 1.283105459412945716e-02 6.061764987092456251e-03 2.313796730088918483e-03 
1.587149823118844940e-03 7.400325078879434366e-03 8.738885170666411614e-03 1.198967396500621486e-02 4.493737450999139328e-03 1.166459508557223359e-03 2.243044268094463931e-02 4.990916913662874280e-03 8.471173152309016338e-03 2.357777990247633682e-02 3.040443637058992243e-03 5.948943493641839497e-02 3.187685247155559731e-02 5.602830098479777768e-03 3.250788794339803034e-04 5.574146667941486111e-02 1.183669566880198899e-02 1.195142939095515840e-02 1.386365809350798353e-02 6.444210727603020931e-03 1.776460464671574674e-02 0.000000000000000000e+00 4.499474137106797972e-02 3.499378525671670292e-03 1.569939764795869747e-02 5.143895209867100152e-03 1.003920068840233326e-02 1.202791853905727133e-02 1.126302705803614197e-02 9.962711540300220325e-03 4.832201931350989244e-02 8.700640596615355146e-03 2.128310545941294527e-02 4.006119131848168841e-02 2.132135003346400173e-02 1.313701118653791064e-02 3.176211874940242791e-02 7.782770819389999047e-03 2.543264174395257725e-03 8.509417726360072806e-03 2.105363801510660646e-02 1.084233674347451909e-02 1.608184338846926215e-02 5.373362654173438960e-03 1.007744526245338973e-02 1.975332249737068654e-02 1.761162635051152087e-02 3.271823310067883961e-02 3.199158619370876672e-02 4.445931733435318917e-02 2.147432832966822761e-02 8.356439430155846934e-03 8.662396022564298678e-03 1.971507792331963008e-02 1.233387513146572308e-02 2.644612295630557539e-02 1.501099531503967931e-02 1.122478248398508377e-02 2.835835165885839879e-02 1.512572903719284871e-02 7.744526245338942579e-03 1.133951620613825491e-02 6.367721579500907995e-03 3.002199063007935775e-03 2.200975236638301816e-02 1.646428912897982683e-02 
9.809733244095994453e-03 2.793766134429677764e-02 3.918156611530738964e-02 2.560474232718232962e-02 5.067406061764987216e-03 6.520699875705134735e-03 1.780284922076680321e-02 3.302418969308729135e-02 1.084233674347451909e-02 6.176498709245625655e-03 8.509417726360072806e-03 2.854957452911368113e-02 7.706281671287886111e-03 1.764987092456257733e-02 1.309876661248685417e-02 1.917965388660483952e-02 4.264270006692800520e-03 2.005927908977913829e-02 8.547662300411129274e-03 1.673200114733722210e-02 9.121330911176976294e-03 4.499474137106797972e-02 0.000000000000000000e+00 2.311884501386365920e-02 5.449851802275551896e-03 1.126302705803614197e-02 1.822353953532842435e-02 3.137967300889186323e-02 1.053638015106606735e-02 7.285591356726264095e-03 2.017401281193230769e-02 2.954393345444115276e-02 1.856774070178793257e-02 2.396022564298690150e-02 2.747872645568410002e-02 5.105650635816043684e-03 7.075246199445454172e-04 1.677024572138827857e-02 2.047996940434075944e-02 9.389042929534371570e-03 5.402046084711731311e-02 1.204704082608280043e-03 1.787933836886891614e-02 1.550817477770341339e-02 6.788411894062530011e-03 2.885553112152213287e-02 1.068935844727029322e-02 7.094368486470981755e-03 1.466679414858016936e-02 1.003920068840233326e-02 2.116837173725977586e-02 2.789941677024572117e-02 2.139783918156611467e-02 2.568123147528444256e-02 2.005927908977913829e-02 1.374892437135481413e-02 4.073047136437518180e-03 1.405488096376326587e-02 1.898843101634955371e-02 4.455492876948082860e-03 3.535710871020174284e-02 3.417152691461898539e-02 4.606558944449756082e-02 5.084616120087962626e-02 2.051821397839181590e-02 2.587245434553972490e-02 
1.313701118653791064e-02 6.826656468113586479e-03 2.090065971890238058e-02 2.438091595754852264e-02 6.750167320011473543e-03 1.332823405679319298e-02 2.571947604933549902e-02 8.432928578257959870e-03 1.000095611435127679e-02 1.816617267425183965e-03 5.029161487713930748e-03 2.265991012525098158e-02 1.260158714982311835e-02 3.250788794339803034e-04 4.608471173152308732e-03 2.373075819868056269e-02 8.471173152309016338e-03 1.772636007266469027e-02 1.967683334926857361e-02 1.562290849985658280e-02 2.170379577397456641e-02 3.499378525671670292e-03 2.311884501386365920e-02 0.000000000000000000e+00 1.501099531503967931e-02 1.893106415527297118e-03 2.090065971890238058e-02 5.755808394684004507e-03 2.067119227459604178e-02 2.657997896548427129e-03 3.306243426713834782e-02 2.285113299550626392e-02 1.986805621952385595e-02 1.325174490869108004e-02 2.308060043981260273e-02 1.382541351945692706e-02 7.859259967492112850e-03 1.577588679606081040e-02 3.237403193421933140e-02 1.738215890620518206e-02 2.480160627211014379e-02 1.761162635051152087e-02 1.699971316569461738e-02 8.318194856104790466e-03 1.665551199923510917e-02 3.920068840233292308e-03 2.636963380820346245e-02 6.405966153551964463e-03 9.274309207381202166e-03 2.021225738598336416e-02 9.083086337125919826e-03 8.356439430155846934e-03 2.483985084616120026e-02 2.533703030882493434e-02 1.761162635051152087e-02 1.355770150109953179e-02 1.625394397169901625e-03 1.810880581317525495e-02 2.040348025623864650e-02 1.975332249737068654e-02 1.615833253657137508e-02 1.508748446314179224e-02 2.457213882780380498e-02 3.964050100392006726e-02 1.472416100965675536e-03 1.776460464671574674e-02 
