1.000000 -0.019433 -0.044371 0.082323 -0.052641 0.006450 0.201829 0.419221 0.041174 0.042570 0.039713 0.067154 0.337153 0.102197 0.310943 0.052377 0.319863 -0.009871 -0.019143 -0.022848 0.021473 0.078058 -0.063844 -0.028510 0.001931 0.053669 -0.000647 -0.077092 0.101049 0.658514 0.580731 0.138475 0.587999 0.256017 -0.012102 0.014316 -0.002992 0.005882 0.076680 -0.015022 0.076855 0.029470 0.218698 0.000073 0.028953 0.169687 0.040558 0.090702 0.119079 0.119822 0.081466 0.177687 0.072042 0.004318 0.279172 0.095938 0.158564 0.042954 0.107523 0.031925 -0.060794 0.066420 0.274807 0.258588 0.055108 0.330404 
-0.019433 1.000000 0.254907 0.008133 0.008312 0.018865 -0.065953 0.032293 0.017547 0.163619 0.117803 0.053279 0.053402 0.094961 0.157109 -0.052975 0.001004 -0.072971 0.090819 0.039084 0.015737 0.036173 0.087310 0.086948 0.186496 0.009695 0.212891 0.703505 0.148920 0.007336 -0.109322 -0.012653 0.003536 -0.064558 0.403547 0.056097 0.089282 0.078848 0.067296 0.009729 0.000734 0.005200 -0.087292 0.043573 0.103038 -0.038005 0.101175 -0.002102 -0.007661 0.023502 0.144777 0.131282 0.109239 0.038566 0.083702 0.027484 0.073161 -0.011640 -0.009438 0.006818 0.172305 -0.010399 -0.015369 -0.046941 0.069348 0.008948 
-0.044371 0.254907 1.000000 -0.021020 0.030066 0.132533 -0.010549 0.000052 0.066885 0.073049 0.104892 0.006875 0.021447 0.059335 0.136583 0.127047 0.023904 0.010237 0.040139 0.057737 -0.082769 0.007449 0.262103 0.274534 0.041098 0.044298 0.188133 0.354708 0.135065 -0.032146 -0.050117 0.003282 -0.037053 0.061085 0.009659 0.161927 -0.054368 -0.044270 -0.019026 -0.066263 -0.058984 -0.015830 0.011252 0.013424 0.103378 -0.010971 0.094805 0.046501 0.080146 0.094423 0.068235 -0.007844 0.031122 -0.077817 0.136430 0.041827 0.106921 0.073734 -0.023116 0.019713 -0.066498 0.040077 0.074114 0.010598 0.067646 0.094894 
0.082323 0.008133 -0.021020 1.000000 0.163287 0.098924 0.073619 0.074249 -0.027298 0.361441 0.013608 0.070269 0.219038 0.138958 -0.010109 -0.081208 0.095891 0.112264 -0.002119 0.069275 0.816452 0.041419 -0.076289 -0.031645 0.598516 0.136491 0.013905 0.056682 0.045976 0.031118 0.075065 0.052907 0.050732 0.116255 -0.019868 0.135252 0.341481 0.079846 0.212426 0.027194 0.071656 0.070255 0.187622 0.029547 0.147271 0.133486 0.162313 0.066298 -0.068633 0.162217 0.003234 0.095332 0.104721 0.222425 0.059485 -0.066189 -0.035731 0.196943 0.151546 -0.063013 0.029900 0.166085 0.125730 0.122249 0.153666 0.153395 
-0.052641 0.008312 0.030066 0.163287 1.000000 -0.004082 0.596079 -0.119838 0.335526 0.071450 0.093650 0.171903 0.047010 0.103895 0.016083 -0.005349 0.321612 -0.095322 0.035038 -0.082003 0.198130 0.071951 0.166784 0.088062 0.085529 0.044664 -0.013978 0.094474 0.009641 0.056446 -0.051189 0.376527 0.022667 0.095730 0.063413 0.025114 0.117425 -0.037092 0.089660 -0.043911 0.076980 -0.071514 0.203015 0.028380 0.038732 0.085147 0.002350 -0.058976 -0.043994 -0.007796 -0.104013 0.114273 0.034209 0.118332 0.053435 0.105394 -0.005663 0.186390 0.035326 0.062514 0.018048 0.186801 0.052761 0.051169 -0.002348 0.060708 
0.006450 0.018865 0.132533 0.098924 -0.004082 1.000000 -0.013243 0.108118 0.037895 0.043732 0.089903 0.249616 -0.084701 0.335921 0.050060 0.101352 0.031016 0.194944 0.179885 0.051567 0.052928 0.008033 0.058017 0.062624 0.066233 0.543248 0.097448 -0.011768 -0.022818 0.048565 0.018037 0.058309 0.011321 -0.061790 -0.027611 0.005200 0.020269 -0.010733 0.487147 -0.024075 0.087973 0.014990 0.067548 0.139497 0.306687 0.088705 0.401638 0.025399 0.120105 0.020230 0.183219 -0.005028 0.003420 0.088816 0.052663 0.057309 0.093516 0.114221 0.397205 0.014970 -0.012058 0.077990 -0.016557 0.035139 0.093102 -0.008878 
0.201829 -0.065953 -0.010549 0.073619 0.596079 -0.013243 1.000000 -0.010578 0.462532 -0.011490 0.069171 0.182886 0.129481 0.128990 0.162239 0.010384 0.681502 0.029357 0.047107 0.009590 0.071121 -0.003452 0.079897 0.042978 -0.063006 0.086268 0.063773 -0.060489 -0.045142 0.250402 0.095252 0.464327 0.166733 0.271788 0.074140 0.094274 0.096424 0.004432 0.078800 0.001705 0.143322 -0.007589 0.225217 0.068414 0.041237 0.122020 0.015528 0.143725 0.082600 0.133131 -0.057287 0.120194 0.042370 0.094981 0.173755 0.252612 0.124614 0.150214 0.094656 0.153536 0.067499 0.160069 0.283321 0.121143 0.045904 0.314249 
0.419221 0.032293 0.000052 0.074249 -0.119838 0.108118 -0.010578 1.000000 0.002538 0.282622 0.147417 0.018809 0.320574 -0.030496 0.200881 0.098693 0.046293 0.102293 -0.018386 0.019182 0.100225 0.136704 0.072224 0.067880 0.205760 0.022372 0.005356 -0.027374 0.109152 0.171136 0.248017 -0.027025 0.171889 0.140721 0.113478 0.066528 0.027600 0.074447 0.086299 -0.026702 0.012993 0.065511 0.063363 0.006023 0.053265 0.070719 0.040869 0.040721 0.050315 0.206925 0.091360 0.092770 0.102775 0.047627 0.104420 0.085948 0.094427 0.048300 0.041393 0.022118 0.040718 0.041143 0.166639 0.194324 0.100383 0.148043 
0.041174 0.017547 0.066885 -0.027298 0.335526 0.037895 0.462532 0.002538 1.000000 0.000581 0.073732 0.239446 0.080329 0.077832 0.410580 0.026337 0.267579 0.066265 0.047926 -0.025137 -0.027665 0.045661 0.141144 0.090525 -0.047269 0.178567 0.152357 0.054346 -0.004859 0.209084 0.016410 0.347276 0.121250 0.020885 0.042910 -0.010055 0.010266 0.015685 0.064760 0.060948 0.104433 0.002871 0.120167 0.026115 0.040418 -0.010608 -0.016739 0.045976 0.064821 0.055373 0.025201 0.063093 -0.020136 -0.008695 0.090029 0.194135 0.016925 0.062953 0.058415 0.040483 0.003216 0.104551 0.045001 0.037748 0.001026 0.072246 
0.042570 0.163619 0.073049 0.361441 0.071450 0.043732 -0.011490 0.282622 0.000581 1.000000 0.161601 0.110413 0.517980 0.126177 0.071395 0.078701 -0.004861 -0.075131 -0.014109 -0.083757 0.329316 0.003214 0.156074 0.013323 0.792455 0.070515 0.008827 0.082319 0.286271 0.019296 -0.060135 -0.055667 0.047242 0.325142 0.155622 0.086394 0.221873 0.201634 0.119435 0.035568 -0.045946 -0.059438 0.043007 0.038032 0.130008 0.036164 0.128468 0.118842 -0.032053 0.553825 -0.009321 0.119877 0.082607 0.171094 0.105664 0.001467 -0.026279 0.186143 0.076636 0.017577 0.059008 0.031996 0.321999 0.158928 0.253678 0.285542 
0.039713 0.117803 0.104892 0.013608 0.093650 0.089903 0.069171 0.147417 0.073732 0.161601 1.000000 0.018721 0.332392 0.042839 0.154763 -0.041587 0.096278 0.018399 0.061839 0.080416 0.261812 0.000104 0.080252 0.064613 0.171455 0.010757 0.121055 0.145621 0.039051 0.010527 -0.082655 0.058539 -0.018639 0.019438 -0.045957 -0.051590 0.092300 0.027703 0.069707 0.008192 0.012200 0.022256 0.019620 0.089101 0.090892 0.088387 0.098985 0.009908 0.079033 0.107045 -0.022498 0.086054 0.069383 0.100070 -0.021335 0.080768 0.112204 0.045738 0.037978 -0.030326 -0.028487 -0.002159 0.035911 -0.034817 0.050348 0.059144 
0.067154 0.053279 0.006875 0.070269 0.171903 0.249616 0.182886 0.018809 0.239446 0.110413 0.018721 1.000000 0.050921 0.726817 0.040052 0.089181 0.106466 0.006484 0.421505 -0.021801 0.078667 -0.017885 0.030270 0.011266 0.141366 0.552794 0.035255 -0.090396 0.091921 0.147509 0.096052 0.075111 0.114496 -0.039493 0.142228 0.088652 0.129019 0.021022 0.239506 -0.031330 0.030106 -0.056379 0.097282 0.020826 0.050364 0.072343 0.174527 -0.054378 0.088799 0.029942 0.172350 0.008872 -0.004200 0.151187 0.087435 0.100787 0.117606 0.149380 0.185367 -0.001115 0.029271 0.069049 -0.036937 -0.031739 0.054713 -0.012224 
0.337153 0.053402 0.021447 0.219038 0.047010 -0.084701 0.129481 0.320574 0.080329 0.517980 0.332392 0.050921 1.000000 0.066688 0.213341 -0.032322 0.078110 -0.128763 -0.095113 -0.047579 0.344653 -0.016398 -0.043664 -0.010224 0.438353 -0.014823 0.009743 0.062453 0.161363 0.161385 0.059686 0.039772 0.119741 0.347952 -0.001061 -0.007651 0.214067 0.008831 0.048476 0.005740 0.073456 -0.057823 0.010091 -0.015160 0.138874 0.055188 0.062503 0.056221 -0.008335 0.341827 -0.023089 0.190426 0.139869 0.116450 0.076007 0.009656 0.041657 0.090336 0.080685 -0.035390 -0.045935 0.076030 0.305490 0.169932 -0.002331 0.302835 
0.102197 0.094961 0.059335 0.138958 0.103895 0.335921 0.128990 -0.030496 0.077832 0.126177 0.042839 0.726817 0.066688 1.000000 0.063510 0.100108 0.132604 0.047943 0.257843 -0.011597 0.099061 -0.015433 0.032832 0.078125 0.159989 0.569518 0.053914 -0.045727 0.102639 0.165541 0.037495 0.060358 0.110339 0.003347 0.127154 0.114774 0.127522 0.003240 0.305292 -0.067878 0.060782 0.020319 0.047618 0.104739 0.237104 0.137530 0.450238 0.039824 0.061216 0.009460 0.075411 0.019816 0.033612 0.108339 0.076128 0.054572 0.107762 0.086391 0.338003 -0.075434 0.042443 0.018887 0.037976 -0.028462 0.092196 0.032691 
0.310943 0.157109 0.136583 -0.010109 0.016083 0.050060 0.162239 0.200881 0.410580 0.071395 0.154763 0.040052 0.213341 0.063510 1.000000 0.097961 0.332622 0.070168 -0.042452 -0.066011 -0.012362 0.100493 0.092901 0.126166 0.034838 0.022447 0.143044 0.109383 0.094675 0.589218 0.111649 0.326024 0.523329 0.137206 0.060651 0.011317 0.038713 0.014414 0.036801 0.007487 0.021475 0.071784 0.172281 0.062758 0.085275 0.085363 0.091579 0.163512 0.161933 0.207988 0.073253 0.041747 0.040252 -0.024478 0.191522 0.151755 0.165385 0.080410 0.031740 0.031485 -0.008383 0.087495 0.227348 0.154174 0.068469 0.268085 
0.052377 -0.052975 0.127047 -0.081208 -0.005349 0.101352 0.010384 0.098693 0.026337 0.078701 -0.041587 0.089181 -0.032322 0.100108 0.097961 1.000000 0.071768 0.063602 0.141318 0.017267 -0.063287 0.238040 0.693722 0.559459 0.035972 0.100515 0.074421 0.034817 0.389704 0.071942 0.110870 0.143327 0.059961 -0.005769 -0.023353 0.076801 -0.087399 -0.005735 0.078808 -0.001827 -0.023924 0.037963 0.053067 0.017097 -0.020650 -0.138810 -0.007987 -0.066835 0.398917 -0.038778 0.024918 -0.012668 0.048508 -0.142243 0.071885 0.277023 0.054360 -0.018119 0.058031 0.017469 0.019968 0.016296 0.022293 0.093552 0.008801 0.056630 
0.319863 0.001004 0.023904 0.095891 0.321612 0.031016 0.681502 0.046293 0.267579 -0.004861 0.096278 0.106466 0.078110 0.132604 0.332622 0.071768 1.000000 0.120203 0.098550 0.091913 0.111722 0.045748 0.069828 0.012902 -0.015967 0.066928 0.034801 -0.000863 0.059663 0.366933 0.096706 0.438437 0.305844 0.275648 0.036826 0.102607 0.079349 0.011865 0.060747 -0.023204 0.093617 0.078839 0.335109 0.083952 0.036092 0.122956 0.049559 0.308184 0.160268 0.206685 -0.048371 0.050571 0.014324 0.031092 0.172912 0.241541 0.161513 0.190598 0.111472 0.095771 0.080338 0.209345 0.343436 0.129643 0.168111 0.384847 
-0.009871 -0.072971 0.010237 0.112264 -0.095322 0.194944 0.029357 0.102293 0.066265 -0.075131 0.018399 0.006484 -0.128763 0.047943 0.070168 0.063602 0.120203 1.000000 0.167050 0.558541 0.062922 0.184969 0.066791 0.061534 -0.135461 0.084651 0.017846 0.017311 -0.137244 0.080644 0.002509 -0.005346 0.143851 0.018055 -0.071540 0.083217 -0.049013 -0.064848 0.234664 -0.023556 -0.060884 0.023100 0.086133 0.068759 0.167462 0.032786 0.226885 0.062887 0.184803 0.022962 0.074855 -0.074082 -0.039217 -0.015358 0.120290 0.066471 0.042290 -0.028602 0.191902 -0.003454 -0.048923 -0.020931 0.095127 0.077262 0.016231 0.157400 
-0.019143 0.090819 0.040139 -0.002119 0.035038 0.179885 0.047107 -0.018386 0.047926 -0.014109 0.061839 0.421505 -0.095113 0.257843 -0.042452 0.141318 0.098550 0.167050 1.000000 0.431979 0.018392 -0.008663 0.079268 0.110811 0.027629 0.310941 0.092073 -0.002746 0.054545 0.116611 -0.015255 0.106049 0.093412 -0.028427 0.029745 0.056652 0.046328 0.052310 0.085510 0.081086 0.016803 0.059025 0.035918 0.095564 0.086684 0.008167 0.163526 0.014289 0.100625 -0.043332 0.076360 0.073780 0.034054 0.067543 0.043792 0.050586 0.060685 0.026646 0.050847 -0.005299 -0.019754 -0.016834 -0.008128 0.012311 0.064873 -0.013389 
-0.022848 0.039084 0.057737 0.069275 -0.082003 0.051567 0.009590 0.019182 -0.025137 -0.083757 0.080416 -0.021801 -0.047579 -0.011597 -0.066011 0.017267 0.091913 0.558541 0.431979 1.000000 0.079634 0.031717 0.027204 0.009186 -0.086018 0.003760 0.079827 0.114923 -0.090981 -0.008707 0.061358 0.021174 -0.001258 -0.046184 -0.069638 -0.059184 0.003595 -0.057497 0.105288 0.002887 -0.033413 -0.010563 0.022470 0.053530 0.054391 -0.073443 0.046439 0.055456 0.104278 -0.030199 -0.004023 0.007479 0.048879 -0.009116 -0.024011 0.012948 0.014927 -0.040350 0.044978 0.035089 -0.069512 0.023727 -0.002917 0.015910 -0.035970 0.013590 
0.021473 0.015737 -0.082769 0.816452 0.198130 0.052928 0.071121 0.100225 -0.027665 0.329316 0.261812 0.078667 0.344653 0.099061 -0.012362 -0.063287 0.111722 0.062922 0.018392 0.079634 1.000000 0.080511 -0.059180 0.002000 0.554999 0.096043 0.011309 0.060354 0.076326 0.005255 0.036071 0.058267 0.029238 0.085402 -0.005998 0.098771 0.337864 0.067787 0.167228 0.030027 0.052428 0.089410 0.207186 0.015344 0.141395 0.133319 0.127906 0.035508 -0.070738 0.134315 -0.022770 0.078574 0.161171 0.234131 0.024584 -0.075073 -0.057463 0.201142 0.120458 -0.031761 0.055453 0.152887 0.105390 0.102832 0.085506 0.124223 
0.078058 0.036173 0.007449 0.041419 0.071951 0.008033 -0.003452 0.136704 0.045661 0.003214 0.000104 -0.017885 -0.016398 -0.015433 0.100493 0.238040 0.045748 0.184969 -0.008663 0.031717 0.080511 1.000000 0.227493 0.454189 -0.086588 0.075435 0.135790 0.039111 0.182992 0.114530 0.102420 0.128986 0.201215 0.157202 0.106635 0.098306 -0.055650 -0.022049 0.085643 0.006237 0.115561 -0.009510 0.048239 0.032724 0.081081 0.046177 0.068747 -0.014135 -0.008871 -0.006199 0.173146 0.065094 0.083060 -0.041424 0.233660 -0.018174 0.040312 -0.062754 0.089185 -0.023841 0.019534 0.017617 0.202286 0.247499 0.030112 0.255789 
-0.063844 0.087310 0.262103 -0.076289 0.166784 0.058017 0.079897 0.072224 0.141144 0.156074 0.080252 0.030270 -0.043664 0.032832 0.092901 0.693722 0.069828 0.066791 0.079268 0.027204 -0.059180 0.227493 1.000000 0.652216 0.040567 0.100480 0.168876 0.226702 0.189504 -0.010341 -0.001412 0.199925 -0.015704 -0.028824 -0.019678 0.043331 -0.090613 0.147001 0.054396 0.081238 -0.027546 0.113148 0.038711 0.040275 -0.012553 -0.039766 -0.030432 0.034219 0.424173 0.067688 0.052138 0.038960 0.068364 -0.086142 0.023818 0.508695 0.158405 0.014809 0.038886 0.133885 0.009882 0.036324 0.059621 0.049765 0.163283 0.034768 
-0.028510 0.086948 0.274534 -0.031645 0.088062 0.062624 0.042978 0.067880 0.090525 0.013323 0.064613 0.011266 -0.010224 0.078125 0.126166 0.559459 0.012902 0.061534 0.110811 0.009186 0.002000 0.454189 0.652216 1.000000 -0.010818 0.085900 0.237038 0.143396 0.201449 0.000345 0.027750 0.187412 -0.013567 0.010424 0.121966 0.093126 -0.038154 0.002793 0.038404 0.016857 0.035285 0.054770 -0.060326 0.012553 0.088805 -0.086474 0.109254 0.047393 0.133241 -0.013597 0.197777 0.023608 0.086736 -0.071781 0.129357 0.106066 0.074464 -0.050003 0.041657 0.013242 0.019953 0.002690 0.105156 0.078083 0.058270 0.094984 
0.001931 0.186496 0.041098 0.598516 0.085529 0.066233 -0.063006 0.205760 -0.047269 0.792455 0.171455 0.141366 0.438353 0.159989 0.034838 0.035972 -0.015967 -0.135461 0.027629 -0.086018 0.554999 -0.086588 0.040567 -0.010818 1.000000 0.130557 0.012042 0.109375 0.326294 -0.013837 -0.024864 -0.085463 0.000402 0.128148 0.121691 0.121433 0.340558 0.151569 0.132501 -0.002762 0.019261 -0.038063 0.088355 0.025284 0.195965 0.071601 0.180019 0.026943 -0.079012 0.355463 0.000356 0.172198 0.126161 0.229327 0.013576 -0.067925 -0.016745 0.209660 0.117692 -0.075659 0.086683 0.065911 0.120360 0.044438 0.196126 0.088925 
0.053669 0.009695 0.044298 0.136491 0.044664 0.543248 0.086268 0.022372 0.178567 0.070515 0.010757 0.552794 -0.014823 0.569518 0.022447 0.100515 0.066928 0.084651 0.310941 0.003760 0.096043 0.075435 0.100480 0.085900 0.130557 1.000000 0.168381 -0.071157 0.092036 0.090963 0.080401 0.039891 0.031052 -0.025665 0.008367 0.099780 0.128930 0.034543 0.484127 -0.044687 0.167029 0.079667 0.076978 0.168768 0.284091 0.164389 0.417652 0.105385 0.012160 0.026008 0.194265 0.035570 0.051193 0.184220 0.060894 0.040330 0.023422 0.134970 0.654517 0.056406 -0.004561 0.083768 0.032895 0.029534 0.190077 0.006638 
-0.000647 0.212891 0.188133 0.013905 -0.013978 0.097448 0.063773 0.005356 0.152357 0.008827 0.121055 0.035255 0.009743 0.053914 0.143044 0.074421 0.034801 0.017846 0.092073 0.079827 0.011309 0.135790 0.168876 0.237038 0.012042 0.168381 1.000000 0.230309 0.124782 0.067205 0.027640 0.166692 0.055302 0.050907 0.151812 0.066124 -0.003411 0.058358 0.042047 0.002452 0.066745 0.071174 -0.060600 0.040437 0.064383 -0.011731 0.023755 0.054282 0.015524 0.077381 0.037873 0.109154 0.020670 -0.020710 0.030850 0.009838 0.022496 -0.015440 0.056925 0.018724 0.100348 0.081464 0.088396 0.040209 0.102654 0.086876 
-0.077092 0.703505 0.354708 0.056682 0.094474 -0.011768 -0.060489 -0.027374 0.054346 0.082319 0.145621 -0.090396 0.062453 -0.045727 0.109383 0.034817 -0.000863 0.017311 -0.002746 0.114923 0.060354 0.039111 0.226702 0.143396 0.109375 -0.071157 0.230309 1.000000 0.087882 -0.048949 -0.084775 0.009162 -0.038885 -0.085630 0.170507 0.048169 0.076520 0.024763 0.051664 0.006573 -0.048883 0.066985 -0.081170 0.007014 0.062246 -0.077760 -0.013263 0.001475 0.068944 0.022307 0.118676 0.162303 0.111814 -0.027738 0.030739 0.117717 0.071648 -0.014685 -0.015271 0.090634 0.160640 0.047307 -0.028514 -0.075607 -0.004624 -0.018212 
0.101049 0.148920 0.135065 0.045976 0.009641 -0.022818 -0.045142 0.109152 -0.004859 0.286271 0.039051 0.091921 0.161363 0.102639 0.094675 0.389704 0.059663 -0.137244 0.054545 -0.090981 0.076326 0.182992 0.189504 0.201449 0.326294 0.092036 0.124782 0.087882 1.000000 0.113061 0.066625 -0.014208 0.082084 0.049836 0.180487 0.089398 0.057606 0.002946 -0.028147 -0.057740 -0.015750 -0.016230 0.018232 0.018662 0.074392 0.002600 0.049760 0.000527 0.007286 0.069094 -0.003219 0.115077 0.091856 0.027541 0.031213 0.009502 0.036833 0.005343 0.017594 0.028758 0.155799 0.067479 0.063744 0.051532 0.137616 0.078854 
0.658514 0.007336 -0.032146 0.031118 0.056446 0.048565 0.250402 0.171136 0.209084 0.019296 0.010527 0.147509 0.161385 0.165541 0.589218 0.071942 0.366933 0.080644 0.116611 -0.008707 0.005255 0.114530 -0.010341 0.000345 -0.013837 0.090963 0.067205 -0.048949 0.113061 1.000000 0.397019 0.288418 0.902209 0.209479 -0.012847 0.013500 -0.052116 0.008466 0.056055 0.042713 0.036617 0.054411 0.232479 0.016361 0.005891 0.129653 0.032750 0.100528 0.193360 0.103767 0.083653 0.121936 0.062398 -0.061729 0.312092 0.148347 0.208732 0.032564 0.077467 0.105942 -0.061201 0.039770 0.265957 0.239963 -0.012069 0.348026 
0.580731 -0.109322 -0.050117 0.075065 -0.051189 0.018037 0.095252 0.248017 0.016410 -0.060135 -0.082655 0.096052 0.059686 0.037495 0.111649 0.110870 0.096706 0.002509 -0.015255 0.061358 0.036071 0.102420 -0.001412 0.027750 -0.024864 0.080401 0.027640 -0.084775 0.066625 0.397019 1.000000 0.100169 0.409880 0.100627 -0.050648 0.026718 0.074420 -0.003509 0.065132 0.031006 -0.018251 -0.013676 0.209554 -0.040506 -0.034710 0.074827 -0.024702 -0.038046 0.086904 0.035515 0.058678 0.035522 0.072248 0.065528 0.176419 0.085534 0.141948 0.131572 0.034756 0.086510 -0.009634 0.145823 0.073302 0.176622 -0.033554 0.117739 
0.138475 -0.012653 0.003282 0.052907 0.376527 0.058309 0.464327 -0.027025 0.347276 -0.055667 0.058539 0.075111 0.039772 0.060358 0.326024 0.143327 0.438437 -0.005346 0.106049 0.021174 0.058267 0.128986 0.199925 0.187412 -0.085463 0.039891 0.166692 0.009162 -0.014208 0.288418 0.100169 1.000000 0.149356 0.117765 -0.008629 0.055973 -0.013063 0.002829 -0.007686 0.013511 0.118834 -0.061184 0.148819 0.023969 -0.018169 -0.039566 -0.022687 0.025038 0.170838 0.015648 0.022049 0.057149 0.050188 -0.098877 0.101862 0.223545 0.063652 0.090132 0.003338 0.047240 0.019346 0.180350 0.138673 0.073986 -0.019046 0.171907 
0.587999 0.003536 -0.037053 0.050732 0.022667 0.011321 0.166733 0.171889 0.121250 0.047242 -0.018639 0.114496 0.119741 0.110339 0.523329 0.059961 0.305844 0.143851 0.093412 -0.001258 0.029238 0.201215 -0.015704 -0.013567 0.000402 0.031052 0.055302 -0.038885 0.082084 0.902209 0.409880 0.149356 1.000000 0.236406 -0.017073 0.006769 -0.062858 0.020365 0.046327 0.042918 -0.005665 0.015198 0.236471 0.002821 0.018963 0.101056 0.040876 0.060983 0.157675 0.117741 0.083128 0.121567 0.027564 -0.093070 0.326590 0.113945 0.194880 0.011985 0.036351 0.107421 -0.059289 0.012212 0.285958 0.259481 -0.003806 0.382910 
0.256017 -0.064558 0.061085 0.116255 0.095730 -0.061790 0.271788 0.140721 0.020885 0.325142 0.019438 -0.039493 0.347952 0.003347 0.137206 -0.005769 0.275648 0.018055 -0.028427 -0.046184 0.085402 0.157202 -0.028824 0.010424 0.128148 -0.025665 0.050907 -0.085630 0.049836 0.209479 0.100627 0.117765 0.236406 1.000000 0.129510 0.118662 0.078217 0.102904 -0.009379 0.087366 0.273235 0.003749 0.218882 0.113017 0.062196 0.205032 0.075796 0.292206 -0.048476 0.402486 -0.062951 0.091265 0.031172 0.029229 0.264383 -0.026131 -0.001635 0.137735 0.031150 0.008610 0.026765 0.120419 0.755914 0.575542 0.134613 0.721264 
-0.012102 0.403547 0.009659 -0.019868 0.063413 -0.027611 0.074140 0.113478 0.042910 0.155622 -0.045957 0.142228 -0.001061 0.127154 0.060651 -0.023353 0.036826 -0.071540 0.029745 -0.069638 -0.005998 0.106635 -0.019678 0.121966 0.121691 0.008367 0.151812 0.170507 0.180487 -0.012847 -0.050648 -0.008629 -0.017073 0.129510 1.000000 0.375318 0.112170 0.086065 0.000611 0.006522 0.029255 -0.049948 0.017087 0.002516 0.059734 0.049867 0.068200 0.085853 -0.110369 0.072823 -0.020103 0.077690 0.005382 0.100275 -0.048907 0.036992 0.011407 0.120010 -0.003232 -0.011357 0.666260 0.116283 0.035166 -0.040971 0.069861 -0.003038 
0.014316 0.056097 0.161927 0.135252 0.025114 0.005200 0.094274 0.066528 -0.010055 0.086394 -0.051590 0.088652 -0.007651 0.114774 0.011317 0.076801 0.102607 0.083217 0.056652 -0.059184 0.098771 0.098306 0.043331 0.093126 0.121433 0.099780 0.066124 0.048169 0.089398 0.013500 0.026718 0.055973 0.006769 0.118662 0.375318 1.000000 0.101329 -0.017330 0.083915 -0.122443 0.073988 0.038175 0.150102 0.053159 0.087549 0.106931 0.102926 0.024134 0.032672 0.062230 -0.004277 0.087386 0.074431 0.056276 0.093084 0.124540 0.133497 0.165447 0.010791 -0.011189 0.387121 0.167661 0.033761 0.031884 0.110611 0.065014 
-0.002992 0.089282 -0.054368 0.341481 0.117425 0.020269 0.096424 0.027600 0.010266 0.221873 0.092300 0.129019 0.214067 0.127522 0.038713 -0.087399 0.079349 -0.049013 0.046328 0.003595 0.337864 -0.055650 -0.090613 -0.038154 0.340558 0.128930 -0.003411 0.076520 0.057606 -0.052116 0.074420 -0.013063 -0.062858 0.078217 0.112170 0.101329 1.000000 0.036010 0.112873 -0.007868 0.116866 -0.068544 0.350900 0.123703 0.128972 0.224954 0.120794 0.018972 -0.045459 0.129265 -0.094835 0.050043 0.008170 0.803856 -0.138795 0.013614 0.007783 0.636011 0.064847 -0.030419 0.096993 0.381330 0.006129 -0.050006 0.060952 -0.039724 
0.005882 0.078848 -0.044270 0.079846 -0.037092 -0.010733 0.004432 0.074447 0.015685 0.201634 0.027703 0.021022 0.008831 0.003240 0.014414 -0.005735 0.011865 -0.064848 0.052310 -0.057497 0.067787 -0.022049 0.147001 0.002793 0.151569 0.034543 0.058358 0.024763 0.002946 0.008466 -0.003509 0.002829 0.020365 0.102904 0.086065 -0.017330 0.036010 1.000000 0.040011 0.811253 0.065766 0.373393 0.042222 0.144373 -0.059476 0.114281 -0.040554 0.165832 0.110160 0.344946 -0.045946 0.017732 -0.019243 0.082123 0.101352 0.234850 0.175153 0.055397 -0.003535 0.180749 0.066657 0.107344 0.143027 0.055640 0.553691 0.065258 
0.076680 0.067296 -0.019026 0.212426 0.089660 0.487147 0.078800 0.086299 0.064760 0.119435 0.069707 0.239506 0.048476 0.305292 0.036801 0.078808 0.060747 0.234664 0.085510 0.105288 0.167228 0.085643 0.054396 0.038404 0.132501 0.484127 0.042047 0.051664 -0.028147 0.056055 0.065132 -0.007686 0.046327 -0.009379 0.000611 0.083915 0.112873 0.040011 1.000000 -0.026174 0.086849 0.073970 0.098554 0.074172 0.262818 0.119480 0.366444 0.062232 0.054605 0.097814 0.179158 0.096118 0.017053 0.137129 0.011960 0.030718 0.034363 0.144808 0.640035 0.038949 -0.063160 0.060555 0.041300 -0.025585 0.191614 0.026409 
-0.015022 0.009729 -0.066263 0.027194 -0.043911 -0.024075 0.001705 -0.026702 0.060948 0.035568 0.008192 -0.031330 0.005740 -0.067878 0.007487 -0.001827 -0.023204 -0.023556 0.081086 0.002887 0.030027 0.006237 0.081238 0.016857 -0.002762 -0.044687 0.002452 0.006573 -0.057740 0.042713 0.031006 0.013511 0.042918 0.087366 0.006522 -0.122443 -0.007868 0.811253 -0.026174 1.000000 0.050632 0.414020 0.030279 0.124708 0.016478 0.109080 -0.020358 0.107215 0.038095 0.187248 -0.074135 0.056613 0.011791 0.025424 0.097001 0.147259 0.100944 -0.008896 -0.041840 0.178884 0.017205 0.033201 0.114976 0.079195 0.279652 0.084474 
0.076855 0.000734 -0.058984 0.071656 0.076980 0.087973 0.143322 0.012993 0.104433 -0.045946 0.012200 0.030106 0.073456 0.060782 0.021475 -0.023924 0.093617 -0.060884 0.016803 -0.033413 0.052428 0.115561 -0.027546 0.035285 0.019261 0.167029 0.066745 -0.048883 -0.015750 0.036617 -0.018251 0.118834 -0.005665 0.273235 0.029255 0.073988 0.116866 0.065766 0.086849 0.050632 1.000000 0.058905 0.415711 0.260506 0.136097 0.414358 0.116904 0.173515 0.026946 -0.060755 0.057414 0.075460 0.040139 0.198446 0.061180 0.035115 0.066581 0.296828 0.140717 -0.028708 -0.057219 0.374177 0.151982 0.177423 0.026489 0.165340 
0.029470 0.005200 -0.015830 0.070255 -0.071514 0.014990 -0.007589 0.065511 0.002871 -0.059438 0.022256 -0.056379 -0.057823 0.020319 0.071784 0.037963 0.078839 0.023100 0.059025 -0.010563 0.089410 -0.009510 0.113148 0.054770 -0.038063 0.079667 0.071174 0.066985 -0.016230 0.054411 -0.013676 -0.061184 0.015198 0.003749 -0.049948 0.038175 -0.068544 0.373393 0.073970 0.414020 0.058905 1.000000 -0.014695 0.137525 0.009397 0.177058 0.004107 0.484633 0.085129 0.039058 -0.018537 0.023662 -0.037623 0.007044 -0.001726 0.119274 0.083743 -0.072069 0.141407 0.137131 0.025949 -0.011594 0.143999 0.039257 0.408624 0.073104 
0.218698 -0.087292 0.011252 0.187622 0.203015 0.067548 0.225217 0.063363 0.120167 0.043007 0.019620 0.097282 0.010091 0.047618 0.172281 0.053067 0.335109 0.086133 0.035918 0.022470 0.207186 0.048239 0.038711 -0.060326 0.088355 0.076978 -0.060600 -0.081170 0.018232 0.232479 0.209554 0.148819 0.236471 0.218882 0.017087 0.150102 0.350900 0.042222 0.098554 0.030279 0.415711 -0.014695 1.000000 0.151960 0.112322 0.500666 0.114456 0.054061 0.182951 -0.015388 -0.062127 -0.047329 -0.019752 0.405344 0.052674 0.278812 0.136986 0.749544 0.103490 0.082395 -0.036384 0.510280 0.122554 0.165857 0.014898 0.167318 
0.000073 0.043573 0.013424 0.029547 0.028380 0.139497 0.068414 0.006023 0.026115 0.038032 0.089101 0.020826 -0.015160 0.104739 0.062758 0.017097 0.083952 0.068759 0.095564 0.053530 0.015344 0.032724 0.040275 0.012553 0.025284 0.168768 0.040437 0.007014 0.018662 0.016361 -0.040506 0.023969 0.002821 0.113017 0.002516 0.053159 0.123703 0.144373 0.074172 0.124708 0.260506 0.137525 0.151960 1.000000 0.068257 0.476882 0.132940 0.132155 0.071401 0.095354 0.044172 -0.040711 -0.006333 0.342962 0.090011 0.058793 0.118833 0.184202 0.114389 0.167404 -0.032997 0.186118 0.143775 0.058797 0.162033 0.133387 
0.028953 0.103038 0.103378 0.147271 0.038732 0.306687 0.041237 0.053265 0.040418 0.130008 0.090892 0.050364 0.138874 0.237104 0.085275 -0.020650 0.036092 0.167462 0.086684 0.054391 0.141395 0.081081 -0.012553 0.088805 0.195965 0.284091 0.064383 0.062246 0.074392 0.005891 -0.034710 -0.018169 0.018963 0.062196 0.059734 0.087549 0.128972 -0.059476 0.262818 0.016478 0.136097 0.009397 0.112322 0.068257 1.000000 0.122625 0.885430 0.061931 -0.035702 0.092399 -0.019634 0.392208 -0.006609 0.099923 0.038788 -0.044033 0.034705 0.141391 0.416842 -0.055828 -0.019049 0.070970 0.035901 -0.033756 0.078569 0.019801 
0.169687 -0.038005 -0.010971 0.133486 0.085147 0.088705 0.122020 0.070719 -0.010608 0.036164 0.088387 0.072343 0.055188 0.137530 0.085363 -0.138810 0.122956 0.032786 0.008167 -0.073443 0.133319 0.046177 -0.039766 -0.086474 0.071601 0.164389 -0.011731 -0.077760 0.002600 0.129653 0.074827 -0.039566 0.101056 0.205032 0.049867 0.106931 0.224954 0.114281 0.119480 0.109080 0.414358 0.177058 0.500666 0.476882 0.122625 1.000000 0.171623 0.246660 0.018035 0.047161 -0.030664 -0.018031 -0.007053 0.520380 -0.005247 0.068007 0.142708 0.384279 0.138939 0.035748 -0.004274 0.219936 0.208334 0.049075 0.095140 0.183758 
0.040558 0.101175 0.094805 0.162313 0.002350 0.401638 0.015528 0.040869 -0.016739 0.128468 0.098985 0.174527 0.062503 0.450238 0.091579 -0.007987 0.049559 0.226885 0.163526 0.046439 0.127906 0.068747 -0.030432 0.109254 0.180019 0.417652 0.023755 -0.013263 0.049760 0.032750 -0.024702 -0.022687 0.040876 0.075796 0.068200 0.102926 0.120794 -0.040554 0.366444 -0.020358 0.116904 0.004107 0.114456 0.132940 0.885430 0.171623 1.000000 0.062013 0.004723 0.082416 0.014137 0.145913 -0.070790 0.109018 0.067645 -0.046420 0.062317 0.127631 0.450742 -0.107864 -0.025767 0.040357 0.060325 -0.004185 0.146540 0.044603 
0.090702 -0.002102 0.046501 0.066298 -0.058976 0.025399 0.143725 0.040721 0.045976 0.118842 0.009908 -0.054378 0.056221 0.039824 0.163512 -0.066835 0.308184 0.062887 0.014289 0.055456 0.035508 -0.014135 0.034219 0.047393 0.026943 0.105385 0.054282 0.001475 0.000527 0.100528 -0.038046 0.025038 0.060983 0.292206 0.085853 0.024134 0.018972 0.165832 0.062232 0.107215 0.173515 0.484633 0.054061 0.132155 0.061931 0.246660 0.062013 1.000000 0.043015 0.296993 0.026497 0.029443 -0.043151 0.074496 0.021107 0.037931 0.083103 0.047426 0.144677 0.144235 0.063065 0.036973 0.524889 0.053739 0.431518 0.421691 
0.119079 -0.007661 0.080146 -0.068633 -0.043994 0.120105 0.082600 0.050315 0.064821 -0.032053 0.079033 0.088799 -0.008335 0.061216 0.161933 0.398917 0.160268 0.184803 0.100625 0.104278 -0.070738 -0.008871 0.424173 0.133241 -0.079012 0.012160 0.015524 0.068944 0.007286 0.193360 0.086904 0.170838 0.157675 -0.048476 -0.110369 0.032672 -0.045459 0.110160 0.054605 0.038095 0.026946 0.085129 0.182951 0.071401 -0.035702 0.018035 0.004723 0.043015 1.000000 -0.022131 0.044299 -0.020767 -0.071148 -0.054194 0.079105 0.744808 0.697428 0.083890 -0.026337 0.145626 0.040490 -0.000646 0.004151 0.066439 0.130178 0.047540 
0.119822 0.023502 0.094423 0.162217 -0.007796 0.020230 0.133131 0.206925 0.055373 0.553825 0.107045 0.029942 0.341827 0.009460 0.207988 -0.038778 0.206685 0.022962 -0.043332 -0.030199 0.134315 -0.006199 0.067688 -0.013597 0.355463 0.026008 0.077381 0.022307 0.069094 0.103767 0.035515 0.015648 0.117741 0.402486 0.072823 0.062230 0.129265 0.344946 0.097814 0.187248 -0.060755 0.039058 -0.015388 0.095354 0.092399 0.047161 0.082416 0.296993 -0.022131 1.000000 0.055501 0.137788 0.094915 0.153448 0.120381 0.007420 0.024289 0.131094 0.039380 0.087827 0.044401 0.082600 0.456380 0.138039 0.393030 0.419437 
0.081466 0.144777 0.068235 0.003234 -0.104013 0.183219 -0.057287 0.091360 0.025201 -0.009321 -0.022498 0.172350 -0.023089 0.075411 0.073253 0.024918 -0.048371 0.074855 0.076360 -0.004023 -0.022770 0.173146 0.052138 0.197777 0.000356 0.194265 0.037873 0.118676 -0.003219 0.083653 0.058678 0.022049 0.083128 -0.062951 -0.020103 -0.004277 -0.094835 -0.045946 0.179158 -0.074135 0.057414 -0.018537 -0.062127 0.044172 -0.019634 -0.030664 0.014137 0.026497 0.044299 0.055501 1.000000 -0.000654 0.264983 -0.039346 0.170764 -0.056057 0.045197 -0.004516 0.127534 0.107050 -0.042124 0.013086 0.061269 0.015980 0.027169 0.073283 
0.177687 0.131282 -0.007844 0.095332 0.114273 -0.005028 0.120194 0.092770 0.063093 0.119877 0.086054 0.008872 0.190426 0.019816 0.041747 -0.012668 0.050571 -0.074082 0.073780 0.007479 0.078574 0.065094 0.038960 0.023608 0.172198 0.035570 0.109154 0.162303 0.115077 0.121936 0.035522 0.057149 0.121567 0.091265 0.077690 0.087386 0.050043 0.017732 0.096118 0.056613 0.075460 0.023662 -0.047329 -0.040711 0.392208 -0.018031 0.145913 0.029443 -0.020767 0.137788 -0.000654 1.000000 0.414788 -0.050643 0.067889 0.004597 0.091131 -0.007557 0.179992 0.140794 0.046823 -0.040404 0.108301 0.063672 0.008682 0.099014 
0.072042 0.109239 0.031122 0.104721 0.034209 0.003420 0.042370 0.102775 -0.020136 0.082607 0.069383 -0.004200 0.139869 0.033612 0.040252 0.048508 0.014324 -0.039217 0.034054 0.048879 0.161171 0.083060 0.068364 0.086736 0.126161 0.051193 0.020670 0.111814 0.091856 0.062398 0.072248 0.050188 0.027564 0.031172 0.005382 0.074431 0.008170 -0.019243 0.017053 0.011791 0.040139 -0.037623 -0.019752 -0.006333 -0.006609 -0.007053 -0.070790 -0.043151 -0.071148 0.094915 0.264983 0.414788 1.000000 -0.047386 0.015822 -0.077774 -0.060904 0.028081 0.100019 0.259276 0.002614 0.050680 0.048116 0.156268 -0.101985 0.084807 
0.004318 0.038566 -0.077817 0.222425 0.118332 0.088816 0.094981 0.047627 -0.008695 0.171094 0.100070 0.151187 0.116450 0.108339 -0.024478 -0.142243 0.031092 -0.015358 0.067543 -0.009116 0.234131 -0.041424 -0.086142 -0.071781 0.229327 0.184220 -0.020710 -0.027738 0.027541 -0.061729 0.065528 -0.098877 -0.093070 0.029229 0.100275 0.056276 0.803856 0.082123 0.137129 0.025424 0.198446 0.007044 0.405344 0.342962 0.099923 0.520380 0.109018 0.074496 -0.054194 0.153448 -0.039346 -0.050643 -0.047386 1.000000 -0.121475 0.023350 0.025000 0.634979 0.099588 0.011459 0.038311 0.365904 -0.003353 -0.073698 0.116992 -0.053599 
0.279172 0.083702 0.136430 0.059485 0.053435 0.052663 0.173755 0.104420 0.090029 0.105664 -0.021335 0.087435 0.076007 0.076128 0.191522 0.071885 0.172912 0.120290 0.043792 -0.024011 0.024584 0.233660 0.023818 0.129357 0.013576 0.060894 0.030850 0.030739 0.031213 0.312092 0.176419 0.101862 0.326590 0.264383 -0.048907 0.093084 -0.138795 0.101352 0.011960 0.097001 0.061180 -0.001726 0.052674 0.090011 0.038788 -0.005247 0.067645 0.021107 0.079105 0.120381 0.170764 0.067889 0.015822 -0.121475 1.000000 0.020372 0.192904 -0.098743 0.001796 0.096549 -0.090599 -0.031537 0.443164 0.468758 0.026419 0.545055 
0.095938 0.027484 0.041827 -0.066189 0.105394 0.057309 0.252612 0.085948 0.194135 0.001467 0.080768 0.100787 0.009656 0.054572 0.151755 0.277023 0.241541 0.066471 0.050586 0.012948 -0.075073 -0.018174 0.508695 0.106066 -0.067925 0.040330 0.009838 0.117717 0.009502 0.148347 0.085534 0.223545 0.113945 -0.026131 0.036992 0.124540 0.013614 0.234850 0.030718 0.147259 0.035115 0.119274 0.278812 0.058793 -0.044033 0.068007 -0.046420 0.037931 0.744808 0.007420 -0.056057 0.004597 -0.077774 0.023350 0.020372 1.000000 0.646239 0.150707 -0.021523 0.206994 0.214807 0.077037 -0.008170 -0.011104 0.163105 0.001763 
0.158564 0.073161 0.106921 -0.035731 -0.005663 0.093516 0.124614 0.094427 0.016925 -0.026279 0.112204 0.117606 0.041657 0.107762 0.165385 0.054360 0.161513 0.042290 0.060685 0.014927 -0.057463 0.040312 0.158405 0.074464 -0.016745 0.023422 0.022496 0.071648 0.036833 0.208732 0.141948 0.063652 0.194880 -0.001635 0.011407 0.133497 0.007783 0.175153 0.034363 0.100944 0.066581 0.083743 0.136986 0.118833 0.034705 0.142708 0.062317 0.083103 0.697428 0.024289 0.045197 0.091131 -0.060904 0.025000 0.192904 0.646239 1.000000 0.078059 -0.042299 0.275617 0.104416 -0.007772 0.044815 0.011594 0.195878 0.097869 
0.042954 -0.011640 0.073734 0.196943 0.186390 0.114221 0.150214 0.048300 0.062953 0.186143 0.045738 0.149380 0.090336 0.086391 0.080410 -0.018119 0.190598 -0.028602 0.026646 -0.040350 0.201142 -0.062754 0.014809 -0.050003 0.209660 0.134970 -0.015440 -0.014685 0.005343 0.032564 0.131572 0.090132 0.011985 0.137735 0.120010 0.165447 0.636011 0.055397 0.144808 -0.008896 0.296828 -0.072069 0.749544 0.184202 0.141391 0.384279 0.127631 0.047426 0.083890 0.131094 -0.004516 -0.007557 0.028081 0.634979 -0.098743 0.150707 0.078059 1.000000 0.129837 0.048872 0.059041 0.721632 0.036250 -0.036821 0.063953 0.007856 
0.107523 -0.009438 -0.023116 0.151546 0.035326 0.397205 0.094656 0.041393 0.058415 0.076636 0.037978 0.185367 0.080685 0.338003 0.031740 0.058031 0.111472 0.191902 0.050847 0.044978 0.120458 0.089185 0.038886 0.041657 0.117692 0.654517 0.056925 -0.015271 0.017594 0.077467 0.034756 0.003338 0.036351 0.031150 -0.003232 0.010791 0.064847 -0.003535 0.640035 -0.041840 0.140717 0.141407 0.103490 0.114389 0.416842 0.138939 0.450742 0.144677 -0.026337 0.039380 0.127534 0.179992 0.100019 0.099588 0.001796 -0.021523 -0.042299 0.129837 1.000000 0.117707 -0.096219 0.053841 0.077742 -0.011384 0.092993 0.044063 
0.031925 0.006818 0.019713 -0.063013 0.062514 0.014970 0.153536 0.022118 0.040483 0.017577 -0.030326 -0.001115 -0.035390 -0.075434 0.031485 0.017469 0.095771 -0.003454 -0.005299 0.035089 -0.031761 -0.023841 0.133885 0.013242 -0.075659 0.056406 0.018724 0.090634 0.028758 0.105942 0.086510 0.047240 0.107421 0.008610 -0.011357 -0.011189 -0.030419 0.180749 0.038949 0.178884 -0.028708 0.137131 0.082395 0.167404 -0.055828 0.035748 -0.107864 0.144235 0.145626 0.087827 0.107050 0.140794 0.259276 0.011459 0.096549 0.206994 0.275617 0.048872 0.117707 1.000000 -0.004404 0.052671 0.055742 0.043654 0.171202 0.073682 
-0.060794 0.172305 -0.066498 0.029900 0.018048 -0.012058 0.067499 0.040718 0.003216 0.059008 -0.028487 0.029271 -0.045935 0.042443 -0.008383 0.019968 0.080338 -0.048923 -0.019754 -0.069512 0.055453 0.019534 0.009882 0.019953 0.086683 -0.004561 0.100348 0.160640 0.155799 -0.061201 -0.009634 0.019346 -0.059289 0.026765 0.666260 0.387121 0.096993 0.066657 -0.063160 0.017205 -0.057219 0.025949 -0.036384 -0.032997 -0.019049 -0.004274 -0.025767 0.063065 0.040490 0.044401 -0.042124 0.046823 0.002614 0.038311 -0.090599 0.214807 0.104416 0.059041 -0.096219 -0.004404 1.000000 0.056066 -0.040412 -0.040795 0.082309 -0.061607 
0.066420 -0.010399 0.040077 0.166085 0.186801 0.077990 0.160069 0.041143 0.104551 0.031996 -0.002159 0.069049 0.076030 0.018887 0.087495 0.016296 0.209345 -0.020931 -0.016834 0.023727 0.152887 0.017617 0.036324 0.002690 0.065911 0.083768 0.081464 0.047307 0.067479 0.039770 0.145823 0.180350 0.012212 0.120419 0.116283 0.167661 0.381330 0.107344 0.060555 0.033201 0.374177 -0.011594 0.510280 0.186118 0.070970 0.219936 0.040357 0.036973 -0.000646 0.082600 0.013086 -0.040404 0.050680 0.365904 -0.031537 0.077037 -0.007772 0.721632 0.053841 0.052671 0.056066 1.000000 0.075795 0.038749 0.093758 0.060084 
0.274807 -0.015369 0.074114 0.125730 0.052761 -0.016557 0.283321 0.166639 0.045001 0.321999 0.035911 -0.036937 0.305490 0.037976 0.227348 0.022293 0.343436 0.095127 -0.008128 -0.002917 0.105390 0.202286 0.059621 0.105156 0.120360 0.032895 0.088396 -0.028514 0.063744 0.265957 0.073302 0.138673 0.285958 0.755914 0.035166 0.033761 0.006129 0.143027 0.041300 0.114976 0.151982 0.143999 0.122554 0.143775 0.035901 0.208334 0.060325 0.524889 0.004151 0.456380 0.061269 0.108301 0.048116 -0.003353 0.443164 -0.008170 0.044815 0.036250 0.077742 0.055742 -0.040412 0.075795 1.000000 0.521637 0.297635 0.924059 
0.258588 -0.046941 0.010598 0.122249 0.051169 0.035139 0.121143 0.194324 0.037748 0.158928 -0.034817 -0.031739 0.169932 -0.028462 0.154174 0.093552 0.129643 0.077262 0.012311 0.015910 0.102832 0.247499 0.049765 0.078083 0.044438 0.029534 0.040209 -0.075607 0.051532 0.239963 0.176622 0.073986 0.259481 0.575542 -0.040971 0.031884 -0.050006 0.055640 -0.025585 0.079195 0.177423 0.039257 0.165857 0.058797 -0.033756 0.049075 -0.004185 0.053739 0.066439 0.138039 0.015980 0.063672 0.156268 -0.073698 0.468758 -0.011104 0.011594 -0.036821 -0.011384 0.043654 -0.040795 0.038749 0.521637 1.000000 0.048740 0.578812 
0.055108 0.069348 0.067646 0.153666 -0.002348 0.093102 0.045904 0.100383 0.001026 0.253678 0.050348 0.054713 -0.002331 0.092196 0.068469 0.008801 0.168111 0.016231 0.064873 -0.035970 0.085506 0.030112 0.163283 0.058270 0.196126 0.190077 0.102654 -0.004624 0.137616 -0.012069 -0.033554 -0.019046 -0.003806 0.134613 0.069861 0.110611 0.060952 0.553691 0.191614 0.279652 0.026489 0.408624 0.014898 0.162033 0.078569 0.095140 0.146540 0.431518 0.130178 0.393030 0.027169 0.008682 -0.101985 0.116992 0.026419 0.163105 0.195878 0.063953 0.092993 0.171202 0.082309 0.093758 0.297635 0.048740 1.000000 0.208012 
