0.000000000000000000e+00 3.574229815738708821e-02 3.837894676547192602e-02 2.606154877443718834e-02 3.167548166279830768e-02 1.216997579411691066e-01 2.905827896150797174e-01 6.011792676135480074e-01 2.243504498036456296e-01 2.585422076772045941e-01 2.360605918843619866e-01 6.067568145549003672e-02 5.485710514487152079e-01 6.752831054774492692e-02 4.672700742789621109e-01 1.412497244870136726e-01 4.215978682377329312e-01 3.786404886632344785e-02 2.258918377278430201e-01 2.012921576035014148e-01 6.260361012276198511e-02 1.904197374513747765e-01 1.082427964435741519e-01 1.030421876327825836e-01 1.710683070475506606e-01 3.348368063319847460e-02 8.247595783898555022e-02 2.872319405768444800e-02 5.459988331242891096e-02 7.500687512609031105e-01 6.440061745920215852e-01 3.153487401838537818e-01 6.875312839902736339e-01 3.319017872670718128e-01 2.415102736354666005e-02 1.017172564137731050e-01 6.121982148119891470e-02 1.043051725098508020e-01 2.482466173496461828e-02 3.681386614558747328e-02 2.166087519592233834e-01 4.686049213152766041e-02 4.371043208715244544e-01 9.702219184203282609e-02 1.085331286727489603e-01 3.190395528083497800e-01 2.757106285895521633e-02 1.976964109254401580e-01 2.119064045074694203e-01 2.577986722682965026e-01 9.142893498808103703e-02 2.306109708046430451e-01 1.621188191105746301e-01 9.628375380082335178e-02 3.741690669181343964e-01 2.343861454355745944e-01 2.134163291419570174e-01 2.908453093407382117e-01 9.541757151662028091e-02 1.862112028391891827e-01 2.773827558555513884e-02 2.493977303376946897e-01 3.985530631431970505e-01 3.600067418419680143e-01 1.989118538731033115e-01 4.368160628837798876e-01 
3.574229815738708821e-02 0.000000000000000000e+00 4.231060304347082357e-01 1.952841361052533005e-03 9.530714160328508655e-02 7.246614375342629033e-02 3.835603754577289470e-02 2.757968250189122769e-02 3.971696138807049442e-02 2.969959031194285143e-02 1.146160717085965841e-01 2.930469925814870868e-01 7.922456469064463949e-03 3.312417104597086270e-01 2.968958231888087912e-02 4.268264449224517393e-02 7.659940996285781456e-02 7.469771987859814832e-02 1.761074332759018646e-01 7.915402877306604301e-02 4.929614911830845075e-02 6.457197067006259505e-02 2.087060349219616584e-01 8.442017668920238915e-02 7.459241372295229155e-02 9.048326235053304190e-02 2.271561596672642402e-01 7.598230063816882041e-01 2.264730512527287354e-01 3.431675557923470621e-02 5.317207748100783588e-02 8.372264246630339857e-02 2.750168073678184444e-02 8.117230157410830482e-02 5.281175232553874110e-01 5.879388121224374958e-02 4.042559801386794854e-02 2.043427583502907541e-01 1.835441058063488062e-01 2.170827759519990685e-01 1.657794512293316036e-02 1.683799095043375937e-01 1.721357056275931927e-02 6.054706381553379146e-02 1.482115124478855794e-01 2.059475576306553368e-02 1.937805658062072278e-01 1.014423124185033775e-01 6.208795376679950018e-02 1.344325611918721075e-01 2.996654877143232754e-01 1.038156368169363686e-01 1.490434010149344068e-01 3.058092908318741504e-02 1.347397199009056079e-01 1.961651808766440852e-01 6.655710909916540130e-02 2.592260479188017441e-02 1.393481750730297397e-01 8.679188967201015292e-02 3.720979624912375550e-01 1.947679771924767933e-02 1.471981850246792678e-01 8.038094586974228739e-02 1.290451741629812799e-01 1.415171897916147892e-01 
3.837894676547192602e-02 4.231060304347082357e-01 0.000000000000000000e+00 3.523701875810814066e-02 1.044702329930548151e-01 3.011234751437379398e-01 5.121129401312214668e-02 5.719246179972596600e-02 1.262575819820315470e-01 1.429450549368813939e-01 1.266680291402508818e-01 1.922503963104199021e-01 2.281449205586158838e-02 2.630621667076927239e-01 1.139879021806856213e-01 1.558503558404129574e-01 1.227186601914907749e-01 2.384797630252485090e-01 4.756513863997136049e-02 7.502368469136784512e-02 8.871271923644592772e-02 9.839616178334861796e-02 3.480485742447165798e-01 3.855616482342243412e-01 2.263632941110618399e-02 2.258928527109342332e-01 7.825626998457325956e-02 5.006487034144819770e-01 1.681701114872360958e-01 7.044818438406645622e-02 3.613680881303488190e-02 2.086954622842288054e-01 2.834931356694857241e-02 7.421156913439290459e-02 5.428332870196257709e-02 2.742510295191442626e-01 3.881740648350295170e-02 1.465899429534040233e-01 1.193124810966233601e-01 1.992739129458309943e-01 3.518270064263912672e-02 2.143457147099109006e-01 5.315834923899179221e-02 6.358536095804265265e-02 2.194154926210821477e-01 4.237582951553798410e-02 2.627343293796682855e-01 1.221823523067252920e-01 6.742033865444033158e-02 2.256611668935655790e-01 1.278295393527104362e-01 6.475538049324772172e-02 3.968615932264495799e-02 1.038365674043054965e-01 1.396590298455196444e-01 1.140495407117497473e-01 8.660051871515711541e-02 1.397917461947631723e-01 2.468592057042703625e-01 2.329908962297648489e-02 1.250287338197501041e-01 1.846847748486846186e-01 1.557651567969799422e-01 9.927164556119813521e-02 1.164660833733457551e-01 1.583714986677996761e-01 
2.606154877443718834e-02 1.952841361052533005e-03 3.523701875810814066e-02 0.000000000000000000e+00 2.403208064225125506e-01 3.688199119809396770e-02 2.414190754524602744e-01 1.821173765121988641e-01 7.345626842630156861e-02 5.226650395416860828e-01 2.511314838814723283e-01 1.834026902550655105e-02 3.702265249446674011e-01 3.121554773693837118e-02 4.134355138526828871e-02 1.471981412855465632e-01 1.685739590664863674e-01 1.069884355302288675e-01 1.061054255835348556e-02 6.612674600792359247e-02 8.599475290315038434e-01 3.433840002386259055e-02 1.543018544481583598e-01 4.927216355293608657e-02 7.121551207822891527e-01 3.349428371560752432e-02 1.148640392668969640e-02 2.446617386107793196e-02 1.759987480007093041e-01 2.613690560037825253e-02 6.459178786255784233e-02 5.803011632906388689e-02 7.803319892792191792e-02 1.711077745946230355e-01 3.592621755469353750e-02 3.368037246450115985e-02 4.689176265230343144e-01 1.441122644290074306e-01 4.457357173685887186e-02 1.090789886266635006e-01 5.835697625211621470e-02 6.511815566427824054e-02 2.549633216675166181e-01 1.951151721682906071e-02 4.564996691537435980e-02 7.699917386342028380e-02 4.349380963802153277e-02 6.665829032814274413e-02 1.084184528623517024e-01 2.245605710521921539e-01 4.001382569755415619e-02 3.907916493907148681e-02 1.357989797390020230e-02 3.009773192172053302e-01 6.115977907393825574e-02 1.097251949174607999e-01 5.901624383211676733e-02 3.243444486427524143e-01 6.711332512934094219e-02 3.275123219631158322e-02 5.102119117463835979e-02 1.892956137370188641e-01 1.245417208428535455e-01 9.785094378537191606e-02 7.649994063663607957e-02 1.068830462325586483e-01 
3.167548166279830768e-02 9.530714160328508655e-02 1.044702329930548151e-01 2.403208064225125506e-01 0.000000000000000000e+00 2.126683553656150832e-02 6.354444660215931018e-01 5.719434467443975517e-02 4.187391101881818845e-01 1.511728163306310657e-01 2.284044331008070194e-01 1.390510917926567891e-01 3.226807698116709172e-02 6.380826926009032507e-02 2.470376895427698130e-02 1.784866705349295868e-01 4.583995025050840444e-01 1.319667000815529512e-01 1.205044144930399047e-01 1.430010599016444742e-02 2.596356237234815900e-01 7.416168570058946641e-02 2.992558522153352940e-01 1.515286092704141441e-01 1.598309709257623723e-01 1.071441234896012701e-01 2.634766881713209580e-02 1.228302620404032736e-01 3.845903295097378993e-02 6.268053920874150364e-02 6.437389987081576503e-02 4.967382601233683581e-01 3.080025223763116146e-02 2.073581639176964586e-01 1.631308986928690641e-01 1.358231424046729419e-01 8.051312025504951675e-02 5.227022843682359310e-02 5.573407396513778422e-02 4.714041278700425303e-02 1.717145513414997104e-01 4.082092149168269762e-02 2.570667758930748059e-01 2.869230306647692005e-02 5.151265833443904180e-02 4.982604930517692265e-02 3.593742378971076512e-02 1.253738290355537743e-01 2.028642307728270588e-01 7.750691478757633368e-02 5.534768017566920467e-02 4.074251561288919077e-02 7.615442420936462120e-02 4.948416883372381420e-02 1.417632871446913301e-01 2.988142432911475299e-01 1.748938780428920259e-01 1.475709017258986511e-01 4.194031310800492435e-02 5.790001191584141782e-02 1.713284340541084416e-01 1.171711434730470375e-01 1.679866650719376853e-01 1.138498411705193281e-01 8.412693124562212188e-02 2.034097141109557916e-01 
1.216997579411691066e-01 7.246614375342629033e-02 3.011234751437379398e-01 3.688199119809396770e-02 2.126683553656150832e-02 0.000000000000000000e+00 2.452619453491764259e-02 7.679831015315022325e-02 3.975963009410540816e-02 3.468636213226957560e-02 6.352524343334728374e-02 4.059429004884017034e-01 1.003163658779949868e-01 4.766589058742891627e-01 1.339357481554945828e-01 5.516718590365140423e-02 4.074536127190186985e-02 2.548943173923438610e-01 1.498439911247387291e-01 6.019108691494169661e-03 5.644586493498989638e-02 3.591699619562194190e-02 9.065211942380546617e-02 9.605784074788990823e-02 4.477832678780969272e-02 6.297148340286328194e-01 2.232678975220857009e-01 3.185699021942996895e-02 3.777827740355099717e-02 4.605453696165185545e-02 5.658436017276548963e-02 2.629059071083881816e-01 2.090418822092358214e-02 2.917806713453304987e-02 4.784907528756506684e-02 1.455528049735899943e-01 3.929789417462469653e-02 3.064511385858395554e-02 5.984676118618482699e-01 2.928351497461503458e-02 6.939272577459183744e-02 1.599750527916503073e-01 5.458311730522426991e-02 5.739627530337221978e-02 4.724655662525000799e-01 5.655090782030909591e-02 5.345831344236207094e-01 1.068633383013747051e-01 8.529084481082295499e-02 2.725352175123225973e-02 1.759679109345306802e-01 1.966006015588025457e-01 1.144689749347629903e-02 7.245341098633567567e-02 1.046572214886495322e-01 9.660631908125572043e-02 7.665534647670471657e-02 6.253288780233454136e-02 5.933764177657603334e-01 1.232294077911006980e-01 7.626027861342628278e-02 4.280480405829759777e-02 1.264049630090627666e-02 3.243079350749622503e-02 1.344097718886446413e-01 3.630462423031732139e-02 
2.905827896150797174e-01 3.835603754577289470e-02 5.121129401312214668e-02 2.414190754524602744e-01 6.354444660215931018e-01 2.452619453491764259e-02 0.000000000000000000e+00 7.773026637874541622e-02 5.885622145196590660e-01 8.760931355226521389e-02 7.207006227968122680e-02 2.067570841510751600e-01 2.764005996112081087e-01 9.910214872101816286e-02 2.585003884357031656e-01 1.087622271334488661e-01 7.495876977304912758e-01 1.204212553085358822e-01 1.126994566821026417e-01 1.044352098899223140e-02 2.318665557774383379e-01 3.386734173006053505e-02 1.684766764837687392e-01 5.043821369354264950e-02 7.078399854598299568e-02 1.366412922924994111e-01 3.303050042835191380e-02 2.877831558750177862e-02 1.686097880767806895e-02 3.084160472303337230e-01 1.842894383675732495e-01 5.434785022354126083e-01 2.145487233157247486e-01 3.600227156453624788e-01 2.134768304112343862e-01 2.424872228250046780e-01 1.036988468451202627e-01 1.047751520162657629e-01 1.786086942865798000e-01 1.213446369542782177e-01 2.041836074095768616e-01 1.556618489652085990e-01 3.709835821672008982e-01 1.136336289273922884e-01 3.887978803024923213e-02 2.300756483213794168e-01 3.435672471719163068e-02 3.504665924017973944e-01 2.443079558157489617e-01 3.174220461321208275e-01 1.400815901285100140e-01 1.596321322468435278e-01 1.863751853339678521e-01 1.000501016054483328e-01 2.971994402825130499e-01 3.361540153470999881e-01 2.644390832415551285e-01 1.850376549742168419e-01 5.362577154679349506e-02 1.026388372212514305e-01 2.467049611506052231e-01 1.155781271682957273e-01 4.109174687115445535e-01 2.260641186999116370e-01 1.987873896598671419e-01 4.591725294324946471e-01 
6.011792676135480074e-01 2.757968250189122769e-02 5.719246179972596600e-02 1.821173765121988641e-01 5.719434467443975517e-02 7.679831015315022325e-02 7.773026637874541622e-02 0.000000000000000000e+00 1.649441843206090330e-01 3.685877122783039472e-01 3.316323902504966226e-01 4.059008892050553624e-02 5.083826532905104667e-01 2.332751174466421440e-02 2.992527519839919270e-01 9.236455816205085823e-02 1.441633865024488648e-01 9.698446082259813694e-02 7.427135355335524880e-02 1.203724413859775660e-01 2.357455542662412473e-01 1.011533989570158332e-01 2.208024022092761399e-02 2.798606690385058507e-02 3.606155883910547866e-01 5.904301672915771015e-02 7.781461917669371675e-02 7.404733630164719860e-02 1.560524184377698187e-01 3.791761175322819755e-01 4.514295724790284292e-01 1.556361490556752714e-01 3.663753232937513871e-01 2.372263922436942396e-01 2.996585083548031561e-02 8.658275003057570862e-02 5.546151767686906958e-02 1.321261102442036484e-01 2.164930292726459024e-02 6.322517460798061928e-02 1.903067596849152832e-01 6.993890193086153839e-02 2.635718019959117364e-01 5.710329469956537674e-02 8.320295855747752989e-02 2.005506870124312280e-01 2.735112879304069100e-02 1.293191680290296242e-01 1.450597737634627404e-01 2.204931361297029213e-01 6.418893962547024545e-02 1.402613969635173041e-01 1.008593158239946552e-01 2.172867780539571719e-02 2.283071947890542019e-01 1.147570052000482649e-01 1.469850312870464304e-01 1.627953339417826661e-01 8.789803854179943643e-02 9.048049810036984386e-02 4.869567236004446187e-02 1.707798005168230104e-01 2.708336851912806487e-01 2.539685058904073145e-01 1.599537924193178140e-01 2.906883826335783239e-01 
2.243504498036456296e-01 3.971696138807049442e-02 1.262575819820315470e-01 7.345626842630156861e-02 4.187391101881818845e-01 3.975963009410540816e-02 5.885622145196590660e-01 1.649441843206090330e-01 0.000000000000000000e+00 6.173431036206319250e-02 1.003487287334219186e-01 2.938547780818729915e-01 2.000284423206671880e-01 1.112914168531143472e-01 5.593779912897582918e-01 1.578693070089373651e-01 4.577947454697031682e-01 8.108824432008916727e-02 5.421998902940093623e-02 2.755954695506176652e-02 5.686979160804276484e-02 8.855132212004748760e-02 2.504831075366888982e-01 1.606292496599880937e-01 3.828682538897188598e-02 2.868134952986935993e-01 1.773179727621578272e-01 8.539353329441599916e-02 3.362259849692026542e-02 3.667895766213877806e-01 1.325774757440200402e-01 4.737919402713860473e-01 2.583044053896919046e-01 1.951228700193814447e-01 2.073613588727160062e-01 2.208390496145687665e-01 1.148858739071234036e-01 2.544419333402974520e-02 1.831715293217449636e-01 4.957669497238950673e-02 1.568352180940857932e-01 1.349798329835250055e-01 3.050287413434998873e-01 1.088381400206675370e-01 3.050652674428122949e-02 1.860839505614711176e-01 3.664667046121624500e-02 3.042931729234467086e-01 2.552109865978121062e-01 2.081825462207694266e-01 1.232915595215438725e-01 7.105558557520780250e-02 1.092772015285197601e-01 1.115979206727109319e-01 1.989641342272641944e-01 3.704640257978822904e-01 2.573215319391394806e-01 2.007255283029839021e-01 1.130396742467862092e-01 1.637860844020974302e-02 2.522915804135336115e-01 1.315609178597509088e-01 3.014892687968214746e-01 1.340026341978401148e-01 8.336448788593847636e-02 3.495964118912379126e-01 
2.585422076772045941e-01 2.969959031194285143e-02 1.429450549368813939e-01 5.226650395416860828e-01 1.511728163306310657e-01 3.468636213226957560e-02 8.760931355226521389e-02 3.685877122783039472e-01 6.173431036206319250e-02 0.000000000000000000e+00 2.369985652476747084e-01 1.339821602927096511e-01 5.686933989331827144e-01 1.260425582613894646e-01 1.606712480778325070e-01 4.126840158215056564e-01 1.261794776597972290e-01 1.362025110006533438e-02 2.780249924974258213e-02 8.759027553625577112e-02 4.855060499603201518e-01 3.417931084300825928e-01 4.392923636078774896e-01 3.212704973277218934e-01 8.087473796351982713e-01 4.337847113492162426e-02 1.897202159966609181e-01 1.165430887064841103e-01 4.459763302137744745e-01 2.352578982989262935e-01 1.467911137319584114e-01 4.139844943537918098e-02 2.949499102884405310e-01 4.445113948837797202e-01 1.423425004398461424e-01 1.915305021114095396e-01 4.510252630997355072e-01 3.328524536303415493e-01 5.343575221072600911e-02 2.439337851494694787e-01 8.532071290995123236e-02 2.191430332723673102e-01 1.722087081179390078e-01 6.393554507829579681e-02 1.334579142068571811e-01 3.330434749535064048e-02 1.016137283964768934e-01 3.097030921577423879e-01 2.174577340632738720e-01 5.953078894146900391e-01 1.670923895338069509e-01 2.195313462896751611e-01 1.192811066865782366e-01 3.948406725237759707e-01 3.028067846975120991e-01 1.848367088992900753e-01 2.953797080301674358e-02 3.904831154443743069e-01 3.373424059265708874e-02 7.634079931134497843e-02 1.077430391363429912e-01 2.246579421733947146e-01 4.547306277309877687e-01 3.035141898700270402e-01 3.243398206846596632e-01 4.507747119776419620e-01 
2.360605918843619866e-01 1.146160717085965841e-01 1.266680291402508818e-01 2.511314838814723283e-01 2.284044331008070194e-01 6.352524343334728374e-02 7.207006227968122680e-02 3.316323902504966226e-01 1.003487287334219186e-01 2.369985652476747084e-01 0.000000000000000000e+00 3.073742424604006263e-02 4.670172694096559884e-01 7.244761116909020915e-02 2.533071795519758473e-01 4.335965906337022752e-02 8.378121307526659178e-02 1.651981859747327364e-01 8.190824751372666190e-02 1.243977098450120555e-01 4.449646559141218205e-01 5.649858906062926733e-02 2.730609509376706601e-02 4.702745907475169851e-02 3.069854237988633439e-01 6.412904358489861234e-02 6.737080549321755596e-02 8.227122630963755456e-02 1.796266855565892828e-01 2.057949760441952769e-01 4.178402454295242902e-02 4.516884171720319391e-02 1.818252823814341390e-01 2.611487350976139654e-02 1.666748376919584274e-02 4.069104381007394855e-02 7.228777207716682862e-02 5.207136428759046726e-02 1.067137342625185635e-02 9.609210003076425199e-02 4.160471386523151988e-02 2.684249392814323440e-02 1.140563521660277815e-02 2.389220249786355721e-01 1.525573461942442977e-01 1.070191179791436242e-01 1.224468217387484625e-01 4.554187390463156071e-02 7.556762922524638826e-02 2.711037065395634216e-02 6.390401280959333297e-02 1.277435642726057197e-01 8.936782429599106348e-02 2.364300858558491744e-02 5.049698714283808176e-02 9.562840201613810598e-02 7.955018167717370359e-02 6.679905184403001073e-02 1.041229838404961194e-01 3.966115006916332182e-03 2.308464978519984834e-02 4.407377643202862322e-02 6.379914863933552893e-02 4.551276081554431890e-02 3.860395608761334196e-02 4.190733523728717991e-02 
6.067568145549003672e-02 2.930469925814870868e-01 1.922503963104199021e-01 1.834026902550655105e-02 1.390510917926567891e-01 4.059429004884017034e-01 2.067570841510751600e-01 4.059008892050553624e-02 2.938547780818729915e-01 1.339821602927096511e-01 3.073742424604006263e-02 0.000000000000000000e+00 9.207682198239595939e-02 7.940451625484874487e-01 1.222762243122035991e-01 6.472986453313732402e-02 6.010197667490100454e-02 1.398620343013415868e-01 4.501368790921471130e-01 7.902206702400384197e-02 4.835369199068412227e-02 9.279495041941292210e-02 5.389654927762277392e-02 7.787820641596505944e-02 8.828594075483849057e-02 6.602791876732287957e-01 6.358189811193809549e-02 2.067680570769430959e-01 1.529465257293325942e-01 4.946746010957304290e-02 7.467400123741489704e-02 1.622596943530920932e-01 4.067922873756457669e-02 5.351655969049114864e-02 3.207340646066514922e-01 2.100473728804586326e-01 5.879846449174782469e-02 1.013863459373828303e-02 3.839227790081496394e-01 8.055352245304149561e-02 1.763802277310285230e-02 2.759874877487051778e-02 5.621557197958140795e-02 7.948478733459866941e-02 2.328282185901359158e-01 3.891278866550529347e-02 4.162346736777313150e-01 3.351509857034801199e-02 1.070406376162140322e-01 1.297548272656687818e-01 2.188064313042679954e-01 4.431786063390339564e-02 6.023384313599653567e-02 9.619643309442779677e-02 1.612972866896583701e-01 1.703507190398217408e-01 1.405803809821881412e-01 3.018860505204941716e-02 3.428955831259714038e-01 1.174653406505610925e-01 2.463773386140352406e-01 2.864741926247442450e-02 1.185022019373947050e-01 3.892192336407582914e-02 4.795099821743045027e-02 1.597090328664717840e-01 
5.485710514487152079e-01 7.922456469064463949e-03 2.281449205586158838e-02 3.702265249446674011e-01 3.226807698116709172e-02 1.003163658779949868e-01 2.764005996112081087e-01 5.083826532905104667e-01 2.000284423206671880e-01 5.686933989331827144e-01 4.670172694096559884e-01 9.207682198239595939e-02 0.000000000000000000e+00 7.738707279866394173e-02 3.307354358081805445e-01 2.137161987808460992e-02 3.165823897119525721e-01 1.243607257154735191e-01 1.347652877360834001e-01 1.808443878059109999e-01 4.915071441779460537e-01 8.593520706883722715e-02 1.021523563503300668e-02 1.903728474309099306e-02 5.055360460734191763e-01 6.426042819506622150e-02 9.277231641664854256e-02 4.013337390823051853e-02 1.732613372799993168e-01 4.241431168504779525e-01 2.951476060482410291e-01 2.815419047208989056e-01 3.972421864378590239e-01 4.306856199427775977e-01 5.706771344680740266e-02 1.204917511528971474e-01 2.965928500001053791e-01 2.014204603630398993e-01 9.189345806775754688e-02 1.227032919282944889e-01 1.453043897336069035e-01 1.137412521923521352e-01 1.180703344693884854e-01 8.375541144467085752e-02 1.013822374424551143e-01 1.414143564929412900e-01 7.142299465059313845e-02 3.064005369119019995e-01 1.225533404190759651e-01 4.529101639401670876e-01 1.166163727335418066e-01 1.772469001082875861e-01 1.331513853506868794e-01 2.239339036384948578e-01 2.863939073423755755e-01 1.384119799181680599e-01 1.604707487254472265e-01 3.471769175941503277e-02 1.170696610835688517e-01 9.692110681786868243e-02 7.588250046025189766e-02 2.783914282383606956e-02 4.246416904945056192e-01 2.484679089599551860e-01 2.572041994264003262e-01 4.268741430555762495e-01 
6.752831054774492692e-02 3.312417104597086270e-01 2.630621667076927239e-01 3.121554773693837118e-02 6.380826926009032507e-02 4.766589058742891627e-01 9.910214872101816286e-02 2.332751174466421440e-02 1.112914168531143472e-01 1.260425582613894646e-01 7.244761116909020915e-02 7.940451625484874487e-01 7.738707279866394173e-02 0.000000000000000000e+00 1.310045831514089834e-02 9.521387490009361465e-02 5.954763346432492832e-02 2.800384507193195427e-01 3.146075958255449279e-01 1.176753645740108989e-01 7.282560760382604526e-02 6.533074623389516222e-02 3.187858267216783781e-02 5.499693665127350362e-02 1.117868219547420022e-01 6.846608333210841835e-01 7.918784745388174340e-02 2.038826091196120627e-01 1.865381358315558458e-01 8.800747624169708017e-02 8.458392190765998131e-02 5.928204537584325778e-02 7.453536371804722616e-02 2.890418002976440776e-03 2.660343816505593706e-01 1.498184350866933190e-01 1.082156791564670428e-01 6.135470879292615615e-02 4.425672221471107504e-01 3.400828844531703782e-02 3.231218556271023279e-02 6.727040405008505308e-02 6.683079538118719132e-02 7.676481597141010527e-02 4.698385170810567280e-01 1.013476519337305481e-01 6.486798671414957251e-01 3.517830723854135921e-02 1.002454997379132878e-01 3.950687961183322466e-02 2.104118269862643720e-01 1.566927425904435789e-01 6.813042828990251154e-02 1.337658300199536243e-01 1.324607250274794645e-01 1.033763640846915022e-01 9.808091204575930533e-02 8.111439986377048939e-02 4.828508484405639178e-01 9.109266352704391279e-02 1.496173565431289931e-01 5.158386005769144411e-02 5.011806819268583429e-02 1.009076124889824073e-02 1.005138915328745858e-01 6.676383352030632046e-02 
4.672700742789621109e-01 2.968958231888087912e-02 1.139879021806856213e-01 4.134355138526828871e-02 2.470376895427698130e-02 1.339357481554945828e-01 2.585003884357031656e-01 2.992527519839919270e-01 5.593779912897582918e-01 1.606712480778325070e-01 2.533071795519758473e-01 1.222762243122035991e-01 3.307354358081805445e-01 1.310045831514089834e-02 0.000000000000000000e+00 8.571836779667441064e-02 4.260772315801649723e-01 4.925097509029546100e-02 9.085838850415749179e-02 6.485024512940723573e-02 6.683405714480548931e-02 4.345886361534837851e-03 1.130972361369653179e-01 1.351250342128079429e-01 1.137799354605140284e-01 1.453902795302728090e-01 3.039057353190188215e-01 3.230996900198713356e-02 3.984393480037770607e-02 6.377565595460449321e-01 2.144682343205600028e-01 4.833061009232731409e-01 5.462091308573342463e-01 1.613615507956638606e-01 9.112769715087971900e-02 1.334919265884531026e-01 1.198838155586648274e-01 3.652258903980069860e-02 9.408798779452784422e-02 3.386429789798801882e-02 1.003533612105843298e-01 1.759030120094107197e-01 3.023819439252511954e-01 1.712794479260157654e-01 7.420539831155534283e-02 2.977006070113047409e-01 4.298075328270083151e-02 2.935495564322815887e-01 1.831828905307213429e-01 2.470072777712212786e-01 8.693233265362979023e-02 1.943485635087260355e-01 1.486270835664424694e-01 1.509522104369843409e-01 2.289717385883110745e-01 2.501539633306293364e-01 1.754235432241270931e-01 2.119530223810471292e-01 1.046800597602761396e-01 6.187796487019398689e-02 1.186829425856157777e-01 1.304314333111705471e-01 3.237818302940222437e-01 1.850682860172613853e-01 1.625809754474661084e-01 3.603331399741249164e-01 
1.412497244870136726e-01 4.268264449224517393e-02 1.558503558404129574e-01 1.471981412855465632e-01 1.784866705349295868e-01 5.516718590365140423e-02 1.087622271334488661e-01 9.236455816205085823e-02 1.578693070089373651e-01 4.126840158215056564e-01 4.335965906337022752e-02 6.472986453313732402e-02 2.137161987808460992e-02 9.521387490009361465e-02 8.571836779667441064e-02 0.000000000000000000e+00 9.399081239611570271e-02 6.400374279938787769e-02 1.472082598201367720e-01 1.012749401932058202e-01 7.220456780396693197e-02 4.818186484237847456e-01 8.038128232534231810e-01 6.869097119810069207e-01 3.385147188354978853e-01 3.108086589606761860e-02 2.067310653375241392e-01 1.302449397087416250e-01 5.145422745906910178e-01 1.194880592178998863e-01 1.942704446571357213e-01 2.067464991192276003e-01 6.471541451767671982e-02 1.943609890894457126e-01 8.591176245706717840e-02 1.561764109687871667e-02 1.018275509013218394e-01 1.639278775084504480e-01 4.468878309732216697e-02 1.059555036687723217e-01 1.014724251264297744e-01 1.933939209444918983e-01 1.879891008732137436e-01 6.747458723095121902e-02 1.428691307108415076e-01 5.380863048259638959e-02 1.255793086221043131e-01 1.697047448473998910e-01 5.629066102375075431e-01 1.863295988947613890e-01 2.938471367989644104e-02 1.876247814105840295e-01 1.360188784575771526e-01 5.576437055064180359e-02 1.463913886193191349e-01 5.089977085862336104e-01 2.358223821386323804e-01 2.645059902717585287e-01 2.754401051324973509e-02 1.541441020023731068e-01 4.602297410080354034e-02 1.336175402508810728e-01 2.286409974693944525e-01 2.698935955106129825e-01 2.069605393455278830e-01 2.039614988075225954e-01 
4.215978682377329312e-01 7.659940996285781456e-02 1.227186601914907749e-01 1.685739590664863674e-01 4.583995025050840444e-01 4.074536127190186985e-02 7.495876977304912758e-01 1.441633865024488648e-01 4.577947454697031682e-01 1.261794776597972290e-01 8.378121307526659178e-02 6.010197667490100454e-02 3.165823897119525721e-01 5.954763346432492832e-02 4.260772315801649723e-01 9.399081239611570271e-02 0.000000000000000000e+00 2.416973162840005129e-01 2.128889120123206025e-01 4.910639239333838835e-02 1.794493830890485642e-01 7.411043761724842027e-02 1.256656997165839784e-01 3.403427586023356072e-02 3.556035327226584469e-02 2.578511578563229267e-02 5.667229028816947456e-02 6.589645347372947992e-02 2.934820985967397794e-02 4.637221662147093526e-01 1.927199815272723771e-01 5.821311875689835214e-01 4.170224689826727005e-01 3.967014916460246399e-01 1.479947494148190767e-01 2.303033539460564161e-01 8.799262002664703930e-02 1.381117342852347940e-01 1.023959524820560879e-01 1.497040352934879692e-01 2.311088135684604417e-01 2.166092303042685685e-01 4.572354580722633455e-01 1.269135555853719566e-01 7.673753282597096936e-02 3.267323213083870859e-01 1.081245108998372256e-01 4.282697358985819713e-01 2.090507130491183474e-01 4.137177369640168689e-01 1.657839955604152593e-01 2.005988662482113827e-01 2.037142623163677169e-01 1.171917182107564820e-01 3.451594112411329185e-01 2.975576902130263046e-01 2.280861725738419221e-01 2.243426607022052932e-01 8.303927290136082703e-03 1.312030613908398702e-01 1.908689259884904232e-01 1.342309452606301745e-01 5.033433452097608729e-01 2.953579477962206545e-01 2.656218648221725376e-01 5.607545764127611632e-01 
3.786404886632344785e-02 7.469771987859814832e-02 2.384797630252485090e-01 1.069884355302288675e-01 1.319667000815529512e-01 2.548943173923438610e-01 1.204212553085358822e-01 9.698446082259813694e-02 8.108824432008916727e-02 1.362025110006533438e-02 1.651981859747327364e-01 1.398620343013415868e-01 1.243607257154735191e-01 2.800384507193195427e-01 4.925097509029546100e-02 6.400374279938787769e-02 2.416973162840005129e-01 0.000000000000000000e+00 9.794094691648025375e-02 5.888778154982978741e-01 1.572402151004691218e-01 2.183542148793303495e-01 2.781687896742662813e-02 1.092389206745416758e-01 1.137688270668566898e-01 2.243394828186772716e-01 5.959556124833055579e-02 1.064771921542455868e-01 3.623181618779821450e-02 1.069734722100257746e-01 1.496344265547762675e-01 1.535954320475410931e-02 1.762091624238884269e-01 3.627813685665803867e-02 2.237841706223707705e-01 1.365581120279469318e-01 3.765879321895634207e-02 4.801255286520240279e-02 2.218911192532530274e-01 9.758715433332189326e-02 5.834769499648239516e-02 1.040399425953215246e-01 1.117166776766821273e-01 8.170182765716352269e-02 3.649980102470782306e-01 4.850496752569163211e-02 3.865458806017005866e-01 1.326698443491509671e-01 5.498454991677558662e-02 1.085144037103759340e-01 1.974819684169520084e-01 1.518679344341131721e-01 9.862457717148420677e-02 4.637031720403984869e-02 1.440150844703827204e-01 8.366015283738223451e-02 9.862460512656187617e-02 2.326683700076554590e-02 3.726288936073355318e-01 2.169816456901349153e-02 1.729064398583451956e-01 3.064320027468974555e-02 1.397190674112037678e-01 5.616145336282084982e-02 4.227671855038698384e-02 1.686454544668629929e-01 
2.258918377278430201e-01 1.761074332759018646e-01 4.756513863997136049e-02 1.061054255835348556e-02 1.205044144930399047e-01 1.498439911247387291e-01 1.126994566821026417e-01 7.427135355335524880e-02 5.421998902940093623e-02 2.780249924974258213e-02 8.190824751372666190e-02 4.501368790921471130e-01 1.347652877360834001e-01 3.146075958255449279e-01 9.085838850415749179e-02 1.472082598201367720e-01 2.128889120123206025e-01 9.794094691648025375e-02 0.000000000000000000e+00 5.449011044832786643e-01 2.551632761807613378e-02 5.459619573134320142e-02 1.177576531522036285e-01 1.956113469012051020e-01 2.402062816193434314e-02 2.979930478716088516e-01 1.571233433762053988e-01 1.331466113477683122e-01 1.174447571066982859e-01 3.419073382426304764e-01 1.683875975271613423e-01 2.392910012880670179e-01 3.145202857161703558e-01 1.342042101141170396e-01 1.678227048163036250e-01 5.561691175825190375e-02 3.790159411900328318e-02 6.946037334003886399e-02 9.281291481026462953e-02 1.433382109445994756e-01 8.902906200876667397e-02 8.258124467143625191e-02 1.442500522070380709e-01 1.501346627903037689e-01 1.808541811182198117e-02 1.628714282679337988e-01 1.807529393915881522e-01 1.082680120170627092e-01 9.050273165240331485e-02 1.119534088990299797e-01 9.901154397258277173e-02 2.198316215099241633e-01 1.872896791096693991e-01 8.054157800202992046e-02 7.947250067236012738e-02 1.033736115339288775e-01 5.797531254401941392e-02 9.339339114498013128e-02 5.244424800987240037e-02 8.197650509460326085e-02 6.607589843177706646e-02 6.224391226416735312e-02 1.537466952112481466e-01 1.251162987313093333e-01 1.083703568747437923e-01 1.532503192484133692e-01 
2.012921576035014148e-01 7.915402877306604301e-02 7.502368469136784512e-02 6.612674600792359247e-02 1.430010599016444742e-02 6.019108691494169661e-03 1.044352098899223140e-02 1.203724413859775660e-01 2.755954695506176652e-02 8.759027553625577112e-02 1.243977098450120555e-01 7.902206702400384197e-02 1.808443878059109999e-01 1.176753645740108989e-01 6.485024512940723573e-02 1.012749401932058202e-01 4.910639239333838835e-02 5.888778154982978741e-01 5.449011044832786643e-01 0.000000000000000000e+00 1.003919543832094002e-01 3.155654006418404794e-02 6.005872257178675871e-02 1.342531429007268462e-01 1.180724821897878585e-01 4.340562613944220355e-02 2.130949170383500957e-01 1.020620676054479342e-01 4.544825101087764108e-02 2.322487714034153772e-01 3.480946311561673445e-01 7.905872877587274972e-02 2.044946791006821141e-01 1.231374913974470076e-01 1.472569745238722638e-01 2.894735786142342560e-02 4.639553354509387550e-02 5.620005648855822683e-02 6.564864697635774959e-02 9.949446346066648239e-02 9.572941195272488546e-02 7.773857391781220649e-02 4.675829903806447835e-02 9.814861665560993542e-02 1.889769460918105104e-01 1.012389761489240342e-01 1.279867318064606130e-01 1.671941459591957252e-02 4.917306322162409010e-02 5.733343234684168399e-02 1.222217994780427919e-01 1.822667386319508365e-01 1.842984131146853943e-01 2.879093128369857382e-02 7.205144970111355962e-02 5.339028434338836948e-02 4.368631225249167832e-02 3.884830370054287441e-02 1.811153827511931269e-01 8.610728078736322455e-02 8.191860199794780140e-02 5.460402157116663047e-02 8.156491761510814564e-02 1.063353052172023028e-01 6.722235114526069200e-02 7.382202194835638109e-02 
6.260361012276198511e-02 4.929614911830845075e-02 8.871271923644592772e-02 8.599475290315038434e-01 2.596356237234815900e-01 5.644586493498989638e-02 2.318665557774383379e-01 2.357455542662412473e-01 5.686979160804276484e-02 4.855060499603201518e-01 4.449646559141218205e-01 4.835369199068412227e-02 4.915071441779460537e-01 7.282560760382604526e-02 6.683405714480548931e-02 7.220456780396693197e-02 1.794493830890485642e-01 1.572402151004691218e-01 2.551632761807613378e-02 1.003919543832094002e-01 0.000000000000000000e+00 7.613008479948442375e-02 7.068224840372230866e-02 2.844559674448241329e-02 6.566305244766141858e-01 4.707584988055051739e-02 2.675778480586569683e-02 2.381008707446740508e-02 1.607627255741253258e-01 6.337283953469943776e-02 3.995653297784909630e-02 4.456568501372058788e-02 8.864195743696139107e-02 1.258972836590311895e-01 1.395400115684992080e-02 1.860625059407560941e-02 4.627540819034166031e-01 1.095044363493698214e-01 5.297048593118967863e-02 6.695106575829340434e-02 4.098281114653582607e-02 3.025143645972198231e-02 2.513394780120531968e-01 3.243770295662744274e-02 1.029831422850719935e-01 9.389596098805645663e-02 9.628721798366286777e-02 5.802369555629405956e-02 5.070640864394642539e-02 2.022343773572086445e-01 2.867012708431525975e-02 6.419009938961618700e-02 2.118637519681047798e-02 3.124167941387973046e-01 3.593397319042156840e-02 4.963494904685921555e-02 2.835084002643480094e-02 2.779101765827175496e-01 1.070332749058250654e-01 4.350323943471336163e-02 3.409103302637699062e-02 1.855723616379015561e-01 1.006314422169127532e-01 3.891243667692335928e-02 6.775864866755156035e-02 7.009438022521771727e-02 
1.904197374513747765e-01 6.457197067006259505e-02 9.839616178334861796e-02 3.433840002386259055e-02 7.416168570058946641e-02 3.591699619562194190e-02 3.386734173006053505e-02 1.011533989570158332e-01 8.855132212004748760e-02 3.417931084300825928e-01 5.649858906062926733e-02 9.279495041941292210e-02 8.593520706883722715e-02 6.533074623389516222e-02 4.345886361534837851e-03 4.818186484237847456e-01 7.411043761724842027e-02 2.183542148793303495e-01 5.459619573134320142e-02 3.155654006418404794e-02 7.613008479948442375e-02 0.000000000000000000e+00 4.565334549264833397e-01 5.949482470074037854e-01 2.043458108237796167e-01 3.570055900357068518e-02 4.219363845453574791e-01 3.271021216766761136e-02 4.616373996585336204e-01 1.916158448892805732e-01 2.746014385781417322e-01 9.620553486713363800e-02 3.111337494972661877e-01 2.833375399795248772e-01 1.100446271275883348e-01 9.927782135271091823e-02 5.294864092343717216e-02 9.028605786083140905e-02 1.004908639093813061e-01 1.485840834719396458e-02 1.856680533155186386e-01 4.583956665693617732e-02 1.828715585067726968e-01 4.773912279730451597e-02 2.984772884652902789e-02 1.994935767461584186e-01 2.973731295323468055e-02 1.594335245411465096e-01 9.003858630131005014e-02 2.051518353255629423e-01 1.146475434578007047e-01 1.367612219237072102e-01 1.143028702054163792e-01 5.697967358728270315e-02 4.079088701859033828e-01 1.013189935993405316e-01 1.708574324118065646e-01 3.959746327145680783e-02 5.661804775643512755e-02 1.383833692004014515e-01 5.995097813011895233e-02 1.262642183498104420e-01 3.290305066503271259e-01 3.693469455305532501e-01 1.480444419593996419e-01 3.813824775419614177e-01 
1.082427964435741519e-01 2.087060349219616584e-01 3.480485742447165798e-01 1.543018544481583598e-01 2.992558522153352940e-01 9.065211942380546617e-02 1.684766764837687392e-01 2.208024022092761399e-02 2.504831075366888982e-01 4.392923636078774896e-01 2.730609509376706601e-02 5.389654927762277392e-02 1.021523563503300668e-02 3.187858267216783781e-02 1.130972361369653179e-01 8.038128232534231810e-01 1.256656997165839784e-01 2.781687896742662813e-02 1.177576531522036285e-01 6.005872257178675871e-02 7.068224840372230866e-02 4.565334549264833397e-01 0.000000000000000000e+00 7.186812495426588843e-01 3.163604362978326701e-01 7.649253268100779379e-02 2.201443455037663532e-01 3.435098989286183846e-01 3.856039902789237250e-01 1.368099181582231871e-01 1.150415332269248553e-01 2.917723112680859487e-01 5.725179309994151561e-02 2.111379406059931962e-01 8.233432582046616710e-02 3.007461135746077388e-02 6.934499849195099874e-02 2.813141708215904924e-01 4.228869795649809610e-02 2.147517970417558431e-01 9.055692561213121716e-02 2.860588198065101007e-01 1.896266545756472022e-01 6.557798450555955838e-02 1.018247690999146970e-01 8.835467633136524779e-02 5.802961894489092748e-02 2.090281515171276971e-01 5.829688928780812907e-01 2.904058872875623920e-01 4.824538573136527564e-02 1.881534486183878141e-01 1.026219425275734787e-01 5.218859533653396471e-02 1.203459844183988880e-01 6.557286719364384675e-01 2.983544513408699084e-01 2.444497367873751381e-01 5.215701336505921409e-02 1.629111429500116892e-01 1.605486502140519300e-01 1.321338511166947616e-01 2.713873855308464589e-01 2.544426470775046356e-01 2.953561480966288566e-01 2.364796709527149654e-01 
1.030421876327825836e-01 8.442017668920238915e-02 3.855616482342243412e-01 4.927216355293608657e-02 1.515286092704141441e-01 9.605784074788990823e-02 5.043821369354264950e-02 2.798606690385058507e-02 1.606292496599880937e-01 3.212704973277218934e-01 4.702745907475169851e-02 7.787820641596505944e-02 1.903728474309099306e-02 5.499693665127350362e-02 1.351250342128079429e-01 6.869097119810069207e-01 3.403427586023356072e-02 1.092389206745416758e-01 1.956113469012051020e-01 1.342531429007268462e-01 2.844559674448241329e-02 5.949482470074037854e-01 7.186812495426588843e-01 0.000000000000000000e+00 2.142759569834541133e-01 3.474704423902678224e-02 2.939915264388085481e-01 2.404801161592489411e-01 3.433295876922564105e-01 1.318987948735562132e-01 7.202973355507788500e-02 2.411981228945694056e-01 4.775911418425813487e-02 1.551349835159021584e-01 1.035721068390034333e-01 1.558854781233488807e-01 1.768320658471925211e-02 1.201293121458613528e-01 5.687694811404987033e-02 1.156709272080952283e-01 1.004655179447224156e-01 1.706752310340737544e-01 6.195170762398097275e-02 4.070816162459998944e-02 3.494500209698016280e-02 8.803304876675617507e-02 2.429475112893940067e-02 1.365073230957776218e-01 2.549936326217469573e-01 1.875141726571445955e-01 4.586876374924837158e-02 9.061527707346050953e-02 1.171366159140723451e-01 1.932201934328876131e-02 2.242367401360263468e-01 2.994582154584360389e-01 6.832692141416552012e-02 1.431322843256784549e-01 7.345903213538787502e-02 2.133244569067239624e-02 7.631425094561240796e-02 9.650529371076597973e-02 2.065568067254599516e-01 2.182270462566950342e-01 1.359193030278886827e-01 2.242814952996284583e-01 
