0.000000000000000000e+00 9.098925432202260855e-02 6.583824419631195690e-02 5.343509725294282031e-02 2.775303731686864367e-02 9.416320198986526113e-02 2.056983911240856944e-01 5.700684178309812777e-01 2.043918603558538272e-01 3.136960543105655197e-01 2.313593689025341404e-01 5.773342262787275331e-02 5.803178389697735140e-01 6.808481105795025079e-02 4.933122481423621863e-01 1.211673058090711741e-01 4.086096173563252276e-01 4.334064464897562780e-02 1.823914163673429900e-01 1.453272341625687081e-01 1.158860460831172279e-01 1.756713388571264078e-01 5.305133120049300433e-02 8.365895604062742463e-02 2.311674552322785792e-01 1.760707063653659627e-03 6.274096681972604617e-02 7.523168716727715588e-02 5.667227611650451496e-02 7.431563659001294564e-01 6.225180024825760494e-01 2.834275469634378042e-01 6.761826433038081730e-01 3.505197954901618229e-01 3.029298665963849752e-02 1.498266244409611481e-01 4.211372395313007361e-02 1.747927563271095275e-01 2.265113402075031798e-02 1.174900889912378621e-01 1.630047605293972190e-01 1.336752059712207064e-01 3.642355589450099740e-01 6.021868388510947384e-02 9.724895555117722690e-02 2.538489849924778219e-01 3.092229141605552095e-02 2.513770605603887209e-01 1.311073221835793168e-01 3.293567197783027201e-01 6.224162074591645111e-02 1.966954534208189831e-01 1.400495814809533113e-01 1.489588455784509290e-02 3.234795324637668168e-01 1.719766642441686866e-01 1.150278838899746886e-01 1.876326586540538188e-01 5.626635380757130656e-02 8.761574731726373688e-02 2.960860048122451391e-02 1.552716616037206621e-01 4.063357244498790322e-01 3.339613849236213738e-01 2.464661330891323443e-01 4.442565072214592070e-01 
9.098925432202260855e-02 0.000000000000000000e+00 4.223370904251852465e-01 7.106687505680772676e-02 9.717626455383031325e-02 6.433183590428845355e-02 4.731484580326666967e-02 8.993406253661404004e-02 8.206743029819300872e-02 5.237072274350024897e-02 8.091077848218880542e-02 2.333249875230661297e-01 6.411733770385664999e-02 3.374060701237633353e-01 1.103559513661428043e-01 4.095431078158871807e-02 1.281383473739979018e-01 3.121971088292083488e-02 8.921398534381315415e-02 4.587539643400549011e-02 3.914321052898277198e-02 9.385122480653287913e-02 1.848291482224100335e-01 7.104037016565625806e-02 2.994627583304337870e-02 7.202291292993534544e-02 2.458883594185782284e-01 7.564693692110753265e-01 2.093871144277696661e-01 9.554123381036883078e-02 4.150173064449529103e-02 5.205095324247310112e-02 8.524365618489759822e-02 1.243952289314610299e-01 5.755264005042136644e-01 7.993975831957035594e-02 1.500593700550119196e-02 1.742525088844658343e-01 1.720528990978076878e-01 1.962330725160980893e-01 1.644971958717929630e-02 1.709505728676948277e-01 1.021886318407295713e-01 1.026021035587821872e-01 2.071900396257285726e-01 5.645585550008061504e-02 2.436638140276164988e-01 1.584772301896454072e-01 3.129663076115040549e-02 1.022810848352474905e-01 3.259612065906750678e-01 1.820259355333779805e-01 1.768850002806692523e-01 3.809077539671799212e-02 2.115193447770754021e-01 1.500528388293804194e-01 3.818872186152753867e-02 5.944592412859683872e-02 1.075965021812623768e-01 9.191289097529113661e-02 4.204167007509456711e-01 2.851930227849448427e-02 2.116827086593424667e-01 1.647458082947085845e-01 1.396253341020649574e-01 2.094331427274789548e-01 
6.583824419631195690e-02 4.223370904251852465e-01 0.000000000000000000e+00 5.453326586555288374e-02 9.011330001127944300e-02 2.817081359036144317e-01 7.361804949201822268e-02 1.438378154586739677e-01 1.408911213287538343e-02 2.208213351730745344e-01 5.437058163005473871e-02 9.720489932819617596e-02 5.744084194897472462e-02 1.978748464518943484e-01 2.111181535501725770e-02 1.580609741979192850e-01 1.409782056121775262e-01 2.270599484967835979e-01 4.668391675389831075e-02 1.137082955519854027e-01 4.624799776699257958e-02 1.054279254681528138e-01 3.673682335662017961e-01 3.528830310215659849e-01 9.281795955518711005e-02 1.833395537990462898e-01 6.699370792938749708e-02 4.892498882691285189e-01 1.495517295523494383e-01 8.192657877841307001e-02 8.817681342364828978e-02 1.586096374646178142e-01 1.315309838008164867e-01 1.362008450699781492e-01 4.925168515114543288e-02 2.813658875959144101e-01 6.180909523293349334e-02 1.487736916131657261e-01 1.116171206337553817e-01 1.977297472209064988e-01 3.193864591687878285e-02 2.493718639539738158e-01 7.303032157123628965e-02 2.003149827088302609e-02 2.015532467284410767e-01 1.774722882926891773e-02 2.326202171166280031e-01 1.930008148020318781e-01 5.456438522834946431e-02 2.241779083011076756e-01 2.068838280163744214e-01 8.357400009258941775e-02 3.705045887496317275e-02 9.201663261193618326e-02 1.882049794895771788e-01 1.113283066451423442e-01 6.922046599463939354e-02 1.240006346916132235e-01 2.348095071623154395e-01 8.356253765878474127e-02 8.379273145310353610e-02 1.788289460766420980e-01 2.222347413287476536e-01 1.731920221497691148e-01 1.579951993651055320e-01 2.377731496802446831e-01 
5.343509725294282031e-02 7.106687505680772676e-02 5.453326586555288374e-02 0.000000000000000000e+00 2.313877975033199197e-01 7.773064090292483574e-02 1.859273877102402273e-01 1.908975171514457059e-01 9.553853902538204934e-02 5.019669251417828715e-01 2.341403816294847506e-01 3.140218505129836052e-02 3.981584001831567909e-01 2.918605611993128207e-02 5.004674114693374171e-02 1.258008108654002921e-01 1.882198910876264064e-01 1.014632085204982687e-01 3.675523363958062284e-02 5.155827837304972211e-02 8.389812182284833719e-01 2.109487826664348253e-02 1.755433227304427635e-01 7.629235149738822219e-02 6.814122998946504639e-01 4.541870967906858764e-02 2.707815115316536056e-02 8.481028569763508773e-02 1.764379297278953207e-01 4.195020861575932125e-02 1.856248206003884363e-02 9.461502770031843257e-02 5.511663309977132136e-02 1.853125008950227970e-01 5.953179886113444536e-02 1.018686962485009125e-02 4.600765343503956939e-01 1.830276560933712937e-01 6.928746816752011373e-02 1.445240832477008575e-01 2.610267788694304106e-02 7.207848312403672408e-02 2.958956582447455075e-01 4.120813723268849926e-02 9.638456783811924500e-02 1.150215699029115413e-01 7.899299519915546630e-02 9.567286839870281501e-02 1.131847807188574029e-01 2.605475475624479120e-01 6.096705286978224697e-02 6.674185336667499968e-02 2.892850749504979196e-02 2.942658492144837323e-01 6.595360899053967496e-02 1.440661913646444359e-01 5.189085639241972775e-02 3.333913482565408204e-01 1.064625613442112817e-01 6.240287826093705859e-02 5.412297671435856855e-02 1.907135915829908102e-01 1.247926005385956438e-01 8.460746656452328152e-02 1.262397205132653466e-01 1.102392207120484330e-01 
2.775303731686864367e-02 9.717626455383031325e-02 9.011330001127944300e-02 2.313877975033199197e-01 0.000000000000000000e+00 2.841992093061205052e-02 7.028380724380798306e-01 1.544335021992405688e-01 4.125864509102113997e-01 1.381077222002878024e-01 2.557012055328135580e-01 1.355089440793011690e-01 3.268702451433007361e-02 4.245682759969508779e-02 5.845716631101647437e-02 2.436142191094390064e-01 4.739723252984787139e-01 1.220553229691363761e-01 1.505505694800224337e-01 1.458272077806557028e-03 2.367419857712511344e-01 1.025614429541982786e-01 3.385048948164700588e-01 2.168616979288099655e-01 1.858238942720726594e-01 9.580373558568344716e-02 1.116142943744709709e-01 1.616984599408946566e-01 1.248899101029090769e-01 4.199556582027489521e-02 4.893271767019944513e-02 4.970093804082555966e-01 4.317832565289820429e-02 2.030050361378083201e-01 1.437324925406745779e-01 1.111519295707772415e-01 5.447727089447051974e-02 4.504878046720978829e-02 5.646167362374655135e-02 3.009241664108837019e-02 1.395574303479344414e-01 7.172360722078777173e-02 2.734625339891798568e-01 8.013856415591276428e-02 6.094232206621355563e-02 3.400779314397842784e-02 4.968614907904895378e-02 1.469642572824721716e-01 2.075183050692167019e-01 8.896472003589812882e-02 5.649862501263103187e-02 3.594273204862164645e-02 5.926838258668826881e-02 1.521090252272498840e-02 1.288048223975407081e-01 2.839511407030393952e-01 1.321576101991311369e-01 1.490757141491740045e-01 3.197524640586274502e-02 4.606601595633871837e-02 1.538527432899955139e-01 1.104852502997348135e-01 1.854623127142109862e-01 1.044582606843027089e-01 6.121219988235027804e-02 2.013920708616986355e-01 
9.416320198986526113e-02 6.433183590428845355e-02 2.817081359036144317e-01 7.773064090292483574e-02 2.841992093061205052e-02 0.000000000000000000e+00 2.571239474885289936e-02 1.010119612501692299e-01 6.371264324298378523e-02 5.063047378214068084e-02 5.124741863166839412e-02 2.822447584266012388e-01 1.005873982682095463e-01 3.423816582101551487e-01 1.470676744968526795e-01 1.357607222493885379e-01 5.732320462847764059e-02 2.707254830202349138e-01 1.899300817089938365e-01 5.778378670603252776e-02 7.581746659309070158e-02 7.674159766298918606e-02 1.856877905429072662e-01 1.155478117501642782e-01 6.679230864311622162e-02 5.246706969204519844e-01 2.433324036415619174e-01 3.191042542000695897e-02 4.889951847196961909e-02 1.045914876842079415e-03 1.621004243891668167e-02 2.851670010298225644e-01 4.746418650771811604e-02 2.144533355308374245e-02 8.929725496263281326e-02 1.136390703741366609e-01 4.015822346652986319e-02 7.090342319380353586e-02 5.490640851575284698e-01 1.112599721657805268e-01 3.664589218237187390e-02 2.463004736284654106e-01 8.348020608889251959e-02 3.082525851179494444e-02 3.660155788881520045e-01 4.635267631934939653e-02 4.063579347018821952e-01 9.140193879328499527e-02 1.315258426769609634e-01 7.953563942762539862e-02 1.389014819275107004e-01 1.411246189705356591e-01 3.057519619414651724e-02 4.191189203632294386e-02 1.039344352172529296e-01 1.517407870461150443e-01 1.283219653825316275e-01 7.383256938652976720e-02 5.051031548599324017e-01 1.709417020491911521e-01 7.162080538656973028e-02 8.901315250648175748e-02 2.335175126805652882e-02 3.309063121132142099e-02 1.888556940490279945e-01 4.396322520721165222e-02 
2.056983911240856944e-01 4.731484580326666967e-02 7.361804949201822268e-02 1.859273877102402273e-01 7.028380724380798306e-01 2.571239474885289936e-02 0.000000000000000000e+00 4.050528929895728242e-02 6.384352469602514457e-01 6.345100916310861261e-02 1.809571453331877411e-01 2.414610709404459710e-01 1.948039919311773394e-01 1.011487654824246435e-01 2.008000842683685672e-01 1.717386411359360654e-01 6.654481221034389549e-01 1.258292302289156506e-01 7.896282782097698016e-02 1.967598005777046813e-02 2.155474028218435367e-01 2.101684861338857721e-02 2.232419462984467085e-01 1.129236173589229647e-01 6.016792157560155174e-02 1.736525217694036838e-01 1.062849048260813140e-01 7.596905190585466483e-02 1.213571297215984557e-01 2.405418249577587764e-01 1.588355728771144726e-01 5.264004191991151771e-01 1.897963319190812959e-01 3.607406495084057307e-01 2.010618430504176879e-01 2.965430668693076477e-01 4.661878565641185135e-02 7.428818776925404099e-02 2.025078021490857028e-01 8.051422380453530925e-02 1.387538957813601315e-01 1.277987737782171618e-01 3.254424994050479913e-01 3.573657313821164416e-02 7.746865423144914942e-02 1.018077980517571313e-01 5.038329662017686922e-02 3.676850636621335489e-01 2.263824574128666944e-01 2.915330486878942029e-01 1.655148761067940510e-01 6.016287963913135445e-02 6.281382375164883125e-02 4.353956470727431832e-02 2.543221782457385505e-01 3.283996086209111098e-01 1.944674476586809864e-01 1.121205265930541595e-01 4.918451516416730979e-02 2.052694625089372324e-02 2.228803430177443423e-01 4.774503845953501774e-02 4.045519412162159045e-01 2.044196446990858840e-01 1.220563205837634502e-01 4.440068993093566618e-01 
5.700684178309812777e-01 8.993406253661404004e-02 1.438378154586739677e-01 1.908975171514457059e-01 1.544335021992405688e-01 1.010119612501692299e-01 4.050528929895728242e-02 0.000000000000000000e+00 6.722290381947011728e-02 3.676354584038811213e-01 3.200037745598092176e-01 1.767296900317955055e-02 4.634845894219359330e-01 2.059597796455926721e-02 2.757884906692215088e-01 3.416408497171577463e-02 7.515979275568053508e-02 8.847732839410502037e-02 1.050919371860827359e-02 3.706094803926945208e-02 2.337281738910493012e-01 1.114127998639921485e-01 1.163573481740464710e-01 7.236205605692218323e-02 3.970230605812019031e-01 3.676620895721204041e-02 4.749575351443737631e-02 1.508842460901230753e-01 1.769140638379956276e-01 2.993696901859281279e-01 4.261589677398207043e-01 7.435746103909636473e-02 3.025147300246914805e-01 2.275411434735535310e-01 1.624871635865873451e-02 9.765416497394908968e-02 8.001365986044572942e-02 1.351259537076549277e-01 2.204491450177860704e-02 7.694685040165567813e-02 1.853945443854146946e-01 9.354669108859139937e-02 1.929356601341167265e-01 1.016935810617576874e-01 1.238131624085316573e-01 1.976780625412018766e-01 6.581954820108473769e-02 1.397265004643938602e-01 6.905702151872157579e-02 2.277245899456733502e-01 1.420081045743783535e-02 1.609047682625352194e-01 9.583687396421197713e-02 2.489906288906544932e-02 1.882518330298122988e-01 3.601636448491798981e-02 8.018681056080101399e-02 1.138475966368031889e-01 7.193692157043909963e-02 3.164818851598670546e-02 1.085319725233693626e-02 1.391620931633548164e-01 2.388489487418996582e-01 2.204130839954144272e-01 1.828755370248596468e-01 2.624385713147094346e-01 
2.043918603558538272e-01 8.206743029819300872e-02 1.408911213287538343e-02 9.553853902538204934e-02 4.125864509102113997e-01 6.371264324298378523e-02 6.384352469602514457e-01 6.722290381947011728e-02 0.000000000000000000e+00 5.017860565285323787e-02 1.121202484037532240e-02 2.751915651610278846e-01 1.548247071080347259e-01 5.090978699630997056e-02 5.303493429141632465e-01 2.104294881933807537e-01 4.294839353107597346e-01 7.036393742408375562e-02 6.956788968531397999e-02 5.700017058101772977e-02 1.139469351806814412e-01 1.319839485242262911e-01 2.480585770991710626e-01 1.960148294897007537e-01 5.422122734351416534e-02 2.214705651482090920e-01 2.474955296672929350e-01 3.682604153241644807e-02 1.534055362290348279e-01 3.164753073822544893e-01 1.138871435700567619e-01 4.639775701023824972e-01 2.463007369304990590e-01 2.304752711878159388e-01 1.340422700507596099e-01 2.506995088557580909e-01 5.852769935381444549e-02 3.609753575274313175e-02 2.597681205074882094e-01 5.235091695078000068e-02 6.309306433671940662e-02 1.330588272348032786e-01 2.478998840422267091e-01 3.350759567395428934e-02 5.136008612137901025e-02 8.756325631073169635e-02 3.731759250250918369e-02 3.499732492417572671e-01 2.829215507894571324e-01 2.070446553561961500e-01 1.502100198536127917e-01 1.577916421252654328e-02 3.289453807931114887e-02 9.643591888254110858e-03 2.269563872849991726e-01 3.509943923777374963e-01 2.248037080084614447e-01 9.485163713706010191e-02 1.156953882824846569e-01 3.943593615949608777e-02 2.012927595422052685e-01 3.839766998275872395e-02 3.155494543610887770e-01 1.273448815162288861e-01 7.172385544485314346e-02 3.464048472903368814e-01 
3.136960543105655197e-01 5.237072274350024897e-02 2.208213351730745344e-01 5.019669251417828715e-01 1.381077222002878024e-01 5.063047378214068084e-02 6.345100916310861261e-02 3.676354584038811213e-01 5.017860565285323787e-02 0.000000000000000000e+00 1.886842445613985120e-01 1.246009127622910856e-01 5.832248086039834023e-01 1.313353115276081895e-01 1.924620777239614833e-01 4.286337242731080854e-01 1.030762702205945541e-01 5.561434272386699823e-02 2.727628707616491094e-02 2.612631363432880299e-02 4.384559539670006001e-01 3.372098325018711429e-01 4.868245455197363070e-01 3.724984954433772089e-01 7.935283172710069222e-01 6.473278298665398334e-02 1.438811931338420114e-01 1.506868408263787873e-01 4.193726459354569780e-01 2.560991378508244432e-01 1.234806298754582560e-01 2.872853302455141006e-02 2.854983727091629508e-01 4.637928941901024449e-01 1.180305278927938628e-01 1.713598744657542916e-01 4.505813908733140583e-01 3.942598167274293797e-01 3.112912473914580813e-02 3.251512616464703465e-01 2.107869614699603086e-02 2.872908806637780033e-01 2.216993760758857179e-01 1.152001811856169927e-01 1.066733106007438925e-01 6.726968705717700781e-02 9.909999301803237848e-02 3.377713475392494780e-01 2.613549037557901800e-01 6.530194727940032973e-01 1.846379357389890119e-01 1.695428972686562341e-01 1.459711218357955496e-02 4.193635808138171384e-01 2.405913180882310043e-01 2.496120486448706044e-01 8.609462778958622275e-02 4.176550853689483533e-01 3.265370890997782577e-02 1.517137782213172637e-01 5.690726687266616651e-02 2.605106848341542380e-01 4.745869447177893941e-01 3.065663741895741090e-01 4.039573753763874286e-01 4.670248348883733747e-01 
2.313593689025341404e-01 8.091077848218880542e-02 5.437058163005473871e-02 2.341403816294847506e-01 2.557012055328135580e-01 5.124741863166839412e-02 1.809571453331877411e-01 3.200037745598092176e-01 1.121202484037532240e-02 1.886842445613985120e-01 0.000000000000000000e+00 5.489993054122222632e-02 4.168839051447974509e-01 3.921399046008124112e-02 2.045461434994011729e-01 5.532851492723298709e-02 1.435942747147516130e-01 1.204766324501737595e-01 7.034524350468962517e-02 7.626820147276244799e-02 3.978903992235536813e-01 2.050583457891866010e-02 5.964893553088663342e-02 2.322455944144538251e-02 2.886595820184718608e-01 3.252470655520579151e-02 6.028006320135827212e-02 2.999588170532103623e-02 1.574225539732662105e-01 1.724936022749047893e-01 3.031130587092555756e-02 1.058245986519197254e-02 1.648119511017991923e-01 8.897589350814659459e-03 3.257505412460863503e-02 3.112830687172376057e-02 5.060162562374842521e-02 3.977981679948809635e-02 3.589435094594958103e-02 6.688367035178012510e-02 3.543281666679864300e-02 1.773791701764780224e-02 5.115270902792238422e-02 2.448905291893997971e-01 1.599117687675244981e-01 1.378286765578807249e-01 1.242722524592647232e-01 2.192037217577487082e-02 3.407475125148985706e-02 2.518337560267464720e-02 1.412249126374601205e-01 1.353700206518749505e-01 9.849306890768064204e-02 5.146975851011130476e-02 5.338279776062927057e-02 2.251613472842789801e-02 3.900925296017616201e-02 2.787559698552103185e-02 7.282160965195383362e-02 1.391893853956084441e-02 4.716644371188377649e-02 3.047972848984323996e-02 1.345255962411112845e-02 3.411321942910910260e-02 5.279676239890036121e-02 2.766040641042223289e-02 
5.773342262787275331e-02 2.333249875230661297e-01 9.720489932819617596e-02 3.140218505129836052e-02 1.355089440793011690e-01 2.822447584266012388e-01 2.414610709404459710e-01 1.767296900317955055e-02 2.751915651610278846e-01 1.246009127622910856e-01 5.489993054122222632e-02 0.000000000000000000e+00 5.634718546300121478e-02 7.520740015253631894e-01 9.784964342174269636e-02 6.289045556812408733e-02 1.213374611440222114e-02 4.196595034833811022e-02 4.170965094578411581e-01 8.677272902862528947e-02 2.148245077910604026e-02 9.440429540918214568e-02 2.544145290911788496e-02 1.030740950522243959e-01 6.579023744237143256e-02 6.634081933563154010e-01 1.977501263547060475e-02 1.445781250411550811e-01 8.089614463106577225e-02 8.168462898711120745e-02 5.418666640700875448e-02 1.206055294743041961e-01 4.745792841341791440e-02 7.934839434304234718e-02 2.933695640084029166e-01 2.505404101478970746e-01 8.014499003685504608e-02 1.054081117193368493e-02 3.362286095958991750e-01 6.275621060151996555e-02 2.360542043758933131e-02 4.526589983949010770e-02 1.744036216634262809e-02 9.663861909350872359e-02 1.302083670443341945e-01 8.397916648937839290e-02 3.102747650100486920e-01 4.949454600447315833e-02 6.936100408982902310e-02 1.175616150374468177e-01 2.494939155579294354e-01 2.791321854685285472e-02 1.564204515122221903e-02 1.337318332410500910e-01 1.574479998452945340e-01 1.593580086504327031e-01 1.242173047699576122e-01 7.241335845272117711e-02 2.810040713312573213e-01 7.182558745741114692e-02 2.101114518309154522e-01 6.603323357962763429e-02 1.187532580706530394e-01 3.552609282644601796e-02 9.273382843101492246e-02 1.541620915857914442e-01 
5.803178389697735140e-01 6.411733770385664999e-02 5.744084194897472462e-02 3.981584001831567909e-01 3.268702451433007361e-02 1.005873982682095463e-01 1.948039919311773394e-01 4.634845894219359330e-01 1.548247071080347259e-01 5.832248086039834023e-01 4.168839051447974509e-01 5.634718546300121478e-02 0.000000000000000000e+00 5.828012343279115326e-02 3.292153862691182820e-01 2.532911286023469682e-02 2.529617581414913552e-01 1.194206587495476451e-01 8.840043873448218126e-02 1.045073213113900806e-01 5.096341081413876539e-01 7.578614616877603349e-02 6.014503109817719018e-02 1.387939839376192697e-02 5.338386981105411877e-01 6.251384085143261993e-02 4.163853647985060746e-02 6.580189356343116303e-02 1.540121084388719475e-01 4.106904932459470858e-01 2.689817499830560732e-01 2.429101594324432623e-01 3.643573572836379948e-01 4.512031285603532726e-01 3.548722209749107653e-02 1.208381025854559365e-01 3.275982149738727034e-01 2.470129520377546406e-01 8.947272989222918027e-02 1.776028559093711656e-01 1.252613015157185705e-01 1.488104142686842435e-01 5.766103171420970674e-02 4.476564698550003496e-02 1.100754380597352006e-01 9.142753344170914676e-02 9.407783410519135470e-02 3.305650921396314224e-01 4.939353909961992362e-02 4.771078254407938868e-01 6.808027109236780561e-02 1.649671369319743730e-01 6.893196367855579376e-02 2.497922635416886528e-01 2.327875073971325259e-01 6.349149157113757880e-02 7.047064146828803388e-02 8.947023756340242995e-02 1.168131831070902543e-01 1.495596540124527647e-02 4.273744392424330685e-02 2.217655131826446607e-02 4.308958817503976690e-01 2.543397872465616993e-01 2.781688452753943164e-01 4.381899726395095951e-01 
6.808481105795025079e-02 3.374060701237633353e-01 1.978748464518943484e-01 2.918605611993128207e-02 4.245682759969508779e-02 3.423816582101551487e-01 1.011487654824246435e-01 2.059597796455926721e-02 5.090978699630997056e-02 1.313353115276081895e-01 3.921399046008124112e-02 7.520740015253631894e-01 5.828012343279115326e-02 0.000000000000000000e+00 8.708203496894155460e-03 1.229782173549706370e-01 9.407620573530413310e-02 2.193597047728456095e-01 2.827349373540845590e-01 7.627036995773471550e-02 5.484494490847760528e-02 8.055815843393095144e-02 2.598486046980127279e-02 8.980322711706820171e-02 1.133298385944554038e-01 7.492186591249820893e-01 8.229843373919437655e-02 1.660430270249374507e-01 1.751392182005950260e-01 1.345094161664507904e-01 3.204347754087765593e-02 3.549805959930870530e-02 1.117031392372216658e-01 2.197905852813156896e-02 3.022680894551889041e-01 1.606595363069191207e-01 1.063326645890353278e-01 6.398394516238810337e-02 3.690682166316327506e-01 3.758809454594996824e-02 2.171841939916943978e-02 9.226347280782652704e-02 9.335185727757090712e-02 1.102396939470755288e-01 3.997996222549085599e-01 1.103047686293785051e-01 5.789281496170669561e-01 3.398531807066221960e-02 8.948479558302027681e-02 7.115884430532383453e-02 2.009036019789896821e-01 1.309589334638443792e-01 4.159098011711352683e-02 1.347324581118541642e-01 5.499748523542231232e-02 4.503973047081962638e-02 1.940772818088395968e-02 1.190950013528799256e-01 4.174922324680639396e-01 6.155873500298736541e-03 1.620425676880699606e-01 1.055292688151708014e-01 4.429107484401046541e-02 2.693887585092964720e-02 1.141160278034018399e-01 5.580865950627207639e-02 
4.933122481423621863e-01 1.103559513661428043e-01 2.111181535501725770e-02 5.004674114693374171e-02 5.845716631101647437e-02 1.470676744968526795e-01 2.008000842683685672e-01 2.757884906692215088e-01 5.303493429141632465e-01 1.924620777239614833e-01 2.045461434994011729e-01 9.784964342174269636e-02 3.292153862691182820e-01 8.708203496894155460e-03 0.000000000000000000e+00 8.774904417338935669e-02 4.098552645620861523e-01 1.695458256073729270e-02 4.505628055772235852e-02 2.814806986740945455e-02 6.454085106282198003e-02 5.706219574838717473e-02 7.951571997621689758e-02 1.357367143400915188e-01 1.320402100595718942e-01 9.890218119618218728e-02 3.449343827890762326e-01 5.091182739136763946e-02 5.960742200860285472e-02 6.194098606598249512e-01 1.959080118975878859e-01 4.595581536324809258e-01 5.541006768000236171e-01 2.154099133832672042e-01 7.213616860698429667e-02 1.493055675329389431e-01 3.433528749196728541e-02 1.233630836296853162e-01 1.337309222875622261e-01 1.418950590484186480e-01 3.591205462999683129e-02 2.457095088729417953e-01 2.225558244264850827e-01 6.892391417103403695e-02 6.599388501420828945e-02 2.118823664209172342e-01 7.565567830378365499e-02 3.354885395458104269e-01 1.460945669054546925e-01 2.957005557906819959e-01 9.751956239640915958e-02 1.518138402522961616e-01 8.691765980985001472e-02 3.652190307320653945e-02 2.236817188820504898e-01 1.883306584281074780e-01 1.315352771540671817e-01 7.179838007347998097e-02 9.782161770963729297e-02 1.465900792942127599e-02 7.785612825080759358e-02 2.042583344840154941e-02 3.246946718174707480e-01 1.720568567657499159e-01 1.910589900415576303e-01 3.556075700531751704e-01 
1.211673058090711741e-01 4.095431078158871807e-02 1.580609741979192850e-01 1.258008108654002921e-01 2.436142191094390064e-01 1.357607222493885379e-01 1.717386411359360654e-01 3.416408497171577463e-02 2.104294881933807537e-01 4.286337242731080854e-01 5.532851492723298709e-02 6.289045556812408733e-02 2.532911286023469682e-02 1.229782173549706370e-01 8.774904417338935669e-02 0.000000000000000000e+00 1.532929098161517900e-01 1.034368102805178352e-01 1.217579524594646218e-01 7.599066747624873275e-02 6.625293356662628752e-02 4.571630549076254324e-01 7.963582548854017951e-01 7.005381125536770393e-01 3.582567914132485098e-01 4.397955918634693928e-02 2.773072561423302052e-01 1.417179087463624199e-01 5.670996794254258289e-01 9.343686404264203715e-02 1.726336549366398465e-01 2.678590204467770630e-01 3.526622179017840919e-02 1.607966022661099503e-01 3.889225645221473099e-02 3.873473204512993540e-02 9.789860140105006991e-02 1.791690657819776378e-01 9.246131776139836222e-02 1.383210300301465911e-01 7.087220196908251835e-02 2.254463555201012270e-01 2.255038358918076691e-01 5.836036433201852863e-02 9.049903482181385905e-02 7.484375627241689199e-02 7.687744489781278556e-02 1.429905671228800246e-01 5.728993638959973822e-01 2.242241009477653479e-01 3.842158026318900216e-02 1.321388037990545439e-01 4.624288189815166372e-02 7.535519387548643422e-02 4.957788240255583262e-02 5.287308446912687421e-01 2.732891000775302670e-01 2.684347726031732773e-01 2.563747113436268266e-02 1.982049535252454198e-01 1.034722664118733620e-01 1.400503552337191981e-01 1.755682058917656940e-01 1.911845116201373040e-01 2.741928100511287769e-01 1.541346275649645992e-01 
4.086096173563252276e-01 1.281383473739979018e-01 1.409782056121775262e-01 1.882198910876264064e-01 4.739723252984787139e-01 5.732320462847764059e-02 6.654481221034389549e-01 7.515979275568053508e-02 4.294839353107597346e-01 1.030762702205945541e-01 1.435942747147516130e-01 1.213374611440222114e-02 2.529617581414913552e-01 9.407620573530413310e-02 4.098552645620861523e-01 1.532929098161517900e-01 0.000000000000000000e+00 1.984878418713263426e-01 2.160934035369980188e-01 5.332204430638637360e-02 2.156938832641892845e-01 4.571933435226576553e-02 1.520468144077889161e-01 9.157107158807871461e-02 3.540222838829596569e-02 2.756064391579764530e-02 2.044661306537047807e-01 8.840043099323674491e-02 8.510044259064269978e-02 4.491237566485943300e-01 2.069005166871673296e-01 6.089457119210519576e-01 4.252997299942419263e-01 3.913326600947628631e-01 1.095949893782022233e-01 2.322096807452191103e-01 5.691950045818542497e-02 1.641397224452890158e-01 7.613765236023962990e-02 1.665296852366557889e-01 1.553078721743651192e-01 2.306863229906691848e-01 4.295225006234315024e-01 2.934181253788042953e-02 4.962049633594370346e-02 2.283481430148434632e-01 7.218407420235471716e-02 4.291364203357084239e-01 2.089604578309454397e-01 3.865165450389080881e-01 1.518403677675826957e-01 1.634784324665742028e-01 1.103418942018242060e-01 1.869061998814652154e-02 3.058345224296593057e-01 2.770923594675557822e-01 1.766855564120859423e-01 1.836295675242133607e-01 2.990171439322672833e-02 4.252145329473373814e-02 1.303495278186171946e-01 9.165466839899036322e-02 4.890484669577275789e-01 2.718380396833911528e-01 2.573982263152459482e-01 5.318993160221460181e-01 
4.334064464897562780e-02 3.121971088292083488e-02 2.270599484967835979e-01 1.014632085204982687e-01 1.220553229691363761e-01 2.707254830202349138e-01 1.258292302289156506e-01 8.847732839410502037e-02 7.036393742408375562e-02 5.561434272386699823e-02 1.204766324501737595e-01 4.196595034833811022e-02 1.194206587495476451e-01 2.193597047728456095e-01 1.695458256073729270e-02 1.034368102805178352e-01 1.984878418713263426e-01 0.000000000000000000e+00 7.569665913816506220e-02 5.856336089003706391e-01 1.533481662730206141e-01 2.523823840662752782e-01 7.985682129210074087e-02 1.352571472297830202e-01 8.323366800873849281e-02 2.242189635117539104e-01 7.839550208764455019e-02 1.073194985072858376e-01 5.269680518791639706e-02 1.092336809235139178e-01 1.274043314046283959e-01 1.028580954305174456e-03 2.059004539492592378e-01 5.246215734250499890e-02 2.212397028003616484e-01 1.168081547939641279e-01 4.683253266348645638e-02 1.026803094787060167e-01 2.272219764447982737e-01 1.643413493736978759e-01 7.470324179623497041e-02 1.766995383532176112e-01 9.198542850963434270e-02 7.561854747268059729e-02 3.458692456414165783e-01 6.881715227893479316e-03 3.627615898291694507e-01 1.222356220374586633e-01 1.987062382137801120e-02 1.090209235035628221e-01 2.370561401632209075e-01 1.082374206343011541e-01 1.141738938867873365e-01 2.887577556578679525e-02 1.764927222491326220e-01 3.392869778432413413e-02 3.485535810474925389e-02 1.020395796116092650e-02 3.917832277075385949e-01 5.604760187924064802e-02 1.101516739515550208e-01 6.367985497353789714e-02 1.495120329411079030e-01 6.646016206315712160e-02 9.708285940904712308e-02 1.640579575958432401e-01 
1.823914163673429900e-01 8.921398534381315415e-02 4.668391675389831075e-02 3.675523363958062284e-02 1.505505694800224337e-01 1.899300817089938365e-01 7.896282782097698016e-02 1.050919371860827359e-02 6.956788968531397999e-02 2.727628707616491094e-02 7.034524350468962517e-02 4.170965094578411581e-01 8.840043873448218126e-02 2.827349373540845590e-01 4.505628055772235852e-02 1.217579524594646218e-01 2.160934035369980188e-01 7.569665913816506220e-02 0.000000000000000000e+00 5.204539371652524560e-01 2.051811320274566156e-02 4.077565351294320378e-02 1.022142260567872191e-01 2.151326656281744854e-01 2.129824245856734924e-02 3.453702620557485559e-01 1.153271155426294353e-01 9.063518386623080347e-02 6.408948829626276433e-02 3.190101072583468866e-01 1.259808099355783639e-01 2.448097403585540455e-01 3.066671618159345081e-01 8.400344898369002666e-02 8.794813287834736537e-02 4.680554729768510863e-02 3.650606676674635065e-02 3.631693702471360669e-02 1.128833728981126772e-01 4.245530550560909500e-02 6.049104085080513754e-02 4.701811989039226397e-02 1.474105752622039134e-01 6.572260208483171606e-02 2.107997150286966201e-02 1.291105920989283895e-01 1.581420110438775950e-01 7.772490041026049179e-02 3.948094123748928375e-02 8.216668053538905836e-02 1.411455660701137482e-01 1.900964781007683513e-01 1.709126880290587347e-01 6.761060312119183957e-02 1.262755104098387503e-02 4.311734537701598230e-02 3.827117375290930296e-02 1.013385533893476492e-01 1.183021282903339993e-01 4.061902346855388729e-02 4.697993907019086535e-02 7.721747663389678940e-02 8.915334596922661059e-02 8.988388124565266368e-02 1.411933353069940167e-01 9.950075608836921048e-02 
1.453272341625687081e-01 4.587539643400549011e-02 1.137082955519854027e-01 5.155827837304972211e-02 1.458272077806557028e-03 5.778378670603252776e-02 1.967598005777046813e-02 3.706094803926945208e-02 5.700017058101772977e-02 2.612631363432880299e-02 7.626820147276244799e-02 8.677272902862528947e-02 1.045073213113900806e-01 7.627036995773471550e-02 2.814806986740945455e-02 7.599066747624873275e-02 5.332204430638637360e-02 5.856336089003706391e-01 5.204539371652524560e-01 0.000000000000000000e+00 8.039747560624331546e-02 4.001257809342504551e-02 6.640879579382132081e-02 1.459171329139505591e-01 7.815179668981130090e-02 2.786265654443605480e-02 1.687007474156875519e-01 7.942525018114601765e-02 2.785339948067058757e-02 1.824743100961882525e-01 2.773223890322484841e-01 4.781063286313431970e-02 1.536399089803702211e-01 7.243570258418466357e-02 1.177509151682906846e-01 2.475367788839303099e-02 2.860869865111973637e-02 6.332633528647189924e-02 7.094299276905720320e-02 8.103209899563491858e-02 8.761478393177890567e-02 6.765127018217095833e-02 5.069528469862247949e-02 6.890984783670583980e-02 1.528704259003823007e-01 4.949702952424447217e-02 1.024562466650295184e-01 3.031629984420180710e-02 1.464975846593232975e-02 1.850700058285423277e-02 1.576172262370570121e-01 1.384910872982678953e-01 1.714461296355551112e-01 1.532391179517113809e-02 3.655938598901466857e-02 2.085785701437358267e-02 4.489136951206786422e-03 4.734003776699281796e-02 1.387280072025786071e-01 7.798254808103979863e-02 4.385173724036785931e-02 6.730373959074348322e-02 3.878374374130193203e-02 8.876206590885936387e-02 3.211113486410411416e-02 4.857683074868283934e-02 
1.158860460831172279e-01 3.914321052898277198e-02 4.624799776699257958e-02 8.389812182284833719e-01 2.367419857712511344e-01 7.581746659309070158e-02 2.155474028218435367e-01 2.337281738910493012e-01 1.139469351806814412e-01 4.384559539670006001e-01 3.978903992235536813e-01 2.148245077910604026e-02 5.096341081413876539e-01 5.484494490847760528e-02 6.454085106282198003e-02 6.625293356662628752e-02 2.156938832641892845e-01 1.533481662730206141e-01 2.051811320274566156e-02 8.039747560624331546e-02 0.000000000000000000e+00 5.433493684994394890e-02 8.456845850898625505e-02 9.570895621269644507e-03 6.125177484247401605e-01 5.126804067596540948e-02 2.072120015665860487e-02 8.865019124355119975e-03 1.767532347358745093e-01 6.939403163516906503e-02 1.403368860163905184e-02 8.081001282418723286e-02 6.536620097696620169e-02 1.306370917233084517e-01 3.671565892502810097e-02 2.769222122811696232e-02 4.562514874267861176e-01 1.404088600891039151e-01 4.442030311877643439e-02 9.158372069572934260e-02 2.799284872327685927e-02 4.026994009106350109e-02 2.839154960791300253e-01 2.094404796515124401e-02 1.525227360891167061e-01 1.338163627624228136e-01 1.345342955128623619e-01 5.857084822193842771e-02 9.263655861781323886e-02 2.106105563016308913e-01 5.459987320829391699e-02 8.427799065321023297e-02 1.384352495062288191e-02 3.002398775343754211e-01 6.162870233186111546e-02 1.084711694617428446e-01 5.586886592117753375e-02 2.766136367872458202e-01 1.191376128827707215e-01 6.104792909214273866e-02 5.001673197831486145e-02 1.621316974395178301e-01 8.294216406041049483e-02 6.652682732580145197e-02 1.024886879251886151e-01 6.857261010240207899e-02 
1.756713388571264078e-01 9.385122480653287913e-02 1.054279254681528138e-01 2.109487826664348253e-02 1.025614429541982786e-01 7.674159766298918606e-02 2.101684861338857721e-02 1.114127998639921485e-01 1.319839485242262911e-01 3.372098325018711429e-01 2.050583457891866010e-02 9.440429540918214568e-02 7.578614616877603349e-02 8.055815843393095144e-02 5.706219574838717473e-02 4.571630549076254324e-01 4.571933435226576553e-02 2.523823840662752782e-01 4.077565351294320378e-02 4.001257809342504551e-02 5.433493684994394890e-02 0.000000000000000000e+00 4.353644177198265353e-01 5.963035706547963333e-01 2.210480063147974572e-01 1.498803046248551631e-02 4.209445392447648815e-01 2.152120381428118678e-02 4.576844045419206641e-01 2.069299464966486424e-01 2.606547372647753380e-01 1.107098621229110763e-01 3.324480138827426989e-01 2.897960155495069023e-01 1.232777464661346106e-01 1.113501417423931605e-01 4.046951868228421123e-02 1.124021860339385892e-01 1.362971417928978968e-01 5.606633896917614934e-02 1.721354629400424219e-01 9.261625697225192577e-02 1.702483939493051601e-01 5.513307934430487084e-02 4.254067208401118155e-02 1.941200412468094827e-01 1.815798283635672999e-02 1.274803404395198625e-01 1.253525661700412852e-01 1.981971958623993946e-01 1.236493806399219103e-01 1.005879311131032960e-01 6.037149965044364547e-02 4.584841529798137222e-02 3.341102387015969510e-01 1.106806071512949075e-01 9.597383505159889916e-02 5.136386019181181373e-02 7.461208608227323791e-02 4.980347000250328476e-02 3.742409559541088476e-02 1.098969138510695887e-01 3.086499706125883646e-01 3.664284139555641917e-01 1.718849789961373886e-01 3.459494282976516288e-01 
5.305133120049300433e-02 1.848291482224100335e-01 3.673682335662017961e-01 1.755433227304427635e-01 3.385048948164700588e-01 1.856877905429072662e-01 2.232419462984467085e-01 1.163573481740464710e-01 2.480585770991710626e-01 4.868245455197363070e-01 5.964893553088663342e-02 2.544145290911788496e-02 6.014503109817719018e-02 2.598486046980127279e-02 7.951571997621689758e-02 7.963582548854017951e-01 1.520468144077889161e-01 7.985682129210074087e-02 1.022142260567872191e-01 6.640879579382132081e-02 8.456845850898625505e-02 4.353644177198265353e-01 0.000000000000000000e+00 7.426909975052966573e-01 3.666910106479382980e-01 5.751181232430251089e-02 2.744462056247929937e-01 3.738335992772534588e-01 4.327712769606790744e-01 7.096850877621029008e-02 6.677843351294333873e-02 3.338978023068727152e-01 7.291064616892732088e-03 2.212742232290853261e-01 1.021409970941847267e-01 4.163024675601410124e-02 8.417635805983846031e-02 2.778933381605636077e-01 8.988749084100816633e-02 2.324246620349349202e-01 5.241049215918466148e-02 3.195122524082665838e-01 1.961990052924533767e-01 6.512814279908647752e-02 3.926150510003986738e-02 9.882483153951150678e-02 1.052620874230631928e-02 2.186451449732010888e-01 5.494017253748346707e-01 3.067865369178770507e-01 9.443751076375671294e-02 1.049795333298368938e-01 2.148721494805711993e-02 6.888443026299631566e-02 9.197228347314137520e-02 6.339331108821409932e-01 2.932609342220979798e-01 2.263995195683007056e-01 4.927527751811527912e-02 2.079852717685104213e-01 1.960527263771978945e-01 1.434926656367324638e-01 2.681519017840361951e-01 2.499746882261675296e-01 3.517867303322025907e-01 2.313291837026895947e-01 
8.365895604062742463e-02 7.104037016565625806e-02 3.528830310215659849e-01 7.629235149738822219e-02 2.168616979288099655e-01 1.155478117501642782e-01 1.129236173589229647e-01 7.236205605692218323e-02 1.960148294897007537e-01 3.724984954433772089e-01 2.322455944144538251e-02 1.030740950522243959e-01 1.387939839376192697e-02 8.980322711706820171e-02 1.357367143400915188e-01 7.005381125536770393e-01 9.157107158807871461e-02 1.352571472297830202e-01 2.151326656281744854e-01 1.459171329139505591e-01 9.570895621269644507e-03 5.963035706547963333e-01 7.426909975052966573e-01 0.000000000000000000e+00 2.750323485373474819e-01 3.399081052899667610e-02 3.446606177699896301e-01 2.504672509199012964e-01 3.906444347718834309e-01 1.252746645810051962e-01 3.292891155182494506e-02 2.810125208788925577e-01 1.610821101025894028e-02 1.809625310587933411e-01 6.338828740483484769e-02 1.138004105032344865e-01 2.604126004442168865e-02 1.331592340902131855e-01 7.630444976679741365e-02 1.166950900113900569e-01 9.628654924216022148e-02 1.875917183763408658e-01 7.962702942389288108e-02 5.008767570144418563e-02 3.404950453493917756e-02 9.272455111623190138e-02 2.205978020734049305e-02 1.254184104288546264e-01 2.576569100575927251e-01 2.002843229702256089e-01 1.085005643098285039e-01 4.120507558198673037e-02 2.327851957831655536e-02 2.706819906845337950e-02 2.024676449645307907e-01 3.158510260337196174e-01 5.803530515762963388e-02 1.226564395108632882e-01 4.498271178779916085e-02 4.197979508563001727e-02 2.046079443134938766e-02 8.288183769539218815e-02 2.036731925852519054e-01 2.251049837387127939e-01 1.834713678899927425e-01 2.170948064165288405e-01 
