0.000000000000000000e+00 1.852949612773687610e-02 3.971699015202218019e-02 1.527870733339707458e-02 2.805239506644994704e-02 8.987474901998278656e-04 1.107180418778085790e-02 2.160818433884692611e-03 2.313796730088918483e-03 2.962042260254326570e-02 1.275456544602734422e-02 1.172196194664881959e-02 5.987188067692895965e-02 3.575867673773783229e-03 2.675207954871402713e-02 1.646428912897982683e-02 3.661917965388660628e-02 2.629314466010134951e-02 5.679319246581891571e-03 2.564298690123338609e-02 3.168562960130031497e-02 8.088727411798451658e-03 8.968352614972750422e-03 1.122478248398508377e-02 1.168371737259776312e-02 8.050482837747395190e-03 3.378908117410842071e-02 8.777129744717468082e-03 1.680849029543933504e-02 8.165216559900564594e-03 2.526054116072282141e-02 1.569939764795869747e-02 3.116932785161105179e-03 3.269911081365331484e-03 2.581508748446314193e-03 4.231762118749402696e-02 2.334831245816999801e-02 2.537527488287599081e-02 2.805239506644994704e-02 3.577779902476336399e-02 2.204799694043407463e-02 1.573764222200975393e-02 1.432259298212066115e-02 1.179845109475093252e-02 7.553303375083660239e-03 1.281193230710392979e-03 1.053638015106606735e-02 1.130127163208719844e-02 5.602830098479777768e-03 1.734391433215412559e-02 1.740128119323071029e-03 2.705803614112247887e-02 3.856965293049048615e-02 6.903145616215699415e-03 2.311884501386365920e-02 3.843579692131178938e-03 1.390190266755904000e-02 4.073047136437518180e-03 8.241705708002677530e-03 1.898843101634955371e-02 1.749689262835835146e-02 1.489626159288650990e-02 2.939095515823692342e-02 2.128310545941294527e-02 1.501099531503967931e-02 3.080600439812601621e-02 
1.852949612773687610e-02 0.000000000000000000e+00 3.585428817286547692e-02 1.202791853905727133e-02 2.587245434553972490e-02 9.847977818147050921e-03 2.946744430633903983e-02 2.537527488287599081e-02 7.476814226981547302e-03 2.396022564298690150e-02 3.168562960130031497e-02 2.323357873601682860e-02 3.726933741275456624e-02 1.466679414858016936e-02 1.612008796252031861e-02 1.585237594416292334e-02 1.914140931255378306e-02 1.589062051821397981e-02 4.491825222296586678e-02 2.950568888039009630e-02 1.348121235299741885e-02 4.379003728845969924e-03 1.363419064920164472e-02 4.608471173152308732e-03 1.730566975810306912e-02 1.042164642891289794e-02 5.153456353379864269e-02 8.729324027153648191e-02 2.046084711731523207e-03 2.885553112152213287e-02 2.908499856582847168e-02 3.267998852662778314e-02 3.092073812027918561e-02 2.935271058418586695e-02 1.447557127832488702e-02 3.080600439812601621e-02 4.608471173152308732e-03 1.531695190744813105e-02 2.067119227459604178e-02 8.012238263696338722e-03 9.197820059279089230e-03 3.715460369060139684e-02 3.883736494884788143e-02 1.128214934506166891e-03 3.069127067597284680e-02 1.703795773974567385e-02 3.275647767472989608e-02 2.874079739936896347e-02 5.526340950377664832e-03 4.021416961468591428e-02 4.990916913662874280e-03 1.625394397169901625e-03 1.893106415527297118e-03 5.258628932020269556e-03 2.887465340854766371e-03 4.780571756382063380e-04 7.323835930777320563e-03 2.571947604933549902e-02 1.914140931255378306e-02 7.591547949134716707e-03 6.788411894062530011e-03 2.868343053829237811e-04 2.537527488287599081e-02 1.893106415527297118e-03 1.065111387321923675e-02 2.357777990247633682e-02 
3.971699015202218019e-02 3.585428817286547692e-02 0.000000000000000000e+00 2.854957452911368113e-02 2.874079739936896347e-02 5.947031264939286847e-03 1.160722822449565018e-02 5.736686107658475623e-05 4.340759154794913456e-03 3.575867673773783229e-03 6.310354718424323727e-04 1.816617267425183965e-03 3.279472224878095254e-02 7.457691939956018852e-04 1.969595563629410271e-03 4.044363705899225309e-02 1.409312553781432234e-02 1.107180418778085790e-02 2.893202026962424581e-02 3.436274978487426773e-02 8.853618892819581018e-03 3.830194091213309088e-02 5.742422793766134570e-02 1.241036427956783601e-02 1.516397361124390518e-02 9.312553781432258634e-03 3.728845969978009534e-03 2.591069891959078136e-02 1.604359881441820568e-02 4.109379481786021304e-02 4.878095420212257699e-02 8.968352614972750422e-03 5.650635816043599047e-02 1.405488096376326587e-02 1.535519648149918752e-02 3.206807534181087965e-02 2.946744430633903983e-02 6.558944449756191203e-03 8.815374318768524550e-03 4.723204895305478136e-03 1.455206042642699996e-02 3.614112247824839697e-03 5.122860694139019094e-02 4.034802562386461712e-03 2.832010708480734232e-02 2.331006788411894154e-02 1.049813557701501088e-02 5.258628932020269556e-03 1.432259298212066115e-02 2.237307581986805547e-03 9.656754947891768581e-03 2.625490008605029305e-02 4.264270006692800520e-03 1.153073907639353725e-02 2.736399273353093062e-02 2.889377569557318934e-02 1.546993020365235692e-02 2.652261210440768832e-02 5.755808394684004507e-03 5.947031264939286847e-03 1.952385505306434774e-02 1.833827325748159376e-02 6.176498709245625655e-03 4.723204895305478136e-03 1.721005832297542687e-04 1.225738598336361014e-02 
1.527870733339707458e-02 1.202791853905727133e-02 2.854957452911368113e-02 0.000000000000000000e+00 2.621665551199923658e-02 4.820728559135672303e-02 1.455206042642699996e-02 7.075246199445454172e-04 4.684960321254421668e-03 1.489626159288650990e-02 1.363419064920164472e-02 9.350798355483315102e-03 2.640787838225451892e-02 2.101539344105554999e-02 1.416961468591643528e-02 7.973993689645282254e-03 2.032699110813653356e-02 2.495458456831436966e-02 7.515058801032603771e-03 3.115020556458552442e-02 3.826369633808203441e-02 2.246868725499569577e-02 1.195142939095515840e-02 3.881824266182235406e-03 3.405679319246581599e-02 2.832010708480734232e-02 1.286929916818051363e-02 1.726742518405201265e-02 2.946744430633903983e-02 8.662396022564298678e-03 1.023042355865761560e-02 3.290945597093412195e-02 1.191318481690410193e-02 3.004111291710488685e-02 1.263983172387417482e-02 4.990916913662874280e-03 1.049813557701501088e-02 1.816617267425183965e-03 8.203461133951621062e-03 2.028874653408547710e-02 1.657902285113299623e-02 1.604359881441820568e-02 1.822353953532842435e-02 1.256334257577206188e-02 1.577588679606081040e-02 3.149440673104503263e-02 1.979156707142174301e-02 8.987474901998278656e-04 2.084329285782579675e-03 2.032699110813653356e-02 2.350129075437422388e-02 2.772731618701596533e-03 1.439908213022277408e-02 1.558466392580552633e-02 2.870255282531790700e-02 8.700640596615355146e-03 9.006597189023806890e-03 2.526054116072282141e-02 8.165216559900564594e-03 1.432259298212066115e-02 2.174204034802562288e-02 2.093890429295343705e-02 3.164738502724925850e-02 4.204990916913663168e-02 6.558944449756191203e-03 3.883736494884788143e-02 
2.805239506644994704e-02 2.587245434553972490e-02 2.874079739936896347e-02 2.621665551199923658e-02 0.000000000000000000e+00 2.384549192083373209e-02 1.153073907639353725e-02 1.089970360455110423e-03 1.787933836886891614e-02 1.378716894540587060e-02 1.646428912897982683e-02 1.520221818529496165e-02 9.350798355483315102e-03 1.510660675016732004e-03 1.340472320489530592e-02 1.600535424036714921e-02 2.082417057080026765e-02 1.543168562960130046e-02 5.985275838990343315e-03 4.379003728845969924e-03 1.619657711062243155e-02 1.013481212352997487e-03 3.826369633808203441e-02 5.092265034898173920e-02 1.042164642891289794e-02 2.078592599674921118e-02 4.013768046658380134e-02 6.725308346878286492e-02 1.242948656659336511e-03 1.642604455492877036e-02 2.518405201262070847e-02 1.397839181566115294e-02 2.858781910316473759e-02 2.671383497466297066e-02 1.692322401759250444e-02 3.920068840233292308e-03 8.318194856104790466e-03 5.335118080122382492e-03 4.111291710488574648e-03 2.543264174395257725e-03 7.706281671287886111e-03 3.707811454249928390e-02 8.471173152309016338e-03 1.860598527583898903e-02 2.468687254995697439e-02 2.893202026962424581e-02 3.088249354622812914e-02 5.526340950377664832e-03 3.516588583994646050e-02 2.789941677024572117e-02 9.503776651687540974e-03 1.355770150109953179e-02 1.852949612773687610e-02 2.046084711731523207e-03 5.134334066354336035e-02 1.137776078018931138e-02 2.713452528922459181e-02 1.204704082608280043e-03 1.497275074098862284e-02 2.598718806769289777e-02 4.876183191509704876e-03 9.465532077636484506e-03 3.784300602352041326e-02 1.646428912897982683e-02 1.378716894540587060e-02 4.828377473945883597e-02 
8.987474901998278656e-04 9.847977818147050921e-03 5.947031264939286847e-03 4.820728559135672303e-02 2.384549192083373209e-02 0.000000000000000000e+00 1.883545272014532784e-02 1.348121235299741885e-02 1.080409216942346262e-02 1.600535424036714921e-02 1.283105459412945716e-02 2.237307581986805547e-03 1.218089683526149720e-02 1.057462472511712381e-02 6.367721579500907995e-03 2.116837173725977586e-02 5.182139783918156620e-03 1.558466392580552633e-02 3.413328234056792893e-02 3.906683239315422024e-02 4.637154603690601257e-02 1.459030500047805642e-02 2.545176403097810375e-02 1.229563055741466661e-02 4.128501768811549538e-02 1.133951620613825491e-02 2.334831245816999801e-02 1.780284922076680321e-02 2.740223730758198709e-02 2.376900277273161916e-02 2.619753322497370661e-03 1.202791853905727133e-02 1.929438760875800893e-02 1.409312553781432234e-02 3.384644803518500888e-03 3.116932785161105179e-03 1.994454536762596888e-02 2.457213882780380498e-02 2.464862797590591792e-02 4.579787742614016555e-02 2.426618223539535324e-02 2.476336169805908732e-02 3.275647767472989608e-02 2.005927908977913829e-02 9.561143512764126490e-05 2.591069891959078136e-02 2.505019600344201257e-03 1.784109379481785967e-02 2.793766134429677764e-02 2.782292762214360823e-02 1.367243522325270119e-02 7.017879338368868819e-03 6.941390190266755883e-03 3.195334161965771025e-02 4.531982025050195796e-03 2.151257290371928407e-02 2.005927908977913829e-02 4.698345922172291605e-02 1.242948656659336511e-03 1.986805621952385595e-02 1.854861841476240650e-03 3.700162539439717097e-02 1.501099531503967931e-02 6.711922745960417075e-03 4.379003728845969924e-03 2.047996940434075944e-02 
1.107180418778085790e-02 2.946744430633903983e-02 1.160722822449565018e-02 1.455206042642699996e-02 1.153073907639353725e-02 1.883545272014532784e-02 0.000000000000000000e+00 1.229563055741466661e-02 3.761353857921407445e-02 3.843579692131178938e-03 3.231666507314274583e-03 2.533703030882493434e-02 1.191318481690410193e-02 1.734391433215412559e-02 3.053829237976862093e-02 1.986805621952385595e-02 3.160914045319820204e-02 2.235395353284252637e-02 2.694330241896930947e-02 4.111291710488574648e-03 1.902667559040061018e-02 2.619753322497370661e-03 2.675207954871402713e-02 2.399847021703795796e-02 1.721005832297542687e-04 1.390190266755904000e-02 3.681040252414188862e-02 3.979347930012429313e-02 8.241705708002677530e-03 2.147432832966822761e-02 2.696242470599483597e-03 3.346400229467444420e-03 3.979347930012429313e-02 2.942919973228798336e-02 2.772731618701596533e-03 9.389042929534371570e-03 3.482168467348695229e-02 1.103355961372980143e-02 8.126971985849508126e-03 1.351945692704847532e-02 9.733244095993881517e-03 5.115211779328807801e-02 1.921789846065589599e-02 2.032699110813653356e-02 4.032890333683908368e-02 1.612008796252031861e-02 4.445931733435318917e-02 2.002103451572808182e-02 3.294770054498517842e-02 3.843579692131178938e-03 2.657997896548427129e-03 8.012238263696338722e-03 1.338560091786977736e-04 2.506931829046753907e-02 2.812888421455205998e-02 1.650253370303088329e-02 2.430442680944640971e-02 2.002103451572808182e-02 2.009752366383019476e-02 2.772731618701596533e-03 6.214743283296682123e-03 1.153073907639353725e-02 6.750167320011473543e-03 1.034515728081078501e-02 2.388373649488478856e-02 1.439908213022277408e-02 
2.160818433884692611e-03 2.537527488287599081e-02 5.736686107658475623e-05 7.075246199445454172e-04 1.089970360455110423e-03 1.348121235299741885e-02 1.229563055741466661e-02 0.000000000000000000e+00 1.271632087197628776e-02 8.241705708002677530e-03 3.849316378238837322e-02 1.937087675686012186e-02 1.103355961372980143e-02 1.778372693374127497e-03 1.587149823118844940e-03 1.562290849985658280e-02 5.296873506071326024e-03 7.782770819389999047e-03 5.335118080122382492e-03 2.732574815947987415e-02 1.799407209102208555e-02 1.394014724161009647e-02 7.591547949134716707e-03 2.021225738598336416e-02 6.310354718424323727e-04 2.963954488956879307e-03 2.476336169805908732e-02 1.409312553781432234e-02 3.183860789750454084e-02 4.761449469356535472e-03 1.512572903719284871e-02 1.114829333588297083e-02 8.891863466870637486e-03 2.223921981068935697e-02 5.411607228224495428e-03 3.600726646906970280e-02 1.677024572138827857e-02 6.711922745960417075e-03 2.724925901137776121e-02 1.128214934506166891e-03 4.531982025050195796e-03 1.887369729419638431e-02 4.111291710488574648e-03 1.472416100965675536e-03 7.323835930777320563e-03 1.715269146189884325e-02 8.777129744717468082e-03 9.236064633330145698e-03 5.564585524428721300e-03 1.156898365044459372e-02 7.782770819389999047e-03 1.703795773974567385e-02 2.682856869681614007e-02 5.373362654173438960e-03 3.746056028300984858e-02 1.459030500047805642e-02 2.390285878191031853e-03 3.250788794339803034e-04 3.193421933263218115e-03 1.868247442394110197e-02 6.692800458934888407e-04 2.009752366383019476e-02 2.744048188163304355e-02 4.637154603690601257e-02 1.076584759537240615e-02 2.679032412276508360e-02 
2.313796730088918483e-03 7.476814226981547302e-03 4.340759154794913456e-03 4.684960321254421668e-03 1.787933836886891614e-02 1.080409216942346262e-02 3.761353857921407445e-02 1.271632087197628776e-02 0.000000000000000000e+00 2.007840137680466739e-03 1.176020652069987606e-02 2.265991012525098158e-02 3.346400229467444420e-03 2.200975236638301816e-02 2.288937756955732039e-02 1.332823405679319298e-02 2.327182331006788507e-02 8.853618892819581018e-03 4.073047136437518180e-03 1.091882589157663203e-02 1.332823405679319298e-02 2.005927908977913829e-02 6.979634764317812351e-03 1.906492016445167012e-02 1.654077827708193976e-02 6.023520413041399783e-03 5.467061860598527306e-02 6.100009561143512719e-03 2.235395353284252637e-02 7.170857634573094691e-03 2.122573859833636143e-03 3.384644803518500888e-03 1.738215890620518206e-02 2.009752366383019476e-02 8.930108040921693954e-03 3.355961372980208191e-02 1.879720814609427137e-02 5.449851802275551896e-03 1.604359881441820568e-02 3.461133951620613824e-03 1.128214934506166891e-03 3.619848933932498514e-02 1.854861841476240650e-03 2.237307581986805547e-03 2.243044268094463931e-02 9.733244095993881517e-03 2.499282914236542613e-02 1.206616311310832780e-02 4.015680275360932936e-04 4.837938617458648408e-03 2.552825317908021668e-02 6.100009561143512719e-03 8.624151448513242210e-03 1.581413137011186687e-02 2.724925901137776121e-02 9.044841763074863358e-03 1.233387513146572308e-02 2.357777990247633682e-02 4.608471173152308732e-03 6.405966153551964463e-03 1.026866813270867207e-02 1.573764222200975393e-02 1.749689262835835146e-02 2.912324313987952815e-02 1.665551199923510917e-02 2.216273066258724403e-02 
2.962042260254326570e-02 2.396022564298690150e-02 3.575867673773783229e-03 1.489626159288650990e-02 1.378716894540587060e-02 1.600535424036714921e-02 3.843579692131178938e-03 8.241705708002677530e-03 2.007840137680466739e-03 0.000000000000000000e+00 1.778372693374127497e-03 1.122478248398508377e-02 5.794052968735060975e-03 4.799694043407591940e-03 1.233387513146572308e-02 6.252987857347738591e-03 2.046084711731523207e-03 1.715269146189884325e-02 1.030691270675972854e-02 1.118653790993402730e-02 1.260158714982311835e-02 3.193421933263218115e-03 1.317525576058896711e-02 2.778468304809255177e-02 1.803231666507314201e-02 1.569939764795869747e-02 2.543264174395257725e-03 5.296873506071326024e-03 1.663638971220958093e-03 4.495649679701692325e-02 1.065111387321923675e-02 2.051821397839181590e-02 3.191509704560665378e-02 3.627497848742709807e-02 3.443923893297638067e-02 8.738885170666411614e-03 2.659910125250980126e-02 1.459030500047805642e-02 4.398126015871498158e-04 8.891863466870637486e-03 6.597189023807247671e-03 1.229563055741466661e-02 2.090065971890238058e-02 1.906492016445167012e-02 2.304235586576154626e-02 3.042355865761545153e-02 2.139783918156611467e-02 4.340759154794913456e-03 6.061764987092456251e-03 6.864901042164642947e-03 1.715269146189884325e-02 3.422889377569557356e-03 3.537623099722726761e-03 1.241036427956783601e-02 2.308060043981260273e-02 1.998278994167702535e-02 1.382541351945692706e-02 1.650253370303088329e-02 1.969595563629410271e-03 1.539344105555024399e-02 2.973515632469643510e-02 6.176498709245625655e-03 6.262549000860502535e-02 3.608375561717181573e-02 7.438569652930490834e-03 4.989004684960321456e-02 
1.275456544602734422e-02 3.168562960130031497e-02 6.310354718424323727e-04 1.363419064920164472e-02 1.646428912897982683e-02 1.283105459412945716e-02 3.231666507314274583e-03 3.849316378238837322e-02 1.176020652069987606e-02 1.778372693374127497e-03 0.000000000000000000e+00 1.023042355865761560e-02 8.891863466870637486e-03 2.166555119992350995e-02 3.386557032221053365e-02 9.503776651687540974e-03 1.971507792331963008e-02 3.248876565637250080e-02 1.898843101634955371e-02 2.977340089874749157e-02 2.640787838225451892e-02 8.987474901998278656e-04 8.700640596615355146e-03 1.721005832297542687e-04 1.830002868343053729e-02 2.078592599674921118e-02 1.703795773974567385e-02 1.183669566880198899e-02 1.229563055741466661e-02 3.072951525002390327e-02 6.138254135194569187e-03 5.832297542786117443e-03 4.384740414953628568e-02 3.690601395926953066e-03 5.927908977913757963e-04 8.987474901998278656e-04 1.371067979730375766e-02 1.764987092456257733e-02 3.333014628549574310e-02 1.956209962711540420e-02 2.843484080696051172e-02 1.023042355865761560e-02 5.545463237403193283e-04 2.109188258915766293e-02 4.086432737355387423e-02 2.084329285782579675e-03 5.474710775408738600e-02 2.147432832966822761e-02 1.221914140931255367e-02 1.726742518405201265e-02 2.352041304139974951e-03 2.047996940434075944e-02 3.193421933263218115e-03 5.545463237403193283e-04 4.602734487044650435e-02 2.084329285782579675e-03 2.887465340854766371e-03 4.379003728845969924e-03 4.438282818625107623e-02 1.202791853905727133e-02 9.561143512764126490e-05 1.952385505306434774e-02 1.489626159288650990e-02 1.986805621952385595e-02 1.891194186824744078e-02 3.046180323166650800e-02 
1.172196194664881959e-02 2.323357873601682860e-02 1.816617267425183965e-03 9.350798355483315102e-03 1.520221818529496165e-02 2.237307581986805547e-03 2.533703030882493434e-02 1.937087675686012186e-02 2.265991012525098158e-02 1.122478248398508377e-02 1.023042355865761560e-02 0.000000000000000000e+00 5.641074672530835103e-03 1.149249450234248078e-02 3.092073812027918561e-02 1.837651783153265023e-02 7.457691939956018852e-04 1.103355961372980143e-02 1.089970360455110423e-03 5.258628932020269556e-03 7.170857634573094691e-03 2.155081747777034054e-02 2.887465340854766371e-03 6.100009561143512719e-03 1.730566975810306912e-02 1.030691270675972854e-02 4.379003728845969924e-03 6.061764987092456251e-03 1.524046275934601812e-02 1.940912133091117833e-02 1.141600535424036784e-02 9.312553781432258634e-03 1.344296777894636238e-02 9.580265799789655645e-03 2.204799694043407463e-02 2.766994932593938236e-02 2.101539344105554999e-02 1.202791853905727133e-02 1.776460464671574674e-02 5.602830098479777768e-03 9.962711540300220325e-03 1.520221818529496165e-02 1.107180418778085790e-02 3.076775982407495974e-02 7.132613060522038223e-03 8.318194856104790466e-03 6.138254135194569187e-03 8.126971985849508126e-03 6.252987857347738591e-03 1.114829333588297083e-02 5.488096376326608364e-03 2.428530452242088321e-03 1.336647863084424945e-02 1.095707046562768849e-02 1.960034420116646067e-02 1.893106415527297118e-03 2.074768142269815471e-02 1.761162635051152087e-02 8.432928578257959870e-03 1.409312553781432234e-02 7.629792523185773175e-03 2.361602447652739328e-02 7.438569652930490834e-03 1.969595563629410271e-03 5.947031264939286847e-03 3.384644803518500888e-03 
5.987188067692895965e-02 3.726933741275456624e-02 3.279472224878095254e-02 2.640787838225451892e-02 9.350798355483315102e-03 1.218089683526149720e-02 1.191318481690410193e-02 1.103355961372980143e-02 3.346400229467444420e-03 5.794052968735060975e-03 8.891863466870637486e-03 5.641074672530835103e-03 0.000000000000000000e+00 9.350798355483315102e-03 1.065111387321923675e-02 2.541351945692704728e-02 2.935271058418586695e-02 3.321541256334257369e-02 1.596710966631609274e-02 1.963858877521751714e-02 6.692800458934888407e-04 1.566115307390764100e-02 2.396022564298690150e-02 1.952385505306434774e-02 1.986805621952385595e-02 1.395926952863562383e-03 1.994454536762596888e-02 2.166555119992350995e-02 1.198967396500621486e-02 4.208815374318768815e-02 2.128310545941294527e-02 8.222583420977149296e-04 4.048188163304330955e-02 5.585620040156803051e-02 2.097714886700449352e-02 6.291232431398795059e-03 2.093890429295343705e-02 2.751697102973515649e-02 1.489626159288650990e-02 3.030882493546228212e-02 6.100009561143512719e-03 3.627497848742709807e-02 7.247346782675207627e-03 3.078688211110048711e-03 3.325365713739363016e-02 3.633234534850368256e-04 3.409503776651687246e-02 1.451381585237594349e-02 9.962711540300220325e-03 2.323357873601682860e-02 2.581508748446314193e-03 3.575867673773783229e-03 3.633234534850368256e-04 1.218089683526149720e-02 1.967683334926857361e-02 2.591069891959078136e-02 1.826178410937948082e-02 1.065111387321923675e-02 1.879720814609427137e-02 2.529878573477387788e-02 9.427287503585428038e-03 5.564585524428721300e-03 6.920355674538675173e-02 5.872454345539726561e-02 5.870542116837173911e-03 4.507123051917009265e-02 
3.575867673773783229e-03 1.466679414858016936e-02 7.457691939956018852e-04 2.101539344105554999e-02 1.510660675016732004e-03 1.057462472511712381e-02 1.734391433215412559e-02 1.778372693374127497e-03 2.200975236638301816e-02 4.799694043407591940e-03 2.166555119992350995e-02 1.149249450234248078e-02 9.350798355483315102e-03 0.000000000000000000e+00 4.111291710488574648e-03 2.084329285782579675e-03 6.482455301654077399e-03 6.941390190266755883e-03 4.226025432641744052e-03 3.422889377569557356e-03 1.654077827708193976e-02 2.935271058418586695e-02 1.872071899799215844e-02 8.968352614972750422e-03 2.644612295630557539e-02 8.662396022564298678e-03 1.455206042642699996e-02 1.030691270675972854e-02 3.384644803518500888e-03 2.197150779233196169e-02 2.160818433884692611e-03 2.461038340185486145e-02 1.550817477770341339e-02 1.229563055741466661e-02 2.046084711731523207e-03 2.835835165885839879e-02 1.665551199923510917e-02 1.883545272014532784e-02 2.285113299550626392e-02 1.849125155368581963e-02 2.770819389999043883e-02 1.051725786404053955e-03 1.497275074098862284e-02 3.279472224878095254e-02 5.545463237403193283e-04 2.093890429295343705e-02 5.526340950377664832e-03 2.352041304139974951e-03 5.220384357969213088e-03 7.056123912419925287e-03 1.569939764795869747e-02 2.120661631131083233e-02 1.696146859164356091e-02 9.733244095993881517e-03 1.248685342766994895e-02 7.438569652930490834e-03 5.717563820632948039e-03 1.558466392580552633e-02 5.679319246581891571e-03 8.318194856104790466e-03 6.214743283296682123e-03 3.222105363801510552e-02 1.076584759537240615e-02 1.242948656659336511e-03 1.589062051821397981e-02 8.050482837747395190e-03 
2.675207954871402713e-02 1.612008796252031861e-02 1.969595563629410271e-03 1.416961468591643528e-02 1.340472320489530592e-02 6.367721579500907995e-03 3.053829237976862093e-02 1.587149823118844940e-03 2.288937756955732039e-02 1.233387513146572308e-02 3.386557032221053365e-02 3.092073812027918561e-02 1.065111387321923675e-02 4.111291710488574648e-03 0.000000000000000000e+00 2.581508748446314193e-03 1.485801701883545343e-02 1.470503872263122583e-02 9.427287503585428038e-03 1.395926952863562383e-03 3.271823310067883961e-02 2.965866717659432217e-02 2.466775026293144789e-03 1.371067979730375766e-02 1.933263218280906540e-02 9.924466966249163857e-03 4.331198011282149513e-02 1.663638971220958093e-03 1.612008796252031861e-02 5.734773878955923276e-02 5.908786690888230379e-03 3.078688211110048711e-03 5.337030308824935315e-02 5.182139783918156620e-03 1.573764222200975393e-02 1.363419064920164472e-02 1.118653790993402730e-02 1.929438760875800893e-02 3.461133951620613824e-03 2.560474232718232962e-02 1.587149823118844940e-03 2.657997896548427129e-03 1.348121235299741885e-02 5.488096376326608364e-03 1.340472320489530592e-02 2.485897313318673131e-04 1.816617267425183965e-03 7.323835930777320563e-03 1.133951620613825491e-02 9.465532077636484506e-03 1.149249450234248078e-02 3.728845969978009534e-03 3.499378525671670292e-03 6.788411894062530011e-03 8.930108040921693954e-03 4.187780858590687584e-03 1.225738598336361014e-02 1.026866813270867207e-02 1.604359881441820568e-02 3.116932785161105179e-03 3.422889377569557356e-03 1.625394397169901625e-03 1.286929916818051363e-02 3.814896261592886501e-02 7.840137680466583532e-04 9.503776651687540974e-03 
1.646428912897982683e-02 1.585237594416292334e-02 4.044363705899225309e-02 7.973993689645282254e-03 1.600535424036714921e-02 2.116837173725977586e-02 1.986805621952385595e-02 1.562290849985658280e-02 1.332823405679319298e-02 6.252987857347738591e-03 9.503776651687540974e-03 1.837651783153265023e-02 2.541351945692704728e-02 2.084329285782579675e-03 2.581508748446314193e-03 0.000000000000000000e+00 3.573955445071230752e-02 2.275552156037862015e-03 1.319437804761449447e-03 2.040348025623864650e-02 2.122573859833636143e-03 4.340759154794913456e-03 1.550817477770341339e-02 4.790132899894827129e-02 1.153073907639353725e-02 2.258342097714886865e-02 3.023233578736016919e-02 4.090257194760493070e-02 1.879720814609427137e-02 1.470503872263122583e-02 3.499378525671670292e-03 4.952672339611817812e-03 1.015393441055550267e-02 1.638779998087771389e-02 5.717563820632948039e-03 1.721005832297542687e-04 5.526340950377664832e-03 2.352041304139974951e-03 1.164547279854670665e-02 5.143895209867100152e-03 6.061764987092456251e-03 3.092073812027918561e-02 5.717563820632948039e-03 4.876183191509704876e-03 1.053638015106606735e-02 6.788411894062530011e-03 2.868343053829237811e-04 7.591547949134716707e-03 9.369920642508844421e-04 1.814705038722631142e-02 1.501099531503967931e-02 2.428530452242088321e-03 8.088727411798451658e-03 8.126971985849508126e-03 6.903145616215699415e-03 1.166459508557223359e-03 7.400325078879434366e-03 9.656754947891768581e-03 2.185677407017879229e-02 2.851132995506262466e-02 3.078688211110048711e-03 6.176498709245625655e-03 4.990916913662874280e-03 3.455397265512955007e-02 7.094368486470981755e-03 3.575867673773783229e-03 
3.661917965388660628e-02 1.914140931255378306e-02 1.409312553781432234e-02 2.032699110813653356e-02 2.082417057080026765e-02 5.182139783918156620e-03 3.160914045319820204e-02 5.296873506071326024e-03 2.327182331006788507e-02 2.046084711731523207e-03 1.971507792331963008e-02 7.457691939956018852e-04 2.935271058418586695e-02 6.482455301654077399e-03 1.485801701883545343e-02 3.573955445071230752e-02 0.000000000000000000e+00 3.141791758294291970e-02 3.539535328425279931e-02 2.090065971890238058e-02 2.713452528922459181e-02 9.962711540300220325e-03 2.028874653408547710e-02 3.417152691461898539e-02 5.105650635816043684e-03 2.659910125250980126e-02 2.988813462090066098e-02 2.866430825126685053e-02 7.285591356726264095e-03 6.209006597189023480e-02 3.501290754374223463e-02 9.618510373840712113e-03 6.274022373075820169e-02 3.333014628549574310e-02 4.914427765560761344e-03 3.459221722918060654e-02 1.933263218280906540e-02 1.302227746438474124e-02 2.868343053829237811e-04 2.170379577397456641e-02 4.151448513242183419e-02 3.822545176403097794e-02 3.814896261592886501e-02 1.080409216942346262e-02 2.208624151448513109e-02 1.730566975810306912e-02 4.388564872358734215e-02 8.241705708002677530e-03 2.751697102973515649e-02 1.013481212352997487e-03 1.051725786404053955e-03 2.734487044650540065e-03 3.422889377569557356e-03 7.744526245338942579e-03 5.641074672530835103e-03 3.696338082034611450e-02 2.713452528922459181e-02 8.662396022564298678e-03 2.717276986327564828e-02 3.384644803518500888e-03 1.768811549861363380e-02 1.914140931255378306e-02 7.209102208624151159e-03 2.331006788411894154e-02 2.529878573477387788e-02 1.715269146189884325e-02 
2.629314466010134951e-02 1.589062051821397981e-02 1.107180418778085790e-02 2.495458456831436966e-02 1.543168562960130046e-02 1.558466392580552633e-02 2.235395353284252637e-02 7.782770819389999047e-03 8.853618892819581018e-03 1.715269146189884325e-02 3.248876565637250080e-02 1.103355961372980143e-02 3.321541256334257369e-02 6.941390190266755883e-03 1.470503872263122583e-02 2.275552156037862015e-03 3.141791758294291970e-02 0.000000000000000000e+00 5.067406061764987216e-03 6.635433597858304139e-03 3.164738502724925850e-02 4.292953437231093045e-02 4.149536284539631116e-03 1.615833253657137508e-02 6.138254135194569187e-03 2.782292762214360823e-02 3.575867673773783229e-03 1.348121235299741885e-02 1.566115307390764100e-02 7.973993689645282254e-03 3.386557032221053365e-02 1.072760302132134969e-02 1.374892437135481413e-02 1.319437804761449447e-03 1.363419064920164472e-02 3.007935749115594332e-02 1.076584759537240615e-02 4.149536284539631116e-03 3.769002772731618739e-02 6.310354718424323727e-04 5.832297542786117443e-03 3.635146763552921101e-02 6.329477005449851527e-03 2.046084711731523207e-03 2.160818433884692611e-03 1.524046275934601812e-02 7.094368486470981755e-03 1.654077827708193976e-02 1.394014724161009647e-02 1.065111387321923675e-02 6.444210727603020931e-03 1.107180418778085790e-02 1.478152787073334050e-02 1.141600535424036784e-02 1.589062051821397981e-02 5.641074672530835103e-03 9.006597189023806890e-03 1.267807629792523129e-02 2.262166555119992511e-02 9.197820059279089230e-03 6.176498709245625655e-03 1.089970360455110423e-03 8.509417726360072806e-03 5.335118080122382492e-03 2.028874653408547710e-02 8.471173152309016338e-03 
5.679319246581891571e-03 4.491825222296586678e-02 2.893202026962424581e-02 7.515058801032603771e-03 5.985275838990343315e-03 3.413328234056792893e-02 2.694330241896930947e-02 5.335118080122382492e-03 4.073047136437518180e-03 1.030691270675972854e-02 1.898843101634955371e-02 1.089970360455110423e-03 1.596710966631609274e-02 4.226025432641744052e-03 9.427287503585428038e-03 1.319437804761449447e-03 3.539535328425279931e-02 5.067406061764987216e-03 0.000000000000000000e+00 2.529878573477387788e-02 6.252987857347738591e-03 1.778372693374127497e-03 1.172196194664881959e-02 1.669375657328616563e-02 4.570226599101252264e-03 2.581508748446314193e-03 1.784109379481785967e-02 5.532077636485323302e-02 1.912228702552825433e-05 1.761162635051152087e-02 9.044841763074863358e-03 2.032699110813653356e-02 6.941390190266755883e-03 3.614112247824839697e-03 1.003920068840233326e-02 2.801415049239889057e-02 2.046084711731523207e-03 3.614112247824839697e-03 1.187494024285304546e-02 1.573764222200975393e-02 1.443732670427383055e-02 1.281193230710392979e-03 4.398126015871498158e-04 2.812888421455205998e-02 2.160818433884692611e-03 8.700640596615355146e-03 9.694999521942825049e-03 8.700640596615355146e-03 7.056123912419925287e-03 2.988813462090066098e-02 4.570226599101252264e-03 1.038340185486184147e-02 2.143608375561717114e-02 2.925709914905822839e-03 2.505019600344201257e-03 4.914427765560761344e-03 2.120661631131083233e-02 4.073047136437518180e-03 1.592886509226503627e-02 8.012238263696338722e-03 9.561143512764126490e-05 9.924466966249163857e-03 7.132613060522038223e-03 9.580265799789655645e-03 4.914427765560761344e-03 1.248685342766994895e-02 
2.564298690123338609e-02 2.950568888039009630e-02 3.436274978487426773e-02 3.115020556458552442e-02 4.379003728845969924e-03 3.906683239315422024e-02 4.111291710488574648e-03 2.732574815947987415e-02 1.091882589157663203e-02 1.118653790993402730e-02 2.977340089874749157e-02 5.258628932020269556e-03 1.963858877521751714e-02 3.422889377569557356e-03 1.395926952863562383e-03 2.040348025623864650e-02 2.090065971890238058e-02 6.635433597858304139e-03 2.529878573477387788e-02 0.000000000000000000e+00 3.417152691461898539e-02 2.369251362462950622e-02 3.422889377569557356e-03 1.378716894540587060e-02 2.587245434553972490e-02 1.944736590496223480e-02 1.229563055741466661e-02 3.715460369060139684e-02 2.044172483028970297e-02 8.050482837747395190e-03 3.375083660005736425e-02 1.830002868343053729e-02 2.239219810689358284e-02 1.663638971220958093e-03 1.357682378812505915e-03 2.313796730088918483e-03 4.455492876948082860e-03 2.327182331006788507e-02 3.834018548618414735e-02 1.615833253657137508e-02 5.143895209867100152e-03 8.222583420977149296e-04 1.634955540682665742e-02 5.985275838990343315e-03 2.327182331006788507e-02 4.608471173152308732e-03 5.679319246581891571e-03 4.264270006692800520e-03 1.338560091786977736e-04 1.317525576058896711e-02 1.623482168467348802e-02 2.533703030882493434e-02 1.478152787073334050e-02 1.233387513146572308e-02 1.688497944354144797e-02 3.346400229467444420e-03 1.472416100965675536e-03 1.221914140931255367e-02 2.200975236638301816e-02 8.700640596615355146e-03 6.023520413041399783e-03 9.503776651687540974e-03 1.569939764795869747e-02 2.166555119992350995e-02 1.912228702552825433e-05 2.097714886700449352e-02 
3.168562960130031497e-02 1.348121235299741885e-02 8.853618892819581018e-03 3.826369633808203441e-02 1.619657711062243155e-02 4.637154603690601257e-02 1.902667559040061018e-02 1.799407209102208555e-02 1.332823405679319298e-02 1.260158714982311835e-02 2.640787838225451892e-02 7.170857634573094691e-03 6.692800458934888407e-04 1.654077827708193976e-02 3.271823310067883961e-02 2.122573859833636143e-03 2.713452528922459181e-02 3.164738502724925850e-02 6.252987857347738591e-03 3.417152691461898539e-02 0.000000000000000000e+00 2.648436753035663185e-02 2.925709914905822839e-03 8.203461133951621062e-03 8.165216559900564594e-03 1.237211970551677954e-02 1.099531503967874496e-02 1.424610383401854821e-02 2.897026484367530227e-02 2.912324313987952815e-02 1.114829333588297083e-02 2.461038340185486145e-02 3.700162539439717097e-02 3.214456448991299259e-02 6.635433597858304139e-03 2.143608375561717114e-02 6.711922745960417075e-03 5.488096376326608364e-03 4.914427765560761344e-03 1.443732670427383055e-02 8.279950282053733998e-03 1.856774070178793257e-02 1.803231666507314201e-02 7.094368486470981755e-03 2.698154699302036594e-02 2.659910125250980126e-02 2.614016636389712364e-02 5.870542116837173911e-03 5.564585524428721300e-03 4.799694043407591940e-03 2.870255282531790700e-02 3.040443637058992243e-03 1.868247442394110197e-02 7.821015393441056382e-03 3.264174395257672667e-02 3.040443637058992243e-03 1.000095611435127679e-02 2.231570895879146990e-02 3.690601395926953066e-03 9.044841763074863358e-03 1.719093603594989972e-02 2.445740510565063558e-02 2.812888421455205998e-02 3.004111291710488685e-02 9.580265799789655645e-03 3.665742422793766275e-02 
8.088727411798451658e-03 4.379003728845969924e-03 3.830194091213309088e-02 2.246868725499569577e-02 1.013481212352997487e-03 1.459030500047805642e-02 2.619753322497370661e-03 1.394014724161009647e-02 2.005927908977913829e-02 3.193421933263218115e-03 8.987474901998278656e-04 2.155081747777034054e-02 1.566115307390764100e-02 2.935271058418586695e-02 2.965866717659432217e-02 4.340759154794913456e-03 9.962711540300220325e-03 4.292953437231093045e-02 1.778372693374127497e-03 2.369251362462950622e-02 2.648436753035663185e-02 0.000000000000000000e+00 2.772731618701596533e-03 2.839659623290945525e-02 1.099531503967874496e-02 3.308155655416387952e-03 1.256334257577206188e-02 2.619753322497370661e-03 1.252509800172100542e-02 4.445931733435318917e-02 2.147432832966822761e-02 1.701883545272014561e-03 4.204990916913663168e-02 2.350129075437422388e-02 2.619753322497370661e-03 9.962711540300220325e-03 1.791758294291997261e-02 6.692800458934888407e-04 1.608184338846926215e-02 2.007840137680466739e-03 2.963954488956879307e-03 1.416961468591643528e-02 4.837938617458648408e-03 1.994454536762596888e-02 5.220384357969213088e-03 8.318194856104790466e-03 7.017879338368868819e-03 4.518596424132326206e-02 6.750167320011473543e-03 5.947031264939286847e-03 4.799694043407591940e-03 8.050482837747395190e-03 8.471173152309016338e-03 5.182139783918156620e-03 1.394014724161009647e-02 1.401663638971220940e-02 1.338560091786977736e-04 7.515058801032603771e-03 1.298403289033368477e-02 3.558657615450808165e-02 2.887465340854766371e-03 1.030691270675972854e-02 3.612200019122287220e-02 7.285591356726264095e-03 4.379003728845969924e-03 3.443923893297638067e-02 
8.968352614972750422e-03 1.363419064920164472e-02 5.742422793766134570e-02 1.195142939095515840e-02 3.826369633808203441e-02 2.545176403097810375e-02 2.675207954871402713e-02 7.591547949134716707e-03 6.979634764317812351e-03 1.317525576058896711e-02 8.700640596615355146e-03 2.887465340854766371e-03 2.396022564298690150e-02 1.872071899799215844e-02 2.466775026293144789e-03 1.550817477770341339e-02 2.028874653408547710e-02 4.149536284539631116e-03 1.172196194664881959e-02 3.422889377569557356e-03 2.925709914905822839e-03 2.772731618701596533e-03 0.000000000000000000e+00 4.308251266851515632e-02 1.111004876183191437e-02 1.489626159288650990e-02 2.415144851324218384e-02 5.302610192178984494e-02 8.624151448513242210e-03 1.153073907639353725e-02 3.346400229467444420e-03 2.046084711731523207e-03 1.849125155368581963e-02 2.017401281193230769e-02 2.851132995506262466e-02 4.015680275360932936e-04 9.847977818147050921e-03 3.652356821875896165e-03 1.166459508557223359e-03 5.526340950377664832e-03 1.619657711062243155e-02 3.470695095133378288e-02 1.202791853905727133e-02 1.015393441055550267e-02 1.325174490869108004e-02 2.021225738598336416e-02 1.003920068840233326e-02 2.399847021703795796e-02 5.717563820632948039e-03 2.047996940434075944e-02 2.308060043981260273e-02 1.229563055741466661e-02 2.734487044650540065e-03 1.478152787073334050e-02 1.405488096376326587e-02 2.352041304139974951e-03 1.816617267425183965e-03 1.822353953532842435e-02 2.323357873601682860e-02 1.504923988909073578e-02 7.821015393441056382e-03 1.015393441055550267e-02 2.208624151448513109e-02 2.434267138349746618e-02 1.242948656659336511e-03 1.279281002007840069e-02 
1.122478248398508377e-02 4.608471173152308732e-03 1.241036427956783601e-02 3.881824266182235406e-03 5.092265034898173920e-02 1.229563055741466661e-02 2.399847021703795796e-02 2.021225738598336416e-02 1.906492016445167012e-02 2.778468304809255177e-02 1.721005832297542687e-04 6.100009561143512719e-03 1.952385505306434774e-02 8.968352614972750422e-03 1.371067979730375766e-02 4.790132899894827129e-02 3.417152691461898539e-02 1.615833253657137508e-02 1.669375657328616563e-02 1.378716894540587060e-02 8.203461133951621062e-03 2.839659623290945525e-02 4.308251266851515632e-02 0.000000000000000000e+00 9.236064633330145698e-03 2.147432832966822761e-02 2.132135003346400173e-02 1.875896357204321491e-02 3.432450521082321127e-02 7.859259967492112850e-03 1.650253370303088329e-02 1.615833253657137508e-02 1.061286929916818028e-02 2.250693182904675571e-02 1.003920068840233326e-02 2.313796730088918483e-03 1.721005832297542687e-04 4.398126015871498158e-04 3.002199063007935775e-03 1.854861841476240650e-03 1.443732670427383055e-02 1.076584759537240615e-02 1.730566975810306912e-02 2.273639927335309452e-02 4.226025432641744052e-03 3.040443637058992243e-03 3.958313414284348776e-03 1.852949612773687610e-02 8.318194856104790466e-03 5.870542116837173911e-03 8.126971985849508126e-03 7.782770819389999047e-03 8.853618892819581018e-03 1.516397361124390518e-02 3.497466296969117816e-02 7.285591356726264095e-03 1.787933836886891614e-02 2.594894349364183783e-02 1.822353953532842435e-02 1.363419064920164472e-02 1.721005832297542687e-04 2.629314466010134951e-02 1.328998948274213651e-02 2.246868725499569577e-02 3.652356821875896165e-03 8.987474901998278656e-04 
