0.000000000000000000e+00 1.699971316569461738e-02 7.438569652930490834e-03 4.761449469356535472e-03 6.291232431398795059e-03 1.313701118653791064e-02 8.279950282053733998e-03 2.874079739936896347e-02 4.073047136437518180e-03 9.542021225738599177e-03 2.319533416196577214e-02 2.428530452242088321e-03 2.147432832966822761e-02 9.886222392198107389e-03 2.124486088536188880e-02 1.443732670427383055e-02 2.772731618701596533e-03 4.531982025050195796e-03 1.359594607515058826e-02 7.859259967492112850e-03 8.241705708002677530e-03 2.734487044650540065e-03 1.107180418778085790e-02 7.840137680466583532e-04 2.657997896548427129e-03 1.432259298212066115e-02 1.319437804761449447e-03 2.151257290371928407e-02 2.549000860502916022e-02 2.376900277273161916e-02 3.879912037479682496e-02 2.352041304139974951e-03 9.197820059279089230e-03 8.700640596615355146e-03 2.223921981068935697e-02 1.319437804761449447e-03 2.581508748446314193e-03 6.482455301654077399e-03 3.002199063007935775e-03 1.478152787073334050e-02 4.264270006692800520e-03 1.721005832297542687e-04 2.392198106893584503e-02 6.558944449756191203e-03 1.684673486949039151e-02 2.313796730088918483e-03 1.868247442394110197e-02 1.600535424036714921e-02 2.963954488956879307e-03 8.585906874462185742e-03 1.091882589157663203e-02 8.050482837747395190e-03 1.256334257577206188e-02 2.581508748446314193e-03 2.526054116072282141e-02 9.752366383019409101e-04 9.083086337125919826e-03 1.409312553781432234e-02 6.941390190266755883e-03 2.422793766134429677e-02 6.291232431398795059e-03 1.688497944354144797e-02 4.398126015871498158e-04 2.243044268094463931e-02 4.187780858590687584e-03 2.734487044650540065e-03 
1.699971316569461738e-02 0.000000000000000000e+00 5.488096376326608364e-03 4.646715747203365200e-03 2.734487044650540065e-03 1.091882589157663203e-02 2.734487044650540065e-03 2.543264174395257725e-03 7.400325078879434366e-03 8.891863466870637486e-03 2.734487044650540065e-03 8.624151448513242210e-03 1.701883545272014561e-03 1.179845109475093252e-02 2.160818433884692611e-03 7.075246199445454172e-04 1.248685342766994895e-02 1.076584759537240615e-02 2.925709914905822839e-03 5.373362654173438960e-03 9.561143512764126490e-05 1.931350989578353586e-03 1.740128119323071029e-03 1.166459508557223359e-03 3.958313414284348776e-03 8.662396022564298678e-03 1.099531503967874496e-02 1.814705038722631142e-02 2.887465340854766371e-03 4.990916913662874280e-03 6.903145616215699415e-03 6.310354718424323727e-04 1.099531503967874496e-02 5.449851802275551896e-03 3.193421933263218115e-03 3.652356821875896165e-03 4.073047136437518180e-03 1.701883545272014561e-03 3.308155655416387952e-03 1.893106415527297118e-03 9.044841763074863358e-03 1.663638971220958093e-03 1.166459508557223359e-03 4.417248302897026392e-03 1.221914140931255367e-02 9.752366383019409101e-04 1.849125155368581963e-02 5.545463237403193283e-04 1.275456544602734422e-02 4.876183191509704876e-03 2.128310545941294527e-02 4.952672339611817812e-03 1.548905249067788472e-03 7.075246199445454172e-04 3.805335118080122470e-03 6.023520413041399783e-03 1.650253370303088329e-02 9.580265799789655645e-03 1.587149823118844940e-03 1.204704082608280043e-03 8.471173152309016338e-03 2.428530452242088321e-03 4.723204895305478136e-03 1.432259298212066115e-02 1.338560091786977736e-04 7.821015393441056382e-03 
7.438569652930490834e-03 5.488096376326608364e-03 0.000000000000000000e+00 1.183669566880198899e-02 7.247346782675207627e-03 8.509417726360072806e-03 5.832297542786117443e-03 2.772731618701596533e-03 1.195142939095515840e-02 6.100009561143512719e-03 1.013481212352997487e-03 1.242948656659336511e-03 1.740128119323071029e-03 5.258628932020269556e-03 2.275552156037862015e-03 1.432259298212066115e-02 1.625394397169901625e-03 8.624151448513242210e-03 3.461133951620613824e-03 4.837938617458648408e-03 9.503776651687540974e-03 1.233387513146572308e-02 5.679319246581891571e-03 1.089970360455110423e-03 8.126971985849508126e-03 2.485897313318673131e-04 1.677024572138827857e-02 1.703795773974567385e-02 1.019217898460655913e-02 6.023520413041399783e-03 4.034802562386461712e-03 2.543264174395257725e-03 1.202791853905727133e-02 5.947031264939286847e-03 1.328998948274213651e-02 6.864901042164642947e-03 2.390285878191031853e-03 1.470503872263122583e-02 1.279281002007840069e-02 1.363419064920164472e-02 9.274309207381202166e-03 5.258628932020269556e-03 4.608471173152308732e-03 1.711444688784778678e-02 2.925709914905822839e-03 1.587149823118844940e-03 7.935749115594225786e-03 2.046084711731523207e-03 5.258628932020269556e-03 2.505019600344201257e-03 7.668037097236829643e-03 1.722918061000095619e-02 4.952672339611817812e-03 5.545463237403193283e-04 4.149536284539631116e-03 7.553303375083660239e-03 3.499378525671670292e-03 8.088727411798451658e-03 2.925709914905822839e-03 1.089970360455110423e-03 4.455492876948082860e-03 1.118653790993402730e-02 5.927908977913757963e-04 8.547662300411129274e-03 1.424610383401854821e-02 7.285591356726264095e-03 
4.761449469356535472e-03 4.646715747203365200e-03 1.183669566880198899e-02 0.000000000000000000e+00 1.038340185486184147e-02 9.809733244095994453e-03 8.624151448513242210e-03 5.545463237403193283e-04 5.794052968735060975e-03 1.019217898460655913e-02 2.849220766803709903e-03 8.394684004206903402e-03 4.531982025050195796e-03 1.023042355865761560e-02 6.329477005449851527e-03 6.329477005449851527e-03 1.242948656659336511e-03 2.505019600344201257e-03 5.927908977913757963e-04 9.847977818147050921e-03 8.585906874462185742e-03 1.680849029543933504e-02 1.319437804761449447e-03 6.903145616215699415e-03 3.843579692131178938e-03 5.411607228224495428e-03 1.206616311310832780e-02 2.122573859833636143e-03 2.084329285782579675e-03 5.832297542786117443e-03 1.554641935175446986e-02 2.543264174395257725e-03 1.554641935175446986e-02 9.847977818147050921e-03 8.241705708002677530e-03 1.692322401759250444e-02 3.652356821875896165e-03 1.103355961372980143e-02 4.302514580743856988e-03 1.420785925996749174e-02 1.374892437135481413e-02 4.417248302897026392e-03 1.721005832297542687e-04 2.648436753035663185e-02 5.258628932020269556e-03 1.527870733339707458e-02 6.941390190266755883e-03 8.126971985849508126e-03 2.466775026293144789e-03 6.138254135194569187e-03 2.390285878191031853e-03 4.914427765560761344e-03 3.269911081365331484e-03 4.264270006692800520e-03 6.903145616215699415e-03 4.015680275360932936e-04 2.810976192752653001e-03 3.231666507314274583e-03 2.046084711731523207e-03 2.963954488956879307e-03 7.935749115594225786e-03 2.122573859833636143e-03 8.700640596615355146e-03 3.575867673773783229e-03 5.296873506071326024e-03 6.405966153551964463e-03 
6.291232431398795059e-03 2.734487044650540065e-03 7.247346782675207627e-03 1.038340185486184147e-02 0.000000000000000000e+00 1.772636007266469027e-02 7.821015393441056382e-03 1.076584759537240615e-02 1.663638971220958093e-03 9.561143512764126490e-05 2.346304618032316741e-02 8.050482837747395190e-03 7.840137680466583532e-04 1.359594607515058826e-02 9.542021225738599177e-03 4.799694043407591940e-03 3.633234534850368256e-04 7.973993689645282254e-03 9.389042929534371570e-03 9.733244095993881517e-03 5.679319246581891571e-03 1.778372693374127497e-03 9.580265799789655645e-03 5.220384357969213088e-03 2.734487044650540065e-03 9.580265799789655645e-03 4.952672339611817812e-03 3.308155655416387952e-03 5.449851802275551896e-03 2.887465340854766371e-03 9.083086337125919826e-03 1.089970360455110423e-03 8.777129744717468082e-03 2.466775026293144789e-03 1.168371737259776312e-02 3.633234534850368256e-04 1.221914140931255367e-02 1.382541351945692706e-02 9.389042929534371570e-03 6.100009561143512719e-03 8.241705708002677530e-03 4.531982025050195796e-03 6.291232431398795059e-03 1.357682378812505915e-03 2.887465340854766371e-03 1.493450616693756637e-02 1.319437804761449447e-03 2.887465340854766371e-03 1.283105459412945716e-02 1.061286929916818028e-02 3.384644803518500888e-03 4.837938617458648408e-03 3.767090544029066002e-03 4.264270006692800520e-03 9.886222392198107389e-03 1.780284922076680321e-02 1.271632087197628776e-02 3.346400229467444420e-03 7.553303375083660239e-03 6.444210727603020931e-03 1.015393441055550267e-02 1.248685342766994895e-02 1.548905249067788472e-03 1.051725786404053955e-03 1.673200114733722210e-02 1.128214934506166891e-03 
1.313701118653791064e-02 1.091882589157663203e-02 8.509417726360072806e-03 9.809733244095994453e-03 1.772636007266469027e-02 0.000000000000000000e+00 2.313796730088918483e-03 1.405488096376326587e-02 8.624151448513242210e-03 1.072760302132134969e-02 4.264270006692800520e-03 9.121330911176976294e-03 2.109188258915766293e-02 9.350798355483315102e-03 7.706281671287886111e-03 1.395926952863562383e-03 4.340759154794913456e-03 1.357682378812505915e-03 9.886222392198107389e-03 4.455492876948082860e-03 9.962711540300220325e-03 3.308155655416387952e-03 7.668037097236829643e-03 1.168371737259776312e-02 9.159575485228032762e-03 1.357682378812505915e-03 1.768811549861363380e-02 1.241036427956783601e-02 5.335118080122382492e-03 9.006597189023806890e-03 4.646715747203365200e-03 6.138254135194569187e-03 8.891863466870637486e-03 1.260158714982311835e-02 9.350798355483315102e-03 6.558944449756191203e-03 1.045989100296395441e-02 9.121330911176976294e-03 5.794052968735060975e-03 1.053638015106606735e-02 1.183669566880198899e-02 2.696242470599483597e-03 9.159575485228032762e-03 6.520699875705134735e-03 1.472416100965675536e-03 1.089970360455110423e-03 1.778372693374127497e-03 9.580265799789655645e-03 1.156898365044459372e-02 1.003920068840233326e-02 1.906492016445167012e-02 3.231666507314274583e-03 6.979634764317812351e-03 8.318194856104790466e-03 1.089970360455110423e-03 1.357682378812505915e-03 1.042164642891289794e-02 6.176498709245625655e-03 8.853618892819581018e-03 3.040443637058992243e-03 4.417248302897026392e-03 6.941390190266755883e-03 1.893106415527297118e-03 5.411607228224495428e-03 1.179845109475093252e-02 7.744526245338942579e-03 
8.279950282053733998e-03 2.734487044650540065e-03 5.832297542786117443e-03 8.624151448513242210e-03 7.821015393441056382e-03 2.313796730088918483e-03 0.000000000000000000e+00 1.166459508557223359e-03 1.149249450234248078e-02 2.581508748446314193e-03 4.990916913662874280e-03 2.120661631131083233e-02 1.279281002007840069e-02 2.472511712400803086e-02 4.340759154794913456e-03 1.260158714982311835e-02 2.181852949612773582e-02 4.876183191509704876e-03 1.118653790993402730e-02 3.231666507314274583e-03 2.466775026293144789e-03 1.068935844727029322e-02 6.367721579500907995e-03 5.717563820632948039e-03 1.034515728081078501e-02 1.298403289033368477e-02 1.122478248398508377e-02 3.996557988335405244e-03 4.780571756382063380e-04 1.852949612773687610e-02 3.767090544029066002e-03 4.073047136437518180e-03 1.627306625872454449e-02 4.493737450999139328e-03 7.859259967492112850e-03 4.455492876948082860e-03 1.045989100296395441e-02 1.382541351945692706e-02 3.881824266182235406e-03 1.994454536762596888e-02 8.777129744717468082e-03 1.443732670427383055e-02 1.455206042642699996e-02 2.849220766803709903e-03 9.427287503585428038e-03 3.537623099722726761e-03 1.114829333588297083e-02 7.400325078879434366e-03 1.401663638971220940e-02 7.840137680466583532e-04 3.384644803518500888e-03 1.912228702552825433e-05 1.118653790993402730e-02 1.089970360455110423e-03 2.522229658667176494e-02 1.615833253657137508e-02 8.930108040921693954e-03 9.006597189023806890e-03 1.455206042642699996e-02 1.416961468591643528e-02 2.868343053829237811e-04 1.910316473850272659e-02 6.329477005449851527e-03 1.172196194664881959e-02 9.694999521942825049e-03 3.231666507314274583e-03 
2.874079739936896347e-02 2.543264174395257725e-03 2.772731618701596533e-03 5.545463237403193283e-04 1.076584759537240615e-02 1.405488096376326587e-02 1.166459508557223359e-03 0.000000000000000000e+00 7.056123912419925287e-03 6.329477005449851527e-03 3.046180323166650800e-02 9.427287503585428038e-03 3.007935749115594332e-02 7.782770819389999047e-03 2.254517640309781218e-02 1.363419064920164472e-02 6.979634764317812351e-03 8.853618892819581018e-03 2.046084711731523207e-03 1.013481212352997487e-03 1.080409216942346262e-02 1.204704082608280043e-03 2.243044268094463931e-02 1.309876661248685417e-02 3.805335118080122470e-03 4.837938617458648408e-03 1.740128119323071029e-03 9.083086337125919826e-03 8.930108040921693954e-03 2.728750358542881768e-02 9.752366383019409101e-04 1.076584759537240615e-02 3.581604359881442046e-02 2.430442680944640971e-02 7.438569652930490834e-03 1.355770150109953179e-02 4.073047136437518180e-03 9.369920642508844421e-04 3.231666507314274583e-03 8.605029161487713976e-04 3.499378525671670292e-03 1.608184338846926215e-02 5.335118080122382492e-03 1.979156707142174301e-02 8.050482837747395190e-03 1.688497944354144797e-02 3.652356821875896165e-03 3.608375561717181573e-02 1.149249450234248078e-02 3.344488000764891250e-02 1.527870733339707458e-02 2.084329285782579675e-03 5.182139783918156620e-03 1.149249450234248078e-02 8.356439430155846934e-03 3.920068840233292308e-03 7.821015393441056382e-03 8.088727411798451658e-03 2.925709914905822839e-03 8.126971985849508126e-03 2.002103451572808182e-02 5.258628932020269556e-03 1.826178410937948082e-02 6.558944449756191203e-03 1.051725786404053955e-03 2.246868725499569577e-02 
4.073047136437518180e-03 7.400325078879434366e-03 1.195142939095515840e-02 5.794052968735060975e-03 1.663638971220958093e-03 8.624151448513242210e-03 1.149249450234248078e-02 7.056123912419925287e-03 0.000000000000000000e+00 8.624151448513242210e-03 1.336647863084424945e-02 6.864901042164642947e-03 4.149536284539631116e-03 8.662396022564298678e-03 8.279950282053733998e-03 6.214743283296682123e-03 1.045989100296395441e-02 1.030691270675972854e-02 1.474328329668228403e-02 1.898843101634955371e-02 4.531982025050195796e-03 3.690601395926953066e-03 6.520699875705134735e-03 4.799694043407591940e-03 4.493737450999139328e-03 1.357682378812505915e-03 6.291232431398795059e-03 5.985275838990343315e-03 2.352041304139974951e-03 1.275456544602734422e-02 7.457691939956018852e-04 1.359594607515058826e-02 7.017879338368868819e-03 2.313796730088918483e-03 8.700640596615355146e-03 8.394684004206903402e-03 1.057462472511712381e-02 1.623482168467348802e-02 7.553303375083660239e-03 8.891863466870637486e-03 6.367721579500907995e-03 1.596710966631609274e-02 8.968352614972750422e-03 2.734487044650540065e-03 4.723204895305478136e-03 9.369920642508844421e-04 8.662396022564298678e-03 1.137776078018931138e-02 1.508748446314179224e-02 2.200975236638301816e-02 1.166459508557223359e-03 5.736686107658475623e-05 4.149536284539631116e-03 1.395926952863562383e-03 1.470503872263122583e-02 2.633138923415240598e-02 1.474328329668228403e-02 5.105650635816043684e-03 2.505019600344201257e-03 9.236064633330145698e-03 1.608184338846926215e-02 1.130127163208719844e-02 3.308155655416387952e-03 1.214265226121044074e-02 1.434171526914619068e-03 7.075246199445454172e-04 
9.542021225738599177e-03 8.891863466870637486e-03 6.100009561143512719e-03 1.019217898460655913e-02 9.561143512764126490e-05 1.072760302132134969e-02 2.581508748446314193e-03 6.329477005449851527e-03 8.624151448513242210e-03 0.000000000000000000e+00 1.133951620613825491e-02 5.029161487713930748e-03 3.881824266182235406e-03 1.661726742518405270e-02 6.310354718424323727e-04 1.007744526245338973e-02 6.444210727603020931e-03 1.275456544602734422e-02 3.537623099722726761e-03 1.573764222200975393e-02 1.535519648149918752e-02 6.864901042164642947e-03 2.466775026293144789e-03 1.176020652069987606e-02 3.958313414284348776e-03 1.145424992829142431e-02 1.202791853905727133e-02 6.444210727603020931e-03 6.826656468113586479e-03 5.143895209867100152e-03 3.652356821875896165e-03 8.547662300411129274e-03 2.963954488956879307e-03 2.281288842145520745e-02 7.362080504828377898e-03 4.417248302897026392e-03 1.141600535424036784e-02 1.883545272014532784e-02 2.428530452242088321e-03 2.097714886700449352e-02 3.250788794339803034e-04 1.319437804761449447e-03 7.897504541543169318e-03 1.470503872263122583e-02 4.608471173152308732e-03 4.264270006692800520e-03 8.547662300411129274e-03 1.007744526245338973e-02 5.220384357969213088e-03 2.313796730088918483e-03 5.908786690888230379e-03 5.602830098479777768e-03 6.635433597858304139e-03 6.252987857347738591e-03 8.222583420977149296e-04 8.547662300411129274e-03 2.963954488956879307e-03 1.191318481690410193e-02 9.236064633330145698e-03 1.382541351945692706e-02 2.619753322497370661e-03 7.132613060522038223e-03 1.229563055741466661e-02 5.794052968735060975e-03 1.715269146189884325e-02 5.870542116837173911e-03 
2.319533416196577214e-02 2.734487044650540065e-03 1.013481212352997487e-03 2.849220766803709903e-03 2.346304618032316741e-02 4.264270006692800520e-03 4.990916913662874280e-03 3.046180323166650800e-02 1.336647863084424945e-02 1.133951620613825491e-02 0.000000000000000000e+00 1.242948656659336511e-03 1.841476240558370669e-02 2.046084711731523207e-03 4.111291710488574648e-03 1.432259298212066115e-02 5.717563820632948039e-03 1.263983172387417482e-02 6.673678171909360607e-03 5.296873506071326024e-03 2.772731618701596533e-03 3.384644803518500888e-03 1.210440768715938427e-02 4.302514580743856988e-03 1.688497944354144797e-02 2.485897313318673131e-04 1.434171526914619068e-03 9.542021225738599177e-03 4.187780858590687584e-03 1.122478248398508377e-02 1.378716894540587060e-02 3.461133951620613824e-03 2.868343053829237811e-04 1.587149823118844940e-03 3.078688211110048711e-03 4.226025432641744052e-03 1.321350033464002358e-02 5.163017496892628603e-04 2.849220766803709903e-03 1.357682378812505915e-03 2.996462376900277391e-02 9.044841763074863358e-03 9.236064633330145698e-03 1.007744526245338973e-02 6.367721579500907995e-03 1.436083755617171762e-02 6.100009561143512719e-03 1.701883545272014561e-03 3.000286834305383038e-02 1.367243522325270119e-02 1.443732670427383055e-02 1.912228702552825433e-05 5.258628932020269556e-03 1.336647863084424945e-02 1.520221818529496165e-02 2.070943684864709824e-02 2.040348025623864650e-02 4.398126015871498158e-04 3.193421933263218115e-03 1.204704082608280043e-03 6.941390190266755883e-03 3.231666507314274583e-03 5.602830098479777768e-03 1.432259298212066115e-02 6.558944449756191203e-03 7.056123912419925287e-03 
2.428530452242088321e-03 8.624151448513242210e-03 1.242948656659336511e-03 8.394684004206903402e-03 8.050482837747395190e-03 9.121330911176976294e-03 2.120661631131083233e-02 9.427287503585428038e-03 6.864901042164642947e-03 5.029161487713930748e-03 1.242948656659336511e-03 0.000000000000000000e+00 4.417248302897026392e-03 6.367721579500907995e-03 4.608471173152308732e-03 4.264270006692800520e-03 5.832297542786117443e-03 5.449851802275551896e-03 9.236064633330145698e-03 5.373362654173438960e-03 8.432928578257959870e-03 9.771488670044937985e-03 9.389042929534371570e-03 1.550817477770341339e-02 2.466775026293144789e-03 1.319437804761449447e-03 1.166459508557223359e-03 9.159575485228032762e-03 1.267807629792523129e-02 7.476814226981547302e-03 7.075246199445454172e-04 4.914427765560761344e-03 4.761449469356535472e-03 8.356439430155846934e-03 4.379003728845969924e-03 1.701883545272014561e-03 9.083086337125919826e-03 3.116932785161105179e-03 6.826656468113586479e-03 4.780571756382063380e-04 1.204704082608280043e-03 8.987474901998278656e-04 1.510660675016732004e-03 5.182139783918156620e-03 1.237211970551677954e-02 7.973993689645282254e-03 8.318194856104790466e-03 1.394014724161009647e-02 2.810976192752653001e-03 5.832297542786117443e-03 3.193421933263218115e-03 1.696146859164356091e-02 1.030691270675972854e-02 3.002199063007935775e-03 9.580265799789655645e-03 2.007840137680466739e-03 1.472416100965675536e-03 2.275552156037862015e-03 9.236064633330145698e-03 4.761449469356535472e-03 6.329477005449851527e-03 2.619753322497370661e-03 5.449851802275551896e-03 1.740128119323071029e-03 1.816617267425183965e-03 7.132613060522038223e-03 
2.147432832966822761e-02 1.701883545272014561e-03 1.740128119323071029e-03 4.531982025050195796e-03 7.840137680466583532e-04 2.109188258915766293e-02 1.279281002007840069e-02 3.007935749115594332e-02 4.149536284539631116e-03 3.881824266182235406e-03 1.841476240558370669e-02 4.417248302897026392e-03 0.000000000000000000e+00 1.967683334926857361e-02 3.231666507314274583e-03 1.076584759537240615e-02 4.876183191509704876e-03 3.193421933263218115e-03 1.680849029543933504e-02 4.398126015871498158e-04 1.818529496127736789e-02 1.321350033464002358e-02 4.837938617458648408e-03 2.103451572808107909e-04 9.083086337125919826e-03 1.902667559040061018e-02 3.250788794339803034e-04 4.417248302897026392e-03 7.668037097236829643e-03 1.233387513146572308e-02 1.382541351945692706e-02 1.128214934506166891e-03 3.652356821875896165e-03 1.810880581317525495e-02 1.263983172387417482e-02 3.537623099722726761e-03 1.830002868343053729e-02 1.975332249737068654e-02 3.843579692131178938e-03 2.614016636389712364e-02 3.537623099722726761e-03 5.908786690888230379e-03 1.799407209102208555e-02 9.236064633330145698e-03 2.155081747777034054e-02 4.780571756382063380e-04 2.866430825126685053e-02 1.592886509226503627e-02 1.089970360455110423e-03 4.914427765560761344e-03 1.715269146189884325e-02 9.427287503585428038e-03 1.244860885361889248e-02 1.290754374223157010e-02 5.143895209867100152e-03 1.091882589157663203e-02 3.384644803518500888e-03 2.308060043981260273e-02 2.308060043981260273e-02 1.447557127832488702e-02 8.585906874462185742e-03 2.549000860502916022e-02 1.684673486949039151e-02 1.887369729419638431e-02 6.252987857347738591e-03 8.968352614972750422e-03 
9.886222392198107389e-03 1.179845109475093252e-02 5.258628932020269556e-03 1.023042355865761560e-02 1.359594607515058826e-02 9.350798355483315102e-03 2.472511712400803086e-02 7.782770819389999047e-03 8.662396022564298678e-03 1.661726742518405270e-02 2.046084711731523207e-03 6.367721579500907995e-03 1.967683334926857361e-02 0.000000000000000000e+00 6.482455301654077399e-03 1.045989100296395441e-02 1.103355961372980143e-02 1.893106415527297118e-03 9.083086337125919826e-03 3.767090544029066002e-03 2.199063007935749079e-03 1.608184338846926215e-02 1.707620231379673031e-02 1.680849029543933504e-02 1.386365809350798353e-02 4.455492876948082860e-03 1.912228702552825433e-05 1.218089683526149720e-02 1.099531503967874496e-02 7.897504541543169318e-03 4.015680275360932936e-04 7.591547949134716707e-03 8.012238263696338722e-03 1.195142939095515840e-02 1.149249450234248078e-02 5.143895209867100152e-03 7.744526245338942579e-03 2.925709914905822839e-03 4.187780858590687584e-03 5.449851802275551896e-03 1.409312553781432234e-02 3.499378525671670292e-03 6.329477005449851527e-03 8.241705708002677530e-03 5.755808394684004507e-03 1.512572903719284871e-02 4.111291710488574648e-03 2.361602447652739328e-02 3.499378525671670292e-03 1.994454536762596888e-02 5.985275838990343315e-03 1.172196194664881959e-02 4.799694043407591940e-03 5.602830098479777768e-03 7.859259967492112850e-03 2.925709914905822839e-03 1.166459508557223359e-03 5.296873506071326024e-03 8.165216559900564594e-03 2.007840137680466739e-03 6.252987857347738591e-03 8.624151448513242210e-03 1.703795773974567385e-02 1.357682378812505915e-03 1.306052203843579770e-02 1.646428912897982683e-02 
2.124486088536188880e-02 2.160818433884692611e-03 2.275552156037862015e-03 6.329477005449851527e-03 9.542021225738599177e-03 7.706281671287886111e-03 4.340759154794913456e-03 2.254517640309781218e-02 8.279950282053733998e-03 6.310354718424323727e-04 4.111291710488574648e-03 4.608471173152308732e-03 3.231666507314274583e-03 6.482455301654077399e-03 0.000000000000000000e+00 6.367721579500907995e-03 1.057462472511712381e-02 2.505019600344201257e-03 1.581413137011186687e-02 1.057462472511712381e-02 3.116932785161105179e-03 4.264270006692800520e-03 4.780571756382063380e-04 8.012238263696338722e-03 8.126971985849508126e-03 1.084233674347451909e-02 3.996557988335405244e-03 5.105650635816043684e-03 4.914427765560761344e-03 2.854957452911368113e-02 6.941390190266755883e-03 8.394684004206903402e-03 2.939095515823692342e-02 6.061764987092456251e-03 1.042164642891289794e-02 2.122573859833636143e-03 8.241705708002677530e-03 5.870542116837173911e-03 4.340759154794913456e-03 1.019217898460655913e-02 2.160818433884692611e-03 4.034802562386461712e-03 2.311884501386365920e-02 1.816617267425183965e-03 4.876183191509704876e-03 1.734391433215412559e-02 8.777129744717468082e-03 1.204704082608280043e-03 6.252987857347738591e-03 3.767090544029066002e-03 1.225738598336361014e-02 3.996557988335405244e-03 1.661726742518405270e-02 7.438569652930490834e-03 1.156898365044459372e-02 5.029161487713930748e-03 9.656754947891768581e-03 1.409312553781432234e-02 8.987474901998278656e-04 1.550817477770341339e-02 1.204704082608280043e-03 1.416961468591643528e-02 1.076584759537240615e-02 1.504923988909073578e-02 3.193421933263218115e-03 9.274309207381202166e-03 
1.443732670427383055e-02 7.075246199445454172e-04 1.432259298212066115e-02 6.329477005449851527e-03 4.799694043407591940e-03 1.395926952863562383e-03 1.260158714982311835e-02 1.363419064920164472e-02 6.214743283296682123e-03 1.007744526245338973e-02 1.432259298212066115e-02 4.264270006692800520e-03 1.076584759537240615e-02 1.045989100296395441e-02 6.367721579500907995e-03 0.000000000000000000e+00 1.917965388660483952e-02 2.084329285782579675e-03 3.269911081365331484e-03 1.191318481690410193e-02 4.455492876948082860e-03 1.397839181566115294e-02 3.614112247824839697e-03 1.328998948274213651e-02 1.000095611435127679e-02 1.854861841476240650e-03 4.226025432641744052e-03 8.394684004206903402e-03 9.369920642508844421e-04 1.072760302132134969e-02 3.996557988335405244e-03 2.120661631131083233e-02 7.132613060522038223e-03 3.652356821875896165e-03 2.103451572808107909e-04 1.107180418778085790e-02 2.103451572808107909e-04 3.996557988335405244e-03 2.466775026293144789e-03 1.051725786404053955e-03 9.809733244095994453e-03 8.853618892819581018e-03 2.122573859833636143e-03 9.044841763074863358e-03 6.597189023807247671e-03 7.457691939956018852e-04 2.046084711731523207e-03 1.202791853905727133e-02 1.472416100965675536e-03 5.220384357969213088e-03 1.007744526245338973e-02 1.558466392580552633e-02 1.569939764795869747e-02 1.166459508557223359e-03 2.390285878191031853e-03 1.089970360455110423e-03 2.084329285782579675e-03 7.094368486470981755e-03 8.050482837747395190e-03 7.170857634573094691e-03 7.629792523185773175e-03 2.619753322497370661e-03 1.000095611435127679e-02 1.023042355865761560e-02 1.145424992829142431e-02 5.143895209867100152e-03 
2.772731618701596533e-03 1.248685342766994895e-02 1.625394397169901625e-03 1.242948656659336511e-03 3.633234534850368256e-04 4.340759154794913456e-03 2.181852949612773582e-02 6.979634764317812351e-03 1.045989100296395441e-02 6.444210727603020931e-03 5.717563820632948039e-03 5.832297542786117443e-03 4.876183191509704876e-03 1.103355961372980143e-02 1.057462472511712381e-02 1.917965388660483952e-02 0.000000000000000000e+00 5.736686107658475623e-05 5.679319246581891571e-03 1.089970360455110423e-03 3.805335118080122470e-03 2.887465340854766371e-03 6.750167320011473543e-03 5.526340950377664832e-03 5.335118080122382492e-03 1.133951620613825491e-02 3.728845969978009534e-03 5.029161487713930748e-03 6.711922745960417075e-03 1.160722822449565018e-02 3.537623099722726761e-03 3.843579692131178938e-03 6.329477005449851527e-03 2.352041304139974951e-03 1.187494024285304546e-02 1.011568983650444620e-02 1.510660675016732004e-03 2.208624151448513109e-02 2.199063007935749079e-03 1.852949612773687610e-02 1.141600535424036784e-02 6.711922745960417075e-03 9.771488670044937985e-03 1.095707046562768849e-02 1.569939764795869747e-02 8.088727411798451658e-03 1.466679414858016936e-02 1.338560091786977736e-04 1.546993020365235692e-02 6.252987857347738591e-03 1.298403289033368477e-02 6.061764987092456251e-03 1.072760302132134969e-02 6.138254135194569187e-03 1.524046275934601812e-02 1.244860885361889248e-02 1.642604455492877036e-02 7.400325078879434366e-03 1.527870733339707458e-02 1.891194186824744078e-02 1.281193230710392979e-03 1.275456544602734422e-02 3.614112247824839697e-03 1.229563055741466661e-02 7.438569652930490834e-03 3.193421933263218115e-03 
4.531982025050195796e-03 1.076584759537240615e-02 8.624151448513242210e-03 2.505019600344201257e-03 7.973993689645282254e-03 1.357682378812505915e-03 4.876183191509704876e-03 8.853618892819581018e-03 1.030691270675972854e-02 1.275456544602734422e-02 1.263983172387417482e-02 5.449851802275551896e-03 3.193421933263218115e-03 1.893106415527297118e-03 2.505019600344201257e-03 2.084329285782579675e-03 5.736686107658475623e-05 0.000000000000000000e+00 3.461133951620613824e-03 7.323835930777320563e-03 1.051725786404053955e-03 4.914427765560761344e-03 5.870542116837173911e-03 7.515058801032603771e-03 5.908786690888230379e-03 2.505019600344201257e-03 2.237307581986805547e-03 6.597189023807247671e-03 2.122573859833636143e-03 4.723204895305478136e-03 1.451381585237594349e-02 1.390190266755904000e-02 5.220384357969213088e-03 3.881824266182235406e-03 1.072760302132134969e-02 9.542021225738599177e-03 1.721005832297542687e-04 3.269911081365331484e-03 5.296873506071326024e-03 6.405966153551964463e-03 8.624151448513242210e-03 5.717563820632948039e-03 1.359594607515058826e-02 1.053638015106606735e-02 1.068935844727029322e-02 9.159575485228032762e-03 1.160722822449565018e-02 1.459030500047805642e-02 9.752366383019409101e-04 6.597189023807247671e-03 3.231666507314274583e-03 5.220384357969213088e-03 1.386365809350798353e-02 3.575867673773783229e-03 1.267807629792523129e-02 4.226025432641744052e-03 3.346400229467444420e-03 4.493737450999139328e-03 5.296873506071326024e-03 4.493737450999139328e-03 4.723204895305478136e-03 1.103355961372980143e-02 4.837938617458648408e-03 7.075246199445454172e-04 1.302227746438474124e-02 8.279950282053733998e-03 
1.359594607515058826e-02 2.925709914905822839e-03 3.461133951620613824e-03 5.927908977913757963e-04 9.389042929534371570e-03 9.886222392198107389e-03 1.118653790993402730e-02 2.046084711731523207e-03 1.474328329668228403e-02 3.537623099722726761e-03 6.673678171909360607e-03 9.236064633330145698e-03 1.680849029543933504e-02 9.083086337125919826e-03 1.581413137011186687e-02 3.269911081365331484e-03 5.679319246581891571e-03 3.461133951620613824e-03 0.000000000000000000e+00 1.045989100296395441e-02 3.805335118080122470e-03 6.367721579500907995e-03 4.034802562386461712e-03 7.821015393441056382e-03 4.608471173152308732e-03 9.389042929534371570e-03 5.488096376326608364e-03 2.925709914905822839e-03 3.633234534850368256e-04 1.401663638971220940e-02 2.734487044650540065e-03 4.799694043407591940e-03 1.091882589157663203e-02 7.973993689645282254e-03 5.296873506071326024e-03 1.179845109475093252e-02 7.821015393441056382e-03 1.309876661248685417e-02 7.017879338368868819e-03 4.837938617458648408e-03 2.868343053829237811e-04 1.969595563629410271e-03 3.002199063007935775e-03 5.296873506071326024e-03 1.424610383401854821e-02 5.717563820632948039e-03 1.569939764795869747e-02 8.165216559900564594e-03 3.958313414284348776e-03 6.788411894062530011e-03 7.859259967492112850e-03 1.053638015106606735e-02 9.694999521942825049e-03 1.309876661248685417e-02 4.340759154794913456e-03 1.663638971220958093e-03 6.673678171909360607e-03 1.023042355865761560e-02 1.214265226121044074e-02 4.111291710488574648e-03 7.017879338368868819e-03 1.447557127832488702e-02 3.384644803518500888e-03 7.170857634573094691e-03 5.679319246581891571e-03 4.398126015871498158e-04 
7.859259967492112850e-03 5.373362654173438960e-03 4.837938617458648408e-03 9.847977818147050921e-03 9.733244095993881517e-03 4.455492876948082860e-03 3.231666507314274583e-03 1.013481212352997487e-03 1.898843101634955371e-02 1.573764222200975393e-02 5.296873506071326024e-03 5.373362654173438960e-03 4.398126015871498158e-04 3.767090544029066002e-03 1.057462472511712381e-02 1.191318481690410193e-02 1.089970360455110423e-03 7.323835930777320563e-03 1.045989100296395441e-02 0.000000000000000000e+00 6.329477005449851527e-03 1.338560091786977736e-04 1.260158714982311835e-02 8.432928578257959870e-03 6.864901042164642947e-03 1.351945692704847532e-02 1.956209962711540420e-02 1.489626159288650990e-02 1.007744526245338973e-02 1.340472320489530592e-02 6.826656468113586479e-03 1.130127163208719844e-02 1.210440768715938427e-02 7.017879338368868819e-03 6.214743283296682123e-03 1.011568983650444620e-02 4.799694043407591940e-03 2.485897313318673131e-04 1.510660675016732004e-03 7.075246199445454172e-04 1.049813557701501088e-02 4.015680275360932936e-04 1.650253370303088329e-02 4.226025432641744052e-03 4.723204895305478136e-03 1.013481212352997487e-03 9.733244095993881517e-03 9.197820059279089230e-03 6.826656468113586479e-03 9.809733244095994453e-03 1.128214934506166891e-03 2.619753322497370661e-03 6.138254135194569187e-03 9.847977818147050921e-03 3.269911081365331484e-03 5.258628932020269556e-03 3.384644803518500888e-03 6.864901042164642947e-03 1.084233674347451909e-02 4.723204895305478136e-03 1.204704082608280043e-03 8.126971985849508126e-03 5.449851802275551896e-03 6.692800458934888407e-04 1.562290849985658280e-02 8.815374318768524550e-03 
8.241705708002677530e-03 9.561143512764126490e-05 9.503776651687540974e-03 8.585906874462185742e-03 5.679319246581891571e-03 9.962711540300220325e-03 2.466775026293144789e-03 1.080409216942346262e-02 4.531982025050195796e-03 1.535519648149918752e-02 2.772731618701596533e-03 8.432928578257959870e-03 1.818529496127736789e-02 2.199063007935749079e-03 3.116932785161105179e-03 4.455492876948082860e-03 3.805335118080122470e-03 1.051725786404053955e-03 3.805335118080122470e-03 6.329477005449851527e-03 0.000000000000000000e+00 1.202791853905727133e-02 1.242948656659336511e-03 3.881824266182235406e-03 3.461133951620613824e-03 7.668037097236829643e-03 7.744526245338942579e-03 1.740128119323071029e-03 1.912228702552825433e-05 1.051725786404053955e-03 2.199063007935749079e-03 2.485897313318673131e-04 6.750167320011473543e-03 1.818529496127736789e-02 6.444210727603020931e-03 1.382541351945692706e-02 1.176020652069987606e-02 8.585906874462185742e-03 3.384644803518500888e-03 1.336647863084424945e-02 8.318194856104790466e-03 2.696242470599483597e-03 7.323835930777320563e-03 2.212448608853618756e-02 1.095707046562768849e-02 8.318194856104790466e-03 9.580265799789655645e-03 1.589062051821397981e-02 8.987474901998278656e-04 6.138254135194569187e-03 5.755808394684004507e-03 9.542021225738599177e-03 2.868343053829237811e-04 5.717563820632948039e-03 8.662396022564298678e-03 4.340759154794913456e-03 2.696242470599483597e-03 9.656754947891768581e-03 6.023520413041399783e-03 8.222583420977149296e-04 8.356439430155846934e-03 6.023520413041399783e-03 1.355770150109953179e-02 9.752366383019409101e-04 3.614112247824839697e-03 1.122478248398508377e-02 
2.734487044650540065e-03 1.931350989578353586e-03 1.233387513146572308e-02 1.680849029543933504e-02 1.778372693374127497e-03 3.308155655416387952e-03 1.068935844727029322e-02 1.204704082608280043e-03 3.690601395926953066e-03 6.864901042164642947e-03 3.384644803518500888e-03 9.771488670044937985e-03 1.321350033464002358e-02 1.608184338846926215e-02 4.264270006692800520e-03 1.397839181566115294e-02 2.887465340854766371e-03 4.914427765560761344e-03 6.367721579500907995e-03 1.338560091786977736e-04 1.202791853905727133e-02 0.000000000000000000e+00 9.580265799789655645e-03 1.107180418778085790e-02 1.696146859164356091e-02 1.003920068840233326e-02 1.931350989578353586e-03 2.581508748446314193e-03 5.067406061764987216e-03 4.837938617458648408e-03 2.849220766803709903e-03 2.017401281193230769e-02 7.170857634573094691e-03 1.183669566880198899e-02 1.443732670427383055e-02 4.990916913662874280e-03 1.294578831628262656e-02 1.281193230710392979e-03 7.935749115594225786e-03 3.614112247824839697e-03 1.000095611435127679e-02 1.558466392580552633e-02 1.321350033464002358e-02 1.168371737259776312e-02 6.252987857347738591e-03 1.852949612773687610e-02 8.891863466870637486e-03 8.394684004206903402e-03 7.323835930777320563e-03 9.656754947891768581e-03 1.931350989578353586e-03 1.302227746438474124e-02 4.379003728845969924e-03 1.145424992829142431e-02 1.701883545272014561e-03 2.505019600344201257e-03 7.744526245338942579e-03 1.891194186824744078e-02 7.840137680466583532e-04 6.635433597858304139e-03 2.403671479108901443e-02 6.826656468113586479e-03 3.728845969978009534e-03 2.025050196003442063e-02 2.485897313318673131e-04 5.526340950377664832e-03 
1.107180418778085790e-02 1.740128119323071029e-03 5.679319246581891571e-03 1.319437804761449447e-03 9.580265799789655645e-03 7.668037097236829643e-03 6.367721579500907995e-03 2.243044268094463931e-02 6.520699875705134735e-03 2.466775026293144789e-03 1.210440768715938427e-02 9.389042929534371570e-03 4.837938617458648408e-03 1.707620231379673031e-02 4.780571756382063380e-04 3.614112247824839697e-03 6.750167320011473543e-03 5.870542116837173911e-03 4.034802562386461712e-03 1.260158714982311835e-02 1.242948656659336511e-03 9.580265799789655645e-03 0.000000000000000000e+00 1.286929916818051363e-02 2.734487044650540065e-03 7.400325078879434366e-03 7.094368486470981755e-03 8.547662300411129274e-03 7.170857634573094691e-03 1.038340185486184147e-02 1.527870733339707458e-02 1.225738598336361014e-02 1.191318481690410193e-02 5.564585524428721300e-03 6.291232431398795059e-03 2.466775026293144789e-03 1.128214934506166891e-03 7.973993689645282254e-03 1.051725786404053955e-03 1.128214934506166891e-03 4.646715747203365200e-03 7.438569652930490834e-03 1.816617267425183965e-03 1.007744526245338973e-02 5.258628932020269556e-03 2.428530452242088321e-03 2.084329285782579675e-03 1.740128119323071029e-03 8.891863466870637486e-03 1.242948656659336511e-03 9.369920642508844421e-04 1.271632087197628776e-02 1.111004876183191437e-02 1.013481212352997487e-03 9.159575485228032762e-03 1.019217898460655913e-02 4.264270006692800520e-03 5.105650635816043684e-03 1.042164642891289794e-02 5.736686107658475623e-05 1.176020652069987606e-02 4.187780858590687584e-03 9.561143512764126490e-05 1.753513720240940793e-02 1.267807629792523129e-02 3.078688211110048711e-03 
7.840137680466583532e-04 1.166459508557223359e-03 1.089970360455110423e-03 6.903145616215699415e-03 5.220384357969213088e-03 1.168371737259776312e-02 5.717563820632948039e-03 1.309876661248685417e-02 4.799694043407591940e-03 1.176020652069987606e-02 4.302514580743856988e-03 1.550817477770341339e-02 2.103451572808107909e-04 1.680849029543933504e-02 8.012238263696338722e-03 1.328998948274213651e-02 5.526340950377664832e-03 7.515058801032603771e-03 7.821015393441056382e-03 8.432928578257959870e-03 3.881824266182235406e-03 1.107180418778085790e-02 1.286929916818051363e-02 0.000000000000000000e+00 1.068935844727029322e-02 7.629792523185773175e-03 6.750167320011473543e-03 7.132613060522038223e-03 7.935749115594225786e-03 1.357682378812505915e-03 9.847977818147050921e-03 7.247346782675207627e-03 6.310354718424323727e-04 4.723204895305478136e-03 6.520699875705134735e-03 1.089970360455110423e-03 3.231666507314274583e-03 1.065111387321923675e-02 5.163017496892628603e-04 4.187780858590687584e-03 8.279950282053733998e-03 2.103451572808107909e-04 5.794052968735060975e-03 1.091882589157663203e-02 2.390285878191031853e-03 6.711922745960417075e-03 8.987474901998278656e-04 9.503776651687540974e-03 8.700640596615355146e-03 5.870542116837173911e-03 2.122573859833636143e-03 1.734391433215412559e-02 5.794052968735060975e-03 7.438569652930490834e-03 2.466775026293144789e-03 8.815374318768524550e-03 1.701883545272014561e-03 1.049813557701501088e-02 1.204704082608280043e-03 7.457691939956018852e-04 1.367243522325270119e-02 1.061286929916818028e-02 8.605029161487713976e-04 1.091882589157663203e-02 6.444210727603020931e-03 4.149536284539631116e-03 
