1.000000 0.155000 0.222701 0.102697 0.104114 0.094572 0.123692 0.580818 0.152263 0.299148 0.171508 0.092681 0.415696 0.123904 0.413973 0.413903 0.262743 0.128088 0.125002 0.168728 0.079634 0.300042 0.334904 0.311589 0.169251 0.145091 0.065259 0.246344 0.290407 0.764113 0.654558 0.091477 0.700071 0.306887 0.160446 0.102029 -0.001819 0.038259 0.048727 0.089881 0.182441 0.047843 0.284854 -0.038182 0.071664 0.098935 0.108280 0.138903 0.391972 0.175096 0.121919 0.143393 -0.010512 -0.078677 0.197902 0.284109 0.207778 0.130782 0.087469 -0.046544 0.159732 0.237830 0.304003 0.406044 0.060900 0.346494 
0.155000 1.000000 0.471732 0.075492 0.133314 0.191677 0.006808 0.145335 0.031815 0.181212 0.137619 0.133733 0.136159 0.199219 0.162516 0.195391 0.087261 0.160319 0.074678 0.073236 0.059345 0.125926 0.246442 0.223797 0.116961 0.063777 0.193809 0.775718 0.216933 0.199407 0.170731 0.074050 0.210141 0.155324 0.557081 0.018200 0.079347 0.063658 0.099109 0.099643 0.127105 0.074955 0.112503 0.039981 0.026867 0.127625 0.109024 0.129250 0.101205 0.173418 0.225860 0.044389 0.082198 0.131492 0.051411 0.101069 -0.012059 0.109136 0.101399 -0.003288 0.241012 0.123473 0.186524 0.168740 0.045607 0.221087 
0.222701 0.471732 1.000000 0.032064 0.156236 0.353055 0.001386 0.120774 0.180471 0.146032 0.117977 0.230159 0.103161 0.289952 0.250673 0.294124 0.126837 0.235135 0.091308 0.091727 0.054555 0.222570 0.428638 0.460301 0.059003 0.208648 0.233046 0.620127 0.243376 0.253067 0.188655 0.099343 0.255843 0.185712 0.153953 0.065945 -0.015087 -0.009608 0.151193 0.070930 0.178132 0.172567 0.210319 0.075616 0.188874 0.150996 0.262095 0.184200 0.232717 0.150724 0.028737 0.095162 0.059868 0.050114 0.058844 0.240006 0.072355 0.089949 0.269441 -0.009440 0.068667 0.160254 0.178938 0.189520 0.087719 0.218730 
0.102697 0.075492 0.032064 1.000000 0.136600 0.052502 0.143037 0.181616 0.014613 0.473610 0.262246 0.091230 0.367646 0.097996 0.086988 0.022976 0.112939 0.065745 -0.006159 0.004754 0.870947 0.044808 0.068228 0.058689 0.755233 0.063251 -0.002051 0.073754 0.087182 0.096505 0.013641 0.063065 0.110822 0.087280 0.103898 -0.036317 0.405779 0.152975 0.022248 0.222963 0.013438 0.170818 0.175743 0.104858 0.043081 0.132394 0.055372 0.106261 0.043588 0.157086 0.016747 -0.001501 0.041510 0.295540 -0.045322 0.072690 0.036409 0.281999 0.053555 0.010319 0.071995 0.009598 0.050895 -0.077208 0.043156 0.027689 
0.104114 0.133314 0.156236 0.136600 1.000000 0.192299 0.606521 0.123017 0.351988 0.174154 0.141300 0.160029 0.037512 0.166983 -0.005698 0.216261 0.332137 0.106243 0.048894 -0.056539 0.146346 0.119318 0.328671 0.277016 0.157146 0.064964 0.082793 0.228162 0.148543 0.144047 0.095442 0.435133 0.142964 0.023742 0.164182 0.059336 0.031353 0.066723 0.182613 0.070895 0.156406 0.050448 0.290368 0.119066 0.052537 0.041593 0.103611 0.000204 0.113915 0.071207 0.064871 0.009245 0.137669 0.064681 -0.038347 0.224013 0.022190 0.192779 0.109631 0.138015 0.149831 0.175163 -0.009909 -0.029242 0.089395 0.037018 
0.094572 0.191677 0.353055 0.052502 0.192299 1.000000 -0.001665 0.081306 0.025666 -0.017788 0.116086 0.372636 0.050169 0.428247 0.117088 0.015360 0.063890 0.219906 0.204253 0.062594 0.073404 0.109878 0.130021 0.196592 0.003634 0.487862 0.158340 0.213854 -0.054698 0.108470 0.046515 0.168002 0.124691 0.016787 0.096735 0.017092 -0.044565 -0.045560 0.526881 -0.020935 0.098641 0.167406 0.150691 0.017255 0.347307 0.137988 0.443038 0.198616 -0.011899 -0.037134 0.087670 0.079036 0.088528 -0.032482 -0.067625 0.036769 0.035338 0.026165 0.515406 -0.002580 0.017924 0.023136 0.010971 -0.002856 0.100497 0.035600 
0.123692 0.006808 0.001386 0.143037 0.606521 -0.001665 1.000000 0.063623 0.414241 0.087483 0.089808 0.058702 0.143240 0.057932 0.025126 0.124781 0.689081 0.021456 0.061628 0.037391 0.167604 -0.024566 0.154647 0.069021 0.138414 -0.039715 0.086591 0.044081 0.078486 0.139985 0.028849 0.474757 0.091296 0.087728 0.040492 0.076135 0.033340 0.010056 0.038096 0.007127 0.059328 -0.056372 0.242150 0.013446 0.014257 -0.014897 -0.000623 -0.027234 0.108908 0.096240 -0.035579 0.018705 0.067047 -0.014517 -0.056189 0.180476 0.072557 0.135827 -0.023940 0.013950 0.081394 0.062652 0.044516 -0.040652 0.014689 0.098707 
0.580818 0.145335 0.120774 0.181616 0.123017 0.081306 0.063623 1.000000 0.091245 0.346846 0.214201 0.122510 0.323575 0.149645 0.184535 0.293483 0.117041 0.134893 0.085674 0.179092 0.173904 0.152409 0.265617 0.217163 0.309824 0.169254 0.048272 0.220380 0.270814 0.331808 0.374041 0.023879 0.334258 0.109475 0.157123 0.031983 0.050731 0.076223 0.067323 0.067106 0.125704 0.040309 0.121336 -0.000804 -0.012624 0.018547 0.060646 0.079400 0.211073 0.132032 0.125087 0.066663 0.027108 -0.021978 0.041295 0.187890 0.087040 0.100833 0.057191 -0.055815 0.156846 0.168487 0.087045 0.231599 0.104050 0.112483 
0.152263 0.031815 0.180471 0.014613 0.351988 0.025666 0.414241 0.091245 1.000000 0.071399 0.038940 0.135408 0.097079 0.091618 0.362841 0.233243 0.250447 0.036561 0.128514 0.037591 0.009458 0.120563 0.334509 0.252569 0.077247 0.071058 0.200080 0.130781 0.162245 0.263707 0.154849 0.410506 0.184098 -0.029219 0.060681 0.114413 0.013209 0.030348 -0.050616 0.081667 0.051325 0.047900 0.180580 0.023552 0.020810 -0.076738 -0.000511 -0.064489 0.259900 0.025699 -0.053937 0.012178 -0.085629 -0.022028 -0.078492 0.348809 0.174749 0.114554 -0.049220 -0.074680 0.180094 0.104440 -0.053813 -0.016010 -0.014493 -0.011328 
0.299148 0.181212 0.146032 0.473610 0.174154 -0.017788 0.087483 0.346846 0.071399 1.000000 0.177206 -0.001539 0.529789 0.038264 0.164144 0.348782 0.126696 0.041701 -0.080763 0.077810 0.408130 0.283230 0.425183 0.264181 0.777563 -0.001455 0.156432 0.245162 0.336929 0.277178 0.220818 0.101129 0.307257 0.362677 0.186917 0.051272 0.256457 0.327813 -0.046308 0.303997 0.137600 0.248232 0.173437 0.103956 0.062075 0.012146 0.040743 0.249908 0.289324 0.597493 0.060080 0.148823 0.052893 0.198196 0.149757 0.292182 0.176844 0.307966 -0.023621 0.107563 0.171997 0.155729 0.389899 0.246581 0.257735 0.376540 
0.171508 0.137619 0.117977 0.262246 0.141300 0.116086 0.089808 0.214201 0.038940 0.177206 1.000000 0.134337 0.454318 0.183824 0.101441 0.014283 0.099213 0.083736 -0.007478 0.056969 0.418541 0.065978 0.089875 0.109858 0.235744 0.101363 -0.002736 0.158438 0.055561 0.125457 -0.002898 -0.054923 0.131355 0.142582 0.047143 -0.063258 0.016789 0.076146 0.043856 0.108027 0.107814 0.044420 -0.029175 0.035570 0.121147 0.008960 0.163898 0.025753 0.018545 0.060761 0.018657 0.008273 -0.051438 -0.003469 0.027576 0.069208 0.036392 -0.017732 0.053469 -0.006017 -0.014721 -0.028615 0.050369 0.017019 0.012519 0.068856 
0.092681 0.133733 0.230159 0.091230 0.160029 0.372636 0.058702 0.122510 0.135408 -0.001539 0.134337 1.000000 0.090894 0.888238 0.032756 0.087986 0.035302 0.059735 0.478700 0.066258 0.092563 0.063924 0.099335 0.138626 0.035706 0.691248 0.115778 0.224981 0.000876 0.068421 0.039751 0.005188 0.045688 0.019694 0.076144 0.021318 0.062186 -0.035509 0.283023 0.050998 0.080887 0.056322 0.041672 0.013234 0.213741 -0.014825 0.445414 0.043658 0.059671 -0.060194 0.105099 -0.006320 0.083379 0.002985 -0.026359 0.052455 0.068994 0.059436 0.281157 0.046476 0.021943 0.040490 -0.025272 0.003121 -0.035070 -0.030155 
0.415696 0.136159 0.103161 0.367646 0.037512 0.050169 0.143240 0.323575 0.097079 0.529789 0.454318 0.090894 1.000000 0.107502 0.262880 0.087371 0.172198 0.127383 0.044083 0.205558 0.457559 0.064900 0.162950 0.150573 0.446694 0.050377 0.045226 0.161084 0.075412 0.311729 0.083914 0.146220 0.266014 0.306933 0.085986 0.029404 0.117889 0.143286 -0.038161 0.175926 0.066108 0.090051 0.041373 -0.000024 0.078832 0.052532 0.063331 0.172197 0.163448 0.282569 0.011368 0.166004 0.128852 0.033124 0.148866 0.205807 0.204315 0.024419 -0.004939 0.010502 0.104282 -0.031567 0.274733 0.164029 0.040999 0.278328 
0.123904 0.199219 0.289952 0.097996 0.166983 0.428247 0.057932 0.149645 0.091618 0.038264 0.183824 0.888238 0.107502 1.000000 0.079410 0.124310 0.075618 0.171929 0.329104 0.072027 0.094112 0.100027 0.104040 0.127366 0.076014 0.735439 0.111029 0.252842 0.041417 0.096661 0.045317 0.036680 0.091369 0.031960 0.136534 0.065050 0.068140 0.065185 0.329854 0.133886 0.123797 0.113089 0.108266 0.021195 0.433578 0.017739 0.688310 0.039287 0.092751 -0.053563 0.120966 0.072688 0.071244 0.023926 -0.045483 0.072029 0.077810 0.098288 0.384823 0.003011 0.066261 0.105505 -0.035036 0.038249 0.014582 -0.022987 
0.413973 0.162516 0.250673 0.086988 -0.005698 0.117088 0.025126 0.184535 0.362841 0.164144 0.101441 0.032756 0.262880 0.079410 1.000000 0.129489 0.251165 0.157325 0.037937 0.102290 0.036569 0.084914 0.156076 0.119314 0.115272 0.026649 0.315584 0.185914 0.107011 0.564047 0.167084 0.303426 0.447174 0.159015 0.066275 0.052247 -0.025846 0.053287 -0.041152 0.096118 -0.035798 0.146655 0.130592 -0.101482 0.046121 0.060212 0.057629 0.153996 0.175452 0.105262 0.006476 0.003804 -0.057689 -0.066295 -0.014577 0.159114 0.120110 0.001464 0.038113 -0.103538 0.035078 -0.018111 0.126388 0.097528 0.014345 0.154178 
0.413903 0.195391 0.294124 0.022976 0.216261 0.015360 0.124781 0.293483 0.233243 0.348782 0.014283 0.087986 0.087371 0.124310 0.129489 1.000000 0.115076 0.095640 0.078584 0.181744 0.012063 0.419320 0.809043 0.681928 0.230556 0.070072 0.197336 0.346135 0.615834 0.407135 0.530967 0.138210 0.361384 0.174231 0.184758 0.174837 0.013675 0.098971 0.081421 0.130770 0.222584 0.133316 0.257547 0.060940 0.048191 -0.030366 0.082184 0.112919 0.704004 0.171300 0.011860 0.139383 -0.014402 0.005546 0.062351 0.554086 0.242218 0.274829 0.022068 0.103200 0.207495 0.389385 0.181042 0.385939 0.206214 0.193916 
0.262743 0.087261 0.126837 0.112939 0.332137 0.063890 0.689081 0.117041 0.250447 0.126696 0.099213 0.035302 0.172198 0.075618 0.251165 0.115076 1.000000 0.115787 0.082724 0.056760 0.095633 0.065672 0.139577 0.096225 0.135154 -0.012710 0.167815 0.109600 0.088492 0.295137 0.112555 0.482945 0.287226 0.196760 0.010636 0.007697 -0.038407 0.033887 0.024919 0.006606 0.136045 0.071194 0.380639 -0.082795 0.051796 0.063925 0.065713 0.207477 0.146255 0.203644 -0.026537 -0.001545 0.027021 -0.109826 0.012653 0.144604 0.119218 0.118905 0.044787 -0.010766 0.010391 0.089021 0.237071 0.058612 0.076414 0.317170 
0.128088 0.160319 0.235135 0.065745 0.106243 0.219906 0.021456 0.134893 0.036561 0.041701 0.083736 0.059735 0.127383 0.171929 0.157325 0.095640 0.115787 1.000000 0.058342 0.474337 0.043557 0.193413 0.058095 0.142895 0.078910 0.143651 0.011022 0.137225 0.121227 0.230104 0.144939 0.095381 0.248546 0.085359 0.105209 0.048411 -0.076362 -0.069406 0.124346 -0.024476 -0.015802 0.051488 0.041347 -0.003813 0.252027 -0.033094 0.263523 0.036361 0.039547 0.009406 0.025731 0.166631 0.087792 -0.075457 0.052942 -0.014222 0.042148 -0.072153 0.277994 0.027837 -0.007205 -0.084363 0.074360 0.147656 -0.037402 0.136426 
0.125002 0.074678 0.091308 -0.006159 0.048894 0.204253 0.061628 0.085674 0.128514 -0.080763 -0.007478 0.478700 0.044083 0.329104 0.037937 0.078584 0.082724 0.058342 1.000000 0.323703 -0.026132 0.038507 0.029582 0.136107 -0.057001 0.315547 0.118056 0.083463 0.058325 0.196175 0.164834 0.087093 0.177018 -0.013635 -0.014749 -0.067454 -0.017088 -0.130540 0.022546 -0.058023 0.018691 -0.028985 0.005732 0.030240 0.017138 -0.043840 0.124903 0.057287 0.059296 -0.012449 0.111325 -0.013381 0.071835 -0.071669 -0.033031 -0.032995 -0.009916 0.000168 0.080669 0.003886 -0.088698 0.042121 0.017060 0.039020 -0.110150 0.001539 
0.168728 0.073236 0.091727 0.004754 -0.056539 0.062594 0.037391 0.179092 0.037591 0.077810 0.056969 0.066258 0.205558 0.072027 0.102290 0.181744 0.056760 0.474337 0.323703 1.000000 0.023570 0.056369 0.087421 0.127622 0.064556 -0.008079 0.148604 0.108459 0.155742 0.208678 0.311542 0.027195 0.172346 -0.018195 0.027387 0.019493 -0.171560 -0.086832 -0.042877 -0.062035 -0.065774 -0.060776 -0.043334 0.027696 0.071775 -0.063645 0.067583 -0.033490 0.130329 0.025277 0.019421 0.108126 0.098791 -0.144538 0.036748 0.026315 0.064258 -0.075699 -0.021746 0.023393 -0.039075 -0.041775 0.028980 0.120229 -0.049161 0.040285 
0.079634 0.059345 0.054555 0.870947 0.146346 0.073404 0.167604 0.173904 0.009458 0.408130 0.418541 0.092563 0.457559 0.094112 0.036569 0.012063 0.095633 0.043557 -0.026132 0.023570 1.000000 0.047519 0.086062 0.093744 0.654275 0.068546 -0.003706 0.065295 0.047329 0.065064 -0.028815 0.062870 0.087623 0.077491 0.038501 -0.045942 0.349382 0.132500 0.017929 0.216056 0.019227 0.152654 0.097282 0.072152 0.075643 0.105555 0.077702 0.061840 0.040269 0.108997 -0.008051 -0.001320 0.000956 0.263623 -0.043466 0.084625 0.044328 0.172838 0.052840 -0.022310 0.015420 -0.047052 0.018574 -0.099894 0.044099 0.004526 
0.300042 0.125926 0.222570 0.044808 0.119318 0.109878 -0.024566 0.152409 0.120563 0.283230 0.065978 0.063924 0.064900 0.100027 0.084914 0.419320 0.065672 0.193413 0.038507 0.056369 0.047519 1.000000 0.440789 0.538578 0.138455 0.137473 0.170570 0.200388 0.398902 0.317185 0.328380 0.028490 0.417637 0.290782 0.143247 0.029447 0.039086 0.032973 0.089286 0.051819 0.251510 0.114872 0.221545 0.110742 0.143854 0.076188 0.154822 0.065291 0.319991 0.163818 0.071203 0.151929 -0.027203 0.024751 0.279963 0.228952 0.210969 0.149441 0.152972 0.073616 0.124411 0.230593 0.321991 0.412460 0.097428 0.366868 
0.334904 0.246442 0.428638 0.068228 0.328671 0.130021 0.154647 0.265617 0.334509 0.425183 0.089875 0.099335 0.162950 0.104040 0.156076 0.809043 0.139577 0.058095 0.029582 0.087421 0.086062 0.440789 1.000000 0.795424 0.244125 0.058325 0.275418 0.435856 0.438676 0.368605 0.410129 0.278432 0.329182 0.155603 0.202285 0.126051 0.046829 0.166195 0.110177 0.179400 0.192749 0.208229 0.279274 0.080418 0.052821 0.029152 0.077513 0.147637 0.637809 0.263190 0.023716 0.113760 -0.000991 0.051176 0.067135 0.716266 0.268828 0.266764 0.045699 0.121057 0.291300 0.298141 0.212811 0.262304 0.318813 0.214019 
0.311589 0.223797 0.460301 0.058689 0.277016 0.196592 0.069021 0.217163 0.252569 0.264181 0.109858 0.138626 0.150573 0.127366 0.119314 0.681928 0.096225 0.142895 0.136107 0.127622 0.093744 0.538578 0.795424 1.000000 0.143180 0.110482 0.209566 0.385903 0.391126 0.343647 0.325126 0.193796 0.300205 0.181010 0.118103 0.082068 0.041466 0.045611 0.104388 0.084233 0.177615 0.165964 0.192081 0.079594 0.083395 0.058322 0.099012 0.175093 0.419767 0.157441 0.009856 0.128744 0.014516 0.044612 0.165753 0.415334 0.204606 0.149903 0.130990 0.057434 0.138265 0.227426 0.259068 0.247955 0.185453 0.264169 
0.169251 0.116961 0.059003 0.755233 0.157146 0.003634 0.138414 0.309824 0.077247 0.777563 0.235744 0.035706 0.446694 0.076014 0.115272 0.230556 0.135154 0.078910 -0.057001 0.064556 0.654275 0.138455 0.244125 0.143180 1.000000 0.027882 0.100044 0.123008 0.308651 0.173386 0.096997 0.130081 0.191536 0.132118 0.152340 0.014712 0.318588 0.184825 0.012918 0.223053 0.037451 0.183487 0.207171 0.067121 0.073132 0.037247 0.065884 0.105754 0.173729 0.258462 -0.006576 0.095201 0.051622 0.212585 0.031574 0.185544 0.095855 0.321007 0.020985 0.052360 0.111007 0.074874 0.133113 0.050898 0.098889 0.122351 
0.145091 0.063777 0.208648 0.063251 0.064964 0.487862 -0.039715 0.169254 0.071058 -0.001455 0.101363 0.691248 0.050377 0.735439 0.026649 0.070072 -0.012710 0.143651 0.315547 -0.008079 0.068546 0.137473 0.058325 0.110482 0.027882 1.000000 0.047114 0.092851 0.040262 0.080078 0.065408 -0.014259 0.127268 0.033899 0.029823 0.094940 0.113988 0.082184 0.489115 0.136940 0.122172 0.153610 0.121246 0.033429 0.439781 0.055079 0.634192 0.013856 0.073694 -0.046186 0.196243 0.100721 0.071623 0.045389 0.057326 0.069332 0.081842 0.104214 0.660050 -0.025575 0.041088 0.099813 -0.023947 0.071593 0.045300 0.026897 
0.065259 0.193809 0.233046 -0.002051 0.082793 0.158340 0.086591 0.048272 0.200080 0.156432 -0.002736 0.115778 0.045226 0.111029 0.315584 0.197336 0.167815 0.011022 0.118056 0.148604 -0.003706 0.170570 0.275418 0.209566 0.100044 0.047114 1.000000 0.181503 0.186445 0.149114 0.146958 0.246308 0.159466 0.008230 0.067492 -0.009785 -0.087379 -0.036980 0.033970 -0.018957 0.026177 0.083320 0.019788 -0.001871 0.003188 -0.036635 0.026820 0.107777 0.159276 0.072530 -0.008434 0.009478 0.048200 -0.043884 -0.091168 0.170478 0.034647 -0.011104 0.060308 -0.090019 0.010705 -0.004253 0.033904 -0.004521 0.034249 0.060775 
0.246344 0.775718 0.620127 0.073754 0.228162 0.213854 0.044081 0.220380 0.130781 0.245162 0.158438 0.224981 0.161084 0.252842 0.185914 0.346135 0.109600 0.137225 0.083463 0.108459 0.065295 0.200388 0.435856 0.385903 0.123008 0.092851 0.181503 1.000000 0.336192 0.264407 0.259829 0.111514 0.243952 0.174261 0.425234 0.015693 0.062749 0.130156 0.061030 0.183929 0.196115 0.174844 0.202207 0.075469 0.027526 0.135426 0.112949 0.168468 0.237111 0.203389 0.134366 0.085300 0.087638 0.119952 0.102206 0.242672 0.082216 0.168855 0.078417 0.036117 0.289017 0.220078 0.218108 0.237866 0.127476 0.233847 
0.290407 0.216933 0.243376 0.087182 0.148543 -0.054698 0.078486 0.270814 0.162245 0.336929 0.055561 0.000876 0.075412 0.041417 0.107011 0.615834 0.088492 0.121227 0.058325 0.155742 0.047329 0.398902 0.438676 0.391126 0.308651 0.040262 0.186445 0.336192 1.000000 0.291494 0.412480 0.047344 0.312570 0.152853 0.176500 0.134761 0.049668 0.055522 0.063412 0.118221 0.199324 0.100963 0.192373 0.094858 0.040845 -0.032559 0.060112 0.080715 0.368207 0.149905 0.057012 0.119851 0.050114 0.018923 0.085740 0.257995 0.106944 0.185000 0.042172 0.062591 0.146014 0.298493 0.155861 0.320088 0.065050 0.188150 
0.764113 0.199407 0.253067 0.096505 0.144047 0.108470 0.139985 0.331808 0.263707 0.277178 0.125457 0.068421 0.311729 0.096661 0.564047 0.407135 0.295137 0.230104 0.196175 0.208678 0.065064 0.317185 0.368605 0.343647 0.173386 0.080078 0.149114 0.264407 0.291494 1.000000 0.621808 0.279479 0.907509 0.238712 0.192108 0.124962 -0.019584 0.058223 0.015920 0.127436 0.134426 0.128190 0.227369 -0.049502 0.048870 0.017037 0.068614 0.161164 0.408979 0.204917 0.075469 0.109261 -0.032008 -0.057998 0.165793 0.352143 0.254046 0.080838 0.054775 -0.052385 0.163710 0.149940 0.281932 0.327807 0.071423 0.325102 
0.654558 0.170731 0.188655 0.013641 0.095442 0.046515 0.028849 0.374041 0.154849 0.220818 -0.002898 0.039751 0.083914 0.045317 0.167084 0.530967 0.112555 0.144939 0.164834 0.311542 -0.028815 0.328380 0.410129 0.325126 0.096997 0.065408 0.146958 0.259829 0.412480 0.621808 1.000000 0.030984 0.663251 0.174582 0.200572 0.164803 -0.031903 0.028446 0.042229 0.070436 0.230076 0.044421 0.252942 0.030244 -0.018080 0.042670 0.018788 0.075987 0.479293 0.173802 0.093610 0.097588 -0.022129 -0.007940 0.184741 0.333258 0.234124 0.184282 0.042556 0.004890 0.188132 0.307506 0.194067 0.411562 0.064850 0.228242 
0.091477 0.074050 0.099343 0.063065 0.435133 0.168002 0.474757 0.023879 0.410506 0.101129 -0.054923 0.005188 0.146220 0.036680 0.303426 0.138210 0.482945 0.095381 0.087093 0.027195 0.062870 0.028490 0.278432 0.193796 0.130081 -0.014259 0.246308 0.111514 0.047344 0.279479 0.030984 1.000000 0.197112 -0.036822 0.043371 -0.009295 -0.032813 0.033875 0.047545 0.011693 0.003478 0.025700 0.233414 -0.077611 0.054892 -0.063804 0.055776 0.002935 0.185543 0.041902 -0.047192 -0.041422 -0.017096 -0.080845 -0.037400 0.280198 0.151977 0.128256 0.043402 0.000378 0.042805 0.055844 -0.007203 -0.040153 0.067203 0.023036 
0.700071 0.210141 0.255843 0.110822 0.142964 0.124691 0.091296 0.334258 0.184098 0.307257 0.131355 0.045688 0.266014 0.091369 0.447174 0.361384 0.287226 0.248546 0.177018 0.172346 0.087623 0.417637 0.329182 0.300205 0.191536 0.127268 0.159466 0.243952 0.312570 0.907509 0.663251 0.197112 1.000000 0.272584 0.206061 0.113865 -0.014304 0.087182 0.057976 0.158739 0.159212 0.166890 0.225514 -0.048701 0.069715 0.031513 0.092469 0.181360 0.367232 0.244589 0.109551 0.124102 0.018341 -0.034054 0.207597 0.295860 0.218576 0.074633 0.117194 -0.005487 0.149811 0.165569 0.305635 0.354031 0.086055 0.372109 
0.306887 0.155324 0.185712 0.087280 0.023742 0.016787 0.087728 0.109475 -0.029219 0.362677 0.142582 0.019694 0.306933 0.031960 0.159015 0.174231 0.196760 0.085359 -0.013635 -0.018195 0.077491 0.290782 0.155603 0.181010 0.132118 0.033899 0.008230 0.174261 0.152853 0.238712 0.174582 -0.036822 0.272584 1.000000 0.133501 0.090936 0.078365 0.149923 0.004542 0.126579 0.323130 0.127513 0.108689 0.114309 0.044107 0.273056 0.035053 0.341709 0.203879 0.403022 0.051219 0.075559 0.000815 0.040491 0.242239 0.079562 0.221749 0.021146 0.047856 0.034730 0.101461 0.075039 0.703424 0.556942 0.152577 0.669899 
0.160446 0.557081 0.153953 0.103898 0.164182 0.096735 0.040492 0.157123 0.060681 0.186917 0.047143 0.076144 0.085986 0.136534 0.066275 0.184758 0.010636 0.105209 -0.014749 0.027387 0.038501 0.143247 0.202285 0.118103 0.152340 0.029823 0.067492 0.425234 0.176500 0.192108 0.200572 0.043371 0.206061 0.133501 1.000000 0.435857 0.103727 0.095017 0.070453 0.089552 0.147441 0.028807 0.064113 0.097443 -0.011352 0.036423 0.073459 0.056223 0.153567 0.068835 0.196344 -0.008652 0.099166 0.122201 0.035130 0.216070 0.129486 0.091522 0.059244 0.076358 0.708958 0.186405 0.109824 0.212838 0.001254 0.134048 
0.102029 0.018200 0.065945 -0.036317 0.059336 0.017092 0.076135 0.031983 0.114413 0.051272 -0.063258 0.021318 0.029404 0.065050 0.052247 0.174837 0.007697 0.048411 -0.067454 0.019493 -0.045942 0.029447 0.126051 0.082068 0.014712 0.094940 -0.009785 0.015693 0.134761 0.124962 0.164803 -0.009295 0.113865 0.090936 0.435857 1.000000 0.004386 0.058078 0.099548 -0.028480 0.084695 0.099785 -0.007106 0.045015 0.101682 -0.056934 0.115361 0.071404 0.225851 0.045225 0.054734 0.082414 0.154575 0.005200 0.155266 0.266460 0.387561 -0.011625 0.036433 0.115409 0.552830 0.167423 0.051393 0.238513 0.111403 0.080436 
-0.001819 0.079347 -0.015087 0.405779 0.031353 -0.044565 0.033340 0.050731 0.013209 0.256457 0.016789 0.062186 0.117889 0.068140 -0.025846 0.013675 -0.038407 -0.076362 -0.017088 -0.171560 0.349382 0.039086 0.046829 0.041466 0.318588 0.113988 -0.087379 0.062749 0.049668 -0.019584 -0.031903 -0.032813 -0.014304 0.078365 0.103727 0.004386 1.000000 0.243983 -0.011804 0.300535 0.102236 0.117276 0.339371 0.116144 0.019885 0.173568 0.013999 -0.038464 0.036411 0.126695 0.046507 0.000604 0.019237 0.821906 -0.016672 0.097685 0.006879 0.646634 0.059961 -0.025072 0.131436 0.243082 -0.004371 -0.058838 0.085477 -0.032499 
0.038259 0.063658 -0.009608 0.152975 0.066723 -0.045560 0.010056 0.076223 0.030348 0.327813 0.076146 -0.035509 0.143286 0.065185 0.053287 0.098971 0.033887 -0.069406 -0.130540 -0.086832 0.132500 0.032973 0.166195 0.045611 0.184825 0.082184 -0.036980 0.130156 0.055522 0.058223 0.028446 0.033875 0.087182 0.149923 0.095017 0.058078 0.243983 1.000000 -0.001672 0.856425 0.120583 0.403200 0.078587 0.037575 0.093176 0.020358 0.111166 0.162626 0.107521 0.421620 0.083359 -0.000273 -0.033711 0.236760 0.011302 0.212920 0.106374 0.199223 0.007947 -0.013781 0.162480 0.087662 0.140371 0.012241 0.605945 0.100411 
0.048727 0.099109 0.151193 0.022248 0.182613 0.526881 0.038096 0.067323 -0.050616 -0.046308 0.043856 0.283023 -0.038161 0.329854 -0.041152 0.081421 0.024919 0.124346 0.022546 -0.042877 0.017929 0.089286 0.110177 0.104388 0.012918 0.489115 0.033970 0.061030 0.063412 0.015920 0.042229 0.047545 0.057976 0.004542 0.070453 0.099548 -0.011804 -0.001672 1.000000 0.031460 0.146359 0.048356 0.139801 0.037362 0.270899 0.155955 0.389601 0.052451 0.015666 -0.059003 0.147107 0.067487 0.162283 0.028561 0.006102 0.065459 0.044426 0.047961 0.692396 0.116719 -0.005542 0.022174 -0.042537 -0.001359 0.104472 0.029224 
0.089881 0.099643 0.070930 0.222963 0.070895 -0.020935 0.007127 0.067106 0.081667 0.303997 0.108027 0.050998 0.175926 0.133886 0.096118 0.130770 0.006606 -0.024476 -0.058023 -0.062035 0.216056 0.051819 0.179400 0.084233 0.223053 0.136940 -0.018957 0.183929 0.118221 0.127436 0.070436 0.011693 0.158739 0.126579 0.089552 -0.028480 0.300535 0.856425 0.031460 1.000000 0.137967 0.466894 0.139314 0.061538 0.139574 0.059240 0.151229 0.126820 0.138719 0.322160 0.082511 0.064840 -0.014116 0.289345 -0.006639 0.224760 0.069627 0.241166 0.062665 -0.011138 0.111727 0.116737 0.093185 0.015107 0.402327 0.077224 
0.182441 0.127105 0.178132 0.013438 0.156406 0.098641 0.059328 0.125704 0.051325 0.137600 0.107814 0.080887 0.066108 0.123797 -0.035798 0.222584 0.136045 -0.015802 0.018691 -0.065774 0.019227 0.251510 0.192749 0.177615 0.037451 0.122172 0.026177 0.196115 0.199324 0.134426 0.230076 0.003478 0.159212 0.323130 0.147441 0.084695 0.102236 0.120583 0.146359 0.137967 1.000000 0.062653 0.412918 0.337497 0.071668 0.369201 0.121111 0.046197 0.206223 0.117089 0.033418 0.075333 -0.013510 0.175771 -0.006706 0.147123 0.100248 0.322240 0.131840 0.083229 0.143752 0.472761 0.127793 0.275014 0.170800 0.179767 
0.047843 0.074955 0.172567 0.170818 0.050448 0.167406 -0.056372 0.040309 0.047900 0.248232 0.044420 0.056322 0.090051 0.113089 0.146655 0.133316 0.071194 0.051488 -0.028985 -0.060776 0.152654 0.114872 0.208229 0.165964 0.183487 0.153610 0.083320 0.174844 0.100963 0.128190 0.044421 0.025700 0.166890 0.127513 0.028807 0.099785 0.117276 0.403200 0.048356 0.466894 0.062653 1.000000 0.123441 0.069632 0.102503 0.050981 0.114317 0.510828 0.152875 0.259102 0.069144 0.096996 0.022948 0.124222 0.012961 0.201838 0.127651 0.108180 0.103676 0.024879 0.099389 0.056619 0.193578 0.021516 0.485422 0.162705 
0.284854 0.112503 0.210319 0.175743 0.290368 0.150691 0.242150 0.121336 0.180580 0.173437 -0.029175 0.041672 0.041373 0.108266 0.130592 0.257547 0.380639 0.041347 0.005732 -0.043334 0.097282 0.221545 0.279274 0.192081 0.207171 0.121246 0.019788 0.202207 0.192373 0.227369 0.252942 0.233414 0.225514 0.108689 0.064113 -0.007106 0.339371 0.078587 0.139801 0.139314 0.412918 0.123441 1.000000 0.202748 0.118516 0.436803 0.149117 0.038822 0.344965 0.000611 0.039447 0.032247 0.023947 0.321112 0.071239 0.330668 0.207660 0.746802 0.171216 0.149560 0.096234 0.508143 0.071965 0.189367 0.118400 0.167533 
-0.038182 0.039981 0.075616 0.104858 0.119066 0.017255 0.013446 -0.000804 0.023552 0.103956 0.035570 0.013234 -0.000024 0.021195 -0.101482 0.060940 -0.082795 -0.003813 0.030240 0.027696 0.072152 0.110742 0.080418 0.079594 0.067121 0.033429 -0.001871 0.075469 0.094858 -0.049502 0.030244 -0.077611 -0.048701 0.114309 0.097443 0.045015 0.116144 0.037575 0.037362 0.061538 0.337497 0.069632 0.202748 1.000000 0.038760 0.430622 0.032474 0.028510 0.110648 0.086763 -0.012515 0.087643 0.015311 0.376631 -0.068630 0.080607 0.084820 0.236791 0.056898 0.102588 0.093736 0.281752 0.041689 0.038710 0.057318 0.030938 
0.071664 0.026867 0.188874 0.043081 0.052537 0.347307 0.014257 -0.012624 0.020810 0.062075 0.121147 0.213741 0.078832 0.433578 0.046121 0.048191 0.051796 0.252027 0.017138 0.071775 0.075643 0.143854 0.052821 0.083395 0.073132 0.439781 0.003188 0.027526 0.040845 0.048870 -0.018080 0.054892 0.069715 0.044107 -0.011352 0.101682 0.019885 0.093176 0.270899 0.139574 0.071668 0.102503 0.118516 0.038760 1.000000 0.001306 0.893490 0.018928 0.081202 -0.011264 0.048957 0.469811 0.092690 -0.006536 0.020012 0.086484 0.091892 0.077054 0.519833 -0.045594 -0.013817 0.052931 0.001720 0.063611 0.060121 0.036084 
0.098935 0.127625 0.150996 0.132394 0.041593 0.137988 -0.014897 0.018547 -0.076738 0.012146 0.008960 -0.014825 0.052532 0.017739 0.060212 -0.030366 0.063925 -0.033094 -0.043840 -0.063645 0.105555 0.076188 0.029152 0.058322 0.037247 0.055079 -0.036635 0.135426 -0.032559 0.017037 0.042670 -0.063804 0.031513 0.273056 0.036423 -0.056934 0.173568 0.020358 0.155955 0.059240 0.369201 0.050981 0.436803 0.430622 0.001306 1.000000 0.021264 0.135926 0.022508 -0.027458 -0.037012 0.071580 0.011872 0.404866 -0.049504 -0.016883 0.049370 0.233764 0.160141 0.055335 0.004988 0.133184 0.128061 0.099628 0.093224 0.129612 
0.108280 0.109024 0.262095 0.055372 0.103611 0.443038 -0.000623 0.060646 -0.000511 0.040743 0.163898 0.445414 0.063331 0.688310 0.057629 0.082184 0.065713 0.263523 0.124903 0.067583 0.077702 0.154822 0.077513 0.099012 0.065884 0.634192 0.026820 0.112949 0.060112 0.068614 0.018788 0.055776 0.092469 0.035053 0.073459 0.115361 0.013999 0.111166 0.389601 0.151229 0.121111 0.114317 0.149117 0.032474 0.893490 0.021264 1.000000 0.034333 0.101571 -0.031488 0.123826 0.272866 0.065865 -0.011296 0.004428 0.089431 0.089924 0.092473 0.567703 -0.016766 0.037781 0.119002 -0.013705 0.079259 0.074496 0.024729 
0.138903 0.129250 0.184200 0.106261 0.000204 0.198616 -0.027234 0.079400 -0.064489 0.249908 0.025753 0.043658 0.172197 0.039287 0.153996 0.112919 0.207477 0.036361 0.057287 -0.033490 0.061840 0.065291 0.147637 0.175093 0.105754 0.013856 0.107777 0.168468 0.080715 0.161164 0.075987 0.002935 0.181360 0.341709 0.056223 0.071404 -0.038464 0.162626 0.052451 0.126820 0.046197 0.510828 0.038822 0.028510 0.018928 0.135926 0.034333 1.000000 0.122605 0.386815 0.028593 0.058901 0.065946 -0.004975 0.033022 0.096787 0.126735 0.002433 0.014605 0.102071 0.101084 0.031229 0.552810 0.050726 0.400310 0.492976 
0.391972 0.101205 0.232717 0.043588 0.113915 -0.011899 0.108908 0.211073 0.259900 0.289324 0.018545 0.059671 0.163448 0.092751 0.175452 0.704004 0.146255 0.039547 0.059296 0.130329 0.040269 0.319991 0.637809 0.419767 0.173729 0.073694 0.159276 0.237111 0.368207 0.408979 0.479293 0.185543 0.367232 0.203879 0.153567 0.225851 0.036411 0.107521 0.015666 0.138719 0.206223 0.152875 0.344965 0.110648 0.081202 0.022508 0.101571 0.122605 1.000000 0.167874 -0.001101 0.116260 0.029687 0.028130 0.124532 0.827274 0.689666 0.323405 -0.013733 0.243008 0.323809 0.401737 0.152059 0.356178 0.169696 0.180662 
0.175096 0.173418 0.150724 0.157086 0.071207 -0.037134 0.096240 0.132032 0.025699 0.597493 0.060761 -0.060194 0.282569 -0.053563 0.105262 0.171300 0.203644 0.009406 -0.012449 0.025277 0.108997 0.163818 0.263190 0.157441 0.258462 -0.046186 0.072530 0.203389 0.149905 0.204917 0.173802 0.041902 0.244589 0.403022 0.068835 0.045225 0.126695 0.421620 -0.059003 0.322160 0.117089 0.259102 0.000611 0.086763 -0.011264 -0.027458 -0.031488 0.386815 0.167874 1.000000 0.058934 0.120707 0.035005 0.146733 0.105905 0.174977 0.130354 0.159801 -0.083006 0.099307 0.089310 0.118196 0.529570 0.159602 0.430831 0.481666 
0.121919 0.225860 0.028737 0.016747 0.064871 0.087670 -0.035579 0.125087 -0.053937 0.060080 0.018657 0.105099 0.011368 0.120966 0.006476 0.011860 -0.026537 0.025731 0.111325 0.019421 -0.008051 0.071203 0.023716 0.009856 -0.006576 0.196243 -0.008434 0.134366 0.057012 0.075469 0.093610 -0.047192 0.109551 0.051219 0.196344 0.054734 0.046507 0.083359 0.147107 0.082511 0.033418 0.069144 0.039447 -0.012515 0.048957 -0.037012 0.123826 0.028593 -0.001101 0.058934 1.000000 0.039583 0.307923 0.023129 0.230615 -0.022542 -0.044099 0.047972 0.124012 0.065689 0.145357 0.078126 0.187029 0.112764 0.062105 0.201882 
0.143393 0.044389 0.095162 -0.001501 0.009245 0.079036 0.018705 0.066663 0.012178 0.148823 0.008273 -0.006320 0.166004 0.072688 0.003804 0.139383 -0.001545 0.166631 -0.013381 0.108126 -0.001320 0.151929 0.113760 0.128744 0.095201 0.100721 0.009478 0.085300 0.119851 0.109261 0.097588 -0.041422 0.124102 0.075559 -0.008652 0.082414 0.000604 -0.000273 0.067487 0.064840 0.075333 0.096996 0.032247 0.087643 0.469811 0.071580 0.272866 0.058901 0.116260 0.120707 0.039583 1.000000 0.370212 0.003238 0.173137 0.099244 0.115863 0.017475 0.256699 0.015862 0.022654 0.019563 0.198298 0.162453 0.013897 0.189202 
-0.010512 0.082198 0.059868 0.041510 0.137669 0.088528 0.067047 0.027108 -0.085629 0.052893 -0.051438 0.083379 0.128852 0.071244 -0.057689 -0.014402 0.027021 0.087792 0.071835 0.098791 0.000956 -0.027203 -0.000991 0.014516 0.051622 0.071623 0.048200 0.087638 0.050114 -0.032008 -0.022129 -0.017096 0.018341 0.000815 0.099166 0.154575 0.019237 -0.033711 0.162283 -0.014116 -0.013510 0.022948 0.023947 0.015311 0.092690 0.011872 0.065865 0.065946 0.029687 0.035005 0.307923 0.370212 1.000000 -0.003902 0.179949 0.062208 0.059515 -0.026295 0.131616 0.300683 0.096584 0.024377 0.070184 0.107694 0.016024 0.113841 
-0.078677 0.131492 0.050114 0.295540 0.064681 -0.032482 -0.014517 -0.021978 -0.022028 0.198196 -0.003469 0.002985 0.033124 0.023926 -0.066295 0.005546 -0.109826 -0.075457 -0.071669 -0.144538 0.263623 0.024751 0.051176 0.044612 0.212585 0.045389 -0.043884 0.119952 0.018923 -0.057998 -0.007940 -0.080845 -0.034054 0.040491 0.122201 0.005200 0.821906 0.236760 0.028561 0.289345 0.175771 0.124222 0.321112 0.376631 -0.006536 0.404866 -0.011296 -0.004975 0.028130 0.146733 0.023129 0.003238 -0.003902 1.000000 -0.076898 0.061880 -0.008433 0.605039 0.069900 0.002173 0.103480 0.251611 -0.034887 -0.078940 0.103032 -0.062720 
0.197902 0.051411 0.058844 -0.045322 -0.038347 -0.067625 -0.056189 0.041295 -0.078492 0.149757 0.027576 -0.026359 0.148866 -0.045483 -0.014577 0.062351 0.012653 0.052942 -0.033031 0.036748 -0.043466 0.279963 0.067135 0.165753 0.031574 0.057326 -0.091168 0.102206 0.085740 0.165793 0.184741 -0.037400 0.207597 0.242239 0.035130 0.155266 -0.016672 0.011302 0.006102 -0.006639 -0.006706 0.012961 0.071239 -0.068630 0.020012 -0.049504 0.004428 0.033022 0.124532 0.105905 0.230615 0.173137 0.179949 -0.076898 1.000000 0.085517 0.264328 0.004029 0.079462 0.221168 0.084192 0.067962 0.491528 0.487993 0.017374 0.537460 
0.284109 0.101069 0.240006 0.072690 0.224013 0.036769 0.180476 0.187890 0.348809 0.292182 0.069208 0.052455 0.205807 0.072029 0.159114 0.554086 0.144604 -0.014222 -0.032995 0.026315 0.084625 0.228952 0.716266 0.415334 0.185544 0.069332 0.170478 0.242672 0.257995 0.352143 0.333258 0.280198 0.295860 0.079562 0.216070 0.266460 0.097685 0.212920 0.065459 0.224760 0.147123 0.201838 0.330668 0.080607 0.086484 -0.016883 0.089431 0.096787 0.827274 0.174977 -0.022542 0.099244 0.062208 0.061880 0.085517 1.000000 0.634405 0.303097 -0.004583 0.196270 0.489506 0.288507 0.069821 0.156198 0.258190 0.085989 
0.207778 -0.012059 0.072355 0.036409 0.022190 0.035338 0.072557 0.087040 0.174749 0.176844 0.036392 0.068994 0.204315 0.077810 0.120110 0.242218 0.119218 0.042148 -0.009916 0.064258 0.044328 0.210969 0.268828 0.204606 0.095855 0.081842 0.034647 0.082216 0.106944 0.254046 0.234124 0.151977 0.218576 0.221749 0.129486 0.387561 0.006879 0.106374 0.044426 0.069627 0.100248 0.127651 0.207660 0.084820 0.091892 0.049370 0.089924 0.126735 0.689666 0.130354 -0.044099 0.115863 0.059515 -0.008433 0.264328 0.634405 1.000000 0.135080 0.029738 0.314988 0.369710 0.159639 0.175961 0.210524 0.145239 0.193714 
0.130782 0.109136 0.089949 0.281999 0.192779 0.026165 0.135827 0.100833 0.114554 0.307966 -0.017732 0.059436 0.024419 0.098288 0.001464 0.274829 0.118905 -0.072153 0.000168 -0.075699 0.172838 0.149441 0.266764 0.149903 0.321007 0.104214 -0.011104 0.168855 0.185000 0.080838 0.184282 0.128256 0.074633 0.021146 0.091522 -0.011625 0.646634 0.199223 0.047961 0.241166 0.322240 0.108180 0.746802 0.236791 0.077054 0.233764 0.092473 0.002433 0.323405 0.159801 0.047972 0.017475 -0.026295 0.605039 0.004029 0.303097 0.135080 1.000000 0.067416 0.123796 0.106007 0.655023 0.003077 0.057752 0.179717 0.004528 
0.087469 0.101399 0.269441 0.053555 0.109631 0.515406 -0.023940 0.057191 -0.049220 -0.023621 0.053469 0.281157 -0.004939 0.384823 0.038113 0.022068 0.044787 0.277994 0.080669 -0.021746 0.052840 0.152972 0.045699 0.130990 0.020985 0.660050 0.060308 0.078417 0.042172 0.054775 0.042556 0.043402 0.117194 0.047856 0.059244 0.036433 0.059961 0.007947 0.692396 0.062665 0.131840 0.103676 0.171216 0.056898 0.519833 0.160141 0.567703 0.014605 -0.013733 -0.083006 0.124012 0.256699 0.131616 0.069900 0.079462 -0.004583 0.029738 0.067416 1.000000 0.016937 -0.057796 0.024493 -0.001378 0.029267 0.007865 0.090976 
-0.046544 -0.003288 -0.009440 0.010319 0.138015 -0.002580 0.013950 -0.055815 -0.074680 0.107563 -0.006017 0.046476 0.010502 0.003011 -0.103538 0.103200 -0.010766 0.027837 0.003886 0.023393 -0.022310 0.073616 0.121057 0.057434 0.052360 -0.025575 -0.090019 0.036117 0.062591 -0.052385 0.004890 0.000378 -0.005487 0.034730 0.076358 0.115409 -0.025072 -0.013781 0.116719 -0.011138 0.083229 0.024879 0.149560 0.102588 -0.045594 0.055335 -0.016766 0.102071 0.243008 0.099307 0.065689 0.015862 0.300683 0.002173 0.221168 0.196270 0.314988 0.123796 0.016937 1.000000 0.071333 0.179674 0.074816 0.110704 0.160755 0.078802 
0.159732 0.241012 0.068667 0.071995 0.149831 0.017924 0.081394 0.156846 0.180094 0.171997 -0.014721 0.021943 0.104282 0.066261 0.035078 0.207495 0.010391 -0.007205 -0.088698 -0.039075 0.015420 0.124411 0.291300 0.138265 0.111007 0.041088 0.010705 0.289017 0.146014 0.163710 0.188132 0.042805 0.149811 0.101461 0.708958 0.552830 0.131436 0.162480 -0.005542 0.111727 0.143752 0.099389 0.096234 0.093736 -0.013817 0.004988 0.037781 0.101084 0.323809 0.089310 0.145357 0.022654 0.096584 0.103480 0.084192 0.489506 0.369710 0.106007 -0.057796 0.071333 1.000000 0.207624 0.094231 0.150995 0.106514 0.090655 
0.237830 0.123473 0.160254 0.009598 0.175163 0.023136 0.062652 0.168487 0.104440 0.155729 -0.028615 0.040490 -0.031567 0.105505 -0.018111 0.389385 0.089021 -0.084363 0.042121 -0.041775 -0.047052 0.230593 0.298141 0.227426 0.074874 0.099813 -0.004253 0.220078 0.298493 0.149940 0.307506 0.055844 0.165569 0.075039 0.186405 0.167423 0.243082 0.087662 0.022174 0.116737 0.472761 0.056619 0.508143 0.281752 0.052931 0.133184 0.119002 0.031229 0.401737 0.118196 0.078126 0.019563 0.024377 0.251611 0.067962 0.288507 0.159639 0.655023 0.024493 0.179674 0.207624 1.000000 0.057184 0.255489 0.141922 0.066383 
0.304003 0.186524 0.178938 0.050895 -0.009909 0.010971 0.044516 0.087045 -0.053813 0.389899 0.050369 -0.025272 0.274733 -0.035036 0.126388 0.181042 0.237071 0.074360 0.017060 0.028980 0.018574 0.321991 0.212811 0.259068 0.133113 -0.023947 0.033904 0.218108 0.155861 0.281932 0.194067 -0.007203 0.305635 0.703424 0.109824 0.051393 -0.004371 0.140371 -0.042537 0.093185 0.127793 0.193578 0.071965 0.041689 0.001720 0.128061 -0.013705 0.552810 0.152059 0.529570 0.187029 0.198298 0.070184 -0.034887 0.491528 0.069821 0.175961 0.003077 -0.001378 0.074816 0.094231 0.057184 1.000000 0.468032 0.261313 0.924651 
0.406044 0.168740 0.189520 -0.077208 -0.029242 -0.002856 -0.040652 0.231599 -0.016010 0.246581 0.017019 0.003121 0.164029 0.038249 0.097528 0.385939 0.058612 0.147656 0.039020 0.120229 -0.099894 0.412460 0.262304 0.247955 0.050898 0.071593 -0.004521 0.237866 0.320088 0.327807 0.411562 -0.040153 0.354031 0.556942 0.212838 0.238513 -0.058838 0.012241 -0.001359 0.015107 0.275014 0.021516 0.189367 0.038710 0.063611 0.099628 0.079259 0.050726 0.356178 0.159602 0.112764 0.162453 0.107694 -0.078940 0.487993 0.156198 0.210524 0.057752 0.029267 0.110704 0.150995 0.255489 0.468032 1.000000 0.031955 0.526009 
0.060900 0.045607 0.087719 0.043156 0.089395 0.100497 0.014689 0.104050 -0.014493 0.257735 0.012519 -0.035070 0.040999 0.014582 0.014345 0.206214 0.076414 -0.037402 -0.110150 -0.049161 0.044099 0.097428 0.318813 0.185453 0.098889 0.045300 0.034249 0.127476 0.065050 0.071423 0.064850 0.067203 0.086055 0.152577 0.001254 0.111403 0.085477 0.605945 0.104472 0.402327 0.170800 0.485422 0.118400 0.057318 0.060121 0.093224 0.074496 0.400310 0.169696 0.430831 0.062105 0.013897 0.016024 0.103032 0.017374 0.258190 0.145239 0.179717 0.007865 0.160755 0.106514 0.141922 0.261313 0.031955 1.000000 0.197995 
0.346494 0.221087 0.218730 0.027689 0.037018 0.035600 0.098707 0.112483 -0.011328 0.376540 0.068856 -0.030155 0.278328 -0.022987 0.154178 0.193916 0.317170 0.136426 0.001539 0.040285 0.004526 0.366868 0.214019 0.264169 0.122351 0.026897 0.060775 0.233847 0.188150 0.325102 0.228242 0.023036 0.372109 0.669899 0.134048 0.080436 -0.032499 0.100411 0.029224 0.077224 0.179767 0.162705 0.167533 0.030938 0.036084 0.129612 0.024729 0.492976 0.180662 0.481666 0.201882 0.189202 0.113841 -0.062720 0.537460 0.085989 0.193714 0.004528 0.090976 0.078802 0.090655 0.066383 0.924651 0.526009 0.197995 1.000000 
