1.000000 0.011356 0.071206 0.223403 0.022085 0.033369 0.166680 0.579903 0.062289 0.265678 0.205288 0.122295 0.461832 0.129271 0.258603 0.175642 0.157213 0.138315 0.196021 0.238858 0.257157 0.079616 0.137598 0.058304 0.211102 0.011589 0.048681 -0.046363 0.143056 0.609715 0.563180 0.087893 0.388738 0.236571 0.028133 0.147496 0.215592 0.169114 0.168188 0.284879 0.168949 0.256756 0.234281 0.156770 0.171616 0.191244 0.174144 0.257918 0.089055 0.278991 0.135362 0.175347 0.127891 0.145384 0.164858 0.078244 0.103666 0.234376 0.100015 0.139671 0.058590 0.149447 0.197282 0.168895 0.173057 0.194589 
0.011356 1.000000 0.226201 0.128624 0.137170 0.074894 0.067491 -0.005500 0.074626 0.069803 0.034632 0.030109 0.100367 0.050964 0.095865 0.001948 0.052895 -0.084644 0.055201 -0.014717 0.124751 0.001468 0.195647 -0.037755 0.124864 0.327300 0.115812 0.726855 0.104766 0.046734 -0.048542 0.106150 0.017454 0.038128 0.519798 0.013156 0.062398 0.111755 0.053297 0.108116 0.038170 0.108568 0.048794 0.063906 0.037620 0.030927 0.039283 0.101636 0.085126 0.114402 0.267546 0.138925 0.250068 0.066771 0.029487 0.164890 0.066730 0.091770 0.071634 -0.000436 0.367256 0.140482 0.012123 0.057027 0.079192 0.018271 
0.071206 0.226201 1.000000 0.203102 0.216850 0.097369 0.039428 0.072124 0.204275 0.098076 0.048989 0.044383 0.124678 0.127390 0.193271 0.049982 0.011135 0.009634 -0.078916 -0.021908 0.213288 0.130580 0.157319 0.290497 0.129662 0.065780 -0.046344 0.102006 0.115541 0.092521 0.131475 0.290911 0.090668 0.045435 0.133577 0.229379 0.093939 0.141183 0.027569 0.069363 0.035509 0.101698 0.100237 0.103232 0.102211 0.035457 0.153968 0.123315 0.102481 0.088802 0.118280 0.051965 0.096051 0.073183 0.075383 0.080111 0.104321 0.137952 0.105842 0.115187 0.203672 0.128352 0.063095 0.082240 0.085366 0.081565 
0.223403 0.128624 0.203102 1.000000 0.307212 0.102017 0.267700 0.197073 0.319110 0.475484 0.110630 0.188204 0.389354 0.218688 0.169690 0.222461 0.217017 0.055864 0.022944 0.071189 0.858907 0.134590 0.298867 0.166301 0.639090 0.114018 0.188509 0.074583 0.445990 0.189084 0.206546 0.167215 0.200455 0.240348 0.118977 0.282481 0.375007 0.140231 0.157562 0.295119 0.269872 0.210340 0.331356 0.231909 0.166760 0.329888 0.210491 0.240876 0.304463 0.250059 0.220884 0.183049 0.183077 0.251006 0.190584 0.280545 0.177322 0.388622 0.084587 0.176479 0.106544 0.344479 0.207643 0.215136 0.125193 0.189615 
0.022085 0.137170 0.216850 0.307212 1.000000 0.148767 0.336420 0.062009 0.696177 0.222668 0.101250 0.123142 0.123290 0.092979 0.300439 0.055161 0.444699 -0.025874 -0.029376 -0.015713 0.222355 0.140856 0.225154 0.098014 0.253957 0.150263 0.250608 0.108548 0.285618 0.103339 0.062837 0.612242 0.130585 0.143073 0.104897 0.188620 0.145271 0.068017 0.028911 0.075846 0.221196 0.127344 0.296088 0.125539 0.096960 0.156710 0.116906 0.138762 0.131799 0.149023 0.203700 0.060566 0.114688 0.117710 0.133516 0.231029 0.148118 0.270411 0.049208 0.151386 0.099987 0.276966 0.165704 0.190741 0.113366 0.211042 
0.033369 0.074894 0.097369 0.102017 0.148767 1.000000 0.084431 0.027080 0.175178 0.189296 0.000924 0.051200 0.088490 0.255121 0.096539 0.061410 0.057647 0.083604 0.017449 0.029573 0.091203 0.178995 0.151298 0.063602 0.177011 0.597858 0.282987 0.228052 0.177946 0.037672 0.118533 0.199090 0.056337 0.047824 0.029426 0.112766 0.075634 0.107541 0.639793 0.080295 0.041394 0.058291 0.116674 0.088971 0.110110 0.075675 0.250288 0.038469 0.055207 0.048270 0.201884 -0.000655 0.060152 0.079323 0.108921 0.124008 0.067588 0.097565 0.466938 0.087121 0.182224 0.106281 0.073398 0.075607 0.157615 0.073262 
0.166680 0.067491 0.039428 0.267700 0.336420 0.084431 1.000000 0.165881 0.392634 0.235858 0.250420 0.098312 0.401538 0.163880 0.296360 0.111485 0.783924 -0.009014 0.072088 0.091906 0.199258 0.142306 0.184715 0.090127 0.252642 0.069431 0.261760 0.101775 0.243296 0.172639 0.114767 0.364211 0.192981 0.245045 0.183084 0.237505 0.249753 0.154791 0.101041 0.372174 0.272263 0.268347 0.397973 0.257076 0.117051 0.399470 0.151749 0.247681 0.175410 0.393680 0.152108 0.125441 0.175441 0.208191 0.124475 0.219193 0.099916 0.358364 0.026020 0.084049 0.222224 0.343189 0.225991 0.216311 0.149769 0.276317 
0.579903 -0.005500 0.072124 0.197073 0.062009 0.027080 0.165881 1.000000 0.081573 0.312938 0.431482 0.181030 0.461326 0.183807 0.153973 0.114856 0.165868 0.166376 0.110652 0.149789 0.262276 0.063584 0.121308 0.044822 0.257732 -0.010621 -0.012667 0.017392 0.319000 0.240760 0.348827 -0.005144 0.102243 0.262238 0.070560 0.108329 0.226580 0.271521 0.127491 0.265873 0.189585 0.307085 0.331579 0.269838 0.158515 0.213884 0.187836 0.270357 0.129404 0.284336 0.193545 0.112639 0.144925 0.205068 0.190528 0.129841 0.152455 0.321479 0.062475 0.114078 0.052501 0.292317 0.167736 0.217224 0.227211 0.158985 
0.062289 0.074626 0.204275 0.319110 0.696177 0.175178 0.392634 0.081573 1.000000 0.174617 0.187126 0.129573 0.188910 0.100458 0.652983 0.054735 0.399105 -0.034579 -0.005978 -0.010492 0.262220 0.162351 0.168218 0.075799 0.223228 0.176032 0.224422 0.094818 0.242137 0.185443 0.115199 0.497884 0.147731 0.188631 0.137230 0.275811 0.162859 0.108228 0.062476 0.165769 0.205440 0.207326 0.284678 0.108005 0.085368 0.217047 0.138814 0.226705 0.194183 0.200929 0.257556 0.080524 0.117082 0.105857 0.195297 0.227788 0.216172 0.258978 0.065950 0.174318 0.142703 0.255479 0.187541 0.207098 0.159295 0.227995 
0.265678 0.069803 0.098076 0.475484 0.222668 0.189296 0.235858 0.312938 0.174617 1.000000 0.225229 0.195135 0.461444 0.231679 0.127602 0.309981 0.236879 0.139519 0.064499 0.092970 0.418517 0.171436 0.388365 0.176961 0.858822 0.118997 0.134473 0.057960 0.617511 0.212567 0.207089 0.165868 0.273410 0.403274 0.134898 0.204677 0.448973 0.273785 0.208992 0.385962 0.309743 0.280676 0.481141 0.309337 0.217839 0.342037 0.230567 0.327141 0.235452 0.510220 0.209139 0.209800 0.176341 0.436189 0.194111 0.283824 0.194038 0.500106 0.088643 0.077239 0.103488 0.439791 0.363712 0.315285 0.253605 0.371765 
0.205288 0.034632 0.048989 0.110630 0.101250 0.000924 0.250420 0.431482 0.187126 0.225229 1.000000 0.125547 0.480769 0.144675 0.246554 0.036698 0.159794 0.096797 0.084483 0.081281 0.201828 0.070171 0.113286 0.046199 0.188673 0.002253 0.015625 0.023106 0.248160 0.124771 0.084249 0.036693 0.083238 0.233842 0.151993 0.096696 0.168283 0.145080 0.073747 0.196202 0.176003 0.212719 0.190787 0.188565 0.137568 0.185100 0.153924 0.180454 0.132552 0.211288 0.187536 0.131347 0.185973 0.164922 0.173256 0.113784 0.097666 0.156933 0.025650 0.098844 0.097616 0.179208 0.182276 0.230344 0.068815 0.169588 
0.122295 0.030109 0.044383 0.188204 0.123142 0.051200 0.098312 0.181030 0.129573 0.195135 0.125547 1.000000 0.154922 0.667222 0.099017 0.143288 0.121155 0.070226 0.411151 0.108191 0.224554 0.045806 0.146828 0.110675 0.226693 0.166783 0.058444 -0.038427 0.168017 0.124458 0.066068 0.057899 0.129769 0.155496 0.206131 0.259078 0.240236 0.228016 0.155254 0.130694 0.174438 0.212699 0.165559 0.157728 0.136040 0.197404 0.352807 0.227710 0.175587 0.169588 0.243044 0.134071 0.206818 0.270525 0.250890 0.222012 0.227887 0.186171 0.174433 0.271192 0.110154 0.189010 0.203306 0.156064 0.220172 0.227082 
0.461832 0.100367 0.124678 0.389354 0.123290 0.088490 0.401538 0.461326 0.188910 0.461444 0.480769 0.154922 1.000000 0.217999 0.267818 0.172264 0.330983 0.102008 0.080240 0.089080 0.544128 0.096740 0.222798 0.121846 0.399745 0.036131 0.052746 0.079719 0.289582 0.312979 0.216105 0.116533 0.270421 0.420800 0.153965 0.142733 0.302794 0.262090 0.180193 0.497474 0.315393 0.411300 0.298798 0.222632 0.159977 0.382627 0.225422 0.408852 0.188923 0.472995 0.239744 0.153261 0.256347 0.309368 0.129102 0.208366 0.080818 0.297440 0.096862 0.077624 0.192840 0.273489 0.297834 0.213355 0.241852 0.298125 
0.129271 0.050964 0.127390 0.218688 0.092979 0.255121 0.163880 0.183807 0.100458 0.231679 0.144675 0.667222 0.217999 1.000000 0.088242 0.151440 0.151449 0.112285 0.081039 0.064620 0.210434 0.031286 0.202058 0.065924 0.250643 0.386906 0.053477 0.016478 0.189482 0.167161 0.067761 0.062945 0.177938 0.128765 0.137886 0.209027 0.190943 0.208813 0.375587 0.134446 0.162566 0.182473 0.129494 0.158231 0.216389 0.148667 0.630193 0.138284 0.158976 0.147508 0.213194 0.042456 0.162709 0.207990 0.192144 0.183423 0.121706 0.141698 0.518365 0.284757 0.166618 0.159707 0.147227 0.149220 0.158484 0.165237 
0.258603 0.095865 0.193271 0.169690 0.300439 0.096539 0.296360 0.153973 0.652983 0.127602 0.246554 0.099017 0.267818 0.088242 1.000000 0.076847 0.366721 0.031034 0.068876 0.025878 0.193948 0.199465 0.113191 0.119031 0.150929 0.109851 0.166950 0.110478 0.144549 0.429560 0.136487 0.452380 0.279244 0.162513 0.162538 0.232369 0.096487 0.163470 0.012565 0.206778 0.097610 0.188386 0.229588 0.080950 0.099114 0.161883 0.107627 0.212657 0.118628 0.252580 0.151644 0.164740 0.132831 0.067881 0.160876 0.138601 0.162840 0.199128 0.054340 0.172423 0.143230 0.163111 0.202395 0.167492 0.127970 0.256179 
0.175642 0.001948 0.049982 0.222461 0.055161 0.061410 0.111485 0.114856 0.054735 0.309981 0.036698 0.143288 0.172264 0.151440 0.076847 1.000000 0.095038 0.116895 0.150983 0.145659 0.246170 0.168020 0.793876 0.619581 0.264379 0.042283 0.015027 -0.099368 0.205542 0.099083 0.093198 0.115380 0.100818 0.058475 0.065387 0.075680 0.108471 0.114969 0.140911 0.197610 0.175649 0.097512 0.164311 0.126255 0.218756 0.199161 0.187483 0.084881 0.285475 0.155198 0.091665 0.229419 0.119159 0.072307 0.099223 0.383940 0.122264 0.151735 0.179181 0.125340 0.052368 0.127531 0.060769 0.084504 0.101977 0.093145 
0.157213 0.052895 0.011135 0.217017 0.444699 0.057647 0.783924 0.165868 0.399105 0.236879 0.159794 0.121155 0.330983 0.151449 0.366721 0.095038 1.000000 0.034005 0.125642 0.071636 0.175630 0.162856 0.180447 0.035381 0.246448 0.120560 0.276079 0.072721 0.245234 0.268989 0.104218 0.456278 0.311921 0.302825 0.161919 0.220456 0.244075 0.167971 0.033162 0.362020 0.298280 0.316865 0.472883 0.199155 0.125745 0.377162 0.132657 0.323973 0.144477 0.447404 0.205302 0.099163 0.156564 0.205771 0.093167 0.225873 0.144338 0.376672 0.031088 0.078527 0.179191 0.327807 0.282529 0.192631 0.198094 0.384838 
0.138315 -0.084644 0.009634 0.055864 -0.025874 0.083604 -0.009014 0.166376 -0.034579 0.139519 0.096797 0.070226 0.102008 0.112285 0.031034 0.116895 0.034005 1.000000 0.012046 0.484986 0.093827 0.188570 0.015033 0.136221 0.117083 -0.011163 -0.024488 -0.088715 0.089554 0.039351 0.051314 -0.008094 0.133361 0.029588 0.141601 0.002374 0.041541 0.142848 0.135445 0.063145 0.043128 0.092093 0.102815 0.052760 0.263476 0.042937 0.235999 0.044271 0.023851 0.069717 0.090187 0.060362 -0.002362 0.011409 0.098664 -0.024715 0.084971 0.050730 0.257308 0.084616 0.121060 0.029511 0.050503 0.100625 0.125049 0.046053 
0.196021 0.055201 -0.078916 0.022944 -0.029376 0.017449 0.072088 0.110652 -0.005978 0.064499 0.084483 0.411151 0.080240 0.081039 0.068876 0.150983 0.125642 0.012046 1.000000 0.388242 0.073219 0.120648 0.136710 0.084534 0.077714 0.037540 0.117073 -0.002926 0.119575 0.109030 0.064044 0.036432 0.080545 0.022171 0.141411 0.109110 0.050376 0.092267 0.071439 0.077176 0.117269 0.114810 0.042432 0.055812 0.127869 0.043830 0.011965 0.063967 0.192333 0.098813 0.151335 0.153976 0.160091 0.085473 0.045912 0.184189 0.113368 0.018614 0.018170 0.068662 0.086175 0.041606 0.042669 0.015390 0.067678 0.051560 
0.238858 -0.014717 -0.021908 0.071189 -0.015713 0.029573 0.091906 0.149789 -0.010492 0.092970 0.081281 0.108191 0.089080 0.064620 0.025878 0.145659 0.071636 0.484986 0.388242 1.000000 0.109561 0.126371 0.084621 0.098678 0.099991 -0.053100 0.211622 -0.065980 0.104244 0.042854 0.107461 0.000059 0.041373 0.031272 0.133677 0.032940 0.051677 0.035341 0.072809 0.049950 0.128745 0.086657 0.100613 0.005539 0.221007 0.096017 0.138254 0.048608 0.130624 0.038081 0.089984 0.033144 0.019892 0.041351 0.052009 0.099580 0.114522 0.035611 0.154744 0.041968 0.129033 0.053824 0.043903 0.055776 -0.003642 0.047002 
0.257157 0.124751 0.213288 0.858907 0.222355 0.091203 0.199258 0.262276 0.262220 0.418517 0.201828 0.224554 0.544128 0.210434 0.193948 0.246170 0.175630 0.093827 0.073219 0.109561 1.000000 0.146344 0.318828 0.195925 0.523961 0.080365 0.100613 0.055591 0.362081 0.196841 0.189827 0.110344 0.208415 0.292389 0.140433 0.258519 0.384853 0.201913 0.160253 0.324354 0.280230 0.237359 0.321990 0.193014 0.191127 0.328697 0.224490 0.281327 0.332655 0.274864 0.245032 0.189945 0.197377 0.266402 0.173570 0.324498 0.137212 0.330274 0.100062 0.165263 0.125479 0.277681 0.215604 0.217325 0.170490 0.190027 
0.079616 0.001468 0.130580 0.134590 0.140856 0.178995 0.142306 0.063584 0.162351 0.171436 0.070171 0.045806 0.096740 0.031286 0.199465 0.168020 0.162856 0.188570 0.120648 0.126371 0.146344 1.000000 0.140684 0.471571 0.131813 0.059048 0.332657 0.010057 0.208845 0.185147 0.304596 0.175528 0.395588 0.058705 0.091466 0.083194 0.070118 0.208681 0.139165 0.081323 0.065231 0.131956 0.144955 0.126550 0.075032 0.097784 0.030704 0.109333 0.080808 0.167144 0.081260 0.004356 0.040585 0.022669 0.169328 0.091616 0.112880 0.096202 0.033331 0.007497 0.124150 0.112456 0.133607 0.159031 0.156351 0.163007 
0.137598 0.195647 0.157319 0.298867 0.225154 0.151298 0.184715 0.121308 0.168218 0.388365 0.113286 0.146828 0.222798 0.202058 0.113191 0.793876 0.180447 0.015033 0.136710 0.084621 0.318828 0.140684 1.000000 0.433831 0.330560 0.144365 0.066945 0.025588 0.299479 0.113535 0.042587 0.216453 0.113266 0.119720 0.105358 0.139062 0.136488 0.159904 0.209788 0.223092 0.251929 0.147504 0.280479 0.178277 0.205590 0.268843 0.209110 0.139412 0.456313 0.193605 0.153924 0.222823 0.174108 0.113171 0.089549 0.683046 0.117236 0.223936 0.182293 0.092449 0.069354 0.199845 0.106396 0.114694 0.166631 0.154969 
0.058304 -0.037755 0.290497 0.166301 0.098014 0.063602 0.090127 0.044822 0.075799 0.176961 0.046199 0.110675 0.121846 0.065924 0.119031 0.619581 0.035381 0.136221 0.084534 0.098678 0.195925 0.471571 0.433831 1.000000 0.140670 -0.011590 0.069865 -0.103826 0.106769 0.027600 0.043559 0.122124 0.113202 0.021825 0.056497 0.036675 0.075929 0.143251 0.084669 0.133807 0.031402 0.076168 0.096553 0.090953 0.190585 0.087723 0.113867 0.047588 0.039144 0.147189 0.075796 0.182852 0.126783 0.004251 0.092272 0.077959 0.087012 0.106043 0.065760 0.060487 0.083063 0.103752 0.068366 0.088114 0.073809 0.089644 
0.211102 0.124864 0.129662 0.639090 0.253957 0.177011 0.252642 0.257732 0.223228 0.858822 0.188673 0.226693 0.399745 0.250643 0.150929 0.264379 0.246448 0.117083 0.077714 0.099991 0.523961 0.131813 0.330560 0.140670 1.000000 0.128083 0.120826 0.114720 0.720595 0.181441 0.174375 0.200719 0.211349 0.327310 0.161685 0.258004 0.461624 0.173603 0.158437 0.319458 0.291932 0.231907 0.508423 0.282315 0.218100 0.314619 0.265844 0.265733 0.245062 0.343013 0.190128 0.196079 0.167629 0.397868 0.225788 0.263574 0.165060 0.574485 0.096035 0.151534 0.135765 0.470612 0.292406 0.287979 0.134119 0.295100 
0.011589 0.327300 0.065780 0.114018 0.150263 0.597858 0.069431 -0.010621 0.176032 0.118997 0.002253 0.166783 0.036131 0.386906 0.109851 0.042283 0.120560 -0.011163 0.037540 -0.053100 0.080365 0.059048 0.144365 -0.011590 0.128083 1.000000 0.383192 0.444300 0.127151 0.060001 0.016955 0.133355 0.089746 0.027206 0.052935 0.104765 0.147625 0.140273 0.349777 0.027968 -0.017897 0.025946 0.088761 0.027152 0.048843 -0.012770 0.182319 0.020879 0.070380 0.020790 0.299638 0.089053 0.093726 0.128840 0.203527 0.124494 0.230190 0.074961 0.516544 0.119383 0.118979 0.086675 0.048439 0.100656 0.110573 0.116131 
0.048681 0.115812 -0.046344 0.188509 0.250608 0.282987 0.261760 -0.012667 0.224422 0.134473 0.015625 0.058444 0.052746 0.053477 0.166950 0.015027 0.276079 -0.024488 0.117073 0.211622 0.100613 0.332657 0.066945 0.069865 0.120826 0.383192 1.000000 0.234290 0.134982 0.080886 0.205150 0.244591 0.182924 0.067477 0.084115 0.160041 0.115881 0.105106 0.123576 0.035115 0.036599 0.079661 0.065364 0.021013 0.010600 0.031184 -0.040853 0.078792 0.113530 0.131866 0.152541 0.066731 0.113980 0.094283 0.181326 0.148714 0.188961 0.027245 0.011177 0.084008 0.064508 0.020056 0.110118 0.128484 0.113812 0.146733 
-0.046363 0.726855 0.102006 0.074583 0.108548 0.228052 0.101775 0.017392 0.094818 0.057960 0.023106 -0.038427 0.079719 0.016478 0.110478 -0.099368 0.072721 -0.088715 -0.002926 -0.065980 0.055591 0.010057 0.025588 -0.103826 0.114720 0.444300 0.234290 1.000000 0.101224 -0.010717 -0.081533 0.100579 -0.042385 -0.001695 0.299464 -0.004901 0.094565 0.035544 0.081998 0.039576 -0.007717 -0.002139 0.064727 0.018856 -0.066787 -0.018982 -0.064014 -0.007751 0.067387 0.038573 0.185581 0.158871 0.215832 0.104904 0.057377 0.055755 0.066461 0.104794 0.042806 -0.047610 0.283853 0.138343 -0.018155 0.051127 -0.052212 -0.034073 
0.143056 0.104766 0.115541 0.445990 0.285618 0.177946 0.243296 0.319000 0.242137 0.617511 0.248160 0.168017 0.289582 0.189482 0.144549 0.205542 0.245234 0.089554 0.119575 0.104244 0.362081 0.208845 0.299479 0.106769 0.720595 0.127151 0.134982 0.101224 1.000000 0.128772 0.255063 0.202181 0.148227 0.271332 0.109607 0.182156 0.220766 0.182216 0.186834 0.207716 0.327873 0.215785 0.343459 0.236152 0.167516 0.281873 0.206421 0.219714 0.248385 0.255733 0.191109 0.133856 0.108643 0.207292 0.225810 0.246665 0.183315 0.332746 0.121037 0.103369 0.078672 0.348817 0.279415 0.287428 0.129023 0.282565 
0.609715 0.046734 0.092521 0.189084 0.103339 0.037672 0.172639 0.240760 0.185443 0.212567 0.124771 0.124458 0.312979 0.167161 0.429560 0.099083 0.268989 0.039351 0.109030 0.042854 0.196841 0.185147 0.113535 0.027600 0.181441 0.060001 0.080886 -0.010717 0.128772 1.000000 0.519558 0.230742 0.840859 0.266976 0.060556 0.188758 0.229355 0.179755 0.091601 0.245390 0.189462 0.236956 0.242463 0.125392 0.142522 0.209042 0.173616 0.222584 0.057978 0.279682 0.131964 0.117126 0.073307 0.187212 0.149213 0.087668 0.136771 0.192002 0.100170 0.095512 0.117486 0.046012 0.267308 0.223475 0.156696 0.298796 
0.563180 -0.048542 0.131475 0.206546 0.062837 0.118533 0.114767 0.348827 0.115199 0.207089 0.084249 0.066068 0.216105 0.067761 0.136487 0.093198 0.104218 0.051314 0.064044 0.107461 0.189827 0.304596 0.042587 0.043559 0.174375 0.016955 0.205150 -0.081533 0.255063 0.519558 1.000000 0.116482 0.499360 0.243266 0.074288 0.192265 0.189323 0.165095 0.141264 0.214704 0.214924 0.251629 0.186412 0.109511 0.116593 0.136106 0.119113 0.222765 0.111530 0.218081 0.096327 0.022340 0.084603 0.158934 0.265037 0.053544 0.180262 0.185102 0.082420 0.156549 0.090667 0.069770 0.254682 0.282731 0.140598 0.222119 
0.087893 0.106150 0.290911 0.167215 0.612242 0.199090 0.364211 -0.005144 0.497884 0.165868 0.036693 0.057899 0.116533 0.062945 0.452380 0.115380 0.456278 -0.008094 0.036432 0.000059 0.110344 0.175528 0.216453 0.122124 0.200719 0.133355 0.244591 0.100579 0.202181 0.230742 0.116482 1.000000 0.198295 0.057646 0.121963 0.145316 0.094936 0.037399 0.057168 0.107781 0.139380 0.086778 0.248030 0.080975 0.094877 0.146496 0.108045 0.097622 0.137586 0.167226 0.115180 0.088753 0.064069 0.059207 0.097259 0.203920 0.129070 0.221208 0.069332 0.095381 0.144119 0.154291 0.091536 0.105537 0.058020 0.152050 
0.388738 0.017454 0.090668 0.200455 0.130585 0.056337 0.192981 0.102243 0.147731 0.273410 0.083238 0.129769 0.270421 0.177938 0.279244 0.100818 0.311921 0.133361 0.080545 0.041373 0.208415 0.395588 0.113266 0.113202 0.211349 0.089746 0.182924 -0.042385 0.148227 0.840859 0.499360 0.198295 1.000000 0.299355 0.095356 0.166039 0.265772 0.198837 0.091887 0.226634 0.189501 0.212034 0.257117 0.107731 0.119548 0.212848 0.139691 0.209441 0.082524 0.338404 0.135117 0.079996 0.088248 0.207279 0.214346 0.102247 0.211608 0.183127 0.090007 0.061883 0.136160 0.060802 0.319211 0.271195 0.157147 0.373181 
0.236571 0.038128 0.045435 0.240348 0.143073 0.047824 0.245045 0.262238 0.188631 0.403274 0.233842 0.155496 0.420800 0.128765 0.162513 0.058475 0.302825 0.029588 0.022171 0.031272 0.292389 0.058705 0.119720 0.021825 0.327310 0.027206 0.067477 -0.001695 0.271332 0.266976 0.243266 0.057646 0.299355 1.000000 0.115784 0.084039 0.350428 0.201611 0.065875 0.473220 0.477762 0.511517 0.359076 0.232125 0.129260 0.435629 0.168483 0.658573 0.116966 0.428173 0.135409 0.134079 0.182403 0.364182 0.335903 0.161748 0.170233 0.313653 0.006518 0.130850 0.094107 0.248122 0.845160 0.614391 0.215421 0.752555 
0.028133 0.519798 0.133577 0.118977 0.104897 0.029426 0.183084 0.070560 0.137230 0.134898 0.151993 0.206131 0.153965 0.137886 0.162538 0.065387 0.161919 0.141601 0.141411 0.133677 0.140433 0.091466 0.105358 0.056497 0.161685 0.052935 0.084115 0.299464 0.109607 0.060556 0.074288 0.121963 0.095356 0.115784 1.000000 0.260637 0.145223 0.101018 0.078297 0.189504 0.098197 0.147480 0.145313 0.041721 0.077005 0.141442 0.124729 0.128282 0.146442 0.183126 0.173012 0.168771 0.232497 0.135643 0.101381 0.191226 0.090553 0.181254 0.068867 0.175579 0.741290 0.220440 0.082015 0.127320 0.058625 0.103702 
0.147496 0.013156 0.229379 0.282481 0.188620 0.112766 0.237505 0.108329 0.275811 0.204677 0.096696 0.259078 0.142733 0.209027 0.232369 0.075680 0.220456 0.002374 0.109110 0.032940 0.258519 0.083194 0.139062 0.036675 0.258004 0.104765 0.160041 -0.004901 0.182156 0.188758 0.192265 0.145316 0.166039 0.084039 0.260637 1.000000 0.202350 0.169980 0.095825 0.133965 0.186501 0.132716 0.198023 0.150332 0.045410 0.178320 0.157518 0.150507 0.264894 0.162792 0.178537 0.132799 0.100836 0.230186 0.084869 0.334397 0.161951 0.238334 0.048887 0.106834 0.234697 0.225011 0.059583 0.064317 0.202448 0.081441 
0.215592 0.062398 0.093939 0.375007 0.145271 0.075634 0.249753 0.226580 0.162859 0.448973 0.168283 0.240236 0.302794 0.190943 0.096487 0.108471 0.244075 0.041541 0.050376 0.051677 0.384853 0.070118 0.136488 0.075929 0.461624 0.147625 0.115881 0.094565 0.220766 0.229355 0.189323 0.094936 0.265772 0.350428 0.145223 0.202350 1.000000 0.168218 0.156805 0.333415 0.272584 0.227872 0.472092 0.221780 0.185432 0.392657 0.173456 0.262379 0.197153 0.341946 0.229396 0.231775 0.228524 0.818054 0.182612 0.170467 0.153827 0.591955 0.072572 0.187660 0.176906 0.408118 0.270781 0.285022 0.149002 0.277795 
0.169114 0.111755 0.141183 0.140231 0.068017 0.107541 0.154791 0.271521 0.108228 0.273785 0.145080 0.228016 0.262090 0.208813 0.163470 0.114969 0.167971 0.142848 0.092267 0.035341 0.201913 0.208681 0.159904 0.143251 0.173603 0.140273 0.105106 0.035544 0.182216 0.179755 0.165095 0.037399 0.198837 0.201611 0.101018 0.169980 0.168218 1.000000 0.121876 0.281551 0.089108 0.447424 0.163198 0.215495 0.254190 0.207002 0.226672 0.315881 0.126718 0.479006 0.298113 0.207181 0.224597 0.174165 0.202099 0.206770 0.186459 0.119939 0.100266 0.090470 0.084334 0.100864 0.253816 0.229891 0.804899 0.240155 
0.168188 0.053297 0.027569 0.157562 0.028911 0.639793 0.101041 0.127491 0.062476 0.208992 0.073747 0.155254 0.180193 0.375587 0.012565 0.140911 0.033162 0.135445 0.071439 0.072809 0.160253 0.139165 0.209788 0.084669 0.158437 0.349777 0.123576 0.081998 0.186834 0.091601 0.141264 0.057168 0.091887 0.065875 0.078297 0.095825 0.156805 0.121876 1.000000 0.125784 0.099211 0.078923 0.071620 0.118057 0.111953 0.137030 0.296443 0.061833 0.115864 0.101925 0.237269 0.054036 0.125783 0.111525 0.084115 0.162956 0.059862 0.043785 0.485585 0.176201 0.243706 0.031445 0.083456 0.073967 0.185799 0.069151 
0.284879 0.108116 0.069363 0.295119 0.075846 0.080295 0.372174 0.265873 0.165769 0.385962 0.196202 0.130694 0.497474 0.134446 0.206778 0.197610 0.362020 0.063145 0.077176 0.049950 0.324354 0.081323 0.223092 0.133807 0.319458 0.027968 0.035115 0.039576 0.207716 0.245390 0.214704 0.107781 0.226634 0.473220 0.189504 0.133965 0.333415 0.281551 0.125784 1.000000 0.281543 0.620195 0.368421 0.241011 0.193516 0.541997 0.210538 0.578349 0.185316 0.639654 0.199141 0.164648 0.244614 0.305155 0.221876 0.177383 0.145041 0.345447 0.085116 0.142651 0.205125 0.276606 0.355521 0.255552 0.335663 0.348118 
0.168949 0.038170 0.035509 0.269872 0.221196 0.041394 0.272263 0.189585 0.205440 0.309743 0.176003 0.174438 0.315393 0.162566 0.097610 0.175649 0.298280 0.043128 0.117269 0.128745 0.280230 0.065231 0.251929 0.031402 0.291932 -0.017897 0.036599 -0.007717 0.327873 0.189462 0.214924 0.139380 0.189501 0.477762 0.098197 0.186501 0.272584 0.089108 0.099211 0.281543 1.000000 0.250774 0.371278 0.330073 0.139181 0.485521 0.188310 0.317278 0.238240 0.247691 0.160669 0.095657 0.150064 0.282783 0.109973 0.265099 0.114548 0.350112 0.022170 0.062965 0.034086 0.262804 0.335438 0.239311 0.087817 0.308960 
0.256756 0.108568 0.101698 0.210340 0.127344 0.058291 0.268347 0.307085 0.207326 0.280676 0.212719 0.212699 0.411300 0.182473 0.188386 0.097512 0.316865 0.092093 0.114810 0.086657 0.237359 0.131956 0.147504 0.076168 0.231907 0.025946 0.079661 -0.002139 0.215785 0.236956 0.251629 0.086778 0.212034 0.511517 0.147480 0.132716 0.227872 0.447424 0.078923 0.620195 0.250774 1.000000 0.306810 0.187148 0.227762 0.439650 0.268265 0.817617 0.120640 0.460626 0.218352 0.131044 0.225993 0.255261 0.202165 0.147410 0.142584 0.275453 0.064835 0.150315 0.176574 0.250787 0.492863 0.304371 0.469524 0.418907 
0.234281 0.048794 0.100237 0.331356 0.296088 0.116674 0.397973 0.331579 0.284678 0.481141 0.190787 0.165559 0.298798 0.129494 0.229588 0.164311 0.472883 0.102815 0.042432 0.100613 0.321990 0.144955 0.280479 0.096553 0.508423 0.088761 0.065364 0.064727 0.343459 0.242463 0.186412 0.248030 0.257117 0.359076 0.145313 0.198023 0.472092 0.163198 0.071620 0.368421 0.371278 0.306810 1.000000 0.315208 0.175678 0.489413 0.178225 0.350095 0.264628 0.326694 0.094634 0.202523 0.102587 0.362290 0.242918 0.320217 0.249984 0.886697 0.045140 0.174824 0.106653 0.676839 0.309007 0.242312 0.141274 0.388413 
0.156770 0.063906 0.103232 0.231909 0.125539 0.088971 0.257076 0.269838 0.108005 0.309337 0.188565 0.157728 0.222632 0.158231 0.080950 0.126255 0.199155 0.052760 0.055812 0.005539 0.193014 0.126550 0.178277 0.090953 0.282315 0.027152 0.021013 0.018856 0.236152 0.125392 0.109511 0.080975 0.107731 0.232125 0.041721 0.150332 0.221780 0.215495 0.118057 0.241011 0.330073 0.187148 0.315208 1.000000 0.087478 0.462859 0.128250 0.251802 0.137596 0.349722 0.083913 0.040926 0.158924 0.259815 0.159811 0.161630 0.066699 0.351872 -0.021927 0.071402 0.013135 0.308746 0.185551 0.169645 0.168821 0.157520 
0.171616 0.037620 0.102211 0.166760 0.096960 0.110110 0.117051 0.158515 0.085368 0.217839 0.137568 0.136040 0.159977 0.216389 0.099114 0.218756 0.125745 0.263476 0.127869 0.221007 0.191127 0.075032 0.205590 0.190585 0.218100 0.048843 0.010600 -0.066787 0.167516 0.142522 0.116593 0.094877 0.119548 0.129260 0.077005 0.045410 0.185432 0.254190 0.111953 0.193516 0.139181 0.227762 0.175678 0.087478 1.000000 0.092213 0.705654 0.144216 0.120862 0.234766 0.218426 0.429064 0.115544 0.211948 0.076062 0.133432 0.101095 0.137596 0.390798 0.151776 0.115557 0.086148 0.094745 0.159742 0.192269 0.098395 
0.191244 0.030927 0.035457 0.329888 0.156710 0.075675 0.399470 0.213884 0.217047 0.342037 0.185100 0.197404 0.382627 0.148667 0.161883 0.199161 0.377162 0.042937 0.043830 0.096017 0.328697 0.097784 0.268843 0.087723 0.314619 -0.012770 0.031184 -0.018982 0.281873 0.209042 0.136106 0.146496 0.212848 0.435629 0.141442 0.178320 0.392657 0.207002 0.137030 0.541997 0.485521 0.439650 0.489413 0.462859 0.092213 1.000000 0.148589 0.496138 0.270280 0.415497 0.127038 0.096122 0.183855 0.420823 0.163069 0.273972 0.128108 0.460942 0.006880 0.062090 0.117373 0.356945 0.380369 0.231267 0.258775 0.381608 
0.174144 0.039283 0.153968 0.210491 0.116906 0.250288 0.151749 0.187836 0.138814 0.230567 0.153924 0.352807 0.225422 0.630193 0.107627 0.187483 0.132657 0.235999 0.011965 0.138254 0.224490 0.030704 0.209110 0.113867 0.265844 0.182319 -0.040853 -0.064014 0.206421 0.173616 0.119113 0.108045 0.139691 0.168483 0.124729 0.157518 0.173456 0.226672 0.296443 0.210538 0.188310 0.268265 0.178225 0.128250 0.705654 0.148589 1.000000 0.173649 0.132525 0.178716 0.169122 0.138660 0.054648 0.200559 0.138581 0.146231 0.053262 0.167219 0.594450 0.262975 0.156799 0.134953 0.111476 0.189768 0.178493 0.102696 
0.257918 0.101636 0.123315 0.240876 0.138762 0.038469 0.247681 0.270357 0.226705 0.327141 0.180454 0.227710 0.408852 0.138284 0.212657 0.084881 0.323973 0.044271 0.063967 0.048608 0.281327 0.109333 0.139412 0.047588 0.265733 0.020879 0.078792 -0.007751 0.219714 0.222584 0.222765 0.097622 0.209441 0.658573 0.128282 0.150507 0.262379 0.315881 0.061833 0.578349 0.317278 0.817617 0.350095 0.251802 0.144216 0.496138 0.173649 1.000000 0.107676 0.492103 0.182531 0.141347 0.194802 0.316309 0.229173 0.148246 0.149904 0.309316 -0.017939 0.133960 0.148653 0.279168 0.639204 0.300165 0.439286 0.582657 
0.089055 0.085126 0.102481 0.304463 0.131799 0.055207 0.175410 0.129404 0.194183 0.235452 0.132552 0.175587 0.188923 0.158976 0.118628 0.285475 0.144477 0.023851 0.192333 0.130624 0.332655 0.080808 0.456313 0.039144 0.245062 0.070380 0.113530 0.067387 0.248385 0.057978 0.111530 0.137586 0.082524 0.116966 0.146442 0.264894 0.197153 0.126718 0.115864 0.185316 0.238240 0.120640 0.264628 0.137596 0.120862 0.270280 0.132525 0.107676 1.000000 0.174122 0.099479 0.156936 0.066381 0.199143 0.215466 0.812862 0.385981 0.190979 0.125255 0.123464 0.119691 0.146287 0.077473 0.121108 0.081968 0.086759 
0.278991 0.114402 0.088802 0.250059 0.149023 0.048270 0.393680 0.284336 0.200929 0.510220 0.211288 0.169588 0.472995 0.147508 0.252580 0.155198 0.447404 0.069717 0.098813 0.038081 0.274864 0.167144 0.193605 0.147189 0.343013 0.020790 0.131866 0.038573 0.255733 0.279682 0.218081 0.167226 0.338404 0.428173 0.183126 0.162792 0.341946 0.479006 0.101925 0.639654 0.247691 0.460626 0.326694 0.349722 0.234766 0.415497 0.178716 0.492103 0.174122 1.000000 0.265061 0.247125 0.234663 0.358854 0.213528 0.196283 0.147780 0.311644 0.014603 0.056949 0.223399 0.289263 0.407020 0.289474 0.435652 0.436105 
0.135362 0.267546 0.118280 0.220884 0.203700 0.201884 0.152108 0.193545 0.257556 0.209139 0.187536 0.243044 0.239744 0.213194 0.151644 0.091665 0.205302 0.090187 0.151335 0.089984 0.245032 0.081260 0.153924 0.075796 0.190128 0.299638 0.152541 0.185581 0.191109 0.131964 0.096327 0.115180 0.135117 0.135409 0.173012 0.178537 0.229396 0.298113 0.237269 0.199141 0.160669 0.218352 0.094634 0.083913 0.218426 0.127038 0.169122 0.182531 0.099479 0.265061 1.000000 0.243509 0.514536 0.203527 0.160874 0.140645 0.417169 0.066226 0.189936 0.095414 0.232921 0.099384 0.105209 0.180371 0.305373 0.144261 
0.175347 0.138925 0.051965 0.183049 0.060566 -0.000655 0.125441 0.112639 0.080524 0.209800 0.131347 0.134071 0.153261 0.042456 0.164740 0.229419 0.099163 0.060362 0.153976 0.033144 0.189945 0.004356 0.222823 0.182852 0.196079 0.089053 0.066731 0.158871 0.133856 0.117126 0.022340 0.088753 0.079996 0.134079 0.168771 0.132799 0.231775 0.207181 0.054036 0.164648 0.095657 0.131044 0.202523 0.040926 0.429064 0.096122 0.138660 0.141347 0.156936 0.247125 0.243509 1.000000 0.362324 0.169995 0.119613 0.175962 0.211996 0.197743 0.077752 0.100619 0.199731 0.163982 0.139507 0.109861 0.178040 0.158533 
0.127891 0.250068 0.096051 0.183077 0.114688 0.060152 0.175441 0.144925 0.117082 0.176341 0.185973 0.206818 0.256347 0.162709 0.132831 0.119159 0.156564 -0.002362 0.160091 0.019892 0.197377 0.040585 0.174108 0.126783 0.167629 0.093726 0.113980 0.215832 0.108643 0.073307 0.084603 0.064069 0.088248 0.182403 0.232497 0.100836 0.228524 0.224597 0.125783 0.244614 0.150064 0.225993 0.102587 0.158924 0.115544 0.183855 0.054648 0.194802 0.066381 0.234663 0.514536 0.362324 1.000000 0.166468 0.078390 0.118319 0.103010 0.160413 0.016600 0.214815 0.232965 0.149368 0.196605 0.197906 0.195799 0.161847 
0.145384 0.066771 0.073183 0.251006 0.117710 0.079323 0.208191 0.205068 0.105857 0.436189 0.164922 0.270525 0.309368 0.207990 0.067881 0.072307 0.205771 0.011409 0.085473 0.041351 0.266402 0.022669 0.113171 0.004251 0.397868 0.128840 0.094283 0.104904 0.207292 0.187212 0.158934 0.059207 0.207279 0.364182 0.135643 0.230186 0.818054 0.174165 0.111525 0.305155 0.282783 0.255261 0.362290 0.259815 0.211948 0.420823 0.200559 0.316309 0.199143 0.358854 0.203527 0.169995 0.166468 1.000000 0.179503 0.169860 0.135589 0.453753 0.053939 0.099204 0.143009 0.345694 0.286117 0.280164 0.165604 0.284437 
0.164858 0.029487 0.075383 0.190584 0.133516 0.108921 0.124475 0.190528 0.195297 0.194111 0.173256 0.250890 0.129102 0.192144 0.160876 0.099223 0.093167 0.098664 0.045912 0.052009 0.173570 0.169328 0.089549 0.092272 0.225788 0.203527 0.181326 0.057377 0.225810 0.149213 0.265037 0.097259 0.214346 0.335903 0.101381 0.084869 0.182612 0.202099 0.084115 0.221876 0.109973 0.202165 0.242918 0.159811 0.076062 0.163069 0.138581 0.229173 0.215466 0.213528 0.160874 0.119613 0.078390 0.179503 1.000000 0.135853 0.625858 0.233235 0.141731 0.398503 0.091802 0.231807 0.359344 0.586596 0.134061 0.389131 
0.078244 0.164890 0.080111 0.280545 0.231029 0.124008 0.219193 0.129841 0.227788 0.283824 0.113784 0.222012 0.208366 0.183423 0.138601 0.383940 0.225873 -0.024715 0.184189 0.099580 0.324498 0.091616 0.683046 0.077959 0.263574 0.124494 0.148714 0.055755 0.246665 0.087668 0.053544 0.203920 0.102247 0.161748 0.191226 0.334397 0.170467 0.206770 0.162956 0.177383 0.265099 0.147410 0.320217 0.161630 0.133432 0.273972 0.146231 0.148246 0.812862 0.196283 0.140645 0.175962 0.118319 0.169860 0.135853 1.000000 0.277757 0.204076 0.131190 0.116349 0.140354 0.171812 0.128273 0.139527 0.190588 0.179776 
0.103666 0.066730 0.104321 0.177322 0.148118 0.067588 0.099916 0.152455 0.216172 0.194038 0.097666 0.227887 0.080818 0.121706 0.162840 0.122264 0.144338 0.084971 0.113368 0.114522 0.137212 0.112880 0.117236 0.087012 0.165060 0.230190 0.188961 0.066461 0.183315 0.136771 0.180262 0.129070 0.211608 0.170233 0.090553 0.161951 0.153827 0.186459 0.059862 0.145041 0.114548 0.142584 0.249984 0.066699 0.101095 0.128108 0.053262 0.149904 0.385981 0.147780 0.417169 0.211996 0.103010 0.135589 0.625858 0.277757 1.000000 0.186011 0.144898 0.199623 0.061177 0.193034 0.184528 0.241360 0.176229 0.265909 
0.234376 0.091770 0.137952 0.388622 0.270411 0.097565 0.358364 0.321479 0.258978 0.500106 0.156933 0.186171 0.297440 0.141698 0.199128 0.151735 0.376672 0.050730 0.018614 0.035611 0.330274 0.096202 0.223936 0.106043 0.574485 0.074961 0.027245 0.104794 0.332746 0.192002 0.185102 0.221208 0.183127 0.313653 0.181254 0.238334 0.591955 0.119939 0.043785 0.345447 0.350112 0.275453 0.886697 0.351872 0.137596 0.460942 0.167219 0.309316 0.190979 0.311644 0.066226 0.197743 0.160413 0.453753 0.233235 0.204076 0.186011 1.000000 0.023314 0.186281 0.143775 0.805750 0.255221 0.225712 0.092685 0.291963 
0.100015 0.071634 0.105842 0.084587 0.049208 0.466938 0.026020 0.062475 0.065950 0.088643 0.025650 0.174433 0.096862 0.518365 0.054340 0.179181 0.031088 0.257308 0.018170 0.154744 0.100062 0.033331 0.182293 0.065760 0.096035 0.516544 0.011177 0.042806 0.121037 0.100170 0.082420 0.069332 0.090007 0.006518 0.068867 0.048887 0.072572 0.100266 0.485585 0.085116 0.022170 0.064835 0.045140 -0.021927 0.390798 0.006880 0.594450 -0.017939 0.125255 0.014603 0.189936 0.077752 0.016600 0.053939 0.141731 0.131190 0.144898 0.023314 1.000000 0.311516 0.258892 0.032134 0.037595 0.113514 0.083118 0.072860 
0.139671 -0.000436 0.115187 0.176479 0.151386 0.087121 0.084049 0.114078 0.174318 0.077239 0.098844 0.271192 0.077624 0.284757 0.172423 0.125340 0.078527 0.084616 0.068662 0.041968 0.165263 0.007497 0.092449 0.060487 0.151534 0.119383 0.084008 -0.047610 0.103369 0.095512 0.156549 0.095381 0.061883 0.130850 0.175579 0.106834 0.187660 0.090470 0.176201 0.142651 0.062965 0.150315 0.174824 0.071402 0.151776 0.062090 0.262975 0.133960 0.123464 0.056949 0.095414 0.100619 0.214815 0.099204 0.398503 0.116349 0.199623 0.186281 0.311516 1.000000 0.250367 0.146456 0.155861 0.347547 0.157803 0.142138 
0.058590 0.367256 0.203672 0.106544 0.099987 0.182224 0.222224 0.052501 0.142703 0.103488 0.097616 0.110154 0.192840 0.166618 0.143230 0.052368 0.179191 0.121060 0.086175 0.129033 0.125479 0.124150 0.069354 0.083063 0.135765 0.118979 0.064508 0.283853 0.078672 0.117486 0.090667 0.144119 0.136160 0.094107 0.741290 0.234697 0.176906 0.084334 0.243706 0.205125 0.034086 0.176574 0.106653 0.013135 0.115557 0.117373 0.156799 0.148653 0.119691 0.223399 0.232921 0.199731 0.232965 0.143009 0.091802 0.140354 0.061177 0.143775 0.258892 0.250367 1.000000 0.191253 0.081943 0.146963 0.061584 0.096833 
0.149447 0.140482 0.128352 0.344479 0.276966 0.106281 0.343189 0.292317 0.255479 0.439791 0.179208 0.189010 0.273489 0.159707 0.163111 0.127531 0.327807 0.029511 0.041606 0.053824 0.277681 0.112456 0.199845 0.103752 0.470612 0.086675 0.020056 0.138343 0.348817 0.046012 0.069770 0.154291 0.060802 0.248122 0.220440 0.225011 0.408118 0.100864 0.031445 0.276606 0.262804 0.250787 0.676839 0.308746 0.086148 0.356945 0.134953 0.279168 0.146287 0.289263 0.099384 0.163982 0.149368 0.345694 0.231807 0.171812 0.193034 0.805750 0.032134 0.146456 0.191253 1.000000 0.196018 0.190883 0.084446 0.221686 
0.197282 0.012123 0.063095 0.207643 0.165704 0.073398 0.225991 0.167736 0.187541 0.363712 0.182276 0.203306 0.297834 0.147227 0.202395 0.060769 0.282529 0.050503 0.042669 0.043903 0.215604 0.133607 0.106396 0.068366 0.292406 0.048439 0.110118 -0.018155 0.279415 0.267308 0.254682 0.091536 0.319211 0.845160 0.082015 0.059583 0.270781 0.253816 0.083456 0.355521 0.335438 0.492863 0.309007 0.185551 0.094745 0.380369 0.111476 0.639204 0.077473 0.407020 0.105209 0.139507 0.196605 0.286117 0.359344 0.128273 0.184528 0.255221 0.037595 0.155861 0.081943 0.196018 1.000000 0.657009 0.260205 0.901869 
0.168895 0.057027 0.082240 0.215136 0.190741 0.075607 0.216311 0.217224 0.207098 0.315285 0.230344 0.156064 0.213355 0.149220 0.167492 0.084504 0.192631 0.100625 0.015390 0.055776 0.217325 0.159031 0.114694 0.088114 0.287979 0.100656 0.128484 0.051127 0.287428 0.223475 0.282731 0.105537 0.271195 0.614391 0.127320 0.064317 0.285022 0.229891 0.073967 0.255552 0.239311 0.304371 0.242312 0.169645 0.159742 0.231267 0.189768 0.300165 0.121108 0.289474 0.180371 0.109861 0.197906 0.280164 0.586596 0.139527 0.241360 0.225712 0.113514 0.347547 0.146963 0.190883 0.657009 1.000000 0.147364 0.577032 
0.173057 0.079192 0.085366 0.125193 0.113366 0.157615 0.149769 0.227211 0.159295 0.253605 0.068815 0.220172 0.241852 0.158484 0.127970 0.101977 0.198094 0.125049 0.067678 -0.003642 0.170490 0.156351 0.166631 0.073809 0.134119 0.110573 0.113812 -0.052212 0.129023 0.156696 0.140598 0.058020 0.157147 0.215421 0.058625 0.202448 0.149002 0.804899 0.185799 0.335663 0.087817 0.469524 0.141274 0.168821 0.192269 0.258775 0.178493 0.439286 0.081968 0.435652 0.305373 0.178040 0.195799 0.165604 0.134061 0.190588 0.176229 0.092685 0.083118 0.157803 0.061584 0.084446 0.260205 0.147364 1.000000 0.254212 
0.194589 0.018271 0.081565 0.189615 0.211042 0.073262 0.276317 0.158985 0.227995 0.371765 0.169588 0.227082 0.298125 0.165237 0.256179 0.093145 0.384838 0.046053 0.051560 0.047002 0.190027 0.163007 0.154969 0.089644 0.295100 0.116131 0.146733 -0.034073 0.282565 0.298796 0.222119 0.152050 0.373181 0.752555 0.103702 0.081441 0.277795 0.240155 0.069151 0.348118 0.308960 0.418907 0.388413 0.157520 0.098395 0.381608 0.102696 0.582657 0.086759 0.436105 0.144261 0.158533 0.161847 0.284437 0.389131 0.179776 0.265909 0.291963 0.072860 0.142138 0.096833 0.221686 0.901869 0.577032 0.254212 1.000000 
