0.000000000000000000e+00 3.555581675531133568e-03 5.201140136933971904e-03 7.640092856513178762e-04 6.758543680761658302e-04 1.674943433927889372e-02 6.793805647791718860e-02 1.998178131703446866e-02 3.526196703006082922e-04 3.349886867855778744e-02 3.070729628867796893e-02 9.873350768417030882e-03 6.361846551673473737e-02 1.674943433927889372e-02 3.555581675531133568e-03 1.542711057565161227e-02 3.244100966765595812e-02 4.995445329258617166e-03 1.924715700390820100e-02 2.468337692104257894e-02 1.448679145484998987e-02 2.427198730569186946e-02 2.938497252505068921e-04 8.815491757515206764e-03 1.774852340513061524e-02 2.850342334929916767e-03 1.792483324028092129e-02 5.700684669859833534e-03 2.903235285475008060e-02 1.254738326819664421e-02 6.256060650583292193e-02 3.026652170080221076e-03 2.741617936587229312e-02 2.580000587699450565e-02 1.763098351503041461e-04 3.643736593106285289e-03 5.406834944609326642e-03 1.968793159178396091e-03 2.497722664629308583e-03 2.979636214040139869e-02 5.935764450060239568e-03 1.043166524639299424e-02 9.873350768417030882e-03 1.630865975140313381e-02 3.232346977755575813e-03 2.377244277276600870e-02 1.777790837765566567e-02 1.810114307543122386e-02 3.197085010725515125e-02 3.867062384296670458e-02 1.854191766330698377e-02 1.240045840557139033e-02 3.026652170080221076e-03 1.357585730657341790e-02 3.584966648056183997e-03 3.135376568422908183e-02 1.087243983426875414e-02 4.642825658958008549e-03 1.204783873527078214e-03 5.788839587434985688e-03 9.902735740942083045e-03 2.873850312949957284e-02 1.372278216919867178e-02 1.322323763627280928e-02 1.384032205929887523e-02 3.584966648056183997e-03 
3.555581675531133568e-03 0.000000000000000000e+00 4.830889483118333549e-02 1.451617642737504030e-02 4.290205988657400799e-03 2.562369604184419961e-02 1.921777203138315057e-02 1.774852340513061524e-02 6.817313625811760244e-03 7.845787664188533933e-03 2.691663483294643236e-02 1.566219035585201744e-02 1.454556139990009073e-02 1.939408186653345445e-03 1.962916164673386005e-02 2.835649848667391379e-02 7.640092856513178762e-04 1.307631277364755713e-02 2.180364961358761261e-02 1.225353354294613818e-02 4.789750521583262428e-03 4.257882518879844980e-02 1.624988980635302949e-02 3.867062384296670458e-02 2.732802444829714184e-03 3.567335664541154000e-02 1.013781552114248821e-02 2.045194087743527900e-02 5.583144779759630950e-03 1.369339719667362135e-02 2.124533513561164752e-02 1.880638241603244110e-02 2.615262554729511427e-02 3.443918779935940810e-02 2.145102994328700399e-03 1.798360318533102215e-02 5.101231230348799578e-02 1.698451411947929715e-02 1.836560782815668119e-02 2.071640563016073633e-02 2.468337692104257894e-02 4.334283447444976789e-02 1.245922835062149292e-02 2.051071082248537986e-02 3.058975639857776721e-02 2.121595016308659709e-02 1.257676824072169464e-02 4.252005524374834894e-02 2.603508565719490908e-02 1.648496958655343639e-02 1.043166524639299424e-02 8.933031647615410215e-03 1.871822749845728981e-02 4.777996532573242083e-02 6.582233845611354210e-03 9.344421262966119690e-03 9.079956510240662360e-03 3.138315065675413573e-02 9.638270988216625715e-03 2.174487966853750828e-03 1.469248626252534461e-02 2.180364961358761261e-02 3.003144192060180559e-02 1.971731656430901133e-02 1.528018571302635839e-02 2.706355969557168450e-02 
5.201140136933971904e-03 4.830889483118333549e-02 0.000000000000000000e+00 3.011959683817695688e-02 1.968793159178396091e-03 4.019864241426934076e-02 1.707266903705445191e-02 1.002027563104228476e-02 1.281184802092209980e-02 1.751344362493021181e-02 1.530957068555140882e-02 3.825923422761599857e-02 1.178337398254532611e-02 5.380388469336781082e-02 6.993623460962063686e-03 2.186241955863771347e-02 1.863007258088213852e-02 8.139637389439041693e-03 2.062825071258558504e-02 1.154829420234492095e-02 1.807175810290617343e-02 2.121595016308659709e-02 8.492257059739648575e-03 7.375628103787722732e-03 3.320501895330727968e-03 4.346037436454996961e-02 8.697951867415003313e-03 6.670388763186506365e-03 6.082689312685492580e-03 2.121595016308659709e-02 1.704328406452940061e-03 4.019864241426934076e-02 3.120684082160383316e-02 4.804443007845787816e-02 2.803326378889835907e-02 3.438041785430930551e-03 9.461961153066321406e-03 9.550116070641474428e-03 1.795421821280597172e-02 1.651435455907848682e-02 6.641003790661455936e-03 4.686903117745584713e-02 7.845787664188533933e-03 1.057859010901824768e-03 2.891481296464987888e-02 7.258088213687520149e-03 3.432164790925920639e-02 5.868179013252622367e-02 9.256266345390966668e-03 2.092210043783608933e-02 4.519408774352796226e-02 7.581322911463077470e-03 3.820046428256589598e-03 1.657312450412858768e-02 1.530957068555140882e-02 1.848314771825688291e-02 3.346948370603273354e-02 1.851253269078193507e-03 3.770091974964003695e-02 5.251094590226557807e-02 4.495900796332755189e-02 7.757632746613381779e-03 3.279362933795657020e-02 2.321412829479004361e-02 1.057859010901824768e-03 1.481002615262554806e-02 
7.640092856513178762e-04 1.451617642737504030e-02 3.011959683817695688e-02 0.000000000000000000e+00 1.965854661925891048e-02 2.350797802004055137e-03 2.773941406364785131e-02 4.554670741382856394e-03 1.125444447709441319e-02 3.009021186565190645e-02 1.104874966941905845e-02 1.395786194939907694e-02 1.483941112515059849e-02 6.112074285210543009e-03 1.836560782815668119e-02 1.910023214128294799e-03 2.459522200346742765e-02 4.113896153507096381e-04 2.762187417354764613e-03 1.166583409244512440e-02 3.344009873350768658e-02 9.785195850841879595e-03 1.146013928476976923e-03 8.286562252064293838e-03 1.131321442214451578e-02 6.787928653286708948e-03 8.668566894889952884e-03 2.938497252505068921e-02 4.407745878757603382e-04 1.307631277364755713e-02 3.114807087655373230e-03 1.528018571302635839e-02 2.703417472304663321e-03 3.896447356821721580e-02 9.932120713467133474e-03 2.903235285475008060e-02 2.130410508066174838e-02 1.416355675707443168e-02 2.056948076753548191e-04 4.551732244130352045e-02 1.630865975140313381e-02 3.202962005230524951e-03 4.613440686432958120e-03 8.668566894889952884e-03 7.610707883988128766e-03 2.145102994328700399e-02 3.144192060180423659e-03 5.112985219358819750e-03 8.668566894889952884e-03 6.067996826422967366e-02 1.889453733360759238e-02 2.024624606975992600e-02 3.432164790925920639e-02 1.801298815785607257e-02 1.983485645440921652e-02 1.104874966941905845e-02 1.463371631747524375e-02 2.512415150891833884e-02 6.729158708236608090e-03 3.396902823895859430e-02 3.937586318356792181e-03 4.448884840292674503e-02 1.857130263583203419e-02 3.514442713996062534e-02 2.959066733272604222e-02 1.369339719667362135e-02 
6.758543680761658302e-04 4.290205988657400799e-03 1.968793159178396091e-03 1.965854661925891048e-02 0.000000000000000000e+00 1.078428491669360285e-02 1.498633598777585106e-03 5.553759807234580521e-03 1.971731656430901133e-02 2.988451705797654998e-02 3.144192060180423659e-03 3.961094296376833218e-02 2.674032499779612892e-03 1.096059475184390716e-02 1.669066439422879286e-02 7.169933296112367994e-03 8.697951867415003313e-03 4.260821016132349502e-03 3.887631865064206105e-02 1.410478681202433169e-03 4.260821016132349502e-03 1.016720049366753864e-02 2.674032499779612892e-03 1.451617642737504030e-02 1.240045840557139033e-02 2.397813758044136170e-02 2.089271546531103890e-02 7.287473186212570578e-03 5.348064999559225784e-03 1.498633598777585106e-03 1.918838705885810014e-02 1.580911521847726958e-02 7.992712526813787813e-03 1.301754282859745454e-02 2.909112279980018059e-03 2.221503922893832209e-02 1.448679145484998987e-02 2.386059769034115999e-02 7.757632746613381779e-03 3.496811730481032277e-02 2.042255590491022857e-02 2.292027856953953845e-03 2.512415150891833884e-02 3.966971290881842610e-03 1.557403543827686615e-03 1.090182480679380631e-02 6.405924010461049901e-03 9.550116070641474428e-03 2.491845670124298584e-02 3.097176104140342626e-02 7.111163351062267136e-03 3.670183068378830848e-02 1.674943433927889198e-03 2.894419793717492931e-02 1.710205400957950234e-02 4.407745878757603382e-03 8.110252416913989529e-03 1.833622285563163076e-02 1.225353354294613818e-02 1.454556139990009073e-02 8.521642032264700305e-04 2.101025535541124409e-02 3.911139843084246448e-02 1.351708736152331660e-03 1.660250947665363810e-02 2.303781845963974104e-02 
1.674943433927889372e-02 2.562369604184419961e-02 4.019864241426934076e-02 2.350797802004055137e-03 1.078428491669360285e-02 0.000000000000000000e+00 8.580411977314801597e-03 3.261731950280626676e-03 9.403191208016220548e-03 1.198906879022068085e-02 1.968793159178396091e-03 2.729863947577209141e-02 2.380182774529106000e-03 3.417472304663395077e-02 8.227792307014192763e-04 6.582233845611354210e-03 4.701595604008110382e-04 1.433986659222473599e-02 2.086333049278599108e-03 3.614351620581234686e-02 8.345332197114396430e-03 3.999294760659399123e-02 1.983485645440921652e-02 1.636742969645323467e-02 1.616173488877787907e-03 1.057859010901824812e-02 2.192118950368781433e-02 4.510593282595280751e-02 1.807175810290617343e-02 2.450706708589227636e-02 3.241162469513091116e-02 1.965854661925891048e-02 4.155035115042167437e-02 4.172666098557198215e-03 1.918838705885810014e-02 1.019658546619258907e-02 1.451617642737504030e-02 3.584966648056184257e-02 7.963327554288737384e-03 2.312597337721489232e-02 1.375216714172372220e-02 6.464693955511151627e-03 2.600570068466985865e-02 1.216537862537098516e-02 1.025535541124268993e-02 2.341982310246540008e-02 3.966971290881842610e-03 3.526196703006082706e-03 3.740707002438952572e-02 5.083600246833769321e-03 3.138315065675413573e-02 6.003349886867855728e-02 2.550615615174399789e-02 8.639181922364902455e-03 3.837677411771620029e-02 2.056948076753548245e-03 3.341071376098263268e-02 1.915900208633304971e-02 1.022597043871763950e-02 2.820957362404866338e-03 8.227792307014192980e-03 4.055126208456994764e-03 2.409567747054156342e-02 3.079545120625312368e-02 1.536834063060150968e-02 1.193029884517057999e-02 
6.793805647791718860e-02 1.921777203138315057e-02 1.707266903705445191e-02 2.773941406364785131e-02 1.498633598777585106e-03 8.580411977314801597e-03 0.000000000000000000e+00 4.337221944697481485e-02 2.788633892627310346e-02 4.172666098557198215e-03 8.815491757515207306e-05 1.389909200434897608e-02 2.403690752549146256e-02 8.169022361964092122e-03 4.219682054597279075e-02 3.496811730481031843e-03 6.602803326378889337e-02 4.730980576533160703e-03 3.438041785430930551e-03 1.375216714172372220e-02 2.444829714084217204e-02 2.850342334929916767e-03 1.636742969645323467e-02 1.325262260879786144e-02 6.787928653286708948e-03 2.339043812994034965e-02 6.288384120360847318e-03 1.463371631747524375e-02 4.642825658958008549e-03 6.079750815432987537e-02 2.506538156386823799e-02 1.392847697687402651e-02 5.618406746789691986e-02 2.791572389879815388e-02 7.052393406012165845e-04 1.351708736152331660e-03 1.184214392759542697e-02 2.791572389879815388e-02 6.523463900561253352e-03 3.681937057388851020e-02 7.199318268637418423e-03 2.265581381681408199e-02 9.873350768417030882e-03 4.481208310070230322e-02 3.088360612382827497e-02 4.628133172695483855e-02 2.394875260791631127e-02 2.471276189356762937e-02 4.290205988657400799e-03 3.614351620581234686e-02 1.865945755340718895e-02 1.313508271869765799e-02 1.351708736152331660e-03 2.994328700302665083e-02 9.697040933266727223e-04 2.203872939378801604e-02 1.175398901002027596e-04 5.171755164408921475e-03 2.768064411859775045e-02 1.057859010901824768e-03 8.668566894889952884e-03 2.732802444829714184e-03 1.663189444917868853e-02 4.113896153507096381e-04 1.401663189444917954e-02 2.700478975052158365e-02 
1.998178131703446866e-02 1.774852340513061524e-02 1.002027563104228476e-02 4.554670741382856394e-03 5.553759807234580521e-03 3.261731950280626676e-03 4.337221944697481485e-02 0.000000000000000000e+00 1.851253269078193507e-03 5.289295054509124058e-03 3.009021186565190645e-02 3.849431400781640460e-03 3.952278804619317742e-02 4.554670741382856394e-03 1.219476359789603559e-02 5.465604889659428367e-03 1.613234991625282777e-02 7.875172636713584362e-03 1.607357997120272691e-02 1.146013928476976923e-03 4.860274455643383978e-02 1.322323763627281015e-03 4.113896153507096490e-03 1.242984337809644076e-02 9.197496400340865810e-03 2.585877582204460737e-03 3.070729628867796893e-02 1.824806793805647948e-02 1.469248626252534461e-02 6.670388763186506365e-03 4.927859892451000312e-02 1.501572096030090279e-02 7.493167993887925316e-03 2.676970997032117675e-02 2.468337692104257720e-03 1.774852340513061524e-02 7.111163351062267136e-03 2.245011900913872552e-02 7.434398048837824458e-03 1.034351032881784295e-02 1.248861332314654335e-02 1.516264582292615494e-02 1.757221356998031267e-02 2.765125914607270002e-02 3.388087332138344648e-02 4.084511180982046061e-03 2.303781845963974104e-02 3.555581675531133568e-03 5.876994505010137843e-04 3.579089653551174172e-02 1.801298815785607257e-02 4.789750521583262428e-03 2.644647527254562029e-03 1.513326085040110451e-02 7.787017719138432208e-03 2.527107637154359446e-03 5.377449972084276213e-03 1.301754282859745454e-02 4.760365549058211999e-03 3.673121565631336152e-03 3.261731950280626676e-03 9.990890658517234766e-04 3.584966648056183997e-03 4.466515823807705107e-03 1.683758925685404501e-02 1.439863653727483685e-02 
3.526196703006082922e-04 6.817313625811760244e-03 1.281184802092209980e-02 1.125444447709441319e-02 1.971731656430901133e-02 9.403191208016220548e-03 2.788633892627310346e-02 1.851253269078193507e-03 0.000000000000000000e+00 9.197496400340865810e-03 2.665217008022097503e-02 2.641709030002056813e-02 2.130410508066174838e-02 1.234168846052128947e-02 1.483941112515059849e-02 1.630865975140313381e-02 3.061914137110281764e-02 9.579501043166524857e-03 2.112779524551144580e-02 2.109841027298639538e-02 1.836560782815668119e-02 8.374717169639446859e-03 3.496811730481031843e-03 1.522141576797625753e-02 2.741617936587229312e-02 3.505627222238547058e-02 1.836560782815668119e-02 9.697040933266727223e-04 2.450706708589227636e-02 2.791572389879815475e-03 9.579501043166524857e-03 1.560342041080191658e-02 3.526196703006082706e-03 2.703417472304663321e-03 1.034351032881784295e-02 2.938497252505068921e-04 7.346243131262672303e-03 2.051071082248537986e-02 1.880638241603244153e-03 8.315947224589344267e-03 3.085422115130322367e-03 1.677881931180394415e-02 8.933031647615410215e-03 3.496811730481031843e-03 1.607357997120272691e-02 1.760159854250536310e-02 2.009932120713467038e-02 9.667655960741676144e-03 7.669477829038229624e-03 1.763098351503041353e-02 1.854191766330698377e-02 1.519203079545120710e-02 1.436925156474978642e-02 1.539772560312656184e-02 7.963327554288737384e-03 2.292027856953953845e-03 7.904557609238634791e-03 4.613440686432958120e-03 1.968793159178396091e-03 1.763098351503041353e-03 3.085422115130322367e-03 8.227792307014192763e-04 7.698862801563280921e-03 5.054215274308718892e-03 4.789750521583262428e-03 1.854191766330698377e-02 
3.349886867855778744e-02 7.845787664188533933e-03 1.751344362493021181e-02 3.009021186565190645e-02 2.988451705797654998e-02 1.198906879022068085e-02 4.172666098557198215e-03 5.289295054509124058e-03 9.197496400340865810e-03 0.000000000000000000e+00 3.326378889835737707e-02 3.925832329346772009e-02 2.145102994328700399e-02 3.608474626076224601e-02 1.204783873527078171e-02 2.850342334929916767e-03 1.763098351503041353e-03 2.791572389879815475e-03 1.957039170168375919e-02 2.039317093238517814e-02 3.252916458523111287e-02 3.141253562927918963e-02 9.697040933266726573e-03 1.660250947665363810e-02 6.044488848402927023e-02 9.403191208016220765e-04 1.974670153683406176e-02 1.939408186653345445e-03 1.422232670212453427e-02 1.536834063060150968e-02 2.197995944873791518e-02 2.359613293761570266e-02 2.518292145396843970e-02 2.365490288266580352e-02 2.726925450324704098e-02 6.758543680761658302e-04 1.248861332314654335e-02 8.697951867415003313e-03 1.322323763627281015e-03 6.523463900561253352e-03 1.098997972436895759e-02 1.275307807587199894e-02 4.084511180982046061e-03 3.085422115130322367e-03 1.698451411947929715e-02 1.436925156474978642e-02 8.874261702565307622e-03 2.500661161881813713e-02 3.097176104140342626e-02 2.688724986042138193e-02 9.403191208016220765e-04 2.350797802004055191e-04 1.028474038376774036e-02 4.642825658958008549e-03 2.562369604184419961e-02 1.774852340513061524e-02 2.959066733272604222e-02 5.583144779759630950e-03 8.815491757515207306e-05 5.965149422585289997e-03 1.745467367988011095e-02 2.300843348711469061e-02 1.757221356998031267e-02 1.954100672915870876e-02 1.918838705885810014e-02 6.464693955511151844e-04 
3.070729628867796893e-02 2.691663483294643236e-02 1.530957068555140882e-02 1.104874966941905845e-02 3.144192060180423659e-03 1.968793159178396091e-03 8.815491757515207306e-05 3.009021186565190645e-02 2.665217008022097503e-02 3.326378889835737707e-02 0.000000000000000000e+00 4.701595604008110274e-03 4.025741235931944335e-03 7.581322911463077470e-03 6.641003790661455936e-03 0.000000000000000000e+00 2.465399194851752851e-02 1.351708736152331704e-02 2.521230642649349013e-02 2.441891216831712161e-02 3.526196703006082706e-03 1.422232670212453427e-02 1.439863653727483685e-02 1.084305486174370371e-02 3.893508859569216191e-02 1.413417178454938125e-02 8.521642032264700305e-04 3.975786782639358086e-02 2.750433428344744441e-02 1.010843054861743778e-02 3.003144192060180559e-02 2.321412829479004274e-03 1.601481002615262605e-02 8.404102142164497288e-03 1.472187123505039504e-02 1.904146219623284800e-02 1.116628955951926277e-03 3.608474626076224601e-02 8.139637389439041693e-03 2.027563104228497382e-03 6.200229202785695164e-03 1.098997972436895759e-02 5.730069642384883963e-03 4.113896153507096490e-03 1.051982016396814726e-02 2.794510887132320431e-02 1.695512914695424672e-02 1.836560782815668119e-02 1.901207722370779410e-02 2.465399194851752851e-02 4.995445329258617166e-03 1.695512914695424672e-02 2.838588345919896422e-02 4.319590961182451228e-03 3.470365255208486543e-02 1.580911521847726958e-02 1.910023214128294799e-03 2.483030178366783108e-02 1.921777203138315057e-02 3.496811730481031843e-03 2.206811436631306647e-02 5.024830301783667595e-03 3.232346977755575922e-04 1.240045840557139033e-02 1.469248626252534461e-02 3.329317387088243096e-02 
9.873350768417030882e-03 1.566219035585201744e-02 3.825923422761599857e-02 1.395786194939907694e-02 3.961094296376833218e-02 2.729863947577209141e-02 1.389909200434897608e-02 3.849431400781640460e-03 2.641709030002056813e-02 3.925832329346772009e-02 4.701595604008110274e-03 0.000000000000000000e+00 3.520319708501072620e-02 4.730980576533160703e-03 6.053304340160442151e-03 3.056037142605271678e-02 1.513326085040110451e-02 1.078428491669360285e-02 7.728247774088331350e-03 2.912050777232523188e-02 3.252916458523111287e-02 4.819135494108312684e-02 4.742734565543180875e-02 4.293144485909905494e-02 2.236196409156357423e-02 1.128382944961946535e-02 5.142370191883870179e-03 5.465604889659428367e-03 1.604419499867767648e-02 1.057859010901824812e-02 6.846698598336810673e-03 2.838588345919896422e-02 1.475125620757544546e-02 1.577973024595221915e-02 1.234168846052128860e-03 2.920866268990038664e-02 4.348975933707501657e-03 8.433487114689547717e-03 2.018747612470982167e-02 1.763098351503041353e-03 1.880638241603244153e-03 1.090182480679380631e-02 1.639681466897828510e-02 2.306720343216479147e-02 1.910023214128294886e-02 2.674032499779612892e-03 1.416355675707443168e-02 1.022597043871763950e-02 4.877905439158414583e-03 8.727336839940055477e-03 3.561458670036143220e-02 5.638976227557226939e-02 4.819135494108312857e-03 5.054215274308718892e-03 1.181275895507037654e-02 2.879727307454967369e-02 6.376539037935999472e-03 1.386970703182392566e-02 8.110252416913989529e-03 1.551526549322676356e-02 1.410478681202433082e-02 2.791572389879815475e-03 2.027563104228497382e-03 2.917927771737533274e-02 6.729158708236608090e-03 3.496811730481031843e-03 
6.361846551673473737e-02 1.454556139990009073e-02 1.178337398254532611e-02 1.483941112515059849e-02 2.674032499779612892e-03 2.380182774529106000e-03 2.403690752549146256e-02 3.952278804619317742e-02 2.130410508066174838e-02 2.145102994328700399e-02 4.025741235931944335e-03 3.520319708501072620e-02 0.000000000000000000e+00 1.198906879022068085e-02 5.759454614909934739e-02 3.232346977755575813e-03 3.446857277188445506e-02 1.763098351503041461e-04 1.610296494372777734e-02 1.536834063060150968e-02 3.035467661837736031e-02 3.173577032705474522e-03 1.516264582292615494e-02 1.087243983426875414e-03 2.650524521759572288e-02 4.466515823807705107e-03 1.337016249889806316e-02 8.697951867415003313e-03 1.275307807587199894e-02 6.332461579148424002e-02 3.596720637066204429e-02 2.850342334929916767e-03 3.734830007933942486e-02 5.465604889659428367e-03 2.585877582204460737e-03 1.795421821280597172e-02 6.435308982986101198e-03 2.289089359701448542e-02 3.820046428256589381e-04 1.751344362493021181e-02 3.261731950280626676e-03 2.271458376186418285e-02 2.262642884428902983e-03 8.727336839940055477e-03 5.583144779759630950e-03 1.148952425729482009e-02 2.215626928388822123e-02 1.927654197643325143e-02 4.407745878757603382e-04 5.730069642384883963e-03 2.430137227821691989e-02 1.733713378977990577e-02 2.406629249801651299e-02 3.996356263406893906e-03 4.407745878757603382e-03 4.113896153507096490e-03 1.622050483382797906e-02 4.760365549058211999e-03 2.715171461314683579e-02 1.804237313038112300e-02 3.996356263406893906e-03 1.821868296553142558e-02 1.013781552114248821e-02 7.522552966412976612e-03 1.736651876230495620e-02 2.480091681114278065e-02 
1.674943433927889372e-02 1.939408186653345445e-03 5.380388469336781082e-02 6.112074285210543009e-03 1.096059475184390716e-02 3.417472304663395077e-02 8.169022361964092122e-03 4.554670741382856394e-03 1.234168846052128947e-02 3.608474626076224601e-02 7.581322911463077470e-03 4.730980576533160703e-03 1.198906879022068085e-02 0.000000000000000000e+00 1.492756604272574977e-02 3.317563398078222925e-02 2.497722664629308583e-03 4.672210631483059845e-03 2.615262554729511427e-02 4.043372219446975113e-02 1.680820428432899458e-02 4.131527137022127094e-02 2.283212365196438456e-02 4.772119538068231998e-02 2.503599659134318756e-02 2.112779524551144580e-02 2.218565425641327166e-02 2.056948076753548245e-03 1.439863653727483815e-03 2.306720343216479147e-02 1.868884252593223938e-02 3.890570362316711495e-02 2.186241955863771347e-02 2.635832035497046727e-02 3.085422115130322367e-03 1.022597043871763950e-02 1.301754282859745454e-02 1.213599365284593473e-02 2.115718021803649623e-02 2.030501601481002685e-02 1.910023214128294799e-03 1.410478681202433169e-03 2.115718021803649537e-03 1.642619964150333553e-02 1.307631277364755713e-02 7.081778378537215840e-03 8.315947224589344267e-03 2.077517557521083719e-02 4.936675384208515441e-03 1.266492315829684766e-02 2.086333049278599108e-03 3.064852634362786807e-02 2.735740942082219226e-02 7.258088213687520149e-03 1.942346683905850704e-02 2.397813758044136170e-02 7.963327554288737384e-03 1.492756604272574977e-02 1.945285181158355747e-02 2.820957362404866338e-03 4.202051071082248644e-03 5.494989862184478796e-03 1.087243983426875414e-03 3.623167112338750162e-02 1.004966060356733519e-02 4.378360906232552953e-03 
3.555581675531133568e-03 1.962916164673386005e-02 6.993623460962063686e-03 1.836560782815668119e-02 1.669066439422879286e-02 8.227792307014192763e-04 4.219682054597279075e-02 1.219476359789603559e-02 1.483941112515059849e-02 1.204783873527078171e-02 6.641003790661455936e-03 6.053304340160442151e-03 5.759454614909934739e-02 1.492756604272574977e-02 0.000000000000000000e+00 3.731891510681437443e-03 5.403896447356821425e-02 7.228703241162469720e-03 5.612529752284681379e-03 5.935764450060239568e-03 2.644647527254561856e-02 2.121595016308659709e-02 6.376539037935999472e-03 1.821868296553142558e-02 1.216537862537098516e-02 1.851253269078193334e-02 1.195968381769563042e-02 1.448679145484998987e-02 2.627016543739531598e-02 3.820046428256589598e-03 1.175398901002027569e-02 1.078428491669360285e-02 7.551937938938027041e-03 1.163644911992007223e-02 1.886515236108254195e-02 6.464693955511151627e-03 4.140342628779641876e-02 1.672004936675384329e-02 5.641914724809732676e-03 4.619317680937968379e-02 7.904557609238634791e-03 1.724897887220475448e-02 9.579501043166524857e-03 1.839499280068173162e-02 4.701595604008110382e-04 2.694601980547148279e-02 4.290205988657400799e-03 5.583144779759630950e-03 9.990890658517234332e-03 3.479180746966001325e-02 2.436014222326702075e-02 2.791572389879815388e-02 3.426287796420910553e-02 2.127472010813669795e-02 5.289295054509124058e-03 1.880638241603244153e-03 1.763098351503041461e-04 7.787017719138432208e-03 7.787017719138432208e-03 9.902735740942083045e-03 1.419294172959948211e-02 1.322323763627280928e-02 7.875172636713584362e-03 1.195968381769563042e-02 1.087243983426875414e-02 6.258999147835796889e-03 
1.542711057565161227e-02 2.835649848667391379e-02 2.186241955863771347e-02 1.910023214128294799e-03 7.169933296112367994e-03 6.582233845611354210e-03 3.496811730481031843e-03 5.465604889659428367e-03 1.630865975140313381e-02 2.850342334929916767e-03 0.000000000000000000e+00 3.056037142605271678e-02 3.232346977755575813e-03 3.317563398078222925e-02 3.731891510681437443e-03 0.000000000000000000e+00 7.199318268637418423e-03 8.433487114689547717e-03 2.644647527254562029e-03 4.495900796332755536e-03 2.321412829479004274e-03 3.529135200258588095e-02 2.421321736064176861e-02 4.939613881461021178e-02 2.556492609679409875e-03 1.554465046575181399e-02 2.036378595986012771e-02 1.469248626252534461e-03 2.239134906408862466e-02 8.639181922364902455e-03 2.818018865152361122e-02 1.786606329523082043e-02 8.286562252064293838e-03 3.017836678322705773e-02 2.867973318444947198e-02 2.438952719579207118e-02 2.012870617965972081e-02 2.967882225030119784e-03 1.586788516352737044e-02 6.846698598336810673e-03 2.215626928388822123e-02 3.438041785430930551e-03 6.229614175310746460e-03 3.564397167288648610e-02 1.439863653727483685e-02 6.170844230260644735e-03 2.221503922893832209e-02 1.959977667420880962e-02 1.821868296553142558e-02 2.665217008022097503e-02 1.040228027386794381e-02 4.995445329258617383e-04 1.146013928476976923e-03 5.013076312773647597e-02 2.544738620669389703e-02 1.536834063060150968e-02 1.163644911992007223e-02 1.416355675707443168e-02 2.644647527254562029e-03 1.184214392759542697e-02 1.463371631747524375e-02 1.063736005406834897e-02 2.700478975052158365e-02 3.849431400781640460e-03 2.497722664629308670e-02 1.783667832270577000e-02 
3.244100966765595812e-02 7.640092856513178762e-04 1.863007258088213852e-02 2.459522200346742765e-02 8.697951867415003313e-03 4.701595604008110382e-04 6.602803326378889337e-02 1.613234991625282777e-02 3.061914137110281764e-02 1.763098351503041353e-03 2.465399194851752851e-02 1.513326085040110451e-02 3.446857277188445506e-02 2.497722664629308583e-03 5.403896447356821425e-02 7.199318268637418423e-03 0.000000000000000000e+00 1.051982016396814726e-02 1.442802150979988901e-02 9.138726455290764952e-03 3.555581675531133568e-03 7.640092856513178762e-04 1.942346683905850704e-02 8.815491757515207306e-05 5.494989862184478796e-03 1.525080074050130796e-02 5.788839587434985688e-03 8.139637389439041693e-03 1.469248626252534461e-03 5.762393112162440129e-02 2.829772854162381293e-02 6.817313625811760244e-03 3.911139843084246448e-02 1.830683788310658033e-02 7.405013076312774029e-03 2.239134906408862466e-02 7.228703241162469720e-03 6.435308982986101198e-03 1.219476359789603559e-02 0.000000000000000000e+00 3.006082689312685602e-02 8.815491757515207306e-05 9.550116070641474428e-03 4.977814345743586388e-02 1.557403543827686615e-03 4.093326672739561189e-02 5.818224559960036117e-03 1.510387587787605408e-02 2.553554112426904832e-02 7.787017719138432208e-03 1.492756604272574977e-02 6.670388763186506365e-03 7.933942581763685220e-03 1.895330727865769324e-02 1.290000293849725282e-02 2.647586024507067246e-02 3.467426757955981414e-03 8.404102142164497288e-03 2.247950398166377595e-02 2.615262554729511166e-03 2.262642884428902983e-03 7.904557609238634791e-03 1.016720049366753864e-02 2.262642884428902983e-03 2.967882225030119784e-03 4.730980576533160703e-03 
4.995445329258617166e-03 1.307631277364755713e-02 8.139637389439041693e-03 4.113896153507096381e-04 4.260821016132349502e-03 1.433986659222473599e-02 4.730980576533160703e-03 7.875172636713584362e-03 9.579501043166524857e-03 2.791572389879815475e-03 1.351708736152331704e-02 1.078428491669360285e-02 1.763098351503041461e-04 4.672210631483059845e-03 7.228703241162469720e-03 8.433487114689547717e-03 1.051982016396814726e-02 0.000000000000000000e+00 1.295877288354735368e-02 3.658429079368810677e-02 3.023713672827715859e-02 3.194146513473009735e-02 8.139637389439041693e-03 3.996356263406893906e-03 7.728247774088331350e-03 1.674943433927889198e-03 4.328406452939966703e-02 5.876994505010137843e-03 9.403191208016220765e-04 1.334077752637301273e-02 3.335194381593253182e-02 5.348064999559225784e-03 1.478064118010049589e-02 2.156856983338720571e-02 1.284123299344715197e-02 4.995445329258617340e-02 5.054215274308718892e-03 1.081366988921865328e-02 1.084305486174370371e-02 4.231436043607299247e-02 7.816402691663483504e-03 1.316446769122270842e-02 1.498633598777585063e-02 5.318680027034174487e-03 2.879727307454967630e-03 2.559431106931914918e-02 1.595604008110252520e-02 6.964238488437013257e-03 1.557403543827686442e-02 1.610296494372777734e-02 2.006993623460961995e-02 1.880638241603244153e-03 2.994328700302665083e-02 6.611618818136404639e-03 2.115718021803649623e-02 1.337016249889806316e-02 9.990890658517234332e-03 1.815991302048132472e-02 2.679909494284622717e-02 9.697040933266727223e-04 2.350797802004055137e-03 1.924715700390820100e-02 7.963327554288737384e-03 9.990890658517234332e-03 1.951162175663365833e-02 1.445740648232493944e-02 
1.924715700390820100e-02 2.180364961358761261e-02 2.062825071258558504e-02 2.762187417354764613e-03 3.887631865064206105e-02 2.086333049278599108e-03 3.438041785430930551e-03 1.607357997120272691e-02 2.112779524551144580e-02 1.957039170168375919e-02 2.521230642649349013e-02 7.728247774088331350e-03 1.610296494372777734e-02 2.615262554729511427e-02 5.612529752284681379e-03 2.644647527254562029e-03 1.442802150979988901e-02 1.295877288354735368e-02 0.000000000000000000e+00 3.540889189268608267e-02 1.607357997120272691e-02 2.444829714084217204e-02 2.953189738767594136e-02 3.899385854074226276e-02 6.405924010461049901e-03 2.236196409156357423e-02 3.790661455731538735e-03 1.627927477887808339e-02 3.911139843084246448e-02 1.674943433927889198e-03 4.260821016132349676e-02 4.542916752372836570e-02 2.909112279980018059e-03 1.198906879022068085e-02 1.663189444917868853e-02 1.854191766330698377e-02 8.874261702565307622e-03 1.204783873527078214e-03 2.256765889923893070e-02 1.674943433927889198e-03 3.878816373306690889e-03 3.643736593106285289e-03 7.610707883988128766e-03 2.762187417354764613e-02 1.851253269078193507e-03 2.638770532749551770e-02 1.275307807587199894e-02 4.789750521583262428e-03 5.671299697334783105e-03 3.496811730481031843e-03 1.807175810290617343e-02 2.723986953072198708e-02 4.525285768857805965e-03 2.697540477799653322e-02 5.965149422585289997e-03 3.673121565631336152e-03 4.378360906232552953e-03 8.933031647615410215e-03 1.786606329523082043e-02 8.227792307014192763e-04 1.228291851547118861e-02 3.202962005230524951e-03 7.375628103787722732e-03 9.520731098116423999e-03 2.412506244306661732e-02 1.281184802092209980e-02 
2.468337692104257894e-02 1.225353354294613818e-02 1.154829420234492095e-02 1.166583409244512440e-02 1.410478681202433169e-03 3.614351620581234686e-02 1.375216714172372220e-02 1.146013928476976923e-03 2.109841027298639538e-02 2.039317093238517814e-02 2.441891216831712161e-02 2.912050777232523188e-02 1.536834063060150968e-02 4.043372219446975113e-02 5.935764450060239568e-03 4.495900796332755536e-03 9.138726455290764952e-03 3.658429079368810677e-02 3.540889189268608267e-02 0.000000000000000000e+00 1.707266903705445191e-02 1.910023214128294886e-02 1.263553818577179723e-03 7.669477829038229624e-03 1.357585730657341790e-02 4.266698010637359761e-02 2.635832035497046727e-02 1.813052804795627429e-02 1.619111986130292863e-02 2.356674796509065223e-02 9.990890658517234332e-03 1.360524227909846832e-02 2.574123593194440479e-02 1.707266903705445191e-02 2.621139549234521512e-02 4.434192354030148941e-02 9.138726455290764952e-03 7.463783021362874887e-03 1.113690458699421147e-02 3.088360612382827497e-02 1.334077752637301273e-02 1.439863653727483815e-03 3.373394845875819087e-02 3.922893832094267313e-02 1.043166524639299424e-02 1.713143898210455277e-02 4.586994211160412560e-02 3.908201345831741752e-03 7.963327554288737384e-03 2.186241955863771347e-02 5.259910081984073629e-03 2.556492609679409875e-03 3.056037142605271505e-03 1.295877288354735368e-02 7.757632746613381779e-03 1.337016249889806316e-02 9.902735740942083045e-03 3.537950692016102877e-02 6.194352208280685251e-02 4.936675384208515441e-03 2.832711351414886336e-02 3.364579354118303611e-02 1.695512914695424672e-02 2.089271546531103890e-02 1.939408186653345315e-02 1.486879609767564892e-02 
1.448679145484998987e-02 4.789750521583262428e-03 1.807175810290617343e-02 3.344009873350768658e-02 4.260821016132349502e-03 8.345332197114396430e-03 2.444829714084217204e-02 4.860274455643383978e-02 1.836560782815668119e-02 3.252916458523111287e-02 3.526196703006082706e-03 3.252916458523111287e-02 3.035467661837736031e-02 1.680820428432899458e-02 2.644647527254561856e-02 2.321412829479004274e-03 3.555581675531133568e-03 3.023713672827715859e-02 1.607357997120272691e-02 1.707266903705445191e-02 0.000000000000000000e+00 1.431048161969968556e-02 7.875172636713584362e-03 1.251799829567159378e-02 4.936675384208515788e-02 1.087243983426875414e-03 2.438952719579207291e-03 1.824806793805647948e-02 2.538861626164379617e-02 5.553759807234580521e-03 1.798360318533102215e-02 7.140548323587317565e-03 5.553759807234580521e-03 1.839499280068173162e-02 8.991801592665511073e-03 2.394875260791631127e-02 3.176515529957979478e-02 2.997267197555170213e-03 6.435308982986101198e-03 3.543827686521112963e-02 4.319590961182451228e-02 5.847609532485087414e-03 9.197496400340865810e-03 2.503599659134318756e-02 2.791572389879815475e-03 5.700684669859833534e-03 2.550615615174399789e-02 8.933031647615410215e-03 2.027563104228497382e-03 5.544944315477064872e-02 2.744556433839734355e-02 1.857130263583203419e-02 2.891481296464987888e-02 1.971731656430901133e-02 1.551526549322676356e-02 6.112074285210543009e-03 2.289089359701448542e-02 4.722165084775645921e-02 3.020775175575210816e-02 2.183303458611266304e-02 1.216537862537098516e-02 5.539067320972054786e-02 2.203872939378801691e-03 1.674943433927889372e-02 1.381093708677382306e-02 6.523463900561253352e-03 
2.427198730569186946e-02 4.257882518879844980e-02 2.121595016308659709e-02 9.785195850841879595e-03 1.016720049366753864e-02 3.999294760659399123e-02 2.850342334929916767e-03 1.322323763627281015e-03 8.374717169639446859e-03 3.141253562927918963e-02 1.422232670212453427e-02 4.819135494108312684e-02 3.173577032705474522e-03 4.131527137022127094e-02 2.121595016308659709e-02 3.529135200258588095e-02 7.640092856513178762e-04 3.194146513473009735e-02 2.444829714084217204e-02 1.910023214128294886e-02 1.431048161969968556e-02 0.000000000000000000e+00 7.992712526813787813e-03 3.399841321148364820e-02 1.865945755340718895e-02 2.956128236020099179e-02 2.762187417354764613e-03 1.889453733360759238e-02 3.702506538156387014e-03 2.494784167376803627e-02 2.106902530046134495e-02 3.614351620581234860e-03 1.948223678410860790e-02 5.154124180893891044e-02 2.206811436631306647e-02 4.463577326555199370e-02 1.457494637242514116e-02 1.190091387264552956e-02 8.374717169639446859e-03 3.467426757955981414e-03 3.734830007933942486e-02 6.993623460962063686e-03 1.319385266374775885e-02 9.109341482765713222e-04 3.467426757955981414e-03 5.553759807234580521e-03 2.245011900913872552e-02 3.176515529957979478e-02 1.654373953160353725e-02 8.169022361964092122e-03 4.733919073785666093e-02 3.382210337633334563e-02 3.373394845875819087e-02 2.383121271781610956e-02 5.847609532485087414e-03 1.733713378977990577e-02 2.080456054773588762e-02 1.410478681202433169e-03 5.221709617701507378e-02 2.909112279980018059e-03 1.577973024595221915e-02 1.101936469689400802e-02 4.866151450148394064e-02 4.178543093062207781e-02 1.093120977931885673e-02 4.407745878757603208e-02 
2.938497252505068921e-04 1.624988980635302949e-02 8.492257059739648575e-03 1.146013928476976923e-03 2.674032499779612892e-03 1.983485645440921652e-02 1.636742969645323467e-02 4.113896153507096490e-03 3.496811730481031843e-03 9.697040933266726573e-03 1.439863653727483685e-02 4.742734565543180875e-02 1.516264582292615494e-02 2.283212365196438456e-02 6.376539037935999472e-03 2.421321736064176861e-02 1.942346683905850704e-02 8.139637389439041693e-03 2.953189738767594136e-02 1.263553818577179723e-03 7.875172636713584362e-03 7.992712526813787813e-03 0.000000000000000000e+00 5.906379477535188272e-03 8.815491757515206764e-04 3.258793453028121373e-02 7.434398048837824458e-03 5.054215274308718892e-03 1.627927477887808339e-02 5.171755164408921475e-03 1.281184802092209980e-02 1.821868296553142558e-02 4.995445329258617383e-04 5.621345244042196682e-02 6.376539037935999472e-03 1.087243983426875414e-02 1.918838705885810014e-02 6.405924010461049901e-03 6.670388763186506365e-03 1.122505950456936276e-02 1.301754282859745454e-02 3.408656812905879602e-02 1.181275895507037654e-02 4.075695689224530238e-02 1.040228027386794381e-02 1.736651876230495620e-02 2.962005230525109611e-02 5.380388469336781082e-02 0.000000000000000000e+00 3.085422115130322367e-03 1.072551497164350200e-02 5.348064999559225784e-03 1.407540183949928039e-02 4.119773148012106923e-02 2.309658840468984189e-02 1.263553818577179723e-03 9.726425905791778737e-03 1.807175810290617343e-02 5.436219917134377071e-03 1.730774881725485534e-02 1.175398901002027596e-04 1.207722370779583387e-02 4.263759513384855065e-02 7.228703241162469720e-03 1.895330727865769324e-02 2.762187417354764613e-02 
8.815491757515206764e-03 3.867062384296670458e-02 7.375628103787722732e-03 8.286562252064293838e-03 1.451617642737504030e-02 1.636742969645323467e-02 1.325262260879786144e-02 1.242984337809644076e-02 1.522141576797625753e-02 1.660250947665363810e-02 1.084305486174370371e-02 4.293144485909905494e-02 1.087243983426875414e-03 4.772119538068231998e-02 1.821868296553142558e-02 4.939613881461021178e-02 8.815491757515207306e-05 3.996356263406893906e-03 3.899385854074226276e-02 7.669477829038229624e-03 1.251799829567159378e-02 3.399841321148364820e-02 5.906379477535188272e-03 0.000000000000000000e+00 6.523463900561253352e-03 2.403690752549146256e-02 4.466515823807705107e-03 2.189180453116276390e-02 7.463783021362874887e-03 3.643736593106285289e-03 2.500661161881813713e-02 4.113896153507096490e-03 4.113896153507096381e-04 5.110046722106315054e-02 6.141459257735594306e-03 3.323440392583233011e-02 1.002027563104228476e-02 4.008110252416913905e-02 5.876994505010137843e-04 3.820046428256589598e-03 2.485968675619288151e-02 3.726014516176427704e-02 1.586788516352737044e-02 2.530046134406864489e-02 3.291116922805677105e-03 7.904557609238634791e-03 9.550116070641474428e-03 4.877905439158414236e-02 3.317563398078222925e-02 1.201845376274573128e-02 6.485263436278687621e-02 3.082483617877817411e-02 2.377244277276600870e-02 2.183303458611266304e-02 9.138726455290764952e-03 1.530957068555140882e-02 3.205900502483029907e-02 2.039317093238517814e-02 1.093120977931885673e-02 6.229614175310746460e-03 1.889453733360759238e-02 9.814580823366930024e-03 5.180570656166436777e-02 1.601481002615262605e-02 1.034351032881784295e-02 2.136287502571184924e-02 
