0.000000000000000000e+00 3.793527207416389629e-02 9.417791784617339512e-02 2.670377829202927877e-01 2.106220214013250144e-02 2.836917324673659743e-02 2.689306563542548933e-01 6.036089691794058743e-01 1.563762767109283247e-01 2.380616657283078363e-01 2.856008511581074050e-01 3.597467086474554626e-02 4.972255276219917919e-01 2.373115609602367837e-02 4.043991907854977974e-01 1.035135845240261060e-01 2.083488340509208336e-01 1.683521156873225288e-01 1.373804885573069179e-01 2.720713124813696204e-01 3.090611724734028676e-01 1.404847140653828763e-01 3.996461334925185266e-02 5.662629104982173922e-02 1.544540511697509166e-01 8.464758349805082127e-02 1.864769805153396465e-01 1.722483267195254464e-02 1.047947821020828729e-01 7.355909098621913333e-01 5.966338694402960607e-01 1.531658938689414717e-01 5.891825600696755094e-01 2.073712884022140268e-01 4.132322130105173935e-02 2.053940100715364453e-02 2.270062441630332425e-02 1.097748526829067234e-01 1.423813691578012901e-02 1.881974730677031249e-01 1.036833446804744790e-01 1.114554018557429999e-01 1.763957312775132347e-01 3.439069301903703579e-02 3.506712742344318678e-02 1.943767536618228597e-01 4.052758868195797948e-02 1.544475404434571264e-01 1.215281653110757976e-01 2.280110955098927639e-01 3.249094868116078616e-02 4.464340227855125021e-02 1.004393553309550491e-01 1.631504985810105710e-02 1.292148633852120698e-01 1.001135401906413369e-01 1.200891660491983093e-01 1.192174622880378815e-01 3.817927404380644374e-02 8.015367922023695912e-02 3.388582278561678984e-02 6.705593379916806318e-02 2.179664882267184356e-01 1.901463551778567185e-01 1.382646207427168372e-01 2.435766860963361480e-01 
3.793527207416389629e-02 0.000000000000000000e+00 3.403329793145877802e-01 1.071545516554095745e-01 2.051434735464902626e-01 1.830458380403938712e-01 2.257429497556004069e-02 5.026578246394530075e-02 1.082591467038553357e-01 3.656643947020671997e-02 2.366498768680367487e-02 7.927185330501311522e-02 9.111741906853042250e-02 8.978925690526610992e-02 2.124569640459874828e-02 1.380464090327006565e-01 1.996138373961198892e-02 1.616603234955522606e-01 9.531467528627474151e-02 1.250930693165673291e-01 1.209319125398084643e-01 1.592686362758977403e-01 3.826589709883814194e-01 8.368013890537169541e-02 1.395258661084417817e-01 4.383675271204970914e-01 3.073785838578813601e-01 7.611855263905905611e-01 1.638235652283034915e-01 9.071667076784808992e-02 7.540589015469484346e-02 1.663287769597137644e-01 9.889313497403665054e-02 6.344778570047281130e-02 6.057762606841011754e-01 6.962334930802316357e-02 1.211114796684462230e-01 2.046513773696616856e-01 1.470549075131479255e-01 4.100474053150991033e-02 7.617955624029264239e-02 8.706934827332435400e-02 1.533944892925930524e-02 1.035537054295128552e-02 1.834827900634769804e-01 6.632480806389656758e-02 1.467518703418335679e-01 3.157848513430142751e-02 1.205612934332827291e-01 5.802058642898221680e-02 3.386977046423799709e-01 1.891657425618603894e-01 2.634087398904460531e-01 1.471613694313191056e-01 1.312883274296696989e-01 3.088481515688867307e-01 2.217918171953896511e-01 6.599247633230634347e-02 1.606697891474388185e-01 1.120053762265087877e-02 4.602025424362543582e-01 1.166180520685832639e-01 2.091353762636143088e-02 2.391061220248722960e-02 1.757227144536154528e-01 4.808960625642332704e-02 
9.417791784617339512e-02 3.403329793145877802e-01 0.000000000000000000e+00 2.723230763334889837e-02 3.301753063771619146e-01 2.253162819591198740e-01 1.560141905996485084e-02 3.507511204806957467e-02 2.740247213134404669e-01 1.653666606423551122e-01 1.224514913761341577e-02 4.305036622865218709e-02 4.587614857841030430e-02 2.929122246863073015e-02 1.936957124307533973e-01 2.186621310009304042e-01 3.563331975246454564e-02 1.252769345538005952e-01 8.131375768048361430e-02 5.361538672628822499e-02 6.560581589953980164e-02 2.316212462843766917e-01 3.498130289623378464e-01 4.927476712033950768e-01 8.863870292272811591e-02 1.003344957524786134e-02 5.308045686453531121e-03 1.768456671184114593e-01 3.389897144176289706e-02 2.552922456157082423e-02 1.231996283861555158e-01 3.760936938109984418e-01 7.277182156003277058e-02 4.749335566140784615e-02 7.699116538826274170e-02 2.583521006678630716e-01 3.576602447220063319e-02 8.167852843249304162e-02 1.150557148245360262e-01 4.815576232368479898e-02 5.382722008278117282e-02 9.549796672247948259e-02 8.621730475636150970e-02 5.802108205992383139e-02 1.456583528211253808e-01 9.383941555629275039e-03 1.344110072611405804e-01 6.332284604688220853e-02 7.111235666383970699e-02 9.782810582768591834e-02 6.203255786906806263e-02 1.119882109109901352e-01 5.845192214371677797e-02 2.295956277440707252e-02 1.490304455341654177e-01 4.582844350602194305e-02 1.708239750339450025e-01 1.286170536108638129e-01 1.843421404132284114e-01 8.700473440422938631e-02 2.333250843883904468e-01 9.869163248145927658e-02 7.393110195327341760e-02 9.158050093432479333e-02 9.506607763693387947e-02 8.200269468732983291e-02 
2.670377829202927877e-01 1.071545516554095745e-01 2.723230763334889837e-02 0.000000000000000000e+00 6.922335639925440709e-02 4.850103885238694901e-02 1.110912481930309420e-01 2.805559272684865491e-01 1.993754918642994325e-02 4.178404627557599782e-01 1.008402668341282088e-01 1.131278068209252696e-01 4.761768068782689656e-01 1.174542330413386459e-01 1.070729785235585846e-01 1.312452732207445572e-01 7.822462181184933194e-02 1.232904637840914232e-02 7.225947778594750404e-02 1.838920360795486333e-02 8.232590835505267934e-01 2.334689311051489982e-02 9.117579552713028779e-02 5.347913837999005576e-02 5.753217329052265905e-01 2.723824547613830360e-02 4.044601137130703072e-02 1.088824933780854765e-01 4.057872756030684869e-01 1.800080583006282708e-01 1.997478211581275032e-01 7.619402291544874473e-02 1.548215891680907175e-01 1.554149949264821418e-01 1.225918517158872262e-01 4.428032649455334452e-02 3.879768653674089407e-01 4.759166313314384250e-02 3.171610749441197696e-02 2.269845858436313479e-01 7.332111780307343230e-02 1.343736292985212577e-01 1.922517906689407974e-01 5.046390436625314974e-02 6.322681497978330234e-02 4.914270008950288871e-02 1.043356517799822053e-01 1.030818616675323179e-01 1.020261416875186955e-01 1.669410030176007309e-01 1.032529212936588760e-02 2.553710116238962560e-02 1.333358954767351751e-02 1.824721624410315934e-01 6.477876468662654985e-02 7.228363423640511709e-02 2.921410135865555938e-02 2.826951573007840390e-01 3.736121378485196542e-02 7.322857176776452481e-02 1.185887206228142532e-01 2.952052444999007097e-01 1.027400946513053748e-01 9.650147174896070434e-02 4.821699675663942281e-02 9.118587337195890874e-02 
2.106220214013250144e-02 2.051434735464902626e-01 3.301753063771619146e-01 6.922335639925440709e-02 0.000000000000000000e+00 2.000250866958522000e-01 2.519682375955296649e-01 8.539882097324506816e-02 7.024345021910669562e-01 1.775783407050024465e-01 5.353867600387628850e-02 1.805711208531121381e-01 8.066201104409913281e-02 5.011217946665062761e-02 2.876069878213686204e-01 2.242570463103711054e-01 4.436868952147871581e-01 7.267072251437046992e-02 1.862715075739265758e-02 1.382352666080762238e-01 4.055657633829363312e-02 1.453943465665358814e-01 3.290149812256641937e-01 2.717185055230523227e-01 1.397995487012203553e-01 8.618323974475551597e-02 1.188637254411719774e-01 3.651960236215772565e-02 7.686383586931494483e-02 1.497157490989611262e-01 1.998667764532091953e-02 6.628972562751659359e-01 1.197655269020850011e-01 1.685909572102736731e-01 1.148916810290575019e-01 1.880308314619444365e-02 6.787676887892574173e-02 1.201342609759256524e-01 9.462852549153336068e-02 6.155775835599908846e-02 9.964909683660524986e-02 1.121272870517165399e-01 2.544430469325207889e-01 5.804996262413544827e-02 3.741549378003542620e-02 8.998305618367134773e-02 4.401533598299451483e-02 1.503502719900414453e-01 1.033699941876742856e-01 1.834402227639362060e-01 1.149705221636886376e-01 5.156789468424062550e-02 9.912121039293512320e-03 1.779636435367521266e-02 6.573962421924352262e-02 2.286723487044071690e-01 1.233693914446423734e-01 1.442302906247254768e-01 6.517873751039991725e-02 1.707973536557429867e-02 5.521291851829475406e-02 5.302494880170185998e-02 1.773819727122051826e-01 9.792334933572945099e-02 8.615615793407728484e-02 2.294191025492837710e-01 
2.836917324673659743e-02 1.830458380403938712e-01 2.253162819591198740e-01 4.850103885238694901e-02 2.000250866958522000e-01 0.000000000000000000e+00 8.129080098892217665e-02 3.603462490341415719e-02 2.697253575069712972e-01 1.245469136191255516e-01 5.539037305516399112e-02 2.142385381237276731e-01 4.089478899871522299e-02 4.223560356406207972e-01 2.687233720609069620e-01 1.420982864562343462e-01 9.326443180770349617e-02 1.888786432366482693e-01 4.556343085674711274e-02 4.633341524219162372e-02 1.703058435146992400e-02 2.266674039272431329e-01 1.547901758891916946e-01 2.406881721261190377e-01 9.179389119289868559e-02 6.744017697307181924e-01 3.807974379894727979e-01 4.077903329392905674e-01 6.116603325088935950e-02 3.846044098370064029e-02 1.146914933974425288e-01 3.383036675133089255e-01 1.025008256638957754e-01 5.160201722924619150e-02 2.152695272964874618e-01 1.267991721730577226e-01 8.582307932916562188e-02 6.980750146912274856e-02 6.375472101780245149e-01 7.034832058287029954e-02 2.463348494918157078e-02 1.507042975066850699e-01 1.327045265750458336e-01 2.071491498847283577e-02 2.270545696708899108e-01 1.367081940783682233e-02 3.837639280929311947e-01 1.028088967683441629e-01 8.718815380700256634e-02 5.549168745702637989e-02 3.210146555817630643e-01 2.906008509993618719e-02 1.955302162450937298e-01 7.134391819061494666e-02 8.364109087798951570e-02 1.286501695655963562e-01 2.314706780363996741e-01 1.063142473639677593e-01 5.797520248493852613e-01 1.191146118624685918e-01 3.124066500653554512e-01 9.092812197112025430e-02 4.055028068430194949e-02 3.288131233597375858e-02 1.829986507136308893e-01 6.290266532820568135e-02 
2.689306563542548933e-01 2.257429497556004069e-02 1.560141905996485084e-02 1.110912481930309420e-01 2.519682375955296649e-01 8.129080098892217665e-02 0.000000000000000000e+00 1.641599011196063218e-01 3.162110075213267479e-01 1.511771664871885447e-02 3.164500779238029748e-01 4.421158364619226511e-02 4.645553851766229814e-01 4.165766535964305489e-02 3.407399670509689282e-01 8.491352004437763279e-02 7.486387887566251509e-01 2.774535783384683707e-02 1.155110473291700718e-01 7.325477541757194344e-02 2.031053611148961671e-02 7.333724116490308864e-02 8.311973101053438118e-02 7.480489554300147337e-02 1.299079496599320760e-01 7.592778989627222731e-03 1.059555102415976474e-01 1.026610556685478570e-01 1.737653161384439815e-01 2.205405295347593331e-01 3.059166097440580226e-02 3.797962754610702540e-01 1.940665997128345754e-01 2.514952081913062187e-01 4.525740653284152787e-02 1.198730349437302986e-02 5.375830886682440857e-02 1.745174457525466016e-01 1.453039366002460697e-01 3.373887555014282169e-01 7.170119405681214808e-02 2.332896383601157919e-01 1.788168838439106179e-01 4.259666127893363408e-02 8.301357636739768731e-02 2.402403042947126866e-01 5.028855343283988172e-02 2.709774472179743432e-01 2.379600002346827711e-02 3.985554914894125500e-01 7.698485730259753412e-02 6.258940058108529436e-02 3.597080003813834387e-02 4.356815581648509905e-02 9.154335118776942004e-02 7.996652929341988014e-02 1.123193365843176417e-01 1.096274838942858376e-01 2.590017126045906712e-02 6.187760035275773063e-02 1.798788284860140807e-02 3.391008975250492385e-02 2.645979151613536140e-01 1.283061397107298773e-01 1.982551764024835794e-01 3.236459243244004247e-01 
6.036089691794058743e-01 5.026578246394530075e-02 3.507511204806957467e-02 2.805559272684865491e-01 8.539882097324506816e-02 3.603462490341415719e-02 1.641599011196063218e-01 0.000000000000000000e+00 1.591549618005941302e-01 2.445297524832049929e-01 4.295709432859275978e-01 5.424914828474387829e-02 4.919887505542866468e-01 3.070519225179253742e-02 2.528819610195972567e-01 1.418986734302407904e-01 7.495011156625838722e-02 2.129898076406843699e-01 5.111345229321027223e-02 1.872181867164470770e-01 3.535776747752152893e-01 6.599013665857766942e-02 5.344138616327635816e-02 3.876935244851231754e-02 2.201725397605766854e-01 1.020704272245454534e-02 1.018600515166260684e-01 4.037372386388756590e-02 3.172569126997076272e-01 4.165697943350263333e-01 4.686877067956137233e-01 1.404369711824351719e-01 2.812632444873803816e-01 2.108567276665872792e-01 1.664125958137516181e-02 1.233622678518405888e-02 3.721688003658858018e-02 1.116551616022215532e-01 2.479212631450744900e-02 1.850971019761786518e-01 1.430150267971908029e-01 9.734432227144580729e-02 5.694585155991432196e-02 1.042096019391320905e-01 7.069011280516224183e-02 2.084309968021802462e-01 6.455574395604068982e-02 1.332571926494038050e-01 1.048239230949680190e-01 1.533073865902326027e-01 5.878315797947636367e-02 5.397223755069711915e-02 1.324555481076375163e-01 5.174022992104821556e-02 7.431000809495734438e-02 4.374415308742375663e-02 6.049946332001271410e-02 6.906705490795454760e-02 3.768958060620230394e-02 5.105908278174815795e-02 2.349063020048348244e-02 2.848914188415160170e-02 1.910741398469029684e-01 1.807728219298161965e-01 1.013102539707281535e-01 1.556683280055863039e-01 
1.563762767109283247e-01 1.082591467038553357e-01 2.740247213134404669e-01 1.993754918642994325e-02 7.024345021910669562e-01 2.697253575069712972e-01 3.162110075213267479e-01 1.591549618005941302e-01 0.000000000000000000e+00 8.816585625727280107e-02 2.250770949373995522e-01 1.994216276370455732e-01 2.071814977641580069e-01 7.356518254298019532e-02 6.342280939403872608e-01 1.871793668434590108e-01 3.889802954735891438e-01 2.383684717172802198e-02 8.549749111010938873e-02 1.279914644973421944e-01 9.284143426341964767e-02 1.912580302847975422e-01 2.423873661282282543e-01 2.404770644308457939e-01 7.415647925981962152e-02 1.891731224747092710e-01 2.013454199659722166e-01 5.189930735835038972e-02 7.365320321801337167e-02 3.035543667338078122e-01 2.048823154660105519e-02 5.421432882148110588e-01 2.053655167057701902e-01 1.295248380456177073e-01 5.817415032427562110e-02 2.708568778054971579e-02 6.019530767799721044e-02 1.386978476273744432e-01 1.185024332143300163e-01 1.485376534837377915e-01 5.083338498698222740e-02 1.527871771597647255e-01 2.241323585450429867e-01 3.489247754821050290e-02 2.559500898954464657e-02 1.616356105616245098e-01 4.943337407933154348e-02 1.660904261206348209e-01 9.698381836093535047e-02 2.219543091434906801e-01 1.170341943463570622e-01 2.883867218395435444e-02 4.451318720833961212e-02 5.697553850309584195e-02 5.043490920874703354e-02 1.736403514194660713e-01 1.283992312714042627e-01 1.108414450181728628e-01 1.229174716573487591e-01 4.224435979544110403e-02 3.580937878928984464e-02 5.048780824142970469e-02 1.523696767225201087e-01 6.797427756729802761e-02 1.142872442265800981e-01 2.156835464202687402e-01 
2.380616657283078363e-01 3.656643947020671997e-02 1.653666606423551122e-01 4.178404627557599782e-01 1.775783407050024465e-01 1.245469136191255516e-01 1.511771664871885447e-02 2.445297524832049929e-01 8.816585625727280107e-02 0.000000000000000000e+00 1.701759201250850895e-01 1.170483226622365536e-01 3.933315838586209368e-01 9.246295093107011198e-02 6.589997894230228970e-02 3.361887005927338690e-01 6.153160129679573209e-02 1.136200204286368642e-01 8.874623393176425679e-02 4.580517114573970372e-02 3.401264808796199413e-01 2.313383792602485278e-01 3.864039415476236417e-01 2.910461186136061307e-01 8.196426663084549480e-01 4.758057376140484296e-02 1.164776230010867580e-01 9.722737273681619774e-02 5.901740643616105730e-01 1.952766236927398757e-01 1.975744572784853548e-01 1.045634021351824483e-01 2.398266338576906520e-01 2.389118024258264084e-01 1.772350645417454518e-01 6.510868410745185297e-02 3.903820139973321335e-01 2.697638608940483573e-01 2.049116846596795924e-02 2.633652654319230679e-01 1.536468000873004655e-02 2.390870464498960901e-01 4.181664131796113404e-01 1.831262913149495908e-01 2.091058793915277769e-02 1.470981165979807527e-02 2.928924831201745391e-02 2.274959389094076689e-01 9.196034333828111140e-02 4.497076194425669859e-01 3.878149588494642780e-02 5.876395563442730896e-02 9.923664062516665899e-03 3.154293903862387394e-01 1.043917917864342348e-01 1.824645577925492756e-01 6.598956951464211851e-02 4.977222030559126376e-01 5.061228787736139073e-02 1.010376493678970256e-01 1.930417577373761961e-01 4.040935962393960024e-01 2.210689764311617456e-01 1.698462185701067328e-01 2.375665131516152828e-01 2.147169506834718244e-01 
2.856008511581074050e-01 2.366498768680367487e-02 1.224514913761341577e-02 1.008402668341282088e-01 5.353867600387628850e-02 5.539037305516399112e-02 3.164500779238029748e-01 4.295709432859275978e-01 2.250770949373995522e-01 1.701759201250850895e-01 0.000000000000000000e+00 6.317885773873549438e-02 5.398565786704793146e-01 3.243470961097877359e-02 3.095360245603357985e-01 8.833511307986829930e-02 9.674018125360586695e-02 9.021725638035640871e-02 1.679598083778927400e-02 7.729217908985457075e-02 3.615497558865228278e-01 1.223760770281156901e-01 4.502949194476064954e-02 9.561959026007088580e-02 1.360539994474623815e-01 3.705925391167714383e-02 5.916416874160861095e-02 4.396844263426719079e-02 1.271715251939360691e-01 2.030545478107904644e-01 4.044587865274798522e-02 9.262439592178108028e-02 1.417023241121652677e-01 8.801915148258340760e-02 4.337744061715526067e-02 2.147380327532969618e-02 2.186810706820880093e-02 7.411551247020185806e-02 3.126724355479137268e-02 1.427727352258214844e-01 5.334753639021630467e-02 6.428362816443139449e-02 3.721767520651801664e-02 8.341978834459065628e-02 5.303441725938212725e-02 1.045475843683662948e-01 5.080428033096923840e-02 9.117630285232884713e-02 4.282245888885886920e-02 1.272985985263726527e-01 1.132393672965217521e-02 3.864390725481984395e-02 4.625758632225560746e-02 2.292702823597705941e-02 1.630930498987085558e-02 2.836199994500874372e-02 4.860723353484644460e-02 9.594255874583446347e-04 1.901794052688418266e-02 1.501926220127564049e-02 4.121468843521759740e-02 3.080700422224192173e-02 9.709801506348278433e-02 3.996054811362096532e-02 8.641511602255766422e-02 9.074428770357123586e-02 
3.597467086474554626e-02 7.927185330501311522e-02 4.305036622865218709e-02 1.131278068209252696e-01 1.805711208531121381e-01 2.142385381237276731e-01 4.421158364619226511e-02 5.424914828474387829e-02 1.994216276370455732e-01 1.170483226622365536e-01 6.317885773873549438e-02 0.000000000000000000e+00 6.247179544149758512e-02 6.655371127498136419e-01 7.677015506003112555e-02 9.223346913159020943e-02 5.851446567488194361e-02 5.948571367622863294e-03 5.032288757039847793e-01 1.307708942244805161e-01 1.149611243139157385e-01 7.045446620036618923e-02 5.390017340795669881e-02 1.231733417727266799e-01 1.364857739187235464e-01 3.695598927601529415e-01 2.612283951789795902e-02 5.154093942288617836e-02 1.411726503222897333e-01 3.415819110068388231e-02 5.254661420362933405e-02 4.606269580693422155e-02 3.811677395085737163e-02 1.391390234791599519e-02 2.142106356176394499e-01 1.592607591300253256e-01 4.033441820477096096e-02 4.483927316490350645e-02 1.673122028168016751e-01 3.397194405624709423e-02 2.405711939314431405e-02 3.405596070310631940e-02 8.419455212882998724e-03 9.642697333355168543e-02 5.349486728497780674e-02 1.037200223327740430e-02 3.733287694663572909e-01 1.598156093096584837e-02 2.622529826700571026e-02 1.180330639859825254e-01 2.616664738900940645e-01 1.857231597118549071e-01 2.283952323632803261e-01 6.481852288729283984e-02 8.435602556276056152e-02 8.162112754496363143e-02 1.718258482064373149e-01 6.381053249458551457e-02 2.380112576301586791e-01 1.316569162177439467e-01 1.095766188249808620e-01 7.181316203462373426e-02 4.901454029363803283e-02 3.476253632194557103e-02 1.429567508745916739e-02 1.063782060871602958e-01 
4.972255276219917919e-01 9.111741906853042250e-02 4.587614857841030430e-02 4.761768068782689656e-01 8.066201104409913281e-02 4.089478899871522299e-02 4.645553851766229814e-01 4.919887505542866468e-01 2.071814977641580069e-01 3.933315838586209368e-01 5.398565786704793146e-01 6.247179544149758512e-02 0.000000000000000000e+00 4.987450010261543221e-02 3.482971237675497322e-01 1.323478256336296233e-01 3.512648737205674165e-01 5.021254959736296680e-02 3.432794591554801794e-02 7.623074041030242221e-02 6.368316620014565776e-01 4.809324813313721469e-02 9.753106154499512070e-02 7.894897413525241159e-02 3.479064504141648473e-01 1.953976088631836916e-02 4.077194694305167483e-02 2.158238079925422007e-02 2.164887054685090961e-01 3.514864415309048029e-01 1.876738438658996366e-01 1.820903236133645520e-01 3.035935178620184915e-01 3.584506427024155006e-01 1.161665154834037872e-01 4.615025966429928128e-02 2.312562142047121239e-01 1.590799387439935375e-01 5.152829637223416137e-02 3.617352731465124371e-01 1.806817914047804952e-01 2.540107160816602039e-01 5.069149423131686164e-03 2.687657058102376276e-02 2.281194036423447175e-02 1.742584507383578007e-01 5.903391538504273311e-02 2.887870752228944293e-01 1.037786560685526466e-01 3.795369508884597343e-01 5.971856768128926823e-02 7.332107373251647853e-02 4.813072448765785133e-02 1.627312983609291441e-01 1.294556406795162040e-01 1.020238668418945449e-01 1.387646546124130242e-01 9.084002209860325694e-02 3.463708845160710925e-02 1.078777599805961357e-02 9.432350134190391200e-02 1.472806863356005691e-01 3.185827969878426980e-01 2.059272450763559581e-01 1.519134488350790402e-01 3.338004139484658239e-01 
2.373115609602367837e-02 8.978925690526610992e-02 2.929122246863073015e-02 1.174542330413386459e-01 5.011217946665062761e-02 4.223560356406207972e-01 4.165766535964305489e-02 3.070519225179253742e-02 7.356518254298019532e-02 9.246295093107011198e-02 3.243470961097877359e-02 6.655371127498136419e-01 4.987450010261543221e-02 0.000000000000000000e+00 7.342554584642907445e-02 1.209998160176185000e-01 7.481410924096895676e-02 2.221974642315641124e-01 1.882899786247916041e-01 1.581703968643406732e-01 1.159413378962723673e-01 4.193296179360039150e-02 1.025497636323360745e-01 8.039371764516439756e-02 1.284643419971427947e-01 5.611208289036532237e-01 4.298759521330406536e-02 1.507840355707669167e-01 1.251533442267231400e-01 8.505750360143959909e-02 2.031807340950301383e-02 6.692393961656097068e-02 1.045525184732413737e-01 6.781531572371533347e-03 3.277711338674221125e-02 1.068375274373339762e-01 8.332286901534262380e-02 6.767401407843864902e-02 4.263526278489009891e-01 6.885500450609156886e-02 8.109028912004314846e-03 8.177140610469514626e-02 6.041075622046799404e-02 9.245697236171105879e-03 3.021726480994510466e-01 7.252974476546980576e-02 6.569238596552059439e-01 4.476194572291010421e-02 6.980320797312801473e-02 2.981286051560991940e-02 2.941621657403157286e-01 1.106068574401634051e-02 1.930936304421671801e-01 9.065525953760976419e-02 8.724366640562458697e-02 4.745220080682776426e-02 1.515088750783405158e-01 9.353993817316566539e-02 5.838628572662102334e-01 1.688429267222285937e-02 1.155226415121568678e-01 1.057156355091543737e-01 5.099807279820375155e-02 3.557736221963786472e-02 6.297837177410085807e-02 8.754763507124019295e-02 
4.043991907854977974e-01 2.124569640459874828e-02 1.936957124307533973e-01 1.070729785235585846e-01 2.876069878213686204e-01 2.687233720609069620e-01 3.407399670509689282e-01 2.528819610195972567e-01 6.342280939403872608e-01 6.589997894230228970e-02 3.095360245603357985e-01 7.677015506003112555e-02 3.482971237675497322e-01 7.342554584642907445e-02 0.000000000000000000e+00 1.496990376526598776e-01 3.689072711121066939e-01 2.453841222713933415e-02 1.059587847014418494e-01 3.489845607282431733e-02 2.013519913940648998e-01 2.268314870745502254e-01 1.458924972599649483e-01 2.286118050132549262e-01 5.487523611582333788e-02 1.522496231488668639e-01 2.811037897081951065e-01 1.635716396717718513e-01 4.602730632541761346e-02 5.419759430523402033e-01 5.982648811221779467e-02 4.430711137187335336e-01 3.859566965418688711e-01 1.229611685359811579e-01 3.987248855030492423e-02 1.963204580160766988e-02 2.044346840634158474e-02 1.452868472636162367e-01 1.345153525282657692e-01 2.159306873704096574e-01 3.169840000708094852e-02 1.506500404031108076e-01 1.521319218155470221e-01 4.726624273551636307e-02 3.500805148119213572e-03 1.867380030562061088e-01 1.357244982461226594e-02 1.782797454052055530e-01 6.913359500839376393e-02 2.379301625101175321e-01 1.047705070620132545e-01 6.712361158713192610e-02 3.810269874405285834e-02 6.353815649951037592e-02 5.518545760801144701e-02 9.549101161628183176e-02 1.308137557164087694e-01 8.027731781603880679e-02 9.312501901572779739e-02 5.880687813835629857e-02 4.979903032959694109e-02 7.941780346702494164e-02 1.666966257672720941e-01 5.828070767131116048e-02 1.488223289027589824e-01 2.226974117413643983e-01 
1.035135845240261060e-01 1.380464090327006565e-01 2.186621310009304042e-01 1.312452732207445572e-01 2.242570463103711054e-01 1.420982864562343462e-01 8.491352004437763279e-02 1.418986734302407904e-01 1.871793668434590108e-01 3.361887005927338690e-01 8.833511307986829930e-02 9.223346913159020943e-02 1.323478256336296233e-01 1.209998160176185000e-01 1.496990376526598776e-01 0.000000000000000000e+00 1.346627082235755668e-01 5.539922101971297280e-02 1.265465827320328418e-01 4.605679899228757451e-02 1.796180860985439331e-01 2.384038915246681489e-01 8.056388566286334374e-01 6.662108067357830343e-01 1.811614420896300315e-01 6.899027587638328907e-02 7.295426596816197151e-02 2.351554007602411900e-02 1.072224236508846629e-01 1.084648332100739271e-01 1.019360966169919058e-01 1.906759695279439948e-01 4.738518243241107708e-02 1.305995853632635484e-01 1.763400037851929961e-02 5.025888166751955877e-02 1.014561115584881185e-01 1.638125350787141832e-01 9.276216000924972227e-03 1.000857823641247563e-01 8.531609576963489205e-02 1.166256351149036891e-01 1.911961292291452230e-01 4.139852313135628653e-02 2.010352470581828338e-02 3.687485768408671483e-02 5.141350726697019313e-02 1.261922155646964805e-01 3.632305963369206192e-01 1.534104927033007326e-01 4.398562799103130500e-02 4.220356917124769985e-02 8.095804186645837175e-02 1.475391693482737965e-01 1.028063727830453439e-01 4.604250776774884146e-01 3.131884787247159879e-02 1.754885293961238324e-01 6.696573779194785192e-02 5.665636292734074070e-02 1.724917615508572352e-02 6.932160553006111448e-02 1.322175318027730140e-01 9.884459131296396972e-02 1.932854357773760301e-01 1.294850948304449301e-01 
2.083488340509208336e-01 1.996138373961198892e-02 3.563331975246454564e-02 7.822462181184933194e-02 4.436868952147871581e-01 9.326443180770349617e-02 7.486387887566251509e-01 7.495011156625838722e-02 3.889802954735891438e-01 6.153160129679573209e-02 9.674018125360586695e-02 5.851446567488194361e-02 3.512648737205674165e-01 7.481410924096895676e-02 3.689072711121066939e-01 1.346627082235755668e-01 0.000000000000000000e+00 1.495239713081962796e-01 1.668766084455281518e-01 5.888154427686619063e-02 1.542094651938320446e-02 4.887314019898297834e-02 1.479924335234691635e-01 1.085964247723845283e-01 1.687895470741317128e-01 9.008687723156235880e-03 1.184940087814740223e-01 1.039273812426437932e-01 2.116613411423320101e-01 3.277227321730103449e-01 4.015043533942887904e-02 4.807636530695152954e-01 3.406371467682980936e-01 3.170868961438415567e-01 6.983457924927903571e-02 2.727080930727730779e-02 6.213559510375601946e-02 2.082889336804277236e-01 1.647844368788409508e-01 3.028339593926439588e-01 1.011140283078108409e-01 2.820746635368279187e-01 3.093108856613162594e-01 6.358575849618344766e-02 1.689473767194638043e-01 2.554515647401567335e-01 1.028517620783350600e-01 3.287828311163349393e-01 8.811645046278988869e-02 4.500028855693787855e-01 1.447739715580473319e-01 6.681495131378607788e-02 3.024359463017539662e-02 4.517701074028229041e-02 1.579208457093986551e-01 1.671619149283708472e-01 1.929340893336635443e-01 1.648333509960291932e-01 4.744703719693892791e-02 4.727558151153686550e-02 4.658361446675038375e-02 5.178466932652241866e-02 3.506269642242846873e-01 1.960222284650326163e-01 2.287467230848276023e-01 4.526611409552000476e-01 
1.683521156873225288e-01 1.616603234955522606e-01 1.252769345538005952e-01 1.232904637840914232e-02 7.267072251437046992e-02 1.888786432366482693e-01 2.774535783384683707e-02 2.129898076406843699e-01 2.383684717172802198e-02 1.136200204286368642e-01 9.021725638035640871e-02 5.948571367622863294e-03 5.021254959736296680e-02 2.221974642315641124e-01 2.453841222713933415e-02 5.539922101971297280e-02 1.495239713081962796e-01 0.000000000000000000e+00 9.166889778409714751e-02 5.587104646969115462e-01 3.092224003366392596e-02 2.870118805521422178e-01 2.114461181088158823e-02 1.503013737379499393e-01 7.632860648405530302e-02 1.954600711924615875e-01 2.518462181349690951e-02 2.422741754603016384e-01 2.417336999439537518e-02 8.958320391986181186e-02 8.984798430163581928e-02 5.566285947476069806e-02 2.664823734503719010e-01 6.343461571140193711e-02 3.575432614069067316e-01 1.742278797618360964e-01 1.790295227015108875e-02 9.307267955825740402e-02 8.943329470892602551e-02 6.520104728196665644e-02 2.969175964110798774e-02 1.080486945037261448e-01 4.128935278738112002e-02 8.324753999345751998e-02 2.948771490451690402e-01 6.776772665223294856e-02 2.798188925956882622e-01 9.604899795297230924e-02 9.141425611397625828e-02 1.943759256815811853e-01 1.551572469422350664e-01 7.512220947668363236e-02 1.324733547985374738e-01 3.063240103446257176e-02 9.162699701036344790e-02 1.510354103602673803e-01 1.629825783520494065e-01 6.182239025047556180e-02 3.624520935256715370e-01 1.562457488665361383e-01 3.502935480867995777e-01 5.415197770207143269e-02 8.619301186665768999e-02 4.383512592310651740e-02 7.692479969137595852e-02 1.560041028002369379e-01 
1.373804885573069179e-01 9.531467528627474151e-02 8.131375768048361430e-02 7.225947778594750404e-02 1.862715075739265758e-02 4.556343085674711274e-02 1.155110473291700718e-01 5.111345229321027223e-02 8.549749111010938873e-02 8.874623393176425679e-02 1.679598083778927400e-02 5.032288757039847793e-01 3.432794591554801794e-02 1.882899786247916041e-01 1.059587847014418494e-01 1.265465827320328418e-01 1.668766084455281518e-01 9.166889778409714751e-02 0.000000000000000000e+00 5.213547682839952957e-01 4.420258429061690170e-02 1.577282588484139533e-02 7.171188829448166269e-02 1.430639852586524097e-01 1.164483847353673801e-01 1.694249550442513408e-01 2.085081235544353484e-01 8.419123311364876128e-02 1.158582625719290216e-01 2.097173985892849812e-01 6.383058358788695763e-02 1.148548193776976617e-01 2.141077738983113710e-01 1.823366204485170686e-02 2.208625845964330980e-01 8.782687854688675522e-02 4.763534435179629656e-02 3.768137976364518277e-02 2.169745028097463599e-02 6.885050818030281905e-02 3.334931914337559145e-02 2.651090657502782472e-02 8.945951442932667530e-02 6.045691067491693743e-02 1.372447398268474839e-01 7.131568859905006164e-02 4.941818639526391471e-02 1.831755179310038187e-02 3.560308510541360799e-02 2.258947887587732517e-02 1.007622743164232199e-01 2.371206470323156401e-01 1.738461387999375996e-01 6.712209582458586454e-02 1.535799047127483011e-02 4.849851959751007476e-03 4.698380832821874575e-02 1.014475830033260834e-01 6.869899514557052667e-02 1.901027540158991280e-01 2.025376061211816847e-01 8.653800055164694027e-02 2.507057964051088647e-02 1.628967410193902718e-02 5.875119183760822705e-02 3.762301157241405847e-02 
2.720713124813696204e-01 1.250930693165673291e-01 5.361538672628822499e-02 1.838920360795486333e-02 1.382352666080762238e-01 4.633341524219162372e-02 7.325477541757194344e-02 1.872181867164470770e-01 1.279914644973421944e-01 4.580517114573970372e-02 7.729217908985457075e-02 1.307708942244805161e-01 7.623074041030242221e-02 1.581703968643406732e-01 3.489845607282431733e-02 4.605679899228757451e-02 5.888154427686619063e-02 5.587104646969115462e-01 5.213547682839952957e-01 0.000000000000000000e+00 1.608065835780948458e-02 6.631032187472203632e-02 2.275727719862015441e-02 2.452168858390733550e-02 6.187110026808588514e-02 4.373909433272722691e-02 3.808055777730745550e-01 1.425756581942122236e-01 3.170110332836791750e-02 1.927284543541178119e-01 2.295576552439599904e-01 9.023639342422005993e-02 1.361082825591145296e-01 2.691997790662075188e-02 3.169046688010552226e-01 1.545416244721851129e-01 3.939327362559707363e-02 1.712791753296053626e-02 8.165883710392053685e-02 6.766859397756716521e-02 3.004392295364153448e-02 5.980613211533895163e-02 5.820643144157760379e-02 5.705799237692948250e-02 2.358088919929792471e-01 5.021470470794365398e-02 1.892266316650021707e-01 4.254386246675471994e-02 1.506120109519265039e-02 8.061135780686230767e-02 1.251437977556402459e-01 1.075333637971394862e-01 1.546614570388448739e-01 3.989695888162587273e-02 1.833057563045581081e-02 7.285991728723023586e-02 7.757551923981279018e-02 1.001568798668045490e-01 2.813312469396594961e-01 2.168425426802703393e-01 3.105351745863666468e-01 7.339396704892170442e-02 2.760369093871626461e-02 2.946712135484406969e-02 4.324840325726170970e-02 4.962754808178682780e-02 
3.090611724734028676e-01 1.209319125398084643e-01 6.560581589953980164e-02 8.232590835505267934e-01 4.055657633829363312e-02 1.703058435146992400e-02 2.031053611148961671e-02 3.535776747752152893e-01 9.284143426341964767e-02 3.401264808796199413e-01 3.615497558865228278e-01 1.149611243139157385e-01 6.368316620014565776e-01 1.159413378962723673e-01 2.013519913940648998e-01 1.796180860985439331e-01 1.542094651938320446e-02 3.092224003366392596e-02 4.420258429061690170e-02 1.608065835780948458e-02 0.000000000000000000e+00 1.003712497642394730e-01 1.470869579485291068e-01 1.240351862803852762e-01 4.615786576834162158e-01 2.631677709199036277e-02 2.498242515440177863e-02 9.506645223912685294e-02 2.917881890371819553e-01 2.172296634913449542e-01 1.305686413629911502e-01 3.489454536037910060e-02 1.676735452461095288e-01 1.714424940373739936e-01 1.108977955372977553e-01 3.072801781505402410e-02 3.459342917958736496e-01 4.298342171282727719e-02 3.275867995924337805e-02 2.628096234455167268e-01 9.845493060510639161e-02 1.402741358246905323e-01 1.505358068312343534e-01 8.760571016454621329e-02 9.004274631031748688e-02 6.516320412112623639e-02 1.237583931334992338e-01 1.224661630397552714e-01 8.723943671519271414e-02 1.709953502086623556e-01 3.413114287215135000e-03 4.964459708697159523e-02 2.672975808906076847e-02 1.951057059570822649e-01 4.463894737306630528e-02 8.456836071990149473e-02 3.247248044531607369e-02 2.167285056973511093e-01 5.152500882074854266e-02 4.244222641775893118e-02 9.779836701308677882e-02 2.406485393452438004e-01 1.180974658526670745e-01 7.395432224845999158e-02 4.623900092685767627e-02 1.119599007866905332e-01 
1.404847140653828763e-01 1.592686362758977403e-01 2.316212462843766917e-01 2.334689311051489982e-02 1.453943465665358814e-01 2.266674039272431329e-01 7.333724116490308864e-02 6.599013665857766942e-02 1.912580302847975422e-01 2.313383792602485278e-01 1.223760770281156901e-01 7.045446620036618923e-02 4.809324813313721469e-02 4.193296179360039150e-02 2.268314870745502254e-01 2.384038915246681489e-01 4.887314019898297834e-02 2.870118805521422178e-01 1.577282588484139533e-02 6.631032187472203632e-02 1.003712497642394730e-01 0.000000000000000000e+00 1.662841469765093116e-01 5.619582396676202629e-01 1.125078631347318503e-01 2.515149107851757937e-01 4.804314267546290762e-01 2.510427235703984183e-01 1.508154745052832368e-01 2.259709265475906004e-01 4.785421666163987009e-01 1.672017537612171811e-01 4.387984737730056262e-01 1.492989938935193328e-01 1.853915100693547813e-01 1.099247147450480716e-01 1.603348673827524606e-02 7.411930024612531365e-02 1.099945720834436536e-01 6.649013972948977780e-02 7.616067558567191087e-02 6.857828119819892043e-02 1.250528605507220115e-01 4.687879058765068857e-02 9.274171153193049022e-02 1.073747767802900877e-01 1.091331943327950027e-01 9.859485986095929688e-02 1.118808899396546014e-01 1.504204642391345492e-01 3.617106874955780538e-02 6.403513634377586139e-02 4.288332362160159755e-02 4.193615618174958287e-02 1.681805816286728039e-01 9.227689299004869505e-02 1.391016877565342813e-01 6.484413859724352802e-02 1.827887250105240946e-01 2.021770385736001638e-02 1.975974986993291327e-01 3.630981910566445647e-02 1.644062134592757518e-01 1.908497890897909721e-01 8.487786208004438615e-02 1.883987194209561233e-01 
3.996461334925185266e-02 3.826589709883814194e-01 3.498130289623378464e-01 9.117579552713028779e-02 3.290149812256641937e-01 1.547901758891916946e-01 8.311973101053438118e-02 5.344138616327635816e-02 2.423873661282282543e-01 3.864039415476236417e-01 4.502949194476064954e-02 5.390017340795669881e-02 9.753106154499512070e-02 1.025497636323360745e-01 1.458924972599649483e-01 8.056388566286334374e-01 1.479924335234691635e-01 2.114461181088158823e-02 7.171188829448166269e-02 2.275727719862015441e-02 1.470869579485291068e-01 1.662841469765093116e-01 0.000000000000000000e+00 5.658967181221773446e-01 1.842812046298893114e-01 1.159622896309183832e-01 4.612457305586102618e-02 1.809532867678934343e-01 1.111898385502726322e-01 8.305072446809162734e-02 3.164035728982068918e-02 2.719336850616294043e-01 3.881517351493279228e-02 8.154379726382927907e-02 1.796994945634522445e-01 1.353922782188281826e-01 4.857906004412732709e-02 3.055561203292313510e-01 3.223522697983559337e-02 1.377531384568344563e-01 1.214566659755141921e-02 1.689071228466588470e-01 2.790253437380250112e-01 5.616757742559853883e-02 6.520843173838027085e-02 7.874642875828231914e-02 4.698927941888442900e-02 1.347856385818332892e-01 4.536023789156233277e-01 2.379350759765743728e-01 4.850806703734682201e-02 1.921710849073228131e-02 3.044509675713219163e-02 5.799624591328155637e-02 8.218030583188883076e-02 6.549904146048420861e-01 1.762351744068640924e-02 2.092200996293880899e-01 6.344857240355022965e-02 1.537442962082448926e-02 1.257643182436987694e-01 8.236143616076743723e-02 1.270765912525688712e-01 8.603061046207385876e-02 3.154648184509692976e-01 1.237464862459733972e-01 
5.662629104982173922e-02 8.368013890537169541e-02 4.927476712033950768e-01 5.347913837999005576e-02 2.717185055230523227e-01 2.406881721261190377e-01 7.480489554300147337e-02 3.876935244851231754e-02 2.404770644308457939e-01 2.910461186136061307e-01 9.561959026007088580e-02 1.231733417727266799e-01 7.894897413525241159e-02 8.039371764516439756e-02 2.286118050132549262e-01 6.662108067357830343e-01 1.085964247723845283e-01 1.503013737379499393e-01 1.430639852586524097e-01 2.452168858390733550e-02 1.240351862803852762e-01 5.619582396676202629e-01 5.658967181221773446e-01 0.000000000000000000e+00 1.661704991949793653e-01 6.889959662163645804e-02 2.460372468823472936e-01 3.767089245782883483e-02 1.173795852299917980e-01 4.751598195955934745e-02 2.112280419397161157e-01 2.958905854523897760e-01 1.648036003045876552e-01 1.528343943408679573e-01 1.084293374843391250e-01 1.249111990015173146e-01 8.659217941884327085e-02 9.615101002613193892e-02 8.323974779491542797e-02 1.023773712488083576e-01 5.347320778954131604e-02 1.054320966601720588e-01 5.081645413596041355e-02 3.141353370001406797e-02 7.829660462084712946e-02 6.443067811717029247e-02 3.204864634219830449e-02 1.162135974289668222e-01 2.985414338040448881e-02 1.401565463015886082e-01 2.983883965169431551e-02 4.403385709554021032e-02 6.793180219793480690e-02 1.048298438964965079e-01 1.966817813451872399e-01 1.485749216304080023e-01 1.765228460508032893e-01 8.274426232953366322e-02 9.866100548295934913e-02 3.332205269163342892e-02 1.724818573176971348e-01 2.361943101331930028e-02 1.549792709346803077e-01 1.552662657662521317e-01 1.187919522456487437e-01 1.674224966517578461e-01 
