0.000000000000000000e+00 2.865034821192442155e-02 2.577062090446945522e-02 2.474214686609267980e-02 1.492756604272574977e-02 1.810114307543122386e-02 3.194146513473009735e-02 2.071640563016073633e-02 1.830683788310658033e-02 2.083394552026093804e-02 2.679909494284622717e-02 1.140136933971966707e-02 1.974670153683406176e-02 1.125444447709441319e-02 2.988451705797654998e-02 1.290000293849725282e-02 4.231436043607299073e-03 1.016720049366753864e-02 1.251799829567159378e-02 3.526196703006082706e-03 8.903646675090358051e-03 1.228291851547118861e-02 8.169022361964092122e-03 1.604419499867767648e-02 1.542711057565161227e-02 1.395786194939907694e-02 1.733713378977990707e-03 2.347859304751550094e-02 1.677881931180394415e-02 2.071640563016073633e-02 1.040228027386794381e-02 1.648496958655343639e-02 4.466515823807705107e-03 7.581322911463077470e-03 8.697951867415003313e-03 1.827745291058152990e-02 1.140136933971966707e-02 1.131321442214451578e-02 1.507449090535100365e-02 6.758543680761658302e-04 1.210660868032088430e-02 1.548588052070171313e-02 1.983485645440921652e-02 9.256266345390966668e-03 3.623167112338750162e-02 5.759454614909935259e-03 2.941435749757573964e-02 4.701595604008110382e-04 1.645558461402838596e-02 2.056948076753548245e-03 1.028474038376774036e-02 3.217654491493050772e-02 1.195968381769563042e-02 1.184214392759542697e-02 3.103053098645352711e-02 1.669066439422879286e-02 3.446857277188445506e-02 2.292027856953953845e-03 2.324351326731509404e-02 1.736651876230495620e-02 5.641914724809732676e-03 2.468337692104257720e-03 3.114807087655373230e-03 1.339954747142311359e-02 6.905468543386911531e-03 6.641003790661455936e-03 
2.865034821192442155e-02 0.000000000000000000e+00 2.397813758044136170e-02 2.444829714084217204e-02 6.699773735711556794e-03 2.324351326731509404e-02 2.009932120713467038e-02 1.207722370779583387e-02 2.415444741559166775e-02 1.601481002615262605e-02 1.337016249889806316e-02 1.498633598777585063e-02 1.481002615262554806e-02 5.259910081984073629e-03 1.475125620757544546e-02 7.728247774088331350e-03 8.668566894889952884e-03 2.409567747054156429e-03 9.608886015691575286e-03 1.031412535629279252e-02 2.982574711292644912e-02 2.997267197555170213e-03 5.436219917134377071e-03 1.381093708677382306e-03 1.801298815785607257e-02 2.186241955863771347e-02 3.464488260703476458e-02 1.287061796597220240e-02 1.839499280068173162e-02 1.692574417442919629e-02 1.495695101525080020e-02 2.488907172871793194e-02 1.821868296553142644e-03 1.530957068555140882e-02 2.938497252505068921e-03 9.697040933266726573e-03 1.463371631747524375e-02 5.289295054509124058e-03 1.921777203138315057e-02 1.942346683905850704e-02 1.636742969645323467e-02 2.148041491581205442e-02 2.092210043783608933e-02 7.052393406012165845e-04 1.854191766330698377e-02 3.064852634362786807e-02 1.351708736152331704e-02 6.258999147835796889e-03 1.016720049366753864e-02 1.228291851547118861e-02 1.119567453204431233e-02 2.923804766242543707e-02 1.522141576797625753e-02 2.024624606975992600e-02 2.192118950368781433e-02 1.733713378977990707e-03 2.906173782727513102e-02 1.431048161969968556e-02 1.087243983426875414e-03 1.616173488877787820e-02 5.906379477535188272e-03 1.051982016396814726e-02 1.974670153683406176e-02 1.351708736152331704e-02 4.701595604008110382e-04 2.694601980547148279e-02 
2.577062090446945522e-02 2.397813758044136170e-02 0.000000000000000000e+00 2.297904851458964018e-02 1.522141576797625753e-02 1.528018571302635839e-02 2.547677117921894746e-02 1.204783873527078214e-03 2.247950398166377595e-02 3.467426757955981414e-03 2.556492609679409875e-02 5.112985219358819750e-03 1.601481002615262605e-02 8.786106784990156335e-03 3.690752549146366496e-02 3.085422115130322367e-03 1.818929799300637515e-02 5.289295054509123841e-04 5.318680027034174487e-03 4.995445329258617166e-03 4.848520466633363286e-03 1.683758925685404501e-02 1.386970703182392566e-02 2.153918486086215528e-02 1.254738326819664421e-02 1.234168846052128860e-03 5.612529752284681379e-03 2.629955040992036641e-02 1.278246304839704937e-02 1.633804472392818424e-02 1.498633598777585106e-03 1.090182480679380631e-02 1.431048161969968556e-02 1.910023214128294886e-02 1.583850019100232001e-02 3.820046428256589381e-04 3.820046428256589381e-04 6.758543680761658302e-04 4.701595604008110382e-04 2.497722664629308583e-03 1.851253269078193334e-02 2.618201051982016470e-02 4.348975933707501657e-03 6.405924010461049901e-03 1.672004936675384329e-02 3.232346977755575813e-03 1.281184802092209980e-02 4.672210631483059845e-03 1.216537862537098516e-02 1.663189444917868853e-02 5.994534395110340426e-03 4.269636507889865151e-02 2.882665804707472759e-02 6.876083570861861102e-03 1.093120977931885673e-02 8.492257059739648575e-03 1.851253269078193507e-03 1.557403543827686615e-03 1.780729335018071610e-02 1.360524227909846832e-02 1.795421821280597172e-02 1.307631277364755713e-02 2.068702065763568590e-02 6.288384120360847318e-03 1.936469689400840272e-02 1.707266903705445191e-02 
2.474214686609267980e-02 2.444829714084217204e-02 2.297904851458964018e-02 0.000000000000000000e+00 1.375216714172372220e-02 2.550615615174399789e-02 1.193029884517057999e-02 3.570274161793658696e-02 1.245922835062149292e-02 3.123622579412888359e-02 7.875172636713584362e-03 4.966060356733566737e-03 8.374717169639446859e-03 2.347859304751550094e-02 1.351708736152331660e-03 4.016925744174429380e-02 1.072551497164350200e-02 4.995445329258617383e-04 2.732802444829714184e-03 8.815491757515207306e-05 4.848520466633363286e-03 1.442802150979988901e-02 5.471481884164438453e-02 1.116628955951926277e-03 4.199112573829743428e-02 3.805353941994064210e-02 9.667655960741676144e-03 3.687814051893861800e-02 1.013781552114248821e-02 1.904146219623284800e-02 3.555581675531133135e-02 1.945285181158355747e-02 1.181275895507037654e-02 9.315036290441069261e-03 5.894625488525168100e-02 7.610707883988128766e-03 5.553759807234580521e-03 1.713143898210455277e-02 1.915900208633304971e-02 2.612324057477006384e-02 1.954100672915870876e-02 4.466515823807704760e-02 8.668566894889952884e-03 3.179454027210484868e-02 1.439863653727483815e-03 2.253827392671387680e-02 5.494989862184478796e-03 3.261731950280626763e-02 8.462872087214598146e-03 1.669066439422879286e-02 1.780729335018071610e-02 6.229614175310746460e-03 4.113896153507096381e-04 2.791572389879815475e-03 6.200229202785695164e-03 3.784784461226528562e-02 1.586788516352737261e-03 6.846698598336810673e-03 3.050160148100261592e-02 2.973759219535129783e-02 4.854397461138373893e-02 5.935764450060239568e-03 1.648496958655343639e-02 6.435308982986101198e-03 1.742528870735505706e-02 2.559431106931914918e-02 
1.492756604272574977e-02 6.699773735711556794e-03 1.522141576797625753e-02 1.375216714172372220e-02 0.000000000000000000e+00 1.002027563104228476e-02 9.021186565190561502e-03 1.701389909200434758e-02 3.141253562927918963e-02 1.821868296553142644e-03 7.405013076312774029e-03 5.318680027034174487e-03 1.910023214128294886e-02 6.787928653286708948e-03 3.114807087655372883e-02 2.227380917398842294e-02 2.145102994328700399e-02 1.119567453204431233e-02 5.730069642384883963e-03 5.583144779759631384e-04 1.627927477887808339e-02 5.700684669859833534e-03 8.139637389439041693e-03 1.225353354294613818e-02 3.173577032705474522e-03 1.845376274573183248e-02 2.292027856953953585e-02 2.765125914607270002e-02 9.814580823366930024e-03 1.410478681202433169e-03 1.445740648232493944e-02 1.428109664717463513e-02 6.258999147835796889e-03 3.232346977755575813e-03 3.496811730481031843e-03 1.263553818577179723e-03 2.118656519056154666e-02 9.785195850841879595e-03 9.050571537715611931e-03 1.307631277364755713e-02 9.579501043166524857e-03 2.062825071258558504e-02 2.227380917398842294e-02 6.494078928036202056e-03 4.202051071082248818e-02 2.768064411859775045e-02 2.127472010813669795e-02 5.289295054509123841e-04 2.145102994328700399e-03 1.107813464194411061e-02 1.234168846052128860e-03 3.582028150803678868e-02 1.278246304839704937e-02 2.227380917398842294e-02 1.763098351503041353e-02 9.579501043166524857e-03 1.492756604272574977e-02 2.606447062971995951e-02 2.294966354206458975e-02 3.217654491493050772e-02 4.202051071082248644e-03 1.698451411947929715e-02 6.170844230260644735e-03 2.497722664629308670e-02 1.248861332314654335e-02 8.521642032264699004e-03 
1.810114307543122386e-02 2.324351326731509404e-02 1.528018571302635839e-02 2.550615615174399789e-02 1.002027563104228476e-02 0.000000000000000000e+00 2.086333049278599108e-03 3.258793453028121373e-02 1.939408186653345445e-03 2.233257911903852554e-03 4.319590961182451228e-03 1.528018571302635839e-02 3.796538450236548734e-02 6.611618818136404639e-03 9.579501043166524857e-03 1.451617642737504030e-02 2.771002909112280088e-02 4.966060356733566737e-03 1.763098351503041353e-02 4.143281126032146919e-03 3.658429079368810677e-02 1.733713378977990707e-03 4.672210631483059845e-03 1.381093708677382306e-02 9.667655960741676144e-03 4.686903117745584713e-02 1.489818107020069934e-02 3.449795774440950896e-02 4.995445329258617166e-03 3.217654491493050772e-02 3.258793453028121373e-02 6.523463900561253352e-03 2.641709030002056813e-02 3.820046428256589598e-03 7.140548323587317565e-03 4.172666098557198215e-03 9.197496400340865810e-03 1.004966060356733519e-02 2.174487966853750828e-03 1.395786194939907694e-02 3.438041785430930551e-03 1.818929799300637515e-02 3.396902823895859430e-02 2.600570068466985865e-02 1.810114307543122386e-02 1.060797508154329855e-02 1.328200758132291187e-02 1.707266903705445191e-02 2.850342334929916940e-02 4.907290411683465012e-03 1.010843054861743778e-02 2.641709030002056813e-02 7.346243131262672303e-04 5.612529752284681379e-03 1.760159854250536310e-02 2.012870617965972081e-02 8.580411977314801597e-03 2.006993623460961995e-02 5.935764450060239568e-03 8.198407334489142551e-03 2.292027856953953585e-02 1.248861332314654335e-02 1.004966060356733519e-02 5.494989862184478796e-03 4.260821016132349502e-03 3.884693367811701409e-02 
3.194146513473009735e-02 2.009932120713467038e-02 2.547677117921894746e-02 1.193029884517057999e-02 9.021186565190561502e-03 2.086333049278599108e-03 0.000000000000000000e+00 1.040228027386794381e-02 1.836560782815668119e-02 1.522141576797625753e-02 3.614351620581234860e-03 1.322323763627280928e-02 2.056948076753548071e-02 9.697040933266727223e-04 5.935764450060239568e-03 2.274396873438923328e-02 4.848520466633363286e-03 2.480091681114278065e-02 8.169022361964092122e-03 1.830683788310658033e-02 1.172460403749522526e-02 3.517381211248567230e-02 3.461549763450971068e-02 2.527107637154359446e-03 5.847609532485087414e-03 1.616173488877787820e-02 5.612529752284681379e-03 2.424260233316681903e-02 3.085422115130322367e-03 2.600570068466985865e-02 1.792483324028092129e-02 2.450706708589227636e-02 1.545649554817666270e-02 4.839704974875848331e-02 2.048132584996032943e-02 1.492756604272574977e-02 4.501777790837765275e-02 1.528018571302635839e-02 2.691663483294643236e-02 2.380182774529106000e-03 1.962916164673386005e-02 8.756721812465105906e-03 8.257177279539243409e-03 9.197496400340865810e-03 1.716082395462960319e-02 8.022097499338838242e-03 2.171549469601245785e-02 1.043166524639299424e-02 3.241162469513091116e-02 1.669066439422879286e-02 8.786106784990156335e-03 1.272369310334694852e-02 7.434398048837824458e-03 3.296993917310687278e-02 2.914989274485028231e-02 2.832711351414886336e-02 4.301959977667420970e-02 2.368428785519085394e-02 3.267608944785636849e-02 9.550116070641474428e-03 1.760159854250536310e-02 1.528018571302635839e-02 2.756310422849754527e-02 4.278451999647380627e-02 2.691663483294643236e-02 3.220592988745555468e-02 
2.071640563016073633e-02 1.207722370779583387e-02 1.204783873527078214e-03 3.570274161793658696e-02 1.701389909200434758e-02 3.258793453028121373e-02 1.040228027386794381e-02 0.000000000000000000e+00 2.115718021803649537e-03 3.849431400781640460e-03 6.023919367635391375e-02 4.525285768857805965e-03 1.507449090535100365e-02 1.639681466897828510e-02 1.945285181158355747e-02 2.321412829479004274e-03 1.292938791102230369e-03 9.579501043166524857e-03 4.701595604008110382e-04 2.409567747054156429e-03 2.103964032793629452e-02 6.552848873086303781e-03 5.641914724809732676e-03 9.315036290441069261e-03 9.697040933266726573e-03 1.542711057565161227e-02 3.026652170080221076e-03 1.989362639945931738e-02 1.157767917486997138e-02 2.703417472304663321e-03 1.783667832270577000e-02 4.084511180982046061e-03 1.004966060356733519e-02 2.688724986042138193e-02 1.460433134495019332e-02 8.991801592665511073e-03 1.292938791102230369e-03 7.875172636713584362e-03 2.171549469601245785e-02 1.674943433927889198e-03 1.525080074050130796e-02 2.938497252505068921e-04 2.762187417354764613e-03 2.438952719579207291e-03 9.579501043166524857e-03 7.610707883988128766e-03 7.963327554288737384e-03 2.089271546531103890e-02 2.427198730569186946e-02 3.820046428256589381e-04 1.586788516352737261e-03 9.109341482765712789e-03 1.348770238899826661e-02 5.201140136933971904e-03 2.394875260791631127e-02 1.101936469689400802e-02 4.739796068290676179e-02 1.319385266374775885e-02 1.231230348799623904e-02 1.863007258088213852e-02 1.439863653727483685e-02 1.119567453204431233e-02 2.806264876142340950e-02 1.134259939466956621e-02 9.315036290441069261e-03 7.728247774088331350e-03 
1.830683788310658033e-02 2.415444741559166775e-02 2.247950398166377595e-02 1.245922835062149292e-02 3.141253562927918963e-02 1.939408186653345445e-03 1.836560782815668119e-02 2.115718021803649537e-03 0.000000000000000000e+00 9.638270988216625715e-03 1.022597043871763950e-02 2.409567747054156342e-02 4.290205988657400799e-03 1.674943433927889372e-02 1.292938791102230369e-03 7.610707883988128766e-03 1.451617642737504030e-02 1.874761247098234024e-02 7.787017719138432208e-03 1.216537862537098516e-02 1.469248626252534461e-04 2.074579060268578676e-02 3.173577032705474522e-03 8.815491757515206764e-04 2.350797802004055137e-03 3.702506538156387014e-03 1.075489994416855243e-02 3.241162469513091116e-02 1.557403543827686615e-03 6.494078928036202056e-03 2.292027856953953845e-03 3.555581675531133568e-03 1.575034527342716872e-02 1.680820428432899458e-02 2.380182774529106000e-03 5.641914724809732676e-03 1.904146219623284800e-02 6.170844230260644301e-04 4.437130851282653811e-03 1.004966060356733519e-02 7.581322911463077470e-03 2.941435749757573964e-02 2.101025535541124409e-02 1.413417178454938125e-02 3.564397167288648610e-02 6.641003790661455936e-03 3.461549763450971068e-02 1.166583409244512440e-02 5.230525109459022333e-03 1.275307807587199894e-02 6.053304340160442151e-03 2.271458376186418285e-02 1.098997972436895759e-02 6.082689312685492580e-03 3.349886867855778397e-03 1.404601686697422996e-02 3.320501895330727968e-03 9.902735740942083045e-03 2.033440098733507728e-02 1.748405865240516138e-02 2.409567747054156429e-03 1.063736005406834897e-02 2.662278510769592460e-02 3.349886867855778397e-03 8.139637389439041693e-03 1.146013928476976793e-02 
2.083394552026093804e-02 1.601481002615262605e-02 3.467426757955981414e-03 3.123622579412888359e-02 1.821868296553142644e-03 2.233257911903852554e-03 1.522141576797625753e-02 3.849431400781640460e-03 9.638270988216625715e-03 0.000000000000000000e+00 2.327289823984014447e-02 1.057859010901824768e-03 2.150979988833710485e-02 8.139637389439041693e-03 1.090182480679380631e-02 8.198407334489142551e-03 1.228291851547118861e-02 4.437130851282653811e-03 2.820957362404866338e-03 2.879727307454967630e-03 2.582939084951955608e-02 3.526196703006082706e-03 2.233257911903852554e-03 1.672004936675384329e-02 4.260821016132349502e-03 1.325262260879786144e-02 1.025535541124268993e-02 3.728953013428932400e-02 3.996356263406893906e-03 9.138726455290764952e-03 3.323440392583233011e-02 7.052393406012165411e-03 1.101936469689400802e-02 1.686697422937909543e-02 3.302870911815697363e-02 4.672210631483059845e-03 4.907290411683465012e-03 1.513326085040110451e-02 1.974670153683406176e-02 1.689635920190414586e-02 8.933031647615410215e-03 1.063736005406834897e-02 1.454556139990009073e-02 1.128382944961946535e-02 3.185331021715494954e-02 1.028474038376774036e-02 1.242984337809644076e-02 1.519203079545120710e-02 1.354647233404836747e-02 1.645558461402838596e-02 1.093120977931885673e-02 2.932620258000058835e-02 1.951162175663365833e-02 1.742528870735505706e-02 1.918838705885810014e-02 8.139637389439041693e-03 1.454556139990009073e-02 4.113896153507096381e-04 1.692574417442919629e-02 3.526196703006082922e-04 1.748405865240516138e-02 4.495900796332755536e-03 6.641003790661455936e-03 3.264670447533131459e-02 1.971731656430901133e-02 2.477153183861773023e-02 
2.679909494284622717e-02 1.337016249889806316e-02 2.556492609679409875e-02 7.875172636713584362e-03 7.405013076312774029e-03 4.319590961182451228e-03 3.614351620581234860e-03 6.023919367635391375e-02 1.022597043871763950e-02 2.327289823984014447e-02 0.000000000000000000e+00 7.640092856513179195e-03 3.288178425553171802e-02 5.876994505010137978e-05 7.933942581763686304e-04 1.604419499867767648e-02 1.592665510857747477e-02 2.850342334929916767e-03 2.809203373394845993e-02 8.462872087214598146e-03 1.087243983426875414e-03 6.464693955511151627e-03 1.530957068555140882e-02 2.056948076753548245e-03 3.076606623372806978e-02 9.520731098116423999e-03 5.876994505010137978e-05 9.638270988216625715e-03 1.237107343304633990e-02 2.018747612470982167e-02 9.667655960741676144e-03 6.523463900561253352e-03 1.451617642737504030e-02 1.016720049366753864e-02 7.346243131262672303e-04 8.110252416913989529e-03 6.376539037935999472e-03 9.579501043166524857e-03 6.229614175310746460e-03 4.025741235931944335e-03 3.937586318356792181e-03 9.697040933266726573e-03 1.175398901002027569e-03 8.874261702565307622e-03 1.942346683905850704e-02 2.453645205841732679e-02 5.524374834709529225e-03 1.548588052070171313e-02 1.128382944961946535e-02 1.854191766330698377e-02 5.465604889659428367e-03 8.139637389439041693e-03 5.994534395110340426e-03 1.204783873527078214e-03 5.641914724809732676e-03 6.552848873086303781e-03 1.242984337809644076e-02 1.607357997120272691e-02 6.758543680761658519e-03 1.798360318533102215e-02 9.285651317916017097e-03 2.391936763539126085e-02 1.175398901002027596e-04 2.876788810202462326e-02 1.339954747142311359e-02 1.057859010901824768e-03 
1.140136933971966707e-02 1.498633598777585063e-02 5.112985219358819750e-03 4.966060356733566737e-03 5.318680027034174487e-03 1.528018571302635839e-02 1.322323763627280928e-02 4.525285768857805965e-03 2.409567747054156342e-02 1.057859010901824768e-03 7.640092856513179195e-03 0.000000000000000000e+00 1.645558461402838553e-03 1.495695101525080020e-02 3.235285475008081030e-02 1.063736005406834897e-02 1.539772560312656184e-02 3.529135200258588095e-02 9.050571537715611931e-03 4.725103582028150617e-02 9.932120713467133474e-03 5.876994505010137978e-05 1.157767917486997138e-02 5.494989862184478796e-03 6.258999147835796889e-03 3.129499573917898098e-02 2.676970997032117675e-02 1.398724692192412737e-02 1.057859010901824812e-02 2.603508565719490908e-02 4.672210631483059845e-03 1.930592694895830186e-02 1.954100672915870876e-02 1.768975346008051439e-02 1.827745291058152990e-02 6.141459257735594306e-03 1.660250947665363810e-02 9.608886015691575286e-03 1.871822749845728981e-02 1.974670153683406176e-02 8.345332197114396430e-03 2.250888895418882638e-02 1.284123299344715197e-02 4.736857571038170789e-02 1.425171167464958470e-02 2.820957362404866164e-02 5.935764450060239568e-03 2.048132584996032943e-02 6.141459257735594306e-03 4.046310716699479809e-02 1.287061796597220240e-02 2.239134906408862466e-02 1.257676824072169464e-02 2.330228321236519490e-02 1.989362639945931738e-02 2.938497252505068989e-05 1.087243983426875414e-02 2.909112279980018059e-03 4.789750521583262428e-03 1.369339719667362135e-02 2.341982310246540008e-02 5.759454614909935259e-03 2.433075725074197032e-02 1.281184802092209980e-02 8.521642032264700305e-04 2.773941406364785131e-02 
1.974670153683406176e-02 1.481002615262554806e-02 1.601481002615262605e-02 8.374717169639446859e-03 1.910023214128294886e-02 3.796538450236548734e-02 2.056948076753548071e-02 1.507449090535100365e-02 4.290205988657400799e-03 2.150979988833710485e-02 3.288178425553171802e-02 1.645558461402838553e-03 0.000000000000000000e+00 7.787017719138432208e-03 6.905468543386911531e-03 1.877699744350739067e-02 3.056037142605271505e-03 1.339954747142311359e-02 1.310569774617260756e-02 3.056037142605271505e-03 9.990890658517234766e-04 4.848520466633363286e-03 1.610296494372777734e-02 9.638270988216625715e-03 3.634921101348770334e-02 3.091299109635332540e-02 5.289295054509124058e-03 3.111868590402867840e-02 1.292938791102230325e-02 3.320501895330727968e-03 2.283212365196438456e-02 7.346243131262672303e-04 1.583850019100232001e-02 3.740707002438952572e-02 4.266698010637359761e-02 1.304692780112250670e-02 9.638270988216625715e-03 2.321412829479004274e-03 7.757632746613381779e-03 3.546766183773618353e-02 3.323440392583233011e-02 4.069818694719520152e-02 5.847609532485087414e-03 1.513326085040110451e-02 1.310569774617260756e-02 3.529135200258588095e-02 5.847609532485087414e-03 2.606447062971995951e-02 1.666127942170374243e-02 9.990890658517234332e-03 1.292938791102230325e-02 5.876994505010137978e-05 9.667655960741676144e-03 8.462872087214598146e-03 2.347859304751550094e-02 5.348064999559225784e-03 2.815080367899856079e-02 1.607357997120272691e-02 1.898269225118274367e-02 2.935558755252563878e-02 3.849431400781640200e-02 1.716082395462960319e-02 4.228497546354793857e-02 4.866151450148394064e-02 7.169933296112367994e-03 4.031618230436954248e-02 
1.125444447709441319e-02 5.259910081984073629e-03 8.786106784990156335e-03 2.347859304751550094e-02 6.787928653286708948e-03 6.611618818136404639e-03 9.697040933266727223e-04 1.639681466897828510e-02 1.674943433927889372e-02 8.139637389439041693e-03 5.876994505010137978e-05 1.495695101525080020e-02 7.787017719138432208e-03 0.000000000000000000e+00 2.682847991537127760e-02 7.757632746613381779e-03 8.609796949839852026e-03 1.827745291058152990e-02 2.339043812994034965e-02 3.355763862360788830e-02 9.168111427815815381e-03 1.322323763627281015e-03 1.616173488877787907e-03 1.242984337809644076e-02 9.550116070641474428e-03 5.503805353941994272e-02 2.665217008022097503e-02 4.025741235931944335e-03 1.686697422937909543e-02 8.609796949839852026e-03 7.140548323587317565e-03 2.729863947577209141e-02 1.539772560312656184e-02 1.613234991625282777e-02 1.119567453204431233e-02 6.934853515911962828e-03 2.700478975052158365e-02 7.698862801563280921e-03 3.291116922805677105e-03 2.712232964062178536e-02 3.908201345831741752e-03 2.465399194851752851e-02 3.379271840380829259e-03 4.384237900737562865e-02 3.773030472216508391e-02 3.264670447533131459e-02 2.450706708589227636e-02 3.200023507978019821e-02 1.613234991625282777e-02 4.528224266110311008e-02 2.732802444829714184e-03 2.415444741559166775e-02 2.982574711292644912e-02 2.577062090446945522e-02 1.460433134495019332e-02 1.334077752637301273e-02 5.935764450060239568e-03 1.698451411947929715e-02 2.723986953072198708e-02 5.406834944609326642e-03 1.119567453204431233e-02 4.466515823807705107e-03 3.943463312861802267e-02 7.111163351062267136e-03 1.195968381769563042e-02 4.707472598513120360e-02 
2.988451705797654998e-02 1.475125620757544546e-02 3.690752549146366496e-02 1.351708736152331660e-03 3.114807087655372883e-02 9.579501043166524857e-03 5.935764450060239568e-03 1.945285181158355747e-02 1.292938791102230369e-03 1.090182480679380631e-02 7.933942581763686304e-04 3.235285475008081030e-02 6.905468543386911531e-03 2.682847991537127760e-02 0.000000000000000000e+00 3.790661455731538735e-03 2.174487966853750828e-03 3.996356263406893906e-03 7.963327554288737384e-03 1.043166524639299424e-02 3.526196703006082706e-03 1.589727013605242434e-02 4.584055713907907691e-03 1.275307807587199894e-02 9.550116070641474428e-03 1.137198436719461664e-02 7.933942581763685220e-03 1.666127942170374243e-02 3.056037142605271505e-03 2.001116628955951909e-02 7.052393406012165845e-04 2.938497252505068921e-03 2.982574711292644912e-02 3.726014516176427704e-02 1.563280538332696701e-02 1.815991302048132472e-02 6.611618818136404639e-03 1.366401222414857092e-02 6.112074285210543009e-03 1.889453733360759238e-02 1.601481002615262605e-02 3.058975639857776721e-02 1.290000293849725282e-02 1.939408186653345445e-03 3.549704681026123049e-02 2.280273867943933414e-02 3.623167112338750162e-02 2.820957362404866338e-03 1.868884252593223938e-02 3.555581675531133568e-03 1.028474038376774122e-03 3.349886867855778744e-02 1.378155211424877263e-02 1.272369310334694852e-02 2.938497252505068989e-05 2.015809115218477124e-02 2.835649848667391379e-02 4.701595604008110382e-04 4.672210631483059845e-03 4.789750521583262428e-03 1.148952425729482009e-02 2.409567747054156429e-03 2.709294466809673493e-02 1.801298815785607257e-02 2.506538156386823799e-02 1.848314771825688291e-02 
1.290000293849725282e-02 7.728247774088331350e-03 3.085422115130322367e-03 4.016925744174429380e-02 2.227380917398842294e-02 1.451617642737504030e-02 2.274396873438923328e-02 2.321412829479004274e-03 7.610707883988128766e-03 8.198407334489142551e-03 1.604419499867767648e-02 1.063736005406834897e-02 1.877699744350739067e-02 7.757632746613381779e-03 3.790661455731538735e-03 0.000000000000000000e+00 5.436219917134377071e-03 4.319590961182451228e-03 2.656401516264582374e-02 1.007904557609238562e-02 2.632893538244541684e-02 4.848520466633363286e-03 5.154124180893891044e-02 1.716082395462960319e-02 9.961505685992183903e-03 1.542711057565161227e-02 5.318680027034174487e-03 1.901207722370779410e-02 1.965854661925891048e-02 2.174487966853750828e-03 1.345831741647321618e-02 3.884693367811701409e-02 1.057859010901824768e-03 1.945285181158355747e-02 1.695512914695424672e-02 5.465604889659428367e-03 1.240045840557139033e-02 8.080867444388939100e-03 2.333166818489024880e-02 3.996356263406893906e-03 6.435308982986101198e-03 6.787928653286708948e-03 7.757632746613381779e-03 6.670388763186506365e-03 3.370456348623313697e-02 2.938497252505068921e-03 1.748405865240516138e-02 1.410478681202433169e-03 2.039317093238517814e-02 4.325467955687461313e-02 9.902735740942083045e-03 3.640798095853780419e-02 5.494989862184478796e-03 1.051982016396814726e-02 1.451617642737504030e-02 1.313508271869765799e-02 3.220592988745555468e-02 4.378360906232552953e-03 3.111868590402867840e-02 2.115718021803649537e-03 1.569157532837706787e-02 1.560342041080191658e-02 2.115718021803649537e-03 5.906379477535188272e-03 6.934853515911962828e-03 5.700684669859833534e-03 
4.231436043607299073e-03 8.668566894889952884e-03 1.818929799300637515e-02 1.072551497164350200e-02 2.145102994328700399e-02 2.771002909112280088e-02 4.848520466633363286e-03 1.292938791102230369e-03 1.451617642737504030e-02 1.228291851547118861e-02 1.592665510857747477e-02 1.539772560312656184e-02 3.056037142605271505e-03 8.609796949839852026e-03 2.174487966853750828e-03 5.436219917134377071e-03 0.000000000000000000e+00 3.376333343128324477e-02 9.344421262966119690e-03 3.170638535452969392e-02 1.140136933971966707e-02 2.397813758044136170e-02 2.312597337721489232e-02 5.671299697334783105e-03 2.938497252505068989e-05 2.436014222326702075e-02 1.216537862537098516e-02 1.595604008110252520e-02 5.024830301783667595e-03 5.201140136933971904e-03 1.519203079545120710e-02 1.360524227909846832e-02 8.903646675090358051e-03 3.150069054685433745e-02 1.924715700390820100e-02 2.115718021803649623e-02 3.094237606887837583e-02 1.266492315829684766e-02 1.528018571302635839e-02 5.700684669859833534e-03 2.042255590491022857e-02 2.715171461314683579e-02 1.016720049366753864e-02 2.938497252505068989e-05 7.816402691663483504e-03 1.783667832270577000e-02 8.492257059739648575e-03 3.820046428256589598e-03 1.736651876230495620e-02 3.608474626076224601e-02 1.016720049366753864e-02 5.083600246833769321e-03 2.791572389879815475e-03 1.504510593282595322e-02 3.626105609591254858e-02 1.563280538332696701e-02 2.938497252505068921e-02 1.348770238899826661e-02 5.377449972084276213e-03 1.307631277364755713e-02 7.669477829038229624e-03 1.763098351503041353e-03 1.510387587787605408e-02 1.774852340513061524e-02 1.848314771825688291e-02 3.966971290881843304e-02 
1.016720049366753864e-02 2.409567747054156429e-03 5.289295054509123841e-04 4.995445329258617383e-04 1.119567453204431233e-02 4.966060356733566737e-03 2.480091681114278065e-02 9.579501043166524857e-03 1.874761247098234024e-02 4.437130851282653811e-03 2.850342334929916767e-03 3.529135200258588095e-02 1.339954747142311359e-02 1.827745291058152990e-02 3.996356263406893906e-03 4.319590961182451228e-03 3.376333343128324477e-02 0.000000000000000000e+00 2.553554112426904832e-02 3.370456348623313697e-02 1.475125620757544546e-02 1.057859010901824812e-02 1.428109664717463513e-02 4.025741235931944335e-03 1.989362639945931738e-02 8.492257059739648575e-03 1.510387587787605408e-02 2.938497252505068921e-04 2.353736299256560180e-02 1.666127942170374243e-02 4.407745878757603382e-03 5.494989862184478796e-03 9.168111427815815381e-03 1.821868296553142644e-03 1.169521906497017483e-02 2.027563104228497382e-03 8.227792307014192763e-04 2.406629249801651299e-02 1.034351032881784295e-02 6.376539037935999472e-03 2.174487966853750828e-02 2.879727307454967630e-03 1.672004936675384329e-02 8.580411977314801597e-03 2.732802444829714184e-02 5.465604889659428367e-03 4.178543093062207781e-02 1.863007258088213852e-02 7.199318268637418423e-03 5.348064999559225784e-03 2.062825071258558504e-02 1.557403543827686615e-03 1.016720049366753864e-02 9.256266345390966668e-03 2.380182774529106000e-03 8.433487114689547717e-03 1.389909200434897608e-02 3.535012194763598181e-02 4.666333636978049759e-02 2.688724986042138193e-02 6.611618818136404639e-03 2.203872939378801604e-02 9.021186565190561502e-03 1.363462725162352049e-02 2.820957362404866338e-03 7.698862801563280921e-03 
1.251799829567159378e-02 9.608886015691575286e-03 5.318680027034174487e-03 2.732802444829714184e-03 5.730069642384883963e-03 1.763098351503041353e-02 8.169022361964092122e-03 4.701595604008110382e-04 7.787017719138432208e-03 2.820957362404866338e-03 2.809203373394845993e-02 9.050571537715611931e-03 1.310569774617260756e-02 2.339043812994034965e-02 7.963327554288737384e-03 2.656401516264582374e-02 9.344421262966119690e-03 2.553554112426904832e-02 0.000000000000000000e+00 7.522552966412976612e-03 6.464693955511151627e-03 2.103964032793629452e-02 1.566219035585201744e-02 4.966060356733566737e-03 7.933942581763686304e-04 1.642619964150333553e-02 8.609796949839852026e-03 1.163644911992007223e-02 4.055126208456994764e-03 1.774852340513061524e-02 2.303781845963974104e-02 9.226881372865916239e-03 8.462872087214598146e-03 5.730069642384883963e-03 1.157767917486997138e-02 4.075695689224530238e-02 3.438041785430930551e-03 2.823895859657371207e-02 2.374305780024095827e-02 4.172666098557198215e-03 1.760159854250536310e-02 8.639181922364902455e-03 1.034351032881784295e-02 1.072551497164350200e-02 3.058975639857776721e-02 1.601481002615262605e-02 1.686697422937909543e-02 1.410478681202433082e-02 3.144192060180423659e-02 9.432576180541270977e-03 1.087243983426875414e-03 1.131321442214451578e-02 6.817313625811760244e-03 1.469248626252534461e-04 1.084305486174370371e-02 3.238223972260585726e-02 6.846698598336810673e-03 9.197496400340865810e-03 1.439863653727483685e-02 1.354647233404836747e-02 2.336105315741529923e-02 6.876083570861861102e-03 7.610707883988128766e-03 1.554465046575181399e-02 8.933031647615410215e-03 1.748405865240516138e-02 
3.526196703006082706e-03 1.031412535629279252e-02 4.995445329258617166e-03 8.815491757515207306e-05 5.583144779759631384e-04 4.143281126032146919e-03 1.830683788310658033e-02 2.409567747054156429e-03 1.216537862537098516e-02 2.879727307454967630e-03 8.462872087214598146e-03 4.725103582028150617e-02 3.056037142605271505e-03 3.355763862360788830e-02 1.043166524639299424e-02 1.007904557609238562e-02 3.170638535452969392e-02 3.370456348623313697e-02 7.522552966412976612e-03 0.000000000000000000e+00 8.668566894889952884e-03 3.499750227733536972e-02 1.933531192148335229e-02 2.820957362404866338e-03 1.554465046575181399e-02 8.227792307014192980e-03 1.763098351503041461e-04 1.836560782815668119e-02 1.278246304839704937e-02 4.730980576533160703e-03 2.674032499779612632e-02 1.290000293849725282e-02 5.965149422585289997e-03 1.004966060356733519e-02 7.992712526813787813e-03 1.915900208633304971e-02 7.052393406012165411e-03 2.121595016308659709e-02 7.522552966412976612e-03 6.405924010461049901e-03 8.286562252064293838e-03 4.701595604008110382e-04 2.215626928388822123e-02 5.289295054509123841e-04 6.605741823631394727e-02 3.555581675531133568e-03 7.596015397725602858e-02 8.110252416913989529e-03 4.957244864976051435e-02 1.366401222414857092e-02 1.854191766330698377e-02 2.829772854162381293e-02 3.761276483206488306e-03 1.575034527342716872e-02 9.520731098116423999e-03 4.204989568334753514e-02 3.067791131615291850e-02 2.838588345919896422e-02 5.145308689136375568e-02 3.526196703006082706e-03 7.610707883988128766e-03 1.683758925685404501e-02 1.865945755340718895e-02 2.967882225030119697e-02 1.166583409244512440e-02 1.207722370779583387e-02 
8.903646675090358051e-03 2.982574711292644912e-02 4.848520466633363286e-03 4.848520466633363286e-03 1.627927477887808339e-02 3.658429079368810677e-02 1.172460403749522526e-02 2.103964032793629452e-02 1.469248626252534461e-04 2.582939084951955608e-02 1.087243983426875414e-03 9.932120713467133474e-03 9.990890658517234766e-04 9.168111427815815381e-03 3.526196703006082706e-03 2.632893538244541684e-02 1.140136933971966707e-02 1.475125620757544546e-02 6.464693955511151627e-03 8.668566894889952884e-03 0.000000000000000000e+00 8.697951867415003313e-03 4.031618230436954248e-02 6.376539037935999472e-03 3.194146513473009735e-02 3.202962005230525211e-02 8.080867444388939100e-03 4.222620551849783771e-02 3.614351620581234860e-03 5.348064999559225784e-03 2.644647527254561856e-02 2.247950398166377595e-02 7.023008433487114982e-03 2.039317093238517814e-02 5.107108224853809664e-02 5.876994505010137843e-04 7.052393406012165411e-03 1.119567453204431233e-02 1.818929799300637515e-02 1.586788516352737044e-02 2.768064411859775045e-02 3.076606623372806978e-02 5.524374834709529225e-03 2.300843348711469061e-02 3.849431400781640460e-03 1.821868296553142558e-02 6.817313625811760244e-03 1.704328406452939801e-02 1.998178131703446953e-03 5.524374834709529225e-03 8.933031647615410215e-03 1.054920513649319769e-02 7.258088213687520149e-03 6.435308982986101198e-03 1.275307807587199894e-02 2.903235285475008060e-02 1.339954747142311359e-02 1.198906879022068085e-02 3.514442713996062534e-02 3.302870911815697363e-02 4.013987246921923990e-02 5.876994505010137843e-03 2.051071082248537986e-02 3.294055420058182582e-02 1.763098351503041353e-03 3.035467661837736031e-02 
1.228291851547118861e-02 2.997267197555170213e-03 1.683758925685404501e-02 1.442802150979988901e-02 5.700684669859833534e-03 1.733713378977990707e-03 3.517381211248567230e-02 6.552848873086303781e-03 2.074579060268578676e-02 3.526196703006082706e-03 6.464693955511151627e-03 5.876994505010137978e-05 4.848520466633363286e-03 1.322323763627281015e-03 1.589727013605242434e-02 4.848520466633363286e-03 2.397813758044136170e-02 1.057859010901824812e-02 2.103964032793629452e-02 3.499750227733536972e-02 8.697951867415003313e-03 0.000000000000000000e+00 7.081778378537215840e-03 1.704328406452940061e-03 1.654373953160353725e-02 2.145102994328700399e-03 1.810114307543122386e-02 8.668566894889952884e-03 2.421321736064176861e-02 1.827745291058152990e-02 1.719020892715465362e-02 3.291116922805677105e-03 2.218565425641327166e-02 2.703417472304663321e-03 2.497722664629308583e-03 1.457494637242514116e-02 1.927654197643325143e-02 9.403191208016220765e-04 1.466310129000029418e-02 1.774852340513061524e-02 1.716082395462960319e-02 6.552848873086303781e-03 1.013781552114248821e-02 4.995445329258617383e-04 4.210866562839763599e-02 2.785695395374805303e-02 3.496811730481032277e-02 1.469248626252534461e-02 1.883576738855749153e-02 4.005171755164409209e-02 1.780729335018071610e-02 4.584055713907907170e-02 3.273485939290646934e-02 1.968793159178396091e-02 3.526196703006082922e-04 1.013781552114248821e-02 5.348064999559225784e-03 2.236196409156357423e-02 4.313713966677441142e-02 2.853280832182421983e-02 1.146013928476976793e-02 1.742528870735505706e-02 1.198906879022068085e-02 6.258999147835796889e-03 1.248861332314654335e-02 2.030501601481002685e-02 
8.169022361964092122e-03 5.436219917134377071e-03 1.386970703182392566e-02 5.471481884164438453e-02 8.139637389439041693e-03 4.672210631483059845e-03 3.461549763450971068e-02 5.641914724809732676e-03 3.173577032705474522e-03 2.233257911903852554e-03 1.530957068555140882e-02 1.157767917486997138e-02 1.610296494372777734e-02 1.616173488877787907e-03 4.584055713907907691e-03 5.154124180893891044e-02 2.312597337721489232e-02 1.428109664717463513e-02 1.566219035585201744e-02 1.933531192148335229e-02 4.031618230436954248e-02 7.081778378537215840e-03 0.000000000000000000e+00 1.187152890012047914e-02 2.638770532749551770e-02 6.905468543386911531e-03 5.377449972084276213e-03 2.268519878933913242e-02 1.525080074050130796e-02 5.671299697334783105e-03 1.257676824072169464e-02 5.430342922629367158e-02 1.084305486174370371e-02 6.699773735711556794e-03 7.346243131262672303e-03 3.232346977755575922e-04 4.701595604008110274e-03 1.357585730657341790e-02 7.522552966412976612e-03 9.461961153066321406e-03 7.346243131262672303e-04 7.023008433487114982e-03 1.657312450412858768e-02 2.438952719579207291e-03 3.103053098645352711e-02 2.674032499779612892e-03 1.237107343304633990e-02 3.526196703006082922e-04 1.948223678410860790e-02 2.709294466809673493e-02 2.324351326731509404e-02 2.433075725074197032e-02 9.579501043166524857e-03 3.467426757955981414e-03 2.186241955863771347e-02 1.234168846052128947e-02 3.499750227733536972e-02 1.384032205929887523e-02 1.240045840557139033e-02 1.395786194939907694e-02 1.530957068555140882e-02 1.016720049366753864e-02 6.405924010461049901e-03 2.967882225030119784e-03 1.269430813082189809e-02 2.791572389879815475e-03 
1.604419499867767648e-02 1.381093708677382306e-03 2.153918486086215528e-02 1.116628955951926277e-03 1.225353354294613818e-02 1.381093708677382306e-02 2.527107637154359446e-03 9.315036290441069261e-03 8.815491757515206764e-04 1.672004936675384329e-02 2.056948076753548245e-03 5.494989862184478796e-03 9.638270988216625715e-03 1.242984337809644076e-02 1.275307807587199894e-02 1.716082395462960319e-02 5.671299697334783105e-03 4.025741235931944335e-03 4.966060356733566737e-03 2.820957362404866338e-03 6.376539037935999472e-03 1.704328406452940061e-03 1.187152890012047914e-02 0.000000000000000000e+00 1.410478681202433169e-03 2.938497252505068921e-03 9.138726455290764952e-03 1.921777203138315057e-02 2.550615615174399789e-02 6.934853515911962828e-03 1.857130263583203419e-02 2.568246598689430393e-02 5.230525109459022333e-03 1.431048161969968556e-02 7.287473186212570578e-03 8.227792307014192763e-04 4.789750521583262428e-03 4.143281126032146919e-03 1.745467367988011095e-02 2.127472010813669795e-02 2.938497252505068921e-03 3.493873233228526887e-02 1.146013928476976793e-02 1.128382944961946535e-02 4.569363227645382303e-02 2.344920807499045051e-02 4.049249213951985199e-02 1.589727013605242434e-02 3.487996238723516801e-02 2.006993623460961995e-02 1.451617642737504030e-02 4.022802738679439466e-02 2.997267197555170126e-02 1.104874966941905845e-02 3.684875554641356410e-02 2.109841027298639538e-02 5.013076312773647597e-02 6.435308982986101198e-03 3.661367576621316067e-02 3.291116922805677105e-03 1.927654197643325143e-02 4.172666098557198215e-03 8.139637389439041693e-03 9.932120713467133474e-03 2.797449384384825474e-02 2.791572389879815475e-03 
