1.000000 0.196810 0.133274 0.340362 0.147229 0.101198 0.251188 0.688296 0.232442 0.184663 0.284263 0.156498 0.457196 0.114514 0.423445 0.046282 0.249743 0.141177 0.187858 0.229447 0.375669 0.190050 0.088922 0.053363 0.180173 0.180669 0.239104 0.151118 0.224834 0.776640 0.622003 0.132520 0.581478 0.325474 0.125772 0.113838 0.243003 0.171080 0.121180 0.284775 0.335999 0.193116 0.214478 0.174252 0.146196 0.278089 0.126258 0.237452 0.138352 0.226567 0.078125 0.071905 0.133625 0.206868 0.136200 0.162859 0.166413 0.220087 0.085695 0.082117 0.144351 0.180120 0.291597 0.176329 0.126577 0.297172 
0.196810 1.000000 0.286312 0.176729 0.172865 0.234031 0.072292 0.152611 0.069492 0.127397 0.118181 0.126678 0.158668 0.149090 0.101021 0.176042 0.071256 0.167689 0.136177 0.151635 0.170692 0.201534 0.320897 0.166439 0.156567 0.366440 0.280658 0.742867 0.171059 0.202613 0.158815 0.165979 0.254116 0.183176 0.578941 0.094531 0.160633 0.182219 0.230225 0.186390 0.191493 0.237891 0.170531 0.155870 0.308784 0.152370 0.294429 0.129765 0.181677 0.111746 0.203981 0.142855 0.140602 0.123507 0.099982 0.301975 0.192505 0.179607 0.264315 0.044365 0.404479 0.217144 0.158329 0.095636 0.181890 0.175415 
0.133274 0.286312 1.000000 0.141369 0.234259 0.215393 0.163290 0.159747 0.162335 0.273579 0.127119 0.106834 0.179294 0.075299 0.140138 0.273348 0.143354 0.114907 0.111517 0.105917 0.154024 0.176560 0.372277 0.469411 0.236903 0.112780 0.100929 0.161612 0.259137 0.149455 0.099095 0.245618 0.189952 0.167522 0.115478 0.266786 0.105025 0.199704 0.206052 0.210890 0.258447 0.266054 0.184131 0.210285 0.233013 0.251076 0.164126 0.160403 0.189936 0.171130 0.097258 0.117754 0.044254 0.160456 0.162185 0.212655 0.228231 0.159988 0.105118 0.076598 0.132529 0.188712 0.166296 0.049147 0.178073 0.242713 
0.340362 0.176729 0.141369 1.000000 0.210301 0.111337 0.196616 0.371046 0.181425 0.466366 0.339113 0.049768 0.566293 0.064537 0.201744 0.227023 0.159066 0.154970 0.073360 0.180489 0.858376 0.234330 0.245118 0.163997 0.589154 0.071507 0.188320 0.119646 0.395809 0.236394 0.214676 0.126879 0.219404 0.252677 0.156414 0.110594 0.423790 0.182198 0.125373 0.345834 0.331117 0.216656 0.254251 0.259575 0.206272 0.358783 0.161007 0.253550 0.141151 0.160769 -0.007246 0.188896 0.150909 0.349122 0.100491 0.184746 0.091242 0.293012 0.053884 0.059791 0.090846 0.280306 0.222552 0.093141 0.102725 0.213842 
0.147229 0.172865 0.234259 0.210301 1.000000 0.162355 0.346138 0.209509 0.673352 0.286946 0.207635 0.201538 0.350790 0.114088 0.231271 0.225581 0.540531 0.071400 0.179393 0.090702 0.228363 0.211660 0.294553 0.188576 0.292008 0.109617 0.175251 0.098044 0.195289 0.155510 0.082542 0.620217 0.234838 0.217868 0.137198 0.133025 0.153572 0.244662 0.099665 0.189988 0.334292 0.162767 0.355844 0.183432 0.218952 0.263444 0.176836 0.166678 0.114310 0.343451 0.097481 0.167408 0.143060 0.177418 0.144466 0.234617 0.090832 0.234275 0.090717 0.124791 0.105546 0.186020 0.175594 0.192840 0.141659 0.211385 
0.101198 0.234031 0.215393 0.111337 0.162355 1.000000 0.068308 0.068406 0.129316 0.092406 0.151201 0.149086 0.071576 0.243016 0.019856 0.085190 0.043937 0.157566 0.091208 0.009530 0.125712 0.205880 0.098745 0.130997 0.107777 0.661355 0.393147 0.400499 0.172409 0.073753 0.163457 0.219323 0.156675 0.090788 0.250069 0.113354 0.099486 0.164012 0.585991 0.196895 0.191140 0.223339 0.098267 0.195400 0.118847 0.219664 0.221171 0.201404 0.033944 0.115874 0.203432 0.120737 0.127247 0.153197 0.052599 0.072872 0.020555 0.092050 0.431150 0.087700 0.359855 0.099379 0.083578 0.014611 0.232578 0.085150 
0.251188 0.072292 0.163290 0.196616 0.346138 0.068308 1.000000 0.236532 0.459069 0.251222 0.342201 0.141911 0.438146 0.138591 0.370531 0.222489 0.786899 0.213657 0.230048 0.152197 0.186883 0.208526 0.226044 0.159268 0.245513 0.050582 0.169916 -0.006156 0.178041 0.266833 0.216854 0.390034 0.340962 0.398585 0.028179 0.159354 0.207745 0.246196 0.221179 0.385128 0.305596 0.352838 0.325885 0.210301 0.252498 0.382767 0.216439 0.324105 0.239547 0.441184 0.130268 0.089749 0.160975 0.234068 0.246937 0.277160 0.214682 0.258330 0.078878 0.182947 -0.015305 0.188023 0.398026 0.290314 0.192760 0.436828 
0.688296 0.152611 0.159747 0.371046 0.209509 0.068406 0.236532 1.000000 0.208009 0.245038 0.395220 0.134640 0.529055 0.115240 0.257127 0.173003 0.252550 0.250580 0.136783 0.242898 0.430408 0.205053 0.178455 0.119380 0.213317 0.097997 0.176588 0.104977 0.271093 0.401701 0.445596 0.112427 0.250601 0.330597 0.103684 0.175138 0.256431 0.188496 0.069091 0.254720 0.314266 0.198830 0.163518 0.212631 0.137640 0.281888 0.166496 0.223351 0.159977 0.222068 0.098156 0.055241 0.206932 0.283136 0.117999 0.198744 0.139109 0.204765 0.037068 0.094657 0.119287 0.171314 0.262237 0.201226 0.120772 0.205139 
0.232442 0.069492 0.162335 0.181425 0.673352 0.129316 0.459069 0.208009 1.000000 0.247352 0.231970 0.204343 0.313716 0.064225 0.617318 0.138137 0.534805 0.071927 0.240575 0.105755 0.165383 0.179913 0.168457 0.132043 0.243246 0.107720 0.153149 0.056282 0.153957 0.286011 0.108401 0.511107 0.291951 0.155187 0.054669 0.104873 0.143442 0.241684 0.068427 0.166514 0.231454 0.166489 0.268517 0.103180 0.170839 0.268929 0.115061 0.142507 0.075748 0.346945 0.036573 0.050597 0.088675 0.155635 0.175506 0.142303 0.098933 0.181557 0.032718 0.115006 0.032488 0.146811 0.163413 0.164424 0.155726 0.195747 
0.184663 0.127397 0.273579 0.466366 0.286946 0.092406 0.251222 0.245038 0.247352 1.000000 0.235973 0.156540 0.450088 0.218332 0.184935 0.363978 0.216493 0.147768 0.125711 0.142463 0.376851 0.238455 0.433538 0.280263 0.805322 0.078311 0.131159 0.081155 0.531345 0.182319 0.124093 0.224913 0.255350 0.227248 0.101780 0.200729 0.226739 0.306555 0.123809 0.293266 0.289158 0.278854 0.334218 0.229778 0.299872 0.243367 0.289059 0.244243 0.303112 0.378072 0.082669 0.166739 0.102835 0.215140 0.274127 0.343806 0.267950 0.310328 0.127972 0.116214 0.134718 0.336553 0.258602 0.181381 0.228668 0.284373 
0.284263 0.118181 0.127119 0.339113 0.207635 0.151201 0.342201 0.395220 0.231970 0.235973 1.000000 0.055793 0.598642 0.117911 0.221893 0.236714 0.178386 0.168359 0.094102 0.157681 0.454400 0.138342 0.217696 0.161747 0.214651 0.097577 0.166455 0.095131 0.160884 0.148784 0.155978 0.200496 0.137019 0.200278 0.136204 0.197346 0.208081 0.170006 0.158743 0.248601 0.222986 0.182784 0.093774 0.236783 0.190076 0.252462 0.185852 0.222285 0.150160 0.219967 0.027781 0.079895 0.100180 0.236983 0.146612 0.180869 0.110298 0.121554 0.060857 0.088869 0.135976 0.114158 0.188567 0.088936 0.098365 0.204262 
0.156498 0.126678 0.106834 0.049768 0.201538 0.149086 0.141911 0.134640 0.204343 0.156540 0.055793 1.000000 0.094085 0.619524 0.180676 0.178951 0.167561 0.085981 0.506955 0.147648 0.030878 0.139673 0.205678 0.179393 0.137924 0.318160 0.153356 0.114256 0.124546 0.111199 0.112739 0.088718 0.110066 0.042434 0.139373 0.061194 0.127650 0.201303 0.123168 0.096483 0.117219 0.106501 0.154104 0.110346 0.131478 0.173368 0.188295 0.041556 0.145773 0.160281 0.279564 0.180283 0.243579 0.166159 0.142978 0.187530 0.097631 0.134934 0.180243 0.097718 0.097221 0.094403 0.058856 0.069196 0.105735 0.095272 
0.457196 0.158668 0.179294 0.566293 0.350790 0.071576 0.438146 0.529055 0.313716 0.450088 0.598642 0.094085 1.000000 0.095976 0.302821 0.261030 0.411386 0.191619 0.151165 0.148778 0.667721 0.259322 0.305003 0.174614 0.391111 0.076949 0.199703 0.075606 0.305208 0.337318 0.292718 0.253789 0.357733 0.426463 0.111799 0.202655 0.259108 0.245336 0.160861 0.407568 0.420574 0.360070 0.270790 0.269258 0.254691 0.353401 0.173957 0.365533 0.213017 0.405603 0.070317 0.147289 0.157674 0.299323 0.210302 0.295520 0.184903 0.200408 0.078444 0.118487 0.090472 0.181658 0.367174 0.230399 0.154426 0.368791 
0.114514 0.149090 0.075299 0.064537 0.114088 0.243016 0.138591 0.115240 0.064225 0.218332 0.117911 0.619524 0.095976 1.000000 0.094552 0.181880 0.106362 0.130636 0.220812 0.166446 0.116952 0.085856 0.182156 0.072905 0.198700 0.448369 0.085475 0.124922 0.207381 0.091108 0.066916 0.055086 0.107233 0.025896 0.068082 0.064377 0.176266 0.182730 0.263036 0.076969 0.085246 0.072496 0.143697 0.038044 0.139118 0.195719 0.466461 0.066984 0.204092 0.118670 0.212392 0.073431 0.131492 0.178080 0.101388 0.199838 0.150091 0.186737 0.444302 0.085844 0.125922 0.136323 0.055586 0.037530 0.106652 0.104620 
0.423445 0.101021 0.140138 0.201744 0.231271 0.019856 0.370531 0.257127 0.617318 0.184935 0.221893 0.180676 0.302821 0.094552 1.000000 0.069306 0.393801 0.071584 0.152863 0.073733 0.215662 0.171840 0.113067 0.087046 0.152649 0.060373 0.114476 0.062003 0.139405 0.563784 0.188905 0.340836 0.407907 0.117341 0.064003 0.058716 0.191874 0.121572 0.024348 0.074220 0.102058 0.028960 0.152742 0.037945 0.095313 0.205571 0.024565 0.045170 0.101828 0.167405 0.000725 -0.023355 0.032533 0.169611 0.155398 0.143473 0.096383 0.114669 -0.027223 0.046095 0.035372 0.078734 0.178973 0.126867 0.069711 0.236337 
0.046282 0.176042 0.273348 0.227023 0.225581 0.085190 0.222489 0.173003 0.138137 0.363978 0.236714 0.178951 0.261030 0.181880 0.069306 1.000000 0.204507 0.137718 0.156731 0.088353 0.215954 0.254440 0.830062 0.703826 0.258315 0.040922 0.095502 0.122964 0.216065 0.018501 0.059129 0.101679 0.086421 0.254979 0.043525 0.158632 0.133117 0.174593 0.162306 0.222483 0.194154 0.221326 0.173097 0.181514 0.210360 0.174706 0.226465 0.182904 0.321826 0.146982 0.121785 0.091166 0.151579 0.201217 0.162070 0.432499 0.175685 0.121983 0.128689 0.098013 0.072603 0.136522 0.219013 0.148826 0.181038 0.223124 
0.249743 0.071256 0.143354 0.159066 0.540531 0.043937 0.786899 0.252550 0.534805 0.216493 0.178386 0.167561 0.411386 0.106362 0.393801 0.204507 1.000000 0.191121 0.282984 0.131648 0.162572 0.236548 0.222016 0.137829 0.255489 0.034619 0.161332 0.001559 0.195064 0.317954 0.201294 0.480608 0.419477 0.401463 0.066062 0.149522 0.191008 0.256066 0.130001 0.295691 0.306031 0.280401 0.463581 0.155132 0.231551 0.335265 0.173343 0.326608 0.165475 0.483649 0.100871 0.111386 0.126030 0.198587 0.203833 0.248495 0.137777 0.321295 0.040433 0.198306 0.025088 0.212721 0.386457 0.267282 0.165508 0.463004 
0.141177 0.167689 0.114907 0.154970 0.071400 0.157566 0.213657 0.250580 0.071927 0.147768 0.168359 0.085981 0.191619 0.130636 0.071584 0.137718 0.191121 1.000000 0.148919 0.544354 0.121809 0.184615 0.133092 0.080474 0.143469 0.133213 0.109474 0.203687 0.139814 0.048053 0.118001 0.071409 0.204457 0.173847 0.281025 0.144361 0.059352 0.138589 0.201065 0.200430 0.158470 0.200197 0.183415 0.172597 0.232289 0.152377 0.210165 0.157134 0.091129 0.098992 0.176934 0.133563 0.069284 0.128465 0.126951 0.160305 0.094669 0.094482 0.264403 0.094507 0.268226 0.112775 0.147874 0.133898 0.116910 0.192900 
0.187858 0.136177 0.111517 0.073360 0.179393 0.091208 0.230048 0.136783 0.240575 0.125711 0.094102 0.506955 0.151165 0.220812 0.152863 0.156731 0.282984 0.148919 1.000000 0.465590 0.050124 0.110258 0.165712 0.192758 0.147007 0.189165 0.191233 0.117309 0.129542 0.195753 0.143027 0.129733 0.217768 0.191273 0.211339 0.144533 0.102317 0.179100 0.160483 0.212297 0.169185 0.216729 0.142121 0.107360 0.248140 0.170338 0.191522 0.191014 0.116174 0.223464 0.237937 0.202670 0.181556 0.121024 0.153247 0.141233 0.111572 0.087045 0.204214 0.142022 0.142376 0.035652 0.182150 0.124624 0.157719 0.200301 
0.229447 0.151635 0.105917 0.180489 0.090702 0.009530 0.152197 0.242898 0.105755 0.142463 0.157681 0.147648 0.148778 0.166446 0.073733 0.088353 0.131648 0.544354 0.465590 1.000000 0.141332 0.022301 0.089248 0.088048 0.162792 0.082543 0.266995 0.095498 0.118817 0.114016 0.132862 0.047764 0.117011 0.140294 0.296885 0.195374 0.166894 0.113260 0.033592 0.173536 0.085646 0.114718 0.156478 0.123223 0.224085 0.163275 0.185033 0.081648 0.109392 0.122307 0.164277 0.157762 0.147063 0.154365 0.134836 0.098241 0.113423 0.129048 0.163038 0.144511 0.189403 0.115887 0.139301 0.109248 0.040943 0.167843 
0.375669 0.170692 0.154024 0.858376 0.228363 0.125712 0.186883 0.430408 0.165383 0.376851 0.454400 0.030878 0.667721 0.116952 0.215662 0.215954 0.162572 0.121809 0.050124 0.141332 1.000000 0.236291 0.213159 0.108676 0.450240 0.104901 0.198741 0.095904 0.307168 0.281123 0.232407 0.165174 0.265922 0.212381 0.129426 0.153369 0.416214 0.192379 0.142792 0.315660 0.287414 0.199217 0.257013 0.258653 0.171155 0.344538 0.160425 0.207660 0.091484 0.169031 -0.022765 0.105369 0.132988 0.343379 0.094919 0.171242 0.068451 0.269228 0.088390 0.077285 0.088147 0.224261 0.188572 0.078914 0.086451 0.204356 
0.190050 0.201534 0.176560 0.234330 0.211660 0.205880 0.208526 0.205053 0.179913 0.238455 0.138342 0.139673 0.259322 0.085856 0.171840 0.254440 0.236548 0.184615 0.110258 0.022301 0.236291 1.000000 0.208862 0.484071 0.241210 0.218973 0.365054 0.208570 0.186216 0.190905 0.390538 0.165653 0.381917 0.311511 0.211123 0.101093 0.106351 0.136011 0.161412 0.290504 0.349835 0.197954 0.275970 0.244812 0.104369 0.294361 0.125423 0.245156 0.132844 0.158343 0.082654 0.087853 0.134940 0.143381 0.227503 0.154895 0.147353 0.241940 0.171278 0.142678 0.214882 0.210989 0.265080 0.137863 0.151149 0.272034 
0.088922 0.320897 0.372277 0.245118 0.294553 0.098745 0.226044 0.178455 0.168457 0.433538 0.217696 0.205678 0.305003 0.182156 0.113067 0.830062 0.222016 0.133092 0.165712 0.089248 0.213159 0.208862 1.000000 0.600337 0.295007 0.021236 0.118849 0.178765 0.226458 0.089919 0.080130 0.219375 0.161686 0.310380 0.119999 0.192332 0.168689 0.249556 0.171893 0.281900 0.250148 0.293775 0.248403 0.192503 0.265271 0.176605 0.244350 0.268337 0.443907 0.223814 0.103512 0.153295 0.134303 0.196995 0.188834 0.671202 0.246090 0.170944 0.128676 0.062457 0.109849 0.176462 0.264195 0.141899 0.240275 0.269511 
0.053363 0.166439 0.469411 0.163997 0.188576 0.130997 0.159268 0.119380 0.132043 0.280263 0.161747 0.179393 0.174614 0.072905 0.087046 0.703826 0.137829 0.080474 0.192758 0.088048 0.108676 0.484071 0.600337 1.000000 0.217625 0.047702 0.182481 0.140598 0.156321 0.036649 0.124966 0.127836 0.123281 0.289386 0.146107 0.147042 0.045317 0.143387 0.135427 0.241166 0.215074 0.226498 0.114394 0.197479 0.152331 0.172302 0.130814 0.216079 0.152239 0.118689 0.113435 0.088348 0.166865 0.117952 0.250408 0.232643 0.220015 0.060642 0.017477 0.100796 0.105089 0.132130 0.237854 0.131974 0.174347 0.255190 
0.180173 0.156567 0.236903 0.589154 0.292008 0.107777 0.245513 0.213317 0.243246 0.805322 0.214651 0.137924 0.391111 0.198700 0.152649 0.258315 0.255489 0.143469 0.147007 0.162792 0.450240 0.241210 0.295007 0.217625 1.000000 0.090998 0.211407 0.093003 0.678045 0.176138 0.126405 0.258958 0.238983 0.280648 0.167940 0.190804 0.300112 0.217499 0.118430 0.296172 0.313970 0.260190 0.418430 0.161745 0.268329 0.251031 0.288598 0.302742 0.222452 0.241582 0.026596 0.134741 0.102307 0.259276 0.224324 0.247791 0.205535 0.451647 0.094209 0.114112 0.144030 0.407811 0.301500 0.182521 0.168400 0.318477 
0.180669 0.366440 0.112780 0.071507 0.109617 0.661355 0.050582 0.097997 0.107720 0.078311 0.097577 0.318160 0.076949 0.448369 0.060373 0.040922 0.034619 0.133213 0.189165 0.082543 0.104901 0.218973 0.021236 0.047702 0.090998 1.000000 0.468761 0.538089 0.186288 0.200104 0.178206 0.101598 0.244527 0.056222 0.217381 0.050367 0.087900 0.106845 0.420102 0.154970 0.131008 0.118697 0.111791 0.148483 0.134774 0.204878 0.181321 0.089565 0.082848 0.068072 0.276579 0.147805 0.171462 0.103189 0.099967 0.074995 0.149635 0.101768 0.584361 0.173601 0.349519 0.115535 0.074674 0.017568 0.107315 0.088429 
0.239104 0.280658 0.100929 0.188320 0.175251 0.393147 0.169916 0.176588 0.153149 0.131159 0.166455 0.153356 0.199703 0.085475 0.114476 0.095502 0.161332 0.109474 0.191233 0.266995 0.198741 0.365054 0.118849 0.182481 0.211407 0.468761 1.000000 0.345715 0.217771 0.212326 0.343617 0.228699 0.292559 0.188512 0.167088 0.128014 0.226680 0.038567 0.199358 0.208418 0.161253 0.135132 0.211669 0.185525 0.080828 0.240189 0.044895 0.154533 0.118524 0.050030 0.119138 0.115166 0.208278 0.194000 0.150722 0.095556 0.098299 0.181473 0.102305 0.159760 0.140834 0.136042 0.182034 0.126810 0.039497 0.195311 
0.151118 0.742867 0.161612 0.119646 0.098044 0.400499 -0.006156 0.104977 0.056282 0.081155 0.095131 0.114256 0.075606 0.124922 0.062003 0.122964 0.001559 0.203687 0.117309 0.095498 0.095904 0.208570 0.178765 0.140598 0.093003 0.538089 0.345715 1.000000 0.179416 0.145502 0.155904 0.083490 0.203937 0.071312 0.431395 0.046442 0.095681 0.147298 0.271491 0.083104 0.074263 0.160461 0.068101 0.124348 0.193740 0.111030 0.159143 0.091620 0.116543 0.050581 0.202105 0.171973 0.112658 0.093604 0.088855 0.133075 0.175080 0.056611 0.282469 0.041161 0.443643 0.096758 0.090896 0.004143 0.153619 0.110487 
0.224834 0.171059 0.259137 0.395809 0.195289 0.172409 0.178041 0.271093 0.153957 0.531345 0.160884 0.124546 0.305208 0.207381 0.139405 0.216065 0.195064 0.139814 0.129542 0.118817 0.307168 0.186216 0.226458 0.156321 0.678045 0.186288 0.217771 0.179416 1.000000 0.176922 0.156374 0.187134 0.225850 0.224644 0.075427 0.157526 0.138779 0.173984 0.093809 0.234813 0.230506 0.204305 0.237313 0.190379 0.186400 0.235402 0.203205 0.235546 0.245940 0.159050 0.099579 0.063161 0.113636 0.206388 0.200873 0.211650 0.206367 0.184548 0.079562 0.046449 0.100915 0.202870 0.210233 0.149470 0.140832 0.213424 
0.776640 0.202613 0.149455 0.236394 0.155510 0.073753 0.266833 0.401701 0.286011 0.182319 0.148784 0.111199 0.337318 0.091108 0.563784 0.018501 0.317954 0.048053 0.195753 0.114016 0.281123 0.190905 0.089919 0.036649 0.176138 0.200104 0.212326 0.145502 0.176922 1.000000 0.508526 0.186187 0.842227 0.275483 0.105189 0.038357 0.241585 0.140813 0.094735 0.241061 0.263708 0.156493 0.242855 0.105837 0.116710 0.248735 0.059921 0.194549 0.126347 0.205711 0.061743 0.037379 0.111474 0.187614 0.144733 0.178462 0.177839 0.189805 0.089005 0.096512 0.112570 0.146033 0.316101 0.165804 0.099622 0.345622 
0.622003 0.158815 0.099095 0.214676 0.082542 0.163457 0.216854 0.445596 0.108401 0.124093 0.155978 0.112739 0.292718 0.066916 0.188905 0.059129 0.201294 0.118001 0.143027 0.132862 0.232407 0.390538 0.080130 0.124966 0.126405 0.178206 0.343617 0.155904 0.156374 0.508526 1.000000 0.071092 0.517665 0.291936 0.100342 0.125407 0.180596 0.187222 0.134034 0.260953 0.279369 0.216618 0.229647 0.197468 0.093798 0.205363 0.081346 0.214872 0.209690 0.194598 0.060555 0.037858 0.106459 0.196802 0.126452 0.203589 0.201779 0.214369 0.051298 0.097184 0.140107 0.186117 0.272836 0.154691 0.186775 0.243850 
0.132520 0.165979 0.245618 0.126879 0.620217 0.219323 0.390034 0.112427 0.511107 0.224913 0.200496 0.088718 0.253789 0.055086 0.340836 0.101679 0.480608 0.071409 0.129733 0.047764 0.165174 0.165653 0.219375 0.127836 0.258958 0.101598 0.228699 0.083490 0.187134 0.186187 0.071092 1.000000 0.215614 0.150182 0.112015 0.129298 0.099282 0.191241 0.205936 0.130079 0.165303 0.145405 0.245536 0.089429 0.160124 0.139904 0.116985 0.194385 0.113912 0.275522 0.097385 0.103196 0.087511 0.102311 0.183211 0.156330 0.101720 0.189858 0.019680 0.078999 0.087880 0.155926 0.133795 0.128806 0.127976 0.229140 
0.581478 0.254116 0.189952 0.219404 0.234838 0.156675 0.340962 0.250601 0.291951 0.255350 0.137019 0.110066 0.357733 0.107233 0.407907 0.086421 0.419477 0.204457 0.217768 0.117011 0.265922 0.381917 0.161686 0.123281 0.238983 0.244527 0.292559 0.203937 0.225850 0.842227 0.517665 0.215614 1.000000 0.343381 0.168405 0.058213 0.213985 0.196635 0.166960 0.337492 0.305211 0.268771 0.377637 0.179479 0.196289 0.306931 0.146474 0.280131 0.198454 0.292319 0.083347 0.086143 0.102983 0.194031 0.232084 0.260467 0.226170 0.252071 0.194386 0.125055 0.188471 0.208089 0.381433 0.195754 0.165975 0.439308 
0.325474 0.183176 0.167522 0.252677 0.217868 0.090788 0.398585 0.330597 0.155187 0.227248 0.200278 0.042434 0.426463 0.025896 0.117341 0.254979 0.401463 0.173847 0.191273 0.140294 0.212381 0.311511 0.310380 0.289386 0.280648 0.056222 0.188512 0.071312 0.224644 0.275483 0.291936 0.150182 0.343381 1.000000 0.142128 0.192672 0.193910 0.172284 0.170564 0.527551 0.565743 0.540597 0.299044 0.285621 0.211076 0.305896 0.195833 0.712530 0.189148 0.290660 0.051924 0.097923 0.178556 0.233831 0.337103 0.279133 0.173562 0.220082 0.092380 0.157903 0.118231 0.166457 0.856290 0.569042 0.213038 0.703899 
0.125772 0.578941 0.115478 0.156414 0.137198 0.250069 0.028179 0.103684 0.054669 0.101780 0.136204 0.139373 0.111799 0.068082 0.064003 0.043525 0.066062 0.281025 0.211339 0.296885 0.129426 0.211123 0.119999 0.146107 0.167940 0.217381 0.167088 0.431395 0.075427 0.105189 0.100342 0.112015 0.168405 0.142128 1.000000 0.220734 0.108117 0.169651 0.161180 0.219411 0.141832 0.178527 0.131894 0.212920 0.193834 0.125813 0.193130 0.155336 0.027250 0.153344 0.119461 0.203908 0.148805 0.073593 0.072009 0.168048 0.058753 0.213348 0.244309 0.140961 0.733714 0.243697 0.140747 0.063707 0.182503 0.131408 
0.113838 0.094531 0.266786 0.110594 0.133025 0.113354 0.159354 0.175138 0.104873 0.200729 0.197346 0.061194 0.202655 0.064377 0.058716 0.158632 0.149522 0.144361 0.144533 0.195374 0.153369 0.101093 0.192332 0.147042 0.190804 0.050367 0.128014 0.046442 0.157526 0.038357 0.125407 0.129298 0.058213 0.192672 0.220734 1.000000 0.150839 0.272250 0.153897 0.161195 0.133047 0.254167 0.109069 0.157960 0.187697 0.141552 0.191721 0.230790 0.201038 0.168990 0.052411 0.115390 0.016679 0.151755 0.208343 0.339044 0.286921 0.177999 0.082016 0.150660 0.188716 0.198969 0.221211 0.142461 0.284188 0.219452 
0.243003 0.160633 0.105025 0.423790 0.153572 0.099486 0.207745 0.256431 0.143442 0.226739 0.208081 0.127650 0.259108 0.176266 0.191874 0.133117 0.191008 0.059352 0.102317 0.166894 0.416214 0.106351 0.168689 0.045317 0.300112 0.087900 0.226680 0.095681 0.138779 0.241585 0.180596 0.099282 0.213985 0.193910 0.108117 0.150839 1.000000 0.151113 0.196219 0.303986 0.271653 0.204304 0.344728 0.237051 0.185171 0.435361 0.213531 0.173819 0.220832 0.134652 0.108507 0.143275 0.183419 0.846449 0.067465 0.259716 0.116834 0.494990 0.093465 0.163123 0.097495 0.327503 0.198981 0.171146 0.051256 0.195376 
0.171080 0.182219 0.199704 0.182198 0.244662 0.164012 0.246196 0.188496 0.241684 0.306555 0.170006 0.201303 0.245336 0.182730 0.121572 0.174593 0.256066 0.138589 0.179100 0.113260 0.192379 0.136011 0.249556 0.143387 0.217499 0.106845 0.038567 0.147298 0.173984 0.140813 0.187222 0.191241 0.196635 0.172284 0.169651 0.272250 0.151113 1.000000 0.278291 0.152791 0.194891 0.420896 0.102932 0.185167 0.241189 0.155978 0.255158 0.257893 0.231622 0.591660 0.212708 0.200184 0.182374 0.175010 0.317187 0.331056 0.251343 0.105563 0.148982 0.207357 0.188866 0.231160 0.228528 0.201651 0.787530 0.243778 
0.121180 0.230225 0.206052 0.125373 0.099665 0.585991 0.221179 0.069091 0.068427 0.123809 0.158743 0.123168 0.160861 0.263036 0.024348 0.162306 0.130001 0.201065 0.160483 0.033592 0.142792 0.161412 0.171893 0.135427 0.118430 0.420102 0.199358 0.271491 0.093809 0.094735 0.134034 0.205936 0.166960 0.170564 0.161180 0.153897 0.196219 0.278291 1.000000 0.256617 0.249315 0.337325 0.083287 0.190380 0.183646 0.227075 0.264001 0.277947 0.109098 0.191903 0.279667 0.154294 0.151650 0.193055 0.099192 0.135239 0.087139 0.136643 0.418378 0.242211 0.322849 0.181844 0.162565 0.066643 0.313326 0.199757 
0.284775 0.186390 0.210890 0.345834 0.189988 0.196895 0.385128 0.254720 0.166514 0.293266 0.248601 0.096483 0.407568 0.076969 0.074220 0.222483 0.295691 0.200430 0.212297 0.173536 0.315660 0.290504 0.281900 0.241166 0.296172 0.154970 0.208418 0.083104 0.234813 0.241061 0.260953 0.130079 0.337492 0.527551 0.219411 0.161195 0.303986 0.152791 0.256617 1.000000 0.425129 0.655051 0.301914 0.390970 0.260374 0.434978 0.215933 0.599891 0.207987 0.358775 0.131049 0.187708 0.217942 0.289351 0.147708 0.296064 0.140559 0.252590 0.207996 0.208106 0.203731 0.202917 0.422081 0.210380 0.222064 0.366384 
0.335999 0.191493 0.258447 0.331117 0.334292 0.191140 0.305596 0.314266 0.231454 0.289158 0.222986 0.117219 0.420574 0.085246 0.102058 0.194154 0.306031 0.158470 0.169185 0.085646 0.287414 0.349835 0.250148 0.215074 0.313970 0.131008 0.161253 0.074263 0.230506 0.263708 0.279369 0.165303 0.305211 0.565743 0.141832 0.133047 0.271653 0.194891 0.249315 0.425129 1.000000 0.387112 0.360383 0.457037 0.267117 0.474198 0.280932 0.398126 0.154773 0.273989 0.136086 0.181762 0.139198 0.296789 0.148073 0.246456 0.102971 0.348682 0.160357 0.122260 0.150496 0.301164 0.422039 0.296826 0.158886 0.367061 
0.193116 0.237891 0.266054 0.216656 0.162767 0.223339 0.352838 0.198830 0.166489 0.278854 0.182784 0.106501 0.360070 0.072496 0.028960 0.221326 0.280401 0.200197 0.216729 0.114718 0.199217 0.197954 0.293775 0.226498 0.260190 0.118697 0.135132 0.160461 0.204305 0.156493 0.216618 0.145405 0.268771 0.540597 0.178527 0.254167 0.204304 0.420896 0.337325 0.655051 0.387112 1.000000 0.224379 0.271983 0.307602 0.268319 0.264150 0.740900 0.194111 0.397608 0.081393 0.202393 0.112595 0.210516 0.221296 0.291102 0.123037 0.183966 0.201166 0.185424 0.186650 0.187345 0.481614 0.280197 0.481744 0.397898 
0.214478 0.170531 0.184131 0.254251 0.355844 0.098267 0.325885 0.163518 0.268517 0.334218 0.093774 0.154104 0.270790 0.143697 0.152742 0.173097 0.463581 0.183415 0.142121 0.156478 0.257013 0.275970 0.248403 0.114394 0.418430 0.111791 0.211669 0.068101 0.237313 0.242855 0.229647 0.245536 0.377637 0.299044 0.131894 0.109069 0.344728 0.102932 0.083287 0.301914 0.360383 0.224379 1.000000 0.167532 0.243511 0.310509 0.243940 0.206575 0.286682 0.212611 0.057996 0.078083 0.107876 0.223809 0.192502 0.341155 0.262536 0.784531 0.139827 0.147108 0.068713 0.483463 0.248994 0.177118 0.025382 0.336110 
0.174252 0.155870 0.210285 0.259575 0.183432 0.195400 0.210301 0.212631 0.103180 0.229778 0.236783 0.110346 0.269258 0.038044 0.037945 0.181514 0.155132 0.172597 0.107360 0.123223 0.258653 0.244812 0.192503 0.197479 0.161745 0.148483 0.185525 0.124348 0.190379 0.105837 0.197468 0.089429 0.179479 0.285621 0.212920 0.157960 0.237051 0.185167 0.190380 0.390970 0.457037 0.271983 0.167532 1.000000 0.265678 0.482795 0.187251 0.260593 0.162737 0.259344 0.146681 0.233455 0.211517 0.318978 0.164764 0.221415 0.105857 0.122275 0.170355 0.195278 0.195573 0.097249 0.243123 0.134935 0.154560 0.195177 
0.146196 0.308784 0.233013 0.206272 0.218952 0.118847 0.252498 0.137640 0.170839 0.299872 0.190076 0.131478 0.254691 0.139118 0.095313 0.210360 0.231551 0.232289 0.248140 0.224085 0.171155 0.104369 0.265271 0.152331 0.268329 0.134774 0.080828 0.193740 0.186400 0.116710 0.093798 0.160124 0.196289 0.211076 0.193834 0.187697 0.185171 0.241189 0.183646 0.260374 0.267117 0.307602 0.243511 0.265678 1.000000 0.171369 0.757764 0.153287 0.295852 0.207346 0.114841 0.526351 0.149605 0.210201 0.180726 0.344642 0.219323 0.171698 0.395665 0.112021 0.097808 0.137241 0.186313 0.093232 0.123829 0.225408 
0.278089 0.152370 0.251076 0.358783 0.263444 0.219664 0.382767 0.281888 0.268929 0.243367 0.252462 0.173368 0.353401 0.195719 0.205571 0.174706 0.335265 0.152377 0.170338 0.163275 0.344538 0.294361 0.176605 0.172302 0.251031 0.204878 0.240189 0.111030 0.235402 0.248735 0.205363 0.139904 0.306931 0.305896 0.125813 0.141552 0.435361 0.155978 0.227075 0.434978 0.474198 0.268319 0.310509 0.482795 0.171369 1.000000 0.194593 0.309865 0.117121 0.283237 0.117749 0.111427 0.146573 0.447959 0.110534 0.143438 0.126543 0.338813 0.177652 0.150966 0.066303 0.190872 0.267536 0.111304 0.173310 0.271954 
0.126258 0.294429 0.164126 0.161007 0.176836 0.221171 0.216439 0.166496 0.115061 0.289059 0.185852 0.188295 0.173957 0.466461 0.024565 0.226465 0.173343 0.210165 0.191522 0.185033 0.160425 0.125423 0.244350 0.130814 0.288598 0.181321 0.044895 0.159143 0.203205 0.059921 0.081346 0.116985 0.146474 0.195833 0.193130 0.191721 0.213531 0.255158 0.264001 0.215933 0.280932 0.264150 0.243940 0.187251 0.757764 0.194593 1.000000 0.180662 0.291527 0.188035 0.119456 0.332165 0.096612 0.229938 0.152951 0.320017 0.198287 0.253098 0.505581 0.106007 0.104991 0.214814 0.183142 0.115001 0.166154 0.204897 
0.237452 0.129765 0.160403 0.253550 0.166678 0.201404 0.324105 0.223351 0.142507 0.244243 0.222285 0.041556 0.365533 0.066984 0.045170 0.182904 0.326608 0.157134 0.191014 0.081648 0.207660 0.245156 0.268337 0.216079 0.302742 0.089565 0.154533 0.091620 0.235546 0.194549 0.214872 0.194385 0.280131 0.712530 0.155336 0.230790 0.173819 0.257893 0.277947 0.599891 0.398126 0.740900 0.206575 0.260593 0.153287 0.309865 0.180662 1.000000 0.133049 0.348659 -0.025326 0.137074 0.023225 0.200564 0.183270 0.214931 0.100387 0.189532 0.142721 0.149189 0.188972 0.172501 0.640148 0.234093 0.408387 0.535654 
0.138352 0.181677 0.189936 0.141151 0.114310 0.033944 0.239547 0.159977 0.075748 0.303112 0.150160 0.145773 0.213017 0.204092 0.101828 0.321826 0.165475 0.091129 0.116174 0.109392 0.091484 0.132844 0.443907 0.152239 0.222452 0.082848 0.118524 0.116543 0.245940 0.126347 0.209690 0.113912 0.198454 0.189148 0.027250 0.201038 0.220832 0.231622 0.109098 0.207987 0.154773 0.194111 0.286682 0.162737 0.295852 0.117121 0.291527 0.133049 1.000000 0.219937 0.137098 0.127320 0.119205 0.242461 0.290828 0.797289 0.713668 0.190595 0.144203 0.083243 0.031472 0.171237 0.211401 0.158266 0.169887 0.209743 
0.226567 0.111746 0.171130 0.160769 0.343451 0.115874 0.441184 0.222068 0.346945 0.378072 0.219967 0.160281 0.405603 0.118670 0.167405 0.146982 0.483649 0.098992 0.223464 0.122307 0.169031 0.158343 0.223814 0.118689 0.241582 0.068072 0.050030 0.050581 0.159050 0.205711 0.194598 0.275522 0.292319 0.290660 0.153344 0.168990 0.134652 0.591660 0.191903 0.358775 0.273989 0.397608 0.212611 0.259344 0.207346 0.283237 0.188035 0.348659 0.219937 1.000000 0.210571 0.131084 0.124335 0.180671 0.233083 0.274118 0.186742 0.199538 0.124305 0.219005 0.163102 0.279349 0.305844 0.204154 0.497410 0.338367 
0.078125 0.203981 0.097258 -0.007246 0.097481 0.203432 0.130268 0.098156 0.036573 0.082669 0.027781 0.279564 0.070317 0.212392 0.000725 0.121785 0.100871 0.176934 0.237937 0.164277 -0.022765 0.082654 0.103512 0.113435 0.026596 0.276579 0.119138 0.202105 0.099579 0.061743 0.060555 0.097385 0.083347 0.051924 0.119461 0.052411 0.108507 0.212708 0.279667 0.131049 0.136086 0.081393 0.057996 0.146681 0.114841 0.117749 0.119456 -0.025326 0.137098 0.210571 1.000000 0.183648 0.580603 0.210605 0.097553 0.126036 0.213727 0.047097 0.176234 0.142692 0.199878 0.075155 0.004365 0.105356 0.075333 0.035704 
0.071905 0.142855 0.117754 0.188896 0.167408 0.120737 0.089749 0.055241 0.050597 0.166739 0.079895 0.180283 0.147289 0.073431 -0.023355 0.091166 0.111386 0.133563 0.202670 0.157762 0.105369 0.087853 0.153295 0.088348 0.134741 0.147805 0.115166 0.171973 0.063161 0.037379 0.037858 0.103196 0.086143 0.097923 0.203908 0.115390 0.143275 0.200184 0.154294 0.187708 0.181762 0.202393 0.078083 0.233455 0.526351 0.111427 0.332165 0.137074 0.127320 0.131084 0.183648 1.000000 0.369469 0.174135 0.103116 0.174896 0.110061 0.047684 0.289221 0.086129 0.180895 0.049448 0.093085 0.019820 0.105898 0.130869 
0.133625 0.140602 0.044254 0.150909 0.143060 0.127247 0.160975 0.206932 0.088675 0.102835 0.100180 0.243579 0.157674 0.131492 0.032533 0.151579 0.126030 0.069284 0.181556 0.147063 0.132988 0.134940 0.134303 0.166865 0.102307 0.171462 0.208278 0.112658 0.113636 0.111474 0.106459 0.087511 0.102983 0.178556 0.148805 0.016679 0.183419 0.182374 0.151650 0.217942 0.139198 0.112595 0.107876 0.211517 0.149605 0.146573 0.096612 0.023225 0.119205 0.124335 0.580603 0.369469 1.000000 0.221542 0.110075 0.145502 0.108391 0.087899 0.134002 0.285950 0.114444 0.082858 0.125969 0.221320 0.034655 0.058219 
0.206868 0.123507 0.160456 0.349122 0.177418 0.153197 0.234068 0.283136 0.155635 0.215140 0.236983 0.166159 0.299323 0.178080 0.169611 0.201217 0.198587 0.128465 0.121024 0.154365 0.343379 0.143381 0.196995 0.117952 0.259276 0.103189 0.194000 0.093604 0.206388 0.187614 0.196802 0.102311 0.194031 0.233831 0.073593 0.151755 0.846449 0.175010 0.193055 0.289351 0.296789 0.210516 0.223809 0.318978 0.210201 0.447959 0.229938 0.200564 0.242461 0.180671 0.210605 0.174135 0.221542 1.000000 0.120253 0.263388 0.138061 0.313447 0.093896 0.105683 0.055673 0.202140 0.192834 0.192320 0.066124 0.173262 
0.136200 0.099982 0.162185 0.100491 0.144466 0.052599 0.246937 0.117999 0.175506 0.274127 0.146612 0.142978 0.210302 0.101388 0.155398 0.162070 0.203833 0.126951 0.153247 0.134836 0.094919 0.227503 0.188834 0.250408 0.224324 0.099967 0.150722 0.088855 0.200873 0.144733 0.126452 0.183211 0.232084 0.337103 0.072009 0.208343 0.067465 0.317187 0.099192 0.147708 0.148073 0.221296 0.192502 0.164764 0.180726 0.110534 0.152951 0.183270 0.290828 0.233083 0.097553 0.103116 0.110075 0.120253 1.000000 0.280677 0.456091 0.043264 0.092090 0.343075 0.075752 0.089224 0.422641 0.538925 0.217470 0.534423 
0.162859 0.301975 0.212655 0.184746 0.234617 0.072872 0.277160 0.198744 0.142303 0.343806 0.180869 0.187530 0.295520 0.199838 0.143473 0.432499 0.248495 0.160305 0.141233 0.098241 0.171242 0.154895 0.671202 0.232643 0.247791 0.074995 0.095556 0.133075 0.211650 0.178462 0.203589 0.156330 0.260467 0.279133 0.168048 0.339044 0.259716 0.331056 0.135239 0.296064 0.246456 0.291102 0.341155 0.221415 0.344642 0.143438 0.320017 0.214931 0.797289 0.274118 0.126036 0.174896 0.145502 0.263388 0.280677 1.000000 0.548440 0.198940 0.194873 0.138314 0.142756 0.178569 0.289624 0.210759 0.277158 0.270450 
0.166413 0.192505 0.228231 0.091242 0.090832 0.020555 0.214682 0.139109 0.098933 0.267950 0.110298 0.097631 0.184903 0.150091 0.096383 0.175685 0.137777 0.094669 0.111572 0.113423 0.068451 0.147353 0.246090 0.220015 0.205535 0.149635 0.098299 0.175080 0.206367 0.177839 0.201779 0.101720 0.226170 0.173562 0.058753 0.286921 0.116834 0.251343 0.087139 0.140559 0.102971 0.123037 0.262536 0.105857 0.219323 0.126543 0.198287 0.100387 0.713668 0.186742 0.213727 0.110061 0.108391 0.138061 0.456091 0.548440 1.000000 0.144974 0.087798 0.119840 0.006396 0.179871 0.180945 0.136042 0.192956 0.228264 
0.220087 0.179607 0.159988 0.293012 0.234275 0.092050 0.258330 0.204765 0.181557 0.310328 0.121554 0.134934 0.200408 0.186737 0.114669 0.121983 0.321295 0.094482 0.087045 0.129048 0.269228 0.241940 0.170944 0.060642 0.451647 0.101768 0.181473 0.056611 0.184548 0.189805 0.214369 0.189858 0.252071 0.220082 0.213348 0.177999 0.494990 0.105563 0.136643 0.252590 0.348682 0.183966 0.784531 0.122275 0.171698 0.338813 0.253098 0.189532 0.190595 0.199538 0.047097 0.047684 0.087899 0.313447 0.043264 0.198940 0.144974 1.000000 0.116341 0.161344 0.133548 0.762518 0.195409 0.114814 0.026285 0.247713 
0.085695 0.264315 0.105118 0.053884 0.090717 0.431150 0.078878 0.037068 0.032718 0.127972 0.060857 0.180243 0.078444 0.444302 -0.027223 0.128689 0.040433 0.264403 0.204214 0.163038 0.088390 0.171278 0.128676 0.017477 0.094209 0.584361 0.102305 0.282469 0.079562 0.089005 0.051298 0.019680 0.194386 0.092380 0.244309 0.082016 0.093465 0.148982 0.418378 0.207996 0.160357 0.201166 0.139827 0.170355 0.395665 0.177652 0.505581 0.142721 0.144203 0.124305 0.176234 0.289221 0.134002 0.093896 0.092090 0.194873 0.087798 0.116341 1.000000 0.255879 0.394114 0.069562 0.112201 0.053887 0.162017 0.133847 
0.082117 0.044365 0.076598 0.059791 0.124791 0.087700 0.182947 0.094657 0.115006 0.116214 0.088869 0.097718 0.118487 0.085844 0.046095 0.098013 0.198306 0.094507 0.142022 0.144511 0.077285 0.142678 0.062457 0.100796 0.114112 0.173601 0.159760 0.041161 0.046449 0.096512 0.097184 0.078999 0.125055 0.157903 0.140961 0.150660 0.163123 0.207357 0.242211 0.208106 0.122260 0.185424 0.147108 0.195278 0.112021 0.150966 0.106007 0.149189 0.083243 0.219005 0.142692 0.086129 0.285950 0.105683 0.343075 0.138314 0.119840 0.161344 0.255879 1.000000 0.284726 0.194397 0.241199 0.229820 0.155047 0.256868 
0.144351 0.404479 0.132529 0.090846 0.105546 0.359855 -0.015305 0.119287 0.032488 0.134718 0.135976 0.097221 0.090472 0.125922 0.035372 0.072603 0.025088 0.268226 0.142376 0.189403 0.088147 0.214882 0.109849 0.105089 0.144030 0.349519 0.140834 0.443643 0.100915 0.112570 0.140107 0.087880 0.188471 0.118231 0.733714 0.188716 0.097495 0.188866 0.322849 0.203731 0.150496 0.186650 0.068713 0.195573 0.097808 0.066303 0.104991 0.188972 0.031472 0.163102 0.199878 0.180895 0.114444 0.055673 0.075752 0.142756 0.006396 0.133548 0.394114 0.284726 1.000000 0.190929 0.134548 0.039870 0.209167 0.118532 
0.180120 0.217144 0.188712 0.280306 0.186020 0.099379 0.188023 0.171314 0.146811 0.336553 0.114158 0.094403 0.181658 0.136323 0.078734 0.136522 0.212721 0.112775 0.035652 0.115887 0.224261 0.210989 0.176462 0.132130 0.407811 0.115535 0.136042 0.096758 0.202870 0.146033 0.186117 0.155926 0.208089 0.166457 0.243697 0.198969 0.327503 0.231160 0.181844 0.202917 0.301164 0.187345 0.483463 0.097249 0.137241 0.190872 0.214814 0.172501 0.171237 0.279349 0.075155 0.049448 0.082858 0.202140 0.089224 0.178569 0.179871 0.762518 0.069562 0.194397 0.190929 1.000000 0.168996 0.111284 0.126852 0.210459 
0.291597 0.158329 0.166296 0.222552 0.175594 0.083578 0.398026 0.262237 0.163413 0.258602 0.188567 0.058856 0.367174 0.055586 0.178973 0.219013 0.386457 0.147874 0.182150 0.139301 0.188572 0.265080 0.264195 0.237854 0.301500 0.074674 0.182034 0.090896 0.210233 0.316101 0.272836 0.133795 0.381433 0.856290 0.140747 0.221211 0.198981 0.228528 0.162565 0.422081 0.422039 0.481614 0.248994 0.243123 0.186313 0.267536 0.183142 0.640148 0.211401 0.305844 0.004365 0.093085 0.125969 0.192834 0.422641 0.289624 0.180945 0.195409 0.112201 0.241199 0.134548 0.168996 1.000000 0.628266 0.245522 0.877784 
0.176329 0.095636 0.049147 0.093141 0.192840 0.014611 0.290314 0.201226 0.164424 0.181381 0.088936 0.069196 0.230399 0.037530 0.126867 0.148826 0.267282 0.133898 0.124624 0.109248 0.078914 0.137863 0.141899 0.131974 0.182521 0.017568 0.126810 0.004143 0.149470 0.165804 0.154691 0.128806 0.195754 0.569042 0.063707 0.142461 0.171146 0.201651 0.066643 0.210380 0.296826 0.280197 0.177118 0.134935 0.093232 0.111304 0.115001 0.234093 0.158266 0.204154 0.105356 0.019820 0.221320 0.192320 0.538925 0.210759 0.136042 0.114814 0.053887 0.229820 0.039870 0.111284 0.628266 1.000000 0.136481 0.566342 
0.126577 0.181890 0.178073 0.102725 0.141659 0.232578 0.192760 0.120772 0.155726 0.228668 0.098365 0.105735 0.154426 0.106652 0.069711 0.181038 0.165508 0.116910 0.157719 0.040943 0.086451 0.151149 0.240275 0.174347 0.168400 0.107315 0.039497 0.153619 0.140832 0.099622 0.186775 0.127976 0.165975 0.213038 0.182503 0.284188 0.051256 0.787530 0.313326 0.222064 0.158886 0.481744 0.025382 0.154560 0.123829 0.173310 0.166154 0.408387 0.169887 0.497410 0.075333 0.105898 0.034655 0.066124 0.217470 0.277158 0.192956 0.026285 0.162017 0.155047 0.209167 0.126852 0.245522 0.136481 1.000000 0.238639 
0.297172 0.175415 0.242713 0.213842 0.211385 0.085150 0.436828 0.205139 0.195747 0.284373 0.204262 0.095272 0.368791 0.104620 0.236337 0.223124 0.463004 0.192900 0.200301 0.167843 0.204356 0.272034 0.269511 0.255190 0.318477 0.088429 0.195311 0.110487 0.213424 0.345622 0.243850 0.229140 0.439308 0.703899 0.131408 0.219452 0.195376 0.243778 0.199757 0.366384 0.367061 0.397898 0.336110 0.195177 0.225408 0.271954 0.204897 0.535654 0.209743 0.338367 0.035704 0.130869 0.058219 0.173262 0.534423 0.270450 0.228264 0.247713 0.133847 0.256868 0.118532 0.210459 0.877784 0.566342 0.238639 1.000000 
