0.000000000000000000e+00 5.262724999482229493e-02 9.702366305758332310e-02 2.187712837596496596e-01 1.507072068133046526e-02 3.813315555013607749e-02 3.425157598820189331e-01 6.168862312958286465e-01 1.978358436955451605e-01 2.905032770996072711e-01 3.502582154136068548e-01 4.842536107586086630e-02 5.314898162025802897e-01 3.254660116227169747e-02 4.636558318418105840e-01 2.262223262858182107e-02 2.736620379336210940e-01 7.396338164208689225e-02 1.185931256290668201e-01 2.036549231298283302e-01 2.626719122718502719e-01 1.984387081232815708e-01 1.102194268628691604e-02 1.106441264173782385e-01 1.660507545558431441e-01 1.171244776156118300e-01 1.513489538129682288e-01 1.115536134350690600e-02 1.007581412837685875e-01 7.622538241229688261e-01 6.143609570402971398e-01 2.234535209426087854e-01 6.159908276186185638e-01 2.118819471850716951e-01 8.337755045317972458e-02 3.027415523122406818e-02 2.125621379637763694e-02 1.446700700913606252e-01 1.998179058281627715e-02 2.388333710309842595e-01 1.139309754701314514e-01 1.770003217193044931e-01 1.575245090083731148e-01 3.762794668754591496e-03 4.698487238447833503e-02 2.256521743847520189e-01 4.017170544749304462e-02 2.044102660959536133e-01 8.450581717833172135e-02 3.195724529509395562e-01 3.806628676998168731e-02 2.479375725784228185e-02 3.120099120291592795e-02 2.988631023329758191e-02 1.317613112552694365e-01 9.106855759147257368e-02 1.236820125557537425e-01 1.064905133598278431e-01 8.240504547661468837e-02 2.302686151517103347e-02 6.616640284977466646e-02 7.093254176418271884e-02 2.219810604298410872e-01 1.694341077503868642e-01 1.692340989811129126e-01 2.689946401182113367e-01 
5.262724999482229493e-02 0.000000000000000000e+00 2.945138492605672287e-01 1.196969673955653457e-01 1.580608055418431246e-01 2.046566151318879034e-01 2.744958257240499161e-02 3.003559825901019886e-02 7.935729928162307822e-02 1.845246779834991066e-02 1.604490850174971478e-02 5.683016029513148631e-02 5.926192025224066851e-02 8.875450624190540927e-02 1.365845084586760072e-02 1.794456200557908443e-01 3.937231043322528962e-02 1.402080957128923333e-01 6.797716044173464367e-02 1.099728003279126926e-01 1.315980640738646790e-01 1.424675360765059184e-01 3.741923965805396546e-01 6.221361071291087175e-02 1.310319588140202995e-01 4.463644918791444538e-01 3.279396760198445837e-01 7.773162276449686603e-01 1.412289366425616421e-01 1.256812100462314230e-01 1.246103993619617212e-01 1.329252980250905380e-01 1.337249379710767072e-01 1.975247432479059276e-02 6.155168302645473988e-01 6.903900084554416561e-02 1.075127507751224010e-01 1.942770653336071962e-01 1.951686694187882154e-01 3.741634911050594620e-02 2.679320588453200716e-02 7.375682180503086161e-02 3.038459638743794267e-02 3.381718014142746226e-02 2.260927919230412420e-01 9.324916751384404456e-02 1.609214307104493979e-01 1.541420679118412317e-02 1.743127747209102518e-01 2.542936116394628465e-02 3.130339649781374578e-01 2.410148480598267862e-01 2.454477949304940676e-01 1.099347446363501818e-01 1.397987192395532818e-01 3.183608932918416401e-01 1.559399546210466780e-01 8.031721168495581376e-02 1.799859016425951197e-01 4.199144116076275468e-02 5.075509950680766602e-01 1.170657773518792716e-01 3.827679784624679615e-02 4.909979148918088010e-02 1.531887782619551219e-01 6.764527724601766823e-02 
9.702366305758332310e-02 2.945138492605672287e-01 0.000000000000000000e+00 2.331701097911761944e-02 2.569343456391258163e-01 2.127879999747430417e-01 3.933563429876760220e-02 3.676998389523638416e-02 2.232684422992727569e-01 1.789742322854576961e-01 2.436055462508368921e-02 7.216305071396211801e-02 2.931509369155253786e-02 3.729102667567630452e-02 1.637713251339133758e-01 2.897197833446823467e-01 1.549286905844655601e-02 1.579243598042796848e-01 1.071717090457021404e-01 7.057579794966331588e-02 5.045701943699845010e-02 2.455335152033686352e-01 3.880515678132577251e-01 5.080183400273583505e-01 8.848225438375441343e-02 1.045109954196348639e-02 9.806264869602810200e-03 1.504499482817650835e-01 3.211056767979996590e-02 1.739432285329404679e-02 1.077963950437433038e-01 2.962561051708192394e-01 7.802550995853110849e-02 8.920734167339378073e-02 1.211748558411456372e-01 2.135340505974186176e-01 1.104975101551306134e-02 1.042810453859246006e-01 8.912788223303251545e-02 8.006975556609458033e-02 4.406384576803396708e-02 9.452639286168151855e-02 6.166084500842146376e-02 3.270516278083957645e-02 1.573397916418683429e-01 7.390715921033583213e-02 1.188978500268715738e-01 8.080709330875118779e-02 3.223812377076572255e-02 1.242761059842855259e-01 1.318729666189801253e-01 8.281419111536607314e-02 7.183387284988368426e-02 1.085355112348428477e-02 1.467251360001427252e-01 1.104921147672867782e-01 1.537212035970231261e-01 8.385842454089004194e-02 1.711000285044233515e-01 1.216768056369676027e-01 2.127666755371987739e-01 3.463045921536341692e-02 1.140182048749024818e-01 1.100005379841830916e-01 1.242734801183305732e-01 1.375488273243612170e-01 
2.187712837596496596e-01 1.196969673955653457e-01 2.331701097911761944e-02 0.000000000000000000e+00 6.908874203337690700e-02 4.794094980404411260e-02 1.066291455475000399e-01 2.263353739774296991e-01 1.072233050022051819e-02 4.355713458375529146e-01 8.665830550677913746e-02 9.290737881225301364e-02 4.456116530244576546e-01 8.567821136251381475e-02 1.196115347865381179e-01 7.354817511429247168e-02 9.476829916294629563e-02 9.284732084620342385e-03 5.717417908546771482e-02 8.798001762083279900e-03 8.051031962179541202e-01 8.886119538927386707e-03 3.362660888685272548e-02 2.092120371013008254e-02 6.090729272832562380e-01 1.075899536883820513e-02 6.819207298167462294e-02 1.109176562315808967e-01 4.005099863235851987e-01 1.833258894343746115e-01 1.639149419840349176e-01 2.993259352469543680e-02 1.540756748355792682e-01 1.167530410736995899e-01 1.309084768765077511e-01 1.819205940981019620e-02 4.116543151520373756e-01 4.651598381177819708e-02 4.228227336725354918e-02 2.822219313026062548e-01 7.365818488767236771e-02 1.577325809056403794e-01 2.308994175192214116e-01 4.619358439898291896e-02 6.663430584161839088e-02 3.944975302379710030e-02 9.112460872394213818e-02 1.093257940480040769e-01 6.594831145915859560e-02 2.024204777093578378e-01 4.126322292688958983e-03 4.346108451678876855e-02 1.275701696327830731e-02 2.172575038449501006e-01 3.576690937840282941e-02 4.533851772427823640e-02 9.769040798367789949e-03 3.397253609126095752e-01 1.460031962974182689e-02 8.717374833765961784e-02 1.190346422471673798e-01 3.246263734991894911e-01 7.875050319482970740e-02 7.956492846156242027e-02 5.881189312485809312e-02 7.610776191873973306e-02 
1.507072068133046526e-02 1.580608055418431246e-01 2.569343456391258163e-01 6.908874203337690700e-02 0.000000000000000000e+00 1.885424564918426193e-01 3.203778526595885690e-01 8.050325227996413258e-02 7.196637993331735927e-01 1.971129458671053436e-01 2.083470360382818493e-02 2.016390934218175446e-01 8.816291153054428564e-02 1.701222408523976257e-02 3.253867797793091876e-01 2.535875171768962599e-01 4.979128128622200000e-01 1.154698479095683239e-01 6.808792872879716740e-02 2.019055612312529169e-01 3.074902812498661944e-02 1.443171730540088460e-01 3.551867948696319499e-01 2.584235920454571733e-01 1.673142899676784701e-01 1.237347801027363775e-01 1.893473786600378128e-01 9.187048284071599319e-03 1.116875970049003852e-01 1.816446415930898506e-01 1.987113958055158197e-02 6.642064213265165273e-01 1.681181791598735098e-01 1.989712616085842489e-01 1.355655386560826181e-01 1.407019624854363715e-01 4.838682525322919592e-02 8.401325981608696869e-02 6.726065342529910507e-02 8.969537133818795971e-02 1.292291778402886171e-01 1.193418411326715167e-01 3.554946918234502817e-01 5.285388906092380185e-02 9.221844664469976138e-02 1.473819071683023785e-01 9.527546343172944507e-03 1.536538508403351988e-01 2.010542576235126999e-01 2.004620112079655014e-01 1.190064297722776276e-01 3.041069336883442387e-02 5.693086421637261196e-02 2.578285701347529657e-02 1.420093921298057338e-01 3.247776141620791202e-01 1.918038709170793998e-01 2.019315837932219027e-01 2.281858432478895901e-02 2.033975197121685313e-02 1.080240961547305062e-01 7.963064245190086543e-02 1.927444292321218999e-01 1.252113142611540886e-01 6.862385776811166793e-02 2.597929349688503642e-01 
3.813315555013607749e-02 2.046566151318879034e-01 2.127879999747430417e-01 4.794094980404411260e-02 1.885424564918426193e-01 0.000000000000000000e+00 8.761853116926918150e-02 1.508076738807093663e-02 2.362430285849624334e-01 1.635314340151786394e-01 1.003688065852167619e-02 2.073572485213168448e-01 2.848921367665144255e-02 3.943413331121360388e-01 2.261130646622639406e-01 1.606450844185976778e-01 1.055241682903123590e-01 1.786795504307419902e-01 4.264921506626000169e-02 4.329757546327903800e-02 2.392556086407392549e-02 2.041488962983653566e-01 1.789515416947631832e-01 2.317488478691847320e-01 1.251349563461087999e-01 6.734364926281374286e-01 4.104851391807454730e-01 3.984884898689565191e-01 7.996784262506489993e-02 6.872176524306602974e-02 8.844548541771328487e-02 3.018766431698264308e-01 1.183265894112093541e-01 1.536806485902692150e-02 2.292537930297329773e-01 1.507697465535523251e-01 5.915127970365489235e-02 7.797212851523845079e-02 6.492285732118364683e-01 5.655448076621172326e-02 9.643044687091133910e-03 1.582710571339071282e-01 1.657052972963833914e-01 5.498999107392784844e-03 2.063409667019104055e-01 2.482849507464905334e-02 3.463165113156542740e-01 1.240997074904282155e-01 1.210732194776884540e-01 8.429645388143640339e-02 2.975841349527730828e-01 2.140459385042765492e-02 1.796946151237455713e-01 3.207342296294814904e-02 1.192770795621422436e-01 1.600967756740663273e-01 2.251468976189182902e-01 1.370569442785422032e-01 5.689535648124253164e-01 1.667718272309730854e-01 3.037005513241983201e-01 8.974647269372477976e-02 1.641402627899083214e-02 5.414688066802489375e-02 2.169502337894394506e-01 4.877171773512976177e-02 
3.425157598820189331e-01 2.744958257240499161e-02 3.933563429876760220e-02 1.066291455475000399e-01 3.203778526595885690e-01 8.761853116926918150e-02 0.000000000000000000e+00 2.025839935585304341e-01 4.038467805678463418e-01 1.918622979096263823e-02 2.871733017129792231e-01 6.161970142792030924e-02 4.880825977087459022e-01 1.553084244989008308e-02 3.530904946454632154e-01 7.684296025417193532e-02 7.613502658788714461e-01 2.145536086640751836e-02 6.184715346528180113e-02 1.370583070785957869e-02 8.021112293679815222e-03 9.238836776058920522e-03 8.530348836713837202e-02 2.965603921082443292e-02 1.162996177247473534e-01 2.216558760376221779e-02 1.380088645100567002e-01 1.109995934536347206e-01 1.470539231263870150e-01 2.829792105302177396e-01 8.745617231227346966e-02 4.560583709447382228e-01 2.668310385589852118e-01 3.012421435860797025e-01 5.876787666715620889e-02 6.219419152613571422e-02 6.544994372303107599e-02 1.713730604188341000e-01 1.407052945131878896e-01 3.473757591788901866e-01 1.571542278275469828e-01 2.855522946496605319e-01 3.041304443556528403e-01 3.548711905365289215e-02 1.479955188848601222e-01 3.369482651213131508e-01 6.406672802287548263e-02 2.941642677282621521e-01 8.484875527276450335e-02 4.401150913046715796e-01 1.336882964942329444e-01 1.178391184806689557e-02 6.119038317015442624e-02 2.246020603852263986e-02 1.522821625100497234e-01 1.314652876631339784e-01 1.657553775479079505e-01 2.099536984441592036e-01 3.198246207297788385e-02 1.227686128578511955e-02 4.297945320893517551e-02 1.125689410358128723e-01 2.999335643796319228e-01 1.668459739338420955e-01 1.932779694912608315e-01 3.850569786785183468e-01 
6.168862312958286465e-01 3.003559825901019886e-02 3.676998389523638416e-02 2.263353739774296991e-01 8.050325227996413258e-02 1.508076738807093663e-02 2.025839935585304341e-01 0.000000000000000000e+00 1.604040038766933463e-01 2.935851844427436741e-01 4.723773841587865507e-01 5.521301015847043803e-02 4.932771222474189310e-01 2.411869669079197420e-02 2.928756412758563576e-01 4.034200903542584787e-02 1.140261210450489587e-01 1.672150107728884727e-01 2.971144663900300228e-02 1.372904564476150335e-01 2.952640175047808735e-01 1.243138110917347758e-02 1.774542385008152923e-02 2.225684119419878843e-02 2.136901685159898479e-01 2.028177507530500370e-02 8.067487881134897953e-02 1.954273412723029485e-02 2.996548900354001344e-01 4.287132743538250024e-01 4.773366876896672495e-01 1.561261246140241421e-01 2.992480681760935624e-01 1.925122900260471115e-01 2.732454623056832996e-02 1.951624335765585541e-02 3.592245672993489569e-02 1.306791614922423184e-01 3.578157534800936734e-02 1.710942577325139380e-01 1.424921822311901454e-01 1.137772129470048799e-01 8.262137460425533764e-02 1.774916234493038869e-02 2.505614492061357390e-02 2.016637825800629835e-01 2.256101009765403009e-02 1.446561296645401673e-01 6.695944137846522592e-02 2.239184249382766834e-01 3.168422306435720454e-02 2.503753531176884303e-02 6.699664481908297609e-02 1.864127127039833312e-02 8.996997317782981507e-02 3.075307366936926370e-02 6.813322589635043003e-02 9.255224357583527461e-02 6.514133341867309711e-03 2.501135780133514896e-02 3.443773381343476908e-02 2.454890794989816535e-02 1.772414535191224050e-01 1.706098863369789609e-01 1.348356547744569700e-01 1.762027091128587908e-01 
1.978358436955451605e-01 7.935729928162307822e-02 2.232684422992727569e-01 1.072233050022051819e-02 7.196637993331735927e-01 2.362430285849624334e-01 4.038467805678463418e-01 1.604040038766933463e-01 0.000000000000000000e+00 5.420654825116549141e-02 1.886424783323031595e-01 2.085913644661153976e-01 2.321643387123495939e-01 3.021089088993381133e-02 6.394166369998911525e-01 1.896643917780405086e-01 4.760295743067930463e-01 6.349559851968841762e-02 1.228846999104119819e-01 1.814222515602741115e-01 4.595956990329082281e-02 1.396972302872961647e-01 2.514983387217593624e-01 2.203382036946232303e-01 6.588914496154572864e-02 1.869376933278496800e-01 2.311009380580191508e-01 6.122220582026063895e-02 7.602511194561110963e-02 3.355784865254962668e-01 7.040048905129578372e-02 5.642520343715555775e-01 2.694802925565841778e-01 1.810688591355779642e-01 6.953760812529810598e-02 1.185874975338698095e-01 2.223541401900322109e-02 1.416916220150350458e-01 1.120407046640827520e-01 1.657907287234728078e-01 8.756087030875331356e-02 1.539732800929987933e-01 2.884700734299610603e-01 7.413308237223464880e-02 9.234718782927989200e-02 2.065249619322362951e-01 2.171188791487149022e-02 1.670854205368186296e-01 1.453330211297026997e-01 2.707317671979546092e-01 1.172731375212274912e-01 4.341143024332073247e-02 8.562928716058637590e-02 2.120799786059186787e-02 1.157321437778383727e-01 2.405843747654790588e-01 1.633025444532821280e-01 1.495626217239590938e-01 7.531180428231694368e-02 3.645975763388172031e-02 6.676213060782817954e-02 6.833015231222616670e-02 1.832122457170763663e-01 9.791511805728528306e-02 1.176580049331285988e-01 2.529693884583337771e-01 
2.905032770996072711e-01 1.845246779834991066e-02 1.789742322854576961e-01 4.355713458375529146e-01 1.971129458671053436e-01 1.635314340151786394e-01 1.918622979096263823e-02 2.935851844427436741e-01 5.420654825116549141e-02 0.000000000000000000e+00 2.162133273752550322e-01 1.410180764391947839e-01 4.293494465627334389e-01 8.404442095358631570e-02 8.493274039609288728e-02 4.047611733230542796e-01 6.441653676151512520e-02 9.632772568947851888e-02 1.097449367273265197e-01 2.803687227595995021e-02 3.541521714233371032e-01 2.601883820425296423e-01 4.646227884274531927e-01 3.406662551993724919e-01 8.146028476673365937e-01 6.950511211280265000e-02 1.539144739995610967e-01 8.221050024994709660e-02 6.039883701597285048e-01 2.418566828344499986e-01 2.281974491875387034e-01 9.231976268922476025e-02 2.588063854335008185e-01 2.130469001232393189e-01 1.424619259483338451e-01 1.835154557608546788e-02 3.451984206412619383e-01 3.505879760441019122e-01 4.795629554047248222e-02 2.849563195091424639e-01 6.041917258703510818e-02 2.766043014840752212e-01 4.251147380318414104e-01 1.883941120889159881e-01 6.119728742823089818e-02 4.411226961388868550e-02 2.358003231463007623e-02 2.186975984973433540e-01 1.452117460818859729e-01 4.979983312025508813e-01 7.164717113898465273e-02 3.822017776080002815e-02 4.557714180114586650e-02 2.604189912548752761e-01 8.566897901796040327e-02 2.551282202049697800e-01 2.617834059628193141e-02 4.916584093432548319e-01 7.736394201983207153e-02 1.475115244084863608e-01 1.361324405397365545e-01 3.712530507533092772e-01 2.190624463726675852e-01 1.890636396088028193e-01 3.020074512577376469e-01 2.230110348146319976e-01 
3.502582154136068548e-01 1.604490850174971478e-02 2.436055462508368921e-02 8.665830550677913746e-02 2.083470360382818493e-02 1.003688065852167619e-02 2.871733017129792231e-01 4.723773841587865507e-01 1.886424783323031595e-01 2.162133273752550322e-01 0.000000000000000000e+00 3.013925290622573860e-02 5.282372670230877088e-01 2.163297560056071447e-02 2.913276873788968602e-01 3.366318447701476674e-02 7.443089412629881607e-02 8.180943902515779020e-02 9.185736332292962145e-03 6.360740245987636654e-02 3.103775514256904011e-01 5.226822405414319889e-02 1.175257057174748133e-02 3.463331769276491168e-02 1.550996001658210277e-01 1.087366936406658491e-02 9.159807032720271650e-03 1.566526766087081649e-02 1.361661986344960273e-01 2.238554705045165127e-01 6.067548805833878484e-02 8.649974317476508134e-02 1.502023998725899590e-01 9.303796339634311241e-02 2.550868041806688899e-02 2.167018195630714128e-02 1.241808325156268898e-02 9.106219383660187072e-02 4.275468426763465862e-02 1.380930789843037576e-01 6.782170607955474717e-02 8.699042805600026851e-02 2.930686828785275880e-02 4.462268587579983764e-02 1.657082751666533529e-02 8.877721872925337099e-02 1.826473229582561628e-02 9.652866805475411593e-02 8.058504108418674400e-03 1.552543168467480639e-01 1.370750549020732616e-02 4.658642403846954307e-03 1.978362650538014259e-02 6.161043626061100953e-02 8.639687181916112443e-03 1.494801501777605866e-02 5.115028094397547700e-03 1.211983705121928365e-02 1.789296504350330191e-02 2.845711769857753662e-02 3.850676436528685520e-02 1.418819513052175206e-02 8.837827349504442931e-02 6.099955145564141257e-02 9.976087876178484082e-02 8.117908488133471212e-02 
4.842536107586086630e-02 5.683016029513148631e-02 7.216305071396211801e-02 9.290737881225301364e-02 2.016390934218175446e-01 2.073572485213168448e-01 6.161970142792030924e-02 5.521301015847043803e-02 2.085913644661153976e-01 1.410180764391947839e-01 3.013925290622573860e-02 0.000000000000000000e+00 7.693357142041468144e-02 6.878134267356911247e-01 7.176543607512916867e-02 8.866798743036523323e-02 2.783614953886404814e-02 2.611995632046870686e-02 5.293913654203215025e-01 1.517148590024903487e-01 9.207564054817626853e-02 1.123772812156621503e-01 3.764016808228378558e-02 1.364874108892297488e-01 1.417573507626762319e-01 3.787358400851145168e-01 2.387774521538817488e-02 2.579887813352883807e-02 1.442197526355201431e-01 4.145525924205378798e-02 1.134351226399205742e-01 7.556539321212572824e-02 5.158449622267370638e-02 6.650554539903380524e-02 2.008837997198204273e-01 1.774713123284071270e-01 1.127591974641135864e-01 7.253158054801561727e-02 1.726999950625872637e-01 2.994453316161048775e-02 7.332305282085619519e-03 5.014153949831740703e-02 2.740221247694969026e-02 1.420574999386000625e-01 4.864046051209720140e-02 3.367339522402688912e-02 3.710676077177741394e-01 4.650734759432010451e-02 6.562710648261728397e-02 1.777825043613356082e-01 3.586422839969629073e-01 1.598007680132177699e-01 3.082911146938262514e-01 1.476002157050922692e-01 1.498364790513047051e-01 1.049295088840857954e-01 2.182093133403960605e-01 8.828937739443477872e-02 2.475456003294342067e-01 1.701420694600566386e-01 9.253167553248767274e-02 1.158873085941108244e-01 1.037299102138638102e-01 6.683377679683207007e-02 3.940483500661319527e-02 1.742490022616272893e-01 
5.314898162025802897e-01 5.926192025224066851e-02 2.931509369155253786e-02 4.456116530244576546e-01 8.816291153054428564e-02 2.848921367665144255e-02 4.880825977087459022e-01 4.932771222474189310e-01 2.321643387123495939e-01 4.293494465627334389e-01 5.282372670230877088e-01 7.693357142041468144e-02 0.000000000000000000e+00 2.211030086862031396e-02 3.643667953063833842e-01 6.695244437935109205e-02 3.579390212375238578e-01 1.268912085253368939e-02 9.161799953333736590e-03 4.271408504850181254e-02 5.786828192501300983e-01 3.045323579548456921e-02 3.467234984971575423e-02 2.150863268964806410e-02 3.639104142714140178e-01 2.819391935365609184e-02 2.369334041764442969e-02 1.947853955655433691e-02 2.268472675842430897e-01 3.852310174922138897e-01 2.323485618542448505e-01 2.309540754183481148e-01 3.329819466003972606e-01 3.816048220982095618e-01 1.148207883220566522e-01 4.370604037690607735e-02 2.145729544170196790e-01 1.756273665120187122e-01 4.038654547614746460e-02 4.078991543228213112e-01 2.557759678868182229e-01 3.364209418176611344e-01 5.157197724116713983e-02 1.715663992334685167e-02 6.174200312988825656e-02 2.363955736977843558e-01 2.352505461763945357e-02 3.362369512016860074e-01 9.077714521334941111e-02 4.509914488241769104e-01 8.321013943933060208e-02 1.122096162241309654e-02 3.069993464448946691e-02 2.003227152474920669e-01 1.424558422331776431e-01 9.672880682210600878e-02 1.294233513691953885e-01 4.459210827160561136e-02 5.148961110243974182e-02 5.999616490959670811e-02 1.023920508650621453e-01 8.539467646744328122e-02 3.413172474942190449e-01 2.333459002178819020e-01 1.717146791664135586e-01 3.674861622032405961e-01 
3.254660116227169747e-02 8.875450624190540927e-02 3.729102667567630452e-02 8.567821136251381475e-02 1.701222408523976257e-02 3.943413331121360388e-01 1.553084244989008308e-02 2.411869669079197420e-02 3.021089088993381133e-02 8.404442095358631570e-02 2.163297560056071447e-02 6.878134267356911247e-01 2.211030086862031396e-02 0.000000000000000000e+00 1.311854080156879543e-01 1.368509593601877905e-01 8.422690842115322651e-02 2.123482281647119940e-01 2.201354651962006415e-01 1.397303669841422902e-01 8.720070203534180386e-02 1.757814096461425210e-02 9.989782630925242435e-02 9.182690148870201186e-02 1.171820527404842521e-01 5.546958649200585123e-01 2.065200038540175587e-02 1.420465123808535013e-01 1.235743950750724518e-01 1.067728865462054949e-01 1.991664955401862419e-02 5.910594464835588341e-02 1.124303298503125104e-01 1.977045425959570932e-02 5.933504522286766822e-03 8.976581723462882800e-02 1.266935645917060815e-01 1.305489362289433651e-02 4.036587329612305597e-01 8.617401102943424152e-02 7.662978191877902433e-03 8.798092297935893036e-02 6.623104220141481924e-02 5.745292512788092998e-02 2.994111021144461038e-01 1.228068683390895477e-01 6.432661690157339685e-01 4.952670217388780577e-02 3.872884490702265675e-02 5.388722562436967095e-02 3.685853617684204386e-01 3.237047471189044567e-02 2.506335314665263381e-01 1.557352727711116824e-01 1.179298590072965919e-01 2.417311227451676703e-02 1.523243883482342798e-01 1.218906584903449025e-01 5.784351015199953316e-01 4.237441542000947720e-02 1.281807567019611349e-01 1.448097506336474549e-01 4.474871300910832767e-02 3.966853556968209099e-02 3.904365694487697130e-02 9.263916985863111797e-02 
4.636558318418105840e-01 1.365845084586760072e-02 1.637713251339133758e-01 1.196115347865381179e-01 3.253867797793091876e-01 2.261130646622639406e-01 3.530904946454632154e-01 2.928756412758563576e-01 6.394166369998911525e-01 8.493274039609288728e-02 2.913276873788968602e-01 7.176543607512916867e-02 3.643667953063833842e-01 1.311854080156879543e-01 0.000000000000000000e+00 1.641079004148613962e-01 4.000273757177448819e-01 3.442533805733844626e-02 1.016121640452041786e-01 3.974727168711405384e-02 1.697925861972280626e-01 1.394843520953122640e-01 1.666717446448807705e-01 2.041577259147985823e-01 5.402527251637106315e-02 9.800245671918988988e-02 2.738258835028418159e-01 1.362367026034944362e-01 2.198099437471210098e-03 5.675498134363082814e-01 1.537542915422297485e-01 4.856867975718138219e-01 4.355854441086645101e-01 1.582529903189333620e-01 1.854914009144346954e-02 6.330228694314748994e-02 2.900118530244590737e-02 1.304894065531904401e-01 1.023425142222925688e-01 2.240581927203280643e-01 6.881247963598037531e-02 1.453300412284745935e-01 2.042727863561472068e-01 2.684333554277464062e-02 4.690475504572526322e-02 2.459250808979679126e-01 7.333175212959644473e-02 1.720788130942293714e-01 1.143241768674908149e-01 2.545695094382133261e-01 3.967329374664329417e-02 2.401947702270184476e-02 5.237461394557942421e-03 3.342805625626896898e-02 8.927309263261835881e-02 1.679785166846942679e-01 1.240746404255113206e-01 1.231145655039226489e-01 1.954263184706036063e-02 2.926116837806606169e-02 2.370828223864610701e-02 8.645456264179669781e-02 1.724047748469886288e-01 9.265542365388296231e-02 1.305395849102495842e-01 2.206585806599505595e-01 
2.262223262858182107e-02 1.794456200557908443e-01 2.897197833446823467e-01 7.354817511429247168e-02 2.535875171768962599e-01 1.606450844185976778e-01 7.684296025417193532e-02 4.034200903542584787e-02 1.896643917780405086e-01 4.047611733230542796e-01 3.366318447701476674e-02 8.866798743036523323e-02 6.695244437935109205e-02 1.368509593601877905e-01 1.641079004148613962e-01 0.000000000000000000e+00 1.436100916441858111e-01 1.908560706725176068e-02 9.210868279331045627e-02 3.016416825764862975e-02 1.259086322578363559e-01 2.690227858016262519e-01 8.187323899039419262e-01 6.836183591224123113e-01 2.591896547341269175e-01 5.628087207487544180e-02 1.462632662354532154e-01 7.152740247074217128e-02 1.839986970733532845e-01 5.552998688467948585e-02 1.068923679063013207e-02 2.251261559607803664e-01 1.202512980208383583e-02 9.298891676536637230e-02 4.815501938978876406e-02 7.415764070936996244e-02 6.038287310354778503e-02 2.361850451188627908e-01 2.222963722745524562e-02 6.742402241964673415e-02 1.084007285185938224e-01 9.377849550737292483e-02 2.531374313625202599e-01 7.377078889879347401e-02 1.707062636031214664e-02 4.896254916224789672e-02 4.082938283675557889e-02 9.161515389332683390e-02 3.372617615003696834e-01 2.029574375635732064e-01 1.396593912846123657e-02 6.959925528360152991e-02 6.699203058665532950e-02 7.601855522792606845e-02 9.203739745014886953e-02 4.580649260653176791e-01 2.787602230697890093e-02 2.104805350897304972e-01 5.555771038514776411e-02 2.902987432898768844e-02 3.839960992308911331e-02 7.665433261301941859e-02 1.325392581173613082e-01 1.244996234233351068e-01 2.314550293146444282e-01 1.440040261888030082e-01 
2.736620379336210940e-01 3.937231043322528962e-02 1.549286905844655601e-02 9.476829916294629563e-02 4.979128128622200000e-01 1.055241682903123590e-01 7.613502658788714461e-01 1.140261210450489587e-01 4.760295743067930463e-01 6.441653676151512520e-02 7.443089412629881607e-02 2.783614953886404814e-02 3.579390212375238578e-01 8.422690842115322651e-02 4.000273757177448819e-01 1.436100916441858111e-01 0.000000000000000000e+00 2.075100573137202975e-01 1.139447332234100746e-01 8.070243081289998899e-02 3.721607615251324580e-02 1.843631688791955853e-02 1.678902787323184598e-01 7.482533552130953003e-02 1.760925072525030832e-01 2.944312169809324559e-02 1.728838598127806769e-01 1.303682114913231604e-01 1.854625015624824236e-01 3.638942424531681485e-01 1.164418329914601591e-01 5.495892314288474134e-01 3.976660525669009072e-01 3.754142493920237800e-01 7.335620362697244101e-02 1.132147324296260832e-01 9.627486408826467501e-02 1.865390809876825429e-01 1.463247339478953024e-01 3.331324696246816819e-01 2.107019238255485871e-01 3.221430708469201765e-01 4.659780843748718149e-01 3.089785936107370540e-02 2.251167024663718319e-01 3.886418033636371838e-01 1.449578323126532731e-01 3.498653032377730954e-01 1.689180863679629330e-01 4.571874140283765930e-01 1.783478172897545455e-01 2.998266543819837551e-02 7.513488245074362304e-02 2.388537878319477864e-02 2.238028194534950610e-01 2.414571521468123760e-01 2.531700031482197466e-01 2.968992646888544695e-01 7.251438790907775711e-02 2.083912242704877987e-02 6.339414005118285123e-02 1.572343288502882352e-01 3.806463174768207058e-01 2.268956227904177225e-01 2.031468273958685899e-01 4.927199928065504331e-01 
7.396338164208689225e-02 1.402080957128923333e-01 1.579243598042796848e-01 9.284732084620342385e-03 1.154698479095683239e-01 1.786795504307419902e-01 2.145536086640751836e-02 1.672150107728884727e-01 6.349559851968841762e-02 9.632772568947851888e-02 8.180943902515779020e-02 2.611995632046870686e-02 1.268912085253368939e-02 2.123482281647119940e-01 3.442533805733844626e-02 1.908560706725176068e-02 2.075100573137202975e-01 0.000000000000000000e+00 1.282049605106294343e-01 5.870598546343550606e-01 4.081547947450608893e-02 3.341510727852540219e-01 3.193434029193150531e-02 1.473403054313311977e-01 6.275008510118583460e-02 1.741760041312037932e-01 5.230549782015673707e-03 2.179098700320030446e-01 4.694133960302392106e-02 1.391000923166209602e-01 2.212496160739571907e-02 6.405450865379060110e-02 3.366474567464922685e-01 1.275755010037484816e-01 3.568955836822029770e-01 2.191331503673358549e-01 2.279436149997680211e-02 1.027640944390084132e-01 9.504013299194290221e-02 8.815297529990413772e-02 3.047518972124439729e-02 1.348590825015604788e-01 1.156892828972762161e-01 5.920568573754107777e-02 3.131135631809166542e-01 1.361082097873484997e-01 2.949903800576771928e-01 1.258680001391423442e-01 1.822603117952334983e-01 1.939891551686963311e-01 1.587467506024667074e-01 7.513286897183334145e-02 1.113117916687608872e-01 2.039858231744008654e-02 1.512292761383451090e-01 2.108167370792783935e-01 2.137386001283999026e-01 1.681916614584343800e-02 3.637678769453136507e-01 1.760140326938821331e-01 3.581096691438425128e-01 4.514616149545302992e-02 1.534960274186001616e-01 8.872837533853393521e-02 8.773930206971587709e-02 2.020776331571561280e-01 
1.185931256290668201e-01 6.797716044173464367e-02 1.071717090457021404e-01 5.717417908546771482e-02 6.808792872879716740e-02 4.264921506626000169e-02 6.184715346528180113e-02 2.971144663900300228e-02 1.228846999104119819e-01 1.097449367273265197e-01 9.185736332292962145e-03 5.293913654203215025e-01 9.161799953333736590e-03 2.201354651962006415e-01 1.016121640452041786e-01 9.210868279331045627e-02 1.139447332234100746e-01 1.282049605106294343e-01 0.000000000000000000e+00 5.248744727310513669e-01 3.326131687385416869e-02 3.374537346387274789e-02 6.132146793850012240e-02 1.284182890892853479e-01 1.173049622708073059e-01 1.866070979180886602e-01 1.919954715622523567e-01 4.514031637070213543e-02 1.265143772464908389e-01 1.655791943425623802e-01 6.235633754042636465e-03 8.532255559412699197e-02 1.509589065596680935e-01 3.823803480660398213e-02 2.109853862876880926e-01 1.122296303500437686e-01 7.800463013122496680e-02 2.561201922261667832e-02 4.243176160888117304e-02 5.178491826762366551e-02 2.323844135157569768e-02 5.170831310463677027e-02 4.593537984942087926e-02 9.821558191655281600e-02 1.476151250706890516e-01 7.085723318537143212e-02 4.988855906466315576e-02 2.499168593873333719e-02 2.676125562290828513e-02 2.749588776461412559e-02 1.742830525614351422e-01 2.332906033265540746e-01 2.334868254553375544e-01 9.366239001284827614e-02 7.112577569714441383e-02 3.669030472398512877e-02 8.962094954373056588e-02 1.028549525470199982e-01 3.636734202627463913e-02 2.074512451197419727e-01 1.700719085723651769e-01 1.081724675774962535e-01 3.969551116582941547e-02 4.105470285987267154e-02 2.102906512157016322e-02 3.754176155590181752e-02 
2.036549231298283302e-01 1.099728003279126926e-01 7.057579794966331588e-02 8.798001762083279900e-03 2.019055612312529169e-01 4.329757546327903800e-02 1.370583070785957869e-02 1.372904564476150335e-01 1.814222515602741115e-01 2.803687227595995021e-02 6.360740245987636654e-02 1.517148590024903487e-01 4.271408504850181254e-02 1.397303669841422902e-01 3.974727168711405384e-02 3.016416825764862975e-02 8.070243081289998899e-02 5.870598546343550606e-01 5.248744727310513669e-01 0.000000000000000000e+00 5.094278215869813692e-02 8.301159784227780600e-03 5.737468353060385523e-02 1.957484042803902050e-02 3.352020742097010925e-02 1.527998257192989852e-02 3.384731704251607298e-01 1.247962694962987118e-01 4.716866335529411314e-02 1.206903244670912284e-01 1.410499308478519176e-01 1.047889925219483431e-01 3.782782977767785298e-02 6.424318660918024171e-02 3.038818941225081005e-01 1.743586694960488903e-01 1.537398724098849694e-02 5.354749935631364366e-02 8.054471397372821306e-02 9.513302072677929169e-03 1.796398990944203869e-02 7.298207528357703033e-02 5.669255574380322599e-02 8.182365223880769256e-02 2.838363783480079006e-01 3.768325075329775203e-02 2.249422809472595153e-01 5.813298243243170821e-02 1.162294032623814311e-01 7.356356275919632981e-02 1.386975730387563499e-01 1.257007657056464500e-01 1.404527943373261589e-01 1.901608607126918302e-02 8.251032792076801181e-02 1.497058794766005785e-01 1.329514459041998831e-01 2.950683422316836835e-02 2.733825839181774353e-01 2.126670782111502733e-01 3.029435908885598217e-01 5.324379315408197394e-02 7.310807978887315373e-02 4.206060174692713427e-02 1.893553094096253261e-02 9.089110684986125011e-02 
2.626719122718502719e-01 1.315980640738646790e-01 5.045701943699845010e-02 8.051031962179541202e-01 3.074902812498661944e-02 2.392556086407392549e-02 8.021112293679815222e-03 2.952640175047808735e-01 4.595956990329082281e-02 3.541521714233371032e-01 3.103775514256904011e-01 9.207564054817626853e-02 5.786828192501300983e-01 8.720070203534180386e-02 1.697925861972280626e-01 1.259086322578363559e-01 3.721607615251324580e-02 4.081547947450608893e-02 3.326131687385416869e-02 5.094278215869813692e-02 0.000000000000000000e+00 6.541658167734322460e-02 9.124636062105329071e-02 8.408304497914492748e-02 4.852513281357769825e-01 1.644620109890101295e-02 6.067118703583329609e-02 1.009291301699102722e-01 2.833325093824834440e-01 2.036541395358316131e-01 1.151014772362877886e-01 1.225251294822083704e-02 1.469004089580710493e-01 1.228187781301840753e-01 1.285899712363384184e-01 1.130594008118509033e-02 3.841664477326141025e-01 2.292293157304252371e-02 4.477032676792952470e-02 2.769770016615362707e-01 8.679070903213595423e-02 1.534562762379527157e-01 1.750275039843495195e-01 6.873257119106389312e-02 9.766542169887515445e-02 1.376068322276903858e-02 1.172942295071297408e-01 1.198351169130019711e-01 6.669494208268447744e-02 1.855309244450238093e-01 1.288584672131760749e-02 5.832480009542822391e-02 3.311302505735188445e-02 2.827979903930494254e-01 2.276058010819835553e-02 7.455859431803713022e-02 5.059984544638371738e-03 2.587364603142864872e-01 2.555383281282385538e-02 6.113804188745692453e-02 1.049960470252288836e-01 2.685294049395764437e-01 8.167445614368211426e-02 6.416240813340604032e-02 4.425105109919380553e-02 7.963665527771703057e-02 
1.984387081232815708e-01 1.424675360765059184e-01 2.455335152033686352e-01 8.886119538927386707e-03 1.443171730540088460e-01 2.041488962983653566e-01 9.238836776058920522e-03 1.243138110917347758e-02 1.396972302872961647e-01 2.601883820425296423e-01 5.226822405414319889e-02 1.123772812156621503e-01 3.045323579548456921e-02 1.757814096461425210e-02 1.394843520953122640e-01 2.690227858016262519e-01 1.843631688791955853e-02 3.341510727852540219e-01 3.374537346387274789e-02 8.301159784227780600e-03 6.541658167734322460e-02 0.000000000000000000e+00 2.105444131671240782e-01 5.843478438093347993e-01 1.371674545217530794e-01 2.148354540971481041e-01 4.206650496918785676e-01 2.221609005719221153e-01 1.429129874277313417e-01 2.748373422786531406e-01 4.978434957723566479e-01 1.175451849644545133e-01 4.593258413084472247e-01 1.333429992415307852e-01 2.312728111796121533e-01 1.261041181476498518e-01 8.843902718616309527e-03 1.051847859688985337e-01 9.028201846267129571e-02 9.807609274008387279e-02 6.106801383377054998e-02 1.063847564583808858e-01 4.608305124152767274e-02 4.843416528443501845e-02 1.160239491881848162e-01 1.172686274367822634e-01 9.912588524385668176e-02 1.096653695414420565e-01 6.515112889592730716e-02 1.899297021351200321e-01 1.078506592113059326e-01 4.623699705855470465e-02 4.391822743240768323e-02 1.365215761086364943e-02 1.689728225051242150e-01 6.001418719633836579e-02 1.813506794443125181e-01 1.128330259526693150e-02 1.873730279667841503e-01 6.270983337986511807e-02 2.053042712284326998e-01 3.091176153489431228e-02 1.598041748490659775e-01 1.452761391707114991e-01 1.133269644980307578e-01 1.968511338279403944e-01 
1.102194268628691604e-02 3.741923965805396546e-01 3.880515678132577251e-01 3.362660888685272548e-02 3.551867948696319499e-01 1.789515416947631832e-01 8.530348836713837202e-02 1.774542385008152923e-02 2.514983387217593624e-01 4.646227884274531927e-01 1.175257057174748133e-02 3.764016808228378558e-02 3.467234984971575423e-02 9.989782630925242435e-02 1.666717446448807705e-01 8.187323899039419262e-01 1.678902787323184598e-01 3.193434029193150531e-02 6.132146793850012240e-02 5.737468353060385523e-02 9.124636062105329071e-02 2.105444131671240782e-01 0.000000000000000000e+00 5.584569247299222550e-01 2.677413616238714100e-01 6.668263198971326189e-02 1.012511873843821714e-01 1.848588043523908819e-01 1.836649839087233227e-01 6.292719208251668084e-02 9.745132281090421872e-03 3.020318352697221043e-01 3.241957205428094846e-02 5.619741209675670895e-02 1.829621058553191626e-01 1.758604301092673294e-01 2.712100834241482419e-02 3.621896259697788834e-01 2.873641770336073445e-02 8.672331093364149535e-02 3.979214256546822343e-02 1.487932418256453504e-01 3.505502300044143205e-01 1.019113001548152403e-01 7.495233692378472368e-02 6.733712697101006117e-02 5.236012894150970237e-02 1.011534078649206775e-01 4.821373899070992008e-01 2.482100363179455260e-01 7.337520980844478014e-02 2.064116440762364321e-02 1.702482338018663707e-02 2.347232130460622998e-02 6.228294415989860111e-02 6.705764388882142768e-01 5.896031976556616316e-02 2.560847094070223262e-01 3.442704535115350545e-02 2.416878493712906056e-02 1.553159005020505745e-01 1.014962434655084650e-01 1.205097947992941482e-01 1.109128406344109530e-01 3.377940366807789530e-01 1.269516494723046951e-01 
1.106441264173782385e-01 6.221361071291087175e-02 5.080183400273583505e-01 2.092120371013008254e-02 2.584235920454571733e-01 2.317488478691847320e-01 2.965603921082443292e-02 2.225684119419878843e-02 2.203382036946232303e-01 3.406662551993724919e-01 3.463331769276491168e-02 1.364874108892297488e-01 2.150863268964806410e-02 9.182690148870201186e-02 2.041577259147985823e-01 6.836183591224123113e-01 7.482533552130953003e-02 1.473403054313311977e-01 1.284182890892853479e-01 1.957484042803902050e-02 8.408304497914492748e-02 5.843478438093347993e-01 5.584569247299222550e-01 0.000000000000000000e+00 2.251523833735019076e-01 6.332712254452974032e-02 2.796497016405422587e-01 3.108402607155758349e-02 1.590141039102122011e-01 9.160209149053494260e-02 2.718493947319103876e-01 2.446928153588606158e-01 2.007042493205744571e-01 1.337425791985018264e-01 1.490149574954746092e-01 1.025683601831275521e-01 4.876577436157478185e-02 1.342421260691284424e-01 7.420787741403024607e-02 1.181801444272263940e-01 9.356529294864183999e-02 1.060993222360402805e-01 9.142228606680226355e-02 3.460463973429409035e-02 8.185212827542572012e-02 1.057100010036412935e-01 3.300112217429411465e-02 1.122486687428405211e-01 3.106581636900581853e-02 1.898005656521097040e-01 5.964293679035456014e-02 1.446609410724848492e-02 3.522220043019502755e-02 5.801451941230229004e-02 1.752694155776916562e-01 1.438741130105009036e-01 2.087880258200041084e-01 1.075117692821013077e-01 9.464459399316021981e-02 2.055980737346176437e-02 1.749465490979644766e-01 1.579065744226926596e-02 1.595765471381052625e-01 1.441577655522876256e-01 1.557015653563810775e-01 1.893302128069201118e-01 
