0.000000000000000000e+00 5.465604889659428367e-03 1.245922835062149292e-02 4.495900796332755536e-03 1.116628955951926277e-03 8.874261702565307622e-03 5.876994505010137978e-05 6.670388763186506365e-03 8.374717169639446859e-03 7.640092856513178762e-04 1.031412535629279252e-02 1.204783873527078171e-02 1.880638241603244153e-03 1.563280538332696701e-02 8.227792307014192763e-04 6.229614175310746460e-03 1.228291851547118861e-02 2.703417472304663321e-03 1.528018571302635752e-03 4.466515823807705107e-03 1.357585730657341790e-02 4.290205988657400799e-03 3.379271840380829259e-03 5.583144779759631384e-04 8.521642032264700305e-04 4.936675384208515441e-03 2.703417472304663321e-03 9.932120713467133474e-03 9.638270988216625715e-03 7.640092856513178762e-04 1.198906879022068085e-02 1.210660868032088430e-02 7.346243131262672303e-03 5.112985219358819750e-03 4.701595604008110382e-04 1.043166524639299424e-02 3.379271840380829259e-03 1.178337398254532611e-02 9.961505685992183903e-03 9.168111427815815381e-03 1.674943433927889198e-03 5.318680027034174487e-03 4.378360906232552953e-03 3.026652170080221076e-03 2.879727307454967630e-03 2.056948076753548191e-04 1.175398901002027596e-04 8.227792307014192763e-04 2.947312744262584050e-02 5.876994505010137978e-05 1.689635920190414586e-02 9.109341482765713222e-04 8.198407334489142551e-03 2.615262554729511166e-03 9.961505685992183903e-03 1.569157532837706787e-02 9.226881372865916239e-03 6.934853515911962828e-03 2.321412829479004274e-03 1.860068760835708462e-02 5.289295054509123841e-04 4.995445329258617383e-04 5.142370191883870179e-03 7.140548323587317565e-03 7.845787664188533933e-03 3.584966648056183997e-03 
5.465604889659428367e-03 0.000000000000000000e+00 3.173577032705474522e-03 7.933942581763686304e-04 2.203872939378801691e-03 3.026652170080221076e-03 1.328200758132291187e-02 3.643736593106285289e-03 5.788839587434985688e-03 4.260821016132349502e-03 1.478064118010049589e-02 3.232346977755575813e-03 5.730069642384883963e-03 5.201140136933971904e-03 5.788839587434985688e-03 7.904557609238634791e-03 1.395786194939907694e-02 1.469248626252534461e-04 1.287061796597220240e-02 4.202051071082248644e-03 3.291116922805677105e-03 7.199318268637418423e-03 1.633804472392818424e-02 4.084511180982046061e-03 2.762187417354764613e-03 6.435308982986101198e-03 7.669477829038229624e-03 5.876994505010137843e-04 2.615262554729511166e-03 4.819135494108312857e-03 1.107813464194411061e-02 5.700684669859833534e-03 4.143281126032146919e-03 1.389909200434897608e-02 3.526196703006082922e-04 2.262642884428902983e-03 6.170844230260644735e-03 1.066674502659339940e-02 4.466515823807705107e-03 5.083600246833769321e-03 9.990890658517234332e-03 5.406834944609326642e-03 4.730980576533160703e-03 9.315036290441069261e-03 6.964238488437013257e-03 6.494078928036202056e-03 8.786106784990156335e-03 2.438952719579207291e-03 1.351708736152331660e-03 3.673121565631336152e-03 1.181275895507037654e-02 5.230525109459022333e-03 7.992712526813787813e-03 4.701595604008110382e-04 4.407745878757603382e-03 7.316858158737621874e-03 1.002027563104228476e-02 4.143281126032146919e-03 7.787017719138432208e-03 9.256266345390966668e-03 7.346243131262672303e-03 2.703417472304663321e-03 6.670388763186506365e-03 6.846698598336810673e-03 2.056948076753548245e-03 5.289295054509123841e-04 
1.245922835062149292e-02 3.173577032705474522e-03 0.000000000000000000e+00 5.289295054509123841e-04 2.879727307454967630e-03 8.227792307014192763e-04 1.263553818577179549e-02 8.815491757515206764e-03 2.556492609679409875e-03 2.115718021803649537e-03 5.465604889659428367e-03 1.034351032881784295e-02 5.876994505010137843e-03 2.615262554729511166e-03 6.288384120360847318e-03 6.523463900561253352e-03 1.292938791102230325e-02 6.347154065410949043e-03 2.109841027298639538e-02 7.698862801563280921e-03 6.993623460962063686e-03 5.318680027034174487e-03 6.258999147835796889e-03 9.843965795891980453e-03 5.494989862184478796e-03 1.028474038376774122e-03 3.056037142605271505e-03 2.350797802004055191e-04 5.730069642384883963e-03 1.295877288354735368e-02 1.207722370779583387e-02 1.037289530134289338e-02 1.002027563104228476e-02 2.615262554729511166e-03 7.728247774088331350e-03 1.439863653727483815e-03 4.348975933707501657e-03 4.672210631483059845e-03 1.207722370779583387e-02 7.933942581763685220e-03 1.140136933971966707e-02 1.116628955951926277e-03 2.644647527254562029e-03 4.437130851282653811e-03 1.175398901002027596e-04 7.258088213687520149e-03 7.199318268637418423e-03 1.645558461402838553e-03 6.817313625811760244e-03 1.325262260879786144e-02 1.381093708677382306e-03 2.585877582204460737e-03 6.611618818136404639e-03 6.464693955511151844e-04 9.109341482765713222e-04 6.082689312685492580e-03 1.190091387264552956e-02 3.731891510681437443e-03 1.069612999911845157e-02 2.409567747054156429e-03 4.584055713907907691e-03 4.202051071082248644e-03 8.815491757515206764e-04 4.613440686432958120e-03 3.614351620581234860e-03 2.409567747054156429e-03 
4.495900796332755536e-03 7.933942581763686304e-04 5.289295054509123841e-04 0.000000000000000000e+00 1.498633598777585106e-03 2.820957362404866338e-03 4.407745878757603382e-04 3.056037142605271505e-03 3.643736593106285289e-03 1.645558461402838553e-03 2.292027856953953845e-03 4.613440686432958120e-03 5.906379477535188272e-03 4.701595604008110382e-04 1.087243983426875414e-03 9.021186565190561502e-03 3.232346977755575813e-03 6.699773735711556794e-03 1.351708736152331660e-03 3.438041785430930551e-03 9.697040933266727223e-04 5.671299697334783105e-03 5.201140136933971904e-03 7.933942581763685220e-03 4.437130851282653811e-03 2.203872939378801691e-03 3.643736593106285289e-03 5.259910081984073629e-03 2.045194087743527900e-02 9.050571537715611931e-03 1.234168846052128860e-03 1.322323763627281015e-03 3.731891510681437443e-03 6.141459257735594306e-03 2.350797802004055191e-04 9.315036290441069261e-03 1.219476359789603559e-02 4.642825658958008549e-03 4.525285768857805965e-03 2.997267197555170213e-03 4.848520466633363286e-03 1.204783873527078214e-03 4.554670741382856394e-03 1.263553818577179723e-03 2.086333049278599108e-03 1.022597043871763950e-02 8.227792307014192980e-03 1.043166524639299424e-02 8.815491757515206764e-03 7.081778378537215840e-03 6.376539037935999472e-03 3.261731950280626676e-03 7.081778378537215840e-03 9.873350768417030882e-03 5.906379477535188272e-03 2.938497252505068921e-04 4.966060356733566737e-03 5.142370191883870179e-03 3.173577032705474522e-03 9.990890658517234766e-04 3.643736593106285289e-03 1.054920513649319769e-02 7.052393406012165411e-03 1.939408186653345445e-03 1.472187123505039504e-02 1.463371631747524375e-02 
1.116628955951926277e-03 2.203872939378801691e-03 2.879727307454967630e-03 1.498633598777585106e-03 0.000000000000000000e+00 8.051482471863888671e-03 1.386970703182392566e-02 1.146013928476976923e-03 2.509476653639328841e-02 1.410478681202433169e-03 1.175398901002027569e-02 2.762187417354764613e-03 8.198407334489142551e-03 2.321412829479004274e-03 1.801298815785607257e-02 6.082689312685492580e-03 1.871822749845728981e-02 1.257676824072169464e-02 4.231436043607299073e-03 3.555581675531133568e-03 2.321412829479004274e-03 2.938497252505068989e-05 1.469248626252534461e-03 1.087243983426875414e-03 2.644647527254561921e-04 1.207722370779583387e-02 1.624988980635302949e-02 6.611618818136404639e-03 2.938497252505068921e-04 9.403191208016220548e-03 2.997267197555170213e-03 4.231436043607299073e-03 8.462872087214598146e-03 3.731891510681437443e-03 1.398724692192412737e-02 1.325262260879786144e-02 9.579501043166524857e-03 6.053304340160442151e-03 9.697040933266726573e-03 4.113896153507096490e-03 1.175398901002027569e-02 4.084511180982046061e-03 1.375216714172372220e-02 1.528018571302635752e-03 1.228291851547118861e-02 7.375628103787722732e-03 6.288384120360847318e-03 4.995445329258617383e-04 1.436925156474978642e-02 2.938497252505068989e-05 6.934853515911962828e-03 1.057859010901824768e-03 6.494078928036202056e-03 1.181275895507037654e-02 5.348064999559225784e-03 9.961505685992183903e-03 1.113690458699421147e-02 1.466310129000029418e-02 1.733713378977990707e-03 9.344421262966119690e-03 3.584966648056183997e-03 7.081778378537215840e-03 7.992712526813787813e-03 9.932120713467133474e-03 1.381093708677382306e-03 4.466515823807705107e-03 
8.874261702565307622e-03 3.026652170080221076e-03 8.227792307014192763e-04 2.820957362404866338e-03 8.051482471863888671e-03 0.000000000000000000e+00 1.278246304839704937e-02 9.579501043166524857e-03 1.225353354294613818e-02 7.640092856513178762e-04 4.113896153507096381e-04 4.672210631483059845e-03 8.815491757515207306e-05 7.522552966412976612e-03 4.437130851282653811e-03 5.377449972084276213e-03 7.904557609238634791e-03 6.641003790661455936e-03 4.260821016132349502e-03 2.732802444829714184e-03 5.112985219358819750e-03 7.316858158737621874e-03 5.876994505010137978e-05 1.063736005406834897e-02 1.175398901002027569e-03 8.580411977314801597e-03 3.966971290881842610e-03 5.847609532485087414e-03 1.910023214128294799e-03 6.317769092885897747e-03 1.851253269078193507e-03 2.056948076753548245e-03 2.027563104228497382e-03 6.405924010461049901e-03 2.438952719579207291e-03 5.054215274308718892e-03 8.903646675090358051e-03 6.964238488437013257e-03 1.792483324028091999e-03 4.290205988657400799e-03 1.101936469689400802e-02 3.526196703006082706e-03 1.316446769122270842e-02 2.997267197555170213e-03 6.376539037935999472e-03 1.660250947665363810e-02 1.028474038376774122e-03 2.938497252505068921e-03 4.966060356733566737e-03 5.906379477535188272e-03 8.286562252064293838e-03 7.551937938938027041e-03 1.019658546619258907e-02 9.667655960741676144e-03 4.907290411683465012e-03 6.170844230260644735e-03 7.816402691663483504e-03 7.140548323587317565e-03 2.762187417354764613e-03 8.198407334489142551e-03 3.937586318356792181e-03 1.060797508154329855e-02 1.004966060356733519e-02 3.790661455731538735e-03 2.879727307454967630e-03 9.197496400340865810e-03 
5.876994505010137978e-05 1.328200758132291187e-02 1.263553818577179549e-02 4.407745878757603382e-04 1.386970703182392566e-02 1.278246304839704937e-02 0.000000000000000000e+00 1.645558461402838553e-03 9.138726455290764952e-03 5.876994505010137978e-05 7.640092856513179195e-03 1.357585730657341790e-02 1.498633598777585106e-03 1.013781552114248821e-02 4.113896153507096381e-04 7.140548323587317565e-03 2.036378595986012771e-02 2.115718021803649537e-03 1.002027563104228476e-02 8.315947224589344267e-03 9.403191208016220765e-04 9.520731098116423999e-03 6.464693955511151844e-04 1.028474038376774122e-03 5.700684669859833534e-03 1.551526549322676356e-02 1.669066439422879286e-02 2.039317093238517814e-02 1.313508271869765799e-02 1.792483324028091999e-03 3.026652170080221076e-03 3.056037142605271505e-03 2.497722664629308583e-03 2.168610972348740742e-02 1.351708736152331704e-02 1.204783873527078171e-02 6.611618818136404639e-03 1.821868296553142644e-03 8.668566894889952884e-03 2.159795480591225614e-02 4.701595604008110382e-04 1.178337398254532611e-02 1.087243983426875414e-02 1.254738326819664421e-02 1.686697422937909543e-02 5.024830301783667595e-03 1.431048161969968556e-02 1.980547148188416609e-02 4.319590961182451228e-03 1.513326085040110451e-02 2.350797802004055191e-04 4.877905439158414583e-03 3.555581675531133568e-03 5.289295054509124058e-03 4.231436043607299073e-03 3.849431400781640460e-03 2.262642884428902983e-03 1.569157532837706787e-02 9.785195850841879595e-03 1.216537862537098516e-02 1.481002615262554806e-02 8.433487114689547717e-03 1.219476359789603559e-02 1.128382944961946535e-02 5.641914724809732676e-03 6.317769092885897747e-03 
6.670388763186506365e-03 3.643736593106285289e-03 8.815491757515206764e-03 3.056037142605271505e-03 1.146013928476976923e-03 9.579501043166524857e-03 1.645558461402838553e-03 0.000000000000000000e+00 8.521642032264699004e-03 3.232346977755575922e-04 1.469248626252534461e-03 8.257177279539243409e-03 4.672210631483059845e-03 8.786106784990156335e-03 2.438952719579207291e-03 1.263553818577179723e-03 5.583144779759630950e-03 7.904557609238634791e-03 3.820046428256589381e-04 6.317769092885897747e-03 5.201140136933971904e-03 1.557403543827686615e-03 3.144192060180423659e-03 2.321412829479004274e-03 3.996356263406893906e-03 1.242984337809644076e-02 1.469248626252534461e-02 1.137198436719461664e-02 1.263553818577179549e-02 4.055126208456994764e-03 4.407745878757603382e-04 7.728247774088331350e-03 4.407745878757603382e-03 1.907084716875789843e-02 2.615262554729511166e-03 9.256266345390966668e-03 5.818224559960036117e-03 1.410478681202433082e-02 1.034351032881784295e-02 2.791572389879815475e-03 7.963327554288737384e-03 1.204783873527078214e-03 1.525080074050130796e-02 1.093120977931885673e-02 2.115718021803649537e-03 3.643736593106285289e-03 8.227792307014192763e-04 8.404102142164497288e-03 2.083394552026093804e-02 6.023919367635390855e-03 7.081778378537215840e-03 1.439863653727483815e-03 7.316858158737621874e-03 2.585877582204460737e-03 1.248861332314654335e-02 1.572096030090211830e-02 1.657312450412858768e-02 1.563280538332696701e-02 4.701595604008110274e-03 2.142164497076195356e-02 3.408656812905880122e-03 4.995445329258617166e-03 8.962416620140460644e-03 1.096059475184390716e-02 1.146013928476976793e-02 5.259910081984073629e-03 
8.374717169639446859e-03 5.788839587434985688e-03 2.556492609679409875e-03 3.643736593106285289e-03 2.509476653639328841e-02 1.225353354294613818e-02 9.138726455290764952e-03 8.521642032264699004e-03 0.000000000000000000e+00 8.639181922364902455e-03 2.098087038288619366e-02 1.263553818577179549e-02 2.165672475096235700e-02 4.202051071082248644e-03 3.405718315653374906e-02 5.583144779759630950e-03 4.848520466633363286e-03 9.638270988216625715e-03 5.876994505010137978e-05 5.818224559960036117e-03 1.231230348799623904e-02 4.819135494108312857e-03 1.087243983426875414e-03 6.464693955511151627e-03 8.462872087214598146e-03 1.234168846052128947e-02 1.031412535629279252e-02 9.226881372865916239e-03 2.703417472304663321e-03 1.642619964150333553e-02 3.761276483206488306e-03 5.730069642384883963e-03 1.839499280068173162e-02 1.175398901002027569e-03 8.903646675090358051e-03 3.908201345831741752e-03 5.847609532485087414e-03 1.968793159178396091e-03 1.595604008110252520e-02 1.704328406452940061e-03 6.758543680761658519e-03 1.213599365284593473e-02 5.906379477535188272e-03 1.160706414739502181e-02 1.716082395462960319e-02 5.083600246833769321e-03 1.386970703182392566e-02 6.170844230260644301e-04 7.669477829038229624e-03 4.642825658958008549e-03 4.701595604008110382e-04 5.142370191883870179e-03 9.902735740942083045e-03 8.609796949839852026e-03 3.526196703006082922e-04 4.143281126032146919e-03 2.879727307454967630e-03 1.160706414739502181e-02 6.200229202785695164e-03 9.638270988216625715e-03 8.110252416913989529e-03 8.786106784990156335e-03 2.174487966853750828e-03 6.611618818136404639e-03 2.850342334929916767e-03 1.234168846052128860e-03 
7.640092856513178762e-04 4.260821016132349502e-03 2.115718021803649537e-03 1.645558461402838553e-03 1.410478681202433169e-03 7.640092856513178762e-04 5.876994505010137978e-05 3.232346977755575922e-04 8.639181922364902455e-03 0.000000000000000000e+00 1.119567453204431233e-02 4.378360906232552953e-03 5.906379477535188272e-03 1.410478681202433169e-03 9.579501043166524857e-03 2.674032499779612892e-03 9.109341482765713222e-04 7.610707883988128766e-03 5.436219917134377071e-03 1.381093708677382306e-03 1.143075431224471750e-02 2.820957362404866338e-03 6.758543680761658302e-04 2.056948076753548191e-04 1.007904557609238562e-02 3.908201345831741752e-03 1.116628955951926277e-03 3.379271840380829259e-03 5.348064999559225784e-03 1.307631277364755713e-02 1.792483324028091999e-03 1.586788516352737261e-03 7.199318268637418423e-03 1.351708736152331660e-03 6.288384120360847318e-03 1.195968381769563042e-02 9.256266345390966668e-03 1.175398901002027569e-03 0.000000000000000000e+00 3.526196703006082706e-03 3.820046428256589598e-03 3.085422115130322367e-03 4.701595604008110274e-03 1.469248626252534461e-04 2.321412829479004274e-03 2.380182774529106000e-03 2.527107637154359446e-03 2.174487966853750828e-03 0.000000000000000000e+00 1.410478681202433169e-03 1.240045840557139033e-02 1.880638241603244153e-03 1.466310129000029418e-02 1.451617642737504030e-02 5.818224559960036117e-03 2.674032499779612892e-03 5.112985219358819750e-03 6.435308982986101198e-03 1.616173488877787907e-03 1.492756604272574977e-02 1.028474038376774122e-03 5.818224559960036117e-03 7.640092856513178762e-04 6.464693955511151844e-04 4.672210631483059845e-03 7.933942581763686304e-04 
1.031412535629279252e-02 1.478064118010049589e-02 5.465604889659428367e-03 2.292027856953953845e-03 1.175398901002027569e-02 4.113896153507096381e-04 7.640092856513179195e-03 1.469248626252534461e-03 2.098087038288619366e-02 1.119567453204431233e-02 0.000000000000000000e+00 1.328200758132291187e-02 4.613440686432958120e-03 1.636742969645323467e-02 7.728247774088331350e-03 2.732802444829714184e-03 1.087243983426875414e-03 5.583144779759631384e-04 4.113896153507096490e-03 7.346243131262672303e-04 2.292027856953953845e-03 1.049043519144309683e-02 5.142370191883870179e-03 2.556492609679409875e-03 1.007904557609238562e-02 2.909112279980018059e-03 2.879727307454967630e-03 1.404601686697422996e-02 5.876994505010137978e-05 5.054215274308718892e-03 1.645558461402838553e-03 8.639181922364902455e-03 5.906379477535188272e-03 1.043166524639299424e-02 4.407745878757603382e-04 5.700684669859833534e-03 2.879727307454967630e-03 6.876083570861861102e-03 1.357585730657341790e-02 6.376539037935999472e-03 8.903646675090358051e-03 6.053304340160442151e-03 1.498633598777585106e-03 1.081366988921865328e-02 1.107813464194411061e-02 1.651435455907848682e-02 7.640092856513179195e-03 1.354647233404836747e-02 4.730980576533160703e-03 1.184214392759542697e-02 9.726425905791778737e-03 3.966971290881842610e-03 3.379271840380829259e-03 3.996356263406893906e-03 3.202962005230524951e-03 1.998178131703446953e-03 3.144192060180423659e-03 1.616173488877787907e-03 7.346243131262672303e-04 8.404102142164497288e-03 0.000000000000000000e+00 3.056037142605271505e-03 6.611618818136404639e-03 6.464693955511151627e-03 1.821868296553142644e-03 1.210660868032088430e-02 
1.204783873527078171e-02 3.232346977755575813e-03 1.034351032881784295e-02 4.613440686432958120e-03 2.762187417354764613e-03 4.672210631483059845e-03 1.357585730657341790e-02 8.257177279539243409e-03 1.263553818577179549e-02 4.378360906232552953e-03 1.328200758132291187e-02 0.000000000000000000e+00 1.660250947665363810e-02 5.818224559960036117e-03 2.021686109723487557e-02 5.142370191883870179e-03 1.242984337809644076e-02 2.556492609679409875e-03 1.351708736152331660e-03 2.321412829479004274e-03 9.697040933266726573e-03 1.081366988921865328e-02 9.520731098116423999e-03 1.049043519144309683e-02 3.702506538156387014e-03 5.994534395110340426e-03 7.992712526813787813e-03 8.139637389439041693e-03 6.787928653286708948e-03 1.342893244394816575e-02 6.699773735711556794e-03 9.961505685992183903e-03 9.667655960741676144e-03 2.938497252505068921e-04 7.845787664188533933e-03 1.113690458699421147e-02 1.410478681202433082e-02 6.464693955511151627e-03 8.462872087214598146e-03 1.504510593282595322e-02 5.289295054509124058e-03 1.442802150979988901e-02 2.350797802004055191e-04 1.763098351503041353e-03 8.786106784990156335e-03 5.788839587434985688e-03 1.269430813082189809e-02 1.528018571302635839e-02 4.995445329258617166e-03 1.754282859745526224e-02 3.349886867855778397e-03 6.141459257735594306e-03 4.907290411683465012e-03 7.963327554288737384e-03 3.526196703006082922e-04 3.937586318356792181e-03 9.697040933266727223e-04 8.815491757515206764e-04 8.815491757515207306e-05 5.876994505010137843e-03 6.817313625811760244e-03 7.169933296112367994e-03 9.550116070641474428e-03 6.494078928036202056e-03 8.815491757515206764e-03 1.016720049366753864e-02 
1.880638241603244153e-03 5.730069642384883963e-03 5.876994505010137843e-03 5.906379477535188272e-03 8.198407334489142551e-03 8.815491757515207306e-05 1.498633598777585106e-03 4.672210631483059845e-03 2.165672475096235700e-02 5.906379477535188272e-03 4.613440686432958120e-03 1.660250947665363810e-02 0.000000000000000000e+00 1.066674502659339940e-02 1.833622285563163076e-02 1.492756604272574977e-02 2.292027856953953845e-03 5.876994505010137843e-03 3.820046428256589381e-04 2.791572389879815475e-03 1.498633598777585063e-02 6.435308982986101198e-03 4.672210631483059845e-03 1.304692780112250670e-02 7.757632746613381779e-03 6.699773735711556794e-03 9.520731098116423999e-03 1.633804472392818424e-02 6.758543680761658519e-03 1.980547148188416609e-02 6.494078928036202056e-03 6.435308982986101198e-03 8.727336839940055477e-03 1.789544826775587086e-02 6.141459257735594306e-03 4.143281126032146919e-03 3.467426757955981414e-03 3.584966648056183997e-03 1.113690458699421147e-02 2.033440098733507728e-02 1.193029884517057999e-02 2.327289823984014447e-02 2.497722664629308583e-03 9.550116070641474428e-03 8.844876730040257193e-03 1.930592694895830186e-02 9.902735740942083045e-03 2.603508565719490908e-02 1.087243983426875414e-02 9.843965795891980453e-03 6.876083570861861102e-03 3.526196703006082922e-04 1.498633598777585063e-02 2.644647527254562029e-03 4.084511180982046061e-03 4.319590961182451228e-03 3.820046428256589598e-03 7.081778378537215840e-03 9.285651317916017097e-03 1.278246304839704937e-02 1.216537862537098516e-02 2.262642884428902983e-03 2.054009579501043029e-02 7.081778378537215840e-03 1.528018571302635752e-03 2.062825071258558504e-02 
1.563280538332696701e-02 5.201140136933971904e-03 2.615262554729511166e-03 4.701595604008110382e-04 2.321412829479004274e-03 7.522552966412976612e-03 1.013781552114248821e-02 8.786106784990156335e-03 4.202051071082248644e-03 1.410478681202433169e-03 1.636742969645323467e-02 5.818224559960036117e-03 1.066674502659339940e-02 0.000000000000000000e+00 1.865945755340718895e-02 7.405013076312774029e-03 5.259910081984073629e-03 7.052393406012165411e-03 1.019658546619258907e-02 4.113896153507096381e-04 7.698862801563280921e-03 8.697951867415003313e-03 1.351708736152331660e-03 9.197496400340865810e-03 2.262642884428902983e-03 1.522141576797625753e-02 9.785195850841879595e-03 1.798360318533102215e-02 8.668566894889952884e-03 1.475125620757544546e-02 7.610707883988128766e-03 2.321412829479004274e-03 1.025535541124268993e-02 5.083600246833769321e-03 9.109341482765713222e-04 1.028474038376774122e-03 1.190091387264552956e-02 8.286562252064293838e-03 1.763098351503041461e-04 1.307631277364755713e-02 1.733713378977990707e-03 1.569157532837706787e-02 1.146013928476976923e-03 6.053304340160442151e-03 5.348064999559225784e-03 1.939408186653345445e-03 4.172666098557198215e-03 1.425171167464958470e-02 1.821868296553142644e-03 1.178337398254532611e-02 2.879727307454967630e-03 9.138726455290764952e-03 6.934853515911962828e-03 1.577973024595221915e-02 7.933942581763686304e-04 2.233257911903852554e-03 7.493167993887925316e-03 5.348064999559225784e-03 3.291116922805677105e-03 1.216537862537098516e-02 4.025741235931944335e-03 1.225353354294613818e-02 6.993623460962063686e-03 8.903646675090358051e-03 1.792483324028091999e-03 9.050571537715611931e-03 
8.227792307014192763e-04 5.788839587434985688e-03 6.288384120360847318e-03 1.087243983426875414e-03 1.801298815785607257e-02 4.437130851282653811e-03 4.113896153507096381e-04 2.438952719579207291e-03 3.405718315653374906e-02 9.579501043166524857e-03 7.728247774088331350e-03 2.021686109723487557e-02 1.833622285563163076e-02 1.865945755340718895e-02 0.000000000000000000e+00 8.110252416913989529e-03 1.292938791102230369e-03 3.408656812905880122e-03 2.262642884428902983e-03 1.263553818577179723e-03 1.043166524639299424e-02 8.257177279539243409e-03 2.380182774529106000e-03 9.755810878316829166e-03 4.202051071082248644e-03 7.434398048837824458e-03 2.203872939378801691e-03 8.345332197114396430e-03 2.850342334929916767e-03 4.378360906232552953e-03 3.085422115130322367e-03 1.586788516352737261e-03 6.023919367635390855e-03 1.557403543827686442e-02 1.163644911992007223e-02 4.554670741382856394e-03 3.761276483206488306e-03 3.702506538156387014e-03 2.397813758044136170e-02 7.169933296112367994e-03 7.728247774088331350e-03 8.815491757515206764e-04 1.204783873527078171e-02 7.757632746613381779e-03 1.195968381769563042e-02 1.927654197643325143e-02 7.787017719138432208e-03 1.545649554817666270e-02 5.083600246833769321e-03 1.234168846052128947e-02 9.021186565190561502e-03 8.404102142164497288e-03 5.876994505010137843e-03 6.876083570861861102e-03 8.727336839940055477e-03 4.701595604008110382e-04 1.057859010901824768e-03 1.910023214128294799e-03 7.052393406012165845e-04 1.757221356998031267e-02 1.351708736152331704e-02 2.174487966853750828e-03 1.454556139990009073e-02 8.169022361964092122e-03 2.497722664629308583e-03 1.410478681202433082e-02 
6.229614175310746460e-03 7.904557609238634791e-03 6.523463900561253352e-03 9.021186565190561502e-03 6.082689312685492580e-03 5.377449972084276213e-03 7.140548323587317565e-03 1.263553818577179723e-03 5.583144779759630950e-03 2.674032499779612892e-03 2.732802444829714184e-03 5.142370191883870179e-03 1.492756604272574977e-02 7.405013076312774029e-03 8.110252416913989529e-03 0.000000000000000000e+00 1.175398901002027569e-02 1.648496958655343639e-02 1.146013928476976793e-02 8.815491757515206764e-03 1.622050483382797906e-02 6.405924010461049901e-03 1.745467367988011095e-02 3.085422115130322367e-03 1.469248626252534461e-03 3.320501895330727968e-03 2.350797802004055137e-03 5.112985219358819750e-03 4.730980576533160703e-03 1.616173488877787907e-03 4.407745878757603382e-03 9.961505685992183903e-03 5.318680027034174487e-03 3.673121565631336152e-03 2.459522200346742765e-02 1.633804472392818424e-02 1.548588052070171313e-02 4.378360906232552953e-03 6.993623460962063686e-03 1.384032205929887523e-02 3.820046428256589598e-03 1.134259939466956621e-02 3.056037142605271505e-03 1.195968381769563042e-02 2.762187417354764613e-03 5.083600246833769321e-03 1.842437777320678205e-02 1.428109664717463513e-02 2.674032499779612892e-03 1.254738326819664421e-02 6.758543680761658302e-04 2.967882225030119784e-03 1.146013928476976923e-03 1.830683788310658033e-02 5.112985219358819750e-03 3.731891510681437443e-03 2.380182774529106000e-03 6.405924010461049901e-03 1.557403543827686615e-03 7.052393406012165845e-04 2.124533513561164752e-02 4.143281126032146919e-03 1.037289530134289338e-02 2.527107637154359446e-03 2.321412829479004274e-03 1.551526549322676356e-02 
1.228291851547118861e-02 1.395786194939907694e-02 1.292938791102230325e-02 3.232346977755575813e-03 1.871822749845728981e-02 7.904557609238634791e-03 2.036378595986012771e-02 5.583144779759630950e-03 4.848520466633363286e-03 9.109341482765713222e-04 1.087243983426875414e-03 1.242984337809644076e-02 2.292027856953953845e-03 5.259910081984073629e-03 1.292938791102230369e-03 1.175398901002027569e-02 0.000000000000000000e+00 1.087243983426875414e-03 7.405013076312774029e-03 3.026652170080221076e-03 1.175398901002027569e-03 5.348064999559225784e-03 1.704328406452940061e-03 7.169933296112367994e-03 6.200229202785695164e-03 1.272369310334694852e-02 8.227792307014192980e-03 1.483941112515059849e-02 6.435308982986101198e-03 4.760365549058211999e-03 1.087243983426875414e-03 1.498633598777585106e-03 1.674943433927889198e-03 2.139225999823690313e-02 1.431048161969968556e-02 1.022597043871763950e-02 1.043166524639299424e-02 1.351708736152331660e-03 1.557403543827686442e-02 2.236196409156357423e-02 9.697040933266727223e-04 1.128382944961946535e-02 7.169933296112367994e-03 9.109341482765712789e-03 8.110252416913989529e-03 1.789544826775587086e-02 1.098997972436895759e-02 1.792483324028092129e-02 4.701595604008110274e-03 1.760159854250536310e-02 1.733713378977990707e-03 1.386970703182392566e-02 8.169022361964092122e-03 9.256266345390966668e-03 9.109341482765713222e-04 2.997267197555170213e-03 6.112074285210543009e-03 1.075489994416855243e-02 3.349886867855778397e-03 1.921777203138315057e-02 1.595604008110252520e-02 1.821868296553142644e-03 1.319385266374775885e-02 5.083600246833769321e-03 6.200229202785695164e-03 6.641003790661455936e-03 
2.703417472304663321e-03 1.469248626252534461e-04 6.347154065410949043e-03 6.699773735711556794e-03 1.257676824072169464e-02 6.641003790661455936e-03 2.115718021803649537e-03 7.904557609238634791e-03 9.638270988216625715e-03 7.610707883988128766e-03 5.583144779759631384e-04 2.556492609679409875e-03 5.876994505010137843e-03 7.052393406012165411e-03 3.408656812905880122e-03 1.648496958655343639e-02 1.087243983426875414e-03 0.000000000000000000e+00 1.763098351503041353e-03 6.258999147835796889e-03 5.935764450060239568e-03 1.078428491669360285e-02 1.072551497164350200e-02 7.904557609238634791e-03 3.614351620581234860e-03 4.202051071082248644e-03 2.086333049278599108e-03 3.673121565631336152e-03 1.331139255384796230e-02 3.820046428256589598e-03 3.996356263406893906e-03 8.815491757515206764e-03 1.410478681202433169e-03 1.498633598777585063e-02 1.707266903705445191e-02 4.407745878757603382e-03 1.146013928476976793e-02 1.630865975140313381e-02 6.729158708236608090e-03 9.697040933266726573e-03 5.054215274308718892e-03 2.350797802004055137e-03 1.557403543827686442e-02 4.642825658958008549e-03 5.965149422585289997e-03 1.654373953160353725e-02 1.292938791102230369e-03 8.051482471863888671e-03 1.522141576797625753e-02 6.494078928036202056e-03 4.760365549058211999e-03 9.638270988216625715e-03 3.085422115130322367e-03 1.087243983426875414e-02 6.699773735711556794e-03 5.524374834709529225e-03 1.598542505362757563e-02 1.143075431224471750e-02 4.936675384208515441e-03 2.203872939378801691e-03 1.240045840557139033e-02 5.377449972084276213e-03 1.760159854250536310e-02 1.069612999911845157e-02 1.724897887220475448e-02 8.844876730040257193e-03 
1.528018571302635752e-03 1.287061796597220240e-02 2.109841027298639538e-02 1.351708736152331660e-03 4.231436043607299073e-03 4.260821016132349502e-03 1.002027563104228476e-02 3.820046428256589381e-04 5.876994505010137978e-05 5.436219917134377071e-03 4.113896153507096490e-03 1.351708736152331660e-03 3.820046428256589381e-04 1.019658546619258907e-02 2.262642884428902983e-03 1.146013928476976793e-02 7.405013076312774029e-03 1.763098351503041353e-03 0.000000000000000000e+00 3.379271840380829259e-03 1.439863653727483815e-03 7.698862801563280921e-03 1.639681466897828510e-02 1.616173488877787820e-02 8.198407334489142551e-03 6.053304340160442151e-03 2.350797802004055137e-03 9.755810878316829166e-03 8.198407334489142551e-03 4.584055713907907691e-03 1.851253269078193507e-03 4.760365549058211999e-03 3.673121565631336152e-03 1.454556139990009073e-02 8.521642032264699004e-03 2.585877582204460737e-03 2.127472010813669795e-02 3.232346977755575922e-04 1.231230348799623904e-02 1.645558461402838553e-03 1.213599365284593473e-02 4.084511180982046061e-03 9.315036290441069261e-03 8.756721812465105906e-03 1.851253269078193507e-03 4.701595604008110274e-03 6.964238488437013257e-03 1.342893244394816575e-02 5.259910081984073629e-03 5.230525109459022333e-03 2.997267197555170213e-03 6.112074285210543009e-03 3.731891510681437443e-03 1.046105021891804467e-02 7.963327554288737384e-03 2.938497252505068989e-05 6.582233845611354210e-03 1.260615321324674507e-02 2.850342334929916767e-03 1.880638241603244153e-03 3.584966648056183997e-03 1.093120977931885673e-02 1.742528870735505706e-02 9.961505685992183903e-03 4.025741235931944335e-03 1.037289530134289338e-02 
4.466515823807705107e-03 4.202051071082248644e-03 7.698862801563280921e-03 3.438041785430930551e-03 3.555581675531133568e-03 2.732802444829714184e-03 8.315947224589344267e-03 6.317769092885897747e-03 5.818224559960036117e-03 1.381093708677382306e-03 7.346243131262672303e-04 2.321412829479004274e-03 2.791572389879815475e-03 4.113896153507096381e-04 1.263553818577179723e-03 8.815491757515206764e-03 3.026652170080221076e-03 6.258999147835796889e-03 3.379271840380829259e-03 0.000000000000000000e+00 2.056948076753548245e-03 5.259910081984073629e-03 9.021186565190561502e-03 1.545649554817666270e-02 1.674943433927889198e-03 9.697040933266727223e-04 2.556492609679409875e-03 1.007904557609238562e-02 1.160706414739502181e-02 2.938497252505068989e-05 3.379271840380829259e-03 1.322323763627281015e-03 5.083600246833769321e-03 8.315947224589344267e-03 2.203872939378801691e-03 2.086333049278599108e-03 1.813052804795627429e-02 1.360524227909846832e-02 1.119567453204431233e-02 3.702506538156387014e-03 5.583144779759630950e-03 2.938497252505068921e-03 1.577973024595221915e-02 1.463371631747524375e-02 1.066674502659339940e-02 1.281184802092209980e-02 7.346243131262672303e-04 7.258088213687520149e-03 3.114807087655373230e-03 3.320501895330727968e-03 2.644647527254561921e-04 2.233257911903852554e-03 2.409567747054156429e-03 1.245922835062149292e-02 4.877905439158414583e-03 1.733713378977990707e-03 7.757632746613381779e-03 1.466310129000029418e-02 3.643736593106285289e-03 2.174487966853750828e-03 2.174487966853750828e-03 8.815491757515206764e-03 1.248861332314654335e-02 8.786106784990156335e-03 5.171755164408921475e-03 6.053304340160442151e-03 
1.357585730657341790e-02 3.291116922805677105e-03 6.993623460962063686e-03 9.697040933266727223e-04 2.321412829479004274e-03 5.112985219358819750e-03 9.403191208016220765e-04 5.201140136933971904e-03 1.231230348799623904e-02 1.143075431224471750e-02 2.292027856953953845e-03 9.697040933266726573e-03 1.498633598777585063e-02 7.698862801563280921e-03 1.043166524639299424e-02 1.622050483382797906e-02 1.175398901002027569e-03 5.935764450060239568e-03 1.439863653727483815e-03 2.056948076753548245e-03 0.000000000000000000e+00 1.069612999911845157e-02 1.392847697687402651e-02 7.757632746613381779e-03 8.257177279539243409e-03 5.112985219358819750e-03 1.469248626252534461e-04 1.204783873527078214e-03 8.462872087214598146e-03 2.159795480591225614e-02 2.909112279980018059e-03 5.289295054509124058e-03 1.210660868032088430e-02 1.034351032881784295e-02 3.114807087655373230e-03 8.815491757515207306e-05 5.377449972084276213e-03 2.615262554729511166e-03 1.821868296553142644e-03 3.790661455731538735e-03 9.961505685992183903e-03 9.079956510240662360e-03 7.640092856513178762e-04 4.437130851282653811e-03 3.349886867855778397e-03 1.322323763627280928e-02 6.641003790661455936e-03 1.433986659222473599e-02 1.034351032881784295e-02 2.115718021803649537e-03 3.526196703006082706e-03 3.232346977755575922e-04 1.363462725162352049e-02 0.000000000000000000e+00 7.757632746613381779e-03 4.407745878757603382e-04 5.612529752284681379e-03 1.939408186653345445e-03 3.085422115130322367e-03 9.814580823366930024e-03 6.817313625811760244e-03 1.004966060356733519e-02 7.992712526813787813e-03 5.730069642384883963e-03 3.408656812905880122e-03 1.093120977931885673e-02 
4.290205988657400799e-03 7.199318268637418423e-03 5.318680027034174487e-03 5.671299697334783105e-03 2.938497252505068989e-05 7.316858158737621874e-03 9.520731098116423999e-03 1.557403543827686615e-03 4.819135494108312857e-03 2.820957362404866338e-03 1.049043519144309683e-02 1.081366988921865328e-02 6.435308982986101198e-03 8.697951867415003313e-03 8.257177279539243409e-03 6.405924010461049901e-03 5.348064999559225784e-03 1.078428491669360285e-02 7.698862801563280921e-03 5.259910081984073629e-03 1.069612999911845157e-02 0.000000000000000000e+00 1.792483324028091999e-03 5.876994505010137978e-05 2.938497252505068921e-04 8.080867444388939100e-03 6.846698598336810673e-03 2.262642884428902983e-03 1.880638241603244153e-03 1.216537862537098516e-02 4.113896153507096490e-03 8.815491757515207306e-05 1.745467367988011095e-02 2.056948076753548191e-04 2.962005230525109611e-02 1.842437777320678205e-02 2.056948076753548191e-04 4.789750521583262428e-03 4.936675384208515441e-03 1.598542505362757563e-02 9.638270988216625715e-03 5.876994505010137978e-05 7.023008433487114982e-03 3.731891510681437443e-03 1.401663189444917954e-02 3.673121565631336152e-03 1.348770238899826661e-02 1.792483324028091999e-03 7.904557609238634791e-03 1.445740648232493944e-02 1.248861332314654335e-02 8.933031647615410215e-03 6.376539037935999472e-03 1.028474038376774122e-03 1.184214392759542697e-02 9.461961153066321406e-03 2.967882225030119784e-03 8.727336839940055477e-03 1.439863653727483815e-03 7.875172636713584362e-03 2.488907172871793194e-02 1.257676824072169464e-02 6.170844230260644735e-03 2.380182774529106000e-03 5.876994505010137978e-05 1.263553818577179723e-03 
3.379271840380829259e-03 1.633804472392818424e-02 6.258999147835796889e-03 5.201140136933971904e-03 1.469248626252534461e-03 5.876994505010137978e-05 6.464693955511151844e-04 3.144192060180423659e-03 1.087243983426875414e-03 6.758543680761658302e-04 5.142370191883870179e-03 9.520731098116423999e-03 4.672210631483059845e-03 1.351708736152331660e-03 2.380182774529106000e-03 1.745467367988011095e-02 1.704328406452940061e-03 1.072551497164350200e-02 1.639681466897828510e-02 9.021186565190561502e-03 1.392847697687402651e-02 1.792483324028091999e-03 0.000000000000000000e+00 2.762187417354764613e-03 2.820957362404866338e-03 2.909112279980018059e-03 8.080867444388939100e-03 1.104874966941905845e-02 5.054215274308718892e-03 1.087243983426875414e-03 4.701595604008110382e-04 1.204783873527078214e-03 7.346243131262672303e-04 3.408656812905880122e-03 1.489818107020069934e-02 1.460433134495019332e-02 1.616173488877787820e-02 3.702506538156387014e-03 3.731891510681437443e-03 8.227792307014192980e-03 1.939408186653345445e-03 4.055126208456994764e-03 4.672210631483059845e-03 3.026652170080221076e-03 8.639181922364902455e-03 5.730069642384883963e-03 1.510387587787605408e-02 3.937586318356792181e-03 7.992712526813787813e-03 8.580411977314801597e-03 6.141459257735594306e-03 6.934853515911962828e-03 8.051482471863888671e-03 1.522141576797625753e-02 6.023919367635390855e-03 1.704328406452940061e-03 3.761276483206488306e-03 7.287473186212570578e-03 2.086333049278599108e-03 3.526196703006082706e-03 1.010843054861743778e-02 6.993623460962063686e-03 4.407745878757603382e-04 2.527107637154359446e-03 9.697040933266726573e-03 8.874261702565307622e-03 
5.583144779759631384e-04 4.084511180982046061e-03 9.843965795891980453e-03 7.933942581763685220e-03 1.087243983426875414e-03 1.063736005406834897e-02 1.028474038376774122e-03 2.321412829479004274e-03 6.464693955511151627e-03 2.056948076753548191e-04 2.556492609679409875e-03 1.049043519144309683e-02 1.304692780112250670e-02 9.197496400340865810e-03 9.755810878316829166e-03 3.085422115130322367e-03 7.169933296112367994e-03 7.904557609238634791e-03 1.616173488877787820e-02 1.545649554817666270e-02 7.757632746613381779e-03 5.876994505010137978e-05 2.762187417354764613e-03 0.000000000000000000e+00 2.820957362404866338e-03 1.210660868032088430e-02 9.785195850841879595e-03 9.109341482765713222e-04 4.819135494108312857e-03 2.350797802004055137e-03 2.585877582204460737e-03 8.756721812465105906e-03 4.966060356733566737e-03 1.586788516352737261e-03 2.903235285475008060e-02 1.498633598777585063e-02 2.009932120713467038e-02 8.815491757515207306e-05 1.915900208633304971e-02 1.763098351503041353e-02 5.377449972084276213e-03 4.701595604008110274e-03 5.700684669859833534e-03 5.171755164408921475e-03 6.376539037935999472e-03 1.616173488877787907e-03 1.422232670212453427e-02 4.672210631483059845e-03 3.761276483206488306e-03 1.363462725162352049e-02 5.788839587434985688e-03 5.201140136933971904e-03 1.140136933971966707e-02 1.801298815785607257e-02 1.034351032881784295e-02 2.674032499779612892e-03 1.060797508154329855e-02 8.022097499338838242e-03 1.084305486174370371e-02 4.995445329258617383e-04 2.394875260791631127e-02 9.168111427815815381e-03 2.438952719579207291e-03 3.526196703006082706e-03 1.093120977931885673e-02 7.816402691663483504e-03 
