0.000000000000000000e+00 1.281906039755545575e-02 1.038519887227762478e-01 2.721777845258669393e-01 3.506433196026583626e-02 1.839755758504078159e-02 2.964823881941123784e-01 6.147827274209211046e-01 1.612541616242082476e-01 2.977040728503274059e-01 3.206867743153444805e-01 2.302629857876465139e-02 5.268981860583544785e-01 1.888884734413869004e-02 4.409727662344957166e-01 2.407388547876411489e-02 2.777513305676701516e-01 8.737559321144588997e-02 1.882033639824090276e-01 2.772640712745434999e-01 3.042041107051447479e-01 2.371178265641279148e-01 2.116414587722913188e-02 1.468505417030781801e-01 1.852418468830326070e-01 1.152965821862321077e-01 1.985330417006659076e-01 3.396192295337893685e-02 1.393773931743298444e-01 7.257827625428771023e-01 6.367275081618315458e-01 2.103520547602447111e-01 6.355019259166352352e-01 1.984442633240608156e-01 2.431684200328067258e-02 1.288902743815364786e-02 3.150648112947865981e-02 1.626807220077905458e-01 9.327541197076898161e-03 2.153122380432288541e-01 8.947937729449782773e-02 1.648637299334693440e-01 1.373676020373777729e-01 4.554504849038108066e-03 2.446639716774738973e-02 1.766805898058702862e-01 3.150839639603175008e-02 2.142170222889719922e-01 1.023874721561973539e-01 3.071903638743044840e-01 5.909442102925705625e-02 4.829613291837259875e-02 2.897890745392594364e-02 3.223511592818757709e-02 1.367084514487055535e-01 7.374627316794103715e-02 1.413698999722267924e-01 8.197137839388130010e-02 6.473591914939616498e-02 2.463320849329268467e-02 8.821978700017345590e-03 5.354215009225334748e-02 2.364034868310921078e-01 1.564502564748285751e-01 1.921508581338079724e-01 2.791650683099921038e-01 
1.281906039755545575e-02 0.000000000000000000e+00 3.742017712661327433e-01 1.146547283376593285e-01 1.847876341319789617e-01 1.668144704782064669e-01 7.303163928224705968e-03 3.829810154753848089e-02 1.132551070779888591e-01 9.207987648173587836e-02 9.379857145907970206e-02 1.020305870784809360e-01 8.835401057535187397e-02 4.263447435873365249e-02 2.134953978845642239e-02 1.766435377980057619e-01 4.174521543588768230e-02 1.397862267316107854e-01 1.032731669326748813e-01 1.372632274396376473e-01 1.543521193137040171e-01 9.334762168334995169e-02 3.552303319851558561e-01 1.059918336182615051e-01 1.875414583220474107e-01 4.316370927625052256e-01 2.993927723952083952e-01 7.492961086539857707e-01 1.502918829147885937e-01 9.690838938367798971e-02 5.777670656888133499e-02 1.904012707883425415e-01 8.489573591492652338e-02 2.436801499233563414e-02 6.489795074490811722e-01 1.086130677421135865e-01 8.460372155996657983e-02 2.242088183140016067e-01 1.321521324053261670e-01 9.424387909458720181e-02 1.215134545667691246e-02 1.466872105555990236e-01 1.025858511893331104e-01 8.737326739468467482e-03 2.189112520954780428e-01 1.397114708885459355e-01 1.463632864866454553e-01 4.504548652887388482e-02 1.005128381503070656e-01 3.976545657524732658e-02 2.952452860948819868e-01 2.370418687393592849e-01 2.399532310384645539e-01 9.263794300137377646e-02 1.475518094047762185e-01 2.619003937289232087e-01 2.069495234807680883e-01 1.531534721703180779e-01 1.739379852748815791e-01 3.711963879214513762e-02 5.225017667872844385e-01 1.720845060464712417e-01 5.736388798478960632e-02 2.062436926037013174e-02 2.230032901147250834e-01 7.600299166271134998e-02 
1.038519887227762478e-01 3.742017712661327433e-01 0.000000000000000000e+00 3.420616013422873858e-02 2.914758904683302787e-01 1.973434284298100638e-01 1.516308400426391242e-02 1.235236043955390689e-02 2.656785663276005072e-01 1.159233830448511277e-01 5.058956293884923211e-02 3.718102378877742586e-02 1.121302764867416688e-02 5.272331904077253578e-02 2.026780688630011595e-01 2.413088613274481098e-01 5.351581616418075657e-03 1.111468334834573579e-01 7.566949218098365654e-03 2.293435280019213290e-02 7.584363106708945368e-02 2.553092479284503336e-01 3.597136397980437161e-01 4.921990923455481504e-01 3.913884870467720933e-02 2.113971788189415030e-02 9.745153888536870271e-03 2.087240275268013590e-01 3.754526137612140824e-02 1.063773847854122129e-02 1.341795141017228243e-01 3.080061732434899446e-01 7.351364409566894798e-02 4.112570589663015058e-02 2.335885390748094342e-02 1.727240631093467926e-01 1.091971295356131827e-02 1.121842492562175886e-01 9.878331617068752957e-02 6.719753536053456322e-02 1.266457238287012343e-02 8.832423043337138402e-02 3.733849310182010828e-02 1.919161866449315898e-02 1.470599210837697512e-01 6.506572385798466140e-02 1.515193904395317759e-01 6.192557503174990485e-02 2.795306568937687072e-02 9.334055005970071095e-02 1.333162505590418656e-01 7.950009094531032550e-02 9.089737861371294247e-02 1.880170376723360251e-02 1.384892744745728488e-01 9.062697778543070404e-02 1.974183694316448967e-01 4.771728182182158329e-02 1.722251966340893614e-01 9.662736925601901616e-02 1.373535059125418623e-01 1.285495651426291075e-02 7.114166825965362317e-02 5.168097244409260854e-02 1.387374784555193696e-01 9.542520409493722433e-02 
2.721777845258669393e-01 1.146547283376593285e-01 3.420616013422873858e-02 0.000000000000000000e+00 4.548725057796092208e-02 7.686387118774301586e-02 1.108705505686759935e-01 2.839462961689251941e-01 2.628063075535781723e-02 4.717604472544488781e-01 9.800381407702346559e-02 6.129199189026558053e-02 4.868547638021051283e-01 4.594225531366524090e-02 1.548738749291239669e-01 1.075346716113521200e-01 4.982641485962265721e-02 3.906387615080423453e-02 4.195000346179632994e-02 3.170839952363186526e-02 8.259864039909932121e-01 5.350401348458010825e-02 5.706076585763342895e-02 1.688642513611122650e-02 6.244811930771344555e-01 2.373102657428830323e-02 1.012299645760175587e-01 1.316333692899271934e-01 4.379877739587751395e-01 2.507548146146064694e-01 2.334112278627580306e-01 9.679694389902206847e-03 2.242931895499830353e-01 1.651678491502055202e-01 1.352179538561248673e-01 5.265029945938400069e-02 4.116982367742070270e-01 6.814090156088699335e-02 3.498782876629821098e-02 3.153233194114273830e-01 6.449247622615572606e-02 1.547038337913224926e-01 2.306434899589286103e-01 2.252260300715457422e-02 8.598461866366953824e-03 7.130742288196875722e-02 3.195705497274071299e-02 1.233335334035045028e-01 7.867990556963957993e-02 2.539621640783533696e-01 2.041490144172833712e-02 2.471336555018121411e-02 9.858483150711735976e-03 2.116041323447955258e-01 2.414794118002929618e-02 5.499822300794967450e-02 2.916518897528394549e-02 3.335199177419072014e-01 2.154575449822897573e-02 1.074543010921534397e-01 1.432834295024240367e-01 3.274372366639466403e-01 9.460186564625724936e-02 4.612090561001874756e-02 6.949891594967752551e-02 7.498017189797508142e-02 
3.506433196026583626e-02 1.847876341319789617e-01 2.914758904683302787e-01 4.548725057796092208e-02 0.000000000000000000e+00 1.927128362929169392e-01 3.781387388508646308e-01 3.251051889153640240e-02 7.509254840288225319e-01 1.562479134878158871e-01 1.338600585440227753e-01 2.478922680143371138e-01 1.221266458661362797e-01 1.019990428927771975e-01 3.641754861715897351e-01 2.432227091922487261e-01 4.950528727678201180e-01 1.538750584506781149e-01 7.266879050706658016e-02 2.225548285786656810e-01 2.878246663906671235e-02 2.064426221147535878e-01 3.435711743129329920e-01 2.895598269969641980e-01 1.197296339797774278e-01 1.358678690556264501e-01 1.448708594664946392e-01 1.723378468692308291e-02 1.063392285685602623e-01 1.976585924551185758e-01 8.223807887211313783e-02 6.404045428465316991e-01 1.590018761980758200e-01 2.190114814250255226e-01 1.235091929808362771e-01 1.045245795317713000e-01 6.483578900259634459e-02 4.001473310100704672e-02 5.750301244664515060e-02 8.507727757357262666e-02 1.318630453601465913e-01 8.999395695352603586e-02 3.092291764448492075e-01 2.410020369220369080e-02 1.372050058885186316e-02 1.578679575904370080e-01 8.698586066134417205e-02 1.638331178055886517e-01 1.736870636400497103e-01 1.733099468745911143e-01 1.353600755934010746e-01 1.908120215105610709e-02 5.319463529566818838e-02 7.864958652010142076e-03 1.610677528354410581e-01 2.980625975395578275e-01 1.886341662478225600e-01 1.717778217108912597e-01 8.700726593172582179e-02 9.227558826935017278e-03 7.350739969686362341e-02 8.885487957442618490e-02 2.277495625421964431e-01 1.669443158577749442e-01 3.326943119684586808e-02 2.739252401537189963e-01 
1.839755758504078159e-02 1.668144704782064669e-01 1.973434284298100638e-01 7.686387118774301586e-02 1.927128362929169392e-01 0.000000000000000000e+00 1.327578151823222974e-01 8.619126109130020516e-03 2.466132268495302704e-01 2.043279483331412461e-01 5.557583221966342496e-03 2.388863774053764377e-01 2.298672393176763931e-02 3.991875214864981092e-01 2.697706299167511590e-01 2.050831215920899120e-01 1.490746277250462326e-01 1.550314785793107386e-01 2.971098008163147730e-02 3.676959964880707060e-02 6.204451641654779026e-02 2.027792825357638273e-01 2.317418888677985067e-01 2.494352597066787081e-01 1.741054885884559811e-01 6.056392495751706795e-01 4.218913735950015065e-01 4.039030862259658239e-01 9.362928977450868384e-02 3.905100592811472371e-02 9.296906080404804262e-02 3.062272966860780654e-01 8.886584638907417399e-02 5.195944028272030807e-02 2.203253247008795657e-01 1.385879124166379539e-01 1.252836373962365468e-01 4.686218107114381581e-02 6.139208678425062127e-01 9.336505329089795496e-03 6.889817213951865416e-02 1.063277138307419240e-01 2.509754556323132157e-01 4.026726505052584393e-02 2.278779205383221207e-01 8.442911973634868728e-02 3.668193883671027056e-01 8.152455164136571120e-02 1.692412383617286908e-01 6.192204244657870810e-02 2.301074466938866914e-01 6.471586137088947144e-02 1.393684405941653937e-01 9.279626721335648698e-02 9.858568194463829260e-02 2.084371789535266473e-01 2.116686950633824837e-01 2.296883390909512657e-01 5.466365200721116091e-01 1.649970198806777200e-01 2.842719436805763444e-01 1.919518870150785095e-01 3.876821083425857628e-02 6.496508986084320592e-02 1.467577664789822267e-01 6.466922503497560260e-02 
2.964823881941123784e-01 7.303163928224705968e-03 1.516308400426391242e-02 1.108705505686759935e-01 3.781387388508646308e-01 1.327578151823222974e-01 0.000000000000000000e+00 1.818971349757438627e-01 4.492044106826645344e-01 3.407817282205586468e-02 3.289326929569240665e-01 1.189640869647579924e-01 4.757747775716406058e-01 7.653797799719133654e-02 3.409498424282403350e-01 9.950494730818158773e-02 7.824497049981545826e-01 1.761697216982657105e-02 6.392469901244504649e-02 4.075286937580614027e-02 2.274157315193122558e-02 5.591358247164975037e-02 1.225717876163470305e-01 4.650739804627616186e-02 1.520131751301955214e-01 5.527453350941077120e-02 1.009344621230033601e-01 1.066006402317565965e-01 1.731316140340525001e-01 2.716600278881050046e-01 3.077127478177894837e-02 4.959735579506583947e-01 2.563691158474375453e-01 3.062208065465221174e-01 4.131831762615547493e-02 3.437365419587768561e-02 1.155878850419826409e-01 1.484156582713016814e-01 1.319561230424904918e-01 3.036188087666164548e-01 1.774356132455741919e-01 2.539829664121578956e-01 3.279390553016847676e-01 2.188855627741947973e-02 7.025124229239292084e-02 3.080941637798730315e-01 3.780200779863350513e-02 3.149249608042815618e-01 1.270092088375187334e-01 3.805112683251685168e-01 1.522417492847716047e-01 2.060703595797352267e-02 6.143711861703447102e-02 1.580974568194983346e-02 1.684408926507111326e-01 1.654526313187148490e-01 2.044887969220386403e-01 2.376269624844777328e-01 2.399844600776640871e-02 3.327455621559062549e-02 2.340143861500735417e-02 1.456619889728550110e-01 3.400344565668800834e-01 1.727239977103063318e-01 1.838165836359034189e-01 4.015864855592585214e-01 
6.147827274209211046e-01 3.829810154753848089e-02 1.235236043955390689e-02 2.839462961689251941e-01 3.251051889153640240e-02 8.619126109130020516e-03 1.818971349757438627e-01 0.000000000000000000e+00 1.294838534636665595e-01 3.182237534795747114e-01 4.964384043888265818e-01 8.122694648869169254e-02 5.249410022460062608e-01 5.531804834395850218e-02 2.637949777040295984e-01 2.483435544557539496e-02 8.787552344081794864e-02 1.978175798206923131e-01 5.685531662164769462e-02 1.952572195640255026e-01 3.436641654311716199e-01 2.530035900624567902e-02 2.902604280166192971e-02 3.622999298502179583e-02 2.491685594398031778e-01 4.329446850861540935e-02 1.425604774551402498e-01 1.608243064657762303e-02 3.400633123867594088e-01 4.070609084950910228e-01 4.894538995725843389e-01 1.494620164878017465e-01 3.157512724444206942e-01 1.391545290466752738e-01 3.771708515184351435e-02 2.669309041788125308e-02 2.944797707191520314e-02 1.132425966477519641e-01 3.551567929406402452e-02 1.256576858203340974e-01 1.075861711920519381e-01 7.162187850997685234e-02 5.757315675732629923e-02 1.309011427277600309e-02 5.023883560832204803e-02 1.362375365527792315e-01 5.890064529642896618e-02 1.129115838282078593e-01 6.227363498747368054e-02 1.842349686436665079e-01 9.738217709360005164e-03 4.727794841956155236e-02 4.855344761744143089e-02 4.104241748736352918e-02 7.392206170942931809e-02 1.285380829836336655e-02 6.574929148836190784e-02 5.536936969258881430e-02 1.347662900139618390e-02 4.153737696058592416e-02 2.442807482264061636e-02 1.822752847776829346e-02 1.375943644776221331e-01 1.160553326501135157e-01 1.260561009710420011e-01 1.439155013221832813e-01 
1.612541616242082476e-01 1.132551070779888591e-01 2.656785663276005072e-01 2.628063075535781723e-02 7.509254840288225319e-01 2.466132268495302704e-01 4.492044106826645344e-01 1.294838534636665595e-01 0.000000000000000000e+00 4.395562611722426266e-02 2.716936977560967525e-01 2.869684122206843102e-01 2.476873494324299263e-01 1.288842767225868713e-01 6.604813548970579484e-01 2.080279446850497038e-01 4.981565095695811296e-01 9.488929857680154789e-02 1.200868347866301672e-01 1.850660234607935939e-01 1.022770342035704133e-01 1.809467204773654581e-01 2.593524349873479462e-01 2.644001584329344068e-01 3.812584673058947576e-02 1.875485316025021221e-01 1.700224128038572702e-01 3.899297928431742083e-02 6.139013889444879662e-02 3.583951675603825326e-01 1.960438886794502178e-02 5.667329667652275527e-01 2.742537720525077272e-01 1.999339359754538914e-01 5.169842077602604391e-02 7.271299392336205702e-02 4.848683521405297570e-02 9.412274079514469649e-02 8.207814225366097394e-02 1.623583413797358155e-01 1.001139380397210038e-01 1.521350055541007829e-01 2.595432419339129826e-01 5.339439163848366809e-02 2.294573138133890883e-02 2.090113137928122367e-01 8.208998929522326460e-02 2.004395775962559967e-01 1.381326541068164659e-01 2.645894537394968271e-01 1.361691771767658266e-01 5.910619618530472269e-02 8.408018937299784057e-02 1.574103028615406186e-02 1.429447956290595956e-01 2.237990818295947648e-01 1.730091944401140613e-01 1.311714121016265278e-01 1.344823990176734763e-01 9.044430435361974774e-03 2.479533574261635204e-02 8.630647460349899491e-02 2.292995999281029207e-01 1.379538623803365505e-01 8.295845251606741300e-02 2.822675024299477475e-01 
2.977040728503274059e-01 9.207987648173587836e-02 1.159233830448511277e-01 4.717604472544488781e-01 1.562479134878158871e-01 2.043279483331412461e-01 3.407817282205586468e-02 3.182237534795747114e-01 4.395562611722426266e-02 0.000000000000000000e+00 1.913209397248475663e-01 1.240589245937513269e-01 4.348466625453820122e-01 2.542121127357616431e-02 8.664596164720651805e-02 3.878656459686258273e-01 7.723143636805465673e-02 1.661482682722110471e-01 1.130440653355208463e-01 5.619724149585474809e-02 3.967121273848654428e-01 3.196795026357128755e-01 4.248678647442874490e-01 3.509130803244350782e-01 8.288978005314081576e-01 1.342174408373084382e-01 2.122820073814930819e-01 1.935530522441515633e-01 6.654117984447233125e-01 2.777657252675214683e-01 2.947443607902583418e-01 2.371026112733268937e-02 3.085172982833632171e-01 2.079844502510254656e-01 2.118769926712827656e-01 4.868020038465178945e-02 3.570444108170774400e-01 3.233423425460760225e-01 7.927431756310104882e-02 3.058589414630913383e-01 2.734111414775238988e-02 2.297101150035657235e-01 4.396832943908010605e-01 2.335679535314693633e-01 6.332181064021154271e-02 4.628663829384015854e-02 4.048677257014064723e-02 1.986072113033801323e-01 1.673179940697064882e-01 5.108909454085035495e-01 3.883043865306282788e-02 6.801524783738671642e-02 1.822925909828033986e-02 2.763059762542071640e-01 2.444696831097707690e-02 2.482361626355835960e-01 1.727843034438085110e-02 5.214682577308500377e-01 1.451193119814795374e-01 1.785702226710023932e-01 2.265578308586941036e-01 4.114155154361298083e-01 2.063259886573658164e-01 1.335150491555257557e-01 2.723446453229299569e-01 2.046968711759702964e-01 
3.206867743153444805e-01 9.379857145907970206e-02 5.058956293884923211e-02 9.800381407702346559e-02 1.338600585440227753e-01 5.557583221966342496e-03 3.289326929569240665e-01 4.964384043888265818e-01 2.716936977560967525e-01 1.913209397248475663e-01 0.000000000000000000e+00 7.819472046671943621e-02 5.170793108570478358e-01 2.319723754179917746e-02 3.004262922182130979e-01 6.192606576821261394e-02 1.355483171977520662e-01 7.338493702267423480e-02 1.960959638643135217e-02 6.734941255987818287e-02 3.127942966057362106e-01 9.574861042979040948e-02 4.597044930097358983e-02 7.669473250151187527e-02 1.573533561941013459e-01 4.442066802912876533e-02 5.036731570718574330e-02 4.355251291858196899e-02 1.506703645231427247e-01 2.479907614765311241e-01 4.052780498393208919e-02 1.733246726853663044e-01 1.731856110680909666e-01 7.693042649524996224e-02 7.369664832034293622e-02 1.466206327248182478e-02 5.563335092864120368e-02 6.061893703837912400e-02 5.264849672270925651e-02 1.010339664909026963e-01 5.211503089926620980e-02 6.426978222304642607e-02 1.512721368052869463e-02 3.204163726164505760e-02 1.544451892674569664e-02 7.628760796915479148e-02 3.157050388735344049e-02 6.852784517040740042e-02 2.989448328341580766e-02 1.458686243383957304e-01 1.566286845337078182e-02 9.016957374681468934e-03 1.755251292114575618e-02 3.753070515224161963e-02 1.735486283431505322e-02 2.521513689451578694e-02 1.891117277867791074e-02 1.440574374233736209e-02 2.510989554461270576e-02 2.427750825489791847e-02 6.491880533541494191e-02 1.256203688606870143e-02 7.594992183161700106e-02 4.448491482370006689e-02 7.664086061484659540e-02 7.378586745989405837e-02 
2.302629857876465139e-02 1.020305870784809360e-01 3.718102378877742586e-02 6.129199189026558053e-02 2.478922680143371138e-01 2.388863774053764377e-01 1.189640869647579924e-01 8.122694648869169254e-02 2.869684122206843102e-01 1.240589245937513269e-01 7.819472046671943621e-02 0.000000000000000000e+00 8.513643784201342657e-02 7.115274559777671204e-01 2.511211803299408934e-02 7.340472388548556493e-02 4.975810837187662206e-02 9.591948407146904179e-03 5.284373447790302603e-01 1.703050796657927801e-01 8.502418576539451378e-02 8.123459936944424364e-02 2.261268166761792528e-02 7.849118871827973076e-02 1.364862723308927217e-01 3.821410421479763397e-01 1.020279232352023016e-02 6.327320029935108725e-02 1.759677732570673891e-01 1.861052829493723554e-02 8.985153359104451620e-02 1.300631954774388588e-01 1.342563248546408197e-02 5.469130130285140140e-02 1.879644353802501222e-01 1.433953033185468018e-01 5.841030945021609411e-02 3.493668449473478349e-02 2.162192762982823868e-01 1.900538862186474873e-02 2.993316788087375946e-02 2.756593078097690705e-02 2.952524876493506020e-02 5.761884118118770770e-02 1.363260094035671777e-01 2.515860135524070063e-02 4.382687660287749032e-01 4.581091958511194356e-02 4.784337790852833533e-02 1.248997296103719623e-01 3.086357105353418895e-01 1.303111871802072330e-01 2.667741318179663867e-01 1.092019109172097935e-01 1.138559939906771679e-01 8.521374360058341091e-02 1.810700426895149595e-01 5.272699451446154900e-02 2.867180521820077432e-01 1.587534324557400012e-01 1.026822009183925161e-01 5.947772260120921806e-02 9.949414937940138925e-02 4.739480821526154825e-02 1.931334413740570452e-02 1.518640016906733781e-01 
5.268981860583544785e-01 8.835401057535187397e-02 1.121302764867416688e-02 4.868547638021051283e-01 1.221266458661362797e-01 2.298672393176763931e-02 4.757747775716406058e-01 5.249410022460062608e-01 2.476873494324299263e-01 4.348466625453820122e-01 5.170793108570478358e-01 8.513643784201342657e-02 0.000000000000000000e+00 3.792852148924292371e-02 3.534158573635357570e-01 7.198136911439204089e-02 3.930566207662243849e-01 2.011787852923456466e-02 3.998900712087261056e-02 7.034533274832158178e-02 6.139744483627179727e-01 4.526203235803621244e-02 5.316854329464754114e-02 1.855806297708212024e-02 3.750184469181651048e-01 4.720261164008034832e-02 3.675033755657411416e-02 2.700423870211292321e-02 2.588129267789527899e-01 4.151641989927437604e-01 2.487118421583029426e-01 2.666191304997109213e-01 3.815610418008141824e-01 3.972484776985993338e-01 1.379174026285188703e-01 5.987127593745861232e-02 1.886693186700795222e-01 1.884733687174319494e-01 3.427037480654405305e-02 4.122091033286130468e-01 2.378238957232740036e-01 3.013149602801927229e-01 3.623977240383381010e-02 1.220463095279683205e-03 6.612924115864313168e-02 2.333255084610791064e-01 7.908168235080509020e-03 3.280253108930299977e-01 1.157023388315513851e-01 4.498422865164466988e-01 1.000061345505547233e-01 2.761025041568163085e-02 3.367497797782664087e-02 1.905836283706371370e-01 1.312315766625497537e-01 1.104968867182891668e-01 1.513488125663568218e-01 6.614442071272488843e-02 6.300207972620487651e-02 6.350554262548917250e-02 1.221738250623766314e-01 1.139023327143546260e-01 3.484748219478948084e-01 2.036299576688822555e-01 1.891929185250733891e-01 3.579930593384683113e-01 
1.888884734413869004e-02 4.263447435873365249e-02 5.272331904077253578e-02 4.594225531366524090e-02 1.019990428927771975e-01 3.991875214864981092e-01 7.653797799719133654e-02 5.531804834395850218e-02 1.288842767225868713e-01 2.542121127357616431e-02 2.319723754179917746e-02 7.115274559777671204e-01 3.792852148924292371e-02 0.000000000000000000e+00 5.411825988040964985e-02 7.018996825801311623e-02 2.610196198620204876e-03 2.171951501189123557e-01 2.285823571951207667e-01 1.170304684736147016e-01 7.324551037236534667e-02 2.537797291410508194e-02 2.667438275792732155e-02 2.340312686758035457e-02 6.280735815434292102e-02 5.751901799057022036e-01 5.759502368982320070e-03 5.210886662294300642e-02 1.087275085007886888e-01 9.724885085544361651e-02 2.396048664442015919e-02 9.879082321142984568e-03 1.064822702834365142e-01 1.891496828642847197e-02 1.127658732981479291e-02 8.860768846783420583e-02 7.919012762875757283e-02 3.765499602930568596e-02 4.545084026425731949e-01 1.081259536277099503e-01 1.691300143328212935e-02 1.147249569757728127e-01 1.322464228893601053e-02 2.318406708477385725e-02 3.744897837698897280e-01 9.555739943880815768e-02 7.100205548315565718e-01 3.982871657068670634e-02 1.033482521229940956e-02 5.995463680995464367e-03 3.561356938689039797e-01 4.343167889380109697e-02 2.305716030495741642e-01 1.386319171797436023e-01 1.088811033426193425e-01 2.565254597265563194e-02 1.660469213473902972e-01 4.474316560317421337e-02 5.976685694033423424e-01 5.955559454077520576e-02 7.479491900719704989e-02 7.202932644171018695e-02 4.634064765581435985e-02 2.828489009964208281e-02 5.881694454093613217e-02 9.524250344017164138e-02 
4.409727662344957166e-01 2.134953978845642239e-02 2.026780688630011595e-01 1.548738749291239669e-01 3.641754861715897351e-01 2.697706299167511590e-01 3.409498424282403350e-01 2.637949777040295984e-01 6.604813548970579484e-01 8.664596164720651805e-02 3.004262922182130979e-01 2.511211803299408934e-02 3.534158573635357570e-01 5.411825988040964985e-02 0.000000000000000000e+00 1.897457389954235463e-01 4.184461850379626591e-01 8.067863780559804410e-02 7.584196203493930033e-02 5.047054601549812169e-02 2.117789168713342107e-01 1.074978729658127852e-01 1.912117067355431355e-01 2.122138168308298489e-01 7.173196055779784697e-02 1.011668484759502412e-01 2.167409313601851573e-01 1.344747934162326963e-01 2.252882587964712136e-02 6.072466819656666681e-01 1.491615998585796021e-01 4.988629574564309999e-01 4.738318448299573826e-01 1.798448137751813836e-01 2.029863272762019374e-02 4.473404739289602722e-02 4.608062037083899415e-02 1.288649451698208881e-01 7.189363077923713319e-02 2.468952376867012966e-01 6.942455855636413264e-02 1.726152888597460855e-01 1.970694862050725027e-01 7.567249679197184456e-03 2.917248914494257467e-02 2.497944728138249137e-01 2.949171182541487912e-02 2.173195871737949036e-01 1.374616545549766644e-01 2.982125433943202952e-01 6.077208817548904879e-02 2.231950225791923606e-02 5.821973845148641427e-03 6.565747854312870002e-02 1.132457794922179795e-01 1.803608035842486634e-01 1.509946477228230055e-01 1.093859065033706696e-01 5.767905286347635441e-02 3.587457042705215898e-02 1.995303914463105247e-02 1.011394136475859962e-01 2.185703264396223755e-01 1.166724015978136686e-01 1.331605623183022280e-01 2.628485496625557749e-01 
2.407388547876411489e-02 1.766435377980057619e-01 2.413088613274481098e-01 1.075346716113521200e-01 2.432227091922487261e-01 2.050831215920899120e-01 9.950494730818158773e-02 2.483435544557539496e-02 2.080279446850497038e-01 3.878656459686258273e-01 6.192606576821261394e-02 7.340472388548556493e-02 7.198136911439204089e-02 7.018996825801311623e-02 1.897457389954235463e-01 0.000000000000000000e+00 1.613681178969738617e-01 4.702213022744113069e-02 1.049261751037065538e-01 1.135776421681603844e-02 1.550127740483132344e-01 2.820479182959314546e-01 8.290192042568413910e-01 6.430406032735316302e-01 2.221028259686732564e-01 2.247293045912282516e-02 1.643131390207318021e-01 2.563778400438274443e-02 2.032457788311764768e-01 5.650631116265014686e-02 3.896711514568924201e-02 1.913452489934088785e-01 5.791601308135826270e-03 5.720093850994357326e-02 4.652670408514651690e-02 7.033453505399897554e-02 7.271432148428354225e-02 2.407672192939476485e-01 4.591548341529037153e-02 4.270128680854398673e-02 2.907898820291586126e-02 9.233998974543146387e-02 2.516535871431048732e-01 9.123669435135794981e-02 1.597343339562394202e-02 1.047809483460643114e-02 1.282801599662931891e-02 8.554086092559647081e-02 3.707994671738026882e-01 2.009094748189389212e-01 8.392270396831763915e-03 9.631554776811430962e-02 5.229521603017328601e-02 9.474897107730305412e-02 9.060413463692655600e-02 4.783339605456397026e-01 5.460448020302904014e-03 2.230059100038859765e-01 1.953282472993288221e-02 1.296856021635022296e-02 2.478135537439722300e-02 1.131782915126723632e-01 1.165003384839870398e-01 1.188744707974049852e-01 2.315390373063854201e-01 1.376017454982066401e-01 
2.777513305676701516e-01 4.174521543588768230e-02 5.351581616418075657e-03 4.982641485962265721e-02 4.950528727678201180e-01 1.490746277250462326e-01 7.824497049981545826e-01 8.787552344081794864e-02 4.981565095695811296e-01 7.723143636805465673e-02 1.355483171977520662e-01 4.975810837187662206e-02 3.930566207662243849e-01 2.610196198620204876e-03 4.184461850379626591e-01 1.613681178969738617e-01 0.000000000000000000e+00 1.990955127932734214e-01 1.145484918295601312e-01 4.588457462416772881e-02 2.840680933253568116e-02 2.272245820815349190e-02 1.913554724525240169e-01 7.030036169619480191e-02 1.751964945446015942e-01 7.375437632253112330e-02 1.488444580216249924e-01 1.497785076888670519e-01 1.963524848809399259e-01 3.852236158562374890e-01 7.008002354489660524e-02 5.381630981689390358e-01 4.051487131125930952e-01 3.976662072767022105e-01 2.539103428227994924e-02 6.926372567764152444e-02 1.061594748820259421e-01 1.783010319674795119e-01 1.424653810666152709e-01 3.340736562338385007e-01 2.235891993368638309e-01 3.188672815778733627e-01 4.598356498688876415e-01 3.862437402220354754e-02 1.566688299111625438e-01 3.708156129294340464e-01 5.055708417752914630e-02 3.993348841674347338e-01 1.973183134281683293e-01 4.314192117925039205e-01 2.186963327193842677e-01 2.487628590833906167e-02 9.238794126715875465e-02 2.451036475124339017e-02 2.484595602894789090e-01 2.601139618183093138e-01 2.951858974325181628e-01 3.003676897991036654e-01 4.397761464865434372e-03 3.516474534674020325e-02 1.020832170810294023e-02 1.901776570944101741e-01 4.406245772408541872e-01 2.455206276014167965e-01 2.116628267894362370e-01 5.290603865973724229e-01 
8.737559321144588997e-02 1.397862267316107854e-01 1.111468334834573579e-01 3.906387615080423453e-02 1.538750584506781149e-01 1.550314785793107386e-01 1.761697216982657105e-02 1.978175798206923131e-01 9.488929857680154789e-02 1.661482682722110471e-01 7.338493702267423480e-02 9.591948407146904179e-03 2.011787852923456466e-02 2.171951501189123557e-01 8.067863780559804410e-02 4.702213022744113069e-02 1.990955127932734214e-01 0.000000000000000000e+00 1.053389703930020099e-01 5.563475122300444164e-01 2.054885312309365566e-02 3.387405795745099257e-01 1.281285095188261849e-02 1.940987182570904357e-01 1.345813321187655509e-01 1.587989165757110743e-01 6.579275799193192407e-03 2.059755610686885285e-01 9.605523977431459914e-02 1.814275877096885592e-01 1.051486481935706534e-02 1.237613254006832558e-01 3.314774584496370524e-01 1.835061041571253160e-01 3.124484830731905083e-01 1.747541093429985648e-01 1.623353017560445408e-02 1.410867532711221062e-01 1.212592766014535250e-01 1.507897489525686641e-01 4.430407474980812416e-02 1.715992414862939075e-01 4.963766045976970159e-02 9.268174116203781177e-02 2.758509767204784802e-01 1.729119878090819851e-01 2.725972749291453723e-01 1.722608098260040022e-01 1.050705054278312095e-01 2.676833782163992037e-01 1.390024056023489718e-01 6.767324180695513669e-02 8.174475444057742457e-02 3.151539001254196476e-02 1.673876465430402527e-01 1.414999587720786323e-01 1.930429724740286013e-01 5.049371295007237803e-02 3.065727567056419911e-01 1.101075323029128278e-01 3.067811651387102323e-01 3.244020365355655688e-02 2.107222580866493777e-01 1.462290051718238282e-01 1.293742729901546651e-01 2.511878215793543756e-01 
1.882033639824090276e-01 1.032731669326748813e-01 7.566949218098365654e-03 4.195000346179632994e-02 7.266879050706658016e-02 2.971098008163147730e-02 6.392469901244504649e-02 5.685531662164769462e-02 1.200868347866301672e-01 1.130440653355208463e-01 1.960959638643135217e-02 5.284373447790302603e-01 3.998900712087261056e-02 2.285823571951207667e-01 7.584196203493930033e-02 1.049261751037065538e-01 1.145484918295601312e-01 1.053389703930020099e-01 0.000000000000000000e+00 5.541156647490418363e-01 3.552861336686755772e-02 1.924923631653783704e-02 7.080394342922588513e-02 4.979510828911535431e-02 1.284603477223488777e-01 1.681664022099130518e-01 2.122070613984151088e-01 1.204104811959556542e-01 1.630563228482123928e-01 2.101104129548240496e-01 7.030156627931063995e-02 7.212040813534045802e-02 2.128041916440243930e-01 1.618808806718582266e-02 2.113673007190188524e-01 9.697573774200909935e-02 4.276235070493462215e-02 1.962244888709795132e-02 1.784242873767376281e-02 6.183955847782566378e-02 7.243954972995796278e-03 5.171015384619996602e-02 7.859461224525181311e-02 6.043556029423225590e-02 1.305855955780325928e-01 5.077871554503495671e-02 5.625692806162261445e-02 2.901934395504126088e-02 4.717662920690871703e-02 1.813910745749018963e-02 1.135563976938988445e-01 2.183573885887787336e-01 2.035797348731298861e-01 7.017546737316250616e-02 4.092080157526748266e-03 2.056877207252680653e-02 1.383160606121017558e-02 1.059865867504709430e-01 3.480109432444462858e-02 2.143971782014675032e-01 1.893020192672658641e-01 9.656065558063453569e-02 2.121094666488472849e-02 7.800460945070041702e-03 4.314557954057769706e-02 1.495923821951814468e-02 
2.772640712745434999e-01 1.372632274396376473e-01 2.293435280019213290e-02 3.170839952363186526e-02 2.225548285786656810e-01 3.676959964880707060e-02 4.075286937580614027e-02 1.952572195640255026e-01 1.850660234607935939e-01 5.619724149585474809e-02 6.734941255987818287e-02 1.703050796657927801e-01 7.034533274832158178e-02 1.170304684736147016e-01 5.047054601549812169e-02 1.135776421681603844e-02 4.588457462416772881e-02 5.563475122300444164e-01 5.541156647490418363e-01 0.000000000000000000e+00 5.747386804108085140e-02 3.899706636251731862e-02 3.247525551220051959e-02 3.154606935340727863e-02 6.732555271205942216e-02 1.721564694407354962e-02 3.367757989045734313e-01 1.447655187827086298e-01 8.112880840409998628e-02 1.343215834791993413e-01 2.106358932611191170e-01 1.220328357685586812e-01 8.856415727629297907e-02 9.918373864373437876e-02 2.752222399141513454e-01 1.487931122187411415e-01 2.893413898147217250e-02 4.729825042544522073e-02 1.089701921263344780e-01 2.809886752551655348e-02 3.357183785620274780e-02 9.657974919704336025e-02 2.134430089540111444e-02 7.404419695439892757e-02 2.445319422448426760e-01 6.537550694894901648e-02 1.909924969946934226e-01 9.207874553226871872e-02 1.693688128477290750e-02 9.840431371366691049e-02 9.463959127649947123e-02 1.274507256266912414e-01 1.235713079797963604e-01 2.544475116612899754e-02 6.469030268423828223e-02 7.659050671139588928e-02 7.595760531827450146e-02 5.294502059788701309e-02 2.218111714107745547e-01 1.679000176254955012e-01 2.746421995165165830e-01 4.962249521018927134e-02 9.848544452321117415e-02 6.415449157029645688e-02 1.882986619074202700e-02 1.054326146192107322e-01 
3.042041107051447479e-01 1.543521193137040171e-01 7.584363106708945368e-02 8.259864039909932121e-01 2.878246663906671235e-02 6.204451641654779026e-02 2.274157315193122558e-02 3.436641654311716199e-01 1.022770342035704133e-01 3.967121273848654428e-01 3.127942966057362106e-01 8.502418576539451378e-02 6.139744483627179727e-01 7.324551037236534667e-02 2.117789168713342107e-01 1.550127740483132344e-01 2.840680933253568116e-02 2.054885312309365566e-02 3.552861336686755772e-02 5.747386804108085140e-02 0.000000000000000000e+00 3.223372961316057356e-02 1.202873043696132543e-01 8.255018200733209299e-02 5.188491134636470381e-01 3.477839792500934252e-02 1.035350186426942654e-01 1.410205021052086671e-01 3.327100912906508778e-01 2.805351913759587257e-01 1.708250125627088500e-01 4.207952607020306462e-02 2.302443569642568244e-01 1.671032034550543333e-01 1.551810566328902796e-01 4.531176604754420800e-02 3.727336812216562323e-01 3.832711979400351548e-02 3.738798247731138502e-02 2.940413750124774017e-01 6.938318477475567680e-02 1.530736581607521352e-01 1.825150700423642802e-01 3.280137668431067077e-02 3.134536119448608216e-02 3.356986949642234291e-02 6.815060184175963931e-02 1.334414572783777231e-01 9.412795690175604357e-02 2.347661277786171896e-01 1.748411450933813269e-02 3.324022163730167012e-02 7.663335170869732711e-03 2.659717885009284521e-01 2.097767237952206584e-02 9.379899642104801150e-02 3.441344541856393435e-02 2.692748512401594296e-01 1.844453651260912624e-02 9.310857787303503108e-02 1.440760605719564047e-01 2.767668192111884529e-01 1.002219874326854276e-01 4.176457880240130177e-02 5.445510638549923982e-02 8.716847354149796778e-02 
2.371178265641279148e-01 9.334762168334995169e-02 2.553092479284503336e-01 5.350401348458010825e-02 2.064426221147535878e-01 2.027792825357638273e-01 5.591358247164975037e-02 2.530035900624567902e-02 1.809467204773654581e-01 3.196795026357128755e-01 9.574861042979040948e-02 8.123459936944424364e-02 4.526203235803621244e-02 2.537797291410508194e-02 1.074978729658127852e-01 2.820479182959314546e-01 2.272245820815349190e-02 3.387405795745099257e-01 1.924923631653783704e-02 3.899706636251731862e-02 3.223372961316057356e-02 0.000000000000000000e+00 2.360421205272410783e-01 6.690114026978039030e-01 2.019274076234690296e-01 2.065785435176161200e-01 4.266806627487061965e-01 2.018064051057157915e-01 2.107962847443698717e-01 3.015151460039496856e-01 5.416570170027135145e-01 1.139417137550235853e-01 4.750650331210695132e-01 1.200235299986480292e-01 1.867754427942546758e-01 9.160558314381107847e-02 4.901557492375125530e-02 1.441137253351849334e-01 7.233623645850426054e-02 1.133225026720971473e-01 3.704726122972080288e-02 1.100431788748513356e-01 2.313098081622531194e-02 6.413303423914554213e-02 9.714680891723334599e-02 9.740867643751482952e-02 8.984972078043300392e-02 1.120865444585594090e-01 6.105582008800463506e-02 2.178236103413300206e-01 9.291822377942804412e-02 1.276629541830451124e-02 3.335960592076368803e-02 3.701981569938010003e-02 1.562508983769812509e-01 2.757557186757341600e-02 1.740281504179611027e-01 5.939798076471896476e-02 1.714857029368502539e-01 3.123850294889064447e-02 1.664425285440989388e-01 2.542757105258222627e-02 1.546391224543156862e-01 1.434058161938416287e-01 1.468025216440783653e-01 1.956772121786267693e-01 
2.116414587722913188e-02 3.552303319851558561e-01 3.597136397980437161e-01 5.706076585763342895e-02 3.435711743129329920e-01 2.317418888677985067e-01 1.225717876163470305e-01 2.902604280166192971e-02 2.593524349873479462e-01 4.248678647442874490e-01 4.597044930097358983e-02 2.261268166761792528e-02 5.316854329464754114e-02 2.667438275792732155e-02 1.912117067355431355e-01 8.290192042568413910e-01 1.913554724525240169e-01 1.281285095188261849e-02 7.080394342922588513e-02 3.247525551220051959e-02 1.202873043696132543e-01 2.360421205272410783e-01 0.000000000000000000e+00 5.537737836731572161e-01 2.327768511244511229e-01 2.381294647592112693e-02 1.354858318609730716e-01 9.330595749275057138e-02 2.078839062367057455e-01 5.294440175289451961e-02 6.926447577069057282e-02 2.829142722699343193e-01 3.100198072666278566e-03 2.464904732596704534e-02 1.861519183189709603e-01 1.898837334844859781e-01 5.420800040975220363e-02 3.725004963844588124e-01 7.824368949827970043e-02 9.333888630337346115e-02 3.088557529537074367e-02 1.699117934597974278e-01 3.378451169956316891e-01 1.228620884017189163e-01 7.567817378285132679e-02 3.707672673949728021e-02 7.072099608969920070e-02 1.151686380840439144e-01 4.901885015081209329e-01 2.580261727709103337e-01 5.050232116697479789e-02 4.052066797145258831e-02 3.176449339038642239e-02 3.848321917257362806e-02 3.713180148155532240e-02 6.759443497785253552e-01 7.171038706308621724e-02 2.614263788463437876e-01 3.856309006539970774e-02 5.951896298297845722e-02 1.177049603340949852e-01 1.378713368761798341e-01 1.026667157216033244e-01 6.365944605467745154e-02 3.569053002851151346e-01 1.150671907187881399e-01 
1.468505417030781801e-01 1.059918336182615051e-01 4.921990923455481504e-01 1.688642513611122650e-02 2.895598269969641980e-01 2.494352597066787081e-01 4.650739804627616186e-02 3.622999298502179583e-02 2.644001584329344068e-01 3.509130803244350782e-01 7.669473250151187527e-02 7.849118871827973076e-02 1.855806297708212024e-02 2.340312686758035457e-02 2.122138168308298489e-01 6.430406032735316302e-01 7.030036169619480191e-02 1.940987182570904357e-01 4.979510828911535431e-02 3.154606935340727863e-02 8.255018200733209299e-02 6.690114026978039030e-01 5.537737836731572161e-01 0.000000000000000000e+00 2.192521414783298872e-01 9.547638746238133745e-02 3.151792565421281944e-01 6.550575359707251633e-02 1.987008695752985610e-01 1.216383774277813024e-01 3.401385557673282656e-01 2.127177671797331193e-01 2.513805084616413943e-01 1.053821327501893029e-01 1.067156475955465811e-01 8.806030801909767169e-02 6.183910293378839379e-02 1.599002128406245837e-01 7.753045715241367597e-02 1.080010320741826985e-01 2.919799558039344947e-02 1.047098839292262967e-01 1.010607105381925164e-01 4.152151984607929669e-02 6.833643283110428512e-02 7.759996618499398480e-02 5.063249620570945547e-02 1.121678468149498176e-01 2.271248308734140353e-02 2.105858565759431977e-01 6.744743258146523868e-02 4.428650913629109814e-02 1.863908618666103648e-02 6.631354334466871281e-02 1.939737640756730441e-01 1.450125605547065710e-01 2.157230142846411625e-01 1.209137583637979324e-01 1.269059431405123173e-01 1.506059693091599955e-02 1.578419786562541560e-01 4.744070768096565749e-02 1.535996486245172488e-01 1.431065248374814303e-01 1.808717859336195777e-01 1.950844123569322464e-01 
