0.000000000000000000e+00 1.500000000000000000e+00 1.650000000000000000e+01 5.156000000000000000e+03 1.900000000000000000e+01 0.000000000000000000e+00 2.200000000000000000e+01 2.091060000000000000e+05 1.640000000000000000e+02 2.986500000000000000e+03 2.061000000000000000e+03 4.000000000000000000e+00 6.605000000000000000e+03 0.000000000000000000e+00 3.842260000000000000e+05 9.700000000000000000e+01 1.835000000000000000e+02 1.466500000000000000e+03 4.000000000000000000e+00 1.080000000000000000e+02 2.272000000000000000e+03 4.925500000000000000e+03 5.490000000000000000e+02 2.809050000000000000e+04 8.456500000000000000e+04 0.000000000000000000e+00 6.600000000000000000e+01 5.790000000000000000e+02 2.429650000000000000e+04 5.146660000000000000e+05 1.074955000000000000e+05 0.000000000000000000e+00 5.600000000000000000e+01 0.000000000000000000e+00 5.500000000000000000e+00 1.000000000000000000e+00 2.835000000000000000e+02 0.000000000000000000e+00 0.000000000000000000e+00 0.000000000000000000e+00 1.700000000000000000e+01 0.000000000000000000e+00 3.542000000000000000e+03 1.776500000000000000e+03 0.000000000000000000e+00 7.530000000000000000e+02 4.500000000000000000e+00 0.000000000000000000e+00 0.000000000000000000e+00 0.000000000000000000e+00 0.000000000000000000e+00 0.000000000000000000e+00 0.000000000000000000e+00 2.714000000000000000e+03 1.000000000000000000e+00 3.025000000000000000e+02 0.000000000000000000e+00 1.313000000000000000e+03 2.000000000000000000e+00 0.000000000000000000e+00 1.100000000000000000e+01 4.185000000000000000e+02 6.500000000000000000e+00 0.000000000000000000e+00 0.000000000000000000e+00 3.500000000000000000e+00 
1.500000000000000000e+00 0.000000000000000000e+00 0.000000000000000000e+00 1.310000000000000000e+02 3.000000000000000000e+00 3.085000000000000000e+02 2.000000000000000000e+00 0.000000000000000000e+00 0.000000000000000000e+00 8.021250000000000000e+04 0.000000000000000000e+00 2.800000000000000000e+01 5.355000000000000000e+02 1.431250000000000000e+04 1.000000000000000000e+00 2.435000000000000000e+02 1.750000000000000000e+01 6.080000000000000000e+02 1.450000000000000000e+01 1.520000000000000000e+03 1.200000000000000000e+01 1.150000000000000000e+01 1.675790000000000000e+05 1.190000000000000000e+02 1.694500000000000000e+04 1.218975000000000000e+05 2.836000000000000000e+03 6.551565000000000000e+05 2.500000000000000000e+00 4.600000000000000000e+01 4.500000000000000000e+00 3.000000000000000000e+00 2.150000000000000000e+01 0.000000000000000000e+00 3.553015000000000000e+05 6.550000000000000000e+01 8.135000000000000000e+02 0.000000000000000000e+00 4.450000000000000000e+01 0.000000000000000000e+00 1.000000000000000000e+00 0.000000000000000000e+00 2.168950000000000000e+04 1.000000000000000000e+00 1.050000000000000000e+01 8.300000000000000000e+01 8.945000000000000000e+02 0.000000000000000000e+00 2.400000000000000000e+02 0.000000000000000000e+00 4.000000000000000000e+00 0.000000000000000000e+00 1.000000000000000000e+00 1.600000000000000000e+01 1.200000000000000000e+01 9.358550000000000000e+04 1.050000000000000000e+01 1.959150000000000000e+04 1.050750000000000000e+04 2.150000000000000000e+01 3.558440000000000000e+05 3.800000000000000000e+02 6.500000000000000000e+00 0.000000000000000000e+00 3.000000000000000000e+00 4.000000000000000000e+00 
1.650000000000000000e+01 0.000000000000000000e+00 0.000000000000000000e+00 0.000000000000000000e+00 0.000000000000000000e+00 0.000000000000000000e+00 0.000000000000000000e+00 0.000000000000000000e+00 1.000000000000000000e+00 0.000000000000000000e+00 0.000000000000000000e+00 0.000000000000000000e+00 0.000000000000000000e+00 0.000000000000000000e+00 3.500000000000000000e+01 1.000000000000000000e+00 0.000000000000000000e+00 7.311650000000000000e+04 0.000000000000000000e+00 6.340000000000000000e+02 0.000000000000000000e+00 1.415000000000000000e+02 0.000000000000000000e+00 7.526785000000000000e+05 1.000000000000000000e+00 0.000000000000000000e+00 7.605965000000000000e+05 4.906015000000000000e+05 9.500000000000000000e+00 1.035000000000000000e+02 9.650000000000000000e+01 0.000000000000000000e+00 0.000000000000000000e+00 0.000000000000000000e+00 0.000000000000000000e+00 1.500000000000000000e+00 0.000000000000000000e+00 0.000000000000000000e+00 0.000000000000000000e+00 0.000000000000000000e+00 0.000000000000000000e+00 0.000000000000000000e+00 0.000000000000000000e+00 0.000000000000000000e+00 0.000000000000000000e+00 0.000000000000000000e+00 0.000000000000000000e+00 0.000000000000000000e+00 0.000000000000000000e+00 0.000000000000000000e+00 0.000000000000000000e+00 0.000000000000000000e+00 0.000000000000000000e+00 0.000000000000000000e+00 0.000000000000000000e+00 0.000000000000000000e+00 1.000000000000000000e+00 0.000000000000000000e+00 0.000000000000000000e+00 0.000000000000000000e+00 6.850000000000000000e+01 0.000000000000000000e+00 0.000000000000000000e+00 0.000000000000000000e+00 0.000000000000000000e+00 0.000000000000000000e+00 
5.156000000000000000e+03 1.310000000000000000e+02 0.000000000000000000e+00 0.000000000000000000e+00 3.800000000000000000e+01 0.000000000000000000e+00 4.250000000000000000e+01 1.947000000000000000e+03 3.035000000000000000e+02 2.410550000000000000e+04 5.938800000000000000e+04 2.900000000000000000e+01 1.042730000000000000e+05 1.000000000000000000e+00 9.470500000000000000e+03 2.100000000000000000e+01 2.800000000000000000e+02 6.500000000000000000e+01 7.200000000000000000e+01 1.436000000000000000e+03 4.201040000000000000e+05 3.000000000000000000e+00 3.831000000000000000e+03 4.500000000000000000e+00 3.704565000000000000e+05 0.000000000000000000e+00 1.585000000000000000e+02 1.060000000000000000e+02 2.032810000000000000e+05 3.571700000000000000e+04 3.000000000000000000e+00 3.000000000000000000e+00 5.395000000000000000e+02 0.000000000000000000e+00 3.800000000000000000e+01 1.500000000000000000e+00 1.167045000000000000e+05 0.000000000000000000e+00 1.000000000000000000e+00 0.000000000000000000e+00 5.095000000000000000e+02 0.000000000000000000e+00 2.768300000000000000e+04 1.238750000000000000e+04 1.000000000000000000e+00 9.669500000000000000e+03 4.300000000000000000e+01 0.000000000000000000e+00 1.500000000000000000e+00 0.000000000000000000e+00 0.000000000000000000e+00 0.000000000000000000e+00 4.500000000000000000e+00 5.167200000000000000e+04 2.500000000000000000e+00 3.550000000000000000e+02 0.000000000000000000e+00 1.321600000000000000e+04 3.000000000000000000e+00 5.000000000000000000e+00 3.150000000000000000e+01 2.812350000000000000e+04 7.850000000000000000e+01 0.000000000000000000e+00 0.000000000000000000e+00 3.900000000000000000e+01 
1.900000000000000000e+01 3.000000000000000000e+00 0.000000000000000000e+00 3.800000000000000000e+01 0.000000000000000000e+00 3.345000000000000000e+03 1.513140000000000000e+05 1.000000000000000000e+00 1.515850000000000000e+04 7.370500000000000000e+03 6.500000000000000000e+00 7.743400000000000000e+04 9.485000000000000000e+02 1.412000000000000000e+03 1.070000000000000000e+02 3.700000000000000000e+01 2.180015000000000000e+05 6.000000000000000000e+00 3.400000000000000000e+01 8.600000000000000000e+01 6.000000000000000000e+00 5.500000000000000000e+00 5.300000000000000000e+01 3.300000000000000000e+01 6.325000000000000000e+02 1.450000000000000000e+01 3.231000000000000000e+03 2.700000000000000000e+01 6.800000000000000000e+01 7.555000000000000000e+02 0.000000000000000000e+00 8.114450000000000000e+04 1.000000000000000000e+01 0.000000000000000000e+00 0.000000000000000000e+00 2.000000000000000000e+00 2.630000000000000000e+02 3.420000000000000000e+02 3.000000000000000000e+00 0.000000000000000000e+00 1.000000000000000000e+00 0.000000000000000000e+00 6.400000000000000000e+01 5.000000000000000000e+00 0.000000000000000000e+00 1.580000000000000000e+02 6.700000000000000000e+01 0.000000000000000000e+00 1.000000000000000000e+00 8.555000000000000000e+02 0.000000000000000000e+00 0.000000000000000000e+00 0.000000000000000000e+00 7.150000000000000000e+01 2.500000000000000000e+00 9.000000000000000000e+00 4.500000000000000000e+00 2.820000000000000000e+02 7.000000000000000000e+00 0.000000000000000000e+00 5.000000000000000000e+00 1.500000000000000000e+01 0.000000000000000000e+00 0.000000000000000000e+00 0.000000000000000000e+00 0.000000000000000000e+00 
0.000000000000000000e+00 3.085000000000000000e+02 0.000000000000000000e+00 0.000000000000000000e+00 3.345000000000000000e+03 0.000000000000000000e+00 3.500000000000000000e+00 0.000000000000000000e+00 6.200000000000000000e+01 2.500000000000000000e+00 0.000000000000000000e+00 3.201800000000000000e+05 1.000000000000000000e+00 5.265075000000000000e+05 0.000000000000000000e+00 0.000000000000000000e+00 3.000000000000000000e+00 0.000000000000000000e+00 3.340000000000000000e+02 0.000000000000000000e+00 0.000000000000000000e+00 0.000000000000000000e+00 7.000000000000000000e+00 0.000000000000000000e+00 0.000000000000000000e+00 7.779300000000000000e+04 2.384005000000000000e+05 3.870600000000000000e+04 0.000000000000000000e+00 1.212600000000000000e+04 0.000000000000000000e+00 1.100450000000000000e+04 0.000000000000000000e+00 0.000000000000000000e+00 6.125000000000000000e+02 0.000000000000000000e+00 0.000000000000000000e+00 1.050000000000000000e+01 2.847400000000000000e+04 1.400000000000000000e+01 0.000000000000000000e+00 2.500000000000000000e+00 5.100000000000000000e+01 3.000000000000000000e+00 1.856500000000000000e+03 4.500000000000000000e+00 1.510175000000000000e+05 3.500000000000000000e+00 0.000000000000000000e+00 0.000000000000000000e+00 0.000000000000000000e+00 0.000000000000000000e+00 4.500000000000000000e+00 0.000000000000000000e+00 0.000000000000000000e+00 5.550000000000000000e+01 0.000000000000000000e+00 6.500000000000000000e+00 3.865300000000000000e+04 1.329750000000000000e+04 2.718850000000000000e+04 0.000000000000000000e+00 9.750000000000000000e+01 0.000000000000000000e+00 1.385000000000000000e+02 0.000000000000000000e+00 
2.200000000000000000e+01 2.000000000000000000e+00 0.000000000000000000e+00 4.250000000000000000e+01 1.513140000000000000e+05 3.500000000000000000e+00 0.000000000000000000e+00 9.530000000000000000e+02 4.889110000000000000e+05 9.129000000000000000e+03 2.119185000000000000e+05 8.153500000000000000e+03 3.775485000000000000e+05 1.150000000000000000e+01 4.528450000000000000e+04 2.500000000000000000e+01 2.370160000000000000e+05 3.300000000000000000e+01 1.147200000000000000e+04 8.014500000000000000e+03 3.080000000000000000e+02 2.500000000000000000e+00 1.850000000000000000e+01 6.500000000000000000e+00 1.102000000000000000e+03 4.000000000000000000e+00 1.406500000000000000e+03 2.800000000000000000e+01 5.750000000000000000e+01 9.165550000000000000e+04 0.000000000000000000e+00 1.935150000000000000e+04 3.500000000000000000e+00 0.000000000000000000e+00 0.000000000000000000e+00 0.000000000000000000e+00 3.975000000000000000e+03 0.000000000000000000e+00 0.000000000000000000e+00 2.950000000000000000e+01 1.000000000000000000e+00 0.000000000000000000e+00 5.010000000000000000e+02 8.800000000000000000e+01 1.000000000000000000e+00 1.256750000000000000e+04 2.130000000000000000e+02 0.000000000000000000e+00 1.000000000000000000e+00 1.500000000000000000e+00 0.000000000000000000e+00 0.000000000000000000e+00 0.000000000000000000e+00 1.012500000000000000e+03 4.000000000000000000e+00 1.000000000000000000e+01 1.000000000000000000e+00 2.202000000000000000e+03 2.000000000000000000e+00 1.200000000000000000e+01 1.800000000000000000e+01 6.450000000000000000e+01 0.000000000000000000e+00 0.000000000000000000e+00 0.000000000000000000e+00 0.000000000000000000e+00 
2.091060000000000000e+05 0.000000000000000000e+00 0.000000000000000000e+00 1.947000000000000000e+03 1.000000000000000000e+00 0.000000000000000000e+00 9.530000000000000000e+02 0.000000000000000000e+00 6.696500000000000000e+04 2.525000000000000000e+02 3.869025000000000000e+05 8.500000000000000000e+00 5.250000000000000000e+01 0.000000000000000000e+00 4.468090000000000000e+05 4.050000000000000000e+01 5.000000000000000000e+00 2.700000000000000000e+01 1.450000000000000000e+01 1.500000000000000000e+01 7.905000000000000000e+02 2.373350000000000000e+05 1.000000000000000000e+00 6.444800000000000000e+04 1.102530000000000000e+05 0.000000000000000000e+00 3.500000000000000000e+00 2.050000000000000000e+01 1.459121000000000000e+06 4.838200000000000000e+04 1.040961000000000000e+06 0.000000000000000000e+00 1.500000000000000000e+01 0.000000000000000000e+00 0.000000000000000000e+00 0.000000000000000000e+00 3.800000000000000000e+01 0.000000000000000000e+00 0.000000000000000000e+00 0.000000000000000000e+00 9.500000000000000000e+00 0.000000000000000000e+00 3.865000000000000000e+02 1.975000000000000000e+02 0.000000000000000000e+00 3.400000000000000000e+01 0.000000000000000000e+00 0.000000000000000000e+00 0.000000000000000000e+00 0.000000000000000000e+00 0.000000000000000000e+00 0.000000000000000000e+00 0.000000000000000000e+00 2.695000000000000000e+02 0.000000000000000000e+00 1.000000000000000000e+00 0.000000000000000000e+00 1.550000000000000000e+02 0.000000000000000000e+00 0.000000000000000000e+00 0.000000000000000000e+00 1.525000000000000000e+02 1.500000000000000000e+00 0.000000000000000000e+00 0.000000000000000000e+00 0.000000000000000000e+00 
1.640000000000000000e+02 0.000000000000000000e+00 1.000000000000000000e+00 3.035000000000000000e+02 1.515850000000000000e+04 6.200000000000000000e+01 4.889110000000000000e+05 6.696500000000000000e+04 0.000000000000000000e+00 4.855000000000000000e+02 2.409680000000000000e+05 2.901000000000000000e+03 2.260900000000000000e+04 3.980000000000000000e+02 7.126815000000000000e+05 1.500000000000000000e+00 1.556100000000000000e+04 1.500000000000000000e+00 1.945000000000000000e+02 6.800000000000000000e+01 4.983000000000000000e+03 1.185700000000000000e+04 6.000000000000000000e+00 1.602800000000000000e+04 2.561500000000000000e+03 1.360000000000000000e+02 3.870000000000000000e+02 1.700000000000000000e+01 3.901500000000000000e+03 7.152100000000000000e+04 8.185000000000000000e+02 8.738800000000000000e+04 8.000000000000000000e+00 0.000000000000000000e+00 0.000000000000000000e+00 0.000000000000000000e+00 4.750000000000000000e+01 0.000000000000000000e+00 0.000000000000000000e+00 4.950000000000000000e+01 9.500000000000000000e+00 0.000000000000000000e+00 2.550000000000000000e+02 4.930000000000000000e+02 0.000000000000000000e+00 5.850000000000000000e+02 1.000000000000000000e+02 0.000000000000000000e+00 0.000000000000000000e+00 0.000000000000000000e+00 0.000000000000000000e+00 0.000000000000000000e+00 0.000000000000000000e+00 6.815000000000000000e+02 0.000000000000000000e+00 1.000000000000000000e+00 0.000000000000000000e+00 2.650000000000000000e+01 1.150000000000000000e+01 0.000000000000000000e+00 1.000000000000000000e+00 1.080000000000000000e+02 1.000000000000000000e+00 0.000000000000000000e+00 0.000000000000000000e+00 0.000000000000000000e+00 
2.986500000000000000e+03 8.021250000000000000e+04 0.000000000000000000e+00 2.410550000000000000e+04 7.370500000000000000e+03 2.500000000000000000e+00 9.129000000000000000e+03 2.525000000000000000e+02 4.855000000000000000e+02 0.000000000000000000e+00 3.068000000000000000e+03 6.525000000000000000e+02 1.618950000000000000e+05 7.500000000000000000e+00 4.759500000000000000e+03 6.920000000000000000e+02 6.273450000000000000e+04 4.985000000000000000e+02 1.315000000000000000e+03 8.480000000000000000e+03 5.501500000000000000e+03 2.800000000000000000e+01 2.392850000000000000e+05 2.400000000000000000e+01 3.557525000000000000e+05 2.700000000000000000e+01 4.855000000000000000e+02 4.986800000000000000e+04 2.739350000000000000e+04 7.375050000000000000e+04 2.900000000000000000e+01 1.535000000000000000e+02 3.554000000000000000e+03 0.000000000000000000e+00 1.421500000000000000e+03 1.450000000000000000e+01 3.353200000000000000e+04 2.000000000000000000e+00 1.000000000000000000e+00 0.000000000000000000e+00 1.295000000000000000e+03 0.000000000000000000e+00 3.138250000000000000e+05 1.220450000000000000e+04 4.000000000000000000e+00 1.958950000000000000e+04 2.155000000000000000e+02 1.000000000000000000e+00 3.900000000000000000e+01 1.050000000000000000e+01 6.200000000000000000e+01 0.000000000000000000e+00 9.050000000000000000e+01 3.695950000000000000e+04 9.000000000000000000e+01 1.267700000000000000e+04 1.600000000000000000e+01 9.958500000000000000e+04 2.825000000000000000e+02 8.450000000000000000e+01 4.219000000000000000e+03 3.689150000000000000e+04 1.283000000000000000e+03 0.000000000000000000e+00 0.000000000000000000e+00 7.045000000000000000e+02 
2.061000000000000000e+03 0.000000000000000000e+00 0.000000000000000000e+00 5.938800000000000000e+04 6.500000000000000000e+00 0.000000000000000000e+00 2.119185000000000000e+05 3.869025000000000000e+05 2.409680000000000000e+05 3.068000000000000000e+03 0.000000000000000000e+00 4.305000000000000000e+02 1.552215000000000000e+05 0.000000000000000000e+00 2.058105000000000000e+05 1.000000000000000000e+00 6.020000000000000000e+02 5.800000000000000000e+01 6.365000000000000000e+02 1.060500000000000000e+03 1.775585000000000000e+05 5.099000000000000000e+03 2.000000000000000000e+00 1.308000000000000000e+03 1.901000000000000000e+03 0.000000000000000000e+00 7.350000000000000000e+01 2.500000000000000000e+00 1.603010000000000000e+05 3.679000000000000000e+04 3.280000000000000000e+03 1.000000000000000000e+01 1.710000000000000000e+02 0.000000000000000000e+00 1.000000000000000000e+00 0.000000000000000000e+00 2.304500000000000000e+03 0.000000000000000000e+00 0.000000000000000000e+00 0.000000000000000000e+00 2.355000000000000000e+02 0.000000000000000000e+00 8.319500000000000000e+03 1.605250000000000000e+04 0.000000000000000000e+00 2.969000000000000000e+03 1.250000000000000000e+01 1.500000000000000000e+00 0.000000000000000000e+00 0.000000000000000000e+00 0.000000000000000000e+00 0.000000000000000000e+00 1.500000000000000000e+00 2.786000000000000000e+04 1.000000000000000000e+00 2.500000000000000000e+00 0.000000000000000000e+00 5.055000000000000000e+02 0.000000000000000000e+00 1.000000000000000000e+00 2.000000000000000000e+00 3.955000000000000000e+03 3.050000000000000000e+01 0.000000000000000000e+00 0.000000000000000000e+00 1.550000000000000000e+01 
4.000000000000000000e+00 2.800000000000000000e+01 0.000000000000000000e+00 2.900000000000000000e+01 7.743400000000000000e+04 3.201800000000000000e+05 8.153500000000000000e+03 8.500000000000000000e+00 2.901000000000000000e+03 6.525000000000000000e+02 4.305000000000000000e+02 0.000000000000000000e+00 3.191000000000000000e+03 4.667345000000000000e+05 8.730000000000000000e+02 3.000000000000000000e+00 1.560000000000000000e+03 4.850000000000000000e+02 5.503205000000000000e+05 1.204715000000000000e+05 5.590000000000000000e+02 3.500000000000000000e+00 2.000000000000000000e+00 3.000000000000000000e+00 1.595000000000000000e+02 2.767750000000000000e+04 8.271365000000000000e+05 2.969500000000000000e+03 2.300000000000000000e+01 3.115875000000000000e+05 0.000000000000000000e+00 1.789070000000000000e+05 1.000000000000000000e+00 0.000000000000000000e+00 6.000000000000000000e+00 1.000000000000000000e+00 2.005000000000000000e+02 4.500000000000000000e+00 2.554000000000000000e+03 2.500000000000000000e+00 1.000000000000000000e+00 0.000000000000000000e+00 1.070000000000000000e+02 3.350000000000000000e+01 1.588500000000000000e+03 1.725000000000000000e+02 2.064650000000000000e+04 0.000000000000000000e+00 0.000000000000000000e+00 0.000000000000000000e+00 0.000000000000000000e+00 1.000000000000000000e+00 1.000000000000000000e+00 1.375000000000000000e+02 1.000000000000000000e+00 1.000000000000000000e+00 1.000000000000000000e+00 1.705000000000000000e+02 1.647500000000000000e+03 1.310000000000000000e+02 1.287500000000000000e+03 1.150000000000000000e+01 1.650000000000000000e+01 0.000000000000000000e+00 2.200000000000000000e+01 0.000000000000000000e+00 
6.605000000000000000e+03 5.355000000000000000e+02 0.000000000000000000e+00 1.042730000000000000e+05 9.485000000000000000e+02 1.000000000000000000e+00 3.775485000000000000e+05 5.250000000000000000e+01 2.260900000000000000e+04 1.618950000000000000e+05 1.552215000000000000e+05 3.191000000000000000e+03 0.000000000000000000e+00 1.130000000000000000e+02 6.056200000000000000e+04 3.000000000000000000e+01 2.329150000000000000e+04 4.460000000000000000e+02 6.988000000000000000e+03 2.654100000000000000e+04 3.601330000000000000e+05 0.000000000000000000e+00 2.684000000000000000e+03 2.000000000000000000e+00 1.752560000000000000e+05 2.300000000000000000e+01 2.818500000000000000e+03 3.380000000000000000e+02 1.090150000000000000e+04 1.233840000000000000e+05 0.000000000000000000e+00 1.195000000000000000e+02 1.260000000000000000e+02 0.000000000000000000e+00 1.900000000000000000e+01 0.000000000000000000e+00 4.982150000000000000e+04 0.000000000000000000e+00 1.500000000000000000e+00 2.000000000000000000e+00 1.270000000000000000e+02 0.000000000000000000e+00 7.366000000000000000e+03 3.886000000000000000e+03 4.000000000000000000e+00 9.890750000000000000e+04 2.453000000000000000e+03 1.000000000000000000e+00 0.000000000000000000e+00 1.000000000000000000e+00 0.000000000000000000e+00 2.500000000000000000e+00 6.500000000000000000e+00 4.176250000000000000e+04 0.000000000000000000e+00 2.750000000000000000e+02 0.000000000000000000e+00 1.688300000000000000e+04 2.850000000000000000e+01 2.250000000000000000e+01 4.600000000000000000e+01 3.256000000000000000e+03 4.550000000000000000e+01 0.000000000000000000e+00 0.000000000000000000e+00 1.100000000000000000e+01 
0.000000000000000000e+00 1.431250000000000000e+04 0.000000000000000000e+00 1.000000000000000000e+00 1.412000000000000000e+03 5.265075000000000000e+05 1.150000000000000000e+01 0.000000000000000000e+00 3.980000000000000000e+02 7.500000000000000000e+00 0.000000000000000000e+00 4.667345000000000000e+05 1.130000000000000000e+02 0.000000000000000000e+00 4.500000000000000000e+00 3.500000000000000000e+00 6.150000000000000000e+01 0.000000000000000000e+00 5.290000000000000000e+02 5.000000000000000000e+00 1.500000000000000000e+00 0.000000000000000000e+00 6.400000000000000000e+01 0.000000000000000000e+00 5.000000000000000000e+00 3.810590000000000000e+05 8.593900000000000000e+04 1.918770000000000000e+05 0.000000000000000000e+00 2.322000000000000000e+03 0.000000000000000000e+00 9.297500000000000000e+03 0.000000000000000000e+00 0.000000000000000000e+00 2.966000000000000000e+03 2.000000000000000000e+00 1.050000000000000000e+01 1.350000000000000000e+01 1.516350000000000000e+04 1.300000000000000000e+01 0.000000000000000000e+00 4.000000000000000000e+00 1.935000000000000000e+02 0.000000000000000000e+00 3.557500000000000000e+03 1.300000000000000000e+01 2.705380000000000000e+05 1.050000000000000000e+01 1.500000000000000000e+00 3.000000000000000000e+00 0.000000000000000000e+00 0.000000000000000000e+00 2.500000000000000000e+00 3.500000000000000000e+00 0.000000000000000000e+00 2.800000000000000000e+02 1.400000000000000000e+01 2.750000000000000000e+01 1.568625000000000000e+05 5.145000000000000000e+02 3.662950000000000000e+04 1.000000000000000000e+00 1.445000000000000000e+02 0.000000000000000000e+00 2.560000000000000000e+02 0.000000000000000000e+00 
3.842260000000000000e+05 1.000000000000000000e+00 3.500000000000000000e+01 9.470500000000000000e+03 1.070000000000000000e+02 0.000000000000000000e+00 4.528450000000000000e+04 4.468090000000000000e+05 7.126815000000000000e+05 4.759500000000000000e+03 2.058105000000000000e+05 8.730000000000000000e+02 6.056200000000000000e+04 4.500000000000000000e+00 0.000000000000000000e+00 1.900000000000000000e+01 3.814500000000000000e+03 1.845000000000000000e+02 1.547500000000000000e+03 7.405000000000000000e+02 2.272950000000000000e+04 2.540360000000000000e+05 6.250000000000000000e+01 2.971975000000000000e+05 5.640050000000000000e+04 0.000000000000000000e+00 3.265000000000000000e+02 1.075000000000000000e+02 3.519400000000000000e+04 7.408885000000000000e+05 1.675270000000000000e+05 8.541600000000000000e+04 4.880000000000000000e+02 0.000000000000000000e+00 1.500000000000000000e+00 1.000000000000000000e+00 6.520000000000000000e+02 0.000000000000000000e+00 0.000000000000000000e+00 0.000000000000000000e+00 2.800000000000000000e+01 0.000000000000000000e+00 4.383000000000000000e+03 2.568500000000000000e+03 0.000000000000000000e+00 1.234000000000000000e+03 9.900000000000000000e+01 0.000000000000000000e+00 0.000000000000000000e+00 0.000000000000000000e+00 1.000000000000000000e+00 0.000000000000000000e+00 0.000000000000000000e+00 3.632000000000000000e+03 0.000000000000000000e+00 2.300000000000000000e+01 0.000000000000000000e+00 6.205000000000000000e+02 1.000000000000000000e+00 3.000000000000000000e+00 4.500000000000000000e+00 4.940000000000000000e+02 1.350000000000000000e+01 0.000000000000000000e+00 0.000000000000000000e+00 8.500000000000000000e+00 
9.700000000000000000e+01 2.435000000000000000e+02 1.000000000000000000e+00 2.100000000000000000e+01 3.700000000000000000e+01 0.000000000000000000e+00 2.500000000000000000e+01 4.050000000000000000e+01 1.500000000000000000e+00 6.920000000000000000e+02 1.000000000000000000e+00 3.000000000000000000e+00 3.000000000000000000e+01 3.500000000000000000e+00 1.900000000000000000e+01 0.000000000000000000e+00 2.400000000000000000e+02 2.434000000000000000e+03 1.500000000000000000e+00 3.570000000000000000e+02 0.000000000000000000e+00 3.306650000000000000e+04 3.083935000000000000e+05 9.134550000000000000e+04 4.054185000000000000e+05 1.050000000000000000e+01 1.190000000000000000e+02 8.222500000000000000e+04 5.254000000000000000e+04 1.704000000000000000e+03 2.350000000000000000e+02 1.500000000000000000e+00 9.080000000000000000e+02 0.000000000000000000e+00 7.490000000000000000e+02 3.500000000000000000e+00 3.350000000000000000e+01 5.000000000000000000e+00 0.000000000000000000e+00 0.000000000000000000e+00 4.400000000000000000e+01 1.500000000000000000e+00 1.210500000000000000e+03 7.000000000000000000e+00 0.000000000000000000e+00 3.000000000000000000e+00 1.600000000000000000e+01 0.000000000000000000e+00 8.261450000000000000e+04 1.350000000000000000e+01 0.000000000000000000e+00 0.000000000000000000e+00 0.000000000000000000e+00 3.500000000000000000e+00 1.839350000000000000e+04 1.471100000000000000e+05 4.253800000000000000e+04 7.407450000000000000e+04 1.840000000000000000e+02 1.000000000000000000e+00 7.821500000000000000e+03 3.473850000000000000e+04 4.500000000000000000e+00 3.000000000000000000e+00 0.000000000000000000e+00 1.800000000000000000e+01 
1.835000000000000000e+02 1.750000000000000000e+01 0.000000000000000000e+00 2.800000000000000000e+02 2.180015000000000000e+05 3.000000000000000000e+00 2.370160000000000000e+05 5.000000000000000000e+00 1.556100000000000000e+04 6.273450000000000000e+04 6.020000000000000000e+02 1.560000000000000000e+03 2.329150000000000000e+04 6.150000000000000000e+01 3.814500000000000000e+03 2.400000000000000000e+02 0.000000000000000000e+00 1.550000000000000000e+01 2.570000000000000000e+03 1.207000000000000000e+03 3.300000000000000000e+01 3.550000000000000000e+01 3.665000000000000000e+02 1.405000000000000000e+02 6.645500000000000000e+03 1.500000000000000000e+00 6.295000000000000000e+02 9.000000000000000000e+01 3.640000000000000000e+02 2.150400000000000000e+04 0.000000000000000000e+00 6.016000000000000000e+03 7.950000000000000000e+01 0.000000000000000000e+00 1.500000000000000000e+00 7.500000000000000000e+00 1.351500000000000000e+03 9.990000000000000000e+02 1.000000000000000000e+00 0.000000000000000000e+00 1.950000000000000000e+01 0.000000000000000000e+00 5.360000000000000000e+02 7.400000000000000000e+01 5.500000000000000000e+00 8.545000000000000000e+02 5.025000000000000000e+02 1.500000000000000000e+00 7.000000000000000000e+00 3.266500000000000000e+03 1.000000000000000000e+00 0.000000000000000000e+00 1.500000000000000000e+00 4.750000000000000000e+02 4.600000000000000000e+01 6.000000000000000000e+01 2.800000000000000000e+01 1.524000000000000000e+03 3.000000000000000000e+00 9.000000000000000000e+00 2.500000000000000000e+01 1.585000000000000000e+02 2.500000000000000000e+00 0.000000000000000000e+00 0.000000000000000000e+00 3.000000000000000000e+00 
1.466500000000000000e+03 6.080000000000000000e+02 7.311650000000000000e+04 6.500000000000000000e+01 6.000000000000000000e+00 0.000000000000000000e+00 3.300000000000000000e+01 2.700000000000000000e+01 1.500000000000000000e+00 4.985000000000000000e+02 5.800000000000000000e+01 4.850000000000000000e+02 4.460000000000000000e+02 0.000000000000000000e+00 1.845000000000000000e+02 2.434000000000000000e+03 1.550000000000000000e+01 0.000000000000000000e+00 7.100000000000000000e+01 4.595510000000000000e+05 3.200000000000000000e+02 3.405200000000000000e+04 1.715000000000000000e+02 5.075590000000000000e+05 3.205000000000000000e+03 0.000000000000000000e+00 1.720930000000000000e+05 2.478300000000000000e+05 9.580000000000000000e+03 3.454900000000000000e+04 1.402100000000000000e+04 0.000000000000000000e+00 9.850000000000000000e+01 0.000000000000000000e+00 1.845000000000000000e+02 4.309500000000000000e+03 2.150000000000000000e+01 1.000000000000000000e+00 0.000000000000000000e+00 0.000000000000000000e+00 8.000000000000000000e+00 0.000000000000000000e+00 4.690000000000000000e+02 8.700000000000000000e+01 0.000000000000000000e+00 1.200000000000000000e+02 2.000000000000000000e+00 0.000000000000000000e+00 2.200000000000000000e+01 0.000000000000000000e+00 2.000000000000000000e+01 0.000000000000000000e+00 4.000000000000000000e+00 2.415000000000000000e+02 3.650000000000000000e+01 1.295000000000000000e+02 7.745000000000000000e+02 1.495000000000000000e+02 1.000000000000000000e+00 1.100000000000000000e+01 1.795750000000000000e+04 1.425000000000000000e+02 1.000000000000000000e+00 0.000000000000000000e+00 0.000000000000000000e+00 1.500000000000000000e+00 
4.000000000000000000e+00 1.450000000000000000e+01 0.000000000000000000e+00 7.200000000000000000e+01 3.400000000000000000e+01 3.340000000000000000e+02 1.147200000000000000e+04 1.450000000000000000e+01 1.945000000000000000e+02 1.315000000000000000e+03 6.365000000000000000e+02 5.503205000000000000e+05 6.988000000000000000e+03 5.290000000000000000e+02 1.547500000000000000e+03 1.500000000000000000e+00 2.570000000000000000e+03 7.100000000000000000e+01 0.000000000000000000e+00 1.369750000000000000e+05 8.070000000000000000e+02 1.500000000000000000e+00 6.000000000000000000e+00 1.500000000000000000e+00 3.260000000000000000e+02 1.060000000000000000e+02 1.627510000000000000e+05 8.530000000000000000e+02 2.250000000000000000e+01 2.215850000000000000e+05 0.000000000000000000e+00 1.161100000000000000e+04 3.000000000000000000e+00 0.000000000000000000e+00 1.000000000000000000e+00 2.500000000000000000e+00 5.985000000000000000e+02 0.000000000000000000e+00 0.000000000000000000e+00 0.000000000000000000e+00 1.000000000000000000e+00 0.000000000000000000e+00 1.760000000000000000e+02 7.300000000000000000e+01 0.000000000000000000e+00 3.475000000000000000e+02 8.255000000000000000e+02 0.000000000000000000e+00 0.000000000000000000e+00 1.000000000000000000e+00 1.000000000000000000e+00 0.000000000000000000e+00 1.500000000000000000e+00 3.140000000000000000e+02 3.000000000000000000e+00 2.000000000000000000e+00 3.000000000000000000e+00 4.305000000000000000e+02 3.550000000000000000e+01 3.130000000000000000e+02 1.181500000000000000e+03 2.650000000000000000e+01 0.000000000000000000e+00 0.000000000000000000e+00 0.000000000000000000e+00 0.000000000000000000e+00 
1.080000000000000000e+02 1.520000000000000000e+03 6.340000000000000000e+02 1.436000000000000000e+03 8.600000000000000000e+01 0.000000000000000000e+00 8.014500000000000000e+03 1.500000000000000000e+01 6.800000000000000000e+01 8.480000000000000000e+03 1.060500000000000000e+03 1.204715000000000000e+05 2.654100000000000000e+04 5.000000000000000000e+00 7.405000000000000000e+02 3.570000000000000000e+02 1.207000000000000000e+03 4.595510000000000000e+05 1.369750000000000000e+05 0.000000000000000000e+00 1.167100000000000000e+04 3.103500000000000000e+03 4.925000000000000000e+02 1.192050000000000000e+04 9.783500000000000000e+03 4.250000000000000000e+01 6.898035000000000000e+05 1.819495000000000000e+05 2.823500000000000000e+03 4.639400000000000000e+04 1.685500000000000000e+03 9.000000000000000000e+00 3.510000000000000000e+02 0.000000000000000000e+00 4.180000000000000000e+02 7.606000000000000000e+03 1.187000000000000000e+03 1.500000000000000000e+00 1.000000000000000000e+00 0.000000000000000000e+00 1.400000000000000000e+01 0.000000000000000000e+00 6.362500000000000000e+03 1.941500000000000000e+03 0.000000000000000000e+00 3.476500000000000000e+03 2.675000000000000000e+02 2.000000000000000000e+00 6.500000000000000000e+00 7.000000000000000000e+00 3.400000000000000000e+01 0.000000000000000000e+00 1.350000000000000000e+01 6.108500000000000000e+03 4.050000000000000000e+01 1.900000000000000000e+02 8.450000000000000000e+01 1.396000000000000000e+03 7.000000000000000000e+00 2.320000000000000000e+02 2.593850000000000000e+04 4.825000000000000000e+02 1.650000000000000000e+01 0.000000000000000000e+00 0.000000000000000000e+00 1.700000000000000000e+01 
2.272000000000000000e+03 1.200000000000000000e+01 0.000000000000000000e+00 4.201040000000000000e+05 6.000000000000000000e+00 0.000000000000000000e+00 3.080000000000000000e+02 7.905000000000000000e+02 4.983000000000000000e+03 5.501500000000000000e+03 1.775585000000000000e+05 5.590000000000000000e+02 3.601330000000000000e+05 1.500000000000000000e+00 2.272950000000000000e+04 0.000000000000000000e+00 3.300000000000000000e+01 3.200000000000000000e+02 8.070000000000000000e+02 1.167100000000000000e+04 0.000000000000000000e+00 0.000000000000000000e+00 2.475000000000000000e+02 1.000000000000000000e+00 4.515850000000000000e+04 1.000000000000000000e+00 1.018000000000000000e+03 1.750000000000000000e+01 5.641950000000000000e+04 7.330250000000000000e+04 0.000000000000000000e+00 1.500000000000000000e+00 8.700000000000000000e+01 0.000000000000000000e+00 6.500000000000000000e+00 0.000000000000000000e+00 6.274400000000000000e+04 0.000000000000000000e+00 0.000000000000000000e+00 0.000000000000000000e+00 3.100000000000000000e+02 0.000000000000000000e+00 1.061150000000000000e+04 1.788300000000000000e+04 0.000000000000000000e+00 2.647850000000000000e+04 1.065000000000000000e+02 1.000000000000000000e+00 0.000000000000000000e+00 0.000000000000000000e+00 0.000000000000000000e+00 0.000000000000000000e+00 0.000000000000000000e+00 6.069050000000000000e+04 1.000000000000000000e+00 3.300000000000000000e+01 0.000000000000000000e+00 2.890500000000000000e+03 0.000000000000000000e+00 0.000000000000000000e+00 6.500000000000000000e+00 1.014750000000000000e+04 2.900000000000000000e+01 0.000000000000000000e+00 0.000000000000000000e+00 1.200000000000000000e+01 
4.925500000000000000e+03 1.150000000000000000e+01 1.415000000000000000e+02 3.000000000000000000e+00 5.500000000000000000e+00 0.000000000000000000e+00 2.500000000000000000e+00 2.373350000000000000e+05 1.185700000000000000e+04 2.800000000000000000e+01 5.099000000000000000e+03 3.500000000000000000e+00 0.000000000000000000e+00 0.000000000000000000e+00 2.540360000000000000e+05 3.306650000000000000e+04 3.550000000000000000e+01 3.405200000000000000e+04 1.500000000000000000e+00 3.103500000000000000e+03 0.000000000000000000e+00 0.000000000000000000e+00 3.855000000000000000e+02 1.733259000000000000e+06 1.596600000000000000e+04 0.000000000000000000e+00 7.830000000000000000e+02 3.421000000000000000e+03 6.338445000000000000e+05 8.585850000000000000e+04 9.337505000000000000e+05 0.000000000000000000e+00 1.125305000000000000e+05 0.000000000000000000e+00 7.500000000000000000e+00 6.450000000000000000e+01 3.500000000000000000e+00 0.000000000000000000e+00 0.000000000000000000e+00 0.000000000000000000e+00 6.500000000000000000e+00 1.000000000000000000e+00 1.295000000000000000e+02 5.500000000000000000e+00 0.000000000000000000e+00 1.000000000000000000e+00 2.000000000000000000e+00 0.000000000000000000e+00 2.412000000000000000e+03 1.500000000000000000e+00 0.000000000000000000e+00 0.000000000000000000e+00 0.000000000000000000e+00 5.000000000000000000e+00 6.000000000000000000e+01 3.615000000000000000e+02 2.035000000000000000e+02 6.842500000000000000e+03 0.000000000000000000e+00 0.000000000000000000e+00 3.220000000000000000e+02 5.785000000000000000e+02 0.000000000000000000e+00 0.000000000000000000e+00 0.000000000000000000e+00 0.000000000000000000e+00 
5.490000000000000000e+02 1.675790000000000000e+05 0.000000000000000000e+00 3.831000000000000000e+03 5.300000000000000000e+01 7.000000000000000000e+00 1.850000000000000000e+01 1.000000000000000000e+00 6.000000000000000000e+00 2.392850000000000000e+05 2.000000000000000000e+00 2.000000000000000000e+00 2.684000000000000000e+03 6.400000000000000000e+01 6.250000000000000000e+01 3.083935000000000000e+05 3.665000000000000000e+02 1.715000000000000000e+02 6.000000000000000000e+00 4.925000000000000000e+02 2.475000000000000000e+02 3.855000000000000000e+02 0.000000000000000000e+00 9.909500000000000000e+03 5.256840000000000000e+05 1.135000000000000000e+03 4.600000000000000000e+01 4.002985000000000000e+05 7.065000000000000000e+02 3.280850000000000000e+04 1.229000000000000000e+03 3.500000000000000000e+00 1.222200000000000000e+04 0.000000000000000000e+00 7.059500000000000000e+03 5.000000000000000000e+00 2.905500000000000000e+03 0.000000000000000000e+00 0.000000000000000000e+00 0.000000000000000000e+00 3.600000000000000000e+01 0.000000000000000000e+00 9.209350000000000000e+04 3.500000000000000000e+00 2.000000000000000000e+00 1.880000000000000000e+02 2.050000000000000000e+01 0.000000000000000000e+00 7.030850000000000000e+04 1.000000000000000000e+00 0.000000000000000000e+00 0.000000000000000000e+00 0.000000000000000000e+00 5.800000000000000000e+01 2.111250000000000000e+04 4.183100000000000000e+05 2.833100000000000000e+04 1.258095000000000000e+05 2.062000000000000000e+03 2.000000000000000000e+00 1.043920000000000000e+05 5.285700000000000000e+04 9.500000000000000000e+00 0.000000000000000000e+00 0.000000000000000000e+00 1.150000000000000000e+01 
2.809050000000000000e+04 1.190000000000000000e+02 7.526785000000000000e+05 4.500000000000000000e+00 3.300000000000000000e+01 0.000000000000000000e+00 6.500000000000000000e+00 6.444800000000000000e+04 1.602800000000000000e+04 2.400000000000000000e+01 1.308000000000000000e+03 3.000000000000000000e+00 2.000000000000000000e+00 0.000000000000000000e+00 2.971975000000000000e+05 9.134550000000000000e+04 1.405000000000000000e+02 5.075590000000000000e+05 1.500000000000000000e+00 1.192050000000000000e+04 1.000000000000000000e+00 1.733259000000000000e+06 9.909500000000000000e+03 0.000000000000000000e+00 1.277500000000000000e+04 0.000000000000000000e+00 2.240660000000000000e+05 7.260740000000000000e+05 7.444600000000000000e+04 1.777065000000000000e+05 2.222595000000000000e+05 0.000000000000000000e+00 3.614200000000000000e+04 0.000000000000000000e+00 8.900000000000000000e+01 1.730000000000000000e+02 2.000000000000000000e+00 1.500000000000000000e+00 0.000000000000000000e+00 0.000000000000000000e+00 9.200000000000000000e+01 1.500000000000000000e+00 6.300000000000000000e+01 2.550000000000000000e+01 0.000000000000000000e+00 6.500000000000000000e+00 3.000000000000000000e+00 2.000000000000000000e+00 1.613050000000000000e+04 2.100000000000000000e+01 0.000000000000000000e+00 0.000000000000000000e+00 0.000000000000000000e+00 1.500000000000000000e+01 3.735000000000000000e+02 1.230650000000000000e+04 1.768100000000000000e+04 2.093000000000000000e+03 7.500000000000000000e+00 1.500000000000000000e+00 4.271000000000000000e+03 5.885000000000000000e+02 1.050000000000000000e+01 2.000000000000000000e+00 0.000000000000000000e+00 3.000000000000000000e+00 
