1.000000 0.028333 0.006515 0.047765 0.066244 0.058133 0.203148 0.358088 0.234992 0.194237 0.033352 0.021543 0.119085 -0.086537 0.228689 0.033579 0.212267 -0.085336 0.117608 -0.033080 0.088969 0.022873 0.083245 -0.020579 -0.003805 0.046490 0.243188 0.008772 -0.081676 0.468462 0.724023 0.028912 0.644243 0.118485 0.033876 0.026863 0.082380 0.058962 -0.046094 0.172868 0.177818 0.073734 0.250418 0.119245 0.034133 0.179167 -0.024372 0.113368 0.121070 0.215252 0.010754 0.031252 0.069931 0.067905 -0.010749 0.086628 -0.010721 0.187496 -0.014610 0.003910 -0.002892 0.143833 0.144812 0.059961 0.090801 0.218089 
0.028333 1.000000 0.192960 0.079486 0.132430 0.149834 0.041805 0.100058 0.088184 0.173820 0.009306 0.135318 0.079789 0.064839 0.063552 0.032926 0.061004 0.045654 0.049586 0.096447 0.044150 0.029551 0.096190 -0.003874 0.148671 0.261234 0.230045 0.756195 0.158750 0.047462 0.011348 0.032329 0.020253 0.032265 0.595471 0.029360 0.099881 0.185026 0.149951 0.179860 0.088701 0.146911 0.088922 0.107757 0.167135 0.107710 0.152402 0.139120 0.033897 0.152253 0.085569 0.105458 0.075932 0.084803 0.025893 0.045910 0.067433 0.074153 0.134438 0.063292 0.388067 0.029667 0.044475 0.056893 0.215869 0.036762 
0.006515 0.192960 1.000000 0.073006 0.124539 0.122486 0.016062 0.078153 0.037217 0.100772 -0.028680 0.084673 0.059861 0.061525 0.036699 0.170171 -0.026218 0.111807 0.057026 -0.074395 0.023963 -0.024132 0.304379 0.291382 0.053449 0.071448 0.078221 0.192827 -0.047255 0.007418 0.006282 0.088479 0.039821 0.020333 0.039665 0.079307 0.025979 0.084390 0.061210 0.093327 0.100825 0.056382 0.051575 0.108459 0.120480 0.119672 0.198346 0.055623 0.063312 0.121115 0.019524 0.112458 0.014767 0.077772 0.031683 0.142584 0.055968 0.039578 0.077304 0.067459 0.045344 0.003786 0.026049 0.041301 0.146194 0.029277 
0.047765 0.079486 0.073006 1.000000 0.132310 0.072828 0.039357 0.150987 0.152942 0.445813 0.315248 0.102489 0.421084 0.040957 0.144623 0.170401 0.054799 0.028919 -0.001227 0.074865 0.811024 0.074386 0.162256 0.016841 0.642295 0.053531 0.015531 0.097288 0.223113 0.097152 0.032877 0.072885 0.040552 -0.016350 0.072091 -0.057280 0.524093 0.089790 0.094097 0.152146 0.119961 0.093190 0.227793 0.066062 0.047569 0.132172 -0.002012 0.099547 0.102565 0.177173 -0.000429 0.063963 0.091835 0.206902 -0.039610 0.098858 -0.035243 0.306084 0.083823 0.070917 0.099252 0.130658 0.044819 -0.045532 0.079772 0.034223 
0.066244 0.132430 0.124539 0.132310 1.000000 0.115321 0.459801 0.240249 0.460369 0.212602 0.227866 0.217201 0.129560 0.078562 0.333533 0.024273 0.494586 -0.071607 0.096191 0.012073 0.133860 0.039198 0.124984 0.042074 0.200655 0.244345 0.206988 0.092184 0.083852 0.328812 -0.000712 0.639099 0.080681 0.071092 0.108206 0.137099 0.077032 0.189245 0.176084 0.165423 0.142045 0.130032 0.290372 0.032490 0.100404 0.060263 0.130288 0.122450 0.020865 0.253096 0.042702 0.079267 -0.035736 0.032060 0.108297 0.076456 0.026548 0.138904 0.141094 0.198443 0.164182 0.010570 0.083036 0.024787 0.207266 0.099160 
0.058133 0.149834 0.122486 0.072828 0.115321 1.000000 0.073374 0.009752 0.031335 0.061538 -0.020306 0.233544 0.003253 0.363251 0.049581 0.096497 0.123108 0.136132 0.189649 -0.044760 0.034550 0.093047 0.113375 0.094140 0.054005 0.660058 0.017852 0.031360 0.012991 0.140906 0.012387 0.214656 0.073955 0.009335 0.112594 0.036613 -0.055680 0.074393 0.571659 0.010052 0.031230 0.042068 0.005232 -0.007815 0.185195 -0.033440 0.320829 0.021498 0.043808 0.043266 0.198800 0.088377 0.170140 -0.058472 0.070808 0.094233 0.030399 -0.018019 0.519020 -0.015650 0.168448 -0.032223 0.053684 -0.010390 0.194160 0.068581 
0.203148 0.041805 0.016062 0.039357 0.459801 0.073374 1.000000 0.146796 0.785270 0.005442 0.101241 0.141177 0.059496 0.058347 0.646299 0.052633 0.694295 -0.049107 0.025694 -0.081668 0.031494 0.024839 0.087102 0.023043 -0.034867 0.146620 0.051043 0.001878 -0.062456 0.392508 0.040120 0.548327 0.153900 0.141493 0.070858 0.048333 0.019155 0.090999 0.156986 0.228492 0.146501 0.137219 0.220966 0.031043 0.121334 0.135829 0.139989 0.184565 0.039880 0.215623 0.055069 0.009058 0.054653 -0.009358 0.072911 0.126550 0.086350 0.065575 0.095318 0.162706 0.078237 0.015838 0.195950 0.123168 0.108026 0.215628 
0.358088 0.100058 0.078153 0.150987 0.240249 0.009752 0.146796 1.000000 0.168999 0.361581 0.339274 0.105557 0.281138 -0.048004 0.236766 0.084469 0.154328 -0.078512 0.126154 0.022558 0.208027 0.035113 0.111908 0.008183 0.324995 0.059481 0.125113 0.076433 0.145762 0.225747 0.303061 0.280357 0.235489 0.000187 0.070409 0.045337 0.151745 0.128704 0.034508 0.225470 0.087684 0.123650 0.179212 0.109913 0.034061 0.140479 -0.000536 0.133997 0.068667 0.235447 0.031235 0.073974 0.068397 0.093293 0.013204 0.082875 -0.024975 0.149739 0.008943 0.090382 0.092587 0.119577 0.065122 0.106805 0.183533 0.151946 
0.234992 0.088184 0.037217 0.152942 0.460369 0.031335 0.785270 0.168999 1.000000 0.140580 0.115380 0.084739 0.097523 -0.009844 0.812898 0.029883 0.508072 -0.043723 0.005561 0.015993 0.115856 0.106088 0.034022 -0.006522 0.106231 0.116858 0.124869 0.063945 0.052034 0.406324 0.079220 0.496418 0.156417 0.041932 0.081136 0.036595 0.082394 0.180828 0.135939 0.258957 0.137003 0.206212 0.193649 0.068885 0.127146 0.145236 0.095437 0.224612 -0.004506 0.277871 0.046326 0.020810 0.011835 0.045628 0.066214 0.061344 0.044525 0.092466 0.073081 0.174083 0.121292 0.032200 0.161262 0.044250 0.178192 0.171772 
0.194237 0.173820 0.100772 0.445813 0.212602 0.061538 0.005442 0.361581 0.140580 1.000000 0.267222 0.104315 0.401143 0.036534 0.178646 0.274955 0.011798 -0.036883 0.160791 0.086271 0.355704 0.295802 0.295959 0.103363 0.754415 0.131065 0.197390 0.203818 0.396718 0.139184 0.183591 0.118158 0.204292 0.200452 0.090885 -0.041771 0.250015 0.255030 0.093716 0.371849 0.139435 0.267654 0.153028 0.073471 0.023648 0.140538 0.010555 0.273877 0.125417 0.399681 0.025163 0.136587 0.146984 0.128346 0.058116 0.124575 0.053052 0.208520 0.110768 0.077698 0.129721 0.095895 0.317283 0.258683 0.274613 0.357453 
0.033352 0.009306 -0.028680 0.315248 0.227866 -0.020306 0.101241 0.339274 0.115380 0.267222 1.000000 0.199628 0.618104 0.122808 0.191925 0.047964 0.145943 0.071032 0.191154 0.214082 0.559254 0.011826 0.087800 0.011702 0.364343 0.068933 0.038716 0.013242 0.173477 0.093087 -0.032080 0.200600 0.041904 0.012769 0.106745 0.023919 0.171887 0.105507 0.088278 0.146534 0.117468 0.104709 0.132170 0.123100 0.049515 0.063691 0.076619 0.047938 0.032876 0.140443 0.075836 -0.003026 0.010076 0.090106 0.044600 0.066716 0.000336 0.142452 0.058432 0.213244 0.112897 0.157326 0.066470 0.014534 0.094826 0.054726 
0.021543 0.135318 0.084673 0.102489 0.217201 0.233544 0.141177 0.105557 0.084739 0.104315 0.199628 1.000000 0.104371 0.726260 0.058880 0.063764 0.020723 0.000436 0.332215 0.086684 0.141462 -0.009454 0.080207 0.020897 0.071033 0.389563 -0.050095 0.066590 -0.013803 0.051579 -0.004354 0.202239 -0.001925 0.104758 0.210456 0.075344 0.064518 0.092708 0.285101 0.156388 0.066668 0.193594 0.045902 0.086321 0.059725 0.096281 0.264981 0.100339 0.109470 0.128086 0.149816 0.095199 0.117473 0.086676 0.088511 0.061697 -0.019925 0.066733 0.268033 0.070312 0.158687 0.080957 0.135951 0.031415 0.071810 0.098475 
0.119085 0.079789 0.059861 0.421084 0.129560 0.003253 0.059496 0.281138 0.097523 0.401143 0.618104 0.104371 1.000000 0.050854 0.179180 0.097098 0.066445 0.025901 0.124400 0.139558 0.687154 0.030985 0.162587 0.043110 0.326080 0.036025 0.098880 0.079980 0.035098 0.078540 0.052565 0.104435 0.087562 0.102416 0.066827 -0.009829 0.175050 0.114124 0.030580 0.162334 0.143471 0.104585 0.113017 0.100279 0.185231 0.052160 0.136214 0.097489 0.026457 0.130169 0.023275 0.105940 0.025340 0.072752 -0.013349 0.083340 -0.059736 0.100620 0.112197 0.126016 0.060757 0.103870 0.106708 0.046742 0.124472 0.130369 
-0.086537 0.064839 0.061525 0.040957 0.078562 0.363251 0.058347 -0.048004 -0.009844 0.036534 0.122808 0.726260 0.050854 1.000000 0.018362 0.088527 0.004762 0.088240 0.273471 0.031350 0.067448 0.062258 0.095877 0.061714 0.001253 0.431450 -0.024690 0.059791 0.010646 -0.049054 -0.100108 0.126794 -0.045671 0.005431 0.106925 0.045810 0.057225 0.014328 0.355181 0.077205 0.050801 0.129152 -0.014945 0.029034 0.138101 0.069060 0.459879 0.038415 0.065432 0.012750 0.136028 0.058957 0.092824 0.079340 0.058488 0.051991 -0.011082 0.026419 0.382301 0.062813 0.124627 0.093845 0.002232 -0.014840 0.062115 -0.004289 
0.228689 0.063552 0.036699 0.144623 0.333533 0.049581 0.646299 0.236766 0.812898 0.178646 0.191925 0.058880 0.179180 0.018362 1.000000 0.036439 0.502919 -0.001596 0.066827 -0.031875 0.149497 0.093490 0.008604 -0.033408 0.086853 0.101647 0.162424 0.056547 0.029464 0.548686 0.110890 0.572037 0.300539 0.060261 0.081709 0.106148 0.036302 0.113949 0.117071 0.277847 0.124368 0.211624 0.175593 0.053310 0.122135 0.172121 0.094374 0.270125 0.024379 0.270011 0.105040 -0.007012 0.023312 0.017865 0.043632 0.067154 0.047511 0.037756 0.071316 0.158808 0.099192 0.043002 0.210544 0.084019 0.187280 0.255332 
0.033579 0.032926 0.170171 0.170401 0.024273 0.096497 0.052633 0.084469 0.029883 0.274955 0.047964 0.063764 0.097098 0.088527 0.036439 1.000000 0.004907 0.015607 0.018005 0.003059 0.093453 0.527147 0.797085 0.561130 0.267892 0.096834 0.007999 0.082732 0.120624 0.062955 0.023596 0.080981 0.136531 0.171616 0.037481 0.019192 0.095366 0.029041 0.163529 0.100256 0.164664 0.099271 0.121581 -0.005198 0.036735 0.069176 0.097379 0.112293 0.330078 0.093910 -0.060096 0.083360 0.090343 -0.008743 0.033066 0.381906 0.081175 0.157373 0.083796 0.008743 0.035167 0.114622 0.196214 0.202917 0.041537 0.180838 
0.212267 0.061004 -0.026218 0.054799 0.494586 0.123108 0.694295 0.154328 0.508072 0.011798 0.145943 0.020723 0.066445 0.004762 0.502919 0.004907 1.000000 0.008786 0.037369 -0.040825 0.096594 0.004622 0.023481 0.019232 -0.006966 0.172740 0.126162 0.012536 -0.036292 0.477108 0.044907 0.477392 0.274794 0.082749 0.021111 0.079395 -0.031182 0.109302 0.088332 0.255712 0.111657 0.127811 0.301881 0.014619 0.076218 0.111960 0.050191 0.214497 0.047413 0.320083 0.074838 -0.009964 0.005464 -0.042984 0.062875 0.106233 0.080640 0.048008 0.018079 0.099322 0.044998 -0.015955 0.183943 0.025858 0.146420 0.257650 
-0.085336 0.045654 0.111807 0.028919 -0.071607 0.136132 -0.049107 -0.078512 -0.043723 -0.036883 0.071032 0.000436 0.025901 0.088240 -0.001596 0.015607 0.008786 1.000000 0.003455 0.463552 0.033674 0.042934 -0.010385 0.037140 0.028674 0.184296 0.024409 0.050332 0.045256 0.102833 -0.108687 -0.083000 0.084314 -0.075511 0.055033 0.002905 -0.005684 0.061571 0.117816 -0.001527 -0.004949 -0.012718 0.006002 0.031757 0.130349 0.083277 0.186951 -0.031449 0.077535 0.034486 0.086529 0.008954 0.018741 0.032558 -0.041184 0.091618 0.011496 0.003248 0.254151 -0.071423 0.026584 0.043181 -0.018538 -0.078847 0.001320 -0.032086 
0.117608 0.049586 0.057026 -0.001227 0.096191 0.189649 0.025694 0.126154 0.005561 0.160791 0.191154 0.332215 0.124400 0.273471 0.066827 0.018005 0.037369 0.003455 1.000000 0.275702 0.024291 -0.008122 0.099352 0.041274 0.066004 0.234119 -0.002014 0.019316 -0.007724 0.184004 0.119151 0.067632 0.253491 0.055728 0.137633 0.048651 -0.011602 0.070101 0.093040 0.136395 -0.046469 0.090211 0.078447 0.126177 0.007530 0.052034 0.110440 0.062562 0.158653 0.135574 0.109714 0.044009 0.097883 0.019869 0.022158 0.130562 0.044128 0.093752 0.151497 0.185199 0.110322 0.113171 0.102123 0.057327 0.144926 0.139258 
-0.033080 0.096447 -0.074395 0.074865 0.012073 -0.044760 -0.081668 0.022558 0.015993 0.086271 0.214082 0.086684 0.139558 0.031350 -0.031875 0.003059 -0.040825 0.463552 0.275702 1.000000 0.104315 0.028902 -0.037564 -0.013110 0.129507 0.026851 0.084717 0.159070 0.079141 -0.003389 0.027411 -0.109511 0.041361 -0.063666 0.147552 -0.026838 0.118655 0.142601 0.021130 0.104442 -0.048245 0.079652 0.062271 0.064456 0.083180 0.068540 0.054286 -0.009869 0.083097 0.101967 0.059796 0.089326 0.094927 0.108604 0.029353 0.040789 -0.003223 0.124132 0.130235 0.038591 0.112209 0.115256 -0.026425 -0.048061 -0.000190 -0.035455 
0.088969 0.044150 0.023963 0.811024 0.133860 0.034550 0.031494 0.208027 0.115856 0.355704 0.559254 0.141462 0.687154 0.067448 0.149497 0.093453 0.096594 0.033674 0.024291 0.104315 1.000000 0.057497 0.113839 0.009883 0.489181 0.051305 0.043403 0.090901 0.104118 0.081375 0.025840 0.071414 0.031533 -0.033330 0.050906 -0.025800 0.384291 0.089913 0.080881 0.111435 0.120221 0.048676 0.200920 0.063332 0.095677 0.104989 0.054319 0.046700 0.041587 0.157439 0.046607 0.081386 0.089780 0.179900 -0.061782 0.069994 -0.072949 0.200277 0.091523 0.139398 0.087658 0.131776 0.010101 -0.087586 0.069877 0.019953 
0.022873 0.029551 -0.024132 0.074386 0.039198 0.093047 0.024839 0.035113 0.106088 0.295802 0.011826 -0.009454 0.030985 0.062258 0.093490 0.527147 0.004622 0.042934 -0.008122 0.028902 0.057497 1.000000 0.363267 0.518183 0.157416 0.068333 0.029837 0.089481 0.346641 0.077626 -0.019218 0.026191 0.112785 0.123916 0.065305 0.039198 0.002068 0.065900 0.133166 0.122164 0.094716 0.113780 0.034956 -0.002144 0.036648 0.011253 0.074829 0.178934 0.027775 0.155554 -0.059117 0.120773 0.073960 -0.021490 0.074799 0.103300 0.104498 0.004423 0.098495 -0.004808 0.042545 0.011426 0.183610 0.156979 0.105872 0.200255 
0.083245 0.096190 0.304379 0.162256 0.124984 0.113375 0.087102 0.111908 0.034022 0.295959 0.087800 0.080207 0.162587 0.095877 0.008604 0.797085 0.023481 -0.010385 0.099352 -0.037564 0.113839 0.363267 1.000000 0.602209 0.183629 0.104597 0.013396 0.026445 0.016125 0.068305 0.041850 0.139104 0.168744 0.201408 0.047986 0.019678 0.100657 0.161949 0.177851 0.214192 0.182172 0.181956 0.166626 0.028030 0.140449 0.104926 0.240369 0.170198 0.307873 0.159562 -0.052856 0.095799 0.077053 0.002748 0.062667 0.524450 0.125724 0.181335 0.120697 0.036031 -0.006053 0.145077 0.260723 0.205793 0.221654 0.242934 
-0.020579 -0.003874 0.291382 0.016841 0.042074 0.094140 0.023043 0.008183 -0.006522 0.103363 0.011702 0.020897 0.043110 0.061714 -0.033408 0.561130 0.019232 0.037140 0.041274 -0.013110 0.009883 0.518183 0.602209 1.000000 0.014331 0.038199 0.069857 0.021318 0.050937 -0.055852 -0.033864 0.072328 0.040991 0.145125 -0.020404 0.009021 -0.004795 0.043112 0.125577 0.076975 0.105503 0.099988 0.101041 0.041547 0.058005 0.077001 0.104681 0.132115 0.085731 0.072241 -0.121602 0.147280 0.091843 -0.011582 0.060082 0.137476 0.133156 0.069182 0.021882 0.024415 -0.026501 0.072806 0.188243 0.143598 0.118490 0.206332 
-0.003805 0.148671 0.053449 0.642295 0.200655 0.054005 -0.034867 0.324995 0.106231 0.754415 0.364343 0.071033 0.326080 0.001253 0.086853 0.267892 -0.006966 0.028674 0.066004 0.129507 0.489181 0.157416 0.183629 0.014331 1.000000 0.082739 0.124847 0.188207 0.595445 0.024773 0.034839 0.103685 0.008732 0.001663 0.106144 -0.123554 0.348496 0.100138 0.090083 0.150654 0.070986 0.101786 0.188923 0.018516 -0.058583 0.097645 -0.081487 0.109421 0.187668 0.184509 0.026718 0.056621 0.104227 0.109179 0.048816 0.119573 0.028591 0.277602 0.057004 0.090525 0.167266 0.108838 0.065204 0.078417 0.117061 0.057955 
0.046490 0.261234 0.071448 0.053531 0.244345 0.660058 0.146620 0.059481 0.116858 0.131065 0.068933 0.389563 0.036025 0.431450 0.101647 0.096834 0.172740 0.184296 0.234119 0.026851 0.051305 0.068333 0.104597 0.038199 0.082739 1.000000 0.072778 0.156944 0.070261 0.138566 -0.016675 0.235115 0.088502 0.055342 0.166712 0.097116 -0.033719 0.157738 0.657945 0.124704 0.048345 0.156808 0.052680 -0.036400 0.161504 -0.035196 0.353908 0.085476 0.103110 0.130800 0.271682 0.051576 0.152828 -0.075827 0.051330 0.106139 0.031094 -0.004508 0.695400 0.030986 0.238282 -0.002967 0.102276 0.048827 0.192674 0.106131 
0.243188 0.230045 0.078221 0.015531 0.206988 0.017852 0.051043 0.125113 0.124869 0.197390 0.038716 -0.050095 0.098880 -0.024690 0.162424 0.007999 0.126162 0.024409 -0.002014 0.084717 0.043403 0.029837 0.013396 0.069857 0.124847 0.072778 1.000000 0.335888 0.109603 0.106771 0.221784 0.167543 0.177841 -0.008153 0.089680 0.045814 0.036681 -0.027053 -0.027035 0.010769 0.027607 -0.001928 0.067650 0.030959 0.026728 0.051115 -0.015240 0.034275 -0.001072 0.045754 0.008085 0.013305 0.016295 0.053793 0.013415 -0.035844 0.018200 0.011754 -0.030277 0.094837 0.088417 -0.010845 0.008907 -0.007036 0.021029 0.062004 
0.008772 0.756195 0.192827 0.097288 0.092184 0.031360 0.001878 0.076433 0.063945 0.203818 0.013242 0.066590 0.079980 0.059791 0.056547 0.082732 0.012536 0.050332 0.019316 0.159070 0.090901 0.089481 0.026445 0.021318 0.188207 0.156944 0.335888 1.000000 0.169871 0.001550 0.035492 0.025735 -0.015806 -0.017100 0.375746 0.038085 0.108830 0.061806 0.084136 0.067121 0.053420 0.046914 0.094792 0.019671 0.089407 0.082406 0.078460 0.027414 0.031993 0.058158 0.013802 0.085486 0.086269 0.087531 0.028483 0.012521 0.037032 0.068514 0.083435 0.058230 0.306251 0.038117 -0.044090 0.057394 0.074016 -0.025670 
-0.081676 0.158750 -0.047255 0.223113 0.083852 0.012991 -0.062456 0.145762 0.052034 0.396718 0.173477 -0.013803 0.035098 0.010646 0.029464 0.120624 -0.036292 0.045256 -0.007724 0.079141 0.104118 0.346641 0.016125 0.050937 0.595445 0.070261 0.109603 0.169871 1.000000 -0.027109 -0.086182 0.055046 -0.023810 -0.069243 0.158153 -0.076794 0.093809 0.042533 0.003818 0.090550 -0.014441 0.043190 0.070921 -0.011238 -0.081222 0.036857 -0.075396 0.110352 0.010829 0.112686 0.012928 0.000464 0.005807 0.037216 0.106829 -0.030824 0.069328 0.075383 -0.021770 0.048231 0.200800 0.001473 0.035777 0.024597 0.115168 0.021435 
0.468462 0.047462 0.007418 0.097152 0.328812 0.140906 0.392508 0.225747 0.406324 0.139184 0.093087 0.051579 0.078540 -0.049054 0.548686 0.062955 0.477108 0.102833 0.184004 -0.003389 0.081375 0.077626 0.068305 -0.055852 0.024773 0.138566 0.106771 0.001550 -0.027109 1.000000 0.247356 0.326241 0.763765 0.112076 0.071768 0.116053 0.017704 0.079184 0.051978 0.220283 0.121637 0.138930 0.252949 0.065570 0.077125 0.150974 -0.008282 0.201266 0.149961 0.307042 0.073867 0.013513 0.037542 0.007161 0.071692 0.189572 0.093491 0.065475 0.097645 0.054823 0.074521 0.028982 0.229263 0.071414 0.139091 0.289071 
0.724023 0.011348 0.006282 0.032877 -0.000712 0.012387 0.040120 0.303061 0.079220 0.183591 -0.032080 -0.004354 0.052565 -0.100108 0.110890 0.023596 0.044907 -0.108687 0.119151 0.027411 0.025840 -0.019218 0.041850 -0.033864 0.034839 -0.016675 0.221784 0.035492 -0.086182 0.247356 1.000000 -0.019475 0.521914 0.072096 0.038745 0.003725 0.089586 -0.035450 -0.083092 0.108688 0.068095 0.076543 0.206080 0.087329 -0.050701 0.110127 -0.090920 0.101458 0.146720 0.077374 -0.010377 0.081453 0.089157 0.061970 0.030496 0.071801 -0.019908 0.184145 -0.082396 -0.095584 -0.092842 0.115312 0.070991 0.050625 0.024486 0.125374 
0.028912 0.032329 0.088479 0.072885 0.639099 0.214656 0.548327 0.280357 0.496418 0.118158 0.200600 0.202239 0.104435 0.126794 0.572037 0.080981 0.477392 -0.083000 0.067632 -0.109511 0.071414 0.026191 0.139104 0.072328 0.103685 0.235115 0.167543 0.025735 0.055046 0.326241 -0.019475 1.000000 0.048020 0.024657 0.050016 0.089498 0.019493 0.064237 0.322103 0.140339 0.060298 0.129359 0.200435 -0.016718 0.130316 0.021391 0.178394 0.131226 -0.004787 0.123368 0.022744 0.104977 0.026270 -0.037637 0.070066 0.064758 -0.002458 0.059828 0.170002 0.181474 0.120075 0.021469 0.133401 0.032550 0.126310 0.185486 
0.644243 0.020253 0.039821 0.040552 0.080681 0.073955 0.153900 0.235489 0.156417 0.204292 0.041904 -0.001925 0.087562 -0.045671 0.300539 0.136531 0.274794 0.084314 0.253491 0.041361 0.031533 0.112785 0.168744 0.040991 0.008732 0.088502 0.177841 -0.015806 -0.023810 0.763765 0.521914 0.048020 1.000000 0.118015 0.044779 0.050513 -0.009662 0.055240 -0.041195 0.208285 0.094999 0.084307 0.291699 0.076939 0.020598 0.161768 -0.009812 0.188768 0.210738 0.293756 0.072838 0.010536 0.090456 -0.019439 0.052401 0.226587 0.080840 0.126214 0.016748 0.019595 0.001587 0.119354 0.213640 0.068567 0.139067 0.318511 
0.118485 0.032265 0.020333 -0.016350 0.071092 0.009335 0.141493 0.000187 0.041932 0.200452 0.012769 0.104758 0.102416 0.005431 0.060261 0.171616 0.082749 -0.075511 0.055728 -0.063666 -0.033330 0.123916 0.201408 0.145125 0.001663 0.055342 -0.008153 -0.017100 -0.069243 0.112076 0.072096 0.024657 0.118015 1.000000 0.054092 0.124529 0.095085 0.102472 0.011478 0.203793 0.238494 0.123915 0.152305 0.056509 0.026925 0.158527 0.043375 0.126428 0.169713 0.191177 -0.041515 0.047602 0.109392 0.110510 0.249150 0.198244 0.259728 0.080733 0.096431 0.085579 -0.015639 -0.002218 0.638103 0.643770 0.057115 0.510189 
0.033876 0.595471 0.039665 0.072091 0.108206 0.112594 0.070858 0.070409 0.081136 0.090885 0.106745 0.210456 0.066827 0.106925 0.081709 0.037481 0.021111 0.055033 0.137633 0.147552 0.050906 0.065305 0.047986 -0.020404 0.106144 0.166712 0.089680 0.375746 0.158153 0.071768 0.038745 0.050016 0.044779 0.054092 1.000000 0.132362 0.062127 0.088946 0.150654 0.077828 0.132700 0.061743 0.141758 0.116907 0.072008 0.074624 0.125302 0.072950 0.113817 0.134564 0.037069 0.073040 0.048621 0.077132 0.099452 0.053079 0.042006 0.164343 0.166657 0.279369 0.666679 0.161466 0.044823 0.066906 0.066263 0.013355 
0.026863 0.029360 0.079307 -0.057280 0.137099 0.036613 0.048333 0.045337 0.036595 -0.041771 0.023919 0.075344 -0.009829 0.045810 0.106148 0.019192 0.079395 0.002905 0.048651 -0.026838 -0.025800 0.039198 0.019678 0.009021 -0.123554 0.097116 0.045814 0.038085 -0.076794 0.116053 0.003725 0.089498 0.050513 0.124529 0.132362 1.000000 -0.059321 0.072135 0.164334 -0.000835 0.135497 0.047469 0.008854 0.005496 0.001666 -0.028220 0.063870 0.020732 0.079480 -0.006878 0.102282 -0.055035 0.089373 -0.048864 0.081144 0.173406 0.283484 -0.002622 0.041033 0.093219 0.057203 0.094927 0.098304 0.084620 0.085756 0.064298 
0.082380 0.099881 0.025979 0.524093 0.077032 -0.055680 0.019155 0.151745 0.082394 0.250015 0.171887 0.064518 0.175050 0.057225 0.036302 0.095366 -0.031182 -0.005684 -0.011602 0.118655 0.384291 0.002068 0.100657 -0.004795 0.348496 -0.033719 0.036681 0.108830 0.093809 0.017704 0.089586 0.019493 -0.009662 0.095085 0.062127 -0.059321 1.000000 0.096812 0.007967 0.186582 0.109816 0.113320 0.354807 0.310512 0.003124 0.396592 -0.044168 0.065522 0.121473 0.169629 -0.124843 0.021504 0.024778 0.708332 -0.030025 0.047727 -0.033157 0.612650 0.029925 0.074915 0.081735 0.484466 0.023736 0.017797 0.027476 0.009328 
0.058962 0.185026 0.084390 0.089790 0.189245 0.074393 0.090999 0.128704 0.180828 0.255030 0.105507 0.092708 0.114124 0.014328 0.113949 0.029041 0.109302 0.061571 0.070101 0.142601 0.089913 0.065900 0.161949 0.043112 0.100138 0.157738 -0.027053 0.061806 0.042533 0.079184 -0.035450 0.064237 0.055240 0.102472 0.088946 0.072135 0.096812 1.000000 0.182103 0.655261 0.060261 0.522529 0.105799 0.123798 0.328862 0.167543 0.301081 0.290759 0.040134 0.588092 0.050136 0.084504 0.128973 0.186593 0.140727 0.196007 0.140772 0.101795 0.159588 0.160068 0.146834 0.075295 0.275567 0.063450 0.666876 0.138003 
-0.046094 0.149951 0.061210 0.094097 0.176084 0.571659 0.156986 0.034508 0.135939 0.093716 0.088278 0.285101 0.030580 0.355181 0.117071 0.163529 0.088332 0.117816 0.093040 0.021130 0.080881 0.133166 0.177851 0.125577 0.090083 0.657945 -0.027035 0.084136 0.003818 0.051978 -0.083092 0.322103 -0.041195 0.011478 0.150654 0.164334 0.007967 0.182103 1.000000 0.104754 0.035449 0.177373 0.058311 -0.026997 0.180256 -0.036664 0.388614 0.078733 0.081086 0.064724 0.119717 0.075206 0.133189 -0.048097 0.091538 0.159565 0.078384 0.069465 0.686964 0.118812 0.244739 0.069254 0.104502 0.002835 0.229723 0.113601 
0.172868 0.179860 0.093327 0.152146 0.165423 0.010052 0.228492 0.225470 0.258957 0.371849 0.146534 0.156388 0.162334 0.077205 0.277847 0.100256 0.255712 -0.001527 0.136395 0.104442 0.111435 0.122164 0.214192 0.076975 0.150654 0.124704 0.010769 0.067121 0.090550 0.220283 0.108688 0.140339 0.208285 0.203793 0.077828 -0.000835 0.186582 0.655261 0.104754 1.000000 0.107756 0.739654 0.183350 0.164658 0.305521 0.279895 0.274461 0.585124 0.058029 0.752928 -0.055450 0.097744 0.078041 0.273565 0.075187 0.136368 0.064078 0.143973 0.127939 0.060336 0.069431 0.091872 0.384327 0.125816 0.586596 0.304081 
0.177818 0.088701 0.100825 0.119961 0.142045 0.031230 0.146501 0.087684 0.137003 0.139435 0.117468 0.066668 0.143471 0.050801 0.124368 0.164664 0.111657 -0.004949 -0.046469 -0.048245 0.120221 0.094716 0.182172 0.105503 0.070986 0.048345 0.027607 0.053420 -0.014441 0.121637 0.068095 0.060298 0.094999 0.238494 0.132700 0.135497 0.109816 0.060261 0.035449 0.107756 1.000000 0.098042 0.262836 0.343806 0.124464 0.277014 0.115616 0.150481 0.132461 0.120005 0.035798 0.162629 0.080566 0.217406 0.091471 0.136453 0.106102 0.314241 0.036763 0.090078 0.065530 0.223457 0.097267 0.183715 0.078175 0.124463 
0.073734 0.146911 0.056382 0.093190 0.130032 0.042068 0.137219 0.123650 0.206212 0.267654 0.104709 0.193594 0.104585 0.129152 0.211624 0.099271 0.127811 -0.012718 0.090211 0.079652 0.048676 0.113780 0.181956 0.099988 0.101786 0.156808 -0.001928 0.046914 0.043190 0.138930 0.076543 0.129359 0.084307 0.123915 0.061743 0.047469 0.113320 0.522529 0.177373 0.739654 0.098042 1.000000 0.073387 0.154135 0.332782 0.212736 0.285941 0.742270 0.033044 0.384253 -0.015822 0.156900 0.141197 0.228113 0.084232 0.127561 0.144515 0.068079 0.175252 0.066434 0.058574 0.055828 0.303183 0.092643 0.526164 0.172947 
0.250418 0.088922 0.051575 0.227793 0.290372 0.005232 0.220966 0.179212 0.193649 0.153028 0.132170 0.045902 0.113017 -0.014945 0.175593 0.121581 0.301881 0.006002 0.078447 0.062271 0.200920 0.034956 0.166626 0.101041 0.188923 0.052680 0.067650 0.094792 0.070921 0.252949 0.206080 0.200435 0.291699 0.152305 0.141758 0.008854 0.354807 0.105799 0.058311 0.183350 0.262836 0.073387 1.000000 0.218422 0.010250 0.447355 0.031556 0.101628 0.353986 0.204136 -0.069571 0.059442 0.046095 0.322153 0.204031 0.307083 0.185495 0.783343 0.033234 0.205705 0.204756 0.514966 0.091202 0.123574 0.113516 0.160482 
0.119245 0.107757 0.108459 0.066062 0.032490 -0.007815 0.031043 0.109913 0.068885 0.073471 0.123100 0.086321 0.100279 0.029034 0.053310 -0.005198 0.014619 0.031757 0.126177 0.064456 0.063332 -0.002144 0.028030 0.041547 0.018516 -0.036400 0.030959 0.019671 -0.011238 0.065570 0.087329 -0.016718 0.076939 0.056509 0.116907 0.005496 0.310512 0.123798 -0.026997 0.164658 0.343806 0.154135 0.218422 1.000000 0.088212 0.569314 0.065020 0.195536 0.050773 0.140791 -0.029629 0.139353 0.145016 0.624012 -0.006523 -0.050435 -0.037609 0.336237 0.009947 0.121926 0.113846 0.234564 0.071065 0.111995 0.131065 0.092412 
0.034133 0.167135 0.120480 0.047569 0.100404 0.185195 0.121334 0.034061 0.127146 0.023648 0.049515 0.059725 0.185231 0.138101 0.122135 0.036735 0.076218 0.130349 0.007530 0.083180 0.095677 0.036648 0.140449 0.058005 -0.058583 0.161504 0.026728 0.089407 -0.081222 0.077125 -0.050701 0.130316 0.020598 0.026925 0.072008 0.001666 0.003124 0.328862 0.180256 0.305521 0.124464 0.332782 0.010250 0.088212 1.000000 0.107807 0.797978 0.214023 0.000377 0.125605 0.029661 0.415005 0.063943 0.085370 0.042078 0.093672 0.027642 -0.004097 0.396459 0.055664 0.047203 -0.005559 0.135647 -0.040238 0.326941 0.064337 
0.179167 0.107710 0.119672 0.132172 0.060263 -0.033440 0.135829 0.140479 0.145236 0.140538 0.063691 0.096281 0.052160 0.069060 0.172121 0.069176 0.111960 0.083277 0.052034 0.068540 0.104989 0.011253 0.104926 0.077001 0.097645 -0.035196 0.051115 0.082406 0.036857 0.150974 0.110127 0.021391 0.161768 0.158527 0.074624 -0.028220 0.396592 0.167543 -0.036664 0.279895 0.277014 0.212736 0.447355 0.569314 0.107807 1.000000 0.074743 0.203905 0.105656 0.229148 -0.094355 0.110192 0.129561 0.692536 0.084489 0.063535 0.054700 0.368444 0.038692 0.088786 0.059168 0.173476 0.068795 0.117519 0.157515 0.085456 
-0.024372 0.152402 0.198346 -0.002012 0.130288 0.320829 0.139989 -0.000536 0.095437 0.010555 0.076619 0.264981 0.136214 0.459879 0.094374 0.097379 0.050191 0.186951 0.110440 0.054286 0.054319 0.074829 0.240369 0.104681 -0.081487 0.353908 -0.015240 0.078460 -0.075396 -0.008282 -0.090920 0.178394 -0.009812 0.043375 0.125302 0.063870 -0.044168 0.301081 0.388614 0.274461 0.115616 0.285941 0.031556 0.065020 0.797978 0.074743 1.000000 0.188886 0.039699 0.126168 0.045559 0.215398 0.015917 0.040466 0.103446 0.184658 0.064034 -0.001483 0.506047 0.074213 0.095143 0.016305 0.110013 0.003847 0.372857 0.051451 
0.113368 0.139120 0.055623 0.099547 0.122450 0.021498 0.184565 0.133997 0.224612 0.273877 0.047938 0.100339 0.097489 0.038415 0.270125 0.112293 0.214497 -0.031449 0.062562 -0.009869 0.046700 0.178934 0.170198 0.132115 0.109421 0.085476 0.034275 0.027414 0.110352 0.201266 0.101458 0.131226 0.188768 0.126428 0.072950 0.020732 0.065522 0.290759 0.078733 0.585124 0.150481 0.742270 0.101628 0.195536 0.214023 0.203905 0.188886 1.000000 0.034897 0.416165 -0.042057 0.162394 0.114028 0.164408 0.060852 0.068207 0.089070 0.057086 0.058474 0.112537 0.056841 0.053672 0.416556 0.144276 0.544432 0.364607 
0.121070 0.033897 0.063312 0.102565 0.020865 0.043808 0.039880 0.068667 -0.004506 0.125417 0.032876 0.109470 0.026457 0.065432 0.024379 0.330078 0.047413 0.077535 0.158653 0.083097 0.041587 0.027775 0.307873 0.085731 0.187668 0.103110 -0.001072 0.031993 0.010829 0.149961 0.146720 -0.004787 0.210738 0.169713 0.113817 0.079480 0.121473 0.040134 0.081086 0.058029 0.132461 0.033044 0.353986 0.050773 0.000377 0.105656 0.039699 0.034897 1.000000 0.102444 0.001903 0.059109 0.068231 0.029775 0.341126 0.752469 0.479039 0.334317 0.101858 0.143090 0.241278 0.287810 0.170047 0.264607 0.015422 0.144824 
0.215252 0.152253 0.121115 0.177173 0.253096 0.043266 0.215623 0.235447 0.277871 0.399681 0.140443 0.128086 0.130169 0.012750 0.270011 0.093910 0.320083 0.034486 0.135574 0.101967 0.157439 0.155554 0.159562 0.072241 0.184509 0.130800 0.045754 0.058158 0.112686 0.307042 0.077374 0.123368 0.293756 0.191177 0.134564 -0.006878 0.169629 0.588092 0.064724 0.752928 0.120005 0.384253 0.204136 0.140791 0.125605 0.229148 0.126168 0.416165 0.102444 1.000000 -0.016552 0.047598 0.014698 0.224935 0.101022 0.121432 0.014809 0.134498 0.065756 0.173669 0.179548 0.105893 0.378015 0.129138 0.502431 0.370793 
0.010754 0.085569 0.019524 -0.000429 0.042702 0.198800 0.055069 0.031235 0.046326 0.025163 0.075836 0.149816 0.023275 0.136028 0.105040 -0.060096 0.074838 0.086529 0.109714 0.059796 0.046607 -0.059117 -0.052856 -0.121602 0.026718 0.271682 0.008085 0.013802 0.012928 0.073867 -0.010377 0.022744 0.072838 -0.041515 0.037069 0.102282 -0.124843 0.050136 0.119717 -0.055450 0.035798 -0.015822 -0.069571 -0.029629 0.029661 -0.094355 0.045559 -0.042057 0.001903 -0.016552 1.000000 0.007246 0.401365 -0.147550 0.053072 0.019618 0.102570 -0.078827 0.100212 0.058810 0.055895 -0.011019 0.014022 -0.023634 0.039568 0.042351 
0.031252 0.105458 0.112458 0.063963 0.079267 0.088377 0.009058 0.073974 0.020810 0.136587 -0.003026 0.095199 0.105940 0.058957 -0.007012 0.083360 -0.009964 0.008954 0.044009 0.089326 0.081386 0.120773 0.095799 0.147280 0.056621 0.051576 0.013305 0.085486 0.000464 0.013513 0.081453 0.104977 0.010536 0.047602 0.073040 -0.055035 0.021504 0.084504 0.075206 0.097744 0.162629 0.156900 0.059442 0.139353 0.415005 0.110192 0.215398 0.162394 0.059109 0.047598 0.007246 1.000000 0.318652 0.084177 0.038123 0.063860 0.018251 0.070849 0.197343 0.066445 0.054109 0.019760 0.074908 0.053603 0.059674 0.124270 
0.069931 0.075932 0.014767 0.091835 -0.035736 0.170140 0.054653 0.068397 0.011835 0.146984 0.010076 0.117473 0.025340 0.092824 0.023312 0.090343 0.005464 0.018741 0.097883 0.094927 0.089780 0.073960 0.077053 0.091843 0.104227 0.152828 0.016295 0.086269 0.005807 0.037542 0.089157 0.026270 0.090456 0.109392 0.048621 0.089373 0.024778 0.128973 0.133189 0.078041 0.080566 0.141197 0.046095 0.145016 0.063943 0.129561 0.015917 0.114028 0.068231 0.014698 0.401365 0.318652 1.000000 0.020307 0.060969 0.079219 0.055314 0.100229 0.159395 0.186944 0.073652 0.090754 0.135598 0.214871 0.129635 0.101730 
0.067905 0.084803 0.077772 0.206902 0.032060 -0.058472 -0.009358 0.093293 0.045628 0.128346 0.090106 0.086676 0.072752 0.079340 0.017865 -0.008743 -0.042984 0.032558 0.019869 0.108604 0.179900 -0.021490 0.002748 -0.011582 0.109179 -0.075827 0.053793 0.087531 0.037216 0.007161 0.061970 -0.037637 -0.019439 0.110510 0.077132 -0.048864 0.708332 0.186593 -0.048097 0.273565 0.217406 0.228113 0.322153 0.624012 0.085370 0.692536 0.040466 0.164408 0.029775 0.224935 -0.147550 0.084177 0.020307 1.000000 0.016792 -0.033460 -0.028012 0.467918 0.010796 0.083814 0.090998 0.307210 0.035133 0.036180 0.107207 0.019069 
-0.010749 0.025893 0.031683 -0.039610 0.108297 0.070808 0.072911 0.013204 0.066214 0.058116 0.044600 0.088511 -0.013349 0.058488 0.043632 0.033066 0.062875 -0.041184 0.022158 0.029353 -0.061782 0.074799 0.062667 0.060082 0.048816 0.051330 0.013415 0.028483 0.106829 0.071692 0.030496 0.070066 0.052401 0.249150 0.099452 0.081144 -0.030025 0.140727 0.091538 0.075187 0.091471 0.084232 0.204031 -0.006523 0.042078 0.084489 0.103446 0.060852 0.341126 0.101022 0.053072 0.038123 0.060969 0.016792 1.000000 0.356345 0.659438 0.069344 0.048140 0.143527 0.141490 0.044840 0.179268 0.215023 0.138847 0.141393 
0.086628 0.045910 0.142584 0.098858 0.076456 0.094233 0.126550 0.082875 0.061344 0.124575 0.066716 0.061697 0.083340 0.051991 0.067154 0.381906 0.106233 0.091618 0.130562 0.040789 0.069994 0.103300 0.524450 0.137476 0.119573 0.106139 -0.035844 0.012521 -0.030824 0.189572 0.071801 0.064758 0.226587 0.198244 0.053079 0.173406 0.047727 0.196007 0.159565 0.136368 0.136453 0.127561 0.307083 -0.050435 0.093672 0.063535 0.184658 0.068207 0.752469 0.121432 0.019618 0.063860 0.079219 -0.033460 0.356345 1.000000 0.563837 0.190173 0.120723 0.116968 0.089862 0.150708 0.178996 0.210778 0.170177 0.140521 
-0.010721 0.067433 0.055968 -0.035243 0.026548 0.030399 0.086350 -0.024975 0.044525 0.053052 0.000336 -0.019925 -0.059736 -0.011082 0.047511 0.081175 0.080640 0.011496 0.044128 -0.003223 -0.072949 0.104498 0.125724 0.133156 0.028591 0.031094 0.018200 0.037032 0.069328 0.093491 -0.019908 -0.002458 0.080840 0.259728 0.042006 0.283484 -0.033157 0.140772 0.078384 0.064078 0.106102 0.144515 0.185495 -0.037609 0.027642 0.054700 0.064034 0.089070 0.479039 0.014809 0.102570 0.018251 0.055314 -0.028012 0.659438 0.563837 1.000000 0.043603 -0.004239 0.142335 0.118123 0.040240 0.173083 0.304117 0.143355 0.170498 
0.187496 0.074153 0.039578 0.306084 0.138904 -0.018019 0.065575 0.149739 0.092466 0.208520 0.142452 0.066733 0.100620 0.026419 0.037756 0.157373 0.048008 0.003248 0.093752 0.124132 0.200277 0.004423 0.181335 0.069182 0.277602 -0.004508 0.011754 0.068514 0.075383 0.065475 0.184145 0.059828 0.126214 0.080733 0.164343 -0.002622 0.612650 0.101795 0.069465 0.143973 0.314241 0.068079 0.783343 0.336237 -0.004097 0.368444 -0.001483 0.057086 0.334317 0.134498 -0.078827 0.070849 0.100229 0.467918 0.069344 0.190173 0.043603 1.000000 0.061644 0.180376 0.216427 0.784537 0.064659 0.073029 0.067436 0.072880 
-0.014610 0.134438 0.077304 0.083823 0.141094 0.519020 0.095318 0.008943 0.073081 0.110768 0.058432 0.268033 0.112197 0.382301 0.071316 0.083796 0.018079 0.254151 0.151497 0.130235 0.091523 0.098495 0.120697 0.021882 0.057004 0.695400 -0.030277 0.083435 -0.021770 0.097645 -0.082396 0.170002 0.016748 0.096431 0.166657 0.041033 0.029925 0.159588 0.686964 0.127939 0.036763 0.175252 0.033234 0.009947 0.396459 0.038692 0.506047 0.058474 0.101858 0.065756 0.100212 0.197343 0.159395 0.010796 0.048140 0.120723 -0.004239 0.061644 1.000000 0.110721 0.217757 0.045981 0.113572 0.071620 0.140273 0.118083 
0.003910 0.063292 0.067459 0.070917 0.198443 -0.015650 0.162706 0.090382 0.174083 0.077698 0.213244 0.070312 0.126016 0.062813 0.158808 0.008743 0.099322 -0.071423 0.185199 0.038591 0.139398 -0.004808 0.036031 0.024415 0.090525 0.030986 0.094837 0.058230 0.048231 0.054823 -0.095584 0.181474 0.019595 0.085579 0.279369 0.093219 0.074915 0.160068 0.118812 0.060336 0.090078 0.066434 0.205705 0.121926 0.055664 0.088786 0.074213 0.112537 0.143090 0.173669 0.058810 0.066445 0.186944 0.083814 0.143527 0.116968 0.142335 0.180376 0.110721 1.000000 0.517204 0.219094 0.107099 0.099288 0.235893 0.121304 
-0.002892 0.388067 0.045344 0.099252 0.164182 0.168448 0.078237 0.092587 0.121292 0.129721 0.112897 0.158687 0.060757 0.124627 0.099192 0.035167 0.044998 0.026584 0.110322 0.112209 0.087658 0.042545 -0.006053 -0.026501 0.167266 0.238282 0.088417 0.306251 0.200800 0.074521 -0.092842 0.120075 0.001587 -0.015639 0.666679 0.057203 0.081735 0.146834 0.244739 0.069431 0.065530 0.058574 0.204756 0.113846 0.047203 0.059168 0.095143 0.056841 0.241278 0.179548 0.055895 0.054109 0.073652 0.090998 0.141490 0.089862 0.118123 0.216427 0.217757 0.517204 1.000000 0.210662 0.032427 0.076162 0.148373 0.005891 
0.143833 0.029667 0.003786 0.130658 0.010570 -0.032223 0.015838 0.119577 0.032200 0.095895 0.157326 0.080957 0.103870 0.093845 0.043002 0.114622 -0.015955 0.043181 0.113171 0.115256 0.131776 0.011426 0.145077 0.072806 0.108838 -0.002967 -0.010845 0.038117 0.001473 0.028982 0.115312 0.021469 0.119354 -0.002218 0.161466 0.094927 0.484466 0.075295 0.069254 0.091872 0.223457 0.055828 0.514966 0.234564 -0.005559 0.173476 0.016305 0.053672 0.287810 0.105893 -0.011019 0.019760 0.090754 0.307210 0.044840 0.150708 0.040240 0.784537 0.045981 0.219094 0.210662 1.000000 0.071175 0.034928 0.088580 0.053181 
0.144812 0.044475 0.026049 0.044819 0.083036 0.053684 0.195950 0.065122 0.161262 0.317283 0.066470 0.135951 0.106708 0.002232 0.210544 0.196214 0.183943 -0.018538 0.102123 -0.026425 0.010101 0.183610 0.260723 0.188243 0.065204 0.102276 0.008907 -0.044090 0.035777 0.229263 0.070991 0.133401 0.213640 0.638103 0.044823 0.098304 0.023736 0.275567 0.104502 0.384327 0.097267 0.303183 0.091202 0.071065 0.135647 0.068795 0.110013 0.416556 0.170047 0.378015 0.014022 0.074908 0.135598 0.035133 0.179268 0.178996 0.173083 0.064659 0.113572 0.107099 0.032427 0.071175 1.000000 0.513220 0.243457 0.850541 
0.059961 0.056893 0.041301 -0.045532 0.024787 -0.010390 0.123168 0.106805 0.044250 0.258683 0.014534 0.031415 0.046742 -0.014840 0.084019 0.202917 0.025858 -0.078847 0.057327 -0.048061 -0.087586 0.156979 0.205793 0.143598 0.078417 0.048827 -0.007036 0.057394 0.024597 0.071414 0.050625 0.032550 0.068567 0.643770 0.066906 0.084620 0.017797 0.063450 0.002835 0.125816 0.183715 0.092643 0.123574 0.111995 -0.040238 0.117519 0.003847 0.144276 0.264607 0.129138 -0.023634 0.053603 0.214871 0.036180 0.215023 0.210778 0.304117 0.073029 0.071620 0.099288 0.076162 0.034928 0.513220 1.000000 0.096057 0.498700 
0.090801 0.215869 0.146194 0.079772 0.207266 0.194160 0.108026 0.183533 0.178192 0.274613 0.094826 0.071810 0.124472 0.062115 0.187280 0.041537 0.146420 0.001320 0.144926 -0.000190 0.069877 0.105872 0.221654 0.118490 0.117061 0.192674 0.021029 0.074016 0.115168 0.139091 0.024486 0.126310 0.139067 0.057115 0.066263 0.085756 0.027476 0.666876 0.229723 0.586596 0.078175 0.526164 0.113516 0.131065 0.326941 0.157515 0.372857 0.544432 0.015422 0.502431 0.039568 0.059674 0.129635 0.107207 0.138847 0.170177 0.143355 0.067436 0.140273 0.235893 0.148373 0.088580 0.243457 0.096057 1.000000 0.178917 
0.218089 0.036762 0.029277 0.034223 0.099160 0.068581 0.215628 0.151946 0.171772 0.357453 0.054726 0.098475 0.130369 -0.004289 0.255332 0.180838 0.257650 -0.032086 0.139258 -0.035455 0.019953 0.200255 0.242934 0.206332 0.057955 0.106131 0.062004 -0.025670 0.021435 0.289071 0.125374 0.185486 0.318511 0.510189 0.013355 0.064298 0.009328 0.138003 0.113601 0.304081 0.124463 0.172947 0.160482 0.092412 0.064337 0.085456 0.051451 0.364607 0.144824 0.370793 0.042351 0.124270 0.101730 0.019069 0.141393 0.140521 0.170498 0.072880 0.118083 0.121304 0.005891 0.053181 0.850541 0.498700 0.178917 1.000000 
