0.000000000000000000e+00 8.005137146971473550e-02 9.657262598211051319e-02 1.295004640969560639e-01 1.597514966936425251e-01 9.674826094320709835e-02 3.509133897677207958e-01 4.173694621746442679e-01 3.698666215563783388e-01 2.424056306842874431e-01 7.932452460491651314e-02 9.930807629350602017e-02 1.647156987544646511e-01 2.313042050948438400e-02 3.313905513052679552e-01 8.701378160925828109e-02 3.394327313304693616e-01 9.529642579418459714e-02 2.442659939768092592e-01 1.115219829077462171e-01 1.079716391855855134e-01 1.163184619388746704e-01 5.012317216834714234e-02 7.370237286609389316e-02 9.959092783059373538e-03 1.151692104134866695e-01 2.582174569266269537e-01 4.643682927917253123e-02 1.516362978885608601e-02 5.568558039316140462e-01 7.506334258071367671e-01 9.095580934449457033e-02 6.778625759051182254e-01 2.114948395103592449e-01 8.068017490099137212e-02 2.389723100207946302e-02 1.719466494657164168e-01 1.665942292633569854e-01 6.084834997112643917e-02 2.216656839605351814e-01 1.946829467367267585e-01 1.443878901931628933e-01 3.855775092221539468e-01 4.678372660328349031e-02 1.183984530702870686e-01 2.791189994021938681e-01 1.154331683805605996e-01 1.514158659493131387e-01 1.728407087379305040e-01 2.674537413993519630e-01 9.081565486495327133e-02 1.401947103122942219e-02 5.831820150784718798e-02 1.095891205582266298e-01 9.500171929101050572e-02 1.824796346973949490e-01 1.441877947523046433e-01 2.820774889677230002e-01 8.252526105505580967e-02 2.753028147738382711e-02 5.300810742902866551e-02 1.703461270940408723e-01 2.491064894603070290e-01 1.723071340617622349e-01 1.542290994163216522e-01 2.900293920839116524e-01 
8.005137146971473550e-02 0.000000000000000000e+00 3.465854095752521902e-01 9.467009985770893921e-02 5.083841731722940627e-02 1.174640308327580124e-01 3.851664344353515623e-02 3.938069150769943350e-02 6.572752398236235416e-02 8.795047025910031346e-02 5.082818459021989227e-02 1.790337704355223214e-01 6.284136838837371675e-02 2.098725748844796624e-01 9.953998554321318026e-02 3.227098311563336014e-02 1.384036785081930176e-01 7.378767446968702293e-02 6.133629971984128765e-02 8.268821224092288980e-02 4.440411794818262259e-02 8.496313217752603231e-02 2.464299914848200046e-01 1.332396151633431780e-01 1.569798948717678333e-01 3.315668993581896151e-01 3.772951008162360731e-01 7.462006546690895803e-01 2.572249352660525012e-01 1.187544652481869745e-01 6.757451045650507415e-02 8.660198363675525313e-02 9.838105948931261113e-02 7.965565153842903146e-02 6.166860116131557268e-01 2.162302046667781766e-02 9.891710471163489560e-02 6.394150957747091191e-02 1.221578254655747153e-01 6.911281809536551357e-02 5.463606772568391917e-02 2.866210845481282146e-02 1.241004592089200997e-01 1.834804209710358056e-02 2.722538278236680265e-01 2.781442388788683134e-02 2.548093219209489613e-01 5.663815323608220077e-04 6.260766006622693614e-02 1.796012682118558121e-02 2.565509482868935653e-01 2.243295942711689694e-01 1.142069586214560367e-01 1.716819376363241945e-02 9.347718604560026345e-02 1.043381047888194135e-01 3.934937437063983773e-02 1.240630713034592686e-01 1.305768232604313239e-01 1.398060071400104298e-01 4.137261623938963129e-01 1.543060743242002930e-01 1.142811481548320490e-01 5.229099896584189777e-02 3.209247748206262713e-02 1.336693498144077008e-01 
9.657262598211051319e-02 3.465854095752521902e-01 0.000000000000000000e+00 7.563331174143435309e-02 1.284929627124341833e-01 3.167032984839471821e-01 4.281650419442513400e-02 1.635121672768786172e-01 6.924208349722246747e-02 7.328939235929754492e-02 8.469253604236809396e-02 1.868408829524677850e-01 1.152084918478794850e-01 2.534074854144137690e-01 4.318235161167471858e-02 2.586607697717224763e-01 1.006344071596836504e-01 3.148047715011743630e-01 4.025949292327032220e-02 9.684896787096720916e-02 7.619807244160987925e-02 1.632455029286584425e-01 3.865948125628816401e-01 4.874330809900087602e-01 4.253607113949607610e-02 1.658969149686223277e-01 8.933769357285131774e-02 3.270907409132901011e-01 1.256073203719582365e-01 3.913055652548212693e-02 1.404334836333007708e-01 1.619585844381290773e-01 3.328735546777019522e-02 5.655510183336977942e-02 2.487678164159849020e-02 2.344631529921217261e-01 3.708042961301340895e-02 1.700885553074430179e-01 2.229737796366430824e-01 1.783684619447951369e-01 8.346419569156053597e-02 1.322364812402802015e-01 4.565857734373875154e-02 7.261454281670088814e-03 2.899079576609701614e-01 4.782530543783344162e-02 3.311095178229311875e-01 1.296424989739219658e-01 6.924527030848010023e-02 1.694379513900214074e-01 1.723738804839127503e-01 1.773013962494288387e-01 1.451543883322834461e-01 2.276503981410380947e-02 7.936728625978874130e-02 1.337426591585932356e-01 1.084429331114365389e-02 7.470374407863927813e-02 3.024009427218953827e-01 1.080376931493361864e-01 1.260568371044801517e-01 5.711047291441854329e-02 9.237235653968682569e-02 5.837534236049483211e-02 2.082910905033003579e-01 1.067260630540856209e-01 
1.295004640969560639e-01 9.467009985770893921e-02 7.563331174143435309e-02 0.000000000000000000e+00 1.120621338899913111e-01 2.967252091026747682e-02 1.000855950833833968e-01 2.150760810256340527e-01 7.440278680231954267e-02 4.459286150647840397e-01 2.958138583881995132e-01 4.400217493002168273e-03 5.092598378911067369e-01 4.629982038628561308e-02 5.674022462924381560e-02 9.972041507143340755e-02 1.817946939029853604e-01 9.343972696098838682e-02 2.588668238049371059e-02 8.013169518281357262e-02 8.132073960809726998e-01 4.801481005700220656e-02 5.339728953463434430e-02 5.057270203983844220e-02 6.561439567107009152e-01 2.612581387646376388e-02 7.488018146706869327e-02 8.410910104133999254e-02 3.345954896027962255e-01 8.004019865791611732e-02 1.269284665009159652e-01 8.763204683153794083e-02 1.060827903258486915e-01 1.691857992064935701e-01 1.177562804588212220e-01 9.257296538774885397e-02 5.572430873085360004e-01 9.888982175318450016e-03 1.960796612452088417e-02 4.743234813886031825e-02 7.141580625109507363e-02 5.248048954495432988e-02 2.566638405364964348e-01 1.925410176732596235e-02 5.990222405739610567e-02 1.286036316665377377e-01 4.413753149431730999e-02 8.323378688178120766e-02 1.557898081501150611e-01 5.773720839151299383e-02 2.730467750481578235e-02 8.327479220150775518e-02 1.645754450650566830e-02 2.796923186513385340e-01 8.051727623540549938e-02 7.786468313308840539e-02 7.427836203590969244e-02 3.554778826606050379e-01 4.689245080172900482e-02 7.021276139388725468e-02 1.349361061621492941e-01 1.852796049399701717e-01 1.091685199952061314e-01 1.694465704817768037e-01 1.616993338881590747e-02 9.481647578364575668e-02 
1.597514966936425251e-01 5.083841731722940627e-02 1.284929627124341833e-01 1.120621338899913111e-01 0.000000000000000000e+00 1.150711415709648605e-01 6.573980463135278285e-01 1.331895738108029859e-02 6.109962787703810960e-01 6.617945114152452846e-02 1.709417962182462614e-01 3.239566107981056153e-01 3.600712292635806916e-02 9.319504476151760364e-02 4.961329158580461418e-01 1.838558942945345276e-01 6.579213704090490777e-01 6.221833022984411127e-02 3.990987966139453863e-02 1.799057582916497311e-01 1.655541830242191204e-01 1.136593145244278180e-01 2.806627399978285919e-01 1.652440484176926905e-01 1.659572239919470671e-01 2.501529816514784232e-01 2.840391223359251538e-01 1.183244856759153862e-01 9.578457014514930867e-02 4.920098995129259523e-01 3.909456697139632869e-02 6.792551482325563939e-01 2.229982063188151176e-01 1.433792147426357633e-01 6.284841050903629267e-02 1.461382928858762642e-01 1.122560910778041404e-01 1.148162364992470624e-01 1.904827067611971902e-01 2.595205871109346751e-01 3.191816267465231310e-02 1.589883141044216852e-01 3.354250658808785590e-01 7.958306570800621760e-02 8.139573439482557238e-02 1.240673359639800216e-01 3.270368610944397736e-02 2.211192677140778051e-01 1.748713116579269367e-01 2.693694737298711894e-01 1.449533426611796516e-01 3.315229592905680200e-02 5.137102372195109790e-02 7.125001957193979885e-02 1.007930241841448887e-01 3.025757912751834144e-01 1.830750184408083125e-01 1.737148811098869483e-01 1.196673922773870136e-01 3.923416790014534056e-02 1.006974465818096659e-01 7.635517363545732406e-02 2.831398658330976925e-01 9.044343366708730569e-02 9.659583290116229015e-02 3.068883139939802551e-01 
9.674826094320709835e-02 1.174640308327580124e-01 3.167032984839471821e-01 2.967252091026747682e-02 1.150711415709648605e-01 0.000000000000000000e+00 1.192920250636740898e-01 3.415207215122068735e-02 1.082727623919963883e-01 8.040934446754226250e-02 2.051897050723354432e-02 2.858642221292700958e-01 9.555411777507820392e-02 4.733343078697732076e-01 7.889131518873233884e-02 7.669791444340126607e-02 5.344931630027279640e-02 3.383671704204863073e-01 2.126063566376759917e-01 1.534502425717488294e-01 4.540073878137273339e-02 6.387911127522070964e-02 1.499872435294210826e-01 1.409777844393113877e-01 4.337479985952732292e-02 7.037540460532913933e-01 1.762481351793900031e-01 8.104433210545669564e-02 1.384162564451829613e-02 1.189644849235988733e-01 8.141882245857703926e-02 3.033129191817600101e-01 1.483960914281307331e-01 6.887724431749614462e-02 1.634030488038833995e-01 1.375955760469722289e-01 7.096958510796187898e-03 1.733794232359038567e-01 6.797761262814659977e-01 1.343120649494001506e-01 1.270972033693110875e-02 1.503989916731240106e-01 6.710249183114810889e-02 4.027707777443709225e-02 3.767916325518234077e-01 9.744758124875690930e-02 4.773932737986996688e-01 8.072549540408346935e-02 6.539471235389028581e-02 1.240573677788540802e-01 1.743820296815399851e-01 2.192954546183694120e-01 1.984899404166405937e-02 2.828618660546885349e-02 9.428752806295620514e-02 1.434861923227457592e-01 1.009828726598770571e-01 4.605408477360884573e-02 6.476101050337749188e-01 1.709406679910070725e-01 3.489846354721256594e-01 4.385265357177343254e-02 6.712867493669905095e-02 9.722300914548220874e-02 3.320986075338951959e-01 9.294731832333309740e-02 
3.509133897677207958e-01 3.851664344353515623e-02 4.281650419442513400e-02 1.000855950833833968e-01 6.573980463135278285e-01 1.192920250636740898e-01 0.000000000000000000e+00 1.944335723871686711e-02 8.112866605129682718e-01 1.437403584435530124e-01 8.087547721882976104e-02 3.237578971679418993e-01 2.310541540014226236e-01 1.711986816791289390e-01 7.095038607419112964e-01 6.082267935474856835e-02 7.738484292927934050e-01 2.638438982390432438e-02 1.126942505489603036e-01 4.500669365066733291e-02 1.314661319651767302e-01 1.723230388290617268e-02 1.097760727140849046e-01 4.779500166962187026e-03 7.107334649007079896e-02 1.988461108561634383e-01 1.422112105711923757e-01 7.557597079333201739e-02 1.910635189263978906e-02 5.339122309765503838e-01 1.685865724008937250e-01 6.381920940786994789e-01 3.482932364710298323e-01 2.344855160971319741e-01 6.612907709018868430e-02 1.294897385417869418e-01 1.390340334681629542e-01 1.893940479380548381e-01 1.977622673572307088e-01 4.279098927522062001e-01 2.229684714642127599e-02 2.982254053955351591e-01 4.151060027538507891e-01 3.927075131413549497e-02 6.912668881109881869e-02 2.761476421439073570e-01 3.490676913862846009e-02 3.844401826717975257e-01 1.539526046283108129e-01 4.142495161227019995e-01 1.721939120966503034e-01 6.556658224935506263e-02 4.872680495613185975e-02 9.841740217202227248e-02 1.620501899356946163e-01 2.565391271546295093e-01 2.006784702639843876e-01 2.350973541129155742e-01 1.420274623481912468e-01 3.583444005579607822e-02 6.474506105085590935e-02 1.569136292026498680e-01 3.644346037989428799e-01 1.329914319821506596e-01 2.165582785989468573e-01 3.943901206346664412e-01 
4.173694621746442679e-01 3.938069150769943350e-02 1.635121672768786172e-01 2.150760810256340527e-01 1.331895738108029859e-02 3.415207215122068735e-02 1.944335723871686711e-02 0.000000000000000000e+00 1.060052605833543687e-01 4.456844699960123557e-01 4.171748790970837839e-01 1.164740698063940622e-01 3.827181943413199283e-01 1.273514755346328853e-01 8.874856538785644289e-02 2.706887106431626541e-02 2.289216544205398274e-02 1.416575020158024889e-01 1.844902966346695372e-01 1.758785198437478881e-01 2.756248346366830804e-01 7.290637236792608944e-02 5.498631641407253183e-03 3.357611777884701720e-02 4.336964025638088693e-01 6.772906034603543013e-02 7.933837950422156782e-02 3.068732409492884450e-02 2.601045631773425404e-01 1.464419786913473687e-01 3.586173178924700333e-01 1.989051305995498745e-02 2.240194762904322845e-01 1.685025531260456455e-01 4.627163408260915461e-02 7.033291034989147539e-02 2.267066661030577718e-02 9.711610427628439290e-02 1.945441021928441885e-02 8.446791922422296206e-02 2.371248258176107404e-01 6.677485848865205575e-02 1.247619768063670947e-01 8.295447261984958964e-02 5.144447617459078914e-02 1.365291792728486886e-01 8.893706207853560586e-02 9.777570367345597702e-02 8.903156779251011899e-02 1.315444942094632363e-01 5.548216736422845879e-02 9.507149224713631885e-02 1.398911255440580259e-01 3.839821395861128112e-02 3.998792848403118910e-02 6.735602640542358299e-02 6.921032757567989468e-02 1.070824372144664055e-01 8.038830937999251469e-03 5.426468894237557183e-02 6.174727287436330286e-02 7.729376841278744192e-02 1.728935710696992423e-01 1.642154519728014628e-01 7.104443665654822104e-02 1.721517818636632002e-01 
3.698666215563783388e-01 6.572752398236235416e-02 6.924208349722246747e-02 7.440278680231954267e-02 6.109962787703810960e-01 1.082727623919963883e-01 8.112866605129682718e-01 1.060052605833543687e-01 0.000000000000000000e+00 1.584317392206446851e-01 5.778615530662991467e-02 2.549959712239743270e-01 2.252581191186093512e-01 7.678599365779747998e-02 8.382243249191539958e-01 7.452445399076393362e-02 6.344189532962143385e-01 9.218592275202115716e-03 9.481106707627580399e-02 3.591495417280548413e-02 9.035553576232502326e-02 2.204498066439698409e-02 1.041646517509684233e-01 4.075481101523115851e-02 4.001770043564901319e-02 2.032636276691794086e-01 2.011911925818180014e-01 1.037324581956699937e-01 1.243815413225497074e-02 5.338970694762215086e-01 1.504497475268491702e-01 5.744525497627182009e-01 3.112793624061731546e-01 1.890818890727270773e-01 3.406710634431317497e-02 1.056070344310492126e-01 1.285241602230117741e-01 2.114460989044842087e-01 1.836569567427253635e-01 3.824443581175677176e-01 5.028922443774772044e-02 2.583887687531423172e-01 3.776211894037337924e-01 4.933704126531021639e-02 9.060895595681008052e-02 2.431185438448234259e-01 3.905591217288766331e-03 3.058761301005371025e-01 1.571640120565973020e-01 3.793701772853943499e-01 1.249330450925773411e-01 1.658397196378076643e-02 2.334952081194678619e-02 8.043226304378058023e-02 1.447992648516174818e-01 2.365251367220369827e-01 1.893085582576154169e-01 2.161882271180779469e-01 1.312167155341001368e-01 4.275748150446849472e-02 8.015757800003785183e-02 1.536799371457847618e-01 2.971749750344867547e-01 1.111698857445284350e-01 1.891313239338527907e-01 3.236585939299472248e-01 
2.424056306842874431e-01 8.795047025910031346e-02 7.328939235929754492e-02 4.459286150647840397e-01 6.617945114152452846e-02 8.040934446754226250e-02 1.437403584435530124e-01 4.456844699960123557e-01 1.584317392206446851e-01 0.000000000000000000e+00 2.206127718182355479e-01 3.487914015352031050e-02 4.620715166959621922e-01 4.196757612746362942e-02 2.035830764386410141e-01 4.169287302093583891e-01 7.474039333864626600e-02 5.489478140958008179e-02 1.019187902360118997e-01 8.654494511787090560e-02 3.879682993285411552e-01 3.450611809014185183e-01 3.893285320266912652e-01 2.951452688905154553e-01 7.564496543359380265e-01 1.006023942349129480e-01 1.926600575884407085e-01 1.504692685266915131e-01 4.903079019679315587e-01 1.730866135664980432e-01 2.147328398824813467e-01 2.223284318849945082e-02 2.447526211367169191e-01 3.982366500813623866e-01 1.199450059876645824e-01 3.962542332613732537e-02 3.033479440461524512e-01 3.264374845235948341e-01 7.468663964541127909e-02 3.985152650926020446e-01 1.101249839965518229e-01 3.351974391779690143e-01 6.334802250526580525e-02 7.023625883112293022e-02 9.165931821047412775e-02 1.060928850346103125e-01 1.266536189626892572e-01 4.131335966976071306e-01 2.186654145251469006e-01 4.797111264777525474e-01 8.696266895309959222e-02 1.570844630824290988e-01 7.902972172327529798e-02 1.877195360596881635e-01 2.891595073967566376e-02 1.791672281569387792e-01 7.235891587284769277e-02 2.185581403087989150e-01 3.861056665131146898e-02 9.177001206990061111e-02 1.755738905817635087e-01 1.415789684538855675e-01 4.822443922486241430e-01 3.835382549229633953e-01 3.088632786843092948e-01 4.840585496786042885e-01 
7.932452460491651314e-02 5.082818459021989227e-02 8.469253604236809396e-02 2.958138583881995132e-01 1.709417962182462614e-01 2.051897050723354432e-02 8.087547721882976104e-02 4.171748790970837839e-01 5.778615530662991467e-02 2.206127718182355479e-01 0.000000000000000000e+00 1.974237606294010072e-01 5.691522955868772993e-01 1.119272411270725853e-01 2.471599052447847125e-02 3.168570723702476832e-02 1.604974400586265948e-01 8.365220684822836927e-02 1.630040249751021353e-01 1.325149381748912947e-01 5.086376474837498440e-01 6.909768212739778037e-02 1.425712933599624505e-02 8.444367618011182353e-02 3.297145071956315565e-01 4.607663653071444876e-02 5.395749294555848147e-02 5.588796068776234749e-02 1.850761059131715014e-01 6.448479613839916413e-02 2.275274288480919754e-02 8.230006579091297958e-02 3.117918696773291920e-02 4.651319961206373116e-02 5.203049087210021018e-02 3.410983158248002273e-02 9.437496260757888278e-02 5.885658037843660706e-02 8.069858650938292050e-03 8.091278590653358527e-02 1.137056986626842625e-01 4.970389720757829172e-02 1.062751464376741339e-01 2.713571182118860170e-01 1.193653045147955033e-01 6.407342127940970911e-02 6.678989930136475239e-02 4.457377758094407255e-02 9.572782125368488326e-03 7.797491799190400807e-02 8.143067542851818719e-02 1.393030663891057508e-01 1.181570328879114617e-01 2.399334108864898188e-02 5.779400941249108331e-02 3.188788782580379965e-03 4.244183549514380510e-02 2.943973704996388861e-03 3.507119551085585013e-02 3.484093350868699285e-02 2.700391472504327581e-02 8.024237777392727311e-02 1.909689625969031301e-02 3.298977986542156460e-02 2.717914230363438835e-02 1.832240715774858045e-02 
9.930807629350602017e-02 1.790337704355223214e-01 1.868408829524677850e-01 4.400217493002168273e-03 3.239566107981056153e-01 2.858642221292700958e-01 3.237578971679418993e-01 1.164740698063940622e-01 2.549959712239743270e-01 3.487914015352031050e-02 1.974237606294010072e-01 0.000000000000000000e+00 2.371632001254306982e-02 7.268776300281695191e-01 1.506163768488757437e-01 1.936775240658692582e-02 1.524023866966120466e-01 4.343052348465324675e-02 4.106999579770135855e-01 2.194545604183146537e-01 8.072656180850097674e-02 3.959053125893861880e-02 1.320012340884639812e-01 6.596344776808853172e-02 4.685047008696272691e-02 3.881370563251412276e-01 4.577234512864210292e-02 1.629168020015170359e-01 5.937676628926030070e-02 2.184424747860078952e-01 4.149790445958218693e-02 3.112866693971619303e-01 5.920092848708029265e-02 1.351242191425031935e-01 2.656777357556198704e-01 2.188015308875290443e-01 2.786589625947707635e-02 4.564068175026180646e-02 3.476843228374468797e-01 7.310867150778670165e-02 2.967818762649589853e-02 8.057823315271157860e-02 7.311517152892595128e-02 1.234599212559858022e-01 8.399578509408381355e-02 7.096091123026272707e-02 3.361913385262145226e-01 9.556426575140486435e-02 2.000748084350158565e-02 1.013590494484944426e-01 2.952000264369847304e-01 8.989200120989664089e-02 1.504486378705029437e-01 7.050013418941303289e-02 2.263183094798965414e-02 1.105496032349328056e-01 2.504114167714674433e-02 4.114814967781883770e-02 2.696132502298637101e-01 6.220356351614118873e-02 1.154039332876572038e-01 5.803538681279261924e-02 2.350057798359138361e-01 9.689045993832154369e-02 6.449896887525639888e-02 2.155034130623846300e-01 
1.647156987544646511e-01 6.284136838837371675e-02 1.152084918478794850e-01 5.092598378911067369e-01 3.600712292635806916e-02 9.555411777507820392e-02 2.310541540014226236e-01 3.827181943413199283e-01 2.252581191186093512e-01 4.620715166959621922e-01 5.691522955868772993e-01 2.371632001254306982e-02 0.000000000000000000e+00 1.066320864749320356e-02 2.771299456045460685e-01 3.989198965549266979e-02 1.061062763151631588e-01 1.049385864184071565e-01 1.554899088494198778e-01 1.717802066059678223e-01 6.863198613054354302e-01 7.105939860314251788e-02 6.326748329616996291e-02 6.972682353792108989e-02 4.153766409619490396e-01 4.969509702412663876e-02 6.042742905497275503e-03 4.364355624067636080e-02 1.539757938251126168e-01 1.240274805330421476e-01 1.007509351459343755e-01 1.867698061757679662e-01 1.297622925732452859e-01 2.798354069215959194e-01 5.888701767166223261e-02 6.280098000232944844e-02 2.621383255459335260e-01 8.568987812930400905e-02 1.130975121394841992e-01 1.775991238283983198e-01 1.333041309164754162e-01 1.560166968399227805e-01 6.339768121408942414e-02 1.001470960782872843e-01 5.986890113376692329e-02 4.785008137670299089e-02 4.939723711539759782e-02 2.438225564609897145e-01 5.979153514488830257e-02 1.833234600720488050e-01 2.850272488344796767e-02 1.666384677089353672e-01 1.051399848492789724e-01 1.446159092882679520e-01 1.461247281044436019e-01 1.225068015265782378e-01 1.527040975383933963e-01 3.980350379269010502e-02 1.065581992051169852e-01 6.764331816038543499e-02 4.375362154270921733e-02 4.317837022194921659e-02 2.548191195027459388e-01 2.068184293156656028e-01 5.354834042051454662e-02 2.440908802229347641e-01 
2.313042050948438400e-02 2.098725748844796624e-01 2.534074854144137690e-01 4.629982038628561308e-02 9.319504476151760364e-02 4.733343078697732076e-01 1.711986816791289390e-01 1.273514755346328853e-01 7.678599365779747998e-02 4.196757612746362942e-02 1.119272411270725853e-01 7.268776300281695191e-01 1.066320864749320356e-02 0.000000000000000000e+00 1.992803686499900612e-02 5.707934916409780624e-02 2.888900672005163470e-02 2.241339893274889861e-01 3.254590711163004579e-01 6.678584466661793839e-02 1.910427869539399817e-02 3.527268861826642760e-02 5.877566544323784004e-02 4.623796682567490879e-02 1.677506276200687110e-02 4.740039760604799479e-01 7.221740451157585006e-02 2.074840533217219840e-01 1.185389458759823489e-01 3.041219464287945110e-02 2.890105253573614641e-02 1.758178225558287011e-01 8.947391061683891700e-02 1.067789970233439800e-01 1.836907305110862254e-01 1.788804569275038170e-01 6.539861585577629033e-02 7.082664606453845102e-02 4.524094087879066972e-01 6.623221677405262409e-02 2.752039840125125938e-02 4.487554607633972847e-02 1.092155849822191473e-02 8.751101445458125960e-02 3.976696146891957606e-01 8.536529770768458425e-02 6.248329144173646599e-01 3.640872477168034110e-02 9.530234388018032909e-02 5.899784344628489219e-02 2.500668805920663318e-01 1.351038585917239687e-01 4.218242550369857846e-02 5.472990767263694045e-02 3.732222237413027749e-02 2.166977405724933650e-02 7.165022800170763040e-02 7.912950314064785828e-02 4.923938464841048357e-01 6.457754673706140799e-03 7.038388999834756243e-02 7.957163218339466382e-02 1.484052740441499929e-01 1.082841190050007618e-01 1.672088769564391286e-01 1.490364428321999668e-01 
3.313905513052679552e-01 9.953998554321318026e-02 4.318235161167471858e-02 5.674022462924381560e-02 4.961329158580461418e-01 7.889131518873233884e-02 7.095038607419112964e-01 8.874856538785644289e-02 8.382243249191539958e-01 2.035830764386410141e-01 2.471599052447847125e-02 1.506163768488757437e-01 2.771299456045460685e-01 1.992803686499900612e-02 0.000000000000000000e+00 6.721302591440160568e-02 6.149604319584045520e-01 7.169935255118016493e-02 2.410780983433412905e-01 3.817725417676903071e-02 5.063745628635205748e-02 2.023019834721980978e-02 7.826830233033768569e-02 6.236342958259043050e-03 2.184817905101117327e-02 1.268458203000837059e-01 2.216181837597756832e-01 1.657719167306614394e-01 5.064701049521779658e-02 5.980988429255275074e-01 1.255886590714226647e-01 6.379200832324504189e-01 3.900245754454724767e-01 1.992159640398476761e-01 4.273123682089206843e-02 1.163155710158014222e-01 1.195535476413100290e-01 2.100731148159765416e-01 1.734400509746968633e-01 3.971794288224829717e-01 5.252750638937054434e-02 2.615594323546431843e-01 3.969143307584517277e-01 6.553557815196574265e-02 9.612929066920537780e-02 2.756828577922705303e-01 4.843991429700288814e-02 3.474011972605199339e-01 1.752253120999315850e-01 4.020308423704007095e-01 1.209288109892362462e-01 8.327457456616341180e-02 7.539931388481237173e-02 7.320178400320268008e-02 1.681185775112135905e-01 2.425095542524630943e-01 2.148431190732571772e-01 2.190774957074776708e-01 9.660817863625237312e-02 6.224110083694113504e-02 1.059165598120705432e-01 1.557267734280744498e-01 3.088299719928952469e-01 1.265354144273499737e-01 2.220426574219001581e-01 3.532956997210556227e-01 
8.701378160925828109e-02 3.227098311563336014e-02 2.586607697717224763e-01 9.972041507143340755e-02 1.838558942945345276e-01 7.669791444340126607e-02 6.082267935474856835e-02 2.706887106431626541e-02 7.452445399076393362e-02 4.169287302093583891e-01 3.168570723702476832e-02 1.936775240658692582e-02 3.989198965549266979e-02 5.707934916409780624e-02 6.721302591440160568e-02 0.000000000000000000e+00 6.943817104974558951e-02 8.180367159464449478e-02 1.152431976854436380e-01 6.392001898621581246e-02 1.003597306468607606e-02 6.515093426760476536e-01 7.957955608883204857e-01 6.427183054670877471e-01 3.492213416241011226e-01 4.421423885610254595e-02 1.042385854296777326e-01 1.840307431180053521e-01 3.222145421089339101e-01 1.403106960533180292e-01 1.309036005655203616e-01 1.801257768238018753e-01 1.086762209822209058e-01 2.119150447340415466e-01 2.046568653123299886e-02 4.635754640603089588e-02 1.233433159572538268e-01 1.704739339979958745e-01 1.081964895911411012e-01 1.613260925485857089e-01 6.777868976999557038e-02 1.526532202683689443e-01 9.318972159541838440e-02 2.722534100483739450e-02 6.073118819700506349e-02 1.236596564686583549e-01 8.002014544219106240e-02 1.928068323019807850e-01 5.141132435051496419e-01 2.023634920116564873e-01 6.480709887488476928e-02 6.052104812999863775e-02 3.724229957398824536e-02 3.886781548407239328e-02 1.351659390705441111e-01 4.966041289810809167e-01 1.147675322965955036e-01 1.732954262839171977e-01 3.483039113042523532e-02 7.701663231418363897e-02 2.042217149869321180e-01 8.208771562748971851e-02 2.326044773998872939e-01 2.660663471597424778e-01 2.105739009366692782e-01 2.536348300002511658e-01 
3.394327313304693616e-01 1.384036785081930176e-01 1.006344071596836504e-01 1.817946939029853604e-01 6.579213704090490777e-01 5.344931630027279640e-02 7.738484292927934050e-01 2.289216544205398274e-02 6.344189532962143385e-01 7.474039333864626600e-02 1.604974400586265948e-01 1.524023866966120466e-01 1.061062763151631588e-01 2.888900672005163470e-02 6.149604319584045520e-01 6.943817104974558951e-02 0.000000000000000000e+00 1.529508327901457077e-01 1.859453559518956522e-01 7.514197482113386950e-02 2.017892179370168182e-01 1.620601872804960583e-02 9.383775540452753139e-02 5.029073763627792820e-02 1.509794539933544399e-01 1.234084082281998868e-01 2.052590410257483233e-01 1.844728546699056226e-01 1.243123845135179761e-01 5.740187733131106862e-01 1.465762192752665394e-01 6.023071750052113593e-01 4.506011057045961610e-01 2.514102255525744178e-01 3.471257790143694733e-02 1.327758980773270925e-01 1.277172577199018610e-01 2.330984013026513035e-01 1.469337188698477403e-01 4.527664584859755204e-01 8.110059612370416893e-02 3.065065214776144242e-01 4.789663861769392628e-01 3.919105341446992713e-02 1.515569157111391063e-01 2.729156420302813468e-01 9.561290769187168193e-02 3.869011517279850043e-01 1.962707980489820370e-01 4.680131904217113004e-01 1.804165678079605872e-01 5.048471864949867494e-02 5.031223507833113701e-02 7.033453623748789352e-02 1.569582478698333672e-01 2.741690775537835578e-01 2.401318902548114920e-01 2.682666021469839457e-01 5.832033920548313627e-02 7.015943501760107948e-02 1.199630751073341023e-01 1.402613540978221440e-01 3.873157354070586034e-01 1.359377978338902337e-01 2.462087216000277134e-01 4.336405444093434647e-01 
9.529642579418459714e-02 7.378767446968702293e-02 3.148047715011743630e-01 9.343972696098838682e-02 6.221833022984411127e-02 3.383671704204863073e-01 2.638438982390432438e-02 1.416575020158024889e-01 9.218592275202115716e-03 5.489478140958008179e-02 8.365220684822836927e-02 4.343052348465324675e-02 1.049385864184071565e-01 2.241339893274889861e-01 7.169935255118016493e-02 8.180367159464449478e-02 1.529508327901457077e-01 0.000000000000000000e+00 1.973391012478593887e-02 5.946027673573944794e-01 1.023314578003196584e-01 6.589994084536571206e-02 6.658502171021661586e-02 1.589123905548097127e-01 8.459840071783264470e-02 3.119783236615827349e-01 9.015324501135103807e-02 8.575259675233158629e-02 5.790869057438186723e-02 3.326900939411126523e-01 6.807304324757071368e-02 5.774979874974557614e-03 3.460429995241343093e-01 8.183659866478332212e-02 2.614568173562823450e-01 1.528602805381461816e-01 4.077386190183615589e-02 1.808808527514008391e-01 2.508896654334845100e-01 2.214595429879361310e-01 3.341550562344012404e-02 1.586094404498008537e-01 1.510556031014983758e-01 3.278571846069278789e-02 3.255110588703236663e-01 1.362621018674868567e-01 3.384099721319260290e-01 1.488034826539620104e-01 3.894524840748424949e-02 2.278362500731382634e-01 1.996565632744182750e-01 1.127794343763963009e-01 1.685725503970763317e-01 2.309285833769631618e-02 2.822730589105682669e-02 7.316051370629235440e-02 7.476549692996142804e-02 5.282339117314424626e-02 4.131941537067631010e-01 1.288089142642646900e-01 1.766515900669594352e-01 5.053480589347277702e-02 1.544578202180775794e-01 2.660686989425711454e-02 2.095309514296629372e-01 1.748766304579767450e-01 
2.442659939768092592e-01 6.133629971984128765e-02 4.025949292327032220e-02 2.588668238049371059e-02 3.990987966139453863e-02 2.126063566376759917e-01 1.126942505489603036e-01 1.844902966346695372e-01 9.481106707627580399e-02 1.019187902360118997e-01 1.630040249751021353e-01 4.106999579770135855e-01 1.554899088494198778e-01 3.254590711163004579e-01 2.410780983433412905e-01 1.152431976854436380e-01 1.859453559518956522e-01 1.973391012478593887e-02 0.000000000000000000e+00 4.269964098898233473e-01 5.773377570900706940e-02 4.380097517106174010e-02 8.844526550366342554e-02 7.867885887029864300e-02 5.683175806829583732e-02 2.484048504894857401e-01 9.404846913727804569e-02 1.647752915598106327e-01 1.129103614215194902e-02 2.894269130632759479e-01 1.816533840809431144e-01 1.072305363181298293e-01 3.568924550111125527e-01 1.879204382879964136e-02 1.445405008874250108e-01 1.183669892656819128e-01 9.615699246825164248e-02 5.345865604615921557e-02 7.135905687457487490e-02 1.146324935912891724e-01 4.770092650782946364e-02 5.684159363721982133e-02 1.585348818844165286e-01 7.083131452727971233e-02 2.971487214284902756e-02 1.806385349292394527e-01 1.363074958187371066e-01 1.131723799760624011e-01 1.176895876843957328e-01 1.369090561215876023e-01 1.542549572466356822e-01 1.884986647934555892e-01 2.283257117329360597e-01 7.321586240465531581e-02 6.648476286941616686e-02 8.306428601615167828e-02 7.921162345096435797e-02 1.666128006453820309e-01 6.041636958595444917e-02 1.428928224602921127e-01 1.477713922964508375e-01 1.545638544716628482e-01 4.186590265566368652e-02 1.969239112563046790e-02 1.711162529052106807e-01 8.535886257529569365e-02 
1.115219829077462171e-01 8.268821224092288980e-02 9.684896787096720916e-02 8.013169518281357262e-02 1.799057582916497311e-01 1.534502425717488294e-01 4.500669365066733291e-02 1.758785198437478881e-01 3.591495417280548413e-02 8.654494511787090560e-02 1.325149381748912947e-01 2.194545604183146537e-01 1.717802066059678223e-01 6.678584466661793839e-02 3.817725417676903071e-02 6.392001898621581246e-02 7.514197482113386950e-02 5.946027673573944794e-01 4.269964098898233473e-01 0.000000000000000000e+00 1.166412016863229845e-01 5.706608816603942619e-02 2.184779797889615030e-02 5.612650336483283875e-02 1.211157677858514664e-01 6.426615648178229945e-02 1.180110421157812839e-01 1.635698125817560689e-01 5.514356422648331729e-02 1.242893251873815469e-01 1.652492957244043326e-01 6.077314997016906861e-02 5.828331151853932690e-02 2.180469005162263829e-02 2.536095985658327057e-01 1.321336944540023595e-01 1.859023810804630999e-02 1.470638472099178584e-01 1.496068226779993793e-01 1.250401097112295301e-01 3.083903434498250912e-02 9.882535936463832105e-02 1.320575676961318126e-02 3.024430565435729315e-02 2.906093135077988943e-01 4.541165787494740036e-02 1.961621225930959278e-01 4.826838378769942456e-02 4.764813565281288826e-02 1.021033219489271560e-01 2.292877264886620525e-01 2.328253511192807101e-01 3.054519375755861410e-01 4.140619306542277223e-02 6.451533013221928681e-02 2.708075380321605524e-02 3.072267707385599109e-02 6.427161000834230586e-02 2.582990605979995635e-01 1.924432139388897456e-01 2.215528699356472120e-01 9.178407868960528071e-02 9.191571938048866131e-02 6.004239040872439565e-02 9.980914550188682566e-02 8.217598423178566758e-02 
1.079716391855855134e-01 4.440411794818262259e-02 7.619807244160987925e-02 8.132073960809726998e-01 1.655541830242191204e-01 4.540073878137273339e-02 1.314661319651767302e-01 2.756248346366830804e-01 9.035553576232502326e-02 3.879682993285411552e-01 5.086376474837498440e-01 8.072656180850097674e-02 6.863198613054354302e-01 1.910427869539399817e-02 5.063745628635205748e-02 1.003597306468607606e-02 2.017892179370168182e-01 1.023314578003196584e-01 5.773377570900706940e-02 1.166412016863229845e-01 0.000000000000000000e+00 1.004073199728210825e-01 1.571520844155713942e-02 9.214085440402540461e-02 5.414568155611493294e-01 2.294047193042568489e-02 3.402942990943440965e-02 2.270925679393751700e-02 2.079860147711983798e-01 1.127783232534370350e-01 1.101844853085207909e-01 7.290889456312998895e-02 1.108170270292749143e-01 1.568676383073815128e-01 4.537377973343554444e-02 4.283250440893343614e-02 4.647252201057442411e-01 8.317475020348762127e-03 3.533561523829766710e-02 5.319279748313391482e-02 9.784648163416438671e-02 5.265253701173915057e-02 2.321808060602905122e-01 3.022745213958356186e-02 6.465577098065747319e-02 1.395094664168042287e-01 3.993627166884593238e-02 6.886813305288476406e-02 8.910530169695822511e-02 5.870582272396797363e-02 3.157898386746702674e-02 8.100213903793240799e-02 4.203888561995530737e-02 2.906134186781042517e-01 8.679364601203605478e-02 4.986503095388170742e-02 7.586032980899129474e-02 2.432031123957864860e-01 5.799043984857277234e-02 2.708486972750571986e-02 5.024366651484815649e-02 9.862299209187813664e-02 9.661735661262529917e-02 1.417542792428793386e-01 1.420992478257797342e-02 8.215313970935461674e-02 
1.163184619388746704e-01 8.496313217752603231e-02 1.632455029286584425e-01 4.801481005700220656e-02 1.136593145244278180e-01 6.387911127522070964e-02 1.723230388290617268e-02 7.290637236792608944e-02 2.204498066439698409e-02 3.450611809014185183e-01 6.909768212739778037e-02 3.959053125893861880e-02 7.105939860314251788e-02 3.527268861826642760e-02 2.023019834721980978e-02 6.515093426760476536e-01 1.620601872804960583e-02 6.589994084536571206e-02 4.380097517106174010e-02 5.706608816603942619e-02 1.004073199728210825e-01 0.000000000000000000e+00 4.854506791923826614e-01 6.294004165876311285e-01 2.265142817059959124e-01 5.923385732651338664e-02 1.598034601339513028e-01 2.614618946438009295e-01 4.171157521308407889e-01 5.011247574397303256e-02 1.157317052977774180e-01 1.398859710728671268e-01 2.157759656363805387e-02 1.677490724026328706e-01 4.252973845675393078e-02 7.144778811701393839e-02 3.977140055644529104e-02 1.472088985150599438e-01 6.326816895951287156e-02 1.369386195026665587e-01 7.603993806154976665e-02 1.241390232428500051e-01 7.016178538229007888e-02 2.375406972662249400e-02 6.070445778852363167e-02 1.336963295032978505e-01 4.258449793859103022e-02 1.556728995501685531e-01 1.799681763603726004e-01 1.994396989540682397e-01 4.386776104782542235e-02 7.218184707972988279e-02 5.247394395030057640e-02 4.650365828496889897e-02 5.348101511773611233e-02 2.047843841385568187e-01 6.707630183009621883e-02 3.241285506059014138e-02 2.044895487396048914e-02 3.421518647265185675e-02 1.134925744809421461e-01 5.053386899486590061e-02 1.690674826446204593e-01 1.737708579532345754e-01 1.465971548854244078e-01 1.834253707736331340e-01 
5.012317216834714234e-02 2.464299914848200046e-01 3.865948125628816401e-01 5.339728953463434430e-02 2.806627399978285919e-01 1.499872435294210826e-01 1.097760727140849046e-01 5.498631641407253183e-03 1.041646517509684233e-01 3.893285320266912652e-01 1.425712933599624505e-02 1.320012340884639812e-01 6.326748329616996291e-02 5.877566544323784004e-02 7.826830233033768569e-02 7.957955608883204857e-01 9.383775540452753139e-02 6.658502171021661586e-02 8.844526550366342554e-02 2.184779797889615030e-02 1.571520844155713942e-02 4.854506791923826614e-01 0.000000000000000000e+00 6.418249041557906320e-01 2.662512010147589647e-01 6.727691080434772264e-02 1.166002886544143802e-01 2.750942894659095042e-02 1.891213674934644484e-01 1.720585880596796069e-01 3.499135440156934951e-02 2.710455945309722670e-01 7.870316672647476031e-02 2.035309899883756268e-01 2.149009963772387233e-01 1.129723246997702407e-01 6.065266942568147551e-02 2.804458284114873523e-01 1.858089011792407319e-01 2.437347814335287244e-01 5.405350820053103633e-02 2.194022086705083308e-01 8.516033870241655757e-02 3.599235518203146300e-02 1.591648991428251669e-01 1.318587984979052441e-01 2.295448570710501845e-01 2.286692461463467885e-01 4.928051268158428200e-01 2.491049465422433273e-01 8.818032447743225088e-02 1.190279940146435345e-02 5.046805917245006379e-02 1.414547532524196814e-02 1.784104723003541448e-01 6.323877896540542887e-01 2.037089114032271664e-01 1.325252036087797014e-01 6.086802764952661121e-02 7.000330833781610862e-02 1.442023691368285732e-01 4.449769781070801733e-02 2.608361961338943602e-01 2.549978842807928414e-01 3.431065260458690536e-01 2.806949882148488951e-01 
7.370237286609389316e-02 1.332396151633431780e-01 4.874330809900087602e-01 5.057270203983844220e-02 1.652440484176926905e-01 1.409777844393113877e-01 4.779500166962187026e-03 3.357611777884701720e-02 4.075481101523115851e-02 2.951452688905154553e-01 8.444367618011182353e-02 6.596344776808853172e-02 6.972682353792108989e-02 4.623796682567490879e-02 6.236342958259043050e-03 6.427183054670877471e-01 5.029073763627792820e-02 1.589123905548097127e-01 7.867885887029864300e-02 5.612650336483283875e-02 9.214085440402540461e-02 6.294004165876311285e-01 6.418249041557906320e-01 0.000000000000000000e+00 1.132521513090593568e-01 8.834230741145758514e-02 1.897670426171306768e-01 7.042881782210624886e-02 1.358925808297315185e-01 4.741816558688586453e-02 7.813416033812684014e-02 1.796817861541082362e-01 7.354137039473798709e-02 1.952907053630178191e-01 5.104946474867644995e-02 1.120220740824078576e-01 3.056889824247202916e-02 1.772071836415038959e-01 1.083674126483739619e-01 2.041575471172606127e-01 8.417748611614729592e-02 1.602982880901106799e-01 1.673611148827883754e-01 1.590007269096993178e-02 1.306206462042808769e-01 1.547628382866566565e-01 1.638378512504325979e-01 1.790664859013532950e-01 9.186128461494456887e-02 2.224047235862244287e-01 7.714644633097228477e-02 2.888110756510157626e-02 2.960185797111999570e-02 5.236152001264986200e-02 2.352469609416438581e-02 1.724571378271519684e-01 1.485383758137028276e-01 8.099327624810809256e-02 9.549317397829595877e-02 2.710000090160111230e-02 7.729986139669538237e-02 1.140723816809508934e-01 1.830122642621093976e-01 1.494406872154638022e-01 2.098713335570487060e-01 2.259129942231535848e-01 
