0.000000000000000000e+00 1.194978978616958835e-02 1.280872801796235699e-03 1.882129564051174611e-02 1.457181175690541210e-02 2.516538328234957465e-03 1.984599388194873554e-02 1.830894651979325313e-02 2.201594309910941821e-02 3.902894772532059658e-03 1.222103343831467195e-02 1.023191332258404848e-02 1.231144798902970156e-02 9.192145989361221728e-04 4.992390108648151609e-02 7.398924066846491315e-03 3.250403098205271318e-02 9.086662346860355233e-03 4.294691158963849682e-03 8.966109612573649676e-03 2.023779026838052469e-02 3.963171139675411569e-03 3.269992917526860689e-03 5.048145748255752907e-03 1.927336839408688718e-02 1.342656078118171885e-02 3.072587815132381966e-02 1.341149168939588044e-03 2.894772532059492615e-02 6.604782929732824770e-02 4.897454830397372262e-03 1.924323021051521296e-02 5.616250508581847878e-02 1.677189915763777073e-02 3.631651120386974324e-03 1.951447386266029829e-02 1.092509154473259893e-02 1.725411009478458602e-02 3.054504904989376393e-02 1.969530296409035403e-02 2.322147044197646337e-02 1.812811741836319393e-02 1.592803001763083703e-02 1.297448802760657605e-02 1.848977562122330887e-02 2.576814695378309376e-03 5.831738521119332087e-03 8.935971429001973720e-03 3.782342038245354969e-03 1.005108422115399101e-02 1.188951341902623471e-02 6.826298578984644691e-03 1.098536791187595084e-02 5.138560298970780774e-03 1.716369554406955988e-02 9.568873284007172256e-03 1.384849535118518396e-02 1.345669896475339480e-02 2.053917210409728772e-02 2.126248850981751412e-02 6.615331293982911268e-03 7.820858636849956427e-03 6.494778559696207446e-03 7.609891351848223871e-03 3.360407468241888990e-03 1.008122240472566697e-02 
1.194978978616958835e-02 0.000000000000000000e+00 3.872756588960383269e-03 1.788701194978978629e-02 4.535796627537258194e-03 7.007127680414701291e-03 1.427042992118865081e-02 3.722065671102002624e-03 1.659107005620771152e-02 2.593390696342731325e-02 1.140730248187941769e-02 3.179578366811832389e-03 1.276352074260484262e-02 5.078283931827428863e-03 1.975557933123370594e-02 2.201594309910941821e-02 1.644037913834933001e-02 2.575307786199725751e-02 1.873088108979671651e-02 3.782342038245354969e-03 6.404364008981178712e-03 1.119633519687768426e-02 4.968279561790810844e-02 6.735884028269615957e-03 1.943912840373110624e-03 9.659287834722201857e-03 1.179909886831120684e-02 3.782342038245354969e-03 2.201594309910941821e-02 1.556637181477072383e-02 2.426123777519928731e-03 2.756136887629782525e-02 1.288407347689154818e-02 1.336628441403836520e-02 2.090083030695739919e-02 4.480040987929657242e-02 8.182516839710071363e-03 5.046638839077168676e-02 1.270324437546149071e-02 1.698286644263950068e-02 7.082473139343891831e-04 3.300131101098536645e-03 1.701300462621117837e-02 2.908334714666747055e-03 4.106327511640873312e-02 1.267310619188981476e-02 4.754298458431910346e-02 4.972800289326561934e-04 3.681379123280240084e-02 6.283811274694474022e-03 7.082473139343891831e-04 3.536715842136194110e-02 8.453760491855156697e-03 3.330269284670213034e-03 3.153960910775907567e-02 7.427555341239583386e-02 4.781422823646418879e-02 1.220596434652883571e-03 2.068986302195566576e-02 8.694865960428564342e-03 7.730444086134928561e-03 3.304651828634288385e-02 6.705745844697940002e-03 2.938472898238423010e-03 1.821853196907822353e-02 3.631651120386974324e-03 
1.280872801796235699e-03 3.872756588960383269e-03 0.000000000000000000e+00 2.234746311839785546e-02 1.707328099335453028e-02 1.101550609544762679e-02 1.128674974759271213e-02 1.062370970901583764e-02 1.387863353475685992e-02 2.307077952411808186e-02 1.987613206552040976e-02 1.146757884902276960e-02 2.288995042268802613e-02 4.972800289326561934e-04 1.481291722547881974e-02 6.886574946127996602e-03 1.009629149651150581e-03 4.113862057533792214e-03 1.508416087762390508e-02 1.333614623046668925e-02 1.628968822049095197e-02 1.231144798902970156e-02 2.260363767875710216e-04 8.725004144000240297e-03 2.361326682840825253e-02 2.005696116695046896e-02 1.954461204623197251e-02 2.219677220053947395e-02 1.312517894546495756e-02 1.592803001763083703e-02 9.056524163288679277e-03 2.159400852910595137e-02 1.642531004656349334e-03 1.644037913834933001e-02 2.111179759195913261e-02 2.174469944696433288e-02 2.964090354274347833e-02 2.035834300266722852e-02 2.249815403625623350e-02 1.387863353475685992e-02 2.967104172631515602e-02 1.719383372764123410e-02 3.144919455704404954e-02 7.670167718991576650e-03 1.918295384337186105e-02 3.699462033423245311e-02 6.072843989692741466e-03 9.960669670438963147e-03 1.220596434652883571e-03 4.867316646825695439e-03 3.563840207350702644e-02 1.653079368906435961e-02 8.001687738280013895e-03 3.087656906918220118e-02 6.253673091122798067e-03 1.356218260725426130e-04 2.727505613236690021e-03 2.771205979415620677e-02 1.930350657765856487e-02 7.037265863986377247e-03 2.328174680911981528e-02 2.364340501197992675e-02 2.065972483838399154e-02 1.185937523545455875e-02 8.242793206853423274e-03 2.979159446060185984e-02 
1.882129564051174611e-02 1.788701194978978629e-02 2.234746311839785546e-02 0.000000000000000000e+00 4.972800289326561934e-04 1.158813158330947342e-02 2.373381956269495635e-02 3.268486008348276545e-02 1.960488841337532442e-02 5.349527583972514197e-03 4.169617697141392992e-02 1.188951341902623471e-02 1.879115745694007189e-02 1.913774656801434668e-03 2.819427073130302552e-02 3.419176926206657363e-02 4.385105709678877549e-03 2.878196531095071099e-03 3.904401681710643196e-02 2.304064134054640417e-02 5.575563960760085381e-04 2.072000120552734345e-02 2.129262669338918834e-02 5.369117403294103308e-02 3.563840207350702644e-02 3.993309323247087525e-03 7.760582269706604516e-03 2.725998704058106570e-02 2.078027757267069536e-02 1.297448802760657605e-02 2.665722336914754312e-02 1.552116453941321033e-03 1.592803001763083703e-02 2.032820481909555430e-02 1.431563719654616344e-03 4.449902804357981634e-02 3.722065671102002624e-03 1.179909886831120684e-02 6.313949458266149978e-03 9.267491448290410966e-03 2.457768870270188658e-02 1.294434984403490009e-02 2.596404514699899094e-02 4.596072994680610972e-03 1.182923705188288280e-02 1.273338255903316667e-02 1.484305540905049570e-02 5.952291255406036777e-03 1.505402269405222912e-02 1.285393529331987222e-02 1.508416087762390508e-02 1.454167357333373441e-02 2.328174680911981528e-02 1.562664818191407748e-02 2.234746311839785546e-02 2.783261252844291059e-02 4.365515890357288264e-02 1.405946263618691738e-02 1.625955003691927428e-02 2.053917210409728772e-02 6.976989496843025336e-03 1.958981932158948764e-04 1.858019017193833847e-02 1.490333177619384934e-02 3.963171139675411569e-03 2.078027757267069536e-02 
1.457181175690541210e-02 4.535796627537258194e-03 1.707328099335453028e-02 4.972800289326561934e-04 0.000000000000000000e+00 1.722397191121291180e-02 9.192145989361221728e-04 2.094603758231491485e-03 2.260363767875710216e-04 3.150947092418739798e-02 1.532526634619731445e-02 2.129262669338918834e-02 1.231144798902970156e-02 5.590633052545922708e-03 2.757643796808366410e-03 3.376983469206310678e-02 5.409803951115866108e-03 1.553623363119904788e-02 1.484305540905049570e-02 1.267310619188981476e-02 1.538554271334066637e-02 3.340817648920299532e-02 3.283555100134114696e-02 1.092509154473259893e-02 6.133120356836093377e-03 1.975557933123370594e-02 1.782673558264643437e-02 7.308509516131462581e-03 6.344087641837826801e-03 1.371287352511264216e-03 2.102138304124410301e-02 1.354711351546842267e-02 1.246213890688808133e-02 7.730444086134928561e-03 9.960669670438963147e-03 3.993309323247087525e-03 1.466222630762043996e-02 2.692846702129262498e-02 2.949021262488509681e-02 8.544175042570184564e-03 2.307077952411808186e-02 1.113605882973433235e-02 2.213649583339612203e-02 2.192552854839438861e-02 1.782673558264643437e-02 6.283811274694474022e-03 5.650909419689275487e-03 5.168698482542457597e-03 1.776645921550308246e-02 1.631982640406262619e-02 1.987613206552040976e-02 2.521059055770708685e-02 2.261870677054294079e-02 1.363752806618345054e-02 3.949608957068157650e-02 5.863383613869591754e-02 2.873675803559319619e-02 3.512605295278853346e-02 2.629556516628742818e-02 3.059025632525127700e-03 2.456261961091605120e-03 2.044875755338225812e-02 9.508596916863820345e-03 1.532526634619731445e-02 1.312517894546495756e-02 1.357725169904009863e-02 
2.516538328234957465e-03 7.007127680414701291e-03 1.101550609544762679e-02 1.158813158330947342e-02 1.722397191121291180e-02 0.000000000000000000e+00 2.795316526272961441e-02 6.404364008981178712e-03 2.952035080845677451e-02 3.533702023779027035e-02 8.031825921851689851e-03 1.297448802760657605e-02 1.243200072331640538e-02 2.606952878949985765e-03 2.201594309910941821e-02 1.119633519687768426e-02 2.596404514699899094e-02 1.038260424044242826e-02 2.044875755338225812e-02 3.541236569671946024e-03 1.948433567908862060e-02 6.585193110411235312e-03 2.667229246093338110e-03 7.730444086134928561e-03 2.322147044197646337e-02 1.999668479980711705e-02 2.168442307982097750e-02 5.892014888262683998e-03 1.065384789258751359e-02 2.004189207516463185e-03 2.486400144663281075e-03 3.810973312638447213e-02 6.585193110411235312e-03 1.625955003691927428e-02 5.876945796476846021e-04 1.448139720619038250e-02 3.208209641204924634e-02 2.967104172631515602e-02 2.322147044197646337e-02 3.166016184204577949e-02 3.114781272132728651e-02 1.442112083904703058e-02 4.040023507783185863e-02 3.075601633489549736e-02 3.114781272132728651e-02 3.310679465348623229e-02 8.001687738280013895e-03 1.375808080047015609e-02 1.960488841337532442e-02 1.158813158330947342e-02 2.075013938909901767e-02 3.407121652777986981e-02 2.572293967842557982e-02 3.482467111707177737e-02 4.043037326140353632e-02 1.638010277120597810e-02 2.481879417127529769e-02 4.172631515498560761e-02 2.204608128268109243e-02 1.297448802760657605e-02 2.478865598770362000e-02 3.274513645062612083e-02 5.861876704691008043e-03 2.908334714666747055e-03 1.490333177619384934e-02 9.538735100435496300e-03 
1.984599388194873554e-02 1.427042992118865081e-02 1.128674974759271213e-02 2.373381956269495635e-02 9.192145989361221728e-04 2.795316526272961441e-02 0.000000000000000000e+00 4.144000241105468170e-03 4.383598800500294185e-02 1.381835716761350800e-02 5.289251216829161419e-03 7.685236810777414194e-04 2.695860520486430267e-02 4.204276608248820948e-03 3.346845285634635070e-02 4.440861349286478327e-02 1.059357152544416168e-02 3.902894772532059658e-03 7.127680414701405981e-03 1.586775365048748512e-02 2.044875755338225812e-02 2.813399436415967361e-02 2.524072874127876454e-02 3.678365304923072315e-02 1.149771703259444555e-02 3.150947092418739798e-02 5.233495577221560641e-02 1.710341917692620797e-02 7.278371332559786626e-03 4.166603878784225917e-02 2.801344162987296632e-02 8.288000482210937641e-04 4.142493331926884459e-02 2.436672141770015662e-02 6.178327632193607744e-04 1.312517894546495756e-02 2.168442307982097750e-02 5.259113033257485463e-03 2.177483763053600710e-02 1.454167357333373441e-02 1.324573167975166138e-02 6.705745844697940002e-03 2.156387034553427368e-02 1.547595726405569597e-02 1.122647338044936022e-02 1.818839378550654584e-02 3.691927487530326669e-03 1.143744066545109364e-02 3.609047482708217097e-02 1.677189915763777073e-02 3.259444553276773932e-02 1.279365892617651858e-02 1.222103343831467195e-02 1.405946263618691738e-02 3.925498410210816885e-02 2.014737571766549509e-02 3.422190744563825132e-02 1.939392112837359447e-02 1.722397191121291180e-02 2.215156492518195741e-03 7.097542231129730025e-03 1.418001537047362121e-02 2.771205979415620677e-02 1.562664818191407748e-02 1.143744066545109364e-02 3.681379123280240084e-02 
1.830894651979325313e-02 3.722065671102002624e-03 1.062370970901583764e-02 3.268486008348276545e-02 2.094603758231491485e-03 6.404364008981178712e-03 4.144000241105468170e-03 0.000000000000000000e+00 1.672669188228025506e-03 2.426123777519928731e-03 6.735884028269615957e-03 1.650065550549268539e-02 4.326336251714109349e-02 2.215156492518195741e-03 5.409803951115866108e-03 1.038260424044242826e-02 3.360407468241888990e-03 8.483898675426832653e-03 3.661789303958650280e-03 4.626211178252286928e-03 4.718132638145899199e-02 3.578909299136540795e-02 4.144000241105468170e-03 2.502976145627703111e-02 1.978571751480538363e-02 1.457181175690541210e-02 4.174138424677144993e-03 1.957475022980365020e-02 1.442112083904703058e-02 2.426123777519928731e-03 6.012567622549388688e-03 1.220596434652883571e-03 1.095522972830427488e-02 1.987613206552040976e-02 1.913774656801434668e-03 1.891171019122677571e-02 6.976989496843025336e-03 2.310091770768975608e-02 2.533114329199379067e-02 6.163258540407769333e-03 3.259444553276773932e-02 2.456261961091605120e-03 8.845556878286945854e-03 3.485480930064344812e-02 4.445382076822230327e-03 9.508596916863820345e-03 4.294691158963849682e-03 1.282379710974819627e-02 3.631651120386974324e-03 1.873088108979671651e-02 5.876945796476846021e-04 2.305571043233224475e-03 1.924323021051521296e-02 1.264296800831813880e-02 3.696448215066078236e-02 2.313105589126143377e-02 3.488494748421512581e-02 1.883636473229758496e-03 3.358900559063305452e-02 1.475264085833546783e-02 2.215156492518195741e-03 8.423622308283479007e-03 1.746507737978631944e-02 5.007459200433989760e-02 3.812480221817030925e-03 1.354711351546842267e-02 
2.201594309910941821e-02 1.659107005620771152e-02 1.387863353475685992e-02 1.960488841337532442e-02 2.260363767875710216e-04 2.952035080845677451e-02 4.383598800500294185e-02 1.672669188228025506e-03 0.000000000000000000e+00 2.026792845195220238e-02 1.873088108979671651e-02 6.705745844697940002e-03 1.086481517758924702e-02 2.313105589126143377e-02 6.886574946127996602e-03 4.778409005289251110e-02 2.955048899202844873e-02 4.445382076822230327e-03 1.740480101264296753e-02 1.556637181477072383e-02 5.861876704691008043e-03 3.087656906918220118e-02 3.488494748421512581e-02 2.973131809345850793e-02 1.020177513901237253e-02 3.271499826705444314e-02 5.215412667078555414e-02 1.589789183405916281e-02 1.366766624975512649e-02 4.000843869140006948e-02 3.976733322282666183e-02 3.752203854673679013e-03 5.097873751149017973e-02 1.683217552478112264e-02 1.054836425008664677e-04 1.321559349617998542e-02 4.927593013969048218e-03 4.972800289326561934e-04 2.195566673196606283e-02 1.311010985367911871e-03 1.782673558264643437e-02 5.379665767544190152e-03 2.864634348487816659e-02 8.890764153644460004e-04 6.193396723979446156e-03 1.414987718690194525e-02 5.018007564684076084e-03 2.094603758231491485e-03 5.073763204291677209e-02 3.111767453775560882e-02 3.515619113636021115e-02 6.479709467910369468e-04 2.135290306053254025e-02 9.629149651150525901e-03 4.694022091288557741e-02 2.897786350416660384e-02 4.076189328069197010e-02 2.825454709844637743e-02 1.773632103193140477e-02 8.061964105423365806e-03 1.642531004656349334e-03 2.084055393981404727e-02 2.949021262488509681e-02 4.234414791820496904e-03 4.415243893250553504e-03 3.310679465348623229e-02 
3.902894772532059658e-03 2.593390696342731325e-02 2.307077952411808186e-02 5.349527583972514197e-03 3.150947092418739798e-02 3.533702023779027035e-02 1.381835716761350800e-02 2.426123777519928731e-03 2.026792845195220238e-02 0.000000000000000000e+00 2.596404514699899094e-02 7.534545892919033603e-05 2.189539036482271092e-02 1.523485179548228659e-02 7.971549554708337940e-03 1.763083738943053806e-03 4.083723873962116259e-03 2.094603758231491485e-03 1.005108422115399101e-02 8.815418694715269898e-03 2.017751390123717278e-02 3.601512936815297935e-03 3.149440183240156000e-03 2.942993625774174490e-02 5.078283931827428863e-03 1.882129564051174611e-02 1.083467699401757106e-02 1.032232787329907635e-02 9.719564201865553768e-03 1.009629149651150581e-03 1.647051732192100770e-02 1.306490257832160391e-02 1.330600804689501329e-02 2.487907053841864960e-02 3.681379123280240084e-02 4.027968234354515481e-02 2.546676511806633420e-03 3.455342746492669204e-02 2.994228537846024135e-02 4.068654782176278390e-04 1.683217552478112264e-02 1.069905516794502709e-03 1.351697533189674671e-02 1.535540452976899041e-02 5.876945796476846021e-04 2.486400144663281075e-03 2.998749265381775355e-03 3.596992209279546715e-02 3.147933274061572029e-02 1.222103343831467195e-02 2.653667063486083583e-02 1.014149877186901888e-02 1.612392821084673161e-03 1.963502659694700211e-02 5.681047603260951442e-03 4.989376290290983840e-02 4.118382785069543695e-02 1.341149168939588044e-03 8.122240472566717717e-03 2.722984885700938801e-02 2.867648166844984081e-02 1.336628441403836520e-02 3.491508566778680350e-02 1.188951341902623471e-02 4.370036617893039571e-04 2.855592893416313699e-02 
1.222103343831467195e-02 1.140730248187941769e-02 1.987613206552040976e-02 4.169617697141392992e-02 1.532526634619731445e-02 8.031825921851689851e-03 5.289251216829161419e-03 6.735884028269615957e-03 1.873088108979671651e-02 2.596404514699899094e-02 0.000000000000000000e+00 2.038848118623890621e-02 8.012236102530100046e-02 8.574313226141860519e-03 2.162414671267762559e-02 1.999668479980711705e-02 1.360738988261177458e-02 1.204020433688461622e-02 1.647051732192100770e-02 1.341149168939588044e-03 6.161751631229185622e-02 1.152785521616612151e-02 2.325160862554813759e-02 3.488494748421512581e-02 1.454167357333373441e-02 3.465891110742755485e-04 1.050315697472913382e-02 4.686487545395638839e-03 2.032820481909555430e-02 1.552116453941321033e-03 2.376395774626663404e-02 1.538554271334066637e-02 1.680203734120944495e-02 2.340229954340651911e-02 3.511098386100269635e-03 2.921896897274001148e-02 1.092509154473259893e-02 3.373969650849143603e-02 2.539141965913714258e-02 6.976989496843025336e-03 1.665134642335106344e-02 3.722065671102002624e-03 3.239854733955184734e-03 3.239854733955184734e-03 6.585193110411235312e-03 2.004189207516463185e-03 1.170868431759617898e-02 7.248233148988110670e-03 7.459200433989843226e-03 1.276352074260484262e-02 1.552116453941321033e-03 4.807040279682343528e-03 3.184099094347583869e-02 1.234158617260137751e-02 3.584936935850876333e-02 7.881135003993310073e-03 4.914030831361793777e-02 6.856436762556320647e-03 2.126248850981751412e-02 8.001687738280013895e-03 8.935971429001973720e-03 8.288000482210937641e-04 1.943912840373110624e-03 2.370368137912327866e-02 1.788701194978978629e-02 1.490333177619384934e-02 
1.023191332258404848e-02 3.179578366811832389e-03 1.146757884902276960e-02 1.188951341902623471e-02 2.129262669338918834e-02 1.297448802760657605e-02 7.685236810777414194e-04 1.650065550549268539e-02 6.705745844697940002e-03 7.534545892919033603e-05 2.038848118623890621e-02 0.000000000000000000e+00 1.330600804689501329e-02 2.370368137912327866e-02 4.520727535751420433e-05 1.478277904190714379e-02 2.626542698271575049e-02 6.494778559696207446e-03 2.855592893416313699e-02 1.552116453941321033e-03 1.589789183405916281e-02 2.487907053841864960e-02 7.338647699703138537e-03 1.867060472265336460e-02 2.225704856768282586e-02 2.156387034553427368e-02 3.119301999668480044e-03 4.927593013969048218e-03 2.189539036482271092e-02 4.776902096110667573e-03 7.519476801133196005e-03 5.500218501830894842e-03 1.026205150615572444e-02 2.004189207516463185e-03 1.315531712903663351e-02 1.713355736049788219e-02 5.575563960760085381e-04 9.056524163288679277e-03 1.737466282907129331e-02 2.757643796808366410e-03 7.685236810777414194e-04 1.170868431759617898e-02 2.023779026838052469e-02 1.014149877186901888e-02 3.238347824776600936e-02 3.450822018956917290e-03 2.295022678983137804e-02 1.883636473229758496e-03 1.390877171832853587e-02 1.883636473229758496e-03 2.496948508913367920e-02 2.765178342701285485e-02 5.379665767544190152e-03 1.280872801796235699e-03 1.550609544762737192e-02 1.900212474194180184e-02 1.351697533189674671e-02 7.338647699703138537e-03 2.787781980380042365e-03 3.963171139675411569e-03 3.817000949352782752e-02 4.776902096110667573e-03 9.719564201865553768e-03 9.207215081147059055e-03 2.787781980380042365e-03 6.404364008981178712e-03 
1.231144798902970156e-02 1.276352074260484262e-02 2.288995042268802613e-02 1.879115745694007189e-02 1.231144798902970156e-02 1.243200072331640538e-02 2.695860520486430267e-02 4.326336251714109349e-02 1.086481517758924702e-02 2.189539036482271092e-02 8.012236102530100046e-02 1.330600804689501329e-02 0.000000000000000000e+00 9.146938714003707144e-03 3.220264914633595016e-02 1.463208812404876401e-02 2.154880125374843830e-03 2.894772532059492615e-02 2.478865598770362000e-02 2.322147044197646337e-02 7.278371332559786626e-03 2.970117990988683024e-02 1.414987718690194525e-02 3.886318771567637276e-02 3.624116574494055248e-02 1.173882250116785493e-02 8.890764153644460004e-04 9.960669670438963147e-03 1.737466282907129331e-02 9.448320549720468434e-03 2.349271409412154871e-02 1.674176097406609304e-02 8.031825921851689851e-03 1.538554271334066637e-02 2.388451048055333786e-02 4.413736984071969793e-02 2.608459788128569476e-02 3.328762375491629150e-02 1.439098265547535463e-02 2.741067795843944374e-02 3.461370383207004048e-02 4.023447506818764348e-03 5.221440303792890258e-02 5.048145748255752907e-03 6.344087641837826801e-03 2.792302707915794019e-02 1.267310619188981476e-02 3.119301999668480044e-03 1.788701194978978629e-02 1.728424827835626371e-02 1.642531004656349334e-03 9.086662346860355233e-03 3.566854025707870413e-02 2.780247434487123290e-02 6.886574946127996602e-03 1.439098265547535463e-02 2.647639426771748392e-02 3.663296213137234164e-02 2.481879417127529769e-02 1.414987718690194525e-02 2.638597971700245778e-02 2.680791428700592116e-02 1.333614623046668925e-02 1.252241527403143498e-02 2.456261961091605120e-03 1.601844456834586664e-02 
9.192145989361221728e-04 5.078283931827428863e-03 4.972800289326561934e-04 1.913774656801434668e-03 5.590633052545922708e-03 2.606952878949985765e-03 4.204276608248820948e-03 2.215156492518195741e-03 2.313105589126143377e-02 1.523485179548228659e-02 8.574313226141860519e-03 2.370368137912327866e-02 9.146938714003707144e-03 0.000000000000000000e+00 3.661789303958650280e-03 2.245294676089872130e-03 1.484305540905049570e-02 5.439942134687542064e-03 4.404695529000467180e-02 4.656349361823962883e-03 1.069905516794502709e-03 1.613899730263257046e-02 1.160320067509531226e-03 9.418182366148792478e-03 1.642531004656349334e-03 7.971549554708337940e-03 1.552116453941321033e-03 7.730444086134928561e-03 1.553623363119904788e-02 7.670167718991576650e-03 4.083723873962116259e-03 1.552116453941321033e-03 1.833908470336492735e-02 2.210635764982444434e-02 1.763083738943053806e-03 2.041861936981058043e-02 5.138560298970780774e-03 1.282379710974819627e-02 1.351697533189674671e-02 1.158813158330947342e-02 2.261870677054294079e-02 1.469236449119211592e-02 1.499374632690887721e-02 3.767272946459516666e-04 1.514443724476725872e-02 6.434502192552854667e-03 7.368785883274815360e-03 1.710341917692620797e-02 3.089163816096803655e-03 1.984599388194873554e-02 1.957475022980365020e-02 3.661789303958650280e-03 7.383854975060653554e-04 9.960669670438963147e-03 7.685236810777414194e-04 1.897198655837012762e-02 2.094603758231491485e-03 1.294434984403490009e-02 7.383854975060653554e-04 5.228974849685809508e-03 2.998749265381775355e-03 9.508596916863820345e-03 2.282967405554467075e-02 1.713355736049788219e-02 4.294691158963849682e-03 2.222691038411114817e-02 
4.992390108648151609e-02 1.975557933123370594e-02 1.481291722547881974e-02 2.819427073130302552e-02 2.757643796808366410e-03 2.201594309910941821e-02 3.346845285634635070e-02 5.409803951115866108e-03 6.886574946127996602e-03 7.971549554708337940e-03 2.162414671267762559e-02 4.520727535751420433e-05 3.220264914633595016e-02 3.661789303958650280e-03 0.000000000000000000e+00 4.208797335784572602e-02 1.089495336116092297e-02 2.260363767875710216e-04 1.056343334187248573e-02 9.960669670438963147e-03 2.710929612272268419e-02 2.409547776555507129e-02 3.193140549419086482e-02 1.894184837479844993e-02 9.870255119723933546e-03 1.836922288693660504e-02 5.128011934720694276e-02 1.327586986332333734e-02 2.493934690556200151e-02 7.436596796311086000e-02 3.826042404424285365e-02 8.288000482210937641e-04 6.297373457301728983e-02 5.952291255406036777e-03 1.220596434652883571e-03 9.297629631862086921e-03 1.363752806618345054e-02 9.086662346860355233e-03 3.018339084703364900e-02 3.179578366811832389e-03 1.692259007549614877e-02 3.767272946459516666e-04 2.102138304124410301e-02 1.327586986332333734e-02 3.872756588960383269e-03 1.686231370835279686e-02 5.228974849685809508e-03 6.102982173264417422e-03 2.967104172631515602e-02 2.385437229698166017e-02 2.298036497340305226e-02 4.234414791820496904e-03 8.333207757568451141e-03 1.502388451048055316e-02 2.777233616129955868e-02 2.370368137912327866e-02 2.307077952411808186e-02 2.282967405554467075e-02 2.704901975557933227e-02 6.479709467910369468e-04 8.815418694715269898e-03 6.916713129699673425e-03 1.342656078118171885e-02 1.523485179548228659e-02 5.048145748255752907e-03 1.436084447190367867e-02 
7.398924066846491315e-03 2.201594309910941821e-02 6.886574946127996602e-03 3.419176926206657363e-02 3.376983469206310678e-02 1.119633519687768426e-02 4.440861349286478327e-02 1.038260424044242826e-02 4.778409005289251110e-02 1.763083738943053806e-03 1.999668479980711705e-02 1.478277904190714379e-02 1.463208812404876401e-02 2.245294676089872130e-03 4.208797335784572602e-02 0.000000000000000000e+00 1.601844456834586664e-02 1.222103343831467195e-02 3.480960202528593679e-03 1.974051023944786796e-03 2.949021262488509681e-02 3.015325266346197478e-02 1.990627024909208745e-02 3.798918039209776831e-02 7.248233148988110670e-03 2.813399436415967361e-02 1.601844456834586664e-02 1.243200072331640538e-02 1.484305540905049570e-02 1.791715013336146398e-02 1.074426244330254146e-02 4.127424240141047002e-02 8.589382317927698280e-04 9.960669670438963147e-03 4.370036617893039571e-04 6.524916743267883401e-03 3.407121652777986981e-02 3.084643088561052349e-02 1.701300462621117837e-02 2.412561594912674551e-02 2.968611081810099400e-03 3.636171847922725631e-02 3.060532541703711584e-02 5.168698482542457597e-03 1.680203734120944495e-02 2.689832883772095076e-02 6.102982173264417422e-03 2.078027757267069536e-02 3.612061301065384866e-02 2.722984885700938801e-02 2.207621946625277012e-02 2.249815403625623350e-02 1.442112083904703058e-02 1.068398607615918955e-02 1.966516478051867980e-02 3.437259836349663283e-02 3.087656906918220118e-02 1.842949925407995695e-02 1.749521556335799713e-02 1.442112083904703058e-02 2.623528879914407627e-02 2.816413254773134783e-02 2.569280149485390560e-02 2.335709226804900430e-03 1.707328099335453028e-02 2.970117990988683024e-02 
3.250403098205271318e-02 1.644037913834933001e-02 1.009629149651150581e-03 4.385105709678877549e-03 5.409803951115866108e-03 2.596404514699899094e-02 1.059357152544416168e-02 3.360407468241888990e-03 2.955048899202844873e-02 4.083723873962116259e-03 1.360738988261177458e-02 2.626542698271575049e-02 2.154880125374843830e-03 1.484305540905049570e-02 1.089495336116092297e-02 1.601844456834586664e-02 0.000000000000000000e+00 4.083723873962116259e-03 2.246801585268455928e-02 2.319133225840478568e-02 8.393484124711803052e-03 1.243200072331640538e-02 2.201594309910941821e-02 4.746763912538991617e-03 4.083723873962116259e-03 4.184686788927231144e-02 3.991802414068504334e-02 2.906827805488163344e-02 1.657600096442187311e-04 2.906827805488163344e-02 3.910429318424978734e-02 1.056343334187248573e-02 5.085818477720347591e-02 3.612061301065384866e-02 1.231144798902970156e-02 3.330269284670213034e-03 1.672669188228025506e-03 7.790720453278281339e-03 2.041861936981058043e-02 4.083723873962116259e-03 1.845963743765163118e-02 1.631982640406262619e-02 1.348683714832507076e-02 5.771462153975980176e-03 6.826298578984644691e-03 9.116800530432031188e-03 5.500218501830894842e-03 1.577733909977245552e-02 2.442699778484350853e-02 1.381835716761350800e-02 5.079790841006012747e-02 2.765178342701285485e-02 2.819427073130302552e-02 1.069905516794502709e-03 3.931526046925151729e-02 1.701300462621117837e-02 3.078615451846717158e-02 7.459200433989843226e-03 4.671418453609800753e-04 2.998749265381775355e-03 1.607872093548921855e-02 2.050903392052561003e-02 1.680203734120944495e-02 3.440273654706831052e-02 1.035246605687075230e-02 2.968611081810099400e-03 
9.086662346860355233e-03 2.575307786199725751e-02 4.113862057533792214e-03 2.878196531095071099e-03 1.553623363119904788e-02 1.038260424044242826e-02 3.902894772532059658e-03 8.483898675426832653e-03 4.445382076822230327e-03 2.094603758231491485e-03 1.204020433688461622e-02 6.494778559696207446e-03 2.894772532059492615e-02 5.439942134687542064e-03 2.260363767875710216e-04 1.222103343831467195e-02 4.083723873962116259e-03 0.000000000000000000e+00 1.188951341902623471e-02 1.713355736049788219e-02 1.743493919621464522e-02 3.829056222781453134e-02 5.861876704691008043e-03 2.632570334985910240e-02 1.418001537047362121e-02 1.071412425973086550e-02 2.879703440273654810e-02 3.624116574494055248e-02 9.538735100435496300e-03 2.456261961091605120e-03 2.593390696342731325e-02 4.294691158963849682e-03 7.429062250418167271e-03 7.157818598273081936e-03 1.143744066545109364e-02 1.110592064616265640e-02 7.398924066846491315e-03 8.393484124711803052e-03 1.481291722547881974e-02 1.228130980545802560e-02 7.519476801133196005e-03 1.228130980545802560e-02 2.697367429665014065e-03 2.064465574659815096e-03 1.095522972830427488e-02 8.905833245430297765e-03 1.411973900333026929e-02 1.433070628833200272e-02 6.946851313271349380e-03 3.360407468241888990e-03 9.297629631862086921e-03 1.113605882973433235e-02 1.957475022980365020e-02 4.053585690390440303e-03 1.039767333222826754e-03 1.478277904190714379e-02 8.755142327571917987e-03 2.124741941803167441e-03 1.291421166046322414e-02 3.269992917526860689e-03 4.565934811108934149e-03 1.065384789258751359e-02 4.656349361823962883e-03 7.037265863986377247e-03 5.349527583972514197e-03 1.883636473229758496e-03 
4.294691158963849682e-03 1.873088108979671651e-02 1.508416087762390508e-02 3.904401681710643196e-02 1.484305540905049570e-02 2.044875755338225812e-02 7.127680414701405981e-03 3.661789303958650280e-03 1.740480101264296753e-02 1.005108422115399101e-02 1.647051732192100770e-02 2.855592893416313699e-02 2.478865598770362000e-02 4.404695529000467180e-02 1.056343334187248573e-02 3.480960202528593679e-03 2.246801585268455928e-02 1.188951341902623471e-02 0.000000000000000000e+00 2.002682298337879127e-02 3.361914377420472527e-02 3.752203854673679013e-03 6.434502192552854667e-03 1.243200072331640538e-02 2.707915793915100650e-02 1.053329515830080977e-02 5.742830879582887238e-02 9.478458733292144389e-03 3.331776193848796919e-02 1.020177513901237253e-02 1.853498289658082323e-03 1.719383372764123410e-02 2.154880125374843830e-03 4.656349361823962883e-03 1.529512816262563850e-02 7.881135003993310073e-03 4.627718087430870292e-02 2.144331761124756985e-02 1.939392112837359447e-02 1.140730248187941769e-02 1.823360106086406151e-03 3.842618405388707314e-03 1.553623363119904788e-02 2.147345579481924754e-02 3.872756588960383269e-03 1.842949925407995695e-02 7.609891351848223871e-03 8.725004144000240297e-03 1.119633519687768426e-02 2.064465574659815096e-03 5.530356685402570797e-03 4.535796627537258194e-03 1.321559349617998542e-02 3.048477268275041202e-02 1.930350657765856487e-02 1.143744066545109364e-02 1.966516478051867980e-02 3.033408176489203051e-02 8.393484124711803052e-03 7.157818598273081936e-03 3.569867844065038182e-02 3.265472189991109470e-02 1.039767333222826754e-03 1.074426244330254146e-02 2.701888157200765458e-02 1.026205150615572444e-02 
8.966109612573649676e-03 3.782342038245354969e-03 1.333614623046668925e-02 2.304064134054640417e-02 1.267310619188981476e-02 3.541236569671946024e-03 1.586775365048748512e-02 4.626211178252286928e-03 1.556637181477072383e-02 8.815418694715269898e-03 1.341149168939588044e-03 1.552116453941321033e-03 2.322147044197646337e-02 4.656349361823962883e-03 9.960669670438963147e-03 1.974051023944786796e-03 2.319133225840478568e-02 1.713355736049788219e-02 2.002682298337879127e-02 0.000000000000000000e+00 2.686819065414927307e-02 1.776645921550308246e-02 1.113605882973433235e-02 1.794728831693313820e-02 3.164509275025994303e-04 7.429062250418167271e-03 1.686231370835279686e-02 1.119633519687768426e-02 1.354711351546842267e-02 7.127680414701405981e-03 2.448727415198686044e-02 5.500218501830894842e-03 3.149440183240156000e-03 1.098536791187595084e-02 4.324829342535525638e-03 2.606952878949985765e-03 3.994816232425671410e-02 1.960488841337532442e-02 2.426123777519928731e-03 1.311010985367911871e-03 1.291421166046322414e-02 1.309504076189327987e-02 3.509591476921686271e-02 2.222691038411114817e-02 2.561745603592471398e-04 2.988200901131688944e-02 3.661789303958650280e-03 1.421015355404529716e-02 6.344087641837826801e-03 1.552116453941321033e-03 1.113605882973433235e-02 6.766022211841291913e-03 4.354967526107201593e-03 3.443287473063998128e-02 1.100043700366178882e-03 1.056343334187248573e-02 1.511429906119558103e-02 2.466810325341691618e-02 1.883636473229758496e-03 5.319389400400838241e-03 1.583761546691580743e-02 2.536128147556546836e-02 6.555054926839559357e-03 5.650909419689275487e-03 1.800756468407649011e-02 7.248233148988110670e-03 
2.023779026838052469e-02 6.404364008981178712e-03 1.628968822049095197e-02 5.575563960760085381e-04 1.538554271334066637e-02 1.948433567908862060e-02 2.044875755338225812e-02 4.718132638145899199e-02 5.861876704691008043e-03 2.017751390123717278e-02 6.161751631229185622e-02 1.589789183405916281e-02 7.278371332559786626e-03 1.069905516794502709e-03 2.710929612272268419e-02 2.949021262488509681e-02 8.393484124711803052e-03 1.743493919621464522e-02 3.361914377420472527e-02 2.686819065414927307e-02 0.000000000000000000e+00 2.689832883772095076e-02 2.041861936981058043e-02 5.019514473862660142e-02 2.065972483838399154e-02 7.097542231129730025e-03 2.998749265381775355e-03 7.082473139343891831e-04 4.505658443965582238e-03 4.234414791820496904e-03 2.858606711773481468e-02 6.434502192552854667e-03 5.078283931827428863e-03 3.220264914633595016e-02 1.173882250116785493e-02 3.967691867211162876e-02 2.487907053841864960e-02 2.406533958198339360e-02 1.791715013336146398e-02 1.062370970901583764e-02 3.518632931993188884e-02 6.524916743267883401e-03 4.287156613070930433e-02 7.790720453278281339e-03 2.304064134054640417e-02 3.795904220852609062e-02 2.144331761124756985e-02 1.604858275191754086e-02 8.001687738280013895e-03 1.080453881044589511e-02 1.461701903226292516e-03 1.616913548620424815e-02 3.889332589924805045e-02 3.184099094347583869e-02 1.975557933123370594e-02 2.050903392052561003e-02 3.389038742634981061e-02 3.557812570636367799e-02 2.102138304124410301e-02 7.609891351848223871e-03 1.270324437546149071e-02 1.616913548620424815e-02 2.976145627703018215e-02 2.186525218125103670e-02 5.018007564684076084e-03 2.689832883772095076e-02 
3.963171139675411569e-03 1.119633519687768426e-02 1.231144798902970156e-02 2.072000120552734345e-02 3.340817648920299532e-02 6.585193110411235312e-03 2.813399436415967361e-02 3.578909299136540795e-02 3.087656906918220118e-02 3.601512936815297935e-03 1.152785521616612151e-02 2.487907053841864960e-02 2.970117990988683024e-02 1.613899730263257046e-02 2.409547776555507129e-02 3.015325266346197478e-02 1.243200072331640538e-02 3.829056222781453134e-02 3.752203854673679013e-03 1.776645921550308246e-02 2.689832883772095076e-02 0.000000000000000000e+00 3.458356564849836279e-02 1.053329515830080977e-02 1.616913548620424815e-02 1.921309202694353527e-02 6.344087641837826801e-03 4.385105709678877549e-03 1.255255345760311093e-02 1.883636473229758496e-03 5.319389400400838241e-03 1.725411009478458602e-02 3.541236569671946024e-03 1.371287352511264216e-03 9.960669670438963147e-03 2.282967405554467075e-02 4.083723873962116259e-03 5.681047603260951442e-03 2.105152122481578070e-02 8.333207757568451141e-03 1.095522972830427488e-02 1.280872801796235699e-03 3.494522385135848119e-02 1.601844456834586664e-02 5.620771236117599531e-03 2.034327391088139141e-03 1.179909886831120684e-02 1.330600804689501329e-02 3.826042404424285365e-02 1.318545531260830947e-02 2.090083030695739919e-02 9.418182366148792478e-03 7.730444086134928561e-03 2.090083030695739919e-02 1.592803001763083703e-02 4.769367550217748497e-02 2.285981223911634844e-02 8.031825921851689851e-03 8.694865960428564342e-03 2.034327391088139141e-03 1.095522972830427488e-02 1.424029173761697312e-02 9.900393303295611236e-03 2.105152122481578070e-02 6.645469477554588091e-03 6.826298578984644691e-03 
3.269992917526860689e-03 4.968279561790810844e-02 2.260363767875710216e-04 2.129262669338918834e-02 3.283555100134114696e-02 2.667229246093338110e-03 2.524072874127876454e-02 4.144000241105468170e-03 3.488494748421512581e-02 3.149440183240156000e-03 2.325160862554813759e-02 7.338647699703138537e-03 1.414987718690194525e-02 1.160320067509531226e-03 3.193140549419086482e-02 1.990627024909208745e-02 2.201594309910941821e-02 5.861876704691008043e-03 6.434502192552854667e-03 1.113605882973433235e-02 2.041861936981058043e-02 3.458356564849836279e-02 0.000000000000000000e+00 3.789876584138274218e-02 6.796160395412968735e-03 1.601844456834586664e-02 1.644037913834933001e-02 2.364340501197992675e-02 8.363345941140127096e-03 6.374225825409502756e-03 1.216075707117132004e-02 4.012899142568677330e-02 5.711185786832627398e-03 2.292008860625970035e-02 1.672669188228025506e-03 9.508596916863820345e-03 1.644037913834933001e-02 8.483898675426832653e-03 3.509591476921686271e-02 1.987613206552040976e-02 5.590633052545922708e-03 3.738641672066424226e-02 2.255843040339958541e-02 5.681047603260951442e-03 1.683217552478112264e-02 1.806784105121984202e-02 1.845963743765163118e-02 3.286568918491282465e-02 7.097542231129730025e-03 8.996247796145325631e-03 1.381835716761350800e-02 6.012567622549388688e-03 1.336628441403836520e-02 1.311010985367911871e-03 4.445382076822230327e-03 3.771793673995268298e-02 5.349527583972514197e-03 2.486400144663281075e-03 2.759150705986950294e-02 4.626211178252286928e-03 4.068654782176278390e-04 2.270912132125796692e-02 1.321559349617998542e-02 5.952291255406036777e-03 5.530356685402570797e-03 2.135290306053254025e-02 
5.048145748255752907e-03 6.735884028269615957e-03 8.725004144000240297e-03 5.369117403294103308e-02 1.092509154473259893e-02 7.730444086134928561e-03 3.678365304923072315e-02 2.502976145627703111e-02 2.973131809345850793e-02 2.942993625774174490e-02 3.488494748421512581e-02 1.867060472265336460e-02 3.886318771567637276e-02 9.418182366148792478e-03 1.894184837479844993e-02 3.798918039209776831e-02 4.746763912538991617e-03 2.632570334985910240e-02 1.243200072331640538e-02 1.794728831693313820e-02 5.019514473862660142e-02 1.053329515830080977e-02 3.789876584138274218e-02 0.000000000000000000e+00 5.926673799370112128e-02 1.134702611473606404e-02 2.863127439309232579e-04 1.396904808547188778e-02 3.024366721417700091e-02 3.480960202528593679e-03 3.269992917526860689e-03 9.388044182577116523e-03 7.368785883274815360e-03 2.771205979415620677e-02 4.354967526107201593e-03 1.149771703259444555e-02 2.186525218125103670e-02 3.812480221817030925e-03 3.247389279848103549e-02 1.068398607615918955e-02 9.568873284007172256e-03 2.150359397839092176e-02 4.064134054640526628e-02 9.508596916863820345e-03 1.574720091620078130e-02 1.604858275191754086e-02 4.656349361823962883e-03 1.930350657765856487e-02 2.831482346558972935e-02 1.939392112837359447e-02 2.041861936981058043e-02 2.762164524344117716e-02 3.963171139675411569e-03 8.996247796145325631e-03 1.628968822049095197e-02 3.512605295278853346e-02 1.083467699401757106e-02 2.536128147556546836e-02 1.204020433688461622e-02 4.671418453609800753e-04 2.343243772697819333e-02 1.421015355404529716e-02 2.385437229698166017e-02 8.182516839710071363e-03 3.480960202528593679e-03 3.407121652777986981e-02 
