0.000000000000000000e+00 1.194978978616958835e-02 1.035246605687075230e-02 1.943912840373110624e-03 8.423622308283479007e-03 1.457181175690541210e-02 4.354967526107201593e-03 1.170868431759617898e-02 5.198836666114133552e-03 1.734452464549961562e-02 1.194978978616958835e-02 7.082473139343891831e-04 1.062370970901583764e-02 1.219089525474299600e-02 5.892014888262683998e-03 3.119301999668480044e-03 6.494778559696207446e-03 4.415243893250553504e-03 4.837178463254019484e-03 4.716625728967314794e-03 2.878196531095071099e-03 4.671418453609800753e-04 8.001687738280013895e-03 2.260363767875710216e-04 5.259113033257485463e-03 1.220596434652883571e-03 3.752203854673679013e-03 1.188951341902623471e-02 1.336628441403836520e-02 4.068654782176278390e-04 1.582254637512996989e-03 8.288000482210937641e-04 2.305571043233224475e-03 2.908334714666747055e-03 1.818839378550654584e-02 1.553623363119904788e-02 1.582254637512996989e-03 9.177076897575383099e-03 1.252241527403143498e-02 2.395985593948252775e-03 6.479709467910369468e-04 3.239854733955184734e-03 5.379665767544190152e-03 1.958981932158948764e-04 7.850996820421632383e-03 1.098536791187595084e-02 7.278371332559786626e-03 1.009629149651150581e-03 1.020177513901237253e-02 1.647051732192100770e-02 1.657600096442187311e-04 1.348683714832507076e-02 9.659287834722201857e-03 2.185018308946519786e-03 5.876945796476846021e-04 1.173882250116785493e-02 6.946851313271349380e-03 2.426123777519928731e-03 6.796160395412968735e-03 6.404364008981178712e-03 5.198836666114133552e-03 3.541236569671946024e-03 3.390545651813565379e-03 5.801600337547656132e-03 3.872756588960383269e-03 6.585193110411235312e-03 
1.194978978616958835e-02 0.000000000000000000e+00 1.339642259761004289e-02 1.113605882973433235e-02 4.987869381112400129e-03 1.366766624975512649e-02 1.009629149651150581e-03 8.333207757568451141e-03 2.787781980380042365e-03 1.074426244330254146e-02 5.409803951115866108e-03 1.009629149651150581e-03 9.357905999005440567e-03 2.335709226804900430e-03 4.144000241105468170e-03 2.908334714666747055e-03 2.757643796808366410e-03 1.366766624975512649e-02 5.349527583972514197e-03 5.831738521119332087e-03 7.760582269706604516e-03 5.876945796476846021e-04 8.363345941140127096e-03 9.599011467578848211e-03 1.372794261689848014e-02 1.401425536082940388e-03 2.150359397839092176e-02 2.546676511806633420e-03 1.119633519687768426e-02 1.047301879115745613e-02 1.680203734120944495e-02 4.354967526107201593e-03 7.730444086134928561e-03 5.922153071834360821e-03 7.489338617561519182e-03 1.521978270369644861e-03 9.749702385437229724e-03 9.599011467578848211e-03 1.713355736049788219e-02 5.319389400400838241e-03 6.479709467910369468e-04 7.534545892919033603e-05 1.732945555371377851e-03 2.817920163951718755e-03 7.941411371136661984e-03 5.876945796476846021e-04 8.694865960428564342e-03 9.659287834722201857e-03 1.672669188228025506e-03 1.100043700366178882e-03 2.486400144663281075e-03 4.957731197540724173e-03 1.702807371799701678e-03 3.209716550383508345e-03 4.957731197540724173e-03 1.475264085833546783e-02 9.689426018293877813e-03 7.549614984704871960e-03 4.113862057533792214e-03 1.913774656801434668e-03 3.300131101098536645e-03 1.261282982474646285e-02 1.612392821084673161e-03 4.294691158963849682e-03 1.375808080047015609e-02 2.787781980380042365e-03 
1.035246605687075230e-02 1.339642259761004289e-02 0.000000000000000000e+00 2.034327391088139141e-03 1.113605882973433235e-02 1.864046653908169038e-02 3.089163816096803655e-03 1.342656078118171885e-02 2.395985593948252775e-03 1.436084447190367867e-02 8.182516839710071363e-03 1.273338255903316667e-02 1.228130980545802560e-02 1.143744066545109364e-02 1.506909178583806754e-05 9.478458733292144389e-03 6.404364008981178712e-03 1.490333177619384934e-02 1.853498289658082323e-03 1.104564427901930275e-02 2.516538328234957465e-03 3.601512936815297935e-03 4.204276608248820948e-03 9.207215081147059055e-03 1.146757884902276960e-02 2.245294676089872130e-03 2.034327391088139141e-03 2.637091062521661720e-03 5.711185786832627398e-03 1.665134642335106344e-02 1.659107005620771152e-02 1.461701903226292516e-03 1.098536791187595084e-02 2.305571043233224475e-03 1.243200072331640538e-02 1.311010985367911871e-03 1.194978978616958835e-02 2.584349241271228712e-02 1.487319359262217339e-02 9.779840569008905679e-03 1.303476439474992796e-02 7.549614984704871960e-03 1.732945555371377851e-03 6.916713129699673425e-03 1.951447386266029829e-02 1.161826976688114937e-02 2.168442307982097750e-02 1.161826976688114937e-02 5.108422115399104818e-03 1.155799339973779746e-02 7.790720453278281339e-03 1.228130980545802560e-02 4.385105709678877549e-03 2.968611081810099400e-03 3.902894772532059658e-03 3.963171139675411569e-03 8.514036858998508608e-03 4.264552975392172859e-03 1.650065550549268539e-02 4.234414791820496904e-03 6.615331293982911268e-03 7.881135003993310073e-03 6.946851313271349380e-03 1.763083738943053806e-03 1.589789183405916281e-02 3.571374753243621979e-03 
1.943912840373110624e-03 1.113605882973433235e-02 2.034327391088139141e-03 0.000000000000000000e+00 1.333614623046668925e-02 1.258269164117478689e-02 5.168698482542457597e-03 1.243200072331640538e-02 5.168698482542457597e-03 1.336628441403836520e-02 7.534545892919033603e-05 5.560494868974246753e-03 7.850996820421632383e-03 1.023191332258404848e-02 6.042705806121065511e-03 5.138560298970780774e-03 4.656349361823962883e-03 4.475520260393906283e-03 1.763083738943053806e-03 4.354967526107201593e-03 1.526498997905396254e-02 7.730444086134928561e-03 1.039767333222826754e-03 6.494778559696207446e-03 2.395985593948252775e-03 2.561745603592471398e-04 4.671418453609800753e-04 8.031825921851689851e-03 4.596072994680610972e-03 1.182923705188288280e-02 4.596072994680610972e-03 6.735884028269615957e-03 8.634589593285212430e-03 1.250734618224559527e-03 1.059357152544416168e-02 8.483898675426832653e-03 7.308509516131462581e-03 1.903226292551347953e-02 1.039767333222826754e-03 2.406533958198339360e-02 3.631651120386974324e-03 1.815825560193487162e-02 8.996247796145325631e-03 1.149771703259444555e-02 1.065384789258751359e-02 1.505402269405222912e-02 6.946851313271349380e-03 1.113605882973433235e-02 1.672669188228025506e-03 2.234746311839785546e-02 1.190458251081207399e-03 1.250734618224559527e-03 4.972800289326561934e-04 1.836922288693660504e-02 1.823360106086406151e-03 5.650909419689275487e-03 3.661789303958650280e-03 1.131688793116438808e-02 3.752203854673679013e-03 1.149771703259444555e-02 1.164840795045282706e-02 1.372794261689848014e-02 1.071412425973086550e-02 5.620771236117599531e-03 1.279365892617651858e-02 8.182516839710071363e-03 
8.423622308283479007e-03 4.987869381112400129e-03 1.113605882973433235e-02 1.333614623046668925e-02 0.000000000000000000e+00 3.993309323247087525e-03 6.434502192552854667e-03 2.154880125374843830e-03 6.072843989692741466e-03 5.575563960760085381e-04 2.878196531095071099e-03 5.982429438977712732e-03 9.794909660794744091e-04 1.521978270369644861e-03 8.242793206853423274e-03 1.672669188228025506e-03 1.077440062687421915e-02 1.130181883937855054e-03 2.561745603592471398e-04 7.429062250418167271e-03 7.640029535419899827e-03 3.631651120386974324e-03 6.766022211841291913e-03 3.164509275025994303e-04 8.423622308283479007e-03 1.582254637512996989e-03 1.763083738943053806e-03 4.370036617893039571e-04 9.659287834722201857e-03 2.154880125374843830e-03 1.883636473229758496e-03 9.779840569008905679e-03 8.589382317927698280e-04 5.078283931827428863e-03 9.297629631862086921e-03 3.842618405388707314e-03 1.190458251081207399e-03 1.083467699401757106e-02 1.763083738943053806e-03 1.069905516794502709e-03 6.313949458266149978e-03 3.360407468241888990e-03 6.675607661126264046e-03 1.039767333222826754e-03 6.072843989692741466e-03 9.749702385437229724e-03 7.760582269706604516e-03 3.767272946459516666e-04 7.368785883274815360e-03 1.732945555371377851e-03 4.415243893250553504e-03 4.596072994680610972e-03 8.589382317927698280e-04 8.393484124711803052e-03 7.760582269706604516e-03 3.480960202528593679e-03 9.056524163288679277e-03 5.922153071834360821e-03 4.972800289326561934e-04 9.146938714003707144e-03 6.193396723979446156e-03 2.185018308946519786e-03 1.506909178583806754e-05 5.831738521119332087e-03 6.072843989692741466e-03 2.727505613236690021e-03 
1.457181175690541210e-02 1.366766624975512649e-02 1.864046653908169038e-02 1.258269164117478689e-02 3.993309323247087525e-03 0.000000000000000000e+00 5.470080318259218886e-03 6.946851313271349380e-03 5.741323970404303353e-03 4.716625728967314794e-03 7.685236810777414194e-04 1.077440062687421915e-02 1.354711351546842267e-02 2.637091062521661720e-03 2.968611081810099400e-03 5.078283931827428863e-03 6.344087641837826801e-03 3.269992917526860689e-03 7.157818598273081936e-03 7.685236810777414194e-04 1.348683714832507076e-02 7.187956781844757892e-03 9.207215081147059055e-03 1.243200072331640538e-02 1.552116453941321033e-03 3.286568918491282465e-02 1.556637181477072383e-02 1.297448802760657605e-02 1.356218260725426130e-04 1.642531004656349334e-03 2.094603758231491485e-03 5.952291255406036777e-03 8.288000482210937641e-04 8.333207757568451141e-03 1.958981932158948764e-04 9.870255119723933546e-03 8.996247796145325631e-03 7.007127680414701291e-03 3.631651120386974324e-03 7.278371332559786626e-03 2.486400144663281075e-03 6.524916743267883401e-03 2.426123777519928731e-03 1.913774656801434668e-03 7.730444086134928561e-03 4.987869381112400129e-03 3.601512936815297935e-03 1.491840086797968689e-03 7.459200433989843226e-03 2.426123777519928731e-03 8.785280511143593943e-03 8.272931390425099230e-03 9.357905999005440567e-03 3.902894772532059658e-03 1.041274242401410421e-02 7.067404047558054070e-03 4.927593013969048218e-03 7.368785883274815360e-03 2.064465574659815096e-03 5.711185786832627398e-03 4.354967526107201593e-03 6.916713129699673425e-03 1.083467699401757106e-02 5.982429438977712732e-03 4.776902096110667573e-03 1.134702611473606404e-02 
4.354967526107201593e-03 1.009629149651150581e-03 3.089163816096803655e-03 5.168698482542457597e-03 6.434502192552854667e-03 5.470080318259218886e-03 0.000000000000000000e+00 6.072843989692741466e-03 2.968611081810099400e-03 7.218094965416434715e-03 2.516538328234957465e-03 2.968611081810099400e-03 1.508416087762390508e-02 3.149440183240156000e-03 2.234746311839785546e-02 8.935971429001973720e-03 1.297448802760657605e-02 4.505658443965582238e-03 2.124741941803167441e-03 2.516538328234957465e-03 6.976989496843025336e-03 4.354967526107201593e-03 7.007127680414701291e-03 2.275432859661548086e-03 4.234414791820496904e-03 6.524916743267883401e-03 6.585193110411235312e-03 5.922153071834360821e-03 8.875695061858621809e-03 1.445125902261870654e-02 7.790720453278281339e-03 2.395985593948252775e-03 7.549614984704871960e-03 4.746763912538991617e-03 1.921309202694353527e-02 6.585193110411235312e-03 5.379665767544190152e-03 6.193396723979446156e-03 3.722065671102002624e-03 4.053585690390440303e-03 8.092102288995041762e-03 5.620771236117599531e-03 1.152785521616612151e-02 7.082473139343891831e-04 1.943912840373110624e-03 6.178327632193607744e-04 2.215156492518195741e-03 1.149771703259444555e-02 1.951447386266029829e-02 5.274182125043323658e-04 4.505658443965582238e-03 7.609891351848223871e-03 1.044288060758578017e-02 1.069905516794502709e-03 2.304064134054640417e-02 2.111179759195913261e-02 2.831482346558972935e-02 3.722065671102002624e-03 7.489338617561519182e-03 4.385105709678877549e-03 5.274182125043323658e-04 1.457181175690541210e-02 7.429062250418167271e-03 7.248233148988110670e-03 2.335709226804900430e-03 5.228974849685809508e-03 
1.170868431759617898e-02 8.333207757568451141e-03 1.342656078118171885e-02 1.243200072331640538e-02 2.154880125374843830e-03 6.946851313271349380e-03 6.072843989692741466e-03 0.000000000000000000e+00 1.732945555371377851e-03 4.445382076822230327e-03 1.683217552478112264e-02 8.694865960428564342e-03 6.781091303627130107e-04 1.351697533189674671e-02 6.434502192552854667e-03 1.270324437546149071e-02 8.966109612573649676e-03 4.987869381112400129e-03 3.541236569671946024e-03 3.269992917526860689e-03 9.237353264718735010e-03 2.727505613236690021e-03 2.124741941803167441e-03 5.409803951115866108e-03 2.087069212338572496e-02 1.130181883937855054e-03 3.963171139675411569e-03 1.436084447190367867e-02 2.258856858697126310e-02 4.535796627537258194e-03 9.478458733292144389e-03 3.390545651813565379e-03 1.641024095477765579e-02 8.875695061858621809e-03 1.116619701330600831e-02 4.565934811108934149e-03 9.026385979717003322e-03 2.637091062521661720e-03 5.861876704691008043e-03 7.790720453278281339e-03 7.097542231129730025e-03 2.848058347523394710e-03 1.469236449119211592e-02 3.902894772532059658e-03 1.378821898404183205e-02 1.439098265547535463e-02 1.300462621117825200e-02 2.275432859661548086e-03 6.434502192552854667e-03 4.234414791820496904e-03 7.383854975060653554e-04 1.722397191121291180e-02 8.483898675426832653e-03 9.086662346860355233e-03 4.716625728967314794e-03 1.054836425008664677e-04 7.534545892919033603e-05 1.659107005620771152e-02 1.740480101264296753e-02 1.005108422115399101e-02 8.634589593285212430e-03 1.104564427901930275e-02 1.237172435617305347e-02 7.383854975060653554e-04 7.971549554708337940e-03 1.401425536082940388e-03 
5.198836666114133552e-03 2.787781980380042365e-03 2.395985593948252775e-03 5.168698482542457597e-03 6.072843989692741466e-03 5.741323970404303353e-03 2.968611081810099400e-03 1.732945555371377851e-03 0.000000000000000000e+00 3.330269284670213034e-03 6.796160395412968735e-03 1.122647338044936022e-02 2.878196531095071099e-03 8.890764153644460004e-04 1.354711351546842267e-02 7.383854975060653554e-04 2.546676511806633420e-03 2.064465574659815096e-03 7.007127680414701291e-03 1.044288060758578017e-02 3.541236569671946024e-03 2.546676511806633420e-03 4.716625728967314794e-03 5.861876704691008043e-03 1.098536791187595084e-02 8.333207757568451141e-03 5.620771236117599531e-03 9.840116936152257590e-03 5.771462153975980176e-03 2.938472898238423010e-03 4.083723873962116259e-03 2.154880125374843830e-03 2.275432859661548086e-03 4.927593013969048218e-03 1.484305540905049570e-02 5.771462153975980176e-03 6.675607661126264046e-03 8.001687738280013895e-03 4.671418453609800753e-04 1.152785521616612151e-02 6.464640376124530623e-03 7.067404047558054070e-03 8.333207757568451141e-03 5.500218501830894842e-03 9.116800530432031188e-03 2.245294676089872130e-03 1.431563719654616344e-03 4.671418453609800753e-04 8.423622308283479007e-03 7.519476801133196005e-03 1.853498289658082323e-03 1.424029173761697312e-02 1.032232787329907635e-02 7.986618646494175917e-04 1.659107005620771152e-02 5.379665767544190152e-03 1.622941185334760006e-02 6.494778559696207446e-03 8.242793206853423274e-03 2.938472898238423010e-03 4.535796627537258194e-03 1.249227709045975729e-02 7.082473139343891831e-04 2.878196531095071099e-03 7.278371332559786626e-03 5.168698482542457597e-03 
1.734452464549961562e-02 1.074426244330254146e-02 1.436084447190367867e-02 1.336628441403836520e-02 5.575563960760085381e-04 4.716625728967314794e-03 7.218094965416434715e-03 4.445382076822230327e-03 3.330269284670213034e-03 0.000000000000000000e+00 9.267491448290410966e-03 7.368785883274815360e-03 5.439942134687542064e-03 7.790720453278281339e-03 4.671418453609800753e-04 5.168698482542457597e-03 1.197992796974126431e-02 6.585193110411235312e-03 6.585193110411235312e-03 3.812480221817030925e-03 1.565678636548575170e-02 1.179909886831120684e-02 1.020177513901237253e-02 2.185018308946519786e-03 1.387863353475685992e-02 5.741323970404303353e-03 1.702807371799701678e-03 1.740480101264296753e-02 1.568692454905742939e-02 1.089495336116092297e-02 1.038260424044242826e-02 6.766022211841291913e-03 1.267310619188981476e-02 8.966109612573649676e-03 1.231144798902970156e-02 1.100043700366178882e-03 1.098536791187595084e-02 1.927336839408688718e-02 3.028887448953451744e-03 3.265472189991109470e-02 2.486400144663281075e-03 1.713355736049788219e-02 1.402932445261524143e-02 1.017163695544069484e-02 3.164509275025994303e-04 1.580747728334413321e-02 8.905833245430297765e-03 9.448320549720468434e-03 6.766022211841291913e-03 2.361326682840825253e-02 7.549614984704871960e-03 5.952291255406036777e-03 1.288407347689154818e-02 1.324573167975166138e-02 4.520727535751420433e-05 5.168698482542457597e-03 3.465891110742755485e-04 1.080453881044589511e-02 9.357905999005440567e-03 7.278371332559786626e-03 1.041274242401410421e-02 7.007127680414701291e-03 1.876101927336839420e-02 3.842618405388707314e-03 3.209716550383508345e-03 1.731438646192793793e-02 
1.194978978616958835e-02 5.409803951115866108e-03 8.182516839710071363e-03 7.534545892919033603e-05 2.878196531095071099e-03 7.685236810777414194e-04 2.516538328234957465e-03 1.683217552478112264e-02 6.796160395412968735e-03 9.267491448290410966e-03 0.000000000000000000e+00 3.752203854673679013e-03 1.220596434652883571e-03 3.933032956103735614e-03 7.187956781844757892e-03 9.192145989361221728e-04 1.101550609544762679e-02 7.881135003993310073e-03 5.620771236117599531e-03 2.426123777519928731e-03 1.431563719654616344e-03 9.267491448290410966e-03 8.288000482210937641e-04 5.861876704691008043e-03 1.552116453941321033e-03 8.423622308283479007e-03 4.972800289326561934e-04 6.675607661126264046e-03 4.113862057533792214e-03 6.434502192552854667e-03 1.541568089691234232e-02 1.306490257832160391e-02 1.457181175690541210e-02 6.826298578984644691e-03 1.280872801796235699e-03 3.691927487530326669e-03 1.050315697472913382e-02 3.480960202528593679e-03 1.092509154473259893e-02 1.800756468407649011e-02 1.300462621117825200e-02 1.300462621117825200e-02 1.095522972830427488e-02 1.511429906119558103e-02 8.031825921851689851e-03 2.153373216196259946e-02 1.047301879115745613e-02 1.674176097406609304e-02 8.288000482210937641e-04 1.613899730263257046e-02 9.448320549720468434e-03 6.675607661126264046e-03 3.631651120386974324e-03 1.520471361191061063e-02 1.011136058829734292e-02 5.078283931827428863e-03 5.681047603260951442e-03 1.282379710974819627e-02 1.442112083904703058e-02 4.113862057533792214e-03 2.848058347523394710e-03 9.297629631862086921e-03 1.249227709045975729e-02 4.415243893250553504e-03 8.393484124711803052e-03 1.642531004656349334e-03 
7.082473139343891831e-04 1.009629149651150581e-03 1.273338255903316667e-02 5.560494868974246753e-03 5.982429438977712732e-03 1.077440062687421915e-02 2.968611081810099400e-03 8.694865960428564342e-03 1.122647338044936022e-02 7.368785883274815360e-03 3.752203854673679013e-03 0.000000000000000000e+00 5.575563960760085381e-04 9.719564201865553768e-03 1.194978978616958835e-02 3.239854733955184734e-03 5.228974849685809508e-03 8.212655023281747318e-03 6.283811274694474022e-03 8.272931390425099230e-03 2.215156492518195741e-03 6.524916743267883401e-03 3.631651120386974324e-03 4.535796627537258194e-03 9.599011467578848211e-03 9.794909660794744091e-04 9.177076897575383099e-03 6.856436762556320647e-03 1.161826976688114937e-02 1.506909178583806754e-05 3.059025632525127700e-03 9.192145989361221728e-04 1.401425536082940388e-03 5.138560298970780774e-03 8.589382317927698280e-04 5.650909419689275487e-03 4.776902096110667573e-03 9.568873284007172256e-03 3.420683835385241334e-03 5.198836666114133552e-03 1.853498289658082323e-03 1.883636473229758496e-03 6.856436762556320647e-03 2.335709226804900430e-03 4.957731197540724173e-03 4.987869381112400129e-03 9.357905999005440567e-03 5.409803951115866108e-03 4.445382076822230327e-03 1.089495336116092297e-02 7.685236810777414194e-04 7.911273187564986029e-03 1.249227709045975729e-02 3.390545651813565379e-03 5.048145748255752907e-03 6.178327632193607744e-04 1.104564427901930275e-02 3.179578366811832389e-03 4.234414791820496904e-03 6.178327632193607744e-04 7.941411371136661984e-03 8.303069573996775185e-03 1.321559349617998542e-02 7.398924066846491315e-03 8.890764153644460004e-04 1.002094603758231506e-02 
1.062370970901583764e-02 9.357905999005440567e-03 1.228130980545802560e-02 7.850996820421632383e-03 9.794909660794744091e-04 1.354711351546842267e-02 1.508416087762390508e-02 6.781091303627130107e-04 2.878196531095071099e-03 5.439942134687542064e-03 1.220596434652883571e-03 5.575563960760085381e-04 0.000000000000000000e+00 5.379665767544190152e-03 7.127680414701405981e-03 7.986618646494175917e-04 2.053917210409728772e-02 4.957731197540724173e-03 1.974051023944786796e-03 3.842618405388707314e-03 6.479709467910369468e-04 2.938472898238423010e-03 6.102982173264417422e-03 9.960669670438963147e-03 2.335709226804900430e-03 7.067404047558054070e-03 1.069905516794502709e-03 1.243200072331640538e-02 1.100043700366178882e-03 8.272931390425099230e-03 7.278371332559786626e-03 1.080453881044589511e-02 9.086662346860355233e-03 2.908334714666747055e-03 1.401425536082940388e-03 7.986618646494175917e-04 1.219089525474299600e-02 1.848977562122330887e-02 2.395985593948252775e-03 3.120808908847063842e-02 9.870255119723933546e-03 1.650065550549268539e-02 1.535540452976899041e-02 1.794728831693313820e-02 1.408960081975859334e-02 2.029806663552387661e-02 1.011136058829734292e-02 8.725004144000240297e-03 6.735884028269615957e-03 2.011723753409382087e-02 4.565934811108934149e-03 1.641024095477765579e-02 1.704314280978285606e-02 1.616913548620424815e-02 3.028887448953451744e-03 1.612392821084673161e-03 7.534545892919033603e-05 1.526498997905396254e-02 1.204020433688461622e-02 1.823360106086406151e-03 4.671418453609800753e-04 1.577733909977245552e-02 1.330600804689501329e-02 6.555054926839559357e-03 8.785280511143593943e-03 3.661789303958650280e-03 
1.219089525474299600e-02 2.335709226804900430e-03 1.143744066545109364e-02 1.023191332258404848e-02 1.521978270369644861e-03 2.637091062521661720e-03 3.149440183240156000e-03 1.351697533189674671e-02 8.890764153644460004e-04 7.790720453278281339e-03 3.933032956103735614e-03 9.719564201865553768e-03 5.379665767544190152e-03 0.000000000000000000e+00 5.575563960760085381e-04 6.178327632193607744e-04 3.390545651813565379e-03 5.801600337547656132e-03 2.561745603592471398e-04 6.946851313271349380e-03 9.568873284007172256e-03 2.908334714666747055e-03 3.420683835385241334e-03 8.996247796145325631e-03 1.173882250116785493e-02 1.657600096442187311e-04 1.974051023944786796e-03 4.987869381112400129e-03 1.418001537047362121e-02 1.092509154473259893e-02 1.032232787329907635e-02 4.671418453609800753e-04 9.538735100435496300e-03 2.215156492518195741e-03 3.239854733955184734e-03 2.004189207516463185e-03 1.056343334187248573e-02 6.585193110411235312e-03 3.872756588960383269e-03 7.383854975060653554e-04 7.459200433989843226e-03 3.089163816096803655e-03 1.054836425008664677e-04 3.179578366811832389e-03 1.431563719654616344e-03 1.521978270369644861e-03 4.174138424677144993e-03 5.409803951115866108e-03 2.275432859661548086e-03 7.579753168276547916e-03 5.575563960760085381e-04 1.657600096442187311e-04 1.972544114766203172e-02 1.095522972830427488e-02 2.697367429665014065e-03 4.113862057533792214e-03 3.149440183240156000e-03 7.368785883274815360e-03 1.371287352511264216e-03 7.519476801133196005e-03 4.626211178252286928e-03 1.071412425973086550e-02 1.279365892617651858e-02 9.146938714003707144e-03 2.154880125374843830e-03 9.086662346860355233e-03 
5.892014888262683998e-03 4.144000241105468170e-03 1.506909178583806754e-05 6.042705806121065511e-03 8.242793206853423274e-03 2.968611081810099400e-03 2.234746311839785546e-02 6.434502192552854667e-03 1.354711351546842267e-02 4.671418453609800753e-04 7.187956781844757892e-03 1.194978978616958835e-02 7.127680414701405981e-03 5.575563960760085381e-04 0.000000000000000000e+00 3.149440183240156000e-03 1.732945555371377851e-03 5.892014888262683998e-03 5.650909419689275487e-03 1.113605882973433235e-02 4.144000241105468170e-03 7.383854975060653554e-04 1.974051023944786796e-03 1.393890990190021183e-02 5.861876704691008043e-03 4.113862057533792214e-03 4.671418453609800753e-04 4.204276608248820948e-03 9.418182366148792478e-03 3.571374753243621979e-03 3.812480221817030925e-03 1.582254637512996989e-03 3.465891110742755485e-04 5.228974849685809508e-03 1.321559349617998542e-02 1.521978270369644861e-03 9.794909660794744091e-04 9.267491448290410966e-03 3.330269284670213034e-03 2.177483763053600710e-02 6.856436762556320647e-03 1.586775365048748512e-02 8.393484124711803052e-03 1.793221922514729979e-03 1.321559349617998542e-02 1.356218260725426130e-04 6.404364008981178712e-03 4.354967526107201593e-03 6.705745844697940002e-03 1.017163695544069484e-02 3.269992917526860689e-03 1.743493919621464522e-02 1.107578246259098044e-02 2.817920163951718755e-03 1.035246605687075230e-02 1.642531004656349334e-03 1.333614623046668925e-02 7.338647699703138537e-03 6.193396723979446156e-03 5.711185786832627398e-03 4.174138424677144993e-03 1.053329515830080977e-02 4.144000241105468170e-03 3.812480221817030925e-03 4.671418453609800753e-04 7.459200433989843226e-03 
3.119301999668480044e-03 2.908334714666747055e-03 9.478458733292144389e-03 5.138560298970780774e-03 1.672669188228025506e-03 5.078283931827428863e-03 8.935971429001973720e-03 1.270324437546149071e-02 7.383854975060653554e-04 5.168698482542457597e-03 9.192145989361221728e-04 3.239854733955184734e-03 7.986618646494175917e-04 6.178327632193607744e-04 3.149440183240156000e-03 0.000000000000000000e+00 4.264552975392172859e-03 1.250734618224559527e-03 5.575563960760085381e-04 7.398924066846491315e-03 1.521978270369644861e-03 7.489338617561519182e-03 1.469236449119211592e-02 3.812480221817030925e-03 4.264552975392172859e-03 4.113862057533792214e-03 3.390545651813565379e-03 1.341149168939588044e-03 2.848058347523394710e-03 5.952291255406036777e-03 1.672669188228025506e-03 5.892014888262683998e-03 5.681047603260951442e-03 3.119301999668480044e-03 7.082473139343891831e-04 1.220596434652883571e-03 2.576814695378309376e-03 3.149440183240156000e-03 9.177076897575383099e-03 1.201006615331294027e-02 2.546676511806633420e-03 1.020177513901237253e-02 3.812480221817030925e-03 7.368785883274815360e-03 1.393890990190021183e-02 7.971549554708337940e-03 1.164840795045282706e-02 7.820858636849956427e-03 2.486400144663281075e-03 1.074426244330254146e-02 3.450822018956917290e-03 1.059357152544416168e-02 4.144000241105468170e-03 6.102982173264417422e-03 2.094603758231491485e-03 5.108422115399104818e-03 3.360407468241888990e-03 3.541236569671946024e-03 1.481291722547881974e-02 5.876945796476846021e-04 6.766022211841291913e-03 3.601512936815297935e-03 1.461701903226292516e-03 1.267310619188981476e-02 7.549614984704871960e-03 7.082473139343891831e-04 
6.494778559696207446e-03 2.757643796808366410e-03 6.404364008981178712e-03 4.656349361823962883e-03 1.077440062687421915e-02 6.344087641837826801e-03 1.297448802760657605e-02 8.966109612573649676e-03 2.546676511806633420e-03 1.197992796974126431e-02 1.101550609544762679e-02 5.228974849685809508e-03 2.053917210409728772e-02 3.390545651813565379e-03 1.732945555371377851e-03 4.264552975392172859e-03 0.000000000000000000e+00 7.685236810777414194e-04 5.771462153975980176e-03 5.319389400400838241e-03 7.881135003993310073e-03 3.390545651813565379e-03 6.479709467910369468e-04 4.656349361823962883e-03 6.223534907551122111e-03 7.911273187564986029e-03 8.514036858998508608e-03 5.439942134687542064e-03 1.348683714832507076e-02 2.260363767875710216e-04 9.960669670438963147e-03 3.480960202528593679e-03 4.596072994680610972e-03 3.511098386100269635e-03 1.680203734120944495e-02 1.267310619188981476e-02 9.900393303295611236e-03 1.054836425008664677e-04 3.179578366811832389e-03 4.746763912538991617e-03 9.357905999005440567e-03 1.077440062687421915e-02 1.891171019122677571e-02 2.968611081810099400e-03 8.815418694715269898e-03 4.656349361823962883e-03 4.324829342535525638e-03 1.647051732192100770e-02 2.572293967842557982e-02 1.100043700366178882e-03 7.760582269706604516e-03 1.411973900333026929e-02 1.182923705188288280e-02 3.089163816096803655e-03 1.487319359262217339e-02 2.255843040339958541e-02 2.578321604556893520e-02 1.583761546691580743e-02 2.576814695378309376e-03 9.146938714003707144e-03 5.771462153975980176e-03 1.695272825906782646e-02 5.500218501830894842e-03 6.916713129699673425e-03 4.234414791820496904e-03 1.356218260725426130e-04 
4.415243893250553504e-03 1.366766624975512649e-02 1.490333177619384934e-02 4.475520260393906283e-03 1.130181883937855054e-03 3.269992917526860689e-03 4.505658443965582238e-03 4.987869381112400129e-03 2.064465574659815096e-03 6.585193110411235312e-03 7.881135003993310073e-03 8.212655023281747318e-03 4.957731197540724173e-03 5.801600337547656132e-03 5.892014888262683998e-03 1.250734618224559527e-03 7.685236810777414194e-04 0.000000000000000000e+00 1.369780443332680418e-02 6.072843989692741466e-03 6.163258540407769333e-03 1.913774656801434668e-03 1.732945555371377851e-03 6.946851313271349380e-03 1.160320067509531226e-03 7.971549554708337940e-03 6.886574946127996602e-03 1.913774656801434668e-03 6.283811274694474022e-03 6.404364008981178712e-03 2.561745603592471398e-04 8.288000482210937641e-04 1.017163695544069484e-02 1.702807371799701678e-03 9.327767815433764612e-03 6.705745844697940002e-03 1.128674974759271213e-02 9.538735100435496300e-03 1.122647338044936022e-02 4.987869381112400129e-03 1.974051023944786796e-03 7.383854975060653554e-04 4.807040279682343528e-03 1.220596434652883571e-03 6.555054926839559357e-03 6.253673091122798067e-03 6.178327632193607744e-04 3.450822018956917290e-03 5.500218501830894842e-03 1.672669188228025506e-03 4.776902096110667573e-03 7.760582269706604516e-03 7.067404047558054070e-03 8.815418694715269898e-03 6.434502192552854667e-03 4.671418453609800753e-04 7.127680414701405981e-03 7.986618646494175917e-04 4.505658443965582238e-03 7.368785883274815360e-03 3.269992917526860689e-03 1.823360106086406151e-03 1.793221922514729979e-03 3.028887448953451744e-03 2.124741941803167441e-03 7.820858636849956427e-03 
4.837178463254019484e-03 5.349527583972514197e-03 1.853498289658082323e-03 1.763083738943053806e-03 2.561745603592471398e-04 7.157818598273081936e-03 2.124741941803167441e-03 3.541236569671946024e-03 7.007127680414701291e-03 6.585193110411235312e-03 5.620771236117599531e-03 6.283811274694474022e-03 1.974051023944786796e-03 2.561745603592471398e-04 5.650909419689275487e-03 5.575563960760085381e-04 5.771462153975980176e-03 1.369780443332680418e-02 0.000000000000000000e+00 1.357725169904009863e-02 5.681047603260951442e-03 1.095522972830427488e-02 1.054836425008664677e-04 5.831738521119332087e-03 5.982429438977712732e-03 2.576814695378309376e-03 7.157818598273081936e-03 8.966109612573649676e-03 1.273338255903316667e-02 2.576814695378309376e-03 4.113862057533792214e-03 1.642531004656349334e-03 3.028887448953451744e-03 2.516538328234957465e-03 2.288995042268802613e-02 5.319389400400838241e-03 1.231144798902970156e-02 3.209716550383508345e-03 7.850996820421632383e-03 1.913774656801434668e-03 5.650909419689275487e-03 6.178327632193607744e-04 9.357905999005440567e-03 8.212655023281747318e-03 1.461701903226292516e-03 7.368785883274815360e-03 1.913774656801434668e-03 3.631651120386974324e-03 1.732945555371377851e-03 4.520727535751420433e-05 1.002094603758231506e-02 1.312517894546495756e-02 1.155799339973779746e-02 1.039767333222826754e-03 6.102982173264417422e-03 4.068654782176278390e-04 1.009629149651150581e-03 1.580747728334413321e-02 4.234414791820496904e-03 1.360738988261177458e-02 1.668148460692274113e-02 1.427042992118865081e-02 2.546676511806633420e-03 1.642531004656349334e-03 6.223534907551122111e-03 4.023447506818764348e-03 
4.716625728967314794e-03 5.831738521119332087e-03 1.104564427901930275e-02 4.354967526107201593e-03 7.429062250418167271e-03 7.685236810777414194e-04 2.516538328234957465e-03 3.269992917526860689e-03 1.044288060758578017e-02 3.812480221817030925e-03 2.426123777519928731e-03 8.272931390425099230e-03 3.842618405388707314e-03 6.946851313271349380e-03 1.113605882973433235e-02 7.398924066846491315e-03 5.319389400400838241e-03 6.072843989692741466e-03 1.357725169904009863e-02 0.000000000000000000e+00 2.275432859661548086e-03 2.637091062521661720e-03 1.170868431759617898e-02 1.883636473229758496e-03 1.521978270369644861e-03 1.375808080047015609e-02 7.685236810777414194e-04 1.823360106086406151e-03 7.383854975060653554e-04 6.072843989692741466e-03 4.385105709678877549e-03 1.152785521616612151e-02 1.506909178583806754e-05 5.138560298970780774e-03 1.716369554406955988e-02 4.596072994680610972e-03 4.023447506818764348e-03 5.439942134687542064e-03 1.732945555371377851e-03 2.335709226804900430e-03 7.097542231129730025e-03 1.582254637512996989e-03 1.547595726405569597e-02 1.191965160259791066e-02 6.615331293982911268e-03 3.571374753243621979e-03 8.288000482210937641e-04 6.178327632193607744e-04 3.631651120386974324e-03 3.330269284670213034e-03 4.113862057533792214e-03 1.191965160259791066e-02 1.642531004656349334e-03 1.130181883937855054e-03 1.152785521616612151e-02 7.670167718991576650e-03 9.809978752580581635e-03 1.044288060758578017e-02 1.552116453941321033e-03 1.197992796974126431e-02 6.735884028269615957e-03 7.941411371136661984e-03 1.100043700366178882e-03 3.933032956103735614e-03 5.560494868974246753e-03 6.223534907551122111e-03 
2.878196531095071099e-03 7.760582269706604516e-03 2.516538328234957465e-03 1.526498997905396254e-02 7.640029535419899827e-03 1.348683714832507076e-02 6.976989496843025336e-03 9.237353264718735010e-03 3.541236569671946024e-03 1.565678636548575170e-02 1.431563719654616344e-03 2.215156492518195741e-03 6.479709467910369468e-04 9.568873284007172256e-03 4.144000241105468170e-03 1.521978270369644861e-03 7.881135003993310073e-03 6.163258540407769333e-03 5.681047603260951442e-03 2.275432859661548086e-03 0.000000000000000000e+00 4.023447506818764348e-03 4.370036617893039571e-04 8.152378656138393673e-03 8.212655023281747318e-03 2.968611081810099400e-03 1.657600096442187311e-04 9.146938714003707144e-03 4.656349361823962883e-03 7.398924066846491315e-03 1.913774656801434668e-03 6.645469477554588091e-03 7.820858636849956427e-03 3.480960202528593679e-03 8.333207757568451141e-03 6.916713129699673425e-03 6.494778559696207446e-03 1.101550609544762679e-02 1.491840086797968689e-03 2.882717258630822232e-02 4.204276608248820948e-03 2.020765208480884700e-02 6.946851313271349380e-03 1.318545531260830947e-02 8.303069573996775185e-03 1.794728831693313820e-02 5.274182125043323658e-04 1.363752806618345054e-02 3.465891110742755485e-04 1.972544114766203172e-02 5.620771236117599531e-03 5.274182125043323658e-04 3.872756588960383269e-03 1.689245189192447455e-02 1.054836425008664677e-04 2.637091062521661720e-03 2.486400144663281075e-03 5.831738521119332087e-03 4.264552975392172859e-03 7.308509516131462581e-03 4.716625728967314794e-03 7.489338617561519182e-03 1.065384789258751359e-02 6.916713129699673425e-03 9.719564201865553768e-03 9.177076897575383099e-03 
4.671418453609800753e-04 5.876945796476846021e-04 3.601512936815297935e-03 7.730444086134928561e-03 3.631651120386974324e-03 7.187956781844757892e-03 4.354967526107201593e-03 2.727505613236690021e-03 2.546676511806633420e-03 1.179909886831120684e-02 9.267491448290410966e-03 6.524916743267883401e-03 2.938472898238423010e-03 2.908334714666747055e-03 7.383854975060653554e-04 7.489338617561519182e-03 3.390545651813565379e-03 1.913774656801434668e-03 1.095522972830427488e-02 2.637091062521661720e-03 4.023447506818764348e-03 0.000000000000000000e+00 5.711185786832627398e-03 3.149440183240156000e-03 1.883636473229758496e-03 3.767272946459516666e-04 4.837178463254019484e-03 5.108422115399104818e-03 3.149440183240156000e-03 2.185018308946519786e-03 1.100043700366178882e-03 3.360407468241888990e-03 3.480960202528593679e-03 2.561745603592471398e-04 5.876945796476846021e-04 8.152378656138393673e-03 2.606952878949985765e-03 8.152378656138393673e-03 1.642531004656349334e-03 1.833908470336492735e-02 7.218094965416434715e-03 9.689426018293877813e-03 1.220596434652883571e-03 1.213061888759964409e-02 4.505658443965582238e-03 1.311010985367911871e-03 4.204276608248820948e-03 7.760582269706604516e-03 9.493527825077982367e-04 2.192552854839438861e-02 1.160320067509531226e-03 7.760582269706604516e-03 5.801600337547656132e-03 3.872756588960383269e-03 2.034327391088139141e-03 1.506909178583806754e-05 6.555054926839559357e-03 3.119301999668480044e-03 5.289251216829161419e-03 3.390545651813565379e-03 5.168698482542457597e-03 5.590633052545922708e-03 5.228974849685809508e-03 5.620771236117599531e-03 1.155799339973779746e-02 1.521978270369644861e-03 
8.001687738280013895e-03 8.363345941140127096e-03 4.204276608248820948e-03 1.039767333222826754e-03 6.766022211841291913e-03 9.207215081147059055e-03 7.007127680414701291e-03 2.124741941803167441e-03 4.716625728967314794e-03 1.020177513901237253e-02 8.288000482210937641e-04 3.631651120386974324e-03 6.102982173264417422e-03 3.420683835385241334e-03 1.974051023944786796e-03 1.469236449119211592e-02 6.479709467910369468e-04 1.732945555371377851e-03 1.054836425008664677e-04 1.170868431759617898e-02 4.370036617893039571e-04 5.711185786832627398e-03 0.000000000000000000e+00 4.671418453609800753e-04 2.215156492518195741e-03 3.450822018956917290e-03 3.330269284670213034e-03 7.308509516131462581e-03 2.998749265381775355e-03 8.634589593285212430e-03 4.475520260393906283e-03 1.207034252045629218e-02 2.034327391088139141e-03 2.004189207516463185e-03 2.637091062521661720e-03 6.178327632193607744e-04 6.886574946127996602e-03 1.225117162188634964e-02 1.149771703259444555e-02 3.330269284670213034e-03 5.650909419689275487e-03 3.661789303958650280e-03 1.250734618224559527e-03 9.192145989361221728e-04 1.749521556335799713e-02 9.418182366148792478e-03 1.577733909977245552e-02 1.582254637512996989e-03 4.972800289326561934e-04 3.812480221817030925e-03 3.179578366811832389e-03 5.741323970404303353e-03 7.640029535419899827e-03 4.565934811108934149e-03 7.685236810777414194e-04 2.848058347523394710e-03 1.039767333222826754e-03 4.837178463254019484e-03 1.116619701330600831e-02 1.194978978616958835e-02 3.993309323247087525e-03 4.716625728967314794e-03 1.521978270369644861e-03 4.596072994680610972e-03 6.675607661126264046e-03 6.705745844697940002e-03 
2.260363767875710216e-04 9.599011467578848211e-03 9.207215081147059055e-03 6.494778559696207446e-03 3.164509275025994303e-04 1.243200072331640538e-02 2.275432859661548086e-03 5.409803951115866108e-03 5.861876704691008043e-03 2.185018308946519786e-03 5.861876704691008043e-03 4.535796627537258194e-03 9.960669670438963147e-03 8.996247796145325631e-03 1.393890990190021183e-02 3.812480221817030925e-03 4.656349361823962883e-03 6.946851313271349380e-03 5.831738521119332087e-03 1.883636473229758496e-03 8.152378656138393673e-03 3.149440183240156000e-03 4.671418453609800753e-04 0.000000000000000000e+00 4.445382076822230327e-03 3.993309323247087525e-03 4.671418453609800753e-04 3.872756588960383269e-03 1.113605882973433235e-02 6.479709467910369468e-04 8.725004144000240297e-03 4.068654782176278390e-04 4.204276608248820948e-03 2.848058347523394710e-03 6.374225825409502756e-03 5.048145748255752907e-03 9.809978752580581635e-03 1.974051023944786796e-03 1.250734618224559527e-03 1.225117162188634964e-02 2.606952878949985765e-03 1.210048070402796813e-02 2.998749265381775355e-03 6.826298578984644691e-03 1.002094603758231506e-02 5.952291255406036777e-03 1.143744066545109364e-02 7.609891351848223871e-03 6.193396723979446156e-03 1.228130980545802560e-02 1.793221922514729979e-03 4.686487545395638839e-03 1.672669188228025506e-03 8.288000482210937641e-04 8.875695061858621809e-03 7.067404047558054070e-03 6.946851313271349380e-03 5.741323970404303353e-03 6.193396723979446156e-03 7.248233148988110670e-03 3.767272946459516666e-04 6.012567622549388688e-03 2.606952878949985765e-03 4.535796627537258194e-03 3.300131101098536645e-03 2.727505613236690021e-03 
