0.000000000000000000e+00 1.075950855482977891e-01 8.984724186336648377e-02 3.381770774518102346e-02 6.523421843721867452e-02 1.217761708313568753e-01 3.922503135524627038e-01 4.667805018471427592e-01 3.434984859747252650e-01 3.961372756902175607e-01 1.729510617369731384e-01 4.445525029250483456e-02 2.971103981849743114e-01 1.681797141373897117e-02 2.952550070212297539e-01 7.083182097971924343e-03 3.012065402205963416e-01 6.047891411137958084e-02 2.756730068328120398e-01 1.691773509340592230e-01 4.952179918862232959e-03 1.578593590915431943e-01 5.038690855176099215e-02 1.554960266028189708e-01 1.456806245060200955e-01 1.420915955626653182e-01 3.347805616308203169e-01 9.939749056195106014e-02 5.736948823743345804e-02 5.302936364365778976e-01 7.317021839246460324e-01 1.370699738295104095e-02 6.617523285696328417e-01 2.415604592675122397e-01 9.563393319804061599e-02 2.247278445450587303e-02 8.539833378970075606e-02 2.157933292613117837e-01 3.704009728370107057e-02 2.597440805236208572e-01 1.617728160251803715e-01 1.736631138463357038e-01 2.767383304327423743e-01 3.746269627927245605e-02 7.322462755298181358e-02 2.326566237987411356e-01 8.911242216669042204e-02 1.892142340967956082e-01 1.413366383686015249e-01 3.288355259665601271e-01 1.111137892178118564e-01 6.328722613270382213e-02 4.051957238996076183e-02 8.406060028295776754e-02 8.203713017218958181e-02 1.168033921159780247e-01 1.214739430469517212e-01 1.810549828025083963e-01 8.415454925342497061e-02 2.645359933917433223e-02 2.652429291678341794e-02 8.640885631296336966e-02 2.697226352976755948e-01 1.880934354978163470e-01 2.069955331088517148e-01 2.894399541218827254e-01 
1.075950855482977891e-01 0.000000000000000000e+00 3.470680163754470970e-01 1.386919862298694461e-01 1.655571045182397533e-02 1.872664031383795835e-01 5.481515922002692942e-02 2.692337744283279655e-02 3.628472285702333960e-02 1.111344913022979802e-01 7.863974915342698824e-02 2.161021330853398759e-01 5.602308631944270811e-02 1.557487742186946522e-01 2.907864176550355173e-02 7.854972859426295750e-02 9.132597191762489852e-02 1.033161998783193453e-01 2.151267522212374494e-02 1.234220276528792681e-01 8.447344715285141914e-02 8.113198311816037511e-02 2.524663835150443014e-01 1.318933061311729493e-01 1.847266099043465282e-01 3.210593989941355475e-01 4.085956931627408584e-01 7.193545179757434571e-01 3.047698644580407734e-01 1.719556456628796026e-01 1.214370626492592559e-01 3.792248320816886398e-02 1.306162263222166164e-01 1.062268784934865401e-01 6.504096657783373647e-01 4.866760840175004404e-02 1.211358511327743498e-01 3.559290946093414398e-02 1.709872008202015237e-01 2.771312545278024203e-02 1.738241660732164212e-02 3.754072320793749168e-02 1.060989225469291669e-01 4.892879330033455404e-02 1.989283805180514231e-01 2.654399857329866122e-02 1.914166608495613542e-01 2.016779520044728255e-02 2.684058834008700226e-02 6.633045907402225494e-02 2.292843242605669962e-01 1.799371010882714894e-01 6.553597574872013776e-02 6.831673032197621565e-02 7.409639887935036417e-02 1.603236515437520826e-01 2.597325061793016518e-02 1.550068850304088253e-01 1.339385125161926537e-01 1.598499835162270899e-01 4.126262851361569006e-01 1.547123997403836437e-01 1.267632574655433719e-01 8.552905666146148889e-02 2.828294551175011481e-02 1.285150819450413540e-01 
8.984724186336648377e-02 3.470680163754470970e-01 0.000000000000000000e+00 1.412095071885196562e-01 2.353750727799686915e-01 2.890678901923993682e-01 1.176299412788183729e-01 1.972959431836951716e-01 1.914055193946673505e-01 2.828558689115936303e-02 1.595881311774025313e-01 3.172792895964274829e-01 1.337900430509486038e-01 3.154770353031896568e-01 9.172314495211905672e-02 2.677363814871905889e-01 1.360074503311913333e-02 3.266923005151653459e-01 1.894887970231901595e-03 7.067409581017444764e-02 1.345794918954972830e-01 1.451940407245541631e-01 4.100280064210780062e-01 4.555829198308510852e-01 1.015767793252079082e-01 1.954485220693609193e-01 9.373839127350643008e-02 3.161385209696619958e-01 1.622480669034219725e-01 7.089077581107533499e-02 1.387374979896816019e-01 2.359530521622172083e-01 1.735827756359067942e-02 4.413771310726467140e-02 3.818642495239462503e-02 8.398638400025092154e-02 8.336770834095899585e-02 1.654545991643823488e-01 2.242267896062226928e-01 1.308222618315634245e-01 1.702057629197606739e-02 1.042385538247395244e-01 6.233646296583853635e-03 4.075319313392248427e-02 2.738083397349438397e-01 8.712298128347864545e-02 3.509827484683346044e-01 9.300860808520537704e-02 1.417296314208004449e-01 1.134581409131960733e-01 7.810546281317043427e-02 1.299390625964450818e-01 5.535035937359408797e-02 6.193477139203479309e-02 1.089866000147415998e-01 2.162803647185439493e-01 6.656443645350779148e-02 1.512304130709601901e-02 3.039897172062827058e-01 1.068677566733720469e-01 1.350476716942051736e-01 3.783865285302878689e-02 7.809093508802850137e-02 2.043723224864665844e-02 1.975711138240960618e-01 8.218879322085052841e-02 
3.381770774518102346e-02 1.386919862298694461e-01 1.412095071885196562e-01 0.000000000000000000e+00 6.293535811017331172e-02 2.978413629069946375e-02 3.821764512501866357e-02 2.756231480406713397e-01 3.569570948726050186e-02 4.897004425407464057e-01 3.417875766829398532e-01 4.410255726344886745e-02 5.001485050664242760e-01 5.876193444529371340e-02 2.879570109222931787e-02 1.222906613077783256e-01 9.835015937618359072e-02 9.523611785108719585e-02 3.574409121836409631e-02 8.335072340597909912e-02 8.287107947243812500e-01 5.175504123653446031e-02 5.811688424710963891e-02 1.161466502971819637e-02 6.664452207814918205e-01 3.292806007029156629e-02 1.967763321898267082e-01 1.895975435426175137e-01 4.728165046753254885e-01 2.406732223120028324e-02 1.877557561939329628e-02 6.379591084796022715e-02 1.338170965522271667e-02 7.309839809518814402e-02 9.878376447291635498e-02 8.114246338837810546e-02 6.058494613099661974e-01 7.270218346639431561e-02 9.076648566596794143e-02 8.801580168598167886e-02 3.233443087420426881e-02 9.998305819196647015e-02 2.383923716090456113e-01 1.205709564193134659e-01 2.038767844335194826e-02 1.702163181023678140e-01 1.990138011956105527e-02 1.131378890894775141e-01 7.846532949315256078e-02 1.283112274737080449e-01 3.636443142638664389e-02 2.229537620981560456e-02 5.169541684200459897e-02 3.582335737965899325e-01 5.745882704696942539e-02 3.204820578404329878e-02 5.069142494082274492e-02 3.645488475804005701e-01 8.580065700495895231e-03 9.462014495343337717e-02 1.553431944063411729e-01 2.128363171192940995e-01 7.671511765142989547e-02 1.071523931638290184e-01 9.065618697876400012e-02 8.794051562091079188e-02 
6.523421843721867452e-02 1.655571045182397533e-02 2.353750727799686915e-01 6.293535811017331172e-02 0.000000000000000000e+00 1.614692017537259494e-01 5.497528053056468522e-01 2.157931842677253409e-02 6.228471222746430058e-01 6.891768188510011273e-02 1.139597421245589770e-01 3.427209103283181957e-01 1.458564687220929683e-02 1.680689068879887560e-01 5.553053867794864873e-01 2.300923067172254421e-01 6.667024047256829844e-01 1.436436808199330686e-02 5.069907939097670346e-02 1.742904769040372615e-01 1.105412307025756824e-01 1.946976583476726641e-01 3.343457680439073099e-01 2.763831114117505372e-01 1.280527221604176591e-01 2.481972575581861684e-01 2.743861136187922267e-01 9.537814161164999416e-02 7.513695588382361679e-02 4.542093959846694728e-01 5.714145357751723719e-02 7.171720961060945587e-01 1.720476317584084813e-01 1.844791055728664253e-01 3.669012136341596314e-02 1.156692625021204235e-01 7.654969308227804747e-02 2.218739176370789629e-02 2.921387024630380247e-01 1.968739307208868250e-01 5.664311595259934745e-02 1.675924227079262641e-01 3.409587491134337678e-01 1.217763937778320454e-02 2.871276617294701156e-02 1.320793609119763345e-01 1.415416355695727213e-01 1.850446014177926923e-01 1.924574092271731929e-01 1.589974291732605127e-01 1.602078918566008647e-01 3.516661090081727586e-02 1.197406543132972963e-02 5.435972784502696165e-02 1.768003836764921177e-01 3.249930445171574367e-01 1.899997657872726509e-01 1.953800721427145781e-01 2.158418796774654314e-01 1.208514285789073633e-01 1.824496106355560920e-01 1.161993670092516390e-01 2.415585141336905606e-01 1.240704338276679142e-01 1.995227093481485511e-02 2.721722942655911415e-01 
1.217761708313568753e-01 1.872664031383795835e-01 2.890678901923993682e-01 2.978413629069946375e-02 1.614692017537259494e-01 0.000000000000000000e+00 8.233784431923578395e-02 3.482876212493613011e-02 9.370468952833543863e-02 1.074611388804421197e-01 1.849891345685087882e-02 3.296289829612280009e-01 5.696078454005984448e-02 4.886230656995594335e-01 6.190372349608288388e-02 1.165207516249217451e-01 1.083244732988994791e-01 2.842789897676717414e-01 2.408315484848543298e-01 8.758534648152606350e-02 1.614850894589194355e-02 1.074150510541348330e-01 1.895754785860717384e-01 1.420925589474213990e-01 1.110491890311109814e-01 6.911239993001478954e-01 2.047358123665256324e-01 1.453316552619680624e-01 8.299687924151000207e-02 9.403058359218438578e-02 8.756824243778679739e-02 2.963868454192141177e-01 1.235498373832182861e-01 1.044207124762663308e-01 1.854756759699035251e-01 1.734168505929533366e-01 3.319025188887768374e-02 1.944131885509201574e-01 6.196285373214664993e-01 1.263883184925096992e-01 6.502340849485199747e-02 9.280361347098232960e-02 9.909885128424351930e-02 4.559321212718958627e-02 3.495689453920103884e-01 5.247852420991923339e-02 4.721925319071366700e-01 5.904230208179146733e-02 1.271325731066650644e-01 1.626667189779633094e-01 2.151263386280561629e-01 1.592653979091447070e-01 4.695863234429685507e-02 1.754321227767206837e-02 1.193942352413802782e-01 1.858461687421206765e-01 1.329961078240216865e-01 1.097030845972054858e-01 5.856840863264741737e-01 1.359395855960639221e-01 3.677285106813287796e-01 8.378187390068038420e-02 8.301547773280977538e-02 8.363570357516618425e-02 3.696692002615952211e-01 1.025160825660431652e-01 
3.922503135524627038e-01 5.481515922002692942e-02 1.176299412788183729e-01 3.821764512501866357e-02 5.497528053056468522e-01 8.233784431923578395e-02 0.000000000000000000e+00 5.872428333614723717e-02 7.716300091275917206e-01 2.005810671074584606e-01 7.186284124126174344e-02 2.710024261694133352e-01 3.300216666586606729e-01 1.846148528138311373e-01 7.179909793027887677e-01 6.523577165095040264e-02 7.693024726562482929e-01 1.473186143744423596e-02 2.104070913321815783e-01 7.750668593172879706e-02 2.703212303198973543e-02 2.044713283555609287e-02 1.036659271538607763e-01 4.370066339229897873e-02 5.189302528719126444e-03 1.034405450595876075e-01 1.767275215116896614e-02 2.116557985327319549e-02 2.260121922269381356e-02 5.382493001858077442e-01 1.862700486402492916e-01 5.666984236186408674e-01 3.712330929273830460e-01 2.622092744413566656e-01 7.528875199334809920e-02 8.466058947340714125e-02 9.342581996524965127e-02 1.769567050123900809e-01 2.049998639046224924e-01 4.220323385016650497e-01 8.235716900462630718e-02 3.250062136899711240e-01 3.436238794539932528e-01 9.113587241553593177e-02 1.149147940579443514e-02 2.685810634523755902e-01 9.777340483213306510e-02 3.709805162671519496e-01 1.208327875251407890e-01 3.692192168440016631e-01 1.638010091839843807e-01 1.101409764208768349e-01 6.364199907208990814e-02 9.893672491847341210e-02 1.847905752788246980e-01 2.118040630260604185e-01 1.752673576162451508e-01 2.080097927682426906e-01 1.579829677043622371e-01 5.998734500557293542e-02 9.230996424546493440e-02 1.495253753807351260e-01 3.524555629957596969e-01 1.641262242737266674e-01 1.950023222018069657e-01 3.858549475043884791e-01 
4.667805018471427592e-01 2.692337744283279655e-02 1.972959431836951716e-01 2.756231480406713397e-01 2.157931842677253409e-02 3.482876212493613011e-02 5.872428333614723717e-02 0.000000000000000000e+00 1.025094891278586912e-01 5.189528987863070153e-01 4.515187097228102187e-01 6.454818589280320040e-02 4.173309836570685549e-01 6.185687570566306831e-02 6.872754331776514958e-02 8.160983059956332386e-02 2.988128180682337459e-02 1.627165014861514936e-01 2.026047217535153766e-01 1.991482236387917826e-01 3.219306359722505229e-01 1.718114250661136322e-01 7.522101029615362033e-02 7.127383343434509633e-02 4.916791750623486501e-01 7.067388258546897228e-02 1.663334732108998348e-01 3.869388529466771809e-02 3.231796701858793419e-01 1.459411060046348074e-01 4.078041819636232246e-01 5.444548804719858554e-02 2.383428329679673219e-01 1.620444205390865478e-01 4.563438704797502521e-02 5.306569158632513938e-02 7.618947810480222738e-02 1.022737200243774153e-01 8.954159722580127406e-03 9.978014746062396911e-02 1.398060740467685359e-01 5.594845156859911545e-02 6.482430185661640365e-02 1.775599276729700887e-02 2.080008720378416151e-02 8.978267879737798773e-02 6.531033435109480367e-02 7.146108921521504564e-02 7.298249431034294077e-02 1.576901357180847119e-01 4.107078279831611473e-02 4.509179194710945249e-02 4.945051729497394744e-02 1.685468200117612447e-02 6.931896133510488667e-02 2.688525146246056527e-02 8.827161575397451942e-02 4.484434180774093948e-02 3.125205717413945261e-02 4.081513970355578336e-02 6.976020539838866108e-02 4.661838442854186054e-02 1.494689593764052249e-01 1.504968069683969567e-01 7.632320123962460512e-02 1.666472462504009766e-01 
3.434984859747252650e-01 3.628472285702333960e-02 1.914055193946673505e-01 3.569570948726050186e-02 6.228471222746430058e-01 9.370468952833543863e-02 7.716300091275917206e-01 1.025094891278586912e-01 0.000000000000000000e+00 1.406031738775517237e-01 3.628641907695623336e-02 2.846874220831257518e-01 2.151952851250033549e-01 1.455984577080647324e-01 8.490764911873869281e-01 1.137167695922187000e-01 6.506742228807042006e-01 7.196950688323621760e-03 1.485899465974786227e-01 3.792999304644856934e-02 3.913758131384410116e-02 7.993283450378751986e-02 1.599504957193871868e-01 1.360911021238385699e-01 9.863616811418195185e-03 1.577089249506504198e-01 1.062008895493763982e-01 3.593600775711400241e-02 2.059774327497350746e-02 5.390117676256749313e-01 1.254184718197766946e-01 5.491607724007160352e-01 3.124033326118947906e-01 1.890684355998922817e-01 4.639841777259962052e-02 7.754049050295611090e-02 9.722557043457269454e-02 1.456295845248053722e-01 2.218026379017007388e-01 3.420370541274890819e-01 5.743447667648102217e-02 2.458913206453071099e-01 3.409213362706476347e-01 3.229891375291941286e-02 1.634265658647341204e-02 2.464358513642199155e-01 9.760111170674859449e-02 2.757179138784034977e-01 1.262698229846819509e-01 3.294224722985090725e-01 1.372185737297652863e-01 6.123432491499730679e-02 3.531591464720380824e-02 8.966158525728237794e-02 1.652077985161718721e-01 2.219428529777822401e-01 1.664980422422746575e-01 1.881267080537379344e-01 1.761526644261595942e-01 7.045222534081910237e-02 1.073546400327569372e-01 1.345917241566589595e-01 2.715004123541985281e-01 1.247901234528994707e-01 1.510890089059140906e-01 3.040599619662139319e-01 
3.961372756902175607e-01 1.111344913022979802e-01 2.828558689115936303e-02 4.897004425407464057e-01 6.891768188510011273e-02 1.074611388804421197e-01 2.005810671074584606e-01 5.189528987863070153e-01 1.406031738775517237e-01 0.000000000000000000e+00 3.196393502901524464e-01 2.690454331596938906e-02 5.785482105445767242e-01 2.166078176914225384e-02 1.806831950410060228e-01 3.931667529624551238e-01 1.150772135469861485e-01 4.230138075250636925e-02 1.748262833100637514e-01 1.333684006304040048e-01 4.735206811044790354e-01 3.857435257215200419e-01 3.835351190522547360e-01 3.222045325473876787e-01 7.692726053536328434e-01 1.553593966617252131e-01 3.351559419449186006e-01 2.119353790691761441e-01 4.569826546515927124e-01 2.600570055736099451e-01 3.333640259132238937e-01 1.624867205996339409e-02 3.445410960887477225e-01 3.178500458371672499e-01 9.674083911758631082e-02 4.496280227586016073e-03 2.867950209003626849e-01 3.903577721218933760e-01 1.433605067114019638e-01 4.011946932006328903e-01 7.265105183916922837e-02 3.457317234375354431e-01 3.809685184336010499e-02 9.329692237853325076e-02 1.169280611944397558e-01 8.382213355076008343e-02 1.476482830222301257e-01 3.719653876934349013e-01 1.655348501347517765e-01 5.170541502081970053e-01 1.361009399441041878e-01 9.044605782920044079e-02 1.540326001828828083e-02 1.764995889645659122e-01 1.992840761438689073e-02 1.647104958457763779e-01 4.487933889108883939e-02 2.061067628209300451e-01 9.756552960026708410e-02 1.059789103237472191e-01 1.600545707896276759e-01 1.217064763541486350e-01 4.184211972017586323e-01 3.202528424090282932e-01 3.423926825159976373e-01 4.557980970413134103e-01 
1.729510617369731384e-01 7.863974915342698824e-02 1.595881311774025313e-01 3.417875766829398532e-01 1.139597421245589770e-01 1.849891345685087882e-02 7.186284124126174344e-02 4.515187097228102187e-01 3.628641907695623336e-02 3.196393502901524464e-01 0.000000000000000000e+00 1.143632586754669556e-01 6.014342323895345288e-01 5.754330999368361538e-02 3.313238439811168334e-02 2.595362553347519557e-02 7.466220387776262291e-02 1.153680366265457391e-01 2.254689000210580996e-01 1.950209178232680252e-01 5.332386304536674837e-01 2.907880363924177092e-02 1.287383191870466494e-02 8.017212879352773880e-02 4.031152802310867256e-01 6.836743824733100550e-02 1.363920785261821533e-01 7.450461813350332807e-02 2.020148709230705220e-01 2.980388054718320634e-02 8.981655714167997850e-02 8.430518304917511418e-02 6.922458308200217514e-02 6.910102473601986706e-02 2.348505751608273573e-02 2.597245431597058896e-02 2.031935796095599711e-01 1.530557653055091526e-02 1.104404387211595055e-02 7.167634202812525612e-02 4.136953957263726084e-02 2.788681884024897875e-02 1.760088331536947548e-01 8.496484991483228832e-02 9.952379982455239471e-02 3.951631499792757074e-02 3.510809642287694016e-02 7.600357640213245558e-02 2.169046566251562128e-02 6.060891175400727471e-02 3.035753310375556221e-02 1.170689294135958819e-01 7.448683419759519198e-02 1.401241288713493127e-01 4.052235894137042743e-02 2.331979453084679146e-02 4.594497716016324174e-02 1.310671991949796389e-01 2.755507625968041732e-02 1.630654560030629988e-03 1.861531344814397818e-02 1.431232068058374551e-02 4.917367527666730020e-02 4.777997399983130444e-02 4.209239995563693326e-02 4.937181056161654702e-02 
4.445525029250483456e-02 2.161021330853398759e-01 3.172792895964274829e-01 4.410255726344886745e-02 3.427209103283181957e-01 3.296289829612280009e-01 2.710024261694133352e-01 6.454818589280320040e-02 2.846874220831257518e-01 2.690454331596938906e-02 1.143632586754669556e-01 0.000000000000000000e+00 1.044844751543466503e-02 7.884804962013254315e-01 1.791373705142416395e-01 7.345684708463422197e-02 1.301440873811337828e-01 1.384569873597444878e-01 4.130145949071186151e-01 1.825915182435737527e-01 3.143411817643757683e-02 1.088392180295956989e-02 1.802534939987236740e-01 1.171475872516357097e-01 2.709933374873373796e-02 4.838012451904873945e-01 8.583550110951011780e-02 2.222656769480944039e-01 1.103876730456480881e-01 1.359191893977280685e-01 1.901969444904375028e-02 3.294298023717304180e-01 1.604268471829347828e-02 7.363409512776228349e-02 2.375012884033315674e-01 2.387307186757621769e-01 6.741717944522884753e-02 3.353924068853668394e-02 3.433034154146444861e-01 1.116836652960351110e-02 9.449191365470017978e-03 2.887569523600403559e-02 8.891664713801733511e-02 9.810404255014866515e-02 1.829730399327218759e-01 5.664586298446753349e-02 4.389922820173680074e-01 4.437906146962660586e-02 5.757018063242792111e-02 3.534536448709810208e-02 2.743270083595620301e-01 3.671179760025503752e-02 1.503200372345733782e-01 8.310697328813926310e-02 1.060396829729791900e-02 1.752809818012815435e-01 3.986411417433924353e-02 2.434828490158186601e-02 3.567009662918276813e-01 5.778818798191736467e-02 8.613024933592568211e-02 4.574591772253355088e-02 1.443673842173079092e-01 4.722667515717174358e-02 9.314133519062529898e-02 1.549791368091650023e-01 
2.971103981849743114e-01 5.602308631944270811e-02 1.337900430509486038e-01 5.001485050664242760e-01 1.458564687220929683e-02 5.696078454005984448e-02 3.300216666586606729e-01 4.173309836570685549e-01 2.151952851250033549e-01 5.785482105445767242e-01 6.014342323895345288e-01 1.044844751543466503e-02 0.000000000000000000e+00 4.480298586013411327e-02 2.448921248012501939e-01 4.914789796241872399e-02 2.018855869836084227e-01 9.420075749395560860e-02 2.466396410465419853e-01 2.459103592101580804e-01 6.769227379236431030e-01 4.912553916102076895e-02 4.220959186789832035e-02 2.850568552484439300e-02 4.595395681089115558e-01 1.677219718105233542e-02 1.489009470068185792e-01 5.476096032006879527e-02 1.831225201371696198e-01 1.928400633132801023e-01 2.196346011034030765e-01 9.815657029868021799e-02 2.495719335109325698e-01 2.581273080805376319e-01 3.198979043364042624e-02 2.778166043956999814e-02 3.033447305766993618e-01 1.678022245312897898e-01 5.825158777566878665e-02 2.941573027144783192e-01 8.440377641738802672e-02 2.565494490066432265e-01 1.158388192204333651e-02 2.580615232154999036e-02 5.576148128641759266e-02 2.152089238717644001e-02 3.192047351634007962e-02 3.000241570776218669e-01 4.274300019060321004e-02 2.906153801911638412e-01 1.104747523583938240e-01 1.432513658775399767e-01 4.912299234526545239e-02 2.170481309763114541e-01 1.374513290088595074e-01 6.431205794275990373e-02 1.351854264810983530e-01 7.267861478596335245e-02 7.022122821842020912e-02 1.117807173965806693e-02 4.320502161712965611e-02 1.382914105783169742e-02 2.872451756545280066e-01 1.814826020890525360e-01 1.378102958451561388e-01 2.992557625722948034e-01 
1.681797141373897117e-02 1.557487742186946522e-01 3.154770353031896568e-01 5.876193444529371340e-02 1.680689068879887560e-01 4.886230656995594335e-01 1.846148528138311373e-01 6.185687570566306831e-02 1.455984577080647324e-01 2.166078176914225384e-02 5.754330999368361538e-02 7.884804962013254315e-01 4.480298586013411327e-02 0.000000000000000000e+00 6.147360320665296030e-02 2.716032221309492775e-02 5.527696347923161807e-02 2.749479331721028652e-01 3.378017579998074393e-01 3.982634329810883639e-02 1.410029063666114364e-02 3.016507010801672967e-02 1.215465120868047394e-01 6.687625314720832548e-02 2.448085797139634354e-02 5.893692701098093290e-01 1.187141163740822736e-01 1.990423993929872903e-01 1.196153115358338792e-01 1.595212526919245755e-02 1.878337092694095517e-02 2.211444176631074676e-01 6.880077384193529488e-02 6.029424118145620265e-02 1.468608376683831485e-01 2.419820707102436352e-01 8.309575793476657590e-02 9.618476812927856390e-02 4.189099274181677934e-01 9.049054897456562663e-02 3.223146410519913546e-02 5.294886706211344302e-02 3.389034606493731422e-02 4.336321743656720157e-02 4.297829149832137485e-01 6.581658212177363132e-02 6.701015129981989782e-01 1.180436059682909121e-02 2.054005309625921843e-02 2.941677793233679269e-02 2.848334604972173056e-01 1.210518175846666683e-01 1.100592501324052230e-01 6.790764616079329741e-02 2.323927904839011294e-02 1.112517312443638412e-01 1.883527201647550164e-02 3.345081727020528944e-02 5.424416740908372114e-01 6.472851864214893003e-02 4.678886156025983956e-02 6.591786815504531438e-02 1.068203528572377464e-01 4.037516520714620749e-02 1.689834577079479816e-01 1.230955098690411781e-01 
2.952550070212297539e-01 2.907864176550355173e-02 9.172314495211905672e-02 2.879570109222931787e-02 5.553053867794864873e-01 6.190372349608288388e-02 7.179909793027887677e-01 6.872754331776514958e-02 8.490764911873869281e-01 1.806831950410060228e-01 3.313238439811168334e-02 1.791373705142416395e-01 2.448921248012501939e-01 6.147360320665296030e-02 0.000000000000000000e+00 1.009146411639245677e-01 6.581239816750774629e-01 8.667255723377494114e-02 2.788387614914495383e-01 5.757179219458077868e-03 1.485569028706788808e-02 7.575056612651086263e-02 1.269189040275973956e-01 9.140011330798762657e-02 1.537739191293341877e-02 5.694577302525788420e-02 1.314587102692220122e-01 7.723198704849609797e-02 3.478160038161031559e-02 6.165727020589866214e-01 1.226066434168448377e-01 6.300068467436166220e-01 3.936447007141737342e-01 2.137741175340244493e-01 6.189643535508995015e-02 6.657240159873532848e-02 1.220081049810666229e-01 1.761300000388373865e-01 1.991987723155861922e-01 4.207593570076458289e-01 6.792192028092669531e-02 3.007476371064518039e-01 3.756005893073030566e-01 8.133085992295571720e-02 1.813980055480324260e-02 3.101884094852396800e-01 4.573731673965519134e-02 3.499619239307545926e-01 1.381303594538244583e-01 3.869051794431148661e-01 1.194662506380566730e-01 9.890144012461993261e-02 7.342058324302824790e-02 1.210516349694910621e-01 1.911770433502514299e-01 2.319290983037900766e-01 1.899653403873360624e-01 2.197404740618689734e-01 1.114446207464353383e-01 7.866441577719907041e-02 1.204641677684521045e-01 1.677148435289266271e-01 3.097865482691153916e-01 1.322728297937412478e-01 1.956066023234258044e-01 3.528588315860579638e-01 
7.083182097971924343e-03 7.854972859426295750e-02 2.677363814871905889e-01 1.222906613077783256e-01 2.300923067172254421e-01 1.165207516249217451e-01 6.523577165095040264e-02 8.160983059956332386e-02 1.137167695922187000e-01 3.931667529624551238e-01 2.595362553347519557e-02 7.345684708463422197e-02 4.914789796241872399e-02 2.716032221309492775e-02 1.009146411639245677e-01 0.000000000000000000e+00 1.108591590508672814e-01 3.145342000385665387e-02 8.201434092788668917e-02 2.068825691154270105e-02 5.446879254920720947e-02 6.751600783504931869e-01 8.096395284087254396e-01 6.627275619608015145e-01 3.938331947881646422e-01 7.349942313321994325e-02 1.354944069036953247e-01 1.794830890220318609e-01 2.992565673165878959e-01 1.427913191319341857e-01 1.129498889051986366e-01 1.996471116079327202e-01 1.131103996352047780e-01 1.813416467222578321e-01 6.303344369238902956e-02 6.494611522660358183e-02 9.086639916647160087e-02 2.335767966742250401e-01 1.985339505462124787e-01 1.690123648883254948e-01 7.885190275683107153e-02 1.475966340837795154e-01 1.154970115915956580e-01 1.090043800756202753e-02 8.170994609548121179e-02 9.666388862649066827e-02 1.286470752764193315e-01 1.676676531779872359e-01 5.542864533605507127e-01 2.255525030480984294e-01 1.587249854385952216e-02 6.281352150420504987e-02 1.066676048641652802e-01 1.464052270849480839e-03 2.004204722220365720e-01 5.357368336647426732e-01 1.811104857285742997e-01 1.907519360711124878e-01 6.662957453998043234e-02 6.425990735989098313e-02 2.337918992924042927e-01 9.632742035289454385e-02 2.220006332815590289e-01 2.872166203784951022e-01 2.259613897610617539e-01 2.591146647774674183e-01 
3.012065402205963416e-01 9.132597191762489852e-02 1.360074503311913333e-02 9.835015937618359072e-02 6.667024047256829844e-01 1.083244732988994791e-01 7.693024726562482929e-01 2.988128180682337459e-02 6.506742228807042006e-01 1.150772135469861485e-01 7.466220387776262291e-02 1.301440873811337828e-01 2.018855869836084227e-01 5.527696347923161807e-02 6.581239816750774629e-01 1.108591590508672814e-01 0.000000000000000000e+00 1.118107843186523093e-01 2.183491548406177318e-01 6.537296162610649504e-03 9.297851724589256683e-02 8.285279322484430387e-02 1.352176107778630954e-01 4.264930526126341215e-02 1.025901612884150133e-01 1.039616287569730818e-01 1.927681938245712490e-01 1.751190828863504467e-01 1.391242929733264300e-01 5.852638604479412088e-01 1.164540118443803257e-01 6.332833091075529275e-01 4.175577292943830066e-01 3.240318952449031675e-01 3.172303885568272808e-02 6.698635226801574749e-02 1.273298074686949333e-01 1.790729569404017063e-01 2.245565812716542042e-01 4.191974107355113111e-01 1.374013238092282041e-01 3.548945996351550169e-01 4.655636578993747055e-01 6.839518313905865177e-02 5.486571341957664771e-02 2.735894722743769103e-01 1.506271945161978890e-02 3.973548045258942785e-01 1.867364771034192850e-01 3.582072365139353232e-01 1.888035990555844146e-01 8.903031724956378401e-02 7.215962977864245897e-02 1.081317195984108914e-01 2.239148957633438353e-01 2.666695977577847598e-01 2.263223004566689567e-01 3.042717511780091977e-01 1.243385892829049211e-01 1.283070777125526196e-01 2.031555936056522738e-01 1.967537366288291123e-01 4.118400021185977811e-01 2.121826579775115962e-01 1.818706829320553831e-01 4.502975150206581789e-01 
6.047891411137958084e-02 1.033161998783193453e-01 3.266923005151653459e-01 9.523611785108719585e-02 1.436436808199330686e-02 2.842789897676717414e-01 1.473186143744423596e-02 1.627165014861514936e-01 7.196950688323621760e-03 4.230138075250636925e-02 1.153680366265457391e-01 1.384569873597444878e-01 9.420075749395560860e-02 2.749479331721028652e-01 8.667255723377494114e-02 3.145342000385665387e-02 1.118107843186523093e-01 0.000000000000000000e+00 3.373365262865155034e-02 5.544506076053596910e-01 1.051738859628603140e-01 2.996062511447304070e-03 6.655747601782324718e-02 1.316780906673226670e-01 7.237512241412175085e-02 3.115867611020817773e-01 2.047811209023251214e-02 9.782716362606692917e-02 4.740635293181993948e-02 3.657102424064286872e-01 1.300068070193895718e-02 2.871132518801364913e-02 3.638140196595869291e-01 1.349145416168852918e-01 2.749716001638893292e-01 1.043621582363531697e-01 8.191180938820269430e-02 2.147582034329927336e-01 2.027630553096641253e-01 2.383129581040194789e-01 5.307774875859092717e-02 1.732449803749760431e-01 1.860298530263388428e-01 2.808723111311807810e-02 2.848776159167906163e-01 1.856225828098833630e-01 3.245958085846974428e-01 1.687380685376717593e-01 4.308864560398799337e-02 2.701940880557324731e-01 9.589542886035505587e-02 5.104400217607815704e-02 4.625461817267750853e-02 6.267827684029020352e-02 1.413052825974694428e-02 7.222391888258765380e-02 6.235244234263537244e-02 5.238633015501573120e-02 3.562561387065611984e-01 9.094504787174789717e-02 1.929751247982839368e-01 9.998590307332078098e-03 1.886752423590556116e-01 9.984205639553934974e-02 2.138469843111159840e-01 2.040243747634409854e-01 
2.756730068328120398e-01 2.151267522212374494e-02 1.894887970231901595e-03 3.574409121836409631e-02 5.069907939097670346e-02 2.408315484848543298e-01 2.104070913321815783e-01 2.026047217535153766e-01 1.485899465974786227e-01 1.748262833100637514e-01 2.254689000210580996e-01 4.130145949071186151e-01 2.466396410465419853e-01 3.378017579998074393e-01 2.788387614914495383e-01 8.201434092788668917e-02 2.183491548406177318e-01 3.373365262865155034e-02 0.000000000000000000e+00 4.412994908250283954e-01 1.063043668449261542e-01 7.881504559136211230e-02 4.837421333617966668e-02 7.237829066743901862e-02 1.204198172906922742e-01 3.461587645420464154e-01 1.265877968680332588e-01 1.340066245975871095e-01 3.645246712841782033e-02 3.601910613110425041e-01 2.110270509862821331e-01 1.206409338481525678e-01 3.909195943200967638e-01 5.651632900686433952e-02 1.020229499036709314e-01 1.405265442739959403e-01 7.148480906512554023e-02 8.735257810490391905e-02 5.448628026161114052e-02 1.937946897665198953e-01 3.789407532201701650e-02 9.886667305622309776e-02 9.341762203498485406e-02 9.052644183295913138e-02 3.494020484185963917e-03 1.587887532761292630e-01 1.396100623432519894e-01 1.313625931346762976e-01 7.088261571127187077e-02 1.753508952611564087e-01 8.859195330310661032e-02 1.503300494448291391e-01 1.578171299510598147e-01 8.671218215530354656e-02 8.979049866662650037e-02 5.714799341606194294e-02 6.977942376820790715e-02 1.034211434108736616e-01 7.903368725957013452e-02 1.209571990533677283e-01 1.524594558738588956e-01 1.148401743990949131e-01 6.281838077721207947e-02 2.658681521252552124e-02 1.910044199001907916e-01 8.888106427175627988e-02 
1.691773509340592230e-01 1.234220276528792681e-01 7.067409581017444764e-02 8.335072340597909912e-02 1.742904769040372615e-01 8.758534648152606350e-02 7.750668593172879706e-02 1.991482236387917826e-01 3.792999304644856934e-02 1.333684006304040048e-01 1.950209178232680252e-01 1.825915182435737527e-01 2.459103592101580804e-01 3.982634329810883639e-02 5.757179219458077868e-03 2.068825691154270105e-02 6.537296162610649504e-03 5.544506076053596910e-01 4.412994908250283954e-01 0.000000000000000000e+00 1.422254127535794166e-01 8.612760415695579208e-03 2.462625100042649395e-02 1.460488707063826649e-02 1.366615206001055294e-01 2.536535713594858382e-02 1.750607813990249229e-01 1.929566506102032564e-01 3.857739417799937228e-03 7.856788724339774932e-02 2.129527072672731669e-01 9.698211879292122084e-02 6.761693579514563290e-02 6.911786921212912868e-03 2.443278762961957062e-01 1.166086253917621995e-01 1.884810325487157323e-02 9.224216510119000179e-02 7.004914611991992779e-02 5.972210686811432745e-02 3.268953190492120825e-02 5.801960890503097407e-02 7.449729359377442461e-02 5.769306808525166697e-02 2.173311801352794947e-01 3.092997184931185056e-02 1.454532156124416498e-01 1.788019499934640280e-02 3.702151677863097651e-02 8.047788123194060672e-02 9.689436698878008125e-02 1.468122079121588486e-01 1.286211221345612554e-01 1.290399802352969715e-02 7.762085384682301803e-02 2.802828758188679117e-02 3.899306889198011356e-02 3.786797165746120380e-02 1.715327071863776420e-01 8.439565996502891576e-02 1.975523850083228672e-01 7.460464622990627126e-02 5.763609283948843698e-02 1.339923853729997963e-02 4.036039784527852003e-02 5.025023607457051317e-02 
4.952179918862232959e-03 8.447344715285141914e-02 1.345794918954972830e-01 8.287107947243812500e-01 1.105412307025756824e-01 1.614850894589194355e-02 2.703212303198973543e-02 3.219306359722505229e-01 3.913758131384410116e-02 4.735206811044790354e-01 5.332386304536674837e-01 3.143411817643757683e-02 6.769227379236431030e-01 1.410029063666114364e-02 1.485569028706788808e-02 5.446879254920720947e-02 9.297851724589256683e-02 1.051738859628603140e-01 1.063043668449261542e-01 1.422254127535794166e-01 0.000000000000000000e+00 1.775061939645793813e-02 2.877036459793087114e-02 4.139967449468396482e-02 5.745700903421462336e-01 3.671501487385230023e-02 1.493800769192834277e-01 1.084469046430819317e-01 3.033796631661151988e-01 2.535795133276300822e-02 1.375869440757549952e-02 6.466519600623957253e-02 1.847516596831727878e-02 9.303306542256531420e-02 4.329604231364573425e-02 3.778087154844526202e-02 5.142532070967984481e-01 7.472595255825137395e-02 4.178407554323529394e-02 9.354630309081578277e-02 1.571162875318510982e-02 9.332211446802952948e-02 2.262978245927640686e-01 1.004806300731239804e-01 3.861765398950819939e-02 1.773052083646741162e-01 1.765951680625471240e-02 1.089580143348023999e-01 3.897745998208348994e-02 1.261233614372262446e-01 2.469965666219047298e-02 5.651180802863801228e-02 1.453629565016647217e-02 3.728184944453427074e-01 5.162185361517295651e-02 2.124816783177265606e-02 5.085311993445344042e-02 2.736954946083024476e-01 1.599825756643230221e-02 4.730511287700617240e-02 6.436221135381958725e-02 1.152037713571592847e-01 8.986431940315882383e-02 9.014218925693880113e-02 6.798782020760885114e-02 9.133101556429117085e-02 
1.578593590915431943e-01 8.113198311816037511e-02 1.451940407245541631e-01 5.175504123653446031e-02 1.946976583476726641e-01 1.074150510541348330e-01 2.044713283555609287e-02 1.718114250661136322e-01 7.993283450378751986e-02 3.857435257215200419e-01 2.907880363924177092e-02 1.088392180295956989e-02 4.912553916102076895e-02 3.016507010801672967e-02 7.575056612651086263e-02 6.751600783504931869e-01 8.285279322484430387e-02 2.996062511447304070e-03 7.881504559136211230e-02 8.612760415695579208e-03 1.775061939645793813e-02 0.000000000000000000e+00 5.387667877387276594e-01 6.673766204631255139e-01 3.329974281642734679e-01 8.336392240170513446e-02 2.288553240969445068e-01 2.935428805380378980e-01 4.298943360689599369e-01 8.903254036924282411e-02 1.296992009227515286e-01 1.801190768797852337e-01 1.587397850896014873e-02 1.679267425986008255e-01 7.224289506768666325e-02 8.072758631024530562e-02 3.202005827456154419e-02 1.632513943948714075e-01 1.753660467638037679e-01 1.539802518632587824e-01 1.089056005711741271e-01 1.242041372048310610e-01 2.591242230054910042e-02 1.814175727158276463e-02 1.685814966781153806e-02 1.386697029574403828e-01 4.823729550282274819e-02 1.571389909581547562e-01 2.455978549866368321e-01 2.162151715031827570e-01 4.524081443423345200e-02 1.021142036359590916e-01 1.144535302352359396e-01 2.616997500940651533e-02 2.107116097862781270e-02 2.562769110771553893e-01 1.497241975660934706e-02 4.005608456845224929e-02 5.050509885037125779e-02 6.027889019930120218e-02 2.207079397867949544e-01 1.376846178613265644e-02 1.766653282067142394e-01 2.179389988735430661e-01 1.621839746348641143e-01 2.062182865993416603e-01 
5.038690855176099215e-02 2.524663835150443014e-01 4.100280064210780062e-01 5.811688424710963891e-02 3.343457680439073099e-01 1.895754785860717384e-01 1.036659271538607763e-01 7.522101029615362033e-02 1.599504957193871868e-01 3.835351190522547360e-01 1.287383191870466494e-02 1.802534939987236740e-01 4.220959186789832035e-02 1.215465120868047394e-01 1.269189040275973956e-01 8.096395284087254396e-01 1.352176107778630954e-01 6.655747601782324718e-02 4.837421333617966668e-02 2.462625100042649395e-02 2.877036459793087114e-02 5.387667877387276594e-01 0.000000000000000000e+00 6.857323964081017964e-01 3.132452434219863968e-01 1.181888442597442967e-01 1.483571568857334211e-01 4.346600968072714816e-02 1.803137022594091254e-01 1.491430130505115026e-01 1.170441412457296111e-02 3.099500050606720514e-01 5.787738257539594422e-02 1.628436689821302630e-01 2.168626747786204789e-01 1.504462365373347432e-01 2.445754665424712190e-02 3.741263336926731742e-01 2.671199789674867375e-01 2.511546883387387741e-01 4.189673225000035972e-02 2.154005092303989954e-01 1.211184045310601948e-01 2.262104871683835380e-02 1.916727032607227210e-01 1.252789736238414386e-01 2.653562861283760843e-01 2.248045017124005451e-01 5.475998266641550760e-01 3.052739993064109703e-01 6.262257574582007214e-02 2.358810308739107964e-02 7.811962042915406024e-02 3.171348156955581393e-02 2.562819898827123355e-01 6.705338588658438237e-01 2.783008859811298419e-01 1.604243031589285273e-01 1.220420139216231714e-01 9.079860540191453389e-02 1.911823333939087488e-01 8.170314578678317119e-02 2.502126480868449576e-01 2.489487855345434431e-01 3.782476148921284920e-01 2.737287687435131511e-01 
1.554960266028189708e-01 1.318933061311729493e-01 4.555829198308510852e-01 1.161466502971819637e-02 2.763831114117505372e-01 1.420925589474213990e-01 4.370066339229897873e-02 7.127383343434509633e-02 1.360911021238385699e-01 3.222045325473876787e-01 8.017212879352773880e-02 1.171475872516357097e-01 2.850568552484439300e-02 6.687625314720832548e-02 9.140011330798762657e-02 6.627275619608015145e-01 4.264930526126341215e-02 1.316780906673226670e-01 7.237829066743901862e-02 1.460488707063826649e-02 4.139967449468396482e-02 6.673766204631255139e-01 6.857323964081017964e-01 0.000000000000000000e+00 1.876888103473391134e-01 1.114168787764649032e-01 1.949021582432420574e-01 9.088448001161197887e-02 1.596636560012959782e-01 6.476171925299145649e-02 1.343505367529997663e-01 2.469934426184816068e-01 7.831286593983499689e-02 1.949672554450756767e-01 2.978428972018028892e-02 2.747518282912935622e-02 5.500821437223590848e-02 2.099707117302112569e-01 2.018998981442023943e-01 1.863683342560512601e-01 1.188258305717848767e-01 1.505395272878518598e-01 1.041102869314169677e-01 4.043644021548133821e-02 9.314243469011156129e-02 1.798785770037468201e-01 1.567306278209691373e-01 1.773489730716451551e-01 1.698062492394413203e-01 2.334338479365135333e-01 4.537776977012466378e-02 5.047908679539856586e-02 1.025296806537305955e-01 7.442941014909497388e-02 7.342732562032763810e-02 2.528178628411438256e-01 4.624957472158790217e-02 4.298979803257112903e-02 1.181451033429913589e-01 2.340746166194125275e-02 1.544100702027287886e-01 4.289346861517655957e-02 2.149520841592887643e-01 2.391162435741876480e-01 2.114800974595731631e-01 2.666437650395501180e-01 
