1.000000 -0.113650 0.059798 0.032766 0.101773 -0.018976 0.323187 0.382274 0.236986 0.211503 0.032852 0.027984 0.193555 0.076899 0.192251 0.019495 0.243415 0.027208 0.153024 0.120000 0.033103 0.096454 0.055107 0.152258 0.022174 -0.022890 0.239266 -0.048492 0.053785 0.399576 0.762369 0.047483 0.637584 0.121509 -0.041165 0.077271 0.042708 0.126859 -0.040901 0.037761 0.155086 -0.019223 0.292565 0.076357 0.021614 0.203713 0.090559 0.024694 0.135968 0.098401 -0.005255 -0.002678 0.081759 0.096250 0.118838 0.142093 0.164917 0.188677 -0.021278 0.040324 -0.022128 0.065249 0.094373 0.110283 0.150593 0.111258 
-0.113650 1.000000 0.274922 0.048955 -0.012601 0.039141 -0.122341 0.003133 -0.033366 0.080253 0.084767 0.186983 -0.028997 0.104384 -0.066212 0.143678 -0.096717 0.041376 0.031333 0.116189 0.004082 0.145923 0.205952 0.177002 0.129280 0.126350 0.287768 0.726849 0.295349 -0.011719 -0.081258 -0.065231 -0.050249 -0.028250 0.646296 0.048517 0.078092 0.061840 -0.009454 0.136781 0.023065 0.087347 -0.029338 0.005001 0.006348 0.022162 -0.015068 0.056737 0.038967 0.125688 0.130027 0.116683 0.079021 0.028509 0.114601 0.054988 0.048389 0.035060 -0.008507 0.110571 0.349341 0.135667 -0.008512 0.050006 0.080371 0.030448 
0.059798 0.274922 1.000000 0.025114 0.050789 0.093619 -0.010382 0.212921 0.053243 0.030337 0.174288 0.178557 0.078465 0.204968 0.026141 0.190568 -0.030025 0.209030 0.043438 0.073010 0.071496 0.124587 0.279172 0.353220 0.070946 0.102672 0.061423 0.204936 0.145367 0.019670 0.128682 0.043308 0.068983 0.117137 0.106053 0.172284 -0.058444 0.085848 0.029904 0.037357 0.085492 0.046030 0.015441 0.059734 0.177649 -0.023795 0.246195 0.005866 0.040135 0.010665 0.027076 0.093845 0.041582 -0.028831 0.005380 0.097101 -0.022796 0.004542 0.102716 0.118266 0.092916 0.027826 0.049344 0.083602 0.135770 0.036268 
0.032766 0.048955 0.025114 1.000000 0.079497 0.116882 0.049969 0.144048 0.004916 0.358954 0.162855 0.017500 0.289782 -0.001755 0.017080 0.096356 0.097905 -0.129319 0.061303 0.040446 0.808497 0.164609 0.074044 0.064394 0.579693 0.067574 0.059975 0.046204 0.407602 0.030486 0.029483 0.007352 -0.009842 0.079363 0.125481 0.072938 0.500798 0.098624 0.040238 0.120688 0.053648 0.121082 0.121980 0.031551 0.103855 0.050602 0.070697 0.049503 0.154191 0.083347 0.036195 0.134166 0.096177 0.197868 0.098493 0.118289 0.161959 0.221175 0.081972 0.061501 0.163179 0.206430 0.054404 0.128389 0.019342 0.083128 
0.101773 -0.012601 0.050789 0.079497 1.000000 0.049856 0.422508 0.083950 0.476061 0.075082 0.026376 0.200409 0.066674 0.067268 0.376156 0.185332 0.591091 -0.028095 0.025473 0.016159 0.061501 0.123292 0.218141 0.142526 0.067751 0.072112 0.181916 0.027141 0.037451 0.331425 0.109931 0.648894 0.098944 0.139905 0.055266 0.138481 0.099604 0.130286 0.144307 0.161544 0.172219 0.149652 0.242733 0.106514 0.106999 0.099765 0.096660 0.116247 0.166074 0.077075 0.167389 0.129943 0.168391 0.091187 0.210608 0.242037 0.163411 0.147918 0.069569 0.111161 0.106388 0.171179 0.172719 0.167783 0.107580 0.211314 
-0.018976 0.039141 0.093619 0.116882 0.049856 1.000000 0.038735 0.021644 0.070444 0.073189 0.042854 0.147513 -0.003274 0.313332 0.041218 0.023221 0.060248 0.110699 0.041899 -0.007851 0.042147 0.026793 0.079920 0.029401 0.083772 0.593495 0.108945 0.013818 0.054831 0.093930 -0.014718 0.090522 0.059377 0.152500 0.060244 0.041733 0.057560 0.142926 0.544266 0.107814 0.120614 0.142077 0.105741 0.085379 0.203447 0.065391 0.298678 0.102577 0.013321 0.079951 0.099340 0.072929 0.020973 0.059993 0.068976 0.077219 0.056032 0.120654 0.477501 0.039922 0.185532 0.051484 0.118925 0.055495 0.235546 0.089956 
0.323187 -0.122341 -0.010382 0.049969 0.422508 0.038735 1.000000 0.093261 0.716275 0.101198 -0.041204 0.115502 0.192986 0.057313 0.654593 0.016870 0.718359 -0.020547 0.102175 0.013748 0.048184 0.018347 0.046876 0.050452 -0.007709 0.061280 0.003623 -0.143525 -0.065101 0.443706 0.179736 0.461383 0.270599 0.103832 -0.109256 0.033853 0.008891 0.176371 0.029070 0.306970 0.096631 0.212082 0.213045 0.015318 0.073830 0.133752 0.064251 0.246833 0.078137 0.242770 0.087830 0.102851 0.071335 0.017749 0.024982 0.113525 0.081680 0.107981 0.073789 -0.057718 -0.130963 0.048255 0.192447 0.045936 0.149030 0.208598 
0.382274 0.003133 0.212921 0.144048 0.083950 0.021644 0.093261 1.000000 0.080233 0.401447 0.293190 0.079079 0.299112 0.091225 0.019775 0.133029 0.047481 0.144704 0.110210 0.185190 0.141859 0.118064 0.110676 0.120712 0.368209 0.013289 0.148415 0.010945 0.197044 0.120974 0.368083 -0.012211 0.179841 0.142256 0.019219 0.103894 0.079021 0.048565 -0.025948 -0.033969 0.085928 -0.012766 0.112994 0.060720 0.028088 0.076588 0.030935 -0.020410 0.077620 -0.015210 0.089842 0.137758 0.087567 0.101179 0.122210 0.090805 0.099704 0.050460 -0.021327 0.100406 0.046266 0.014155 0.009382 0.117505 0.066074 0.019822 
0.236986 -0.033366 0.053243 0.004916 0.476061 0.070444 0.716275 0.080233 1.000000 0.081047 -0.071310 0.141077 0.063150 0.032170 0.822306 0.059258 0.543668 0.055154 0.066016 0.037064 -0.019874 0.008239 0.107914 0.077472 0.007203 0.077263 0.018763 -0.050379 -0.040912 0.472986 0.121457 0.360298 0.205939 0.072437 0.006887 0.052127 -0.006457 0.167311 0.090134 0.216089 0.068456 0.134384 0.176198 -0.009459 0.040870 0.116565 0.027044 0.130932 0.105220 0.204625 0.101331 0.080572 0.062843 -0.017123 0.072680 0.167093 0.083021 0.060394 0.096052 -0.051398 -0.018399 0.017854 0.126523 0.012670 0.161205 0.155963 
0.211503 0.080253 0.030337 0.358954 0.075082 0.073189 0.101198 0.401447 0.081047 1.000000 0.196217 -0.000384 0.410197 -0.011095 0.083974 0.343435 0.071156 -0.064749 0.057099 0.033996 0.338473 0.309388 0.293755 0.240156 0.761067 0.055196 0.320476 0.181381 0.361848 0.106373 0.153321 0.087737 0.095682 0.157687 0.039221 0.123192 0.104223 0.209072 0.014345 0.216315 -0.001461 0.176373 -0.010068 -0.002426 0.014700 -0.017557 -0.014290 0.170000 0.217128 0.328916 0.039475 0.130148 0.126457 0.033717 0.113444 0.164852 0.172575 0.035643 0.041060 0.038851 0.124656 0.060709 0.203269 0.275507 0.152027 0.278094 
0.032852 0.084767 0.174288 0.162855 0.026376 0.042854 -0.041204 0.293190 -0.071310 0.196217 1.000000 -0.001299 0.496553 -0.003710 -0.068329 0.124626 0.017432 0.077696 -0.044583 -0.004762 0.368667 0.057313 0.110569 0.096443 0.286622 -0.006506 0.055956 0.029830 0.161028 0.039563 -0.013208 -0.034661 0.039592 0.184490 0.096553 0.034936 0.053889 -0.063394 0.047365 0.047784 0.059540 0.029136 0.108868 0.066949 0.021081 0.042740 -0.009798 0.016245 0.078942 -0.017428 -0.051423 0.064709 0.003052 0.061825 0.040311 0.030352 0.006471 0.065367 0.004515 0.064282 0.133862 0.057292 0.108490 0.167378 -0.046547 0.112221 
0.027984 0.186983 0.178557 0.017500 0.200409 0.147513 0.115502 0.079079 0.141077 -0.000384 -0.001299 1.000000 0.007624 0.714587 0.077575 0.104409 0.032319 0.098244 0.313973 0.176251 -0.026943 0.021501 0.175041 0.080814 -0.029863 0.374059 0.074395 0.132307 0.021866 0.172210 0.037396 0.167739 0.099024 -0.003705 0.169014 0.160590 0.039994 0.115858 0.126169 0.093389 0.015760 0.071622 0.044945 -0.013887 0.161399 -0.030429 0.314407 0.042834 0.137500 0.065493 0.180742 0.137469 0.101543 0.015255 0.076747 0.193076 0.065301 0.044887 0.220837 0.047525 0.036581 0.085502 0.029370 0.016039 0.109303 0.039128 
0.193555 -0.028997 0.078465 0.289782 0.066674 -0.003274 0.192986 0.299112 0.063150 0.410197 0.496553 0.007624 1.000000 -0.003271 0.054341 0.106631 0.089780 0.001988 0.109791 0.149558 0.581909 0.110646 0.073014 0.065954 0.277594 -0.009530 0.052762 -0.019611 0.081329 0.097741 0.141706 0.055441 0.105931 0.196251 -0.030212 -0.002231 0.084800 -0.047426 -0.031277 0.080729 0.025160 0.074821 0.052771 0.010707 0.060467 0.010505 -0.002624 0.064038 0.087503 0.020458 -0.025624 0.097920 0.102757 0.031500 0.035713 0.055167 0.043170 0.011946 -0.009828 0.057873 0.076384 0.029075 0.158185 0.174645 -0.072206 0.172848 
0.076899 0.104384 0.204968 -0.001755 0.067268 0.313332 0.057313 0.091225 0.032170 -0.011095 -0.003710 0.714587 -0.003271 1.000000 0.011044 0.063085 0.057276 0.176537 0.298763 0.158427 -0.042265 0.023002 0.128468 0.076696 -0.062650 0.484421 0.139959 0.102607 0.009226 0.119290 0.070338 0.041057 0.142888 0.038591 0.091273 0.182602 0.035316 0.123626 0.206647 0.113153 0.087815 0.109868 0.074055 0.001018 0.378533 -0.001909 0.641240 0.074491 0.104676 0.063064 0.190425 0.095985 0.141383 0.049588 0.054539 0.135248 0.046035 0.095022 0.427000 0.098356 0.015159 0.087214 0.036995 0.043576 0.150377 0.032309 
0.192251 -0.066212 0.026141 0.017080 0.376156 0.041218 0.654593 0.019775 0.822306 0.083974 -0.068329 0.077575 0.054341 0.011044 1.000000 -0.009315 0.559231 0.017946 0.135018 0.001030 -0.010771 -0.024483 0.032416 0.010593 0.027051 0.022911 0.019260 -0.058965 -0.009496 0.569341 0.094580 0.519124 0.283446 0.077784 -0.057369 0.010620 0.002801 0.168329 0.072627 0.262860 0.021336 0.176568 0.227338 -0.094929 0.025237 0.095272 0.009580 0.199205 0.058293 0.242130 0.027757 0.068266 0.054236 -0.062912 0.050132 0.125182 0.041063 0.100575 0.053183 -0.066055 -0.049180 0.053681 0.172430 0.018114 0.160100 0.207586 
0.019495 0.143678 0.190568 0.096356 0.185332 0.023221 0.016870 0.133029 0.059258 0.343435 0.124626 0.104409 0.106631 0.063085 -0.009315 1.000000 0.067067 0.051313 0.073649 0.097679 0.073027 0.641643 0.840118 0.596978 0.257937 -0.000503 0.141798 0.218036 0.176376 0.078613 0.130789 0.073212 0.058174 0.162335 0.134079 0.206565 0.071563 0.144341 0.107767 0.101347 0.165776 0.096799 0.075357 0.162358 0.038113 0.108269 0.027432 0.100840 0.565791 0.144119 0.145371 0.130446 0.208141 0.055359 0.223455 0.496666 0.231238 0.080090 0.021365 0.074219 0.193496 0.105818 0.126039 0.337404 0.192079 0.190085 
0.243415 -0.096717 -0.030025 0.097905 0.591091 0.060248 0.718359 0.047481 0.543668 0.071156 0.017432 0.032319 0.089780 0.057276 0.559231 0.067067 1.000000 -0.016784 0.116329 -0.028055 0.080130 0.051950 0.071303 0.051547 0.038368 0.035989 0.103070 -0.049817 0.017313 0.508793 0.141958 0.537328 0.327865 0.173680 -0.079773 0.085191 0.056210 0.202829 0.102538 0.383479 0.135465 0.318166 0.338850 0.040632 0.099976 0.179852 0.092063 0.325308 0.112934 0.294907 0.103783 0.063794 0.103706 0.045376 0.086944 0.121238 0.087514 0.199676 0.075327 0.028018 -0.004942 0.117674 0.288812 0.123592 0.174129 0.337618 
0.027208 0.041376 0.209030 -0.129319 -0.028095 0.110699 -0.020547 0.144704 0.055154 -0.064749 0.077696 0.098244 0.001988 0.176537 0.017946 0.051313 -0.016784 1.000000 0.108897 0.473200 -0.128566 0.049189 0.062619 0.135574 -0.069820 0.097801 -0.006061 -0.003258 -0.087151 0.148987 0.106289 -0.064216 0.186578 0.164573 0.132619 0.050281 -0.007498 0.050878 0.118009 0.020616 0.130482 0.026741 0.087253 -0.013138 0.212737 0.068732 0.209860 0.031173 0.021134 0.025695 0.016174 0.142686 0.098646 -0.024617 -0.024640 0.007234 -0.022607 0.035479 0.228472 -0.004820 0.018354 0.015879 0.125691 0.075413 0.049497 0.098176 
0.153024 0.031333 0.043438 0.061303 0.025473 0.041899 0.102175 0.110210 0.066016 0.057099 -0.044583 0.313973 0.109791 0.298763 0.135018 0.073649 0.116329 0.108897 1.000000 0.413116 0.029640 0.113662 0.085725 0.105244 0.046927 0.216898 0.101293 0.069848 0.025744 0.222085 0.172115 0.013863 0.263810 0.000075 -0.028370 0.069982 0.111619 0.010708 0.042518 0.055617 0.059424 0.006284 0.156798 -0.024903 0.143810 0.119318 0.191480 -0.018072 0.090812 0.059376 0.060090 0.121307 0.155947 0.108289 0.005827 0.043032 0.024312 0.165381 0.066737 0.026335 0.007388 0.122416 -0.017844 0.011023 0.014912 0.008835 
0.120000 0.116189 0.073010 0.040446 0.016159 -0.007851 0.013748 0.185190 0.037064 0.033996 -0.004762 0.176251 0.149558 0.158427 0.001030 0.097679 -0.028055 0.473200 0.413116 1.000000 0.030884 0.126222 0.073076 0.149015 0.037549 0.010239 0.071570 0.143580 0.033895 0.035081 0.181428 -0.045658 0.069370 0.046656 0.110176 0.115426 0.027343 -0.021831 0.076425 -0.104682 0.106660 -0.097460 0.089963 0.023957 0.155377 0.103536 0.132652 -0.069865 0.076330 -0.035819 0.100749 0.179275 0.169016 0.040808 0.063401 0.049778 0.076758 0.091578 0.075743 0.076536 0.112101 0.095372 0.012131 0.025557 -0.036592 0.025722 
0.033103 0.004082 0.071496 0.808497 0.061501 0.042147 0.048184 0.141859 -0.019874 0.338473 0.368667 -0.026943 0.581909 -0.042265 -0.010771 0.073027 0.080130 -0.128566 0.029640 0.030884 1.000000 0.165106 0.033064 0.075488 0.467078 0.019973 0.023393 0.006961 0.268264 0.024968 0.025413 -0.009593 -0.001815 0.151399 0.043005 0.022110 0.333813 0.025756 -0.003820 0.084333 0.087112 0.093518 0.106862 0.021277 0.113552 0.061404 0.052562 0.040944 0.075057 0.044190 -0.004086 0.126654 0.100597 0.171221 0.066283 0.031583 0.088569 0.113738 0.036836 0.078179 0.132212 0.102297 0.114624 0.166219 -0.037752 0.142494 
0.096454 0.145923 0.124587 0.164609 0.123292 0.026793 0.018347 0.118064 0.008239 0.309388 0.057313 0.021501 0.110646 0.023002 -0.024483 0.641643 0.051950 0.049189 0.113662 0.126222 0.165106 1.000000 0.468104 0.625947 0.242306 0.018086 0.182280 0.284607 0.361605 0.049576 0.181430 0.013646 0.068718 0.173882 0.120104 0.185314 0.054329 0.142899 0.057093 0.131346 0.219471 0.138381 0.064505 0.161178 0.023402 0.176643 0.040322 0.145399 0.260467 0.168743 0.096643 0.129020 0.198557 0.082366 0.206085 0.238726 0.221407 0.045737 0.019958 0.127191 0.201281 0.088389 0.107690 0.223376 0.214756 0.129538 
0.055107 0.205952 0.279172 0.074044 0.218141 0.079920 0.046876 0.110676 0.107914 0.293755 0.110569 0.175041 0.073014 0.128468 0.032416 0.840118 0.071303 0.062619 0.085725 0.073076 0.033064 0.468104 1.000000 0.621673 0.183957 0.051363 0.139283 0.163288 0.105554 0.109729 0.103026 0.106271 0.079645 0.093173 0.174643 0.204619 0.051517 0.237472 0.137642 0.162584 0.141273 0.116576 0.094964 0.162801 0.088249 0.117900 0.126969 0.124306 0.557826 0.207747 0.131008 0.146175 0.164090 0.030791 0.236638 0.645325 0.263303 0.068071 0.050801 0.034148 0.121595 0.095791 0.126406 0.283748 0.296003 0.204386 
0.152258 0.177002 0.353220 0.064394 0.142526 0.029401 0.050452 0.120712 0.077472 0.240156 0.096443 0.080814 0.065954 0.076696 0.010593 0.596978 0.051547 0.135574 0.105244 0.149015 0.075488 0.625947 0.621673 1.000000 0.121839 0.056084 0.138497 0.135579 0.065990 0.098851 0.210195 0.057318 0.116823 0.152826 0.121949 0.188655 0.039336 0.134842 0.025612 0.094562 0.241835 0.033699 0.099588 0.132597 0.050200 0.174554 0.094670 0.033276 0.195947 0.145973 0.145461 0.119550 0.144975 0.076750 0.128168 0.204033 0.133342 0.063093 0.031287 0.037048 0.101782 0.104875 0.114813 0.214228 0.160595 0.179446 
0.022174 0.129280 0.070946 0.579693 0.067751 0.083772 -0.007709 0.368209 0.007203 0.761067 0.286622 -0.029863 0.277594 -0.062650 0.027051 0.257937 0.038368 -0.069820 0.046927 0.037549 0.467078 0.242306 0.183957 0.121839 1.000000 0.049592 0.302736 0.188131 0.580980 -0.003058 0.025730 0.045018 -0.046648 0.086026 0.129968 0.100441 0.267567 0.051275 0.042997 0.114281 -0.027390 0.097659 0.027064 0.003194 0.024511 -0.040905 -0.036343 0.057799 0.153095 0.140370 0.018718 0.113972 0.075947 0.058369 0.090052 0.096233 0.152172 0.158416 0.010276 0.078481 0.220145 0.150757 0.032760 0.161175 0.037822 0.085382 
-0.022890 0.126350 0.102672 0.067574 0.072112 0.593495 0.061280 0.013289 0.077263 0.055196 -0.006506 0.374059 -0.009530 0.484421 0.022911 -0.000503 0.035989 0.097801 0.216898 0.010239 0.019973 0.018086 0.051363 0.056084 0.049592 1.000000 0.128537 0.076355 0.060209 0.097051 0.001258 0.059216 0.081991 0.075962 0.103878 0.125466 0.058527 0.109072 0.410891 0.161149 0.126062 0.170505 0.055124 0.064392 0.263000 0.038858 0.405312 0.112893 0.061316 0.096338 0.173987 0.075971 0.051253 0.043172 0.032528 0.069119 0.057290 0.105726 0.669361 0.021966 0.114821 0.095618 0.085418 0.022907 0.164931 0.066238 
0.239266 0.287768 0.061423 0.059975 0.181916 0.108945 0.003623 0.148415 0.018763 0.320476 0.055956 0.074395 0.052762 0.139959 0.019260 0.141798 0.103070 -0.006061 0.101293 0.071570 0.023393 0.182280 0.139283 0.138497 0.302736 0.128537 1.000000 0.428457 0.267033 0.081146 0.236135 0.141711 0.167321 0.081306 0.131295 0.067966 0.179172 0.019218 0.042021 0.041235 0.054822 0.042104 0.115561 0.060443 0.000620 0.038707 0.031388 0.027354 0.090291 0.032756 0.050924 0.033010 0.198719 0.149555 0.181001 0.092706 0.131642 0.175893 -0.019361 0.183274 0.233933 0.149722 0.060498 0.120374 0.078917 0.074011 
-0.048492 0.726849 0.204936 0.046204 0.027141 0.013818 -0.143525 0.010945 -0.050379 0.181381 0.029830 0.132307 -0.019611 0.102607 -0.058965 0.218036 -0.049817 -0.003258 0.069848 0.143580 0.006961 0.284607 0.163288 0.135579 0.188131 0.076355 0.428457 1.000000 0.433720 0.002613 -0.032785 -0.063802 -0.012641 0.100084 0.361846 0.107550 0.060698 0.062155 0.054211 0.152458 0.053416 0.123527 0.028452 0.081587 -0.007238 0.091415 -0.015002 0.086213 0.175504 0.142442 0.083486 0.104675 0.171138 0.097953 0.224782 0.129117 0.169537 0.062181 0.011834 0.172061 0.374508 0.136866 0.089048 0.150150 0.085663 0.115813 
0.053785 0.295349 0.145367 0.407602 0.037451 0.054831 -0.065101 0.197044 -0.040912 0.361848 0.161028 0.021866 0.081329 0.009226 -0.009496 0.176376 0.017313 -0.087151 0.025744 0.033895 0.268264 0.361605 0.105554 0.065990 0.580980 0.060209 0.267033 0.433720 1.000000 -0.006838 0.039587 -0.027504 -0.007063 0.095612 0.253226 0.125878 0.168245 0.061095 0.059912 0.144416 0.076982 0.143386 0.014241 0.086785 0.047289 0.091756 0.040682 0.147057 0.124605 0.142736 0.030716 0.099583 0.094084 0.116021 0.130792 0.079827 0.151851 0.094566 0.050716 0.178554 0.304489 0.129062 0.052135 0.108811 0.109697 0.073539 
0.399576 -0.011719 0.019670 0.030486 0.331425 0.093930 0.443706 0.120974 0.472986 0.106373 0.039563 0.172210 0.097741 0.119290 0.569341 0.078613 0.508793 0.148987 0.222085 0.035081 0.024968 0.049576 0.109729 0.098851 -0.003058 0.097051 0.081146 0.002613 -0.006838 1.000000 0.271029 0.360689 0.759313 0.168972 -0.006268 0.096197 0.075777 0.203145 0.132836 0.260700 0.055192 0.175212 0.303086 -0.014470 0.061332 0.172454 0.065591 0.161700 0.163346 0.242752 0.089190 0.061560 0.077252 0.026157 0.125129 0.204053 0.139890 0.139548 0.079004 -0.030067 -0.036291 0.098271 0.207782 0.108381 0.180726 0.267984 
0.762369 -0.081258 0.128682 0.029483 0.109931 -0.014718 0.179736 0.368083 0.121457 0.153321 -0.013208 0.037396 0.141706 0.070338 0.094580 0.130789 0.141958 0.106289 0.172115 0.181428 0.025413 0.181430 0.103026 0.210195 0.025730 0.001258 0.236135 -0.032785 0.039587 0.271029 1.000000 0.067250 0.601017 0.092414 -0.043338 0.108618 0.098121 0.064499 -0.022921 -0.011487 0.180509 -0.067037 0.319935 0.087477 0.054561 0.177495 0.092718 -0.037881 0.198955 0.045309 0.035838 0.034749 0.143415 0.120224 0.093024 0.173308 0.144978 0.243214 -0.012674 0.039243 -0.025634 0.105943 0.043038 0.183319 0.127351 0.081998 
0.047483 -0.065231 0.043308 0.007352 0.648894 0.090522 0.461383 -0.012211 0.360298 0.087737 -0.034661 0.167739 0.055441 0.041057 0.519124 0.073212 0.537328 -0.064216 0.013863 -0.045658 -0.009593 0.013646 0.106271 0.057318 0.045018 0.059216 0.141711 -0.063802 -0.027504 0.360689 0.067250 1.000000 0.147507 0.106292 -0.043593 0.060356 0.011778 0.167139 0.181499 0.184055 0.087825 0.188309 0.194675 -0.031075 0.102758 -0.031311 0.089872 0.179335 0.043048 0.129502 0.071839 0.106700 0.089082 -0.053119 0.082233 0.141525 0.064299 0.115463 0.086437 0.009298 -0.001012 0.141226 0.202985 0.115694 0.096535 0.237455 
0.637584 -0.050249 0.068983 -0.009842 0.098944 0.059377 0.270599 0.179841 0.205939 0.095682 0.039592 0.099024 0.105931 0.142888 0.283446 0.058174 0.327865 0.186578 0.263810 0.069370 -0.001815 0.068718 0.079645 0.116823 -0.046648 0.081991 0.167321 -0.012641 -0.007063 0.759313 0.601017 0.147507 1.000000 0.197057 -0.019847 0.094994 0.059029 0.151613 0.105841 0.158732 0.146776 0.088743 0.394956 0.021264 0.084158 0.219996 0.144071 0.103251 0.202886 0.169679 0.052169 0.022601 0.102945 0.074125 0.129223 0.201275 0.149576 0.231367 0.078445 0.018819 -0.023406 0.121758 0.184546 0.167589 0.157033 0.242418 
0.121509 -0.028250 0.117137 0.079363 0.139905 0.152500 0.103832 0.142256 0.072437 0.157687 0.184490 -0.003705 0.196251 0.038591 0.077784 0.162335 0.173680 0.164573 0.000075 0.046656 0.151399 0.173882 0.093173 0.152826 0.086026 0.075962 0.081306 0.100084 0.095612 0.168972 0.092414 0.106292 0.197057 1.000000 0.044151 0.141745 0.055831 0.050748 0.164263 0.174825 0.384847 0.244870 0.271718 0.120370 -0.005040 0.174614 0.003988 0.299752 0.125293 0.071249 0.055214 0.052527 0.267718 0.130617 0.156894 0.084616 0.118129 0.164091 0.116600 0.194349 0.157276 0.135979 0.711431 0.617842 0.015303 0.597832 
-0.041165 0.646296 0.106053 0.125481 0.055266 0.060244 -0.109256 0.019219 0.006887 0.039221 0.096553 0.169014 -0.030212 0.091273 -0.057369 0.134079 -0.079773 0.132619 -0.028370 0.110176 0.043005 0.120104 0.174643 0.121949 0.129968 0.103878 0.131295 0.361846 0.253226 -0.006268 -0.043338 -0.043593 -0.019847 0.044151 1.000000 0.179601 0.176777 0.057494 0.081902 0.090579 0.089310 0.035190 -0.022832 0.088591 0.048365 0.042115 0.049617 0.033985 0.076823 0.113499 0.056747 0.125473 0.116546 0.097146 0.083955 0.109235 0.072704 0.077770 0.163930 0.274112 0.523001 0.179676 0.043590 0.104541 0.067621 0.051552 
0.077271 0.048517 0.172284 0.072938 0.138481 0.041733 0.033853 0.103894 0.052127 0.123192 0.034936 0.160590 -0.002231 0.182602 0.010620 0.206565 0.085191 0.050281 0.069982 0.115426 0.022110 0.185314 0.204619 0.188655 0.100441 0.125466 0.067966 0.107550 0.125878 0.096197 0.108618 0.060356 0.094994 0.141745 0.179601 1.000000 0.143419 0.220096 0.066502 0.152177 0.266438 0.125420 0.219062 0.185808 0.155855 0.216402 0.203647 0.052118 0.205372 0.120494 0.128815 0.116954 0.236273 0.159054 0.230775 0.310052 0.423890 0.196728 0.084416 0.118504 0.000369 0.254053 0.063414 0.229705 0.203851 0.091906 
0.042708 0.078092 -0.058444 0.500798 0.099604 0.057560 0.008891 0.079021 -0.006457 0.104223 0.053889 0.039994 0.084800 0.035316 0.002801 0.071563 0.056210 -0.007498 0.111619 0.027343 0.333813 0.054329 0.051517 0.039336 0.267567 0.058527 0.179172 0.060698 0.168245 0.075777 0.098121 0.011778 0.059029 0.055831 0.176777 0.143419 1.000000 0.026167 0.098426 0.030901 0.103398 0.043882 0.336581 0.220562 0.059011 0.277394 0.022528 0.006221 0.182875 0.007506 0.083802 0.062719 0.215645 0.694107 0.108508 0.147680 0.190271 0.572449 0.074149 0.105038 0.138752 0.500663 0.027147 0.116567 0.018378 0.059549 
0.126859 0.061840 0.085848 0.098624 0.130286 0.142926 0.176371 0.048565 0.167311 0.209072 -0.063394 0.115858 -0.047426 0.123626 0.168329 0.144341 0.202829 0.050878 0.010708 -0.021831 0.025756 0.142899 0.237472 0.134842 0.051275 0.109072 0.019218 0.062155 0.061095 0.203145 0.064499 0.167139 0.151613 0.050748 0.057494 0.220096 0.026167 1.000000 0.104552 0.486014 0.068673 0.533593 0.043731 0.006021 0.316873 0.008732 0.289918 0.403926 0.161932 0.632448 0.085802 0.160012 0.053203 0.035383 0.147075 0.289663 0.248260 0.065362 0.187534 0.094556 0.027224 0.080217 0.242348 0.032544 0.685372 0.146375 
-0.040901 -0.009454 0.029904 0.040238 0.144307 0.544266 0.029070 -0.025948 0.090134 0.014345 0.047365 0.126169 -0.031277 0.206647 0.072627 0.107767 0.102538 0.118009 0.042518 0.076425 -0.003820 0.057093 0.137642 0.025612 0.042997 0.410891 0.042021 0.054211 0.059912 0.132836 -0.022921 0.181499 0.105841 0.164263 0.081902 0.066502 0.098426 0.104552 1.000000 0.133734 0.146255 0.176633 0.163012 0.105708 0.181706 0.120350 0.269879 0.156410 0.109689 0.084544 0.111988 0.057825 0.090633 0.114921 0.167075 0.168356 0.088786 0.139200 0.549785 0.150110 0.321442 0.068824 0.148480 0.112294 0.181573 0.142233 
0.037761 0.136781 0.037357 0.120688 0.161544 0.107814 0.306970 -0.033969 0.216089 0.216315 0.047784 0.093389 0.080729 0.113153 0.262860 0.101347 0.383479 0.020616 0.055617 -0.104682 0.084333 0.131346 0.162584 0.094562 0.114281 0.161149 0.041235 0.152458 0.144416 0.260700 -0.011487 0.184055 0.158732 0.174825 0.090579 0.152177 0.030901 0.486014 0.133734 1.000000 0.075571 0.774864 0.063920 -0.031584 0.136305 0.141964 0.159567 0.680645 0.097272 0.753973 0.041676 0.126127 0.102842 0.010178 0.026834 0.117040 0.054037 0.038318 0.145663 0.020762 0.047335 0.110552 0.387015 0.115377 0.489791 0.334815 
0.155086 0.023065 0.085492 0.053648 0.172219 0.120614 0.096631 0.085928 0.068456 -0.001461 0.059540 0.015760 0.025160 0.087815 0.021336 0.165776 0.135465 0.130482 0.059424 0.106660 0.087112 0.219471 0.141273 0.241835 -0.027390 0.126062 0.054822 0.053416 0.076982 0.055192 0.180509 0.087825 0.146776 0.384847 0.089310 0.266438 0.103398 0.068673 0.146255 0.075571 1.000000 0.076049 0.428613 0.481850 0.075988 0.467260 0.094434 0.121216 0.176570 0.061471 0.177910 0.201651 0.292243 0.340206 0.196565 0.183161 0.195141 0.402160 0.120622 0.175027 0.117034 0.336128 0.114432 0.209899 0.097774 0.107554 
-0.019223 0.087347 0.046030 0.121082 0.149652 0.142077 0.212082 -0.012766 0.134384 0.176373 0.029136 0.071622 0.074821 0.109868 0.176568 0.096799 0.318166 0.026741 0.006284 -0.097460 0.093518 0.138381 0.116576 0.033699 0.097659 0.170505 0.042104 0.123527 0.143386 0.175212 -0.067037 0.188309 0.088743 0.244870 0.035190 0.125420 0.043882 0.533593 0.176633 0.774864 0.076049 1.000000 0.025737 -0.057620 0.213435 0.018309 0.207786 0.834242 0.099823 0.503851 0.064662 0.093929 0.120899 0.024322 0.057900 0.114624 0.064393 0.042245 0.185394 0.059841 0.045808 0.109156 0.441603 0.074562 0.456491 0.297906 
0.292565 -0.029338 0.015441 0.121980 0.242733 0.105741 0.213045 0.112994 0.176198 -0.010068 0.108868 0.044945 0.052771 0.074055 0.227338 0.075357 0.338850 0.087253 0.156798 0.089963 0.106862 0.064505 0.094964 0.099588 0.027064 0.055124 0.115561 0.028452 0.014241 0.303086 0.319935 0.194675 0.394956 0.271718 -0.022832 0.219062 0.336581 0.043731 0.163012 0.063920 0.428613 0.025737 1.000000 0.216586 0.034474 0.500472 0.046578 0.065444 0.303191 0.011754 0.088846 0.007277 0.186780 0.353072 0.280261 0.322106 0.295164 0.780640 0.043512 0.105264 0.069850 0.472482 0.168000 0.233357 0.095303 0.258545 
0.076357 0.005001 0.059734 0.031551 0.106514 0.085379 0.015318 0.060720 -0.009459 -0.002426 0.066949 -0.013887 0.010707 0.001018 -0.094929 0.162358 0.040632 -0.013138 -0.024903 0.023957 0.021277 0.161178 0.162801 0.132597 0.003194 0.064392 0.060443 0.081587 0.086785 -0.014470 0.087477 -0.031075 0.021264 0.120370 0.088591 0.185808 0.220562 0.006021 0.105708 -0.031584 0.481850 -0.057620 0.216586 1.000000 0.001220 0.500833 -0.006282 0.021136 0.206908 -0.021259 0.070851 0.092397 0.147687 0.570512 0.173262 0.202683 0.208378 0.267911 0.065055 0.167984 0.099363 0.200089 -0.025134 0.092131 0.102363 -0.007479 
0.021614 0.006348 0.177649 0.103855 0.106999 0.203447 0.073830 0.028088 0.040870 0.014700 0.021081 0.161399 0.060467 0.378533 0.025237 0.038113 0.099976 0.212737 0.143810 0.155377 0.113552 0.023402 0.088249 0.050200 0.024511 0.263000 0.000620 -0.007238 0.047289 0.061332 0.054561 0.102758 0.084158 -0.005040 0.048365 0.155855 0.059011 0.316873 0.181706 0.136305 0.075988 0.213435 0.034474 0.001220 1.000000 -0.024881 0.847737 0.081124 0.068653 0.087955 0.099072 0.485003 0.116659 0.036584 0.002454 0.062952 0.062316 0.064819 0.470728 0.112814 0.021958 0.082165 0.031303 0.001098 0.264668 0.045890 
0.203713 0.022162 -0.023795 0.050602 0.099765 0.065391 0.133752 0.076588 0.116565 -0.017557 0.042740 -0.030429 0.010505 -0.001909 0.095272 0.108269 0.179852 0.068732 0.119318 0.103536 0.061404 0.176643 0.117900 0.174554 -0.040905 0.038858 0.038707 0.091415 0.091756 0.172454 0.177495 -0.031311 0.219996 0.174614 0.042115 0.216402 0.277394 0.008732 0.120350 0.141964 0.467260 0.018309 0.500472 0.500833 -0.024881 1.000000 0.002900 0.134284 0.124895 0.092947 0.160643 0.124981 0.253246 0.594770 0.194360 0.130161 0.183154 0.328647 0.049887 0.053449 0.045440 0.181126 0.074049 0.162863 0.126531 0.146293 
0.090559 -0.015068 0.246195 0.070697 0.096660 0.298678 0.064251 0.030935 0.027044 -0.014290 -0.009798 0.314407 -0.002624 0.641240 0.009580 0.027432 0.092063 0.209860 0.191480 0.132652 0.052562 0.040322 0.126969 0.094670 -0.036343 0.405312 0.031388 -0.015002 0.040682 0.065591 0.092718 0.089872 0.144071 0.003988 0.049617 0.203647 0.022528 0.289918 0.269879 0.159567 0.094434 0.207786 0.046578 -0.006282 0.847737 0.002900 1.000000 0.106834 0.061335 0.100715 0.112502 0.249252 0.116261 0.027581 0.001928 0.099915 0.044291 0.063090 0.549420 0.107649 -0.002911 0.069758 0.035907 0.004303 0.321168 0.019462 
0.024694 0.056737 0.005866 0.049503 0.116247 0.102577 0.246833 -0.020410 0.130932 0.170000 0.016245 0.042834 0.064038 0.074491 0.199205 0.100840 0.325308 0.031173 -0.018072 -0.069865 0.040944 0.145399 0.124306 0.033276 0.057799 0.112893 0.027354 0.086213 0.147057 0.161700 -0.037881 0.179335 0.103251 0.299752 0.033985 0.052118 0.006221 0.403926 0.156410 0.680645 0.121216 0.834242 0.065444 0.021136 0.081124 0.134284 0.106834 1.000000 0.112272 0.499181 0.036339 0.112894 0.127932 0.040641 0.043369 0.116323 0.029654 0.041478 0.159660 0.032145 0.030784 0.060937 0.567198 0.139926 0.459595 0.441979 
0.135968 0.038967 0.040135 0.154191 0.166074 0.013321 0.078137 0.077620 0.105220 0.217128 0.078942 0.137500 0.087503 0.104676 0.058293 0.565791 0.112934 0.021134 0.090812 0.076330 0.075057 0.260467 0.557826 0.195947 0.153095 0.061316 0.090291 0.175504 0.124605 0.163346 0.198955 0.043048 0.202886 0.125293 0.076823 0.205372 0.182875 0.161932 0.109689 0.097272 0.176570 0.099823 0.303191 0.206908 0.068653 0.124895 0.061335 0.112272 1.000000 0.127559 0.105897 0.076236 0.171193 0.134539 0.435960 0.838907 0.580346 0.326695 0.064788 0.063299 0.122856 0.264219 0.107633 0.301597 0.162107 0.185159 
0.098401 0.125688 0.010665 0.083347 0.077075 0.079951 0.242770 -0.015210 0.204625 0.328916 -0.017428 0.065493 0.020458 0.063064 0.242130 0.144119 0.294907 0.025695 0.059376 -0.035819 0.044190 0.168743 0.207747 0.145973 0.140370 0.096338 0.032756 0.142442 0.142736 0.242752 0.045309 0.129502 0.169679 0.071249 0.113499 0.120494 0.007506 0.632448 0.084544 0.753973 0.061471 0.503851 0.011754 -0.021259 0.087955 0.092947 0.100715 0.499181 0.127559 1.000000 -0.005171 0.145686 0.069462 0.018368 0.017922 0.150559 0.081414 0.048808 0.147140 0.075540 0.067950 0.066621 0.331774 0.079315 0.538683 0.296071 
-0.005255 0.130027 0.027076 0.036195 0.167389 0.099340 0.087830 0.089842 0.101331 0.039475 -0.051423 0.180742 -0.025624 0.190425 0.027757 0.145371 0.103783 0.016174 0.060090 0.100749 -0.004086 0.096643 0.131008 0.145461 0.018718 0.173987 0.050924 0.083486 0.030716 0.089190 0.035838 0.071839 0.052169 0.055214 0.056747 0.128815 0.083802 0.085802 0.111988 0.041676 0.177910 0.064662 0.088846 0.070851 0.099072 0.160643 0.112502 0.036339 0.105897 -0.005171 1.000000 0.132277 0.382913 0.146988 0.199579 0.091892 0.167222 0.133080 0.067174 0.113089 0.142625 0.154864 -0.019363 0.048460 0.095657 0.069899 
-0.002678 0.116683 0.093845 0.134166 0.129943 0.072929 0.102851 0.137758 0.080572 0.130148 0.064709 0.137469 0.097920 0.095985 0.068266 0.130446 0.063794 0.142686 0.121307 0.179275 0.126654 0.129020 0.146175 0.119550 0.113972 0.075971 0.033010 0.104675 0.099583 0.061560 0.034749 0.106700 0.022601 0.052527 0.125473 0.116954 0.062719 0.160012 0.057825 0.126127 0.201651 0.093929 0.007277 0.092397 0.485003 0.124981 0.249252 0.112894 0.076236 0.145686 0.132277 1.000000 0.336941 0.089284 0.092323 0.101371 0.073654 -0.001282 0.230017 0.132703 0.093524 0.087816 0.054960 0.091028 0.133996 0.147962 
0.081759 0.079021 0.041582 0.096177 0.168391 0.020973 0.071335 0.087567 0.062843 0.126457 0.003052 0.101543 0.102757 0.141383 0.054236 0.208141 0.103706 0.098646 0.155947 0.169016 0.100597 0.198557 0.164090 0.144975 0.075947 0.051253 0.198719 0.171138 0.094084 0.077252 0.143415 0.089082 0.102945 0.267718 0.116546 0.236273 0.215645 0.053203 0.090633 0.102842 0.292243 0.120899 0.186780 0.147687 0.116659 0.253246 0.116261 0.127932 0.171193 0.069462 0.382913 0.336941 1.000000 0.257429 0.188660 0.172698 0.177976 0.211398 0.036135 0.293657 0.098446 0.237107 0.174397 0.303690 0.064941 0.199793 
0.096250 0.028509 -0.028831 0.197868 0.091187 0.059993 0.017749 0.101179 -0.017123 0.033717 0.061825 0.015255 0.031500 0.049588 -0.062912 0.055359 0.045376 -0.024617 0.108289 0.040808 0.171221 0.082366 0.030791 0.076750 0.058369 0.043172 0.149555 0.097953 0.116021 0.026157 0.120224 -0.053119 0.074125 0.130617 0.097146 0.159054 0.694107 0.035383 0.114921 0.010178 0.340206 0.024322 0.353072 0.570512 0.036584 0.594770 0.027581 0.040641 0.134539 0.018368 0.146988 0.089284 0.257429 1.000000 0.157753 0.097965 0.183584 0.484196 0.069433 0.168314 0.132493 0.354616 0.061490 0.129676 0.066018 0.060582 
0.118838 0.114601 0.005380 0.098493 0.210608 0.068976 0.024982 0.122210 0.072680 0.113444 0.040311 0.076747 0.035713 0.054539 0.050132 0.223455 0.086944 -0.024640 0.005827 0.063401 0.066283 0.206085 0.236638 0.128168 0.090052 0.032528 0.181001 0.224782 0.130792 0.125129 0.093024 0.082233 0.129223 0.156894 0.083955 0.230775 0.108508 0.147075 0.167075 0.026834 0.196565 0.057900 0.280261 0.173262 0.002454 0.194360 0.001928 0.043369 0.435960 0.017922 0.199579 0.092323 0.188660 0.157753 1.000000 0.506402 0.701187 0.168415 0.019005 0.179565 0.228055 0.149335 0.022998 0.183994 0.149519 0.074191 
0.142093 0.054988 0.097101 0.118289 0.242037 0.077219 0.113525 0.090805 0.167093 0.164852 0.030352 0.193076 0.055167 0.135248 0.125182 0.496666 0.121238 0.007234 0.043032 0.049778 0.031583 0.238726 0.645325 0.204033 0.096233 0.069119 0.092706 0.129117 0.079827 0.204053 0.173308 0.141525 0.201275 0.084616 0.109235 0.310052 0.147680 0.289663 0.168356 0.117040 0.183161 0.114624 0.322106 0.202683 0.062952 0.130161 0.099915 0.116323 0.838907 0.150559 0.091892 0.101371 0.172698 0.097965 0.506402 1.000000 0.685571 0.248566 0.071254 0.035337 0.030629 0.188568 0.072143 0.193047 0.288099 0.140274 
0.164917 0.048389 -0.022796 0.161959 0.163411 0.056032 0.081680 0.099704 0.083021 0.172575 0.006471 0.065301 0.043170 0.046035 0.041063 0.231238 0.087514 -0.022607 0.024312 0.076758 0.088569 0.221407 0.263303 0.133342 0.152172 0.057290 0.131642 0.169537 0.151851 0.139890 0.144978 0.064299 0.149576 0.118129 0.072704 0.423890 0.190271 0.248260 0.088786 0.054037 0.195141 0.064393 0.295164 0.208378 0.062316 0.183154 0.044291 0.029654 0.580346 0.081414 0.167222 0.073654 0.177976 0.183584 0.701187 0.685571 1.000000 0.233036 0.031956 0.080388 0.058398 0.203681 0.020828 0.159057 0.193541 0.065048 
0.188677 0.035060 0.004542 0.221175 0.147918 0.120654 0.107981 0.050460 0.060394 0.035643 0.065367 0.044887 0.011946 0.095022 0.100575 0.080090 0.199676 0.035479 0.165381 0.091578 0.113738 0.045737 0.068071 0.063093 0.158416 0.105726 0.175893 0.062181 0.094566 0.139548 0.243214 0.115463 0.231367 0.164091 0.077770 0.196728 0.572449 0.065362 0.139200 0.038318 0.402160 0.042245 0.780640 0.267911 0.064819 0.328647 0.063090 0.041478 0.326695 0.048808 0.133080 -0.001282 0.211398 0.484196 0.168415 0.248566 0.233036 1.000000 0.072709 0.176389 0.201652 0.744408 0.080495 0.146329 0.088760 0.120160 
-0.021278 -0.008507 0.102716 0.081972 0.069569 0.477501 0.073789 -0.021327 0.096052 0.041060 0.004515 0.220837 -0.009828 0.427000 0.053183 0.021365 0.075327 0.228472 0.066737 0.075743 0.036836 0.019958 0.050801 0.031287 0.010276 0.669361 -0.019361 0.011834 0.050716 0.079004 -0.012674 0.086437 0.078445 0.116600 0.163930 0.084416 0.074149 0.187534 0.549785 0.145663 0.120622 0.185394 0.043512 0.065055 0.470728 0.049887 0.549420 0.159660 0.064788 0.147140 0.067174 0.230017 0.036135 0.069433 0.019005 0.071254 0.031956 0.072709 1.000000 0.106823 0.169914 0.057899 0.163383 0.060037 0.167298 0.154550 
0.040324 0.110571 0.118266 0.061501 0.111161 0.039922 -0.057718 0.100406 -0.051398 0.038851 0.064282 0.047525 0.057873 0.098356 -0.066055 0.074219 0.028018 -0.004820 0.026335 0.076536 0.078179 0.127191 0.034148 0.037048 0.078481 0.021966 0.183274 0.172061 0.178554 -0.030067 0.039243 0.009298 0.018819 0.194349 0.274112 0.118504 0.105038 0.094556 0.150110 0.020762 0.175027 0.059841 0.105264 0.167984 0.112814 0.053449 0.107649 0.032145 0.063299 0.075540 0.113089 0.132703 0.293657 0.168314 0.179565 0.035337 0.080388 0.176389 0.106823 1.000000 0.515765 0.260736 0.063458 0.069173 0.124813 0.033142 
-0.022128 0.349341 0.092916 0.163179 0.106388 0.185532 -0.130963 0.046266 -0.018399 0.124656 0.133862 0.036581 0.076384 0.015159 -0.049180 0.193496 -0.004942 0.018354 0.007388 0.112101 0.132212 0.201281 0.121595 0.101782 0.220145 0.114821 0.233933 0.374508 0.304489 -0.036291 -0.025634 -0.001012 -0.023406 0.157276 0.523001 0.000369 0.138752 0.027224 0.321442 0.047335 0.117034 0.045808 0.069850 0.099363 0.021958 0.045440 -0.002911 0.030784 0.122856 0.067950 0.142625 0.093524 0.098446 0.132493 0.228055 0.030629 0.058398 0.201652 0.169914 0.515765 1.000000 0.237585 0.097719 0.129707 0.084157 0.102464 
0.065249 0.135667 0.027826 0.206430 0.171179 0.051484 0.048255 0.014155 0.017854 0.060709 0.057292 0.085502 0.029075 0.087214 0.053681 0.105818 0.117674 0.015879 0.122416 0.095372 0.102297 0.088389 0.095791 0.104875 0.150757 0.095618 0.149722 0.136866 0.129062 0.098271 0.105943 0.141226 0.121758 0.135979 0.179676 0.254053 0.500663 0.080217 0.068824 0.110552 0.336128 0.109156 0.472482 0.200089 0.082165 0.181126 0.069758 0.060937 0.264219 0.066621 0.154864 0.087816 0.237107 0.354616 0.149335 0.188568 0.203681 0.744408 0.057899 0.260736 0.237585 1.000000 0.059703 0.158779 0.095121 0.088822 
0.094373 -0.008512 0.049344 0.054404 0.172719 0.118925 0.192447 0.009382 0.126523 0.203269 0.108490 0.029370 0.158185 0.036995 0.172430 0.126039 0.288812 0.125691 -0.017844 0.012131 0.114624 0.107690 0.126406 0.114813 0.032760 0.085418 0.060498 0.089048 0.052135 0.207782 0.043038 0.202985 0.184546 0.711431 0.043590 0.063414 0.027147 0.242348 0.148480 0.387015 0.114432 0.441603 0.168000 -0.025134 0.031303 0.074049 0.035907 0.567198 0.107633 0.331774 -0.019363 0.054960 0.174397 0.061490 0.022998 0.072143 0.020828 0.080495 0.163383 0.063458 0.097719 0.059703 1.000000 0.515959 0.133407 0.873598 
0.110283 0.050006 0.083602 0.128389 0.167783 0.055495 0.045936 0.117505 0.012670 0.275507 0.167378 0.016039 0.174645 0.043576 0.018114 0.337404 0.123592 0.075413 0.011023 0.025557 0.166219 0.223376 0.283748 0.214228 0.161175 0.022907 0.120374 0.150150 0.108811 0.108381 0.183319 0.115694 0.167589 0.617842 0.104541 0.229705 0.116567 0.032544 0.112294 0.115377 0.209899 0.074562 0.233357 0.092131 0.001098 0.162863 0.004303 0.139926 0.301597 0.079315 0.048460 0.091028 0.303690 0.129676 0.183994 0.193047 0.159057 0.146329 0.060037 0.069173 0.129707 0.158779 0.515959 1.000000 0.046498 0.591807 
0.150593 0.080371 0.135770 0.019342 0.107580 0.235546 0.149030 0.066074 0.161205 0.152027 -0.046547 0.109303 -0.072206 0.150377 0.160100 0.192079 0.174129 0.049497 0.014912 -0.036592 -0.037752 0.214756 0.296003 0.160595 0.037822 0.164931 0.078917 0.085663 0.109697 0.180726 0.127351 0.096535 0.157033 0.015303 0.067621 0.203851 0.018378 0.685372 0.181573 0.489791 0.097774 0.456491 0.095303 0.102363 0.264668 0.126531 0.321168 0.459595 0.162107 0.538683 0.095657 0.133996 0.064941 0.066018 0.149519 0.288099 0.193541 0.088760 0.167298 0.124813 0.084157 0.095121 0.133407 0.046498 1.000000 0.097921 
0.111258 0.030448 0.036268 0.083128 0.211314 0.089956 0.208598 0.019822 0.155963 0.278094 0.112221 0.039128 0.172848 0.032309 0.207586 0.190085 0.337618 0.098176 0.008835 0.025722 0.142494 0.129538 0.204386 0.179446 0.085382 0.066238 0.074011 0.115813 0.073539 0.267984 0.081998 0.237455 0.242418 0.597832 0.051552 0.091906 0.059549 0.146375 0.142233 0.334815 0.107554 0.297906 0.258545 -0.007479 0.045890 0.146293 0.019462 0.441979 0.185159 0.296071 0.069899 0.147962 0.199793 0.060582 0.074191 0.140274 0.065048 0.120160 0.154550 0.033142 0.102464 0.088822 0.873598 0.591807 0.097921 1.000000 
