1.000000 0.162738 0.115567 0.126494 0.086923 -0.001683 0.164731 0.379487 0.329896 0.224052 0.185908 0.098089 0.492254 0.087264 0.736026 0.158973 0.315812 0.165680 0.226715 0.327275 0.183718 0.192772 0.125924 0.083994 0.222226 -0.028874 0.074893 0.212123 0.089794 0.642467 0.629497 0.158041 0.585544 0.352509 0.141601 0.122090 0.194240 0.089291 0.000485 0.160341 0.204784 0.201448 0.411272 0.110496 0.163567 0.310254 0.119862 0.244103 0.154262 0.167089 0.120568 0.174947 0.175883 0.204564 0.223916 0.186218 0.181698 0.291223 0.044282 0.109303 0.169343 0.183053 0.308384 0.255862 0.109391 0.327127 
0.162738 1.000000 0.156852 0.142408 0.079020 0.057395 0.075896 0.147230 0.132490 0.115810 0.104831 0.279363 0.190053 0.123820 0.148827 0.160591 0.155139 0.088339 0.211457 0.199375 0.122169 0.121895 0.228360 0.064396 0.120382 0.160551 0.295680 0.709728 0.176656 0.114822 0.126934 0.137519 0.115027 0.145244 0.521134 0.105585 0.128595 0.193574 0.043314 0.128839 0.073071 0.073260 0.161019 0.193586 0.101149 0.226677 0.054568 0.079576 0.175379 0.138282 0.204404 0.255949 0.151681 0.187709 0.113525 0.226612 0.109653 0.195342 -0.001220 0.080300 0.373559 0.153472 0.133887 0.116348 0.153032 0.114822 
0.115567 0.156852 1.000000 0.068806 0.165856 0.151551 0.141716 0.165834 0.107258 0.014349 0.099605 0.085531 0.109143 0.123304 0.090877 0.041529 0.102640 0.084408 0.106636 0.116383 0.059148 0.096439 0.116035 0.347951 0.020387 0.102069 0.119961 0.065913 0.157941 0.044260 0.154051 0.142041 0.064804 0.113462 0.035736 0.169283 0.068077 0.054038 0.077681 0.083039 0.041786 0.131358 0.140975 0.099686 0.108694 0.128532 0.148291 0.139118 0.076020 0.082611 0.068257 0.146154 0.138882 0.128667 0.085952 0.068139 0.131022 0.098844 0.183985 0.113274 0.068491 0.127060 0.100728 0.155538 0.059446 0.095773 
0.126494 0.142408 0.068806 1.000000 0.126687 0.115351 0.167316 0.216198 0.175531 0.302676 0.271931 0.153841 0.373018 0.221942 0.209978 0.067498 0.187091 0.071178 0.085664 0.067044 0.861196 0.074483 0.168332 0.100125 0.414002 0.126346 0.021117 0.040181 0.106932 0.132915 0.082738 0.139362 0.134615 0.208013 0.193383 0.093187 0.179981 0.081473 0.044586 0.135010 0.178088 0.097894 0.154171 0.137868 0.195044 0.232662 0.203659 0.118301 0.154326 0.133369 0.144270 0.138130 0.087002 0.144678 0.178202 0.192677 0.111782 0.089831 0.179484 0.140391 0.163016 0.131328 0.181689 0.213911 0.059832 0.200799 
0.086923 0.079020 0.165856 0.126687 1.000000 0.015487 0.781538 0.119377 0.316127 0.107860 0.036893 0.231450 0.052533 0.028095 0.096432 0.144888 0.435681 0.106618 0.068552 0.072620 0.080332 0.184894 0.246393 0.206649 0.100887 -0.014217 0.028913 -0.022035 0.155814 0.210618 0.035525 0.720573 0.125675 0.157033 0.063411 0.076470 0.063911 0.071099 -0.078140 0.097578 0.055147 0.156045 0.109214 0.111822 0.018290 0.156725 0.008736 0.157103 0.055356 0.124452 0.020528 0.166438 0.080840 0.103965 0.137909 0.095368 0.075361 0.061717 0.031922 0.084897 0.081645 0.019503 0.217864 0.174750 0.039858 0.241010 
-0.001683 0.057395 0.151551 0.115351 0.015487 1.000000 0.070766 0.021074 0.103376 0.085234 0.050207 0.142255 0.026476 0.495579 0.036152 -0.017839 0.084259 0.128320 -0.018353 0.059829 0.100742 0.006592 0.012917 0.096492 0.015222 0.687756 0.084971 0.176761 -0.015164 0.033424 0.010625 0.079852 0.072742 0.063515 0.084439 0.020240 -0.025940 0.052417 0.660846 0.108030 0.017856 0.052980 0.019424 0.018033 0.277614 0.037416 0.444052 0.069750 -0.019783 0.096773 0.113001 0.125430 -0.039743 -0.003911 0.099621 -0.014022 0.121474 -0.031244 0.618000 0.162386 0.087404 0.022297 0.077954 0.126517 0.109530 0.095264 
0.164731 0.075896 0.141716 0.167316 0.781538 0.070766 1.000000 0.109075 0.643396 0.123395 0.062084 0.206990 0.200242 0.055671 0.260650 0.131607 0.734398 0.127838 0.136806 0.090529 0.128269 0.182894 0.232077 0.205974 0.102268 0.068005 0.046482 0.065377 0.150794 0.274975 0.111847 0.596867 0.192458 0.242960 0.126982 0.078775 0.136660 0.128035 0.003554 0.211440 0.120210 0.275144 0.292478 0.114329 0.047245 0.246682 0.044221 0.280388 0.084413 0.207981 0.049961 0.172011 0.066368 0.165437 0.162751 0.175489 0.110324 0.204661 0.103517 0.126038 0.156464 0.103863 0.343909 0.224646 0.127733 0.362407 
0.379487 0.147230 0.165834 0.216198 0.119377 0.021074 0.109075 1.000000 0.149347 0.250908 0.412352 0.072295 0.343633 0.056133 0.338230 0.062862 0.137884 0.121341 0.137627 0.166194 0.256989 0.109532 0.079762 0.104707 0.411702 0.018159 0.093041 0.078888 0.180685 0.167889 0.383870 0.119641 0.150208 0.176558 0.152861 0.117322 0.150506 0.106705 -0.013599 0.109511 0.247449 0.084502 0.232564 0.150557 0.082553 0.251702 0.109310 0.066907 0.171669 0.064212 0.067311 0.080413 0.064478 0.242438 0.126631 0.150125 0.099633 0.228070 0.054193 0.099443 0.162374 0.161206 0.084185 0.184821 0.065684 0.115036 
0.329896 0.132490 0.107258 0.175531 0.316127 0.103376 0.643396 0.149347 1.000000 0.183883 0.134428 0.172948 0.460516 0.151694 0.597159 0.118292 0.647748 0.169380 0.197591 0.187292 0.200320 0.122127 0.173794 0.142862 0.135249 0.091357 0.110140 0.171517 0.145019 0.390302 0.219287 0.412154 0.302287 0.307477 0.215483 0.080538 0.236459 0.140434 0.077720 0.297676 0.156507 0.395104 0.382600 0.134813 0.105125 0.340648 0.144674 0.385100 0.107203 0.258767 0.116577 0.149952 0.127583 0.216149 0.095364 0.190651 0.093024 0.257028 0.146136 0.133521 0.193228 0.140275 0.377898 0.186115 0.206360 0.378741 
0.224052 0.115810 0.014349 0.302676 0.107860 0.085234 0.123395 0.250908 0.183883 1.000000 0.187904 0.126428 0.386921 0.129647 0.221033 0.229263 0.131595 0.143274 0.028424 0.160588 0.368747 0.278549 0.223224 0.143120 0.731696 0.127634 0.152076 0.082326 0.198268 0.226215 0.245497 0.146951 0.232826 0.327013 0.141135 0.083592 0.096978 0.138474 0.110506 0.356995 0.150198 0.298851 0.188426 0.072329 0.102055 0.309556 0.088690 0.194031 0.181263 0.366682 0.167308 0.131626 0.071737 0.110248 0.247970 0.150423 0.165795 0.149838 0.102437 0.151120 0.174328 0.081825 0.229391 0.262798 0.046903 0.293725 
0.185908 0.104831 0.099605 0.271931 0.036893 0.050207 0.062084 0.412352 0.134428 0.187904 1.000000 0.105522 0.386767 0.062720 0.232733 0.026519 0.112201 0.055267 0.083254 0.096294 0.473227 0.017608 0.030716 0.087200 0.339378 -0.005927 0.068087 0.080336 0.067321 0.066599 0.149112 0.041039 0.093218 0.155281 0.155070 0.070583 0.207218 0.107393 0.052865 0.175998 0.274402 0.168123 0.144007 0.448474 0.114067 0.344198 0.047421 0.137575 0.176572 0.118528 0.059914 0.093576 0.094889 0.389243 0.073827 0.100523 0.098575 0.156558 0.066994 0.103372 0.110521 0.159982 0.062971 0.032440 0.114080 0.053580 
0.098089 0.279363 0.085531 0.153841 0.231450 0.142255 0.206990 0.072295 0.172948 0.126428 0.105522 1.000000 0.111435 0.472817 0.124135 0.191796 0.116228 0.129185 0.238408 0.192173 0.109883 0.106447 0.178209 0.095619 0.095638 0.281144 0.148742 0.170576 0.157189 0.029302 0.153836 0.170928 0.072798 0.081654 0.223566 0.098496 0.116456 0.095981 0.080207 0.136751 0.047808 0.119311 0.037307 0.154885 0.079904 0.168059 0.122077 0.147829 0.126908 0.124904 0.240186 0.224189 0.170970 0.103284 0.081799 0.086689 0.105477 0.088789 0.113529 0.034421 0.207365 0.028064 0.131542 0.083503 0.142447 0.144214 
0.492254 0.190053 0.109143 0.373018 0.052533 0.026476 0.200242 0.343633 0.460516 0.386921 0.386767 0.111435 1.000000 0.159388 0.630317 0.143279 0.388411 0.162607 0.143082 0.154771 0.495828 0.182747 0.097779 0.165036 0.301489 0.016467 0.062929 0.191685 0.110909 0.352511 0.328367 0.117075 0.381259 0.462563 0.215478 0.192291 0.268316 0.133430 0.059504 0.308347 0.377912 0.371555 0.472391 0.187170 0.171791 0.473480 0.166300 0.311927 0.233020 0.254767 0.141723 0.079815 0.181300 0.331130 0.180584 0.157040 0.194500 0.392470 0.115234 0.123288 0.216830 0.255176 0.363244 0.280752 0.160248 0.388019 
0.087264 0.123820 0.123304 0.221942 0.028095 0.495579 0.055671 0.056133 0.151694 0.129647 0.062720 0.472817 0.159388 1.000000 0.193895 0.208463 0.078619 0.199168 0.102086 0.113013 0.153282 0.085956 0.110266 0.126410 0.126520 0.491072 0.065019 0.080392 0.122661 0.117102 0.121585 0.050633 0.148041 0.154803 0.176850 0.150416 0.077915 0.048811 0.424994 0.059332 0.108340 0.067692 0.088156 0.132650 0.321660 0.087312 0.678331 0.126696 0.143703 0.031773 0.298705 0.091598 0.069045 0.080842 0.073248 0.062464 0.137134 0.109599 0.578980 0.047598 0.146880 0.120071 0.129357 0.158402 0.126940 0.144609 
0.736026 0.148827 0.090877 0.209978 0.096432 0.036152 0.260650 0.338230 0.597159 0.221033 0.232733 0.124135 0.630317 0.193895 1.000000 0.187533 0.433598 0.170852 0.287007 0.219268 0.260736 0.152197 0.135114 0.119082 0.236309 0.003491 0.045868 0.192177 0.142350 0.629317 0.322184 0.196384 0.546778 0.432926 0.174847 0.109382 0.227360 0.088734 0.044731 0.230778 0.259578 0.297955 0.446993 0.154599 0.188051 0.405099 0.171440 0.356679 0.156384 0.210133 0.130915 0.155595 0.156583 0.235619 0.110766 0.174804 0.143770 0.290536 0.113922 0.048495 0.170941 0.150889 0.372698 0.266331 0.155662 0.372384 
0.158973 0.160591 0.041529 0.067498 0.144888 -0.017839 0.131607 0.062862 0.118292 0.229263 0.026519 0.191796 0.143279 0.208463 0.187533 1.000000 0.163165 0.213445 0.116631 0.187452 0.051468 0.327178 0.693579 0.236888 0.254180 0.028120 0.085264 0.114244 0.318736 0.190535 0.138988 0.161255 0.157201 0.207581 0.165612 0.113941 0.122814 0.098714 0.077342 0.143697 0.123825 0.123405 0.147158 0.208413 0.106541 0.175715 0.145990 0.164970 0.413055 0.209539 0.118059 0.134020 0.108927 0.157609 0.026200 0.380892 0.012151 0.094176 0.117420 -0.004247 0.164647 0.019467 0.210582 0.136819 0.105527 0.189391 
0.315812 0.155139 0.102640 0.187091 0.435681 0.084259 0.734398 0.137884 0.647748 0.131595 0.112201 0.116228 0.388411 0.078619 0.433598 0.163165 1.000000 0.134093 0.251681 0.102431 0.167710 0.196232 0.221606 0.210252 0.142817 0.066113 0.106948 0.209962 0.141973 0.383999 0.159486 0.421853 0.327957 0.298295 0.150140 0.091250 0.209557 0.142439 0.061733 0.291355 0.144966 0.312034 0.440919 0.167474 0.061712 0.330993 0.045773 0.347965 0.195990 0.282342 0.125029 0.169692 0.093752 0.222325 0.180341 0.246033 0.176737 0.324929 0.084367 0.158233 0.192769 0.195660 0.409221 0.265239 0.151951 0.423613 
0.165680 0.088339 0.084408 0.071178 0.106618 0.128320 0.127838 0.121341 0.169380 0.143274 0.055267 0.129185 0.162607 0.199168 0.170852 0.213445 0.134093 1.000000 0.158338 0.507318 0.070694 0.150717 0.097695 0.350684 0.067430 0.076383 0.048980 0.020295 0.099538 0.098275 0.140242 0.177749 0.126210 0.152618 0.343488 0.081648 0.103636 0.049833 0.034412 0.144622 0.151344 0.179560 0.185936 0.086235 0.121778 0.186679 0.203673 0.183741 0.078668 0.117823 0.115666 0.065012 0.082090 0.109917 0.131918 0.033284 0.086067 0.093982 0.162492 0.160708 0.315223 0.076120 0.211640 0.142675 0.091752 0.227411 
0.226715 0.211457 0.106636 0.085664 0.068552 -0.018353 0.136806 0.137627 0.197591 0.028424 0.083254 0.238408 0.143082 0.102086 0.287007 0.116631 0.251681 0.158338 1.000000 0.367909 0.035324 0.048166 0.109948 0.029692 0.088466 -0.052065 0.144579 0.254388 0.097174 0.235896 0.122024 0.168285 0.169482 0.198998 0.209155 0.087339 0.073255 0.117988 -0.034960 0.135834 0.144510 0.145243 0.148305 0.115542 0.026327 0.155285 0.008693 0.261253 0.122709 0.115876 0.086782 0.207402 0.160424 0.108924 0.045269 0.081320 0.002746 0.170036 -0.061096 0.030304 0.192361 0.120735 0.196683 0.134201 0.174103 0.148501 
0.327275 0.199375 0.116383 0.067044 0.072620 0.059829 0.090529 0.166194 0.187292 0.160588 0.096294 0.192173 0.154771 0.113013 0.219268 0.187452 0.102431 0.507318 0.367909 1.000000 0.079199 0.096827 0.129131 0.054728 0.124286 0.036728 0.104152 0.178661 0.131722 0.203061 0.148644 0.137057 0.156450 0.174071 0.308405 0.100341 0.094815 0.075270 -0.062711 0.114290 0.137642 0.119646 0.133025 0.101154 0.090360 0.260297 0.134998 0.138362 0.071721 0.107741 0.118329 0.152268 0.136340 0.154425 0.112768 0.055860 0.040046 0.054315 0.088715 0.139444 0.249816 0.069642 0.184183 0.102979 0.057967 0.191094 
0.183718 0.122169 0.059148 0.861196 0.080332 0.100742 0.128269 0.256989 0.200320 0.368747 0.473227 0.109883 0.495828 0.153282 0.260736 0.051468 0.167710 0.070694 0.035324 0.079199 1.000000 0.062544 0.121601 0.091601 0.470593 0.094274 0.044599 0.039223 0.073240 0.139564 0.136261 0.083556 0.152056 0.246966 0.205915 0.102600 0.154345 0.078428 0.045629 0.198185 0.285845 0.192138 0.168625 0.147778 0.192293 0.296338 0.161582 0.166303 0.138849 0.170323 0.138487 0.142529 0.102829 0.151164 0.149920 0.174799 0.089753 0.121388 0.153070 0.181353 0.177184 0.154184 0.168113 0.129026 0.066672 0.162542 
0.192772 0.121895 0.096439 0.074483 0.184894 0.006592 0.182894 0.109532 0.122127 0.278549 0.017608 0.106447 0.182747 0.085956 0.152197 0.327178 0.196232 0.150717 0.048166 0.096827 0.062544 1.000000 0.245092 0.570455 0.230128 0.043794 0.165693 0.095158 0.244191 0.234205 0.248732 0.168341 0.344409 0.192199 0.155261 0.037344 0.112613 0.001479 0.120602 0.039551 0.028121 0.082820 0.200030 0.115617 0.076283 0.130315 0.060489 0.149059 0.119263 0.072637 0.055995 0.099926 0.111187 0.095628 0.365762 0.135077 0.302746 0.143496 0.068183 0.094608 0.205381 0.167059 0.260425 0.212387 -0.024707 0.328357 
0.125924 0.228360 0.116035 0.168332 0.246393 0.012917 0.232077 0.079762 0.173794 0.223224 0.030716 0.178209 0.097779 0.110266 0.135114 0.693579 0.221606 0.097695 0.109948 0.129131 0.121601 0.245092 1.000000 0.184619 0.193312 0.015407 0.047729 0.085561 0.198893 0.178456 0.167728 0.215329 0.140407 0.184676 0.138663 -0.003357 0.138059 0.187385 0.040239 0.191667 0.060183 0.143333 0.149497 0.165294 0.113343 0.194717 0.129696 0.210256 0.408156 0.241678 0.054388 0.133823 0.065479 0.146285 0.083728 0.619126 0.004518 0.059026 0.092640 0.058998 0.119738 0.027441 0.264793 0.169238 0.134937 0.240497 
0.083994 0.064396 0.347951 0.100125 0.206649 0.096492 0.205974 0.104707 0.142862 0.143120 0.087200 0.095619 0.165036 0.126410 0.119082 0.236888 0.210252 0.350684 0.029692 0.054728 0.091601 0.570455 0.184619 1.000000 0.084394 0.069892 0.077875 0.032194 0.124781 0.091318 0.123394 0.159256 0.213343 0.169227 0.208824 0.046544 0.103446 0.014185 0.103727 0.106111 0.080864 0.145696 0.151194 0.174149 0.087388 0.132179 0.094561 0.158673 0.089501 0.113788 0.087726 0.067530 0.052432 0.146025 0.250806 0.077410 0.343059 0.050236 0.124015 0.115712 0.201268 0.061431 0.253977 0.206242 0.012362 0.305367 
0.222226 0.120382 0.020387 0.414002 0.100887 0.015222 0.102268 0.411702 0.135249 0.731696 0.339378 0.095638 0.301489 0.126520 0.236309 0.254180 0.142817 0.067430 0.088466 0.124286 0.470593 0.230128 0.193312 0.084394 1.000000 0.046498 0.181258 0.042787 0.425090 0.191444 0.177710 0.119447 0.184794 0.304854 0.131276 0.099710 0.059969 0.086956 0.013372 0.173651 0.259443 0.152776 0.160840 0.109037 0.160668 0.319693 0.131950 0.113103 0.211164 0.189361 0.124466 0.119489 0.050639 0.129390 0.198801 0.186699 0.119056 0.163259 0.093304 0.086310 0.118066 0.107726 0.121850 0.246822 0.024447 0.182832 
-0.028874 0.160551 0.102069 0.126346 -0.014217 0.687756 0.068005 0.018159 0.091357 0.127634 -0.005927 0.281144 0.016467 0.491072 0.003491 0.028120 0.066113 0.076383 -0.052065 0.036728 0.094274 0.043794 0.015407 0.069892 0.046498 1.000000 0.189282 0.255712 0.005187 -0.017432 0.053605 -0.000854 0.034775 0.050769 0.091661 0.103237 -0.004608 0.056137 0.584622 0.117897 0.021691 0.042492 -0.019546 0.010286 0.139782 0.067886 0.334222 0.022531 0.057481 0.126329 0.282748 0.114765 0.003416 -0.004742 0.102051 0.056480 0.120425 -0.054662 0.619534 0.035959 0.072979 -0.011794 0.093412 0.079501 0.062504 0.132405 
0.074893 0.295680 0.119961 0.021117 0.028913 0.084971 0.046482 0.093041 0.110140 0.152076 0.068087 0.148742 0.062929 0.065019 0.045868 0.085264 0.106948 0.048980 0.144579 0.104152 0.044599 0.165693 0.047729 0.077875 0.181258 0.189282 1.000000 0.397718 0.259217 0.064700 0.213344 0.072806 0.102202 0.005961 0.050378 0.193365 0.038966 0.049615 0.180159 0.079456 -0.025982 0.062913 0.062465 0.180079 0.021969 0.072224 -0.006507 0.026832 0.006981 0.082976 0.124252 0.155883 0.121695 0.068384 0.099131 0.045566 0.053986 0.052903 0.036925 0.052728 0.076596 0.110323 -0.024630 0.014560 0.030085 0.003186 
0.212123 0.709728 0.065913 0.040181 -0.022035 0.176761 0.065377 0.078888 0.171517 0.082326 0.080336 0.170576 0.191685 0.080392 0.192177 0.114244 0.209962 0.020295 0.254388 0.178661 0.039223 0.095158 0.085561 0.032194 0.042787 0.255712 0.397718 1.000000 0.126105 0.148188 0.129909 0.071169 0.144393 0.137359 0.339141 0.094959 0.086780 0.145642 0.199148 0.142390 0.056912 0.069864 0.134478 0.199359 -0.004154 0.143513 -0.041248 0.147601 0.088186 0.146067 0.189840 0.214577 0.125695 0.168355 0.100081 0.130222 0.097441 0.166415 0.026775 0.025024 0.343075 0.084542 0.154290 0.040552 0.157703 0.093794 
0.089794 0.176656 0.157941 0.106932 0.155814 -0.015164 0.150794 0.180685 0.145019 0.198268 0.067321 0.157189 0.110909 0.122661 0.142350 0.318736 0.141973 0.099538 0.097174 0.131722 0.073240 0.244191 0.198893 0.124781 0.425090 0.005187 0.259217 0.126105 1.000000 0.176319 0.072607 0.213751 0.167426 0.169153 0.143997 0.155347 0.129906 0.067995 0.114171 0.084356 0.105403 0.105864 0.143274 0.221449 0.040284 0.222890 0.080574 0.136376 0.198267 0.115675 0.061951 0.166521 0.097763 0.206071 0.159492 0.198590 0.133098 0.107778 0.098733 0.041751 0.130498 0.165098 0.157580 0.196606 0.078984 0.197269 
0.642467 0.114822 0.044260 0.132915 0.210618 0.033424 0.274975 0.167889 0.390302 0.226215 0.066599 0.029302 0.352511 0.117102 0.629317 0.190535 0.383999 0.098275 0.235896 0.203061 0.139564 0.234205 0.178456 0.091318 0.191444 -0.017432 0.064700 0.148188 0.176319 1.000000 0.350272 0.392846 0.868183 0.324674 0.122656 0.036541 0.200269 0.044586 0.057936 0.155796 0.169951 0.250402 0.343895 0.112151 0.173558 0.238249 0.151451 0.280431 0.151184 0.172741 0.128546 0.126092 0.155667 0.186015 0.210610 0.186960 0.176856 0.229600 0.101514 0.095666 0.135491 0.180020 0.353195 0.236046 0.082372 0.392707 
0.629497 0.126934 0.154051 0.082738 0.035525 0.010625 0.111847 0.383870 0.219287 0.245497 0.149112 0.153836 0.328367 0.121585 0.322184 0.138988 0.159486 0.140242 0.122024 0.148644 0.136261 0.248732 0.167728 0.123394 0.177710 0.053605 0.213344 0.129909 0.072607 0.350272 1.000000 0.091720 0.397074 0.201982 0.108181 0.088815 0.164425 0.159100 0.095541 0.136625 0.113729 0.143146 0.327406 0.037353 0.130509 0.156416 0.133899 0.159870 0.173555 0.122613 0.107989 0.103205 0.121208 0.107847 0.207720 0.221813 0.179313 0.272387 0.068680 0.094789 0.157395 0.195958 0.215597 0.193530 0.164445 0.241962 
0.158041 0.137519 0.142041 0.139362 0.720573 0.079852 0.596867 0.119641 0.412154 0.146951 0.041039 0.170928 0.117075 0.050633 0.196384 0.161255 0.421853 0.177749 0.168285 0.137057 0.083556 0.168341 0.215329 0.159256 0.119447 -0.000854 0.072806 0.071169 0.213751 0.392846 0.091720 1.000000 0.210311 0.207333 0.132963 0.063320 0.091339 0.067244 -0.025840 0.127877 0.094129 0.191381 0.138256 0.104000 0.094701 0.181376 0.083702 0.250883 0.126527 0.161833 0.044519 0.183192 0.153322 0.137876 0.120375 0.102360 0.062450 0.091593 0.050217 0.115293 0.166444 0.087586 0.299469 0.200395 0.149490 0.301058 
0.585544 0.115027 0.064804 0.134615 0.125675 0.072742 0.192458 0.150208 0.302287 0.232826 0.093218 0.072798 0.381259 0.148041 0.546778 0.157201 0.327957 0.126210 0.169482 0.156450 0.152056 0.344409 0.140407 0.213343 0.184794 0.034775 0.102202 0.144393 0.167426 0.868183 0.397074 0.210311 1.000000 0.299442 0.115842 0.012292 0.228976 0.040163 0.105300 0.159280 0.160765 0.245372 0.382510 0.136026 0.155289 0.240062 0.149421 0.242568 0.151085 0.184936 0.157703 0.074442 0.134911 0.195215 0.275560 0.182575 0.273787 0.249496 0.110221 0.135826 0.127835 0.189873 0.333650 0.214289 0.051945 0.423913 
0.352509 0.145244 0.113462 0.208013 0.157033 0.063515 0.242960 0.176558 0.307477 0.327013 0.155281 0.081654 0.462563 0.154803 0.432926 0.207581 0.298295 0.152618 0.198998 0.174071 0.246966 0.192199 0.184676 0.169227 0.304854 0.050769 0.005961 0.137359 0.169153 0.324674 0.201982 0.207333 0.299442 1.000000 0.154876 0.121700 0.185824 0.201378 0.085681 0.320805 0.436002 0.440436 0.200738 0.145148 0.192648 0.316830 0.162722 0.407585 0.230985 0.383280 0.200399 0.136882 0.249438 0.223147 0.044040 0.164497 0.065499 0.230686 0.133424 -0.004842 0.165999 0.123115 0.549587 0.523003 0.195453 0.508706 
0.141601 0.521134 0.035736 0.193383 0.063411 0.084439 0.126982 0.152861 0.215483 0.141135 0.155070 0.223566 0.215478 0.176850 0.174847 0.165612 0.150140 0.343488 0.209155 0.308405 0.205915 0.155261 0.138663 0.208824 0.131276 0.091661 0.050378 0.339141 0.143997 0.122656 0.108181 0.132963 0.115842 0.154876 1.000000 0.221591 0.157427 0.139388 0.045707 0.218274 0.141113 0.204614 0.134202 0.133550 0.072793 0.267607 0.125424 0.223441 0.155655 0.222360 0.145303 0.222033 0.139613 0.127943 0.139270 0.152268 0.089600 0.143015 0.081453 0.295071 0.779665 0.209488 0.202959 0.092342 0.179703 0.168347 
0.122090 0.105585 0.169283 0.093187 0.076470 0.020240 0.078775 0.117322 0.080538 0.083592 0.070583 0.098496 0.192291 0.150416 0.109382 0.113941 0.091250 0.081648 0.087339 0.100341 0.102600 0.037344 -0.003357 0.046544 0.099710 0.103237 0.193365 0.094959 0.155347 0.036541 0.088815 0.063320 0.012292 0.121700 0.221591 1.000000 0.098601 0.055811 0.120273 0.063253 0.062980 0.044290 0.112316 0.096994 0.118623 0.168977 0.088562 0.037946 0.159442 0.066511 0.186681 0.079465 0.157822 0.133113 0.071114 0.138892 0.228477 0.097102 0.102012 0.006631 0.107960 0.235868 0.063249 0.141076 0.090746 0.038876 
0.194240 0.128595 0.068077 0.179981 0.063911 -0.025940 0.136660 0.150506 0.236459 0.096978 0.207218 0.116456 0.268316 0.077915 0.227360 0.122814 0.209557 0.103636 0.073255 0.094815 0.154345 0.112613 0.138059 0.103446 0.059969 -0.004608 0.038966 0.086780 0.129906 0.200269 0.164425 0.091339 0.228976 0.185824 0.157427 0.098601 1.000000 0.131256 0.040875 0.212655 0.153371 0.265213 0.341126 0.390114 0.019290 0.395882 0.010091 0.223664 0.061845 0.175623 0.146416 0.047537 0.118611 0.728316 0.076753 0.110986 0.126311 0.343265 0.009431 0.107452 0.145224 0.079974 0.202021 0.114426 0.112944 0.184487 
0.089291 0.193574 0.054038 0.081473 0.071099 0.052417 0.128035 0.106705 0.140434 0.138474 0.107393 0.095981 0.133430 0.048811 0.088734 0.098714 0.142439 0.049833 0.117988 0.075270 0.078428 0.001479 0.187385 0.014185 0.086956 0.056137 0.049615 0.145642 0.067995 0.044586 0.159100 0.067244 0.040163 0.201378 0.139388 0.055811 0.131256 1.000000 0.084838 0.591362 0.111164 0.339742 0.129159 0.084089 0.075216 0.136667 0.014185 0.370268 0.222355 0.494780 0.109032 0.206268 0.119447 0.093496 0.057441 0.273652 0.131055 0.142467 0.050192 0.087352 0.119527 0.090230 0.260251 0.119077 0.742340 0.136909 
0.000485 0.043314 0.077681 0.044586 -0.078140 0.660846 0.003554 -0.013599 0.077720 0.110506 0.052865 0.080207 0.059504 0.424994 0.044731 0.077342 0.061733 0.034412 -0.034960 -0.062711 0.045629 0.120602 0.040239 0.103727 0.013372 0.584622 0.180159 0.199148 0.114171 0.057936 0.095541 -0.025840 0.105300 0.085681 0.045707 0.120273 0.040875 0.084838 1.000000 0.092813 0.078459 0.048073 0.050021 0.089465 0.172174 0.042281 0.346401 0.078287 0.080151 0.091903 0.188608 0.061282 -0.041935 0.071926 0.122016 0.080145 0.242132 0.047027 0.595265 0.113163 0.033070 0.045931 0.122224 0.126362 0.105293 0.130366 
0.160341 0.128839 0.083039 0.135010 0.097578 0.108030 0.211440 0.109511 0.297676 0.356995 0.175998 0.136751 0.308347 0.059332 0.230778 0.143697 0.291355 0.144622 0.135834 0.114290 0.198185 0.039551 0.191667 0.106111 0.173651 0.117897 0.079456 0.142390 0.084356 0.155796 0.136625 0.127877 0.159280 0.320805 0.218274 0.063253 0.212655 0.591362 0.092813 1.000000 0.180885 0.799350 0.145103 0.115781 0.063437 0.374086 0.022823 0.557077 0.196304 0.878968 0.158735 0.319543 0.127742 0.150436 0.075581 0.186004 0.137498 0.116069 0.068291 0.184213 0.259985 0.064346 0.367131 0.100591 0.436319 0.246798 
0.204784 0.073071 0.041786 0.178088 0.055147 0.017856 0.120210 0.247449 0.156507 0.150198 0.274402 0.047808 0.377912 0.108340 0.259578 0.123825 0.144966 0.151344 0.144510 0.137642 0.285845 0.028121 0.060183 0.080864 0.259443 0.021691 -0.025982 0.056912 0.105403 0.169951 0.113729 0.094129 0.160765 0.436002 0.141113 0.062980 0.153371 0.111164 0.078459 0.180885 1.000000 0.228227 0.178883 0.170807 0.119204 0.236318 0.156911 0.264736 0.223135 0.187913 0.062293 0.051386 0.101152 0.232478 0.035480 0.140920 0.078646 0.286573 0.116494 0.081491 0.137281 0.113697 0.229307 0.158514 0.135649 0.184819 
0.201448 0.073260 0.131358 0.097894 0.156045 0.052980 0.275144 0.084502 0.395104 0.298851 0.168123 0.119311 0.371555 0.067692 0.297955 0.123405 0.312034 0.179560 0.145243 0.119646 0.192138 0.082820 0.143333 0.145696 0.152776 0.042492 0.062913 0.069864 0.105864 0.250402 0.143146 0.191381 0.245372 0.440436 0.204614 0.044290 0.265213 0.339742 0.048073 0.799350 0.228227 1.000000 0.198274 0.149064 0.075879 0.394093 0.056848 0.644125 0.151937 0.678173 0.134130 0.255465 0.191633 0.213897 0.036054 0.105915 0.094360 0.185951 0.048557 0.167731 0.267873 0.075178 0.417925 0.141048 0.288983 0.334212 
0.411272 0.161019 0.140975 0.154171 0.109214 0.019424 0.292478 0.232564 0.382600 0.188426 0.144007 0.037307 0.472391 0.088156 0.446993 0.147158 0.440919 0.185936 0.148305 0.133025 0.168625 0.200030 0.149497 0.151194 0.160840 -0.019546 0.062465 0.134478 0.143274 0.343895 0.327406 0.138256 0.382510 0.200738 0.134202 0.112316 0.341126 0.129159 0.050021 0.145103 0.178883 0.198274 1.000000 0.138725 0.066889 0.335779 0.076839 0.211620 0.188561 0.103898 0.092475 0.061487 0.045167 0.333751 0.151217 0.218723 0.141272 0.771003 0.038161 0.136606 0.175356 0.336647 0.285658 0.303607 0.126282 0.355184 
0.110496 0.193586 0.099686 0.137868 0.111822 0.018033 0.114329 0.150557 0.134813 0.072329 0.448474 0.154885 0.187170 0.132650 0.154599 0.208413 0.167474 0.086235 0.115542 0.101154 0.147778 0.115617 0.165294 0.174149 0.109037 0.010286 0.180079 0.199359 0.221449 0.112151 0.037353 0.104000 0.136026 0.145148 0.133550 0.096994 0.390114 0.084089 0.089465 0.115781 0.170807 0.149064 0.138725 1.000000 0.101743 0.370392 0.085213 0.154642 0.157913 0.121215 0.103300 0.130858 0.136211 0.688263 0.088126 0.118906 0.074477 0.135447 0.066090 -0.002455 0.092535 0.097050 0.126486 0.049064 0.088194 0.115219 
0.163567 0.101149 0.108694 0.195044 0.018290 0.277614 0.047245 0.082553 0.105125 0.102055 0.114067 0.079904 0.171791 0.321660 0.188051 0.106541 0.061712 0.121778 0.026327 0.090360 0.192293 0.076283 0.113343 0.087388 0.160668 0.139782 0.021969 -0.004154 0.040284 0.173558 0.130509 0.094701 0.155289 0.192648 0.072793 0.118623 0.019290 0.075216 0.172174 0.063437 0.119204 0.075879 0.066889 0.101743 1.000000 0.075227 0.733775 0.070652 0.077926 0.072911 0.048528 0.186874 0.156922 0.046322 0.066354 0.005988 0.049971 0.062032 0.587603 0.136622 0.084114 0.140371 0.097243 0.142125 0.236954 0.123890 
0.310254 0.226677 0.128532 0.232662 0.156725 0.037416 0.246682 0.251702 0.340648 0.309556 0.344198 0.168059 0.473480 0.087312 0.405099 0.175715 0.330993 0.186679 0.155285 0.260297 0.296338 0.130315 0.194717 0.132179 0.319693 0.067886 0.072224 0.143513 0.222890 0.238249 0.156416 0.181376 0.240062 0.316830 0.267607 0.168977 0.395882 0.136667 0.042281 0.374086 0.236318 0.394093 0.335779 0.370392 0.075227 1.000000 0.065698 0.298485 0.142969 0.360371 0.156139 0.200469 0.192225 0.611601 0.130104 0.181012 0.122656 0.149475 0.065419 0.064093 0.220270 0.067831 0.271421 0.150169 0.105627 0.287232 
0.119862 0.054568 0.148291 0.203659 0.008736 0.444052 0.044221 0.109310 0.144674 0.088690 0.047421 0.122077 0.166300 0.678331 0.171440 0.145990 0.045773 0.203673 0.008693 0.134998 0.161582 0.060489 0.129696 0.094561 0.131950 0.334222 -0.006507 -0.041248 0.080574 0.151451 0.133899 0.083702 0.149421 0.162722 0.125424 0.088562 0.010091 0.014185 0.346401 0.022823 0.156911 0.056848 0.076839 0.085213 0.733775 0.065698 1.000000 0.093742 0.117297 0.021095 0.104890 0.072797 0.038612 0.040769 0.072379 0.069966 0.049660 0.085304 0.733194 0.116308 0.101089 0.128742 0.108093 0.108303 0.125714 0.130406 
0.244103 0.079576 0.139118 0.118301 0.157103 0.069750 0.280388 0.066907 0.385100 0.194031 0.137575 0.147829 0.311927 0.126696 0.356679 0.164970 0.347965 0.183741 0.261253 0.138362 0.166303 0.149059 0.210256 0.158673 0.113103 0.022531 0.026832 0.147601 0.136376 0.280431 0.159870 0.250883 0.242568 0.407585 0.223441 0.037946 0.223664 0.370268 0.078287 0.557077 0.264736 0.644125 0.211620 0.154642 0.070652 0.298485 0.093742 1.000000 0.178784 0.489917 0.091867 0.367284 0.158182 0.162931 0.048136 0.156843 0.061466 0.200669 0.091048 0.186213 0.291522 0.143881 0.673968 0.201937 0.452400 0.442000 
0.154262 0.175379 0.076020 0.154326 0.055356 -0.019783 0.084413 0.171669 0.107203 0.181263 0.176572 0.126908 0.233020 0.143703 0.156384 0.413055 0.195990 0.078668 0.122709 0.071721 0.138849 0.119263 0.408156 0.089501 0.211164 0.057481 0.006981 0.088186 0.198267 0.151184 0.173555 0.126527 0.151085 0.230985 0.155655 0.159442 0.061845 0.222355 0.080151 0.196304 0.223135 0.151937 0.188561 0.157913 0.077926 0.142969 0.117297 0.178784 1.000000 0.232131 0.157717 0.114946 0.107119 0.126222 0.107584 0.715381 0.251965 0.207872 0.091760 0.086909 0.228997 0.283826 0.251163 0.240397 0.191101 0.213773 
0.167089 0.138282 0.082611 0.133369 0.124452 0.096773 0.207981 0.064212 0.258767 0.366682 0.118528 0.124904 0.254767 0.031773 0.210133 0.209539 0.282342 0.117823 0.115876 0.107741 0.170323 0.072637 0.241678 0.113788 0.189361 0.126329 0.082976 0.146067 0.115675 0.172741 0.122613 0.161833 0.184936 0.383280 0.222360 0.066511 0.175623 0.494780 0.091903 0.878968 0.187913 0.678173 0.103898 0.121215 0.072911 0.360371 0.021095 0.489917 0.232131 1.000000 0.176346 0.362997 0.157223 0.127634 0.106761 0.237794 0.142869 0.073924 0.078721 0.224001 0.273053 0.052952 0.356705 0.106778 0.349173 0.265542 
0.120568 0.204404 0.068257 0.144270 0.020528 0.113001 0.049961 0.067311 0.116577 0.167308 0.059914 0.240186 0.141723 0.298705 0.130915 0.118059 0.125029 0.115666 0.086782 0.118329 0.138487 0.055995 0.054388 0.087726 0.124466 0.282748 0.124252 0.189840 0.061951 0.128546 0.107989 0.044519 0.157703 0.200399 0.145303 0.186681 0.146416 0.109032 0.188608 0.158735 0.062293 0.134130 0.092475 0.103300 0.048528 0.156139 0.104890 0.091867 0.157717 0.176346 1.000000 0.151984 0.396723 0.108831 0.122153 0.070766 0.281032 0.128403 0.122167 0.034295 0.117318 0.082061 0.168048 0.209435 0.125405 0.201394 
0.174947 0.255949 0.146154 0.138130 0.166438 0.125430 0.172011 0.080413 0.149952 0.131626 0.093576 0.224189 0.079815 0.091598 0.155595 0.134020 0.169692 0.065012 0.207402 0.152268 0.142529 0.099926 0.133823 0.067530 0.119489 0.114765 0.155883 0.214577 0.166521 0.126092 0.103205 0.183192 0.074442 0.136882 0.222033 0.079465 0.047537 0.206268 0.061282 0.319543 0.051386 0.255465 0.061487 0.130858 0.186874 0.200469 0.072797 0.367284 0.114946 0.362997 0.151984 1.000000 0.367796 0.047926 0.118705 0.108979 0.082087 0.050261 0.113018 0.156799 0.291032 0.107728 0.255353 0.075488 0.166950 0.134007 
0.175883 0.151681 0.138882 0.087002 0.080840 -0.039743 0.066368 0.064478 0.127583 0.071737 0.094889 0.170970 0.181300 0.069045 0.156583 0.108927 0.093752 0.082090 0.160424 0.136340 0.102829 0.111187 0.065479 0.052432 0.050639 0.003416 0.121695 0.125695 0.097763 0.155667 0.121208 0.153322 0.134911 0.249438 0.139613 0.157822 0.118611 0.119447 -0.041935 0.127742 0.101152 0.191633 0.045167 0.136211 0.156922 0.192225 0.038612 0.158182 0.107119 0.157223 0.396723 0.367796 1.000000 0.120418 0.044833 0.035803 0.054909 0.078575 0.015265 0.051322 0.230776 0.084556 0.142123 0.128225 0.112373 0.134576 
0.204564 0.187709 0.128667 0.144678 0.103965 -0.003911 0.165437 0.242438 0.216149 0.110248 0.389243 0.103284 0.331130 0.080842 0.235619 0.157609 0.222325 0.109917 0.108924 0.154425 0.151164 0.095628 0.146285 0.146025 0.129390 -0.004742 0.068384 0.168355 0.206071 0.186015 0.107847 0.137876 0.195215 0.223147 0.127943 0.133113 0.728316 0.093496 0.071926 0.150436 0.232478 0.213897 0.333751 0.688263 0.046322 0.611601 0.040769 0.162931 0.126222 0.127634 0.108831 0.047926 0.120418 1.000000 0.104242 0.137814 0.124238 0.279321 0.053354 0.026419 0.110622 0.055757 0.152360 0.124455 0.093747 0.159720 
0.223916 0.113525 0.085952 0.178202 0.137909 0.099621 0.162751 0.126631 0.095364 0.247970 0.073827 0.081799 0.180584 0.073248 0.110766 0.026200 0.180341 0.131918 0.045269 0.112768 0.149920 0.365762 0.083728 0.250806 0.198801 0.102051 0.099131 0.100081 0.159492 0.210610 0.207720 0.120375 0.275560 0.044040 0.139270 0.071114 0.076753 0.057441 0.122016 0.075581 0.035480 0.036054 0.151217 0.088126 0.066354 0.130104 0.072379 0.048136 0.107584 0.106761 0.122153 0.118705 0.044833 0.104242 1.000000 0.154592 0.634979 0.131032 0.104406 0.286397 0.169279 0.269543 0.197908 0.230177 0.003821 0.390235 
0.186218 0.226612 0.068139 0.192677 0.095368 -0.014022 0.175489 0.150125 0.190651 0.150423 0.100523 0.086689 0.157040 0.062464 0.174804 0.380892 0.246033 0.033284 0.081320 0.055860 0.174799 0.135077 0.619126 0.077410 0.186699 0.056480 0.045566 0.130222 0.198590 0.186960 0.221813 0.102360 0.182575 0.164497 0.152268 0.138892 0.110986 0.273652 0.080145 0.186004 0.140920 0.105915 0.218723 0.118906 0.005988 0.181012 0.069966 0.156843 0.715381 0.237794 0.070766 0.108979 0.035803 0.137814 0.154592 1.000000 0.238345 0.124248 0.058280 0.085760 0.109609 0.115123 0.243243 0.155170 0.192319 0.195339 
0.181698 0.109653 0.131022 0.111782 0.075361 0.121474 0.110324 0.099633 0.093024 0.165795 0.098575 0.105477 0.194500 0.137134 0.143770 0.012151 0.176737 0.086067 0.002746 0.040046 0.089753 0.302746 0.004518 0.343059 0.119056 0.120425 0.053986 0.097441 0.133098 0.176856 0.179313 0.062450 0.273787 0.065499 0.089600 0.228477 0.126311 0.131055 0.242132 0.137498 0.078646 0.094360 0.141272 0.074477 0.049971 0.122656 0.049660 0.061466 0.251965 0.142869 0.281032 0.082087 0.054909 0.124238 0.634979 0.238345 1.000000 0.128849 0.127620 0.250824 0.107344 0.150570 0.194483 0.135244 0.065728 0.320165 
0.291223 0.195342 0.098844 0.089831 0.061717 -0.031244 0.204661 0.228070 0.257028 0.149838 0.156558 0.088789 0.392470 0.109599 0.290536 0.094176 0.324929 0.093982 0.170036 0.054315 0.121388 0.143496 0.059026 0.050236 0.163259 -0.054662 0.052903 0.166415 0.107778 0.229600 0.272387 0.091593 0.249496 0.230686 0.143015 0.097102 0.343265 0.142467 0.047027 0.116069 0.286573 0.185951 0.771003 0.135447 0.062032 0.149475 0.085304 0.200669 0.207872 0.073924 0.128403 0.050261 0.078575 0.279321 0.131032 0.124248 0.128849 1.000000 0.018572 0.120792 0.187841 0.464943 0.259214 0.266915 0.138409 0.290979 
0.044282 -0.001220 0.183985 0.179484 0.031922 0.618000 0.103517 0.054193 0.146136 0.102437 0.066994 0.113529 0.115234 0.578980 0.113922 0.117420 0.084367 0.162492 -0.061096 0.088715 0.153070 0.068183 0.092640 0.124015 0.093304 0.619534 0.036925 0.026775 0.098733 0.101514 0.068680 0.050217 0.110221 0.133424 0.081453 0.102012 0.009431 0.050192 0.595265 0.068291 0.116494 0.048557 0.038161 0.066090 0.587603 0.065419 0.733194 0.091048 0.091760 0.078721 0.122167 0.113018 0.015265 0.053354 0.104406 0.058280 0.127620 0.018572 1.000000 0.105516 0.063763 0.100878 0.169373 0.131439 0.118388 0.191618 
0.109303 0.080300 0.113274 0.140391 0.084897 0.162386 0.126038 0.099443 0.133521 0.151120 0.103372 0.034421 0.123288 0.047598 0.048495 -0.004247 0.158233 0.160708 0.030304 0.139444 0.181353 0.094608 0.058998 0.115712 0.086310 0.035959 0.052728 0.025024 0.041751 0.095666 0.094789 0.115293 0.135826 -0.004842 0.295071 0.006631 0.107452 0.087352 0.113163 0.184213 0.081491 0.167731 0.136606 -0.002455 0.136622 0.064093 0.116308 0.186213 0.086909 0.224001 0.034295 0.156799 0.051322 0.026419 0.286397 0.085760 0.250824 0.120792 0.105516 1.000000 0.355132 0.166076 0.108273 0.104838 0.068180 0.134416 
0.169343 0.373559 0.068491 0.163016 0.081645 0.087404 0.156464 0.162374 0.193228 0.174328 0.110521 0.207365 0.216830 0.146880 0.170941 0.164647 0.192769 0.315223 0.192361 0.249816 0.177184 0.205381 0.119738 0.201268 0.118066 0.072979 0.076596 0.343075 0.130498 0.135491 0.157395 0.166444 0.127835 0.165999 0.779665 0.107960 0.145224 0.119527 0.033070 0.259985 0.137281 0.267873 0.175356 0.092535 0.084114 0.220270 0.101089 0.291522 0.228997 0.273053 0.117318 0.291032 0.230776 0.110622 0.169279 0.109609 0.107344 0.187841 0.063763 0.355132 1.000000 0.249086 0.235742 0.105676 0.170502 0.201452 
0.183053 0.153472 0.127060 0.131328 0.019503 0.022297 0.103863 0.161206 0.140275 0.081825 0.159982 0.028064 0.255176 0.120071 0.150889 0.019467 0.195660 0.076120 0.120735 0.069642 0.154184 0.167059 0.027441 0.061431 0.107726 -0.011794 0.110323 0.084542 0.165098 0.180020 0.195958 0.087586 0.189873 0.123115 0.209488 0.235868 0.079974 0.090230 0.045931 0.064346 0.113697 0.075178 0.336647 0.097050 0.140371 0.067831 0.128742 0.143881 0.283826 0.052952 0.082061 0.107728 0.084556 0.055757 0.269543 0.115123 0.150570 0.464943 0.100878 0.166076 0.249086 1.000000 0.170360 0.185433 0.086572 0.203238 
0.308384 0.133887 0.100728 0.181689 0.217864 0.077954 0.343909 0.084185 0.377898 0.229391 0.062971 0.131542 0.363244 0.129357 0.372698 0.210582 0.409221 0.211640 0.196683 0.184183 0.168113 0.260425 0.264793 0.253977 0.121850 0.093412 -0.024630 0.154290 0.157580 0.353195 0.215597 0.299469 0.333650 0.549587 0.202959 0.063249 0.202021 0.260251 0.122224 0.367131 0.229307 0.417925 0.285658 0.126486 0.097243 0.271421 0.108093 0.673968 0.251163 0.356705 0.168048 0.255353 0.142123 0.152360 0.197908 0.243243 0.194483 0.259214 0.169373 0.108273 0.235742 0.170360 1.000000 0.433948 0.331359 0.872124 
0.255862 0.116348 0.155538 0.213911 0.174750 0.126517 0.224646 0.184821 0.186115 0.262798 0.032440 0.083503 0.280752 0.158402 0.266331 0.136819 0.265239 0.142675 0.134201 0.102979 0.129026 0.212387 0.169238 0.206242 0.246822 0.079501 0.014560 0.040552 0.196606 0.236046 0.193530 0.200395 0.214289 0.523003 0.092342 0.141076 0.114426 0.119077 0.126362 0.100591 0.158514 0.141048 0.303607 0.049064 0.142125 0.150169 0.108303 0.201937 0.240397 0.106778 0.209435 0.075488 0.128225 0.124455 0.230177 0.155170 0.135244 0.266915 0.131439 0.104838 0.105676 0.185433 0.433948 1.000000 0.105317 0.515141 
0.109391 0.153032 0.059446 0.059832 0.039858 0.109530 0.127733 0.065684 0.206360 0.046903 0.114080 0.142447 0.160248 0.126940 0.155662 0.105527 0.151951 0.091752 0.174103 0.057967 0.066672 -0.024707 0.134937 0.012362 0.024447 0.062504 0.030085 0.157703 0.078984 0.082372 0.164445 0.149490 0.051945 0.195453 0.179703 0.090746 0.112944 0.742340 0.105293 0.436319 0.135649 0.288983 0.126282 0.088194 0.236954 0.105627 0.125714 0.452400 0.191101 0.349173 0.125405 0.166950 0.112373 0.093747 0.003821 0.192319 0.065728 0.138409 0.118388 0.068180 0.170502 0.086572 0.331359 0.105317 1.000000 0.149575 
0.327127 0.114822 0.095773 0.200799 0.241010 0.095264 0.362407 0.115036 0.378741 0.293725 0.053580 0.144214 0.388019 0.144609 0.372384 0.189391 0.423613 0.227411 0.148501 0.191094 0.162542 0.328357 0.240497 0.305367 0.182832 0.132405 0.003186 0.093794 0.197269 0.392707 0.241962 0.301058 0.423913 0.508706 0.168347 0.038876 0.184487 0.136909 0.130366 0.246798 0.184819 0.334212 0.355184 0.115219 0.123890 0.287232 0.130406 0.442000 0.213773 0.265542 0.201394 0.134007 0.134576 0.159720 0.390235 0.195339 0.320165 0.290979 0.191618 0.134416 0.201452 0.203238 0.872124 0.515141 0.149575 1.000000 
