0.000000000000000000e+00 1.284715458908595731e-01 2.834961319263701318e-02 1.710194921269748980e-01 1.517426148839265965e-01 6.927388700886082107e-02 2.356199416272934388e-01 5.062485586817885297e-01 3.893477817393800611e-01 2.269508077125953482e-01 2.536420859198153521e-01 9.894855819298291333e-02 5.297162456741014713e-01 7.772261005399261347e-02 7.154883533994849110e-01 2.273643287525872192e-01 3.410528861647051935e-01 2.315227054425738340e-01 2.154691735128448637e-01 3.888548379859983473e-01 2.416181789390359491e-01 1.460349773846356669e-01 1.568901481478137405e-01 3.344291632465488245e-02 2.061449362400941954e-01 1.268160057707334171e-02 8.693906060130864033e-02 2.453706685282895650e-01 2.709965784963043814e-02 6.206119073515932172e-01 6.405826820570282853e-01 2.186537724085814982e-01 5.446994467751599123e-01 3.679917777445256832e-01 1.759355902038387542e-01 9.085944372857696072e-02 1.862264169525334467e-01 1.409181171649040963e-02 2.264680497597176129e-02 2.021508130643371037e-01 3.104551769423801733e-01 2.492010926113298053e-01 4.447539117233506034e-01 1.480035824233836006e-01 1.237883424660753268e-01 3.613601553030375002e-01 9.238970749966986251e-02 2.442010514685696021e-01 2.279892116818187375e-01 2.298297440023037430e-01 6.482022544932083963e-02 9.392479370775971836e-02 1.656741569220910870e-01 2.397495670389420130e-01 2.334332983520092664e-01 2.390771925153118427e-01 2.439095186391892212e-01 3.484189106124536695e-01 8.006515446000239677e-02 1.027307346364581681e-01 1.782624094078226196e-01 2.451847366021139563e-01 2.914965589619618047e-01 3.250947005939246459e-01 4.049428956137228475e-02 3.585441114033524612e-01 
1.284715458908595731e-01 0.000000000000000000e+00 2.863988034742700473e-01 1.971883423862358653e-01 2.025486101334057487e-01 2.591108829447540396e-01 7.670882855894552155e-02 1.113716517681698388e-02 6.593929362050487963e-02 9.477284440539339438e-02 2.846243272139116487e-02 2.598027959619939598e-01 1.187648726638058511e-01 1.496962959621101763e-01 1.423458626731796683e-01 1.353141819023594705e-01 1.126803924597456485e-01 1.606501461666599850e-01 2.465862700693714771e-01 2.645453152706381261e-01 9.494665400792205723e-02 6.074446199417942588e-02 2.391517416050068234e-01 4.827478110695489211e-02 1.815347081745818103e-01 3.101286945266817363e-01 4.107593988443768440e-01 7.892095515525177074e-01 2.211914841881517380e-01 2.377819861640497259e-02 4.928163596554962361e-02 1.313004198492397356e-01 3.946290954660865158e-02 3.258249302276671616e-02 6.520488019946442115e-01 2.277798661741732913e-02 2.025544755921000195e-01 1.984529050565650987e-01 1.958985730762002053e-01 1.240004305432695075e-01 5.907384245568280540e-02 9.170600258639000080e-02 1.709146223602221737e-01 8.797855297542131817e-03 2.560473175652892563e-01 3.686717633063187061e-02 1.788197106462429131e-01 8.443645705845735649e-02 8.840573202241090722e-02 6.396917868605128676e-02 2.701446604943936736e-01 2.108848628063601793e-01 1.933969251533080025e-01 5.584844199285230598e-02 1.473435837625077308e-02 1.742550936085081048e-01 1.143526661156015478e-01 2.667923796288684257e-01 5.165392227980628720e-02 1.615697112313456418e-01 4.960168342708394240e-01 1.322711153675904527e-01 1.123509848536985156e-01 1.282593962953997198e-02 1.825203610692559264e-01 1.021495678399218232e-01 
2.834961319263701318e-02 2.863988034742700473e-01 0.000000000000000000e+00 7.505374720997447235e-02 3.072331955510103074e-01 1.982344213812226030e-01 2.403490883171041925e-01 1.200141848048582455e-01 1.585289356882098877e-01 4.822168210931439269e-02 4.049669489999611904e-02 1.326321436084190730e-01 3.205406878283182520e-02 1.445904157130807055e-01 5.331344482597846074e-02 1.171937165860361812e-01 4.456516546297063092e-02 2.268337700277183455e-01 6.132722580567104287e-02 3.296749385414483868e-02 5.422576417191562331e-02 1.122077120636803677e-01 2.452604667255658399e-01 4.998200990001880895e-01 6.010906176498804349e-02 9.305263411610421864e-02 1.647141727354253238e-01 1.044050874267668516e-01 1.768042093453459640e-01 9.821369051569914244e-02 1.243593363213387482e-01 2.980213017420076937e-01 3.252799401329767304e-02 4.918386094146600523e-02 8.372370774573867358e-02 2.792948049016580336e-01 2.692160091742445277e-02 6.066436391091426655e-02 1.405538838782024458e-01 3.412617990540127433e-02 1.275113428560301597e-02 1.928478303407366035e-02 2.452732484303952326e-02 4.424187675986881313e-02 2.246019034402023107e-01 1.563500789036629049e-02 2.044116838070544617e-01 2.274755677139573412e-02 2.666492209614777786e-02 2.610843045035234761e-02 1.165049466786188259e-01 1.680750626777156864e-01 7.361623482247228734e-02 2.658453448623105536e-02 1.156662670925170527e-01 1.348240518716757076e-02 2.322051648592513839e-01 1.710271849136371994e-02 2.821994336454283769e-01 1.258329324229245233e-02 9.272932003493755682e-02 1.052138208069494374e-01 2.465371002748005178e-02 4.203039536743477522e-02 3.224113109686706224e-02 2.816482273296387964e-02 
1.710194921269748980e-01 1.971883423862358653e-01 7.505374720997447235e-02 0.000000000000000000e+00 5.229677955079808233e-02 8.087073744834816225e-02 1.193919975120516508e-01 1.812278024279626587e-01 1.721116246062669997e-01 3.582092747772009922e-01 3.230381189421157595e-01 1.683365013818075850e-01 3.476037414166840978e-01 2.311389355821907576e-01 2.012862600123142554e-01 1.322700603002166866e-02 7.734031206463942709e-02 5.593693891973122029e-02 7.373284072564482983e-02 2.918138806398983334e-02 8.334462983947606984e-01 4.311413763870541871e-02 1.218986709182913464e-01 2.731385369581931094e-02 4.773634607479684266e-01 1.023844643232511703e-01 1.225879537568522887e-01 1.371886703957667097e-01 1.239856134297156465e-01 1.269143900077696618e-01 1.168955100082554599e-01 3.089136085762023837e-02 1.005805920750112992e-01 2.189339678696564651e-01 1.931945128804678780e-01 9.497833180294525113e-02 2.146546363062332985e-01 7.588595862329947095e-02 5.546654458470542254e-02 1.371526729097491126e-01 2.503536191774433095e-01 1.797166258355759605e-01 6.204505010280527560e-02 1.610066466128298179e-01 1.760713649234894318e-01 1.992232288255845474e-01 2.416827408504012009e-01 1.366520548582389749e-01 4.890697124701483961e-02 1.214636163363200100e-01 6.321658268180757601e-02 9.866071854939580110e-02 1.279319336862330854e-02 6.424747921852079491e-02 1.328905634906366040e-01 1.618462401122917893e-01 1.119890287249596106e-01 1.216088766578917249e-02 1.918005706780738229e-01 1.022164212897718472e-01 1.826800326323528567e-01 5.106795713181617319e-02 1.255940076426518281e-01 1.246571833254415396e-01 5.737191225953742341e-02 1.521048513369886446e-01 
1.517426148839265965e-01 2.025486101334057487e-01 3.072331955510103074e-01 5.229677955079808233e-02 0.000000000000000000e+00 8.655863207017347460e-02 7.787567552722366448e-01 1.285188664512895707e-01 3.641414035533149796e-01 4.249572945744717334e-02 1.117201533241364737e-02 3.701057616434582087e-01 1.103079465747635324e-01 9.771729176127630367e-02 2.042933995609363118e-01 1.314224136788126607e-01 4.904927855373010792e-01 1.018047826755613811e-01 1.637180350276606078e-01 7.672276763330072857e-02 2.830237027207034226e-02 1.468722105326221161e-01 3.259600561753732140e-01 2.128828996995842660e-01 3.491541243684619794e-02 7.221727381281051183e-02 4.180975976132915439e-02 2.012485662415229234e-02 4.675610976485713305e-02 2.831908497879983555e-01 5.585996700467565912e-02 7.281006713912758777e-01 9.246401113272939565e-02 6.148322011216796057e-02 9.549176647188006850e-02 3.841870773481195767e-02 8.972858891886186655e-03 5.104806605274452708e-02 5.060523700952460763e-02 3.020072364809078119e-02 2.830998487483380247e-02 4.093606367084939857e-02 1.620222248038925839e-01 4.162259415818996000e-02 3.887112149355929219e-02 4.353888244483247738e-02 2.370811882370537152e-02 1.286009980102105488e-01 2.199118266780648520e-02 4.981706565032108236e-02 8.331171977938793549e-02 1.067983872899042480e-01 8.175710224086132905e-02 3.338452303676943400e-02 7.397608683354252312e-02 1.587193087142717285e-01 1.054868202845884173e-01 4.076798033293071999e-02 6.285812179865568616e-02 2.897413638754903903e-02 3.484715418957832350e-02 9.531131269340807621e-02 2.112622359410191719e-01 1.125192125101580759e-01 1.129532733942398143e-01 2.053016800650347695e-01 
6.927388700886082107e-02 2.591108829447540396e-01 1.982344213812226030e-01 8.087073744834816225e-02 8.655863207017347460e-02 0.000000000000000000e+00 1.165189100152526913e-01 5.063964824504521567e-02 1.637997448735031003e-01 1.970722653399725743e-02 1.368068727530610124e-02 2.252729403286353738e-01 7.542618539732566518e-02 5.762712768586950585e-01 1.140443646456722471e-01 8.202934103304897195e-02 9.693698402962876159e-02 2.720142640301202452e-01 9.027784027504910658e-02 2.283007574014285779e-01 7.875778167684487074e-02 7.573813382031510666e-02 5.170346488817279679e-02 2.049545152124432057e-01 1.799792156429768503e-02 7.522365035741217509e-01 2.150313146610473847e-01 4.389715092917332862e-01 3.320607375874717881e-02 6.377247718913869878e-02 5.630381098633648052e-02 1.140592984989484138e-01 5.619778325171413680e-02 9.674218372014241341e-02 2.936801722047569507e-01 1.527770770039468540e-01 6.862481005704949844e-02 2.654177226034655501e-02 7.326703587989465971e-01 3.710941088516674091e-02 4.064784511455704630e-02 1.174741717845247981e-02 1.015387079496428840e-01 3.853730161652087899e-02 3.171883193588406202e-01 3.001684303217459771e-02 5.092949143675983281e-01 8.673933420597541855e-02 1.487579161333469485e-02 3.712015323705871589e-02 2.859043878805267447e-01 8.247860337930124075e-02 5.338663914841480090e-02 4.239796871400416250e-02 8.021235879922180081e-03 3.214422634539491896e-02 9.344142994542876945e-02 9.412133267208000476e-02 6.563402799870186044e-01 2.066857846802238607e-01 2.815781613207742895e-01 3.669960910424209521e-02 1.329252173569560602e-01 4.683164093207547313e-02 8.663997608480647483e-02 1.192942564353870055e-01 
2.356199416272934388e-01 7.670882855894552155e-02 2.403490883171041925e-01 1.193919975120516508e-01 7.787567552722366448e-01 1.165189100152526913e-01 0.000000000000000000e+00 1.421090964749016639e-01 6.649503534977685426e-01 5.260764197298332251e-02 9.041615561100681264e-02 2.533171105067723583e-01 3.431105535214453162e-01 4.928365242531160956e-02 4.011488095920374697e-01 1.534898152785959258e-01 7.450149718695086021e-01 8.876199477376181535e-02 2.195503914921088928e-01 5.246309565052154067e-02 1.236721380325954966e-01 1.052493875878373897e-01 2.912496994708933529e-01 1.714701386639427561e-01 4.938343400555245122e-02 1.095574462675922844e-01 6.921489335945536781e-02 1.022534425754872411e-01 1.900693829670866558e-02 3.462344457258341168e-01 7.097094845677894004e-02 6.476353396954159791e-01 1.802107498817571429e-01 1.683315151145308997e-01 2.843130007221073008e-02 4.605718831684719322e-02 1.070948201293145247e-01 1.083236475055218417e-01 7.667084110842853351e-02 2.218968692292346279e-01 1.234466588705936535e-01 2.399335692771261963e-01 3.557608891258022266e-01 4.064397689474088149e-04 4.516123591483810901e-02 2.139350338241540195e-01 2.040768479204196212e-02 2.838575530124539115e-01 8.821445446853888595e-02 1.917834046449873875e-01 9.089840687699841937e-02 1.173254745751878547e-01 6.594839739017921421e-02 1.383621782184902560e-01 9.271163768990742238e-02 1.949242294841226353e-01 1.481943085631131363e-01 1.882656002316555610e-01 6.314411565080363387e-02 3.843366299838163469e-02 7.426977888062418279e-03 1.302401967279189776e-01 3.056687612886412331e-01 1.442733069397491852e-01 1.689784871500726871e-01 3.097889138730635095e-01 
5.062485586817885297e-01 1.113716517681698388e-02 1.200141848048582455e-01 1.812278024279626587e-01 1.285188664512895707e-01 5.063964824504521567e-02 1.421090964749016639e-01 0.000000000000000000e+00 1.965952223231176854e-01 3.314061516438592814e-01 4.138977009375837124e-01 2.544136381802680064e-02 3.576081873788302667e-01 2.289435286838011063e-02 4.245442260726602912e-01 6.666262623316700220e-02 1.197424837610764764e-01 1.930482633599946984e-01 1.096704070986350976e-01 1.792870291251960346e-01 2.700582594595645203e-01 6.516061200719937274e-02 6.928251024693886373e-02 1.238703709170367179e-01 4.655207732518262809e-01 2.070136488195953306e-02 1.644032686859094039e-01 8.636096027008187404e-02 2.619327909245351971e-01 1.549119595427453366e-01 4.995086775119763067e-01 9.393689977467165053e-02 9.400967667781456871e-02 2.783736350752465394e-01 7.351768708315717382e-02 1.080429585359150707e-01 2.917562765897710464e-01 5.262948291355298153e-02 3.036446889368204019e-02 1.491505875735117392e-01 3.601430712799061906e-01 1.632973753870352041e-01 2.453096851363478492e-01 2.678797385239949924e-01 9.921138403102087999e-02 3.413134506190890760e-01 9.570077428816858855e-02 1.357737215812362952e-01 1.502439240403009302e-01 1.588980560894972527e-01 7.594610003816873456e-02 6.942193062067252007e-02 1.051861434889259095e-01 3.495789373826617141e-01 9.844518799394380570e-02 1.271415173190493242e-01 1.238578883997201452e-01 2.571701124086121504e-01 4.530671892916891819e-02 8.151137252666779132e-02 1.122065487924738814e-01 1.672262789389573900e-01 1.505945281667781521e-01 2.115215718421299962e-01 8.197241630475995272e-03 1.644682314299816261e-01 
3.893477817393800611e-01 6.593929362050487963e-02 1.585289356882098877e-01 1.721116246062669997e-01 3.641414035533149796e-01 1.637997448735031003e-01 6.649503534977685426e-01 1.965952223231176854e-01 0.000000000000000000e+00 1.448199741702315135e-01 2.683251295210117848e-01 3.828783914040347763e-02 5.641744136707907975e-01 3.356295999209347319e-02 6.832951326003294801e-01 1.385084875000627824e-01 6.639786285442461633e-01 5.947102224311186930e-02 2.266927531194404266e-01 8.560034392108843704e-02 2.375743260318023964e-01 5.738386337298688467e-02 1.852614130852514585e-01 1.360107425636692957e-01 1.163188448837137595e-01 1.257727752714847824e-01 1.727454211006786977e-01 2.198718274393543504e-01 3.413838854471804019e-02 4.496296107709752410e-01 1.013378423906863696e-01 4.614572276807701323e-01 3.184186199945902018e-01 3.248937611520126834e-01 1.027153631208464479e-01 2.843215138582744564e-02 1.985754295473881881e-01 1.019426333325606643e-01 1.084679358573166219e-01 3.183378172722056698e-01 2.220298666653759134e-01 3.473973106604900662e-01 4.162006695306890158e-01 1.211070028129997700e-01 7.106072171997077080e-02 3.480072547712414477e-01 5.672853084056697637e-02 3.453108381549980788e-01 1.076886184477814229e-01 3.030410029965479590e-01 4.092240608490430032e-02 1.121716105476963654e-01 6.881794634112589626e-02 2.463610060055028139e-01 1.089723663982546387e-01 1.564124325926759540e-01 1.482355282914243344e-01 2.767082227374977887e-01 1.221047925448954519e-01 5.811460436225328319e-02 8.428451929040758905e-02 1.480716976690464592e-01 3.200622186282883197e-01 2.060790413668441290e-01 1.282893079974189443e-01 3.333194635515831505e-01 
2.269508077125953482e-01 9.477284440539339438e-02 4.822168210931439269e-02 3.582092747772009922e-01 4.249572945744717334e-02 1.970722653399725743e-02 5.260764197298332251e-02 3.314061516438592814e-01 1.448199741702315135e-01 0.000000000000000000e+00 2.490224326256149645e-01 1.307333310924931047e-01 4.125011870605395647e-01 1.268317802178590414e-01 2.238892283880578593e-01 3.256843179659925647e-01 6.242024976821844429e-02 3.877348481989062456e-03 7.481990233735227869e-02 3.052441456121935542e-02 4.419291971681986730e-01 3.639633219463767611e-01 2.959516687232501275e-01 2.076537056213946519e-01 7.681255160023966466e-01 2.302655783486498228e-02 2.130240944616023924e-01 8.879604078881558893e-02 3.002504122235148398e-01 2.065858839741506470e-01 2.684758718011818202e-01 5.030051075827398493e-02 2.701856999689103422e-01 4.219531677477027509e-01 8.912398164239694609e-02 4.880202324357955229e-02 2.545005987681877441e-02 2.098624920921361992e-01 2.011288158401500215e-02 4.414401571057861018e-01 2.490582319681458878e-01 4.049419860478147837e-01 1.100743815791640628e-01 2.678915271122246644e-02 3.610485607625441018e-02 3.778342111445908147e-01 9.670280416993985717e-02 3.082843899533404541e-01 1.003818640930799477e-01 4.505513842747035924e-01 6.921580399127776062e-02 1.125323867003174688e-01 1.218451467729657692e-02 6.035872044450554114e-02 3.342758461908003076e-01 5.934037285283001728e-02 2.414017778949606452e-01 4.362284580455035032e-02 5.360059034291377728e-02 6.874784023327698557e-02 1.059336512674056430e-01 1.061472742829469018e-01 3.691828115460857873e-01 3.488270608529940864e-01 1.777943172645652936e-01 4.098766531488725051e-01 
2.536420859198153521e-01 2.846243272139116487e-02 4.049669489999611904e-02 3.230381189421157595e-01 1.117201533241364737e-02 1.368068727530610124e-02 9.041615561100681264e-02 4.138977009375837124e-01 2.683251295210117848e-01 2.490224326256149645e-01 0.000000000000000000e+00 1.287191310321450788e-01 4.935245933693634957e-01 1.063631779350476536e-01 3.887112712417786775e-01 6.404868091869818369e-03 7.908919924609530971e-02 8.285538962401130247e-02 9.691748865720109518e-02 8.936248073855768137e-02 5.399473727288662817e-01 6.777265841121883627e-02 3.878873553970808158e-02 2.004271048655677928e-02 4.063815358919704579e-01 2.589097908041660887e-02 3.046372806817618933e-02 6.602048530418139216e-02 1.219959295538142752e-01 7.598849524856374216e-02 1.890406306315955687e-01 2.982492506694443130e-02 5.839583171136927126e-02 3.017554340511014455e-01 5.191041672301197063e-02 8.626120075705887014e-02 2.245149522597078007e-01 5.813950503667203451e-02 3.517951296463861510e-02 1.218275680110444542e-01 3.938635618767661328e-01 1.780778441366558384e-01 1.449591201379593353e-01 5.146440078206308000e-01 1.310371999290282086e-01 4.036156048541791885e-01 8.394687023362548683e-02 1.437224138226420589e-01 1.076042579375717234e-01 1.117038444126367547e-01 7.648115781797464041e-02 3.129179836310513191e-02 5.710091628185022528e-02 4.417382092520130699e-01 6.832809682926059558e-02 7.547520219893370796e-02 4.808539331629136521e-02 2.073019674416345659e-01 4.143160207062319272e-02 4.457520723297206389e-02 4.494060787666200041e-02 1.498761707970062140e-01 1.141308064240564579e-01 1.694047878056429424e-01 4.639608084261123699e-02 1.277005032446028587e-01 
9.894855819298291333e-02 2.598027959619939598e-01 1.326321436084190730e-01 1.683365013818075850e-01 3.701057616434582087e-01 2.252729403286353738e-01 2.533171105067723583e-01 2.544136381802680064e-02 3.828783914040347763e-02 1.307333310924931047e-01 1.287191310321450788e-01 0.000000000000000000e+00 5.574053676639483673e-02 5.704945313146727592e-01 1.564484420851452173e-01 3.714488367763665172e-02 3.893795710474576982e-02 7.320541245853351420e-02 3.493060251846707986e-01 2.151939284726891444e-01 8.653336394689330191e-02 1.377892886577131507e-02 1.140934294115231590e-01 4.509234992816181509e-02 9.820329476738903773e-02 3.988254158952086459e-01 4.811437401800139346e-02 1.187217293624458631e-01 9.387445704073761610e-02 8.347978711458259315e-02 1.378643932142952985e-02 3.351884399141212278e-01 3.372375624689450541e-02 5.683806469338866657e-02 2.713719658607419705e-01 2.082057546950773774e-01 1.349571936984478859e-01 4.509266208148097338e-02 2.668811714029962756e-01 1.914226235655220112e-02 6.461745095074378220e-02 3.424946749776046351e-02 6.455166101283051072e-02 1.611438718038022688e-01 1.026907913117717508e-01 6.147403723452595642e-02 2.192997341465122152e-01 5.340630337177330877e-02 9.458503616373917233e-02 4.907638811022416864e-02 2.911591749047879318e-01 7.848820782208902613e-02 1.483029415609083967e-01 1.097915444628509291e-01 5.330762053857030641e-02 6.697983824339513725e-02 1.162346064360688797e-01 1.054505101738951317e-01 2.318506347320536121e-01 6.762123039498717236e-02 1.771871633754338871e-01 6.299584878215128136e-02 1.452787094335495077e-01 5.473813702074828078e-03 9.124873811676953439e-02 1.439761025795062710e-01 
5.297162456741014713e-01 1.187648726638058511e-01 3.205406878283182520e-02 3.476037414166840978e-01 1.103079465747635324e-01 7.542618539732566518e-02 3.431105535214453162e-01 3.576081873788302667e-01 5.641744136707907975e-01 4.125011870605395647e-01 4.935245933693634957e-01 5.574053676639483673e-02 0.000000000000000000e+00 7.715657844414450239e-02 6.583697080321245787e-01 9.855201393627309459e-02 4.721695333832372499e-01 3.155807788674452885e-02 1.598169741529131549e-01 1.446041298632526062e-01 5.404823718280606926e-01 1.459050077690251246e-01 5.035780795247703917e-02 7.520388598461563712e-02 3.324135164903082584e-01 5.070593206076173809e-02 3.572543318144247998e-02 2.090332241869531094e-01 3.210186196874253300e-02 3.697354837550875795e-01 2.906879689356416385e-01 1.862145683553713404e-01 3.546232554945922821e-01 5.060659723279753441e-01 1.338798515174139114e-01 2.224455326456124815e-02 1.735608819800560365e-01 6.137072430366983383e-02 2.438918436237732731e-02 3.467067504077536721e-01 4.955082034741972730e-01 4.134788497082516057e-01 4.880462027943013870e-01 1.471450821207338222e-01 5.381188695581063525e-02 4.684645198340437466e-01 3.082084118230181413e-02 3.090425751695617951e-01 1.767375763079443995e-01 3.199705036309348216e-01 4.093753308728359519e-02 3.200557015605542260e-02 7.771521919025882463e-02 2.851914444220452483e-01 2.373103219914765027e-01 1.761627173969815552e-01 2.362145857964249862e-01 3.981443273004091066e-01 5.118106950376544173e-02 4.295259191387516134e-02 1.338321106397060700e-01 3.225431490179125338e-01 3.318332772437826428e-01 3.281582956462228418e-01 7.352780216669073388e-02 3.912692202274161146e-01 
7.772261005399261347e-02 1.496962959621101763e-01 1.445904157130807055e-01 2.311389355821907576e-01 9.771729176127630367e-02 5.762712768586950585e-01 4.928365242531160956e-02 2.289435286838011063e-02 3.356295999209347319e-02 1.268317802178590414e-01 1.063631779350476536e-01 5.704945313146727592e-01 7.715657844414450239e-02 0.000000000000000000e+00 1.318324810802858904e-01 9.480489486095830531e-02 6.591744455964740346e-02 1.806016078300597127e-01 1.466234135785332848e-01 1.144449662300656284e-01 1.151926419248435474e-01 1.107561918425621107e-02 2.271338789878496120e-02 1.131398740951992526e-01 1.370864154425512627e-01 5.764799829557537558e-01 6.774148169107270523e-02 4.566395501196174322e-02 1.463669321134207502e-01 3.060886962955806229e-02 1.846040861410417483e-02 7.530599628394973877e-02 4.067933542006257203e-02 9.404818863943500626e-03 1.469512282375519119e-01 2.409718135819569618e-01 1.295459707066599353e-01 1.225601175154180170e-02 5.363429742871455019e-01 2.384407578160326058e-02 6.039646558336771165e-02 2.623435477802920149e-02 5.250196614783878696e-02 9.344002516132207670e-02 3.472520597604245585e-01 2.586584339475392000e-02 6.739315497472679883e-01 5.395627307822128266e-02 1.556764573259298290e-01 5.549992500587699190e-02 3.285031687444791570e-01 9.769590127805490021e-02 1.092788746742583694e-01 7.481851372709599768e-02 2.614311785255906892e-02 3.694808289312435934e-02 1.056552022734153634e-01 1.306799952368005724e-01 6.107330358279006166e-01 8.294227794215035254e-02 8.070014539692152433e-02 1.290931411072939183e-01 9.650162042763781034e-02 2.578421931429789732e-02 5.667220512989429304e-02 9.221218702144499957e-02 
7.154883533994849110e-01 1.423458626731796683e-01 5.331344482597846074e-02 2.012862600123142554e-01 2.042933995609363118e-01 1.140443646456722471e-01 4.011488095920374697e-01 4.245442260726602912e-01 6.832951326003294801e-01 2.238892283880578593e-01 3.887112712417786775e-01 1.564484420851452173e-01 6.583697080321245787e-01 1.318324810802858904e-01 0.000000000000000000e+00 1.749535455799991757e-01 4.878614230148774489e-01 7.091768392749377148e-02 2.982453278867316371e-01 2.418197942093109620e-01 3.055427943993002105e-01 5.480526767992085352e-02 1.528405808216801720e-01 4.167859233420198595e-02 2.265478984405024376e-01 3.726866687847575632e-02 1.036955697165501539e-01 2.839483674782621869e-01 5.724446151044781245e-02 6.045351805390387634e-01 3.142732553903135329e-01 3.035209817743033112e-01 4.906073845375161224e-01 4.237496866177231647e-01 1.601042446538201991e-01 5.417419661598356362e-02 2.525758863099438756e-01 2.587784100693142630e-02 4.722789466354782723e-02 2.739877681430872847e-01 3.282316777594713741e-01 3.286291414471677608e-01 4.606980747864909964e-01 2.436688425433962413e-01 1.679552386630762117e-01 4.550728459676496307e-01 9.904237352834137365e-02 3.499123360018861484e-01 1.806521734906372245e-01 2.954036669927058711e-01 2.396933647092125072e-02 1.160475068907144552e-01 1.298572374066517543e-01 3.332787348062378197e-01 1.748563648309272023e-01 1.983541910034910538e-01 2.202347463058755006e-01 3.441075346618799879e-01 1.023960053520971275e-01 7.512954053443754443e-02 1.421698205291907768e-01 2.028912448780595956e-01 3.198162108703972994e-01 2.913440877438147614e-01 3.507917123507687390e-02 3.605950386565372479e-01 
2.273643287525872192e-01 1.353141819023594705e-01 1.171937165860361812e-01 1.322700603002166866e-02 1.314224136788126607e-01 8.202934103304897195e-02 1.534898152785959258e-01 6.666262623316700220e-02 1.385084875000627824e-01 3.256843179659925647e-01 6.404868091869818369e-03 3.714488367763665172e-02 9.855201393627309459e-02 9.480489486095830531e-02 1.749535455799991757e-01 0.000000000000000000e+00 1.833860354727493980e-01 9.762242098105353150e-02 1.167357514062898893e-01 1.010613051612808816e-01 1.026131330771083705e-02 4.077153133364759263e-01 6.706767421554199471e-01 3.463180007352539280e-01 3.336764125190345709e-01 5.874345017445618128e-02 2.522980236627649919e-01 1.955849501586199857e-01 3.785278412571287943e-01 1.402988937295149008e-01 1.447805274429302402e-01 9.135911934367237086e-02 6.217960146156066570e-02 1.763541833180395924e-01 1.041818706975621428e-01 1.124871480549675118e-01 7.252148217324660973e-02 1.857387405065314689e-01 7.258574876014901867e-02 1.916211423561952343e-01 4.803622365332990002e-02 1.608133110057661241e-01 1.450356302431186628e-01 1.116741618504691197e-01 3.942002214791497094e-02 1.567269270059813979e-01 9.139208941878988746e-02 1.506306728158965103e-01 4.086377181550080451e-01 1.896260025348259770e-01 6.019100197162872978e-02 1.405893823522583186e-01 5.935883427285479352e-02 9.390130101578596233e-02 2.298315711054901567e-01 3.560199701284840201e-01 1.104416271122865001e-01 1.402196490931147677e-01 4.028317815597075302e-02 3.935291338959553270e-02 1.156173667003081024e-01 3.993491054180722116e-02 1.802566978406400788e-01 2.139851236268886514e-01 1.186327408960128199e-01 1.952257706685666117e-01 
3.410528861647051935e-01 1.126803924597456485e-01 4.456516546297063092e-02 7.734031206463942709e-02 4.904927855373010792e-01 9.693698402962876159e-02 7.450149718695086021e-01 1.197424837610764764e-01 6.639786285442461633e-01 6.242024976821844429e-02 7.908919924609530971e-02 3.893795710474576982e-02 4.721695333832372499e-01 6.591744455964740346e-02 4.878614230148774489e-01 1.833860354727493980e-01 0.000000000000000000e+00 1.404138946075507988e-01 3.171252284955828893e-01 5.466005548233900113e-02 1.175413670633899121e-01 3.478390808569398890e-02 2.292388343181978039e-01 3.815854367497109600e-02 5.590236218969442394e-02 5.507693465193921889e-02 1.775602989280796185e-01 2.559857075257860326e-01 5.534479367951475326e-02 3.656941729719396239e-01 4.409258055571569496e-02 4.747406852922370635e-01 2.853984186046807370e-01 2.330202895877150071e-01 7.830755152675671071e-02 4.460417366837489406e-02 1.208891075297177653e-01 1.663890083893432015e-01 7.823272957392382598e-02 3.117144759596072734e-01 1.691717821890121043e-01 3.123889816715074152e-01 4.289690830838537861e-01 3.364834873673616666e-02 7.643957468711574943e-02 2.456764103063978077e-01 7.260025177310143463e-02 3.232458280353435187e-01 1.473187702415035827e-01 2.847964459781359703e-01 1.159731804593751858e-01 1.212618788544628373e-01 6.939693064408360146e-02 1.342292567724606978e-01 1.373268424306910984e-01 2.153345478342706398e-01 2.139401689585472555e-01 2.640878525196608262e-01 1.188321729199887621e-02 4.143506971680223361e-02 8.238596279673582323e-02 1.616866326864909165e-01 3.441575556055858631e-01 1.983220028406382229e-01 2.080639528900468660e-01 3.751245238982323094e-01 
2.315227054425738340e-01 1.606501461666599850e-01 2.268337700277183455e-01 5.593693891973122029e-02 1.018047826755613811e-01 2.720142640301202452e-01 8.876199477376181535e-02 1.930482633599946984e-01 5.947102224311186930e-02 3.877348481989062456e-03 8.285538962401130247e-02 7.320541245853351420e-02 3.155807788674452885e-02 1.806016078300597127e-01 7.091768392749377148e-02 9.762242098105353150e-02 1.404138946075507988e-01 0.000000000000000000e+00 1.159159427769159145e-01 5.328627438982118658e-01 7.401216245049259401e-02 1.142085651951605663e-01 6.091812217158277393e-02 4.860172942402137819e-01 8.259843275169390098e-02 2.425163474690820165e-01 5.256860616126808605e-02 2.125993239033419913e-01 7.003523964697590254e-02 4.543650666479136235e-02 2.441752893328665019e-01 9.763954712862533969e-02 1.326885069044886623e-01 6.795034507507473343e-02 2.755513649409796484e-01 1.212274433009924296e-01 3.244194657217665950e-02 6.166537117846540572e-02 1.621373976728371913e-01 2.096258745296698117e-02 5.235606875253174392e-02 1.142803725404861401e-02 6.259773848924873874e-02 3.431617153829448486e-02 2.801875148907074231e-01 1.975746515498364234e-02 2.823608583144228690e-01 2.576616013457527429e-02 4.072517472580353820e-02 2.748267408364792053e-02 1.569136547080503541e-01 6.296877333720253545e-02 9.840876976589625624e-02 2.186414780336071867e-02 6.169026369194533649e-02 5.539104923858613472e-02 1.217580206134906279e-01 3.925151270501198858e-02 3.347011518131229879e-01 1.278583797103419739e-01 1.993257801704773069e-01 4.625244767135958807e-02 4.142382590599934938e-02 6.042918610853983269e-02 8.384610131008324307e-02 6.753924493948150476e-02 
2.154691735128448637e-01 2.465862700693714771e-01 6.132722580567104287e-02 7.373284072564482983e-02 1.637180350276606078e-01 9.027784027504910658e-02 2.195503914921088928e-01 1.096704070986350976e-01 2.266927531194404266e-01 7.481990233735227869e-02 9.691748865720109518e-02 3.493060251846707986e-01 1.598169741529131549e-01 1.466234135785332848e-01 2.982453278867316371e-01 1.167357514062898893e-01 3.171252284955828893e-01 1.159159427769159145e-01 0.000000000000000000e+00 4.332254559028377860e-01 4.036299266033141486e-02 9.860510747870400439e-02 9.380718910598474791e-02 1.085758062141200520e-01 7.932637653873092498e-02 8.962050872443383387e-02 4.188857384334633560e-02 3.174660117594102493e-01 7.513465195542294583e-02 2.397443015305926461e-01 1.698525996465494875e-02 2.183618784617511188e-01 1.618377926778590825e-01 1.442934866109651382e-01 2.506409845431235017e-01 1.016035499894037686e-01 1.026674310779123050e-01 1.101137519342215709e-01 5.778532538392922718e-02 1.579450294478128569e-01 7.493127866375505486e-02 1.500966705066403284e-01 1.139651199872468434e-01 3.688534605503639152e-02 1.294680636386144335e-01 5.852273205032312853e-02 4.687549820823387614e-02 1.500502297817302155e-01 9.345216893774294098e-02 1.688168342890453144e-01 9.188744897429951264e-02 1.820560918153900087e-01 1.114193901307023449e-01 5.450418720578811826e-02 4.376153835225216927e-03 7.027099181843780851e-02 3.052279704707924410e-02 1.310756236368339211e-01 5.243159579549057370e-02 1.074377537837757912e-01 1.856274443953032649e-01 7.746745666117818563e-02 1.220568927325205166e-01 8.950012954345352989e-02 1.172818316040414172e-01 1.052008237627450188e-01 
3.888548379859983473e-01 2.645453152706381261e-01 3.296749385414483868e-02 2.918138806398983334e-02 7.672276763330072857e-02 2.283007574014285779e-01 5.246309565052154067e-02 1.792870291251960346e-01 8.560034392108843704e-02 3.052441456121935542e-02 8.936248073855768137e-02 2.151939284726891444e-01 1.446041298632526062e-01 1.144449662300656284e-01 2.418197942093109620e-01 1.010613051612808816e-01 5.466005548233900113e-02 5.328627438982118658e-01 4.332254559028377860e-01 0.000000000000000000e+00 6.538994401945401325e-02 6.202710410965328602e-02 5.579537845043739536e-02 1.090843942812186051e-01 6.442248864143962361e-02 7.574698121302707310e-02 1.109979317519078496e-01 3.182809012981028252e-01 6.865709924339305492e-02 2.200049612505419749e-01 2.024260112821478497e-01 4.952102192927272661e-02 1.919138412418329165e-01 1.482457595739480327e-01 3.136602665139811563e-01 8.419874072353784877e-02 2.926773601435445418e-02 3.398380617304713747e-02 1.042865085466098546e-01 4.801985177532211435e-02 8.848784876791503107e-02 5.509325257695963513e-02 8.744726605437767863e-02 3.698696709571188540e-02 2.286651592634365848e-01 4.171985579691718515e-02 2.334230278049820584e-01 3.391991152645870006e-02 1.287353826934492795e-01 6.479508959293127368e-02 1.411623006769600897e-01 3.151306396871181303e-02 1.775162858084656237e-01 3.283435540033254746e-02 9.227951628320915645e-02 8.708312624511242717e-02 6.510451316313775605e-02 9.979250760170030321e-02 1.972395986716752869e-01 2.094782163435613132e-01 2.910484198842240300e-01 1.245314783908130774e-01 7.143556401484393859e-02 1.538941690178775579e-01 5.097320981311625337e-02 9.213382691137787794e-02 
2.416181789390359491e-01 9.494665400792205723e-02 5.422576417191562331e-02 8.334462983947606984e-01 2.830237027207034226e-02 7.875778167684487074e-02 1.236721380325954966e-01 2.700582594595645203e-01 2.375743260318023964e-01 4.419291971681986730e-01 5.399473727288662817e-01 8.653336394689330191e-02 5.404823718280606926e-01 1.151926419248435474e-01 3.055427943993002105e-01 1.026131330771083705e-02 1.175413670633899121e-01 7.401216245049259401e-02 4.036299266033141486e-02 6.538994401945401325e-02 0.000000000000000000e+00 4.873091699464617704e-02 5.229981757621995214e-02 2.973801044368206900e-02 5.405379350342184308e-01 8.131289170722785786e-02 7.098327121491891656e-02 4.488470849580405292e-02 1.261770194590101368e-01 1.409464532805464188e-01 1.535565981247040968e-01 4.938480462380226421e-02 1.102564125842599996e-01 3.291576737846881873e-01 8.641695238535712642e-02 7.273751688790386360e-02 1.319195997252805286e-01 3.411096120519640368e-02 3.835545207119524236e-02 2.148357117597264609e-01 4.051937756209288977e-01 2.741896503914238448e-01 1.115912515123605869e-01 2.203088331126095145e-01 1.511771757415507622e-01 2.881737737589943338e-01 1.833267346079239801e-01 1.955425163234676134e-01 7.861695029614590435e-02 1.838437044073685245e-01 4.157848791148199830e-02 8.096956514012283723e-02 1.076625238037342246e-02 1.100005027954324421e-01 1.359577639497112356e-01 1.274028827021933818e-01 1.024438582752962151e-01 1.162763950843914151e-01 1.346830530381386004e-01 8.542256314567273079e-02 8.956959135511700920e-02 1.547929778103733500e-01 1.715934783667767971e-01 1.780642176492776563e-01 4.756461868256824099e-02 1.953281827729835829e-01 
1.460349773846356669e-01 6.074446199417942588e-02 1.122077120636803677e-01 4.311413763870541871e-02 1.468722105326221161e-01 7.573813382031510666e-02 1.052493875878373897e-01 6.516061200719937274e-02 5.738386337298688467e-02 3.639633219463767611e-01 6.777265841121883627e-02 1.377892886577131507e-02 1.459050077690251246e-01 1.107561918425621107e-02 5.480526767992085352e-02 4.077153133364759263e-01 3.478390808569398890e-02 1.142085651951605663e-01 9.860510747870400439e-02 6.202710410965328602e-02 4.873091699464617704e-02 0.000000000000000000e+00 2.818101469636786760e-01 6.266236510098511792e-01 2.866470574894593448e-01 1.018000206436424915e-01 3.371504731615879158e-01 5.279497590720795552e-02 2.937860186425811926e-01 1.538861066488879104e-01 3.172131429171025085e-01 9.116343349332545198e-02 3.699683938799112615e-01 1.520594259367321066e-01 7.099682474545879543e-03 3.226043498972389068e-02 8.036111799894048169e-02 5.876397000339071003e-02 6.024552696200233259e-02 1.194354411608401917e-01 5.441588354889305423e-02 1.074439554338974118e-01 2.424987984707240585e-01 5.520917437108118636e-02 3.528647999131637181e-02 2.114699791120915606e-01 1.603144728982158068e-02 1.156642432563511624e-01 1.668692105499740286e-01 1.342659109393888606e-01 1.928183941218487851e-02 4.766135620421019931e-02 7.117063896451981952e-02 1.031042051241183727e-01 4.815130030773018821e-01 1.672182621596350338e-01 4.510406749830778717e-01 1.540993889960298457e-01 3.559620830593366453e-02 1.413640406596369525e-01 9.826650747768905791e-02 2.458578245103487381e-01 1.931797743652248767e-01 2.200846808599232762e-01 5.756107375059255071e-02 3.097262702531711764e-01 
1.568901481478137405e-01 2.391517416050068234e-01 2.452604667255658399e-01 1.218986709182913464e-01 3.259600561753732140e-01 5.170346488817279679e-02 2.912496994708933529e-01 6.928251024693886373e-02 1.852614130852514585e-01 2.959516687232501275e-01 3.878873553970808158e-02 1.140934294115231590e-01 5.035780795247703917e-02 2.271338789878496120e-02 1.528405808216801720e-01 6.706767421554199471e-01 2.292388343181978039e-01 6.091812217158277393e-02 9.380718910598474791e-02 5.579537845043739536e-02 5.229981757621995214e-02 2.818101469636786760e-01 0.000000000000000000e+00 2.785416903107019726e-01 2.149857181694705410e-01 4.033534089874010048e-02 1.037713097502741821e-01 7.857215642787875043e-02 1.536761491577786909e-01 1.702966679429250008e-01 7.474385756664297942e-02 2.306376984179539513e-01 7.178294205920415783e-02 2.053893997044173858e-01 1.720107361402592738e-01 1.707481820083978918e-01 1.852553129522519493e-01 3.625313893866595749e-01 5.998497600605452729e-02 3.315630950005061806e-01 8.079099344109191838e-02 2.676250912408130178e-01 1.438992963805967029e-01 9.816976703602857401e-02 1.096599556548938786e-01 1.440985747105876513e-01 4.460285203145743227e-02 2.461940828019248406e-01 4.443820248811677920e-01 3.095309409767306175e-01 1.918406640992581166e-02 7.596580637573525918e-02 2.124760041612772446e-02 9.841766476448143841e-02 1.139524848355006476e-01 6.225533970507487469e-01 1.963474430700967027e-02 6.515980810910332321e-02 6.301583820221169641e-02 4.393325212635597332e-02 3.170144136579586963e-02 6.751658853610871536e-02 2.526842133096043330e-01 1.830456062302469322e-01 2.924464226319968274e-01 2.128405057079731100e-01 
3.344291632465488245e-02 4.827478110695489211e-02 4.998200990001880895e-01 2.731385369581931094e-02 2.128828996995842660e-01 2.049545152124432057e-01 1.714701386639427561e-01 1.238703709170367179e-01 1.360107425636692957e-01 2.076537056213946519e-01 2.004271048655677928e-02 4.509234992816181509e-02 7.520388598461563712e-02 1.131398740951992526e-01 4.167859233420198595e-02 3.463180007352539280e-01 3.815854367497109600e-02 4.860172942402137819e-01 1.085758062141200520e-01 1.090843942812186051e-01 2.973801044368206900e-02 6.266236510098511792e-01 2.785416903107019726e-01 0.000000000000000000e+00 1.119535018024485629e-01 2.089076018729126849e-01 1.619043454580288699e-01 9.752605451383879187e-02 5.796656687395544683e-02 5.413535266157017828e-02 1.975535851314037458e-02 1.560271560275415526e-01 2.825203336767394546e-01 3.864164245976672851e-02 1.457519099819211683e-01 1.601227200859044741e-01 4.351422226965846740e-02 7.934502550591590597e-02 1.289508525105116099e-01 7.773577255419086840e-02 1.307172460745053937e-02 5.176678353853703118e-02 1.309371952133949746e-01 1.233375310680339017e-02 1.831812003797644306e-01 1.079005603011429087e-01 1.604660251570552143e-01 6.830416328985916552e-02 7.503932461995614644e-02 9.309128788916069819e-02 5.983523470662468341e-02 3.743680815136130741e-02 2.048348148398372245e-02 2.479320310210191697e-02 3.470504823989766785e-01 1.036902507839229937e-01 4.038101244559068048e-01 5.193345947469259899e-02 2.322717776260569411e-01 4.394846704160947082e-02 6.738717215357027668e-02 4.563008809952736472e-02 1.142677225662089430e-01 1.021248704831970860e-01 7.415894127294435367e-02 2.070229492252104730e-01 
