0.000000000000000000e+00 9.390117863203152615e-02 4.878593954821818651e-02 1.534448870066404402e-01 8.563273176850082213e-02 4.087311060497075821e-02 2.067986535033421447e-01 5.099272741376140727e-01 3.583901228100322411e-01 2.388624128514500733e-01 2.353036280549108683e-01 1.295906841159731870e-01 4.867906469989652374e-01 1.033274411947941174e-01 7.214068873268356663e-01 1.905615513299237507e-01 3.005476190065429765e-01 2.457005859282258564e-01 2.697652036440202905e-01 3.832685239828037549e-01 2.190860262645146772e-01 1.295142501687847891e-01 1.392259901776716768e-01 2.940274241232493022e-02 2.121784762526205403e-01 7.389531556888084829e-02 8.267657569639283444e-02 1.956979370678375574e-01 1.076186513510350440e-01 6.225722108098695751e-01 6.415307762024279326e-01 1.946693255276132906e-01 5.423447149898058539e-01 3.549898343928607480e-01 1.158479952541191099e-01 1.409961447247855271e-01 1.486962989165526716e-01 3.986618565459695840e-02 2.457929958886598959e-02 2.158984817687684132e-01 3.044363077288957942e-01 2.383645702267202515e-01 3.966878250759003355e-01 1.534574513601835721e-01 1.409492027136189096e-01 3.273209048905641461e-01 9.442536567144138582e-02 2.817828011887402728e-01 2.266345509065203212e-01 1.929738033783026385e-01 1.324763839040490609e-01 1.368857872629902495e-01 2.252529319733933277e-01 2.137411340790137393e-01 2.297401330841000733e-01 2.308845076233188576e-01 1.709163262865158739e-01 3.215401347609296301e-01 5.204714260073869253e-02 1.069273612484318153e-01 1.256948334389314526e-01 3.032836740778253604e-01 2.804646250390900875e-01 3.249879261056954349e-01 5.222052532162003297e-02 3.299174783421808810e-01 
9.390117863203152615e-02 0.000000000000000000e+00 2.644145181964241975e-01 2.253315297849813326e-01 2.034991885199703421e-01 2.520298907814794709e-01 3.923520553619724849e-02 9.744190201385533046e-03 7.972095109835909688e-02 9.211155379105294416e-02 2.924054292392741505e-02 2.396816578675482756e-01 7.302438731713166431e-02 1.172304164022577450e-01 1.289916079550903760e-01 5.694201883183770685e-02 8.507843350496410717e-02 1.817692391123958973e-01 2.527811973607930751e-01 2.459031316439275749e-01 1.386281192513236782e-01 4.818725368005404713e-02 2.709006036052363231e-01 4.183789101486498282e-03 2.077988795456731375e-01 2.589226655013209810e-01 4.137322391723550208e-01 8.019819250192952165e-01 2.326594882371809114e-01 2.297156538515880697e-02 3.177363889534232100e-02 1.103556003947927938e-01 3.458588565612839838e-02 9.372717303897631913e-03 6.207268885067513953e-01 3.542871383790990869e-02 1.977360051689819875e-01 2.026219350058909019e-01 1.790169218825261588e-01 9.299734243045301718e-02 3.177985511841118632e-02 7.868880455428135801e-02 1.338057240623607425e-01 4.315635850228744658e-02 2.709335304805753353e-01 6.904922939108482788e-03 1.586239379483398715e-01 8.029368139382545011e-02 4.385205896333493197e-02 5.938919762153080373e-02 2.637785242527070917e-01 1.935647450158536342e-01 1.925685302410077293e-01 5.372455665658080332e-02 5.911487595136466489e-02 1.765631058127479225e-01 9.841221350805724744e-02 2.273561834290280248e-01 2.621932631456765084e-02 1.655708883574050772e-01 4.878431918267702172e-01 1.185624037060600683e-01 1.248258127778306970e-01 2.135166990953052402e-02 2.036211261766651404e-01 1.303468625541265580e-01 
4.878593954821818651e-02 2.644145181964241975e-01 0.000000000000000000e+00 8.414894501324170217e-02 3.141226439794176373e-01 2.230921602248975566e-01 1.979871140403749452e-01 9.304722912226862097e-02 1.317274761258208637e-01 6.534674230564706254e-02 6.278559044567470770e-02 1.405673581385711024e-01 3.531219477585309519e-02 1.515403118486512157e-01 3.428033720576549592e-02 1.615699677492315744e-01 5.190786904926433798e-02 2.039861234862476169e-01 2.727465374864548528e-02 2.445743487021006385e-02 7.344416021846902898e-02 7.043637022707972817e-02 3.048802738765910014e-01 4.807433635800801297e-01 3.143519809119373065e-02 1.253088188358409405e-01 1.082853735649574739e-01 1.045461629052584773e-01 1.583971316055687584e-01 8.620523288753392799e-02 1.267011412735336295e-01 2.816814781442445459e-01 2.449266929701256201e-02 5.444069717438713985e-02 1.004674536244447303e-01 2.276468352076824464e-01 5.696064127451970494e-02 8.080154773732495244e-02 1.514460516809670032e-01 7.016004796440289404e-02 6.806177150548746446e-02 5.636377636387063239e-02 3.659965184403436364e-03 4.605321934009121154e-02 2.229232919013025283e-01 1.482198665752833093e-02 2.129790345011183805e-01 7.968766764444804029e-02 5.086546548091652048e-02 6.567024698027877638e-02 1.078140289107038935e-01 1.473303005928108533e-01 9.581629202110392152e-02 1.064960034549662649e-02 1.312287758428308804e-01 5.806334972482448537e-02 2.358113967618348794e-01 1.742853190731288512e-02 2.613241104475086396e-01 6.324258305849678186e-02 1.190323937975326096e-01 1.058163986569739812e-01 7.458620932459619768e-02 2.367316991470337292e-02 8.821635002117889091e-02 8.839041717258551423e-02 
1.534448870066404402e-01 2.253315297849813326e-01 8.414894501324170217e-02 0.000000000000000000e+00 6.981958035831627163e-02 4.298914791223125247e-03 1.295540664278621024e-01 2.121268083789058512e-01 1.696605916127105484e-01 3.703395036653001071e-01 3.735269723111288576e-01 1.094627393659889647e-01 4.025558708152642273e-01 1.977604572020821294e-01 2.203232490938143162e-01 1.703919011792072100e-02 1.022658422167113390e-01 4.060770714735242870e-02 4.859920601253010092e-02 1.824112227202495662e-02 8.461207809674060609e-01 2.925903856965364827e-02 1.491307860449365419e-01 3.427971589788124385e-02 5.062209920526544726e-01 5.520644094303338301e-02 1.461722421327902033e-01 1.949407314362346377e-01 1.304276196137379440e-01 9.917480526238520167e-02 8.317446038805526021e-02 5.785212141226864224e-02 7.154020348652424810e-02 2.105474978288864041e-01 2.286352754897814088e-01 7.322974440406677943e-02 2.462672952745914856e-01 8.624248178196096404e-02 1.311639466746550298e-02 1.411388822178892000e-01 2.666874556200428126e-01 1.643359456924543271e-01 5.965599875239314259e-02 1.280701150227024077e-01 2.067192963370159675e-01 2.024125290810200317e-01 2.398895953824271010e-01 1.398053886533420498e-01 5.003626147655831219e-02 7.168932641858631605e-02 1.284926580829573797e-02 8.116738145710490626e-02 1.060912790750622239e-02 5.210126546836949674e-02 9.122035078170595557e-02 1.613703109163241445e-01 7.140664133622787180e-02 1.791771041589645258e-02 1.582416647775348739e-01 1.305080579023040754e-01 2.087473729892005136e-01 3.891496054415644751e-02 8.613446118826756370e-02 1.076020374472730357e-01 4.779471744862228560e-02 8.912868010378680039e-02 
8.563273176850082213e-02 2.034991885199703421e-01 3.141226439794176373e-01 6.981958035831627163e-02 0.000000000000000000e+00 1.206882065860157699e-01 6.783468807055995642e-01 7.869820823041899505e-02 3.310795187135539552e-01 8.774158922250584192e-02 5.693212104367399717e-03 4.056046380701297527e-01 9.446638242322791257e-02 1.423323737696754188e-01 1.278404961863980893e-01 1.390067204229507858e-01 4.788334559053352146e-01 8.641541017071924236e-02 1.517523965111821360e-01 1.000083119562154010e-01 5.486403981863657159e-02 1.482357304877757187e-01 3.291161833159184646e-01 2.344782939208504835e-01 7.600740032871124152e-02 1.157291818902664998e-01 7.508146085275669603e-03 4.793750873632855736e-02 4.932180137783935547e-02 2.422596603226590817e-01 1.895786937838169969e-03 7.265371872705753686e-01 1.062189118729122556e-01 6.037133078974484673e-02 1.168581424495824111e-01 6.424189800160128028e-02 5.669255061484647362e-02 4.267653939460852586e-02 1.028743124564682199e-01 6.644773373655968318e-02 4.219999790695156544e-02 7.530868080608499326e-02 1.295546376901956231e-01 1.750052305335720801e-02 2.288075110347742580e-02 1.890358589853763718e-02 8.087821835831096595e-02 1.106125858316315130e-01 5.443084837555762362e-02 6.935699127084318794e-02 9.163589145888177689e-02 1.055519221096681698e-01 6.741343776370656293e-02 3.196789046327309924e-02 4.786141636928516879e-02 1.845635864113810143e-01 6.578473888058977703e-02 2.267628988123627717e-02 9.846751544411887214e-02 7.771812817838843861e-03 6.888933589477283514e-02 7.958253304699643149e-02 1.442388828661676503e-01 6.081222042949770840e-02 5.867476316048445689e-02 1.469890725978057200e-01 
4.087311060497075821e-02 2.520298907814794709e-01 2.230921602248975566e-01 4.298914791223125247e-03 1.206882065860157699e-01 0.000000000000000000e+00 1.305054968427348250e-01 4.291114047707628859e-02 1.494261994259818704e-01 5.513807262778890050e-02 5.926022705274155457e-03 2.088211397668514602e-01 5.603367496937132486e-02 5.425727362083897498e-01 7.904017473629965096e-02 3.268385927581021061e-02 1.022743132081635475e-01 2.575421281125566675e-01 8.203716192136276120e-02 1.936277919339609299e-01 2.187263516565970609e-03 4.340991315278474455e-02 4.758447621374525816e-02 1.723418106687438500e-01 5.495417151120909893e-02 7.354743236302869747e-01 2.258957871172388998e-01 4.031735152633660335e-01 3.211641830607429859e-02 2.981404108846550521e-02 1.823629252165516468e-02 1.604307529713067670e-01 6.720634716438477624e-03 5.127353328830672186e-02 2.974401851984433964e-01 1.273541667226577856e-01 1.305940575962159095e-02 3.261133247579602046e-02 7.225876459367935878e-01 1.270798930558135302e-02 1.279479408989409386e-02 3.427231603865826814e-02 7.914053920053770730e-02 2.042339698249853383e-02 3.267259304273753551e-01 1.886589177925941316e-02 5.204223670318613992e-01 6.069606039108034479e-03 1.895417110968153698e-02 2.140214952132856244e-02 2.623702255817942364e-01 9.911030094641878896e-02 2.087878669071741716e-02 1.247804678745033195e-02 4.310145538463624332e-02 2.158051650967215962e-02 9.800483287749615913e-02 7.968881721701023824e-02 6.468332208064488942e-01 2.598297531936746840e-01 2.859941939094332586e-01 8.069996577790332359e-02 8.118801968793851187e-02 5.729037904992877878e-02 1.049737609237293839e-01 8.547494606919049664e-02 
2.067986535033421447e-01 3.923520553619724849e-02 1.979871140403749452e-01 1.295540664278621024e-01 6.783468807055995642e-01 1.305054968427348250e-01 0.000000000000000000e+00 1.064444865039584770e-01 7.114065671983312855e-01 8.350687532004916203e-02 8.699664376283741674e-02 2.147075953576377816e-01 3.741744438235817261e-01 6.257947817268323665e-02 3.429704772817398495e-01 1.286579305043990540e-01 8.207266152477465937e-01 4.261288905333187466e-02 2.280571989611218098e-01 1.491894915476514767e-02 1.179614921421939105e-01 7.994485275576546091e-02 2.446228946477956856e-01 1.569959711762433652e-01 1.742407950911756612e-02 1.083157222095774835e-01 1.176377631208174179e-01 1.055592148644729500e-01 1.519034839089897920e-02 3.093314247791663640e-01 2.180413774561791931e-02 5.837052108103609749e-01 2.035495610347260731e-01 1.650368943710358582e-01 3.708275429447888127e-02 3.555289675740206518e-02 7.835815108804031204e-02 1.354062837092281368e-01 1.153171977214381000e-01 2.858632086450047516e-01 1.160828050331740302e-01 2.971046443073346865e-01 3.550761873116254908e-01 6.103041473240934309e-03 1.780610281238166268e-02 2.006055028535890239e-01 5.896040207400811417e-02 3.024284829730691793e-01 8.965008122909155774e-02 2.428212353304964877e-01 7.030027548090735101e-02 1.538433074929500544e-01 7.301259157750701612e-02 1.099465200528479680e-01 1.145634261291651745e-01 1.949062756613683112e-01 1.201617991236595823e-01 2.030133669026580323e-01 1.024197228979974728e-01 5.143964135741328769e-02 3.379675623646308941e-02 1.360103462628442783e-01 2.690090598294513358e-01 1.316468416000764752e-01 1.703573697572292600e-01 2.945451530451758670e-01 
5.099272741376140727e-01 9.744190201385533046e-03 9.304722912226862097e-02 2.121268083789058512e-01 7.869820823041899505e-02 4.291114047707628859e-02 1.064444865039584770e-01 0.000000000000000000e+00 2.208671601913924365e-01 3.064990840275023110e-01 4.373841045272517380e-01 5.480176557109361912e-02 3.625361203573335689e-01 2.363204698899453587e-02 5.127476555897027000e-01 5.347156192237696726e-02 1.126603356565650804e-01 2.088748081185852479e-01 1.229251632170615671e-01 1.967079888372933461e-01 2.888654375326208390e-01 2.157232104411612242e-02 3.392144715336466859e-02 1.029855540689426502e-01 4.390019630224420988e-01 4.429977266826266163e-02 1.402595020560257200e-01 3.938110045919336610e-02 2.713505461084696480e-01 1.719280249566763064e-01 4.450402491521499027e-01 8.858949297455664951e-02 9.897018599237736303e-02 2.980887374152816904e-01 3.845646522092428105e-02 1.339739054634466742e-01 2.330167576733603307e-01 2.943762258638636664e-02 4.042804128279946924e-02 1.667533278508063488e-01 3.447967035940964764e-01 1.767659181001376700e-01 1.943661159093776902e-01 2.971980543593663593e-01 1.406204237407853996e-01 3.090271588776591916e-01 1.301183670134271331e-01 1.795469655653950669e-01 1.240779626655283824e-01 1.431861435136998761e-01 9.520455042520856170e-02 9.477418008129853688e-02 1.347614013560244628e-01 3.304391100420140948e-01 9.921180688634982647e-02 1.089992524469884511e-01 6.983930816901123828e-02 2.154146907682760181e-01 7.219090000869621271e-02 4.997474891491705123e-02 5.770509175834642734e-02 1.863519599215914813e-01 1.508416680724301573e-01 2.310516996714733484e-01 1.379456677792543010e-02 1.526568752855222144e-01 
3.583901228100322411e-01 7.972095109835909688e-02 1.317274761258208637e-01 1.696605916127105484e-01 3.310795187135539552e-01 1.494261994259818704e-01 7.114065671983312855e-01 2.208671601913924365e-01 0.000000000000000000e+00 2.022046192783870378e-01 2.815446617052227984e-01 2.633550594880059229e-02 5.478988587823971912e-01 3.384404127558177794e-02 6.102116112599613729e-01 1.030124279945712484e-01 6.509142349880238099e-01 7.115960820984759683e-02 2.269113506503294131e-01 9.428961363855060951e-02 2.327379194412035890e-01 2.870256760879899560e-02 1.421209636545350818e-01 1.187797210674171045e-01 1.220657753366801573e-01 9.397758423145674556e-02 1.921211583410394053e-01 2.038111014048532288e-01 3.064215886068272221e-02 4.057876832205935536e-01 9.232181060912954262e-02 4.109618524315623578e-01 3.081286151356142367e-01 2.894548833804983512e-01 6.805290938329930372e-02 2.833299742371845828e-02 1.531166465258534115e-01 1.050503587576096798e-01 1.045524740258902407e-01 3.442033198419614526e-01 1.956402798677859822e-01 3.625449688580410501e-01 3.752227780572868210e-01 1.242067080455161177e-01 1.018260666262487957e-01 3.311131834036506461e-01 9.403395598929543964e-02 3.694478668582958925e-01 9.564101342167595499e-02 2.865345469989837857e-01 2.393780252326348224e-02 1.449169202659980893e-01 1.055623191474676786e-01 2.115957508498673423e-01 1.390314614155964967e-01 1.501015890498624550e-01 1.264329081253966758e-01 2.583553052081986046e-01 1.249464781023948839e-01 3.425204910706144967e-02 5.221312805049664607e-02 1.623696712249863283e-01 3.009586613289825241e-01 1.814669296578734492e-01 1.268880224746430918e-01 3.273093888790452599e-01 
2.388624128514500733e-01 9.211155379105294416e-02 6.534674230564706254e-02 3.703395036653001071e-01 8.774158922250584192e-02 5.513807262778890050e-02 8.350687532004916203e-02 3.064990840275023110e-01 2.022046192783870378e-01 0.000000000000000000e+00 2.393790532391872894e-01 8.530254264938982867e-02 4.894280559796240770e-01 1.108697497682375188e-01 2.572743539207509866e-01 2.756104619994421134e-01 9.656340705191446272e-02 1.954263951807717198e-02 1.603301630029018918e-02 4.725774073923475621e-02 4.633484396658504312e-01 3.335441424916952835e-01 2.753572862087013129e-01 2.420229702205436983e-01 7.340496805709478823e-01 2.676465639063655561e-02 1.803629249965271186e-01 8.241732074699757715e-02 2.400821241453045540e-01 2.228879956021130593e-01 2.473600108811944975e-01 6.061679445922303622e-02 2.708577304229450866e-01 4.195144604966486446e-01 1.057581756064792516e-01 4.971204236317810707e-03 4.726797334802433637e-02 1.963865078708947332e-01 4.831190373041340663e-02 4.303038399546924575e-01 2.047770834525811934e-01 3.921847224802972320e-01 1.097547363757920558e-01 8.180079616485294580e-02 6.576433337652441702e-02 3.045264979174863718e-01 1.136256666062985810e-01 3.269330808617670892e-01 8.657902521544780239e-02 4.275250778814701502e-01 3.152412288405374852e-02 1.084064522944429426e-01 2.584940112050869432e-02 1.794497625696155757e-02 3.137221777634943698e-01 6.255621909980901840e-02 1.890464320295840439e-01 2.060308793964170729e-02 5.170598090414182252e-02 9.191383461995815407e-02 1.045258487001830966e-01 9.055177673215686340e-02 3.574854740045919077e-01 3.256719748827522909e-01 1.796736096276543293e-01 3.966900760181625296e-01 
2.353036280549108683e-01 2.924054292392741505e-02 6.278559044567470770e-02 3.735269723111288576e-01 5.693212104367399717e-03 5.926022705274155457e-03 8.699664376283741674e-02 4.373841045272517380e-01 2.815446617052227984e-01 2.393790532391872894e-01 0.000000000000000000e+00 9.067531690546205836e-02 4.583284792921354378e-01 6.178789395779680366e-02 4.198692101544150290e-01 6.633125245970994573e-03 4.546527359481160324e-02 9.352147755058062839e-02 7.360464139364827907e-02 1.018037534168603625e-01 5.625161469336943387e-01 2.041030634596883650e-02 1.088294603941117496e-02 1.900646905098043668e-02 4.137771124064802408e-01 3.629384148057600984e-02 3.644112122816576399e-02 4.075476420172052111e-02 1.191035971519027042e-01 3.074999525308897558e-02 1.276322945009193688e-01 1.741716932018693570e-02 4.380409680087184524e-03 3.067599165959590257e-01 2.240839890735614459e-02 6.368028129091363176e-02 1.543583293257376754e-01 8.455131008033696383e-02 2.084631634510757114e-02 1.540966536970099221e-01 3.592627566770872360e-01 1.885859267384250859e-01 6.303792279597598969e-02 5.100482646990084357e-01 1.844504526727729354e-01 3.778878214274313807e-01 1.306471302826092140e-01 1.695026650353060327e-01 7.944716697368421621e-02 8.258543022187439520e-02 7.998873193324361475e-02 4.381123177811804131e-02 9.629492520748084150e-02 4.120396067092522152e-01 5.895043314445247429e-02 7.475092399774718732e-02 4.435468215931755859e-02 1.280961928209197742e-01 7.569266375946331893e-02 1.412313096050134796e-02 3.080696693406788367e-02 9.760502986236391232e-02 1.177892943234359613e-01 1.541963292572817168e-01 7.119438744835639155e-02 1.027885946872701822e-01 
1.295906841159731870e-01 2.396816578675482756e-01 1.405673581385711024e-01 1.094627393659889647e-01 4.056046380701297527e-01 2.088211397668514602e-01 2.147075953576377816e-01 5.480176557109361912e-02 2.633550594880059229e-02 8.530254264938982867e-02 9.067531690546205836e-02 0.000000000000000000e+00 6.550840410331364161e-02 5.784632970055421097e-01 2.178384419143672979e-01 2.759199728803713239e-02 4.357669658285181352e-02 1.037826088882771447e-01 3.395764867261213404e-01 2.214167428356697276e-01 4.568428640982801631e-02 2.756665708572606302e-02 1.045604804441053748e-01 3.548521120889131658e-02 6.573828596106581768e-02 4.114230517227370210e-01 6.731506150719479553e-02 1.333910331029391771e-01 9.453916078791015087e-02 6.643763390169649119e-02 3.904669834941088685e-02 3.807201035928000077e-01 3.526936696075563121e-02 6.582771786250353474e-02 2.538799737575915816e-01 2.010906682997932182e-01 1.683992250821804981e-01 8.132115380176779817e-02 2.750786760671448672e-01 2.592498391436830890e-02 4.687486574368135428e-02 4.323273667829190259e-02 3.761859398933922044e-02 1.510132984055333749e-01 4.302334757149989079e-03 1.029476842320473789e-01 2.621555093378454826e-01 2.822930821605910967e-02 8.268434837399088466e-02 5.459786529264518129e-02 2.778866541752640917e-01 5.920672678689097718e-02 1.546729236297040011e-01 1.439503111394885015e-01 1.576821979846923169e-02 4.579414987992905250e-02 7.424101968989850475e-02 1.071951335834714913e-01 2.665579682766356373e-01 6.120567341679170048e-02 1.915615830258395880e-01 4.203903803971096448e-02 1.113390625017428859e-01 1.398869790635883827e-02 1.113589146972178978e-01 1.063913200171728995e-01 
4.867906469989652374e-01 7.302438731713166431e-02 3.531219477585309519e-02 4.025558708152642273e-01 9.446638242322791257e-02 5.603367496937132486e-02 3.741744438235817261e-01 3.625361203573335689e-01 5.478988587823971912e-01 4.894280559796240770e-01 4.583284792921354378e-01 6.550840410331364161e-02 0.000000000000000000e+00 6.686909112578624803e-02 6.374215726199877752e-01 1.027534419019374423e-01 4.229609557121725705e-01 4.901593606389720997e-02 1.773416671524778998e-01 1.437258084066388442e-01 5.761712534138544450e-01 1.067115293547437477e-01 9.228431934690344007e-02 4.559667608014096596e-02 3.594615056318700153e-01 3.136042235586679328e-02 2.896661552402084172e-02 1.437853608144743500e-01 4.031609789145689654e-02 3.356145426646685581e-01 2.373318299402291665e-01 1.574153532594236293e-01 3.251316730009425338e-01 4.635475907107384219e-01 6.325504983728051644e-02 4.945994834040560312e-02 9.853179349612453675e-02 5.628773786498963982e-02 3.469136935531470789e-02 3.623589654910746582e-01 4.376153914562517788e-01 4.020872915191396335e-01 4.314905957658176083e-01 1.137540387450841212e-01 8.535291068282685467e-02 4.124929516991654999e-01 6.147298606254589237e-02 3.246476089188157776e-01 1.582605018762528459e-01 2.757957527172315015e-01 2.625878548243485919e-02 5.710043557133695491e-02 9.177709546401931207e-02 2.191332576817929256e-01 2.377646281832639097e-01 1.783564729339171262e-01 1.868271569869125737e-01 3.610351647036509903e-01 5.508304844134151446e-02 2.414729062022152872e-02 7.093527088252923885e-02 3.218965667929344354e-01 2.996206592446323813e-01 2.976666261599262286e-01 6.192314806632877311e-02 3.415798904090863175e-01 
1.033274411947941174e-01 1.172304164022577450e-01 1.515403118486512157e-01 1.977604572020821294e-01 1.423323737696754188e-01 5.425727362083897498e-01 6.257947817268323665e-02 2.363204698899453587e-02 3.384404127558177794e-02 1.108697497682375188e-01 6.178789395779680366e-02 5.784632970055421097e-01 6.686909112578624803e-02 0.000000000000000000e+00 1.670565180761193480e-01 1.016138351415015462e-01 2.975321608106184720e-02 1.522827087026289161e-01 1.197651105945080618e-01 1.197803539960251434e-01 1.054211024989785417e-01 3.058856549910523442e-02 1.473246523106290506e-02 9.029639384217878761e-02 1.437274374526982257e-01 6.238655803083922313e-01 7.884214809643576294e-02 1.898938621792555306e-02 1.771766012375551314e-01 1.801819753225755022e-02 1.234351377988478909e-02 1.338012682835673373e-01 1.628021773920597035e-02 1.109737660365658213e-02 1.169102173841608666e-01 2.487847643568440181e-01 1.729166582358120374e-01 2.032752122879486617e-02 5.187055210971722730e-01 1.297784514379013258e-02 2.490480026258535054e-02 4.167979639388588731e-02 7.505566772052343905e-02 8.937680890209744045e-02 3.740798519435938885e-01 4.011920812430357780e-02 7.016892374053584902e-01 1.221382682879125145e-02 1.253575399035583293e-01 2.110848629825198483e-02 3.104476576521039699e-01 1.100503040953896006e-01 1.177970674255218592e-01 8.172729548179462344e-02 1.160794593465713787e-02 1.770012522000341884e-02 7.554364779220190673e-02 1.433760880169454577e-01 6.537316207210408514e-01 6.011913415451886761e-02 8.404935532259547037e-02 1.113734610156267568e-01 6.332505872616446541e-02 2.226433183029254831e-02 5.998630581196404826e-02 6.319144374067370284e-02 
7.214068873268356663e-01 1.289916079550903760e-01 3.428033720576549592e-02 2.203232490938143162e-01 1.278404961863980893e-01 7.904017473629965096e-02 3.429704772817398495e-01 5.127476555897027000e-01 6.102116112599613729e-01 2.572743539207509866e-01 4.198692101544150290e-01 2.178384419143672979e-01 6.374215726199877752e-01 1.670565180761193480e-01 0.000000000000000000e+00 1.180369441119658858e-01 4.085204849750345701e-01 1.089980493739760026e-01 3.020814715509523296e-01 2.523905748381992109e-01 3.232707970440217293e-01 5.137818171914442650e-02 1.209825089594575021e-01 2.739179355597225196e-02 2.629434200702354119e-01 4.851690668879504731e-02 9.539372786294929296e-02 2.354511724101433501e-01 1.196106338059263474e-01 5.425522136980298615e-01 3.117142085183756683e-01 2.162233452684339807e-01 4.586163728439575649e-01 3.999388518175236440e-01 1.051139023339883460e-01 9.343454396633452119e-02 2.082691993046284218e-01 2.380501478472845170e-02 1.658144891842526850e-02 2.962802979688713423e-01 3.386652816496845686e-01 3.310990593447173946e-01 4.043641509347580265e-01 2.719827474138749035e-01 1.876679477292898801e-01 4.495394629107605788e-01 1.077599704842442385e-01 3.747985517397939281e-01 1.768902186442636026e-01 2.344034853654606843e-01 8.642287558400361946e-02 1.677421661347282544e-01 1.941625309426681378e-01 3.207455524314857809e-01 1.837779681767863771e-01 1.972429162448342266e-01 1.633745551552369668e-01 3.199972211055456817e-01 6.773563075931286759e-02 5.942244733580939048e-02 1.074983818222271653e-01 2.445342815731578190e-01 3.026782812313080218e-01 2.722260046527841260e-01 3.190692602741711237e-02 3.402565058678325705e-01 
1.905615513299237507e-01 5.694201883183770685e-02 1.615699677492315744e-01 1.703919011792072100e-02 1.390067204229507858e-01 3.268385927581021061e-02 1.286579305043990540e-01 5.347156192237696726e-02 1.030124279945712484e-01 2.756104619994421134e-01 6.633125245970994573e-03 2.759199728803713239e-02 1.027534419019374423e-01 1.016138351415015462e-01 1.180369441119658858e-01 0.000000000000000000e+00 1.386607577967189919e-01 9.627139159649995837e-02 9.802192942924514707e-02 4.707419565546703405e-02 2.037202379510590425e-02 4.274757428789091596e-01 6.870796786138142487e-01 4.123205899842991018e-01 3.194937839193333629e-01 2.952383099566067634e-02 2.151218383163815140e-01 9.470354800385454019e-02 3.682457961329612672e-01 1.008769762969421169e-01 1.296579500050761558e-01 9.853721376457813541e-02 4.328782820264630293e-02 1.967819060593037073e-01 5.203510026411112266e-02 7.995458579886033368e-02 9.139732206934682301e-02 1.566606152919258477e-01 4.223019640541236797e-02 2.141513108638191110e-01 3.909929429270720541e-02 1.730421826850439548e-01 1.242351042916502585e-01 8.201320911234330491e-02 8.221044553276496414e-02 1.828023891060681361e-01 1.109326191666311912e-01 1.645396954692414648e-01 4.006995938824086667e-01 2.511790125723138978e-01 6.840104857585452801e-03 1.445504693396993945e-01 5.995905846419958413e-02 9.835379788582508664e-02 2.151550349546501317e-01 3.573286742267060001e-01 1.118477925724245398e-01 1.464218964894011821e-01 6.741159577043349949e-02 2.808249339924265287e-02 7.216584039145637619e-02 3.963474490555454061e-02 2.110692957725387453e-01 2.043348150713844014e-01 1.005886074831936067e-01 2.433400984101220244e-01 
3.005476190065429765e-01 8.507843350496410717e-02 5.190786904926433798e-02 1.022658422167113390e-01 4.788334559053352146e-01 1.022743132081635475e-01 8.207266152477465937e-01 1.126603356565650804e-01 6.509142349880238099e-01 9.656340705191446272e-02 4.546527359481160324e-02 4.357669658285181352e-02 4.229609557121725705e-01 2.975321608106184720e-02 4.085204849750345701e-01 1.386607577967189919e-01 0.000000000000000000e+00 9.740496169476253741e-02 2.926504162694031352e-01 5.152556810404967935e-02 9.890088935280821891e-02 1.939415514217611089e-02 1.962461875910695153e-01 3.329009980129119667e-02 3.200876224240699341e-02 5.671020066389751563e-02 1.869290429649363983e-01 2.168191862743618359e-01 2.231231974191456163e-02 3.286484039834526860e-01 3.417381330737761375e-02 4.569842378946505912e-01 2.819565618460241341e-01 1.900549963871215053e-01 1.622902106613638776e-02 4.701220139947378390e-02 8.781598149604770420e-02 1.229994830078205426e-01 1.090819208476270508e-01 2.934306247715934290e-01 1.161854697344769510e-01 3.020984836477519919e-01 4.165497491409066999e-01 2.831095531730292575e-02 1.394561986681360638e-02 2.189256012182768940e-01 1.342626997860265486e-02 3.097083283800962650e-01 1.472899286182680900e-01 2.510850730620722282e-01 8.760803271716173513e-02 1.448869376846776968e-01 7.469177547206932999e-02 9.810159953086060314e-02 1.957412401239793653e-01 2.302634968122660719e-01 2.090391722530019480e-01 2.553611234031389343e-01 4.872924966801415320e-02 2.417457502158809265e-02 3.297144598761676121e-02 1.881448847683413195e-01 3.009926543904142826e-01 1.662901390764067455e-01 1.624045210403229911e-01 3.663123914136874881e-01 
2.457005859282258564e-01 1.817692391123958973e-01 2.039861234862476169e-01 4.060770714735242870e-02 8.641541017071924236e-02 2.575421281125566675e-01 4.261288905333187466e-02 2.088748081185852479e-01 7.115960820984759683e-02 1.954263951807717198e-02 9.352147755058062839e-02 1.037826088882771447e-01 4.901593606389720997e-02 1.522827087026289161e-01 1.089980493739760026e-01 9.627139159649995837e-02 9.740496169476253741e-02 0.000000000000000000e+00 1.520301848072634909e-01 5.690687367185428558e-01 4.976944823674486762e-02 1.113631979216270218e-01 3.268412386211293902e-02 4.411202300215445460e-01 4.540575553499846123e-02 2.112929123592906244e-01 4.384135355846399684e-02 2.160044841365560964e-01 8.222207061817880802e-02 1.267565822027200660e-02 2.336650063359046181e-01 8.428406362545487474e-02 1.407391011052293306e-01 3.644144295074745743e-02 3.048556820414265456e-01 1.762202390131619167e-01 3.265403801925627347e-02 7.808748206839913331e-02 1.119880781569945055e-01 6.494298426635855548e-02 5.168858437734901584e-02 3.759743900541543532e-02 3.276500988283033433e-02 3.636741164631437234e-02 2.450636736920579206e-01 3.758166068550785471e-02 2.663963063089220262e-01 5.475779746326860792e-02 6.141304374511822456e-02 7.178990762113313107e-02 1.613313972372135974e-01 3.344667054377213622e-02 8.883365410802251949e-02 1.893922044519423184e-02 3.402280670847904198e-02 5.784015828117587514e-03 9.393864942120200290e-02 3.203927498786055678e-02 2.929621421916898671e-01 1.448266803192846397e-01 2.419861167007594793e-01 1.079980413224567726e-01 6.310160218588883874e-02 6.325143347832114238e-02 8.730316717465956555e-02 8.161191615768435825e-02 
2.697652036440202905e-01 2.527811973607930751e-01 2.727465374864548528e-02 4.859920601253010092e-02 1.517523965111821360e-01 8.203716192136276120e-02 2.280571989611218098e-01 1.229251632170615671e-01 2.269113506503294131e-01 1.603301630029018918e-02 7.360464139364827907e-02 3.395764867261213404e-01 1.773416671524778998e-01 1.197651105945080618e-01 3.020814715509523296e-01 9.802192942924514707e-02 2.926504162694031352e-01 1.520301848072634909e-01 0.000000000000000000e+00 4.928745024650039164e-01 1.539931829063595319e-02 5.733156690314960419e-02 4.460741112993531210e-02 8.423133443797052589e-02 5.091935173209762716e-02 9.241924017055516694e-02 1.530357837641853000e-02 3.342630904668845160e-01 8.479350733530550965e-02 2.635138668490992764e-01 6.071930611657969795e-02 2.107855632529452850e-01 2.168702186565343581e-01 1.411298595750715146e-01 2.441410928668532321e-01 1.000037539525673452e-01 5.600007755224047784e-02 9.475549199545958701e-02 5.339672262000492997e-02 1.548510697177138407e-01 4.319413335276345300e-02 1.816726297350221009e-01 1.156352601094456506e-01 3.503663022841884550e-02 1.104499142007649981e-01 4.796658918626412610e-02 2.209179873336363994e-02 1.536692648984936405e-01 1.152871639843191104e-01 1.491151045827678878e-01 8.115525468366002748e-02 1.615931489192025394e-01 1.510699410740712068e-01 2.404099530918612712e-02 8.000817917330149687e-02 8.211134837154561439e-02 6.759204802235081744e-02 1.237662291182314717e-01 5.579981665105621796e-02 1.362810037179290890e-01 2.147378636404352614e-01 1.078702446880144133e-01 1.377717160853850209e-01 8.558731656559548373e-02 9.482902974994400491e-02 1.370081834239659235e-01 
3.832685239828037549e-01 2.459031316439275749e-01 2.445743487021006385e-02 1.824112227202495662e-02 1.000083119562154010e-01 1.936277919339609299e-01 1.491894915476514767e-02 1.967079888372933461e-01 9.428961363855060951e-02 4.725774073923475621e-02 1.018037534168603625e-01 2.214167428356697276e-01 1.437258084066388442e-01 1.197803539960251434e-01 2.523905748381992109e-01 4.707419565546703405e-02 5.152556810404967935e-02 5.690687367185428558e-01 4.928745024650039164e-01 0.000000000000000000e+00 5.076120850662568101e-02 3.051473463634430880e-02 2.654504531197960163e-02 1.271329895499404838e-01 6.463583221607896445e-02 4.172164705069948687e-02 1.238104160533068931e-01 2.978023696684937716e-01 8.879648645223295333e-02 2.480578427704917543e-01 2.169941577314359049e-01 4.814931687206604888e-02 1.977866534285045719e-01 1.656222432803281519e-01 2.873004239212652022e-01 1.529583651202763572e-01 2.115604661042315079e-02 7.759573067017086836e-03 7.081369850116807363e-02 6.201771793877920019e-02 1.153103940087759766e-01 8.039148479970416317e-02 6.209816787129093796e-02 4.311623498589407105e-02 2.161511653071177541e-01 6.688705465241812087e-02 2.260772153997862022e-01 6.356344770761683527e-02 7.396794280809093625e-02 6.535260561347183694e-02 1.682802206338226136e-01 7.742283999445370712e-02 2.005949517107596669e-01 4.430583554838277149e-02 1.019863034783732997e-01 3.308116811579772665e-02 3.415190964834687731e-02 8.412374820138862619e-02 1.911509364268282052e-01 1.919903522529459172e-01 2.612352303543495902e-01 1.419239979261076312e-01 1.099406408337183089e-01 1.757280327574197443e-01 2.449910758874786210e-02 1.026454210283832408e-01 
2.190860262645146772e-01 1.386281192513236782e-01 7.344416021846902898e-02 8.461207809674060609e-01 5.486403981863657159e-02 2.187263516565970609e-03 1.179614921421939105e-01 2.888654375326208390e-01 2.327379194412035890e-01 4.633484396658504312e-01 5.625161469336943387e-01 4.568428640982801631e-02 5.761712534138544450e-01 1.054211024989785417e-01 3.232707970440217293e-01 2.037202379510590425e-02 9.890088935280821891e-02 4.976944823674486762e-02 1.539931829063595319e-02 5.076120850662568101e-02 0.000000000000000000e+00 7.686677525967032347e-03 9.343562459709782442e-02 2.793395013166013671e-02 5.722158512384498685e-01 2.082476922875518485e-02 9.066599211351666909e-02 1.097673770381640129e-01 1.323118988141595287e-01 1.144444598105323341e-01 1.087347093893492045e-01 5.900825116139771925e-02 9.028262084255593567e-02 3.152746400116928083e-01 1.355302677737534323e-01 2.146385614802593517e-02 1.616759424886937413e-01 6.236887308126824736e-02 1.189654447120495721e-02 2.181584519199959715e-01 3.877292323080605563e-01 2.506918190437735228e-01 8.601006899531986327e-02 1.898381109300227298e-01 1.876468899759180520e-01 2.943967044878537664e-01 1.954521975305172909e-01 1.845532088103229718e-01 6.275024618744907967e-02 1.294462065871274103e-01 2.468118304866184776e-02 4.657618861699646534e-02 1.296130468817735006e-02 1.093470002319880119e-01 9.646137140749053152e-02 1.243700385301562822e-01 6.413172491706842226e-02 8.227108034052314778e-02 1.147330709499045226e-01 9.806319894232663759e-02 1.211670734291882406e-01 1.244120314837757479e-01 1.261815302856249266e-01 1.592499912907179294e-01 4.204639543983759720e-02 1.260084990630803148e-01 
1.295142501687847891e-01 4.818725368005404713e-02 7.043637022707972817e-02 2.925903856965364827e-02 1.482357304877757187e-01 4.340991315278474455e-02 7.994485275576546091e-02 2.157232104411612242e-02 2.870256760879899560e-02 3.335441424916952835e-01 2.041030634596883650e-02 2.756665708572606302e-02 1.067115293547437477e-01 3.058856549910523442e-02 5.137818171914442650e-02 4.274757428789091596e-01 1.939415514217611089e-02 1.113631979216270218e-01 5.733156690314960419e-02 3.051473463634430880e-02 7.686677525967032347e-03 0.000000000000000000e+00 3.355504214383998596e-01 6.398661532149619857e-01 2.584950053446297691e-01 6.458460544884730981e-02 3.173511459583326921e-01 2.711488249225229089e-02 3.041512591295874035e-01 1.796592621901062781e-01 2.691769013752881023e-01 6.838318587735341125e-02 3.567561320072250575e-01 1.858236780276496802e-01 2.001821886852782686e-02 4.284127691600311816e-02 8.364386224781783508e-02 9.436826331897595066e-02 1.839095005688281409e-02 1.699450376130720031e-01 5.615737990952415076e-02 1.457844140573739122e-01 1.990838956570550877e-01 1.372194627800001759e-02 1.222470810247324943e-02 1.638308441184244679e-01 2.761007042332188147e-02 1.587776619556830471e-01 1.180889066286554268e-01 2.120887180744994993e-01 1.811637848515835342e-02 9.274296770856214900e-02 9.662324008801255470e-02 6.268500745378555172e-02 4.003591794809190363e-01 9.481873853846897737e-02 3.928077581108512240e-01 1.263033481990095963e-01 7.617369045090667014e-03 1.286210384787055128e-01 8.335263260291143894e-02 1.990667651501824564e-01 2.310889000436489871e-01 2.116815630915916124e-01 8.141202992080621981e-02 3.165828500352299568e-01 
1.392259901776716768e-01 2.709006036052363231e-01 3.048802738765910014e-01 1.491307860449365419e-01 3.291161833159184646e-01 4.758447621374525816e-02 2.446228946477956856e-01 3.392144715336466859e-02 1.421209636545350818e-01 2.753572862087013129e-01 1.088294603941117496e-02 1.045604804441053748e-01 9.228431934690344007e-02 1.473246523106290506e-02 1.209825089594575021e-01 6.870796786138142487e-01 1.962461875910695153e-01 3.268412386211293902e-02 4.460741112993531210e-02 2.654504531197960163e-02 9.343562459709782442e-02 3.355504214383998596e-01 0.000000000000000000e+00 3.709049600799416702e-01 1.981486358508673107e-01 2.262456413564602545e-02 1.002703542461437503e-01 1.412202143766891071e-01 1.518822249568023974e-01 1.200895561022734398e-01 3.685959010995539659e-02 2.189874201993241842e-01 6.043069265631485082e-02 2.101737528893345142e-01 1.725011059333703412e-01 1.389995919989667761e-01 1.775878580424233022e-01 3.538931357085265406e-01 6.034006091510696335e-02 3.291325383921392400e-01 1.217882963660948253e-02 2.641799571239852318e-01 1.478706684804640403e-01 4.993414642739157222e-02 7.597550708528147401e-02 1.725407219861597452e-01 1.779478459725178027e-02 2.655932218891811081e-01 4.472380211500112113e-01 3.651279727102129113e-01 6.398910664202123177e-02 1.085483598583398684e-01 3.822653094394054714e-03 8.548661284115004200e-02 1.169008124559804546e-01 6.127561007358981460e-01 9.088580292511362971e-03 8.732855620918601736e-02 3.140432476512795140e-02 1.228978946653505253e-02 4.427090727828943140e-02 3.653996305150195717e-02 2.968876213673964926e-01 1.778200280990037407e-01 2.849485704986421397e-01 2.856478429015745224e-01 
2.940274241232493022e-02 4.183789101486498282e-03 4.807433635800801297e-01 3.427971589788124385e-02 2.344782939208504835e-01 1.723418106687438500e-01 1.569959711762433652e-01 1.029855540689426502e-01 1.187797210674171045e-01 2.420229702205436983e-01 1.900646905098043668e-02 3.548521120889131658e-02 4.559667608014096596e-02 9.029639384217878761e-02 2.739179355597225196e-02 4.123205899842991018e-01 3.329009980129119667e-02 4.411202300215445460e-01 8.423133443797052589e-02 1.271329895499404838e-01 2.793395013166013671e-02 6.398661532149619857e-01 3.709049600799416702e-01 0.000000000000000000e+00 1.565554927375327199e-01 1.622983488563240762e-01 1.794474623420117820e-01 4.356653176075758749e-02 8.621518862164889718e-02 3.479678173324084189e-02 1.532432328875476049e-02 1.593941098474962736e-01 2.391345777413090012e-01 1.071845353645567572e-01 1.235128840222841362e-01 1.446046123091523361e-01 8.658589427381284398e-02 7.302644788589827962e-02 8.804053297999395178e-02 1.290667200707006912e-01 1.561797904359284520e-02 9.995889487587994449e-02 1.239719575291278048e-01 1.592375202598728459e-02 1.187139234707584867e-01 1.135040659238226723e-01 1.285515130692750918e-01 1.055244103487671253e-01 5.057048358415947714e-02 1.591936524783491014e-01 8.323886278675651784e-02 2.005059392078042957e-02 9.963412954163012106e-03 4.604930628600936715e-02 3.283869286157906631e-01 5.643215530542458613e-02 4.132177154323225521e-01 7.499550236230639877e-02 1.645063261299523905e-01 6.450003482372984598e-02 6.838304132037087424e-02 4.096459019812268010e-02 1.733585230819520984e-01 1.185812042400913729e-01 6.559980469103322831e-02 2.577082520436885238e-01 
