0.000000000000000000e+00 1.018058676138633156e-01 2.607354896518778581e-02 1.817157054239888492e-01 1.157050007555755489e-01 5.512969893566586899e-02 1.788778402085480779e-01 5.296956040067890559e-01 3.727954433765197639e-01 2.519496020385950663e-01 2.388633440169813660e-01 5.497374529389940229e-02 5.231492868976057586e-01 7.393513110903950081e-02 7.210029711045196077e-01 2.169715273440899761e-01 3.268897130139232776e-01 1.747492698017943380e-01 1.987161512432736310e-01 3.385293641160362355e-01 2.597196131409416076e-01 1.099255035669489539e-01 1.150288135278908636e-01 4.519210102777861809e-02 1.863866511675150994e-01 4.272487461635186834e-02 1.393972054142037648e-02 2.302833865029494664e-01 8.384078680800567673e-02 6.340316093509262840e-01 6.117357369564885294e-01 2.263075286838633071e-01 5.298648298628615416e-01 3.462033908957360406e-01 1.035708862673203057e-01 6.869663763696609582e-02 1.693770246943296087e-01 1.181198717459211803e-02 1.102537629364743269e-02 1.797426843419247244e-01 2.954463018601922175e-01 2.389456672340008470e-01 3.745223341482327162e-01 1.528148472382648004e-01 9.872418518969150458e-02 3.355957115304616378e-01 7.424696646108558395e-02 2.551630748542002558e-01 2.181847917838139472e-01 1.880599488661307828e-01 4.728195123812002632e-02 1.243007269695031725e-01 1.596667971514370565e-01 2.232366813741666345e-01 1.768572066677259469e-01 1.969529761212498453e-01 1.688720402774941121e-01 3.231180796455742077e-01 2.694804916983503662e-02 4.614760509236064123e-02 1.197469700177226926e-01 2.630797185691297058e-01 2.757524018817781863e-01 2.727412549687502352e-01 3.631481642926482484e-02 3.116639982631517758e-01 
1.018058676138633156e-01 0.000000000000000000e+00 2.598732045375701794e-01 2.236257407171974576e-01 2.267565655765301225e-01 2.920118384823752189e-01 1.148858211912589106e-01 2.043054486050580043e-02 2.640772355351404116e-02 4.416127428464017984e-02 2.260489274302322077e-02 2.229100852017126544e-01 1.078089723309413606e-01 7.817450386852650701e-02 1.054452448500158845e-01 7.095736923224973958e-02 6.822085333939800766e-02 1.790113942566254890e-01 1.977500378332704145e-01 2.465426737836684812e-01 1.245128493957285976e-01 6.743870133137186418e-02 2.920842598685817748e-01 5.012961897752352125e-02 1.867209371120341077e-01 2.917522608738010170e-01 4.093697578553667782e-01 7.831116500670344260e-01 2.631083511412481424e-01 2.336449272032655247e-02 4.725910656906981422e-02 1.765225671838207000e-01 1.665238568358610310e-02 4.250908206470866563e-02 6.543355997457683815e-01 2.565704947115322876e-02 1.691876777841866408e-01 1.477624441008683343e-01 2.496628381805527652e-01 7.066408621921914379e-02 2.960708223036522327e-02 5.471447349643337316e-02 1.184091462570203146e-01 3.591915814091296150e-02 2.533902716125760457e-01 3.158734704216144967e-02 1.428284991303495066e-01 3.715237197756440096e-02 6.450931806794812928e-02 1.264556605876306777e-02 2.587315828544814456e-01 2.200431510755703202e-01 1.908373374816793311e-01 4.900166222834790447e-02 7.230818645139142076e-02 1.594826120841439099e-01 1.295630087505784123e-01 2.350973130838016900e-01 2.264416037379915481e-02 1.931903881720925253e-01 5.253021550248946347e-01 1.137638000997656801e-01 9.833904138282462126e-02 3.405874561052597144e-02 1.797345596647368648e-01 1.196027993970420616e-01 
2.607354896518778581e-02 2.598732045375701794e-01 0.000000000000000000e+00 6.016597809114865997e-02 2.770245408794508313e-01 1.777575595023247745e-01 2.352760876998525041e-01 5.927159149398412291e-02 1.537008173522857457e-01 7.940315962042075737e-02 2.064016207038410489e-02 8.309558065124779402e-02 7.644099792117795521e-03 1.066633270670038353e-01 6.145477754316341218e-02 1.725313704004979298e-01 5.578236833984401982e-02 2.280013597162893202e-01 8.077019925055713145e-02 2.419679591177806982e-02 4.803676800114241308e-02 1.475560837228412081e-01 2.934561411977251733e-01 5.107952349099588174e-01 1.127036318186891428e-02 7.516824276156841567e-02 1.134721047599639571e-01 8.728542692992684315e-02 1.279827026207738805e-01 8.684482444074974328e-02 5.141478125100593793e-02 2.546361642150198890e-01 1.583316076929611529e-02 1.285092881627613627e-02 9.959753645346225426e-02 1.885390276939966359e-01 2.463473115090110410e-02 7.442994225131226160e-02 1.408187951157560958e-01 5.169465125556992752e-02 4.635142505862476642e-02 1.385962582222310772e-02 8.053517476426512445e-03 2.958673916722412076e-02 2.036074971289767999e-01 7.460691889421334523e-03 1.707486048980819127e-01 2.554912408942557750e-02 1.317724781933602915e-02 4.835689645516568630e-02 1.175772244004599371e-01 1.168050924990696599e-01 8.477327413727422933e-02 1.090757243699615360e-02 1.155498639024646473e-01 1.047468656558025839e-02 2.214286352608459130e-01 1.575068848354483839e-02 2.365058144457977962e-01 5.169383081809746094e-02 8.204776884100822842e-02 8.702735247758369708e-02 3.420241075500991129e-02 1.725091217898586798e-02 8.292584715072831569e-02 7.483839327831989796e-02 
1.817157054239888492e-01 2.236257407171974576e-01 6.016597809114865997e-02 0.000000000000000000e+00 3.639810662227167121e-02 2.282305784201545465e-02 7.325620696873751114e-02 2.560445349774331802e-01 1.258854864041935306e-01 3.779963110681722749e-01 3.441063294622725977e-01 1.447627092611144528e-01 3.722498180534072887e-01 1.968052803322031252e-01 2.131667980607144242e-01 2.961164902657121775e-02 5.677215541867700749e-02 3.277472043290821646e-02 9.752384487593060425e-02 1.500480022250556648e-02 8.470459698357399869e-01 2.445879639533556776e-02 1.269440070095443351e-01 1.841614928432642670e-02 5.046526925566588995e-01 7.492680500822546108e-02 1.900435157797513430e-01 2.049757167792006507e-01 1.927610551995763699e-01 1.141333942546058494e-01 1.316082487918902866e-01 1.096125221564514876e-02 1.039419493372450848e-01 2.194804846715654734e-01 2.402429931657146800e-01 6.508989599772338486e-02 2.304371279480571244e-01 4.758642576248205830e-02 4.446712970979477958e-02 1.230420498403917845e-01 2.428175658647734325e-01 1.639166843531943696e-01 4.525479321260454657e-02 1.112232110375755839e-01 1.864533952463066080e-01 2.265635034225347844e-01 2.241696310205126830e-01 1.372960905169531010e-01 5.918347176046006436e-02 1.166734679280469061e-01 4.732793447853333307e-03 1.015625249199896274e-01 3.314276571534763294e-02 3.651380836247580114e-02 1.089277317635224257e-01 1.537508004036207410e-01 7.268581630135381721e-02 4.678695130074037034e-02 1.616657254151245560e-01 1.500778026138196442e-01 2.398601283981302568e-01 5.506094728247048348e-02 1.137434176958095067e-01 1.278022729234797872e-01 1.847562922350644982e-02 1.084116494551784354e-01 
1.157050007555755489e-01 2.267565655765301225e-01 2.770245408794508313e-01 3.639810662227167121e-02 0.000000000000000000e+00 1.094030594990883232e-01 8.139090712692309548e-01 9.743586586903936475e-02 4.201580880073224611e-01 4.065475289685555743e-02 1.721790819528374802e-02 3.974048309404599189e-01 1.228431570145131907e-01 1.409286832205332574e-01 2.033316441487141579e-01 1.804125436965316465e-01 5.362102708781976146e-01 1.336715610726789960e-01 1.439990623732436137e-01 1.156553210776344043e-01 1.026837724973330042e-02 1.211763635185174881e-01 4.004505565969005976e-01 1.790693214161893643e-01 5.562081889041572275e-02 8.766593682785601971e-02 4.340984594981769570e-03 5.693645379332321066e-02 8.342492509566991343e-02 2.979501958096093528e-01 2.070163649705809156e-02 7.334034595908579535e-01 1.930757983185157900e-01 1.444254282960551541e-02 1.249470891438212578e-01 8.012640590841273169e-02 1.330159770070157149e-02 1.101215825341728127e-02 8.765585923422965220e-02 2.632569161552416465e-02 3.441520702640871177e-02 2.232549848000494816e-02 2.337867320709625107e-01 1.769039294364895334e-02 9.086631653860597138e-03 3.581718628382402764e-02 4.067306215142891396e-02 7.234473593552066817e-02 1.675486105813651927e-01 3.510669608322734836e-02 7.910636110327588788e-02 7.077615142006184190e-02 5.621158647022243132e-02 2.078339722261430753e-02 1.002738139760177838e-01 3.120940999200432220e-01 1.491086893715600492e-01 1.063161021723059291e-01 6.068703263877247428e-02 4.491199102319551328e-02 3.398179160111160918e-02 9.642447134554316124e-02 1.394053788704960051e-01 8.951557979008506472e-02 2.134494147491167518e-02 1.781293658316162876e-01 
5.512969893566586899e-02 2.920118384823752189e-01 1.777575595023247745e-01 2.282305784201545465e-02 1.094030594990883232e-01 0.000000000000000000e+00 1.082356977182545588e-01 1.189395053381514002e-02 1.461102213796454663e-01 5.542899955727979833e-02 2.025359781014975449e-02 1.745342812145206923e-01 8.056877894351753555e-02 5.248405715773493130e-01 1.103127559125628293e-01 5.669212515224636428e-02 9.106410600405882849e-02 2.415196346866949062e-01 8.722244529787501199e-02 2.125266198089290348e-01 6.360684375597017159e-03 5.894763788354362433e-02 4.373654208997190124e-02 1.624818517396843798e-01 7.671952713379870392e-02 6.990416408542974303e-01 2.801261072814800746e-01 4.401540832179678953e-01 3.550091130977754694e-02 3.329623248171463545e-02 3.307041162889113456e-02 1.258873437767722703e-01 2.472071605692800766e-02 3.318042551951887187e-02 3.289189542963044666e-01 1.256232738739565813e-01 4.648640806377424967e-02 6.689326718713524411e-02 7.196431815870901749e-01 2.220423013817201044e-02 2.460379122359430959e-02 3.706048412532941816e-02 1.019571975793351903e-01 5.109804096890852888e-03 3.163492895618464917e-01 1.838884319438425716e-02 4.906370317064822073e-01 2.705866931383759180e-02 5.158303428382585154e-02 4.321178739063756546e-02 2.549453579545186699e-01 7.867841015687629391e-02 1.488070548022555478e-02 1.414365235088567083e-02 5.004623471211422370e-02 3.612481572684038411e-02 1.102079082944292521e-01 1.102564414690354877e-01 6.071501349146901649e-01 2.706345190071350881e-01 3.502282121570948759e-01 9.664038386348731968e-02 6.255016550775185924e-02 5.645192701755200049e-02 1.384319828494448568e-01 7.725205722168171363e-02 
1.788778402085480779e-01 1.148858211912589106e-01 2.352760876998525041e-01 7.325620696873751114e-02 8.139090712692309548e-01 1.082356977182545588e-01 0.000000000000000000e+00 1.315671141132007116e-01 6.573387925211884308e-01 5.028249016197704202e-02 2.007580611185124861e-02 3.115629983230781552e-01 2.986776326796753422e-01 7.062981005179838623e-02 3.410610524678348576e-01 1.945234582193591244e-01 7.474544844573139946e-01 1.109640373812054298e-01 1.514251267096984044e-01 1.083584499866463158e-01 6.253970588246370033e-02 1.052945551370334798e-01 3.602184933555511170e-01 1.682602739142195214e-01 3.140654966575781581e-02 1.115000140846481164e-01 8.236557364386186408e-02 4.488503421883650868e-02 6.134445925161123581e-02 3.269527745257364559e-01 6.878490941510032389e-03 6.227703842010412494e-01 2.345083690394766662e-01 7.093765118345356224e-02 6.046584021750989885e-02 5.755574458737801324e-02 1.088316996012113763e-01 6.097036918323234245e-02 9.325285881209072203e-02 1.273247792549729862e-01 9.316668353444862438e-02 1.529627353024676228e-01 4.048978565067340440e-01 3.042323864354792504e-02 5.140945778993766951e-02 1.474678354650876544e-01 1.350528471137462695e-02 1.920674667445727846e-01 2.038232420699092329e-01 1.171196073768728529e-01 7.248091877907000824e-02 6.647894433939796621e-02 4.776879708305713235e-02 9.436399415432565607e-02 1.254388367107071856e-01 3.290379780524131381e-01 1.677758446230088185e-01 2.467786107661707473e-01 4.979274331364277884e-02 1.689873612098827943e-02 1.725377562918492882e-02 1.470073606048130088e-01 2.239311531894912499e-01 1.248173635880400617e-01 9.813757564246786136e-02 2.692163786677518322e-01 
5.296956040067890559e-01 2.043054486050580043e-02 5.927159149398412291e-02 2.560445349774331802e-01 9.743586586903936475e-02 1.189395053381514002e-02 1.315671141132007116e-01 0.000000000000000000e+00 2.237527780930237964e-01 3.100404845361200423e-01 4.272004709005176593e-01 1.727578871037430824e-02 3.908842950279515227e-01 2.212885406855411019e-02 4.971826672926389357e-01 8.438540803603648832e-02 1.607410279521347407e-01 1.758556260283235528e-01 8.295215779840028891e-02 1.861557065315070925e-01 3.312767944421774469e-01 4.784140095663348691e-02 1.112040279460653480e-02 1.364107124823573380e-01 4.061734718501137098e-01 1.733185829993345514e-02 1.073282537555457078e-01 7.268254830175140124e-02 2.720160006442607914e-01 2.044785805461604433e-01 3.940245805202225449e-01 8.827309216584022789e-02 1.249364617460171772e-01 2.944325502675809170e-01 2.143005646029122122e-02 5.509893074668623797e-02 2.568098562537150520e-01 8.941201660116263050e-03 2.928874280644227363e-02 1.444499072314166799e-01 3.108687753089993677e-01 1.908964423610470251e-01 2.018587876895500677e-01 2.709885868655067531e-01 9.075739414612722655e-02 3.451954353818315058e-01 8.075489916750330788e-02 1.728563081191601125e-01 1.064876355148971637e-01 1.517918174028121681e-01 5.308955660030122148e-02 8.445114599004835410e-02 1.244994827469575460e-01 3.457870405481712206e-01 7.830025289374503705e-02 6.980653812276559067e-02 8.435164166793164553e-02 2.134772025309128185e-01 3.737257546776312500e-02 1.217861979843506449e-02 2.585597417737932335e-02 1.237824048643259151e-01 1.815921396218701245e-01 2.122958543723545144e-01 7.675401794606490080e-03 1.850128268065865389e-01 
3.727954433765197639e-01 2.640772355351404116e-02 1.537008173522857457e-01 1.258854864041935306e-01 4.201580880073224611e-01 1.461102213796454663e-01 6.573387925211884308e-01 2.237527780930237964e-01 0.000000000000000000e+00 1.759104627578319258e-01 2.092197490280301164e-01 1.219205146910249948e-01 5.243771984860670088e-01 2.302171195922223662e-02 6.425497237140170848e-01 1.374618564930459308e-01 6.633431493355946840e-01 2.641232857845188242e-02 1.864150111701665391e-01 2.626093816081814108e-02 1.971534584561913661e-01 4.375526807371536014e-02 2.048236115480636665e-01 1.164923308755052428e-01 9.273740900950507016e-02 9.460767183400703439e-02 1.890100823388533580e-01 1.826273604204726453e-01 6.836740596743168252e-02 4.601836456414201693e-01 7.709451338638437234e-02 4.840145310357176212e-01 3.710209231207088343e-01 2.356549903308413629e-01 5.282426820767923553e-02 8.918305378116459653e-03 2.036120745116979658e-01 8.171030807189737233e-02 9.431156253342731777e-02 2.430519692050248093e-01 2.091490412779145602e-01 2.926763504836114027e-01 4.302488064344709429e-01 8.681758466675643104e-02 3.122542919698251263e-02 3.007833073143610370e-01 3.847740765702354487e-02 3.026281577021215918e-01 1.819467227107444407e-01 2.272478436383756351e-01 6.461972627554102289e-03 8.388201492722004160e-02 9.020665778734070217e-02 2.083336080970323023e-01 1.343370577013077438e-01 2.376854341942230830e-01 1.551486693408087592e-01 3.216775656965314423e-01 7.500638790819229296e-02 3.426944083046623568e-02 5.774733972297445977e-02 1.897295907778274171e-01 2.917382311412577978e-01 1.973060497857152540e-01 1.177151220057066489e-01 3.281698294147660788e-01 
2.519496020385950663e-01 4.416127428464017984e-02 7.940315962042075737e-02 3.779963110681722749e-01 4.065475289685555743e-02 5.542899955727979833e-02 5.028249016197704202e-02 3.100404845361200423e-01 1.759104627578319258e-01 0.000000000000000000e+00 1.967894355831903419e-01 1.653035690151976322e-01 4.612561001921850479e-01 1.174713359917394090e-01 2.390123172078881530e-01 2.450428136952337577e-01 1.056976969042183745e-01 3.456467714282546871e-02 5.177938311460340143e-02 3.758611239744644866e-02 4.751137879654731555e-01 2.930828515545492174e-01 2.920195406070802968e-01 2.085180744946795728e-01 7.247493980637165212e-01 3.546923884328800902e-02 1.712781092969180852e-01 4.566851215380586526e-02 2.501975083318783710e-01 2.410773301038912630e-01 3.012555380888072287e-01 4.622829414223050826e-02 2.973700273212727674e-01 4.123760471360486402e-01 1.097339839395727878e-01 2.938095704818864326e-02 5.208892313581350159e-02 2.593116211104545266e-01 5.491009805016536238e-02 4.622923463826553170e-01 1.864213576659071725e-01 4.533100468459693166e-01 4.081696410385018264e-02 9.042393135383619551e-02 1.363425566400633566e-02 2.950244099630877637e-01 6.704718583971333579e-02 3.512815823447001939e-01 4.972336961228323443e-02 4.767470635139068880e-01 9.052631348415859924e-02 9.932577467332359689e-02 1.657330644402390737e-02 3.722942068624499057e-02 2.592584218843002608e-01 6.579271597498338731e-02 1.436863611623543369e-01 5.928989595047626238e-02 2.063899912773430045e-02 1.371678048030169628e-01 1.287472543315286433e-01 1.088568945893774731e-01 3.715171395547810507e-01 2.983705508811085871e-01 2.100268673576339562e-01 4.055187874983640084e-01 
2.388633440169813660e-01 2.260489274302322077e-02 2.064016207038410489e-02 3.441063294622725977e-01 1.721790819528374802e-02 2.025359781014975449e-02 2.007580611185124861e-02 4.272004709005176593e-01 2.092197490280301164e-01 1.967894355831903419e-01 0.000000000000000000e+00 9.615823257809044677e-02 4.383997046582138735e-01 6.377871231060840140e-02 3.839813267774697669e-01 8.013085168383400625e-03 2.221108116721202952e-02 9.050910072951304230e-02 6.788639257279917294e-02 1.094416576795481932e-01 5.356186245798358891e-01 1.470124171652766563e-02 3.594381654067381471e-02 3.826877939446773208e-02 3.455552570243386468e-01 1.442115476602162834e-02 1.681272951182781819e-02 8.245717988875958526e-02 9.064909639156157328e-02 2.890824836464155057e-02 8.110693673138910653e-02 1.853894640073936936e-02 1.345633018278340719e-02 2.816192585965497930e-01 2.845653983105389875e-02 3.490640729443171553e-02 1.870705345421944388e-01 9.697695015164944921e-02 1.462359250487537711e-02 7.397148670089981337e-02 3.223718796438888590e-01 1.459307100452851280e-01 5.556215064089170541e-02 4.958763734874337414e-01 1.620233468932757437e-01 3.666921125386237712e-01 1.205775025584137350e-01 1.327355940971400028e-01 3.828556446397626822e-02 5.512441325787452440e-02 7.422717390527686088e-02 4.018853499930404721e-02 9.416451173381193418e-02 4.213242051105888786e-01 3.606368180957829350e-02 8.871921696797331267e-03 2.453709677620658641e-02 1.319370438620104113e-01 7.043981030990059677e-02 2.269777667097997928e-02 2.599623201637661640e-02 7.724703215031100689e-02 1.175475650174113290e-01 1.539532528514360732e-01 5.905063197626518601e-02 9.948115573016347302e-02 
5.497374529389940229e-02 2.229100852017126544e-01 8.309558065124779402e-02 1.447627092611144528e-01 3.974048309404599189e-01 1.745342812145206923e-01 3.115629983230781552e-01 1.727578871037430824e-02 1.219205146910249948e-01 1.653035690151976322e-01 9.615823257809044677e-02 0.000000000000000000e+00 3.829451463726090289e-03 5.769384717064366397e-01 1.049195674193496852e-01 1.876074006786175238e-02 1.116373071431155106e-01 1.300825032508955981e-01 3.412195353619679739e-01 2.256846308456592065e-01 7.788840875937749764e-02 1.231758152606047957e-01 1.123493878152552194e-01 7.546273902798526778e-02 1.247430976824995541e-01 4.188649636699122714e-01 7.721644466830286657e-02 1.301488430865622714e-01 1.671746297473262477e-01 1.688650759476283958e-01 1.180037123373004343e-01 3.964381773577364543e-01 1.887638445299763823e-01 9.172641523277697689e-03 2.706039975092823235e-01 1.896388680091244672e-01 9.523493004180953736e-02 9.648521560005637876e-02 2.284167635742342939e-01 1.024191842340324426e-01 3.781579023765563319e-02 4.169552526471223541e-02 5.477764887828168172e-02 1.357413743233595871e-01 5.434833688540394864e-03 1.493413834833995021e-02 2.482659262730623484e-01 7.765897605957348959e-02 3.265186005495551713e-02 1.432753307524012309e-01 3.013457764601814026e-01 3.738254918977940156e-02 1.386311879842732908e-01 9.755047976800845788e-02 8.937681370793341962e-02 1.558092524134069845e-01 1.466350150404405472e-01 5.910482931554499053e-02 2.419918670990424958e-01 7.855527218592039951e-02 1.801432890463180170e-01 1.639426861762144361e-02 1.594979528044240258e-01 3.297256066030243571e-02 8.973236240245119344e-02 1.938922348074142432e-01 
5.231492868976057586e-01 1.078089723309413606e-01 7.644099792117795521e-03 3.722498180534072887e-01 1.228431570145131907e-01 8.056877894351753555e-02 2.986776326796753422e-01 3.908842950279515227e-01 5.243771984860670088e-01 4.612561001921850479e-01 4.383997046582138735e-01 3.829451463726090289e-03 0.000000000000000000e+00 5.390699330202790990e-02 6.474536952095076847e-01 1.429714376744144200e-01 4.605290738267263095e-01 1.048731869364450710e-02 1.394449608336266189e-01 1.081572596992873836e-01 5.519541758279581378e-01 1.014977183632099489e-01 7.970152312719430698e-02 4.047907051297536946e-02 2.915882058831349433e-01 4.134280606566211741e-02 9.551776247113652474e-02 2.000413987825482853e-01 2.755044168821151052e-02 3.561898493781334163e-01 2.679398310481333478e-01 1.731232003731220936e-01 3.413458606202957601e-01 4.124626032416928711e-01 8.733593875126359485e-02 2.043176025653750325e-02 1.369339130559640572e-01 4.617142786679988287e-02 3.877255842732178076e-02 2.802593676184126359e-01 4.157732571601875926e-01 3.659141047502925126e-01 4.578283761789678219e-01 1.205767781693263541e-01 2.959897912340567205e-02 4.089219350318857860e-01 2.444442908632479816e-02 2.885256885459378529e-01 2.253772803943533132e-01 2.531703235428582333e-01 1.551826818740033830e-02 3.100486523736284417e-02 7.327551192393264023e-02 2.339852941667850961e-01 2.169011913194648644e-01 2.105143670317232985e-01 1.922724768357746972e-01 3.983437356787101202e-01 3.136357429192703633e-02 1.934084091044419376e-02 1.019152262842377282e-01 3.155978946887045278e-01 3.098570953197412603e-01 2.954657834054841281e-01 6.628950908719027924e-02 3.510270896477268310e-01 
7.393513110903950081e-02 7.817450386852650701e-02 1.066633270670038353e-01 1.968052803322031252e-01 1.409286832205332574e-01 5.248405715773493130e-01 7.062981005179838623e-02 2.212885406855411019e-02 2.302171195922223662e-02 1.174713359917394090e-01 6.377871231060840140e-02 5.769384717064366397e-01 5.390699330202790990e-02 0.000000000000000000e+00 1.389571570099280562e-01 7.171415045751403095e-02 4.716321070493430939e-02 1.399225736508420692e-01 1.453809742817460671e-01 1.206502476356908216e-01 1.134660956007135235e-01 4.874200589882733692e-02 1.441279896431450075e-02 3.648323333635023619e-02 1.440459349429298874e-01 6.582000472830961124e-01 8.459536648903796807e-02 1.834712564823857625e-02 1.766858606924439634e-01 2.044207096513478428e-02 4.639448640255128264e-02 1.231499635077991789e-01 3.144558135897798645e-02 3.493429868810593586e-02 1.079613345970519278e-01 2.078751562653871898e-01 1.408532299514373698e-01 8.788220218228073866e-03 4.981449979417640339e-01 5.550862479104926028e-02 3.799220035023683634e-02 6.490616466162310409e-03 4.271297254655034847e-02 1.041444573109340244e-01 3.730203780178730222e-01 2.949695411205284154e-02 6.875865224295290012e-01 4.330132057755704811e-02 9.375557923395411164e-02 9.415589244282553116e-02 3.605687209640980329e-01 1.200231106056860036e-01 1.090316901270081268e-01 9.093460145988069288e-02 2.924751365847559972e-02 1.714388873668646132e-02 6.823514401638967886e-02 1.413850745108153617e-01 6.459319809592581896e-01 2.423309711479835343e-02 6.296551363009594837e-02 8.458189227418440315e-02 1.034959184689014100e-01 6.531773343790672412e-03 5.990095767030807761e-02 1.089024983253373685e-01 
7.210029711045196077e-01 1.054452448500158845e-01 6.145477754316341218e-02 2.131667980607144242e-01 2.033316441487141579e-01 1.103127559125628293e-01 3.410610524678348576e-01 4.971826672926389357e-01 6.425497237140170848e-01 2.390123172078881530e-01 3.839813267774697669e-01 1.049195674193496852e-01 6.474536952095076847e-01 1.389571570099280562e-01 0.000000000000000000e+00 1.728747008136761742e-01 4.549385829117622015e-01 4.017528321435342997e-02 2.587922669561053546e-01 1.968955129823600214e-01 3.287528176077538222e-01 1.725009539434549377e-02 1.561250402058656506e-01 6.981980248024081959e-02 1.996659909378069309e-01 1.820629446887232078e-02 1.598705592575048462e-01 2.553855567900950030e-01 9.575367847524883513e-02 5.768456592464770161e-01 2.768001315232274107e-01 2.913813092959368078e-01 4.698056588246630194e-01 3.730781527893398120e-01 1.113273037410140442e-01 5.578485167972770109e-02 2.330473770783753340e-01 1.880959647803441895e-02 3.354287983472621637e-02 1.999866793562810330e-01 3.261446129585431342e-01 2.821774957444835308e-01 4.294215817561509163e-01 2.369384996282785094e-01 1.214347498193548841e-01 4.155040757385603523e-01 6.637406642411991520e-02 3.091239432837684653e-01 2.130979394402411908e-01 1.915554554798192533e-01 5.230249329737053643e-02 1.319252291647666220e-01 1.605761503309540983e-01 3.104979121294029198e-01 1.627294420317603185e-01 2.244013068287982748e-01 1.688435842921640062e-01 3.560078635875579822e-01 5.140817161795670914e-02 4.832479527436356337e-02 1.129678760785024910e-01 2.403660744821486672e-01 3.002159977908360200e-01 2.687022952948103782e-01 2.366037640830206262e-02 3.308858093166609504e-01 
2.169715273440899761e-01 7.095736923224973958e-02 1.725313704004979298e-01 2.961164902657121775e-02 1.804125436965316465e-01 5.669212515224636428e-02 1.945234582193591244e-01 8.438540803603648832e-02 1.374618564930459308e-01 2.450428136952337577e-01 8.013085168383400625e-03 1.876074006786175238e-02 1.429714376744144200e-01 7.171415045751403095e-02 1.728747008136761742e-01 0.000000000000000000e+00 2.009218784263735180e-01 5.877993931591950216e-02 9.493552587649915775e-02 2.922086970839851347e-02 2.800607803966661050e-02 3.750763646887359526e-01 6.681240500939280569e-01 3.951485770102819983e-01 3.378637427986118658e-01 1.220781861756521126e-02 2.519253859171772247e-01 1.188353816593934326e-01 3.506922470359677968e-01 1.388157851230492623e-01 1.157081414373292705e-01 1.072967409257871707e-01 5.377309502718712747e-02 2.185678450750639934e-01 6.881871428696598181e-02 1.722702627963000332e-01 8.314288151204222987e-02 1.796548974874128679e-01 4.221725978316900191e-02 2.378932714708200946e-01 3.974850170381314524e-02 2.105756920338896776e-01 1.394704725465395756e-01 7.930647503174542701e-02 5.125926775744636676e-02 1.644012422681548902e-01 7.099247708532209489e-02 1.962162655125564981e-01 3.895196136420006616e-01 2.650316186574362409e-01 7.271650884034934481e-02 1.439633802791713824e-01 8.761271511109347543e-02 8.206423233586997157e-02 2.021290313159745111e-01 3.504442221286184767e-01 7.137115527069909371e-02 1.697688145505552026e-01 6.493460273322705645e-02 2.158277713637494696e-02 9.565866672401827919e-02 1.574717694985056440e-02 2.050710635743860921e-01 2.027115408219905546e-01 1.335770104355186449e-01 2.180995303574737865e-01 
3.268897130139232776e-01 6.822085333939800766e-02 5.578236833984401982e-02 5.677215541867700749e-02 5.362102708781976146e-01 9.106410600405882849e-02 7.474544844573139946e-01 1.607410279521347407e-01 6.633431493355946840e-01 1.056976969042183745e-01 2.221108116721202952e-02 1.116373071431155106e-01 4.605290738267263095e-01 4.716321070493430939e-02 4.549385829117622015e-01 2.009218784263735180e-01 0.000000000000000000e+00 1.607122973097978580e-01 2.319071188690651208e-01 2.658336336780459802e-02 8.162063156209305170e-02 2.664489915218772043e-02 2.614652913606245188e-01 3.631603475448613727e-02 3.950469986650804316e-02 5.056512695181723804e-02 2.185892259779231850e-01 2.078790209965009073e-01 1.250029479189436986e-03 3.667874243459078865e-01 5.031501957951159398e-02 4.697619669105344564e-01 3.148716935540674111e-01 1.366831524786630558e-01 3.979101447524388546e-02 3.183016044619277340e-02 1.520730444037834694e-01 8.914457232916531138e-02 9.129653998853334840e-02 2.007653158298983165e-01 1.432025011149695437e-01 2.330033789283614820e-01 5.248949520729103702e-01 3.956217189757214869e-02 1.087356249438125727e-01 2.232582560099271585e-01 7.997352053763072399e-02 2.627217904978647600e-01 2.481831751326447899e-01 1.746353834619576995e-01 9.021777947921193197e-02 6.561868884032000249e-02 4.542097438349487065e-02 1.251884027603790139e-01 1.937603669456111066e-01 3.247168460372820142e-01 2.291905121285715552e-01 3.596292323314778105e-01 2.141380733995039767e-02 6.195814383880478282e-02 7.567978476044996683e-02 2.224871531832206817e-01 2.972307624624981326e-01 1.754739841754728302e-01 1.523674564761996475e-01 3.661164436062162575e-01 
1.747492698017943380e-01 1.790113942566254890e-01 2.280013597162893202e-01 3.277472043290821646e-02 1.336715610726789960e-01 2.415196346866949062e-01 1.109640373812054298e-01 1.758556260283235528e-01 2.641232857845188242e-02 3.456467714282546871e-02 9.050910072951304230e-02 1.300825032508955981e-01 1.048731869364450710e-02 1.399225736508420692e-01 4.017528321435342997e-02 5.877993931591950216e-02 1.607122973097978580e-01 0.000000000000000000e+00 9.241374396431881189e-02 5.434693319140881940e-01 5.814271783168535601e-02 1.488948958510861176e-01 2.061365815544371344e-02 4.521496318115562074e-01 2.793701758206355509e-02 1.934974142877479708e-01 5.294566197298906235e-02 2.020571102085555182e-01 4.635996913811066267e-02 7.871045097604309482e-02 1.242364482445211249e-01 1.291010192672813472e-01 2.203567236714427113e-01 1.723958891548060118e-02 3.001655028727192032e-01 1.259856235250643719e-01 4.133131905895016250e-02 1.076575910368214178e-01 1.315788405930367055e-01 8.991422542102213422e-02 3.372420035294858981e-02 5.473794051564649654e-02 1.049956740403861083e-01 1.632936147989797956e-02 2.539385600236446772e-01 4.312093108140897801e-02 2.509167566214943745e-01 9.433429683659444454e-02 1.165748088582019629e-02 1.056547250037373070e-01 1.304102298694590212e-01 2.558265918502331676e-02 8.256748276005695941e-02 8.240992163244075311e-03 6.525467920369809605e-02 1.075901656318958427e-01 1.072360892533532201e-01 1.635906391550562972e-02 2.918191479098511398e-01 1.121474920466590391e-01 2.300114694966248485e-01 7.316678507932047881e-02 9.054300558814475097e-02 2.407264696556571729e-02 1.168278687024959656e-01 1.261332695854436303e-01 
1.987161512432736310e-01 1.977500378332704145e-01 8.077019925055713145e-02 9.752384487593060425e-02 1.439990623732436137e-01 8.722244529787501199e-02 1.514251267096984044e-01 8.295215779840028891e-02 1.864150111701665391e-01 5.177938311460340143e-02 6.788639257279917294e-02 3.412195353619679739e-01 1.394449608336266189e-01 1.453809742817460671e-01 2.587922669561053546e-01 9.493552587649915775e-02 2.319071188690651208e-01 9.241374396431881189e-02 0.000000000000000000e+00 4.546203591576473690e-01 4.669161582598158750e-02 1.161536993639365883e-01 4.477200284189103430e-02 1.261593057066752732e-01 9.606016215798264535e-02 1.146611017617991807e-01 5.851997385383409488e-03 2.974398272622855721e-01 1.086653135802022746e-01 2.206784548913051092e-01 1.539908993498052825e-02 1.797719022475273154e-01 1.638046113933100678e-01 1.026759373506163919e-01 2.602611387533084186e-01 8.261370797331844817e-02 6.244008682226495632e-02 5.905751916719253342e-02 7.784871669782821024e-02 8.284578972122796925e-02 4.988600989108021855e-02 1.169394317531270572e-01 7.732828245833918424e-02 7.113754821391265679e-03 8.502579607498339520e-02 1.204275724848164614e-02 5.242042642158201322e-03 8.631252523200175220e-02 7.118148356466075244e-02 8.013831675101106000e-02 8.727390231447083868e-02 1.037962188154402110e-01 1.140704937679687531e-01 5.028194421254570876e-03 2.025869427643110787e-02 2.599005737969695834e-02 1.915133607288406134e-02 1.197020614523490872e-01 3.848571775163884406e-02 1.387230935381517649e-01 2.219411488786229292e-01 9.447546736294452907e-02 8.404934330393348807e-02 5.915595894326881182e-02 7.364163334437635877e-02 7.122872246707598332e-02 
3.385293641160362355e-01 2.465426737836684812e-01 2.419679591177806982e-02 1.500480022250556648e-02 1.156553210776344043e-01 2.125266198089290348e-01 1.083584499866463158e-01 1.861557065315070925e-01 2.626093816081814108e-02 3.758611239744644866e-02 1.094416576795481932e-01 2.256846308456592065e-01 1.081572596992873836e-01 1.206502476356908216e-01 1.968955129823600214e-01 2.922086970839851347e-02 2.658336336780459802e-02 5.434693319140881940e-01 4.546203591576473690e-01 0.000000000000000000e+00 5.921069904348752466e-02 3.358043671547167319e-02 5.700811495273107321e-02 1.317857941559149870e-01 5.808400020072218561e-02 6.087823092310192669e-02 1.067227166988575504e-01 2.864633564098989504e-01 5.859965298693167735e-02 1.937400332425898153e-01 1.571440836279977549e-01 6.194025282006439259e-02 1.251227388034017451e-01 1.372497889426786966e-01 2.748372971356120020e-01 9.600620006267061857e-02 1.419949246360486216e-02 3.345185663908387813e-02 8.101575946019698438e-02 3.381584773072855016e-02 9.877237319074383404e-02 5.302605128914996552e-02 2.082244047381178603e-02 1.122925079121294897e-02 2.259978834708817330e-01 4.873739574744140324e-02 2.182732303303465127e-01 2.355062265839105717e-02 2.086837119699075024e-02 3.657432502306572075e-02 1.030356263443310549e-01 5.687560266635488526e-02 1.476375627384282352e-01 1.886841873785433457e-02 3.201049670272272663e-02 5.918221587690477431e-02 1.377270526502250882e-02 4.810826031332762071e-02 1.827745828805761585e-01 1.288040795168256536e-01 2.544029419105716672e-01 1.141481382351335894e-01 4.609757116132000287e-02 1.037789689347217575e-01 3.666172172992452488e-02 3.343976270705738968e-02 
2.597196131409416076e-01 1.245128493957285976e-01 4.803676800114241308e-02 8.470459698357399869e-01 1.026837724973330042e-02 6.360684375597017159e-03 6.253970588246370033e-02 3.312767944421774469e-01 1.971534584561913661e-01 4.751137879654731555e-01 5.356186245798358891e-01 7.788840875937749764e-02 5.519541758279581378e-01 1.134660956007135235e-01 3.287528176077538222e-01 2.800607803966661050e-02 8.162063156209305170e-02 5.814271783168535601e-02 4.669161582598158750e-02 5.921069904348752466e-02 0.000000000000000000e+00 1.782978258975633640e-02 6.242934177251448224e-02 2.120942422866387359e-02 5.643385839967902662e-01 5.522980513452438456e-02 1.069783702233739336e-01 8.232985593860625562e-02 1.711890393588661463e-01 1.386556989496230130e-01 1.578144456705178333e-01 1.928758721139926802e-02 1.209934805854559620e-01 3.155533867350491795e-01 1.396630700839381622e-01 3.139314060974099374e-02 1.417403534146477739e-01 2.822124879220146501e-02 2.873136093529886012e-02 1.930776798023360330e-01 3.614795401859248192e-01 2.537387660219361241e-01 7.294764725972260888e-02 1.880655162209051989e-01 1.702281675194653732e-01 3.199242503136263682e-01 1.866801407213476427e-01 1.827086885681471484e-01 7.066509059555009520e-02 1.712128789831582898e-01 2.103411527239667719e-02 7.550671879151088506e-02 5.169155489744962223e-02 1.093291790799625213e-01 1.043594281180727917e-01 1.135679444405100630e-01 6.589602548559395090e-02 4.753358407111336892e-02 1.269214277760153664e-01 1.109918155079587382e-01 1.365167285858898960e-01 1.243924398318785179e-01 1.568381684261163367e-01 1.758337096162368163e-01 9.698092574662716889e-03 1.522540828154331505e-01 
1.099255035669489539e-01 6.743870133137186418e-02 1.475560837228412081e-01 2.445879639533556776e-02 1.211763635185174881e-01 5.894763788354362433e-02 1.052945551370334798e-01 4.784140095663348691e-02 4.375526807371536014e-02 2.930828515545492174e-01 1.470124171652766563e-02 1.231758152606047957e-01 1.014977183632099489e-01 4.874200589882733692e-02 1.725009539434549377e-02 3.750763646887359526e-01 2.664489915218772043e-02 1.488948958510861176e-01 1.161536993639365883e-01 3.358043671547167319e-02 1.782978258975633640e-02 0.000000000000000000e+00 3.207212349000098661e-01 6.622375738934735967e-01 2.264723964495600761e-01 1.219475104392031377e-02 2.198412183618278504e-01 6.365450347648918261e-02 2.517074112837756061e-01 1.525465751727179409e-01 3.317613771891391727e-01 4.284152013844064882e-02 3.256249602337215054e-01 1.947657642316594773e-01 6.289478178094243255e-02 3.633903886262306038e-02 4.372601880486045450e-02 1.311640229208470843e-01 4.318116480002208435e-02 1.740879079723733625e-01 4.244244634568785507e-02 1.706931801267267401e-01 1.636732976886261792e-01 3.446633847353724328e-02 5.702906572372319627e-02 1.262831468345612385e-01 2.165764406514502499e-02 1.845685878480434472e-01 1.500104650064995881e-01 2.133162362835316350e-01 7.042641135259958274e-02 3.099212666953437070e-02 3.049005780751176675e-02 2.657740831412573959e-02 3.686277097992983198e-01 9.511383092844191700e-02 3.802729886706023299e-01 9.886121864079625010e-02 2.582122381045509271e-02 2.175593681764816101e-02 7.315621675551618741e-02 1.811453476726581635e-01 2.344197905532305060e-01 1.806641472144735472e-01 1.289490223460138529e-01 2.968277032930647374e-01 
1.150288135278908636e-01 2.920842598685817748e-01 2.934561411977251733e-01 1.269440070095443351e-01 4.004505565969005976e-01 4.373654208997190124e-02 3.602184933555511170e-01 1.112040279460653480e-02 2.048236115480636665e-01 2.920195406070802968e-01 3.594381654067381471e-02 1.123493878152552194e-01 7.970152312719430698e-02 1.441279896431450075e-02 1.561250402058656506e-01 6.681240500939280569e-01 2.614652913606245188e-01 2.061365815544371344e-02 4.477200284189103430e-02 5.700811495273107321e-02 6.242934177251448224e-02 3.207212349000098661e-01 0.000000000000000000e+00 3.479989482952646207e-01 2.447839618714050536e-01 3.828437178102422900e-02 1.356942170521413527e-01 1.390433882978580615e-01 1.264831185226298060e-01 1.509134920308277672e-01 5.293510727626887097e-02 2.655108433292731607e-01 4.702820312117029361e-02 2.338536790704568158e-01 2.015795734529888250e-01 2.046017287964810305e-01 1.438774386760054147e-01 3.757137963940754832e-01 3.283267028239851559e-02 3.775944955577191786e-01 2.806454012346795007e-02 3.191005610688945615e-01 1.866814587024309968e-01 6.442806832420854002e-02 8.932354047205232073e-02 1.342134486435559992e-01 3.162349563735079166e-02 3.011458739384929584e-01 4.346221857449107384e-01 3.739735017187396648e-01 6.539451051414671423e-02 9.582285261903852880e-02 3.352838785694806784e-02 6.410542836172802850e-02 7.933382953241457924e-02 6.152312054850846978e-01 4.633230705256582982e-02 1.121307834426417543e-01 6.607619238088305487e-03 1.604429463065337735e-02 5.761466252361929774e-02 1.298700112489237397e-02 2.939014374763904147e-01 1.520778305258659036e-01 3.167372051103280461e-01 2.730232190948153059e-01 
4.519210102777861809e-02 5.012961897752352125e-02 5.107952349099588174e-01 1.841614928432642670e-02 1.790693214161893643e-01 1.624818517396843798e-01 1.682602739142195214e-01 1.364107124823573380e-01 1.164923308755052428e-01 2.085180744946795728e-01 3.826877939446773208e-02 7.546273902798526778e-02 4.047907051297536946e-02 3.648323333635023619e-02 6.981980248024081959e-02 3.951485770102819983e-01 3.631603475448613727e-02 4.521496318115562074e-01 1.261593057066752732e-01 1.317857941559149870e-01 2.120942422866387359e-02 6.622375738934735967e-01 3.479989482952646207e-01 0.000000000000000000e+00 1.381844448722616414e-01 9.234602979502255782e-02 1.441944744290634683e-01 5.874495812662366284e-02 9.422721530517877420e-02 4.760087849012349659e-02 7.363186922971554083e-02 1.053789512212236212e-01 2.405981133615464618e-01 1.168416715206748863e-01 1.413966268655933445e-01 9.113310480544967174e-02 3.998993930559482241e-02 1.265380116317507131e-01 9.888796478646991184e-02 1.453110636213489071e-01 5.933613099974729792e-03 1.203574797013229059e-01 9.077906199341141680e-02 2.608606364839292577e-02 1.503254166325642405e-01 9.290378890973900738e-02 1.102725471579824312e-01 1.477211674497651839e-01 5.369070286988592705e-02 1.753651008333071692e-01 1.022753040208650849e-01 2.038760009397722409e-02 2.696995194703626086e-02 1.268398273582358599e-02 2.873289692980464660e-01 5.624651964866714260e-02 3.520935501670758860e-01 3.225328669827860067e-02 1.554642477571746562e-01 1.275058125609061267e-02 7.340905924346514955e-02 5.448486140432282770e-02 1.844159515437687191e-01 1.083753518958363304e-01 1.342787280782518078e-01 2.479921333270267980e-01 
