0.000000000000000000e+00 1.704946800000000096e-01 1.162902700000000011e-01 3.714558000000000026e-01 1.813629000000000213e-01 6.796695660000000583e-01 6.065856800000000298e-02 8.105858200000000402e-02 1.086038320000000112e-01 8.992422399999999705e-02 1.196598200000000001e-01 1.050887799999999928e-01 7.578312600000000621e-02 9.966706999999999650e-02 7.189809599999999468e-02 6.660953799999999592e-02 6.949535600000000812e-02 7.161961199999999916e-02 6.263591400000000087e-02 9.048245800000000172e-02 7.927348600000000411e-02 8.651250400000000396e-02
1.704946800000000096e-01 0.000000000000000000e+00 1.029780039999999841e-01 1.332469900000000096e-01 5.889469059999999923e-01 8.815132200000000418e-02 1.275796699999999784e-01 1.131570839999999911e-01 1.067464460000000087e-01 6.784923800000000615e-02 6.173381999999999481e-02 5.637691400000000019e-02 1.033610780000000090e-01 7.639392799999999983e-02 6.603285400000000194e-02 7.952207200000001308e-02 1.114853280000000224e-01 1.224017679999999941e-01 1.184758160000000116e-01 1.605744659999999713e-01 1.031234659999999970e-01 1.064891379999999971e-01
1.162902700000000011e-01 1.029780039999999841e-01 0.000000000000000000e+00 1.528654340000000222e-01 1.849178760000000088e-01 8.786031400000000879e-02 1.915964960000000050e-01 2.657571579999999933e-01 7.603739400000000814e-02 1.002035000000000009e-01 5.420993639999999170e-01 1.347942799999999886e-01 4.649542500000000134e-01 8.677364400000001088e-02 5.097190000000000054e-02 1.362630659999999883e-01 3.123651360000000432e-01 2.732138040000000045e-01 3.231423920000000005e-01 2.683349299999999715e-01 4.176441659999999834e-01 2.675492780000000015e-01
3.714558000000000026e-01 1.332469900000000096e-01 1.528654340000000222e-01 0.000000000000000000e+00 1.831502060000000098e-01 3.417175159999999989e-01 1.472753040000000235e-01 1.894187040000000211e-01 1.635768700000000131e-01 1.690973940000000120e-01 1.433541379999999921e-01 4.167758080000000254e-01 1.079732579999999886e-01 3.080187079999999744e-01 9.037808599999999637e-02 1.016185539999999998e-01 1.309735879999999741e-01 1.526379959999999980e-01 1.365853499999999943e-01 1.454658220000000224e-01 1.096456920000000029e-01 2.993742300000000189e-01
1.813629000000000213e-01 5.889469059999999923e-01 1.849178760000000088e-01 1.831502060000000098e-01 0.000000000000000000e+00 2.093931360000000075e-01 7.076688800000000001e-02 6.953441600000000167e-02 1.171393180000000200e-01 6.218272600000000067e-02 1.087195340000000066e-01 6.769107599999998892e-02 1.017135520000000126e-01 6.899641599999999098e-02 8.325120799999999321e-02 7.236868599999998763e-02 5.161822800000000211e-02 7.872484000000000426e-02 5.810936800000000846e-02 1.017294399999999904e-01 9.102357600000000881e-02 8.329300200000000487e-02
6.796695660000000583e-01 8.815132200000000418e-02 8.786031400000000879e-02 3.417175159999999989e-01 2.093931360000000075e-01 0.000000000000000000e+00 8.008387800000001111e-02 9.368189600000001449e-02 9.890667200000000103e-02 9.748801999999999468e-02 7.258103600000000155e-02 1.198715420000000115e-01 9.469903999999999822e-02 1.075576300000000013e-01 8.626159200000001193e-02 8.188958800000001315e-02 9.752052400000001120e-02 9.404032600000000741e-02 8.571327799999998998e-02 1.061932499999999890e-01 7.860531400000000946e-02 8.537467199999999867e-02
6.065856800000000298e-02 1.275796699999999784e-01 1.915964960000000050e-01 1.472753040000000235e-01 7.076688800000000001e-02 8.008387800000001111e-02 0.000000000000000000e+00 6.762012600000000262e-01 1.752101299999999917e-01 1.868836840000000221e-01 1.362466440000000001e-01 1.184714899999999849e-01 1.914748920000000076e-01 1.443014059999999932e-01 3.671570439999999325e-01 2.887344640000000240e-01 6.222985680000000519e-01 6.974991459999999588e-01 6.846194099999999283e-01 6.702380439999999773e-01 1.860973019999999922e-01 2.603371380000000235e-01
8.105858200000000402e-02 1.131570839999999911e-01 2.657571579999999933e-01 1.894187040000000211e-01 6.953441600000000167e-02 9.368189600000001449e-02 6.762012600000000262e-01 0.000000000000000000e+00 1.757129359999999862e-01 1.780047599999999841e-01 1.440355619999999781e-01 1.662119099999999905e-01 1.822291639999999990e-01 1.111429800000000023e-01 1.753580039999999840e-01 4.644746240000000026e-01 6.557128879999999382e-01 6.810224999999999751e-01 7.198324120000000326e-01 6.607492480000001223e-01 2.120362360000000168e-01 2.674941860000000227e-01
1.086038320000000112e-01 1.067464460000000087e-01 7.603739400000000814e-02 1.635768700000000131e-01 1.171393180000000200e-01 9.890667200000000103e-02 1.752101299999999917e-01 1.757129359999999862e-01 0.000000000000000000e+00 1.174218259999999930e-01 8.208396400000000925e-02 1.942474559999999850e-01 2.372376999999999680e-01 6.652654800000000479e-02 1.405568059999999786e-01 9.095725600000000022e-02 9.836611200000000554e-02 1.636296640000000080e-01 9.833368400000000453e-02 1.553731099999999810e-01 1.330866400000000060e-01 2.120755879999999816e-01
8.992422399999999705e-02 6.784923800000000615e-02 1.002035000000000009e-01 1.690973940000000120e-01 6.218272600000000067e-02 9.748801999999999468e-02 1.868836840000000221e-01 1.780047599999999841e-01 1.174218259999999930e-01 0.000000000000000000e+00 1.541322860000000072e-01 1.643921200000000027e-01 1.093263120000000088e-01 4.467553220000000103e-01 8.872557799999999939e-02 6.383922200000000102e-02 1.382272840000000058e-01 1.739401700000000051e-01 1.383359720000000015e-01 1.716820300000000132e-01 1.585764940000000123e-01 1.076473320000000122e-01
1.196598200000000001e-01 6.173381999999999481e-02 5.420993639999999170e-01 1.433541379999999921e-01 1.087195340000000066e-01 7.258103600000000155e-02 1.362466440000000001e-01 1.440355619999999781e-01 8.208396400000000925e-02 1.541322860000000072e-01 0.000000000000000000e+00 1.481913980000000020e-01 5.508819060000000878e-01 1.033791700000000063e-01 1.689898500000000248e-01 6.403751399999998983e-02 1.860358639999999952e-01 1.685074379999999816e-01 1.896442319999999682e-01 1.671017060000000165e-01 4.463685080000000527e-01 2.651167319999999661e-01
1.050887799999999928e-01 5.637691400000000019e-02 1.347942799999999886e-01 4.167758080000000254e-01 6.769107599999998892e-02 1.198715420000000115e-01 1.184714899999999849e-01 1.662119099999999905e-01 1.942474559999999850e-01 1.643921200000000027e-01 1.481913980000000020e-01 0.000000000000000000e+00 1.120954339999999938e-01 1.959701519999999808e-01 8.264249400000001078e-02 1.148090300000000064e-01 1.135705299999999890e-01 1.164012419999999881e-01 1.198095080000000090e-01 1.072826959999999968e-01 9.771218800000000537e-02 2.627389619999999648e-01
7.578312600000000621e-02 1.033610780000000090e-01 4.649542500000000134e-01 1.079732579999999886e-01 1.017135520000000126e-01 9.469903999999999822e-02 1.914748920000000076e-01 1.822291639999999990e-01 2.372376999999999680e-01 1.093263120000000088e-01 5.508819060000000878e-01 1.120954339999999938e-01 0.000000000000000000e+00 1.019048540000000030e-01 2.197500480000000034e-01 7.359654599999999880e-02 2.097486139999999999e-01 2.024493120000000201e-01 2.257961680000000193e-01 1.983370360000000221e-01 4.638748379999999005e-01 2.056301859999999926e-01
9.966706999999999650e-02 7.639392799999999983e-02 8.677364400000001088e-02 3.080187079999999744e-01 6.899641599999999098e-02 1.075576300000000013e-01 1.443014059999999932e-01 1.111429800000000023e-01 6.652654800000000479e-02 4.467553220000000103e-01 1.033791700000000063e-01 1.959701519999999808e-01 1.019048540000000030e-01 0.000000000000000000e+00 7.109351599999999549e-02 1.455407860000000053e-01 1.345465939999999916e-01 1.368816620000000150e-01 1.441954000000000291e-01 1.220267540000000012e-01 9.559993800000000930e-02 1.817976160000000230e-01
7.189809599999999468e-02 6.603285400000000194e-02 5.097190000000000054e-02 9.037808599999999637e-02 8.325120799999999321e-02 8.626159200000001193e-02 3.671570439999999325e-01 1.753580039999999840e-01 1.405568059999999786e-01 8.872557799999999939e-02 1.689898500000000248e-01 8.264249400000001078e-02 2.197500480000000034e-01 7.109351599999999549e-02 0.000000000000000000e+00 2.846778899999999890e-01 1.053011720000000262e-01 3.499900959999999728e-01 3.747896199999999761e-02 1.688110020000000155e-01 1.453704520000000111e-01 1.403554060000000159e-01
6.660953799999999592e-02 7.952207200000001308e-02 1.362630659999999883e-01 1.016185539999999998e-01 7.236868599999998763e-02 8.188958800000001315e-02 2.887344640000000240e-01 4.644746240000000026e-01 9.095725600000000022e-02 6.383922200000000102e-02 6.403751399999998983e-02 1.148090300000000064e-01 7.359654599999999880e-02 1.455407860000000053e-01 2.846778899999999890e-01 0.000000000000000000e+00 2.181110440000000317e-01 3.871006000000000169e-01 2.805218699999999510e-01 2.887916940000000432e-01 1.003301899999999858e-01 1.155062659999999963e-01
6.949535600000000812e-02 1.114853280000000224e-01 3.123651360000000432e-01 1.309735879999999741e-01 5.161822800000000211e-02 9.752052400000001120e-02 6.222985680000000519e-01 6.557128879999999382e-01 9.836611200000000554e-02 1.382272840000000058e-01 1.860358639999999952e-01 1.135705299999999890e-01 2.097486139999999999e-01 1.345465939999999916e-01 1.053011720000000262e-01 2.181110440000000317e-01 0.000000000000000000e+00 5.041175940000000022e-01 9.562061480000000335e-01 5.572070260000000497e-01 2.050831719999999803e-01 2.322016480000000382e-01
7.161961199999999916e-02 1.224017679999999941e-01 2.732138040000000045e-01 1.526379959999999980e-01 7.872484000000000426e-02 9.404032600000000741e-02 6.974991459999999588e-01 6.810224999999999751e-01 1.636296640000000080e-01 1.739401700000000051e-01 1.685074379999999816e-01 1.164012419999999881e-01 2.024493120000000201e-01 1.368816620000000150e-01 3.499900959999999728e-01 3.871006000000000169e-01 5.041175940000000022e-01 0.000000000000000000e+00 5.773832939999999914e-01 8.947800600000000992e-01 2.272748820000000392e-01 2.551043439999999829e-01
6.263591400000000087e-02 1.184758160000000116e-01 3.231423920000000005e-01 1.365853499999999943e-01 5.810936800000000846e-02 8.571327799999998998e-02 6.846194099999999283e-01 7.198324120000000326e-01 9.833368400000000453e-02 1.383359720000000015e-01 1.896442319999999682e-01 1.198095080000000090e-01 2.257961680000000193e-01 1.441954000000000291e-01 3.747896199999999761e-02 2.805218699999999510e-01 9.562061480000000335e-01 5.773832939999999914e-01 0.000000000000000000e+00 6.004782179999998970e-01 2.236902559999999762e-01 2.485144759999999842e-01
9.048245800000000172e-02 1.605744659999999713e-01 2.683349299999999715e-01 1.454658220000000224e-01 1.017294399999999904e-01 1.061932499999999890e-01 6.702380439999999773e-01 6.607492480000001223e-01 1.553731099999999810e-01 1.716820300000000132e-01 1.671017060000000165e-01 1.072826959999999968e-01 1.983370360000000221e-01 1.220267540000000012e-01 1.688110020000000155e-01 2.887916940000000432e-01 5.572070260000000497e-01 8.947800600000000992e-01 6.004782179999998970e-01 0.000000000000000000e+00 2.176586400000000143e-01 2.472920359999999929e-01
7.927348600000000411e-02 1.031234659999999970e-01 4.176441659999999834e-01 1.096456920000000029e-01 9.102357600000000881e-02 7.860531400000000946e-02 1.860973019999999922e-01 2.120362360000000168e-01 1.330866400000000060e-01 1.585764940000000123e-01 4.463685080000000527e-01 9.771218800000000537e-02 4.638748379999999005e-01 9.559993800000000930e-02 1.453704520000000111e-01 1.003301899999999858e-01 2.050831719999999803e-01 2.272748820000000392e-01 2.236902559999999762e-01 2.176586400000000143e-01 0.000000000000000000e+00 2.717590140000000209e-01
8.651250400000000396e-02 1.064891379999999971e-01 2.675492780000000015e-01 2.993742300000000189e-01 8.329300200000000487e-02 8.537467199999999867e-02 2.603371380000000235e-01 2.674941860000000227e-01 2.120755879999999816e-01 1.076473320000000122e-01 2.651167319999999661e-01 2.627389619999999648e-01 2.056301859999999926e-01 1.817976160000000230e-01 1.403554060000000159e-01 1.155062659999999963e-01 2.322016480000000382e-01 2.551043439999999829e-01 2.485144759999999842e-01 2.472920359999999929e-01 2.717590140000000209e-01 0.000000000000000000e+00
