0.000000000000000000e+00 6.535624620000000107e-01 2.470806959999999886e-01 3.970802900000000024e-01 6.506053100000001033e-01 8.948058680000000598e-01 8.247136600000000428e-02 9.052790599999999133e-02 1.546122300000000171e-01 1.677268940000000153e-01 1.582646839999999888e-01 1.023765859999999916e-01 1.514563099999999829e-01 1.811783439999999912e-01 7.549929600000000740e-02 1.236956299999999870e-01 1.081586719999999974e-01 1.085138259999999938e-01 1.189982200000000018e-01 1.193657179999999957e-01 1.278801279999999818e-01 1.403857899999999825e-01
6.535624620000000107e-01 0.000000000000000000e+00 2.790421619999999825e-01 3.436812280000000053e-01 8.441454299999999744e-01 5.980782299999999330e-01 1.263165260000000123e-01 9.844995800000000408e-02 1.725619879999999995e-01 1.570429020000000120e-01 1.748817680000000208e-01 1.169246559999999879e-01 1.691319219999999901e-01 1.459764339999999883e-01 9.911466600000000404e-02 9.538472000000000617e-02 9.342226000000000696e-02 1.051002420000000104e-01 9.231558799999999010e-02 1.018178260000000002e-01 1.899012900000000004e-01 1.553539520000000174e-01
2.470806959999999886e-01 2.790421619999999825e-01 0.000000000000000000e+00 4.399194080000000118e-01 2.778137760000000123e-01 2.048975239999999975e-01 2.796185900000000002e-01 2.204924800000000185e-01 5.619899839999999980e-01 4.084173660000000039e-01 7.194311519999999627e-01 2.832971699999999871e-01 6.928068540000000830e-01 2.865666340000000423e-01 8.570337599999999778e-02 1.223245139999999953e-01 1.446569859999999874e-01 1.543750499999999859e-01 1.698626440000000071e-01 1.549232259999999972e-01 6.414609840000000673e-01 5.065881720000000588e-01
3.970802900000000024e-01 3.436812280000000053e-01 4.399194080000000118e-01 0.000000000000000000e+00 3.060216000000000047e-01 3.640013020000000266e-01 1.684957139999999909e-01 3.043425799999999737e-01 4.619601199999999741e-01 3.873696219999999690e-01 3.594907219999999848e-01 4.967438160000000602e-01 3.411702799999999924e-01 4.736116680000000412e-01 8.220690399999999731e-02 1.083131999999999984e-01 1.365517760000000136e-01 1.364790039999999871e-01 1.531716780000000055e-01 1.427353199999999989e-01 3.511634579999999839e-01 4.835441379999999567e-01
6.506053100000001033e-01 8.441454299999999744e-01 2.778137760000000123e-01 3.060216000000000047e-01 0.000000000000000000e+00 6.155550100000000135e-01 1.166498019999999969e-01 8.565409999999999691e-02 1.554350139999999825e-01 1.421577380000000057e-01 1.440616760000000274e-01 9.461559999999999415e-02 1.490838540000000156e-01 1.098913100000000059e-01 9.785020799999999408e-02 1.011351560000000038e-01 1.143350220000000084e-01 8.538444599999998885e-02 1.107036559999999836e-01 9.715635600000001315e-02 1.737072460000000096e-01 1.566593919999999807e-01
8.948058680000000598e-01 5.980782299999999330e-01 2.048975239999999975e-01 3.640013020000000266e-01 6.155550100000000135e-01 0.000000000000000000e+00 8.130573399999999062e-02 5.186372399999999994e-02 1.087773380000000012e-01 1.555491820000000081e-01 1.269149880000000064e-01 1.104424880000000053e-01 1.149035940000000117e-01 1.530046680000000103e-01 9.522500200000001691e-02 9.550868199999999753e-02 9.896989199999998987e-02 1.021499819999999864e-01 9.679027799999999349e-02 9.673621400000000092e-02 1.007848340000000037e-01 1.325674600000000258e-01
8.247136600000000428e-02 1.263165260000000123e-01 2.796185900000000002e-01 1.684957139999999909e-01 1.166498019999999969e-01 8.130573399999999062e-02 0.000000000000000000e+00 5.027018279999999617e-01 2.801998220000000428e-01 2.508729820000000221e-01 2.700652219999999937e-01 1.773044840000000122e-01 2.426422440000000069e-01 1.741251460000000084e-01 6.013182599999999933e-01 5.032734079999999777e-01 5.856813960000000208e-01 5.070332520000000454e-01 6.263566320000000243e-01 6.408437019999999595e-01 2.074376619999999671e-01 2.214974999999999861e-01
9.052790599999999133e-02 9.844995800000000408e-02 2.204924800000000185e-01 3.043425799999999737e-01 8.565409999999999691e-02 5.186372399999999994e-02 5.027018279999999617e-01 0.000000000000000000e+00 3.152252679999999474e-01 3.272563099999999947e-01 2.557600059999999287e-01 3.218009339999999829e-01 2.218023399999999867e-01 2.889510960000000184e-01 3.559345299999999712e-01 5.268568380000000495e-01 4.087777860000000318e-01 4.535987320000000045e-01 4.485406120000000607e-01 5.688776479999999580e-01 1.952268380000000136e-01 3.110352480000000419e-01
1.546122300000000171e-01 1.725619879999999995e-01 5.619899839999999980e-01 4.619601199999999741e-01 1.554350139999999825e-01 1.087773380000000012e-01 2.801998220000000428e-01 3.152252679999999474e-01 0.000000000000000000e+00 3.517405999999999588e-01 6.182049480000000319e-01 4.139747280000000140e-01 6.791123700000001318e-01 3.938443480000000108e-01 1.273219180000000061e-01 6.076187600000000633e-02 7.911056199999999539e-02 1.044950919999999978e-01 1.082954979999999762e-01 1.302581500000000170e-01 5.445691619999999400e-01 5.666616240000000859e-01
1.677268940000000153e-01 1.570429020000000120e-01 4.084173660000000039e-01 3.873696219999999690e-01 1.421577380000000057e-01 1.555491820000000081e-01 2.508729820000000221e-01 3.272563099999999947e-01 3.517405999999999588e-01 0.000000000000000000e+00 4.691031719999999572e-01 3.979998180000000052e-01 4.519796860000000471e-01 5.791486339999999400e-01 1.203287299999999949e-01 1.377325779999999944e-01 1.262419300000000022e-01 1.375705000000000122e-01 1.380357459999999870e-01 1.502699020000000107e-01 4.425615820000000089e-01 3.912672920000000443e-01
1.582646839999999888e-01 1.748817680000000208e-01 7.194311519999999627e-01 3.594907219999999848e-01 1.440616760000000274e-01 1.269149880000000064e-01 2.700652219999999937e-01 2.557600059999999287e-01 6.182049480000000319e-01 4.691031719999999572e-01 0.000000000000000000e+00 3.473759519999999879e-01 8.560233780000000570e-01 3.532835679999999923e-01 4.552292399999999933e-02 1.069716660000000069e-01 1.055320660000000077e-01 1.458950999999999998e-01 1.358038440000000069e-01 1.127250399999999847e-01 6.843883219999999934e-01 5.309074120000001340e-01
1.023765859999999916e-01 1.169246559999999879e-01 2.832971699999999871e-01 4.967438160000000602e-01 9.461559999999999415e-02 1.104424880000000053e-01 1.773044840000000122e-01 3.218009339999999829e-01 4.139747280000000140e-01 3.979998180000000052e-01 3.473759519999999879e-01 0.000000000000000000e+00 3.186082060000000049e-01 6.367898899999999696e-01 1.074467080000000019e-01 1.136237740000000107e-01 1.623008840000000064e-01 1.627833419999999975e-01 1.725950599999999946e-01 1.608040700000000212e-01 3.105595460000000196e-01 4.747498580000000246e-01
1.514563099999999829e-01 1.691319219999999901e-01 6.928068540000000830e-01 3.411702799999999924e-01 1.490838540000000156e-01 1.149035940000000117e-01 2.426422440000000069e-01 2.218023399999999867e-01 6.791123700000001318e-01 4.519796860000000471e-01 8.560233780000000570e-01 3.186082060000000049e-01 0.000000000000000000e+00 3.308891520000000197e-01 5.809142200000000367e-02 1.035828899999999830e-01 1.111594059999999884e-01 1.370031420000000222e-01 1.253051839999999861e-01 1.133877400000000008e-01 6.650050380000001038e-01 5.124159080000000310e-01
1.811783439999999912e-01 1.459764339999999883e-01 2.865666340000000423e-01 4.736116680000000412e-01 1.098913100000000059e-01 1.530046680000000103e-01 1.741251460000000084e-01 2.889510960000000184e-01 3.938443480000000108e-01 5.791486339999999400e-01 3.532835679999999923e-01 6.367898899999999696e-01 3.308891520000000197e-01 0.000000000000000000e+00 9.416416600000000747e-02 8.164227000000000289e-02 1.385479359999999827e-01 1.300174219999999936e-01 1.409666880000000067e-01 1.237298879999999962e-01 2.665308460000000434e-01 3.966467600000000426e-01
7.549929600000000740e-02 9.911466600000000404e-02 8.570337599999999778e-02 8.220690399999999731e-02 9.785020799999999408e-02 9.522500200000001691e-02 6.013182599999999933e-01 3.559345299999999712e-01 1.273219180000000061e-01 1.203287299999999949e-01 4.552292399999999933e-02 1.074467080000000019e-01 5.809142200000000367e-02 9.416416600000000747e-02 0.000000000000000000e+00 4.984794739999999780e-01 7.105758979999999836e-01 4.912271699999999908e-01 6.470085159999999780e-01 6.292208620000000474e-01 5.121184199999999354e-02 8.509342000000000295e-02
1.236956299999999870e-01 9.538472000000000617e-02 1.223245139999999953e-01 1.083131999999999984e-01 1.011351560000000038e-01 9.550868199999999753e-02 5.032734079999999777e-01 5.268568380000000495e-01 6.076187600000000633e-02 1.377325779999999944e-01 1.069716660000000069e-01 1.136237740000000107e-01 1.035828899999999830e-01 8.164227000000000289e-02 4.984794739999999780e-01 0.000000000000000000e+00 6.267207879999999731e-01 7.523533519999999752e-01 6.733222079999998666e-01 7.896122819999999987e-01 1.188384019999999958e-01 1.201661819999999964e-01
1.081586719999999974e-01 9.342226000000000696e-02 1.446569859999999874e-01 1.365517760000000136e-01 1.143350220000000084e-01 9.896989199999998987e-02 5.856813960000000208e-01 4.087777860000000318e-01 7.911056199999999539e-02 1.262419300000000022e-01 1.055320660000000077e-01 1.623008840000000064e-01 1.111594059999999884e-01 1.385479359999999827e-01 7.105758979999999836e-01 6.267207879999999731e-01 0.000000000000000000e+00 6.044752180000000363e-01 9.389488000000000278e-01 7.066000399999999848e-01 1.142956120000000048e-01 1.217931099999999961e-01
1.085138259999999938e-01 1.051002420000000104e-01 1.543750499999999859e-01 1.364790039999999871e-01 8.538444599999998885e-02 1.021499819999999864e-01 5.070332520000000454e-01 4.535987320000000045e-01 1.044950919999999978e-01 1.375705000000000122e-01 1.458950999999999998e-01 1.627833419999999975e-01 1.370031420000000222e-01 1.300174219999999936e-01 4.912271699999999908e-01 7.523533519999999752e-01 6.044752180000000363e-01 0.000000000000000000e+00 6.403067239999999938e-01 8.391579919999999637e-01 1.572113219999999867e-01 1.784700320000000007e-01
1.189982200000000018e-01 9.231558799999999010e-02 1.698626440000000071e-01 1.531716780000000055e-01 1.107036559999999836e-01 9.679027799999999349e-02 6.263566320000000243e-01 4.485406120000000607e-01 1.082954979999999762e-01 1.380357459999999870e-01 1.358038440000000069e-01 1.725950599999999946e-01 1.253051839999999861e-01 1.409666880000000067e-01 6.470085159999999780e-01 6.733222079999998666e-01 9.389488000000000278e-01 6.403067239999999938e-01 0.000000000000000000e+00 7.321757639999999512e-01 1.344450779999999956e-01 1.447512040000000222e-01
1.193657179999999957e-01 1.018178260000000002e-01 1.549232259999999972e-01 1.427353199999999989e-01 9.715635600000001315e-02 9.673621400000000092e-02 6.408437019999999595e-01 5.688776479999999580e-01 1.302581500000000170e-01 1.502699020000000107e-01 1.127250399999999847e-01 1.608040700000000212e-01 1.133877400000000008e-01 1.237298879999999962e-01 6.292208620000000474e-01 7.896122819999999987e-01 7.066000399999999848e-01 8.391579919999999637e-01 7.321757639999999512e-01 0.000000000000000000e+00 1.287565420000000016e-01 1.491618560000000093e-01
1.278801279999999818e-01 1.899012900000000004e-01 6.414609840000000673e-01 3.511634579999999839e-01 1.737072460000000096e-01 1.007848340000000037e-01 2.074376619999999671e-01 1.952268380000000136e-01 5.445691619999999400e-01 4.425615820000000089e-01 6.843883219999999934e-01 3.105595460000000196e-01 6.650050380000001038e-01 2.665308460000000434e-01 5.121184199999999354e-02 1.188384019999999958e-01 1.142956120000000048e-01 1.572113219999999867e-01 1.344450779999999956e-01 1.287565420000000016e-01 0.000000000000000000e+00 7.181372359999999011e-01
1.403857899999999825e-01 1.553539520000000174e-01 5.065881720000000588e-01 4.835441379999999567e-01 1.566593919999999807e-01 1.325674600000000258e-01 2.214974999999999861e-01 3.110352480000000419e-01 5.666616240000000859e-01 3.912672920000000443e-01 5.309074120000001340e-01 4.747498580000000246e-01 5.124159080000000310e-01 3.966467600000000426e-01 8.509342000000000295e-02 1.201661819999999964e-01 1.217931099999999961e-01 1.784700320000000007e-01 1.447512040000000222e-01 1.491618560000000093e-01 7.181372359999999011e-01 0.000000000000000000e+00
