0.000000000000000000e+00 4.552757059999999467e-01 3.166432639999999799e-01 3.512163719999999989e-01 3.637709259999999944e-01 7.055426439999999966e-01 4.040080799999999916e-01 3.400526499999999563e-01 4.309505879999999678e-01 4.666392520000000599e-01 4.183828299999999834e-01 3.473788999999999905e-01 3.354820560000000285e-01 2.735554679999999683e-01 2.908733000000000013e-01 1.434973920000000014e-01 3.373185900000000292e-01 1.786698239999999771e-01 2.141210299999999900e-01 1.913985199999999887e-01 3.373422240000000238e-01 2.316654380000000013e-01
4.552757059999999467e-01 0.000000000000000000e+00 3.850762239999999670e-01 3.103859299999999766e-01 6.665167139999998991e-01 5.245787319999999365e-01 3.217906580000000072e-01 2.684611339999999902e-01 3.826041020000000015e-01 3.252085379999999359e-01 3.669722359999999517e-01 2.528411420000000187e-01 2.795659380000000138e-01 2.173558960000000206e-01 2.669063480000000155e-01 1.807684479999999982e-01 2.883695960000000058e-01 2.166175519999999910e-01 1.529118259999999729e-01 2.008761820000000142e-01 2.578865479999999932e-01 2.837785800000000025e-01
3.166432639999999799e-01 3.850762239999999670e-01 0.000000000000000000e+00 5.460839539999999825e-01 3.555984620000000040e-01 3.359568159999999915e-01 5.672298559999999767e-01 5.594633700000000154e-01 7.287761820000000501e-01 6.167698839999999905e-01 8.300311260000000635e-01 5.022477279999999489e-01 7.900856580000000795e-01 5.027707040000000127e-01 2.454800620000000266e-01 2.678307560000000032e-01 3.528572760000000530e-01 1.771006719999999868e-01 3.031991179999999897e-01 2.436773499999999593e-01 6.962207520000001093e-01 2.881085200000000346e-01
3.512163719999999989e-01 3.103859299999999766e-01 5.460839539999999825e-01 0.000000000000000000e+00 2.645306900000000128e-01 3.429373940000000065e-01 4.375595099999999849e-01 7.286127139999999391e-01 6.612608620000000048e-01 6.936906379999999706e-01 5.521277960000000595e-01 7.535082860000000826e-01 5.596916840000000226e-01 6.126862980000000736e-01 2.322181919999999899e-01 2.846451360000000208e-01 3.290142000000000344e-01 3.476999440000000385e-01 3.006037300000000134e-01 3.351775040000000150e-01 5.550072360000000149e-01 4.874168819999999402e-01
3.637709259999999944e-01 6.665167139999998991e-01 3.555984620000000040e-01 2.645306900000000128e-01 0.000000000000000000e+00 3.998945379999999661e-01 3.145145900000000383e-01 2.537020019999999820e-01 3.641508220000000406e-01 2.933082399999999978e-01 3.600383639999999996e-01 2.345262280000000032e-01 2.737391839999999688e-01 2.246448019999999768e-01 2.412262579999999712e-01 1.988074340000000051e-01 2.744014179999999525e-01 2.063688040000000168e-01 1.992675520000000144e-01 2.040833619999999904e-01 2.597894979999999521e-01 2.700640639999999926e-01
7.055426439999999966e-01 5.245787319999999365e-01 3.359568159999999915e-01 3.429373940000000065e-01 3.998945379999999661e-01 0.000000000000000000e+00 3.567357199999999784e-01 3.522427180000000102e-01 4.078922779999999970e-01 4.488253919999999897e-01 3.734060980000000196e-01 3.354197380000000228e-01 3.104846720000000171e-01 2.404015199999999797e-01 3.236300959999999782e-01 1.870490800000000065e-01 3.607653900000000191e-01 2.489032080000000424e-01 2.517383180000000165e-01 2.826046260000000254e-01 3.312271980000000005e-01 3.393200579999999800e-01
4.040080799999999916e-01 3.217906580000000072e-01 5.672298559999999767e-01 4.375595099999999849e-01 3.145145900000000383e-01 3.567357199999999784e-01 0.000000000000000000e+00 4.070533799999999647e-01 5.424814639999999688e-01 5.531546960000000013e-01 5.770649179999999268e-01 4.545407840000000310e-01 6.004120860000000670e-01 3.709131880000000048e-01 3.061121840000000094e-01 2.247646179999999716e-01 3.071017739999999940e-01 2.435514019999999724e-01 2.648852520000000155e-01 3.764289660000000315e-01 5.395643960000000572e-01 3.033553119999999881e-01
3.400526499999999563e-01 2.684611339999999902e-01 5.594633700000000154e-01 7.286127139999999391e-01 2.537020019999999820e-01 3.522427180000000102e-01 4.070533799999999647e-01 0.000000000000000000e+00 6.455987539999999969e-01 7.023998419999999410e-01 5.663870099999999130e-01 6.900653039999998795e-01 5.565900280000000144e-01 5.426501459999999444e-01 2.228583980000000131e-01 2.728855840000000144e-01 3.149724680000000054e-01 2.108128840000000059e-01 2.098003599999999635e-01 2.838810800000000079e-01 5.140920959999999429e-01 4.334763220000000250e-01
4.309505879999999678e-01 3.826041020000000015e-01 7.287761820000000501e-01 6.612608620000000048e-01 3.641508220000000406e-01 4.078922779999999970e-01 5.424814639999999688e-01 6.455987539999999969e-01 0.000000000000000000e+00 7.580568580000000001e-01 8.297037140000000921e-01 6.136097440000000125e-01 6.990267980000000048e-01 5.268413759999999169e-01 2.783220139999999510e-01 2.696505579999999846e-01 3.341191179999999927e-01 3.056681740000000147e-01 2.511776940000000069e-01 2.836795420000000068e-01 5.860310760000000396e-01 4.680371059999999805e-01
4.666392520000000599e-01 3.252085379999999359e-01 6.167698839999999905e-01 6.936906379999999706e-01 2.933082399999999978e-01 4.488253919999999897e-01 5.531546960000000013e-01 7.023998419999999410e-01 7.580568580000000001e-01 0.000000000000000000e+00 6.765507920000000119e-01 6.821232459999999609e-01 6.477166600000000551e-01 5.713846119999999029e-01 3.109825780000000095e-01 2.924627000000000199e-01 3.213692979999999699e-01 2.939301680000000472e-01 2.787603239999999483e-01 3.386855960000000332e-01 5.956260720000000619e-01 3.908258299999999297e-01
4.183828299999999834e-01 3.669722359999999517e-01 8.300311260000000635e-01 5.521277960000000595e-01 3.600383639999999996e-01 3.734060980000000196e-01 5.770649179999999268e-01 5.663870099999999130e-01 8.297037140000000921e-01 6.765507920000000119e-01 0.000000000000000000e+00 4.999140119999999632e-01 8.399100940000000515e-01 4.838449739999999832e-01 2.840894879999999456e-01 2.423101419999999506e-01 3.205743639999999450e-01 2.375922199999999651e-01 2.455082380000000453e-01 2.988414940000000408e-01 7.344471280000000046e-01 3.377070659999999447e-01
3.473788999999999905e-01 2.528411420000000187e-01 5.022477279999999489e-01 7.535082860000000826e-01 2.345262280000000032e-01 3.354197380000000228e-01 4.545407840000000310e-01 6.900653039999998795e-01 6.136097440000000125e-01 6.821232459999999609e-01 4.999140119999999632e-01 0.000000000000000000e+00 5.150814180000000686e-01 5.389477259999999603e-01 2.289411060000000053e-01 3.566407240000000201e-01 3.086099999999999954e-01 3.167981360000000080e-01 2.557903739999999870e-01 2.983885780000000154e-01 4.775645620000000813e-01 5.112659999999999982e-01
3.354820560000000285e-01 2.795659380000000138e-01 7.900856580000000795e-01 5.596916840000000226e-01 2.737391839999999688e-01 3.104846720000000171e-01 6.004120860000000670e-01 5.565900280000000144e-01 6.990267980000000048e-01 6.477166600000000551e-01 8.399100940000000515e-01 5.150814180000000686e-01 0.000000000000000000e+00 5.229939139999999487e-01 2.876259919999999970e-01 2.425833500000000031e-01 3.596022380000000185e-01 2.022497620000000274e-01 2.878777520000000423e-01 3.434114979999999817e-01 7.290494760000000296e-01 3.337906620000000157e-01
2.735554679999999683e-01 2.173558960000000206e-01 5.027707040000000127e-01 6.126862980000000736e-01 2.246448019999999768e-01 2.404015199999999797e-01 3.709131880000000048e-01 5.426501459999999444e-01 5.268413759999999169e-01 5.713846119999999029e-01 4.838449739999999832e-01 5.389477259999999603e-01 5.229939139999999487e-01 0.000000000000000000e+00 2.214896339999999630e-01 2.870066660000000214e-01 2.545948619999999774e-01 2.096721940000000062e-01 2.409998780000000007e-01 2.276157959999999814e-01 4.831814760000000541e-01 3.287015419999999577e-01
2.908733000000000013e-01 2.669063480000000155e-01 2.454800620000000266e-01 2.322181919999999899e-01 2.412262579999999712e-01 3.236300959999999782e-01 3.061121840000000094e-01 2.228583980000000131e-01 2.783220139999999510e-01 3.109825780000000095e-01 2.840894879999999456e-01 2.289411060000000053e-01 2.876259919999999970e-01 2.214896339999999630e-01 0.000000000000000000e+00 3.197249659999999993e-01 3.793748580000000370e-01 1.882479440000000004e-01 3.152448939999999977e-01 4.041213840000000279e-01 2.606914260000000039e-01 2.206266060000000029e-01
1.434973920000000014e-01 1.807684479999999982e-01 2.678307560000000032e-01 2.846451360000000208e-01 1.988074340000000051e-01 1.870490800000000065e-01 2.247646179999999716e-01 2.728855840000000144e-01 2.696505579999999846e-01 2.924627000000000199e-01 2.423101419999999506e-01 3.566407240000000201e-01 2.425833500000000031e-01 2.870066660000000214e-01 3.197249659999999993e-01 0.000000000000000000e+00 2.830232179999999653e-01 2.254017680000000023e-01 4.401042460000000323e-01 2.725227119999999448e-01 1.826573160000000140e-01 2.344403139999999830e-01
3.373185900000000292e-01 2.883695960000000058e-01 3.528572760000000530e-01 3.290142000000000344e-01 2.744014179999999525e-01 3.607653900000000191e-01 3.071017739999999940e-01 3.149724680000000054e-01 3.341191179999999927e-01 3.213692979999999699e-01 3.205743639999999450e-01 3.086099999999999954e-01 3.596022380000000185e-01 2.545948619999999774e-01 3.793748580000000370e-01 2.830232179999999653e-01 0.000000000000000000e+00 2.359415460000000020e-01 7.238622259999999420e-01 2.389752640000000206e-01 3.076208900000000357e-01 2.299357579999999623e-01
1.786698239999999771e-01 2.166175519999999910e-01 1.771006719999999868e-01 3.476999440000000385e-01 2.063688040000000168e-01 2.489032080000000424e-01 2.435514019999999724e-01 2.108128840000000059e-01 3.056681740000000147e-01 2.939301680000000472e-01 2.375922199999999651e-01 3.167981360000000080e-01 2.022497620000000274e-01 2.096721940000000062e-01 1.882479440000000004e-01 2.254017680000000023e-01 2.359415460000000020e-01 0.000000000000000000e+00 2.575667080000000331e-01 6.045155020000000379e-01 2.203615280000000287e-01 4.275207019999999747e-01
2.141210299999999900e-01 1.529118259999999729e-01 3.031991179999999897e-01 3.006037300000000134e-01 1.992675520000000144e-01 2.517383180000000165e-01 2.648852520000000155e-01 2.098003599999999635e-01 2.511776940000000069e-01 2.787603239999999483e-01 2.455082380000000453e-01 2.557903739999999870e-01 2.878777520000000423e-01 2.409998780000000007e-01 3.152448939999999977e-01 4.401042460000000323e-01 7.238622259999999420e-01 2.575667080000000331e-01 0.000000000000000000e+00 2.974943579999999588e-01 2.562053420000000026e-01 2.909332379999999829e-01
1.913985199999999887e-01 2.008761820000000142e-01 2.436773499999999593e-01 3.351775040000000150e-01 2.040833619999999904e-01 2.826046260000000254e-01 3.764289660000000315e-01 2.838810800000000079e-01 2.836795420000000068e-01 3.386855960000000332e-01 2.988414940000000408e-01 2.983885780000000154e-01 3.434114979999999817e-01 2.276157959999999814e-01 4.041213840000000279e-01 2.725227119999999448e-01 2.389752640000000206e-01 6.045155020000000379e-01 2.974943579999999588e-01 0.000000000000000000e+00 2.546220920000000221e-01 3.048779459999999553e-01
3.373422240000000238e-01 2.578865479999999932e-01 6.962207520000001093e-01 5.550072360000000149e-01 2.597894979999999521e-01 3.312271980000000005e-01 5.395643960000000572e-01 5.140920959999999429e-01 5.860310760000000396e-01 5.956260720000000619e-01 7.344471280000000046e-01 4.775645620000000813e-01 7.290494760000000296e-01 4.831814760000000541e-01 2.606914260000000039e-01 1.826573160000000140e-01 3.076208900000000357e-01 2.203615280000000287e-01 2.562053420000000026e-01 2.546220920000000221e-01 0.000000000000000000e+00 2.175648980000000066e-01
2.316654380000000013e-01 2.837785800000000025e-01 2.881085200000000346e-01 4.874168819999999402e-01 2.700640639999999926e-01 3.393200579999999800e-01 3.033553119999999881e-01 4.334763220000000250e-01 4.680371059999999805e-01 3.908258299999999297e-01 3.377070659999999447e-01 5.112659999999999982e-01 3.337906620000000157e-01 3.287015419999999577e-01 2.206266060000000029e-01 2.344403139999999830e-01 2.299357579999999623e-01 4.275207019999999747e-01 2.909332379999999829e-01 3.048779459999999553e-01 2.175648980000000066e-01 0.000000000000000000e+00
