0.000000000000000000e+00 8.386664039999999209e-01 6.778417220000000354e-01 6.657503280000000023e-01 8.312424959999999974e-01 8.513992160000001252e-01 5.909968740000000054e-01 5.931829000000000685e-01 6.723457139999999832e-01 6.608662040000000681e-01 6.513977200000000689e-01 6.204031620000000080e-01 5.941613259999999341e-01 5.889955479999999799e-01 5.426035279999998906e-01 5.500298700000000318e-01 5.170195199999999547e-01 5.359107120000000668e-01 4.950884240000000824e-01 4.642927199999999921e-01 6.256905839999999941e-01 5.998326080000000449e-01
8.386664039999999209e-01 0.000000000000000000e+00 5.726408899999999580e-01 5.544991340000000601e-01 8.684981819999999519e-01 8.207298299999999935e-01 5.026286079999999767e-01 5.107460579999999473e-01 5.641998540000000562e-01 5.555416319999999519e-01 5.498325680000000215e-01 5.329236659999999626e-01 4.963902319999999868e-01 4.741634440000000450e-01 4.885959599999999403e-01 4.617101339999999388e-01 4.330205759999999904e-01 4.678139239999999921e-01 4.109909659999999576e-01 4.050470500000000196e-01 5.349928320000001403e-01 4.922774040000000295e-01
6.778417220000000354e-01 5.726408899999999580e-01 0.000000000000000000e+00 9.150554459999999946e-01 5.955891039999999803e-01 6.560774260000000746e-01 7.879171680000000011e-01 7.805699499999999569e-01 9.583977499999999372e-01 9.326203019999999011e-01 9.631303280000000910e-01 8.878637960000000939e-01 9.314238039999999108e-01 7.533668560000000847e-01 6.381077479999999191e-01 7.665749339999999856e-01 6.476916360000000150e-01 6.282325619999999944e-01 6.423969840000000042e-01 5.895333739999999434e-01 9.309312579999999837e-01 6.990652800000000111e-01
6.657503280000000023e-01 5.544991340000000601e-01 9.150554459999999946e-01 0.000000000000000000e+00 5.994150520000000038e-01 6.155549200000000054e-01 7.726045759999999873e-01 8.327138440000000363e-01 9.090308099999999669e-01 9.304807379999999739e-01 8.921292920000001292e-01 9.296824380000000554e-01 8.827432820000000735e-01 7.964325019999999311e-01 6.052634799999999649e-01 7.784122860000000088e-01 6.236277500000000362e-01 6.920596820000000093e-01 5.996677619999999376e-01 5.900027100000000413e-01 8.874613179999999435e-01 7.564890959999999165e-01
8.312424959999999974e-01 8.684981819999999519e-01 5.955891039999999803e-01 5.994150520000000038e-01 0.000000000000000000e+00 7.616442399999999724e-01 5.422041479999999414e-01 5.548960419999999782e-01 6.012185979999999930e-01 6.079040359999999810e-01 5.715047699999999953e-01 5.864515800000000834e-01 5.330291979999999263e-01 5.492730060000000636e-01 4.917973520000000209e-01 4.893669880000000028e-01 4.254377999999999771e-01 4.914390120000000084e-01 4.256923039999999103e-01 4.812197160000000196e-01 5.662030359999998819e-01 5.366158120000000809e-01
8.513992160000001252e-01 8.207298299999999935e-01 6.560774260000000746e-01 6.155549200000000054e-01 7.616442399999999724e-01 0.000000000000000000e+00 5.852197800000000782e-01 5.596036159999999704e-01 6.627248519999999754e-01 6.320381459999999674e-01 6.398857980000000056e-01 5.851105159999999694e-01 5.773978979999999650e-01 5.505553959999999192e-01 4.644986820000000516e-01 5.080130279999999221e-01 4.863692900000000097e-01 5.079896040000000390e-01 4.464476980000000594e-01 4.429259600000000074e-01 5.941214859999999209e-01 5.713333300000000836e-01
5.909968740000000054e-01 5.026286079999999767e-01 7.879171680000000011e-01 7.726045759999999873e-01 5.422041479999999414e-01 5.852197800000000782e-01 0.000000000000000000e+00 6.789276019999999079e-01 7.841461060000000094e-01 7.988948280000000013e-01 7.907154259999999990e-01 7.431358300000000527e-01 8.133663139999999236e-01 6.735848960000000440e-01 4.648995219999999540e-01 6.518998160000000208e-01 5.368567819999998658e-01 6.939281819999999490e-01 4.717050479999999046e-01 5.512439820000000212e-01 8.032832759999999350e-01 6.206986899999999974e-01
5.931829000000000685e-01 5.107460579999999473e-01 7.805699499999999569e-01 8.327138440000000363e-01 5.548960419999999782e-01 5.596036159999999704e-01 6.789276019999999079e-01 0.000000000000000000e+00 7.830586959999998875e-01 8.487323680000000703e-01 7.538448919999999331e-01 8.735088140000000223e-01 7.849755239999999246e-01 7.880562540000000116e-01 5.183777879999998950e-01 6.624912939999999528e-01 5.839570759999999083e-01 6.325072259999999780e-01 5.079659000000000812e-01 4.847931960000000373e-01 7.989524000000001180e-01 6.414693679999999842e-01
6.723457139999999832e-01 5.641998540000000562e-01 9.583977499999999372e-01 9.090308099999999669e-01 6.012185979999999930e-01 6.627248519999999754e-01 7.841461060000000094e-01 7.830586959999998875e-01 0.000000000000000000e+00 9.379773720000000869e-01 9.755890220000000834e-01 8.807465960000000482e-01 9.198838440000001171e-01 7.982789800000000824e-01 6.350569100000000855e-01 7.641111179999999781e-01 6.481569520000000084e-01 6.331758539999999824e-01 6.548945199999999245e-01 5.908262719999999302e-01 9.022632440000000198e-01 7.069039599999999979e-01
6.608662040000000681e-01 5.555416319999999519e-01 9.326203019999999011e-01 9.304807379999999739e-01 6.079040359999999810e-01 6.320381459999999674e-01 7.988948280000000013e-01 8.487323680000000703e-01 9.379773720000000869e-01 0.000000000000000000e+00 9.156129359999999329e-01 9.239003800000000766e-01 9.234799080000000160e-01 8.214601480000001121e-01 6.086193639999999405e-01 7.858225439999999562e-01 6.279564219999999031e-01 6.771956559999999792e-01 6.294546420000000087e-01 5.806225360000000224e-01 9.410539419999999211e-01 6.945691999999999977e-01
6.513977200000000689e-01 5.498325680000000215e-01 9.631303280000000910e-01 8.921292920000001292e-01 5.715047699999999953e-01 6.398857980000000056e-01 7.907154259999999990e-01 7.538448919999999331e-01 9.755890220000000834e-01 9.156129359999999329e-01 0.000000000000000000e+00 8.586055999999999688e-01 9.452164880000000213e-01 7.480628600000001072e-01 6.360933880000001484e-01 7.544422420000000962e-01 6.530770639999999849e-01 6.284369879999999187e-01 6.479484759999999399e-01 5.935478360000001619e-01 9.186783659999999685e-01 6.897463780000000488e-01
6.204031620000000080e-01 5.329236659999999626e-01 8.878637960000000939e-01 9.296824380000000554e-01 5.864515800000000834e-01 5.851105159999999694e-01 7.431358300000000527e-01 8.735088140000000223e-01 8.807465960000000482e-01 9.239003800000000766e-01 8.586055999999999688e-01 0.000000000000000000e+00 8.637554960000001225e-01 7.853062160000000569e-01 6.005901439999999925e-01 7.582109020000000754e-01 6.015260220000000491e-01 6.840302219999999656e-01 5.727737320000000354e-01 5.772992239999999997e-01 8.768079700000001031e-01 7.280577279999999041e-01
5.941613259999999341e-01 4.963902319999999868e-01 9.314238039999999108e-01 8.827432820000000735e-01 5.330291979999999263e-01 5.773978979999999650e-01 8.133663139999999236e-01 7.849755239999999246e-01 9.198838440000001171e-01 9.234799080000000160e-01 9.452164880000000213e-01 8.637554960000001225e-01 0.000000000000000000e+00 7.524720620000000526e-01 6.308504420000000668e-01 7.793599060000000467e-01 6.430408300000000077e-01 6.560731220000000086e-01 6.432848119999999836e-01 5.943715579999999665e-01 9.497186380000000039e-01 6.619709760000000998e-01
5.889955479999999799e-01 4.741634440000000450e-01 7.533668560000000847e-01 7.964325019999999311e-01 5.492730060000000636e-01 5.505553959999999192e-01 6.735848960000000440e-01 7.880562540000000116e-01 7.982789800000000824e-01 8.214601480000001121e-01 7.480628600000001072e-01 7.853062160000000569e-01 7.524720620000000526e-01 0.000000000000000000e+00 4.546959339999999683e-01 6.676331340000000170e-01 5.566263719999999804e-01 5.763049459999999291e-01 5.300075439999999416e-01 4.512789799999999962e-01 7.447249759999999830e-01 6.000640080000000376e-01
5.426035279999998906e-01 4.885959599999999403e-01 6.381077479999999191e-01 6.052634799999999649e-01 4.917973520000000209e-01 4.644986820000000516e-01 4.648995219999999540e-01 5.183777879999998950e-01 6.350569100000000855e-01 6.086193639999999405e-01 6.360933880000001484e-01 6.005901439999999925e-01 6.308504420000000668e-01 4.546959339999999683e-01 0.000000000000000000e+00 5.567398800000000758e-01 6.226327499999999571e-01 4.674518739999999895e-01 5.763550539999999778e-01 6.750959560000000526e-01 6.281708079999999139e-01 4.908417319999999751e-01
5.500298700000000318e-01 4.617101339999999388e-01 7.665749339999999856e-01 7.784122860000000088e-01 4.893669880000000028e-01 5.080130279999999221e-01 6.518998160000000208e-01 6.624912939999999528e-01 7.641111179999999781e-01 7.858225439999999562e-01 7.544422420000000962e-01 7.582109020000000754e-01 7.793599060000000467e-01 6.676331340000000170e-01 5.567398800000000758e-01 0.000000000000000000e+00 6.033546400000000531e-01 7.468131899999999046e-01 7.097084259999999478e-01 5.345662540000000185e-01 7.501576060000000323e-01 6.156688000000001271e-01
5.170195199999999547e-01 4.330205759999999904e-01 6.476916360000000150e-01 6.236277500000000362e-01 4.254377999999999771e-01 4.863692900000000097e-01 5.368567819999998658e-01 5.839570759999999083e-01 6.481569520000000084e-01 6.279564219999999031e-01 6.530770639999999849e-01 6.015260220000000491e-01 6.430408300000000077e-01 5.566263719999999804e-01 6.226327499999999571e-01 6.033546400000000531e-01 0.000000000000000000e+00 5.493928399999999934e-01 7.549328439999999363e-01 6.080443259999999128e-01 6.232464319999999613e-01 5.254161419999998639e-01
5.359107120000000668e-01 4.678139239999999921e-01 6.282325619999999944e-01 6.920596820000000093e-01 4.914390120000000084e-01 5.079896040000000390e-01 6.939281819999999490e-01 6.325072259999999780e-01 6.331758539999999824e-01 6.771956559999999792e-01 6.284369879999999187e-01 6.840302219999999656e-01 6.560731220000000086e-01 5.763049459999999291e-01 4.674518739999999895e-01 7.468131899999999046e-01 5.493928399999999934e-01 0.000000000000000000e+00 5.346628199999999831e-01 6.346256319999999951e-01 6.472326459999999670e-01 6.130059019999999359e-01
4.950884240000000824e-01 4.109909659999999576e-01 6.423969840000000042e-01 5.996677619999999376e-01 4.256923039999999103e-01 4.464476980000000594e-01 4.717050479999999046e-01 5.079659000000000812e-01 6.548945199999999245e-01 6.294546420000000087e-01 6.479484759999999399e-01 5.727737320000000354e-01 6.432848119999999836e-01 5.300075439999999416e-01 5.763550539999999778e-01 7.097084259999999478e-01 7.549328439999999363e-01 5.346628199999999831e-01 0.000000000000000000e+00 4.899434080000000802e-01 6.247035079999999629e-01 5.027191999999999217e-01
4.642927199999999921e-01 4.050470500000000196e-01 5.895333739999999434e-01 5.900027100000000413e-01 4.812197160000000196e-01 4.429259600000000074e-01 5.512439820000000212e-01 4.847931960000000373e-01 5.908262719999999302e-01 5.806225360000000224e-01 5.935478360000001619e-01 5.772992239999999997e-01 5.943715579999999665e-01 4.512789799999999962e-01 6.750959560000000526e-01 5.345662540000000185e-01 6.080443259999999128e-01 6.346256319999999951e-01 4.899434080000000802e-01 0.000000000000000000e+00 5.911867479999999286e-01 5.057442199999999666e-01
6.256905839999999941e-01 5.349928320000001403e-01 9.309312579999999837e-01 8.874613179999999435e-01 5.662030359999998819e-01 5.941214859999999209e-01 8.032832759999999350e-01 7.989524000000001180e-01 9.022632440000000198e-01 9.410539419999999211e-01 9.186783659999999685e-01 8.768079700000001031e-01 9.497186380000000039e-01 7.447249759999999830e-01 6.281708079999999139e-01 7.501576060000000323e-01 6.232464319999999613e-01 6.472326459999999670e-01 6.247035079999999629e-01 5.911867479999999286e-01 0.000000000000000000e+00 6.534760040000000547e-01
5.998326080000000449e-01 4.922774040000000295e-01 6.990652800000000111e-01 7.564890959999999165e-01 5.366158120000000809e-01 5.713333300000000836e-01 6.206986899999999974e-01 6.414693679999999842e-01 7.069039599999999979e-01 6.945691999999999977e-01 6.897463780000000488e-01 7.280577279999999041e-01 6.619709760000000998e-01 6.000640080000000376e-01 4.908417319999999751e-01 6.156688000000001271e-01 5.254161419999998639e-01 6.130059019999999359e-01 5.027191999999999217e-01 5.057442199999999666e-01 6.534760040000000547e-01 0.000000000000000000e+00
