0.000000000000000000e+00 9.797038820000001369e-01 3.962884019999999841e-01 6.012512219999999186e-01 9.719895599999999192e-01 9.703501119999999869e-01 6.415953599999998924e-02 8.147550200000000520e-02 2.502144800000000169e-01 3.423191399999999662e-01 2.478774120000000192e-01 2.413099419999999995e-01 2.818666239999999545e-01 2.051745040000000075e-01 6.784585800000000888e-02 7.154101999999999684e-02 6.497559799999999552e-02 8.352362000000000675e-02 6.660498200000000701e-02 6.999547999999999881e-02 3.606129260000000003e-01 3.165389740000000285e-01
9.797038820000001369e-01 0.000000000000000000e+00 3.573131120000000438e-01 5.567337880000000627e-01 9.755090540000000976e-01 9.901812260000000254e-01 7.969353999999999327e-02 8.270952600000000543e-02 2.652415220000000073e-01 3.678507520000000031e-01 2.725991879999999923e-01 2.593953119999999890e-01 2.978925420000000379e-01 1.997615540000000078e-01 7.623675599999998886e-02 6.945584200000000374e-02 7.068353000000000830e-02 8.181809599999997906e-02 6.833140599999999731e-02 7.062279200000000368e-02 3.860642999999999714e-01 3.478623660000000339e-01
3.962884019999999841e-01 3.573131120000000438e-01 0.000000000000000000e+00 6.538410540000000326e-01 3.691006399999999799e-01 3.290473059999999839e-01 4.669979299999999500e-01 4.729242339999999989e-01 5.818079940000000505e-01 3.318789960000000372e-01 6.015761299999999867e-01 2.430238639999999783e-01 3.496710259999999959e-01 2.515922400000000225e-01 4.354300560000000653e-01 4.366290540000000719e-01 4.427615559999999451e-01 4.589707599999999776e-01 4.363183039999999902e-01 4.434311140000000151e-01 3.668241600000000102e-01 3.399852880000000521e-01
6.012512219999999186e-01 5.567337880000000627e-01 6.538410540000000326e-01 0.000000000000000000e+00 5.478886320000000421e-01 5.375169319999999473e-01 2.669377139999999926e-01 3.140240559999999959e-01 3.388990920000000129e-01 3.661734979999999862e-01 2.528136120000000209e-01 3.146437100000000209e-01 2.561057500000000209e-01 2.098317460000000134e-01 2.573816919999999953e-01 2.659391299999999680e-01 2.613261279999999909e-01 2.802004799999999740e-01 2.559763620000000128e-01 2.675531960000000486e-01 3.608337520000000076e-01 3.639962540000000191e-01
9.719895599999999192e-01 9.755090540000000976e-01 3.691006399999999799e-01 5.478886320000000421e-01 0.000000000000000000e+00 9.547373300000000507e-01 1.057918120000000128e-01 1.069098939999999914e-01 2.602833920000000023e-01 3.737261440000000379e-01 2.859516500000000017e-01 2.790933699999999518e-01 3.121184180000000086e-01 2.084542099999999731e-01 9.933657600000000976e-02 1.005341000000000012e-01 9.781277399999999123e-02 1.147091159999999999e-01 9.705017600000001576e-02 1.010168600000000139e-01 3.755905660000000146e-01 3.432969359999999970e-01
9.703501119999999869e-01 9.901812260000000254e-01 3.290473059999999839e-01 5.375169319999999473e-01 9.547373300000000507e-01 0.000000000000000000e+00 8.897436200000000128e-02 8.938344200000000739e-02 2.872372180000000164e-01 3.806702539999999857e-01 2.835393340000000317e-01 2.612878079999999548e-01 3.106400139999999643e-01 2.020150679999999921e-01 7.589866999999998753e-02 6.255763999999999769e-02 7.192133600000000238e-02 7.553145800000000964e-02 6.607071200000000366e-02 6.761952600000001312e-02 4.036391800000000418e-01 3.525551660000000309e-01
6.415953599999998924e-02 7.969353999999999327e-02 4.669979299999999500e-01 2.669377139999999926e-01 1.057918120000000128e-01 8.897436200000000128e-02 0.000000000000000000e+00 9.678464140000000437e-01 3.701241620000000343e-01 1.989296839999999955e-01 3.885683379999999576e-01 1.931773420000000019e-01 4.744683299999999937e-01 2.429708339999999966e-01 9.867417579999999688e-01 9.625482059999999063e-01 9.854761739999998715e-01 9.617997899999999323e-01 9.864891480000000934e-01 9.733629379999999554e-01 5.025477540000000687e-01 2.776611379999999740e-01
8.147550200000000520e-02 8.270952600000000543e-02 4.729242339999999989e-01 3.140240559999999959e-01 1.069098939999999914e-01 8.938344200000000739e-02 9.678464140000000437e-01 0.000000000000000000e+00 3.395332780000000494e-01 1.999830539999999934e-01 3.726312039999999937e-01 2.330911499999999970e-01 4.849336839999999205e-01 2.506090120000000199e-01 9.630422899999999675e-01 9.661357779999999451e-01 9.607804559999999494e-01 9.671240420000000171e-01 9.660936959999999463e-01 9.716191860000000791e-01 5.334005240000000425e-01 2.894418460000000026e-01
2.502144800000000169e-01 2.652415220000000073e-01 5.818079940000000505e-01 3.388990920000000129e-01 2.602833920000000023e-01 2.872372180000000164e-01 3.701241620000000343e-01 3.395332780000000494e-01 0.000000000000000000e+00 5.706876100000000118e-01 8.477940100000000978e-01 3.500705159999999982e-01 3.935824239999999863e-01 2.574498660000000272e-01 3.377177559999999801e-01 3.465194079999999732e-01 3.409871400000000219e-01 3.636008319999999849e-01 3.370531800000000078e-01 3.506234120000000232e-01 4.450934480000000026e-01 4.653539640000000088e-01
3.423191399999999662e-01 3.678507520000000031e-01 3.318789960000000372e-01 3.661734979999999862e-01 3.737261440000000379e-01 3.806702539999999857e-01 1.989296839999999955e-01 1.999830539999999934e-01 5.706876100000000118e-01 0.000000000000000000e+00 4.931937759999999171e-01 7.808082779999998557e-01 4.627825000000000411e-01 4.260973640000000340e-01 1.867397620000000036e-01 1.697311039999999660e-01 1.826569059999999800e-01 1.863056439999999925e-01 1.784487339999999977e-01 1.804365379999999797e-01 4.689451720000000212e-01 4.577136480000000285e-01
2.478774120000000192e-01 2.725991879999999923e-01 6.015761299999999867e-01 2.528136120000000209e-01 2.859516500000000017e-01 2.835393340000000317e-01 3.885683379999999576e-01 3.726312039999999937e-01 8.477940100000000978e-01 4.931937759999999171e-01 0.000000000000000000e+00 3.537982620000000300e-01 4.141818999999999917e-01 2.183341079999999990e-01 3.493966259999999879e-01 3.722596200000000133e-01 3.552381239999999885e-01 3.944700500000000165e-01 3.552600099999999594e-01 3.743161979999999889e-01 4.341653140000000244e-01 4.468727659999999768e-01
2.413099419999999995e-01 2.593953119999999890e-01 2.430238639999999783e-01 3.146437100000000209e-01 2.790933699999999518e-01 2.612878079999999548e-01 1.931773420000000019e-01 2.330911499999999970e-01 3.500705159999999982e-01 7.808082779999998557e-01 3.537982620000000300e-01 0.000000000000000000e+00 2.798963080000000381e-01 6.148683719999999964e-01 1.819296140000000173e-01 1.823924859999999926e-01 1.806942659999999923e-01 1.882841100000000045e-01 1.823674980000000168e-01 1.842470640000000159e-01 2.419842040000000361e-01 3.411234019999999645e-01
2.818666239999999545e-01 2.978925420000000379e-01 3.496710259999999959e-01 2.561057500000000209e-01 3.121184180000000086e-01 3.106400139999999643e-01 4.744683299999999937e-01 4.849336839999999205e-01 3.935824239999999863e-01 4.627825000000000411e-01 4.141818999999999917e-01 2.798963080000000381e-01 0.000000000000000000e+00 2.371265339999999999e-01 4.755618379999999590e-01 4.813714020000000038e-01 4.750337100000000534e-01 4.867402900000000199e-01 4.789410900000000137e-01 4.885078600000000160e-01 7.364161799999998648e-01 4.182927900000000254e-01
2.051745040000000075e-01 1.997615540000000078e-01 2.515922400000000225e-01 2.098317460000000134e-01 2.084542099999999731e-01 2.020150679999999921e-01 2.429708339999999966e-01 2.506090120000000199e-01 2.574498660000000272e-01 4.260973640000000340e-01 2.183341079999999990e-01 6.148683719999999964e-01 2.371265339999999999e-01 0.000000000000000000e+00 2.392578320000000036e-01 2.763365519999999576e-01 2.303841740000000249e-01 2.721255720000000378e-01 2.419803760000000248e-01 2.676753219999999933e-01 2.416919439999999919e-01 2.332725419999999994e-01
6.784585800000000888e-02 7.623675599999998886e-02 4.354300560000000653e-01 2.573816919999999953e-01 9.933657600000000976e-02 7.589866999999998753e-02 9.867417579999999688e-01 9.630422899999999675e-01 3.377177559999999801e-01 1.867397620000000036e-01 3.493966259999999879e-01 1.819296140000000173e-01 4.755618379999999590e-01 2.392578320000000036e-01 0.000000000000000000e+00 9.712039819999999102e-01 9.960901279999999636e-01 9.628163199999999478e-01 9.975141360000000512e-01 9.787663380000000135e-01 4.751518540000000401e-01 2.560357039999999751e-01
7.154101999999999684e-02 6.945584200000000374e-02 4.366290540000000719e-01 2.659391299999999680e-01 1.005341000000000012e-01 6.255763999999999769e-02 9.625482059999999063e-01 9.661357779999999451e-01 3.465194079999999732e-01 1.697311039999999660e-01 3.722596200000000133e-01 1.823924859999999926e-01 4.813714020000000038e-01 2.763365519999999576e-01 9.712039819999999102e-01 0.000000000000000000e+00 9.639537220000000683e-01 9.929933539999999947e-01 9.751386060000001299e-01 9.973074639999998103e-01 4.803343360000000284e-01 2.558657200000000187e-01
6.497559799999999552e-02 7.068353000000000830e-02 4.427615559999999451e-01 2.613261279999999909e-01 9.781277399999999123e-02 7.192133600000000238e-02 9.854761739999998715e-01 9.607804559999999494e-01 3.409871400000000219e-01 1.826569059999999800e-01 3.552381239999999885e-01 1.806942659999999923e-01 4.750337100000000534e-01 2.303841740000000249e-01 9.960901279999999636e-01 9.639537220000000683e-01 0.000000000000000000e+00 9.568917459999999320e-01 9.980231039999999387e-01 9.720707699999999729e-01 4.825012879999999171e-01 2.588314580000000142e-01
8.352362000000000675e-02 8.181809599999997906e-02 4.589707599999999776e-01 2.802004799999999740e-01 1.147091159999999999e-01 7.553145800000000964e-02 9.617997899999999323e-01 9.671240420000000171e-01 3.636008319999999849e-01 1.863056439999999925e-01 3.944700500000000165e-01 1.882841100000000045e-01 4.867402900000000199e-01 2.721255720000000378e-01 9.628163199999999478e-01 9.929933539999999947e-01 9.568917459999999320e-01 0.000000000000000000e+00 9.676316659999999459e-01 9.948003599999999391e-01 5.016174199999999805e-01 2.741407639999999257e-01
6.660498200000000701e-02 6.833140599999999731e-02 4.363183039999999902e-01 2.559763620000000128e-01 9.705017600000001576e-02 6.607071200000000366e-02 9.864891480000000934e-01 9.660936959999999463e-01 3.370531800000000078e-01 1.784487339999999977e-01 3.552600099999999594e-01 1.823674980000000168e-01 4.789410900000000137e-01 2.419803760000000248e-01 9.975141360000000512e-01 9.751386060000001299e-01 9.980231039999999387e-01 9.676316659999999459e-01 0.000000000000000000e+00 9.815774539999999604e-01 4.819518959999999907e-01 2.578024680000000068e-01
6.999547999999999881e-02 7.062279200000000368e-02 4.434311140000000151e-01 2.675531960000000486e-01 1.010168600000000139e-01 6.761952600000001312e-02 9.733629379999999554e-01 9.716191860000000791e-01 3.506234120000000232e-01 1.804365379999999797e-01 3.743161979999999889e-01 1.842470640000000159e-01 4.885078600000000160e-01 2.676753219999999933e-01 9.787663380000000135e-01 9.973074639999998103e-01 9.720707699999999729e-01 9.948003599999999391e-01 9.815774539999999604e-01 0.000000000000000000e+00 4.915390560000000297e-01 2.627884659999999983e-01
3.606129260000000003e-01 3.860642999999999714e-01 3.668241600000000102e-01 3.608337520000000076e-01 3.755905660000000146e-01 4.036391800000000418e-01 5.025477540000000687e-01 5.334005240000000425e-01 4.450934480000000026e-01 4.689451720000000212e-01 4.341653140000000244e-01 2.419842040000000361e-01 7.364161799999998648e-01 2.416919439999999919e-01 4.751518540000000401e-01 4.803343360000000284e-01 4.825012879999999171e-01 5.016174199999999805e-01 4.819518959999999907e-01 4.915390560000000297e-01 0.000000000000000000e+00 6.199013780000000029e-01
3.165389740000000285e-01 3.478623660000000339e-01 3.399852880000000521e-01 3.639962540000000191e-01 3.432969359999999970e-01 3.525551660000000309e-01 2.776611379999999740e-01 2.894418460000000026e-01 4.653539640000000088e-01 4.577136480000000285e-01 4.468727659999999768e-01 3.411234019999999645e-01 4.182927900000000254e-01 2.332725419999999994e-01 2.560357039999999751e-01 2.558657200000000187e-01 2.588314580000000142e-01 2.741407639999999257e-01 2.578024680000000068e-01 2.627884659999999983e-01 6.199013780000000029e-01 0.000000000000000000e+00
