0.000000000000000000e+00 7.339780579999999333e-01 5.791982239999999837e-01 6.550669900000001267e-01 7.694461620000000446e-01 9.018135880000001103e-01 1.407241100000000134e-01 1.666926840000000076e-01 3.113254280000000707e-01 2.681254839999999695e-01 2.666227120000000395e-01 2.315928939999999936e-01 3.109117619999999804e-01 2.302806920000000090e-01 1.265530860000000091e-01 5.139990199999999732e-02 1.090915480000000104e-01 1.056480679999999978e-01 1.139933580000000168e-01 1.075684520000000227e-01 3.107744659999999715e-01 3.011486259999999748e-01
7.339780579999999333e-01 0.000000000000000000e+00 5.986541520000000505e-01 5.610340980000000366e-01 8.810452599999999412e-01 6.948415800000000697e-01 1.171734400000000037e-01 1.401894699999999827e-01 2.811857760000000539e-01 2.360957380000000272e-01 2.544673020000000063e-01 2.044975899999999791e-01 2.863122260000000030e-01 2.008597500000000036e-01 1.430385420000000185e-01 6.276753799999999772e-02 9.036958200000000385e-02 8.998438200000000164e-02 9.512149400000000088e-02 1.089467460000000110e-01 2.880116000000000342e-01 2.704635639999999897e-01
5.791982239999999837e-01 5.986541520000000505e-01 0.000000000000000000e+00 6.749097880000000105e-01 6.035070059999999570e-01 5.770359000000000460e-01 4.096132980000000146e-01 3.950914840000000483e-01 6.446555280000000332e-01 5.044268819999999653e-01 6.939283279999999277e-01 3.778273179999999676e-01 6.976600539999999739e-01 3.649994540000000010e-01 2.057095859999999998e-01 1.339348619999999879e-01 1.044670200000000077e-01 1.112108080000000082e-01 1.435691920000000121e-01 2.345355239999999952e-01 7.031150379999999700e-01 6.077802340000000303e-01
6.550669900000001267e-01 5.610340980000000366e-01 6.749097880000000105e-01 0.000000000000000000e+00 5.818427899999999431e-01 6.390180779999999894e-01 3.503625719999999832e-01 4.788415439999999523e-01 5.754172079999999578e-01 6.131877039999998891e-01 4.635387679999999899e-01 5.967284799999998945e-01 4.831382800000000310e-01 5.846116800000000779e-01 1.659901680000000213e-01 1.439593520000000126e-01 9.800616600000000567e-02 1.324816299999999891e-01 1.380841899999999955e-01 2.553233679999999950e-01 5.452281680000000685e-01 6.315691820000000067e-01
7.694461620000000446e-01 8.810452599999999412e-01 6.035070059999999570e-01 5.818427899999999431e-01 0.000000000000000000e+00 7.385517560000000037e-01 1.298272679999999957e-01 1.391218180000000082e-01 2.938994240000000202e-01 2.351608800000000166e-01 2.517698000000000436e-01 2.153801220000000072e-01 2.840699260000000281e-01 2.201564340000000120e-01 1.179373060000000056e-01 5.392316400000000259e-02 9.607297400000000542e-02 1.065295500000000006e-01 1.061349260000000044e-01 1.040775599999999856e-01 2.845616759999999856e-01 2.714917319999999856e-01
9.018135880000001103e-01 6.948415800000000697e-01 5.770359000000000460e-01 6.390180779999999894e-01 7.385517560000000037e-01 0.000000000000000000e+00 1.406678339999999916e-01 1.550629099999999982e-01 2.983257260000000133e-01 2.550046599999999941e-01 2.601496460000000122e-01 2.280447340000000267e-01 2.959570399999999490e-01 2.279475439999999742e-01 1.264606219999999948e-01 5.308898200000000678e-02 9.922802999999999485e-02 9.093887200000000393e-02 1.148564600000000074e-01 1.004067220000000038e-01 3.018925140000000562e-01 2.891420919999999617e-01
1.407241100000000134e-01 1.171734400000000037e-01 4.096132980000000146e-01 3.503625719999999832e-01 1.298272679999999957e-01 1.406678339999999916e-01 0.000000000000000000e+00 5.851110000000000477e-01 4.971299599999999819e-01 4.766533500000000312e-01 5.068663799999999497e-01 3.558305940000000001e-01 4.672331019999999557e-01 3.278095000000000314e-01 5.885391259999999125e-01 3.718707359999999795e-01 1.941359080000000237e-01 1.197960460000000033e-01 2.361222020000000033e-01 4.611714439999999859e-01 4.822273199999999593e-01 4.685345559999999909e-01
1.666926840000000076e-01 1.401894699999999827e-01 3.950914840000000483e-01 4.788415439999999523e-01 1.391218180000000082e-01 1.550629099999999982e-01 5.851110000000000477e-01 0.000000000000000000e+00 5.248519860000000481e-01 5.941369380000000033e-01 4.598237519999999745e-01 5.689192339999999959e-01 4.280640379999999245e-01 4.763509839999999218e-01 1.884544539999999935e-01 4.612924979999999953e-01 1.645271580000000067e-01 2.426684740000000229e-01 2.619817340000000216e-01 4.369930400000000548e-01 5.040522139999998874e-01 5.690884960000001103e-01
3.113254280000000707e-01 2.811857760000000539e-01 6.446555280000000332e-01 5.754172079999999578e-01 2.938994240000000202e-01 2.983257260000000133e-01 4.971299599999999819e-01 5.248519860000000481e-01 0.000000000000000000e+00 5.474814120000000006e-01 6.920953140000000170e-01 4.824933699999999770e-01 7.611434400000000045e-01 4.411408179999999346e-01 2.141421140000000223e-01 1.597521679999999999e-01 8.394393599999999678e-02 1.558963059999999845e-01 1.177893000000000134e-01 3.343705200000000044e-01 7.138775019999999971e-01 6.941914940000000200e-01
2.681254839999999695e-01 2.360957380000000272e-01 5.044268819999999653e-01 6.131877039999998891e-01 2.351608800000000166e-01 2.550046599999999941e-01 4.766533500000000312e-01 5.941369380000000033e-01 5.474814120000000006e-01 0.000000000000000000e+00 5.500911739999999606e-01 5.837062559999999234e-01 5.251793080000000113e-01 7.249785960000000307e-01 1.628033979999999881e-01 2.243687299999999885e-01 9.474354399999999898e-02 1.419908639999999944e-01 1.478617519999999852e-01 3.165207119999999819e-01 6.392252920000001115e-01 6.619970280000000429e-01
2.666227120000000395e-01 2.544673020000000063e-01 6.939283279999999277e-01 4.635387679999999899e-01 2.517698000000000436e-01 2.601496460000000122e-01 5.068663799999999497e-01 4.598237519999999745e-01 6.920953140000000170e-01 5.500911739999999606e-01 0.000000000000000000e+00 3.465139959999999908e-01 8.129096940000000160e-01 3.400322419999999846e-01 1.934925620000000068e-01 1.517406739999999643e-01 1.220759819999999857e-01 1.425936920000000219e-01 1.736111859999999729e-01 3.085027999999999659e-01 7.771192579999999239e-01 6.554519219999999091e-01
2.315928939999999936e-01 2.044975899999999791e-01 3.778273179999999676e-01 5.967284799999998945e-01 2.153801220000000072e-01 2.280447340000000267e-01 3.558305940000000001e-01 5.689192339999999959e-01 4.824933699999999770e-01 5.837062559999999234e-01 3.465139959999999908e-01 0.000000000000000000e+00 3.466058899999999721e-01 6.167837640000000121e-01 1.487718259999999959e-01 1.747177040000000015e-01 1.143919300000000028e-01 1.457496420000000126e-01 1.385931960000000296e-01 2.814329880000000506e-01 4.200381679999999340e-01 5.713738160000000343e-01
3.109117619999999804e-01 2.863122260000000030e-01 6.976600539999999739e-01 4.831382800000000310e-01 2.840699260000000281e-01 2.959570399999999490e-01 4.672331019999999557e-01 4.280640379999999245e-01 7.611434400000000045e-01 5.251793080000000113e-01 8.129096940000000160e-01 3.466058899999999721e-01 0.000000000000000000e+00 3.296218720000000379e-01 2.001273920000000150e-01 1.544335119999999950e-01 8.475876799999999822e-02 1.257852700000000046e-01 1.318792860000000122e-01 2.778932060000000037e-01 7.936687740000000213e-01 6.266027519999999296e-01
2.302806920000000090e-01 2.008597500000000036e-01 3.649994540000000010e-01 5.846116800000000779e-01 2.201564340000000120e-01 2.279475439999999742e-01 3.278095000000000314e-01 4.763509839999999218e-01 4.411408179999999346e-01 7.249785960000000307e-01 3.400322419999999846e-01 6.167837640000000121e-01 3.296218720000000379e-01 0.000000000000000000e+00 1.522210439999999998e-01 1.678899160000000002e-01 8.044894199999999551e-02 1.244647519999999979e-01 1.140246140000000102e-01 2.504863440000000274e-01 4.267558880000000276e-01 5.398877600000000498e-01
1.265530860000000091e-01 1.430385420000000185e-01 2.057095859999999998e-01 1.659901680000000213e-01 1.179373060000000056e-01 1.264606219999999948e-01 5.885391259999999125e-01 1.884544539999999935e-01 2.141421140000000223e-01 1.628033979999999881e-01 1.934925620000000068e-01 1.487718259999999959e-01 2.001273920000000150e-01 1.522210439999999998e-01 0.000000000000000000e+00 2.510188340000000240e-01 1.278882799999999931e-01 1.240375639999999891e-01 1.293334060000000396e-01 2.386610499999999857e-01 1.706181559999999653e-01 1.826234820000000036e-01
5.139990199999999732e-02 6.276753799999999772e-02 1.339348619999999879e-01 1.439593520000000126e-01 5.392316400000000259e-02 5.308898200000000678e-02 3.718707359999999795e-01 4.612924979999999953e-01 1.597521679999999999e-01 2.243687299999999885e-01 1.517406739999999643e-01 1.747177040000000015e-01 1.544335119999999950e-01 1.678899160000000002e-01 2.510188340000000240e-01 0.000000000000000000e+00 8.589683200000000629e-02 1.056019880000000077e-01 1.580353240000000326e-01 1.638651139999999784e-01 1.713073300000000077e-01 1.454230579999999939e-01
1.090915480000000104e-01 9.036958200000000385e-02 1.044670200000000077e-01 9.800616600000000567e-02 9.607297400000000542e-02 9.922802999999999485e-02 1.941359080000000237e-01 1.645271580000000067e-01 8.394393599999999678e-02 9.474354399999999898e-02 1.220759819999999857e-01 1.143919300000000028e-01 8.475876799999999822e-02 8.044894199999999551e-02 1.278882799999999931e-01 8.589683200000000629e-02 0.000000000000000000e+00 1.239134640000000009e-01 8.935288360000001040e-01 1.385424080000000058e-01 1.121050119999999761e-01 1.269602700000000139e-01
1.056480679999999978e-01 8.998438200000000164e-02 1.112108080000000082e-01 1.324816299999999891e-01 1.065295500000000006e-01 9.093887200000000393e-02 1.197960460000000033e-01 2.426684740000000229e-01 1.558963059999999845e-01 1.419908639999999944e-01 1.425936920000000219e-01 1.457496420000000126e-01 1.257852700000000046e-01 1.244647519999999979e-01 1.240375639999999891e-01 1.056019880000000077e-01 1.239134640000000009e-01 0.000000000000000000e+00 1.572360079999999827e-01 7.398699819999998706e-01 1.485141980000000139e-01 1.626011720000000160e-01
1.139933580000000168e-01 9.512149400000000088e-02 1.435691920000000121e-01 1.380841899999999955e-01 1.061349260000000044e-01 1.148564600000000074e-01 2.361222020000000033e-01 2.619817340000000216e-01 1.177893000000000134e-01 1.478617519999999852e-01 1.736111859999999729e-01 1.385931960000000296e-01 1.318792860000000122e-01 1.140246140000000102e-01 1.293334060000000396e-01 1.580353240000000326e-01 8.935288360000001040e-01 1.572360079999999827e-01 0.000000000000000000e+00 1.727854539999999772e-01 1.647271280000000004e-01 1.624636460000000171e-01
1.075684520000000227e-01 1.089467460000000110e-01 2.345355239999999952e-01 2.553233679999999950e-01 1.040775599999999856e-01 1.004067220000000038e-01 4.611714439999999859e-01 4.369930400000000548e-01 3.343705200000000044e-01 3.165207119999999819e-01 3.085027999999999659e-01 2.814329880000000506e-01 2.778932060000000037e-01 2.504863440000000274e-01 2.386610499999999857e-01 1.638651139999999784e-01 1.385424080000000058e-01 7.398699819999998706e-01 1.727854539999999772e-01 0.000000000000000000e+00 2.982219060000000366e-01 3.285187439999999737e-01
3.107744659999999715e-01 2.880116000000000342e-01 7.031150379999999700e-01 5.452281680000000685e-01 2.845616759999999856e-01 3.018925140000000562e-01 4.822273199999999593e-01 5.040522139999998874e-01 7.138775019999999971e-01 6.392252920000001115e-01 7.771192579999999239e-01 4.200381679999999340e-01 7.936687740000000213e-01 4.267558880000000276e-01 1.706181559999999653e-01 1.713073300000000077e-01 1.121050119999999761e-01 1.485141980000000139e-01 1.647271280000000004e-01 2.982219060000000366e-01 0.000000000000000000e+00 7.321921440000001002e-01
3.011486259999999748e-01 2.704635639999999897e-01 6.077802340000000303e-01 6.315691820000000067e-01 2.714917319999999856e-01 2.891420919999999617e-01 4.685345559999999909e-01 5.690884960000001103e-01 6.941914940000000200e-01 6.619970280000000429e-01 6.554519219999999091e-01 5.713738160000000343e-01 6.266027519999999296e-01 5.398877600000000498e-01 1.826234820000000036e-01 1.454230579999999939e-01 1.269602700000000139e-01 1.626011720000000160e-01 1.624636460000000171e-01 3.285187439999999737e-01 7.321921440000001002e-01 0.000000000000000000e+00
