0.000000000000000000e+00 6.553303759999999922e-01 2.612983359999999644e-01 2.689017319999999489e-01 6.833682979999999851e-01 8.159320100000000409e-01 6.324395400000000500e-02 6.667285399999998974e-02 1.025501980000000091e-01 1.159618860000000140e-01 9.691577999999999304e-02 1.057311439999999853e-01 9.285356799999998356e-02 7.744302000000000130e-02 7.769373799999998442e-02 9.147479199999999921e-02 6.685462600000000033e-02 9.615202400000000260e-02 9.292281399999999247e-02 6.464636399999999783e-02 9.111668200000000439e-02 1.220362059999999804e-01
6.553303759999999922e-01 0.000000000000000000e+00 2.741237280000000109e-01 1.943404820000000088e-01 7.441826139999999645e-01 6.424117299999999586e-01 5.532767600000000618e-02 5.963752799999999521e-02 9.224688200000000227e-02 1.117560680000000001e-01 1.223527299999999929e-01 1.133353240000000151e-01 6.908960199999999996e-02 9.016078200000000875e-02 7.966885200000001221e-02 6.897006999999999444e-02 8.147894399999999759e-02 1.063727899999999948e-01 8.421225000000001626e-02 6.777886400000000811e-02 1.175960660000000130e-01 1.258361299999999905e-01
2.612983359999999644e-01 2.741237280000000109e-01 0.000000000000000000e+00 2.294690960000000113e-01 3.069555099999999870e-01 2.324532700000000174e-01 2.083434439999999888e-01 9.998988600000000004e-02 4.194638119999999359e-01 2.667384600000000106e-01 5.209554419999999908e-01 1.175190020000000113e-01 4.735381160000000089e-01 7.909721799999999692e-02 8.776216800000000151e-02 4.899658399999999581e-02 8.548633199999999821e-02 8.515905599999999687e-02 1.428307300000000168e-01 1.111897879999999839e-01 4.280403220000000286e-01 3.000600239999999808e-01
2.689017319999999489e-01 1.943404820000000088e-01 2.294690960000000113e-01 0.000000000000000000e+00 1.851642920000000081e-01 2.989442359999999743e-01 1.766943399999999775e-01 3.011052300000000015e-01 2.572508740000000182e-01 4.540787780000000717e-01 1.535925779999999796e-01 4.537801039999999619e-01 1.221391019999999994e-01 3.949385340000000078e-01 8.073547000000000362e-02 1.189669839999999840e-01 7.525874800000001419e-02 1.082077939999999960e-01 9.696460599999998098e-02 2.246450640000000054e-01 2.097499280000000021e-01 3.348754159999999813e-01
6.833682979999999851e-01 7.441826139999999645e-01 3.069555099999999870e-01 1.851642920000000081e-01 0.000000000000000000e+00 6.633333500000000438e-01 8.796495000000000009e-02 5.862310999999999911e-02 6.551380799999999283e-02 1.111003279999999982e-01 8.239133800000000840e-02 8.440051000000001191e-02 7.387404599999999877e-02 6.161448600000000303e-02 5.303026200000000856e-02 9.879071800000001347e-02 5.971250799999999748e-02 1.096356899999999940e-01 7.153117200000000397e-02 7.594055800000000522e-02 9.361110999999999738e-02 9.481832399999999550e-02
8.159320100000000409e-01 6.424117299999999586e-01 2.324532700000000174e-01 2.989442359999999743e-01 6.633333500000000438e-01 0.000000000000000000e+00 7.636126000000001413e-02 6.814846199999999299e-02 1.054923420000000167e-01 1.190936060000000046e-01 1.193629000000000079e-01 9.786680000000000379e-02 9.058450000000001223e-02 1.058866619999999925e-01 6.914301400000000264e-02 1.311800080000000146e-01 7.077286400000000477e-02 1.278461800000000037e-01 9.791223600000001359e-02 8.765635800000000366e-02 8.674847199999999314e-02 1.213292039999999961e-01
6.324395400000000500e-02 5.532767600000000618e-02 2.083434439999999888e-01 1.766943399999999775e-01 8.796495000000000009e-02 7.636126000000001413e-02 0.000000000000000000e+00 3.019107080000000276e-01 3.020011799999999802e-01 2.335711899999999841e-01 2.564938620000000169e-01 1.189151619999999909e-01 2.320643180000000194e-01 1.096740380000000015e-01 3.194013760000000146e-01 1.891136599999999890e-01 1.482466079999999742e-01 8.364691600000000171e-02 3.056338219999999994e-01 3.858228439999999981e-01 2.379248880000000010e-01 1.871530539999999854e-01
6.667285399999998974e-02 5.963752799999999521e-02 9.998988600000000004e-02 3.011052300000000015e-01 5.862310999999999911e-02 6.814846199999999299e-02 3.019107080000000276e-01 0.000000000000000000e+00 2.754247779999999812e-01 3.694880640000000049e-01 1.400131000000000014e-01 3.614807459999999639e-01 1.454662300000000019e-01 2.847969619999999868e-01 7.925797000000001091e-02 3.564555019999999796e-01 8.649813600000000324e-02 1.173300900000000119e-01 1.480004819999999888e-01 4.398210319999999451e-01 1.808868720000000041e-01 2.932511240000000297e-01
1.025501980000000091e-01 9.224688200000000227e-02 4.194638119999999359e-01 2.572508740000000182e-01 6.551380799999999283e-02 1.054923420000000167e-01 3.020011799999999802e-01 2.754247779999999812e-01 0.000000000000000000e+00 3.903331580000000134e-01 5.638421900000001319e-01 3.285008080000000330e-01 5.635592000000000379e-01 2.870353279999999785e-01 1.175671979999999978e-01 9.035978399999999855e-02 8.667609599999999415e-02 9.055886599999998787e-02 1.558687380000000067e-01 1.813913819999999899e-01 4.912029000000000534e-01 4.309630799999999984e-01
1.159618860000000140e-01 1.117560680000000001e-01 2.667384600000000106e-01 4.540787780000000717e-01 1.111003279999999982e-01 1.190936060000000046e-01 2.335711899999999841e-01 3.694880640000000049e-01 3.903331580000000134e-01 0.000000000000000000e+00 4.092316220000000726e-01 6.095215200000000388e-01 3.758275039999999789e-01 6.101767359999999973e-01 6.704643400000000197e-02 1.544097900000000190e-01 6.975807600000000219e-02 8.364438600000000112e-02 1.426709960000000221e-01 2.541796379999999855e-01 4.161900760000000199e-01 4.934332799999999741e-01
9.691577999999999304e-02 1.223527299999999929e-01 5.209554419999999908e-01 1.535925779999999796e-01 8.239133800000000840e-02 1.193629000000000079e-01 2.564938620000000169e-01 1.400131000000000014e-01 5.638421900000001319e-01 4.092316220000000726e-01 0.000000000000000000e+00 1.854139820000000050e-01 7.179593560000000485e-01 1.670373579999999969e-01 8.693977199999999850e-02 8.615467800000001231e-02 8.672308999999998880e-02 1.305672180000000127e-01 1.463951440000000048e-01 1.314517519999999773e-01 5.626934940000000163e-01 3.653854220000000153e-01
1.057311439999999853e-01 1.133353240000000151e-01 1.175190020000000113e-01 4.537801039999999619e-01 8.440051000000001191e-02 9.786680000000000379e-02 1.189151619999999909e-01 3.614807459999999639e-01 3.285008080000000330e-01 6.095215200000000388e-01 1.854139820000000050e-01 0.000000000000000000e+00 1.648989540000000142e-01 6.924532239999999783e-01 7.606173200000000689e-02 8.324558800000000924e-02 6.690190799999999605e-02 4.962704799999999306e-02 8.079970399999999997e-02 1.993632680000000101e-01 2.318603720000000090e-01 4.192609660000000682e-01
9.285356799999998356e-02 6.908960199999999996e-02 4.735381160000000089e-01 1.221391019999999994e-01 7.387404599999999877e-02 9.058450000000001223e-02 2.320643180000000194e-01 1.454662300000000019e-01 5.635592000000000379e-01 3.758275039999999789e-01 7.179593560000000485e-01 1.648989540000000142e-01 0.000000000000000000e+00 1.423365320000000156e-01 1.034266259999999937e-01 1.175157819999999853e-01 9.662033200000000321e-02 1.163602840000000083e-01 1.599325659999999982e-01 1.414762159999999880e-01 4.545028280000000254e-01 2.733880139999999570e-01
7.744302000000000130e-02 9.016078200000000875e-02 7.909721799999999692e-02 3.949385340000000078e-01 6.161448600000000303e-02 1.058866619999999925e-01 1.096740380000000015e-01 2.847969619999999868e-01 2.870353279999999785e-01 6.101767359999999973e-01 1.670373579999999969e-01 6.924532239999999783e-01 1.423365320000000156e-01 0.000000000000000000e+00 7.585363600000000206e-02 9.820864599999998279e-02 7.044891600000000031e-02 7.722151200000000604e-02 7.008059399999999606e-02 1.747509999999999897e-01 1.868988079999999719e-01 3.193724440000000331e-01
7.769373799999998442e-02 7.966885200000001221e-02 8.776216800000000151e-02 8.073547000000000362e-02 5.303026200000000856e-02 6.914301400000000264e-02 3.194013760000000146e-01 7.925797000000001091e-02 1.175671979999999978e-01 6.704643400000000197e-02 8.693977199999999850e-02 7.606173200000000689e-02 1.034266259999999937e-01 7.585363600000000206e-02 0.000000000000000000e+00 7.576287000000000993e-02 5.165092440000000895e-01 6.971646800000000366e-02 4.262533079999999974e-01 2.759671380000000007e-01 9.449773200000000095e-02 6.563301999999998637e-02
9.147479199999999921e-02 6.897006999999999444e-02 4.899658399999999581e-02 1.189669839999999840e-01 9.879071800000001347e-02 1.311800080000000146e-01 1.891136599999999890e-01 3.564555019999999796e-01 9.035978399999999855e-02 1.544097900000000190e-01 8.615467800000001231e-02 8.324558800000000924e-02 1.175157819999999853e-01 9.820864599999998279e-02 7.576287000000000993e-02 0.000000000000000000e+00 7.975757799999999564e-02 4.301527700000000176e-01 2.280570980000000136e-01 5.587199099999999863e-01 7.381754000000000093e-02 7.960214000000000178e-02
6.685462600000000033e-02 8.147894399999999759e-02 8.548633199999999821e-02 7.525874800000001419e-02 5.971250799999999748e-02 7.077286400000000477e-02 1.482466079999999742e-01 8.649813600000000324e-02 8.667609599999999415e-02 6.975807600000000219e-02 8.672308999999998880e-02 6.690190799999999605e-02 9.662033200000000321e-02 7.044891600000000031e-02 5.165092440000000895e-01 7.975757799999999564e-02 0.000000000000000000e+00 8.181049199999998467e-02 6.204576459999999738e-01 1.370549999999999824e-01 8.197492600000000351e-02 5.465594199999999209e-02
9.615202400000000260e-02 1.063727899999999948e-01 8.515905599999999687e-02 1.082077939999999960e-01 1.096356899999999940e-01 1.278461800000000037e-01 8.364691600000000171e-02 1.173300900000000119e-01 9.055886599999998787e-02 8.364438600000000112e-02 1.305672180000000127e-01 4.962704799999999306e-02 1.163602840000000083e-01 7.722151200000000604e-02 6.971646800000000366e-02 4.301527700000000176e-01 8.181049199999998467e-02 0.000000000000000000e+00 1.167175179999999923e-01 3.656884899999999772e-01 8.858946399999999277e-02 7.973097599999999507e-02
9.292281399999999247e-02 8.421225000000001626e-02 1.428307300000000168e-01 9.696460599999998098e-02 7.153117200000000397e-02 9.791223600000001359e-02 3.056338219999999994e-01 1.480004819999999888e-01 1.558687380000000067e-01 1.426709960000000221e-01 1.463951440000000048e-01 8.079970399999999997e-02 1.599325659999999982e-01 7.008059399999999606e-02 4.262533079999999974e-01 2.280570980000000136e-01 6.204576459999999738e-01 1.167175179999999923e-01 0.000000000000000000e+00 2.741922219999999855e-01 1.313092160000000064e-01 9.867125000000000201e-02
6.464636399999999783e-02 6.777886400000000811e-02 1.111897879999999839e-01 2.246450640000000054e-01 7.594055800000000522e-02 8.765635800000000366e-02 3.858228439999999981e-01 4.398210319999999451e-01 1.813913819999999899e-01 2.541796379999999855e-01 1.314517519999999773e-01 1.993632680000000101e-01 1.414762159999999880e-01 1.747509999999999897e-01 2.759671380000000007e-01 5.587199099999999863e-01 1.370549999999999824e-01 3.656884899999999772e-01 2.741922219999999855e-01 0.000000000000000000e+00 1.337297640000000010e-01 1.546961800000000165e-01
9.111668200000000439e-02 1.175960660000000130e-01 4.280403220000000286e-01 2.097499280000000021e-01 9.361110999999999738e-02 8.674847199999999314e-02 2.379248880000000010e-01 1.808868720000000041e-01 4.912029000000000534e-01 4.161900760000000199e-01 5.626934940000000163e-01 2.318603720000000090e-01 4.545028280000000254e-01 1.868988079999999719e-01 9.449773200000000095e-02 7.381754000000000093e-02 8.197492600000000351e-02 8.858946399999999277e-02 1.313092160000000064e-01 1.337297640000000010e-01 0.000000000000000000e+00 6.100668860000000304e-01
1.220362059999999804e-01 1.258361299999999905e-01 3.000600239999999808e-01 3.348754159999999813e-01 9.481832399999999550e-02 1.213292039999999961e-01 1.871530539999999854e-01 2.932511240000000297e-01 4.309630799999999984e-01 4.934332799999999741e-01 3.653854220000000153e-01 4.192609660000000682e-01 2.733880139999999570e-01 3.193724440000000331e-01 6.563301999999998637e-02 7.960214000000000178e-02 5.465594199999999209e-02 7.973097599999999507e-02 9.867125000000000201e-02 1.546961800000000165e-01 6.100668860000000304e-01 0.000000000000000000e+00
