0.000000000000000000e+00 6.578406900000000057e-01 4.563417939999999673e-01 5.569265060000000434e-01 7.228286400000000222e-01 9.034666140000000567e-01 8.667441200000000623e-02 1.677426860000000297e-01 1.594335519999999784e-01 1.791823999999999917e-01 1.291155620000000170e-01 1.669448520000000047e-01 1.407227239999999935e-01 1.755018739999999744e-01 8.401251400000001035e-02 1.402603099999999992e-01 1.161299060000000188e-01 1.594057339999999934e-01 1.260984719999999892e-01 1.712551619999999608e-01 1.622237339999999806e-01 1.983951260000000050e-01
6.578406900000000057e-01 0.000000000000000000e+00 4.764716680000000149e-01 4.526254039999999534e-01 8.632380219999999937e-01 6.374995079999999925e-01 8.215465200000000856e-02 1.413977399999999940e-01 1.126866580000000229e-01 1.731180079999999621e-01 1.145233840000000197e-01 1.430754980000000232e-01 1.239981440000000185e-01 1.637712960000000106e-01 7.443556199999999679e-02 1.187861419999999973e-01 1.055201100000000142e-01 1.192847360000000023e-01 1.056583379999999905e-01 1.008585799999999894e-01 1.458249420000000129e-01 1.579953239999999925e-01
4.563417939999999673e-01 4.764716680000000149e-01 0.000000000000000000e+00 5.571204680000000353e-01 4.893037960000000131e-01 4.534630419999999829e-01 4.255373640000000290e-01 3.593560399999999877e-01 5.539862880000000489e-01 5.019527040000000273e-01 6.522029500000000590e-01 3.366054539999999706e-01 6.307629940000000213e-01 3.179806960000000626e-01 1.808676200000000067e-01 1.712834719999999922e-01 1.149350520000000098e-01 1.214073179999999724e-01 1.670113919999999808e-01 1.885760439999999982e-01 6.412244859999999269e-01 5.811708920000000500e-01
5.569265060000000434e-01 4.526254039999999534e-01 5.571204680000000353e-01 0.000000000000000000e+00 4.767671039999999971e-01 5.524929039999999514e-01 3.188530580000000225e-01 5.320264260000000522e-01 5.009450120000000783e-01 6.051171140000000115e-01 3.597034000000000065e-01 6.341428040000000044e-01 3.516588539999999652e-01 5.868131540000000035e-01 9.403943400000000508e-02 2.570491940000000364e-01 1.065313320000000064e-01 1.474711979999999978e-01 1.776461940000000073e-01 2.612996319999999484e-01 4.309893160000000667e-01 5.908040139999999329e-01
7.228286400000000222e-01 8.632380219999999937e-01 4.893037960000000131e-01 4.767671039999999971e-01 0.000000000000000000e+00 7.214327980000000418e-01 7.920431199999999894e-02 1.540036200000000077e-01 1.250372359999999961e-01 1.584413699999999703e-01 1.274509279999999911e-01 1.442569900000000016e-01 1.231897959999999903e-01 1.548482959999999964e-01 7.487602400000001324e-02 1.409809820000000047e-01 1.187708180000000002e-01 1.094677059999999980e-01 1.251738000000000017e-01 1.138620979999999949e-01 1.440494200000000113e-01 1.583291720000000180e-01
9.034666140000000567e-01 6.374995079999999925e-01 4.534630419999999829e-01 5.524929039999999514e-01 7.214327980000000418e-01 0.000000000000000000e+00 8.687244600000000594e-02 1.529992779999999886e-01 1.498001320000000025e-01 1.823449960000000092e-01 1.286476959999999781e-01 1.687180399999999858e-01 1.286196439999999774e-01 1.731762360000000112e-01 8.088850799999999786e-02 1.504497000000000195e-01 1.270833680000000021e-01 1.411383499999999958e-01 1.357859859999999974e-01 1.677734800000000026e-01 1.532854379999999961e-01 1.945444999999999813e-01
8.667441200000000623e-02 8.215465200000000856e-02 4.255373640000000290e-01 3.188530580000000225e-01 7.920431199999999894e-02 8.687244600000000594e-02 0.000000000000000000e+00 5.217446860000000131e-01 4.868621739999999809e-01 4.627613100000000368e-01 5.083487759999999467e-01 3.446983559999999835e-01 4.377060280000000247e-01 3.041419939999999711e-01 5.802172220000001435e-01 3.249790879999999715e-01 1.822112879999999990e-01 1.547356139999999936e-01 2.282920079999999907e-01 3.876855860000000265e-01 5.005333619999999817e-01 4.799877659999999824e-01
1.677426860000000297e-01 1.413977399999999940e-01 3.593560399999999877e-01 5.320264260000000522e-01 1.540036200000000077e-01 1.529992779999999886e-01 5.217446860000000131e-01 0.000000000000000000e+00 4.852069860000000068e-01 6.116536340000000571e-01 3.677159299999999686e-01 6.065577460000000087e-01 3.437755779999999706e-01 5.215729840000000728e-01 1.479599419999999832e-01 5.350624160000000407e-01 1.129985260000000019e-01 1.453247040000000267e-01 2.714408199999999161e-01 3.443465639999999661e-01 4.317117979999999799e-01 5.891760160000000246e-01
1.594335519999999784e-01 1.126866580000000229e-01 5.539862880000000489e-01 5.009450120000000783e-01 1.250372359999999961e-01 1.498001320000000025e-01 4.868621739999999809e-01 4.852069860000000068e-01 0.000000000000000000e+00 5.354760219999999959e-01 6.292371159999999852e-01 5.083845200000000064e-01 6.979932279999999656e-01 4.456286640000000077e-01 2.018650699999999798e-01 1.897266999999999981e-01 1.087777299999999892e-01 1.144043920000000075e-01 1.648596840000000063e-01 2.128985179999999811e-01 6.552900500000000683e-01 6.446535600000000699e-01
1.791823999999999917e-01 1.731180079999999621e-01 5.019527040000000273e-01 6.051171140000000115e-01 1.584413699999999703e-01 1.823449960000000092e-01 4.627613100000000368e-01 6.116536340000000571e-01 5.354760219999999959e-01 0.000000000000000000e+00 5.348256680000000873e-01 6.495037099999999564e-01 5.086196800000000184e-01 7.404354960000000263e-01 1.618217059999999818e-01 2.846091099999999985e-01 8.242077599999998727e-02 1.185541699999999865e-01 1.958985659999999962e-01 2.622118420000000283e-01 6.254470940000000923e-01 6.674005160000000547e-01
1.291155620000000170e-01 1.145233840000000197e-01 6.522029500000000590e-01 3.597034000000000065e-01 1.274509279999999911e-01 1.286476959999999781e-01 5.083487759999999467e-01 3.677159299999999686e-01 6.292371159999999852e-01 5.348256680000000873e-01 0.000000000000000000e+00 3.400426320000000113e-01 7.923891800000000263e-01 3.160267959999999432e-01 1.767308559999999917e-01 1.187708460000000132e-01 1.156507719999999989e-01 1.019910659999999913e-01 1.781169499999999961e-01 1.587280620000000309e-01 7.624203139999999879e-01 6.219851699999999761e-01
1.669448520000000047e-01 1.430754980000000232e-01 3.366054539999999706e-01 6.341428040000000044e-01 1.442569900000000016e-01 1.687180399999999858e-01 3.446983559999999835e-01 6.065577460000000087e-01 5.083845200000000064e-01 6.495037099999999564e-01 3.400426320000000113e-01 0.000000000000000000e+00 3.323856959999999527e-01 6.949012540000000238e-01 1.198567980000000005e-01 2.672752079999999864e-01 7.522486800000000029e-02 1.328454439999999792e-01 1.455099400000000043e-01 2.426460159999999922e-01 4.091831019999999652e-01 5.914823240000000037e-01
1.407227239999999935e-01 1.239981440000000185e-01 6.307629940000000213e-01 3.516588539999999652e-01 1.231897959999999903e-01 1.286196439999999774e-01 4.377060280000000247e-01 3.437755779999999706e-01 6.979932279999999656e-01 5.086196800000000184e-01 7.923891800000000263e-01 3.323856959999999527e-01 0.000000000000000000e+00 3.053646259999999168e-01 1.318131600000000125e-01 1.263660740000000227e-01 8.833753399999999534e-02 1.064472080000000015e-01 1.532483639999999980e-01 1.483748480000000314e-01 7.321618839999999295e-01 5.787908460000000810e-01
1.755018739999999744e-01 1.637712960000000106e-01 3.179806960000000626e-01 5.868131540000000035e-01 1.548482959999999964e-01 1.731762360000000112e-01 3.041419939999999711e-01 5.215729840000000728e-01 4.456286640000000077e-01 7.404354960000000263e-01 3.160267959999999432e-01 6.949012540000000238e-01 3.053646259999999168e-01 0.000000000000000000e+00 1.134503179999999806e-01 2.438249979999999595e-01 9.505903199999998776e-02 1.340868940000000120e-01 1.627875559999999999e-01 2.140853500000000076e-01 3.933276639999999658e-01 5.099769000000000663e-01
8.401251400000001035e-02 7.443556199999999679e-02 1.808676200000000067e-01 9.403943400000000508e-02 7.487602400000001324e-02 8.088850799999999786e-02 5.802172220000001435e-01 1.479599419999999832e-01 2.018650699999999798e-01 1.618217059999999818e-01 1.767308559999999917e-01 1.198567980000000005e-01 1.318131600000000125e-01 1.134503179999999806e-01 0.000000000000000000e+00 1.347995879999999980e-01 1.551562360000000029e-01 1.773659540000000201e-01 1.462533140000000231e-01 2.326039259999999886e-01 1.921159379999999861e-01 1.740180719999999959e-01
1.402603099999999992e-01 1.187861419999999973e-01 1.712834719999999922e-01 2.570491940000000364e-01 1.409809820000000047e-01 1.504497000000000195e-01 3.249790879999999715e-01 5.350624160000000407e-01 1.897266999999999981e-01 2.846091099999999985e-01 1.187708460000000132e-01 2.672752079999999864e-01 1.263660740000000227e-01 2.438249979999999595e-01 1.347995879999999980e-01 0.000000000000000000e+00 1.024428959999999778e-01 1.604441719999999960e-01 1.963443800000000128e-01 2.150184240000000135e-01 1.783969759999999849e-01 2.328601799999999999e-01
1.161299060000000188e-01 1.055201100000000142e-01 1.149350520000000098e-01 1.065313320000000064e-01 1.187708180000000002e-01 1.270833680000000021e-01 1.822112879999999990e-01 1.129985260000000019e-01 1.087777299999999892e-01 8.242077599999998727e-02 1.156507719999999989e-01 7.522486800000000029e-02 8.833753399999999534e-02 9.505903199999998776e-02 1.551562360000000029e-01 1.024428959999999778e-01 0.000000000000000000e+00 1.113096220000000108e-01 8.528123180000000136e-01 1.786643139999999907e-01 8.363095800000000524e-02 9.585291799999999529e-02
1.594057339999999934e-01 1.192847360000000023e-01 1.214073179999999724e-01 1.474711979999999978e-01 1.094677059999999980e-01 1.411383499999999958e-01 1.547356139999999936e-01 1.453247040000000267e-01 1.144043920000000075e-01 1.185541699999999865e-01 1.019910659999999913e-01 1.328454439999999792e-01 1.064472080000000015e-01 1.340868940000000120e-01 1.773659540000000201e-01 1.604441719999999960e-01 1.113096220000000108e-01 0.000000000000000000e+00 1.603886340000000021e-01 6.639437440000000024e-01 9.080769800000000613e-02 1.060170480000000026e-01
1.260984719999999892e-01 1.056583379999999905e-01 1.670113919999999808e-01 1.776461940000000073e-01 1.251738000000000017e-01 1.357859859999999974e-01 2.282920079999999907e-01 2.714408199999999161e-01 1.648596840000000063e-01 1.958985659999999962e-01 1.781169499999999961e-01 1.455099400000000043e-01 1.532483639999999980e-01 1.627875559999999999e-01 1.462533140000000231e-01 1.963443800000000128e-01 8.528123180000000136e-01 1.603886340000000021e-01 0.000000000000000000e+00 1.992470620000000303e-01 1.648073419999999956e-01 1.730908899999999973e-01
1.712551619999999608e-01 1.008585799999999894e-01 1.885760439999999982e-01 2.612996319999999484e-01 1.138620979999999949e-01 1.677734800000000026e-01 3.876855860000000265e-01 3.443465639999999661e-01 2.128985179999999811e-01 2.622118420000000283e-01 1.587280620000000309e-01 2.426460159999999922e-01 1.483748480000000314e-01 2.140853500000000076e-01 2.326039259999999886e-01 2.150184240000000135e-01 1.786643139999999907e-01 6.639437440000000024e-01 1.992470620000000303e-01 0.000000000000000000e+00 1.890865820000000030e-01 2.290266999999999997e-01
1.622237339999999806e-01 1.458249420000000129e-01 6.412244859999999269e-01 4.309893160000000667e-01 1.440494200000000113e-01 1.532854379999999961e-01 5.005333619999999817e-01 4.317117979999999799e-01 6.552900500000000683e-01 6.254470940000000923e-01 7.624203139999999879e-01 4.091831019999999652e-01 7.321618839999999295e-01 3.933276639999999658e-01 1.921159379999999861e-01 1.783969759999999849e-01 8.363095800000000524e-02 9.080769800000000613e-02 1.648073419999999956e-01 1.890865820000000030e-01 0.000000000000000000e+00 7.361897359999999280e-01
1.983951260000000050e-01 1.579953239999999925e-01 5.811708920000000500e-01 5.908040139999999329e-01 1.583291720000000180e-01 1.945444999999999813e-01 4.799877659999999824e-01 5.891760160000000246e-01 6.446535600000000699e-01 6.674005160000000547e-01 6.219851699999999761e-01 5.914823240000000037e-01 5.787908460000000810e-01 5.099769000000000663e-01 1.740180719999999959e-01 2.328601799999999999e-01 9.585291799999999529e-02 1.060170480000000026e-01 1.730908899999999973e-01 2.290266999999999997e-01 7.361897359999999280e-01 0.000000000000000000e+00
