0.000000000000000000e+00 3.550490399999999824e-01 1.063092320000000035e-01 4.251648920000000165e-01 3.238002240000000254e-01 7.747501779999999005e-01 7.817807799999998419e-02 7.233675000000000521e-02 7.575849999999999251e-02 5.888008200000000025e-02 1.107696519999999962e-01 5.554930599999999968e-02 9.479567999999999328e-02 9.514591600000001093e-02 9.761523800000000695e-02 1.264320620000000117e-01 6.397869000000000472e-02 8.355257400000000445e-02 6.084574199999999433e-02 1.167350239999999928e-01 6.873079600000001066e-02 9.068751999999999369e-02
3.550490399999999824e-01 0.000000000000000000e+00 1.762530959999999980e-01 2.757762739999999879e-01 6.935173439999999800e-01 2.042284000000000044e-01 7.187352000000001018e-02 8.373382199999999942e-02 1.159732460000000021e-01 1.113574920000000024e-01 7.543792200000000447e-02 7.806176000000000781e-02 9.889232600000000262e-02 6.999392000000000114e-02 6.789911200000001146e-02 9.505336799999999919e-02 6.788268199999999974e-02 5.031166999999999584e-02 5.922305799999999509e-02 4.836319400000000518e-02 5.953593199999999974e-02 9.078501800000000899e-02
1.063092320000000035e-01 1.762530959999999980e-01 0.000000000000000000e+00 2.808921460000000092e-01 2.153967960000000015e-01 1.085484099999999980e-01 1.087801639999999848e-01 1.579669939999999995e-01 2.528556479999999884e-01 1.734627219999999859e-01 6.227416800000000752e-01 2.185013320000000481e-01 5.649248820000000171e-01 1.906735900000000039e-01 8.350054000000001198e-02 1.187787999999999899e-01 2.218812540000000000e-01 2.194587779999999932e-01 2.354223380000000088e-01 2.245703920000000076e-01 4.851894579999999624e-01 3.882141899999999590e-01
4.251648920000000165e-01 2.757762739999999879e-01 2.808921460000000092e-01 0.000000000000000000e+00 2.654356480000000240e-01 3.691458020000000229e-01 1.680267480000000035e-01 2.757803400000000127e-01 3.305357039999999857e-01 1.756756859999999976e-01 2.392837140000000085e-01 4.814906500000000200e-01 2.053684840000000178e-01 3.893401539999999939e-01 6.678760599999998548e-02 8.893185600000000357e-02 1.658431979999999972e-01 1.186614459999999899e-01 1.729837660000000110e-01 1.564603579999999938e-01 2.034288120000000144e-01 4.247845160000000009e-01
3.238002240000000254e-01 6.935173439999999800e-01 2.153967960000000015e-01 2.654356480000000240e-01 0.000000000000000000e+00 2.714842299999999931e-01 5.280445400000000067e-02 8.717107599999998624e-02 1.011568439999999958e-01 1.460443200000000052e-01 7.290207200000001220e-02 7.410776800000000442e-02 8.560876799999998787e-02 6.319802799999998943e-02 5.418868000000000296e-02 9.037074000000000495e-02 6.045060000000000017e-02 6.541566800000001014e-02 5.812267000000000128e-02 8.202838800000000763e-02 7.860353800000000057e-02 1.020106299999999910e-01
7.747501779999999005e-01 2.042284000000000044e-01 1.085484099999999980e-01 3.691458020000000229e-01 2.714842299999999931e-01 0.000000000000000000e+00 8.263807600000000475e-02 5.353398199999999385e-02 8.766204000000001051e-02 7.990195399999999726e-02 1.483454120000000098e-01 9.420677800000000490e-02 1.361534000000000078e-01 1.061483319999999980e-01 9.553370399999999707e-02 1.015666960000000119e-01 7.051119200000000031e-02 8.556422799999999218e-02 7.473896600000000390e-02 1.288155519999999998e-01 8.685466399999999809e-02 8.227982199999998858e-02
7.817807799999998419e-02 7.187352000000001018e-02 1.087801639999999848e-01 1.680267480000000035e-01 5.280445400000000067e-02 8.263807600000000475e-02 0.000000000000000000e+00 6.240761099999999617e-01 2.194011180000000061e-01 2.306151079999999853e-01 1.928667240000000171e-01 1.542044760000000347e-01 1.563001460000000009e-01 1.092852439999999897e-01 2.141900600000000154e-01 3.671905520000000034e-01 5.829925919999998651e-01 5.496433499999999750e-01 6.354428119999999680e-01 6.069841759999999864e-01 9.786438800000001048e-02 2.097943820000000292e-01
7.233675000000000521e-02 8.373382199999999942e-02 1.579669939999999995e-01 2.757803400000000127e-01 8.717107599999998624e-02 5.353398199999999385e-02 6.240761099999999617e-01 0.000000000000000000e+00 2.412469559999999846e-01 2.018490240000000158e-01 1.537234460000000136e-01 2.359649080000000010e-01 1.328673340000000036e-01 1.707956380000000274e-01 1.251101339999999840e-01 5.961322119999999947e-01 5.951496279999999306e-01 6.247763139999999993e-01 6.659876839999999687e-01 6.204536359999999195e-01 1.307932639999999924e-01 3.080362939999999883e-01
7.575849999999999251e-02 1.159732460000000021e-01 2.528556479999999884e-01 3.305357039999999857e-01 1.011568439999999958e-01 8.766204000000001051e-02 2.194011180000000061e-01 2.412469559999999846e-01 0.000000000000000000e+00 7.285202399999998746e-02 2.514789119999999989e-01 2.789203559999999804e-01 3.493128060000000312e-01 2.284387820000000069e-01 1.198021459999999844e-01 1.080704739999999997e-01 8.127283599999998720e-02 9.969257199999999319e-02 9.371977399999999181e-02 1.167701379999999955e-01 2.224892759999999858e-01 3.465983160000000174e-01
5.888008200000000025e-02 1.113574920000000024e-01 1.734627219999999859e-01 1.756756859999999976e-01 1.460443200000000052e-01 7.990195399999999726e-02 2.306151079999999853e-01 2.018490240000000158e-01 7.285202399999998746e-02 0.000000000000000000e+00 1.982720299999999880e-01 1.171002899999999958e-01 1.828663159999999732e-01 4.561930499999999888e-01 7.178979399999999012e-02 1.950998020000000166e-01 1.209068900000000168e-01 1.608221000000000234e-01 1.410350100000000162e-01 1.586170039999999781e-01 2.790284879999999634e-01 1.572281219999999979e-01
1.107696519999999962e-01 7.543792200000000447e-02 6.227416800000000752e-01 2.392837140000000085e-01 7.290207200000001220e-02 1.483454120000000098e-01 1.928667240000000171e-01 1.537234460000000136e-01 2.514789119999999989e-01 1.982720299999999880e-01 0.000000000000000000e+00 1.910485340000000198e-01 6.675532299999999974e-01 1.659252099999999897e-01 9.544338400000000611e-02 7.599329599999998797e-02 1.122979740000000087e-01 1.335398860000000243e-01 1.289613219999999894e-01 1.511039580000000382e-01 5.450539159999999717e-01 3.905696919999999683e-01
5.554930599999999968e-02 7.806176000000000781e-02 2.185013320000000481e-01 4.814906500000000200e-01 7.410776800000000442e-02 9.420677800000000490e-02 1.542044760000000347e-01 2.359649080000000010e-01 2.789203559999999804e-01 1.171002899999999958e-01 1.910485340000000198e-01 0.000000000000000000e+00 2.055997440000000009e-01 3.811044979999999582e-01 6.080986199999999231e-02 9.503805000000001280e-02 1.839679800000000309e-01 1.476135879999999900e-01 1.803491939999999905e-01 1.590119040000000372e-01 1.563619179999999886e-01 4.752150859999999533e-01
9.479567999999999328e-02 9.889232600000000262e-02 5.649248820000000171e-01 2.053684840000000178e-01 8.560876799999998787e-02 1.361534000000000078e-01 1.563001460000000009e-01 1.328673340000000036e-01 3.493128060000000312e-01 1.828663159999999732e-01 6.675532299999999974e-01 2.055997440000000009e-01 0.000000000000000000e+00 1.517168799999999984e-01 6.650489600000000778e-02 6.679376200000000652e-02 1.444147259999999933e-01 1.322484879999999974e-01 1.637068020000000124e-01 1.422993519999999901e-01 5.526812619999998955e-01 3.306315579999999921e-01
9.514591600000001093e-02 6.999392000000000114e-02 1.906735900000000039e-01 3.893401539999999939e-01 6.319802799999998943e-02 1.061483319999999980e-01 1.092852439999999897e-01 1.707956380000000274e-01 2.284387820000000069e-01 4.561930499999999888e-01 1.659252099999999897e-01 3.811044979999999582e-01 1.517168799999999984e-01 0.000000000000000000e+00 8.185396799999999917e-02 1.171911039999999904e-01 1.199377739999999831e-01 1.194073799999999935e-01 1.243542259999999844e-01 1.488459000000000032e-01 1.064986839999999962e-01 3.407765220000000261e-01
9.761523800000000695e-02 6.789911200000001146e-02 8.350054000000001198e-02 6.678760599999998548e-02 5.418868000000000296e-02 9.553370399999999707e-02 2.141900600000000154e-01 1.251101339999999840e-01 1.198021459999999844e-01 7.178979399999999012e-02 9.544338400000000611e-02 6.080986199999999231e-02 6.650489600000000778e-02 8.185396799999999917e-02 0.000000000000000000e+00 1.526865099999999975e-01 2.431684839999999903e-01 1.754123239999999806e-01 1.691093459999999937e-01 1.464725339999999876e-01 1.180363179999999873e-01 9.396017800000000531e-02
1.264320620000000117e-01 9.505336799999999919e-02 1.187787999999999899e-01 8.893185600000000357e-02 9.037074000000000495e-02 1.015666960000000119e-01 3.671905520000000034e-01 5.961322119999999947e-01 1.080704739999999997e-01 1.950998020000000166e-01 7.599329599999998797e-02 9.503805000000001280e-02 6.679376200000000652e-02 1.171911039999999904e-01 1.526865099999999975e-01 0.000000000000000000e+00 3.860764719999999484e-01 5.496558539999999438e-01 4.521243019999999779e-01 4.642726640000000016e-01 5.411173999999999845e-02 9.580674200000001417e-02
6.397869000000000472e-02 6.788268199999999974e-02 2.218812540000000000e-01 1.658431979999999972e-01 6.045060000000000017e-02 7.051119200000000031e-02 5.829925919999998651e-01 5.951496279999999306e-01 8.127283599999998720e-02 1.209068900000000168e-01 1.122979740000000087e-01 1.839679800000000309e-01 1.444147259999999933e-01 1.199377739999999831e-01 2.431684839999999903e-01 3.860764719999999484e-01 0.000000000000000000e+00 5.123108739999999717e-01 9.592366439999999717e-01 5.665200720000000967e-01 1.841503560000000150e-01 2.218050460000000057e-01
8.355257400000000445e-02 5.031166999999999584e-02 2.194587779999999932e-01 1.186614459999999899e-01 6.541566800000001014e-02 8.556422799999999218e-02 5.496433499999999750e-01 6.247763139999999993e-01 9.969257199999999319e-02 1.608221000000000234e-01 1.335398860000000243e-01 1.476135879999999900e-01 1.322484879999999974e-01 1.194073799999999935e-01 1.754123239999999806e-01 5.496558539999999438e-01 5.123108739999999717e-01 0.000000000000000000e+00 5.847442519999999089e-01 8.752039000000000346e-01 1.437324440000000147e-01 1.866406180000000359e-01
6.084574199999999433e-02 5.922305799999999509e-02 2.354223380000000088e-01 1.729837660000000110e-01 5.812267000000000128e-02 7.473896600000000390e-02 6.354428119999999680e-01 6.659876839999999687e-01 9.371977399999999181e-02 1.410350100000000162e-01 1.289613219999999894e-01 1.803491939999999905e-01 1.637068020000000124e-01 1.243542259999999844e-01 1.691093459999999937e-01 4.521243019999999779e-01 9.592366439999999717e-01 5.847442519999999089e-01 0.000000000000000000e+00 6.129405059999999406e-01 1.866316460000000121e-01 2.404548459999999999e-01
1.167350239999999928e-01 4.836319400000000518e-02 2.245703920000000076e-01 1.564603579999999938e-01 8.202838800000000763e-02 1.288155519999999998e-01 6.069841759999999864e-01 6.204536359999999195e-01 1.167701379999999955e-01 1.586170039999999781e-01 1.511039580000000382e-01 1.590119040000000372e-01 1.422993519999999901e-01 1.488459000000000032e-01 1.464725339999999876e-01 4.642726640000000016e-01 5.665200720000000967e-01 8.752039000000000346e-01 6.129405059999999406e-01 0.000000000000000000e+00 1.581633979999999828e-01 2.149013820000000019e-01
6.873079600000001066e-02 5.953593199999999974e-02 4.851894579999999624e-01 2.034288120000000144e-01 7.860353800000000057e-02 8.685466399999999809e-02 9.786438800000001048e-02 1.307932639999999924e-01 2.224892759999999858e-01 2.790284879999999634e-01 5.450539159999999717e-01 1.563619179999999886e-01 5.526812619999998955e-01 1.064986839999999962e-01 1.180363179999999873e-01 5.411173999999999845e-02 1.841503560000000150e-01 1.437324440000000147e-01 1.866316460000000121e-01 1.581633979999999828e-01 0.000000000000000000e+00 4.177943860000000176e-01
9.068751999999999369e-02 9.078501800000000899e-02 3.882141899999999590e-01 4.247845160000000009e-01 1.020106299999999910e-01 8.227982199999998858e-02 2.097943820000000292e-01 3.080362939999999883e-01 3.465983160000000174e-01 1.572281219999999979e-01 3.905696919999999683e-01 4.752150859999999533e-01 3.306315579999999921e-01 3.407765220000000261e-01 9.396017800000000531e-02 9.580674200000001417e-02 2.218050460000000057e-01 1.866406180000000359e-01 2.404548459999999999e-01 2.149013820000000019e-01 4.177943860000000176e-01 0.000000000000000000e+00
