0.000000000000000000e+00 2.330268139999999710e-01 3.069818980000000308e-01 3.595158659999999617e-01 2.500984419999999764e-01 6.879441159999999389e-01 3.079449859999999761e-01 3.131384379999999634e-01 4.074451340000000421e-01 2.831429559999999457e-01 2.838166440000000068e-01 3.035428000000000015e-01 2.751818919999999835e-01 3.654519039999999386e-01 1.936079639999999935e-01 3.253126319999999905e-01 2.617051740000000404e-01 2.915937700000000299e-01 2.480986320000000411e-01 2.480475880000000133e-01 2.147309879999999838e-01 3.917858180000000079e-01
2.330268139999999710e-01 0.000000000000000000e+00 2.518906060000000169e-01 2.996252000000000359e-01 6.423471920000001223e-01 2.443561540000000198e-01 3.575951900000000072e-01 2.100757099999999988e-01 2.902282600000000157e-01 1.949556040000000046e-01 2.488472440000000230e-01 2.453105619999999543e-01 2.891634880000000241e-01 2.627993619999999808e-01 2.783736719999999609e-01 2.371744880000000166e-01 2.578998879999999660e-01 2.271249119999999844e-01 2.646411899999999706e-01 2.150269840000000043e-01 2.556312159999999944e-01 2.155435419999999769e-01
3.069818980000000308e-01 2.518906060000000169e-01 0.000000000000000000e+00 2.183139920000000400e-01 2.996071560000000411e-01 3.755941680000000060e-01 5.390977519999998746e-01 3.636772640000000001e-01 3.747570699999999699e-01 4.275859139999999559e-01 7.694811520000000016e-01 2.761286500000000310e-01 8.034542679999999715e-01 2.968019960000000124e-01 2.930076480000000094e-01 4.297174339999999537e-01 3.073908160000000112e-01 3.457313800000000326e-01 3.628026219999999635e-01 2.327396840000000022e-01 7.715334179999999709e-01 4.417095420000000106e-01
3.595158659999999617e-01 2.996252000000000359e-01 2.183139920000000400e-01 0.000000000000000000e+00 2.269541000000000197e-01 3.691482899999999900e-01 1.960881179999999779e-01 5.377840320000000229e-01 5.818173719999999438e-01 3.592801860000000014e-01 2.246929559999999992e-01 7.428007859999999907e-01 2.327745080000000188e-01 5.319540860000000482e-01 2.843785479999999533e-01 3.399759739999999586e-01 2.224419179999999885e-01 3.358370940000000582e-01 2.986514139999999484e-01 3.381371759999999838e-01 2.039133439999999964e-01 5.731343379999999099e-01
2.500984419999999764e-01 6.423471920000001223e-01 2.996071560000000411e-01 2.269541000000000197e-01 0.000000000000000000e+00 2.692593600000000031e-01 3.357588040000000218e-01 2.404850419999999822e-01 3.095890639999999694e-01 3.468952800000000281e-01 3.828102439999999662e-01 3.288517480000000548e-01 4.381427780000000105e-01 2.194598660000000034e-01 3.123302680000000220e-01 2.188726420000000061e-01 1.853436980000000012e-01 1.917406800000000244e-01 1.514819679999999946e-01 1.577169700000000119e-01 3.769953739999999942e-01 1.750659779999999832e-01
6.879441159999999389e-01 2.443561540000000198e-01 3.755941680000000060e-01 3.691482899999999900e-01 2.692593600000000031e-01 0.000000000000000000e+00 3.108584159999999708e-01 2.612893780000000166e-01 3.513921560000000111e-01 2.325098959999999937e-01 2.975809440000000139e-01 3.073218859999999886e-01 3.058836820000000456e-01 3.661748400000000014e-01 2.037869820000000054e-01 3.632928800000000402e-01 1.589645080000000044e-01 3.437458160000000373e-01 2.518367999999999718e-01 2.229136359999999983e-01 3.216473479999999996e-01 4.219632380000000182e-01
3.079449859999999761e-01 3.575951900000000072e-01 5.390977519999998746e-01 1.960881179999999779e-01 3.357588040000000218e-01 3.108584159999999708e-01 0.000000000000000000e+00 2.564566840000000458e-01 4.503578199999999643e-01 4.124295639999999707e-01 5.911280760000000578e-01 2.715800839999999439e-01 5.804288960000000275e-01 3.551241860000000083e-01 4.866956720000000236e-01 4.333289660000000376e-01 4.077871640000000353e-01 3.877202619999999822e-01 4.292518639999999830e-01 3.662404539999999931e-01 5.251549419999999024e-01 3.202649100000000137e-01
3.131384379999999634e-01 2.100757099999999988e-01 3.636772640000000001e-01 5.377840320000000229e-01 2.404850419999999822e-01 2.612893780000000166e-01 2.564566840000000458e-01 0.000000000000000000e+00 4.066804780000000119e-01 2.766990919999999798e-01 3.234093339999999928e-01 5.280919459999999788e-01 3.116688319999999512e-01 3.965548460000000164e-01 2.775947460000000033e-01 3.759258719999999943e-01 2.544812899999999711e-01 3.066837740000000201e-01 2.485121620000000087e-01 3.327711260000000282e-01 2.723139019999999966e-01 4.722511319999999624e-01
4.074451340000000421e-01 2.902282600000000157e-01 3.747570699999999699e-01 5.818173719999999438e-01 3.095890639999999694e-01 3.513921560000000111e-01 4.503578199999999643e-01 4.066804780000000119e-01 0.000000000000000000e+00 4.500381199999999859e-01 4.348433779999999471e-01 5.158553639999999829e-01 3.758134759999999797e-01 5.303007180000000043e-01 2.149067259999999924e-01 2.883133440000000269e-01 2.107362379999999646e-01 3.242955160000000059e-01 2.204075260000000203e-01 2.314762800000000065e-01 3.418796499999999794e-01 3.856342080000000339e-01
2.831429559999999457e-01 1.949556040000000046e-01 4.275859139999999559e-01 3.592801860000000014e-01 3.468952800000000281e-01 2.325098959999999937e-01 4.124295639999999707e-01 2.766990919999999798e-01 4.500381199999999859e-01 0.000000000000000000e+00 5.546052299999999491e-01 4.098664999999999670e-01 5.552754460000000059e-01 3.249786319999999895e-01 1.396966639999999982e-01 2.331775939999999603e-01 1.263008600000000148e-01 2.465801479999999990e-01 1.880490699999999848e-01 2.555485779999999707e-01 5.442874540000000039e-01 2.404185739999999960e-01
2.838166440000000068e-01 2.488472440000000230e-01 7.694811520000000016e-01 2.246929559999999992e-01 3.828102439999999662e-01 2.975809440000000139e-01 5.911280760000000578e-01 3.234093339999999928e-01 4.348433779999999471e-01 5.546052299999999491e-01 0.000000000000000000e+00 2.511267140000000286e-01 8.421910320000000061e-01 2.798014460000000092e-01 2.670655579999999807e-01 3.802267460000000043e-01 2.567927520000000130e-01 3.802525119999999870e-01 3.266186399999999601e-01 2.871694260000000054e-01 7.667471580000000397e-01 4.162182839999999939e-01
3.035428000000000015e-01 2.453105619999999543e-01 2.761286500000000310e-01 7.428007859999999907e-01 3.288517480000000548e-01 3.073218859999999886e-01 2.715800839999999439e-01 5.280919459999999788e-01 5.158553639999999829e-01 4.098664999999999670e-01 2.511267140000000286e-01 0.000000000000000000e+00 3.189044420000000102e-01 5.305726760000000208e-01 2.355413500000000104e-01 2.712072839999999929e-01 2.185293300000000216e-01 2.880063320000000315e-01 2.193460200000000027e-01 2.743251359999999694e-01 2.865039719999999401e-01 5.181049320000000735e-01
2.751818919999999835e-01 2.891634880000000241e-01 8.034542679999999715e-01 2.327745080000000188e-01 4.381427780000000105e-01 3.058836820000000456e-01 5.804288960000000275e-01 3.116688319999999512e-01 3.758134759999999797e-01 5.552754460000000059e-01 8.421910320000000061e-01 3.189044420000000102e-01 0.000000000000000000e+00 3.548706100000000307e-01 2.507112479999999977e-01 4.218518600000000229e-01 2.527895699999999635e-01 3.499823679999999326e-01 3.085837240000000037e-01 2.769602740000000063e-01 8.018713140000001127e-01 3.557565200000000205e-01
3.654519039999999386e-01 2.627993619999999808e-01 2.968019960000000124e-01 5.319540860000000482e-01 2.194598660000000034e-01 3.661748400000000014e-01 3.551241860000000083e-01 3.965548460000000164e-01 5.303007180000000043e-01 3.249786319999999895e-01 2.798014460000000092e-01 5.305726760000000208e-01 3.548706100000000307e-01 0.000000000000000000e+00 3.384354879999999510e-01 3.860199840000000382e-01 3.778616860000000299e-01 3.401544939999999739e-01 3.689658980000000144e-01 3.919078040000000263e-01 2.963608460000000666e-01 3.619911999999999574e-01
1.936079639999999935e-01 2.783736719999999609e-01 2.930076480000000094e-01 2.843785479999999533e-01 3.123302680000000220e-01 2.037869820000000054e-01 4.866956720000000236e-01 2.775947460000000033e-01 2.149067259999999924e-01 1.396966639999999982e-01 2.670655579999999807e-01 2.355413500000000104e-01 2.507112479999999977e-01 3.384354879999999510e-01 0.000000000000000000e+00 3.427968879999999663e-01 6.226951880000000106e-01 4.676298740000000009e-01 5.097613939999999788e-01 5.872824899999999904e-01 2.835952480000000220e-01 2.028801619999999750e-01
3.253126319999999905e-01 2.371744880000000166e-01 4.297174339999999537e-01 3.399759739999999586e-01 2.188726420000000061e-01 3.632928800000000402e-01 4.333289660000000376e-01 3.759258719999999943e-01 2.883133440000000269e-01 2.331775939999999603e-01 3.802267460000000043e-01 2.712072839999999929e-01 4.218518600000000229e-01 3.860199840000000382e-01 3.427968879999999663e-01 0.000000000000000000e+00 3.483954100000000165e-01 5.949741360000000423e-01 5.810678400000000021e-01 4.699019779999999424e-01 3.851332219999999973e-01 4.246072859999999727e-01
2.617051740000000404e-01 2.578998879999999660e-01 3.073908160000000112e-01 2.224419179999999885e-01 1.853436980000000012e-01 1.589645080000000044e-01 4.077871640000000353e-01 2.544812899999999711e-01 2.107362379999999646e-01 1.263008600000000148e-01 2.567927520000000130e-01 2.185293300000000216e-01 2.527895699999999635e-01 3.778616860000000299e-01 6.226951880000000106e-01 3.483954100000000165e-01 0.000000000000000000e+00 3.363784719999999839e-01 8.009226500000000692e-01 4.293565940000000358e-01 2.754950600000000138e-01 1.756554339999999992e-01
2.915937700000000299e-01 2.271249119999999844e-01 3.457313800000000326e-01 3.358370940000000582e-01 1.917406800000000244e-01 3.437458160000000373e-01 3.877202619999999822e-01 3.066837740000000201e-01 3.242955160000000059e-01 2.465801479999999990e-01 3.802525119999999870e-01 2.880063320000000315e-01 3.499823679999999326e-01 3.401544939999999739e-01 4.676298740000000009e-01 5.949741360000000423e-01 3.363784719999999839e-01 0.000000000000000000e+00 4.561020580000000324e-01 7.091820659999999998e-01 3.608437880000000542e-01 3.492138739999999797e-01
2.480986320000000411e-01 2.646411899999999706e-01 3.628026219999999635e-01 2.986514139999999484e-01 1.514819679999999946e-01 2.518367999999999718e-01 4.292518639999999830e-01 2.485121620000000087e-01 2.204075260000000203e-01 1.880490699999999848e-01 3.266186399999999601e-01 2.193460200000000027e-01 3.085837240000000037e-01 3.689658980000000144e-01 5.097613939999999788e-01 5.810678400000000021e-01 8.009226500000000692e-01 4.561020580000000324e-01 0.000000000000000000e+00 4.415621279999999982e-01 3.242626899999999646e-01 3.058114080000000068e-01
2.480475880000000133e-01 2.150269840000000043e-01 2.327396840000000022e-01 3.381371759999999838e-01 1.577169700000000119e-01 2.229136359999999983e-01 3.662404539999999931e-01 3.327711260000000282e-01 2.314762800000000065e-01 2.555485779999999707e-01 2.871694260000000054e-01 2.743251359999999694e-01 2.769602740000000063e-01 3.919078040000000263e-01 5.872824899999999904e-01 4.699019779999999424e-01 4.293565940000000358e-01 7.091820659999999998e-01 4.415621279999999982e-01 0.000000000000000000e+00 2.850607900000000083e-01 2.597885039999999757e-01
2.147309879999999838e-01 2.556312159999999944e-01 7.715334179999999709e-01 2.039133439999999964e-01 3.769953739999999942e-01 3.216473479999999996e-01 5.251549419999999024e-01 2.723139019999999966e-01 3.418796499999999794e-01 5.442874540000000039e-01 7.667471580000000397e-01 2.865039719999999401e-01 8.018713140000001127e-01 2.963608460000000666e-01 2.835952480000000220e-01 3.851332219999999973e-01 2.754950600000000138e-01 3.608437880000000542e-01 3.242626899999999646e-01 2.850607900000000083e-01 0.000000000000000000e+00 3.442252199999999984e-01
3.917858180000000079e-01 2.155435419999999769e-01 4.417095420000000106e-01 5.731343379999999099e-01 1.750659779999999832e-01 4.219632380000000182e-01 3.202649100000000137e-01 4.722511319999999624e-01 3.856342080000000339e-01 2.404185739999999960e-01 4.162182839999999939e-01 5.181049320000000735e-01 3.557565200000000205e-01 3.619911999999999574e-01 2.028801619999999750e-01 4.246072859999999727e-01 1.756554339999999992e-01 3.492138739999999797e-01 3.058114080000000068e-01 2.597885039999999757e-01 3.442252199999999984e-01 0.000000000000000000e+00
