0.000000000000000000e+00 2.501260600000000389e-01 2.091997179999999790e-01 3.210190459999999746e-01 2.296331079999999747e-01 8.349887880000000928e-01 1.975033160000000121e-01 2.755906880000000281e-01 2.705203440000000237e-01 2.881837919999999942e-01 2.851417080000000492e-01 2.668787019999999677e-01 2.823873579999999772e-01 2.286270360000000057e-01 2.331467420000000179e-01 2.930693919999999286e-01 2.941194580000000558e-01 1.946463599999999905e-01 3.505502219999999669e-01 1.946680960000000127e-01 2.615205740000000056e-01 2.208116659999999898e-01
2.501260600000000389e-01 0.000000000000000000e+00 2.162024300000000010e-01 2.085611099999999940e-01 5.826965480000000364e-01 2.725023100000000253e-01 2.632830039999999872e-01 2.894323839999999870e-01 3.970352879999999862e-01 2.686819120000000227e-01 2.309569079999999608e-01 1.207048299999999852e-01 3.186791260000000348e-01 2.359014020000000100e-01 2.292754060000000149e-01 2.663411119999999910e-01 3.198833100000000318e-01 2.840197979999999900e-01 3.237888779999999467e-01 3.336122180000000159e-01 2.368366040000000061e-01 2.881320580000000242e-01
2.091997179999999790e-01 2.162024300000000010e-01 0.000000000000000000e+00 2.350897080000000083e-01 1.689908479999999991e-01 2.088144259999999974e-01 2.560416239999999677e-01 2.093246639999999936e-01 2.394700040000000141e-01 3.792291819999999980e-01 5.737612560000000528e-01 3.057669219999999966e-01 5.163653799999999849e-01 3.277265619999999435e-01 1.412791620000000137e-01 2.142855359999999987e-01 1.171213019999999966e-01 2.517688419999999927e-01 1.696845740000000047e-01 2.535313700000000336e-01 5.408086940000000897e-01 2.194668120000000111e-01
3.210190459999999746e-01 2.085611099999999940e-01 2.350897080000000083e-01 0.000000000000000000e+00 2.429623959999999694e-01 2.846203800000000061e-01 1.808656459999999910e-01 3.533930299999999969e-01 3.719592559999999604e-01 3.434906260000000211e-01 2.892257400000000089e-01 4.746366359999999451e-01 2.520612999999999881e-01 3.938507560000000796e-01 2.287558980000000131e-01 2.157960459999999914e-01 1.822189099999999840e-01 2.339635180000000092e-01 1.964753479999999941e-01 2.504481820000000192e-01 2.328781900000000127e-01 3.621930860000000529e-01
2.296331079999999747e-01 5.826965480000000364e-01 1.689908479999999991e-01 2.429623959999999694e-01 0.000000000000000000e+00 2.897289739999999725e-01 2.902138479999999965e-01 1.905237679999999822e-01 3.385364400000000495e-01 2.866297780000000017e-01 1.531485080000000165e-01 1.995489540000000006e-01 2.498824940000000105e-01 2.428834019999999982e-01 2.486912540000000005e-01 2.061908279999999927e-01 2.959863540000000071e-01 2.792250940000000070e-01 2.544266480000000330e-01 3.487272699999999781e-01 2.014453740000000104e-01 2.901575779999999716e-01
8.349887880000000928e-01 2.725023100000000253e-01 2.088144259999999974e-01 2.846203800000000061e-01 2.897289739999999725e-01 0.000000000000000000e+00 2.369587339999999764e-01 3.162971019999999411e-01 3.059670939999999950e-01 2.719203139999999963e-01 2.909933279999999955e-01 2.810395760000000132e-01 2.967989359999999577e-01 2.305051080000000141e-01 2.014349499999999737e-01 3.034845339999999725e-01 2.787974779999999320e-01 2.093106379999999933e-01 3.382848580000000216e-01 2.435433580000000153e-01 2.484775560000000161e-01 2.781756280000000081e-01
1.975033160000000121e-01 2.632830039999999872e-01 2.560416239999999677e-01 1.808656459999999910e-01 2.902138479999999965e-01 2.369587339999999764e-01 0.000000000000000000e+00 2.241707500000000020e-01 2.321391199999999766e-01 2.977469119999999747e-01 3.362931379999999915e-01 1.836827819999999889e-01 3.143364100000000105e-01 1.784140999999999921e-01 2.347594139999999996e-01 2.640350699999999828e-01 2.485887800000000092e-01 2.958313999999999666e-01 3.356161540000000554e-01 3.587665860000000539e-01 2.315638680000000060e-01 1.175530519999999912e-01
2.755906880000000281e-01 2.894323839999999870e-01 2.093246639999999936e-01 3.533930299999999969e-01 1.905237679999999822e-01 3.162971019999999411e-01 2.241707500000000020e-01 0.000000000000000000e+00 3.645608379999999982e-01 2.913655239999999869e-01 2.549344940000000115e-01 3.836918619999999946e-01 2.291171799999999759e-01 2.943221599999999993e-01 2.766714960000000167e-01 2.713503339999999708e-01 1.286483639999999873e-01 2.505265300000000250e-01 2.487325819999999799e-01 2.115258919999999931e-01 1.035451319999999981e-01 3.576374160000000413e-01
2.705203440000000237e-01 3.970352879999999862e-01 2.394700040000000141e-01 3.719592559999999604e-01 3.385364400000000495e-01 3.059670939999999950e-01 2.321391199999999766e-01 3.645608379999999982e-01 0.000000000000000000e+00 2.543035679999999799e-01 3.897620159999999889e-01 3.582262479999999694e-01 3.846920719999999960e-01 2.331662440000000225e-01 2.813169379999999609e-01 1.629074599999999762e-01 2.373928100000000097e-01 1.903010860000000082e-01 2.504633980000000038e-01 2.937843540000000253e-01 2.656326940000000025e-01 3.470216999999999885e-01
2.881837919999999942e-01 2.686819120000000227e-01 3.792291819999999980e-01 3.434906260000000211e-01 2.866297780000000017e-01 2.719203139999999963e-01 2.977469119999999747e-01 2.913655239999999869e-01 2.543035679999999799e-01 0.000000000000000000e+00 4.116143019999999875e-01 3.016140179999999837e-01 3.575280359999999935e-01 3.778488420000000181e-01 2.546343220000000240e-01 2.592507320000000393e-01 2.359687039999999736e-01 2.302510259999999975e-01 3.430769399999999969e-01 3.061050320000000546e-01 3.865667620000000082e-01 2.445139820000000186e-01
2.851417080000000492e-01 2.309569079999999608e-01 5.737612560000000528e-01 2.892257400000000089e-01 1.531485080000000165e-01 2.909933279999999955e-01 3.362931379999999915e-01 2.549344940000000115e-01 3.897620159999999889e-01 4.116143019999999875e-01 0.000000000000000000e+00 3.212467980000000001e-01 6.238399820000000151e-01 3.050301480000000010e-01 2.152855600000000147e-01 1.986516040000000094e-01 1.678191419999999767e-01 3.098947079999999632e-01 1.981274400000000158e-01 2.317420419999999814e-01 5.681705960000000832e-01 2.375203939999999958e-01
2.668787019999999677e-01 1.207048299999999852e-01 3.057669219999999966e-01 4.746366359999999451e-01 1.995489540000000006e-01 2.810395760000000132e-01 1.836827819999999889e-01 3.836918619999999946e-01 3.582262479999999694e-01 3.016140179999999837e-01 3.212467980000000001e-01 0.000000000000000000e+00 3.099153700000000233e-01 5.027043800000000617e-01 2.534348140000000082e-01 2.095643019999999801e-01 2.258358080000000268e-01 1.851207380000000069e-01 2.522829959999999816e-01 2.267997139999999856e-01 2.119785379999999664e-01 4.001720800000000411e-01
2.823873579999999772e-01 3.186791260000000348e-01 5.163653799999999849e-01 2.520612999999999881e-01 2.498824940000000105e-01 2.967989359999999577e-01 3.143364100000000105e-01 2.291171799999999759e-01 3.846920719999999960e-01 3.575280359999999935e-01 6.238399820000000151e-01 3.099153700000000233e-01 0.000000000000000000e+00 2.977132140000000038e-01 1.979379240000000151e-01 1.787024300000000232e-01 2.012197000000000013e-01 2.130628800000000100e-01 2.466022379999999736e-01 2.956327140000000187e-01 4.549952499999999622e-01 1.787299480000000274e-01
2.286270360000000057e-01 2.359014020000000100e-01 3.277265619999999435e-01 3.938507560000000796e-01 2.428834019999999982e-01 2.305051080000000141e-01 1.784140999999999921e-01 2.943221599999999993e-01 2.331662440000000225e-01 3.778488420000000181e-01 3.050301480000000010e-01 5.027043800000000617e-01 2.977132140000000038e-01 0.000000000000000000e+00 1.481026320000000118e-01 1.801608699999999730e-01 3.142471820000000138e-01 2.385389299999999824e-01 3.226737679999999164e-01 1.775826719999999970e-01 2.526257900000000167e-01 2.461286160000000223e-01
2.331467420000000179e-01 2.292754060000000149e-01 1.412791620000000137e-01 2.287558980000000131e-01 2.486912540000000005e-01 2.014349499999999737e-01 2.347594139999999996e-01 2.766714960000000167e-01 2.813169379999999609e-01 2.546343220000000240e-01 2.152855600000000147e-01 2.534348140000000082e-01 1.979379240000000151e-01 1.481026320000000118e-01 0.000000000000000000e+00 2.852886459999999791e-01 3.120227439999999630e-01 1.316826819999999953e-01 2.302113460000000111e-01 3.757679360000000246e-01 1.949477300000000135e-01 3.090345700000000084e-01
2.930693919999999286e-01 2.663411119999999910e-01 2.142855359999999987e-01 2.157960459999999914e-01 2.061908279999999927e-01 3.034845339999999725e-01 2.640350699999999828e-01 2.713503339999999708e-01 1.629074599999999762e-01 2.592507320000000393e-01 1.986516040000000094e-01 2.095643019999999801e-01 1.787024300000000232e-01 1.801608699999999730e-01 2.852886459999999791e-01 0.000000000000000000e+00 2.789866179999999640e-01 4.247883559999999781e-01 3.801113720000000029e-01 3.091313240000000406e-01 1.961384979999999945e-01 2.454874920000000016e-01
2.941194580000000558e-01 3.198833100000000318e-01 1.171213019999999966e-01 1.822189099999999840e-01 2.959863540000000071e-01 2.787974779999999320e-01 2.485887800000000092e-01 1.286483639999999873e-01 2.373928100000000097e-01 2.359687039999999736e-01 1.678191419999999767e-01 2.258358080000000268e-01 2.012197000000000013e-01 3.142471820000000138e-01 3.120227439999999630e-01 2.789866179999999640e-01 0.000000000000000000e+00 2.089746079999999784e-01 7.243260140000000735e-01 2.045447599999999644e-01 1.913752900000000035e-01 2.367224380000000072e-01
1.946463599999999905e-01 2.840197979999999900e-01 2.517688419999999927e-01 2.339635180000000092e-01 2.792250940000000070e-01 2.093106379999999933e-01 2.958313999999999666e-01 2.505265300000000250e-01 1.903010860000000082e-01 2.302510259999999975e-01 3.098947079999999632e-01 1.851207380000000069e-01 2.130628800000000100e-01 2.385389299999999824e-01 1.316826819999999953e-01 4.247883559999999781e-01 2.089746079999999784e-01 0.000000000000000000e+00 2.381265000000000465e-01 3.914398299999999886e-01 2.571772559999999652e-01 2.297542700000000104e-01
3.505502219999999669e-01 3.237888779999999467e-01 1.696845740000000047e-01 1.964753479999999941e-01 2.544266480000000330e-01 3.382848580000000216e-01 3.356161540000000554e-01 2.487325819999999799e-01 2.504633980000000038e-01 3.430769399999999969e-01 1.981274400000000158e-01 2.522829959999999816e-01 2.466022379999999736e-01 3.226737679999999164e-01 2.302113460000000111e-01 3.801113720000000029e-01 7.243260140000000735e-01 2.381265000000000465e-01 0.000000000000000000e+00 2.030891200000000119e-01 2.184360519999999917e-01 2.481260839999999690e-01
1.946680960000000127e-01 3.336122180000000159e-01 2.535313700000000336e-01 2.504481820000000192e-01 3.487272699999999781e-01 2.435433580000000153e-01 3.587665860000000539e-01 2.115258919999999931e-01 2.937843540000000253e-01 3.061050320000000546e-01 2.317420419999999814e-01 2.267997139999999856e-01 2.956327140000000187e-01 1.775826719999999970e-01 3.757679360000000246e-01 3.091313240000000406e-01 2.045447599999999644e-01 3.914398299999999886e-01 2.030891200000000119e-01 0.000000000000000000e+00 3.011661239999999795e-01 2.337378699999999865e-01
2.615205740000000056e-01 2.368366040000000061e-01 5.408086940000000897e-01 2.328781900000000127e-01 2.014453740000000104e-01 2.484775560000000161e-01 2.315638680000000060e-01 1.035451319999999981e-01 2.656326940000000025e-01 3.865667620000000082e-01 5.681705960000000832e-01 2.119785379999999664e-01 4.549952499999999622e-01 2.526257900000000167e-01 1.949477300000000135e-01 1.961384979999999945e-01 1.913752900000000035e-01 2.571772559999999652e-01 2.184360519999999917e-01 3.011661239999999795e-01 0.000000000000000000e+00 3.606184659999999709e-01
2.208116659999999898e-01 2.881320580000000242e-01 2.194668120000000111e-01 3.621930860000000529e-01 2.901575779999999716e-01 2.781756280000000081e-01 1.175530519999999912e-01 3.576374160000000413e-01 3.470216999999999885e-01 2.445139820000000186e-01 2.375203939999999958e-01 4.001720800000000411e-01 1.787299480000000274e-01 2.461286160000000223e-01 3.090345700000000084e-01 2.454874920000000016e-01 2.367224380000000072e-01 2.297542700000000104e-01 2.481260839999999690e-01 2.337378699999999865e-01 3.606184659999999709e-01 0.000000000000000000e+00
