0.000000000000000000e+00 6.019893560000000310e-01 3.706514459999999955e-01 4.252234579999999431e-01 6.694829999999999393e-01 8.763513579999999692e-01 5.276643600000000683e-02 9.001166000000000722e-02 1.088356159999999961e-01 7.373696199999998924e-02 1.060133200000000081e-01 9.520870600000000405e-02 1.030623860000000197e-01 9.373332800000000464e-02 9.040893800000000813e-02 8.505376200000000497e-02 8.520974200000000498e-02 8.661239800000000710e-02 7.643184199999999984e-02 5.632745799999999692e-02 1.137291979999999897e-01 1.083724380000000015e-01
6.019893560000000310e-01 0.000000000000000000e+00 3.753914819999999430e-01 3.364199179999999845e-01 8.076656119999998662e-01 5.831239580000000533e-01 8.093215800000000404e-02 8.328055199999999381e-02 8.886866799999999789e-02 7.747071999999999292e-02 8.515793999999998753e-02 9.119315000000000060e-02 5.697392999999999208e-02 9.623973199999999451e-02 1.017627400000000043e-01 9.742519599999999169e-02 1.019887860000000118e-01 1.194396240000000081e-01 9.999744800000000267e-02 1.148642820000000120e-01 7.176546999999999787e-02 7.383687399999999679e-02
3.706514459999999955e-01 3.753914819999999430e-01 0.000000000000000000e+00 4.077534879999999973e-01 4.043433600000000405e-01 3.499654799999999955e-01 3.834684099999999818e-01 2.375822280000000064e-01 4.577083540000000395e-01 3.698009079999999837e-01 6.216341100000001285e-01 2.186085739999999722e-01 5.922771319999999839e-01 1.737594999999999834e-01 1.267248679999999905e-01 1.083208280000000079e-01 8.268762200000000229e-02 8.262893200000001603e-02 1.293291240000000175e-01 1.681817800000000029e-01 5.977695859999999639e-01 4.677097939999999565e-01
4.252234579999999431e-01 3.364199179999999845e-01 4.077534879999999973e-01 0.000000000000000000e+00 3.458207099999999756e-01 3.947767020000000349e-01 2.992704440000000243e-01 5.097989239999999311e-01 4.396784939999999753e-01 5.435075200000000217e-01 2.907679080000000194e-01 5.980571960000000686e-01 2.785306680000000368e-01 5.571193060000000363e-01 8.460556799999999211e-02 1.946216259999999920e-01 8.121517199999998826e-02 7.436490800000000734e-02 1.230206860000000041e-01 2.367958379999999807e-01 3.812843200000000099e-01 5.294374280000000432e-01
6.694829999999999393e-01 8.076656119999998662e-01 4.043433600000000405e-01 3.458207099999999756e-01 0.000000000000000000e+00 6.691335620000000706e-01 8.077182999999998891e-02 7.924535800000001573e-02 8.910196000000000782e-02 8.351017599999999153e-02 9.705670000000000963e-02 8.257684800000000824e-02 6.756324799999999242e-02 8.989281600000000039e-02 9.191227800000000003e-02 8.529074000000000377e-02 7.176023000000000818e-02 9.824827600000000938e-02 7.335587000000000357e-02 8.711745399999999695e-02 7.501406400000001917e-02 7.603435799999999634e-02
8.763513579999999692e-01 5.831239580000000533e-01 3.499654799999999955e-01 3.947767020000000349e-01 6.691335620000000706e-01 0.000000000000000000e+00 7.337807200000000252e-02 9.330224600000000534e-02 9.683978199999999925e-02 8.502358000000000138e-02 9.835049199999999769e-02 9.386562400000000861e-02 8.120715599999998868e-02 1.018742379999999920e-01 1.037722419999999868e-01 9.905732399999998827e-02 7.239115799999999712e-02 1.064273939999999807e-01 6.581348000000000753e-02 8.312570199999999576e-02 8.659714999999999774e-02 8.447970199999998986e-02
5.276643600000000683e-02 8.093215800000000404e-02 3.834684099999999818e-01 2.992704440000000243e-01 8.077182999999998891e-02 7.337807200000000252e-02 0.000000000000000000e+00 4.385530500000000553e-01 4.263663000000000314e-01 4.104476300000000077e-01 4.282611280000000464e-01 2.789278079999999993e-01 4.050470679999998991e-01 2.617390640000000213e-01 4.716811459999999956e-01 2.304663439999999619e-01 2.211086759999999762e-01 1.018434780000000012e-01 2.845920699999999748e-01 4.218172759999999633e-01 3.978078079999999850e-01 4.199907559999999651e-01
9.001166000000000722e-02 8.328055199999999381e-02 2.375822280000000064e-01 5.097989239999999311e-01 7.924535800000001573e-02 9.330224600000000534e-02 4.385530500000000553e-01 0.000000000000000000e+00 4.216662700000000652e-01 4.899562219999999968e-01 2.466730739999999644e-01 5.157276640000000301e-01 2.329635080000000136e-01 4.275814219999999888e-01 1.001887659999999985e-01 4.669605360000000371e-01 1.127689679999999972e-01 1.390898379999999934e-01 2.233274339999999913e-01 4.134922180000000225e-01 3.102704199999999912e-01 4.785472880000000151e-01
1.088356159999999961e-01 8.886866799999999789e-02 4.577083540000000395e-01 4.396784939999999753e-01 8.910196000000000782e-02 9.683978199999999925e-02 4.263663000000000314e-01 4.216662700000000652e-01 0.000000000000000000e+00 4.415293540000000405e-01 5.292804360000000763e-01 4.228465879999999677e-01 6.168686679999999534e-01 3.502065440000000085e-01 1.510687699999999911e-01 1.394208399999999903e-01 8.708739000000001451e-02 1.061562239999999935e-01 1.320717479999999888e-01 2.914490240000000010e-01 5.578132979999999019e-01 5.814622619999999520e-01
7.373696199999998924e-02 7.747071999999999292e-02 3.698009079999999837e-01 5.435075200000000217e-01 8.351017599999999153e-02 8.502358000000000138e-02 4.104476300000000077e-01 4.899562219999999968e-01 4.415293540000000405e-01 0.000000000000000000e+00 4.351031879999999741e-01 5.969747900000000884e-01 4.120821040000000046e-01 7.037236660000000255e-01 1.113700059999999936e-01 2.169512739999999995e-01 5.594047999999999382e-02 8.952833200000000213e-02 1.610462739999999893e-01 2.426978340000000289e-01 4.813243380000000182e-01 5.582222800000000706e-01
1.060133200000000081e-01 8.515793999999998753e-02 6.216341100000001285e-01 2.907679080000000194e-01 9.705670000000000963e-02 9.835049199999999769e-02 4.282611280000000464e-01 2.466730739999999644e-01 5.292804360000000763e-01 4.351031879999999741e-01 0.000000000000000000e+00 2.181813159999999863e-01 7.641328280000000417e-01 1.865330700000000230e-01 1.330057819999999891e-01 1.034732200000000046e-01 6.390735799999999744e-02 6.025350200000000045e-02 1.011704439999999983e-01 1.975951459999999993e-01 6.910620119999999478e-01 5.043943439999999390e-01
9.520870600000000405e-02 9.119315000000000060e-02 2.186085739999999722e-01 5.980571960000000686e-01 8.257684800000000824e-02 9.386562400000000861e-02 2.789278079999999993e-01 5.157276640000000301e-01 4.228465879999999677e-01 5.969747900000000884e-01 2.181813159999999863e-01 0.000000000000000000e+00 2.001244080000000314e-01 7.182981500000000796e-01 1.001053320000000052e-01 1.623357440000000040e-01 1.185353940000000161e-01 9.342733000000000287e-02 1.392680520000000033e-01 2.223441919999999961e-01 2.936009620000000209e-01 5.035599740000000768e-01
1.030623860000000197e-01 5.697392999999999208e-02 5.922771319999999839e-01 2.785306680000000368e-01 6.756324799999999242e-02 8.120715599999998868e-02 4.050470679999998991e-01 2.329635080000000136e-01 6.168686679999999534e-01 4.120821040000000046e-01 7.641328280000000417e-01 2.001244080000000314e-01 0.000000000000000000e+00 1.816475240000000047e-01 1.188206040000000102e-01 9.585843600000000519e-02 7.461344400000000099e-02 8.425077000000000260e-02 1.329688139999999907e-01 1.874260160000000008e-01 6.553022540000000840e-01 4.762123780000000473e-01
9.373332800000000464e-02 9.623973199999999451e-02 1.737594999999999834e-01 5.571193060000000363e-01 8.989281600000000039e-02 1.018742379999999920e-01 2.617390640000000213e-01 4.275814219999999888e-01 3.502065440000000085e-01 7.037236660000000255e-01 1.865330700000000230e-01 7.182981500000000796e-01 1.816475240000000047e-01 0.000000000000000000e+00 9.669414400000000964e-02 1.208781560000000005e-01 9.780648399999999909e-02 7.361051999999999873e-02 1.194475579999999953e-01 1.659563140000000214e-01 2.484334579999999959e-01 4.448800079999999935e-01
9.040893800000000813e-02 1.017627400000000043e-01 1.267248679999999905e-01 8.460556799999999211e-02 9.191227800000000003e-02 1.037722419999999868e-01 4.716811459999999956e-01 1.001887659999999985e-01 1.510687699999999911e-01 1.113700059999999936e-01 1.330057819999999891e-01 1.001053320000000052e-01 1.188206040000000102e-01 9.669414400000000964e-02 0.000000000000000000e+00 1.051097299999999846e-01 3.105872239999999951e-01 1.247240200000000049e-01 1.961686079999999666e-01 2.617133560000000081e-01 1.229515139999999979e-01 1.115228740000000079e-01
8.505376200000000497e-02 9.742519599999999169e-02 1.083208280000000079e-01 1.946216259999999920e-01 8.529074000000000377e-02 9.905732399999998827e-02 2.304663439999999619e-01 4.669605360000000371e-01 1.394208399999999903e-01 2.169512739999999995e-01 1.034732200000000046e-01 1.623357440000000040e-01 9.585843600000000519e-02 1.208781560000000005e-01 1.051097299999999846e-01 0.000000000000000000e+00 1.030283339999999992e-01 3.767586019999999425e-01 2.089946560000000009e-01 3.661058099999999760e-01 9.962622400000001321e-02 1.422582079999999971e-01
8.520974200000000498e-02 1.019887860000000118e-01 8.268762200000000229e-02 8.121517199999998826e-02 7.176023000000000818e-02 7.239115799999999712e-02 2.211086759999999762e-01 1.127689679999999972e-01 8.708739000000001451e-02 5.594047999999999382e-02 6.390735799999999744e-02 1.185353940000000161e-01 7.461344400000000099e-02 9.780648399999999909e-02 3.105872239999999951e-01 1.030283339999999992e-01 0.000000000000000000e+00 1.115675960000000189e-01 8.042056640000000423e-01 1.786548480000000050e-01 8.891264799999999691e-02 7.713162799999999375e-02
8.661239800000000710e-02 1.194396240000000081e-01 8.262893200000001603e-02 7.436490800000000734e-02 9.824827600000000938e-02 1.064273939999999807e-01 1.018434780000000012e-01 1.390898379999999934e-01 1.061562239999999935e-01 8.952833200000000213e-02 6.025350200000000045e-02 9.342733000000000287e-02 8.425077000000000260e-02 7.361051999999999873e-02 1.247240200000000049e-01 3.767586019999999425e-01 1.115675960000000189e-01 0.000000000000000000e+00 1.372177259999999843e-01 5.544068979999999813e-01 8.683098799999999784e-02 8.300692400000000970e-02
7.643184199999999984e-02 9.999744800000000267e-02 1.293291240000000175e-01 1.230206860000000041e-01 7.335587000000000357e-02 6.581348000000000753e-02 2.845920699999999748e-01 2.233274339999999913e-01 1.320717479999999888e-01 1.610462739999999893e-01 1.011704439999999983e-01 1.392680520000000033e-01 1.329688139999999907e-01 1.194475579999999953e-01 1.961686079999999666e-01 2.089946560000000009e-01 8.042056640000000423e-01 1.372177259999999843e-01 0.000000000000000000e+00 2.553431139999999822e-01 1.273543659999999966e-01 1.295824680000000062e-01
5.632745799999999692e-02 1.148642820000000120e-01 1.681817800000000029e-01 2.367958379999999807e-01 8.711745399999999695e-02 8.312570199999999576e-02 4.218172759999999633e-01 4.134922180000000225e-01 2.914490240000000010e-01 2.426978340000000289e-01 1.975951459999999993e-01 2.223441919999999961e-01 1.874260160000000008e-01 1.659563140000000214e-01 2.617133560000000081e-01 3.661058099999999760e-01 1.786548480000000050e-01 5.544068979999999813e-01 2.553431139999999822e-01 0.000000000000000000e+00 2.112611879999999887e-01 2.853531999999999735e-01
1.137291979999999897e-01 7.176546999999999787e-02 5.977695859999999639e-01 3.812843200000000099e-01 7.501406400000001917e-02 8.659714999999999774e-02 3.978078079999999850e-01 3.102704199999999912e-01 5.578132979999999019e-01 4.813243380000000182e-01 6.910620119999999478e-01 2.936009620000000209e-01 6.553022540000000840e-01 2.484334579999999959e-01 1.229515139999999979e-01 9.962622400000001321e-02 8.891264799999999691e-02 8.683098799999999784e-02 1.273543659999999966e-01 2.112611879999999887e-01 0.000000000000000000e+00 6.998586660000001292e-01
1.083724380000000015e-01 7.383687399999999679e-02 4.677097939999999565e-01 5.294374280000000432e-01 7.603435799999999634e-02 8.447970199999998986e-02 4.199907559999999651e-01 4.785472880000000151e-01 5.814622619999999520e-01 5.582222800000000706e-01 5.043943439999999390e-01 5.035599740000000768e-01 4.762123780000000473e-01 4.448800079999999935e-01 1.115228740000000079e-01 1.422582079999999971e-01 7.713162799999999375e-02 8.300692400000000970e-02 1.295824680000000062e-01 2.853531999999999735e-01 6.998586660000001292e-01 0.000000000000000000e+00
