0.000000000000000000e+00 7.680888960000000765e-01 5.284092679999999875e-01 5.684374420000000150e-01 7.163927820000000057e-01 7.891591220000000462e-01 2.743449180000000487e-01 3.116938759999999808e-01 3.520509499999999736e-01 4.117376199999999709e-01 2.855072419999999944e-01 4.135270580000000029e-01 3.402008420000000588e-01 2.633331839999999979e-01 2.629291999999999740e-01 2.351104079999999930e-01 2.664091000000000098e-01 2.015798640000000252e-01 2.109110020000000141e-01 2.826646859999999983e-01 3.475186140000000035e-01 2.412312139999999994e-01
7.680888960000000765e-01 0.000000000000000000e+00 3.647049099999999933e-01 4.375965720000000170e-01 8.395784419999999804e-01 8.578838279999999594e-01 1.634676719999999805e-01 2.192336880000000099e-01 2.419198260000000045e-01 2.913815039999999579e-01 1.914307499999999829e-01 3.167671679999999879e-01 2.098162799999999939e-01 2.451685439999999883e-01 2.522412860000000090e-01 1.989083819999999947e-01 2.610702719999999921e-01 1.255681820000000004e-01 2.297606680000000012e-01 2.371708640000000090e-01 2.695241859999999989e-01 3.286568159999999628e-01
5.284092679999999875e-01 3.647049099999999933e-01 0.000000000000000000e+00 6.497620320000000449e-01 3.526905639999999842e-01 3.451948139999999610e-01 6.194478880000000576e-01 4.118898959999999221e-01 7.718144719999999737e-01 6.950633960000000000e-01 7.859428640000001298e-01 5.028727039999999482e-01 7.711615280000000405e-01 3.505872980000000472e-01 2.045591800000000071e-01 2.720760640000000063e-01 3.603102040000000228e-01 3.210086399999999562e-01 2.772413420000000017e-01 3.552521559999999856e-01 6.366705079999999128e-01 2.005361160000000142e-01
5.684374420000000150e-01 4.375965720000000170e-01 6.497620320000000449e-01 0.000000000000000000e+00 3.306422900000000054e-01 3.843686259999999910e-01 4.997186379999999373e-01 6.841551780000000305e-01 6.319868419999999931e-01 7.338021559999999832e-01 4.943936439999999655e-01 8.020257800000001325e-01 5.575021100000000507e-01 4.689737299999999776e-01 2.224909580000000164e-01 3.903637240000000230e-01 2.364649940000000117e-01 3.104827640000000222e-01 2.438144359999999955e-01 3.687153200000000131e-01 5.372746180000000926e-01 3.254765720000000195e-01
7.163927820000000057e-01 8.395784419999999804e-01 3.526905639999999842e-01 3.306422900000000054e-01 0.000000000000000000e+00 7.700016639999999191e-01 2.049794699999999970e-01 1.340538259999999871e-01 2.439691380000000298e-01 2.354790020000000206e-01 2.116555700000000151e-01 2.366679359999999954e-01 2.286431740000000323e-01 2.490798679999999821e-01 2.803441679999999492e-01 2.025082860000000373e-01 2.793154400000000259e-01 1.142435719999999877e-01 2.096004499999999937e-01 2.596013060000000316e-01 2.159461639999999960e-01 2.801647180000000348e-01
7.891591220000000462e-01 8.578838279999999594e-01 3.451948139999999610e-01 3.843686259999999910e-01 7.700016639999999191e-01 0.000000000000000000e+00 1.426448339999999981e-01 2.226862699999999917e-01 2.487584079999999864e-01 2.709952039999999895e-01 1.983127680000000281e-01 2.768902520000000034e-01 1.833373919999999879e-01 2.519201080000000315e-01 2.845812640000000004e-01 2.210214200000000240e-01 2.858256339999999951e-01 1.186133080000000006e-01 2.444244839999999974e-01 2.374854019999999843e-01 2.177140560000000169e-01 3.367618859999999548e-01
2.743449180000000487e-01 1.634676719999999805e-01 6.194478880000000576e-01 4.997186379999999373e-01 2.049794699999999970e-01 1.426448339999999981e-01 0.000000000000000000e+00 3.845831440000000434e-01 6.961834479999999825e-01 6.330986339999999934e-01 6.984936099999999870e-01 4.750943580000000499e-01 6.659259280000000558e-01 3.789961299999999866e-01 2.115628600000000470e-01 3.198669260000000514e-01 2.446158659999999596e-01 3.593964099999999440e-01 2.166818339999999898e-01 2.904178520000000319e-01 6.131155999999999828e-01 1.908897979999999994e-01
3.116938759999999808e-01 2.192336880000000099e-01 4.118898959999999221e-01 6.841551780000000305e-01 1.340538259999999871e-01 2.226862699999999917e-01 3.845831440000000434e-01 0.000000000000000000e+00 4.797085340000000753e-01 6.932092499999999990e-01 3.403334179999999987e-01 7.801111000000000573e-01 4.175274439999999698e-01 3.512324039999999981e-01 2.778205579999999952e-01 2.748130100000000242e-01 3.321683940000000335e-01 1.761874520000000222e-01 2.391974160000000238e-01 2.638659979999999905e-01 4.611443620000000299e-01 3.903321419999999931e-01
3.520509499999999736e-01 2.419198260000000045e-01 7.718144719999999737e-01 6.319868419999999931e-01 2.439691380000000298e-01 2.487584079999999864e-01 6.961834479999999825e-01 4.797085340000000753e-01 0.000000000000000000e+00 7.879803040000000758e-01 8.832679499999999129e-01 6.044890539999999701e-01 7.367278459999999640e-01 4.562594900000000453e-01 2.757635399999999737e-01 4.249537319999999729e-01 2.736951320000000076e-01 4.268843039999999922e-01 3.292616879999999968e-01 3.376819160000000264e-01 7.178960480000000643e-01 2.715052820000000144e-01
4.117376199999999709e-01 2.913815039999999579e-01 6.950633960000000000e-01 7.338021559999999832e-01 2.354790020000000206e-01 2.709952039999999895e-01 6.330986339999999934e-01 6.932092499999999990e-01 7.879803040000000758e-01 0.000000000000000000e+00 6.695454599999999257e-01 7.972986599999999369e-01 6.984020619999998791e-01 3.438840079999999633e-01 2.330067080000000068e-01 4.103324920000000486e-01 2.906903200000000020e-01 3.456504800000000377e-01 2.839347720000000019e-01 3.230774379999999946e-01 6.959567420000000171e-01 2.624867720000000348e-01
2.855072419999999944e-01 1.914307499999999829e-01 7.859428640000001298e-01 4.943936439999999655e-01 2.116555700000000151e-01 1.983127680000000281e-01 6.984936099999999870e-01 3.403334179999999987e-01 8.832679499999999129e-01 6.695454599999999257e-01 0.000000000000000000e+00 4.469956480000000232e-01 7.906951060000000364e-01 3.990472480000000211e-01 3.178764660000000242e-01 4.165271780000000534e-01 3.192308019999999802e-01 3.933030180000000042e-01 3.605019180000000323e-01 3.072502559999999994e-01 7.255061400000000216e-01 2.701364380000000343e-01
4.135270580000000029e-01 3.167671679999999879e-01 5.028727039999999482e-01 8.020257800000001325e-01 2.366679359999999954e-01 2.768902520000000034e-01 4.750943580000000499e-01 7.801111000000000573e-01 6.044890539999999701e-01 7.972986599999999369e-01 4.469956480000000232e-01 0.000000000000000000e+00 4.762729099999999383e-01 3.956069300000000233e-01 2.240275719999999526e-01 4.177572680000000704e-01 2.470237379999999927e-01 3.110077820000000104e-01 2.765634040000000127e-01 3.328628839999999700e-01 5.163697139999999797e-01 3.907421560000000071e-01
3.402008420000000588e-01 2.098162799999999939e-01 7.711615280000000405e-01 5.575021100000000507e-01 2.286431740000000323e-01 1.833373919999999879e-01 6.659259280000000558e-01 4.175274439999999698e-01 7.367278459999999640e-01 6.984020619999998791e-01 7.906951060000000364e-01 4.762729099999999383e-01 0.000000000000000000e+00 3.765928840000000166e-01 2.614949880000000393e-01 3.173947540000000012e-01 2.910858600000000296e-01 3.073578759999999743e-01 2.683637839999999941e-01 3.023446980000000228e-01 7.424735839999999643e-01 1.399824559999999773e-01
2.633331839999999979e-01 2.451685439999999883e-01 3.505872980000000472e-01 4.689737299999999776e-01 2.490798679999999821e-01 2.519201080000000315e-01 3.789961299999999866e-01 3.512324039999999981e-01 4.562594900000000453e-01 3.438840079999999633e-01 3.990472480000000211e-01 3.956069300000000233e-01 3.765928840000000166e-01 0.000000000000000000e+00 1.653893820000000014e-01 2.887116519999999853e-01 2.202165840000000208e-01 2.337060580000000221e-01 2.033260499999999804e-01 3.237297019999999526e-01 3.570817020000000008e-01 3.422636860000000114e-01
2.629291999999999740e-01 2.522412860000000090e-01 2.045591800000000071e-01 2.224909580000000164e-01 2.803441679999999492e-01 2.845812640000000004e-01 2.115628600000000470e-01 2.778205579999999952e-01 2.757635399999999737e-01 2.330067080000000068e-01 3.178764660000000242e-01 2.240275719999999526e-01 2.614949880000000393e-01 1.653893820000000014e-01 0.000000000000000000e+00 2.371970139999999838e-01 3.898006740000000137e-01 1.720802780000000032e-01 4.069704180000000560e-01 4.625041480000000038e-01 3.020022740000000150e-01 2.406848979999999805e-01
2.351104079999999930e-01 1.989083819999999947e-01 2.720760640000000063e-01 3.903637240000000230e-01 2.025082860000000373e-01 2.210214200000000240e-01 3.198669260000000514e-01 2.748130100000000242e-01 4.249537319999999729e-01 4.103324920000000486e-01 4.165271780000000534e-01 4.177572680000000704e-01 3.173947540000000012e-01 2.887116519999999853e-01 2.371970139999999838e-01 0.000000000000000000e+00 2.358818779999999893e-01 5.152017640000000620e-01 5.314374600000000282e-01 3.168109800000000198e-01 3.431647520000000173e-01 3.859736059999999691e-01
2.664091000000000098e-01 2.610702719999999921e-01 3.603102040000000228e-01 2.364649940000000117e-01 2.793154400000000259e-01 2.858256339999999951e-01 2.446158659999999596e-01 3.321683940000000335e-01 2.736951320000000076e-01 2.906903200000000020e-01 3.192308019999999802e-01 2.470237379999999927e-01 2.910858600000000296e-01 2.202165840000000208e-01 3.898006740000000137e-01 2.358818779999999893e-01 0.000000000000000000e+00 2.474816960000000010e-01 6.993835360000000279e-01 4.258282660000000108e-01 1.893024320000000205e-01 2.746937880000000498e-01
2.015798640000000252e-01 1.255681820000000004e-01 3.210086399999999562e-01 3.104827640000000222e-01 1.142435719999999877e-01 1.186133080000000006e-01 3.593964099999999440e-01 1.761874520000000222e-01 4.268843039999999922e-01 3.456504800000000377e-01 3.933030180000000042e-01 3.110077820000000104e-01 3.073578759999999743e-01 2.337060580000000221e-01 1.720802780000000032e-01 5.152017640000000620e-01 2.474816960000000010e-01 0.000000000000000000e+00 2.375383919999999871e-01 5.820872460000000581e-01 3.367696259999999886e-01 2.827655159999999390e-01
2.109110020000000141e-01 2.297606680000000012e-01 2.772413420000000017e-01 2.438144359999999955e-01 2.096004499999999937e-01 2.444244839999999974e-01 2.166818339999999898e-01 2.391974160000000238e-01 3.292616879999999968e-01 2.839347720000000019e-01 3.605019180000000323e-01 2.765634040000000127e-01 2.683637839999999941e-01 2.033260499999999804e-01 4.069704180000000560e-01 5.314374600000000282e-01 6.993835360000000279e-01 2.375383919999999871e-01 0.000000000000000000e+00 3.485001240000000222e-01 2.260124499999999759e-01 3.243406279999999642e-01
2.826646859999999983e-01 2.371708640000000090e-01 3.552521559999999856e-01 3.687153200000000131e-01 2.596013060000000316e-01 2.374854019999999843e-01 2.904178520000000319e-01 2.638659979999999905e-01 3.376819160000000264e-01 3.230774379999999946e-01 3.072502559999999994e-01 3.328628839999999700e-01 3.023446980000000228e-01 3.237297019999999526e-01 4.625041480000000038e-01 3.168109800000000198e-01 4.258282660000000108e-01 5.820872460000000581e-01 3.485001240000000222e-01 0.000000000000000000e+00 2.657808660000000045e-01 1.925980459999999950e-01
3.475186140000000035e-01 2.695241859999999989e-01 6.366705079999999128e-01 5.372746180000000926e-01 2.159461639999999960e-01 2.177140560000000169e-01 6.131155999999999828e-01 4.611443620000000299e-01 7.178960480000000643e-01 6.959567420000000171e-01 7.255061400000000216e-01 5.163697139999999797e-01 7.424735839999999643e-01 3.570817020000000008e-01 3.020022740000000150e-01 3.431647520000000173e-01 1.893024320000000205e-01 3.367696259999999886e-01 2.260124499999999759e-01 2.657808660000000045e-01 0.000000000000000000e+00 2.529438660000000172e-01
2.412312139999999994e-01 3.286568159999999628e-01 2.005361160000000142e-01 3.254765720000000195e-01 2.801647180000000348e-01 3.367618859999999548e-01 1.908897979999999994e-01 3.903321419999999931e-01 2.715052820000000144e-01 2.624867720000000348e-01 2.701364380000000343e-01 3.907421560000000071e-01 1.399824559999999773e-01 3.422636860000000114e-01 2.406848979999999805e-01 3.859736059999999691e-01 2.746937880000000498e-01 2.827655159999999390e-01 3.243406279999999642e-01 1.925980459999999950e-01 2.529438660000000172e-01 0.000000000000000000e+00
