0.000000000000000000e+00 5.923897260000000609e-01 3.046092180000000149e-01 3.724554219999999805e-01 6.331202539999999379e-01 8.527741780000001048e-01 1.017178200000000005e-01 1.311134979999999950e-01 1.161835940000000011e-01 1.219505339999999993e-01 1.128880799999999879e-01 9.167438800000000942e-02 9.887290199999999862e-02 7.934672200000000841e-02 1.067264539999999984e-01 1.164853560000000121e-01 1.006824439999999959e-01 1.021771299999999910e-01 8.108477599999999730e-02 6.806426999999999616e-02 1.223523740000000137e-01 1.000231259999999900e-01
5.923897260000000609e-01 0.000000000000000000e+00 3.866098800000000169e-01 3.124035739999999617e-01 8.061073540000001092e-01 5.875688059999999435e-01 1.475102600000000042e-01 1.014419500000000030e-01 9.142978200000000111e-02 8.455657200000001039e-02 1.316533500000000023e-01 7.412117399999999801e-02 1.332731080000000012e-01 6.255647400000000080e-02 1.086026519999999940e-01 1.053744819999999915e-01 6.050842199999999227e-02 7.463876799999999423e-02 7.039706599999999426e-02 3.536174799999999840e-02 1.193204200000000104e-01 7.986251600000000839e-02
3.046092180000000149e-01 3.866098800000000169e-01 0.000000000000000000e+00 3.269942419999999905e-01 4.068433320000000575e-01 3.296650559999999563e-01 3.511943080000000106e-01 1.676288459999999980e-01 4.878030340000000242e-01 3.531544119999999731e-01 6.364750479999999877e-01 1.581286460000000116e-01 6.142871139999999119e-01 1.574945779999999962e-01 1.060881359999999995e-01 9.326951400000001169e-02 9.460308799999998797e-02 1.083257300000000090e-01 1.305612499999999898e-01 1.078874420000000001e-01 5.981171800000000260e-01 4.639856079999999383e-01
3.724554219999999805e-01 3.124035739999999617e-01 3.269942419999999905e-01 0.000000000000000000e+00 3.220155660000000308e-01 3.777632459999999970e-01 1.709485900000000114e-01 4.075892859999999951e-01 3.774492580000000652e-01 5.001628959999999680e-01 2.510108160000000255e-01 5.747181160000000011e-01 2.242707719999999794e-01 5.042483439999999595e-01 7.193778600000000356e-02 1.067541620000000135e-01 1.051614440000000067e-01 9.416338600000000170e-02 9.739669199999999305e-02 1.525216799999999928e-01 3.052944039999999637e-01 4.566503100000000037e-01
6.331202539999999379e-01 8.061073540000001092e-01 4.068433320000000575e-01 3.220155660000000308e-01 0.000000000000000000e+00 6.351828280000000326e-01 1.217941460000000059e-01 9.753113399999999156e-02 1.073890039999999962e-01 1.153272220000000070e-01 1.338822080000000025e-01 9.135384400000000349e-02 1.376937480000000324e-01 8.540245599999998771e-02 1.320882840000000003e-01 1.227419339999999970e-01 7.745080399999999810e-02 6.493957999999999675e-02 6.740316999999999836e-02 5.612620799999999688e-02 1.280628600000000006e-01 1.052050900000000011e-01
8.527741780000001048e-01 5.875688059999999435e-01 3.296650559999999563e-01 3.777632459999999970e-01 6.351828280000000326e-01 0.000000000000000000e+00 1.002658079999999979e-01 1.195979239999999943e-01 1.067582099999999923e-01 1.263744419999999757e-01 9.893339800000000572e-02 8.816736799999999596e-02 9.580882200000000182e-02 7.860742400000000907e-02 8.661284799999999229e-02 1.239350959999999946e-01 7.657393399999999628e-02 8.704775800000000285e-02 9.794446399999999497e-02 5.828809399999999863e-02 1.115831260000000047e-01 1.015325779999999983e-01
1.017178200000000005e-01 1.475102600000000042e-01 3.511943080000000106e-01 1.709485900000000114e-01 1.217941460000000059e-01 1.002658079999999979e-01 0.000000000000000000e+00 3.888072980000000234e-01 3.789317640000000043e-01 3.207832959999999956e-01 4.391230979999999340e-01 1.976206699999999983e-01 3.760237620000000391e-01 1.630083220000000110e-01 4.204009519999999389e-01 1.943044060000000128e-01 1.997325660000000003e-01 5.968480000000000313e-02 2.479318620000000029e-01 3.516106480000000256e-01 3.695312319999999873e-01 3.450965499999999464e-01
1.311134979999999950e-01 1.014419500000000030e-01 1.676288459999999980e-01 4.075892859999999951e-01 9.753113399999999156e-02 1.195979239999999943e-01 3.888072980000000234e-01 0.000000000000000000e+00 3.558438999999999908e-01 5.070113880000000073e-01 2.501257139999999990e-01 4.808679980000000187e-01 1.989707359999999814e-01 3.953659580000000728e-01 1.006644179999999916e-01 3.960186060000000507e-01 7.872949199999999814e-02 1.537229340000000055e-01 1.444563640000000038e-01 3.668168760000000139e-01 2.766716820000000299e-01 4.164001419999999731e-01
1.161835940000000011e-01 9.142978200000000111e-02 4.878030340000000242e-01 3.774492580000000652e-01 1.073890039999999962e-01 1.067582099999999923e-01 3.789317640000000043e-01 3.558438999999999908e-01 0.000000000000000000e+00 4.035218279999999713e-01 5.292061179999999476e-01 3.515624320000000358e-01 5.979011940000000802e-01 3.010506980000000610e-01 1.429876800000000059e-01 8.108778800000000786e-02 7.087842399999999543e-02 1.005396919999999861e-01 1.003297640000000018e-01 1.973172679999999901e-01 5.303884460000000134e-01 5.246284979999999987e-01
1.219505339999999993e-01 8.455657200000001039e-02 3.531544119999999731e-01 5.001628959999999680e-01 1.153272220000000070e-01 1.263744419999999757e-01 3.207832959999999956e-01 5.070113880000000073e-01 4.035218279999999713e-01 0.000000000000000000e+00 4.228715799999999692e-01 6.033339939999999846e-01 3.846493039999999697e-01 6.808060300000000620e-01 9.573881400000000541e-02 1.400150760000000161e-01 7.864566799999998803e-02 1.095952819999999883e-01 9.507717199999998758e-02 2.241267659999999773e-01 4.699899819999999728e-01 5.653178999999999288e-01
1.128880799999999879e-01 1.316533500000000023e-01 6.364750479999999877e-01 2.510108160000000255e-01 1.338822080000000025e-01 9.893339800000000572e-02 4.391230979999999340e-01 2.501257139999999990e-01 5.292061179999999476e-01 4.228715799999999692e-01 0.000000000000000000e+00 1.989836599999999789e-01 7.517680079999999876e-01 1.712668260000000109e-01 1.493474759999999790e-01 1.011374359999999972e-01 8.311348199999998854e-02 6.078349200000000840e-02 1.176952760000000014e-01 1.620825719999999803e-01 6.548194840000000072e-01 4.837430620000000014e-01
9.167438800000000942e-02 7.412117399999999801e-02 1.581286460000000116e-01 5.747181160000000011e-01 9.135384400000000349e-02 8.816736799999999596e-02 1.976206699999999983e-01 4.808679980000000187e-01 3.515624320000000358e-01 6.033339939999999846e-01 1.989836599999999789e-01 0.000000000000000000e+00 1.483324899999999835e-01 7.062194400000000316e-01 7.572176599999999591e-02 1.269020100000000095e-01 8.259690199999999982e-02 1.056283400000000150e-01 6.954799799999999976e-02 2.154564059999999892e-01 2.497118040000000094e-01 4.969113619999999676e-01
9.887290199999999862e-02 1.332731080000000012e-01 6.142871139999999119e-01 2.242707719999999794e-01 1.376937480000000324e-01 9.580882200000000182e-02 3.760237620000000391e-01 1.989707359999999814e-01 5.979011940000000802e-01 3.846493039999999697e-01 7.517680079999999876e-01 1.483324899999999835e-01 0.000000000000000000e+00 1.459369639999999746e-01 9.274579600000000534e-02 7.863291799999999609e-02 7.998029399999999345e-02 8.795264999999999334e-02 1.221391960000000054e-01 1.093476859999999995e-01 6.120628399999998859e-01 4.233237479999999442e-01
7.934672200000000841e-02 6.255647400000000080e-02 1.574945779999999962e-01 5.042483439999999595e-01 8.540245599999998771e-02 7.860742400000000907e-02 1.630083220000000110e-01 3.953659580000000728e-01 3.010506980000000610e-01 6.808060300000000620e-01 1.712668260000000109e-01 7.062194400000000316e-01 1.459369639999999746e-01 0.000000000000000000e+00 7.120953600000000383e-02 1.218053360000000140e-01 9.943609000000000475e-02 1.051950899999999772e-01 1.146786279999999908e-01 1.805635979999999918e-01 2.160331079999999737e-01 4.071981499999999810e-01
1.067264539999999984e-01 1.086026519999999940e-01 1.060881359999999995e-01 7.193778600000000356e-02 1.320882840000000003e-01 8.661284799999999229e-02 4.204009519999999389e-01 1.006644179999999916e-01 1.429876800000000059e-01 9.573881400000000541e-02 1.493474759999999790e-01 7.572176599999999591e-02 9.274579600000000534e-02 7.120953600000000383e-02 0.000000000000000000e+00 1.082079940000000018e-01 3.657969440000000128e-01 1.004022599999999932e-01 2.574732979999999616e-01 2.928138859999999677e-01 1.054431399999999908e-01 8.988393999999999551e-02
1.164853560000000121e-01 1.053744819999999915e-01 9.326951400000001169e-02 1.067541620000000135e-01 1.227419339999999970e-01 1.239350959999999946e-01 1.943044060000000128e-01 3.960186060000000507e-01 8.108778800000000786e-02 1.400150760000000161e-01 1.011374359999999972e-01 1.269020100000000095e-01 7.863291799999999609e-02 1.218053360000000140e-01 1.082079940000000018e-01 0.000000000000000000e+00 1.247261620000000015e-01 3.696894000000000569e-01 1.999160839999999939e-01 3.659320799999999929e-01 7.100314599999998921e-02 1.048533420000000022e-01
1.006824439999999959e-01 6.050842199999999227e-02 9.460308799999998797e-02 1.051614440000000067e-01 7.745080399999999810e-02 7.657393399999999628e-02 1.997325660000000003e-01 7.872949199999999814e-02 7.087842399999999543e-02 7.864566799999998803e-02 8.311348199999998854e-02 8.259690199999999982e-02 7.998029399999999345e-02 9.943609000000000475e-02 3.657969440000000128e-01 1.247261620000000015e-01 0.000000000000000000e+00 1.138822960000000217e-01 7.717762739999999289e-01 1.216125600000000223e-01 8.404369000000000423e-02 1.215535160000000003e-01
1.021771299999999910e-01 7.463876799999999423e-02 1.083257300000000090e-01 9.416338600000000170e-02 6.493957999999999675e-02 8.704775800000000285e-02 5.968480000000000313e-02 1.537229340000000055e-01 1.005396919999999861e-01 1.095952819999999883e-01 6.078349200000000840e-02 1.056283400000000150e-01 8.795264999999999334e-02 1.051950899999999772e-01 1.004022599999999932e-01 3.696894000000000569e-01 1.138822960000000217e-01 0.000000000000000000e+00 1.089805880000000171e-01 5.227285240000000277e-01 9.191904600000000425e-02 9.175970400000001137e-02
8.108477599999999730e-02 7.039706599999999426e-02 1.305612499999999898e-01 9.739669199999999305e-02 6.740316999999999836e-02 9.794446399999999497e-02 2.479318620000000029e-01 1.444563640000000038e-01 1.003297640000000018e-01 9.507717199999998758e-02 1.176952760000000014e-01 6.954799799999999976e-02 1.221391960000000054e-01 1.146786279999999908e-01 2.574732979999999616e-01 1.999160839999999939e-01 7.717762739999999289e-01 1.089805880000000171e-01 0.000000000000000000e+00 1.677272380000000007e-01 1.109285799999999850e-01 8.443681399999999893e-02
6.806426999999999616e-02 3.536174799999999840e-02 1.078874420000000001e-01 1.525216799999999928e-01 5.612620799999999688e-02 5.828809399999999863e-02 3.516106480000000256e-01 3.668168760000000139e-01 1.973172679999999901e-01 2.241267659999999773e-01 1.620825719999999803e-01 2.154564059999999892e-01 1.093476859999999995e-01 1.805635979999999918e-01 2.928138859999999677e-01 3.659320799999999929e-01 1.216125600000000223e-01 5.227285240000000277e-01 1.677272380000000007e-01 0.000000000000000000e+00 1.403941679999999859e-01 1.864585360000000080e-01
1.223523740000000137e-01 1.193204200000000104e-01 5.981171800000000260e-01 3.052944039999999637e-01 1.280628600000000006e-01 1.115831260000000047e-01 3.695312319999999873e-01 2.766716820000000299e-01 5.303884460000000134e-01 4.699899819999999728e-01 6.548194840000000072e-01 2.497118040000000094e-01 6.120628399999998859e-01 2.160331079999999737e-01 1.054431399999999908e-01 7.100314599999998921e-02 8.404369000000000423e-02 9.191904600000000425e-02 1.109285799999999850e-01 1.403941679999999859e-01 0.000000000000000000e+00 6.777920720000000232e-01
1.000231259999999900e-01 7.986251600000000839e-02 4.639856079999999383e-01 4.566503100000000037e-01 1.052050900000000011e-01 1.015325779999999983e-01 3.450965499999999464e-01 4.164001419999999731e-01 5.246284979999999987e-01 5.653178999999999288e-01 4.837430620000000014e-01 4.969113619999999676e-01 4.233237479999999442e-01 4.071981499999999810e-01 8.988393999999999551e-02 1.048533420000000022e-01 1.215535160000000003e-01 9.175970400000001137e-02 8.443681399999999893e-02 1.864585360000000080e-01 6.777920720000000232e-01 0.000000000000000000e+00
