0.000000000000000000e+00 2.644588720000000115e-01 3.109684420000000116e-01 3.420358059999999978e-01 3.081429279999999826e-01 7.347443200000001173e-01 2.232201739999999934e-01 3.418498580000000064e-01 3.165073320000000301e-01 2.898718460000000441e-01 2.999643680000000368e-01 1.861708280000000104e-01 2.817019600000000290e-01 3.303377920000000190e-01 2.792311939999999604e-01 2.497282639999999776e-01 3.356163879999999877e-01 2.043952340000000090e-01 2.440740600000000371e-01 3.258410420000000807e-01 2.797946020000000034e-01 2.782764580000000043e-01
2.644588720000000115e-01 0.000000000000000000e+00 1.776839819999999903e-01 3.256105079999999652e-01 6.882401979999999142e-01 2.678441520000000020e-01 2.314016520000000410e-01 2.235970019999999892e-01 3.099259520000000045e-01 2.188676999999999706e-01 1.679972200000000027e-01 2.893119239999999981e-01 1.641552940000000071e-01 2.105059840000000071e-01 1.581165579999999904e-01 1.860496259999999957e-01 2.145285879999999923e-01 3.609840879999999808e-01 2.894462979999999908e-01 2.689147219999999949e-01 2.305992740000000207e-01 2.099183600000000260e-01
3.109684420000000116e-01 1.776839819999999903e-01 0.000000000000000000e+00 2.685736019999999669e-01 2.100405020000000178e-01 2.373932799999999843e-01 3.377456559999999497e-01 2.413753900000000230e-01 4.974452619999999992e-01 4.457192339999999642e-01 6.122333799999999382e-01 2.526689180000000201e-01 5.592552480000000381e-01 2.552705599999999797e-01 2.726196300000000017e-01 1.768876080000000295e-01 2.877712540000000319e-01 2.568683840000000052e-01 1.895284740000000023e-01 1.633361899999999645e-01 5.405031820000000264e-01 3.681408080000000416e-01
3.420358059999999978e-01 3.256105079999999652e-01 2.685736019999999669e-01 0.000000000000000000e+00 2.844116460000000179e-01 3.002838559999999601e-01 4.040748340000000494e-01 4.720884340000000567e-01 5.010092379999999679e-01 4.162993620000000061e-01 2.382663840000000255e-01 6.127924419999999373e-01 1.562220379999999798e-01 5.386513720000000172e-01 2.726979799999999510e-01 2.460878240000000106e-01 1.960333700000000123e-01 3.373267799999999927e-01 2.223943059999999861e-01 3.361074239999999880e-01 2.191232840000000015e-01 4.801336380000000292e-01
3.081429279999999826e-01 6.882401979999999142e-01 2.100405020000000178e-01 2.844116460000000179e-01 0.000000000000000000e+00 3.238888779999999912e-01 1.475850839999999775e-01 2.530420660000000099e-01 2.696643420000000013e-01 2.072716899999999529e-01 1.982142920000000141e-01 2.343732740000000203e-01 2.001382200000000056e-01 2.315852059999999601e-01 2.397315219999999747e-01 2.613960399999999962e-01 2.473121040000000048e-01 2.680438259999999850e-01 3.120320699999999947e-01 2.165688400000000124e-01 2.356513819999999926e-01 2.916122719999999502e-01
7.347443200000001173e-01 2.678441520000000020e-01 2.373932799999999843e-01 3.002838559999999601e-01 3.238888779999999912e-01 0.000000000000000000e+00 2.422404220000000108e-01 3.288423580000000568e-01 2.192951620000000157e-01 2.696454679999999993e-01 2.996385979999999782e-01 1.958271520000000043e-01 2.880121039999999910e-01 3.373441899999999882e-01 2.595723139999999707e-01 3.292090199999999633e-01 3.296244799999999975e-01 1.961187079999999749e-01 2.884839600000000392e-01 2.411827580000000248e-01 2.704870240000000203e-01 3.315849180000000063e-01
2.232201739999999934e-01 2.314016520000000410e-01 3.377456559999999497e-01 4.040748340000000494e-01 1.475850839999999775e-01 2.422404220000000108e-01 0.000000000000000000e+00 3.359669519999999854e-01 3.436465400000000003e-01 3.301122140000000149e-01 3.958541740000000031e-01 3.143136720000000439e-01 2.603073539999999908e-01 2.396354819999999552e-01 5.536124599999999729e-01 2.465500959999999964e-01 3.316407299999999947e-01 2.421131499999999992e-01 2.593481919999999774e-01 4.483882300000000543e-01 2.973717820000000289e-01 2.470416000000000278e-01
3.418498580000000064e-01 2.235970019999999892e-01 2.413753900000000230e-01 4.720884340000000567e-01 2.530420660000000099e-01 3.288423580000000568e-01 3.359669519999999854e-01 0.000000000000000000e+00 4.619748220000000072e-01 3.736190879999999881e-01 2.398468920000000060e-01 4.237374420000000197e-01 2.325751439999999837e-01 3.461094200000000010e-01 2.893448880000000223e-01 2.889449359999999856e-01 3.075753279999999812e-01 2.818032679999999957e-01 3.155148380000000197e-01 3.723443279999999467e-01 3.503979460000000157e-01 4.724931480000000295e-01
3.165073320000000301e-01 3.099259520000000045e-01 4.974452619999999992e-01 5.010092379999999679e-01 2.696643420000000013e-01 2.192951620000000157e-01 3.436465400000000003e-01 4.619748220000000072e-01 0.000000000000000000e+00 3.345142779999999982e-01 4.244319340000000662e-01 4.587364619999999560e-01 4.379865059999999977e-01 3.633865479999999759e-01 2.903245460000000167e-01 2.187435800000000208e-01 3.312853219999999932e-01 3.218450660000000130e-01 3.004199379999999975e-01 3.939530459999999734e-01 3.969197799999999998e-01 4.896919739999999743e-01
2.898718460000000441e-01 2.188676999999999706e-01 4.457192339999999642e-01 4.162993620000000061e-01 2.072716899999999529e-01 2.696454679999999993e-01 3.301122140000000149e-01 3.736190879999999881e-01 3.345142779999999982e-01 0.000000000000000000e+00 4.359246200000000404e-01 4.172503739999999794e-01 3.936883179999999816e-01 5.840847479999999869e-01 3.239325160000000037e-01 1.898344680000000062e-01 2.486331820000000081e-01 2.421755000000000158e-01 2.548329480000000036e-01 1.926517680000000010e-01 5.822689779999999926e-01 4.906242579999999798e-01
2.999643680000000368e-01 1.679972200000000027e-01 6.122333799999999382e-01 2.382663840000000255e-01 1.982142920000000141e-01 2.996385979999999782e-01 3.958541740000000031e-01 2.398468920000000060e-01 4.244319340000000662e-01 4.359246200000000404e-01 0.000000000000000000e+00 3.153380439999999840e-01 7.548395459999999169e-01 2.195848819999999813e-01 2.583263999999999561e-01 2.239796880000000101e-01 2.660612579999999672e-01 2.801296759999999941e-01 1.795181320000000247e-01 2.389325679999999841e-01 6.653852220000000539e-01 4.167842239999999809e-01
1.861708280000000104e-01 2.893119239999999981e-01 2.526689180000000201e-01 6.127924419999999373e-01 2.343732740000000203e-01 1.958271520000000043e-01 3.143136720000000439e-01 4.237374420000000197e-01 4.587364619999999560e-01 4.172503739999999794e-01 3.153380439999999840e-01 0.000000000000000000e+00 2.072884799999999694e-01 5.573961560000000315e-01 2.864379439999999999e-01 3.600738800000000128e-01 3.381418219999999808e-01 3.561346440000000557e-01 3.041412499999999741e-01 4.184181859999999697e-01 3.170448899999999681e-01 5.585567499999999352e-01
2.817019600000000290e-01 1.641552940000000071e-01 5.592552480000000381e-01 1.562220379999999798e-01 2.001382200000000056e-01 2.880121039999999910e-01 2.603073539999999908e-01 2.325751439999999837e-01 4.379865059999999977e-01 3.936883179999999816e-01 7.548395459999999169e-01 2.072884799999999694e-01 0.000000000000000000e+00 2.174559299999999917e-01 2.671631540000000138e-01 1.315381980000000228e-01 2.112471220000000094e-01 2.735423759999999760e-01 2.451809320000000181e-01 2.180535020000000102e-01 5.562256039999999846e-01 4.204951900000000187e-01
3.303377920000000190e-01 2.105059840000000071e-01 2.552705599999999797e-01 5.386513720000000172e-01 2.315852059999999601e-01 3.373441899999999882e-01 2.396354819999999552e-01 3.461094200000000010e-01 3.633865479999999759e-01 5.840847479999999869e-01 2.195848819999999813e-01 5.573961560000000315e-01 2.174559299999999917e-01 0.000000000000000000e+00 2.683828440000000093e-01 3.201774620000000238e-01 2.818179159999999461e-01 3.001192460000000062e-01 3.114841380000000215e-01 3.051922120000000183e-01 3.027193180000000150e-01 4.532811759999999524e-01
2.792311939999999604e-01 1.581165579999999904e-01 2.726196300000000017e-01 2.726979799999999510e-01 2.397315219999999747e-01 2.595723139999999707e-01 5.536124599999999729e-01 2.893448880000000223e-01 2.903245460000000167e-01 3.239325160000000037e-01 2.583263999999999561e-01 2.864379439999999999e-01 2.671631540000000138e-01 2.683828440000000093e-01 0.000000000000000000e+00 2.308976600000000323e-01 3.999239099999999381e-01 3.682722019999999374e-01 4.081855080000000302e-01 5.580109899999999845e-01 2.431419459999999977e-01 3.106170760000000475e-01
2.497282639999999776e-01 1.860496259999999957e-01 1.768876080000000295e-01 2.460878240000000106e-01 2.613960399999999962e-01 3.292090199999999633e-01 2.465500959999999964e-01 2.889449359999999856e-01 2.187435800000000208e-01 1.898344680000000062e-01 2.239796880000000101e-01 3.600738800000000128e-01 1.315381980000000228e-01 3.201774620000000238e-01 2.308976600000000323e-01 0.000000000000000000e+00 3.505754360000000180e-01 2.338430659999999883e-01 3.816887959999999969e-01 4.098811259999999845e-01 2.306875380000000253e-01 2.826786259999999884e-01
3.356163879999999877e-01 2.145285879999999923e-01 2.877712540000000319e-01 1.960333700000000123e-01 2.473121040000000048e-01 3.296244799999999975e-01 3.316407299999999947e-01 3.075753279999999812e-01 3.312853219999999932e-01 2.486331820000000081e-01 2.660612579999999672e-01 3.381418219999999808e-01 2.112471220000000094e-01 2.818179159999999461e-01 3.999239099999999381e-01 3.505754360000000180e-01 0.000000000000000000e+00 2.891570259999999837e-01 6.743616260000000473e-01 3.534747799999999884e-01 2.077685619999999900e-01 2.926273999999999820e-01
2.043952340000000090e-01 3.609840879999999808e-01 2.568683840000000052e-01 3.373267799999999927e-01 2.680438259999999850e-01 1.961187079999999749e-01 2.421131499999999992e-01 2.818032679999999957e-01 3.218450660000000130e-01 2.421755000000000158e-01 2.801296759999999941e-01 3.561346440000000557e-01 2.735423759999999760e-01 3.001192460000000062e-01 3.682722019999999374e-01 2.338430659999999883e-01 2.891570259999999837e-01 0.000000000000000000e+00 3.978387300000000293e-01 4.611105999999999261e-01 2.749690360000000000e-01 2.844191460000000116e-01
2.440740600000000371e-01 2.894462979999999908e-01 1.895284740000000023e-01 2.223943059999999861e-01 3.120320699999999947e-01 2.884839600000000392e-01 2.593481919999999774e-01 3.155148380000000197e-01 3.004199379999999975e-01 2.548329480000000036e-01 1.795181320000000247e-01 3.041412499999999741e-01 2.451809320000000181e-01 3.114841380000000215e-01 4.081855080000000302e-01 3.816887959999999969e-01 6.743616260000000473e-01 3.978387300000000293e-01 0.000000000000000000e+00 3.428186000000000289e-01 2.126255319999999782e-01 2.923566700000000407e-01
3.258410420000000807e-01 2.689147219999999949e-01 1.633361899999999645e-01 3.361074239999999880e-01 2.165688400000000124e-01 2.411827580000000248e-01 4.483882300000000543e-01 3.723443279999999467e-01 3.939530459999999734e-01 1.926517680000000010e-01 2.389325679999999841e-01 4.184181859999999697e-01 2.180535020000000102e-01 3.051922120000000183e-01 5.580109899999999845e-01 4.098811259999999845e-01 3.534747799999999884e-01 4.611105999999999261e-01 3.428186000000000289e-01 0.000000000000000000e+00 2.398217900000000069e-01 3.440398500000000359e-01
2.797946020000000034e-01 2.305992740000000207e-01 5.405031820000000264e-01 2.191232840000000015e-01 2.356513819999999926e-01 2.704870240000000203e-01 2.973717820000000289e-01 3.503979460000000157e-01 3.969197799999999998e-01 5.822689779999999926e-01 6.653852220000000539e-01 3.170448899999999681e-01 5.562256039999999846e-01 3.027193180000000150e-01 2.431419459999999977e-01 2.306875380000000253e-01 2.077685619999999900e-01 2.749690360000000000e-01 2.126255319999999782e-01 2.398217900000000069e-01 0.000000000000000000e+00 6.037412580000001139e-01
2.782764580000000043e-01 2.099183600000000260e-01 3.681408080000000416e-01 4.801336380000000292e-01 2.916122719999999502e-01 3.315849180000000063e-01 2.470416000000000278e-01 4.724931480000000295e-01 4.896919739999999743e-01 4.906242579999999798e-01 4.167842239999999809e-01 5.585567499999999352e-01 4.204951900000000187e-01 4.532811759999999524e-01 3.106170760000000475e-01 2.826786259999999884e-01 2.926273999999999820e-01 2.844191460000000116e-01 2.923566700000000407e-01 3.440398500000000359e-01 6.037412580000001139e-01 0.000000000000000000e+00
