0.000000000000000000e+00 2.397764379999999806e-01 2.320108200000000065e-01 3.454994500000000412e-01 2.434473140000000257e-01 5.832943879999999970e-01 2.030534199999999845e-01 2.470935600000000176e-01 2.600274220000000081e-01 1.833302960000000037e-01 2.069971759999999494e-01 2.378666099999999783e-01 2.477584380000000253e-01 2.411510539999999758e-01 1.743699019999999933e-01 2.133479960000000397e-01 3.031790019999999752e-01 3.133283559999999746e-01 2.830800960000000588e-01 2.341062839999999701e-01 2.521944119999999789e-01 2.698866860000000423e-01
2.397764379999999806e-01 0.000000000000000000e+00 2.319518959999999907e-01 1.709260720000000122e-01 6.615251360000000691e-01 3.022045199999999765e-01 2.151543379999999728e-01 2.394391919999999951e-01 1.803469119999999981e-01 2.382889079999999937e-01 2.027926240000000324e-01 2.062269840000000021e-01 2.144828400000000079e-01 1.588684880000000021e-01 2.488784019999999708e-01 1.859867659999999978e-01 2.014487960000000411e-01 2.964608039999999667e-01 2.114772239999999637e-01 2.637891620000000215e-01 2.770982379999999967e-01 2.404312420000000172e-01
2.320108200000000065e-01 2.319518959999999907e-01 0.000000000000000000e+00 2.667458099999999721e-01 1.843574340000000145e-01 3.313733700000000004e-01 5.669935919999999907e-01 2.863060640000000268e-01 2.752756500000000384e-01 5.629601280000000596e-01 8.267632719999999935e-01 2.718207220000000146e-01 7.646407780000000765e-01 1.717951139999999988e-01 1.731884220000000085e-01 2.127417359999999869e-01 2.582845320000000111e-01 2.012051360000000066e-01 2.307942960000000099e-01 2.762599359999999837e-01 7.427593839999999670e-01 3.817757240000000385e-01
3.454994500000000412e-01 1.709260720000000122e-01 2.667458099999999721e-01 0.000000000000000000e+00 1.564798599999999984e-01 3.472467980000000232e-01 3.064826440000000263e-01 4.833565779999999812e-01 5.240513599999999661e-01 3.387200559999999916e-01 2.876631179999999954e-01 6.522740060000000728e-01 2.638407099999999783e-01 5.119011199999999873e-01 1.868538180000000326e-01 4.018994759999999777e-01 2.833775319999999875e-01 2.498217920000000147e-01 4.251966019999999236e-01 1.960912319999999764e-01 2.431551159999999767e-01 4.450512560000000062e-01
2.434473140000000257e-01 6.615251360000000691e-01 1.843574340000000145e-01 1.564798599999999984e-01 0.000000000000000000e+00 3.400668299999999311e-01 2.267544120000000163e-01 2.884794940000000030e-01 1.640755480000000155e-01 1.595573819999999976e-01 2.244967599999999897e-01 2.192939479999999608e-01 2.011660779999999704e-01 2.411001579999999811e-01 3.212612220000000685e-01 2.445869079999999918e-01 2.443483740000000071e-01 2.875299000000000049e-01 2.284717900000000079e-01 2.497871479999999589e-01 2.147980720000000066e-01 2.783864919999999854e-01
5.832943879999999970e-01 3.022045199999999765e-01 3.313733700000000004e-01 3.472467980000000232e-01 3.400668299999999311e-01 0.000000000000000000e+00 2.887024699999999888e-01 3.509271620000000147e-01 2.434709840000000014e-01 2.163602840000000138e-01 1.998997379999999935e-01 2.454883079999999607e-01 2.940663239999999901e-01 2.453436700000000137e-01 2.336731979999999709e-01 2.828499780000000019e-01 3.573302420000000201e-01 2.979367279999999840e-01 3.915182799999999963e-01 2.487133679999999902e-01 3.062308859999999799e-01 1.992766200000000154e-01
2.030534199999999845e-01 2.151543379999999728e-01 5.669935919999999907e-01 3.064826440000000263e-01 2.267544120000000163e-01 2.887024699999999888e-01 0.000000000000000000e+00 1.842138339999999930e-01 3.285398860000000032e-01 5.421178939999999891e-01 5.471174480000000617e-01 2.606865299999999719e-01 5.377366279999999943e-01 1.881245960000000050e-01 4.213345920000000078e-01 3.134489360000000113e-01 3.247676660000000104e-01 2.070874639999999989e-01 4.895624500000000379e-01 3.335426700000000411e-01 4.617752580000000218e-01 1.975629339999999956e-01
2.470935600000000176e-01 2.394391919999999951e-01 2.863060640000000268e-01 4.833565779999999812e-01 2.884794940000000030e-01 3.509271620000000147e-01 1.842138339999999930e-01 0.000000000000000000e+00 3.951336040000000271e-01 3.437786779999999487e-01 2.452487560000000122e-01 6.233138339999999555e-01 2.407472840000000058e-01 3.302321240000000158e-01 2.484033880000000027e-01 2.823150019999999816e-01 2.144141819999999810e-01 2.491638620000000137e-01 2.747117700000000218e-01 3.399877980000000077e-01 2.902271559999999861e-01 5.050325580000000203e-01
2.600274220000000081e-01 1.803469119999999981e-01 2.752756500000000384e-01 5.240513599999999661e-01 1.640755480000000155e-01 2.434709840000000014e-01 3.285398860000000032e-01 3.951336040000000271e-01 0.000000000000000000e+00 3.715936819999999807e-01 3.478385359999999760e-01 5.638998359999999321e-01 2.606882099999999758e-01 3.859471659999999527e-01 1.623407119999999981e-01 3.988152480000000111e-01 2.685459020000000030e-01 2.370759679999999980e-01 3.299461579999999894e-01 1.476813720000000052e-01 3.171317580000000413e-01 3.882584139999999961e-01
1.833302960000000037e-01 2.382889079999999937e-01 5.629601280000000596e-01 3.387200559999999916e-01 1.595573819999999976e-01 2.163602840000000138e-01 5.421178939999999891e-01 3.437786779999999487e-01 3.715936819999999807e-01 0.000000000000000000e+00 5.798122280000000961e-01 4.861551839999999625e-01 5.924200980000000616e-01 2.304975880000000310e-01 2.047592439999999792e-01 2.582524620000000715e-01 1.891483560000000175e-01 2.381624800000000097e-01 3.325741119999999773e-01 2.702430679999999752e-01 5.541665339999999329e-01 3.019111340000000254e-01
2.069971759999999494e-01 2.027926240000000324e-01 8.267632719999999935e-01 2.876631179999999954e-01 2.244967599999999897e-01 1.998997379999999935e-01 5.471174480000000617e-01 2.452487560000000122e-01 3.478385359999999760e-01 5.798122280000000961e-01 0.000000000000000000e+00 3.149303059999999932e-01 7.470278280000000048e-01 2.134923840000000350e-01 1.576177059999999963e-01 2.272824159999999871e-01 3.127566619999999631e-01 2.077682600000000102e-01 2.610942379999999785e-01 2.867507940000000310e-01 7.744472519999999749e-01 4.694429780000000108e-01
2.378666099999999783e-01 2.062269840000000021e-01 2.718207220000000146e-01 6.522740060000000728e-01 2.192939479999999608e-01 2.454883079999999607e-01 2.606865299999999719e-01 6.233138339999999555e-01 5.638998359999999321e-01 4.861551839999999625e-01 3.149303059999999932e-01 0.000000000000000000e+00 3.159647680000000070e-01 4.521542139999999987e-01 2.312464100000000133e-01 3.511270379999999469e-01 2.595523439999999904e-01 2.019690520000000100e-01 3.616662019999999922e-01 2.509366540000000367e-01 2.909402180000000282e-01 4.114832400000000279e-01
2.477584380000000253e-01 2.144828400000000079e-01 7.646407780000000765e-01 2.638407099999999783e-01 2.011660779999999704e-01 2.940663239999999901e-01 5.377366279999999943e-01 2.407472840000000058e-01 2.606882099999999758e-01 5.924200980000000616e-01 7.470278280000000048e-01 3.159647680000000070e-01 0.000000000000000000e+00 2.956079999999999819e-01 2.326606400000000296e-01 2.100076859999999712e-01 2.303767039999999877e-01 1.755628160000000104e-01 2.279376039999999881e-01 2.708280859999999679e-01 7.569067439999999092e-01 3.320209779999999666e-01
2.411510539999999758e-01 1.588684880000000021e-01 1.717951139999999988e-01 5.119011199999999873e-01 2.411001579999999811e-01 2.453436700000000137e-01 1.881245960000000050e-01 3.302321240000000158e-01 3.859471659999999527e-01 2.304975880000000310e-01 2.134923840000000350e-01 4.521542139999999987e-01 2.956079999999999819e-01 0.000000000000000000e+00 3.208977479999999827e-01 3.091413720000000254e-01 2.561652819999999942e-01 2.907623799999999870e-01 2.788393740000000287e-01 3.044523820000000214e-01 2.371970200000000362e-01 4.208167219999999764e-01
1.743699019999999933e-01 2.488784019999999708e-01 1.731884220000000085e-01 1.868538180000000326e-01 3.212612220000000685e-01 2.336731979999999709e-01 4.213345920000000078e-01 2.484033880000000027e-01 1.623407119999999981e-01 2.047592439999999792e-01 1.576177059999999963e-01 2.312464100000000133e-01 2.326606400000000296e-01 3.208977479999999827e-01 0.000000000000000000e+00 4.003372760000000197e-01 4.870591219999999555e-01 3.569077960000000549e-01 4.792557739999999677e-01 6.321424700000000119e-01 2.289816840000000187e-01 2.725529380000000224e-01
2.133479960000000397e-01 1.859867659999999978e-01 2.127417359999999869e-01 4.018994759999999777e-01 2.445869079999999918e-01 2.828499780000000019e-01 3.134489360000000113e-01 2.823150019999999816e-01 3.988152480000000111e-01 2.582524620000000715e-01 2.272824159999999871e-01 3.511270379999999469e-01 2.100076859999999712e-01 3.091413720000000254e-01 4.003372760000000197e-01 0.000000000000000000e+00 4.201304719999999771e-01 4.366307060000000351e-01 5.877948460000000930e-01 3.971385959999999549e-01 2.513774679999999928e-01 2.461527499999999757e-01
3.031790019999999752e-01 2.014487960000000411e-01 2.582845320000000111e-01 2.833775319999999875e-01 2.443483740000000071e-01 3.573302420000000201e-01 3.247676660000000104e-01 2.144141819999999810e-01 2.685459020000000030e-01 1.891483560000000175e-01 3.127566619999999631e-01 2.595523439999999904e-01 2.303767039999999877e-01 2.561652819999999942e-01 4.870591219999999555e-01 4.201304719999999771e-01 0.000000000000000000e+00 2.520387159999999960e-01 7.903329219999999378e-01 4.180143159999999969e-01 2.968122679999999902e-01 2.541306899999999924e-01
3.133283559999999746e-01 2.964608039999999667e-01 2.012051360000000066e-01 2.498217920000000147e-01 2.875299000000000049e-01 2.979367279999999840e-01 2.070874639999999989e-01 2.491638620000000137e-01 2.370759679999999980e-01 2.381624800000000097e-01 2.077682600000000102e-01 2.019690520000000100e-01 1.755628160000000104e-01 2.907623799999999870e-01 3.569077960000000549e-01 4.366307060000000351e-01 2.520387159999999960e-01 0.000000000000000000e+00 2.529445460000000478e-01 5.980549039999999428e-01 3.133312380000000119e-01 1.761155060000000050e-01
2.830800960000000588e-01 2.114772239999999637e-01 2.307942960000000099e-01 4.251966019999999236e-01 2.284717900000000079e-01 3.915182799999999963e-01 4.895624500000000379e-01 2.747117700000000218e-01 3.299461579999999894e-01 3.325741119999999773e-01 2.610942379999999785e-01 3.616662019999999922e-01 2.279376039999999881e-01 2.788393740000000287e-01 4.792557739999999677e-01 5.877948460000000930e-01 7.903329219999999378e-01 2.529445460000000478e-01 0.000000000000000000e+00 4.048380739999999922e-01 2.771232419999999919e-01 2.271145179999999875e-01
2.341062839999999701e-01 2.637891620000000215e-01 2.762599359999999837e-01 1.960912319999999764e-01 2.497871479999999589e-01 2.487133679999999902e-01 3.335426700000000411e-01 3.399877980000000077e-01 1.476813720000000052e-01 2.702430679999999752e-01 2.867507940000000310e-01 2.509366540000000367e-01 2.708280859999999679e-01 3.044523820000000214e-01 6.321424700000000119e-01 3.971385959999999549e-01 4.180143159999999969e-01 5.980549039999999428e-01 4.048380739999999922e-01 0.000000000000000000e+00 3.007749259999999980e-01 2.444352380000000269e-01
2.521944119999999789e-01 2.770982379999999967e-01 7.427593839999999670e-01 2.431551159999999767e-01 2.147980720000000066e-01 3.062308859999999799e-01 4.617752580000000218e-01 2.902271559999999861e-01 3.171317580000000413e-01 5.541665339999999329e-01 7.744472519999999749e-01 2.909402180000000282e-01 7.569067439999999092e-01 2.371970200000000362e-01 2.289816840000000187e-01 2.513774679999999928e-01 2.968122679999999902e-01 3.133312380000000119e-01 2.771232419999999919e-01 3.007749259999999980e-01 0.000000000000000000e+00 4.169265579999999471e-01
2.698866860000000423e-01 2.404312420000000172e-01 3.817757240000000385e-01 4.450512560000000062e-01 2.783864919999999854e-01 1.992766200000000154e-01 1.975629339999999956e-01 5.050325580000000203e-01 3.882584139999999961e-01 3.019111340000000254e-01 4.694429780000000108e-01 4.114832400000000279e-01 3.320209779999999666e-01 4.208167219999999764e-01 2.725529380000000224e-01 2.461527499999999757e-01 2.541306899999999924e-01 1.761155060000000050e-01 2.271145179999999875e-01 2.444352380000000269e-01 4.169265579999999471e-01 0.000000000000000000e+00
