0.000000000000000000e+00 7.176718479999999456e-01 5.455805400000000027e-01 6.103732820000000725e-01 7.709580020000000866e-01 9.085630080000000053e-01 1.487455560000000010e-01 1.577547759999999855e-01 2.089070580000000066e-01 2.062346440000000225e-01 1.990810179999999985e-01 1.685063380000000055e-01 2.492357380000000122e-01 2.023934960000000061e-01 1.021261780000000119e-01 1.416154679999999944e-01 1.248014200000000101e-01 7.638153400000000093e-02 1.155618439999999969e-01 6.853331600000001078e-02 2.323772299999999902e-01 1.846784439999999972e-01
7.176718479999999456e-01 0.000000000000000000e+00 5.888806599999999447e-01 5.286878919999999926e-01 8.787517259999999553e-01 6.853670179999999945e-01 1.512736540000000074e-01 1.553556540000000097e-01 2.421820060000000052e-01 2.046187119999999804e-01 2.173495220000000450e-01 1.654751480000000163e-01 2.701605919999999772e-01 1.822092899999999960e-01 1.246489620000000020e-01 1.206044439999999912e-01 1.098794839999999995e-01 6.577086799999999622e-02 9.813157599999999814e-02 8.566045599999999594e-02 2.613317119999999383e-01 2.049073400000000211e-01
5.455805400000000027e-01 5.888806599999999447e-01 0.000000000000000000e+00 6.317439080000000207e-01 6.298583380000000176e-01 5.394868880000001088e-01 4.349684899999999854e-01 3.609788680000000083e-01 5.875446220000000164e-01 4.867444699999999291e-01 6.553084840000000799e-01 3.407700999999999647e-01 6.882809260000000151e-01 3.596947659999999991e-01 2.216265340000000139e-01 1.779141919999999988e-01 1.416271439999999826e-01 9.564326599999999068e-02 1.424835799999999986e-01 2.022347939999999955e-01 6.458128619999999875e-01 5.218632299999999002e-01
6.103732820000000725e-01 5.286878919999999926e-01 6.317439080000000207e-01 0.000000000000000000e+00 5.656551860000000875e-01 6.117532860000001182e-01 3.443536159999999735e-01 4.942482000000000264e-01 5.115111020000000508e-01 5.992217440000000561e-01 4.270416260000000075e-01 6.060227919999999768e-01 4.611663099999999682e-01 5.892979979999999340e-01 1.430735780000000068e-01 2.081019780000000208e-01 1.427548280000000003e-01 1.068475080000000077e-01 1.670303839999999762e-01 2.224583159999999893e-01 4.818893560000000464e-01 5.564561319999999922e-01
7.709580020000000866e-01 8.787517259999999553e-01 6.298583380000000176e-01 5.656551860000000875e-01 0.000000000000000000e+00 7.498441939999999084e-01 1.668136880000000155e-01 1.648075320000000066e-01 2.595012979999999914e-01 2.149075760000000168e-01 2.475035160000000067e-01 1.629423459999999879e-01 3.034064060000000174e-01 2.010333580000000231e-01 1.157358559999999981e-01 1.271161059999999787e-01 1.323177720000000002e-01 7.434667999999999832e-02 1.231034259999999880e-01 7.708587999999999552e-02 2.804902779999999818e-01 2.112435000000000007e-01
9.085630080000000053e-01 6.853670179999999945e-01 5.394868880000001088e-01 6.117532860000001182e-01 7.498441939999999084e-01 0.000000000000000000e+00 1.475022039999999979e-01 1.547751719999999886e-01 1.965814359999999983e-01 2.188948019999999717e-01 1.956944720000000082e-01 1.697448340000000111e-01 2.391060459999999888e-01 2.220428580000000096e-01 8.698763399999999424e-02 1.549139679999999852e-01 1.159105600000000236e-01 7.343892999999999949e-02 1.184522799999999931e-01 7.406295200000000134e-02 2.223688860000000156e-01 1.845552040000000005e-01
1.487455560000000010e-01 1.512736540000000074e-01 4.349684899999999854e-01 3.443536159999999735e-01 1.668136880000000155e-01 1.475022039999999979e-01 0.000000000000000000e+00 4.868953099999999701e-01 5.058513739999999093e-01 4.179947399999999758e-01 5.087409219999999843e-01 3.126509479999999841e-01 4.857173979999999669e-01 2.762578820000000102e-01 6.717846319999999372e-01 3.661585780000000123e-01 2.165890940000000098e-01 1.686375960000000007e-01 2.416435259999999696e-01 4.483724119999999980e-01 4.582208300000000234e-01 4.566546400000000006e-01
1.577547759999999855e-01 1.553556540000000097e-01 3.609788680000000083e-01 4.942482000000000264e-01 1.648075320000000066e-01 1.547751719999999886e-01 4.868953099999999701e-01 0.000000000000000000e+00 5.303725839999999803e-01 5.413993480000000025e-01 3.890975959999999900e-01 5.280245059999999491e-01 3.863728639999999825e-01 4.719238000000000044e-01 1.805642120000000017e-01 5.260625540000000155e-01 1.719173099999999899e-01 1.466690059999999907e-01 2.606777479999999869e-01 3.521146739999999609e-01 4.137079700000000360e-01 5.327109780000000017e-01
2.089070580000000066e-01 2.421820060000000052e-01 5.875446220000000164e-01 5.115111020000000508e-01 2.595012979999999914e-01 1.965814359999999983e-01 5.058513739999999093e-01 5.303725839999999803e-01 0.000000000000000000e+00 5.302851920000000163e-01 6.310513180000001388e-01 4.870616300000000232e-01 7.294645799999999181e-01 4.470975540000000636e-01 2.570446200000000014e-01 2.174668620000000385e-01 1.468716999999999939e-01 9.321555400000000602e-02 1.594332420000000305e-01 2.781133859999999625e-01 6.669144999999999657e-01 6.825528760000000306e-01
2.062346440000000225e-01 2.046187119999999804e-01 4.867444699999999291e-01 5.992217440000000561e-01 2.149075760000000168e-01 2.188948019999999717e-01 4.179947399999999758e-01 5.413993480000000025e-01 5.302851920000000163e-01 0.000000000000000000e+00 5.289276120000000470e-01 6.127054960000000161e-01 5.135884200000000455e-01 7.290938679999999783e-01 1.554571499999999884e-01 2.493365719999999786e-01 1.454139720000000024e-01 1.387607499999999883e-01 1.802970540000000121e-01 2.661654840000000077e-01 5.813860159999999500e-01 6.112956260000000919e-01
1.990810179999999985e-01 2.173495220000000450e-01 6.553084840000000799e-01 4.270416260000000075e-01 2.475035160000000067e-01 1.956944720000000082e-01 5.087409219999999843e-01 3.890975959999999900e-01 6.310513180000001388e-01 5.289276120000000470e-01 0.000000000000000000e+00 3.514351279999999855e-01 8.069844059999999875e-01 3.486793200000000148e-01 2.251437980000000061e-01 1.512276840000000011e-01 9.442155199999999193e-02 1.235222559999999969e-01 1.255374760000000089e-01 2.137907880000000094e-01 7.526214279999999812e-01 6.088936380000000703e-01
1.685063380000000055e-01 1.654751480000000163e-01 3.407700999999999647e-01 6.060227919999999768e-01 1.629423459999999879e-01 1.697448340000000111e-01 3.126509479999999841e-01 5.280245059999999491e-01 4.870616300000000232e-01 6.127054960000000161e-01 3.514351279999999855e-01 0.000000000000000000e+00 3.440988120000000317e-01 6.350139799999999779e-01 1.231688579999999922e-01 1.990334980000000031e-01 1.633412080000000155e-01 9.193951999999999680e-02 1.850498580000000115e-01 2.424923080000000175e-01 3.937445080000000486e-01 5.628494939999999502e-01
2.492357380000000122e-01 2.701605919999999772e-01 6.882809260000000151e-01 4.611663099999999682e-01 3.034064060000000174e-01 2.391060459999999888e-01 4.857173979999999669e-01 3.863728639999999825e-01 7.294645799999999181e-01 5.135884200000000455e-01 8.069844059999999875e-01 3.440988120000000317e-01 0.000000000000000000e+00 3.320746219999999305e-01 2.144076300000000157e-01 1.565945739999999864e-01 1.228195739999999869e-01 1.252266200000000107e-01 1.499269659999999948e-01 2.334567059999999861e-01 7.346674439999999473e-01 5.873636140000000339e-01
2.023934960000000061e-01 1.822092899999999960e-01 3.596947659999999991e-01 5.892979979999999340e-01 2.010333580000000231e-01 2.220428580000000096e-01 2.762578820000000102e-01 4.719238000000000044e-01 4.470975540000000636e-01 7.290938679999999783e-01 3.486793200000000148e-01 6.350139799999999779e-01 3.320746219999999305e-01 0.000000000000000000e+00 1.293777220000000006e-01 1.749487140000000052e-01 1.260832319999999895e-01 8.013582999999999124e-02 1.457574300000000211e-01 1.727387760000000105e-01 3.918200580000000266e-01 5.145478460000000309e-01
1.021261780000000119e-01 1.246489620000000020e-01 2.216265340000000139e-01 1.430735780000000068e-01 1.157358559999999981e-01 8.698763399999999424e-02 6.717846319999999372e-01 1.805642120000000017e-01 2.570446200000000014e-01 1.554571499999999884e-01 2.251437980000000061e-01 1.231688579999999922e-01 2.144076300000000157e-01 1.293777220000000006e-01 0.000000000000000000e+00 2.495083079999999565e-01 2.308412320000000073e-01 2.355070780000000086e-01 1.995798079999999974e-01 3.173218239999999746e-01 1.894843400000000011e-01 1.839965859999999898e-01
1.416154679999999944e-01 1.206044439999999912e-01 1.779141919999999988e-01 2.081019780000000208e-01 1.271161059999999787e-01 1.549139679999999852e-01 3.661585780000000123e-01 5.260625540000000155e-01 2.174668620000000385e-01 2.493365719999999786e-01 1.512276840000000011e-01 1.990334980000000031e-01 1.565945739999999864e-01 1.749487140000000052e-01 2.495083079999999565e-01 0.000000000000000000e+00 5.921628399999999404e-02 7.358510799999999630e-02 9.398699600000000320e-02 1.831026459999999800e-01 1.742286259999999976e-01 2.073694380000000170e-01
1.248014200000000101e-01 1.098794839999999995e-01 1.416271439999999826e-01 1.427548280000000003e-01 1.323177720000000002e-01 1.159105600000000236e-01 2.165890940000000098e-01 1.719173099999999899e-01 1.468716999999999939e-01 1.454139720000000024e-01 9.442155199999999193e-02 1.633412080000000155e-01 1.228195739999999869e-01 1.260832319999999895e-01 2.308412320000000073e-01 5.921628399999999404e-02 0.000000000000000000e+00 1.795835899999999874e-01 8.665010199999999552e-01 2.531801959999999685e-01 1.256350239999999840e-01 1.293554259999999956e-01
7.638153400000000093e-02 6.577086799999999622e-02 9.564326599999999068e-02 1.068475080000000077e-01 7.434667999999999832e-02 7.343892999999999949e-02 1.686375960000000007e-01 1.466690059999999907e-01 9.321555400000000602e-02 1.387607499999999883e-01 1.235222559999999969e-01 9.193951999999999680e-02 1.252266200000000107e-01 8.013582999999999124e-02 2.355070780000000086e-01 7.358510799999999630e-02 1.795835899999999874e-01 0.000000000000000000e+00 1.602332339999999744e-01 6.795451080000000088e-01 1.193958380000000041e-01 1.193747440000000049e-01
1.155618439999999969e-01 9.813157599999999814e-02 1.424835799999999986e-01 1.670303839999999762e-01 1.231034259999999880e-01 1.184522799999999931e-01 2.416435259999999696e-01 2.606777479999999869e-01 1.594332420000000305e-01 1.802970540000000121e-01 1.255374760000000089e-01 1.850498580000000115e-01 1.499269659999999948e-01 1.457574300000000211e-01 1.995798079999999974e-01 9.398699600000000320e-02 8.665010199999999552e-01 1.602332339999999744e-01 0.000000000000000000e+00 2.464431219999999867e-01 1.345826240000000118e-01 1.576270140000000097e-01
6.853331600000001078e-02 8.566045599999999594e-02 2.022347939999999955e-01 2.224583159999999893e-01 7.708587999999999552e-02 7.406295200000000134e-02 4.483724119999999980e-01 3.521146739999999609e-01 2.781133859999999625e-01 2.661654840000000077e-01 2.137907880000000094e-01 2.424923080000000175e-01 2.334567059999999861e-01 1.727387760000000105e-01 3.173218239999999746e-01 1.831026459999999800e-01 2.531801959999999685e-01 6.795451080000000088e-01 2.464431219999999867e-01 0.000000000000000000e+00 2.105442660000000077e-01 2.398225900000000022e-01
2.323772299999999902e-01 2.613317119999999383e-01 6.458128619999999875e-01 4.818893560000000464e-01 2.804902779999999818e-01 2.223688860000000156e-01 4.582208300000000234e-01 4.137079700000000360e-01 6.669144999999999657e-01 5.813860159999999500e-01 7.526214279999999812e-01 3.937445080000000486e-01 7.346674439999999473e-01 3.918200580000000266e-01 1.894843400000000011e-01 1.742286259999999976e-01 1.256350239999999840e-01 1.193958380000000041e-01 1.345826240000000118e-01 2.105442660000000077e-01 0.000000000000000000e+00 6.919001160000000095e-01
1.846784439999999972e-01 2.049073400000000211e-01 5.218632299999999002e-01 5.564561319999999922e-01 2.112435000000000007e-01 1.845552040000000005e-01 4.566546400000000006e-01 5.327109780000000017e-01 6.825528760000000306e-01 6.112956260000000919e-01 6.088936380000000703e-01 5.628494939999999502e-01 5.873636140000000339e-01 5.145478460000000309e-01 1.839965859999999898e-01 2.073694380000000170e-01 1.293554259999999956e-01 1.193747440000000049e-01 1.576270140000000097e-01 2.398225900000000022e-01 6.919001160000000095e-01 0.000000000000000000e+00
