0.000000000000000000e+00 6.398973000000001132e-01 4.439170219999999389e-01 4.802298399999999634e-01 6.884475959999999395e-01 8.744701139999999651e-01 9.424975399999999115e-02 9.213313399999999154e-02 1.358962079999999906e-01 1.596527540000000078e-01 1.439621319999999927e-01 1.034695559999999903e-01 1.607902379999999742e-01 1.279520599999999786e-01 9.944143599999999417e-02 7.280053599999999903e-02 1.139845040000000004e-01 8.755409399999999898e-02 1.302372819999999820e-01 9.174115600000001813e-02 1.442854560000000064e-01 1.570100480000000132e-01
6.398973000000001132e-01 0.000000000000000000e+00 4.551359739999999432e-01 4.032475520000000091e-01 8.287902820000001558e-01 6.263541540000000518e-01 1.152399519999999927e-01 1.131022439999999907e-01 1.342469960000000073e-01 1.478712100000000029e-01 1.169276860000000029e-01 1.342862559999999927e-01 1.470707079999999944e-01 1.138401140000000061e-01 9.391408199999999595e-02 7.646002799999999933e-02 1.300804760000000004e-01 6.548684000000000449e-02 1.190295040000000082e-01 8.043006599999999451e-02 1.443103420000000081e-01 1.579030480000000181e-01
4.439170219999999389e-01 4.551359739999999432e-01 0.000000000000000000e+00 5.428884920000000003e-01 4.614400220000000052e-01 4.146363219999999461e-01 4.111786480000000354e-01 2.775042719999999408e-01 5.508801580000000087e-01 4.465000980000000119e-01 6.678472720000000473e-01 2.781842799999999505e-01 6.698412999999999728e-01 2.492133820000000388e-01 1.572430400000000006e-01 8.392621999999999582e-02 1.798648919999999707e-01 9.916920999999999375e-02 1.975220139999999958e-01 1.782232760000000138e-01 6.420039279999999460e-01 5.395610140000000055e-01
4.802298399999999634e-01 4.032475520000000091e-01 5.428884920000000003e-01 0.000000000000000000e+00 4.098304019999999825e-01 4.481772100000000481e-01 3.460343559999999874e-01 4.978793000000000246e-01 5.151646299999999012e-01 6.030473479999999276e-01 3.651116059999999774e-01 6.198490640000000607e-01 3.651999699999999849e-01 5.669052240000000964e-01 8.908773200000000281e-02 2.048458140000000149e-01 1.189479979999999992e-01 9.842235600000001638e-02 1.441741719999999893e-01 2.212049160000000292e-01 4.640000679999999877e-01 6.113120380000001131e-01
6.884475959999999395e-01 8.287902820000001558e-01 4.614400220000000052e-01 4.098304019999999825e-01 0.000000000000000000e+00 6.734860719999999912e-01 9.730483599999999178e-02 9.802664800000000789e-02 1.286330440000000019e-01 1.386764460000000088e-01 1.101100940000000056e-01 1.274239859999999891e-01 1.416424540000000010e-01 1.045063260000000105e-01 9.892492199999999847e-02 6.756167399999998824e-02 1.097161080000000066e-01 8.039760199999998469e-02 1.030997720000000062e-01 9.685493200000000469e-02 1.395002300000000028e-01 1.435428740000000147e-01
8.744701139999999651e-01 6.263541540000000518e-01 4.146363219999999461e-01 4.481772100000000481e-01 6.734860719999999912e-01 0.000000000000000000e+00 8.405804400000001231e-02 9.183836400000000566e-02 1.282895380000000085e-01 1.450535340000000117e-01 1.157743159999999882e-01 1.002969359999999754e-01 1.403037119999999971e-01 1.096232960000000090e-01 1.005712439999999902e-01 5.891461399999999710e-02 1.084540999999999977e-01 8.202371199999998475e-02 1.260242560000000012e-01 9.786570800000000958e-02 1.207728179999999901e-01 1.526274239999999838e-01
9.424975399999999115e-02 1.152399519999999927e-01 4.111786480000000354e-01 3.460343559999999874e-01 9.730483599999999178e-02 8.405804400000001231e-02 0.000000000000000000e+00 4.303366580000000385e-01 4.959780839999999857e-01 4.111633000000000093e-01 4.804353459999999854e-01 3.040800799999999748e-01 4.320205799999999874e-01 2.549455139999999842e-01 5.179674459999999980e-01 2.909181120000000620e-01 1.927048239999999968e-01 1.138582540000000060e-01 2.327516499999999766e-01 3.977523859999999578e-01 4.448010439999999788e-01 4.398599960000000308e-01
9.213313399999999154e-02 1.131022439999999907e-01 2.775042719999999408e-01 4.978793000000000246e-01 9.802664800000000789e-02 9.183836400000000566e-02 4.303366580000000385e-01 0.000000000000000000e+00 4.565905259999999966e-01 4.951866800000000457e-01 2.864691419999999544e-01 5.590205660000000520e-01 2.661534580000000094e-01 4.651866619999999730e-01 8.699675599999999454e-02 5.316159000000000301e-01 8.384104600000000240e-02 1.047361319999999818e-01 2.180025719999999778e-01 3.013019700000000300e-01 3.551908280000000140e-01 5.158089900000000227e-01
1.358962079999999906e-01 1.342469960000000073e-01 5.508801580000000087e-01 5.151646299999999012e-01 1.286330440000000019e-01 1.282895380000000085e-01 4.959780839999999857e-01 4.565905259999999966e-01 0.000000000000000000e+00 5.083676519999998922e-01 5.882424279999999284e-01 4.360575880000000515e-01 6.469980000000000731e-01 3.922937280000000082e-01 1.667715679999999812e-01 1.821695539999999836e-01 1.516313539999999960e-01 8.329586799999999513e-02 1.861483960000000215e-01 2.369679720000000267e-01 6.476499940000000066e-01 6.682154799999999728e-01
1.596527540000000078e-01 1.478712100000000029e-01 4.465000980000000119e-01 6.030473479999999276e-01 1.386764460000000088e-01 1.450535340000000117e-01 4.111633000000000093e-01 4.951866800000000457e-01 5.083676519999998922e-01 0.000000000000000000e+00 4.547794119999999940e-01 6.271579480000000206e-01 4.413755000000000317e-01 7.028406799999999954e-01 1.208866039999999947e-01 2.378466480000000216e-01 1.121996879999999919e-01 8.375039399999999190e-02 1.827414820000000106e-01 2.166601780000000088e-01 5.484903720000000593e-01 6.354201779999999466e-01
1.439621319999999927e-01 1.169276860000000029e-01 6.678472720000000473e-01 3.651116059999999774e-01 1.101100940000000056e-01 1.157743159999999882e-01 4.804353459999999854e-01 2.864691419999999544e-01 5.882424279999999284e-01 4.547794119999999940e-01 0.000000000000000000e+00 2.672681039999999508e-01 7.768653700000001106e-01 2.293853099999999812e-01 1.393038800000000188e-01 8.464244600000001006e-02 1.703798339999999800e-01 8.096372999999998377e-02 2.066282079999999799e-01 1.655837840000000116e-01 7.180104680000000128e-01 5.739146419999999749e-01
1.034695559999999903e-01 1.342862559999999927e-01 2.781842799999999505e-01 6.198490640000000607e-01 1.274239859999999891e-01 1.002969359999999754e-01 3.040800799999999748e-01 5.590205660000000520e-01 4.360575880000000515e-01 6.271579480000000206e-01 2.672681039999999508e-01 0.000000000000000000e+00 2.582462680000000010e-01 6.944512440000000231e-01 6.915423400000000886e-02 2.184288000000000063e-01 8.034201199999999043e-02 8.395178400000000152e-02 1.352947879999999992e-01 2.136647540000000123e-01 3.436086919999999933e-01 5.660968060000000079e-01
1.607902379999999742e-01 1.470707079999999944e-01 6.698412999999999728e-01 3.651999699999999849e-01 1.416424540000000010e-01 1.403037119999999971e-01 4.320205799999999874e-01 2.661534580000000094e-01 6.469980000000000731e-01 4.413755000000000317e-01 7.768653700000001106e-01 2.582462680000000010e-01 0.000000000000000000e+00 2.267200820000000172e-01 1.088675960000000248e-01 7.439312000000000702e-02 1.666861420000000094e-01 8.808902400000000188e-02 1.950538379999999794e-01 1.617082380000000041e-01 6.918646780000000662e-01 5.268421620000001138e-01
1.279520599999999786e-01 1.138401140000000061e-01 2.492133820000000388e-01 5.669052240000000964e-01 1.045063260000000105e-01 1.096232960000000090e-01 2.549455139999999842e-01 4.651866619999999730e-01 3.922937280000000082e-01 7.028406799999999954e-01 2.293853099999999812e-01 6.944512440000000231e-01 2.267200820000000172e-01 0.000000000000000000e+00 7.020424399999999898e-02 1.868993999999999933e-01 8.773742000000001040e-02 8.675431000000000115e-02 1.329408180000000161e-01 1.779609099999999999e-01 3.075860499999999997e-01 5.129874700000000010e-01
9.944143599999999417e-02 9.391408199999999595e-02 1.572430400000000006e-01 8.908773200000000281e-02 9.892492199999999847e-02 1.005712439999999902e-01 5.179674459999999980e-01 8.699675599999999454e-02 1.667715679999999812e-01 1.208866039999999947e-01 1.393038800000000188e-01 6.915423400000000886e-02 1.088675960000000248e-01 7.020424399999999898e-02 0.000000000000000000e+00 1.284313599999999944e-01 1.340205399999999936e-01 1.418942440000000027e-01 1.189089539999999834e-01 2.404810719999999902e-01 1.095509020000000194e-01 1.083959159999999811e-01
7.280053599999999903e-02 7.646002799999999933e-02 8.392621999999999582e-02 2.048458140000000149e-01 6.756167399999998824e-02 5.891461399999999710e-02 2.909181120000000620e-01 5.316159000000000301e-01 1.821695539999999836e-01 2.378466480000000216e-01 8.464244600000001006e-02 2.184288000000000063e-01 7.439312000000000702e-02 1.868993999999999933e-01 1.284313599999999944e-01 0.000000000000000000e+00 5.280822599999999978e-02 1.563873819999999915e-01 1.269327060000000063e-01 2.316743419999999776e-01 1.051076079999999913e-01 1.668867380000000067e-01
1.139845040000000004e-01 1.300804760000000004e-01 1.798648919999999707e-01 1.189479979999999992e-01 1.097161080000000066e-01 1.084540999999999977e-01 1.927048239999999968e-01 8.384104600000000240e-02 1.516313539999999960e-01 1.121996879999999919e-01 1.703798339999999800e-01 8.034201199999999043e-02 1.666861420000000094e-01 8.773742000000001040e-02 1.340205399999999936e-01 5.280822599999999978e-02 0.000000000000000000e+00 1.049319820000000070e-01 8.472631039999999336e-01 1.710968519999999660e-01 1.566980219999999924e-01 1.439010559999999717e-01
8.755409399999999898e-02 6.548684000000000449e-02 9.916920999999999375e-02 9.842235600000001638e-02 8.039760199999998469e-02 8.202371199999998475e-02 1.138582540000000060e-01 1.047361319999999818e-01 8.329586799999999513e-02 8.375039399999999190e-02 8.096372999999998377e-02 8.395178400000000152e-02 8.808902400000000188e-02 8.675431000000000115e-02 1.418942440000000027e-01 1.563873819999999915e-01 1.049319820000000070e-01 0.000000000000000000e+00 9.967343799999998921e-02 6.706242839999999594e-01 7.309145599999999909e-02 5.697162399999999849e-02
1.302372819999999820e-01 1.190295040000000082e-01 1.975220139999999958e-01 1.441741719999999893e-01 1.030997720000000062e-01 1.260242560000000012e-01 2.327516499999999766e-01 2.180025719999999778e-01 1.861483960000000215e-01 1.827414820000000106e-01 2.066282079999999799e-01 1.352947879999999992e-01 1.950538379999999794e-01 1.329408180000000161e-01 1.189089539999999834e-01 1.269327060000000063e-01 8.472631039999999336e-01 9.967343799999998921e-02 0.000000000000000000e+00 1.640073280000000078e-01 1.766630520000000149e-01 1.871064080000000018e-01
9.174115600000001813e-02 8.043006599999999451e-02 1.782232760000000138e-01 2.212049160000000292e-01 9.685493200000000469e-02 9.786570800000000958e-02 3.977523859999999578e-01 3.013019700000000300e-01 2.369679720000000267e-01 2.166601780000000088e-01 1.655837840000000116e-01 2.136647540000000123e-01 1.617082380000000041e-01 1.779609099999999999e-01 2.404810719999999902e-01 2.316743419999999776e-01 1.710968519999999660e-01 6.706242839999999594e-01 1.640073280000000078e-01 0.000000000000000000e+00 1.710404419999999870e-01 2.046663200000000127e-01
1.442854560000000064e-01 1.443103420000000081e-01 6.420039279999999460e-01 4.640000679999999877e-01 1.395002300000000028e-01 1.207728179999999901e-01 4.448010439999999788e-01 3.551908280000000140e-01 6.476499940000000066e-01 5.484903720000000593e-01 7.180104680000000128e-01 3.436086919999999933e-01 6.918646780000000662e-01 3.075860499999999997e-01 1.095509020000000194e-01 1.051076079999999913e-01 1.566980219999999924e-01 7.309145599999999909e-02 1.766630520000000149e-01 1.710404419999999870e-01 0.000000000000000000e+00 7.234990740000000198e-01
1.570100480000000132e-01 1.579030480000000181e-01 5.395610140000000055e-01 6.113120380000001131e-01 1.435428740000000147e-01 1.526274239999999838e-01 4.398599960000000308e-01 5.158089900000000227e-01 6.682154799999999728e-01 6.354201779999999466e-01 5.739146419999999749e-01 5.660968060000000079e-01 5.268421620000001138e-01 5.129874700000000010e-01 1.083959159999999811e-01 1.668867380000000067e-01 1.439010559999999717e-01 5.697162399999999849e-02 1.871064080000000018e-01 2.046663200000000127e-01 7.234990740000000198e-01 0.000000000000000000e+00
