0.000000000000000000e+00 6.922077420000000147e-01 4.677562739999999719e-01 5.664127439999999680e-01 7.337548359999999104e-01 9.010379339999999848e-01 1.138740639999999971e-01 1.439520440000000012e-01 1.375115000000000087e-01 1.271317759999999741e-01 1.240774759999999921e-01 1.311356140000000114e-01 1.432998560000000032e-01 1.221528939999999980e-01 1.098161659999999928e-01 1.222164720000000065e-01 8.428579999999999406e-02 1.361280759999999868e-01 7.595465199999998362e-02 1.502100799999999958e-01 1.508478460000000076e-01 1.355369979999999919e-01
6.922077420000000147e-01 0.000000000000000000e+00 4.914224299999999657e-01 4.942375920000000589e-01 8.607576540000000387e-01 6.658506960000000197e-01 1.145611160000000045e-01 1.343187140000000057e-01 1.594005079999999963e-01 1.346447879999999875e-01 1.288699700000000004e-01 1.432782019999999934e-01 1.616602600000000278e-01 1.288758019999999838e-01 1.079536139999999894e-01 1.058178959999999946e-01 5.589447400000000649e-02 1.430258279999999937e-01 6.757558599999999305e-02 1.467607059999999908e-01 1.565733819999999832e-01 1.492017340000000025e-01
4.677562739999999719e-01 4.914224299999999657e-01 0.000000000000000000e+00 5.543489040000000312e-01 5.056686639999999899e-01 4.521816339999999990e-01 4.248380540000000205e-01 2.984071660000000015e-01 5.486911020000000416e-01 4.374583279999999519e-01 6.495469700000000568e-01 2.718323759999999867e-01 6.397748020000000313e-01 3.026628960000000146e-01 2.003483720000000246e-01 1.144786220000000021e-01 1.064233799999999841e-01 7.074491400000000596e-02 1.006228880000000075e-01 1.765326340000000216e-01 6.380889979999999628e-01 5.476044820000000035e-01
5.664127439999999680e-01 4.942375920000000589e-01 5.543489040000000312e-01 0.000000000000000000e+00 5.064242319999999742e-01 5.388935400000000042e-01 3.645252279999999789e-01 5.122091420000000062e-01 4.989672099999999944e-01 5.785197200000000706e-01 3.638330179999999525e-01 5.939924859999999862e-01 3.800595539999999661e-01 5.709835159999999687e-01 1.518227120000000263e-01 2.734764699999999715e-01 1.271132719999999994e-01 1.042379480000000108e-01 1.179188219999999926e-01 2.291995040000000261e-01 4.511747040000000375e-01 5.594936719999999974e-01
7.337548359999999104e-01 8.607576540000000387e-01 5.056686639999999899e-01 5.064242319999999742e-01 0.000000000000000000e+00 7.090875459999999020e-01 1.288111099999999787e-01 1.317565659999999916e-01 1.679071679999999955e-01 1.341133700000000095e-01 1.329294160000000224e-01 1.361740939999999955e-01 1.672403060000000052e-01 1.342930179999999862e-01 1.142092539999999962e-01 1.024063179999999962e-01 7.686546000000001044e-02 1.467937560000000252e-01 8.543299800000000999e-02 1.494566340000000326e-01 1.642809000000000075e-01 1.544544760000000072e-01
9.010379339999999848e-01 6.658506960000000197e-01 4.521816339999999990e-01 5.388935400000000042e-01 7.090875459999999020e-01 0.000000000000000000e+00 1.107907179999999964e-01 1.411263380000000178e-01 1.284481739999999983e-01 1.128958419999999963e-01 1.183886700000000014e-01 1.297001739999999737e-01 1.282657199999999997e-01 1.186777419999999889e-01 1.155281439999999993e-01 1.261425340000000006e-01 9.858596000000000026e-02 1.411180059999999903e-01 8.398796599999999724e-02 1.280155639999999706e-01 1.377364660000000018e-01 1.298226619999999776e-01
1.138740639999999971e-01 1.145611160000000045e-01 4.248380540000000205e-01 3.645252279999999789e-01 1.288111099999999787e-01 1.107907179999999964e-01 0.000000000000000000e+00 4.906824439999999399e-01 5.397892619999999919e-01 4.486230080000000453e-01 5.292317199999999611e-01 3.172727280000000039e-01 5.159198240000000268e-01 3.040679400000000365e-01 6.083915880000000387e-01 2.837363299999999811e-01 2.120418340000000124e-01 1.805838919999999959e-01 2.240694500000000033e-01 4.539542920000000370e-01 5.041940820000000434e-01 4.692541840000000741e-01
1.439520440000000012e-01 1.343187140000000057e-01 2.984071660000000015e-01 5.122091420000000062e-01 1.317565659999999916e-01 1.411263380000000178e-01 4.906824439999999399e-01 0.000000000000000000e+00 5.003120520000000626e-01 5.400653619999999933e-01 3.528866300000000344e-01 5.759808779999999739e-01 3.575436140000000096e-01 4.624721720000000147e-01 1.710268340000000165e-01 5.269301200000000573e-01 1.900126780000000182e-01 1.690060159999999811e-01 2.723186039999999641e-01 3.386039860000000234e-01 4.132232699999999204e-01 5.448776399999999409e-01
1.375115000000000087e-01 1.594005079999999963e-01 5.486911020000000416e-01 4.989672099999999944e-01 1.679071679999999955e-01 1.284481739999999983e-01 5.397892619999999919e-01 5.003120520000000626e-01 0.000000000000000000e+00 5.203998880000000327e-01 6.188293139999999637e-01 4.469630940000000052e-01 6.999013720000000216e-01 4.284277999999999698e-01 2.473243479999999717e-01 2.000200900000000392e-01 1.210892319999999911e-01 1.010430879999999892e-01 1.023254120000000045e-01 3.008446939999999681e-01 6.688860119999999743e-01 6.492737679999999179e-01
1.271317759999999741e-01 1.346447879999999875e-01 4.374583279999999519e-01 5.785197200000000706e-01 1.341133700000000095e-01 1.128958419999999963e-01 4.486230080000000453e-01 5.400653619999999933e-01 5.203998880000000327e-01 0.000000000000000000e+00 4.947762039999999972e-01 6.306982420000000200e-01 4.821456080000000588e-01 7.334987759999999080e-01 1.539503180000000027e-01 2.508078800000000386e-01 1.252166499999999849e-01 1.067788759999999948e-01 1.646351679999999984e-01 2.646735159999999976e-01 5.755170759999999053e-01 6.530479479999999892e-01
1.240774759999999921e-01 1.288699700000000004e-01 6.495469700000000568e-01 3.638330179999999525e-01 1.329294160000000224e-01 1.183886700000000014e-01 5.292317199999999611e-01 3.528866300000000344e-01 6.188293139999999637e-01 4.947762039999999972e-01 0.000000000000000000e+00 2.946264079999999508e-01 8.073095319999999964e-01 3.138220179999999249e-01 1.989083199999999996e-01 9.364228199999999336e-02 1.143032519999999941e-01 9.342787400000000797e-02 1.268545160000000005e-01 2.188401080000000332e-01 7.355414419999999343e-01 6.216759059999998893e-01
1.311356140000000114e-01 1.432782019999999934e-01 2.718323759999999867e-01 5.939924859999999862e-01 1.361740939999999955e-01 1.297001739999999737e-01 3.172727280000000039e-01 5.759808779999999739e-01 4.469630940000000052e-01 6.306982420000000200e-01 2.946264079999999508e-01 0.000000000000000000e+00 2.826510799999999990e-01 6.593537640000000088e-01 1.322574320000000081e-01 2.185921359999999924e-01 1.398370139999999817e-01 1.270776619999999801e-01 1.557375400000000076e-01 2.579253339999999506e-01 3.848857400000000317e-01 5.660145960000000365e-01
1.432998560000000032e-01 1.616602600000000278e-01 6.397748020000000313e-01 3.800595539999999661e-01 1.672403060000000052e-01 1.282657199999999997e-01 5.159198240000000268e-01 3.575436140000000096e-01 6.999013720000000216e-01 4.821456080000000588e-01 8.073095319999999964e-01 2.826510799999999990e-01 0.000000000000000000e+00 2.948251439999999834e-01 1.938015959999999926e-01 1.322176879999999999e-01 1.151548160000000209e-01 7.789364799999999589e-02 1.198152520000000110e-01 2.168646959999999679e-01 7.121547380000000649e-01 5.645531320000000131e-01
1.221528939999999980e-01 1.288758019999999838e-01 3.026628960000000146e-01 5.709835159999999687e-01 1.342930179999999862e-01 1.186777419999999889e-01 3.040679400000000365e-01 4.624721720000000147e-01 4.284277999999999698e-01 7.334987759999999080e-01 3.138220179999999249e-01 6.593537640000000088e-01 2.948251439999999834e-01 0.000000000000000000e+00 1.153396719999999903e-01 2.132425179999999920e-01 9.833287599999998574e-02 8.438576799999999989e-02 1.100229239999999803e-01 2.130378619999999668e-01 3.798979060000000074e-01 5.092879879999999693e-01
1.098161659999999928e-01 1.079536139999999894e-01 2.003483720000000246e-01 1.518227120000000263e-01 1.142092539999999962e-01 1.155281439999999993e-01 6.083915880000000387e-01 1.710268340000000165e-01 2.473243479999999717e-01 1.539503180000000027e-01 1.989083199999999996e-01 1.322574320000000081e-01 1.938015959999999926e-01 1.153396719999999903e-01 0.000000000000000000e+00 1.342635039999999780e-01 1.706022179999999999e-01 1.572263299999999975e-01 1.791177660000000116e-01 2.702458859999999907e-01 1.900877099999999931e-01 1.674376260000000061e-01
1.222164720000000065e-01 1.058178959999999946e-01 1.144786220000000021e-01 2.734764699999999715e-01 1.024063179999999962e-01 1.261425340000000006e-01 2.837363299999999811e-01 5.269301200000000573e-01 2.000200900000000392e-01 2.508078800000000386e-01 9.364228199999999336e-02 2.185921359999999924e-01 1.322176879999999999e-01 2.132425179999999920e-01 1.342635039999999780e-01 0.000000000000000000e+00 8.629554000000000391e-02 1.777057340000000041e-01 1.448031719999999800e-01 2.079484820000000178e-01 1.231197100000000211e-01 1.639911860000000110e-01
8.428579999999999406e-02 5.589447400000000649e-02 1.064233799999999841e-01 1.271132719999999994e-01 7.686546000000001044e-02 9.858596000000000026e-02 2.120418340000000124e-01 1.900126780000000182e-01 1.210892319999999911e-01 1.252166499999999849e-01 1.143032519999999941e-01 1.398370139999999817e-01 1.151548160000000209e-01 9.833287599999998574e-02 1.706022179999999999e-01 8.629554000000000391e-02 0.000000000000000000e+00 1.481761440000000096e-01 8.995175760000000409e-01 2.142788760000000070e-01 8.058906600000000087e-02 1.234896259999999912e-01
1.361280759999999868e-01 1.430258279999999937e-01 7.074491400000000596e-02 1.042379480000000108e-01 1.467937560000000252e-01 1.411180059999999903e-01 1.805838919999999959e-01 1.690060159999999811e-01 1.010430879999999892e-01 1.067788759999999948e-01 9.342787400000000797e-02 1.270776619999999801e-01 7.789364799999999589e-02 8.438576799999999989e-02 1.572263299999999975e-01 1.777057340000000041e-01 1.481761440000000096e-01 0.000000000000000000e+00 1.583056359999999996e-01 6.911630480000000576e-01 7.373559400000000152e-02 7.627234600000000475e-02
7.595465199999998362e-02 6.757558599999999305e-02 1.006228880000000075e-01 1.179188219999999926e-01 8.543299800000000999e-02 8.398796599999999724e-02 2.240694500000000033e-01 2.723186039999999641e-01 1.023254120000000045e-01 1.646351679999999984e-01 1.268545160000000005e-01 1.557375400000000076e-01 1.198152520000000110e-01 1.100229239999999803e-01 1.791177660000000116e-01 1.448031719999999800e-01 8.995175760000000409e-01 1.583056359999999996e-01 0.000000000000000000e+00 2.110711220000000277e-01 1.060476939999999979e-01 1.440328460000000199e-01
1.502100799999999958e-01 1.467607059999999908e-01 1.765326340000000216e-01 2.291995040000000261e-01 1.494566340000000326e-01 1.280155639999999706e-01 4.539542920000000370e-01 3.386039860000000234e-01 3.008446939999999681e-01 2.646735159999999976e-01 2.188401080000000332e-01 2.579253339999999506e-01 2.168646959999999679e-01 2.130378619999999668e-01 2.702458859999999907e-01 2.079484820000000178e-01 2.142788760000000070e-01 6.911630480000000576e-01 2.110711220000000277e-01 0.000000000000000000e+00 2.375798020000000066e-01 2.477267159999999857e-01
1.508478460000000076e-01 1.565733819999999832e-01 6.380889979999999628e-01 4.511747040000000375e-01 1.642809000000000075e-01 1.377364660000000018e-01 5.041940820000000434e-01 4.132232699999999204e-01 6.688860119999999743e-01 5.755170759999999053e-01 7.355414419999999343e-01 3.848857400000000317e-01 7.121547380000000649e-01 3.798979060000000074e-01 1.900877099999999931e-01 1.231197100000000211e-01 8.058906600000000087e-02 7.373559400000000152e-02 1.060476939999999979e-01 2.375798020000000066e-01 0.000000000000000000e+00 7.416360680000000372e-01
1.355369979999999919e-01 1.492017340000000025e-01 5.476044820000000035e-01 5.594936719999999974e-01 1.544544760000000072e-01 1.298226619999999776e-01 4.692541840000000741e-01 5.448776399999999409e-01 6.492737679999999179e-01 6.530479479999999892e-01 6.216759059999998893e-01 5.660145960000000365e-01 5.645531320000000131e-01 5.092879879999999693e-01 1.674376260000000061e-01 1.639911860000000110e-01 1.234896259999999912e-01 7.627234600000000475e-02 1.440328460000000199e-01 2.477267159999999857e-01 7.416360680000000372e-01 0.000000000000000000e+00
