0.000000000000000000e+00 1.810594680000000012e-01 9.590337200000001450e-02 3.987798100000000123e-01 1.858584660000000000e-01 6.538841420000001126e-01 5.492331400000000086e-02 4.826733600000000096e-02 5.734733400000000675e-02 7.410667800000000915e-02 6.087705200000000094e-02 1.077690339999999997e-01 9.404556000000000027e-02 1.329035580000000050e-01 5.391195000000000015e-02 8.758379600000000542e-02 4.781408799999999765e-02 5.963420400000000315e-02 4.462055599999999178e-02 6.145287400000000455e-02 5.852172799999999508e-02 8.978947000000001011e-02
1.810594680000000012e-01 0.000000000000000000e+00 1.515361300000000189e-01 1.233876839999999975e-01 6.284829659999999762e-01 9.574739000000000166e-02 6.666338799999999010e-02 6.036484399999999390e-02 7.125861799999999580e-02 8.249124399999999135e-02 7.286399400000001525e-02 4.224102199999999613e-02 7.055454799999999471e-02 8.280744199999998112e-02 7.237955599999999767e-02 5.524555200000001026e-02 5.706665400000000832e-02 7.156517999999999213e-02 5.652455800000000252e-02 8.766859999999999931e-02 7.064385800000000382e-02 1.173013020000000239e-01
9.590337200000001450e-02 1.515361300000000189e-01 0.000000000000000000e+00 1.484076899999999810e-01 1.979001080000000190e-01 1.276434700000000089e-01 1.712580779999999803e-01 2.152140919999999957e-01 1.114331959999999844e-01 1.408873359999999741e-01 4.918732900000000186e-01 1.310890419999999890e-01 4.640051360000000402e-01 7.930460400000001464e-02 8.589038200000000123e-02 1.238399279999999880e-01 2.602045839999999610e-01 2.381976279999999946e-01 2.922699719999999890e-01 2.391527199999999576e-01 3.871103359999999993e-01 2.016185360000000149e-01
3.987798100000000123e-01 1.233876839999999975e-01 1.484076899999999810e-01 0.000000000000000000e+00 1.868780699999999795e-01 3.762449299999999774e-01 1.517869700000000210e-01 1.515192999999999957e-01 1.701417460000000104e-01 1.783240979999999865e-01 1.194427160000000043e-01 3.858864119999999565e-01 9.584452600000001321e-02 3.090005060000000081e-01 1.064439260000000081e-01 1.314669760000000132e-01 1.204453599999999874e-01 1.670032379999999983e-01 1.294755580000000184e-01 1.610080240000000273e-01 9.620959799999999340e-02 2.931808760000000347e-01
1.858584660000000000e-01 6.284829659999999762e-01 1.979001080000000190e-01 1.868780699999999795e-01 0.000000000000000000e+00 1.645573600000000136e-01 9.080106799999999867e-02 7.063728999999999147e-02 5.797508999999999302e-02 8.084826000000000512e-02 6.493024999999999491e-02 5.571931200000000001e-02 5.377963599999999872e-02 7.902283200000000118e-02 7.614994599999999614e-02 8.156958400000000053e-02 5.660478600000000415e-02 9.060911200000000554e-02 5.974817600000000006e-02 1.147262420000000060e-01 8.404079000000000410e-02 7.006413000000000224e-02
6.538841420000001126e-01 9.574739000000000166e-02 1.276434700000000089e-01 3.762449299999999774e-01 1.645573600000000136e-01 0.000000000000000000e+00 7.838566599999999274e-02 4.588619000000000031e-02 9.107588200000001077e-02 6.669604399999999600e-02 6.485382400000000436e-02 6.862542200000000536e-02 9.244760400000000267e-02 1.063823100000000077e-01 8.072083999999998816e-02 8.824966999999998840e-02 4.788111399999999546e-02 4.772937400000000496e-02 5.570459399999999617e-02 6.142593799999999937e-02 8.437317999999999207e-02 8.526290799999999837e-02
5.492331400000000086e-02 6.666338799999999010e-02 1.712580779999999803e-01 1.517869700000000210e-01 9.080106799999999867e-02 7.838566599999999274e-02 0.000000000000000000e+00 7.141691000000000011e-01 1.468491460000000137e-01 1.945263100000000078e-01 9.263040200000001445e-02 1.765368539999999931e-01 1.415545699999999907e-01 1.958409220000000006e-01 3.527379259999999794e-01 2.178851499999999997e-01 6.392489540000000359e-01 7.221352859999999874e-01 6.982661039999999986e-01 6.971610999999999780e-01 1.955736939999999924e-01 1.941286299999999965e-01
4.826733600000000096e-02 6.036484399999999390e-02 2.152140919999999957e-01 1.515192999999999957e-01 7.063728999999999147e-02 4.588619000000000031e-02 7.141691000000000011e-01 0.000000000000000000e+00 1.558659980000000056e-01 1.986612840000000213e-01 8.567924999999999847e-02 1.587870080000000073e-01 1.175943559999999832e-01 1.665600039999999837e-01 1.875832460000000090e-01 3.878514799999999707e-01 6.695850080000000926e-01 6.787949979999999828e-01 7.351964519999999448e-01 6.696079119999998053e-01 1.752264339999999865e-01 1.870936480000000013e-01
5.734733400000000675e-02 7.125861799999999580e-02 1.114331959999999844e-01 1.701417460000000104e-01 5.797508999999999302e-02 9.107588200000001077e-02 1.468491460000000137e-01 1.558659980000000056e-01 0.000000000000000000e+00 8.637125599999999348e-02 7.057330800000000126e-02 1.476643119999999920e-01 2.705104480000000144e-01 9.542328199999999816e-02 1.653775940000000166e-01 1.037817419999999824e-01 7.327558599999998978e-02 1.614212199999999764e-01 8.227989799999999021e-02 1.508825040000000006e-01 1.047411040000000015e-01 1.986436199999999930e-01
7.410667800000000915e-02 8.249124399999999135e-02 1.408873359999999741e-01 1.783240979999999865e-01 8.084826000000000512e-02 6.669604399999999600e-02 1.945263100000000078e-01 1.986612840000000213e-01 8.637125599999999348e-02 0.000000000000000000e+00 1.548874160000000000e-01 1.508308840000000262e-01 1.588730040000000121e-01 5.050682160000000698e-01 7.960224000000000466e-02 1.131917560000000045e-01 1.822932099999999833e-01 1.455762199999999784e-01 1.731382960000000248e-01 1.572650659999999812e-01 1.462324980000000163e-01 1.024888419999999967e-01
6.087705200000000094e-02 7.286399400000001525e-02 4.918732900000000186e-01 1.194427160000000043e-01 6.493024999999999491e-02 6.485382400000000436e-02 9.263040200000001445e-02 8.567924999999999847e-02 7.057330800000000126e-02 1.548874160000000000e-01 0.000000000000000000e+00 1.035942499999999988e-01 5.408490099999999634e-01 1.033108539999999936e-01 1.761731920000000062e-01 8.345538999999999041e-02 1.284143120000000027e-01 1.173513559999999900e-01 1.337381959999999759e-01 1.092418960000000050e-01 4.333766380000000362e-01 2.026934960000000285e-01
1.077690339999999997e-01 4.224102199999999613e-02 1.310890419999999890e-01 3.858864119999999565e-01 5.571931200000000001e-02 6.862542200000000536e-02 1.765368539999999931e-01 1.587870080000000073e-01 1.476643119999999920e-01 1.508308840000000262e-01 1.035942499999999988e-01 0.000000000000000000e+00 1.400553459999999695e-01 2.216467619999999972e-01 9.877019200000000665e-02 1.424185979999999796e-01 1.598379779999999917e-01 1.902175580000000088e-01 1.752565239999999969e-01 1.615109040000000107e-01 1.168466559999999932e-01 2.794410580000000199e-01
9.404556000000000027e-02 7.055454799999999471e-02 4.640051360000000402e-01 9.584452600000001321e-02 5.377963599999999872e-02 9.244760400000000267e-02 1.415545699999999907e-01 1.175943559999999832e-01 2.705104480000000144e-01 1.588730040000000121e-01 5.408490099999999634e-01 1.400553459999999695e-01 0.000000000000000000e+00 8.548607799999999313e-02 2.287920999999999982e-01 7.641836400000000251e-02 1.408655860000000148e-01 1.317101399999999756e-01 1.448143860000000172e-01 8.878678000000000958e-02 4.488561599999999485e-01 1.645429239999999793e-01
1.329035580000000050e-01 8.280744199999998112e-02 7.930460400000001464e-02 3.090005060000000081e-01 7.902283200000000118e-02 1.063823100000000077e-01 1.958409220000000006e-01 1.665600039999999837e-01 9.542328199999999816e-02 5.050682160000000698e-01 1.033108539999999936e-01 2.216467619999999972e-01 8.548607799999999313e-02 0.000000000000000000e+00 8.654903799999999481e-02 1.124365720000000124e-01 1.829335940000000049e-01 1.682401819999999881e-01 2.064128040000000053e-01 1.399466159999999959e-01 9.320725999999998623e-02 1.609799199999999986e-01
5.391195000000000015e-02 7.237955599999999767e-02 8.589038200000000123e-02 1.064439260000000081e-01 7.614994599999999614e-02 8.072083999999998816e-02 3.527379259999999794e-01 1.875832460000000090e-01 1.653775940000000166e-01 7.960224000000000466e-02 1.761731920000000062e-01 9.877019200000000665e-02 2.287920999999999982e-01 8.654903799999999481e-02 0.000000000000000000e+00 3.430762120000000470e-01 7.730137000000000813e-02 3.630095219999999734e-01 3.684603199999999384e-02 1.906112540000000077e-01 1.915855019999999909e-01 1.645734959999999858e-01
8.758379600000000542e-02 5.524555200000001026e-02 1.238399279999999880e-01 1.314669760000000132e-01 8.156958400000000053e-02 8.824966999999998840e-02 2.178851499999999997e-01 3.878514799999999707e-01 1.037817419999999824e-01 1.131917560000000045e-01 8.345538999999999041e-02 1.424185979999999796e-01 7.641836400000000251e-02 1.124365720000000124e-01 3.430762120000000470e-01 0.000000000000000000e+00 1.662656400000000201e-01 3.721344140000000245e-01 2.182875019999999944e-01 2.722835220000000001e-01 9.393182799999999499e-02 8.250886999999998417e-02
4.781408799999999765e-02 5.706665400000000832e-02 2.602045839999999610e-01 1.204453599999999874e-01 5.660478600000000415e-02 4.788111399999999546e-02 6.392489540000000359e-01 6.695850080000000926e-01 7.327558599999998978e-02 1.822932099999999833e-01 1.284143120000000027e-01 1.598379779999999917e-01 1.408655860000000148e-01 1.829335940000000049e-01 7.730137000000000813e-02 1.662656400000000201e-01 0.000000000000000000e+00 4.984655340000000434e-01 9.626177460000000519e-01 5.580387879999999523e-01 1.997285599999999994e-01 1.593418719999999955e-01
5.963420400000000315e-02 7.156517999999999213e-02 2.381976279999999946e-01 1.670032379999999983e-01 9.060911200000000554e-02 4.772937400000000496e-02 7.221352859999999874e-01 6.787949979999999828e-01 1.614212199999999764e-01 1.455762199999999784e-01 1.173513559999999900e-01 1.902175580000000088e-01 1.317101399999999756e-01 1.682401819999999881e-01 3.630095219999999734e-01 3.721344140000000245e-01 4.984655340000000434e-01 0.000000000000000000e+00 5.681027999999999079e-01 8.920436680000000118e-01 1.954435259999999785e-01 1.854276020000000247e-01
4.462055599999999178e-02 5.652455800000000252e-02 2.922699719999999890e-01 1.294755580000000184e-01 5.974817600000000006e-02 5.570459399999999617e-02 6.982661039999999986e-01 7.351964519999999448e-01 8.227989799999999021e-02 1.731382960000000248e-01 1.337381959999999759e-01 1.752565239999999969e-01 1.448143860000000172e-01 2.064128040000000053e-01 3.684603199999999384e-02 2.182875019999999944e-01 9.626177460000000519e-01 5.681027999999999079e-01 0.000000000000000000e+00 5.967861699999998937e-01 2.024191879999999999e-01 1.730366799999999983e-01
6.145287400000000455e-02 8.766859999999999931e-02 2.391527199999999576e-01 1.610080240000000273e-01 1.147262420000000060e-01 6.142593799999999937e-02 6.971610999999999780e-01 6.696079119999998053e-01 1.508825040000000006e-01 1.572650659999999812e-01 1.092418960000000050e-01 1.615109040000000107e-01 8.878678000000000958e-02 1.399466159999999959e-01 1.906112540000000077e-01 2.722835220000000001e-01 5.580387879999999523e-01 8.920436680000000118e-01 5.967861699999998937e-01 0.000000000000000000e+00 2.092372860000000223e-01 1.690576020000000013e-01
5.852172799999999508e-02 7.064385800000000382e-02 3.871103359999999993e-01 9.620959799999999340e-02 8.404079000000000410e-02 8.437317999999999207e-02 1.955736939999999924e-01 1.752264339999999865e-01 1.047411040000000015e-01 1.462324980000000163e-01 4.333766380000000362e-01 1.168466559999999932e-01 4.488561599999999485e-01 9.320725999999998623e-02 1.915855019999999909e-01 9.393182799999999499e-02 1.997285599999999994e-01 1.954435259999999785e-01 2.024191879999999999e-01 2.092372860000000223e-01 0.000000000000000000e+00 2.634421080000000082e-01
8.978947000000001011e-02 1.173013020000000239e-01 2.016185360000000149e-01 2.931808760000000347e-01 7.006413000000000224e-02 8.526290799999999837e-02 1.941286299999999965e-01 1.870936480000000013e-01 1.986436199999999930e-01 1.024888419999999967e-01 2.026934960000000285e-01 2.794410580000000199e-01 1.645429239999999793e-01 1.609799199999999986e-01 1.645734959999999858e-01 8.250886999999998417e-02 1.593418719999999955e-01 1.854276020000000247e-01 1.730366799999999983e-01 1.690576020000000013e-01 2.634421080000000082e-01 0.000000000000000000e+00
