0.000000000000000000e+00 7.079853999999998759e-01 5.795747700000000169e-01 5.842248019999999320e-01 6.980120860000000871e-01 6.749443640000001299e-01 3.375050960000000044e-01 2.014518060000000388e-01 4.033965880000000004e-01 2.995321240000000107e-01 3.539191799999999999e-01 3.064117960000000140e-01 3.639071260000000252e-01 2.789301479999999889e-01 3.405480239999999492e-01 2.973923699999999615e-01 2.502247080000000179e-01 2.564192699999999769e-01 3.356353639999999916e-01 3.479544399999999760e-01 2.973150620000000188e-01 2.651113959999999992e-01
7.079853999999998759e-01 0.000000000000000000e+00 3.295205399999999729e-01 3.384014620000000417e-01 7.456765759999999243e-01 8.001605679999999055e-01 2.006981240000000055e-01 1.862914759999999836e-01 2.338331820000000005e-01 2.076661439999999970e-01 1.999891400000000097e-01 1.674106120000000142e-01 2.787222340000000131e-01 1.947194879999999961e-01 2.612180620000000286e-01 3.037348260000000133e-01 2.463588279999999742e-01 3.333724660000000339e-01 3.474233500000000197e-01 3.616368320000000192e-01 3.138672220000000013e-01 2.562128999999999657e-01
5.795747700000000169e-01 3.295205399999999729e-01 0.000000000000000000e+00 7.037736559999998587e-01 4.057412040000000220e-01 3.198719620000000097e-01 6.062452460000000709e-01 3.431200179999999711e-01 7.914776839999999591e-01 6.026308679999999862e-01 8.219797239999999672e-01 4.897654579999999314e-01 7.443942580000000309e-01 3.931427120000000053e-01 2.858299719999999877e-01 3.267702080000000064e-01 3.089761679999999955e-01 2.666165759999999940e-01 3.608479259999999855e-01 3.175712760000000134e-01 6.080092799999999853e-01 2.919019580000000169e-01
5.842248019999999320e-01 3.384014620000000417e-01 7.037736559999998587e-01 0.000000000000000000e+00 3.185379680000000047e-01 3.740680960000000166e-01 4.305957160000000172e-01 4.867990839999999930e-01 6.578683020000000159e-01 7.025231200000000564e-01 5.441695519999999453e-01 7.385386620000000679e-01 5.554574380000001366e-01 4.830444560000000109e-01 2.671572539999999552e-01 4.410840639999999979e-01 2.943994079999999736e-01 3.422363339999999754e-01 3.616407119999999753e-01 3.935978980000000016e-01 5.122966879999999446e-01 3.477133740000000195e-01
6.980120860000000871e-01 7.456765759999999243e-01 4.057412040000000220e-01 3.185379680000000047e-01 0.000000000000000000e+00 6.474435339999999872e-01 2.682546020000000087e-01 1.832826580000000150e-01 3.374990739999999545e-01 2.213861460000000059e-01 3.158536060000000090e-01 1.634335219999999700e-01 3.375701100000000343e-01 2.295265480000000247e-01 2.534412100000000279e-01 2.532143620000000261e-01 2.635189999999999477e-01 2.717726480000000056e-01 3.796579359999999737e-01 2.963444100000000025e-01 3.666448399999999719e-01 2.704162459999999713e-01
6.749443640000001299e-01 8.001605679999999055e-01 3.198719620000000097e-01 3.740680960000000166e-01 6.474435339999999872e-01 0.000000000000000000e+00 2.745188040000000051e-01 2.316531679999999649e-01 2.564314560000000021e-01 2.792127779999999948e-01 1.944135240000000042e-01 2.360863099999999937e-01 2.667584920000000137e-01 1.793392420000000098e-01 2.370490799999999676e-01 3.035280679999999842e-01 3.003647020000000389e-01 3.304679839999999924e-01 3.593547099999999661e-01 3.640663620000000322e-01 2.944871159999999932e-01 2.890472199999999936e-01
3.375050960000000044e-01 2.006981240000000055e-01 6.062452460000000709e-01 4.305957160000000172e-01 2.682546020000000087e-01 2.745188040000000051e-01 0.000000000000000000e+00 2.543102620000000091e-01 5.806972059999999658e-01 5.129708680000000243e-01 6.426160999999999124e-01 3.536329299999999565e-01 5.402780760000001070e-01 2.868452879999999761e-01 2.168319100000000166e-01 2.687585200000000007e-01 3.343118339999999744e-01 3.575085000000000068e-01 1.655831839999999944e-01 3.352705440000000037e-01 4.666384359999999343e-01 2.024488439999999889e-01
2.014518060000000388e-01 1.862914759999999836e-01 3.431200179999999711e-01 4.867990839999999930e-01 1.832826580000000150e-01 2.316531679999999649e-01 2.543102620000000091e-01 0.000000000000000000e+00 3.332249119999999842e-01 5.709591620000000756e-01 2.504726419999999676e-01 6.634346319999999686e-01 2.433036120000000024e-01 3.163795480000000104e-01 1.590210960000000007e-01 2.356680139999999812e-01 2.169888379999999617e-01 2.814801439999999877e-01 1.542816000000000187e-01 2.138264380000000353e-01 2.851494239999999847e-01 3.407451940000000290e-01
4.033965880000000004e-01 2.338331820000000005e-01 7.914776839999999591e-01 6.578683020000000159e-01 3.374990739999999545e-01 2.564314560000000021e-01 5.806972059999999658e-01 3.332249119999999842e-01 0.000000000000000000e+00 6.715708080000000191e-01 8.618621259999998951e-01 5.480776740000000702e-01 6.777339860000000105e-01 3.433857539999999875e-01 3.054198679999999833e-01 3.960778100000000301e-01 3.622293719999999939e-01 3.528039559999999741e-01 3.504494619999999894e-01 3.623128740000000070e-01 6.233275419999999567e-01 3.070869039999999939e-01
2.995321240000000107e-01 2.076661439999999970e-01 6.026308679999999862e-01 7.025231200000000564e-01 2.213861460000000059e-01 2.792127779999999948e-01 5.129708680000000243e-01 5.709591620000000756e-01 6.715708080000000191e-01 0.000000000000000000e+00 5.857673439999999676e-01 7.957687719999999576e-01 5.872715939999999524e-01 3.962803739999999908e-01 2.733483820000000009e-01 4.366569499999999882e-01 3.789531039999999851e-01 4.373242259999999826e-01 3.255465320000000551e-01 4.386873820000000146e-01 6.168138860000000889e-01 3.425416740000000182e-01
3.539191799999999999e-01 1.999891400000000097e-01 8.219797239999999672e-01 5.441695519999999453e-01 3.158536060000000090e-01 1.944135240000000042e-01 6.426160999999999124e-01 2.504726419999999676e-01 8.618621259999998951e-01 5.857673439999999676e-01 0.000000000000000000e+00 4.259566959999999680e-01 7.767935120000000193e-01 3.623342260000000370e-01 3.209277360000000190e-01 3.464547359999999854e-01 3.861490380000000000e-01 2.817689440000000212e-01 3.534674359999999682e-01 3.471537719999999716e-01 6.504093739999999846e-01 3.237898460000000478e-01
3.064117960000000140e-01 1.674106120000000142e-01 4.897654579999999314e-01 7.385386620000000679e-01 1.634335219999999700e-01 2.360863099999999937e-01 3.536329299999999565e-01 6.634346319999999686e-01 5.480776740000000702e-01 7.957687719999999576e-01 4.259566959999999680e-01 0.000000000000000000e+00 4.196586299999999770e-01 3.693244459999999729e-01 2.372386679999999859e-01 4.050076739999999842e-01 3.196175079999999946e-01 4.125546179999999841e-01 2.657471420000000473e-01 3.946637519999999788e-01 4.592157000000000044e-01 4.136729520000000382e-01
3.639071260000000252e-01 2.787222340000000131e-01 7.443942580000000309e-01 5.554574380000001366e-01 3.375701100000000343e-01 2.667584920000000137e-01 5.402780760000001070e-01 2.433036120000000024e-01 6.777339860000000105e-01 5.872715939999999524e-01 7.767935120000000193e-01 4.196586299999999770e-01 0.000000000000000000e+00 4.562915880000000257e-01 3.534863300000000153e-01 3.683659999999999712e-01 3.459004159999999883e-01 2.998628799999999983e-01 4.563522320000000798e-01 4.082602679999999817e-01 7.837922579999999639e-01 1.515339620000000220e-01
2.789301479999999889e-01 1.947194879999999961e-01 3.931427120000000053e-01 4.830444560000000109e-01 2.295265480000000247e-01 1.793392420000000098e-01 2.868452879999999761e-01 3.163795480000000104e-01 3.433857539999999875e-01 3.962803739999999908e-01 3.623342260000000370e-01 3.693244459999999729e-01 4.562915880000000257e-01 0.000000000000000000e+00 2.010774800000000029e-01 2.616110739999999990e-01 1.943780619999999904e-01 2.758721979999999574e-01 3.364858440000000339e-01 2.760094220000000043e-01 4.045622460000000697e-01 2.777322819999999970e-01
3.405480239999999492e-01 2.612180620000000286e-01 2.858299719999999877e-01 2.671572539999999552e-01 2.534412100000000279e-01 2.370490799999999676e-01 2.168319100000000166e-01 1.590210960000000007e-01 3.054198679999999833e-01 2.733483820000000009e-01 3.209277360000000190e-01 2.372386679999999859e-01 3.534863300000000153e-01 2.010774800000000029e-01 0.000000000000000000e+00 2.959359940000000355e-01 4.390124320000000080e-01 2.942955919999999947e-01 4.412999880000000319e-01 5.266988940000001396e-01 3.220926759999999667e-01 2.094435240000000198e-01
2.973923699999999615e-01 3.037348260000000133e-01 3.267702080000000064e-01 4.410840639999999979e-01 2.532143620000000261e-01 3.035280679999999842e-01 2.687585200000000007e-01 2.356680139999999812e-01 3.960778100000000301e-01 4.366569499999999882e-01 3.464547359999999854e-01 4.050076739999999842e-01 3.683659999999999712e-01 2.616110739999999990e-01 2.959359940000000355e-01 0.000000000000000000e+00 3.531064579999999564e-01 5.953662100000000068e-01 5.429477099999999723e-01 4.907772419999999469e-01 4.385265620000000086e-01 3.196020259999999835e-01
2.502247080000000179e-01 2.463588279999999742e-01 3.089761679999999955e-01 2.943994079999999736e-01 2.635189999999999477e-01 3.003647020000000389e-01 3.343118339999999744e-01 2.169888379999999617e-01 3.622293719999999939e-01 3.789531039999999851e-01 3.861490380000000000e-01 3.196175079999999946e-01 3.459004159999999883e-01 1.943780619999999904e-01 4.390124320000000080e-01 3.531064579999999564e-01 0.000000000000000000e+00 3.900701859999999854e-01 7.267562020000000178e-01 5.153001539999999547e-01 3.355558579999999846e-01 3.063711299999999360e-01
2.564192699999999769e-01 3.333724660000000339e-01 2.666165759999999940e-01 3.422363339999999754e-01 2.717726480000000056e-01 3.304679839999999924e-01 3.575085000000000068e-01 2.814801439999999877e-01 3.528039559999999741e-01 4.373242259999999826e-01 2.817689440000000212e-01 4.125546179999999841e-01 2.998628799999999983e-01 2.758721979999999574e-01 2.942955919999999947e-01 5.953662100000000068e-01 3.900701859999999854e-01 0.000000000000000000e+00 3.940537819999999636e-01 7.248478300000000818e-01 3.900806860000000098e-01 4.977599600000000568e-01
3.356353639999999916e-01 3.474233500000000197e-01 3.608479259999999855e-01 3.616407119999999753e-01 3.796579359999999737e-01 3.593547099999999661e-01 1.655831839999999944e-01 1.542816000000000187e-01 3.504494619999999894e-01 3.255465320000000551e-01 3.534674359999999682e-01 2.657471420000000473e-01 4.563522320000000798e-01 3.364858440000000339e-01 4.412999880000000319e-01 5.429477099999999723e-01 7.267562020000000178e-01 3.940537819999999636e-01 0.000000000000000000e+00 4.567743840000000333e-01 4.528044880000000605e-01 3.173347779999999840e-01
3.479544399999999760e-01 3.616368320000000192e-01 3.175712760000000134e-01 3.935978980000000016e-01 2.963444100000000025e-01 3.640663620000000322e-01 3.352705440000000037e-01 2.138264380000000353e-01 3.623128740000000070e-01 4.386873820000000146e-01 3.471537719999999716e-01 3.946637519999999788e-01 4.082602679999999817e-01 2.760094220000000043e-01 5.266988940000001396e-01 4.907772419999999469e-01 5.153001539999999547e-01 7.248478300000000818e-01 4.567743840000000333e-01 0.000000000000000000e+00 4.274595999999999951e-01 3.682819900000000035e-01
2.973150620000000188e-01 3.138672220000000013e-01 6.080092799999999853e-01 5.122966879999999446e-01 3.666448399999999719e-01 2.944871159999999932e-01 4.666384359999999343e-01 2.851494239999999847e-01 6.233275419999999567e-01 6.168138860000000889e-01 6.504093739999999846e-01 4.592157000000000044e-01 7.837922579999999639e-01 4.045622460000000697e-01 3.220926759999999667e-01 4.385265620000000086e-01 3.355558579999999846e-01 3.900806860000000098e-01 4.528044880000000605e-01 4.274595999999999951e-01 0.000000000000000000e+00 2.257824499999999956e-01
2.651113959999999992e-01 2.562128999999999657e-01 2.919019580000000169e-01 3.477133740000000195e-01 2.704162459999999713e-01 2.890472199999999936e-01 2.024488439999999889e-01 3.407451940000000290e-01 3.070869039999999939e-01 3.425416740000000182e-01 3.237898460000000478e-01 4.136729520000000382e-01 1.515339620000000220e-01 2.777322819999999970e-01 2.094435240000000198e-01 3.196020259999999835e-01 3.063711299999999360e-01 4.977599600000000568e-01 3.173347779999999840e-01 3.682819900000000035e-01 2.257824499999999956e-01 0.000000000000000000e+00
