0.000000000000000000e+00 7.775065220000000332e-01 6.564610220000000051e-01 6.307421460000000035e-01 7.891570839999999531e-01 7.051892160000000631e-01 4.902067640000000170e-01 4.936693060000000299e-01 6.521832420000001074e-01 5.786875679999999855e-01 5.965779500000000235e-01 5.283996639999999356e-01 5.543188039999999983e-01 4.652017099999999905e-01 4.669402599999999959e-01 4.891584100000000435e-01 5.231393719999999359e-01 4.764636359999999682e-01 5.202237219999999995e-01 4.948782420000000792e-01 4.792203560000000140e-01 4.200664339999999330e-01
7.775065220000000332e-01 0.000000000000000000e+00 5.300896240000000370e-01 4.535477479999999728e-01 8.219945400000000513e-01 7.652537140000000848e-01 4.448644019999999921e-01 4.160592740000000345e-01 5.562421680000000368e-01 4.985420279999999704e-01 5.069563179999999614e-01 4.387544280000000296e-01 4.917726499999999779e-01 3.857055139999999716e-01 4.149489499999999831e-01 4.325443380000000282e-01 4.676897180000000320e-01 4.027221719999999894e-01 4.825310480000000735e-01 4.215537679999999954e-01 4.397338760000000235e-01 4.087938199999999744e-01
6.564610220000000051e-01 5.300896240000000370e-01 0.000000000000000000e+00 8.537490639999999464e-01 5.927813240000000539e-01 5.353022020000000047e-01 7.337078020000000755e-01 7.761794659999999846e-01 9.242749079999998951e-01 8.921839739999999352e-01 9.145828540000000562e-01 8.156140420000002056e-01 8.514858679999999236e-01 6.528149099999999150e-01 6.192486999999999853e-01 6.774949919999999626e-01 5.975865980000000244e-01 6.242216139999999802e-01 5.448673539999999704e-01 6.018888019999999450e-01 8.317991340000000511e-01 5.367536119999999356e-01
6.307421460000000035e-01 4.535477479999999728e-01 8.537490639999999464e-01 0.000000000000000000e+00 5.655155199999999382e-01 4.262129660000000264e-01 6.127758200000000821e-01 8.249444620000000450e-01 8.260747459999999709e-01 8.707958799999999666e-01 7.707345940000001061e-01 8.875369199999999514e-01 7.546458039999999201e-01 7.579278179999999754e-01 6.041763540000000265e-01 6.923931979999998765e-01 5.051337840000000856e-01 6.881448519999999736e-01 5.283291959999999454e-01 5.854589000000000043e-01 7.470178000000000651e-01 6.659411739999999691e-01
7.891570839999999531e-01 8.219945400000000513e-01 5.927813240000000539e-01 5.655155199999999382e-01 0.000000000000000000e+00 6.966369040000000012e-01 4.985343300000000255e-01 4.796147740000000215e-01 6.194050560000000649e-01 6.045071239999999513e-01 5.684423060000000083e-01 5.025339799999999357e-01 5.404460399999999609e-01 4.804111220000000237e-01 4.718293759999999670e-01 5.082843080000000180e-01 4.728058139999999909e-01 4.829484519999999170e-01 5.392376899999999917e-01 4.925585540000000373e-01 5.006268979999999313e-01 4.054138999999999937e-01
7.051892160000000631e-01 7.652537140000000848e-01 5.353022020000000047e-01 4.262129660000000264e-01 6.966369040000000012e-01 0.000000000000000000e+00 5.181856660000000447e-01 4.417130020000000212e-01 5.867584479999999880e-01 5.413223759999999940e-01 5.621904500000000082e-01 4.666871000000000214e-01 5.506011920000000170e-01 4.194265760000000509e-01 4.789321039999999696e-01 4.495351160000000124e-01 4.176727179999999429e-01 3.707507959999999936e-01 4.205333780000000132e-01 4.596705960000000424e-01 5.216662300000000085e-01 3.987269880000000044e-01
4.902067640000000170e-01 4.448644019999999921e-01 7.337078020000000755e-01 6.127758200000000821e-01 4.985343300000000255e-01 5.181856660000000447e-01 0.000000000000000000e+00 6.151999200000000112e-01 7.567598600000000619e-01 7.218844680000000569e-01 7.906160160000000880e-01 6.432021359999999799e-01 7.531377340000000586e-01 5.666464340000000321e-01 3.891290559999999732e-01 5.641948340000000339e-01 5.839116619999999980e-01 5.370596040000000793e-01 3.596647220000000478e-01 4.904311219999999416e-01 7.548279519999999687e-01 4.204454980000000286e-01
4.936693060000000299e-01 4.160592740000000345e-01 7.761794659999999846e-01 8.249444620000000450e-01 4.796147740000000215e-01 4.417130020000000212e-01 6.151999200000000112e-01 0.000000000000000000e+00 7.686154079999999444e-01 8.268863420000001074e-01 7.237021899999999119e-01 8.604714380000000329e-01 7.102131879999999953e-01 7.138124599999999820e-01 5.173388380000000231e-01 5.861632780000000098e-01 5.426041240000000210e-01 5.917752039999999436e-01 4.450407419999999337e-01 4.974712319999999854e-01 7.277941759999999594e-01 5.849323060000000130e-01
6.521832420000001074e-01 5.562421680000000368e-01 9.242749079999998951e-01 8.260747459999999709e-01 6.194050560000000649e-01 5.867584479999999880e-01 7.567598600000000619e-01 7.686154079999999444e-01 0.000000000000000000e+00 9.046870419999999413e-01 9.511201220000000678e-01 8.240150520000000256e-01 8.958677200000000340e-01 6.988735979999999293e-01 6.629426360000000296e-01 7.295385959999999281e-01 6.121266440000000530e-01 6.544759199999999888e-01 5.844052779999999725e-01 6.326873440000000404e-01 8.575808760000001030e-01 5.576590980000000197e-01
5.786875679999999855e-01 4.985420279999999704e-01 8.921839739999999352e-01 8.707958799999999666e-01 6.045071239999999513e-01 5.413223759999999940e-01 7.218844680000000569e-01 8.268863420000001074e-01 9.046870419999999413e-01 0.000000000000000000e+00 8.729484899999999659e-01 8.809689560000000252e-01 8.498464919999999534e-01 7.463797580000000043e-01 6.699324180000000295e-01 7.352625739999999466e-01 5.768177519999999614e-01 6.575661680000000064e-01 5.366958819999998465e-01 6.048014580000000695e-01 8.698973620000000073e-01 5.769002359999999552e-01
5.965779500000000235e-01 5.069563179999999614e-01 9.145828540000000562e-01 7.707345940000001061e-01 5.684423060000000083e-01 5.621904500000000082e-01 7.906160160000000880e-01 7.237021899999999119e-01 9.511201220000000678e-01 8.729484899999999659e-01 0.000000000000000000e+00 7.716730780000000678e-01 9.113569820000000377e-01 6.486794619999999290e-01 6.303621219999999692e-01 7.009459359999998807e-01 6.038911579999999280e-01 5.967981840000000648e-01 5.550611020000000284e-01 5.859165080000000581e-01 8.838759599999999050e-01 4.828854139999999573e-01
5.283996639999999356e-01 4.387544280000000296e-01 8.156140420000002056e-01 8.875369199999999514e-01 5.025339799999999357e-01 4.666871000000000214e-01 6.432021359999999799e-01 8.604714380000000329e-01 8.240150520000000256e-01 8.809689560000000252e-01 7.716730780000000678e-01 0.000000000000000000e+00 7.721737199999999524e-01 7.614299140000000410e-01 5.749268279999999454e-01 6.653354860000000315e-01 5.204825939999999651e-01 6.158893720000000460e-01 5.149281820000000121e-01 5.666514859999999265e-01 7.706537940000000031e-01 6.443002239999999770e-01
5.543188039999999983e-01 4.917726499999999779e-01 8.514858679999999236e-01 7.546458039999999201e-01 5.404460399999999609e-01 5.506011920000000170e-01 7.531377340000000586e-01 7.102131879999999953e-01 8.958677200000000340e-01 8.498464919999999534e-01 9.113569820000000377e-01 7.721737199999999524e-01 0.000000000000000000e+00 6.877866799999999836e-01 6.422682240000000542e-01 6.550276059999999845e-01 5.666966079999999906e-01 5.592594499999999913e-01 5.305934640000000702e-01 6.136351180000000349e-01 9.072318560000001142e-01 4.920236939999999559e-01
4.652017099999999905e-01 3.857055139999999716e-01 6.528149099999999150e-01 7.579278179999999754e-01 4.804111220000000237e-01 4.194265760000000509e-01 5.666464340000000321e-01 7.138124599999999820e-01 6.988735979999999293e-01 7.463797580000000043e-01 6.486794619999999290e-01 7.614299140000000410e-01 6.877866799999999836e-01 0.000000000000000000e+00 5.662397120000000061e-01 6.042844339999999814e-01 4.396676160000000388e-01 5.600115139999999325e-01 5.124245640000000268e-01 5.301272160000000122e-01 6.845548540000000459e-01 5.895049279999999836e-01
4.669402599999999959e-01 4.149489499999999831e-01 6.192486999999999853e-01 6.041763540000000265e-01 4.718293759999999670e-01 4.789321039999999696e-01 3.891290559999999732e-01 5.173388380000000231e-01 6.629426360000000296e-01 6.699324180000000295e-01 6.303621219999999692e-01 5.749268279999999454e-01 6.422682240000000542e-01 5.662397120000000061e-01 0.000000000000000000e+00 6.042276119999999695e-01 5.177589740000000385e-01 4.842170420000000419e-01 5.901322319999999788e-01 6.245707700000000528e-01 6.189126959999999844e-01 4.389421620000000246e-01
4.891584100000000435e-01 4.325443380000000282e-01 6.774949919999999626e-01 6.923931979999998765e-01 5.082843080000000180e-01 4.495351160000000124e-01 5.641948340000000339e-01 5.861632780000000098e-01 7.295385959999999281e-01 7.352625739999999466e-01 7.009459359999998807e-01 6.653354860000000315e-01 6.550276059999999845e-01 6.042844339999999814e-01 6.042276119999999695e-01 0.000000000000000000e+00 4.719279180000000018e-01 7.089320740000000232e-01 5.815318900000000513e-01 5.822090140000000247e-01 6.485604059999999782e-01 5.101433920000000288e-01
5.231393719999999359e-01 4.676897180000000320e-01 5.975865980000000244e-01 5.051337840000000856e-01 4.728058139999999909e-01 4.176727179999999429e-01 5.839116619999999980e-01 5.426041240000000210e-01 6.121266440000000530e-01 5.768177519999999614e-01 6.038911579999999280e-01 5.204825939999999651e-01 5.666966079999999906e-01 4.396676160000000388e-01 5.177589740000000385e-01 4.719279180000000018e-01 0.000000000000000000e+00 4.365522979999999498e-01 6.591400659999999689e-01 5.109942520000000377e-01 5.510471320000001061e-01 2.985078899999999980e-01
4.764636359999999682e-01 4.027221719999999894e-01 6.242216139999999802e-01 6.881448519999999736e-01 4.829484519999999170e-01 3.707507959999999936e-01 5.370596040000000793e-01 5.917752039999999436e-01 6.544759199999999888e-01 6.575661680000000064e-01 5.967981840000000648e-01 6.158893720000000460e-01 5.592594499999999913e-01 5.600115139999999325e-01 4.842170420000000419e-01 7.089320740000000232e-01 4.365522979999999498e-01 0.000000000000000000e+00 4.957409939999999904e-01 6.773880720000000633e-01 5.428286120000000992e-01 5.322697240000000551e-01
5.202237219999999995e-01 4.825310480000000735e-01 5.448673539999999704e-01 5.283291959999999454e-01 5.392376899999999917e-01 4.205333780000000132e-01 3.596647220000000478e-01 4.450407419999999337e-01 5.844052779999999725e-01 5.366958819999998465e-01 5.550611020000000284e-01 5.149281820000000121e-01 5.305934640000000702e-01 5.124245640000000268e-01 5.901322319999999788e-01 5.815318900000000513e-01 6.591400659999999689e-01 4.957409939999999904e-01 0.000000000000000000e+00 4.730273779999999983e-01 4.838200939999999228e-01 4.142367979999999617e-01
4.948782420000000792e-01 4.215537679999999954e-01 6.018888019999999450e-01 5.854589000000000043e-01 4.925585540000000373e-01 4.596705960000000424e-01 4.904311219999999416e-01 4.974712319999999854e-01 6.326873440000000404e-01 6.048014580000000695e-01 5.859165080000000581e-01 5.666514859999999265e-01 6.136351180000000349e-01 5.301272160000000122e-01 6.245707700000000528e-01 5.822090140000000247e-01 5.109942520000000377e-01 6.773880720000000633e-01 4.730273779999999983e-01 0.000000000000000000e+00 5.736408280000000470e-01 4.531913300000000033e-01
4.792203560000000140e-01 4.397338760000000235e-01 8.317991340000000511e-01 7.470178000000000651e-01 5.006268979999999313e-01 5.216662300000000085e-01 7.548279519999999687e-01 7.277941759999999594e-01 8.575808760000001030e-01 8.698973620000000073e-01 8.838759599999999050e-01 7.706537940000000031e-01 9.072318560000001142e-01 6.845548540000000459e-01 6.189126959999999844e-01 6.485604059999999782e-01 5.510471320000001061e-01 5.428286120000000992e-01 4.838200939999999228e-01 5.736408280000000470e-01 0.000000000000000000e+00 4.708681080000000074e-01
4.200664339999999330e-01 4.087938199999999744e-01 5.367536119999999356e-01 6.659411739999999691e-01 4.054138999999999937e-01 3.987269880000000044e-01 4.204454980000000286e-01 5.849323060000000130e-01 5.576590980000000197e-01 5.769002359999999552e-01 4.828854139999999573e-01 6.443002239999999770e-01 4.920236939999999559e-01 5.895049279999999836e-01 4.389421620000000246e-01 5.101433920000000288e-01 2.985078899999999980e-01 5.322697240000000551e-01 4.142367979999999617e-01 4.531913300000000033e-01 4.708681080000000074e-01 0.000000000000000000e+00
