0.000000000000000000e+00 2.969587559999999904e-01 2.230674880000000082e-01 2.478324940000000143e-01 2.860102900000000004e-01 7.835454579999999725e-01 2.351062220000000313e-01 2.382930080000000284e-01 3.236404720000000124e-01 3.632383540000000410e-01 2.502287619999999935e-01 3.202207100000000195e-01 2.575898200000000249e-01 1.717568620000000101e-01 3.294661060000000363e-01 3.215665139999999700e-01 2.558446799999999355e-01 1.711787039999999871e-01 3.885540120000000042e-01 2.675218080000000276e-01 2.727993320000000055e-01 2.532966280000000237e-01
2.969587559999999904e-01 0.000000000000000000e+00 2.346400639999999815e-01 3.759347560000000366e-01 7.133179939999999553e-01 4.058729520000000091e-01 2.689337040000000512e-01 2.750748880000000174e-01 3.279894259999999728e-01 4.299328459999999796e-01 2.128709939999999801e-01 3.783633039999999559e-01 2.273013999999999868e-01 3.202384260000000205e-01 3.853749080000000715e-01 3.727826580000000445e-01 3.340201360000000230e-01 2.735307820000000278e-01 4.322976379999999841e-01 3.548661919999999692e-01 2.996867920000000352e-01 3.217562339999999743e-01
2.230674880000000082e-01 2.346400639999999815e-01 0.000000000000000000e+00 3.503952660000000385e-01 2.061679100000000098e-01 2.515298000000000256e-01 4.425482559999999732e-01 3.668859199999999765e-01 4.638476579999999960e-01 5.446455020000000591e-01 7.206960099999999425e-01 3.972208819999999418e-01 6.715400380000000613e-01 3.242391759999999623e-01 1.986823580000000034e-01 1.528438139999999945e-01 2.696607480000000057e-01 1.575982499999999953e-01 2.876024759999999958e-01 2.206507140000000255e-01 6.805013659999999964e-01 2.287510839999999934e-01
2.478324940000000143e-01 3.759347560000000366e-01 3.503952660000000385e-01 0.000000000000000000e+00 3.166550280000000051e-01 3.499408039999999942e-01 3.937609360000000058e-01 6.513221660000000357e-01 6.474865600000001553e-01 5.599837880000000379e-01 4.638793959999999994e-01 7.552419599999999900e-01 4.787620739999999264e-01 5.552848459999999431e-01 2.516547120000000026e-01 4.174238160000000031e-01 2.689605599999999597e-01 2.859742080000000075e-01 3.332374859999999162e-01 3.841468860000000207e-01 4.402866180000000185e-01 3.679808159999999884e-01
2.860102900000000004e-01 7.133179939999999553e-01 2.061679100000000098e-01 3.166550280000000051e-01 0.000000000000000000e+00 2.519079719999999800e-01 1.884300860000000244e-01 2.544593340000000370e-01 2.836488400000000132e-01 4.179146700000000436e-01 2.241628140000000435e-01 3.439703480000000368e-01 2.558750260000000054e-01 2.855167980000000161e-01 2.983177180000000095e-01 2.841809960000000190e-01 3.186027020000000154e-01 2.489660539999999922e-01 3.997489680000000378e-01 3.293582320000000285e-01 3.063739219999999652e-01 2.630702559999999468e-01
7.835454579999999725e-01 4.058729520000000091e-01 2.515298000000000256e-01 3.499408039999999942e-01 2.519079719999999800e-01 0.000000000000000000e+00 2.891936859999999498e-01 2.315507300000000102e-01 4.058134020000000453e-01 4.213151880000000071e-01 3.065695520000000229e-01 3.853993339999999823e-01 2.604851099999999642e-01 2.142820239999999876e-01 3.668984379999999934e-01 4.123464800000000707e-01 2.954235680000000253e-01 1.876278020000000102e-01 4.338615459999999868e-01 3.141808620000000052e-01 3.261897639999999932e-01 2.460078719999999886e-01
2.351062220000000313e-01 2.689337040000000512e-01 4.425482559999999732e-01 3.937609360000000058e-01 1.884300860000000244e-01 2.891936859999999498e-01 0.000000000000000000e+00 3.785270539999999739e-01 3.946926440000000369e-01 4.664874840000000633e-01 4.400618939999999535e-01 4.140759540000000238e-01 4.373345019999999583e-01 2.949954399999999977e-01 3.898831159999999740e-01 2.130188140000000008e-01 1.946614080000000080e-01 2.222637960000000135e-01 2.447408040000000062e-01 2.602082540000000277e-01 4.286836939999999485e-01 2.990516019999999719e-01
2.382930080000000284e-01 2.750748880000000174e-01 3.668859199999999765e-01 6.513221660000000357e-01 2.544593340000000370e-01 2.315507300000000102e-01 3.785270539999999739e-01 0.000000000000000000e+00 5.411721320000000279e-01 5.118222239999999923e-01 3.964369359999999620e-01 6.649197479999999771e-01 4.149456480000000558e-01 5.355004700000000062e-01 2.591208500000000692e-01 3.188202039999999959e-01 2.396242080000000052e-01 2.752542119999999981e-01 2.592329640000000102e-01 3.613485220000000053e-01 4.040874879999999392e-01 4.164354559999999816e-01
3.236404720000000124e-01 3.279894259999999728e-01 4.638476579999999960e-01 6.474865600000001553e-01 2.836488400000000132e-01 4.058134020000000453e-01 3.946926440000000369e-01 5.411721320000000279e-01 0.000000000000000000e+00 6.369805179999999956e-01 5.602010979999999529e-01 7.061463660000001363e-01 5.373814799999999670e-01 4.043242560000000485e-01 3.088483180000000106e-01 4.032364199999999843e-01 3.326778220000000674e-01 2.906546199999999192e-01 4.301584240000000392e-01 4.364835699999999319e-01 5.589087520000000087e-01 3.225011700000000592e-01
3.632383540000000410e-01 4.299328459999999796e-01 5.446455020000000591e-01 5.599837880000000379e-01 4.179146700000000436e-01 4.213151880000000071e-01 4.664874840000000633e-01 5.118222239999999923e-01 6.369805179999999956e-01 0.000000000000000000e+00 6.986654699999998996e-01 6.919560479999999902e-01 6.309860099999999861e-01 4.789129540000000018e-01 2.335744439999999922e-01 4.055296199999999796e-01 3.121001099999999862e-01 2.990078760000000058e-01 4.428881839999999626e-01 4.020962899999999673e-01 7.155194399999998955e-01 2.778781479999999915e-01
2.502287619999999935e-01 2.128709939999999801e-01 7.206960099999999425e-01 4.638793959999999994e-01 2.241628140000000435e-01 3.065695520000000229e-01 4.400618939999999535e-01 3.964369359999999620e-01 5.602010979999999529e-01 6.986654699999998996e-01 0.000000000000000000e+00 4.940359699999999910e-01 8.241695039999999972e-01 3.737977039999999529e-01 1.776477000000000195e-01 2.327791260000000029e-01 3.092980020000000163e-01 2.356147500000000117e-01 3.440799480000000243e-01 3.592312480000000030e-01 8.056224779999998642e-01 2.256395860000000031e-01
3.202207100000000195e-01 3.783633039999999559e-01 3.972208819999999418e-01 7.552419599999999900e-01 3.439703480000000368e-01 3.853993339999999823e-01 4.140759540000000238e-01 6.649197479999999771e-01 7.061463660000001363e-01 6.919560479999999902e-01 4.940359699999999910e-01 0.000000000000000000e+00 4.648223139999999587e-01 5.684272900000000295e-01 2.181583260000000135e-01 4.797014620000000784e-01 3.543977799999999401e-01 3.450456679999999721e-01 3.967741580000000434e-01 4.366098080000000436e-01 5.190164819999999457e-01 4.062419120000000383e-01
2.575898200000000249e-01 2.273013999999999868e-01 6.715400380000000613e-01 4.787620739999999264e-01 2.558750260000000054e-01 2.604851099999999642e-01 4.373345019999999583e-01 4.149456480000000558e-01 5.373814799999999670e-01 6.309860099999999861e-01 8.241695039999999972e-01 4.648223139999999587e-01 0.000000000000000000e+00 3.666809960000000368e-01 1.943281119999999973e-01 2.048889779999999994e-01 3.216236620000000324e-01 2.619627780000000072e-01 3.717409600000000092e-01 3.659739880000000278e-01 6.718049560000001197e-01 1.630801700000000243e-01
1.717568620000000101e-01 3.202384260000000205e-01 3.242391759999999623e-01 5.552848459999999431e-01 2.855167980000000161e-01 2.142820239999999876e-01 2.949954399999999977e-01 5.355004700000000062e-01 4.043242560000000485e-01 4.789129540000000018e-01 3.737977039999999529e-01 5.684272900000000295e-01 3.666809960000000368e-01 0.000000000000000000e+00 2.340286079999999713e-01 3.306984519999999761e-01 2.744618260000000198e-01 3.163164040000000510e-01 3.116813520000000226e-01 3.706835940000000051e-01 3.710195580000000271e-01 2.894503439999999705e-01
3.294661060000000363e-01 3.853749080000000715e-01 1.986823580000000034e-01 2.516547120000000026e-01 2.983177180000000095e-01 3.668984379999999934e-01 3.898831159999999740e-01 2.591208500000000692e-01 3.088483180000000106e-01 2.335744439999999922e-01 1.776477000000000195e-01 2.181583260000000135e-01 1.943281119999999973e-01 2.340286079999999713e-01 0.000000000000000000e+00 2.536375960000000207e-01 2.855594819999999756e-01 2.513692220000000033e-01 3.568888060000000029e-01 5.501804799999999718e-01 2.211696700000000126e-01 2.581298740000000369e-01
3.215665139999999700e-01 3.727826580000000445e-01 1.528438139999999945e-01 4.174238160000000031e-01 2.841809960000000190e-01 4.123464800000000707e-01 2.130188140000000008e-01 3.188202039999999959e-01 4.032364199999999843e-01 4.055296199999999796e-01 2.327791260000000029e-01 4.797014620000000784e-01 2.048889779999999994e-01 3.306984519999999761e-01 2.536375960000000207e-01 0.000000000000000000e+00 2.705888739999999792e-01 3.623520599999999758e-01 4.784165559999999928e-01 2.721422759999999608e-01 2.057808760000000292e-01 2.795561379999999541e-01
2.558446799999999355e-01 3.340201360000000230e-01 2.696607480000000057e-01 2.689605599999999597e-01 3.186027020000000154e-01 2.954235680000000253e-01 1.946614080000000080e-01 2.396242080000000052e-01 3.326778220000000674e-01 3.121001099999999862e-01 3.092980020000000163e-01 3.543977799999999401e-01 3.216236620000000324e-01 2.744618260000000198e-01 2.855594819999999756e-01 2.705888739999999792e-01 0.000000000000000000e+00 2.226812719999999857e-01 7.578041039999998674e-01 3.300459620000000260e-01 3.362340040000000307e-01 2.296944440000000254e-01
1.711787039999999871e-01 2.735307820000000278e-01 1.575982499999999953e-01 2.859742080000000075e-01 2.489660539999999922e-01 1.876278020000000102e-01 2.222637960000000135e-01 2.752542119999999981e-01 2.906546199999999192e-01 2.990078760000000058e-01 2.356147500000000117e-01 3.450456679999999721e-01 2.619627780000000072e-01 3.163164040000000510e-01 2.513692220000000033e-01 3.623520599999999758e-01 2.226812719999999857e-01 0.000000000000000000e+00 2.601917460000000015e-01 5.500421720000000514e-01 2.356080599999999803e-01 2.463205480000000003e-01
3.885540120000000042e-01 4.322976379999999841e-01 2.876024759999999958e-01 3.332374859999999162e-01 3.997489680000000378e-01 4.338615459999999868e-01 2.447408040000000062e-01 2.592329640000000102e-01 4.301584240000000392e-01 4.428881839999999626e-01 3.440799480000000243e-01 3.967741580000000434e-01 3.717409600000000092e-01 3.116813520000000226e-01 3.568888060000000029e-01 4.784165559999999928e-01 7.578041039999998674e-01 2.601917460000000015e-01 0.000000000000000000e+00 3.203052259999999984e-01 3.323097200000000306e-01 1.955578360000000127e-01
2.675218080000000276e-01 3.548661919999999692e-01 2.206507140000000255e-01 3.841468860000000207e-01 3.293582320000000285e-01 3.141808620000000052e-01 2.602082540000000277e-01 3.613485220000000053e-01 4.364835699999999319e-01 4.020962899999999673e-01 3.592312480000000030e-01 4.366098080000000436e-01 3.659739880000000278e-01 3.706835940000000051e-01 5.501804799999999718e-01 2.721422759999999608e-01 3.300459620000000260e-01 5.500421720000000514e-01 3.203052259999999984e-01 0.000000000000000000e+00 3.899590860000000103e-01 2.562638780000000005e-01
2.727993320000000055e-01 2.996867920000000352e-01 6.805013659999999964e-01 4.402866180000000185e-01 3.063739219999999652e-01 3.261897639999999932e-01 4.286836939999999485e-01 4.040874879999999392e-01 5.589087520000000087e-01 7.155194399999998955e-01 8.056224779999998642e-01 5.190164819999999457e-01 6.718049560000001197e-01 3.710195580000000271e-01 2.211696700000000126e-01 2.057808760000000292e-01 3.362340040000000307e-01 2.356080599999999803e-01 3.323097200000000306e-01 3.899590860000000103e-01 0.000000000000000000e+00 2.520533179999999707e-01
2.532966280000000237e-01 3.217562339999999743e-01 2.287510839999999934e-01 3.679808159999999884e-01 2.630702559999999468e-01 2.460078719999999886e-01 2.990516019999999719e-01 4.164354559999999816e-01 3.225011700000000592e-01 2.778781479999999915e-01 2.256395860000000031e-01 4.062419120000000383e-01 1.630801700000000243e-01 2.894503439999999705e-01 2.581298740000000369e-01 2.795561379999999541e-01 2.296944440000000254e-01 2.463205480000000003e-01 1.955578360000000127e-01 2.562638780000000005e-01 2.520533179999999707e-01 0.000000000000000000e+00
