0.000000000000000000e+00 7.183908259999999268e-01 5.714721199999999168e-01 6.128897859999999920e-01 7.630190939999998978e-01 9.213371599999999884e-01 1.736009800000000158e-01 2.123242340000000006e-01 3.051673019999999736e-01 2.687073859999999925e-01 2.703485340000000292e-01 2.291499800000000309e-01 2.790336319999999759e-01 2.265045639999999916e-01 1.084436240000000023e-01 1.283307719999999819e-01 1.312250239999999957e-01 1.213558440000000183e-01 1.200986979999999898e-01 1.986075439999999970e-01 3.018137939999999686e-01 2.790679340000000175e-01
7.183908259999999268e-01 0.000000000000000000e+00 6.018609100000000822e-01 5.660171419999999731e-01 8.881004100000000623e-01 7.042795099999998865e-01 2.196434720000000063e-01 2.310280960000000161e-01 3.085722819999999755e-01 2.810990780000000022e-01 2.840718460000000167e-01 2.342247899999999883e-01 2.719518820000000336e-01 2.376168080000000127e-01 1.260782020000000003e-01 1.277873300000000045e-01 1.213913219999999960e-01 1.202629719999999958e-01 1.204040280000000102e-01 2.068650780000000078e-01 2.837073880000000048e-01 2.819925879999999885e-01
5.714721199999999168e-01 6.018609100000000822e-01 0.000000000000000000e+00 6.633276799999999751e-01 5.957056160000000489e-01 5.550141200000000552e-01 4.408111019999999547e-01 3.866023719999999719e-01 6.374908560000001057e-01 5.075886439999999222e-01 6.933179299999998602e-01 3.939948939999999844e-01 6.676003020000000898e-01 3.535012579999999849e-01 2.323580920000000438e-01 1.495068079999999910e-01 1.127426079999999942e-01 1.298290180000000182e-01 1.310591459999999875e-01 2.927877460000000154e-01 6.461667060000000351e-01 5.983248319999999731e-01
6.128897859999999920e-01 5.660171419999999731e-01 6.633276799999999751e-01 0.000000000000000000e+00 5.592905460000000550e-01 5.966992639999999515e-01 3.676892720000000114e-01 5.231063999999999714e-01 5.781020940000000108e-01 6.457542579999999699e-01 4.676236059999999695e-01 6.200032939999999826e-01 4.632825180000000875e-01 5.849762819999999586e-01 1.566995379999999993e-01 1.688130479999999933e-01 7.799642600000000758e-02 1.315929160000000042e-01 1.222897719999999910e-01 2.864845220000000192e-01 5.276640059999999632e-01 6.225669079999999189e-01
7.630190939999998978e-01 8.881004100000000623e-01 5.957056160000000489e-01 5.592905460000000550e-01 0.000000000000000000e+00 7.608125219999999356e-01 1.908639480000000055e-01 2.238058340000000368e-01 2.917585099999999709e-01 2.753204060000000175e-01 2.608784940000000718e-01 2.292606359999999621e-01 2.620019980000000137e-01 2.335782640000000077e-01 1.078296239999999989e-01 1.056870379999999832e-01 1.282835420000000282e-01 1.027965899999999932e-01 1.299289779999999728e-01 1.868573599999999724e-01 2.620455439999999636e-01 2.672142160000000044e-01
9.213371599999999884e-01 7.042795099999998865e-01 5.550141200000000552e-01 5.966992639999999515e-01 7.608125219999999356e-01 0.000000000000000000e+00 1.619233800000000056e-01 1.992330079999999892e-01 2.698263559999999894e-01 2.566543419999999798e-01 2.435698180000000213e-01 2.199826840000000117e-01 2.525362740000000050e-01 2.123643159999999974e-01 1.044824939999999813e-01 1.172354539999999751e-01 1.426442520000000269e-01 1.184233719999999990e-01 1.382435320000000023e-01 1.930337240000000176e-01 2.742114500000000232e-01 2.725149740000000209e-01
1.736009800000000158e-01 2.196434720000000063e-01 4.408111019999999547e-01 3.676892720000000114e-01 1.908639480000000055e-01 1.619233800000000056e-01 0.000000000000000000e+00 5.006677840000000046e-01 5.175305599999999728e-01 4.376832159999999305e-01 4.862285000000000079e-01 3.304830480000000015e-01 4.487539839999999947e-01 3.307569479999999951e-01 6.527261180000000218e-01 3.295724200000000326e-01 1.736128720000000014e-01 1.515020900000000059e-01 1.867397099999999754e-01 4.498070680000000321e-01 4.502133139999999756e-01 4.532783799999999808e-01
2.123242340000000006e-01 2.310280960000000161e-01 3.866023719999999719e-01 5.231063999999999714e-01 2.238058340000000368e-01 1.992330079999999892e-01 5.006677840000000046e-01 0.000000000000000000e+00 5.081121779999999699e-01 5.662225800000000309e-01 4.120001899999999884e-01 5.771412839999999767e-01 3.793446219999999647e-01 4.813612319999999722e-01 2.080852679999999899e-01 4.646067660000000044e-01 1.301630540000000003e-01 2.242152100000000259e-01 2.356322599999999823e-01 3.646078860000000477e-01 4.426626240000000045e-01 5.449117740000000154e-01
3.051673019999999736e-01 3.085722819999999755e-01 6.374908560000001057e-01 5.781020940000000108e-01 2.917585099999999709e-01 2.698263559999999894e-01 5.175305599999999728e-01 5.081121779999999699e-01 0.000000000000000000e+00 5.902940020000000398e-01 6.550730579999999303e-01 5.343383640000001211e-01 7.195871640000001124e-01 4.845764780000000327e-01 2.553994720000000163e-01 1.867448859999999988e-01 8.654827600000000731e-02 8.341702600000000523e-02 1.357375839999999945e-01 2.427835919999999648e-01 6.992169360000000111e-01 6.838688160000000460e-01
2.687073859999999925e-01 2.810990780000000022e-01 5.075886439999999222e-01 6.457542579999999699e-01 2.753204060000000175e-01 2.566543419999999798e-01 4.376832159999999305e-01 5.662225800000000309e-01 5.902940020000000398e-01 0.000000000000000000e+00 5.307928760000000246e-01 6.580846759999999795e-01 5.187777019999999517e-01 7.408210339999999894e-01 1.784941780000000033e-01 1.980295519999999976e-01 1.425564260000000139e-01 1.212977719999999981e-01 1.886343300000000167e-01 2.807995999999999825e-01 6.146232420000000696e-01 6.697875939999999861e-01
2.703485340000000292e-01 2.840718460000000167e-01 6.933179299999998602e-01 4.676236059999999695e-01 2.608784940000000718e-01 2.435698180000000213e-01 4.862285000000000079e-01 4.120001899999999884e-01 6.550730579999999303e-01 5.307928760000000246e-01 0.000000000000000000e+00 3.713400079999999992e-01 8.018530560000000085e-01 3.352201279999999506e-01 1.980786039999999915e-01 1.438146100000000094e-01 9.004843400000001052e-02 1.165401559999999781e-01 1.164269319999999830e-01 2.458014500000000047e-01 7.560865860000000049e-01 6.533006620000000320e-01
2.291499800000000309e-01 2.342247899999999883e-01 3.939948939999999844e-01 6.200032939999999826e-01 2.292606359999999621e-01 2.199826840000000117e-01 3.304830480000000015e-01 5.771412839999999767e-01 5.343383640000001211e-01 6.580846759999999795e-01 3.713400079999999992e-01 0.000000000000000000e+00 3.638778180000000195e-01 6.678591779999999423e-01 1.133406920000000068e-01 1.452819599999999878e-01 9.837825400000001219e-02 1.229095639999999989e-01 1.356725020000000004e-01 2.236780480000000182e-01 4.493030279999999932e-01 5.963769719999999497e-01
2.790336319999999759e-01 2.719518820000000336e-01 6.676003020000000898e-01 4.632825180000000875e-01 2.620019980000000137e-01 2.525362740000000050e-01 4.487539839999999947e-01 3.793446219999999647e-01 7.195871640000001124e-01 5.187777019999999517e-01 8.018530560000000085e-01 3.638778180000000195e-01 0.000000000000000000e+00 3.267909059999999921e-01 1.792559820000000081e-01 1.443211540000000070e-01 1.014985739999999942e-01 1.251771240000000007e-01 1.322419699999999865e-01 2.341793619999999743e-01 7.326774640000000005e-01 6.062323160000000488e-01
2.265045639999999916e-01 2.376168080000000127e-01 3.535012579999999849e-01 5.849762819999999586e-01 2.335782640000000077e-01 2.123643159999999974e-01 3.307569479999999951e-01 4.813612319999999722e-01 4.845764780000000327e-01 7.408210339999999894e-01 3.352201279999999506e-01 6.678591779999999423e-01 3.267909059999999921e-01 0.000000000000000000e+00 1.416749180000000108e-01 1.285989040000000139e-01 1.151545519999999934e-01 8.310128400000001136e-02 1.474866619999999906e-01 2.202244299999999710e-01 3.996629260000000849e-01 5.286191380000000439e-01
1.084436240000000023e-01 1.260782020000000003e-01 2.323580920000000438e-01 1.566995379999999993e-01 1.078296239999999989e-01 1.044824939999999813e-01 6.527261180000000218e-01 2.080852679999999899e-01 2.553994720000000163e-01 1.784941780000000033e-01 1.980786039999999915e-01 1.133406920000000068e-01 1.792559820000000081e-01 1.416749180000000108e-01 0.000000000000000000e+00 2.211210300000000240e-01 1.654684040000000134e-01 1.568928519999999993e-01 1.364301960000000036e-01 2.931084600000000151e-01 1.427781020000000178e-01 1.531417080000000153e-01
1.283307719999999819e-01 1.277873300000000045e-01 1.495068079999999910e-01 1.688130479999999933e-01 1.056870379999999832e-01 1.172354539999999751e-01 3.295724200000000326e-01 4.646067660000000044e-01 1.867448859999999988e-01 1.980295519999999976e-01 1.438146100000000094e-01 1.452819599999999878e-01 1.443211540000000070e-01 1.285989040000000139e-01 2.211210300000000240e-01 0.000000000000000000e+00 1.010500259999999872e-01 1.090425599999999828e-01 1.091433899999999929e-01 1.630245900000000248e-01 1.761629399999999901e-01 1.572320919999999900e-01
1.312250239999999957e-01 1.213913219999999960e-01 1.127426079999999942e-01 7.799642600000000758e-02 1.282835420000000282e-01 1.426442520000000269e-01 1.736128720000000014e-01 1.301630540000000003e-01 8.654827600000000731e-02 1.425564260000000139e-01 9.004843400000001052e-02 9.837825400000001219e-02 1.014985739999999942e-01 1.151545519999999934e-01 1.654684040000000134e-01 1.010500259999999872e-01 0.000000000000000000e+00 1.334195379999999764e-01 8.910028860000001050e-01 2.145475499999999758e-01 1.082340260000000109e-01 8.993006199999999117e-02
1.213558440000000183e-01 1.202629719999999958e-01 1.298290180000000182e-01 1.315929160000000042e-01 1.027965899999999932e-01 1.184233719999999990e-01 1.515020900000000059e-01 2.242152100000000259e-01 8.341702600000000523e-02 1.212977719999999981e-01 1.165401559999999781e-01 1.229095639999999989e-01 1.251771240000000007e-01 8.310128400000001136e-02 1.568928519999999993e-01 1.090425599999999828e-01 1.334195379999999764e-01 0.000000000000000000e+00 1.607422020000000007e-01 7.046184319999999612e-01 1.210770880000000133e-01 1.423681499999999989e-01
1.200986979999999898e-01 1.204040280000000102e-01 1.310591459999999875e-01 1.222897719999999910e-01 1.299289779999999728e-01 1.382435320000000023e-01 1.867397099999999754e-01 2.356322599999999823e-01 1.357375839999999945e-01 1.886343300000000167e-01 1.164269319999999830e-01 1.356725020000000004e-01 1.322419699999999865e-01 1.474866619999999906e-01 1.364301960000000036e-01 1.091433899999999929e-01 8.910028860000001050e-01 1.607422020000000007e-01 0.000000000000000000e+00 2.139683159999999640e-01 1.553342759999999934e-01 1.455764459999999982e-01
1.986075439999999970e-01 2.068650780000000078e-01 2.927877460000000154e-01 2.864845220000000192e-01 1.868573599999999724e-01 1.930337240000000176e-01 4.498070680000000321e-01 3.646078860000000477e-01 2.427835919999999648e-01 2.807995999999999825e-01 2.458014500000000047e-01 2.236780480000000182e-01 2.341793619999999743e-01 2.202244299999999710e-01 2.931084600000000151e-01 1.630245900000000248e-01 2.145475499999999758e-01 7.046184319999999612e-01 2.139683159999999640e-01 0.000000000000000000e+00 2.567032140000000129e-01 2.995975419999999945e-01
3.018137939999999686e-01 2.837073880000000048e-01 6.461667060000000351e-01 5.276640059999999632e-01 2.620455439999999636e-01 2.742114500000000232e-01 4.502133139999999756e-01 4.426626240000000045e-01 6.992169360000000111e-01 6.146232420000000696e-01 7.560865860000000049e-01 4.493030279999999932e-01 7.326774640000000005e-01 3.996629260000000849e-01 1.427781020000000178e-01 1.761629399999999901e-01 1.082340260000000109e-01 1.210770880000000133e-01 1.553342759999999934e-01 2.567032140000000129e-01 0.000000000000000000e+00 7.433453840000000534e-01
2.790679340000000175e-01 2.819925879999999885e-01 5.983248319999999731e-01 6.225669079999999189e-01 2.672142160000000044e-01 2.725149740000000209e-01 4.532783799999999808e-01 5.449117740000000154e-01 6.838688160000000460e-01 6.697875939999999861e-01 6.533006620000000320e-01 5.963769719999999497e-01 6.062323160000000488e-01 5.286191380000000439e-01 1.531417080000000153e-01 1.572320919999999900e-01 8.993006199999999117e-02 1.423681499999999989e-01 1.455764459999999982e-01 2.995975419999999945e-01 7.433453840000000534e-01 0.000000000000000000e+00
