0.000000000000000000e+00 9.722348480000000404e-01 5.727737499999999704e-01 6.738390680000000410e-01 9.789748359999999039e-01 9.512046819999999681e-01 1.268785600000000291e-01 1.550122560000000149e-01 2.498360240000000176e-01 3.308239560000000301e-01 2.165413719999999542e-01 2.338499279999999847e-01 5.060366259999999894e-01 1.474017599999999928e-01 1.232008579999999964e-01 1.273035299999999981e-01 1.230491739999999973e-01 1.332151739999999918e-01 1.249111799999999828e-01 1.329555659999999973e-01 4.596268440000000344e-01 4.645051219999999370e-01
9.722348480000000404e-01 0.000000000000000000e+00 5.369096380000000224e-01 6.512668359999999046e-01 9.754421000000000896e-01 9.870828839999999937e-01 1.440754299999999766e-01 1.678805919999999952e-01 2.224974720000000017e-01 3.230673680000000214e-01 1.939594420000000097e-01 2.491665519999999856e-01 4.928488780000000458e-01 1.642116940000000191e-01 1.361219820000000025e-01 1.362242820000000021e-01 1.352038419999999908e-01 1.359707040000000255e-01 1.360754339999999951e-01 1.378343139999999578e-01 4.503342480000000481e-01 4.502565579999999734e-01
5.727737499999999704e-01 5.369096380000000224e-01 0.000000000000000000e+00 6.555433320000000341e-01 5.450848740000000525e-01 5.189108360000000975e-01 4.527027580000000384e-01 4.116306500000000423e-01 4.799462300000000292e-01 3.006167339999999966e-01 4.947381380000000495e-01 2.265310660000000031e-01 2.597846040000000301e-01 2.390028339999999696e-01 4.382151220000000125e-01 4.355455339999999564e-01 4.394239719999999960e-01 4.292826459999999900e-01 4.359074879999999541e-01 4.305340919999999794e-01 2.838096379999999752e-01 4.485939219999999783e-01
6.738390680000000410e-01 6.512668359999999046e-01 6.555433320000000341e-01 0.000000000000000000e+00 6.275612999999998776e-01 6.520183399999999185e-01 2.775209180000000053e-01 2.805458500000000410e-01 2.841360179999999902e-01 2.662758560000000330e-01 2.562605000000000022e-01 2.212892779999999782e-01 3.156274760000000179e-01 2.583091839999999695e-01 2.757178779999999718e-01 2.578918380000000399e-01 2.755543500000000035e-01 2.632841080000000167e-01 2.711568599999999996e-01 2.626717319999999911e-01 3.081583500000000253e-01 3.782521859999999903e-01
9.789748359999999039e-01 9.754421000000000896e-01 5.450848740000000525e-01 6.275612999999998776e-01 0.000000000000000000e+00 9.513254080000000945e-01 1.447399340000000145e-01 1.714773299999999834e-01 2.292917520000000153e-01 3.386202800000000512e-01 1.954262800000000078e-01 2.506548819999999678e-01 5.294153120000000268e-01 1.471533680000000066e-01 1.405396499999999882e-01 1.422691779999999961e-01 1.402286899999999892e-01 1.470225719999999903e-01 1.418255180000000115e-01 1.488706099999999866e-01 4.723967560000000288e-01 4.839189140000000333e-01
9.512046819999999681e-01 9.870828839999999937e-01 5.189108360000000975e-01 6.520183399999999185e-01 9.513254080000000945e-01 0.000000000000000000e+00 1.494935199999999909e-01 1.657885299999999895e-01 2.154631080000000143e-01 3.013760819999999896e-01 1.746775380000000211e-01 2.406775000000000164e-01 4.618622720000000181e-01 1.760244580000000225e-01 1.386905880000000035e-01 1.349835499999999799e-01 1.380820400000000170e-01 1.331986960000000053e-01 1.381563819999999942e-01 1.358863760000000032e-01 4.297442420000000540e-01 4.177001100000000133e-01
1.268785600000000291e-01 1.440754299999999766e-01 4.527027580000000384e-01 2.775209180000000053e-01 1.447399340000000145e-01 1.494935199999999909e-01 0.000000000000000000e+00 9.748556760000000043e-01 4.051469120000000257e-01 1.701155920000000099e-01 5.014645199999999692e-01 1.428299579999999791e-01 4.895440119999999729e-01 2.317521999999999915e-01 9.932545100000000904e-01 9.756522359999999505e-01 9.921057980000000942e-01 9.692383400000000870e-01 9.920299100000000703e-01 9.799091580000001134e-01 4.274680540000000417e-01 1.538842880000000080e-01
1.550122560000000149e-01 1.678805919999999952e-01 4.116306500000000423e-01 2.805458500000000410e-01 1.714773299999999834e-01 1.657885299999999895e-01 9.748556760000000043e-01 0.000000000000000000e+00 3.589923480000000167e-01 1.654621319999999840e-01 4.544131840000000255e-01 1.657433960000000150e-01 5.347103239999999591e-01 2.566824759999999928e-01 9.788951359999999990e-01 9.856103920000001128e-01 9.795364579999998877e-01 9.796812619999999416e-01 9.833667159999999186e-01 9.846364879999999209e-01 4.873552899999999966e-01 2.045717859999999777e-01
2.498360240000000176e-01 2.224974720000000017e-01 4.799462300000000292e-01 2.841360179999999902e-01 2.292917520000000153e-01 2.154631080000000143e-01 4.051469120000000257e-01 3.589923480000000167e-01 0.000000000000000000e+00 4.389857859999999334e-01 8.097932779999998942e-01 3.881894599999999862e-01 2.191230660000000052e-01 2.899448960000000075e-01 4.043327999999999922e-01 4.127875020000000283e-01 4.038777440000000385e-01 4.174244340000000664e-01 4.072623619999999889e-01 4.162715099999999557e-01 1.570072560000000117e-01 4.216135640000001072e-01
3.308239560000000301e-01 3.230673680000000214e-01 3.006167339999999966e-01 2.662758560000000330e-01 3.386202800000000512e-01 3.013760819999999896e-01 1.701155920000000099e-01 1.654621319999999840e-01 4.389857859999999334e-01 0.000000000000000000e+00 3.630282479999999978e-01 8.334238539999999640e-01 4.067837960000000308e-01 5.337595139999999905e-01 1.740042180000000160e-01 1.733178479999999966e-01 1.796225919999999976e-01 1.803340740000000109e-01 1.777544579999999763e-01 1.775253980000000009e-01 4.871887940000000361e-01 5.569890299999998851e-01
2.165413719999999542e-01 1.939594420000000097e-01 4.947381380000000495e-01 2.562605000000000022e-01 1.954262800000000078e-01 1.746775380000000211e-01 5.014645199999999692e-01 4.544131840000000255e-01 8.097932779999998942e-01 3.630282479999999978e-01 0.000000000000000000e+00 2.865031500000000397e-01 2.727593119999999760e-01 2.179378839999999706e-01 4.944990600000000458e-01 4.917936360000000340e-01 4.990578159999999319e-01 4.944242080000000317e-01 4.979259460000000637e-01 4.976836000000000593e-01 2.117871159999999975e-01 4.302792240000000712e-01
2.338499279999999847e-01 2.491665519999999856e-01 2.265310660000000031e-01 2.212892779999999782e-01 2.506548819999999678e-01 2.406775000000000164e-01 1.428299579999999791e-01 1.657433960000000150e-01 3.881894599999999862e-01 8.334238539999999640e-01 2.865031500000000397e-01 0.000000000000000000e+00 3.856005439999999895e-01 7.586554920000000424e-01 1.421783779999999942e-01 1.402713800000000011e-01 1.368751159999999911e-01 1.246364920000000015e-01 1.417186420000000058e-01 1.333254140000000310e-01 4.462938340000000004e-01 4.457171139999999698e-01
5.060366259999999894e-01 4.928488780000000458e-01 2.597846040000000301e-01 3.156274760000000179e-01 5.294153120000000268e-01 4.618622720000000181e-01 4.895440119999999729e-01 5.347103239999999591e-01 2.191230660000000052e-01 4.067837960000000308e-01 2.727593119999999760e-01 3.856005439999999895e-01 0.000000000000000000e+00 3.077748299999999437e-01 4.937097780000000435e-01 5.009522800000000275e-01 4.973520299999999450e-01 5.045802879999999879e-01 4.980896320000000044e-01 5.055839640000000523e-01 7.438224100000000449e-01 6.019192859999999978e-01
1.474017599999999928e-01 1.642116940000000191e-01 2.390028339999999696e-01 2.583091839999999695e-01 1.471533680000000066e-01 1.760244580000000225e-01 2.317521999999999915e-01 2.566824759999999928e-01 2.899448960000000075e-01 5.337595139999999905e-01 2.179378839999999706e-01 7.586554920000000424e-01 3.077748299999999437e-01 0.000000000000000000e+00 2.380516400000000365e-01 2.714459679999999819e-01 2.347086239999999491e-01 2.673096140000000287e-01 2.420363320000000207e-01 2.648050220000000010e-01 3.378986599999999618e-01 1.864657000000000120e-01
1.232008579999999964e-01 1.361219820000000025e-01 4.382151220000000125e-01 2.757178779999999718e-01 1.405396499999999882e-01 1.386905880000000035e-01 9.932545100000000904e-01 9.788951359999999990e-01 4.043327999999999922e-01 1.740042180000000160e-01 4.944990600000000458e-01 1.421783779999999942e-01 4.937097780000000435e-01 2.380516400000000365e-01 0.000000000000000000e+00 9.825309600000000643e-01 9.959884139999999331e-01 9.774095419999999645e-01 9.972180000000001598e-01 9.868808340000001511e-01 4.252693499999999349e-01 1.544055800000000145e-01
1.273035299999999981e-01 1.362242820000000021e-01 4.355455339999999564e-01 2.578918380000000399e-01 1.422691779999999961e-01 1.349835499999999799e-01 9.756522359999999505e-01 9.856103920000001128e-01 4.127875020000000283e-01 1.733178479999999966e-01 4.917936360000000340e-01 1.402713800000000011e-01 5.009522800000000275e-01 2.714459679999999819e-01 9.825309600000000643e-01 0.000000000000000000e+00 9.814673660000000632e-01 9.952085860000000617e-01 9.870601960000000563e-01 9.971833160000000973e-01 4.485881259999999204e-01 1.645243200000000017e-01
1.230491739999999973e-01 1.352038419999999908e-01 4.394239719999999960e-01 2.755543500000000035e-01 1.402286899999999892e-01 1.380820400000000170e-01 9.921057980000000942e-01 9.795364579999998877e-01 4.038777440000000385e-01 1.796225919999999976e-01 4.990578159999999319e-01 1.368751159999999911e-01 4.973520299999999450e-01 2.347086239999999491e-01 9.959884139999999331e-01 9.814673660000000632e-01 0.000000000000000000e+00 9.765707080000000095e-01 9.987931500000000185e-01 9.846599940000000384e-01 4.298650659999999624e-01 1.575039579999999995e-01
1.332151739999999918e-01 1.359707040000000255e-01 4.292826459999999900e-01 2.632841080000000167e-01 1.470225719999999903e-01 1.331986960000000053e-01 9.692383400000000870e-01 9.796812619999999416e-01 4.174244340000000664e-01 1.803340740000000109e-01 4.944242080000000317e-01 1.246364920000000015e-01 5.045802879999999879e-01 2.673096140000000287e-01 9.774095419999999645e-01 9.952085860000000617e-01 9.765707080000000095e-01 0.000000000000000000e+00 9.816942320000000555e-01 9.974381619999999060e-01 4.529638099999999667e-01 1.842987039999999799e-01
1.249111799999999828e-01 1.360754339999999951e-01 4.359074879999999541e-01 2.711568599999999996e-01 1.418255180000000115e-01 1.381563819999999942e-01 9.920299100000000703e-01 9.833667159999999186e-01 4.072623619999999889e-01 1.777544579999999763e-01 4.979259460000000637e-01 1.417186420000000058e-01 4.980896320000000044e-01 2.420363320000000207e-01 9.972180000000001598e-01 9.870601960000000563e-01 9.987931500000000185e-01 9.816942320000000555e-01 0.000000000000000000e+00 9.894000299999998749e-01 4.322252920000000387e-01 1.543043239999999927e-01
1.329555659999999973e-01 1.378343139999999578e-01 4.305340919999999794e-01 2.626717319999999911e-01 1.488706099999999866e-01 1.358863760000000032e-01 9.799091580000001134e-01 9.846364879999999209e-01 4.162715099999999557e-01 1.775253980000000009e-01 4.976836000000000593e-01 1.333254140000000310e-01 5.055839640000000523e-01 2.648050220000000010e-01 9.868808340000001511e-01 9.971833160000000973e-01 9.846599940000000384e-01 9.974381619999999060e-01 9.894000299999998749e-01 0.000000000000000000e+00 4.500267020000000007e-01 1.742346820000000018e-01
4.596268440000000344e-01 4.503342480000000481e-01 2.838096379999999752e-01 3.081583500000000253e-01 4.723967560000000288e-01 4.297442420000000540e-01 4.274680540000000417e-01 4.873552899999999966e-01 1.570072560000000117e-01 4.871887940000000361e-01 2.117871159999999975e-01 4.462938340000000004e-01 7.438224100000000449e-01 3.378986599999999618e-01 4.252693499999999349e-01 4.485881259999999204e-01 4.298650659999999624e-01 4.529638099999999667e-01 4.322252920000000387e-01 4.500267020000000007e-01 0.000000000000000000e+00 7.169185739999999196e-01
4.645051219999999370e-01 4.502565579999999734e-01 4.485939219999999783e-01 3.782521859999999903e-01 4.839189140000000333e-01 4.177001100000000133e-01 1.538842880000000080e-01 2.045717859999999777e-01 4.216135640000001072e-01 5.569890299999998851e-01 4.302792240000000712e-01 4.457171139999999698e-01 6.019192859999999978e-01 1.864657000000000120e-01 1.544055800000000145e-01 1.645243200000000017e-01 1.575039579999999995e-01 1.842987039999999799e-01 1.543043239999999927e-01 1.742346820000000018e-01 7.169185739999999196e-01 0.000000000000000000e+00
