0.000000000000000000e+00 1.219231279999999779e-01 1.296807199999999993e-01 4.087155100000000596e-01 2.089803620000000028e-01 6.589053220000000710e-01 7.258619399999999278e-02 8.341533000000000975e-02 7.128081999999999474e-02 1.112349779999999982e-01 9.381883399999998985e-02 1.253472259999999783e-01 9.717618999999999563e-02 9.610921599999999732e-02 5.995646799999999887e-02 8.073891199999999602e-02 9.271474199999998889e-02 5.705647800000000075e-02 7.900194400000000450e-02 5.114577799999999591e-02 5.947618600000000727e-02 8.044135799999999059e-02
1.219231279999999779e-01 0.000000000000000000e+00 1.469694059999999969e-01 1.238605100000000070e-01 5.898957680000000980e-01 4.762406800000000551e-02 6.748349200000000603e-02 5.570244599999999574e-02 7.693766800000000072e-02 6.317079800000000023e-02 1.351072139999999755e-01 9.683500600000000125e-02 9.987782999999998690e-02 1.030462720000000082e-01 6.205634000000000150e-02 7.565090799999998894e-02 7.049104200000000375e-02 8.458305200000000579e-02 7.223484799999999040e-02 7.666262199999999971e-02 9.985336599999999896e-02 9.652845999999999649e-02
1.296807199999999993e-01 1.469694059999999969e-01 0.000000000000000000e+00 8.308048599999999506e-02 1.403424360000000148e-01 1.067902780000000024e-01 1.737551279999999809e-01 2.463222679999999831e-01 9.624311399999999073e-02 1.090890379999999854e-01 5.568326100000000611e-01 1.058235260000000011e-01 4.704943999999999238e-01 1.439489679999999827e-01 1.360996099999999820e-01 1.335366320000000162e-01 2.586329800000000123e-01 2.535632939999999946e-01 2.786129620000000195e-01 2.602848779999999973e-01 4.129072179999999648e-01 2.388614940000000630e-01
4.087155100000000596e-01 1.238605100000000070e-01 8.308048599999999506e-02 0.000000000000000000e+00 1.512363919999999973e-01 3.419439380000000028e-01 1.064863900000000141e-01 1.656156459999999775e-01 1.412298200000000059e-01 1.084085479999999935e-01 9.796789000000000192e-02 3.930412239999999668e-01 8.059780600000000794e-02 3.162445600000000079e-01 9.222551399999999455e-02 9.490642000000000522e-02 1.071242699999999937e-01 1.081647280000000155e-01 1.056370840000000061e-01 9.466443599999999070e-02 6.729937999999999199e-02 2.318255779999999766e-01
2.089803620000000028e-01 5.898957680000000980e-01 1.403424360000000148e-01 1.512363919999999973e-01 0.000000000000000000e+00 2.030490439999999841e-01 6.513717599999999108e-02 8.902039800000001446e-02 9.737704600000000876e-02 5.946698799999999840e-02 9.776957599999999693e-02 1.061815220000000143e-01 7.558209400000000244e-02 8.408422399999999908e-02 5.406314599999999249e-02 6.704120599999999208e-02 9.433623599999998999e-02 7.738912200000000463e-02 7.837832399999998534e-02 8.833016200000000373e-02 1.260196960000000144e-01 9.060056000000001053e-02
6.589053220000000710e-01 4.762406800000000551e-02 1.067902780000000024e-01 3.419439380000000028e-01 2.030490439999999841e-01 0.000000000000000000e+00 6.985045400000000626e-02 7.048119999999999385e-02 5.060249999999999471e-02 9.437455399999999939e-02 1.293273939999999844e-01 9.661794799999999517e-02 1.076270379999999943e-01 8.702365200000000689e-02 7.814912399999998649e-02 6.912729399999999191e-02 8.870530600000001153e-02 5.224075200000000141e-02 7.756351799999999796e-02 4.242297600000000113e-02 9.822718599999999411e-02 8.682327199999999301e-02
7.258619399999999278e-02 6.748349200000000603e-02 1.737551279999999809e-01 1.064863900000000141e-01 6.513717599999999108e-02 6.985045400000000626e-02 0.000000000000000000e+00 6.756879799999999658e-01 1.614415660000000086e-01 2.244677020000000189e-01 1.264856120000000250e-01 1.342617039999999817e-01 1.480145920000000281e-01 1.540690379999999915e-01 3.750968600000000319e-01 1.946226659999999720e-01 6.402734119999999862e-01 6.943097919999999812e-01 6.957001959999999929e-01 6.761123259999999302e-01 1.745020740000000070e-01 2.208471040000000163e-01
8.341533000000000975e-02 5.570244599999999574e-02 2.463222679999999831e-01 1.656156459999999775e-01 8.902039800000001446e-02 7.048119999999999385e-02 6.756879799999999658e-01 0.000000000000000000e+00 1.672050959999999975e-01 2.181437340000000058e-01 1.518440640000000008e-01 1.565302180000000265e-01 1.622527659999999927e-01 9.121150000000000091e-02 1.810934040000000134e-01 3.502169300000000374e-01 6.532802999999999249e-01 6.667124259999999136e-01 7.097714019999999957e-01 6.724951700000000310e-01 2.266306479999999901e-01 2.853218659999999796e-01
7.128081999999999474e-02 7.693766800000000072e-02 9.624311399999999073e-02 1.412298200000000059e-01 9.737704600000000876e-02 5.060249999999999471e-02 1.614415660000000086e-01 1.672050959999999975e-01 0.000000000000000000e+00 1.123589860000000079e-01 9.842898599999998221e-02 1.030159479999999961e-01 2.264162120000000056e-01 9.607981600000001232e-02 1.514878599999999742e-01 4.242059399999999897e-02 1.070357219999999998e-01 1.750201700000000027e-01 1.118756300000000037e-01 1.827173639999999932e-01 1.098387820000000098e-01 2.215395720000000179e-01
1.112349779999999982e-01 6.317079800000000023e-02 1.090890379999999854e-01 1.084085479999999935e-01 5.946698799999999840e-02 9.437455399999999939e-02 2.244677020000000189e-01 2.181437340000000058e-01 1.123589860000000079e-01 0.000000000000000000e+00 1.127428560000000024e-01 1.750346420000000180e-01 1.698606960000000055e-01 4.875550539999999877e-01 7.415232400000000557e-02 9.745904199999999573e-02 1.680431880000000100e-01 1.796067799999999937e-01 1.839728680000000116e-01 1.922547800000000140e-01 1.515020299999999820e-01 1.340380720000000081e-01
9.381883399999998985e-02 1.351072139999999755e-01 5.568326100000000611e-01 9.796789000000000192e-02 9.776957599999999693e-02 1.293273939999999844e-01 1.264856120000000250e-01 1.518440640000000008e-01 9.842898599999998221e-02 1.127428560000000024e-01 0.000000000000000000e+00 5.132196199999999875e-02 5.094220919999999930e-01 1.454559099999999938e-01 1.254014880000000054e-01 1.005845780000000078e-01 1.358145439999999815e-01 1.718245880000000003e-01 1.400088680000000085e-01 1.671814680000000275e-01 4.667168979999999356e-01 2.863200240000000063e-01
1.253472259999999783e-01 9.683500600000000125e-02 1.058235260000000011e-01 3.930412239999999668e-01 1.061815220000000143e-01 9.661794799999999517e-02 1.342617039999999817e-01 1.565302180000000265e-01 1.030159479999999961e-01 1.750346420000000180e-01 5.132196199999999875e-02 0.000000000000000000e+00 7.543871199999999111e-02 2.612421240000000200e-01 5.720919399999999794e-02 6.551486800000000388e-02 1.134371700000000038e-01 1.255384879999999759e-01 1.238816539999999938e-01 1.389470599999999834e-01 7.446254800000000340e-02 1.924657579999999868e-01
9.717618999999999563e-02 9.987782999999998690e-02 4.704943999999999238e-01 8.059780600000000794e-02 7.558209400000000244e-02 1.076270379999999943e-01 1.480145920000000281e-01 1.622527659999999927e-01 2.264162120000000056e-01 1.698606960000000055e-01 5.094220919999999930e-01 7.543871199999999111e-02 0.000000000000000000e+00 1.182096039999999959e-01 1.652036379999999860e-01 1.131862039999999847e-01 1.545318819999999815e-01 1.483737319999999804e-01 1.768451560000000033e-01 1.462141900000000216e-01 5.089762880000001655e-01 2.003474860000000191e-01
9.610921599999999732e-02 1.030462720000000082e-01 1.439489679999999827e-01 3.162445600000000079e-01 8.408422399999999908e-02 8.702365200000000689e-02 1.540690379999999915e-01 9.121150000000000091e-02 9.607981600000001232e-02 4.875550539999999877e-01 1.454559099999999938e-01 2.612421240000000200e-01 1.182096039999999959e-01 0.000000000000000000e+00 6.624693600000000626e-02 1.144584520000000022e-01 1.417162879999999958e-01 1.321902140000000281e-01 1.523939339999999809e-01 1.213855780000000079e-01 1.157107179999999902e-01 1.532270119999999958e-01
5.995646799999999887e-02 6.205634000000000150e-02 1.360996099999999820e-01 9.222551399999999455e-02 5.406314599999999249e-02 7.814912399999998649e-02 3.750968600000000319e-01 1.810934040000000134e-01 1.514878599999999742e-01 7.415232400000000557e-02 1.254014880000000054e-01 5.720919399999999794e-02 1.652036379999999860e-01 6.624693600000000626e-02 0.000000000000000000e+00 3.501446499999999462e-01 7.466936599999998703e-02 3.736308740000000017e-01 3.986303000000000069e-02 2.094793260000000212e-01 1.138459880000000091e-01 1.477468139999999763e-01
8.073891199999999602e-02 7.565090799999998894e-02 1.335366320000000162e-01 9.490642000000000522e-02 6.704120599999999208e-02 6.912729399999999191e-02 1.946226659999999720e-01 3.502169300000000374e-01 4.242059399999999897e-02 9.745904199999999573e-02 1.005845780000000078e-01 6.551486800000000388e-02 1.131862039999999847e-01 1.144584520000000022e-01 3.501446499999999462e-01 0.000000000000000000e+00 1.540789379999999986e-01 3.265384540000000335e-01 1.856994900000000226e-01 2.502720219999999829e-01 1.195074679999999778e-01 1.292833280000000307e-01
9.271474199999998889e-02 7.049104200000000375e-02 2.586329800000000123e-01 1.071242699999999937e-01 9.433623599999998999e-02 8.870530600000001153e-02 6.402734119999999862e-01 6.532802999999999249e-01 1.070357219999999998e-01 1.680431880000000100e-01 1.358145439999999815e-01 1.134371700000000038e-01 1.545318819999999815e-01 1.417162879999999958e-01 7.466936599999998703e-02 1.540789379999999986e-01 0.000000000000000000e+00 5.087222300000000530e-01 9.667196359999999933e-01 5.613897979999999954e-01 1.957921320000000076e-01 2.172655059999999971e-01
5.705647800000000075e-02 8.458305200000000579e-02 2.535632939999999946e-01 1.081647280000000155e-01 7.738912200000000463e-02 5.224075200000000141e-02 6.943097919999999812e-01 6.667124259999999136e-01 1.750201700000000027e-01 1.796067799999999937e-01 1.718245880000000003e-01 1.255384879999999759e-01 1.483737319999999804e-01 1.321902140000000281e-01 3.736308740000000017e-01 3.265384540000000335e-01 5.087222300000000530e-01 0.000000000000000000e+00 5.742765420000000010e-01 8.914741679999999002e-01 2.195880840000000167e-01 2.001902959999999898e-01
7.900194400000000450e-02 7.223484799999999040e-02 2.786129620000000195e-01 1.056370840000000061e-01 7.837832399999998534e-02 7.756351799999999796e-02 6.957001959999999929e-01 7.097714019999999957e-01 1.118756300000000037e-01 1.839728680000000116e-01 1.400088680000000085e-01 1.238816539999999938e-01 1.768451560000000033e-01 1.523939339999999809e-01 3.986303000000000069e-02 1.856994900000000226e-01 9.667196359999999933e-01 5.742765420000000010e-01 0.000000000000000000e+00 6.027210240000000496e-01 2.218331080000000011e-01 2.470187880000000169e-01
5.114577799999999591e-02 7.666262199999999971e-02 2.602848779999999973e-01 9.466443599999999070e-02 8.833016200000000373e-02 4.242297600000000113e-02 6.761123259999999302e-01 6.724951700000000310e-01 1.827173639999999932e-01 1.922547800000000140e-01 1.671814680000000275e-01 1.389470599999999834e-01 1.462141900000000216e-01 1.213855780000000079e-01 2.094793260000000212e-01 2.502720219999999829e-01 5.613897979999999954e-01 8.914741679999999002e-01 6.027210240000000496e-01 0.000000000000000000e+00 2.258413940000000009e-01 1.882019559999999758e-01
5.947618600000000727e-02 9.985336599999999896e-02 4.129072179999999648e-01 6.729937999999999199e-02 1.260196960000000144e-01 9.822718599999999411e-02 1.745020740000000070e-01 2.266306479999999901e-01 1.098387820000000098e-01 1.515020299999999820e-01 4.667168979999999356e-01 7.446254800000000340e-02 5.089762880000001655e-01 1.157107179999999902e-01 1.138459880000000091e-01 1.195074679999999778e-01 1.957921320000000076e-01 2.195880840000000167e-01 2.218331080000000011e-01 2.258413940000000009e-01 0.000000000000000000e+00 3.182754960000000466e-01
8.044135799999999059e-02 9.652845999999999649e-02 2.388614940000000630e-01 2.318255779999999766e-01 9.060056000000001053e-02 8.682327199999999301e-02 2.208471040000000163e-01 2.853218659999999796e-01 2.215395720000000179e-01 1.340380720000000081e-01 2.863200240000000063e-01 1.924657579999999868e-01 2.003474860000000191e-01 1.532270119999999958e-01 1.477468139999999763e-01 1.292833280000000307e-01 2.172655059999999971e-01 2.001902959999999898e-01 2.470187880000000169e-01 1.882019559999999758e-01 3.182754960000000466e-01 0.000000000000000000e+00
