0.000000000000000000e+00 7.057299560000001026e-01 5.598618939999999711e-01 5.902008180000000159e-01 7.353192500000000908e-01 8.997564160000000033e-01 1.488422979999999840e-01 2.000797519999999996e-01 2.481245180000000161e-01 2.356175439999999843e-01 2.344549899999999742e-01 1.585364199999999835e-01 2.710565520000000062e-01 1.716424859999999830e-01 1.009650179999999897e-01 1.394320279999999856e-01 1.292180259999999858e-01 1.439115199999999872e-01 1.306774119999999928e-01 1.486823960000000222e-01 2.904325540000000094e-01 2.475530579999999647e-01
7.057299560000001026e-01 0.000000000000000000e+00 5.806944659999999647e-01 5.227733160000000989e-01 8.954469660000000664e-01 6.949024980000000351e-01 1.575420479999999901e-01 1.703972759999999864e-01 2.567935060000000047e-01 2.344442900000000274e-01 2.251914639999999801e-01 1.760852039999999952e-01 2.609161560000000102e-01 1.861317419999999889e-01 1.273877560000000186e-01 1.411603899999999967e-01 1.232467980000000046e-01 1.080854680000000040e-01 1.288372919999999922e-01 1.347542999999999935e-01 2.854211140000000313e-01 2.362904380000000193e-01
5.598618939999999711e-01 5.806944659999999647e-01 0.000000000000000000e+00 6.061301300000000447e-01 5.884472379999999836e-01 5.528049939999999385e-01 4.098444419999999755e-01 3.533335400000000015e-01 6.213661459999999526e-01 4.810331919999999428e-01 6.835077219999999842e-01 3.087867359999999506e-01 6.975521120000000019e-01 3.126380640000000488e-01 1.973170119999999861e-01 1.715663660000000257e-01 1.030223220000000134e-01 1.217915700000000018e-01 1.325281799999999954e-01 1.129999839999999978e-01 6.942009739999999152e-01 5.974580800000000025e-01
5.902008180000000159e-01 5.227733160000000989e-01 6.061301300000000447e-01 0.000000000000000000e+00 5.200627320000000831e-01 5.843445499999999626e-01 3.141619020000000484e-01 5.351790700000000900e-01 5.232951399999999920e-01 6.300638579999999767e-01 4.325930300000000450e-01 5.986860439999999173e-01 4.427299100000000598e-01 5.726892099999999486e-01 1.278180959999999922e-01 2.562285340000000078e-01 1.033629419999999993e-01 1.192336860000000193e-01 1.272214060000000091e-01 1.830239240000000045e-01 5.277268819999999527e-01 6.116626679999999094e-01
7.353192500000000908e-01 8.954469660000000664e-01 5.884472379999999836e-01 5.200627320000000831e-01 0.000000000000000000e+00 7.351303759999999743e-01 1.509197679999999819e-01 1.838609939999999721e-01 2.475994659999999903e-01 2.415362440000000110e-01 2.143808859999999927e-01 1.664841760000000392e-01 2.554891340000000066e-01 1.648287360000000035e-01 1.063922900000000143e-01 1.605820800000000159e-01 1.122612260000000195e-01 1.079293220000000081e-01 1.198072180000000070e-01 1.314501260000000005e-01 2.919469060000000060e-01 2.339705239999999853e-01
8.997564160000000033e-01 6.949024980000000351e-01 5.528049939999999385e-01 5.843445499999999626e-01 7.351303759999999743e-01 0.000000000000000000e+00 1.380308840000000203e-01 2.266397739999999883e-01 2.468399779999999877e-01 2.310028159999999997e-01 2.183112839999999666e-01 1.600424780000000158e-01 2.587376720000000296e-01 1.831140319999999821e-01 1.013319299999999867e-01 1.625663380000000047e-01 1.271017560000000102e-01 1.172131940000000067e-01 1.281045180000000006e-01 1.143620379999999992e-01 2.785227000000000119e-01 2.318727619999999823e-01
1.488422979999999840e-01 1.575420479999999901e-01 4.098444419999999755e-01 3.141619020000000484e-01 1.509197679999999819e-01 1.380308840000000203e-01 0.000000000000000000e+00 4.672480139999999338e-01 4.932092919999999658e-01 4.051945899999999656e-01 4.554607720000000137e-01 3.024487120000000084e-01 4.478859659999999687e-01 2.537239159999999938e-01 6.168081779999999847e-01 3.384104499999999738e-01 1.806653380000000086e-01 1.915253320000000203e-01 1.753689300000000062e-01 3.961808219999999880e-01 4.313216739999999882e-01 3.882364719999999436e-01
2.000797519999999996e-01 1.703972759999999864e-01 3.533335400000000015e-01 5.351790700000000900e-01 1.838609939999999721e-01 2.266397739999999883e-01 4.672480139999999338e-01 0.000000000000000000e+00 5.289185819999999705e-01 5.275114280000000599e-01 3.608950079999999616e-01 5.731259560000000475e-01 3.582316239999999707e-01 4.470688839999999997e-01 1.657208039999999993e-01 5.486112399999999445e-01 1.667162179999999716e-01 1.252343659999999859e-01 2.836466840000000378e-01 2.617662500000000336e-01 4.149302180000000173e-01 5.335631899999999650e-01
2.481245180000000161e-01 2.567935060000000047e-01 6.213661459999999526e-01 5.232951399999999920e-01 2.475994659999999903e-01 2.468399779999999877e-01 4.932092919999999658e-01 5.289185819999999705e-01 0.000000000000000000e+00 5.316044319999999601e-01 6.578594179999999181e-01 4.488536520000000474e-01 7.363700520000000527e-01 4.147401620000000233e-01 2.066584360000000287e-01 1.979629679999999892e-01 1.003813400000000133e-01 8.042671199999998355e-02 1.384945780000000071e-01 1.791218580000000227e-01 6.576684139999999790e-01 6.690679420000000821e-01
2.356175439999999843e-01 2.344442900000000274e-01 4.810331919999999428e-01 6.300638579999999767e-01 2.415362440000000110e-01 2.310028159999999997e-01 4.051945899999999656e-01 5.275114280000000599e-01 5.316044319999999601e-01 0.000000000000000000e+00 5.327426259999999969e-01 6.309558280000000519e-01 4.956047760000000801e-01 7.323556179999999305e-01 1.609338180000000063e-01 2.433317660000000049e-01 4.609045000000000503e-02 8.612416000000000516e-02 9.824040800000000129e-02 1.757042639999999989e-01 6.231209840000000444e-01 6.806715860000001062e-01
2.344549899999999742e-01 2.251914639999999801e-01 6.835077219999999842e-01 4.325930300000000450e-01 2.143808859999999927e-01 2.183112839999999666e-01 4.554607720000000137e-01 3.608950079999999616e-01 6.578594179999999181e-01 5.327426259999999969e-01 0.000000000000000000e+00 3.092942639999999854e-01 7.946239539999998547e-01 3.121512780000000320e-01 1.465125420000000234e-01 1.147805179999999980e-01 8.070639399999998687e-02 8.880032599999999887e-02 1.030851159999999905e-01 1.170924080000000089e-01 7.808342259999999646e-01 6.453336119999999454e-01
1.585364199999999835e-01 1.760852039999999952e-01 3.087867359999999506e-01 5.986860439999999173e-01 1.664841760000000392e-01 1.600424780000000158e-01 3.024487120000000084e-01 5.731259560000000475e-01 4.488536520000000474e-01 6.309558280000000519e-01 3.092942639999999854e-01 0.000000000000000000e+00 2.804943280000000150e-01 6.480264180000000485e-01 1.177714160000000038e-01 2.447211359999999780e-01 1.104114120000000004e-01 8.772267200000000154e-02 1.329586640000000042e-01 1.590899020000000053e-01 4.042694980000000049e-01 5.674471480000000678e-01
2.710565520000000062e-01 2.609161560000000102e-01 6.975521120000000019e-01 4.427299100000000598e-01 2.554891340000000066e-01 2.587376720000000296e-01 4.478859659999999687e-01 3.582316239999999707e-01 7.363700520000000527e-01 4.956047760000000801e-01 7.946239539999998547e-01 2.804943280000000150e-01 0.000000000000000000e+00 2.936632060000000100e-01 1.758658820000000012e-01 1.132557400000000075e-01 9.287286200000000047e-02 9.878726799999999753e-02 1.215493680000000049e-01 1.338910459999999858e-01 7.475580999999998921e-01 6.070115099999999764e-01
1.716424859999999830e-01 1.861317419999999889e-01 3.126380640000000488e-01 5.726892099999999486e-01 1.648287360000000035e-01 1.831140319999999821e-01 2.537239159999999938e-01 4.470688839999999997e-01 4.147401620000000233e-01 7.323556179999999305e-01 3.121512780000000320e-01 6.480264180000000485e-01 2.936632060000000100e-01 0.000000000000000000e+00 1.312674580000000035e-01 1.864723159999999713e-01 7.052561599999999931e-02 8.640534800000000681e-02 7.119522999999999824e-02 1.626713740000000075e-01 3.855371619999999888e-01 5.437219979999999842e-01
1.009650179999999897e-01 1.273877560000000186e-01 1.973170119999999861e-01 1.278180959999999922e-01 1.063922900000000143e-01 1.013319299999999867e-01 6.168081779999999847e-01 1.657208039999999993e-01 2.066584360000000287e-01 1.609338180000000063e-01 1.465125420000000234e-01 1.177714160000000038e-01 1.758658820000000012e-01 1.312674580000000035e-01 0.000000000000000000e+00 1.983332739999999761e-01 2.107320500000000041e-01 1.718604260000000106e-01 1.669516659999999986e-01 2.639769240000000017e-01 1.356618539999999984e-01 1.392215680000000178e-01
1.394320279999999856e-01 1.411603899999999967e-01 1.715663660000000257e-01 2.562285340000000078e-01 1.605820800000000159e-01 1.625663380000000047e-01 3.384104499999999738e-01 5.486112399999999445e-01 1.979629679999999892e-01 2.433317660000000049e-01 1.147805179999999980e-01 2.447211359999999780e-01 1.132557400000000075e-01 1.864723159999999713e-01 1.983332739999999761e-01 0.000000000000000000e+00 1.087096280000000165e-01 1.109002480000000068e-01 1.694657819999999815e-01 1.733776039999999907e-01 1.427888659999999865e-01 1.876911040000000253e-01
1.292180259999999858e-01 1.232467980000000046e-01 1.030223220000000134e-01 1.033629419999999993e-01 1.122612260000000195e-01 1.271017560000000102e-01 1.806653380000000086e-01 1.667162179999999716e-01 1.003813400000000133e-01 4.609045000000000503e-02 8.070639399999998687e-02 1.104114120000000004e-01 9.287286200000000047e-02 7.052561599999999931e-02 2.107320500000000041e-01 1.087096280000000165e-01 0.000000000000000000e+00 2.363144659999999730e-01 8.804735839999999758e-01 2.728488259999999888e-01 9.255293800000000126e-02 6.516064000000000578e-02
1.439115199999999872e-01 1.080854680000000040e-01 1.217915700000000018e-01 1.192336860000000193e-01 1.079293220000000081e-01 1.172131940000000067e-01 1.915253320000000203e-01 1.252343659999999859e-01 8.042671199999998355e-02 8.612416000000000516e-02 8.880032599999999887e-02 8.772267200000000154e-02 9.878726799999999753e-02 8.640534800000000681e-02 1.718604260000000106e-01 1.109002480000000068e-01 2.363144659999999730e-01 0.000000000000000000e+00 2.361745140000000021e-01 7.118301579999999351e-01 9.974465400000001591e-02 7.925711799999998752e-02
1.306774119999999928e-01 1.288372919999999922e-01 1.325281799999999954e-01 1.272214060000000091e-01 1.198072180000000070e-01 1.281045180000000006e-01 1.753689300000000062e-01 2.836466840000000378e-01 1.384945780000000071e-01 9.824040800000000129e-02 1.030851159999999905e-01 1.329586640000000042e-01 1.215493680000000049e-01 7.119522999999999824e-02 1.669516659999999986e-01 1.694657819999999815e-01 8.804735839999999758e-01 2.361745140000000021e-01 0.000000000000000000e+00 2.555081579999999852e-01 1.355213759999999990e-01 1.169206220000000018e-01
1.486823960000000222e-01 1.347542999999999935e-01 1.129999839999999978e-01 1.830239240000000045e-01 1.314501260000000005e-01 1.143620379999999992e-01 3.961808219999999880e-01 2.617662500000000336e-01 1.791218580000000227e-01 1.757042639999999989e-01 1.170924080000000089e-01 1.590899020000000053e-01 1.338910459999999858e-01 1.626713740000000075e-01 2.639769240000000017e-01 1.733776039999999907e-01 2.728488259999999888e-01 7.118301579999999351e-01 2.555081579999999852e-01 0.000000000000000000e+00 1.441092020000000196e-01 1.599627259999999995e-01
2.904325540000000094e-01 2.854211140000000313e-01 6.942009739999999152e-01 5.277268819999999527e-01 2.919469060000000060e-01 2.785227000000000119e-01 4.313216739999999882e-01 4.149302180000000173e-01 6.576684139999999790e-01 6.231209840000000444e-01 7.808342259999999646e-01 4.042694980000000049e-01 7.475580999999998921e-01 3.855371619999999888e-01 1.356618539999999984e-01 1.427888659999999865e-01 9.255293800000000126e-02 9.974465400000001591e-02 1.355213759999999990e-01 1.441092020000000196e-01 0.000000000000000000e+00 7.240420000000000744e-01
2.475530579999999647e-01 2.362904380000000193e-01 5.974580800000000025e-01 6.116626679999999094e-01 2.339705239999999853e-01 2.318727619999999823e-01 3.882364719999999436e-01 5.335631899999999650e-01 6.690679420000000821e-01 6.806715860000001062e-01 6.453336119999999454e-01 5.674471480000000678e-01 6.070115099999999764e-01 5.437219979999999842e-01 1.392215680000000178e-01 1.876911040000000253e-01 6.516064000000000578e-02 7.925711799999998752e-02 1.169206220000000018e-01 1.599627259999999995e-01 7.240420000000000744e-01 0.000000000000000000e+00
