0.000000000000000000e+00 6.717012980000000022e-01 6.662504599999999888e-01 6.607585699999999340e-01 7.152554920000000482e-01 6.736584079999999863e-01 5.776584200000000058e-01 5.996342860000000163e-01 6.637570539999999575e-01 6.663350279999999959e-01 6.272762539999999776e-01 6.342151080000000274e-01 6.220000940000000034e-01 5.565690439999999573e-01 5.073610740000000785e-01 4.973078380000000576e-01 5.211681940000000290e-01 4.398507719999999455e-01 4.106930180000000208e-01 4.691546100000000274e-01 6.329057999999999629e-01 6.064132199999999751e-01
6.717012980000000022e-01 0.000000000000000000e+00 4.140359180000000028e-01 4.097453500000000082e-01 7.863069199999999093e-01 7.394980620000000116e-01 3.088238020000000361e-01 3.878097939999999855e-01 4.157630519999999663e-01 4.219241459999999999e-01 3.876709360000000215e-01 4.104048980000000180e-01 3.902134359999999691e-01 3.326568979999999787e-01 4.070227319999999982e-01 3.155859099999999695e-01 2.992983800000000305e-01 2.274168540000000294e-01 2.880789819999999279e-01 3.037303759999999686e-01 4.140290660000000011e-01 3.724889279999999969e-01
6.662504599999999888e-01 4.140359180000000028e-01 0.000000000000000000e+00 9.286420279999999527e-01 4.609055920000000306e-01 4.716395700000000635e-01 9.127075180000000509e-01 8.815283080000000382e-01 9.608229720000001084e-01 9.447144400000000442e-01 9.682873499999999911e-01 9.036192740000000834e-01 9.466856800000000849e-01 7.780024480000000686e-01 6.846251119999999801e-01 6.898615580000000413e-01 7.608124699999999629e-01 7.090885019999999539e-01 5.766364380000000844e-01 7.142870240000001036e-01 9.324738540000000464e-01 7.435684700000000369e-01
6.607585699999999340e-01 4.097453500000000082e-01 9.286420279999999527e-01 0.000000000000000000e+00 4.517206260000000140e-01 4.382172960000000339e-01 8.523860259999999078e-01 9.009688760000000851e-01 9.491199800000000852e-01 9.553430880000000069e-01 9.063467199999999391e-01 9.664836460000000296e-01 8.850916420000001228e-01 8.148078519999998326e-01 6.773867719999999704e-01 7.469816160000000149e-01 7.076253120000000063e-01 7.136769039999999453e-01 5.649535660000000181e-01 7.085725659999999593e-01 9.035677920000001473e-01 8.246817739999998675e-01
7.152554920000000482e-01 7.863069199999999093e-01 4.609055920000000306e-01 4.517206260000000140e-01 0.000000000000000000e+00 6.758113139999999408e-01 3.835442539999999734e-01 4.247339219999999860e-01 4.785030719999999738e-01 4.720861459999999843e-01 4.611209700000000744e-01 4.495120599999999911e-01 4.515798659999999964e-01 4.027409839999999686e-01 4.616464559999999828e-01 3.415310520000000016e-01 3.939396679999999651e-01 3.174134819999999690e-01 3.439795740000000102e-01 3.935922399999999821e-01 4.681861319999999216e-01 4.582981640000000634e-01
6.736584079999999863e-01 7.394980620000000116e-01 4.716395700000000635e-01 4.382172960000000339e-01 6.758113139999999408e-01 0.000000000000000000e+00 3.933351959999999981e-01 4.004717020000000405e-01 4.696605799999999387e-01 4.721949280000000693e-01 4.493259059999999971e-01 4.563339759999999745e-01 4.598256000000000010e-01 3.479753939999999934e-01 4.416611900000000368e-01 3.944938119999999993e-01 3.584819619999999873e-01 3.143570220000000415e-01 4.050963839999999760e-01 4.117935860000000448e-01 4.478980940000000244e-01 4.400072639999999535e-01
5.776584200000000058e-01 3.088238020000000361e-01 9.127075180000000509e-01 8.523860259999999078e-01 3.835442539999999734e-01 3.933351959999999981e-01 0.000000000000000000e+00 8.020822839999999232e-01 8.933939619999999859e-01 8.700152219999999215e-01 9.171910939999999846e-01 8.268597520000000589e-01 9.096088200000000956e-01 7.341546159999999821e-01 6.274660819999999806e-01 6.244606240000000197e-01 7.164048819999999651e-01 6.860689220000001365e-01 4.799503300000000361e-01 6.747715899999999767e-01 8.772216079999999305e-01 6.995806860000000071e-01
5.996342860000000163e-01 3.878097939999999855e-01 8.815283080000000382e-01 9.009688760000000851e-01 4.247339219999999860e-01 4.004717020000000405e-01 8.020822839999999232e-01 0.000000000000000000e+00 9.028282900000000888e-01 9.104139900000000063e-01 8.740436840000000984e-01 9.222231100000000126e-01 8.473500720000000097e-01 7.784837860000000109e-01 6.478392439999999253e-01 6.520288419999999974e-01 7.153373920000000163e-01 6.909917079999999823e-01 5.340613760000000321e-01 6.631579899999999750e-01 8.547630319999999227e-01 7.369476259999999668e-01
6.637570539999999575e-01 4.157630519999999663e-01 9.608229720000001084e-01 9.491199800000000852e-01 4.785030719999999738e-01 4.696605799999999387e-01 8.933939619999999859e-01 9.028282900000000888e-01 0.000000000000000000e+00 9.604302840000000785e-01 9.671289020000000125e-01 9.371485319999999231e-01 9.285357100000000141e-01 8.270665879999998804e-01 7.186794759999999282e-01 7.327483660000000398e-01 7.605554060000000449e-01 7.304423879999999425e-01 5.840294760000001029e-01 7.284832220000000413e-01 9.182122200000000234e-01 8.021261859999999633e-01
6.663350279999999959e-01 4.219241459999999999e-01 9.447144400000000442e-01 9.553430880000000069e-01 4.720861459999999843e-01 4.721949280000000693e-01 8.700152219999999215e-01 9.104139900000000063e-01 9.604302840000000785e-01 0.000000000000000000e+00 9.276381999999999683e-01 9.571515619999999558e-01 9.091246379999999849e-01 8.137874619999999615e-01 7.134747479999999920e-01 7.579420860000001259e-01 7.534748719999999622e-01 7.433063939999999814e-01 5.778284639999999861e-01 7.406974420000000947e-01 9.364366619999999752e-01 7.949741759999999768e-01
6.272762539999999776e-01 3.876709360000000215e-01 9.682873499999999911e-01 9.063467199999999391e-01 4.611209700000000744e-01 4.493259059999999971e-01 9.171910939999999846e-01 8.740436840000000984e-01 9.671289020000000125e-01 9.276381999999999683e-01 0.000000000000000000e+00 8.901015999999998263e-01 9.641552460000000213e-01 7.930915900000000684e-01 7.026506699999999217e-01 6.841314899999999533e-01 7.632160439999999824e-01 7.064831860000000407e-01 5.831523079999999526e-01 7.104906380000000077e-01 9.350408239999999926e-01 7.419866420000000851e-01
6.342151080000000274e-01 4.104048980000000180e-01 9.036192740000000834e-01 9.664836460000000296e-01 4.495120599999999911e-01 4.563339759999999745e-01 8.268597520000000589e-01 9.222231100000000126e-01 9.371485319999999231e-01 9.571515619999999558e-01 8.901015999999998263e-01 0.000000000000000000e+00 8.720270159999999882e-01 7.948850380000000992e-01 6.963970560000000143e-01 7.558168159999999469e-01 7.099480699999999311e-01 7.124800019999999456e-01 5.759598200000000112e-01 7.227470819999999296e-01 9.011271379999999942e-01 8.231637500000001939e-01
6.220000940000000034e-01 3.902134359999999691e-01 9.466856800000000849e-01 8.850916420000001228e-01 4.515798659999999964e-01 4.598256000000000010e-01 9.096088200000000956e-01 8.473500720000000097e-01 9.285357100000000141e-01 9.091246379999999849e-01 9.641552460000000213e-01 8.720270159999999882e-01 0.000000000000000000e+00 7.763362120000000255e-01 6.978933619999999616e-01 6.585735299999999626e-01 7.598071780000000830e-01 6.873605799999999988e-01 5.774312460000000646e-01 7.127834920000000185e-01 9.385929860000000735e-01 7.381343479999999957e-01
5.565690439999999573e-01 3.326568979999999787e-01 7.780024480000000686e-01 8.148078519999998326e-01 4.027409839999999686e-01 3.479753939999999934e-01 7.341546159999999821e-01 7.784837860000000109e-01 8.270665879999998804e-01 8.137874619999999615e-01 7.930915900000000684e-01 7.948850380000000992e-01 7.763362120000000255e-01 0.000000000000000000e+00 6.039692999999999312e-01 6.844225539999999608e-01 6.891788439999999571e-01 6.789541599999999733e-01 5.001509960000000143e-01 6.618994780000000411e-01 7.675825800000000143e-01 6.896509199999999451e-01
5.073610740000000785e-01 4.070227319999999982e-01 6.846251119999999801e-01 6.773867719999999704e-01 4.616464559999999828e-01 4.416611900000000368e-01 6.274660819999999806e-01 6.478392439999999253e-01 7.186794759999999282e-01 7.134747479999999920e-01 7.026506699999999217e-01 6.963970560000000143e-01 6.978933619999999616e-01 6.039692999999999312e-01 0.000000000000000000e+00 5.839104259999999824e-01 6.644318480000001026e-01 5.653734540000000530e-01 5.329940619999999907e-01 7.019954419999999695e-01 7.029272539999998903e-01 5.940929819999999362e-01
4.973078380000000576e-01 3.155859099999999695e-01 6.898615580000000413e-01 7.469816160000000149e-01 3.415310520000000016e-01 3.944938119999999993e-01 6.244606240000000197e-01 6.520288419999999974e-01 7.327483660000000398e-01 7.579420860000001259e-01 6.841314899999999533e-01 7.558168159999999469e-01 6.585735299999999626e-01 6.844225539999999608e-01 5.839104259999999824e-01 0.000000000000000000e+00 5.505844799999999317e-01 6.885851000000000610e-01 6.336857719999999805e-01 6.324221920000000496e-01 7.041508060000000180e-01 6.727796039999999200e-01
5.211681940000000290e-01 2.992983800000000305e-01 7.608124699999999629e-01 7.076253120000000063e-01 3.939396679999999651e-01 3.584819619999999873e-01 7.164048819999999651e-01 7.153373920000000163e-01 7.605554060000000449e-01 7.534748719999999622e-01 7.632160439999999824e-01 7.099480699999999311e-01 7.598071780000000830e-01 6.891788439999999571e-01 6.644318480000001026e-01 5.505844799999999317e-01 0.000000000000000000e+00 6.195465920000000626e-01 6.849442500000000322e-01 6.785212259999999773e-01 7.393122899999999831e-01 5.868223679999999831e-01
4.398507719999999455e-01 2.274168540000000294e-01 7.090885019999999539e-01 7.136769039999999453e-01 3.174134819999999690e-01 3.143570220000000415e-01 6.860689220000001365e-01 6.909917079999999823e-01 7.304423879999999425e-01 7.433063939999999814e-01 7.064831860000000407e-01 7.124800019999999456e-01 6.873605799999999988e-01 6.789541599999999733e-01 5.653734540000000530e-01 6.885851000000000610e-01 6.195465920000000626e-01 0.000000000000000000e+00 5.152381239999999085e-01 6.764240999999999726e-01 6.760827980000000403e-01 6.025779599999999681e-01
4.106930180000000208e-01 2.880789819999999279e-01 5.766364380000000844e-01 5.649535660000000181e-01 3.439795740000000102e-01 4.050963839999999760e-01 4.799503300000000361e-01 5.340613760000000321e-01 5.840294760000001029e-01 5.778284639999999861e-01 5.831523079999999526e-01 5.759598200000000112e-01 5.774312460000000646e-01 5.001509960000000143e-01 5.329940619999999907e-01 6.336857719999999805e-01 6.849442500000000322e-01 5.152381239999999085e-01 0.000000000000000000e+00 6.118793960000000753e-01 5.599443739999999670e-01 5.271243260000000319e-01
4.691546100000000274e-01 3.037303759999999686e-01 7.142870240000001036e-01 7.085725659999999593e-01 3.935922399999999821e-01 4.117935860000000448e-01 6.747715899999999767e-01 6.631579899999999750e-01 7.284832220000000413e-01 7.406974420000000947e-01 7.104906380000000077e-01 7.227470819999999296e-01 7.127834920000000185e-01 6.618994780000000411e-01 7.019954419999999695e-01 6.324221920000000496e-01 6.785212259999999773e-01 6.764240999999999726e-01 6.118793960000000753e-01 0.000000000000000000e+00 7.154399159999998981e-01 6.424997500000000361e-01
6.329057999999999629e-01 4.140290660000000011e-01 9.324738540000000464e-01 9.035677920000001473e-01 4.681861319999999216e-01 4.478980940000000244e-01 8.772216079999999305e-01 8.547630319999999227e-01 9.182122200000000234e-01 9.364366619999999752e-01 9.350408239999999926e-01 9.011271379999999942e-01 9.385929860000000735e-01 7.675825800000000143e-01 7.029272539999998903e-01 7.041508060000000180e-01 7.393122899999999831e-01 6.760827980000000403e-01 5.599443739999999670e-01 7.154399159999998981e-01 0.000000000000000000e+00 7.396318680000000256e-01
6.064132199999999751e-01 3.724889279999999969e-01 7.435684700000000369e-01 8.246817739999998675e-01 4.582981640000000634e-01 4.400072639999999535e-01 6.995806860000000071e-01 7.369476259999999668e-01 8.021261859999999633e-01 7.949741759999999768e-01 7.419866420000000851e-01 8.231637500000001939e-01 7.381343479999999957e-01 6.896509199999999451e-01 5.940929819999999362e-01 6.727796039999999200e-01 5.868223679999999831e-01 6.025779599999999681e-01 5.271243260000000319e-01 6.424997500000000361e-01 7.396318680000000256e-01 0.000000000000000000e+00
