0.000000000000000000e+00 3.110306279999999757e-01 3.129328800000000244e-01 2.587761659999999742e-01 2.398280399999999923e-01 6.966974740000000388e-01 2.802534479999999606e-01 2.304697040000000252e-01 3.337032560000000592e-01 2.605018559999999761e-01 3.215072059999999898e-01 2.841264739999999622e-01 2.970657120000000373e-01 2.538004879999999908e-01 1.137440480000000004e-01 2.361699279999999734e-01 2.419708379999999937e-01 3.537764620000000138e-01 2.622284000000000281e-01 2.877094900000000122e-01 2.828461599999999576e-01 3.471289000000000180e-01
3.110306279999999757e-01 0.000000000000000000e+00 2.304315100000000061e-01 3.627557659999999795e-01 6.832341979999999593e-01 3.206620639999999689e-01 1.693721759999999854e-01 2.829968859999999475e-01 1.412977880000000075e-01 1.554065240000000181e-01 1.523754419999999998e-01 2.094622999999999902e-01 1.379839999999999955e-01 2.651797220000000066e-01 2.234439700000000195e-01 2.372367619999999899e-01 3.042782480000000289e-01 1.965890260000000000e-01 2.800970999999999878e-01 2.698441460000000069e-01 2.095457020000000004e-01 2.262174279999999982e-01
3.129328800000000244e-01 2.304315100000000061e-01 0.000000000000000000e+00 2.636571920000000402e-01 2.015001180000000058e-01 3.572824840000000668e-01 5.025698899999999636e-01 1.501295039999999970e-01 4.177937600000000140e-01 5.477017739999999746e-01 8.302898180000000128e-01 2.695727159999999900e-01 8.290108899999999448e-01 2.630874659999999921e-01 1.915777900000000256e-01 2.072999339999999913e-01 2.362104280000000001e-01 2.885080600000000106e-01 1.621495240000000171e-01 2.773003680000000193e-01 7.716943820000000676e-01 3.042585599999999557e-01
2.587761659999999742e-01 3.627557659999999795e-01 2.636571920000000402e-01 0.000000000000000000e+00 3.558140239999999510e-01 2.347767620000000000e-01 2.685129960000000038e-01 5.600477079999999219e-01 4.315473280000000078e-01 1.930304419999999965e-01 2.691397180000000278e-01 7.379385619999999646e-01 2.051186720000000019e-01 6.634921520000000017e-01 2.724907380000000101e-01 3.244200859999999964e-01 1.543096740000000078e-01 2.306262419999999813e-01 2.045463940000000203e-01 2.471942779999999895e-01 2.680200239999999678e-01 3.593856979999999757e-01
2.398280399999999923e-01 6.832341979999999593e-01 2.015001180000000058e-01 3.558140239999999510e-01 0.000000000000000000e+00 3.300327299999999964e-01 1.748229639999999974e-01 3.525154599999999472e-01 2.173819300000000010e-01 1.968879119999999983e-01 1.444324680000000083e-01 2.058122420000000063e-01 1.802843379999999884e-01 2.463353100000000018e-01 3.273210199999999626e-01 2.892516340000000352e-01 2.713030520000000445e-01 2.943025400000000014e-01 2.297667659999999556e-01 2.740761660000000099e-01 1.740990540000000031e-01 2.562075160000000240e-01
6.966974740000000388e-01 3.206620639999999689e-01 3.572824840000000668e-01 2.347767620000000000e-01 3.300327299999999964e-01 0.000000000000000000e+00 2.870019019999999754e-01 2.742755700000000241e-01 3.617840300000000342e-01 2.609190099999999513e-01 4.006356819999999930e-01 2.383045720000000200e-01 3.605154140000000340e-01 2.404215040000000081e-01 1.812724000000000280e-01 1.862754580000000326e-01 2.498052659999999980e-01 2.840708399999999911e-01 2.789078180000000295e-01 2.158769140000000031e-01 3.454341040000000196e-01 3.212795820000000080e-01
2.802534479999999606e-01 1.693721759999999854e-01 5.025698899999999636e-01 2.685129960000000038e-01 1.748229639999999974e-01 2.870019019999999754e-01 0.000000000000000000e+00 3.056762239999999964e-01 4.385489660000000400e-01 4.289437440000000157e-01 5.249266059999999623e-01 3.131065600000000337e-01 5.320080999999999838e-01 2.957543759999999855e-01 3.701931519999999698e-01 4.491204060000000275e-01 2.707800599999999891e-01 3.540916779999999653e-01 4.410451899999999759e-01 4.369000739999999716e-01 4.290483219999999820e-01 1.606599879999999758e-01
2.304697040000000252e-01 2.829968859999999475e-01 1.501295039999999970e-01 5.600477079999999219e-01 3.525154599999999472e-01 2.742755700000000241e-01 3.056762239999999964e-01 0.000000000000000000e+00 3.731428780000000112e-01 2.729186900000000193e-01 1.530774819999999870e-01 5.661723899999999698e-01 1.687242780000000053e-01 4.644411019999999946e-01 2.583262259999999921e-01 2.102643000000000151e-01 2.091745939999999915e-01 2.082026460000000190e-01 2.062102939999999884e-01 2.824973100000000015e-01 1.027862479999999967e-01 4.113012219999999664e-01
3.337032560000000592e-01 1.412977880000000075e-01 4.177937600000000140e-01 4.315473280000000078e-01 2.173819300000000010e-01 3.617840300000000342e-01 4.385489660000000400e-01 3.731428780000000112e-01 0.000000000000000000e+00 3.594282719999999931e-01 4.426552420000000043e-01 5.244733100000000814e-01 4.317706419999999268e-01 4.171543520000000060e-01 2.761790080000000036e-01 3.735327640000000171e-01 1.589751419999999860e-01 3.057758640000000083e-01 2.476557520000000068e-01 3.244599140000000159e-01 5.106440340000000244e-01 3.698867499999999309e-01
2.605018559999999761e-01 1.554065240000000181e-01 5.477017739999999746e-01 1.930304419999999965e-01 1.968879119999999983e-01 2.609190099999999513e-01 4.289437440000000157e-01 2.729186900000000193e-01 3.594282719999999931e-01 0.000000000000000000e+00 5.870910919999999811e-01 2.789970320000000337e-01 5.948007499999999892e-01 3.488923599999999570e-01 2.577802579999999844e-01 3.326994659999999993e-01 3.016142960000000039e-01 3.325022240000000129e-01 2.188523760000000151e-01 2.918388459999999851e-01 5.730185939999998812e-01 3.777657440000000144e-01
3.215072059999999898e-01 1.523754419999999998e-01 8.302898180000000128e-01 2.691397180000000278e-01 1.444324680000000083e-01 4.006356819999999930e-01 5.249266059999999623e-01 1.530774819999999870e-01 4.426552420000000043e-01 5.870910919999999811e-01 0.000000000000000000e+00 2.942877360000000220e-01 8.194606939999999895e-01 2.322868459999999913e-01 1.918609460000000044e-01 2.739591200000000004e-01 2.825816879999999420e-01 2.856489420000000168e-01 2.332772399999999968e-01 2.201138219999999868e-01 8.124533240000000323e-01 3.851094080000000419e-01
2.841264739999999622e-01 2.094622999999999902e-01 2.695727159999999900e-01 7.379385619999999646e-01 2.058122420000000063e-01 2.383045720000000200e-01 3.131065600000000337e-01 5.661723899999999698e-01 5.244733100000000814e-01 2.789970320000000337e-01 2.942877360000000220e-01 0.000000000000000000e+00 2.731712000000000029e-01 5.978285380000000204e-01 3.126997639999999912e-01 3.404916620000000282e-01 1.539225120000000113e-01 2.312758540000000029e-01 2.392297320000000005e-01 2.322509979999999863e-01 3.374568279999999865e-01 3.600585079999999993e-01
2.970657120000000373e-01 1.379839999999999955e-01 8.290108899999999448e-01 2.051186720000000019e-01 1.802843379999999884e-01 3.605154140000000340e-01 5.320080999999999838e-01 1.687242780000000053e-01 4.317706419999999268e-01 5.948007499999999892e-01 8.194606939999999895e-01 2.731712000000000029e-01 0.000000000000000000e+00 2.638869920000000424e-01 2.125381100000000301e-01 1.746343380000000001e-01 2.171568039999999811e-01 2.795511840000000636e-01 1.896851599999999638e-01 2.586965499999999696e-01 7.969986999999999489e-01 2.973189620000000200e-01
2.538004879999999908e-01 2.651797220000000066e-01 2.630874659999999921e-01 6.634921520000000017e-01 2.463353100000000018e-01 2.404215040000000081e-01 2.957543759999999855e-01 4.644411019999999946e-01 4.171543520000000060e-01 3.488923599999999570e-01 2.322868459999999913e-01 5.978285380000000204e-01 2.638869920000000424e-01 0.000000000000000000e+00 3.681710340000000081e-01 3.292605400000000460e-01 2.549585619999999997e-01 2.511972780000000238e-01 3.028109319999999771e-01 2.925582640000000123e-01 3.270089379999999712e-01 3.080348820000000098e-01
1.137440480000000004e-01 2.234439700000000195e-01 1.915777900000000256e-01 2.724907380000000101e-01 3.273210199999999626e-01 1.812724000000000280e-01 3.701931519999999698e-01 2.583262259999999921e-01 2.761790080000000036e-01 2.577802579999999844e-01 1.918609460000000044e-01 3.126997639999999912e-01 2.125381100000000301e-01 3.681710340000000081e-01 0.000000000000000000e+00 3.930270879999999689e-01 4.269335200000000663e-01 2.699317820000000090e-01 4.262760339999999704e-01 4.878217280000000100e-01 2.862484740000000305e-01 3.398219199999999995e-01
2.361699279999999734e-01 2.372367619999999899e-01 2.072999339999999913e-01 3.244200859999999964e-01 2.892516340000000352e-01 1.862754580000000326e-01 4.491204060000000275e-01 2.102643000000000151e-01 3.735327640000000171e-01 3.326994659999999993e-01 2.739591200000000004e-01 3.404916620000000282e-01 1.746343380000000001e-01 3.292605400000000460e-01 3.930270879999999689e-01 0.000000000000000000e+00 3.563447339999999963e-01 6.383820479999999797e-01 4.560784819999999518e-01 4.885597019999999846e-01 2.562514180000000086e-01 2.646413760000000392e-01
2.419708379999999937e-01 3.042782480000000289e-01 2.362104280000000001e-01 1.543096740000000078e-01 2.713030520000000445e-01 2.498052659999999980e-01 2.707800599999999891e-01 2.091745939999999915e-01 1.589751419999999860e-01 3.016142960000000039e-01 2.825816879999999420e-01 1.539225120000000113e-01 2.171568039999999811e-01 2.549585619999999997e-01 4.269335200000000663e-01 3.563447339999999963e-01 0.000000000000000000e+00 2.756318580000000074e-01 7.660261240000000305e-01 3.206358200000000158e-01 2.710220220000000291e-01 3.581987580000000060e-01
3.537764620000000138e-01 1.965890260000000000e-01 2.885080600000000106e-01 2.306262419999999813e-01 2.943025400000000014e-01 2.840708399999999911e-01 3.540916779999999653e-01 2.082026460000000190e-01 3.057758640000000083e-01 3.325022240000000129e-01 2.856489420000000168e-01 2.312758540000000029e-01 2.795511840000000636e-01 2.511972780000000238e-01 2.699317820000000090e-01 6.383820479999999797e-01 2.756318580000000074e-01 0.000000000000000000e+00 3.291748019999999886e-01 6.526056799999999658e-01 2.785422419999999954e-01 2.349801900000000054e-01
2.622284000000000281e-01 2.800970999999999878e-01 1.621495240000000171e-01 2.045463940000000203e-01 2.297667659999999556e-01 2.789078180000000295e-01 4.410451899999999759e-01 2.062102939999999884e-01 2.476557520000000068e-01 2.188523760000000151e-01 2.332772399999999968e-01 2.392297320000000005e-01 1.896851599999999638e-01 3.028109319999999771e-01 4.262760339999999704e-01 4.560784819999999518e-01 7.660261240000000305e-01 3.291748019999999886e-01 0.000000000000000000e+00 3.325474660000000138e-01 2.024560660000000178e-01 2.713022660000000141e-01
2.877094900000000122e-01 2.698441460000000069e-01 2.773003680000000193e-01 2.471942779999999895e-01 2.740761660000000099e-01 2.158769140000000031e-01 4.369000739999999716e-01 2.824973100000000015e-01 3.244599140000000159e-01 2.918388459999999851e-01 2.201138219999999868e-01 2.322509979999999863e-01 2.586965499999999696e-01 2.925582640000000123e-01 4.878217280000000100e-01 4.885597019999999846e-01 3.206358200000000158e-01 6.526056799999999658e-01 3.325474660000000138e-01 0.000000000000000000e+00 3.085584619999999778e-01 2.453576619999999764e-01
2.828461599999999576e-01 2.095457020000000004e-01 7.716943820000000676e-01 2.680200239999999678e-01 1.740990540000000031e-01 3.454341040000000196e-01 4.290483219999999820e-01 1.027862479999999967e-01 5.106440340000000244e-01 5.730185939999998812e-01 8.124533240000000323e-01 3.374568279999999865e-01 7.969986999999999489e-01 3.270089379999999712e-01 2.862484740000000305e-01 2.562514180000000086e-01 2.710220220000000291e-01 2.785422419999999954e-01 2.024560660000000178e-01 3.085584619999999778e-01 0.000000000000000000e+00 3.003501960000000137e-01
3.471289000000000180e-01 2.262174279999999982e-01 3.042585599999999557e-01 3.593856979999999757e-01 2.562075160000000240e-01 3.212795820000000080e-01 1.606599879999999758e-01 4.113012219999999664e-01 3.698867499999999309e-01 3.777657440000000144e-01 3.851094080000000419e-01 3.600585079999999993e-01 2.973189620000000200e-01 3.080348820000000098e-01 3.398219199999999995e-01 2.646413760000000392e-01 3.581987580000000060e-01 2.349801900000000054e-01 2.713022660000000141e-01 2.453576619999999764e-01 3.003501960000000137e-01 0.000000000000000000e+00
