0.000000000000000000e+00 7.317576860000000183e-01 5.558051179999999869e-01 6.040109460000000485e-01 7.774726700000000879e-01 9.113822840000000980e-01 1.702561499999999950e-01 2.129429359999999993e-01 2.296892300000000220e-01 2.107776239999999690e-01 1.894977120000000126e-01 2.245196919999999652e-01 2.083215580000000178e-01 1.838173240000000042e-01 1.635490879999999814e-01 1.230452440000000119e-01 1.031962180000000062e-01 1.087199040000000061e-01 1.128449100000000066e-01 1.311663339999999955e-01 2.385552960000000000e-01 2.641839679999999912e-01
7.317576860000000183e-01 0.000000000000000000e+00 6.213142919999999902e-01 5.498185300000000275e-01 8.835651079999999880e-01 6.988384159999999623e-01 1.630546559999999923e-01 2.130291480000000015e-01 2.308920619999999813e-01 2.146977419999999692e-01 1.889552019999999888e-01 2.377914620000000367e-01 2.056595300000000071e-01 1.859057180000000253e-01 1.470349420000000018e-01 1.216960199999999881e-01 9.571214000000000111e-02 1.064388599999999963e-01 1.029984639999999840e-01 1.167046300000000036e-01 2.437564520000000401e-01 2.674455339999999848e-01
5.558051179999999869e-01 6.213142919999999902e-01 0.000000000000000000e+00 6.072530379999999672e-01 6.098707420000000212e-01 5.581762139999999484e-01 4.035508960000000478e-01 3.865350379999999975e-01 5.727042499999999148e-01 4.545164360000000237e-01 6.083419699999998986e-01 3.728103600000000073e-01 6.189303059999999856e-01 3.131442400000000181e-01 1.701323319999999972e-01 1.850928300000000137e-01 1.261120779999999886e-01 1.072182600000000097e-01 1.489485620000000066e-01 1.586608100000000132e-01 6.252636199999999089e-01 5.708835959999999377e-01
6.040109460000000485e-01 5.498185300000000275e-01 6.072530379999999672e-01 0.000000000000000000e+00 5.539472480000000587e-01 5.889375660000000234e-01 2.690875959999999845e-01 5.088643059999999885e-01 4.866330939999999883e-01 5.955388560000000053e-01 3.691228119999999668e-01 6.249199939999999787e-01 3.773424819999999791e-01 5.662789200000000189e-01 1.623131139999999806e-01 2.260003839999999986e-01 1.468676959999999920e-01 1.030508839999999954e-01 1.566127359999999746e-01 1.705428599999999906e-01 4.751569400000000276e-01 5.996547740000000015e-01
7.774726700000000879e-01 8.835651079999999880e-01 6.098707420000000212e-01 5.539472480000000587e-01 0.000000000000000000e+00 7.625919459999999095e-01 1.852710479999999937e-01 1.968920080000000072e-01 2.286416860000000106e-01 1.920453599999999983e-01 1.864745660000000083e-01 2.015649439999999681e-01 2.102240799999999799e-01 1.584797000000000011e-01 1.412065200000000020e-01 1.353985620000000001e-01 8.717361199999998367e-02 1.172316080000000149e-01 1.037677759999999783e-01 1.316422939999999930e-01 2.340081920000000315e-01 2.501634599999999486e-01
9.113822840000000980e-01 6.988384159999999623e-01 5.581762139999999484e-01 5.889375660000000234e-01 7.625919459999999095e-01 0.000000000000000000e+00 1.493493200000000076e-01 1.927809080000000008e-01 1.980521160000000003e-01 1.997612120000000213e-01 1.843535419999999814e-01 2.243150560000000127e-01 1.900045079999999886e-01 1.828213080000000157e-01 1.674745259999999847e-01 1.134364220000000090e-01 1.125496920000000206e-01 1.212498419999999966e-01 1.256285740000000206e-01 1.309104839999999936e-01 2.150808140000000090e-01 2.432011360000000122e-01
1.702561499999999950e-01 1.630546559999999923e-01 4.035508960000000478e-01 2.690875959999999845e-01 1.852710479999999937e-01 1.493493200000000076e-01 0.000000000000000000e+00 4.833051440000000198e-01 4.630060000000000286e-01 4.040883079999999516e-01 4.812797580000000019e-01 2.658870500000000137e-01 4.346463560000000115e-01 2.347813700000000170e-01 6.219269039999999471e-01 3.604375059999999631e-01 2.200481740000000408e-01 1.220553259999999918e-01 2.386277739999999592e-01 3.863148499999999874e-01 4.225181400000000420e-01 3.923320419999999364e-01
2.129429359999999993e-01 2.130291480000000015e-01 3.865350379999999975e-01 5.088643059999999885e-01 1.968920080000000072e-01 1.927809080000000008e-01 4.833051440000000198e-01 0.000000000000000000e+00 4.907291380000000092e-01 5.816311740000000841e-01 4.050259119999999879e-01 5.473281660000000048e-01 3.561744940000000081e-01 4.653428200000000459e-01 1.597885259999999863e-01 5.400755660000000624e-01 2.039333440000000164e-01 1.325444799999999923e-01 3.311759859999999778e-01 3.022562140000000230e-01 4.188920180000000326e-01 5.295171739999999794e-01
2.296892300000000220e-01 2.308920619999999813e-01 5.727042499999999148e-01 4.866330939999999883e-01 2.286416860000000106e-01 1.980521160000000003e-01 4.630060000000000286e-01 4.907291380000000092e-01 0.000000000000000000e+00 4.979503960000000728e-01 6.467764540000000562e-01 4.126132840000000246e-01 7.331739020000000995e-01 3.978849939999999363e-01 1.869774560000000141e-01 2.556940440000000092e-01 1.368315520000000229e-01 8.367874599999999830e-02 1.934111419999999804e-01 1.675279459999999832e-01 6.745220960000000154e-01 6.610867860000000373e-01
2.107776239999999690e-01 2.146977419999999692e-01 4.545164360000000237e-01 5.955388560000000053e-01 1.920453599999999983e-01 1.997612120000000213e-01 4.040883079999999516e-01 5.816311740000000841e-01 4.979503960000000728e-01 0.000000000000000000e+00 4.860083620000000271e-01 6.466520219999999375e-01 4.455361439999999673e-01 7.508534279999999894e-01 1.045798279999999858e-01 3.159825339999999816e-01 1.414826419999999918e-01 8.287405800000000045e-02 2.096946359999999898e-01 1.971761780000000075e-01 5.766641040000000107e-01 6.170227839999998798e-01
1.894977120000000126e-01 1.889552019999999888e-01 6.083419699999998986e-01 3.691228119999999668e-01 1.864745660000000083e-01 1.843535419999999814e-01 4.812797580000000019e-01 4.050259119999999879e-01 6.467764540000000562e-01 4.860083620000000271e-01 0.000000000000000000e+00 3.010207540000000570e-01 7.724587199999999321e-01 2.995136040000000444e-01 1.554906859999999891e-01 1.964036120000000052e-01 1.711937879999999856e-01 3.472221600000000713e-02 2.173457679999999947e-01 1.385177439999999982e-01 7.453339760000000647e-01 6.129026280000000604e-01
2.245196919999999652e-01 2.377914620000000367e-01 3.728103600000000073e-01 6.249199939999999787e-01 2.015649439999999681e-01 2.243150560000000127e-01 2.658870500000000137e-01 5.473281660000000048e-01 4.126132840000000246e-01 6.466520219999999375e-01 3.010207540000000570e-01 0.000000000000000000e+00 2.934124579999999871e-01 6.449355940000000009e-01 1.079843300000000034e-01 2.303985779999999650e-01 1.513078019999999912e-01 9.327778400000000247e-02 1.895091019999999848e-01 1.785028320000000002e-01 4.100006680000000125e-01 5.547522580000000536e-01
2.083215580000000178e-01 2.056595300000000071e-01 6.189303059999999856e-01 3.773424819999999791e-01 2.102240799999999799e-01 1.900045079999999886e-01 4.346463560000000115e-01 3.561744940000000081e-01 7.331739020000000995e-01 4.455361439999999673e-01 7.724587199999999321e-01 2.934124579999999871e-01 0.000000000000000000e+00 2.615778300000000112e-01 1.461822359999999932e-01 1.948228200000000077e-01 1.285131399999999979e-01 6.828279600000000671e-02 1.676647379999999798e-01 9.389053799999999561e-02 7.379877040000000221e-01 5.844247399999999981e-01
1.838173240000000042e-01 1.859057180000000253e-01 3.131442400000000181e-01 5.662789200000000189e-01 1.584797000000000011e-01 1.828213080000000157e-01 2.347813700000000170e-01 4.653428200000000459e-01 3.978849939999999363e-01 7.508534279999999894e-01 2.995136040000000444e-01 6.449355940000000009e-01 2.615778300000000112e-01 0.000000000000000000e+00 1.180260459999999956e-01 2.129715260000000221e-01 1.380361500000000241e-01 9.709900200000000370e-02 1.602049419999999891e-01 1.415898179999999784e-01 3.816003599999999163e-01 5.175631800000000116e-01
1.635490879999999814e-01 1.470349420000000018e-01 1.701323319999999972e-01 1.623131139999999806e-01 1.412065200000000020e-01 1.674745259999999847e-01 6.219269039999999471e-01 1.597885259999999863e-01 1.869774560000000141e-01 1.045798279999999858e-01 1.554906859999999891e-01 1.079843300000000034e-01 1.461822359999999932e-01 1.180260459999999956e-01 0.000000000000000000e+00 2.433897920000000215e-01 1.866486919999999772e-01 1.907826699999999875e-01 1.581659840000000095e-01 2.758981799999999929e-01 1.279188540000000263e-01 1.179360879999999945e-01
1.230452440000000119e-01 1.216960199999999881e-01 1.850928300000000137e-01 2.260003839999999986e-01 1.353985620000000001e-01 1.134364220000000090e-01 3.604375059999999631e-01 5.400755660000000624e-01 2.556940440000000092e-01 3.159825339999999816e-01 1.964036120000000052e-01 2.303985779999999650e-01 1.948228200000000077e-01 2.129715260000000221e-01 2.433897920000000215e-01 0.000000000000000000e+00 5.866511399999999737e-02 7.637296600000000046e-02 9.337020800000001008e-02 1.753588640000000309e-01 1.886991699999999716e-01 1.999802079999999926e-01
1.031962180000000062e-01 9.571214000000000111e-02 1.261120779999999886e-01 1.468676959999999920e-01 8.717361199999998367e-02 1.125496920000000206e-01 2.200481740000000408e-01 2.039333440000000164e-01 1.368315520000000229e-01 1.414826419999999918e-01 1.711937879999999856e-01 1.513078019999999912e-01 1.285131399999999979e-01 1.380361500000000241e-01 1.866486919999999772e-01 5.866511399999999737e-02 0.000000000000000000e+00 1.664273420000000059e-01 8.960125220000000335e-01 1.838293300000000130e-01 1.584987119999999861e-01 1.539713880000000146e-01
1.087199040000000061e-01 1.064388599999999963e-01 1.072182600000000097e-01 1.030508839999999954e-01 1.172316080000000149e-01 1.212498419999999966e-01 1.220553259999999918e-01 1.325444799999999923e-01 8.367874599999999830e-02 8.287405800000000045e-02 3.472221600000000713e-02 9.327778400000000247e-02 6.828279600000000671e-02 9.709900200000000370e-02 1.907826699999999875e-01 7.637296600000000046e-02 1.664273420000000059e-01 0.000000000000000000e+00 1.896173319999999995e-01 6.483921080000000225e-01 8.965860600000000180e-02 1.172758860000000097e-01
1.128449100000000066e-01 1.029984639999999840e-01 1.489485620000000066e-01 1.566127359999999746e-01 1.037677759999999783e-01 1.256285740000000206e-01 2.386277739999999592e-01 3.311759859999999778e-01 1.934111419999999804e-01 2.096946359999999898e-01 2.173457679999999947e-01 1.895091019999999848e-01 1.676647379999999798e-01 1.602049419999999891e-01 1.581659840000000095e-01 9.337020800000001008e-02 8.960125220000000335e-01 1.896173319999999995e-01 0.000000000000000000e+00 2.070563599999999949e-01 2.058729980000000293e-01 2.091704679999999983e-01
1.311663339999999955e-01 1.167046300000000036e-01 1.586608100000000132e-01 1.705428599999999906e-01 1.316422939999999930e-01 1.309104839999999936e-01 3.863148499999999874e-01 3.022562140000000230e-01 1.675279459999999832e-01 1.971761780000000075e-01 1.385177439999999982e-01 1.785028320000000002e-01 9.389053799999999561e-02 1.415898179999999784e-01 2.758981799999999929e-01 1.753588640000000309e-01 1.838293300000000130e-01 6.483921080000000225e-01 2.070563599999999949e-01 0.000000000000000000e+00 1.209925619999999979e-01 1.513162159999999756e-01
2.385552960000000000e-01 2.437564520000000401e-01 6.252636199999999089e-01 4.751569400000000276e-01 2.340081920000000315e-01 2.150808140000000090e-01 4.225181400000000420e-01 4.188920180000000326e-01 6.745220960000000154e-01 5.766641040000000107e-01 7.453339760000000647e-01 4.100006680000000125e-01 7.379877040000000221e-01 3.816003599999999163e-01 1.279188540000000263e-01 1.886991699999999716e-01 1.584987119999999861e-01 8.965860600000000180e-02 2.058729980000000293e-01 1.209925619999999979e-01 0.000000000000000000e+00 7.154709260000000626e-01
2.641839679999999912e-01 2.674455339999999848e-01 5.708835959999999377e-01 5.996547740000000015e-01 2.501634599999999486e-01 2.432011360000000122e-01 3.923320419999999364e-01 5.295171739999999794e-01 6.610867860000000373e-01 6.170227839999998798e-01 6.129026280000000604e-01 5.547522580000000536e-01 5.844247399999999981e-01 5.175631800000000116e-01 1.179360879999999945e-01 1.999802079999999926e-01 1.539713880000000146e-01 1.172758860000000097e-01 2.091704679999999983e-01 1.513162159999999756e-01 7.154709260000000626e-01 0.000000000000000000e+00
