0.000000000000000000e+00 2.680838199999999727e-01 5.534009200000000739e-02 4.024312919999999960e-01 2.553342339999999933e-01 6.896454819999999764e-01 8.832445399999999669e-02 7.421243000000000978e-02 7.742416199999999082e-02 7.157840199999999931e-02 1.080021200000000070e-01 9.535171600000000303e-02 8.822982399999999836e-02 1.024007579999999945e-01 5.943764999999999465e-02 8.722873800000000011e-02 5.407703199999999016e-02 7.499771000000000909e-02 6.007413799999999915e-02 9.620731400000000211e-02 1.107810299999999887e-01 7.634119999999999795e-02
2.680838199999999727e-01 0.000000000000000000e+00 1.849114259999999899e-01 1.637516099999999919e-01 7.057967539999999707e-01 9.289430199999999804e-02 7.067165200000000147e-02 4.990678999999999949e-02 6.392184200000000649e-02 9.738048400000001714e-02 1.088710499999999970e-01 9.413188599999999795e-02 8.755523200000001061e-02 7.107052199999999709e-02 5.105274600000000301e-02 1.006872060000000013e-01 9.198191399999999796e-02 7.014624599999999544e-02 9.215592400000001405e-02 7.174328599999998946e-02 9.232538199999999751e-02 1.259980420000000045e-01
5.534009200000000739e-02 1.849114259999999899e-01 0.000000000000000000e+00 1.948672100000000129e-01 2.688834280000000354e-01 1.346737419999999852e-01 9.611784599999999290e-02 1.516955419999999888e-01 1.579534060000000184e-01 1.235684840000000062e-01 5.289383599999999408e-01 1.398701020000000239e-01 4.590761780000000014e-01 7.757343799999999456e-02 1.124760379999999865e-01 9.988501399999999419e-02 2.178193559999999640e-01 2.138134439999999914e-01 2.265251739999999958e-01 2.329074219999999751e-01 3.937336540000000440e-01 2.769301739999999734e-01
4.024312919999999960e-01 1.637516099999999919e-01 1.948672100000000129e-01 0.000000000000000000e+00 2.162005740000000065e-01 3.356187519999999647e-01 1.037554100000000201e-01 2.523258800000000024e-01 1.637600399999999956e-01 1.253859079999999904e-01 2.091512080000000329e-01 4.072604419999999448e-01 1.119004879999999924e-01 3.686617019999999800e-01 8.292903999999999554e-02 1.088789919999999939e-01 1.439216379999999906e-01 1.520204500000000292e-01 1.562430079999999888e-01 1.431494419999999879e-01 1.910895099999999902e-01 3.918471799999999616e-01
2.553342339999999933e-01 7.057967539999999707e-01 2.688834280000000354e-01 2.162005740000000065e-01 0.000000000000000000e+00 2.363270219999999977e-01 7.200959199999999727e-02 7.091761600000000276e-02 6.060252200000000589e-02 8.103963999999999612e-02 1.019268540000000112e-01 1.230373399999999950e-01 1.112726160000000047e-01 8.642924000000000440e-02 7.903191000000001076e-02 7.882439999999998892e-02 8.099171000000000842e-02 5.754552999999999752e-02 7.818106799999999246e-02 5.917591800000000790e-02 8.339870400000000406e-02 1.335724540000000071e-01
6.896454819999999764e-01 9.289430199999999804e-02 1.346737419999999852e-01 3.356187519999999647e-01 2.363270219999999977e-01 0.000000000000000000e+00 7.230625599999998543e-02 1.064516460000000109e-01 8.687597400000000858e-02 6.817021400000000675e-02 5.846965200000000390e-02 9.415716799999999942e-02 8.589852400000000388e-02 7.337326999999999044e-02 6.920050800000000779e-02 9.048321399999999237e-02 5.957923599999999376e-02 7.289984800000000320e-02 6.271833999999999743e-02 8.409988199999998693e-02 8.386277999999999788e-02 5.549250000000000016e-02
8.832445399999999669e-02 7.067165200000000147e-02 9.611784599999999290e-02 1.037554100000000201e-01 7.200959199999999727e-02 7.230625599999998543e-02 0.000000000000000000e+00 6.374491060000000431e-01 1.785111540000000052e-01 2.419155780000000200e-01 1.354752579999999873e-01 1.332715100000000097e-01 1.089590720000000179e-01 1.184864079999999875e-01 2.064131459999999918e-01 4.000618539999999390e-01 6.020046900000000090e-01 6.506228119999999393e-01 6.617519920000000111e-01 6.660397420000000457e-01 1.049271260000000094e-01 2.122496140000000031e-01
7.421243000000000978e-02 4.990678999999999949e-02 1.516955419999999888e-01 2.523258800000000024e-01 7.091761600000000276e-02 1.064516460000000109e-01 6.374491060000000431e-01 0.000000000000000000e+00 2.060902219999999896e-01 2.074899760000000204e-01 1.648418020000000095e-01 2.317319219999999791e-01 1.449954720000000141e-01 1.079884839999999818e-01 1.111619020000000069e-01 5.672517920000000879e-01 5.728260759999999063e-01 6.184099159999998374e-01 6.385326020000000602e-01 6.274828559999999777e-01 1.910948040000000070e-01 2.798214239999999853e-01
7.742416199999999082e-02 6.392184200000000649e-02 1.579534060000000184e-01 1.637600399999999956e-01 6.060252200000000589e-02 8.687597400000000858e-02 1.785111540000000052e-01 2.060902219999999896e-01 0.000000000000000000e+00 9.254219599999999324e-02 1.677761200000000008e-01 1.766397260000000247e-01 2.822021259999999976e-01 1.444320679999999968e-01 1.011287740000000046e-01 1.114607860000000061e-01 8.976659200000000616e-02 1.382109460000000012e-01 1.018667420000000101e-01 1.354616560000000136e-01 1.872870719999999989e-01 2.646163620000000494e-01
7.157840199999999931e-02 9.738048400000001714e-02 1.235684840000000062e-01 1.253859079999999904e-01 8.103963999999999612e-02 6.817021400000000675e-02 2.419155780000000200e-01 2.074899760000000204e-01 9.254219599999999324e-02 0.000000000000000000e+00 1.566439580000000276e-01 1.431696700000000266e-01 1.338233360000000149e-01 4.435728099999999285e-01 7.352268599999998988e-02 1.624578140000000059e-01 1.627631800000000073e-01 1.728035259999999851e-01 1.837236680000000066e-01 1.765708640000000218e-01 1.213292899999999924e-01 1.039813599999999949e-01
1.080021200000000070e-01 1.088710499999999970e-01 5.289383599999999408e-01 2.091512080000000329e-01 1.019268540000000112e-01 5.846965200000000390e-02 1.354752579999999873e-01 1.648418020000000095e-01 1.677761200000000008e-01 1.566439580000000276e-01 0.000000000000000000e+00 1.089464839999999962e-01 5.838711819999999886e-01 8.756856999999999835e-02 1.060713920000000005e-01 7.157318799999999592e-02 1.547905660000000183e-01 1.624515659999999917e-01 1.710948220000000075e-01 1.668407560000000067e-01 4.975290120000000482e-01 3.479046840000000196e-01
9.535171600000000303e-02 9.413188599999999795e-02 1.398701020000000239e-01 4.072604419999999448e-01 1.230373399999999950e-01 9.415716799999999942e-02 1.332715100000000097e-01 2.317319219999999791e-01 1.766397260000000247e-01 1.431696700000000266e-01 1.089464839999999962e-01 0.000000000000000000e+00 7.047156799999999832e-02 3.428232699999999578e-01 7.131981600000000809e-02 8.053026400000000418e-02 1.939670820000000129e-01 1.464722399999999758e-01 1.944875980000000115e-01 1.685292279999999754e-01 1.348497760000000045e-01 3.500962140000000167e-01
8.822982399999999836e-02 8.755523200000001061e-02 4.590761780000000014e-01 1.119004879999999924e-01 1.112726160000000047e-01 8.589852400000000388e-02 1.089590720000000179e-01 1.449954720000000141e-01 2.822021259999999976e-01 1.338233360000000149e-01 5.838711819999999886e-01 7.047156799999999832e-02 0.000000000000000000e+00 9.448979399999998807e-02 1.048911139999999936e-01 5.710898399999999459e-02 1.400475959999999964e-01 1.268385160000000123e-01 1.553022740000000179e-01 1.368262379999999889e-01 5.145643859999999847e-01 1.908318159999999875e-01
1.024007579999999945e-01 7.107052199999999709e-02 7.757343799999999456e-02 3.686617019999999800e-01 8.642924000000000440e-02 7.337326999999999044e-02 1.184864079999999875e-01 1.079884839999999818e-01 1.444320679999999968e-01 4.435728099999999285e-01 8.756856999999999835e-02 3.428232699999999578e-01 9.448979399999998807e-02 0.000000000000000000e+00 1.080204299999999867e-01 6.573559600000000724e-02 1.207253700000000124e-01 1.145044200000000095e-01 1.302337000000000078e-01 1.086460580000000037e-01 7.328165799999999952e-02 2.622609280000000043e-01
5.943764999999999465e-02 5.105274600000000301e-02 1.124760379999999865e-01 8.292903999999999554e-02 7.903191000000001076e-02 6.920050800000000779e-02 2.064131459999999918e-01 1.111619020000000069e-01 1.011287740000000046e-01 7.352268599999998988e-02 1.060713920000000005e-01 7.131981600000000809e-02 1.048911139999999936e-01 1.080204299999999867e-01 0.000000000000000000e+00 2.032213380000000014e-01 1.773683520000000069e-01 2.249498920000000124e-01 9.930528000000000965e-02 1.479910620000000065e-01 8.583918999999999577e-02 1.256582760000000132e-01
8.722873800000000011e-02 1.006872060000000013e-01 9.988501399999999419e-02 1.088789919999999939e-01 7.882439999999998892e-02 9.048321399999999237e-02 4.000618539999999390e-01 5.672517920000000879e-01 1.114607860000000061e-01 1.624578140000000059e-01 7.157318799999999592e-02 8.053026400000000418e-02 5.710898399999999459e-02 6.573559600000000724e-02 2.032213380000000014e-01 0.000000000000000000e+00 3.291053820000000019e-01 5.392645659999999452e-01 4.007545999999999609e-01 4.676904020000000051e-01 9.700160599999999023e-02 1.244737340000000164e-01
5.407703199999999016e-02 9.198191399999999796e-02 2.178193559999999640e-01 1.439216379999999906e-01 8.099171000000000842e-02 5.957923599999999376e-02 6.020046900000000090e-01 5.728260759999999063e-01 8.976659200000000616e-02 1.627631800000000073e-01 1.547905660000000183e-01 1.939670820000000129e-01 1.400475959999999964e-01 1.207253700000000124e-01 1.773683520000000069e-01 3.291053820000000019e-01 0.000000000000000000e+00 5.220627500000000198e-01 9.639736559999999566e-01 5.760202940000000993e-01 2.114219599999999644e-01 1.933503279999999880e-01
7.499771000000000909e-02 7.014624599999999544e-02 2.138134439999999914e-01 1.520204500000000292e-01 5.754552999999999752e-02 7.289984800000000320e-02 6.506228119999999393e-01 6.184099159999998374e-01 1.382109460000000012e-01 1.728035259999999851e-01 1.624515659999999917e-01 1.464722399999999758e-01 1.268385160000000123e-01 1.145044200000000095e-01 2.249498920000000124e-01 5.392645659999999452e-01 5.220627500000000198e-01 0.000000000000000000e+00 5.937042960000000758e-01 9.195779160000000507e-01 1.808638160000000106e-01 2.008557719999999880e-01
6.007413799999999915e-02 9.215592400000001405e-02 2.265251739999999958e-01 1.562430079999999888e-01 7.818106799999999246e-02 6.271833999999999743e-02 6.617519920000000111e-01 6.385326020000000602e-01 1.018667420000000101e-01 1.837236680000000066e-01 1.710948220000000075e-01 1.944875980000000115e-01 1.553022740000000179e-01 1.302337000000000078e-01 9.930528000000000965e-02 4.007545999999999609e-01 9.639736559999999566e-01 5.937042960000000758e-01 0.000000000000000000e+00 6.277818139999999936e-01 2.214809279999999936e-01 2.211320439999999721e-01
9.620731400000000211e-02 7.174328599999998946e-02 2.329074219999999751e-01 1.431494419999999879e-01 5.917591800000000790e-02 8.409988199999998693e-02 6.660397420000000457e-01 6.274828559999999777e-01 1.354616560000000136e-01 1.765708640000000218e-01 1.668407560000000067e-01 1.685292279999999754e-01 1.368262379999999889e-01 1.086460580000000037e-01 1.479910620000000065e-01 4.676904020000000051e-01 5.760202940000000993e-01 9.195779160000000507e-01 6.277818139999999936e-01 0.000000000000000000e+00 1.878525339999999877e-01 2.055025739999999934e-01
1.107810299999999887e-01 9.232538199999999751e-02 3.937336540000000440e-01 1.910895099999999902e-01 8.339870400000000406e-02 8.386277999999999788e-02 1.049271260000000094e-01 1.910948040000000070e-01 1.872870719999999989e-01 1.213292899999999924e-01 4.975290120000000482e-01 1.348497760000000045e-01 5.145643859999999847e-01 7.328165799999999952e-02 8.583918999999999577e-02 9.700160599999999023e-02 2.114219599999999644e-01 1.808638160000000106e-01 2.214809279999999936e-01 1.878525339999999877e-01 0.000000000000000000e+00 3.719125380000000147e-01
7.634119999999999795e-02 1.259980420000000045e-01 2.769301739999999734e-01 3.918471799999999616e-01 1.335724540000000071e-01 5.549250000000000016e-02 2.122496140000000031e-01 2.798214239999999853e-01 2.646163620000000494e-01 1.039813599999999949e-01 3.479046840000000196e-01 3.500962140000000167e-01 1.908318159999999875e-01 2.622609280000000043e-01 1.256582760000000132e-01 1.244737340000000164e-01 1.933503279999999880e-01 2.008557719999999880e-01 2.211320439999999721e-01 2.055025739999999934e-01 3.719125380000000147e-01 0.000000000000000000e+00
