0.000000000000000000e+00 6.993068780000000206e-01 5.197498000000000395e-01 6.052363440000000372e-01 7.344920740000000503e-01 9.045422600000000424e-01 1.219807859999999938e-01 1.406533600000000050e-01 1.790907919999999987e-01 1.729354019999999603e-01 1.899695299999999976e-01 9.903726999999999669e-02 2.073282280000000033e-01 1.206635279999999921e-01 9.609159599999998747e-02 1.482506840000000214e-01 1.122707319999999981e-01 1.140794480000000000e-01 1.015730940000000027e-01 1.298890779999999912e-01 1.972574380000000072e-01 1.887229899999999794e-01
6.993068780000000206e-01 0.000000000000000000e+00 5.097939840000000888e-01 4.985921299999999112e-01 8.727859340000000410e-01 6.783775100000000169e-01 1.053704779999999896e-01 1.281730320000000201e-01 1.438594320000000093e-01 1.545669820000000194e-01 1.558887620000000140e-01 8.496422400000000485e-02 1.734654599999999880e-01 1.188458779999999881e-01 1.217437599999999787e-01 1.167447799999999924e-01 1.134814400000000029e-01 1.051112859999999982e-01 1.092414139999999811e-01 1.218756240000000018e-01 1.641664319999999733e-01 1.678149540000000162e-01
5.197498000000000395e-01 5.097939840000000888e-01 0.000000000000000000e+00 5.767973499999999865e-01 5.349028780000001371e-01 5.099170500000000938e-01 4.558588060000000053e-01 3.157367540000000083e-01 5.734579619999999878e-01 4.480976159999999764e-01 6.466824479999999653e-01 2.512019380000000135e-01 6.475514519999999719e-01 2.483337699999999815e-01 2.008035700000000146e-01 1.206128680000000120e-01 7.349822599999999984e-02 1.150600979999999857e-01 1.183872560000000240e-01 2.159423859999999862e-01 6.254928220000000039e-01 5.479885440000000774e-01
6.052363440000000372e-01 4.985921299999999112e-01 5.767973499999999865e-01 0.000000000000000000e+00 5.369264839999999817e-01 5.858654580000000056e-01 3.331831299999999940e-01 4.900943039999999806e-01 4.534243220000000463e-01 5.531160780000000665e-01 3.419287859999999846e-01 5.676946540000000763e-01 3.634590079999999723e-01 5.421999780000000824e-01 1.090118600000000021e-01 1.872649619999999793e-01 9.023928200000000399e-02 1.431035159999999862e-01 1.682962280000000199e-01 2.366534539999999853e-01 4.345424579999999648e-01 5.697064239999999335e-01
7.344920740000000503e-01 8.727859340000000410e-01 5.349028780000001371e-01 5.369264839999999817e-01 0.000000000000000000e+00 7.384590279999999618e-01 9.592402199999998380e-02 1.293221080000000189e-01 1.624528079999999763e-01 1.682211419999999902e-01 1.474111680000000091e-01 9.323316600000000620e-02 1.753053019999999962e-01 1.240456199999999953e-01 1.155095220000000172e-01 1.101238799999999934e-01 1.309284279999999856e-01 1.103169060000000201e-01 1.123946260000000114e-01 1.223072540000000041e-01 1.829089119999999791e-01 1.792715780000000148e-01
9.045422600000000424e-01 6.783775100000000169e-01 5.099170500000000938e-01 5.858654580000000056e-01 7.384590279999999618e-01 0.000000000000000000e+00 1.037179639999999958e-01 1.251466880000000059e-01 1.545958500000000069e-01 1.582283319999999993e-01 1.762942980000000159e-01 9.064297799999999905e-02 1.871540899999999952e-01 1.205780459999999943e-01 1.011464319999999945e-01 1.163160059999999996e-01 1.219361499999999932e-01 1.225244840000000029e-01 1.119747120000000040e-01 1.310095579999999982e-01 1.703520719999999933e-01 1.656973740000000084e-01
1.219807859999999938e-01 1.053704779999999896e-01 4.558588060000000053e-01 3.331831299999999940e-01 9.592402199999998380e-02 1.037179639999999958e-01 0.000000000000000000e+00 4.697964940000000089e-01 5.109304139999999439e-01 4.557574279999999645e-01 5.289008159999999403e-01 3.279000300000000090e-01 5.041346879999999420e-01 2.811777959999999799e-01 5.668924399999999419e-01 2.729966059999999750e-01 1.560596280000000058e-01 1.579989420000000033e-01 1.869803479999999907e-01 4.312911600000000623e-01 5.000025719999998675e-01 5.011681020000000597e-01
1.406533600000000050e-01 1.281730320000000201e-01 3.157367540000000083e-01 4.900943039999999806e-01 1.293221080000000189e-01 1.251466880000000059e-01 4.697964940000000089e-01 0.000000000000000000e+00 4.917008259999999242e-01 5.641810899999999407e-01 3.567975300000000294e-01 5.868735440000001358e-01 3.630648419999999987e-01 4.830057819999999391e-01 1.109662240000000022e-01 5.066604359999999918e-01 1.485416380000000036e-01 1.173626259999999977e-01 2.809851140000000358e-01 3.058195559999999924e-01 4.187948380000000026e-01 5.703644260000000354e-01
1.790907919999999987e-01 1.438594320000000093e-01 5.734579619999999878e-01 4.534243220000000463e-01 1.624528079999999763e-01 1.545958500000000069e-01 5.109304139999999439e-01 4.917008259999999242e-01 0.000000000000000000e+00 4.897883840000000211e-01 6.349764359999999774e-01 4.116170120000000598e-01 7.103713859999999380e-01 3.429018739999999954e-01 1.537092320000000012e-01 1.585332299999999972e-01 1.013874699999999934e-01 1.121586759999999988e-01 1.669270360000000009e-01 2.764443699999999948e-01 6.934139879999999811e-01 6.745337240000000012e-01
1.729354019999999603e-01 1.545669820000000194e-01 4.480976159999999764e-01 5.531160780000000665e-01 1.682211419999999902e-01 1.582283319999999993e-01 4.557574279999999645e-01 5.641810899999999407e-01 4.897883840000000211e-01 0.000000000000000000e+00 4.814422280000000276e-01 6.454367859999999846e-01 4.775275999999999965e-01 7.114238600000000190e-01 1.148491799999999952e-01 2.437680680000000044e-01 1.687385760000000290e-01 1.045355699999999943e-01 2.429732379999999803e-01 2.511316920000000175e-01 5.585928960000000609e-01 6.746660060000000403e-01
1.899695299999999976e-01 1.558887620000000140e-01 6.466824479999999653e-01 3.419287859999999846e-01 1.474111680000000091e-01 1.762942980000000159e-01 5.289008159999999403e-01 3.567975300000000294e-01 6.349764359999999774e-01 4.814422280000000276e-01 0.000000000000000000e+00 2.622313359999999816e-01 8.188856920000000539e-01 2.470911419999999303e-01 1.822907939999999782e-01 1.300248860000000062e-01 8.605384000000000644e-02 1.021806140000000029e-01 1.589945460000000144e-01 2.429163019999999729e-01 7.243626039999999655e-01 6.064473419999999448e-01
9.903726999999999669e-02 8.496422400000000485e-02 2.512019380000000135e-01 5.676946540000000763e-01 9.323316600000000620e-02 9.064297799999999905e-02 3.279000300000000090e-01 5.868735440000001358e-01 4.116170120000000598e-01 6.454367859999999846e-01 2.622313359999999816e-01 0.000000000000000000e+00 2.538871460000000080e-01 7.153826000000000906e-01 7.750091400000000408e-02 2.157820239999999890e-01 1.650870100000000062e-01 1.182737040000000073e-01 2.249334839999999891e-01 2.363178280000000075e-01 3.534709580000000018e-01 5.864593499999999349e-01
2.073282280000000033e-01 1.734654599999999880e-01 6.475514519999999719e-01 3.634590079999999723e-01 1.753053019999999962e-01 1.871540899999999952e-01 5.041346879999999420e-01 3.630648419999999987e-01 7.103713859999999380e-01 4.775275999999999965e-01 8.188856920000000539e-01 2.538871460000000080e-01 0.000000000000000000e+00 2.261679120000000265e-01 1.565338259999999870e-01 1.123559219999999970e-01 8.928506600000001014e-02 1.035466060000000132e-01 1.679520539999999895e-01 2.377787200000000267e-01 7.377024839999999362e-01 6.117547439999999614e-01
1.206635279999999921e-01 1.188458779999999881e-01 2.483337699999999815e-01 5.421999780000000824e-01 1.240456199999999953e-01 1.205780459999999943e-01 2.811777959999999799e-01 4.830057819999999391e-01 3.429018739999999954e-01 7.114238600000000190e-01 2.470911419999999303e-01 7.153826000000000906e-01 2.261679120000000265e-01 0.000000000000000000e+00 6.373482600000000831e-02 1.864327819999999913e-01 1.342053000000000273e-01 9.934502600000000294e-02 1.593329099999999943e-01 1.912321300000000002e-01 3.176420060000000323e-01 5.262053879999999406e-01
9.609159599999998747e-02 1.217437599999999787e-01 2.008035700000000146e-01 1.090118600000000021e-01 1.155095220000000172e-01 1.011464319999999945e-01 5.668924399999999419e-01 1.109662240000000022e-01 1.537092320000000012e-01 1.148491799999999952e-01 1.822907939999999782e-01 7.750091400000000408e-02 1.565338259999999870e-01 6.373482600000000831e-02 0.000000000000000000e+00 1.509232819999999919e-01 1.164034119999999978e-01 2.347540840000000295e-01 1.061311159999999976e-01 2.670958200000000393e-01 1.599279819999999963e-01 1.341687060000000264e-01
1.482506840000000214e-01 1.167447799999999924e-01 1.206128680000000120e-01 1.872649619999999793e-01 1.101238799999999934e-01 1.163160059999999996e-01 2.729966059999999750e-01 5.066604359999999918e-01 1.585332299999999972e-01 2.437680680000000044e-01 1.300248860000000062e-01 2.157820239999999890e-01 1.123559219999999970e-01 1.864327819999999913e-01 1.509232819999999919e-01 0.000000000000000000e+00 1.135247600000000023e-01 1.659913379999999883e-01 2.038342000000000209e-01 2.007647579999999876e-01 1.448189679999999924e-01 1.705436699999999806e-01
1.122707319999999981e-01 1.134814400000000029e-01 7.349822599999999984e-02 9.023928200000000399e-02 1.309284279999999856e-01 1.219361499999999932e-01 1.560596280000000058e-01 1.485416380000000036e-01 1.013874699999999934e-01 1.687385760000000290e-01 8.605384000000000644e-02 1.650870100000000062e-01 8.928506600000001014e-02 1.342053000000000273e-01 1.164034119999999978e-01 1.135247600000000023e-01 0.000000000000000000e+00 1.306536420000000143e-01 8.510343739999999269e-01 2.070532259999999791e-01 9.071893200000000212e-02 1.011845359999999916e-01
1.140794480000000000e-01 1.051112859999999982e-01 1.150600979999999857e-01 1.431035159999999862e-01 1.103169060000000201e-01 1.225244840000000029e-01 1.579989420000000033e-01 1.173626259999999977e-01 1.121586759999999988e-01 1.045355699999999943e-01 1.021806140000000029e-01 1.182737040000000073e-01 1.035466060000000132e-01 9.934502600000000294e-02 2.347540840000000295e-01 1.659913379999999883e-01 1.306536420000000143e-01 0.000000000000000000e+00 1.408217860000000043e-01 6.870285999999998783e-01 1.095909020000000178e-01 1.224377980000000143e-01
1.015730940000000027e-01 1.092414139999999811e-01 1.183872560000000240e-01 1.682962280000000199e-01 1.123946260000000114e-01 1.119747120000000040e-01 1.869803479999999907e-01 2.809851140000000358e-01 1.669270360000000009e-01 2.429732379999999803e-01 1.589945460000000144e-01 2.249334839999999891e-01 1.679520539999999895e-01 1.593329099999999943e-01 1.061311159999999976e-01 2.038342000000000209e-01 8.510343739999999269e-01 1.408217860000000043e-01 0.000000000000000000e+00 2.109700320000000018e-01 1.609589479999999906e-01 1.877357819999999899e-01
1.298890779999999912e-01 1.218756240000000018e-01 2.159423859999999862e-01 2.366534539999999853e-01 1.223072540000000041e-01 1.310095579999999982e-01 4.312911600000000623e-01 3.058195559999999924e-01 2.764443699999999948e-01 2.511316920000000175e-01 2.429163019999999729e-01 2.363178280000000075e-01 2.377787200000000267e-01 1.912321300000000002e-01 2.670958200000000393e-01 2.007647579999999876e-01 2.070532259999999791e-01 6.870285999999998783e-01 2.109700320000000018e-01 0.000000000000000000e+00 2.420715320000000337e-01 2.930841939999999646e-01
1.972574380000000072e-01 1.641664319999999733e-01 6.254928220000000039e-01 4.345424579999999648e-01 1.829089119999999791e-01 1.703520719999999933e-01 5.000025719999998675e-01 4.187948380000000026e-01 6.934139879999999811e-01 5.585928960000000609e-01 7.243626039999999655e-01 3.534709580000000018e-01 7.377024839999999362e-01 3.176420060000000323e-01 1.599279819999999963e-01 1.448189679999999924e-01 9.071893200000000212e-02 1.095909020000000178e-01 1.609589479999999906e-01 2.420715320000000337e-01 0.000000000000000000e+00 7.149309959999999853e-01
1.887229899999999794e-01 1.678149540000000162e-01 5.479885440000000774e-01 5.697064239999999335e-01 1.792715780000000148e-01 1.656973740000000084e-01 5.011681020000000597e-01 5.703644260000000354e-01 6.745337240000000012e-01 6.746660060000000403e-01 6.064473419999999448e-01 5.864593499999999349e-01 6.117547439999999614e-01 5.262053879999999406e-01 1.341687060000000264e-01 1.705436699999999806e-01 1.011845359999999916e-01 1.224377980000000143e-01 1.877357819999999899e-01 2.930841939999999646e-01 7.149309959999999853e-01 0.000000000000000000e+00
