0.000000000000000000e+00 3.262827920000000437e-01 1.666509180000000090e-01 2.980192199999999736e-01 3.377096299999999829e-01 6.350034979999999996e-01 1.053615300000000088e-01 1.573786480000000099e-01 2.096678139999999801e-01 2.683835840000000084e-01 1.179966560000000053e-01 2.557377020000000112e-01 2.078634239999999911e-01 2.681075860000000088e-01 2.684641639999999496e-01 3.388341179999999619e-01 2.734570619999999730e-01 2.608102820000000044e-01 2.720760359999999656e-01 2.270916199999999940e-01 1.942212219999999712e-01 1.257952960000000009e-01
3.262827920000000437e-01 0.000000000000000000e+00 1.871019419999999933e-01 3.016114319999999571e-01 6.814686279999999652e-01 3.068879580000000162e-01 3.152211419999999542e-01 3.075877300000000036e-01 3.180357539999999483e-01 2.845535299999999990e-01 2.386986759999999708e-01 4.134828060000000360e-01 2.526517659999999998e-01 1.927036119999999964e-01 2.695823479999999717e-01 2.295006359999999801e-01 2.793406159999999860e-01 2.865697799999999962e-01 2.850607779999999591e-01 2.643881299999999990e-01 1.781455779999999989e-01 2.937622380000000089e-01
1.666509180000000090e-01 1.871019419999999933e-01 0.000000000000000000e+00 3.051490740000000201e-01 1.926553160000000209e-01 1.392215820000000104e-01 4.214053219999999156e-01 2.342401739999999677e-01 4.206344519999999920e-01 4.851586039999999933e-01 7.720772160000000106e-01 1.484780640000000207e-01 7.477597280000000124e-01 2.427633620000000381e-01 3.387483900000000103e-01 2.658456219999999481e-01 2.640818040000000311e-01 2.493121040000000066e-01 2.619216979999999806e-01 2.685064400000000129e-01 6.767096360000000033e-01 5.573386979999999102e-01
2.980192199999999736e-01 3.016114319999999571e-01 3.051490740000000201e-01 0.000000000000000000e+00 2.104511999999999772e-01 2.262534060000000180e-01 3.331145099999999748e-01 5.884212460000000089e-01 4.007548379999999466e-01 3.451784619999999637e-01 2.501052220000000159e-01 7.029259220000000363e-01 3.113344479999999304e-01 4.998819559999999607e-01 2.691710519999999662e-01 3.649837539999999936e-01 1.387395439999999924e-01 3.972723260000000645e-01 2.398913199999999912e-01 4.407806959999999163e-01 2.948423619999999690e-01 5.049070700000000134e-01
3.377096299999999829e-01 6.814686279999999652e-01 1.926553160000000209e-01 2.104511999999999772e-01 0.000000000000000000e+00 2.292737420000000026e-01 2.893447820000000226e-01 1.569631799999999799e-01 3.115150360000000229e-01 3.421140859999999284e-01 2.184199699999999633e-01 3.109281039999999829e-01 2.411325660000000204e-01 2.384552739999999671e-01 3.022129080000000023e-01 1.999613560000000068e-01 3.399603239999999804e-01 2.011934959999999994e-01 2.925272780000000017e-01 1.699355559999999876e-01 2.155179040000000101e-01 1.786028679999999702e-01
6.350034979999999996e-01 3.068879580000000162e-01 1.392215820000000104e-01 2.262534060000000180e-01 2.292737420000000026e-01 0.000000000000000000e+00 2.087357200000000135e-01 3.009245200000000287e-01 2.205948839999999911e-01 2.939812759999999581e-01 2.157120840000000261e-01 2.696478860000000033e-01 1.902384420000000076e-01 3.630468099999999976e-01 2.462917780000000167e-01 3.533122739999999817e-01 2.523178660000000018e-01 2.888809659999999613e-01 2.278195000000000081e-01 1.980085619999999991e-01 2.491458380000000083e-01 1.866604400000000108e-01
1.053615300000000088e-01 3.152211419999999542e-01 4.214053219999999156e-01 3.331145099999999748e-01 2.893447820000000226e-01 2.087357200000000135e-01 0.000000000000000000e+00 2.462732440000000023e-01 3.965266239999999387e-01 3.523674600000000212e-01 4.661832499999999935e-01 2.996557340000000069e-01 5.049113720000000249e-01 3.566853520000000666e-01 4.702006799999999265e-01 4.100371920000000503e-01 3.124207440000000280e-01 4.265698460000000303e-01 4.108676059999999408e-01 4.718191420000000247e-01 4.704340499999999925e-01 3.908685619999999750e-01
1.573786480000000099e-01 3.075877300000000036e-01 2.342401739999999677e-01 5.884212460000000089e-01 1.569631799999999799e-01 3.009245200000000287e-01 2.462732440000000023e-01 0.000000000000000000e+00 3.265493000000000423e-01 2.355285959999999790e-01 1.579937080000000105e-01 6.229637219999999420e-01 2.093176520000000207e-01 3.698441719999999711e-01 2.573612859999999669e-01 3.480505500000000141e-01 2.641507740000000326e-01 2.605476539999999619e-01 2.772762659999999935e-01 3.847516719999999890e-01 2.638097120000000295e-01 5.235847560000000955e-01
2.096678139999999801e-01 3.180357539999999483e-01 4.206344519999999920e-01 4.007548379999999466e-01 3.115150360000000229e-01 2.205948839999999911e-01 3.965266239999999387e-01 3.265493000000000423e-01 0.000000000000000000e+00 4.259998179999999190e-01 4.898791740000000283e-01 4.139479540000000068e-01 4.235553479999999982e-01 3.044939239999999714e-01 2.071739899999999746e-01 1.930179619999999874e-01 1.423715259999999705e-01 3.113441399999999915e-01 1.435773720000000364e-01 2.236680660000000265e-01 3.622947500000000542e-01 2.624972799999999995e-01
2.683835840000000084e-01 2.845535299999999990e-01 4.851586039999999933e-01 3.451784619999999637e-01 3.421140859999999284e-01 2.939812759999999581e-01 3.523674600000000212e-01 2.355285959999999790e-01 4.259998179999999190e-01 0.000000000000000000e+00 5.355396059999999459e-01 2.555555100000000412e-01 5.569013919999999951e-01 2.196674419999999905e-01 3.089308920000000125e-01 2.994584519999999861e-01 1.821943580000000007e-01 3.497829399999999866e-01 2.240741119999999920e-01 2.576232059999999935e-01 5.823855960000000609e-01 2.777537019999999357e-01
1.179966560000000053e-01 2.386986759999999708e-01 7.720772160000000106e-01 2.501052220000000159e-01 2.184199699999999633e-01 2.157120840000000261e-01 4.661832499999999935e-01 1.579937080000000105e-01 4.898791740000000283e-01 5.355396059999999459e-01 0.000000000000000000e+00 2.540238859999999765e-01 7.923773919999999027e-01 2.091595680000000179e-01 3.100391180000000024e-01 2.964794060000000009e-01 2.555033139999999814e-01 2.633471560000000267e-01 1.954895759999999982e-01 2.272316360000000146e-01 7.173994419999999428e-01 5.359282619999999886e-01
2.557377020000000112e-01 4.134828060000000360e-01 1.484780640000000207e-01 7.029259220000000363e-01 3.109281039999999829e-01 2.696478860000000033e-01 2.996557340000000069e-01 6.229637219999999420e-01 4.139479540000000068e-01 2.555555100000000412e-01 2.540238859999999765e-01 0.000000000000000000e+00 1.632124940000000135e-01 4.304040560000000903e-01 3.125977659999999991e-01 2.674707619999999730e-01 2.847736479999999348e-01 4.273429639999999918e-01 3.585390179999999871e-01 4.018816939999999560e-01 1.557233579999999784e-01 5.221148159999999816e-01
2.078634239999999911e-01 2.526517659999999998e-01 7.477597280000000124e-01 3.113344479999999304e-01 2.411325660000000204e-01 1.902384420000000076e-01 5.049113720000000249e-01 2.093176520000000207e-01 4.235553479999999982e-01 5.569013919999999951e-01 7.923773919999999027e-01 1.632124940000000135e-01 0.000000000000000000e+00 2.238603779999999988e-01 3.223858580000000251e-01 3.317312220000000478e-01 2.813219200000000031e-01 3.404086199999999951e-01 2.753055759999999963e-01 2.919318699999999822e-01 7.809532459999999343e-01 5.160896739999999427e-01
2.681075860000000088e-01 1.927036119999999964e-01 2.427633620000000381e-01 4.998819559999999607e-01 2.384552739999999671e-01 3.630468099999999976e-01 3.566853520000000666e-01 3.698441719999999711e-01 3.044939239999999714e-01 2.196674419999999905e-01 2.091595680000000179e-01 4.304040560000000903e-01 2.238603779999999988e-01 0.000000000000000000e+00 2.246221279999999765e-01 2.719104260000000384e-01 2.824110940000000292e-01 2.817409979999999647e-01 3.391413659999999441e-01 2.590708939999999960e-01 2.072906880000000007e-01 3.254632960000000130e-01
2.684641639999999496e-01 2.695823479999999717e-01 3.387483900000000103e-01 2.691710519999999662e-01 3.022129080000000023e-01 2.462917780000000167e-01 4.702006799999999265e-01 2.573612859999999669e-01 2.071739899999999746e-01 3.089308920000000125e-01 3.100391180000000024e-01 3.125977659999999991e-01 3.223858580000000251e-01 2.246221279999999765e-01 0.000000000000000000e+00 4.449037859999999678e-01 5.767650840000000390e-01 4.809940140000000808e-01 5.504756800000000228e-01 6.472834459999999845e-01 2.602324140000000230e-01 2.479945680000000263e-01
3.388341179999999619e-01 2.295006359999999801e-01 2.658456219999999481e-01 3.649837539999999936e-01 1.999613560000000068e-01 3.533122739999999817e-01 4.100371920000000503e-01 3.480505500000000141e-01 1.930179619999999874e-01 2.994584519999999861e-01 2.964794060000000009e-01 2.674707619999999730e-01 3.317312220000000478e-01 2.719104260000000384e-01 4.449037859999999678e-01 0.000000000000000000e+00 4.526675960000000609e-01 5.662620159999999236e-01 6.344031720000000707e-01 5.148720320000000905e-01 3.229820860000000016e-01 3.708967080000000194e-01
2.734570619999999730e-01 2.793406159999999860e-01 2.640818040000000311e-01 1.387395439999999924e-01 3.399603239999999804e-01 2.523178660000000018e-01 3.124207440000000280e-01 2.641507740000000326e-01 1.423715259999999705e-01 1.821943580000000007e-01 2.555033139999999814e-01 2.847736479999999348e-01 2.813219200000000031e-01 2.824110940000000292e-01 5.767650840000000390e-01 4.526675960000000609e-01 0.000000000000000000e+00 3.238914359999999770e-01 8.258369100000001461e-01 4.163326500000000263e-01 1.438518740000000184e-01 1.989922399999999869e-01
2.608102820000000044e-01 2.865697799999999962e-01 2.493121040000000066e-01 3.972723260000000645e-01 2.011934959999999994e-01 2.888809659999999613e-01 4.265698460000000303e-01 2.605476539999999619e-01 3.113441399999999915e-01 3.497829399999999866e-01 2.633471560000000267e-01 4.273429639999999918e-01 3.404086199999999951e-01 2.817409979999999647e-01 4.809940140000000808e-01 5.662620159999999236e-01 3.238914359999999770e-01 0.000000000000000000e+00 4.973232019999999087e-01 7.554359440000000259e-01 3.424288560000000037e-01 2.663291939999999913e-01
2.720760359999999656e-01 2.850607779999999591e-01 2.619216979999999806e-01 2.398913199999999912e-01 2.925272780000000017e-01 2.278195000000000081e-01 4.108676059999999408e-01 2.772762659999999935e-01 1.435773720000000364e-01 2.240741119999999920e-01 1.954895759999999982e-01 3.585390179999999871e-01 2.753055759999999963e-01 3.391413659999999441e-01 5.504756800000000228e-01 6.344031720000000707e-01 8.258369100000001461e-01 4.973232019999999087e-01 0.000000000000000000e+00 4.899041760000000245e-01 2.528856600000000121e-01 2.149538039999999983e-01
2.270916199999999940e-01 2.643881299999999990e-01 2.685064400000000129e-01 4.407806959999999163e-01 1.699355559999999876e-01 1.980085619999999991e-01 4.718191420000000247e-01 3.847516719999999890e-01 2.236680660000000265e-01 2.576232059999999935e-01 2.272316360000000146e-01 4.018816939999999560e-01 2.919318699999999822e-01 2.590708939999999960e-01 6.472834459999999845e-01 5.148720320000000905e-01 4.163326500000000263e-01 7.554359440000000259e-01 4.899041760000000245e-01 0.000000000000000000e+00 2.342293860000000394e-01 3.390768720000000291e-01
1.942212219999999712e-01 1.781455779999999989e-01 6.767096360000000033e-01 2.948423619999999690e-01 2.155179040000000101e-01 2.491458380000000083e-01 4.704340499999999925e-01 2.638097120000000295e-01 3.622947500000000542e-01 5.823855960000000609e-01 7.173994419999999428e-01 1.557233579999999784e-01 7.809532459999999343e-01 2.072906880000000007e-01 2.602324140000000230e-01 3.229820860000000016e-01 1.438518740000000184e-01 3.424288560000000037e-01 2.528856600000000121e-01 2.342293860000000394e-01 0.000000000000000000e+00 4.881795099999999832e-01
1.257952960000000009e-01 2.937622380000000089e-01 5.573386979999999102e-01 5.049070700000000134e-01 1.786028679999999702e-01 1.866604400000000108e-01 3.908685619999999750e-01 5.235847560000000955e-01 2.624972799999999995e-01 2.777537019999999357e-01 5.359282619999999886e-01 5.221148159999999816e-01 5.160896739999999427e-01 3.254632960000000130e-01 2.479945680000000263e-01 3.708967080000000194e-01 1.989922399999999869e-01 2.663291939999999913e-01 2.149538039999999983e-01 3.390768720000000291e-01 4.881795099999999832e-01 0.000000000000000000e+00
