0.000000000000000000e+00 3.494287919999999881e-01 3.135994480000000584e-01 2.762117899999999571e-01 3.048674820000000230e-01 6.575108299999999906e-01 1.756737239999999756e-01 2.998879799999999984e-01 1.995670119999999881e-01 2.971420939999999677e-01 2.998378860000000534e-01 2.644070419999999810e-01 3.565260620000000324e-01 3.809451580000000059e-01 2.761485979999999674e-01 2.378001380000000220e-01 2.143955119999999825e-01 2.708626199999999984e-01 2.394588180000000455e-01 3.069550219999999663e-01 3.070214760000000154e-01 2.757565940000000215e-01
3.494287919999999881e-01 0.000000000000000000e+00 2.643870120000000323e-01 2.222571020000000119e-01 6.178861279999999789e-01 3.413269540000000157e-01 2.363682059999999974e-01 2.073256579999999683e-01 1.795002119999999923e-01 2.315849239999999420e-01 2.316183380000000069e-01 1.932488960000000033e-01 2.289858899999999975e-01 2.113919160000000130e-01 2.152053740000000048e-01 2.173480220000000018e-01 2.561264900000000400e-01 2.397312879999999868e-01 2.587015920000000357e-01 1.835554639999999738e-01 2.146660820000000081e-01 2.468688300000000113e-01
3.135994480000000584e-01 2.643870120000000323e-01 0.000000000000000000e+00 3.320193780000000316e-01 2.385685839999999724e-01 2.445583379999999862e-01 4.596046379999999543e-01 2.136751199999999962e-01 4.278752279999999963e-01 6.319122419999999574e-01 8.377639140000001650e-01 2.034990019999999844e-01 8.273010800000001330e-01 2.183315200000000011e-01 3.182961880000000354e-01 3.300749060000000012e-01 3.311738679999999824e-01 1.685939120000000124e-01 3.351685320000000190e-01 1.611978119999999959e-01 8.003968179999999544e-01 4.383693859999999165e-01
2.762117899999999571e-01 2.222571020000000119e-01 3.320193780000000316e-01 0.000000000000000000e+00 3.453843779999999919e-01 2.326598380000000077e-01 1.741649999999999865e-01 6.403274899999999992e-01 6.154815179999999497e-01 3.477676399999999890e-01 2.880967440000000157e-01 7.049456359999999311e-01 2.645613759999999592e-01 6.141273820000000550e-01 2.020883420000000041e-01 2.548936620000000208e-01 2.559076759999999728e-01 2.949524839999999593e-01 2.286833159999999976e-01 2.658261960000000146e-01 2.084198060000000408e-01 4.135390179999999805e-01
3.048674820000000230e-01 6.178861279999999789e-01 2.385685839999999724e-01 3.453843779999999919e-01 0.000000000000000000e+00 2.584792880000000292e-01 2.662891880000000100e-01 2.801312420000000025e-01 1.793008859999999927e-01 1.476165640000000057e-01 2.332832619999999912e-01 2.739531640000000268e-01 1.795076220000000056e-01 2.329971080000000083e-01 3.184077559999999862e-01 2.322195499999999968e-01 2.596997560000000038e-01 2.730283960000000065e-01 2.644826359999999932e-01 2.789670340000000026e-01 2.075831939999999987e-01 2.258143220000000395e-01
6.575108299999999906e-01 3.413269540000000157e-01 2.445583379999999862e-01 2.326598380000000077e-01 2.584792880000000292e-01 0.000000000000000000e+00 1.965209539999999699e-01 1.867995379999999872e-01 1.441530659999999964e-01 2.853740820000000289e-01 2.304254300000000144e-01 2.410026160000000028e-01 2.627579540000000158e-01 4.022118380000000437e-01 2.023252860000000486e-01 1.767001300000000108e-01 1.971212099999999912e-01 2.633684440000000349e-01 2.471777739999999890e-01 2.952314240000000201e-01 2.094787200000000349e-01 1.820432179999999789e-01
1.756737239999999756e-01 2.363682059999999974e-01 4.596046379999999543e-01 1.741649999999999865e-01 2.662891880000000100e-01 1.965209539999999699e-01 0.000000000000000000e+00 1.430909640000000149e-01 2.336199000000000192e-01 5.209590779999999643e-01 5.422128059999999916e-01 1.654774139999999893e-01 5.038031139999999963e-01 2.188999159999999722e-01 4.769001900000000016e-01 2.875932419999999712e-01 2.453295100000000006e-01 3.240045759999999886e-01 3.327783160000000184e-01 3.332715199999999878e-01 4.182142899999999885e-01 3.035610579999999947e-01
2.998879799999999984e-01 2.073256579999999683e-01 2.136751199999999962e-01 6.403274899999999992e-01 2.801312420000000025e-01 1.867995379999999872e-01 1.430909640000000149e-01 0.000000000000000000e+00 5.947272280000001077e-01 3.246816220000000031e-01 1.967678600000000166e-01 7.643658840000000509e-01 2.018477559999999893e-01 5.048828440000000528e-01 1.948940279999999969e-01 2.157297379999999765e-01 3.478813520000000326e-01 2.625032479999999668e-01 3.309915379999999741e-01 3.355375339999999706e-01 2.110591900000000076e-01 4.309164159999999688e-01
1.995670119999999881e-01 1.795002119999999923e-01 4.278752279999999963e-01 6.154815179999999497e-01 1.793008859999999927e-01 1.441530659999999964e-01 2.336199000000000192e-01 5.947272280000001077e-01 0.000000000000000000e+00 4.954014619999999591e-01 4.314348300000000469e-01 5.744080199999999081e-01 4.117709379999999753e-01 4.254701759999999777e-01 2.351982760000000394e-01 3.562437840000000078e-01 2.969349099999999964e-01 1.740373139999999985e-01 2.926461200000000096e-01 2.845592520000000403e-01 3.957771479999999675e-01 3.153813899999999282e-01
2.971420939999999677e-01 2.315849239999999420e-01 6.319122419999999574e-01 3.477676399999999890e-01 1.476165640000000057e-01 2.853740820000000289e-01 5.209590779999999643e-01 3.246816220000000031e-01 4.954014619999999591e-01 0.000000000000000000e+00 6.466968000000000716e-01 3.901854819999999724e-01 6.653702920000000853e-01 2.138045140000000011e-01 2.068635940000000117e-01 3.224498679999999728e-01 2.588316700000000137e-01 1.982417399999999996e-01 3.247166739999999829e-01 1.633575240000000039e-01 6.622806980000000010e-01 2.425890039999999970e-01
2.998378860000000534e-01 2.316183380000000069e-01 8.377639140000001650e-01 2.880967440000000157e-01 2.332832619999999912e-01 2.304254300000000144e-01 5.422128059999999916e-01 1.967678600000000166e-01 4.314348300000000469e-01 6.466968000000000716e-01 0.000000000000000000e+00 1.927271359999999933e-01 8.807236659999999606e-01 1.941735659999999919e-01 3.057632599999999812e-01 3.250520020000000065e-01 2.895646920000000124e-01 2.030697859999999744e-01 2.626800360000000056e-01 1.577861299999999967e-01 8.195482459999998692e-01 4.100599080000000285e-01
2.644070419999999810e-01 1.932488960000000033e-01 2.034990019999999844e-01 7.049456359999999311e-01 2.739531640000000268e-01 2.410026160000000028e-01 1.654774139999999893e-01 7.643658840000000509e-01 5.744080199999999081e-01 3.901854819999999724e-01 1.927271359999999933e-01 0.000000000000000000e+00 1.968451760000000106e-01 5.820862279999999833e-01 2.030437599999999898e-01 2.330937179999999775e-01 3.211138380000000403e-01 2.969604959999999627e-01 3.059595680000000151e-01 2.892718719999999855e-01 1.895846580000000170e-01 5.200477360000000937e-01
3.565260620000000324e-01 2.289858899999999975e-01 8.273010800000001330e-01 2.645613759999999592e-01 1.795076220000000056e-01 2.627579540000000158e-01 5.038031139999999963e-01 2.018477559999999893e-01 4.117709379999999753e-01 6.653702920000000853e-01 8.807236659999999606e-01 1.968451760000000106e-01 0.000000000000000000e+00 2.023748139999999862e-01 2.997324199999999994e-01 3.141577859999999389e-01 2.624210460000000467e-01 1.978379660000000040e-01 2.826942980000000105e-01 1.951687799999999862e-01 8.345729619999999738e-01 3.911160479999999384e-01
3.809451580000000059e-01 2.113919160000000130e-01 2.183315200000000011e-01 6.141273820000000550e-01 2.329971080000000083e-01 4.022118380000000437e-01 2.188999159999999722e-01 5.048828440000000528e-01 4.254701759999999777e-01 2.138045140000000011e-01 1.941735659999999919e-01 5.820862279999999833e-01 2.023748139999999862e-01 0.000000000000000000e+00 1.750060360000000315e-01 2.204892079999999921e-01 2.366692280000000093e-01 2.580950060000000157e-01 2.815259999999999430e-01 2.754230879999999826e-01 1.098835579999999784e-01 3.465287980000000267e-01
2.761485979999999674e-01 2.152053740000000048e-01 3.182961880000000354e-01 2.020883420000000041e-01 3.184077559999999862e-01 2.023252860000000486e-01 4.769001900000000016e-01 1.948940279999999969e-01 2.351982760000000394e-01 2.068635940000000117e-01 3.057632599999999812e-01 2.030437599999999898e-01 2.997324199999999994e-01 1.750060360000000315e-01 0.000000000000000000e+00 2.202254179999999784e-01 4.335208760000000550e-01 3.056571359999999959e-01 4.046422340000000450e-01 4.468824679999999772e-01 3.046269000000000338e-01 3.902534539999999996e-01
2.378001380000000220e-01 2.173480220000000018e-01 3.300749060000000012e-01 2.548936620000000208e-01 2.322195499999999968e-01 1.767001300000000108e-01 2.875932419999999712e-01 2.157297379999999765e-01 3.562437840000000078e-01 3.224498679999999728e-01 3.250520020000000065e-01 2.330937179999999775e-01 3.141577859999999389e-01 2.204892079999999921e-01 2.202254179999999784e-01 0.000000000000000000e+00 4.314487660000000391e-01 4.324371180000000092e-01 6.391518840000000035e-01 3.633846979999999505e-01 3.450492860000000106e-01 2.675618959999999658e-01
2.143955119999999825e-01 2.561264900000000400e-01 3.311738679999999824e-01 2.559076759999999728e-01 2.596997560000000038e-01 1.971212099999999912e-01 2.453295100000000006e-01 3.478813520000000326e-01 2.969349099999999964e-01 2.588316700000000137e-01 2.895646920000000124e-01 3.211138380000000403e-01 2.624210460000000467e-01 2.366692280000000093e-01 4.335208760000000550e-01 4.314487660000000391e-01 0.000000000000000000e+00 3.053394919999999901e-01 7.425229119999999794e-01 3.238871199999999728e-01 3.399078640000000040e-01 3.551669699999999708e-01
2.708626199999999984e-01 2.397312879999999868e-01 1.685939120000000124e-01 2.949524839999999593e-01 2.730283960000000065e-01 2.633684440000000349e-01 3.240045759999999886e-01 2.625032479999999668e-01 1.740373139999999985e-01 1.982417399999999996e-01 2.030697859999999744e-01 2.969604959999999627e-01 1.978379660000000040e-01 2.580950060000000157e-01 3.056571359999999959e-01 4.324371180000000092e-01 3.053394919999999901e-01 0.000000000000000000e+00 2.601333140000000044e-01 6.601535480000000344e-01 2.293342339999999702e-01 3.124782720000000014e-01
2.394588180000000455e-01 2.587015920000000357e-01 3.351685320000000190e-01 2.286833159999999976e-01 2.644826359999999932e-01 2.471777739999999890e-01 3.327783160000000184e-01 3.309915379999999741e-01 2.926461200000000096e-01 3.247166739999999829e-01 2.626800360000000056e-01 3.059595680000000151e-01 2.826942980000000105e-01 2.815259999999999430e-01 4.046422340000000450e-01 6.391518840000000035e-01 7.425229119999999794e-01 2.601333140000000044e-01 0.000000000000000000e+00 3.089641520000000474e-01 3.226151019999999869e-01 3.014949299999999943e-01
3.069550219999999663e-01 1.835554639999999738e-01 1.611978119999999959e-01 2.658261960000000146e-01 2.789670340000000026e-01 2.952314240000000201e-01 3.332715199999999878e-01 3.355375339999999706e-01 2.845592520000000403e-01 1.633575240000000039e-01 1.577861299999999967e-01 2.892718719999999855e-01 1.951687799999999862e-01 2.754230879999999826e-01 4.468824679999999772e-01 3.633846979999999505e-01 3.238871199999999728e-01 6.601535480000000344e-01 3.089641520000000474e-01 0.000000000000000000e+00 2.410650719999999914e-01 2.520937339999999582e-01
3.070214760000000154e-01 2.146660820000000081e-01 8.003968179999999544e-01 2.084198060000000408e-01 2.075831939999999987e-01 2.094787200000000349e-01 4.182142899999999885e-01 2.110591900000000076e-01 3.957771479999999675e-01 6.622806980000000010e-01 8.195482459999998692e-01 1.895846580000000170e-01 8.345729619999999738e-01 1.098835579999999784e-01 3.046269000000000338e-01 3.450492860000000106e-01 3.399078640000000040e-01 2.293342339999999702e-01 3.226151019999999869e-01 2.410650719999999914e-01 0.000000000000000000e+00 4.743846740000000617e-01
2.757565940000000215e-01 2.468688300000000113e-01 4.383693859999999165e-01 4.135390179999999805e-01 2.258143220000000395e-01 1.820432179999999789e-01 3.035610579999999947e-01 4.309164159999999688e-01 3.153813899999999282e-01 2.425890039999999970e-01 4.100599080000000285e-01 5.200477360000000937e-01 3.911160479999999384e-01 3.465287980000000267e-01 3.902534539999999996e-01 2.675618959999999658e-01 3.551669699999999708e-01 3.124782720000000014e-01 3.014949299999999943e-01 2.520937339999999582e-01 4.743846740000000617e-01 0.000000000000000000e+00
