0.000000000000000000e+00 6.642051400000000827e-01 4.994167259999999220e-01 4.814468299999999923e-01 6.537950000000000150e-01 6.438803080000000678e-01 2.872906319999999902e-01 2.838121159999999477e-01 3.498307179999999850e-01 3.618977139999999815e-01 3.334546099999999846e-01 3.354835379999999700e-01 3.870145720000000011e-01 2.518174840000000358e-01 4.053684499999999913e-01 3.010333760000000192e-01 3.034926640000000231e-01 3.230114159999999957e-01 3.884231719999999832e-01 4.246012780000000264e-01 4.532132779999999417e-01 3.516567019999999877e-01
6.642051400000000827e-01 0.000000000000000000e+00 2.903172200000000425e-01 2.418128839999999502e-01 7.766149339999999235e-01 7.847199700000000444e-01 2.040887259999999981e-01 1.402300820000000059e-01 1.738257480000000021e-01 1.934599140000000383e-01 1.808043699999999920e-01 2.080415160000000374e-01 2.134189259999999810e-01 1.727172260000000015e-01 3.354092379999999984e-01 2.636843580000000076e-01 2.882679439999999982e-01 2.633734180000000258e-01 3.411161679999999419e-01 3.045634060000000365e-01 2.835154320000000117e-01 4.010663019999999857e-01
4.994167259999999220e-01 2.903172200000000425e-01 0.000000000000000000e+00 7.821633539999999218e-01 3.396039020000000130e-01 3.216536419999999619e-01 6.321732260000000325e-01 5.089549820000000002e-01 7.737326180000000386e-01 6.544634459999999487e-01 8.517582519999999935e-01 5.646565939999999006e-01 8.235569520000000088e-01 5.112041480000000249e-01 4.522782859999999738e-01 4.139529539999999841e-01 3.418169400000000135e-01 3.957775540000000314e-01 4.708621159999999972e-01 3.449794139999999842e-01 6.913866599999999307e-01 3.549664319999999984e-01
4.814468299999999923e-01 2.418128839999999502e-01 7.821633539999999218e-01 0.000000000000000000e+00 2.909745359999999503e-01 2.432928759999999913e-01 5.389541400000000815e-01 6.604694340000000219e-01 7.189735479999999068e-01 7.738563659999998512e-01 7.043098399999999648e-01 7.452023380000000197e-01 7.070298080000000374e-01 6.145648439999999990e-01 4.317843200000000548e-01 4.833775439999999923e-01 3.415310799999999869e-01 4.386945319999999704e-01 4.831537399999999982e-01 4.002440060000000410e-01 6.963059879999999868e-01 4.513210179999999627e-01
6.537950000000000150e-01 7.766149339999999235e-01 3.396039020000000130e-01 2.909745359999999503e-01 0.000000000000000000e+00 7.340313540000000803e-01 2.450520660000000128e-01 2.449144739999999931e-01 2.528829199999999555e-01 3.075263919999999263e-01 2.370496719999999891e-01 2.970847139999999165e-01 2.493957000000000535e-01 1.441007200000000155e-01 3.372442159999999856e-01 2.416570699999999738e-01 2.707352419999999871e-01 2.881934920000000511e-01 3.120427100000000009e-01 3.551673360000000002e-01 3.450551319999999866e-01 3.997854280000000537e-01
6.438803080000000678e-01 7.847199700000000444e-01 3.216536419999999619e-01 2.432928759999999913e-01 7.340313540000000803e-01 0.000000000000000000e+00 3.267457000000000278e-01 2.040669479999999980e-01 2.416837500000000305e-01 2.665737240000000119e-01 2.518513660000000209e-01 2.737068360000000089e-01 2.431436979999999914e-01 1.335300380000000176e-01 3.322805819999999910e-01 2.652469940000000137e-01 3.109839140000000279e-01 2.958515400000000239e-01 3.280927040000000128e-01 3.664952459999999967e-01 2.929266120000000306e-01 4.356513559999999896e-01
2.872906319999999902e-01 2.040887259999999981e-01 6.321732260000000325e-01 5.389541400000000815e-01 2.450520660000000128e-01 3.267457000000000278e-01 0.000000000000000000e+00 4.551885399999999748e-01 6.310226959999999385e-01 5.732428900000000604e-01 6.945809599999999140e-01 5.093527780000000060e-01 6.380183200000000276e-01 3.733544819999999875e-01 2.667113740000000011e-01 3.717872500000000136e-01 3.075861160000000205e-01 3.691284700000000418e-01 2.320950420000000014e-01 3.410881599999999736e-01 6.065857100000000557e-01 2.755356540000000187e-01
2.838121159999999477e-01 1.402300820000000059e-01 5.089549820000000002e-01 6.604694340000000219e-01 2.449144739999999931e-01 2.040669479999999980e-01 4.551885399999999748e-01 0.000000000000000000e+00 5.538643719999999382e-01 7.574400599999999706e-01 4.909540000000000015e-01 7.927478540000000296e-01 5.252464959999999516e-01 4.961498900000000378e-01 2.467766779999999716e-01 3.210856480000000568e-01 3.273748639999999877e-01 3.122759620000000735e-01 3.118166919999999509e-01 3.457676419999999862e-01 5.938050460000000585e-01 5.194537260000000600e-01
3.498307179999999850e-01 1.738257480000000021e-01 7.737326180000000386e-01 7.189735479999999068e-01 2.528829199999999555e-01 2.416837500000000305e-01 6.310226959999999385e-01 5.538643719999999382e-01 0.000000000000000000e+00 7.610725860000000509e-01 8.951983520000000860e-01 6.507679619999999776e-01 7.338307640000000243e-01 4.668575119999999745e-01 4.569664820000000072e-01 4.962924380000000579e-01 3.824556959999999561e-01 4.553583279999999789e-01 4.565310880000000293e-01 3.632343739999999710e-01 7.171787160000000494e-01 4.344079180000000595e-01
3.618977139999999815e-01 1.934599140000000383e-01 6.544634459999999487e-01 7.738563659999998512e-01 3.075263919999999263e-01 2.665737240000000119e-01 5.732428900000000604e-01 7.574400599999999706e-01 7.610725860000000509e-01 0.000000000000000000e+00 6.912637939999999315e-01 8.470433259999998743e-01 6.871883199999999636e-01 4.835775900000000016e-01 3.834689020000000004e-01 4.950359320000000674e-01 3.900141980000000896e-01 4.523727899999999691e-01 4.697725279999999115e-01 4.461226820000000481e-01 7.661491500000000565e-01 4.828887779999999630e-01
3.334546099999999846e-01 1.808043699999999920e-01 8.517582519999999935e-01 7.043098399999999648e-01 2.370496719999999891e-01 2.518513660000000209e-01 6.945809599999999140e-01 4.909540000000000015e-01 8.951983520000000860e-01 6.912637939999999315e-01 0.000000000000000000e+00 5.796500399999999775e-01 8.356111580000000760e-01 4.610844000000000054e-01 4.620145340000000322e-01 4.473374200000000411e-01 3.271732920000000044e-01 3.914685780000000115e-01 4.088885859999999428e-01 3.557084200000000251e-01 7.531143140000000624e-01 3.157925300000000712e-01
3.354835379999999700e-01 2.080415160000000374e-01 5.646565939999999006e-01 7.452023380000000197e-01 2.970847139999999165e-01 2.737068360000000089e-01 5.093527780000000060e-01 7.927478540000000296e-01 6.507679619999999776e-01 8.470433259999998743e-01 5.796500399999999775e-01 0.000000000000000000e+00 6.000128819999999141e-01 4.844057720000000122e-01 3.055011659999999907e-01 4.959106460000000105e-01 3.244388779999999861e-01 4.128817719999999802e-01 3.747172019999999715e-01 4.192184519999999637e-01 6.355506519999999382e-01 5.535585519999999260e-01
3.870145720000000011e-01 2.134189259999999810e-01 8.235569520000000088e-01 7.070298080000000374e-01 2.493957000000000535e-01 2.431436979999999914e-01 6.380183200000000276e-01 5.252464959999999516e-01 7.338307640000000243e-01 6.871883199999999636e-01 8.356111580000000760e-01 6.000128819999999141e-01 0.000000000000000000e+00 4.929785839999999975e-01 4.250549819999999701e-01 4.457183519999999843e-01 3.683760719999999433e-01 3.450853500000000129e-01 4.705709179999999492e-01 4.132452359999999603e-01 7.800112219999999486e-01 2.737092199999999753e-01
2.518174840000000358e-01 1.727172260000000015e-01 5.112041480000000249e-01 6.145648439999999990e-01 1.441007200000000155e-01 1.335300380000000176e-01 3.733544819999999875e-01 4.961498900000000378e-01 4.668575119999999745e-01 4.835775900000000016e-01 4.610844000000000054e-01 4.844057720000000122e-01 4.929785839999999975e-01 0.000000000000000000e+00 3.146164980000000222e-01 4.068976759999999859e-01 2.313666979999999818e-01 3.849491500000000177e-01 3.099123360000000105e-01 2.831069959999999996e-01 4.428720780000000024e-01 3.686526520000000251e-01
4.053684499999999913e-01 3.354092379999999984e-01 4.522782859999999738e-01 4.317843200000000548e-01 3.372442159999999856e-01 3.322805819999999910e-01 2.667113740000000011e-01 2.467766779999999716e-01 4.569664820000000072e-01 3.834689020000000004e-01 4.620145340000000322e-01 3.055011659999999907e-01 4.250549819999999701e-01 3.146164980000000222e-01 0.000000000000000000e+00 2.827045940000000313e-01 4.668131300000000761e-01 2.297436539999999638e-01 4.219782460000000013e-01 4.641040600000000405e-01 4.219145940000000872e-01 2.951733740000000439e-01
3.010333760000000192e-01 2.636843580000000076e-01 4.139529539999999841e-01 4.833775439999999923e-01 2.416570699999999738e-01 2.652469940000000137e-01 3.717872500000000136e-01 3.210856480000000568e-01 4.962924380000000579e-01 4.950359320000000674e-01 4.473374200000000411e-01 4.959106460000000105e-01 4.457183519999999843e-01 4.068976759999999859e-01 2.827045940000000313e-01 0.000000000000000000e+00 3.216760420000000509e-01 5.932472700000001042e-01 5.246816159999999618e-01 3.615027860000000759e-01 4.184193660000000148e-01 4.113174199999999336e-01
3.034926640000000231e-01 2.882679439999999982e-01 3.418169400000000135e-01 3.415310799999999869e-01 2.707352419999999871e-01 3.109839140000000279e-01 3.075861160000000205e-01 3.273748639999999877e-01 3.824556959999999561e-01 3.900141980000000896e-01 3.271732920000000044e-01 3.244388779999999861e-01 3.683760719999999433e-01 2.313666979999999818e-01 4.668131300000000761e-01 3.216760420000000509e-01 0.000000000000000000e+00 3.242476659999999344e-01 7.431475880000000256e-01 3.895053860000000090e-01 3.927817700000000301e-01 3.419040540000000128e-01
3.230114159999999957e-01 2.633734180000000258e-01 3.957775540000000314e-01 4.386945319999999704e-01 2.881934920000000511e-01 2.958515400000000239e-01 3.691284700000000418e-01 3.122759620000000735e-01 4.553583279999999789e-01 4.523727899999999691e-01 3.914685780000000115e-01 4.128817719999999802e-01 3.450853500000000129e-01 3.849491500000000177e-01 2.297436539999999638e-01 5.932472700000001042e-01 3.242476659999999344e-01 0.000000000000000000e+00 3.916142639999999342e-01 5.787738199999999944e-01 3.659518700000000124e-01 4.288158039999999671e-01
3.884231719999999832e-01 3.411161679999999419e-01 4.708621159999999972e-01 4.831537399999999982e-01 3.120427100000000009e-01 3.280927040000000128e-01 2.320950420000000014e-01 3.118166919999999509e-01 4.565310880000000293e-01 4.697725279999999115e-01 4.088885859999999428e-01 3.747172019999999715e-01 4.705709179999999492e-01 3.099123360000000105e-01 4.219782460000000013e-01 5.246816159999999618e-01 7.431475880000000256e-01 3.916142639999999342e-01 0.000000000000000000e+00 3.617393139999999785e-01 4.625847659999999806e-01 3.804084939999999859e-01
4.246012780000000264e-01 3.045634060000000365e-01 3.449794139999999842e-01 4.002440060000000410e-01 3.551673360000000002e-01 3.664952459999999967e-01 3.410881599999999736e-01 3.457676419999999862e-01 3.632343739999999710e-01 4.461226820000000481e-01 3.557084200000000251e-01 4.192184519999999637e-01 4.132452359999999603e-01 2.831069959999999996e-01 4.641040600000000405e-01 3.615027860000000759e-01 3.895053860000000090e-01 5.787738199999999944e-01 3.617393139999999785e-01 0.000000000000000000e+00 4.578191399999999578e-01 3.609244819999999909e-01
4.532132779999999417e-01 2.835154320000000117e-01 6.913866599999999307e-01 6.963059879999999868e-01 3.450551319999999866e-01 2.929266120000000306e-01 6.065857100000000557e-01 5.938050460000000585e-01 7.171787160000000494e-01 7.661491500000000565e-01 7.531143140000000624e-01 6.355506519999999382e-01 7.800112219999999486e-01 4.428720780000000024e-01 4.219145940000000872e-01 4.184193660000000148e-01 3.927817700000000301e-01 3.659518700000000124e-01 4.625847659999999806e-01 4.578191399999999578e-01 0.000000000000000000e+00 3.999732479999999479e-01
3.516567019999999877e-01 4.010663019999999857e-01 3.549664319999999984e-01 4.513210179999999627e-01 3.997854280000000537e-01 4.356513559999999896e-01 2.755356540000000187e-01 5.194537260000000600e-01 4.344079180000000595e-01 4.828887779999999630e-01 3.157925300000000712e-01 5.535585519999999260e-01 2.737092199999999753e-01 3.686526520000000251e-01 2.951733740000000439e-01 4.113174199999999336e-01 3.419040540000000128e-01 4.288158039999999671e-01 3.804084939999999859e-01 3.609244819999999909e-01 3.999732479999999479e-01 0.000000000000000000e+00
