0.000000000000000000e+00 9.839516460000000686e-01 5.598564219999999647e-01 6.609994280000000000e-01 9.830160740000000175e-01 9.734478799999999321e-01 7.804439999999999988e-02 7.453385999999999345e-02 4.865526100000000520e-01 3.085667080000000229e-01 4.760823840000000251e-01 2.283833879999999927e-01 3.630520339999999679e-01 2.066980439999999974e-01 6.523539599999998717e-02 5.817403200000000052e-02 6.861954800000000243e-02 6.477951400000001025e-02 6.855452199999999274e-02 6.415734399999999116e-02 1.605606119999999915e-01 3.758516520000000360e-01
9.839516460000000686e-01 0.000000000000000000e+00 5.253112539999998942e-01 6.241402000000000339e-01 9.836911159999999210e-01 9.919077480000000335e-01 6.746798599999999368e-02 7.206995399999999163e-02 4.721783699999999584e-01 2.958061399999999952e-01 4.727845780000000109e-01 2.028682680000000182e-01 3.920619720000000363e-01 1.955609700000000006e-01 6.757994000000000501e-02 6.326904399999999651e-02 6.615572799999999698e-02 6.164735200000000248e-02 6.850559199999999016e-02 6.608731199999998140e-02 1.896044339999999884e-01 3.779611239999999817e-01
5.598564219999999647e-01 5.253112539999998942e-01 0.000000000000000000e+00 6.268198440000000149e-01 5.285876139999999834e-01 5.294023400000000823e-01 4.729330400000000267e-01 4.409561159999998980e-01 6.769064139999999563e-01 3.419514439999999933e-01 7.058933739999999624e-01 1.968758379999999975e-01 3.827753899999999931e-01 1.532173920000000078e-01 4.432789279999999610e-01 4.524908800000000397e-01 4.534806900000000196e-01 4.703212820000000072e-01 4.470672900000000061e-01 4.575490079999999793e-01 3.427137559999999805e-01 3.893939040000000129e-01
6.609994280000000000e-01 6.241402000000000339e-01 6.268198440000000149e-01 0.000000000000000000e+00 6.071743620000000785e-01 6.196816499999999728e-01 3.067010059999999982e-01 3.014856220000000087e-01 4.802523879999999745e-01 3.769348760000000298e-01 4.417056739999999371e-01 2.720334140000000289e-01 1.513895519999999828e-01 1.244965360000000187e-01 2.824739560000000260e-01 2.707133860000000558e-01 2.910416379999999914e-01 2.927348439999999941e-01 2.815515020000000090e-01 2.852882759999999518e-01 2.995663519999999802e-01 5.202402119999999242e-01
9.830160740000000175e-01 9.836911159999999210e-01 5.285876139999999834e-01 6.071743620000000785e-01 0.000000000000000000e+00 9.716455759999998998e-01 8.117503200000000807e-02 8.337295399999999912e-02 4.667978620000000634e-01 3.106529919999999612e-01 4.667547559999999374e-01 2.108702299999999918e-01 3.912809840000000539e-01 2.006263620000000025e-01 6.876077599999999568e-02 7.195477799999998314e-02 7.435595999999999872e-02 7.578436399999999296e-02 7.763531399999999694e-02 7.629022199999999088e-02 1.810624819999999968e-01 3.762593379999999987e-01
9.734478799999999321e-01 9.919077480000000335e-01 5.294023400000000823e-01 6.196816499999999728e-01 9.716455759999998998e-01 0.000000000000000000e+00 7.150033799999999662e-02 6.962322800000000922e-02 4.810863440000000546e-01 2.868083659999999813e-01 4.832292100000000201e-01 1.906412439999999875e-01 4.121172739999999779e-01 1.996546500000000168e-01 6.905414800000000963e-02 7.129278000000000004e-02 6.829071800000000025e-02 7.062347799999998954e-02 7.236649999999998639e-02 7.130915800000001137e-02 2.074058919999999806e-01 3.634512840000000411e-01
7.804439999999999988e-02 6.746798599999999368e-02 4.729330400000000267e-01 3.067010059999999982e-01 8.117503200000000807e-02 7.150033799999999662e-02 0.000000000000000000e+00 9.691342640000000230e-01 4.068549899999999719e-01 2.102233120000000233e-01 4.487448920000000063e-01 1.427318799999999777e-01 4.864233999999999503e-01 2.838822779999999879e-01 9.871095999999999204e-01 9.648662660000001390e-01 9.869781039999999672e-01 9.570378000000001606e-01 9.870387440000000234e-01 9.714984460000000155e-01 5.228246160000000753e-01 1.833095359999999674e-01
7.453385999999999345e-02 7.206995399999999163e-02 4.409561159999998980e-01 3.014856220000000087e-01 8.337295399999999912e-02 6.962322800000000922e-02 9.691342640000000230e-01 0.000000000000000000e+00 3.773572600000000277e-01 1.894672319999999854e-01 4.263078740000000311e-01 1.742684740000000065e-01 5.041622040000000027e-01 3.076425820000000533e-01 9.718252900000001748e-01 9.807367999999998531e-01 9.697972919999999775e-01 9.744794860000001169e-01 9.769156200000000956e-01 9.823999759999999526e-01 5.460471759999998564e-01 1.871361559999999979e-01
4.865526100000000520e-01 4.721783699999999584e-01 6.769064139999999563e-01 4.802523879999999745e-01 4.667978620000000634e-01 4.810863440000000546e-01 4.068549899999999719e-01 3.773572600000000277e-01 0.000000000000000000e+00 3.800578000000000012e-01 8.659688079999998678e-01 1.469154960000000065e-01 3.597922739999999675e-01 2.154358460000000142e-01 3.963637380000000210e-01 4.138096100000000499e-01 3.959813739999999971e-01 4.192521340000000540e-01 3.994497900000000268e-01 4.144749640000000568e-01 3.165333479999999922e-01 3.300128360000000316e-01
3.085667080000000229e-01 2.958061399999999952e-01 3.419514439999999933e-01 3.769348760000000298e-01 3.106529919999999612e-01 2.868083659999999813e-01 2.102233120000000233e-01 1.894672319999999854e-01 3.800578000000000012e-01 0.000000000000000000e+00 3.661005539999999669e-01 7.438229299999999933e-01 2.815827320000000022e-01 4.699197599999999642e-01 1.975552079999999822e-01 1.697450679999999990e-01 1.940789759999999586e-01 1.856743000000000143e-01 1.866439719999999913e-01 1.841268719999999970e-01 3.085281380000000073e-01 3.170323420000000225e-01
4.760823840000000251e-01 4.727845780000000109e-01 7.058933739999999624e-01 4.417056739999999371e-01 4.667547559999999374e-01 4.832292100000000201e-01 4.487448920000000063e-01 4.263078740000000311e-01 8.659688079999998678e-01 3.661005539999999669e-01 0.000000000000000000e+00 1.762122319999999687e-01 3.823349980000000370e-01 1.677097820000000294e-01 4.292354259999999755e-01 4.526705819999999880e-01 4.289992280000000102e-01 4.572914220000000585e-01 4.332003739999999992e-01 4.527561020000000491e-01 3.685473420000000000e-01 3.851331999999999534e-01
2.283833879999999927e-01 2.028682680000000182e-01 1.968758379999999975e-01 2.720334140000000289e-01 2.108702299999999918e-01 1.906412439999999875e-01 1.427318799999999777e-01 1.742684740000000065e-01 1.469154960000000065e-01 7.438229299999999933e-01 1.762122319999999687e-01 0.000000000000000000e+00 1.802319320000000114e-01 7.637129360000000089e-01 1.495762580000000175e-01 1.544516519999999948e-01 1.453159139999999905e-01 1.548913199999999990e-01 1.491089780000000031e-01 1.538365399999999938e-01 2.542384119999999692e-01 2.455261699999999880e-01
3.630520339999999679e-01 3.920619720000000363e-01 3.827753899999999931e-01 1.513895519999999828e-01 3.912809840000000539e-01 4.121172739999999779e-01 4.864233999999999503e-01 5.041622040000000027e-01 3.597922739999999675e-01 2.815827320000000022e-01 3.823349980000000370e-01 1.802319320000000114e-01 0.000000000000000000e+00 3.183848139999999605e-01 4.974144719999999964e-01 4.995378360000000129e-01 4.993749280000000512e-01 5.011818239999999980e-01 5.030245159999999771e-01 5.025852539999999813e-01 7.412012499999999227e-01 3.980340759999999589e-01
2.066980439999999974e-01 1.955609700000000006e-01 1.532173920000000078e-01 1.244965360000000187e-01 2.006263620000000025e-01 1.996546500000000168e-01 2.838822779999999879e-01 3.076425820000000533e-01 2.154358460000000142e-01 4.699197599999999642e-01 1.677097820000000294e-01 7.637129360000000089e-01 3.183848139999999605e-01 0.000000000000000000e+00 2.974370259999999933e-01 3.003302239999999790e-01 2.912818719999999972e-01 3.010619079999999892e-01 2.977862840000000122e-01 3.013369300000000028e-01 3.986502939999999606e-01 1.904037879999999905e-01
6.523539599999998717e-02 6.757994000000000501e-02 4.432789279999999610e-01 2.824739560000000260e-01 6.876077599999999568e-02 6.905414800000000963e-02 9.871095999999999204e-01 9.718252900000001748e-01 3.963637380000000210e-01 1.975552079999999822e-01 4.292354259999999755e-01 1.495762580000000175e-01 4.974144719999999964e-01 2.974370259999999933e-01 0.000000000000000000e+00 9.738498879999999414e-01 9.945817500000000422e-01 9.611300759999998888e-01 9.963189220000000512e-01 9.777213839999999712e-01 5.256431459999999500e-01 1.776439360000000023e-01
5.817403200000000052e-02 6.326904399999999651e-02 4.524908800000000397e-01 2.707133860000000558e-01 7.195477799999998314e-02 7.129278000000000004e-02 9.648662660000001390e-01 9.807367999999998531e-01 4.138096100000000499e-01 1.697450679999999990e-01 4.526705819999999880e-01 1.544516519999999948e-01 4.995378360000000129e-01 3.003302239999999790e-01 9.738498879999999414e-01 0.000000000000000000e+00 9.698924779999998913e-01 9.937347799999999287e-01 9.793602559999999846e-01 9.972994500000000873e-01 5.262606739999999839e-01 1.738313539999999935e-01
6.861954800000000243e-02 6.615572799999999698e-02 4.534806900000000196e-01 2.910416379999999914e-01 7.435595999999999872e-02 6.829071800000000025e-02 9.869781039999999672e-01 9.697972919999999775e-01 3.959813739999999971e-01 1.940789759999999586e-01 4.289992280000000102e-01 1.453159139999999905e-01 4.993749280000000512e-01 2.912818719999999972e-01 9.945817500000000422e-01 9.698924779999998913e-01 0.000000000000000000e+00 9.586723520000000054e-01 9.979658679999999782e-01 9.730236899999999967e-01 5.251700379999999502e-01 1.767194519999999991e-01
6.477951400000001025e-02 6.164735200000000248e-02 4.703212820000000072e-01 2.927348439999999941e-01 7.578436399999999296e-02 7.062347799999998954e-02 9.570378000000001606e-01 9.744794860000001169e-01 4.192521340000000540e-01 1.856743000000000143e-01 4.572914220000000585e-01 1.548913199999999990e-01 5.011818239999999980e-01 3.010619079999999892e-01 9.611300759999998888e-01 9.937347799999999287e-01 9.586723520000000054e-01 0.000000000000000000e+00 9.679105179999998310e-01 9.956491800000000225e-01 5.349629840000000858e-01 1.893810240000000089e-01
6.855452199999999274e-02 6.850559199999999016e-02 4.470672900000000061e-01 2.815515020000000090e-01 7.763531399999999694e-02 7.236649999999998639e-02 9.870387440000000234e-01 9.769156200000000956e-01 3.994497900000000268e-01 1.866439719999999913e-01 4.332003739999999992e-01 1.491089780000000031e-01 5.030245159999999771e-01 2.977862840000000122e-01 9.963189220000000512e-01 9.793602559999999846e-01 9.979658679999999782e-01 9.679105179999998310e-01 0.000000000000000000e+00 9.816233739999999930e-01 5.279871419999999649e-01 1.723093579999999958e-01
6.415734399999999116e-02 6.608731199999998140e-02 4.575490079999999793e-01 2.852882759999999518e-01 7.629022199999999088e-02 7.130915800000001137e-02 9.714984460000000155e-01 9.823999759999999526e-01 4.144749640000000568e-01 1.841268719999999970e-01 4.527561020000000491e-01 1.538365399999999938e-01 5.025852539999999813e-01 3.013369300000000028e-01 9.777213839999999712e-01 9.972994500000000873e-01 9.730236899999999967e-01 9.956491800000000225e-01 9.816233739999999930e-01 0.000000000000000000e+00 5.375871140000000326e-01 1.861402040000000035e-01
1.605606119999999915e-01 1.896044339999999884e-01 3.427137559999999805e-01 2.995663519999999802e-01 1.810624819999999968e-01 2.074058919999999806e-01 5.228246160000000753e-01 5.460471759999998564e-01 3.165333479999999922e-01 3.085281380000000073e-01 3.685473420000000000e-01 2.542384119999999692e-01 7.412012499999999227e-01 3.986502939999999606e-01 5.256431459999999500e-01 5.262606739999999839e-01 5.251700379999999502e-01 5.349629840000000858e-01 5.279871419999999649e-01 5.375871140000000326e-01 0.000000000000000000e+00 5.988246280000000255e-01
3.758516520000000360e-01 3.779611239999999817e-01 3.893939040000000129e-01 5.202402119999999242e-01 3.762593379999999987e-01 3.634512840000000411e-01 1.833095359999999674e-01 1.871361559999999979e-01 3.300128360000000316e-01 3.170323420000000225e-01 3.851331999999999534e-01 2.455261699999999880e-01 3.980340759999999589e-01 1.904037879999999905e-01 1.776439360000000023e-01 1.738313539999999935e-01 1.767194519999999991e-01 1.893810240000000089e-01 1.723093579999999958e-01 1.861402040000000035e-01 5.988246280000000255e-01 0.000000000000000000e+00
