0.000000000000000000e+00 7.571426460000000302e-01 5.276893219999999607e-01 4.523817079999999935e-01 7.694691620000000398e-01 6.961907619999999630e-01 4.600574680000000249e-01 3.323090940000000271e-01 3.964755640000000025e-01 3.979614980000000246e-01 3.638429659999999899e-01 3.319416499999999770e-01 3.501544739999999933e-01 2.408993039999999808e-01 1.630292779999999997e-01 2.813939220000000185e-01 2.920654980000000345e-01 3.032071600000000311e-01 2.164939819999999737e-01 2.826012460000000281e-01 4.264018440000000298e-01 3.385330539999999999e-01
7.571426460000000302e-01 0.000000000000000000e+00 3.659950359999999958e-01 3.701861979999999663e-01 8.483951839999999134e-01 7.757852680000000278e-01 3.827347939999999893e-01 2.952687500000000242e-01 3.193850839999999858e-01 3.313819419999999849e-01 2.807636020000000010e-01 2.746754420000000474e-01 2.568133099999999613e-01 2.601534659999999999e-01 1.400387939999999942e-01 2.630896539999999506e-01 2.509693919999999578e-01 3.122725880000000176e-01 1.441501759999999632e-01 2.157960379999999956e-01 3.057009240000000405e-01 3.472102240000000117e-01
5.276893219999999607e-01 3.659950359999999958e-01 0.000000000000000000e+00 7.330653959999999802e-01 3.624573279999999675e-01 3.544503439999999728e-01 7.159316959999999508e-01 5.952556879999999495e-01 8.013148380000000293e-01 7.383865299999999854e-01 8.185286900000001697e-01 5.918864480000001205e-01 7.883169100000000373e-01 4.516206600000000071e-01 3.608927679999999749e-01 3.454253019999999896e-01 4.848021180000000041e-01 3.414111679999999871e-01 3.273427999999999893e-01 3.881670640000000061e-01 7.765009820000000618e-01 2.438071700000000175e-01
4.523817079999999935e-01 3.701861979999999663e-01 7.330653959999999802e-01 0.000000000000000000e+00 3.005313280000000420e-01 3.436501200000000034e-01 5.630187839999999388e-01 7.378552459999999646e-01 6.455450539999999515e-01 7.620206620000000708e-01 5.896791099999999508e-01 7.665314739999999905e-01 6.514146279999999400e-01 5.985644000000001075e-01 3.147678760000000020e-01 3.890252299999999996e-01 3.760378919999999847e-01 4.373579240000000645e-01 3.782969399999999704e-01 4.651352500000000001e-01 6.419907519999999979e-01 4.685069339999999860e-01
7.694691620000000398e-01 8.483951839999999134e-01 3.624573279999999675e-01 3.005313280000000420e-01 0.000000000000000000e+00 7.259966319999999751e-01 4.117437579999999597e-01 2.693140900000000060e-01 3.241581539999999761e-01 3.419225079999999584e-01 3.140118960000000681e-01 2.618778659999999592e-01 2.776085359999999613e-01 2.279439739999999937e-01 1.517032660000000033e-01 2.511211439999999628e-01 2.208565320000000498e-01 2.612137279999999784e-01 1.048772679999999957e-01 2.103841339999999727e-01 3.106606820000000213e-01 2.903379759999999976e-01
6.961907619999999630e-01 7.757852680000000278e-01 3.544503439999999728e-01 3.436501200000000034e-01 7.259966319999999751e-01 0.000000000000000000e+00 3.814215420000000023e-01 3.210796740000000371e-01 4.072387339999999911e-01 2.706614480000000267e-01 3.705432819999999738e-01 2.729242760000000212e-01 2.749905260000000129e-01 2.454990819999999796e-01 1.591769620000000052e-01 2.879540179999999783e-01 1.972749040000000009e-01 3.267006179999999982e-01 1.811468060000000213e-01 2.265548759999999606e-01 2.769923660000000454e-01 3.807589820000000236e-01
4.600574680000000249e-01 3.827347939999999893e-01 7.159316959999999508e-01 5.630187839999999388e-01 4.117437579999999597e-01 3.814215420000000023e-01 0.000000000000000000e+00 4.926293119999999304e-01 6.512933499999999931e-01 6.279254180000000130e-01 6.863185860000000638e-01 5.167191279999999720e-01 6.752757959999999837e-01 4.250536520000000040e-01 2.453746119999999920e-01 3.480928479999999547e-01 4.067159420000000525e-01 3.083732619999999813e-01 1.705017480000000085e-01 3.470162179999999874e-01 6.546774819999999773e-01 3.180919500000000122e-01
3.323090940000000271e-01 2.952687500000000242e-01 5.952556879999999495e-01 7.378552459999999646e-01 2.693140900000000060e-01 3.210796740000000371e-01 4.926293119999999304e-01 0.000000000000000000e+00 5.713646119999999939e-01 7.142017179999999854e-01 5.099749479999999835e-01 8.088475760000000125e-01 5.615458519999998455e-01 4.673135100000000430e-01 2.678988540000000196e-01 2.556731819999999988e-01 3.902317439999999915e-01 2.571768020000000377e-01 2.467121959999999947e-01 2.869211939999999905e-01 5.575006379999999373e-01 3.806132940000000464e-01
3.964755640000000025e-01 3.193850839999999858e-01 8.013148380000000293e-01 6.455450539999999515e-01 3.241581539999999761e-01 4.072387339999999911e-01 6.512933499999999931e-01 5.713646119999999939e-01 0.000000000000000000e+00 7.958382760000001221e-01 9.032001299999998789e-01 6.511897620000000053e-01 7.535244020000001486e-01 4.169595960000000434e-01 4.388858080000000439e-01 4.395955559999999984e-01 4.690189900000000245e-01 4.526794140000000022e-01 3.971092259999999818e-01 5.109338340000000311e-01 7.254548799999999131e-01 3.446746240000000405e-01
3.979614980000000246e-01 3.313819419999999849e-01 7.383865299999999854e-01 7.620206620000000708e-01 3.419225079999999584e-01 2.706614480000000267e-01 6.279254180000000130e-01 7.142017179999999854e-01 7.958382760000001221e-01 0.000000000000000000e+00 7.390592020000000817e-01 8.225596680000000216e-01 7.529214579999999879e-01 4.598805279999999551e-01 4.130177940000000492e-01 4.878889579999999837e-01 4.145585880000000611e-01 4.430389980000000172e-01 3.882824860000000378e-01 5.311088839999998923e-01 7.476810819999999413e-01 3.733516940000000117e-01
3.638429659999999899e-01 2.807636020000000010e-01 8.185286900000001697e-01 5.896791099999999508e-01 3.140118960000000681e-01 3.705432819999999738e-01 6.863185860000000638e-01 5.099749479999999835e-01 9.032001299999998789e-01 7.390592020000000817e-01 0.000000000000000000e+00 5.654497220000000990e-01 7.915523819999999988e-01 3.686040959999999922e-01 4.133135820000000682e-01 3.790650180000000313e-01 4.680380060000000064e-01 3.998818640000000313e-01 3.664880540000000075e-01 4.647688400000000719e-01 7.768561999999998857e-01 2.985439760000000442e-01
3.319416499999999770e-01 2.746754420000000474e-01 5.918864480000001205e-01 7.665314739999999905e-01 2.618778659999999592e-01 2.729242760000000212e-01 5.167191279999999720e-01 8.088475760000000125e-01 6.511897620000000053e-01 8.225596680000000216e-01 5.654497220000000990e-01 0.000000000000000000e+00 6.352648960000000233e-01 4.626884359999999807e-01 3.622906860000000284e-01 4.780002599999999546e-01 3.629650860000000479e-01 4.207137320000000069e-01 3.235656920000000158e-01 4.918265439999999766e-01 5.749820080000000999e-01 4.491431639999999836e-01
3.501544739999999933e-01 2.568133099999999613e-01 7.883169100000000373e-01 6.514146279999999400e-01 2.776085359999999613e-01 2.749905260000000129e-01 6.752757959999999837e-01 5.615458519999998455e-01 7.535244020000001486e-01 7.529214579999999879e-01 7.915523819999999988e-01 6.352648960000000233e-01 0.000000000000000000e+00 4.514193839999999791e-01 4.312867879999999765e-01 3.334597339999999521e-01 4.723582579999999753e-01 3.645390419999999798e-01 3.391049779999999458e-01 4.802201019999999820e-01 7.826934740000000001e-01 2.793233059999999934e-01
2.408993039999999808e-01 2.601534659999999999e-01 4.516206600000000071e-01 5.985644000000001075e-01 2.279439739999999937e-01 2.454990819999999796e-01 4.250536520000000040e-01 4.673135100000000430e-01 4.169595960000000434e-01 4.598805279999999551e-01 3.686040959999999922e-01 4.626884359999999807e-01 4.514193839999999791e-01 0.000000000000000000e+00 2.675906780000000262e-01 3.345088479999999698e-01 2.445773459999999733e-01 3.369887540000000015e-01 3.172400499999999957e-01 3.859967280000000112e-01 4.303931920000000355e-01 4.368489239999999718e-01
1.630292779999999997e-01 1.400387939999999942e-01 3.608927679999999749e-01 3.147678760000000020e-01 1.517032660000000033e-01 1.591769620000000052e-01 2.453746119999999920e-01 2.678988540000000196e-01 4.388858080000000439e-01 4.130177940000000492e-01 4.133135820000000682e-01 3.622906860000000284e-01 4.312867879999999765e-01 2.675906780000000262e-01 0.000000000000000000e+00 3.079711059999999945e-01 4.522526139999999972e-01 2.635234359999999443e-01 4.011487679999999889e-01 5.233647900000000242e-01 3.966210479999999761e-01 2.672938100000000206e-01
2.813939220000000185e-01 2.630896539999999506e-01 3.454253019999999896e-01 3.890252299999999996e-01 2.511211439999999628e-01 2.879540179999999783e-01 3.480928479999999547e-01 2.556731819999999988e-01 4.395955559999999984e-01 4.878889579999999837e-01 3.790650180000000313e-01 4.780002599999999546e-01 3.334597339999999521e-01 3.345088479999999698e-01 3.079711059999999945e-01 0.000000000000000000e+00 3.269341640000000271e-01 5.827111359999999074e-01 5.280273859999999875e-01 5.033852879999999308e-01 2.972920959999999502e-01 3.870842179999999799e-01
2.920654980000000345e-01 2.509693919999999578e-01 4.848021180000000041e-01 3.760378919999999847e-01 2.208565320000000498e-01 1.972749040000000009e-01 4.067159420000000525e-01 3.902317439999999915e-01 4.690189900000000245e-01 4.145585880000000611e-01 4.680380060000000064e-01 3.629650860000000479e-01 4.723582579999999753e-01 2.445773459999999733e-01 4.522526139999999972e-01 3.269341640000000271e-01 0.000000000000000000e+00 3.719071299999999747e-01 6.937100860000000591e-01 3.574723119999999588e-01 4.627807820000000016e-01 2.650207839999999537e-01
3.032071600000000311e-01 3.122725880000000176e-01 3.414111679999999871e-01 4.373579240000000645e-01 2.612137279999999784e-01 3.267006179999999982e-01 3.083732619999999813e-01 2.571768020000000377e-01 4.526794140000000022e-01 4.430389980000000172e-01 3.998818640000000313e-01 4.207137320000000069e-01 3.645390419999999798e-01 3.369887540000000015e-01 2.635234359999999443e-01 5.827111359999999074e-01 3.719071299999999747e-01 0.000000000000000000e+00 4.759628400000000537e-01 6.643372260000000029e-01 3.329090360000000470e-01 4.394540860000000215e-01
2.164939819999999737e-01 1.441501759999999632e-01 3.273427999999999893e-01 3.782969399999999704e-01 1.048772679999999957e-01 1.811468060000000213e-01 1.705017480000000085e-01 2.467121959999999947e-01 3.971092259999999818e-01 3.882824860000000378e-01 3.664880540000000075e-01 3.235656920000000158e-01 3.391049779999999458e-01 3.172400499999999957e-01 4.011487679999999889e-01 5.280273859999999875e-01 6.937100860000000591e-01 4.759628400000000537e-01 0.000000000000000000e+00 4.852912239999999100e-01 2.750729580000000341e-01 2.927571320000000310e-01
2.826012460000000281e-01 2.157960379999999956e-01 3.881670640000000061e-01 4.651352500000000001e-01 2.103841339999999727e-01 2.265548759999999606e-01 3.470162179999999874e-01 2.869211939999999905e-01 5.109338340000000311e-01 5.311088839999998923e-01 4.647688400000000719e-01 4.918265439999999766e-01 4.802201019999999820e-01 3.859967280000000112e-01 5.233647900000000242e-01 5.033852879999999308e-01 3.574723119999999588e-01 6.643372260000000029e-01 4.852912239999999100e-01 0.000000000000000000e+00 4.327407620000000010e-01 3.399508780000000119e-01
4.264018440000000298e-01 3.057009240000000405e-01 7.765009820000000618e-01 6.419907519999999979e-01 3.106606820000000213e-01 2.769923660000000454e-01 6.546774819999999773e-01 5.575006379999999373e-01 7.254548799999999131e-01 7.476810819999999413e-01 7.768561999999998857e-01 5.749820080000000999e-01 7.826934740000000001e-01 4.303931920000000355e-01 3.966210479999999761e-01 2.972920959999999502e-01 4.627807820000000016e-01 3.329090360000000470e-01 2.750729580000000341e-01 4.327407620000000010e-01 0.000000000000000000e+00 3.683316600000000052e-01
3.385330539999999999e-01 3.472102240000000117e-01 2.438071700000000175e-01 4.685069339999999860e-01 2.903379759999999976e-01 3.807589820000000236e-01 3.180919500000000122e-01 3.806132940000000464e-01 3.446746240000000405e-01 3.733516940000000117e-01 2.985439760000000442e-01 4.491431639999999836e-01 2.793233059999999934e-01 4.368489239999999718e-01 2.672938100000000206e-01 3.870842179999999799e-01 2.650207839999999537e-01 4.394540860000000215e-01 2.927571320000000310e-01 3.399508780000000119e-01 3.683316600000000052e-01 0.000000000000000000e+00
