0.000000000000000000e+00 8.792204580000000380e-01 2.716335400000000067e-01 4.150422239999999041e-01 7.878080159999999443e-01 9.500400460000000269e-01 1.837248780000000081e-01 3.124233680000000346e-01 4.524308060000000187e-01 3.685376559999999913e-01 3.848866539999999947e-01 2.638371240000000340e-01 2.619614160000000025e-01 2.215706039999999766e-01 2.268761959999999467e-01 2.120593340000000160e-01 2.727492319999999526e-01 2.589118279999999550e-01 2.146325040000000295e-01 2.219890760000000074e-01 3.691095919999999864e-01 2.272442920000000144e-01
8.792204580000000380e-01 0.000000000000000000e+00 2.555026820000000365e-01 3.549994140000000131e-01 9.103589359999999520e-01 9.012555420000000206e-01 2.310280419999999890e-01 3.258666920000000133e-01 4.573340199999999522e-01 3.543839659999999947e-01 3.741136040000000440e-01 2.809425420000000173e-01 2.125343120000000030e-01 1.538217659999999987e-01 2.344395259999999814e-01 2.224937039999999866e-01 2.830074760000000356e-01 3.075958699999999935e-01 2.385339339999999753e-01 2.340994960000000180e-01 3.461935760000000029e-01 2.771791740000000281e-01
2.716335400000000067e-01 2.555026820000000365e-01 0.000000000000000000e+00 2.532877779999999635e-01 2.445828639999999832e-01 2.762850740000000194e-01 1.235423780000000082e-01 1.975024940000000007e-01 4.184447919999999543e-01 4.553823000000000176e-01 5.176268040000000514e-01 3.969964420000000049e-01 3.026705000000000090e-01 2.303704740000000195e-01 1.384559599999999890e-01 1.661280460000000014e-01 1.705767520000000259e-01 2.033952439999999751e-01 1.469521939999999804e-01 1.468809560000000070e-01 2.464018100000000544e-01 1.795529860000000255e-01
4.150422239999999041e-01 3.549994140000000131e-01 2.532877779999999635e-01 0.000000000000000000e+00 3.578053199999999823e-01 3.530442079999999705e-01 2.571635719999999514e-01 3.493449440000000461e-01 4.557950959999999552e-01 3.757192839999999867e-01 4.257205860000000119e-01 3.410124280000000341e-01 2.983579140000000018e-01 2.445039139999999889e-01 3.221711839999999993e-01 2.194717939999999978e-01 2.855758139999999834e-01 2.266159520000000094e-01 3.418560600000000171e-01 3.789601240000000093e-01 4.126785520000000318e-01 1.879683999999999799e-01
7.878080159999999443e-01 9.103589359999999520e-01 2.445828639999999832e-01 3.578053199999999823e-01 0.000000000000000000e+00 8.080499500000000168e-01 2.381421400000000299e-01 3.009843220000000263e-01 4.708825259999999124e-01 3.554132660000000055e-01 3.820647660000000001e-01 2.615164079999999780e-01 1.854119059999999874e-01 1.746143539999999994e-01 2.608109419999999901e-01 2.355914499999999800e-01 2.889164760000000332e-01 3.078709759999999629e-01 2.490102160000000064e-01 2.211153020000000136e-01 3.851105699999999854e-01 3.153574759999999699e-01
9.500400460000000269e-01 9.012555420000000206e-01 2.762850740000000194e-01 3.530442079999999705e-01 8.080499500000000168e-01 0.000000000000000000e+00 2.268840459999999781e-01 3.188257859999999999e-01 4.514520079999999602e-01 3.746075500000000114e-01 3.655229599999999524e-01 2.792821159999999692e-01 2.489041380000000248e-01 1.620678880000000210e-01 2.675931639999999945e-01 2.577244060000000170e-01 3.004481860000000060e-01 2.969398019999999749e-01 2.594014060000000010e-01 2.690276819999999902e-01 3.645024780000000186e-01 2.279901719999999909e-01
1.837248780000000081e-01 2.310280419999999890e-01 1.235423780000000082e-01 2.571635719999999514e-01 2.381421400000000299e-01 2.268840459999999781e-01 0.000000000000000000e+00 2.509633500000000295e-01 2.548897940000000029e-01 2.758609639999999863e-01 2.183316660000000076e-01 2.093864920000000074e-01 2.912417459999999680e-01 2.891366579999999908e-01 3.326824939999999953e-01 2.161376880000000222e-01 2.967771240000000033e-01 3.196071999999999802e-01 3.349887899999999807e-01 3.184742199999999746e-01 1.464846459999999961e-01 2.777974279999999574e-01
3.124233680000000346e-01 3.258666920000000133e-01 1.975024940000000007e-01 3.493449440000000461e-01 3.009843220000000263e-01 3.188257859999999999e-01 2.509633500000000295e-01 0.000000000000000000e+00 4.721689960000000075e-01 4.691558780000000262e-01 4.271946420000000133e-01 3.524226699999999934e-01 2.374831480000000050e-01 2.261800960000000527e-01 2.079755980000000393e-01 2.951287120000000153e-01 2.532810360000000149e-01 2.562319739999999735e-01 2.200032059999999789e-01 2.399070640000000032e-01 3.052482739999999861e-01 2.347289019999999893e-01
4.524308060000000187e-01 4.573340199999999522e-01 4.184447919999999543e-01 4.557950959999999552e-01 4.708825259999999124e-01 4.514520079999999602e-01 2.548897940000000029e-01 4.721689960000000075e-01 0.000000000000000000e+00 7.224112080000000269e-01 7.336979000000000140e-01 6.092290360000000016e-01 4.363836739999999992e-01 3.130677679999999685e-01 2.661918280000000192e-01 3.366768860000000640e-01 3.676795019999999914e-01 2.076709840000000307e-01 2.807203819999999905e-01 2.293030040000000047e-01 4.797630060000000474e-01 2.640151720000000202e-01
3.685376559999999913e-01 3.543839659999999947e-01 4.553823000000000176e-01 3.757192839999999867e-01 3.554132660000000055e-01 3.746075500000000114e-01 2.758609639999999863e-01 4.691558780000000262e-01 7.224112080000000269e-01 0.000000000000000000e+00 7.063839119999999472e-01 6.315412560000001063e-01 3.888122640000000185e-01 3.375621839999999874e-01 3.003775320000000026e-01 3.230518000000000001e-01 3.555463819999999942e-01 2.364123399999999986e-01 3.075279039999999631e-01 2.443440560000000039e-01 4.743997239999999671e-01 2.284336819999999990e-01
3.848866539999999947e-01 3.741136040000000440e-01 5.176268040000000514e-01 4.257205860000000119e-01 3.820647660000000001e-01 3.655229599999999524e-01 2.183316660000000076e-01 4.271946420000000133e-01 7.336979000000000140e-01 7.063839119999999472e-01 0.000000000000000000e+00 7.044714060000000222e-01 4.549042979999999292e-01 2.586985119999999916e-01 2.114468800000000037e-01 2.986108980000000135e-01 2.537456040000000135e-01 1.658337559999999988e-01 2.026935699999999618e-01 1.624870960000000253e-01 5.268044680000000257e-01 2.795440539999999863e-01
2.638371240000000340e-01 2.809425420000000173e-01 3.969964420000000049e-01 3.410124280000000341e-01 2.615164079999999780e-01 2.792821159999999692e-01 2.093864920000000074e-01 3.524226699999999934e-01 6.092290360000000016e-01 6.315412560000001063e-01 7.044714060000000222e-01 0.000000000000000000e+00 3.868017280000000113e-01 3.919747080000000050e-01 2.309054780000000251e-01 3.432138679999999775e-01 2.771491300000000213e-01 1.510339299999999829e-01 2.294077399999999989e-01 2.240707660000000045e-01 4.405303100000000360e-01 2.335506360000000059e-01
2.619614160000000025e-01 2.125343120000000030e-01 3.026705000000000090e-01 2.983579140000000018e-01 1.854119059999999874e-01 2.489041380000000248e-01 2.912417459999999680e-01 2.374831480000000050e-01 4.363836739999999992e-01 3.888122640000000185e-01 4.549042979999999292e-01 3.868017280000000113e-01 0.000000000000000000e+00 1.738831360000000215e-01 2.470681359999999938e-01 2.013109160000000064e-01 2.543799780000000066e-01 2.135781859999999754e-01 2.311582000000000081e-01 2.104510840000000105e-01 2.627663540000000353e-01 1.788515219999999850e-01
2.215706039999999766e-01 1.538217659999999987e-01 2.303704740000000195e-01 2.445039139999999889e-01 1.746143539999999994e-01 1.620678880000000210e-01 2.891366579999999908e-01 2.261800960000000527e-01 3.130677679999999685e-01 3.375621839999999874e-01 2.586985119999999916e-01 3.919747080000000050e-01 1.738831360000000215e-01 0.000000000000000000e+00 1.724678279999999897e-01 2.339546800000000260e-01 1.261915379999999920e-01 1.739284319999999939e-01 1.827870920000000121e-01 2.175978159999999995e-01 3.162301000000000140e-01 1.860839260000000106e-01
2.268761959999999467e-01 2.344395259999999814e-01 1.384559599999999890e-01 3.221711839999999993e-01 2.608109419999999901e-01 2.675931639999999945e-01 3.326824939999999953e-01 2.079755980000000393e-01 2.661918280000000192e-01 3.003775320000000026e-01 2.114468800000000037e-01 2.309054780000000251e-01 2.470681359999999938e-01 1.724678279999999897e-01 0.000000000000000000e+00 6.857583099999999821e-01 7.647992420000000457e-01 5.326463780000000314e-01 9.670941959999999060e-01 8.843231219999999615e-01 2.302370099999999642e-01 2.614710719999999711e-01
2.120593340000000160e-01 2.224937039999999866e-01 1.661280460000000014e-01 2.194717939999999978e-01 2.355914499999999800e-01 2.577244060000000170e-01 2.161376880000000222e-01 2.951287120000000153e-01 3.366768860000000640e-01 3.230518000000000001e-01 2.986108980000000135e-01 3.432138679999999775e-01 2.013109160000000064e-01 2.339546800000000260e-01 6.857583099999999821e-01 0.000000000000000000e+00 5.990098660000000574e-01 3.328205740000000357e-01 6.877602920000001063e-01 5.792714599999999603e-01 2.349796579999999524e-01 2.647966240000000360e-01
2.727492319999999526e-01 2.830074760000000356e-01 1.705767520000000259e-01 2.855758139999999834e-01 2.889164760000000332e-01 3.004481860000000060e-01 2.967771240000000033e-01 2.532810360000000149e-01 3.676795019999999914e-01 3.555463819999999942e-01 2.537456040000000135e-01 2.771491300000000213e-01 2.543799780000000066e-01 1.261915379999999920e-01 7.647992420000000457e-01 5.990098660000000574e-01 0.000000000000000000e+00 4.765785419999999384e-01 8.097570680000000243e-01 7.171584959999999231e-01 1.790397360000000049e-01 2.321035260000000044e-01
2.589118279999999550e-01 3.075958699999999935e-01 2.033952439999999751e-01 2.266159520000000094e-01 3.078709759999999629e-01 2.969398019999999749e-01 3.196071999999999802e-01 2.562319739999999735e-01 2.076709840000000307e-01 2.364123399999999986e-01 1.658337559999999988e-01 1.510339299999999829e-01 2.135781859999999754e-01 1.739284319999999939e-01 5.326463780000000314e-01 3.328205740000000357e-01 4.765785419999999384e-01 0.000000000000000000e+00 5.375735780000001629e-01 5.005460259999999773e-01 2.417545459999999868e-01 1.609649559999999924e-01
2.146325040000000295e-01 2.385339339999999753e-01 1.469521939999999804e-01 3.418560600000000171e-01 2.490102160000000064e-01 2.594014060000000010e-01 3.349887899999999807e-01 2.200032059999999789e-01 2.807203819999999905e-01 3.075279039999999631e-01 2.026935699999999618e-01 2.294077399999999989e-01 2.311582000000000081e-01 1.827870920000000121e-01 9.670941959999999060e-01 6.877602920000001063e-01 8.097570680000000243e-01 5.375735780000001629e-01 0.000000000000000000e+00 8.905299540000000125e-01 2.511844940000000359e-01 2.638297760000000158e-01
2.219890760000000074e-01 2.340994960000000180e-01 1.468809560000000070e-01 3.789601240000000093e-01 2.211153020000000136e-01 2.690276819999999902e-01 3.184742199999999746e-01 2.399070640000000032e-01 2.293030040000000047e-01 2.443440560000000039e-01 1.624870960000000253e-01 2.240707660000000045e-01 2.104510840000000105e-01 2.175978159999999995e-01 8.843231219999999615e-01 5.792714599999999603e-01 7.171584959999999231e-01 5.005460259999999773e-01 8.905299540000000125e-01 0.000000000000000000e+00 2.636823359999999616e-01 2.510340899999999875e-01
3.691095919999999864e-01 3.461935760000000029e-01 2.464018100000000544e-01 4.126785520000000318e-01 3.851105699999999854e-01 3.645024780000000186e-01 1.464846459999999961e-01 3.052482739999999861e-01 4.797630060000000474e-01 4.743997239999999671e-01 5.268044680000000257e-01 4.405303100000000360e-01 2.627663540000000353e-01 3.162301000000000140e-01 2.302370099999999642e-01 2.349796579999999524e-01 1.790397360000000049e-01 2.417545459999999868e-01 2.511844940000000359e-01 2.636823359999999616e-01 0.000000000000000000e+00 3.154224540000000188e-01
2.272442920000000144e-01 2.771791740000000281e-01 1.795529860000000255e-01 1.879683999999999799e-01 3.153574759999999699e-01 2.279901719999999909e-01 2.777974279999999574e-01 2.347289019999999893e-01 2.640151720000000202e-01 2.284336819999999990e-01 2.795440539999999863e-01 2.335506360000000059e-01 1.788515219999999850e-01 1.860839260000000106e-01 2.614710719999999711e-01 2.647966240000000360e-01 2.321035260000000044e-01 1.609649559999999924e-01 2.638297760000000158e-01 2.510340899999999875e-01 3.154224540000000188e-01 0.000000000000000000e+00
