0.000000000000000000e+00 9.807110460000000307e-01 3.397856940000000270e-01 3.143396179999999873e-01 9.858120539999999377e-01 9.761366499999999391e-01 2.245565660000000130e-01 1.781439239999999813e-01 3.439735200000000326e-01 4.170738799999999524e-01 3.284484599999999976e-01 4.063147780000000431e-01 3.612924919999999651e-01 2.757486659999999756e-01 1.273215040000000020e-01 1.018784239999999952e-01 1.383877619999999697e-01 1.310810920000000102e-01 1.259226299999999799e-01 1.087477020000000155e-01 3.972980259999999708e-01 3.244897239999999794e-01
9.807110460000000307e-01 0.000000000000000000e+00 2.855421380000000009e-01 2.682606840000000270e-01 9.885259499999999866e-01 9.926978180000001206e-01 2.017875960000000135e-01 1.783389940000000284e-01 3.279763640000000202e-01 3.976973879999999850e-01 3.100735980000000058e-01 3.831645639999999853e-01 3.292692220000000280e-01 3.049222420000000100e-01 1.035231719999999828e-01 8.961661000000001320e-02 1.155435660000000003e-01 1.234033719999999834e-01 1.026787039999999818e-01 9.994981799999999583e-02 3.667259340000000312e-01 3.179195160000000131e-01
3.397856940000000270e-01 2.855421380000000009e-01 0.000000000000000000e+00 8.818059660000001632e-01 3.074316860000000373e-01 2.874025539999999768e-01 4.984633279999999833e-01 5.103910619999999509e-01 9.052526159999999544e-01 8.969212879999999277e-01 9.114341780000000393e-01 8.560305960000000880e-01 8.872061680000001838e-01 5.687985399999999636e-01 2.764962080000000211e-01 2.532629279999999983e-01 3.203489440000000243e-01 3.011803620000000348e-01 2.766437159999999840e-01 2.539902960000000043e-01 9.191786960000000173e-01 6.676260640000000190e-01
3.143396179999999873e-01 2.682606840000000270e-01 8.818059660000001632e-01 0.000000000000000000e+00 2.869170400000000121e-01 2.530318839999999847e-01 4.479295019999999239e-01 4.787379139999999866e-01 8.237638339999999726e-01 8.252637200000000339e-01 8.251183500000000004e-01 8.110518140000000376e-01 8.207098059999999862e-01 5.699225599999999670e-01 2.455843820000000177e-01 2.273607379999999512e-01 2.880862020000000134e-01 2.719131579999999881e-01 2.480541359999999806e-01 2.305126719999999740e-01 8.329378739999999670e-01 6.730546220000001023e-01
9.858120539999999377e-01 9.885259499999999866e-01 3.074316860000000373e-01 2.869170400000000121e-01 0.000000000000000000e+00 9.780730840000000370e-01 2.128004680000000204e-01 1.734024500000000413e-01 3.335701200000000255e-01 4.061065759999999969e-01 3.198203339999999839e-01 3.975202979999999942e-01 3.533871419999999874e-01 2.933344399999999741e-01 1.188214480000000101e-01 1.078626360000000117e-01 1.303478839999999972e-01 1.328109780000000240e-01 1.178660059999999954e-01 1.139031159999999987e-01 3.886910359999999898e-01 3.250404219999999955e-01
9.761366499999999391e-01 9.926978180000001206e-01 2.874025539999999768e-01 2.530318839999999847e-01 9.780730840000000370e-01 0.000000000000000000e+00 2.084300339999999863e-01 1.935525979999999924e-01 3.501063940000000430e-01 4.116371840000000448e-01 3.312454920000000302e-01 3.887772600000000134e-01 3.431333999999999773e-01 3.164563999999999711e-01 1.054498780000000108e-01 8.472527400000000319e-02 1.190485720000000053e-01 1.218103440000000148e-01 1.049005719999999975e-01 9.761202000000000767e-02 3.741377800000000309e-01 3.314170640000000390e-01
2.245565660000000130e-01 2.017875960000000135e-01 4.984633279999999833e-01 4.479295019999999239e-01 2.128004680000000204e-01 2.084300339999999863e-01 0.000000000000000000e+00 8.752137580000001194e-01 4.516927899999999552e-01 4.560456860000000612e-01 4.409982339999999890e-01 4.530004699999999884e-01 3.649496100000000354e-01 2.043932240000000122e-01 8.626067660000000803e-01 8.397239000000000786e-01 8.896810499999998623e-01 8.748389980000000898e-01 8.678320520000000204e-01 8.573219020000000246e-01 4.756034019999999529e-01 4.580095720000000314e-01
1.781439239999999813e-01 1.783389940000000284e-01 5.103910619999999509e-01 4.787379139999999866e-01 1.734024500000000413e-01 1.935525979999999924e-01 8.752137580000001194e-01 0.000000000000000000e+00 4.620485939999999792e-01 4.883096160000000019e-01 4.533000480000000110e-01 4.842931099999999711e-01 3.649669500000000122e-01 2.235419339999999977e-01 8.117271320000000179e-01 8.046361399999998332e-01 8.488779720000000362e-01 8.662631940000000697e-01 8.274325299999999439e-01 8.201926299999999781e-01 4.726467659999999960e-01 4.676351439999999471e-01
3.439735200000000326e-01 3.279763640000000202e-01 9.052526159999999544e-01 8.237638339999999726e-01 3.335701200000000255e-01 3.501063940000000430e-01 4.516927899999999552e-01 4.620485939999999792e-01 0.000000000000000000e+00 9.118110460000000694e-01 9.726491040000000421e-01 8.476878019999999347e-01 9.126466079999999703e-01 6.412552700000000439e-01 2.087406799999999563e-01 2.009265360000000167e-01 2.534759600000000002e-01 2.404301999999999828e-01 2.091253559999999845e-01 1.941806299999999652e-01 9.073458799999999380e-01 6.819736780000000831e-01
4.170738799999999524e-01 3.976973879999999850e-01 8.969212879999999277e-01 8.252637200000000339e-01 4.061065759999999969e-01 4.116371840000000448e-01 4.560456860000000612e-01 4.883096160000000019e-01 9.118110460000000694e-01 0.000000000000000000e+00 8.976079820000000264e-01 9.405839580000000533e-01 8.785975000000000312e-01 6.342018600000000061e-01 2.030564819999999826e-01 1.743154079999999773e-01 2.507508920000000030e-01 2.441299040000000087e-01 2.029747780000000223e-01 1.842664720000000145e-01 9.142899540000000158e-01 7.020888100000000076e-01
3.284484599999999976e-01 3.100735980000000058e-01 9.114341780000000393e-01 8.251183500000000004e-01 3.198203339999999839e-01 3.312454920000000302e-01 4.409982339999999890e-01 4.533000480000000110e-01 9.726491040000000421e-01 8.976079820000000264e-01 0.000000000000000000e+00 8.418097700000000128e-01 9.383607340000000852e-01 6.286368540000000227e-01 2.108350079999999627e-01 2.065615120000000027e-01 2.489695339999999923e-01 2.356686159999999697e-01 2.095960639999999986e-01 1.956589080000000203e-01 9.128851820000001283e-01 6.690824800000000350e-01
4.063147780000000431e-01 3.831645639999999853e-01 8.560305960000000880e-01 8.110518140000000376e-01 3.975202979999999942e-01 3.887772600000000134e-01 4.530004699999999884e-01 4.842931099999999711e-01 8.476878019999999347e-01 9.405839580000000533e-01 8.418097700000000128e-01 0.000000000000000000e+00 8.336353260000001208e-01 5.497842219999999891e-01 2.285245800000000327e-01 1.975541160000000018e-01 2.712692399999999671e-01 2.568755259999999652e-01 2.274607800000000013e-01 2.079996839999999625e-01 8.765116240000001557e-01 6.662249139999999459e-01
3.612924919999999651e-01 3.292692220000000280e-01 8.872061680000001838e-01 8.207098059999999862e-01 3.533871419999999874e-01 3.431333999999999773e-01 3.649496100000000354e-01 3.649669500000000122e-01 9.126466079999999703e-01 8.785975000000000312e-01 9.383607340000000852e-01 8.336353260000001208e-01 0.000000000000000000e+00 6.339396800000000054e-01 2.043289460000000113e-01 2.043208900000000328e-01 2.075142579999999515e-01 1.851485840000000049e-01 1.911468480000000081e-01 1.830026480000000177e-01 9.182953140000000847e-01 6.560309519999999450e-01
2.757486659999999756e-01 3.049222420000000100e-01 5.687985399999999636e-01 5.699225599999999670e-01 2.933344399999999741e-01 3.164563999999999711e-01 2.043932240000000122e-01 2.235419339999999977e-01 6.412552700000000439e-01 6.342018600000000061e-01 6.286368540000000227e-01 5.497842219999999891e-01 6.339396800000000054e-01 0.000000000000000000e+00 1.972642880000000098e-01 2.183777919999999872e-01 1.670290140000000034e-01 1.688556279999999798e-01 1.834798980000000024e-01 1.946701479999999873e-01 5.758294840000000026e-01 4.547796299999999903e-01
1.273215040000000020e-01 1.035231719999999828e-01 2.764962080000000211e-01 2.455843820000000177e-01 1.188214480000000101e-01 1.054498780000000108e-01 8.626067660000000803e-01 8.117271320000000179e-01 2.087406799999999563e-01 2.030564819999999826e-01 2.108350079999999627e-01 2.285245800000000327e-01 2.043289460000000113e-01 1.972642880000000098e-01 0.000000000000000000e+00 9.667612119999999809e-01 9.897878380000000309e-01 9.541153639999999658e-01 9.967497319999999439e-01 9.776323019999999531e-01 2.756405819999999673e-01 2.732672139999999805e-01
1.018784239999999952e-01 8.961661000000001320e-02 2.532629279999999983e-01 2.273607379999999512e-01 1.078626360000000117e-01 8.472527400000000319e-02 8.397239000000000786e-01 8.046361399999998332e-01 2.009265360000000167e-01 1.743154079999999773e-01 2.065615120000000027e-01 1.975541160000000018e-01 2.043208900000000328e-01 2.183777919999999872e-01 9.667612119999999809e-01 0.000000000000000000e+00 9.498715880000000444e-01 9.681966859999999730e-01 9.697822280000000239e-01 9.920659059999999974e-01 2.647410440000000365e-01 2.574014800000000158e-01
1.383877619999999697e-01 1.155435660000000003e-01 3.203489440000000243e-01 2.880862020000000134e-01 1.303478839999999972e-01 1.190485720000000053e-01 8.896810499999998623e-01 8.488779720000000362e-01 2.534759600000000002e-01 2.507508920000000030e-01 2.489695339999999923e-01 2.712692399999999671e-01 2.075142579999999515e-01 1.670290140000000034e-01 9.897878380000000309e-01 9.498715880000000444e-01 0.000000000000000000e+00 9.534042219999999679e-01 9.943762339999999700e-01 9.646009519999999560e-01 3.065989880000000167e-01 3.162880279999999988e-01
1.310810920000000102e-01 1.234033719999999834e-01 3.011803620000000348e-01 2.719131579999999881e-01 1.328109780000000240e-01 1.218103440000000148e-01 8.748389980000000898e-01 8.662631940000000697e-01 2.404301999999999828e-01 2.441299040000000087e-01 2.356686159999999697e-01 2.568755259999999652e-01 1.851485840000000049e-01 1.688556279999999798e-01 9.541153639999999658e-01 9.681966859999999730e-01 9.534042219999999679e-01 0.000000000000000000e+00 9.603855740000000196e-01 9.824638079999999940e-01 2.883736739999999688e-01 3.123651560000000327e-01
1.259226299999999799e-01 1.026787039999999818e-01 2.766437159999999840e-01 2.480541359999999806e-01 1.178660059999999954e-01 1.049005719999999975e-01 8.678320520000000204e-01 8.274325299999999439e-01 2.091253559999999845e-01 2.029747780000000223e-01 2.095960639999999986e-01 2.274607800000000013e-01 1.911468480000000081e-01 1.834798980000000024e-01 9.967497319999999439e-01 9.697822280000000239e-01 9.943762339999999700e-01 9.603855740000000196e-01 0.000000000000000000e+00 9.795542779999999450e-01 2.724168559999999850e-01 2.804361519999999941e-01
1.087477020000000155e-01 9.994981799999999583e-02 2.539902960000000043e-01 2.305126719999999740e-01 1.139031159999999987e-01 9.761202000000000767e-02 8.573219020000000246e-01 8.201926299999999781e-01 1.941806299999999652e-01 1.842664720000000145e-01 1.956589080000000203e-01 2.079996839999999625e-01 1.830026480000000177e-01 1.946701479999999873e-01 9.776323019999999531e-01 9.920659059999999974e-01 9.646009519999999560e-01 9.824638079999999940e-01 9.795542779999999450e-01 0.000000000000000000e+00 2.590166360000000223e-01 2.686102959999999706e-01
3.972980259999999708e-01 3.667259340000000312e-01 9.191786960000000173e-01 8.329378739999999670e-01 3.886910359999999898e-01 3.741377800000000309e-01 4.756034019999999529e-01 4.726467659999999960e-01 9.073458799999999380e-01 9.142899540000000158e-01 9.128851820000001283e-01 8.765116240000001557e-01 9.182953140000000847e-01 5.758294840000000026e-01 2.756405819999999673e-01 2.647410440000000365e-01 3.065989880000000167e-01 2.883736739999999688e-01 2.724168559999999850e-01 2.590166360000000223e-01 0.000000000000000000e+00 6.702389040000000797e-01
3.244897239999999794e-01 3.179195160000000131e-01 6.676260640000000190e-01 6.730546220000001023e-01 3.250404219999999955e-01 3.314170640000000390e-01 4.580095720000000314e-01 4.676351439999999471e-01 6.819736780000000831e-01 7.020888100000000076e-01 6.690824800000000350e-01 6.662249139999999459e-01 6.560309519999999450e-01 4.547796299999999903e-01 2.732672139999999805e-01 2.574014800000000158e-01 3.162880279999999988e-01 3.123651560000000327e-01 2.804361519999999941e-01 2.686102959999999706e-01 6.702389040000000797e-01 0.000000000000000000e+00
