0.000000000000000000e+00 8.181232880000000041e-01 6.388322480000000470e-01 6.161333260000000367e-01 8.326464839999999645e-01 8.095731739999999510e-01 3.531853439999999567e-01 4.177861159999999852e-01 5.584399299999999178e-01 5.093415059999999439e-01 4.891868259999999635e-01 4.734212599999999549e-01 4.816301040000000588e-01 3.933658159999999793e-01 3.875317360000000155e-01 4.801009299999999813e-01 3.328884220000000171e-01 4.287313540000000645e-01 4.845992960000000127e-01 4.121801740000000658e-01 4.649208939999999179e-01 3.764425279999999985e-01
8.181232880000000041e-01 0.000000000000000000e+00 5.967460399999999776e-01 5.204075160000000144e-01 8.780011959999999283e-01 8.114008139999999702e-01 3.216087720000000427e-01 3.546281940000000077e-01 4.769356579999999290e-01 4.364222680000000021e-01 4.436230420000000230e-01 4.061963379999999901e-01 4.608888419999999653e-01 3.072792640000000519e-01 4.123466539999999791e-01 4.043765540000000547e-01 2.880150759999999810e-01 3.224413359999999673e-01 4.278927780000000292e-01 3.664201139999999635e-01 4.557426140000000458e-01 2.680153939999999624e-01
6.388322480000000470e-01 5.967460399999999776e-01 0.000000000000000000e+00 7.905897279999999361e-01 5.820764280000000346e-01 5.097598760000000562e-01 6.815908580000000772e-01 6.282305340000000626e-01 8.431903700000000779e-01 8.343847199999998576e-01 8.389122639999999631e-01 7.583438580000001483e-01 8.511737780000000475e-01 4.996998340000000094e-01 4.409747940000000033e-01 4.933609099999999859e-01 4.224225459999999543e-01 5.465782120000000077e-01 4.686208520000000322e-01 3.730491859999999771e-01 8.030129919999999810e-01 2.981357539999999751e-01
6.161333260000000367e-01 5.204075160000000144e-01 7.905897279999999361e-01 0.000000000000000000e+00 5.102317199999999442e-01 4.036695319999999976e-01 5.260293419999999553e-01 7.030773240000000035e-01 7.290764499999999870e-01 8.238267300000000626e-01 6.382174640000000121e-01 8.643214399999999964e-01 6.774986280000000471e-01 5.783221519999999227e-01 4.055411359999999688e-01 5.729009419999999686e-01 2.996511080000000549e-01 5.199277820000000050e-01 5.593485839999999820e-01 4.134300880000000289e-01 6.658654800000000096e-01 4.795566940000000611e-01
8.326464839999999645e-01 8.780011959999999283e-01 5.820764280000000346e-01 5.102317199999999442e-01 0.000000000000000000e+00 7.710581040000000774e-01 3.660202039999999601e-01 3.556949040000000339e-01 4.975856240000000597e-01 4.393525119999999728e-01 4.541498179999999829e-01 4.011349319999999996e-01 4.529406139999999636e-01 3.218374439999999725e-01 3.995449580000000056e-01 4.011357720000000571e-01 3.291226919999999945e-01 3.734722119999999701e-01 4.152543159999999567e-01 3.910311240000000632e-01 4.230771760000000548e-01 3.133992560000000149e-01
8.095731739999999510e-01 8.114008139999999702e-01 5.097598760000000562e-01 4.036695319999999976e-01 7.710581040000000774e-01 0.000000000000000000e+00 4.129608639999999831e-01 3.489246440000000060e-01 5.061222899999999747e-01 4.254745979999999816e-01 4.791260539999999679e-01 3.606307320000000094e-01 4.239293299999999931e-01 3.152661720000000112e-01 3.533186540000000098e-01 3.948209440000000070e-01 3.557295739999999928e-01 3.638138680000000402e-01 4.034729900000000313e-01 3.262482199999999777e-01 4.137186180000000379e-01 3.039758099999999574e-01
3.531853439999999567e-01 3.216087720000000427e-01 6.815908580000000772e-01 5.260293419999999553e-01 3.660202039999999601e-01 4.129608639999999831e-01 0.000000000000000000e+00 5.716695059999999939e-01 7.274831259999998689e-01 6.976737120000000569e-01 7.899341739999999890e-01 6.050949959999999406e-01 7.369688439999999563e-01 4.466940040000000889e-01 2.747779320000000025e-01 3.690167019999999742e-01 4.187688680000000163e-01 4.615061120000000239e-01 2.507254520000000153e-01 3.067595459999999941e-01 7.158931319999999321e-01 2.425115579999999882e-01
4.177861159999999852e-01 3.546281940000000077e-01 6.282305340000000626e-01 7.030773240000000035e-01 3.556949040000000339e-01 3.489246440000000060e-01 5.716695059999999939e-01 0.000000000000000000e+00 6.404116139999999069e-01 7.880863679999999816e-01 5.740775980000000223e-01 7.889991960000000137e-01 6.079265200000000258e-01 6.062162779999999973e-01 2.666276599999999886e-01 3.432540759999999080e-01 2.493333779999999944e-01 4.243453579999999503e-01 3.211866380000000243e-01 2.365864499999999759e-01 6.352590299999999468e-01 4.766731199999999502e-01
5.584399299999999178e-01 4.769356579999999290e-01 8.431903700000000779e-01 7.290764499999999870e-01 4.975856240000000597e-01 5.061222899999999747e-01 7.274831259999998689e-01 6.404116139999999069e-01 0.000000000000000000e+00 8.421540979999999621e-01 9.119763859999998612e-01 7.626974900000000890e-01 8.122894099999999895e-01 5.153644400000000347e-01 4.543246120000000166e-01 5.548768219999999918e-01 4.205085560000000333e-01 5.762327160000000337e-01 4.619998859999999707e-01 3.983049560000000433e-01 8.036053300000001176e-01 4.014449620000000718e-01
5.093415059999999439e-01 4.364222680000000021e-01 8.343847199999998576e-01 8.238267300000000626e-01 4.393525119999999728e-01 4.254745979999999816e-01 6.976737120000000569e-01 7.880863679999999816e-01 8.421540979999999621e-01 0.000000000000000000e+00 7.748540760000000027e-01 8.914346959999999154e-01 7.890430339999999765e-01 6.030189460000000556e-01 3.860138480000000483e-01 5.284381460000000530e-01 3.263987679999999503e-01 5.235734759999999266e-01 4.479141020000000362e-01 3.607278299999999716e-01 8.100876780000000332e-01 3.788998020000000078e-01
4.891868259999999635e-01 4.436230420000000230e-01 8.389122639999999631e-01 6.382174640000000121e-01 4.541498179999999829e-01 4.791260539999999679e-01 7.899341739999999890e-01 5.740775980000000223e-01 9.119763859999998612e-01 7.748540760000000027e-01 0.000000000000000000e+00 6.768189639999999674e-01 8.845113439999998661e-01 4.877248820000000262e-01 4.741068699999999581e-01 4.991854219999999343e-01 4.754292439999999731e-01 5.382667320000000810e-01 3.941542260000000519e-01 3.665022100000000504e-01 8.313455120000000642e-01 3.329164259999999875e-01
4.734212599999999549e-01 4.061963379999999901e-01 7.583438580000001483e-01 8.643214399999999964e-01 4.011349319999999996e-01 3.606307320000000094e-01 6.050949959999999406e-01 7.889991960000000137e-01 7.626974900000000890e-01 8.914346959999999154e-01 6.768189639999999674e-01 0.000000000000000000e+00 6.957931920000000048e-01 5.629749579999999698e-01 3.880303880000000039e-01 5.293313060000001125e-01 2.539063140000000218e-01 4.884082660000000908e-01 4.733000260000000958e-01 3.710899919999999796e-01 7.102165979999999212e-01 4.415383160000000418e-01
4.816301040000000588e-01 4.608888419999999653e-01 8.511737780000000475e-01 6.774986280000000471e-01 4.529406139999999636e-01 4.239293299999999931e-01 7.369688439999999563e-01 6.079265200000000258e-01 8.122894099999999895e-01 7.890430339999999765e-01 8.845113439999998661e-01 6.957931920000000048e-01 0.000000000000000000e+00 5.227171260000000874e-01 4.869264980000000409e-01 4.963389000000000273e-01 4.567625419999999936e-01 5.133136320000000197e-01 4.372610840000000221e-01 3.623136699999999766e-01 8.447208539999999655e-01 2.899654159999999758e-01
3.933658159999999793e-01 3.072792640000000519e-01 4.996998340000000094e-01 5.783221519999999227e-01 3.218374439999999725e-01 3.152661720000000112e-01 4.466940040000000889e-01 6.062162779999999973e-01 5.153644400000000347e-01 6.030189460000000556e-01 4.877248820000000262e-01 5.629749579999999698e-01 5.227171260000000874e-01 0.000000000000000000e+00 3.422580700000000253e-01 3.897615199999999724e-01 2.040066739999999990e-01 2.956527039999999884e-01 3.837818739999999673e-01 3.162251520000000093e-01 5.711579940000000022e-01 4.033006840000000759e-01
3.875317360000000155e-01 4.123466539999999791e-01 4.409747940000000033e-01 4.055411359999999688e-01 3.995449580000000056e-01 3.533186540000000098e-01 2.747779320000000025e-01 2.666276599999999886e-01 4.543246120000000166e-01 3.860138480000000483e-01 4.741068699999999581e-01 3.880303880000000039e-01 4.869264980000000409e-01 3.422580700000000253e-01 0.000000000000000000e+00 4.367847900000000338e-01 5.081216740000000787e-01 3.160214640000000297e-01 5.070710880000000031e-01 5.502727320000000422e-01 4.911538439999999506e-01 3.312923620000000069e-01
4.801009299999999813e-01 4.043765540000000547e-01 4.933609099999999859e-01 5.729009419999999686e-01 4.011357720000000571e-01 3.948209440000000070e-01 3.690167019999999742e-01 3.432540759999999080e-01 5.548768219999999918e-01 5.284381460000000530e-01 4.991854219999999343e-01 5.293313060000001125e-01 4.963389000000000273e-01 3.897615199999999724e-01 4.367847900000000338e-01 0.000000000000000000e+00 3.770527120000000121e-01 6.182576340000000004e-01 6.086791240000000158e-01 5.086600879999999547e-01 4.759624080000000035e-01 3.897849860000000000e-01
3.328884220000000171e-01 2.880150759999999810e-01 4.224225459999999543e-01 2.996511080000000549e-01 3.291226919999999945e-01 3.557295739999999928e-01 4.187688680000000163e-01 2.493333779999999944e-01 4.205085560000000333e-01 3.263987679999999503e-01 4.754292439999999731e-01 2.539063140000000218e-01 4.567625419999999936e-01 2.040066739999999990e-01 5.081216740000000787e-01 3.770527120000000121e-01 0.000000000000000000e+00 4.920572979999999208e-01 6.232266880000000286e-01 4.551563739999999747e-01 3.919873680000000027e-01 2.963693720000000198e-01
4.287313540000000645e-01 3.224413359999999673e-01 5.465782120000000077e-01 5.199277820000000050e-01 3.734722119999999701e-01 3.638138680000000402e-01 4.615061120000000239e-01 4.243453579999999503e-01 5.762327160000000337e-01 5.235734759999999266e-01 5.382667320000000810e-01 4.884082660000000908e-01 5.133136320000000197e-01 2.956527039999999884e-01 3.160214640000000297e-01 6.182576340000000004e-01 4.920572979999999208e-01 0.000000000000000000e+00 4.567245400000000122e-01 5.624005020000000243e-01 4.425381419999999677e-01 4.064403639999999984e-01
4.845992960000000127e-01 4.278927780000000292e-01 4.686208520000000322e-01 5.593485839999999820e-01 4.152543159999999567e-01 4.034729900000000313e-01 2.507254520000000153e-01 3.211866380000000243e-01 4.619998859999999707e-01 4.479141020000000362e-01 3.941542260000000519e-01 4.733000260000000958e-01 4.372610840000000221e-01 3.837818739999999673e-01 5.070710880000000031e-01 6.086791240000000158e-01 6.232266880000000286e-01 4.567245400000000122e-01 0.000000000000000000e+00 4.968363260000000503e-01 3.856693400000000271e-01 4.584679300000000235e-01
4.121801740000000658e-01 3.664201139999999635e-01 3.730491859999999771e-01 4.134300880000000289e-01 3.910311240000000632e-01 3.262482199999999777e-01 3.067595459999999941e-01 2.365864499999999759e-01 3.983049560000000433e-01 3.607278299999999716e-01 3.665022100000000504e-01 3.710899919999999796e-01 3.623136699999999766e-01 3.162251520000000093e-01 5.502727320000000422e-01 5.086600879999999547e-01 4.551563739999999747e-01 5.624005020000000243e-01 4.968363260000000503e-01 0.000000000000000000e+00 3.304164499999999727e-01 4.158102220000000071e-01
4.649208939999999179e-01 4.557426140000000458e-01 8.030129919999999810e-01 6.658654800000000096e-01 4.230771760000000548e-01 4.137186180000000379e-01 7.158931319999999321e-01 6.352590299999999468e-01 8.036053300000001176e-01 8.100876780000000332e-01 8.313455120000000642e-01 7.102165979999999212e-01 8.447208539999999655e-01 5.711579940000000022e-01 4.911538439999999506e-01 4.759624080000000035e-01 3.919873680000000027e-01 4.425381419999999677e-01 3.856693400000000271e-01 3.304164499999999727e-01 0.000000000000000000e+00 2.941663479999999664e-01
3.764425279999999985e-01 2.680153939999999624e-01 2.981357539999999751e-01 4.795566940000000611e-01 3.133992560000000149e-01 3.039758099999999574e-01 2.425115579999999882e-01 4.766731199999999502e-01 4.014449620000000718e-01 3.788998020000000078e-01 3.329164259999999875e-01 4.415383160000000418e-01 2.899654159999999758e-01 4.033006840000000759e-01 3.312923620000000069e-01 3.897849860000000000e-01 2.963693720000000198e-01 4.064403639999999984e-01 4.584679300000000235e-01 4.158102220000000071e-01 2.941663479999999664e-01 0.000000000000000000e+00
