0.000000000000000000e+00 2.201614419999999850e-01 8.609641399999999611e-02 4.406750720000000010e-01 2.437016080000000140e-01 6.946100999999998971e-01 8.880376000000000936e-02 1.000880280000000094e-01 1.251282519999999954e-01 7.933638000000001189e-02 6.351821199999999057e-02 1.043348319999999746e-01 1.018088280000000179e-01 1.283130040000000083e-01 9.145314400000000010e-02 3.914529399999999715e-02 7.996473800000000742e-02 8.599118599999999724e-02 8.700836400000000470e-02 9.688776400000000122e-02 8.652827999999998521e-02 7.811174599999999579e-02
2.201614419999999850e-01 0.000000000000000000e+00 1.311368719999999877e-01 1.628036939999999988e-01 6.269946159999999491e-01 9.938279999999999337e-02 6.519816000000000500e-02 8.297593000000000329e-02 8.015528000000000930e-02 8.463250999999999413e-02 6.057733800000000141e-02 8.459928599999999577e-02 7.573111999999999899e-02 6.752593399999999579e-02 7.301752799999999821e-02 1.020979999999999943e-01 4.958258799999999689e-02 6.526947000000000998e-02 5.245438399999999973e-02 5.120713000000000348e-02 9.535596399999998751e-02 1.072586160000000011e-01
8.609641399999999611e-02 1.311368719999999877e-01 0.000000000000000000e+00 1.276105680000000075e-01 2.313436539999999542e-01 1.230850559999999982e-01 2.171264559999999955e-01 2.477765180000000012e-01 1.480913239999999964e-01 1.570782579999999984e-01 5.341677979999999160e-01 9.981214200000000647e-02 4.455951100000000165e-01 1.125995239999999925e-01 1.385169980000000023e-01 1.486297320000000144e-01 2.491798080000000026e-01 2.700466420000000589e-01 2.743638219999999794e-01 2.308760960000000306e-01 3.947923399999999639e-01 1.973227019999999887e-01
4.406750720000000010e-01 1.628036939999999988e-01 1.276105680000000075e-01 0.000000000000000000e+00 1.818709719999999919e-01 4.044338140000000581e-01 1.685621260000000066e-01 1.851860879999999709e-01 1.664031360000000070e-01 1.886282920000000030e-01 9.018622000000001138e-02 4.305357140000000138e-01 7.476597999999999578e-02 3.399280060000000048e-01 1.139409260000000118e-01 1.107338900000000015e-01 1.507425199999999632e-01 1.540388639999999976e-01 1.539912579999999920e-01 1.496941079999999924e-01 8.974503400000000131e-02 2.529445879999999702e-01
2.437016080000000140e-01 6.269946159999999491e-01 2.313436539999999542e-01 1.818709719999999919e-01 0.000000000000000000e+00 2.046160440000000524e-01 6.422452199999999223e-02 8.557348200000000626e-02 7.674489399999999406e-02 8.518370399999999898e-02 8.545062400000000280e-02 8.225816999999999157e-02 7.721394000000000868e-02 7.044962600000000130e-02 6.808233799999999225e-02 6.066546999999999912e-02 6.650073400000000579e-02 6.469842399999999050e-02 7.113013199999998482e-02 9.042138599999999249e-02 6.580285599999999291e-02 1.234828240000000188e-01
6.946100999999998971e-01 9.938279999999999337e-02 1.230850559999999982e-01 4.044338140000000581e-01 2.046160440000000524e-01 0.000000000000000000e+00 8.262295000000000056e-02 6.324122799999999656e-02 1.208153999999999895e-01 6.951211399999999985e-02 6.263463599999999354e-02 8.281278400000000040e-02 9.713926399999998906e-02 1.299928840000000307e-01 6.921474800000000649e-02 3.481715800000000083e-02 8.318056199999998568e-02 8.254938999999998639e-02 8.063998800000000966e-02 9.143838799999999545e-02 8.948821399999999648e-02 1.003891279999999941e-01
8.880376000000000936e-02 6.519816000000000500e-02 2.171264559999999955e-01 1.685621260000000066e-01 6.422452199999999223e-02 8.262295000000000056e-02 0.000000000000000000e+00 6.821965899999999916e-01 1.499511060000000007e-01 1.249093139999999796e-01 1.282604179999999872e-01 1.097714719999999949e-01 1.659784420000000038e-01 2.010503100000000098e-01 3.904497080000000064e-01 2.282204079999999580e-01 6.411536680000000654e-01 7.012053019999999748e-01 6.931304260000000772e-01 6.659952259999999402e-01 1.774482460000000039e-01 2.277581880000000003e-01
1.000880280000000094e-01 8.297593000000000329e-02 2.477765180000000012e-01 1.851860879999999709e-01 8.557348200000000626e-02 6.324122799999999656e-02 6.821965899999999916e-01 0.000000000000000000e+00 1.699704499999999951e-01 1.726197280000000001e-01 1.659100519999999745e-01 1.323893239999999749e-01 1.517769980000000241e-01 1.505319380000000040e-01 1.979355279999999995e-01 3.890074519999999758e-01 6.740628720000000351e-01 6.858816679999999444e-01 7.205751719999999860e-01 6.809408959999998512e-01 1.784477780000000013e-01 2.461216279999999812e-01
1.251282519999999954e-01 8.015528000000000930e-02 1.480913239999999964e-01 1.664031360000000070e-01 7.674489399999999406e-02 1.208153999999999895e-01 1.499511060000000007e-01 1.699704499999999951e-01 0.000000000000000000e+00 1.041148640000000014e-01 1.397540660000000101e-01 1.359102919999999881e-01 2.157091879999999962e-01 5.784622000000000375e-02 1.241499700000000123e-01 7.335434999999999872e-02 1.142859500000000111e-01 1.507358040000000010e-01 1.262712619999999952e-01 1.401851560000000052e-01 8.269312999999998970e-02 1.846429159999999903e-01
7.933638000000001189e-02 8.463250999999999413e-02 1.570782579999999984e-01 1.886282920000000030e-01 8.518370399999999898e-02 6.951211399999999985e-02 1.249093139999999796e-01 1.726197280000000001e-01 1.041148640000000014e-01 0.000000000000000000e+00 1.634233540000000207e-01 2.190848380000000317e-01 1.588382319999999959e-01 5.264435439999999300e-01 7.844956799999999730e-02 1.021095880000000011e-01 9.610553200000000740e-02 1.363905860000000081e-01 9.685962600000000422e-02 1.291956400000000005e-01 1.508448520000000015e-01 6.728342800000000623e-02
6.351821199999999057e-02 6.057733800000000141e-02 5.341677979999999160e-01 9.018622000000001138e-02 8.545062400000000280e-02 6.263463599999999354e-02 1.282604179999999872e-01 1.659100519999999745e-01 1.397540660000000101e-01 1.634233540000000207e-01 0.000000000000000000e+00 4.452116000000000406e-02 5.158069739999999737e-01 1.107045980000000152e-01 1.487206360000000172e-01 5.866643600000000236e-02 1.402556640000000021e-01 1.948219519999999927e-01 1.576765700000000159e-01 1.591892839999999865e-01 4.653916220000000048e-01 2.140081939999999849e-01
1.043348319999999746e-01 8.459928599999999577e-02 9.981214200000000647e-02 4.305357140000000138e-01 8.225816999999999157e-02 8.281278400000000040e-02 1.097714719999999949e-01 1.323893239999999749e-01 1.359102919999999881e-01 2.190848380000000317e-01 4.452116000000000406e-02 0.000000000000000000e+00 1.015216679999999955e-01 2.565517080000000449e-01 8.418431200000001113e-02 7.535798800000000075e-02 1.285967080000000040e-01 1.184028379999999964e-01 1.368337179999999931e-01 1.088493220000000122e-01 9.711658599999999086e-02 2.227871640000000097e-01
1.018088280000000179e-01 7.573111999999999899e-02 4.455951100000000165e-01 7.476597999999999578e-02 7.721394000000000868e-02 9.713926399999998906e-02 1.659784420000000038e-01 1.517769980000000241e-01 2.157091879999999962e-01 1.588382319999999959e-01 5.158069739999999737e-01 1.015216679999999955e-01 0.000000000000000000e+00 6.945206599999999286e-02 1.698210980000000037e-01 7.170498200000000044e-02 1.407557979999999875e-01 1.467467399999999866e-01 1.494107900000000155e-01 1.098145100000000041e-01 4.621944640000000826e-01 1.422260059999999882e-01
1.283130040000000083e-01 6.752593399999999579e-02 1.125995239999999925e-01 3.399280060000000048e-01 7.044962600000000130e-02 1.299928840000000307e-01 2.010503100000000098e-01 1.505319380000000040e-01 5.784622000000000375e-02 5.264435439999999300e-01 1.107045980000000152e-01 2.565517080000000449e-01 6.945206599999999286e-02 0.000000000000000000e+00 6.601834200000000763e-02 1.240188279999999976e-01 1.751484839999999932e-01 1.316742240000000064e-01 1.806881720000000080e-01 1.225420659999999912e-01 1.190574779999999944e-01 1.270456460000000121e-01
9.145314400000000010e-02 7.301752799999999821e-02 1.385169980000000023e-01 1.139409260000000118e-01 6.808233799999999225e-02 6.921474800000000649e-02 3.904497080000000064e-01 1.979355279999999995e-01 1.241499700000000123e-01 7.844956799999999730e-02 1.487206360000000172e-01 8.418431200000001113e-02 1.698210980000000037e-01 6.601834200000000763e-02 0.000000000000000000e+00 3.335331979999999752e-01 6.949079599999999357e-02 3.975667880000000598e-01 4.207610600000000201e-02 2.114678440000000159e-01 1.138730560000000003e-01 1.459598360000000095e-01
3.914529399999999715e-02 1.020979999999999943e-01 1.486297320000000144e-01 1.107338900000000015e-01 6.066546999999999912e-02 3.481715800000000083e-02 2.282204079999999580e-01 3.890074519999999758e-01 7.335434999999999872e-02 1.021095880000000011e-01 5.866643600000000236e-02 7.535798800000000075e-02 7.170498200000000044e-02 1.240188279999999976e-01 3.335331979999999752e-01 0.000000000000000000e+00 1.904184980000000194e-01 3.538752939999999514e-01 2.416273840000000006e-01 2.713663819999999616e-01 6.727070999999999745e-02 1.462360839999999884e-01
7.996473800000000742e-02 4.958258799999999689e-02 2.491798080000000026e-01 1.507425199999999632e-01 6.650073400000000579e-02 8.318056199999998568e-02 6.411536680000000654e-01 6.740628720000000351e-01 1.142859500000000111e-01 9.610553200000000740e-02 1.402556640000000021e-01 1.285967080000000040e-01 1.407557979999999875e-01 1.751484839999999932e-01 6.949079599999999357e-02 1.904184980000000194e-01 0.000000000000000000e+00 5.100627020000000345e-01 9.733335300000000023e-01 5.447268100000000057e-01 1.919642780000000160e-01 2.149090279999999742e-01
8.599118599999999724e-02 6.526947000000000998e-02 2.700466420000000589e-01 1.540388639999999976e-01 6.469842399999999050e-02 8.254938999999998639e-02 7.012053019999999748e-01 6.858816679999999444e-01 1.507358040000000010e-01 1.363905860000000081e-01 1.948219519999999927e-01 1.184028379999999964e-01 1.467467399999999866e-01 1.316742240000000064e-01 3.975667880000000598e-01 3.538752939999999514e-01 5.100627020000000345e-01 0.000000000000000000e+00 5.737352940000001178e-01 8.899394940000000531e-01 2.005710640000000211e-01 2.215365199999999868e-01
8.700836400000000470e-02 5.245438399999999973e-02 2.743638219999999794e-01 1.539912579999999920e-01 7.113013199999998482e-02 8.063998800000000966e-02 6.931304260000000772e-01 7.205751719999999860e-01 1.262712619999999952e-01 9.685962600000000422e-02 1.576765700000000159e-01 1.368337179999999931e-01 1.494107900000000155e-01 1.806881720000000080e-01 4.207610600000000201e-02 2.416273840000000006e-01 9.733335300000000023e-01 5.737352940000001178e-01 0.000000000000000000e+00 5.821370939999999106e-01 2.034712040000000166e-01 2.391479479999999991e-01
9.688776400000000122e-02 5.120713000000000348e-02 2.308760960000000306e-01 1.496941079999999924e-01 9.042138599999999249e-02 9.143838799999999545e-02 6.659952259999999402e-01 6.809408959999998512e-01 1.401851560000000052e-01 1.291956400000000005e-01 1.591892839999999865e-01 1.088493220000000122e-01 1.098145100000000041e-01 1.225420659999999912e-01 2.114678440000000159e-01 2.713663819999999616e-01 5.447268100000000057e-01 8.899394940000000531e-01 5.821370939999999106e-01 0.000000000000000000e+00 1.865893740000000300e-01 1.934423059999999805e-01
8.652827999999998521e-02 9.535596399999998751e-02 3.947923399999999639e-01 8.974503400000000131e-02 6.580285599999999291e-02 8.948821399999999648e-02 1.774482460000000039e-01 1.784477780000000013e-01 8.269312999999998970e-02 1.508448520000000015e-01 4.653916220000000048e-01 9.711658599999999086e-02 4.621944640000000826e-01 1.190574779999999944e-01 1.138730560000000003e-01 6.727070999999999745e-02 1.919642780000000160e-01 2.005710640000000211e-01 2.034712040000000166e-01 1.865893740000000300e-01 0.000000000000000000e+00 2.608492880000000125e-01
7.811174599999999579e-02 1.072586160000000011e-01 1.973227019999999887e-01 2.529445879999999702e-01 1.234828240000000188e-01 1.003891279999999941e-01 2.277581880000000003e-01 2.461216279999999812e-01 1.846429159999999903e-01 6.728342800000000623e-02 2.140081939999999849e-01 2.227871640000000097e-01 1.422260059999999882e-01 1.270456460000000121e-01 1.459598360000000095e-01 1.462360839999999884e-01 2.149090279999999742e-01 2.215365199999999868e-01 2.391479479999999991e-01 1.934423059999999805e-01 2.608492880000000125e-01 0.000000000000000000e+00
