0.000000000000000000e+00 1.789781839999999846e-01 8.358884800000002113e-02 3.856486559999999786e-01 1.817314780000000018e-01 6.522255619999999254e-01 8.481653599999999793e-02 9.517470199999999991e-02 8.976873200000000386e-02 9.641941800000000673e-02 8.788601399999999841e-02 6.705218199999998796e-02 1.188143499999999991e-01 9.241408400000000745e-02 4.184557599999999544e-02 9.784248199999999451e-02 5.828980599999999956e-02 7.071894199999999298e-02 6.489295800000000058e-02 7.621457000000000925e-02 8.233020200000000510e-02 7.538343000000000127e-02
1.789781839999999846e-01 0.000000000000000000e+00 1.123430900000000066e-01 7.629078599999998545e-02 6.169403800000000659e-01 7.141599399999999653e-02 6.976920400000000133e-02 8.209597600000000106e-02 1.104601919999999848e-01 6.938255399999999906e-02 7.955650000000000222e-02 8.410161199999999226e-02 8.172746399999999967e-02 7.742911199999999439e-02 9.080807999999999935e-02 1.078714340000000160e-01 9.926720800000000955e-02 7.405328800000000877e-02 9.540354799999999080e-02 8.545165000000000399e-02 6.464163400000000337e-02 8.194610999999998868e-02
8.358884800000002113e-02 1.123430900000000066e-01 0.000000000000000000e+00 4.391128200000000287e-02 1.969053459999999811e-01 8.567339799999999783e-02 1.809186600000000089e-01 2.707426500000000291e-01 1.164817939999999996e-01 1.273327900000000013e-01 5.690738239999999504e-01 4.197378000000000220e-02 4.858197859999999757e-01 9.488511200000000756e-02 8.457089800000000546e-02 1.628977840000000177e-01 2.831809660000000339e-01 2.865512380000000414e-01 3.043041360000000028e-01 2.725895400000000190e-01 4.181546139999999800e-01 2.444586880000000073e-01
3.856486559999999786e-01 7.629078599999998545e-02 4.391128200000000287e-02 0.000000000000000000e+00 8.433743999999998575e-02 3.412611499999999576e-01 1.686806580000000111e-01 1.988647160000000247e-01 1.012990480000000026e-01 1.874985499999999861e-01 7.684659600000000312e-02 4.027141820000000871e-01 4.697400999999999660e-02 3.255572839999999468e-01 1.141420480000000098e-01 9.976629400000000536e-02 1.327425700000000042e-01 1.588370060000000028e-01 1.404587140000000123e-01 1.199270919999999990e-01 1.131352659999999843e-01 2.524027359999999609e-01
1.817314780000000018e-01 6.169403800000000659e-01 1.969053459999999811e-01 8.433743999999998575e-02 0.000000000000000000e+00 1.712555360000000138e-01 6.624870200000000653e-02 1.206471539999999926e-01 9.200449800000001788e-02 9.620285399999999043e-02 8.967265600000000336e-02 9.955836599999998149e-02 1.013152459999999977e-01 8.093005000000000337e-02 9.038894399999999885e-02 1.324911900000000087e-01 1.179036320000000082e-01 9.704351200000001232e-02 1.233481020000000150e-01 1.065682639999999959e-01 7.107179800000000547e-02 8.633042799999998684e-02
6.522255619999999254e-01 7.141599399999999653e-02 8.567339799999999783e-02 3.412611499999999576e-01 1.712555360000000138e-01 0.000000000000000000e+00 1.147512059999999945e-01 1.092187599999999981e-01 8.482638800000000256e-02 6.796771400000001240e-02 6.196372199999999886e-02 6.514335400000000054e-02 9.237687199999999876e-02 7.841879799999999789e-02 7.570708800000000571e-02 1.071601639999999883e-01 9.004637199999999952e-02 8.384060600000001195e-02 9.214310000000000556e-02 8.531501800000000635e-02 1.063191119999999934e-01 5.737311399999998895e-02
8.481653599999999793e-02 6.976920400000000133e-02 1.809186600000000089e-01 1.686806580000000111e-01 6.624870200000000653e-02 1.147512059999999945e-01 0.000000000000000000e+00 6.726240060000000520e-01 1.434198019999999851e-01 1.817695579999999977e-01 1.379439719999999980e-01 1.094416780000000006e-01 1.753126019999999841e-01 1.928902379999999916e-01 3.957585439999999899e-01 1.586692399999999892e-01 6.023743420000000626e-01 6.402164299999999475e-01 6.642146119999999820e-01 5.857078519999999733e-01 1.740130339999999831e-01 2.512114500000000028e-01
9.517470199999999991e-02 8.209597600000000106e-02 2.707426500000000291e-01 1.988647160000000247e-01 1.206471539999999926e-01 1.092187599999999981e-01 6.726240060000000520e-01 0.000000000000000000e+00 1.850229379999999979e-01 1.836096560000000100e-01 1.506605020000000017e-01 8.501245999999999803e-02 1.789539099999999661e-01 1.633928119999999984e-01 2.013393039999999967e-01 3.943916299999999930e-01 6.699078059999999946e-01 6.829321000000000419e-01 7.385124980000000727e-01 6.269792299999999985e-01 1.906591400000000047e-01 2.626549160000000160e-01
8.976873200000000386e-02 1.104601919999999848e-01 1.164817939999999996e-01 1.012990480000000026e-01 9.200449800000001788e-02 8.482638800000000256e-02 1.434198019999999851e-01 1.850229379999999979e-01 0.000000000000000000e+00 9.808092799999999778e-02 1.339661419999999825e-01 1.352107379999999970e-01 2.518265800000000221e-01 7.486425199999999225e-02 1.419108680000000233e-01 9.654851399999998807e-02 8.951605400000001156e-02 1.760011720000000390e-01 1.094433860000000036e-01 1.590958060000000063e-01 1.187672040000000012e-01 1.722474579999999922e-01
9.641941800000000673e-02 6.938255399999999906e-02 1.273327900000000013e-01 1.874985499999999861e-01 9.620285399999999043e-02 6.796771400000001240e-02 1.817695579999999977e-01 1.836096560000000100e-01 9.808092799999999778e-02 0.000000000000000000e+00 1.628311560000000047e-01 2.181588680000000058e-01 1.176047760000000081e-01 5.222316960000000785e-01 7.975131199999999088e-02 7.055356999999999601e-02 1.473893380000000086e-01 1.293459419999999915e-01 1.622304860000000071e-01 1.305458820000000020e-01 1.481419260000000071e-01 1.054362900000000158e-01
8.788601399999999841e-02 7.955650000000000222e-02 5.690738239999999504e-01 7.684659600000000312e-02 8.967265600000000336e-02 6.196372199999999886e-02 1.379439719999999980e-01 1.506605020000000017e-01 1.339661419999999825e-01 1.628311560000000047e-01 0.000000000000000000e+00 1.068099019999999982e-01 5.550365280000000290e-01 9.429241600000001777e-02 1.502358199999999921e-01 7.006238000000000743e-02 1.853345339999999952e-01 1.807758999999999894e-01 1.921427560000000256e-01 1.637596799999999908e-01 4.430446860000000209e-01 2.633787539999999927e-01
6.705218199999998796e-02 8.410161199999999226e-02 4.197378000000000220e-02 4.027141820000000871e-01 9.955836599999998149e-02 6.514335400000000054e-02 1.094416780000000006e-01 8.501245999999999803e-02 1.352107379999999970e-01 2.181588680000000058e-01 1.068099019999999982e-01 0.000000000000000000e+00 7.027701999999999560e-02 2.396255300000000033e-01 8.478003200000000517e-02 6.726617399999999802e-02 1.333489119999999861e-01 7.767850000000001143e-02 1.448686319999999972e-01 8.815507799999999783e-02 7.475236599999998677e-02 2.168783239999999835e-01
1.188143499999999991e-01 8.172746399999999967e-02 4.858197859999999757e-01 4.697400999999999660e-02 1.013152459999999977e-01 9.237687199999999876e-02 1.753126019999999841e-01 1.789539099999999661e-01 2.518265800000000221e-01 1.176047760000000081e-01 5.550365280000000290e-01 7.027701999999999560e-02 0.000000000000000000e+00 1.041811940000000047e-01 1.920082119999999837e-01 6.356590600000000535e-02 1.827262339999999874e-01 1.742553440000000065e-01 1.950914099999999929e-01 1.609163799999999978e-01 4.832029520000000744e-01 2.268876900000000030e-01
9.241408400000000745e-02 7.742911199999999439e-02 9.488511200000000756e-02 3.255572839999999468e-01 8.093005000000000337e-02 7.841879799999999789e-02 1.928902379999999916e-01 1.633928119999999984e-01 7.486425199999999225e-02 5.222316960000000785e-01 9.429241600000001777e-02 2.396255300000000033e-01 1.041811940000000047e-01 0.000000000000000000e+00 8.440290799999999871e-02 9.531443400000000343e-02 1.884454359999999939e-01 1.609728759999999870e-01 2.047060319999999822e-01 1.301459800000000222e-01 8.300942799999999622e-02 1.271994579999999875e-01
4.184557599999999544e-02 9.080807999999999935e-02 8.457089800000000546e-02 1.141420480000000098e-01 9.038894399999999885e-02 7.570708800000000571e-02 3.957585439999999899e-01 2.013393039999999967e-01 1.419108680000000233e-01 7.975131199999999088e-02 1.502358199999999921e-01 8.478003200000000517e-02 1.920082119999999837e-01 8.440290799999999871e-02 0.000000000000000000e+00 3.166124920000000231e-01 7.310923799999999306e-02 3.650587160000000053e-01 3.722069000000000072e-02 1.744545019999999835e-01 1.520657079999999939e-01 2.568794739999999965e-01
9.784248199999999451e-02 1.078714340000000160e-01 1.628977840000000177e-01 9.976629400000000536e-02 1.324911900000000087e-01 1.071601639999999883e-01 1.586692399999999892e-01 3.943916299999999930e-01 9.654851399999998807e-02 7.055356999999999601e-02 7.006238000000000743e-02 6.726617399999999802e-02 6.356590600000000535e-02 9.531443400000000343e-02 3.166124920000000231e-01 0.000000000000000000e+00 1.736415280000000172e-01 3.242477899999999802e-01 2.167874999999999941e-01 2.362744099999999903e-01 9.196320999999998969e-02 1.110036179999999845e-01
5.828980599999999956e-02 9.926720800000000955e-02 2.831809660000000339e-01 1.327425700000000042e-01 1.179036320000000082e-01 9.004637199999999952e-02 6.023743420000000626e-01 6.699078059999999946e-01 8.951605400000001156e-02 1.473893380000000086e-01 1.853345339999999952e-01 1.333489119999999861e-01 1.827262339999999874e-01 1.884454359999999939e-01 7.310923799999999306e-02 1.736415280000000172e-01 0.000000000000000000e+00 4.783342059999999840e-01 9.652803699999999987e-01 4.857300979999999990e-01 1.971114820000000045e-01 1.859307800000000177e-01
7.071894199999999298e-02 7.405328800000000877e-02 2.865512380000000414e-01 1.588370060000000028e-01 9.704351200000001232e-02 8.384060600000001195e-02 6.402164299999999475e-01 6.829321000000000419e-01 1.760011720000000390e-01 1.293459419999999915e-01 1.807758999999999894e-01 7.767850000000001143e-02 1.742553440000000065e-01 1.609728759999999870e-01 3.650587160000000053e-01 3.242477899999999802e-01 4.783342059999999840e-01 0.000000000000000000e+00 5.546507540000000791e-01 8.690838779999999764e-01 1.721076240000000146e-01 2.437925040000000210e-01
6.489295800000000058e-02 9.540354799999999080e-02 3.043041360000000028e-01 1.404587140000000123e-01 1.233481020000000150e-01 9.214310000000000556e-02 6.642146119999999820e-01 7.385124980000000727e-01 1.094433860000000036e-01 1.622304860000000071e-01 1.921427560000000256e-01 1.448686319999999972e-01 1.950914099999999929e-01 2.047060319999999822e-01 3.722069000000000072e-02 2.167874999999999941e-01 9.652803699999999987e-01 5.546507540000000791e-01 0.000000000000000000e+00 5.344700660000000214e-01 2.036955859999999841e-01 2.060695479999999635e-01
7.621457000000000925e-02 8.545165000000000399e-02 2.725895400000000190e-01 1.199270919999999990e-01 1.065682639999999959e-01 8.531501800000000635e-02 5.857078519999999733e-01 6.269792299999999985e-01 1.590958060000000063e-01 1.305458820000000020e-01 1.637596799999999908e-01 8.815507799999999783e-02 1.609163799999999978e-01 1.301459800000000222e-01 1.744545019999999835e-01 2.362744099999999903e-01 4.857300979999999990e-01 8.690838779999999764e-01 5.344700660000000214e-01 0.000000000000000000e+00 1.801142600000000260e-01 1.897839420000000110e-01
8.233020200000000510e-02 6.464163400000000337e-02 4.181546139999999800e-01 1.131352659999999843e-01 7.107179800000000547e-02 1.063191119999999934e-01 1.740130339999999831e-01 1.906591400000000047e-01 1.187672040000000012e-01 1.481419260000000071e-01 4.430446860000000209e-01 7.475236599999998677e-02 4.832029520000000744e-01 8.300942799999999622e-02 1.520657079999999939e-01 9.196320999999998969e-02 1.971114820000000045e-01 1.721076240000000146e-01 2.036955859999999841e-01 1.801142600000000260e-01 0.000000000000000000e+00 2.752693560000000206e-01
7.538343000000000127e-02 8.194610999999998868e-02 2.444586880000000073e-01 2.524027359999999609e-01 8.633042799999998684e-02 5.737311399999998895e-02 2.512114500000000028e-01 2.626549160000000160e-01 1.722474579999999922e-01 1.054362900000000158e-01 2.633787539999999927e-01 2.168783239999999835e-01 2.268876900000000030e-01 1.271994579999999875e-01 2.568794739999999965e-01 1.110036179999999845e-01 1.859307800000000177e-01 2.437925040000000210e-01 2.060695479999999635e-01 1.897839420000000110e-01 2.752693560000000206e-01 0.000000000000000000e+00
