0.000000000000000000e+00 9.529373899999999953e-01 3.999430360000000295e-01 6.821800220000000525e-01 9.491150459999999622e-01 9.334318939999999287e-01 9.985258199999999529e-02 1.171862219999999927e-01 3.239694000000000185e-01 2.385167079999999939e-01 3.242710880000000406e-01 1.629611599999999938e-01 2.583507640000000105e-01 1.863557360000000218e-01 1.075184439999999908e-01 1.499297219999999875e-01 1.034198879999999876e-01 1.660980320000000066e-01 1.082331539999999981e-01 1.546663899999999869e-01 3.751589800000000308e-01 4.915697999999998902e-01
9.529373899999999953e-01 0.000000000000000000e+00 4.023437520000000545e-01 6.529043879999999467e-01 9.470548479999999492e-01 9.650161779999999467e-01 9.594682799999999789e-02 1.058894119999999883e-01 3.268688260000000012e-01 2.685725279999999771e-01 3.247539839999999955e-01 1.905002939999999867e-01 2.662340260000000680e-01 1.647083079999999977e-01 1.040395420000000126e-01 1.335670579999999885e-01 9.399173400000000733e-02 1.530853799999999931e-01 1.002989700000000151e-01 1.390648780000000029e-01 3.824623780000000473e-01 4.969546799999999820e-01
3.999430360000000295e-01 4.023437520000000545e-01 0.000000000000000000e+00 5.217238499999999890e-01 3.767242179999999996e-01 3.602628000000000497e-01 6.159288560000000246e-01 6.078892700000000371e-01 5.506541260000000770e-01 2.802820699999999943e-01 6.148614580000000274e-01 2.640859519999999572e-01 3.506277760000000021e-01 2.969186159999999686e-01 6.057479279999999910e-01 6.186576699999999374e-01 6.075445560000000134e-01 6.092288820000000271e-01 6.120216300000000942e-01 6.082611720000000721e-01 3.102098039999999779e-01 2.924469120000000033e-01
6.821800220000000525e-01 6.529043879999999467e-01 5.217238499999999890e-01 0.000000000000000000e+00 6.206810999999998746e-01 6.166464420000000723e-01 2.933009640000000529e-01 3.129478640000000200e-01 2.203386060000000202e-01 2.122592840000000203e-01 2.294227779999999939e-01 1.540016500000000177e-01 2.402907540000000230e-01 2.607645600000000341e-01 2.935939359999999998e-01 3.057644620000000146e-01 3.008341800000000066e-01 3.069870879999999636e-01 2.983021940000000205e-01 3.043859879999999962e-01 3.604115200000000407e-01 4.686514940000000573e-01
9.491150459999999622e-01 9.470548479999999492e-01 3.767242179999999996e-01 6.206810999999998746e-01 0.000000000000000000e+00 9.298517079999999435e-01 9.537799599999999267e-02 9.594880199999999970e-02 3.292613899999999871e-01 2.337034219999999940e-01 3.170758900000000269e-01 1.793470080000000022e-01 2.643329060000000341e-01 1.676012419999999836e-01 9.437226399999999737e-02 1.198491019999999851e-01 8.528258399999999462e-02 1.408138319999999999e-01 9.067283600000000665e-02 1.278983880000000017e-01 3.660783000000000231e-01 4.611642019999999675e-01
9.334318939999999287e-01 9.650161779999999467e-01 3.602628000000000497e-01 6.166464420000000723e-01 9.298517079999999435e-01 0.000000000000000000e+00 1.158090759999999830e-01 1.070885880000000123e-01 3.349667720000000237e-01 2.555384620000000218e-01 3.310173339999999964e-01 1.671376620000000202e-01 2.682838320000000554e-01 1.963809819999999817e-01 1.179734919999999992e-01 1.183336999999999861e-01 1.115684680000000040e-01 1.419234659999999981e-01 1.111501719999999915e-01 1.322352479999999997e-01 3.662336140000000406e-01 4.862812479999999438e-01
9.985258199999999529e-02 9.594682799999999789e-02 6.159288560000000246e-01 2.933009640000000529e-01 9.537799599999999267e-02 1.158090759999999830e-01 0.000000000000000000e+00 9.653217259999999911e-01 4.850563919999998919e-01 2.335796519999999710e-01 5.323811019999999949e-01 3.136983859999999957e-01 5.563375799999998872e-01 3.919245279999999942e-01 9.921836960000000039e-01 9.654382499999998313e-01 9.908733959999999064e-01 9.597557840000000562e-01 9.909443339999999267e-01 9.736223080000000474e-01 5.403067360000000097e-01 1.730287540000000068e-01
1.171862219999999927e-01 1.058894119999999883e-01 6.078892700000000371e-01 3.129478640000000200e-01 9.594880199999999970e-02 1.070885880000000123e-01 9.653217259999999911e-01 0.000000000000000000e+00 4.916603740000000111e-01 2.238469900000000234e-01 5.399500720000000031e-01 3.277463699999999536e-01 5.767859519999999351e-01 3.997808180000000933e-01 9.673761940000000781e-01 9.825070459999999395e-01 9.644339100000000053e-01 9.738803859999999313e-01 9.740636899999998155e-01 9.796590899999999547e-01 5.585422139999999258e-01 1.687081420000000054e-01
3.239694000000000185e-01 3.268688260000000012e-01 5.506541260000000770e-01 2.203386060000000202e-01 3.292613899999999871e-01 3.349667720000000237e-01 4.850563919999998919e-01 4.916603740000000111e-01 0.000000000000000000e+00 3.629467840000000223e-01 8.169054759999999638e-01 3.673397360000000278e-01 2.510883400000000210e-01 3.166401339999999620e-01 5.043710780000000282e-01 5.277385900000000074e-01 4.969625999999999766e-01 5.268980599999999459e-01 5.065387059999999497e-01 5.195950699999999367e-01 2.837244680000000630e-01 2.899374799999999697e-01
2.385167079999999939e-01 2.685725279999999771e-01 2.802820699999999943e-01 2.122592840000000203e-01 2.337034219999999940e-01 2.555384620000000218e-01 2.335796519999999710e-01 2.238469900000000234e-01 3.629467840000000223e-01 0.000000000000000000e+00 2.842140800000000356e-01 7.926632800000000811e-01 1.835561920000000069e-01 6.102633499999999822e-01 2.444871380000000483e-01 2.528535779999999678e-01 2.482407880000000178e-01 2.530127799999999927e-01 2.497814040000000124e-01 2.466067499999999857e-01 1.322086440000000140e-01 3.033932780000000440e-01
3.242710880000000406e-01 3.247539839999999955e-01 6.148614580000000274e-01 2.294227779999999939e-01 3.170758900000000269e-01 3.310173339999999964e-01 5.323811019999999949e-01 5.399500720000000031e-01 8.169054759999999638e-01 2.842140800000000356e-01 0.000000000000000000e+00 3.289505019999999780e-01 3.704832219999999454e-01 3.241486199999999984e-01 5.472394019999999859e-01 5.736118299999999337e-01 5.375240480000000876e-01 5.818013019999999091e-01 5.486782960000000653e-01 5.727771880000001037e-01 3.266856960000000254e-01 3.266814000000000107e-01
1.629611599999999938e-01 1.905002939999999867e-01 2.640859519999999572e-01 1.540016500000000177e-01 1.793470080000000022e-01 1.671376620000000202e-01 3.136983859999999957e-01 3.277463699999999536e-01 3.673397360000000278e-01 7.926632800000000811e-01 3.289505019999999780e-01 0.000000000000000000e+00 2.572547440000000352e-01 8.350706039999998831e-01 3.276847760000000109e-01 3.385336439999999669e-01 3.220847720000000192e-01 3.421684360000000202e-01 3.346470400000000067e-01 3.348492179999999485e-01 3.322309920000000028e-01 1.708380479999999924e-01
2.583507640000000105e-01 2.662340260000000680e-01 3.506277760000000021e-01 2.402907540000000230e-01 2.643329060000000341e-01 2.682838320000000554e-01 5.563375799999998872e-01 5.767859519999999351e-01 2.510883400000000210e-01 1.835561920000000069e-01 3.704832219999999454e-01 2.572547440000000352e-01 0.000000000000000000e+00 3.711053019999999703e-01 5.680498860000000594e-01 5.616365880000000477e-01 5.617260280000000439e-01 5.653438680000000272e-01 5.724724620000000153e-01 5.677529979999998977e-01 7.624210140000000635e-01 4.547992859999999693e-01
1.863557360000000218e-01 1.647083079999999977e-01 2.969186159999999686e-01 2.607645600000000341e-01 1.676012419999999836e-01 1.963809819999999817e-01 3.919245279999999942e-01 3.997808180000000933e-01 3.166401339999999620e-01 6.102633499999999822e-01 3.241486199999999984e-01 8.350706039999998831e-01 3.711053019999999703e-01 0.000000000000000000e+00 4.046189080000000549e-01 4.233719760000000387e-01 3.985077900000000284e-01 4.330106299999999520e-01 4.138184560000000012e-01 4.251757219999999782e-01 4.929049040000000881e-01 2.880113220000000140e-01
1.075184439999999908e-01 1.040395420000000126e-01 6.057479279999999910e-01 2.935939359999999998e-01 9.437226399999999737e-02 1.179734919999999992e-01 9.921836960000000039e-01 9.673761940000000781e-01 5.043710780000000282e-01 2.444871380000000483e-01 5.472394019999999859e-01 3.276847760000000109e-01 5.680498860000000594e-01 4.046189080000000549e-01 0.000000000000000000e+00 9.727906219999999937e-01 9.958951419999999555e-01 9.668897679999999273e-01 9.968279159999999806e-01 9.809414219999998963e-01 5.521849559999999491e-01 1.816385960000000133e-01
1.499297219999999875e-01 1.335670579999999885e-01 6.186576699999999374e-01 3.057644620000000146e-01 1.198491019999999851e-01 1.183336999999999861e-01 9.654382499999998313e-01 9.825070459999999395e-01 5.277385900000000074e-01 2.528535779999999678e-01 5.736118299999999337e-01 3.385336439999999669e-01 5.616365880000000477e-01 4.233719760000000387e-01 9.727906219999999937e-01 0.000000000000000000e+00 9.710352079999999830e-01 9.949011979999999866e-01 9.805361939999999166e-01 9.963754799999999801e-01 5.553145299999999729e-01 1.672322660000000183e-01
1.034198879999999876e-01 9.399173400000000733e-02 6.075445560000000134e-01 3.008341800000000066e-01 8.528258399999999462e-02 1.115684680000000040e-01 9.908733959999999064e-01 9.644339100000000053e-01 4.969625999999999766e-01 2.482407880000000178e-01 5.375240480000000876e-01 3.220847720000000192e-01 5.617260280000000439e-01 3.985077900000000284e-01 9.958951419999999555e-01 9.710352079999999830e-01 0.000000000000000000e+00 9.644091160000000107e-01 9.975193680000000729e-01 9.781580500000000011e-01 5.411228580000000399e-01 1.758336519999999792e-01
1.660980320000000066e-01 1.530853799999999931e-01 6.092288820000000271e-01 3.069870879999999636e-01 1.408138319999999999e-01 1.419234659999999981e-01 9.597557840000000562e-01 9.738803859999999313e-01 5.268980599999999459e-01 2.530127799999999927e-01 5.818013019999999091e-01 3.421684360000000202e-01 5.653438680000000272e-01 4.330106299999999520e-01 9.668897679999999273e-01 9.949011979999999866e-01 9.644091160000000107e-01 0.000000000000000000e+00 9.739089899999999744e-01 9.967363419999999419e-01 5.710245160000000375e-01 1.815526220000000246e-01
1.082331539999999981e-01 1.002989700000000151e-01 6.120216300000000942e-01 2.983021940000000205e-01 9.067283600000000665e-02 1.111501719999999915e-01 9.909443339999999267e-01 9.740636899999998155e-01 5.065387059999999497e-01 2.497814040000000124e-01 5.486782960000000653e-01 3.346470400000000067e-01 5.724724620000000153e-01 4.138184560000000012e-01 9.968279159999999806e-01 9.805361939999999166e-01 9.975193680000000729e-01 9.739089899999999744e-01 0.000000000000000000e+00 9.856539040000000806e-01 5.543034079999999975e-01 1.808435700000000090e-01
1.546663899999999869e-01 1.390648780000000029e-01 6.082611720000000721e-01 3.043859879999999962e-01 1.278983880000000017e-01 1.322352479999999997e-01 9.736223080000000474e-01 9.796590899999999547e-01 5.195950699999999367e-01 2.466067499999999857e-01 5.727771880000001037e-01 3.348492179999999485e-01 5.677529979999998977e-01 4.251757219999999782e-01 9.809414219999998963e-01 9.963754799999999801e-01 9.781580500000000011e-01 9.967363419999999419e-01 9.856539040000000806e-01 0.000000000000000000e+00 5.681018220000000341e-01 1.845390940000000146e-01
3.751589800000000308e-01 3.824623780000000473e-01 3.102098039999999779e-01 3.604115200000000407e-01 3.660783000000000231e-01 3.662336140000000406e-01 5.403067360000000097e-01 5.585422139999999258e-01 2.837244680000000630e-01 1.322086440000000140e-01 3.266856960000000254e-01 3.322309920000000028e-01 7.624210140000000635e-01 4.929049040000000881e-01 5.521849559999999491e-01 5.553145299999999729e-01 5.411228580000000399e-01 5.710245160000000375e-01 5.543034079999999975e-01 5.681018220000000341e-01 0.000000000000000000e+00 6.602894160000000179e-01
4.915697999999998902e-01 4.969546799999999820e-01 2.924469120000000033e-01 4.686514940000000573e-01 4.611642019999999675e-01 4.862812479999999438e-01 1.730287540000000068e-01 1.687081420000000054e-01 2.899374799999999697e-01 3.033932780000000440e-01 3.266814000000000107e-01 1.708380479999999924e-01 4.547992859999999693e-01 2.880113220000000140e-01 1.816385960000000133e-01 1.672322660000000183e-01 1.758336519999999792e-01 1.815526220000000246e-01 1.808435700000000090e-01 1.845390940000000146e-01 6.602894160000000179e-01 0.000000000000000000e+00
