0.000000000000000000e+00 8.202097059999999829e-01 6.114973200000000109e-01 5.629312819999999773e-01 8.119761079999999742e-01 7.705049940000000541e-01 3.875108159999999802e-01 2.199626320000000190e-01 4.284960659999999533e-01 3.627075460000000473e-01 3.752600280000000232e-01 2.683925799999999917e-01 3.912600880000000059e-01 2.148978239999999873e-01 2.268853559999999825e-01 3.458943900000000515e-01 3.065046040000000138e-01 3.504736860000000065e-01 3.078686439999999691e-01 3.577701039999999777e-01 3.334001420000000104e-01 2.759797320000000331e-01
8.202097059999999829e-01 0.000000000000000000e+00 5.148346699999999387e-01 4.536457900000000487e-01 8.797305919999999224e-01 8.342483640000001310e-01 4.009737199999999779e-01 2.116410779999999825e-01 3.987478220000000295e-01 3.480581900000000450e-01 3.480233140000000280e-01 2.538286799999999732e-01 3.721682960000000095e-01 2.327952719999999975e-01 2.450560700000000147e-01 3.267541899999999999e-01 2.860856399999999744e-01 3.542389099999999624e-01 2.916630960000000106e-01 3.752807820000000349e-01 3.343630059999999626e-01 3.048979560000000255e-01
6.114973200000000109e-01 5.148346699999999387e-01 0.000000000000000000e+00 7.621263700000000529e-01 5.477904980000000146e-01 4.602164799999999834e-01 6.114750059999999321e-01 3.747723160000000497e-01 7.597404720000000555e-01 5.714808359999999920e-01 7.654347579999999374e-01 4.979891440000000502e-01 6.549125879999999622e-01 3.894307140000000111e-01 2.709705920000000101e-01 3.829603240000000186e-01 3.224797719999999979e-01 4.634101700000000656e-01 3.218654239999999556e-01 3.393670360000000108e-01 5.202162900000000256e-01 3.640485800000000105e-01
5.629312819999999773e-01 4.536457900000000487e-01 7.621263700000000529e-01 0.000000000000000000e+00 4.566299240000000204e-01 4.240610740000000378e-01 4.736073299999999930e-01 6.003032779999999402e-01 6.183110899999999521e-01 6.843954219999999200e-01 5.439927379999999202e-01 7.392803920000000639e-01 5.283289679999999544e-01 4.263388599999999862e-01 2.011876079999999900e-01 4.063397140000000185e-01 2.695617920000000223e-01 4.496839940000000313e-01 3.285057940000000176e-01 2.971747580000000388e-01 4.595393640000000057e-01 4.635326499999999905e-01
8.119761079999999742e-01 8.797305919999999224e-01 5.477904980000000146e-01 4.566299240000000204e-01 0.000000000000000000e+00 7.707874519999999841e-01 4.237964199999999515e-01 2.534097240000000029e-01 4.087760360000000648e-01 3.948695480000000146e-01 3.710442520000000188e-01 3.026495159999999518e-01 4.012299659999999935e-01 2.300351639999999587e-01 2.555574019999999891e-01 3.039992040000000229e-01 3.002763900000000041e-01 3.790411399999999986e-01 3.123360220000000465e-01 3.708143979999999895e-01 3.844392399999999599e-01 3.364746439999999894e-01
7.705049940000000541e-01 8.342483640000001310e-01 4.602164799999999834e-01 4.240610740000000378e-01 7.707874519999999841e-01 0.000000000000000000e+00 4.007429400000000475e-01 2.569629820000000064e-01 3.741640999999999440e-01 3.639509779999999806e-01 3.005768020000000318e-01 2.835841399999999846e-01 3.738141600000000619e-01 2.084448720000000033e-01 2.027756239999999877e-01 3.558087560000000038e-01 3.355979599999999730e-01 3.406531640000000083e-01 3.159393640000000003e-01 4.164125420000000521e-01 3.398617000000000443e-01 2.489503340000000231e-01
3.875108159999999802e-01 4.009737199999999779e-01 6.114750059999999321e-01 4.736073299999999930e-01 4.237964199999999515e-01 4.007429400000000475e-01 0.000000000000000000e+00 3.198877219999999300e-01 6.432291259999999289e-01 5.859499160000000151e-01 6.937896479999999810e-01 4.038833059999999975e-01 6.646110079999999476e-01 2.484395939999999858e-01 2.787112520000000204e-01 3.705264060000000303e-01 3.524435559999999912e-01 3.698144760000000586e-01 2.615858420000000129e-01 3.924577539999999920e-01 5.832495339999999029e-01 2.205661179999999777e-01
2.199626320000000190e-01 2.116410779999999825e-01 3.747723160000000497e-01 6.003032779999999402e-01 2.534097240000000029e-01 2.569629820000000064e-01 3.198877219999999300e-01 0.000000000000000000e+00 3.905503000000000169e-01 6.767319860000000631e-01 3.347182180000000118e-01 7.251847479999999901e-01 4.153477000000000419e-01 2.950051379999999446e-01 1.884528719999999935e-01 1.657032959999999999e-01 2.168064259999999965e-01 2.374975539999999996e-01 1.332649220000000079e-01 1.936693920000000235e-01 4.989568860000000439e-01 4.913478679999999654e-01
4.284960659999999533e-01 3.987478220000000295e-01 7.597404720000000555e-01 6.183110899999999521e-01 4.087760360000000648e-01 3.741640999999999440e-01 6.432291259999999289e-01 3.905503000000000169e-01 0.000000000000000000e+00 6.555627420000000871e-01 8.451720659999999441e-01 5.102840159999999514e-01 6.268779439999999648e-01 3.946613059999999895e-01 3.365942760000000256e-01 4.325211059999999330e-01 2.542647259999999965e-01 3.904738620000000049e-01 3.727839860000000671e-01 3.461517419999999290e-01 6.010507099999999880e-01 3.132595699999999872e-01
3.627075460000000473e-01 3.480581900000000450e-01 5.714808359999999920e-01 6.843954219999999200e-01 3.948695480000000146e-01 3.639509779999999806e-01 5.859499160000000151e-01 6.767319860000000631e-01 6.555627420000000871e-01 0.000000000000000000e+00 5.906826279999999318e-01 7.895192899999999847e-01 6.428686380000000478e-01 3.729680539999999933e-01 2.066249219999999609e-01 3.849714619999999865e-01 1.932747419999999716e-01 3.590241739999999737e-01 2.873090280000000218e-01 2.769295399999999741e-01 7.010696039999999574e-01 4.177016399999999297e-01
3.752600280000000232e-01 3.480233140000000280e-01 7.654347579999999374e-01 5.439927379999999202e-01 3.710442520000000188e-01 3.005768020000000318e-01 6.937896479999999810e-01 3.347182180000000118e-01 8.451720659999999441e-01 5.906826279999999318e-01 0.000000000000000000e+00 4.506510340000000059e-01 7.337677240000000101e-01 3.159845800000000149e-01 2.842953060000000254e-01 3.578376099999999727e-01 2.278669299999999676e-01 3.454974199999999440e-01 3.116357220000000039e-01 3.367792580000000258e-01 6.349024580000000029e-01 2.852266600000000207e-01
2.683925799999999917e-01 2.538286799999999732e-01 4.979891440000000502e-01 7.392803920000000639e-01 3.026495159999999518e-01 2.835841399999999846e-01 4.038833059999999975e-01 7.251847479999999901e-01 5.102840159999999514e-01 7.895192899999999847e-01 4.506510340000000059e-01 0.000000000000000000e+00 4.741705180000000408e-01 3.873287420000000592e-01 1.824776760000000331e-01 4.056612699999999627e-01 2.072740660000000068e-01 3.749279380000000161e-01 2.829653760000000462e-01 2.541230580000000128e-01 5.073140259999999735e-01 5.322781799999999341e-01
3.912600880000000059e-01 3.721682960000000095e-01 6.549125879999999622e-01 5.283289679999999544e-01 4.012299659999999935e-01 3.738141600000000619e-01 6.646110079999999476e-01 4.153477000000000419e-01 6.268779439999999648e-01 6.428686380000000478e-01 7.337677240000000101e-01 4.741705180000000408e-01 0.000000000000000000e+00 3.594080880000000144e-01 2.951219100000000428e-01 3.777532700000000299e-01 2.336793080000000022e-01 3.491555240000000504e-01 2.974785260000000209e-01 3.874800459999999669e-01 7.504565320000000650e-01 2.282936819999999700e-01
2.148978239999999873e-01 2.327952719999999975e-01 3.894307140000000111e-01 4.263388599999999862e-01 2.300351639999999587e-01 2.084448720000000033e-01 2.484395939999999858e-01 2.950051379999999446e-01 3.946613059999999895e-01 3.729680539999999933e-01 3.159845800000000149e-01 3.873287420000000592e-01 3.594080880000000144e-01 0.000000000000000000e+00 2.911483000000000265e-01 4.106866059999999541e-01 1.644031759999999842e-01 2.686089600000000077e-01 2.988834539999999929e-01 3.343968580000000190e-01 3.617331699999999928e-01 2.829297800000000196e-01
2.268853559999999825e-01 2.450560700000000147e-01 2.709705920000000101e-01 2.011876079999999900e-01 2.555574019999999891e-01 2.027756239999999877e-01 2.787112520000000204e-01 1.884528719999999935e-01 3.365942760000000256e-01 2.066249219999999609e-01 2.842953060000000254e-01 1.824776760000000331e-01 2.951219100000000428e-01 2.911483000000000265e-01 0.000000000000000000e+00 2.452946500000000030e-01 3.614968860000000173e-01 2.741287600000000269e-01 3.669251620000000269e-01 4.197967639999999889e-01 2.573459299999999450e-01 2.316587359999999762e-01
3.458943900000000515e-01 3.267541899999999999e-01 3.829603240000000186e-01 4.063397140000000185e-01 3.039992040000000229e-01 3.558087560000000038e-01 3.705264060000000303e-01 1.657032959999999999e-01 4.325211059999999330e-01 3.849714619999999865e-01 3.578376099999999727e-01 4.056612699999999627e-01 3.777532700000000299e-01 4.106866059999999541e-01 2.452946500000000030e-01 0.000000000000000000e+00 2.463541399999999992e-01 4.968308780000000313e-01 5.188892939999999454e-01 3.939053539999999853e-01 2.943201559999999994e-01 3.953330600000000139e-01
3.065046040000000138e-01 2.860856399999999744e-01 3.224797719999999979e-01 2.695617920000000223e-01 3.002763900000000041e-01 3.355979599999999730e-01 3.524435559999999912e-01 2.168064259999999965e-01 2.542647259999999965e-01 1.932747419999999716e-01 2.278669299999999676e-01 2.072740660000000068e-01 2.336793080000000022e-01 1.644031759999999842e-01 3.614968860000000173e-01 2.463541399999999992e-01 0.000000000000000000e+00 2.998243720000000057e-01 6.747253579999999973e-01 3.248081459999999643e-01 2.566298659999999843e-01 2.556894579999999806e-01
3.504736860000000065e-01 3.542389099999999624e-01 4.634101700000000656e-01 4.496839940000000313e-01 3.790411399999999986e-01 3.406531640000000083e-01 3.698144760000000586e-01 2.374975539999999996e-01 3.904738620000000049e-01 3.590241739999999737e-01 3.454974199999999440e-01 3.749279380000000161e-01 3.491555240000000504e-01 2.686089600000000077e-01 2.741287600000000269e-01 4.968308780000000313e-01 2.998243720000000057e-01 0.000000000000000000e+00 3.246227099999999810e-01 6.506654339999999870e-01 2.653632940000000273e-01 3.547826580000000285e-01
3.078686439999999691e-01 2.916630960000000106e-01 3.218654239999999556e-01 3.285057940000000176e-01 3.123360220000000465e-01 3.159393640000000003e-01 2.615858420000000129e-01 1.332649220000000079e-01 3.727839860000000671e-01 2.873090280000000218e-01 3.116357220000000039e-01 2.829653760000000462e-01 2.974785260000000209e-01 2.988834539999999929e-01 3.669251620000000269e-01 5.188892939999999454e-01 6.747253579999999973e-01 3.246227099999999810e-01 0.000000000000000000e+00 3.371015739999999594e-01 2.160583979999999849e-01 3.217571220000000065e-01
3.577701039999999777e-01 3.752807820000000349e-01 3.393670360000000108e-01 2.971747580000000388e-01 3.708143979999999895e-01 4.164125420000000521e-01 3.924577539999999920e-01 1.936693920000000235e-01 3.461517419999999290e-01 2.769295399999999741e-01 3.367792580000000258e-01 2.541230580000000128e-01 3.874800459999999669e-01 3.343968580000000190e-01 4.197967639999999889e-01 3.939053539999999853e-01 3.248081459999999643e-01 6.506654339999999870e-01 3.371015739999999594e-01 0.000000000000000000e+00 3.041595000000000271e-01 3.106923420000000102e-01
3.334001420000000104e-01 3.343630059999999626e-01 5.202162900000000256e-01 4.595393640000000057e-01 3.844392399999999599e-01 3.398617000000000443e-01 5.832495339999999029e-01 4.989568860000000439e-01 6.010507099999999880e-01 7.010696039999999574e-01 6.349024580000000029e-01 5.073140259999999735e-01 7.504565320000000650e-01 3.617331699999999928e-01 2.573459299999999450e-01 2.943201559999999994e-01 2.566298659999999843e-01 2.653632940000000273e-01 2.160583979999999849e-01 3.041595000000000271e-01 0.000000000000000000e+00 3.371415599999999513e-01
2.759797320000000331e-01 3.048979560000000255e-01 3.640485800000000105e-01 4.635326499999999905e-01 3.364746439999999894e-01 2.489503340000000231e-01 2.205661179999999777e-01 4.913478679999999654e-01 3.132595699999999872e-01 4.177016399999999297e-01 2.852266600000000207e-01 5.322781799999999341e-01 2.282936819999999700e-01 2.829297800000000196e-01 2.316587359999999762e-01 3.953330600000000139e-01 2.556894579999999806e-01 3.547826580000000285e-01 3.217571220000000065e-01 3.106923420000000102e-01 3.371415599999999513e-01 0.000000000000000000e+00
