0.000000000000000000e+00 2.784303819999999763e-01 1.244094400000000100e-01 4.297802220000000450e-01 2.709730080000000152e-01 7.508630780000000726e-01 5.115711400000000353e-02 5.774855800000000539e-02 8.453033599999999759e-02 8.518377400000000377e-02 1.010850880000000035e-01 9.707561000000000662e-02 1.010365980000000052e-01 1.129462539999999959e-01 6.046090000000000492e-02 8.121742400000001028e-02 4.486171200000000497e-02 6.729940599999999218e-02 3.996302399999999977e-02 7.038690999999999698e-02 1.168367459999999775e-01 6.463782399999999650e-02
2.784303819999999763e-01 0.000000000000000000e+00 1.690801580000000082e-01 1.566514859999999787e-01 6.715528720000000229e-01 1.356985279999999849e-01 6.212520200000000437e-02 6.688690399999999703e-02 1.266079840000000067e-01 1.069667619999999930e-01 3.905350000000000488e-02 5.466593400000000630e-02 1.012664439999999971e-01 6.846587800000000779e-02 7.118742600000001197e-02 7.401520399999998723e-02 5.257945600000000358e-02 6.707061400000000062e-02 4.879297600000000179e-02 7.666143799999999842e-02 8.356221799999999367e-02 6.113268799999999059e-02
1.244094400000000100e-01 1.690801580000000082e-01 0.000000000000000000e+00 1.350219440000000048e-01 2.333850459999999849e-01 1.456905980000000045e-01 1.096210059999999792e-01 1.851218259999999893e-01 9.266180599999999934e-02 9.148369800000000218e-02 5.383805899999999367e-01 1.120472839999999970e-01 4.437024219999999852e-01 9.294248799999998978e-02 1.055822099999999819e-01 1.271072259999999621e-01 2.183959960000000089e-01 2.263893439999999924e-01 2.290382839999999809e-01 2.336384840000000074e-01 4.307174559999999985e-01 3.016186279999999997e-01
4.297802220000000450e-01 1.566514859999999787e-01 1.350219440000000048e-01 0.000000000000000000e+00 1.803564019999999990e-01 3.712754299999999619e-01 1.139301800000000198e-01 1.970526160000000138e-01 1.965325700000000175e-01 9.927871799999998803e-02 9.033833600000000519e-02 4.122860279999999156e-01 6.348156599999998928e-02 3.225214779999999726e-01 8.701096399999999620e-02 1.283396800000000115e-01 9.246878999999999516e-02 1.242102239999999941e-01 1.035627679999999995e-01 1.423387600000000086e-01 7.066532200000000263e-02 3.082440300000000022e-01
2.709730080000000152e-01 6.715528720000000229e-01 2.333850459999999849e-01 1.803564019999999990e-01 0.000000000000000000e+00 2.317411020000000321e-01 8.303218399999999499e-02 6.148807400000000367e-02 1.158495279999999933e-01 1.102399439999999925e-01 1.038883940000000089e-01 7.790821400000000341e-02 1.129864579999999979e-01 9.200591199999999525e-02 5.438402799999999399e-02 9.482299799999999168e-02 5.639777399999999080e-02 6.625531599999999466e-02 5.525744600000000173e-02 7.583928399999999292e-02 8.725369399999999276e-02 8.275365199999999699e-02
7.508630780000000726e-01 1.356985279999999849e-01 1.456905980000000045e-01 3.712754299999999619e-01 2.317411020000000321e-01 0.000000000000000000e+00 5.873094800000000504e-02 7.161859400000000764e-02 7.820583200000000290e-02 1.254337480000000116e-01 1.075699219999999984e-01 9.779390600000001377e-02 8.968829799999999963e-02 1.049578600000000000e-01 6.052886199999999578e-02 8.205789799999999024e-02 3.961137200000000580e-02 5.340934399999999055e-02 4.177823799999999532e-02 7.529243199999999248e-02 8.090492800000001483e-02 8.039406400000000119e-02
5.115711400000000353e-02 6.212520200000000437e-02 1.096210059999999792e-01 1.139301800000000198e-01 8.303218399999999499e-02 5.873094800000000504e-02 0.000000000000000000e+00 6.283814859999999891e-01 1.953100279999999966e-01 1.886736019999999958e-01 1.206101160000000033e-01 7.680040800000001444e-02 1.495367540000000217e-01 1.294279420000000180e-01 2.725385619999999842e-01 3.495456599999999803e-01 6.010997460000000459e-01 5.749503860000000355e-01 6.457577280000000863e-01 5.976097599999999899e-01 1.202024500000000024e-01 1.665712900000000107e-01
5.774855800000000539e-02 6.688690399999999703e-02 1.851218259999999893e-01 1.970526160000000138e-01 6.148807400000000367e-02 7.161859400000000764e-02 6.283814859999999891e-01 0.000000000000000000e+00 2.109889799999999926e-01 1.987577160000000009e-01 8.577374200000000004e-02 1.547078199999999959e-01 1.087756739999999889e-01 1.119397160000000085e-01 1.318516160000000048e-01 5.928412719999999192e-01 6.533413619999999256e-01 6.526527179999999095e-01 7.125902699999999701e-01 6.502804439999999575e-01 1.434585439999999934e-01 2.632389240000000408e-01
8.453033599999999759e-02 1.266079840000000067e-01 9.266180599999999934e-02 1.965325700000000175e-01 1.158495279999999933e-01 7.820583200000000290e-02 1.953100279999999966e-01 2.109889799999999926e-01 0.000000000000000000e+00 9.830276999999998377e-02 7.810344399999999410e-02 1.490435040000000211e-01 2.793192119999999834e-01 1.411335480000000253e-01 1.200470279999999723e-01 1.029885900000000049e-01 1.479274979999999906e-01 1.572383160000000168e-01 1.521516719999999878e-01 1.868674539999999884e-01 1.281917159999999833e-01 1.624405340000000253e-01
8.518377400000000377e-02 1.069667619999999930e-01 9.148369800000000218e-02 9.927871799999998803e-02 1.102399439999999925e-01 1.254337480000000116e-01 1.886736019999999958e-01 1.987577160000000009e-01 9.830276999999998377e-02 0.000000000000000000e+00 1.227432739999999994e-01 1.322299219999999997e-01 1.353471679999999899e-01 4.382992139999999925e-01 1.315899620000000048e-01 1.090663660000000118e-01 1.340038620000000014e-01 1.680131539999999979e-01 1.386016780000000059e-01 1.777926060000000197e-01 1.095740280000000039e-01 8.502195199999999786e-02
1.010850880000000035e-01 3.905350000000000488e-02 5.383805899999999367e-01 9.033833600000000519e-02 1.038883940000000089e-01 1.075699219999999984e-01 1.206101160000000033e-01 8.577374200000000004e-02 7.810344399999999410e-02 1.227432739999999994e-01 0.000000000000000000e+00 1.068946900000000005e-01 5.552061339999998513e-01 8.513647399999998977e-02 1.120022800000000096e-01 8.975333799999998807e-02 8.270779199999998832e-02 9.434686800000000040e-02 9.040466199999999675e-02 9.781747599999998655e-02 4.813879620000000026e-01 2.986690200000000073e-01
9.707561000000000662e-02 5.466593400000000630e-02 1.120472839999999970e-01 4.122860279999999156e-01 7.790821400000000341e-02 9.779390600000001377e-02 7.680040800000001444e-02 1.547078199999999959e-01 1.490435040000000211e-01 1.322299219999999997e-01 1.068946900000000005e-01 0.000000000000000000e+00 8.495863200000000615e-02 2.430824359999999851e-01 8.740303000000000655e-02 6.485697800000000957e-02 1.231886479999999978e-01 1.289718740000000141e-01 1.309899139999999851e-01 1.374226919999999852e-01 9.931752399999999037e-02 3.078368020000000205e-01
1.010365980000000052e-01 1.012664439999999971e-01 4.437024219999999852e-01 6.348156599999998928e-02 1.129864579999999979e-01 8.968829799999999963e-02 1.495367540000000217e-01 1.087756739999999889e-01 2.793192119999999834e-01 1.353471679999999899e-01 5.552061339999998513e-01 8.495863200000000615e-02 0.000000000000000000e+00 1.060093839999999982e-01 1.231345740000000105e-01 8.958376800000000806e-02 9.477916799999999697e-02 1.145527640000000014e-01 1.143573600000000051e-01 9.931298000000000903e-02 4.771153639999999863e-01 2.294134219999999780e-01
1.129462539999999959e-01 6.846587800000000779e-02 9.294248799999998978e-02 3.225214779999999726e-01 9.200591199999999525e-02 1.049578600000000000e-01 1.294279420000000180e-01 1.119397160000000085e-01 1.411335480000000253e-01 4.382992139999999925e-01 8.513647399999998977e-02 2.430824359999999851e-01 1.060093839999999982e-01 0.000000000000000000e+00 1.125911019999999985e-01 1.409881460000000086e-01 1.357301700000000111e-01 1.135632419999999809e-01 1.507434799999999853e-01 9.991868200000000866e-02 1.142304080000000194e-01 2.108111699999999922e-01
6.046090000000000492e-02 7.118742600000001197e-02 1.055822099999999819e-01 8.701096399999999620e-02 5.438402799999999399e-02 6.052886199999999578e-02 2.725385619999999842e-01 1.318516160000000048e-01 1.200470279999999723e-01 1.315899620000000048e-01 1.120022800000000096e-01 8.740303000000000655e-02 1.231345740000000105e-01 1.125911019999999985e-01 0.000000000000000000e+00 2.438836900000000141e-01 1.549185160000000061e-01 2.684215679999999993e-01 7.777946999999998945e-02 1.510682660000000066e-01 9.861131800000000336e-02 1.415192960000000166e-01
8.121742400000001028e-02 7.401520399999998723e-02 1.271072259999999621e-01 1.283396800000000115e-01 9.482299799999999168e-02 8.205789799999999024e-02 3.495456599999999803e-01 5.928412719999999192e-01 1.029885900000000049e-01 1.090663660000000118e-01 8.975333799999998807e-02 6.485697800000000957e-02 8.958376800000000806e-02 1.409881460000000086e-01 2.438836900000000141e-01 0.000000000000000000e+00 3.388194239999999802e-01 5.222533320000000145e-01 4.164852459999999756e-01 4.360239100000000145e-01 7.948659599999999270e-02 1.611270079999999882e-01
4.486171200000000497e-02 5.257945600000000358e-02 2.183959960000000089e-01 9.246878999999999516e-02 5.639777399999999080e-02 3.961137200000000580e-02 6.010997460000000459e-01 6.533413619999999256e-01 1.479274979999999906e-01 1.340038620000000014e-01 8.270779199999998832e-02 1.231886479999999978e-01 9.477916799999999697e-02 1.357301700000000111e-01 1.549185160000000061e-01 3.388194239999999802e-01 0.000000000000000000e+00 5.204493099999999428e-01 9.675304399999999916e-01 5.821002339999998831e-01 1.615811960000000103e-01 1.669865460000000135e-01
6.729940599999999218e-02 6.707061400000000062e-02 2.263893439999999924e-01 1.242102239999999941e-01 6.625531599999999466e-02 5.340934399999999055e-02 5.749503860000000355e-01 6.526527179999999095e-01 1.572383160000000168e-01 1.680131539999999979e-01 9.434686800000000040e-02 1.289718740000000141e-01 1.145527640000000014e-01 1.135632419999999809e-01 2.684215679999999993e-01 5.222533320000000145e-01 5.204493099999999428e-01 0.000000000000000000e+00 5.834355700000000144e-01 8.871119159999999448e-01 1.636855000000000115e-01 2.362875180000000019e-01
3.996302399999999977e-02 4.879297600000000179e-02 2.290382839999999809e-01 1.035627679999999995e-01 5.525744600000000173e-02 4.177823799999999532e-02 6.457577280000000863e-01 7.125902699999999701e-01 1.521516719999999878e-01 1.386016780000000059e-01 9.040466199999999675e-02 1.309899139999999851e-01 1.143573600000000051e-01 1.507434799999999853e-01 7.777946999999998945e-02 4.164852459999999756e-01 9.675304399999999916e-01 5.834355700000000144e-01 0.000000000000000000e+00 6.153441499999999786e-01 1.743111960000000293e-01 1.935870799999999947e-01
7.038690999999999698e-02 7.666143799999999842e-02 2.336384840000000074e-01 1.423387600000000086e-01 7.583928399999999292e-02 7.529243199999999248e-02 5.976097599999999899e-01 6.502804439999999575e-01 1.868674539999999884e-01 1.777926060000000197e-01 9.781747599999998655e-02 1.374226919999999852e-01 9.931298000000000903e-02 9.991868200000000866e-02 1.510682660000000066e-01 4.360239100000000145e-01 5.821002339999998831e-01 8.871119159999999448e-01 6.153441499999999786e-01 0.000000000000000000e+00 1.742940940000000105e-01 2.267622680000000168e-01
1.168367459999999775e-01 8.356221799999999367e-02 4.307174559999999985e-01 7.066532200000000263e-02 8.725369399999999276e-02 8.090492800000001483e-02 1.202024500000000024e-01 1.434585439999999934e-01 1.281917159999999833e-01 1.095740280000000039e-01 4.813879620000000026e-01 9.931752399999999037e-02 4.771153639999999863e-01 1.142304080000000194e-01 9.861131800000000336e-02 7.948659599999999270e-02 1.615811960000000103e-01 1.636855000000000115e-01 1.743111960000000293e-01 1.742940940000000105e-01 0.000000000000000000e+00 3.710692139999999806e-01
6.463782399999999650e-02 6.113268799999999059e-02 3.016186279999999997e-01 3.082440300000000022e-01 8.275365199999999699e-02 8.039406400000000119e-02 1.665712900000000107e-01 2.632389240000000408e-01 1.624405340000000253e-01 8.502195199999999786e-02 2.986690200000000073e-01 3.078368020000000205e-01 2.294134219999999780e-01 2.108111699999999922e-01 1.415192960000000166e-01 1.611270079999999882e-01 1.669865460000000135e-01 2.362875180000000019e-01 1.935870799999999947e-01 2.267622680000000168e-01 3.710692139999999806e-01 0.000000000000000000e+00
