0.000000000000000000e+00 9.730553339999999940e-01 5.180715120000000118e-01 6.173821480000001305e-01 9.711929460000000569e-01 9.651679379999998920e-01 8.814936600000000677e-02 6.066896600000000472e-02 4.249245640000000046e-01 4.603643699999999117e-01 4.085780039999999391e-01 3.690834940000000119e-01 3.307702319999999974e-01 1.901186839999999822e-01 8.820944599999999691e-02 1.019996499999999973e-01 8.828898599999998598e-02 8.610688799999999254e-02 8.563487599999999866e-02 8.824482799999999738e-02 3.222598620000000080e-01 3.289510960000000539e-01
9.730553339999999940e-01 0.000000000000000000e+00 4.846831899999999860e-01 5.805997659999999616e-01 9.767835500000000559e-01 9.850525980000000015e-01 8.850990400000000036e-02 6.006997400000000514e-02 4.091484040000000211e-01 4.563482199999999156e-01 3.872786680000000481e-01 3.775655580000000233e-01 3.092712780000000383e-01 1.953589400000000087e-01 8.010420799999999619e-02 6.722691199999999978e-02 7.783857600000000654e-02 5.638411200000000012e-02 7.144973000000000296e-02 5.823020600000000657e-02 3.178441079999999586e-01 3.126425219999999783e-01
5.180715120000000118e-01 4.846831899999999860e-01 0.000000000000000000e+00 7.120490860000000533e-01 4.871067799999999615e-01 4.745907260000000183e-01 5.119699519999999504e-01 4.925563460000000338e-01 6.144575139999999269e-01 3.791152139999999227e-01 6.384176160000000211e-01 2.263220999999999705e-01 4.669358599999999804e-01 2.139848940000000366e-01 4.678747720000000498e-01 4.568192699999999995e-01 4.791895199999999799e-01 4.719541180000000336e-01 4.717905459999999773e-01 4.625650760000000195e-01 5.197032820000000441e-01 4.461399080000000295e-01
6.173821480000001305e-01 5.805997659999999616e-01 7.120490860000000533e-01 0.000000000000000000e+00 5.514678739999999690e-01 5.727988739999998469e-01 3.560071380000000008e-01 3.705288959999999965e-01 4.347892220000000307e-01 4.350680219999999987e-01 4.130963320000000105e-01 3.399692319999999546e-01 3.569395320000000593e-01 1.543321880000000090e-01 3.160614780000000068e-01 3.124965239999999977e-01 3.369589439999999825e-01 3.147567439999999772e-01 3.262175200000000386e-01 3.130507120000000088e-01 4.765795859999999995e-01 5.260667159999999898e-01
9.711929460000000569e-01 9.767835500000000559e-01 4.871067799999999615e-01 5.514678739999999690e-01 0.000000000000000000e+00 9.608891840000000073e-01 8.484438400000000879e-02 4.912471200000000093e-02 4.227810759999999779e-01 4.603597419999999607e-01 3.973507600000000251e-01 3.600623480000000320e-01 3.379954059999999982e-01 1.900685480000000038e-01 7.711229199999999895e-02 7.325592999999999688e-02 7.230488399999998594e-02 6.609236599999999962e-02 6.734750599999998755e-02 6.810444999999999693e-02 3.334591560000000343e-01 3.145035580000000164e-01
9.651679379999998920e-01 9.850525980000000015e-01 4.745907260000000183e-01 5.727988739999998469e-01 9.608891840000000073e-01 0.000000000000000000e+00 1.014706520000000084e-01 6.603284200000000825e-02 4.261595539999999960e-01 4.685380560000000361e-01 4.127790720000000246e-01 3.774561300000000008e-01 3.185545619999999856e-01 1.845092719999999742e-01 9.050805199999999162e-02 7.777524399999999338e-02 8.736559399999999087e-02 7.545338999999999519e-02 8.103342600000000562e-02 7.499749399999999788e-02 3.193902539999999846e-01 3.094635680000000222e-01
8.814936600000000677e-02 8.850990400000000036e-02 5.119699519999999504e-01 3.560071380000000008e-01 8.484438400000000879e-02 1.014706520000000084e-01 0.000000000000000000e+00 9.698792139999999895e-01 3.768878100000000453e-01 2.485259519999999944e-01 4.239867000000000496e-01 1.765905700000000023e-01 4.956258759999999652e-01 2.144011259999999974e-01 9.847768200000001082e-01 9.565684500000000146e-01 9.840954280000000498e-01 9.543869880000001027e-01 9.835341019999999101e-01 9.675595640000000941e-01 5.339983659999999466e-01 2.841639419999999472e-01
6.066896600000000472e-02 6.006997400000000514e-02 4.925563460000000338e-01 3.705288959999999965e-01 4.912471200000000093e-02 6.603284200000000825e-02 9.698792139999999895e-01 0.000000000000000000e+00 3.365048019999999918e-01 2.579451540000000098e-01 3.863393539999999682e-01 1.948545180000000043e-01 4.926944779999999358e-01 2.302983499999999850e-01 9.712176859999999134e-01 9.768254840000001327e-01 9.760718779999999484e-01 9.742140719999999865e-01 9.794011300000000642e-01 9.783983940000000601e-01 5.495438740000000433e-01 3.047752360000000049e-01
4.249245640000000046e-01 4.091484040000000211e-01 6.144575139999999269e-01 4.347892220000000307e-01 4.227810759999999779e-01 4.261595539999999960e-01 3.768878100000000453e-01 3.365048019999999918e-01 0.000000000000000000e+00 4.692511540000000037e-01 8.699955299999999614e-01 2.763552079999999633e-01 4.798120660000000370e-01 2.312012060000000202e-01 3.629228039999999877e-01 3.474177500000000252e-01 3.474209719999999946e-01 3.719809879999999569e-01 3.516236220000000245e-01 3.624993940000000303e-01 5.670420440000001339e-01 5.363184960000000334e-01
4.603643699999999117e-01 4.563482199999999156e-01 3.791152139999999227e-01 4.350680219999999987e-01 4.603597419999999607e-01 4.685380560000000361e-01 2.485259519999999944e-01 2.579451540000000098e-01 4.692511540000000037e-01 0.000000000000000000e+00 4.063083539999999827e-01 7.881675839999999766e-01 4.346140800000000692e-01 4.722658459999999891e-01 2.275008479999999778e-01 2.097501719999999847e-01 2.281008860000000027e-01 2.366455319999999918e-01 2.241555219999999959e-01 2.280486799999999759e-01 4.214817020000000691e-01 3.879654579999999853e-01
4.085780039999999391e-01 3.872786680000000481e-01 6.384176160000000211e-01 4.130963320000000105e-01 3.973507600000000251e-01 4.127790720000000246e-01 4.239867000000000496e-01 3.863393539999999682e-01 8.699955299999999614e-01 4.063083539999999827e-01 0.000000000000000000e+00 2.356247660000000133e-01 5.305623539999999583e-01 2.429809479999999744e-01 3.960616559999999842e-01 3.820213680000000278e-01 3.866746879999999886e-01 4.076551039999999904e-01 3.895026019999999756e-01 3.998053400000000090e-01 5.938466100000000525e-01 5.490762999999999616e-01
3.690834940000000119e-01 3.775655580000000233e-01 2.263220999999999705e-01 3.399692319999999546e-01 3.600623480000000320e-01 3.774561300000000008e-01 1.765905700000000023e-01 1.948545180000000043e-01 2.763552079999999633e-01 7.881675839999999766e-01 2.356247660000000133e-01 0.000000000000000000e+00 2.653806000000000220e-01 6.780703940000000207e-01 1.615837940000000028e-01 1.569533919999999971e-01 1.558983660000000104e-01 1.677416860000000010e-01 1.592754259999999977e-01 1.690135020000000099e-01 2.744552839999999660e-01 2.535586760000000384e-01
3.307702319999999974e-01 3.092712780000000383e-01 4.669358599999999804e-01 3.569395320000000593e-01 3.379954059999999982e-01 3.185545619999999856e-01 4.956258759999999652e-01 4.926944779999999358e-01 4.798120660000000370e-01 4.346140800000000692e-01 5.305623539999999583e-01 2.653806000000000220e-01 0.000000000000000000e+00 2.098007659999999996e-01 5.093213300000000165e-01 4.975967499999999211e-01 5.049411600000000000e-01 5.145452300000000756e-01 5.085911100000000129e-01 5.122505520000000256e-01 6.459288659999999904e-01 3.825062240000000058e-01
1.901186839999999822e-01 1.953589400000000087e-01 2.139848940000000366e-01 1.543321880000000090e-01 1.900685480000000038e-01 1.845092719999999742e-01 2.144011259999999974e-01 2.302983499999999850e-01 2.312012060000000202e-01 4.722658459999999891e-01 2.429809479999999744e-01 6.780703940000000207e-01 2.098007659999999996e-01 0.000000000000000000e+00 2.245836139999999870e-01 2.398928340000000270e-01 2.206009519999999891e-01 2.508995419999999754e-01 2.303032099999999804e-01 2.389463560000000264e-01 2.470089619999999986e-01 2.656746560000000090e-01
8.820944599999999691e-02 8.010420799999999619e-02 4.678747720000000498e-01 3.160614780000000068e-01 7.711229199999999895e-02 9.050805199999999162e-02 9.847768200000001082e-01 9.712176859999999134e-01 3.629228039999999877e-01 2.275008479999999778e-01 3.960616559999999842e-01 1.615837940000000028e-01 5.093213300000000165e-01 2.245836139999999870e-01 0.000000000000000000e+00 9.747890000000000166e-01 9.956034800000000962e-01 9.677588499999998373e-01 9.968349560000000498e-01 9.816753739999999340e-01 5.053942339999999422e-01 2.553125119999999915e-01
1.019996499999999973e-01 6.722691199999999978e-02 4.568192699999999995e-01 3.124965239999999977e-01 7.325592999999999688e-02 7.777524399999999338e-02 9.565684500000000146e-01 9.768254840000001327e-01 3.474177500000000252e-01 2.097501719999999847e-01 3.820213680000000278e-01 1.569533919999999971e-01 4.975967499999999211e-01 2.398928340000000270e-01 9.747890000000000166e-01 0.000000000000000000e+00 9.714474519999999336e-01 9.933948660000000430e-01 9.796112020000000697e-01 9.957499359999999466e-01 5.101461019999999902e-01 2.642084060000000068e-01
8.828898599999998598e-02 7.783857600000000654e-02 4.791895199999999799e-01 3.369589439999999825e-01 7.230488399999998594e-02 8.736559399999999087e-02 9.840954280000000498e-01 9.760718779999999484e-01 3.474209719999999946e-01 2.281008860000000027e-01 3.866746879999999886e-01 1.558983660000000104e-01 5.049411600000000000e-01 2.206009519999999891e-01 9.956034800000000962e-01 9.714474519999999336e-01 0.000000000000000000e+00 9.635850460000000561e-01 9.982339579999999213e-01 9.765494279999999971e-01 5.135522820000000266e-01 2.574900279999999819e-01
8.610688799999999254e-02 5.638411200000000012e-02 4.719541180000000336e-01 3.147567439999999772e-01 6.609236599999999962e-02 7.545338999999999519e-02 9.543869880000001027e-01 9.742140719999999865e-01 3.719809879999999569e-01 2.366455319999999918e-01 4.076551039999999904e-01 1.677416860000000010e-01 5.145452300000000756e-01 2.508995419999999754e-01 9.677588499999998373e-01 9.933948660000000430e-01 9.635850460000000561e-01 0.000000000000000000e+00 9.723032920000000967e-01 9.959728500000000206e-01 5.375820940000000103e-01 2.960031559999999895e-01
8.563487599999999866e-02 7.144973000000000296e-02 4.717905459999999773e-01 3.262175200000000386e-01 6.734750599999998755e-02 8.103342600000000562e-02 9.835341019999999101e-01 9.794011300000000642e-01 3.516236220000000245e-01 2.241555219999999959e-01 3.895026019999999756e-01 1.592754259999999977e-01 5.085911100000000129e-01 2.303032099999999804e-01 9.968349560000000498e-01 9.796112020000000697e-01 9.982339579999999213e-01 9.723032920000000967e-01 0.000000000000000000e+00 9.838847080000000522e-01 5.134095060000000155e-01 2.585742919999999834e-01
8.824482799999999738e-02 5.823020600000000657e-02 4.625650760000000195e-01 3.130507120000000088e-01 6.810444999999999693e-02 7.499749399999999788e-02 9.675595640000000941e-01 9.783983940000000601e-01 3.624993940000000303e-01 2.280486799999999759e-01 3.998053400000000090e-01 1.690135020000000099e-01 5.122505520000000256e-01 2.389463560000000264e-01 9.816753739999999340e-01 9.957499359999999466e-01 9.765494279999999971e-01 9.959728500000000206e-01 9.838847080000000522e-01 0.000000000000000000e+00 5.249605859999999513e-01 2.802856280000000089e-01
3.222598620000000080e-01 3.178441079999999586e-01 5.197032820000000441e-01 4.765795859999999995e-01 3.334591560000000343e-01 3.193902539999999846e-01 5.339983659999999466e-01 5.495438740000000433e-01 5.670420440000001339e-01 4.214817020000000691e-01 5.938466100000000525e-01 2.744552839999999660e-01 6.459288659999999904e-01 2.470089619999999986e-01 5.053942339999999422e-01 5.101461019999999902e-01 5.135522820000000266e-01 5.375820940000000103e-01 5.134095060000000155e-01 5.249605859999999513e-01 0.000000000000000000e+00 6.439866220000001196e-01
3.289510960000000539e-01 3.126425219999999783e-01 4.461399080000000295e-01 5.260667159999999898e-01 3.145035580000000164e-01 3.094635680000000222e-01 2.841639419999999472e-01 3.047752360000000049e-01 5.363184960000000334e-01 3.879654579999999853e-01 5.490762999999999616e-01 2.535586760000000384e-01 3.825062240000000058e-01 2.656746560000000090e-01 2.553125119999999915e-01 2.642084060000000068e-01 2.574900279999999819e-01 2.960031559999999895e-01 2.585742919999999834e-01 2.802856280000000089e-01 6.439866220000001196e-01 0.000000000000000000e+00
