0.000000000000000000e+00 7.050651740000000167e-01 6.206381600000000498e-01 5.630722140000000708e-01 7.522289200000000786e-01 6.781269460000001192e-01 5.465286320000000142e-01 4.593959280000000089e-01 6.046123860000000017e-01 5.944095160000000266e-01 5.819668940000000124e-01 5.169640439999999559e-01 5.554874000000000756e-01 4.097649800000000009e-01 3.805599800000000199e-01 4.523863559999999895e-01 3.781670219999999638e-01 4.751714059999999629e-01 3.220668740000000030e-01 3.569859679999999869e-01 5.183519480000000623e-01 3.676837319999999854e-01
7.050651740000000167e-01 0.000000000000000000e+00 4.633552660000000434e-01 4.484905919999999102e-01 7.621314359999999954e-01 6.436233120000001140e-01 4.134936640000000385e-01 4.445766799999999463e-01 4.577195640000000232e-01 4.645970100000000325e-01 4.293771760000000270e-01 4.846371759999999473e-01 4.120269060000000261e-01 3.066610639999999832e-01 1.921257180000000009e-01 4.029165160000000023e-01 3.467018319999999876e-01 3.692368160000000232e-01 2.713922039999999702e-01 2.360506360000000081e-01 4.368916840000000024e-01 4.050494399999999828e-01
6.206381600000000498e-01 4.633552660000000434e-01 0.000000000000000000e+00 8.497826259999999854e-01 4.623443820000000537e-01 4.421196740000000180e-01 7.221342579999999733e-01 6.746091319999999447e-01 8.960832659999999894e-01 8.250915259999999085e-01 8.982630459999999539e-01 7.330474439999999925e-01 8.527852660000000418e-01 6.153883900000000073e-01 5.167073020000000350e-01 5.390417739999999736e-01 5.640937719999999933e-01 6.164646080000000250e-01 4.237538180000000598e-01 4.884712739999999553e-01 7.307531340000000819e-01 4.958647820000000594e-01
5.630722140000000708e-01 4.484905919999999102e-01 8.497826259999999854e-01 0.000000000000000000e+00 4.842745860000000069e-01 4.008559220000000312e-01 6.806599580000000094e-01 8.057711500000002136e-01 8.581617319999998994e-01 8.486800119999999836e-01 8.169791579999999831e-01 8.544209040000000366e-01 7.826407779999999814e-01 7.081284059999999325e-01 4.552939639999999955e-01 6.478023160000000447e-01 5.150878640000000619e-01 6.690190820000000427e-01 4.158981820000000051e-01 5.449378899999999248e-01 6.867468640000000679e-01 5.924754420000000188e-01
7.522289200000000786e-01 7.621314359999999954e-01 4.623443820000000537e-01 4.842745860000000069e-01 0.000000000000000000e+00 5.672215620000000680e-01 4.889803799999999923e-01 4.734117580000000158e-01 5.076205000000000300e-01 5.512122960000001015e-01 4.641606180000000248e-01 5.161716700000000824e-01 4.416318880000000280e-01 4.047965039999999459e-01 2.995806019999999736e-01 4.465538119999999944e-01 3.659433619999999943e-01 4.463357840000000687e-01 2.438571119999999870e-01 2.870587940000000060e-01 4.725554180000000604e-01 4.067393480000000006e-01
6.781269460000001192e-01 6.436233120000001140e-01 4.421196740000000180e-01 4.008559220000000312e-01 5.672215620000000680e-01 0.000000000000000000e+00 5.136243300000000733e-01 4.140463260000000756e-01 5.070332280000000580e-01 5.058572219999999398e-01 4.922859899999999511e-01 4.701185580000000752e-01 4.812794160000000154e-01 3.783220620000000145e-01 2.660811599999999832e-01 3.745430840000000261e-01 3.213924699999999857e-01 3.939763820000000138e-01 2.573669440000000419e-01 3.303172440000000099e-01 5.001038540000000143e-01 4.815311039999999876e-01
5.465286320000000142e-01 4.134936640000000385e-01 7.221342579999999733e-01 6.806599580000000094e-01 4.889803799999999923e-01 5.136243300000000733e-01 0.000000000000000000e+00 6.052554439999999758e-01 7.473414240000000319e-01 7.371641220000000327e-01 7.569649339999999782e-01 6.665999780000000374e-01 7.462225519999999834e-01 5.678976600000000818e-01 3.596691240000000067e-01 5.024679960000000278e-01 4.538993140000000537e-01 5.155264999999999986e-01 2.979514819999999897e-01 4.367587960000000047e-01 6.714054640000000074e-01 4.586959540000000723e-01
4.593959280000000089e-01 4.445766799999999463e-01 6.746091319999999447e-01 8.057711500000002136e-01 4.734117580000000158e-01 4.140463260000000756e-01 6.052554439999999758e-01 0.000000000000000000e+00 7.432926160000000726e-01 8.031987559999999027e-01 6.932109439999999401e-01 8.660787560000000607e-01 6.905832579999999776e-01 7.075951860000000426e-01 4.218522719999999171e-01 5.007377579999999773e-01 4.997761180000000469e-01 5.674363439999999814e-01 3.406929859999999755e-01 4.706788339999999904e-01 6.445083900000000421e-01 5.958039740000000695e-01
6.046123860000000017e-01 4.577195640000000232e-01 8.960832659999999894e-01 8.581617319999998994e-01 5.076205000000000300e-01 5.070332280000000580e-01 7.473414240000000319e-01 7.432926160000000726e-01 0.000000000000000000e+00 8.922688619999998849e-01 9.346799779999999114e-01 7.973793740000000296e-01 8.502105600000000596e-01 6.645735399999999071e-01 5.518492379999999642e-01 6.170332079999999442e-01 5.374949140000000458e-01 6.135289520000000163e-01 4.745487940000000515e-01 4.963942920000000147e-01 7.857157499999999350e-01 5.662929180000000340e-01
5.944095160000000266e-01 4.645970100000000325e-01 8.250915259999999085e-01 8.486800119999999836e-01 5.512122960000001015e-01 5.058572219999999398e-01 7.371641220000000327e-01 8.031987559999999027e-01 8.922688619999998849e-01 0.000000000000000000e+00 8.528823199999999716e-01 8.865590879999999396e-01 8.304634920000000253e-01 6.968045459999999691e-01 5.240742379999999701e-01 6.578453580000001022e-01 5.366922579999999776e-01 6.609862059999999095e-01 4.090258000000000504e-01 5.378389040000000065e-01 8.138186459999999789e-01 6.387749319999999065e-01
5.819668940000000124e-01 4.293771760000000270e-01 8.982630459999999539e-01 8.169791579999999831e-01 4.641606180000000248e-01 4.922859899999999511e-01 7.569649339999999782e-01 6.932109439999999401e-01 9.346799779999999114e-01 8.528823199999999716e-01 0.000000000000000000e+00 7.587008320000000472e-01 8.914068640000000210e-01 6.270420719999999504e-01 5.513423699999999705e-01 5.721604559999999839e-01 5.628064619999999518e-01 6.069033299999999631e-01 4.700746579999999786e-01 4.941953319999999872e-01 8.172726640000000931e-01 5.437872639999999924e-01
5.169640439999999559e-01 4.846371759999999473e-01 7.330474439999999925e-01 8.544209040000000366e-01 5.161716700000000824e-01 4.701185580000000752e-01 6.665999780000000374e-01 8.660787560000000607e-01 7.973793740000000296e-01 8.865590879999999396e-01 7.587008320000000472e-01 0.000000000000000000e+00 7.666400479999999629e-01 6.871650739999999313e-01 4.534016659999999810e-01 6.559268420000000654e-01 5.216311519999999868e-01 6.811754240000000848e-01 3.732813739999999991e-01 5.784378900000000101e-01 7.203354079999999549e-01 6.422116239999999809e-01
5.554874000000000756e-01 4.120269060000000261e-01 8.527852660000000418e-01 7.826407779999999814e-01 4.416318880000000280e-01 4.812794160000000154e-01 7.462225519999999834e-01 6.905832579999999776e-01 8.502105600000000596e-01 8.304634920000000253e-01 8.914068640000000210e-01 7.666400479999999629e-01 0.000000000000000000e+00 6.643788459999999674e-01 5.740130799999999534e-01 5.441110519999999839e-01 5.723335320000000337e-01 5.798338600000000342e-01 4.298532520000000190e-01 5.260674480000000486e-01 8.535125799999999652e-01 5.599115219999999393e-01
4.097649800000000009e-01 3.066610639999999832e-01 6.153883900000000073e-01 7.081284059999999325e-01 4.047965039999999459e-01 3.783220620000000145e-01 5.678976600000000818e-01 7.075951860000000426e-01 6.645735399999999071e-01 6.968045459999999691e-01 6.270420719999999504e-01 6.871650739999999313e-01 6.643788459999999674e-01 0.000000000000000000e+00 4.542287260000000271e-01 5.401213599999999948e-01 4.214755059999999998e-01 5.248454180000000635e-01 3.056988520000000209e-01 4.319596940000000052e-01 6.188450779999999929e-01 5.109010039999999364e-01
3.805599800000000199e-01 1.921257180000000009e-01 5.167073020000000350e-01 4.552939639999999955e-01 2.995806019999999736e-01 2.660811599999999832e-01 3.596691240000000067e-01 4.218522719999999171e-01 5.518492379999999642e-01 5.240742379999999701e-01 5.513423699999999705e-01 4.534016659999999810e-01 5.740130799999999534e-01 4.542287260000000271e-01 0.000000000000000000e+00 3.138947119999999646e-01 5.573264319999999827e-01 3.624107779999999890e-01 4.305285019999999241e-01 5.134709720000000255e-01 5.438928379999999896e-01 3.285559779999999708e-01
4.523863559999999895e-01 4.029165160000000023e-01 5.390417739999999736e-01 6.478023160000000447e-01 4.465538119999999944e-01 3.745430840000000261e-01 5.024679960000000278e-01 5.007377579999999773e-01 6.170332079999999442e-01 6.578453580000001022e-01 5.721604559999999839e-01 6.559268420000000654e-01 5.441110519999999839e-01 5.401213599999999948e-01 3.138947119999999646e-01 0.000000000000000000e+00 3.223349759999999398e-01 7.439210760000000144e-01 5.400082840000000051e-01 5.025562539999999245e-01 5.275800740000000655e-01 5.949864820000000387e-01
3.781670219999999638e-01 3.467018319999999876e-01 5.640937719999999933e-01 5.150878640000000619e-01 3.659433619999999943e-01 3.213924699999999857e-01 4.538993140000000537e-01 4.997761180000000469e-01 5.374949140000000458e-01 5.366922579999999776e-01 5.628064619999999518e-01 5.216311519999999868e-01 5.723335320000000337e-01 4.214755059999999998e-01 5.573264319999999827e-01 3.223349759999999398e-01 0.000000000000000000e+00 4.622801660000000479e-01 6.576235039999999143e-01 4.867248319999999961e-01 5.530605520000000386e-01 3.838461859999999781e-01
4.751714059999999629e-01 3.692368160000000232e-01 6.164646080000000250e-01 6.690190820000000427e-01 4.463357840000000687e-01 3.939763820000000138e-01 5.155264999999999986e-01 5.674363439999999814e-01 6.135289520000000163e-01 6.609862059999999095e-01 6.069033299999999631e-01 6.811754240000000848e-01 5.798338600000000342e-01 5.248454180000000635e-01 3.624107779999999890e-01 7.439210760000000144e-01 4.622801660000000479e-01 0.000000000000000000e+00 4.099867459999999575e-01 6.535926840000000348e-01 5.544301099999999760e-01 6.782621000000000899e-01
3.220668740000000030e-01 2.713922039999999702e-01 4.237538180000000598e-01 4.158981820000000051e-01 2.438571119999999870e-01 2.573669440000000419e-01 2.979514819999999897e-01 3.406929859999999755e-01 4.745487940000000515e-01 4.090258000000000504e-01 4.700746579999999786e-01 3.732813739999999991e-01 4.298532520000000190e-01 3.056988520000000209e-01 4.305285019999999241e-01 5.400082840000000051e-01 6.576235039999999143e-01 4.099867459999999575e-01 0.000000000000000000e+00 3.084703739999999916e-01 4.439155479999999931e-01 3.643189880000000658e-01
3.569859679999999869e-01 2.360506360000000081e-01 4.884712739999999553e-01 5.449378899999999248e-01 2.870587940000000060e-01 3.303172440000000099e-01 4.367587960000000047e-01 4.706788339999999904e-01 4.963942920000000147e-01 5.378389040000000065e-01 4.941953319999999872e-01 5.784378900000000101e-01 5.260674480000000486e-01 4.319596940000000052e-01 5.134709720000000255e-01 5.025562539999999245e-01 4.867248319999999961e-01 6.535926840000000348e-01 3.084703739999999916e-01 0.000000000000000000e+00 5.144542859999999829e-01 5.397963239999999940e-01
5.183519480000000623e-01 4.368916840000000024e-01 7.307531340000000819e-01 6.867468640000000679e-01 4.725554180000000604e-01 5.001038540000000143e-01 6.714054640000000074e-01 6.445083900000000421e-01 7.857157499999999350e-01 8.138186459999999789e-01 8.172726640000000931e-01 7.203354079999999549e-01 8.535125799999999652e-01 6.188450779999999929e-01 5.438928379999999896e-01 5.275800740000000655e-01 5.530605520000000386e-01 5.544301099999999760e-01 4.439155479999999931e-01 5.144542859999999829e-01 0.000000000000000000e+00 5.701839479999999405e-01
3.676837319999999854e-01 4.050494399999999828e-01 4.958647820000000594e-01 5.924754420000000188e-01 4.067393480000000006e-01 4.815311039999999876e-01 4.586959540000000723e-01 5.958039740000000695e-01 5.662929180000000340e-01 6.387749319999999065e-01 5.437872639999999924e-01 6.422116239999999809e-01 5.599115219999999393e-01 5.109010039999999364e-01 3.285559779999999708e-01 5.949864820000000387e-01 3.838461859999999781e-01 6.782621000000000899e-01 3.643189880000000658e-01 5.397963239999999940e-01 5.701839479999999405e-01 0.000000000000000000e+00
