0.000000000000000000e+00 7.121460779999999602e-01 5.470743959999999628e-01 5.460945959999999877e-01 7.582423419999999581e-01 8.961505100000000112e-01 1.221731700000000115e-01 1.311881300000000139e-01 1.953349199999999952e-01 1.713170359999999781e-01 2.122546620000000106e-01 1.312678419999999957e-01 2.441184259999999995e-01 1.338856580000000185e-01 1.127179920000000168e-01 1.100156520000000054e-01 1.023401919999999965e-01 1.248146300000000097e-01 1.154872580000000093e-01 1.067568319999999960e-01 2.322777980000000075e-01 2.021033680000000055e-01
7.121460779999999602e-01 0.000000000000000000e+00 5.633799240000000319e-01 4.844650380000000145e-01 8.681383400000000083e-01 6.771639279999999150e-01 1.174366999999999911e-01 1.303813159999999971e-01 1.871260600000000107e-01 1.773836179999999929e-01 2.043470479999999756e-01 1.344078220000000101e-01 2.324179479999999853e-01 1.445353979999999816e-01 9.751050199999999890e-02 1.249594099999999930e-01 9.095435399999998727e-02 1.344454959999999699e-01 1.040472140000000129e-01 1.531161459999999808e-01 2.207768600000000192e-01 2.097370120000000004e-01
5.470743959999999628e-01 5.633799240000000319e-01 0.000000000000000000e+00 5.944697180000000358e-01 6.149953299999999512e-01 5.432754400000000539e-01 4.221401880000000273e-01 2.958810599999999735e-01 5.600446900000000117e-01 4.341897060000000086e-01 6.659138099999999394e-01 2.672353760000000245e-01 6.681128519999999238e-01 2.624680779999999936e-01 2.181288019999999828e-01 1.285566819999999777e-01 8.762738400000000261e-02 1.243438999999999933e-01 1.281030559999999929e-01 1.586960079999999995e-01 6.385416000000000425e-01 5.486022320000000230e-01
5.460945959999999877e-01 4.844650380000000145e-01 5.944697180000000358e-01 0.000000000000000000e+00 5.093772960000000349e-01 5.454747080000000858e-01 3.417420139999999829e-01 4.505225480000000227e-01 5.105169419999999736e-01 5.849938019999999517e-01 4.158098159999999988e-01 5.868790980000000435e-01 4.107855999999999730e-01 5.651660319999999293e-01 1.755645160000000038e-01 2.370817999999999814e-01 8.558054399999999451e-02 1.205368820000000118e-01 1.290954980000000030e-01 1.902254600000000129e-01 4.822211859999999684e-01 6.083410120000000143e-01
7.582423419999999581e-01 8.681383400000000083e-01 6.149953299999999512e-01 5.093772960000000349e-01 0.000000000000000000e+00 7.439682979999999723e-01 1.271758220000000217e-01 1.462212999999999985e-01 2.240878819999999882e-01 1.753271479999999882e-01 2.396687120000000060e-01 1.305746660000000059e-01 2.749703700000000195e-01 1.245780879999999896e-01 1.197992140000000011e-01 1.186556820000000123e-01 8.431735599999999609e-02 1.311760419999999927e-01 1.016798620000000097e-01 1.447057860000000029e-01 2.558435299999999857e-01 2.294942620000000044e-01
8.961505100000000112e-01 6.771639279999999150e-01 5.432754400000000539e-01 5.454747080000000858e-01 7.439682979999999723e-01 0.000000000000000000e+00 1.148319219999999891e-01 1.299612600000000229e-01 1.846899000000000179e-01 1.775803720000000141e-01 1.975402239999999865e-01 1.432299759999999811e-01 2.360378719999999819e-01 1.362723120000000065e-01 1.247601900000000069e-01 9.325871199999999361e-02 1.043789759999999844e-01 1.183074399999999998e-01 1.291019539999999910e-01 1.004947199999999957e-01 2.198346019999999901e-01 1.962655540000000087e-01
1.221731700000000115e-01 1.174366999999999911e-01 4.221401880000000273e-01 3.417420139999999829e-01 1.271758220000000217e-01 1.148319219999999891e-01 0.000000000000000000e+00 5.237078339999999832e-01 5.231152980000000063e-01 4.579042819999999958e-01 5.215502620000000977e-01 3.236062899999999631e-01 4.894993220000000145e-01 2.875209120000000174e-01 6.107945239999998943e-01 3.477577960000000079e-01 2.116164079999999781e-01 1.619816460000000069e-01 2.304970719999999973e-01 4.481035959999999929e-01 5.071598579999999634e-01 4.721963760000000287e-01
1.311881300000000139e-01 1.303813159999999971e-01 2.958810599999999735e-01 4.505225480000000227e-01 1.462212999999999985e-01 1.299612600000000229e-01 5.237078339999999832e-01 0.000000000000000000e+00 4.864372160000000056e-01 5.492947839999999804e-01 3.637700879999999914e-01 5.638871479999999492e-01 3.493549539999999953e-01 4.954469400000000023e-01 1.872959359999999962e-01 5.819685839999999555e-01 1.851694759999999995e-01 1.660355059999999994e-01 3.153415899999999494e-01 3.414096480000000100e-01 4.249960200000000299e-01 5.477582319999999561e-01
1.953349199999999952e-01 1.871260600000000107e-01 5.600446900000000117e-01 5.105169419999999736e-01 2.240878819999999882e-01 1.846899000000000179e-01 5.231152980000000063e-01 4.864372160000000056e-01 0.000000000000000000e+00 5.354303099999999649e-01 6.158062060000000226e-01 4.412542019999999843e-01 7.119642980000000509e-01 3.987042219999999970e-01 2.483164120000000141e-01 2.234498040000000019e-01 1.303574460000000157e-01 1.056027140000000142e-01 1.651386819999999811e-01 2.595160980000000284e-01 6.836018179999999722e-01 6.757750120000000082e-01
1.713170359999999781e-01 1.773836179999999929e-01 4.341897060000000086e-01 5.849938019999999517e-01 1.753271479999999882e-01 1.775803720000000141e-01 4.579042819999999958e-01 5.492947839999999804e-01 5.354303099999999649e-01 0.000000000000000000e+00 5.069286779999999659e-01 6.392364419999999603e-01 4.723049559999999980e-01 7.385417340000000053e-01 1.798104619999999765e-01 3.367233379999999832e-01 1.366186699999999976e-01 1.127215159999999938e-01 1.778259859999999914e-01 2.351474559999999769e-01 5.908992699999999765e-01 6.537841479999999539e-01
2.122546620000000106e-01 2.043470479999999756e-01 6.659138099999999394e-01 4.158098159999999988e-01 2.396687120000000060e-01 1.975402239999999865e-01 5.215502620000000977e-01 3.637700879999999914e-01 6.158062060000000226e-01 5.069286779999999659e-01 0.000000000000000000e+00 3.117013820000000268e-01 8.089114500000000874e-01 2.851000220000000640e-01 2.085365659999999788e-01 1.549537620000000226e-01 1.134288599999999925e-01 9.983974199999998134e-02 1.461379600000000112e-01 1.980321939999999947e-01 7.711519780000000157e-01 6.317296259999999331e-01
1.312678419999999957e-01 1.344078220000000101e-01 2.672353760000000245e-01 5.868790980000000435e-01 1.305746660000000059e-01 1.432299759999999811e-01 3.236062899999999631e-01 5.638871479999999492e-01 4.412542019999999843e-01 6.392364419999999603e-01 3.117013820000000268e-01 0.000000000000000000e+00 2.800923339999999984e-01 6.800762220000000635e-01 1.649315020000000076e-01 3.039807220000000365e-01 8.877190399999999870e-02 1.204721799999999982e-01 1.295390519999999879e-01 2.386020380000000163e-01 3.736119139999999339e-01 5.705984679999999143e-01
2.441184259999999995e-01 2.324179479999999853e-01 6.681128519999999238e-01 4.107855999999999730e-01 2.749703700000000195e-01 2.360378719999999819e-01 4.894993220000000145e-01 3.493549539999999953e-01 7.119642980000000509e-01 4.723049559999999980e-01 8.089114500000000874e-01 2.800923339999999984e-01 0.000000000000000000e+00 2.507448139999999825e-01 1.827288840000000081e-01 1.490585720000000003e-01 1.173479339999999871e-01 5.482022399999999379e-02 1.550020380000000086e-01 1.827147940000000137e-01 7.487896300000000949e-01 5.775064139999999124e-01
1.338856580000000185e-01 1.445353979999999816e-01 2.624680779999999936e-01 5.651660319999999293e-01 1.245780879999999896e-01 1.362723120000000065e-01 2.875209120000000174e-01 4.954469400000000023e-01 3.987042219999999970e-01 7.385417340000000053e-01 2.851000220000000640e-01 6.800762220000000635e-01 2.507448139999999825e-01 0.000000000000000000e+00 1.504985139999999721e-01 2.687662239999999980e-01 1.319852420000000026e-01 9.369613000000000247e-02 1.462037019999999909e-01 1.991595759999999771e-01 3.580764019999999603e-01 5.393581179999999975e-01
1.127179920000000168e-01 9.751050199999999890e-02 2.181288019999999828e-01 1.755645160000000038e-01 1.197992140000000011e-01 1.247601900000000069e-01 6.107945239999998943e-01 1.872959359999999962e-01 2.483164120000000141e-01 1.798104619999999765e-01 2.085365659999999788e-01 1.649315020000000076e-01 1.827288840000000081e-01 1.504985139999999721e-01 0.000000000000000000e+00 1.577828059999999977e-01 1.442683120000000097e-01 2.140543159999999945e-01 1.252298919999999816e-01 2.669631860000000190e-01 1.943542020000000314e-01 2.002101540000000013e-01
1.100156520000000054e-01 1.249594099999999930e-01 1.285566819999999777e-01 2.370817999999999814e-01 1.186556820000000123e-01 9.325871199999999361e-02 3.477577960000000079e-01 5.819685839999999555e-01 2.234498040000000019e-01 3.367233379999999832e-01 1.549537620000000226e-01 3.039807220000000365e-01 1.490585720000000003e-01 2.687662239999999980e-01 1.577828059999999977e-01 0.000000000000000000e+00 1.388275259999999789e-01 1.499906920000000088e-01 1.941114979999999934e-01 2.182218840000000049e-01 2.082283340000000149e-01 2.509909760000000323e-01
1.023401919999999965e-01 9.095435399999998727e-02 8.762738400000000261e-02 8.558054399999999451e-02 8.431735599999999609e-02 1.043789759999999844e-01 2.116164079999999781e-01 1.851694759999999995e-01 1.303574460000000157e-01 1.366186699999999976e-01 1.134288599999999925e-01 8.877190399999999870e-02 1.173479339999999871e-01 1.319852420000000026e-01 1.442683120000000097e-01 1.388275259999999789e-01 0.000000000000000000e+00 1.348984160000000210e-01 8.626352080000000422e-01 1.946570379999999767e-01 1.168490439999999853e-01 9.635422400000000220e-02
1.248146300000000097e-01 1.344454959999999699e-01 1.243438999999999933e-01 1.205368820000000118e-01 1.311760419999999927e-01 1.183074399999999998e-01 1.619816460000000069e-01 1.660355059999999994e-01 1.056027140000000142e-01 1.127215159999999938e-01 9.983974199999998134e-02 1.204721799999999982e-01 5.482022399999999379e-02 9.369613000000000247e-02 2.140543159999999945e-01 1.499906920000000088e-01 1.348984160000000210e-01 0.000000000000000000e+00 1.476244540000000161e-01 6.960567420000000061e-01 1.048845020000000183e-01 8.270638999999999075e-02
1.154872580000000093e-01 1.040472140000000129e-01 1.281030559999999929e-01 1.290954980000000030e-01 1.016798620000000097e-01 1.291019539999999910e-01 2.304970719999999973e-01 3.153415899999999494e-01 1.651386819999999811e-01 1.778259859999999914e-01 1.461379600000000112e-01 1.295390519999999879e-01 1.550020380000000086e-01 1.462037019999999909e-01 1.252298919999999816e-01 1.941114979999999934e-01 8.626352080000000422e-01 1.476244540000000161e-01 0.000000000000000000e+00 2.120586760000000015e-01 1.536218400000000095e-01 1.310425739999999950e-01
1.067568319999999960e-01 1.531161459999999808e-01 1.586960079999999995e-01 1.902254600000000129e-01 1.447057860000000029e-01 1.004947199999999957e-01 4.481035959999999929e-01 3.414096480000000100e-01 2.595160980000000284e-01 2.351474559999999769e-01 1.980321939999999947e-01 2.386020380000000163e-01 1.827147940000000137e-01 1.991595759999999771e-01 2.669631860000000190e-01 2.182218840000000049e-01 1.946570379999999767e-01 6.960567420000000061e-01 2.120586760000000015e-01 0.000000000000000000e+00 2.309741839999999991e-01 2.297407499999999936e-01
2.322777980000000075e-01 2.207768600000000192e-01 6.385416000000000425e-01 4.822211859999999684e-01 2.558435299999999857e-01 2.198346019999999901e-01 5.071598579999999634e-01 4.249960200000000299e-01 6.836018179999999722e-01 5.908992699999999765e-01 7.711519780000000157e-01 3.736119139999999339e-01 7.487896300000000949e-01 3.580764019999999603e-01 1.943542020000000314e-01 2.082283340000000149e-01 1.168490439999999853e-01 1.048845020000000183e-01 1.536218400000000095e-01 2.309741839999999991e-01 0.000000000000000000e+00 6.972781340000000494e-01
2.021033680000000055e-01 2.097370120000000004e-01 5.486022320000000230e-01 6.083410120000000143e-01 2.294942620000000044e-01 1.962655540000000087e-01 4.721963760000000287e-01 5.477582319999999561e-01 6.757750120000000082e-01 6.537841479999999539e-01 6.317296259999999331e-01 5.705984679999999143e-01 5.775064139999999124e-01 5.393581179999999975e-01 2.002101540000000013e-01 2.509909760000000323e-01 9.635422400000000220e-02 8.270638999999999075e-02 1.310425739999999950e-01 2.297407499999999936e-01 6.972781340000000494e-01 0.000000000000000000e+00
