0.000000000000000000e+00 2.310280399999999901e-01 2.113546920000000107e-01 3.226669820000000466e-01 2.231000579999999900e-01 6.598251339999999798e-01 1.951434639999999887e-01 1.887374759999999874e-01 1.900429600000000108e-01 2.435264060000000286e-01 1.832894979999999951e-01 3.915050119999999856e-01 1.969881760000000148e-01 2.947226139999999939e-01 3.561425680000000482e-01 2.191921639999999949e-01 2.076691380000000309e-01 2.935924339999999577e-01 1.704664519999999905e-01 2.975753239999999744e-01 2.058021580000000128e-01 3.051472320000000460e-01
2.310280399999999901e-01 0.000000000000000000e+00 2.883467180000000019e-01 3.105432399999999982e-01 7.166250460000000988e-01 2.622536619999999985e-01 2.131450479999999759e-01 2.273264099999999510e-01 2.214625179999999971e-01 2.517188060000000172e-01 1.684935919999999976e-01 3.340871659999999910e-01 1.629919880000000043e-01 3.715581740000000188e-01 1.788981460000000079e-01 2.491888519999999885e-01 2.374559239999999849e-01 2.525362280000000292e-01 1.358459580000000166e-01 2.538851180000000207e-01 1.676048199999999877e-01 2.953908479999999837e-01
2.113546920000000107e-01 2.883467180000000019e-01 0.000000000000000000e+00 2.987323759999999662e-01 2.674730060000000131e-01 2.306496559999999807e-01 5.356028160000000371e-01 2.754921420000000509e-01 3.825809100000000518e-01 6.081391600000000119e-01 8.212642600000000792e-01 2.723174299999999715e-01 7.843644060000000140e-01 2.515428339999999929e-01 2.119157720000000023e-01 2.126458559999999665e-01 1.994315200000000010e-01 2.919936539999999914e-01 3.015218080000000023e-01 2.558228500000000460e-01 7.605611139999999271e-01 4.551607540000000007e-01
3.226669820000000466e-01 3.105432399999999982e-01 2.987323759999999662e-01 0.000000000000000000e+00 2.911621900000000429e-01 2.198621259999999911e-01 3.528659920000000172e-01 6.846281539999999888e-01 6.249672499999998632e-01 2.618237860000000028e-01 2.473780879999999960e-01 8.191059179999999884e-01 3.377673159999999841e-01 5.842470040000000697e-01 1.759152499999999952e-01 2.154170780000000396e-01 1.985771739999999952e-01 2.851186359999999809e-01 1.292795280000000047e-01 3.488839800000000380e-01 3.403772420000000243e-01 5.478792279999999959e-01
2.231000579999999900e-01 7.166250460000000988e-01 2.674730060000000131e-01 2.911621900000000429e-01 0.000000000000000000e+00 3.620876160000000010e-01 1.469636679999999918e-01 2.798819879999999705e-01 3.087277699999999570e-01 2.076986359999999920e-01 2.071658300000000230e-01 3.107495059999999532e-01 1.941667260000000117e-01 2.069932979999999922e-01 1.858183340000000017e-01 2.139675160000000242e-01 2.197458560000000172e-01 1.924725439999999954e-01 1.623288360000000041e-01 1.834124039999999733e-01 2.130136600000000213e-01 2.896897979999999984e-01
6.598251339999999798e-01 2.622536619999999985e-01 2.306496559999999807e-01 2.198621259999999911e-01 3.620876160000000010e-01 0.000000000000000000e+00 2.610989040000000205e-01 1.302758620000000200e-01 2.292734020000000150e-01 2.628073080000000172e-01 2.551626559999999877e-01 2.071200099999999933e-01 2.469493060000000073e-01 1.605802859999999888e-01 3.551282740000000215e-01 2.370678700000000139e-01 2.228216980000000125e-01 2.952124660000000067e-01 1.879690539999999965e-01 2.523392660000000065e-01 2.924384100000000375e-01 2.079226880000000222e-01
1.951434639999999887e-01 2.131450479999999759e-01 5.356028160000000371e-01 3.528659920000000172e-01 1.469636679999999918e-01 2.610989040000000205e-01 0.000000000000000000e+00 4.093479919999999939e-01 3.717986100000000294e-01 5.130907540000000377e-01 4.983367519999999939e-01 3.621428999999999343e-01 4.405983500000000275e-01 2.664743980000000567e-01 3.860277699999999923e-01 2.584773719999999830e-01 1.799119600000000097e-01 3.414472900000000144e-01 3.039424219999999899e-01 3.857293379999999772e-01 5.273956339999998910e-01 4.619490400000000330e-01
1.887374759999999874e-01 2.273264099999999510e-01 2.754921420000000509e-01 6.846281539999999888e-01 2.798819879999999705e-01 1.302758620000000200e-01 4.093479919999999939e-01 0.000000000000000000e+00 5.515803339999999499e-01 3.565327139999999728e-01 2.156155539999999871e-01 6.519000099999999742e-01 2.663889159999999756e-01 5.957494920000000471e-01 1.140587700000000038e-01 2.482932260000000058e-01 1.827076880000000070e-01 2.135221500000000217e-01 2.104014700000000349e-01 3.412203560000000024e-01 2.688333680000000170e-01 6.611160059999999783e-01
1.900429600000000108e-01 2.214625179999999971e-01 3.825809100000000518e-01 6.249672499999998632e-01 3.087277699999999570e-01 2.292734020000000150e-01 3.717986100000000294e-01 5.515803339999999499e-01 0.000000000000000000e+00 2.434118319999999669e-01 3.487225299999999750e-01 5.885659220000000191e-01 3.915228539999999757e-01 5.449265859999999906e-01 1.400620679999999840e-01 1.835897040000000202e-01 2.562328739999999994e-01 2.166184819999999733e-01 2.444689380000000245e-01 3.033975500000000158e-01 4.175182080000000018e-01 5.599652819999999531e-01
2.435264060000000286e-01 2.517188060000000172e-01 6.081391600000000119e-01 2.618237860000000028e-01 2.076986359999999920e-01 2.628073080000000172e-01 5.130907540000000377e-01 3.565327139999999728e-01 2.434118319999999669e-01 0.000000000000000000e+00 6.026851419999998960e-01 2.224521660000000067e-01 5.996712680000000351e-01 2.922386200000000045e-01 2.095163439999999933e-01 2.380149579999999987e-01 2.118110099999999940e-01 1.916251599999999888e-01 2.805900719999999682e-01 1.836851760000000056e-01 6.546786599999999678e-01 4.321277880000000127e-01
1.832894979999999951e-01 1.684935919999999976e-01 8.212642600000000792e-01 2.473780879999999960e-01 2.071658300000000230e-01 2.551626559999999877e-01 4.983367519999999939e-01 2.156155539999999871e-01 3.487225299999999750e-01 6.026851419999998960e-01 0.000000000000000000e+00 2.368094799999999611e-01 8.408505119999999389e-01 2.263054999999999928e-01 2.716992059999999709e-01 2.511673899999999904e-01 2.450264380000000131e-01 3.127434559999999752e-01 2.887398460000000222e-01 2.902614639999999691e-01 8.115743559999998302e-01 4.682423339999999823e-01
3.915050119999999856e-01 3.340871659999999910e-01 2.723174299999999715e-01 8.191059179999999884e-01 3.107495059999999532e-01 2.071200099999999933e-01 3.621428999999999343e-01 6.519000099999999742e-01 5.885659220000000191e-01 2.224521660000000067e-01 2.368094799999999611e-01 0.000000000000000000e+00 3.036957120000000065e-01 5.884719139999999848e-01 2.382244760000000183e-01 2.675513379999999719e-01 2.350164260000000005e-01 2.482830599999999721e-01 2.055228480000000357e-01 4.276873120000000417e-01 3.036417040000000123e-01 5.819314939999999936e-01
1.969881760000000148e-01 1.629919880000000043e-01 7.843644060000000140e-01 3.377673159999999841e-01 1.941667260000000117e-01 2.469493060000000073e-01 4.405983500000000275e-01 2.663889159999999756e-01 3.915228539999999757e-01 5.996712680000000351e-01 8.408505119999999389e-01 3.036957120000000065e-01 0.000000000000000000e+00 3.120628779999999880e-01 2.178352320000000175e-01 1.832971680000000103e-01 2.214225080000000179e-01 3.020327420000000207e-01 2.469716179999999761e-01 2.481438199999999872e-01 7.892356800000001060e-01 4.353031419999999763e-01
2.947226139999999939e-01 3.715581740000000188e-01 2.515428339999999929e-01 5.842470040000000697e-01 2.069932979999999922e-01 1.605802859999999888e-01 2.664743980000000567e-01 5.957494920000000471e-01 5.449265859999999906e-01 2.922386200000000045e-01 2.263054999999999928e-01 5.884719139999999848e-01 3.120628779999999880e-01 0.000000000000000000e+00 1.918668119999999977e-01 2.050886560000000358e-01 1.887246260000000064e-01 2.563012800000000202e-01 1.448635540000000055e-01 2.529767800000000122e-01 3.092513420000000401e-01 5.157751659999999516e-01
3.561425680000000482e-01 1.788981460000000079e-01 2.119157720000000023e-01 1.759152499999999952e-01 1.858183340000000017e-01 3.551282740000000215e-01 3.860277699999999923e-01 1.140587700000000038e-01 1.400620679999999840e-01 2.095163439999999933e-01 2.716992059999999709e-01 2.382244760000000183e-01 2.178352320000000175e-01 1.918668119999999977e-01 0.000000000000000000e+00 3.281742039999999694e-01 4.528898179999999440e-01 3.422276720000000383e-01 4.535941120000000493e-01 5.205199539999999514e-01 2.622775340000000344e-01 1.934860699999999822e-01
2.191921639999999949e-01 2.491888519999999885e-01 2.126458559999999665e-01 2.154170780000000396e-01 2.139675160000000242e-01 2.370678700000000139e-01 2.584773719999999830e-01 2.482932260000000058e-01 1.835897040000000202e-01 2.380149579999999987e-01 2.511673899999999904e-01 2.675513379999999719e-01 1.832971680000000103e-01 2.050886560000000358e-01 3.281742039999999694e-01 0.000000000000000000e+00 2.170990780000000286e-01 3.765053660000000635e-01 4.281262459999999881e-01 3.571919920000000692e-01 2.277741179999999976e-01 2.693645880000000159e-01
2.076691380000000309e-01 2.374559239999999849e-01 1.994315200000000010e-01 1.985771739999999952e-01 2.197458560000000172e-01 2.228216980000000125e-01 1.799119600000000097e-01 1.827076880000000070e-01 2.562328739999999994e-01 2.118110099999999940e-01 2.450264380000000131e-01 2.350164260000000005e-01 2.214225080000000179e-01 1.887246260000000064e-01 4.528898179999999440e-01 2.170990780000000286e-01 0.000000000000000000e+00 2.385775039999999958e-01 7.135944299999998908e-01 2.248426199999999930e-01 3.418562180000000450e-01 1.971005499999999855e-01
2.935924339999999577e-01 2.525362280000000292e-01 2.919936539999999914e-01 2.851186359999999809e-01 1.924725439999999954e-01 2.952124660000000067e-01 3.414472900000000144e-01 2.135221500000000217e-01 2.166184819999999733e-01 1.916251599999999888e-01 3.127434559999999752e-01 2.482830599999999721e-01 3.020327420000000207e-01 2.563012800000000202e-01 3.422276720000000383e-01 3.765053660000000635e-01 2.385775039999999958e-01 0.000000000000000000e+00 1.985853380000000279e-01 5.888971780000000766e-01 2.463525160000000214e-01 2.706571560000000654e-01
1.704664519999999905e-01 1.358459580000000166e-01 3.015218080000000023e-01 1.292795280000000047e-01 1.623288360000000041e-01 1.879690539999999965e-01 3.039424219999999899e-01 2.104014700000000349e-01 2.444689380000000245e-01 2.805900719999999682e-01 2.887398460000000222e-01 2.055228480000000357e-01 2.469716179999999761e-01 1.448635540000000055e-01 4.535941120000000493e-01 4.281262459999999881e-01 7.135944299999998908e-01 1.985853380000000279e-01 0.000000000000000000e+00 2.978622720000000390e-01 3.207825459999999462e-01 1.431685520000000045e-01
2.975753239999999744e-01 2.538851180000000207e-01 2.558228500000000460e-01 3.488839800000000380e-01 1.834124039999999733e-01 2.523392660000000065e-01 3.857293379999999772e-01 3.412203560000000024e-01 3.033975500000000158e-01 1.836851760000000056e-01 2.902614639999999691e-01 4.276873120000000417e-01 2.481438199999999872e-01 2.529767800000000122e-01 5.205199539999999514e-01 3.571919920000000692e-01 2.248426199999999930e-01 5.888971780000000766e-01 2.978622720000000390e-01 0.000000000000000000e+00 1.985449140000000168e-01 2.493222719999999837e-01
2.058021580000000128e-01 1.676048199999999877e-01 7.605611139999999271e-01 3.403772420000000243e-01 2.130136600000000213e-01 2.924384100000000375e-01 5.273956339999998910e-01 2.688333680000000170e-01 4.175182080000000018e-01 6.546786599999999678e-01 8.115743559999998302e-01 3.036417040000000123e-01 7.892356800000001060e-01 3.092513420000000401e-01 2.622775340000000344e-01 2.277741179999999976e-01 3.418562180000000450e-01 2.463525160000000214e-01 3.207825459999999462e-01 1.985449140000000168e-01 0.000000000000000000e+00 5.071614859999999947e-01
3.051472320000000460e-01 2.953908479999999837e-01 4.551607540000000007e-01 5.478792279999999959e-01 2.896897979999999984e-01 2.079226880000000222e-01 4.619490400000000330e-01 6.611160059999999783e-01 5.599652819999999531e-01 4.321277880000000127e-01 4.682423339999999823e-01 5.819314939999999936e-01 4.353031419999999763e-01 5.157751659999999516e-01 1.934860699999999822e-01 2.693645880000000159e-01 1.971005499999999855e-01 2.706571560000000654e-01 1.431685520000000045e-01 2.493222719999999837e-01 5.071614859999999947e-01 0.000000000000000000e+00
