0.000000000000000000e+00 7.386900779999999722e-01 5.226133299999999871e-01 5.592171980000000264e-01 7.618321740000000286e-01 9.088052159999999713e-01 1.394645699999999822e-01 1.449588400000000055e-01 1.815325900000000214e-01 1.847200920000000024e-01 1.886661140000000236e-01 7.490361999999999021e-02 2.118207000000000007e-01 1.123248040000000281e-01 7.946722800000001474e-02 1.412068179999999840e-01 1.115967879999999884e-01 7.863731000000000193e-02 9.429494800000001731e-02 1.189028899999999833e-01 2.300462060000000031e-01 1.847627619999999971e-01
7.386900779999999722e-01 0.000000000000000000e+00 5.387040720000000338e-01 5.082704019999999545e-01 8.954214099999999732e-01 7.157390380000000496e-01 1.311665160000000108e-01 1.487268420000000257e-01 1.899322079999999635e-01 1.689791300000000052e-01 1.793671179999999921e-01 1.046848320000000054e-01 2.099537979999999970e-01 1.443936020000000098e-01 5.270643800000000129e-02 1.137947279999999839e-01 1.096631500000000009e-01 9.250001199999999257e-02 1.048828780000000266e-01 1.263875040000000116e-01 2.270517999999999981e-01 1.671350659999999988e-01
5.226133299999999871e-01 5.387040720000000338e-01 0.000000000000000000e+00 5.977575259999999835e-01 5.476533519999999822e-01 5.291495260000000922e-01 4.620629260000000404e-01 3.555993780000000215e-01 5.679894640000000550e-01 4.961202079999999515e-01 6.439219320000000302e-01 3.018348920000000213e-01 6.429438880000000189e-01 2.728565619999999692e-01 2.095240519999999884e-01 9.673504400000002001e-02 1.228412640000000194e-01 9.193558800000001252e-02 1.383530359999999848e-01 2.099015179999999814e-01 6.395804000000000489e-01 5.616075620000000601e-01
5.592171980000000264e-01 5.082704019999999545e-01 5.977575259999999835e-01 0.000000000000000000e+00 5.135633719999999069e-01 5.458035640000000743e-01 3.547128640000000166e-01 5.169163759999999552e-01 5.183694819999999925e-01 5.989444640000000097e-01 4.371173459999999622e-01 5.793824740000000917e-01 4.289033400000000218e-01 5.505105999999999611e-01 9.094513799999999482e-02 1.613396400000000064e-01 9.326130800000000109e-02 8.671165799999999702e-02 1.014617099999999966e-01 2.418362159999999927e-01 5.215627139999999828e-01 5.916707820000000062e-01
7.618321740000000286e-01 8.954214099999999732e-01 5.476533519999999822e-01 5.135633719999999069e-01 0.000000000000000000e+00 7.610168940000000548e-01 1.307775059999999878e-01 1.321387940000000039e-01 1.872670879999999982e-01 1.645446460000000166e-01 1.729498599999999831e-01 1.017971640000000094e-01 2.136896140000000277e-01 1.349793340000000064e-01 7.025211199999999157e-02 1.104681959999999907e-01 1.073320140000000034e-01 7.622241999999998519e-02 9.864529800000000626e-02 1.224483540000000231e-01 2.280474640000000330e-01 1.768843900000000025e-01
9.088052159999999713e-01 7.157390380000000496e-01 5.291495260000000922e-01 5.458035640000000743e-01 7.610168940000000548e-01 0.000000000000000000e+00 1.244789219999999919e-01 1.279241839999999963e-01 1.637204399999999949e-01 1.852984159999999936e-01 1.855248999999999926e-01 7.625136000000000414e-02 2.062467739999999661e-01 1.089434299999999939e-01 8.549938400000001160e-02 1.355811580000000072e-01 9.623958600000000196e-02 9.032587400000000044e-02 9.185562200000001176e-02 1.031054179999999904e-01 2.236403020000000130e-01 1.769769419999999704e-01
1.394645699999999822e-01 1.311665160000000108e-01 4.620629260000000404e-01 3.547128640000000166e-01 1.307775059999999878e-01 1.244789219999999919e-01 0.000000000000000000e+00 5.062868179999999718e-01 4.979626340000000151e-01 4.889204559999999478e-01 5.530623880000000714e-01 3.474560640000000644e-01 4.864784699999999407e-01 3.207309420000000189e-01 5.733759959999999989e-01 3.041207499999999953e-01 1.790473800000000060e-01 1.485645139999999809e-01 2.116095159999999975e-01 4.248302979999999951e-01 5.194629179999999957e-01 4.948063979999999806e-01
1.449588400000000055e-01 1.487268420000000257e-01 3.555993780000000215e-01 5.169163759999999552e-01 1.321387940000000039e-01 1.279241839999999963e-01 5.062868179999999718e-01 0.000000000000000000e+00 5.132684019999999014e-01 5.876994300000000226e-01 4.238685640000000032e-01 6.020912519999999102e-01 3.695319140000000169e-01 5.193580320000000805e-01 1.465924479999999863e-01 4.711043619999999987e-01 1.107426980000000005e-01 1.239013659999999850e-01 2.307337920000000209e-01 3.471071740000000183e-01 4.545224920000000002e-01 5.856489520000000004e-01
1.815325900000000214e-01 1.899322079999999635e-01 5.679894640000000550e-01 5.183694819999999925e-01 1.872670879999999982e-01 1.637204399999999949e-01 4.979626340000000151e-01 5.132684019999999014e-01 0.000000000000000000e+00 5.446043640000000075e-01 6.451533739999999462e-01 4.780601139999999805e-01 7.139276919999999471e-01 4.342726540000000357e-01 1.863046659999999799e-01 1.490675459999999952e-01 5.761539000000000244e-02 8.590105600000000341e-02 1.070945000000000091e-01 2.619815100000000285e-01 6.804903060000000448e-01 6.825633279999999692e-01
1.847200920000000024e-01 1.689791300000000052e-01 4.961202079999999515e-01 5.989444640000000097e-01 1.645446460000000166e-01 1.852984159999999936e-01 4.889204559999999478e-01 5.876994300000000226e-01 5.446043640000000075e-01 0.000000000000000000e+00 5.598856380000000188e-01 6.309198479999998943e-01 5.142341139999999644e-01 7.140364879999999692e-01 1.443055900000000114e-01 2.601286239999999750e-01 1.023598640000000087e-01 9.510745999999999090e-02 1.310926760000000191e-01 2.887864700000000173e-01 6.474531239999998800e-01 6.808885299999999363e-01
1.886661140000000236e-01 1.793671179999999921e-01 6.439219320000000302e-01 4.371173459999999622e-01 1.729498599999999831e-01 1.855248999999999926e-01 5.530623880000000714e-01 4.238685640000000032e-01 6.451533739999999462e-01 5.598856380000000188e-01 0.000000000000000000e+00 3.703899919999999457e-01 8.153845479999999313e-01 3.185004439999999937e-01 2.123361120000000213e-01 1.208817939999999869e-01 7.398174799999998608e-02 7.291875000000000440e-02 1.175033560000000171e-01 2.011092899999999961e-01 7.883355260000000087e-01 6.676491900000000035e-01
7.490361999999999021e-02 1.046848320000000054e-01 3.018348920000000213e-01 5.793824740000000917e-01 1.017971640000000094e-01 7.625136000000000414e-02 3.474560640000000644e-01 6.020912519999999102e-01 4.780601139999999805e-01 6.309198479999998943e-01 3.703899919999999457e-01 0.000000000000000000e+00 3.267251279999999758e-01 6.853728880000000689e-01 9.234140600000000088e-02 2.059847399999999717e-01 9.908735000000000459e-02 1.075549539999999943e-01 1.008996699999999969e-01 2.550108199999999714e-01 4.392084580000000793e-01 5.906300820000000007e-01
2.118207000000000007e-01 2.099537979999999970e-01 6.429438880000000189e-01 4.289033400000000218e-01 2.136896140000000277e-01 2.062467739999999661e-01 4.864784699999999407e-01 3.695319140000000169e-01 7.139276919999999471e-01 5.142341139999999644e-01 8.153845479999999313e-01 3.267251279999999758e-01 0.000000000000000000e+00 2.933785500000000157e-01 1.599852659999999871e-01 9.828970400000000551e-02 7.467911600000000372e-02 1.038519460000000005e-01 1.116846859999999914e-01 1.683087440000000101e-01 7.410864000000000340e-01 6.140874039999999479e-01
1.123248040000000281e-01 1.443936020000000098e-01 2.728565619999999692e-01 5.505105999999999611e-01 1.349793340000000064e-01 1.089434299999999939e-01 3.207309420000000189e-01 5.193580320000000805e-01 4.342726540000000357e-01 7.140364879999999692e-01 3.185004439999999937e-01 6.853728880000000689e-01 2.933785500000000157e-01 0.000000000000000000e+00 7.808751599999999571e-02 2.065659959999999740e-01 1.279620300000000044e-01 8.825663799999999837e-02 1.136325379999999913e-01 2.369358919999999813e-01 4.029433900000000124e-01 5.301485820000000349e-01
7.946722800000001474e-02 5.270643800000000129e-02 2.095240519999999884e-01 9.094513799999999482e-02 7.025211199999999157e-02 8.549938400000001160e-02 5.733759959999999989e-01 1.465924479999999863e-01 1.863046659999999799e-01 1.443055900000000114e-01 2.123361120000000213e-01 9.234140600000000088e-02 1.599852659999999871e-01 7.808751599999999571e-02 0.000000000000000000e+00 1.365985239999999989e-01 1.321478380000000175e-01 1.374950940000000121e-01 1.403979200000000094e-01 2.414371200000000051e-01 1.643841279999999905e-01 1.192033659999999912e-01
1.412068179999999840e-01 1.137947279999999839e-01 9.673504400000002001e-02 1.613396400000000064e-01 1.104681959999999907e-01 1.355811580000000072e-01 3.041207499999999953e-01 4.711043619999999987e-01 1.490675459999999952e-01 2.601286239999999750e-01 1.208817939999999869e-01 2.059847399999999717e-01 9.828970400000000551e-02 2.065659959999999740e-01 1.365985239999999989e-01 0.000000000000000000e+00 1.295008259999999856e-01 2.048554260000000071e-01 2.055435720000000077e-01 2.941132899999999717e-01 1.265981519999999916e-01 1.729594860000000234e-01
1.115967879999999884e-01 1.096631500000000009e-01 1.228412640000000194e-01 9.326130800000000109e-02 1.073320140000000034e-01 9.623958600000000196e-02 1.790473800000000060e-01 1.107426980000000005e-01 5.761539000000000244e-02 1.023598640000000087e-01 7.398174799999998608e-02 9.908735000000000459e-02 7.467911600000000372e-02 1.279620300000000044e-01 1.321478380000000175e-01 1.295008259999999856e-01 0.000000000000000000e+00 1.351869460000000023e-01 8.718994499999999093e-01 2.098143500000000383e-01 9.234786999999999857e-02 9.318186999999999998e-02
7.863731000000000193e-02 9.250001199999999257e-02 9.193558800000001252e-02 8.671165799999999702e-02 7.622241999999998519e-02 9.032587400000000044e-02 1.485645139999999809e-01 1.239013659999999850e-01 8.590105600000000341e-02 9.510745999999999090e-02 7.291875000000000440e-02 1.075549539999999943e-01 1.038519460000000005e-01 8.825663799999999837e-02 1.374950940000000121e-01 2.048554260000000071e-01 1.351869460000000023e-01 0.000000000000000000e+00 1.491608160000000016e-01 6.851361599999999941e-01 7.846531400000000822e-02 1.065605439999999932e-01
9.429494800000001731e-02 1.048828780000000266e-01 1.383530359999999848e-01 1.014617099999999966e-01 9.864529800000000626e-02 9.185562200000001176e-02 2.116095159999999975e-01 2.307337920000000209e-01 1.070945000000000091e-01 1.310926760000000191e-01 1.175033560000000171e-01 1.008996699999999969e-01 1.116846859999999914e-01 1.136325379999999913e-01 1.403979200000000094e-01 2.055435720000000077e-01 8.718994499999999093e-01 1.491608160000000016e-01 0.000000000000000000e+00 2.203400980000000120e-01 1.241801039999999856e-01 1.450505759999999866e-01
1.189028899999999833e-01 1.263875040000000116e-01 2.099015179999999814e-01 2.418362159999999927e-01 1.224483540000000231e-01 1.031054179999999904e-01 4.248302979999999951e-01 3.471071740000000183e-01 2.619815100000000285e-01 2.887864700000000173e-01 2.011092899999999961e-01 2.550108199999999714e-01 1.683087440000000101e-01 2.369358919999999813e-01 2.414371200000000051e-01 2.941132899999999717e-01 2.098143500000000383e-01 6.851361599999999941e-01 2.203400980000000120e-01 0.000000000000000000e+00 2.229927580000000131e-01 2.776153239999999967e-01
2.300462060000000031e-01 2.270517999999999981e-01 6.395804000000000489e-01 5.215627139999999828e-01 2.280474640000000330e-01 2.236403020000000130e-01 5.194629179999999957e-01 4.545224920000000002e-01 6.804903060000000448e-01 6.474531239999998800e-01 7.883355260000000087e-01 4.392084580000000793e-01 7.410864000000000340e-01 4.029433900000000124e-01 1.643841279999999905e-01 1.265981519999999916e-01 9.234786999999999857e-02 7.846531400000000822e-02 1.241801039999999856e-01 2.229927580000000131e-01 0.000000000000000000e+00 7.698367299999999691e-01
1.847627619999999971e-01 1.671350659999999988e-01 5.616075620000000601e-01 5.916707820000000062e-01 1.768843900000000025e-01 1.769769419999999704e-01 4.948063979999999806e-01 5.856489520000000004e-01 6.825633279999999692e-01 6.808885299999999363e-01 6.676491900000000035e-01 5.906300820000000007e-01 6.140874039999999479e-01 5.301485820000000349e-01 1.192033659999999912e-01 1.729594860000000234e-01 9.318186999999999998e-02 1.065605439999999932e-01 1.450505759999999866e-01 2.776153239999999967e-01 7.698367299999999691e-01 0.000000000000000000e+00
