0.000000000000000000e+00 2.248508939999999678e-01 1.681208220000000031e-01 2.790643060000000397e-01 2.533555880000000204e-01 6.791741620000000257e-01 1.726699800000000284e-01 1.859792540000000105e-01 3.009634120000000412e-01 2.023167379999999960e-01 2.462608760000000174e-01 2.548316899999999996e-01 1.786721199999999898e-01 2.243452099999999894e-01 2.478337279999999754e-01 3.371486799999999784e-01 2.019843320000000164e-01 4.109798759999999662e-01 2.163507759999999946e-01 4.581152179999999907e-01 1.929065460000000398e-01 2.404980060000000142e-01
2.248508939999999678e-01 0.000000000000000000e+00 2.164651860000000316e-01 3.408857779999999726e-01 5.579166300000000245e-01 2.969115660000000156e-01 1.681216339999999920e-01 2.356364819999999527e-01 3.592461160000000042e-01 2.864703819999999679e-01 1.971716760000000179e-01 3.060815540000000334e-01 2.971792759999999367e-01 2.977159879999999870e-01 1.281051839999999831e-01 2.644599400000000045e-01 2.400016539999999809e-01 2.154949419999999949e-01 2.758523579999999642e-01 2.033799020000000013e-01 1.767127680000000201e-01 3.663969019999999688e-01
1.681208220000000031e-01 2.164651860000000316e-01 0.000000000000000000e+00 3.312013839999999876e-01 2.101500480000000337e-01 2.269229020000000097e-01 3.870362980000000008e-01 2.420596999999999888e-01 3.696084840000000149e-01 6.246640479999999718e-01 7.822544319999999995e-01 2.609923100000000051e-01 6.817946420000000618e-01 2.007421239999999663e-01 2.669726199999999938e-01 4.169214119999999357e-01 2.996434940000000102e-01 2.433240240000000276e-01 2.904263380000000061e-01 2.012133140000000042e-01 6.878308560000000460e-01 3.390165459999999742e-01
2.790643060000000397e-01 3.408857779999999726e-01 3.312013839999999876e-01 0.000000000000000000e+00 2.089412519999999662e-01 2.940107060000000105e-01 2.656807399999999708e-01 5.435629359999999410e-01 5.196454980000000390e-01 2.590077359999999884e-01 2.828301579999999982e-01 6.525671499999999847e-01 3.204153680000000337e-01 5.618999440000000956e-01 2.641409659999999771e-01 2.713170120000000241e-01 2.584715899999999733e-01 3.039139679999999788e-01 2.968862359999999700e-01 3.326996880000000489e-01 2.596854599999999791e-01 5.376490080000000393e-01
2.533555880000000204e-01 5.579166300000000245e-01 2.101500480000000337e-01 2.089412519999999662e-01 0.000000000000000000e+00 2.940572080000000144e-01 1.714407939999999797e-01 3.039955100000000243e-01 2.380845279999999620e-01 2.204958039999999619e-01 1.926062300000000171e-01 2.580271379999999892e-01 2.153757919999999826e-01 1.958181019999999939e-01 1.980509579999999992e-01 1.607716100000000092e-01 1.757893819999999940e-01 1.732680419999999832e-01 1.881009519999999879e-01 1.315375820000000140e-01 2.122608759999999872e-01 2.476610700000000109e-01
6.791741620000000257e-01 2.969115660000000156e-01 2.269229020000000097e-01 2.940107060000000105e-01 2.940572080000000144e-01 0.000000000000000000e+00 2.611468439999999891e-01 2.117225959999999851e-01 3.122281440000000408e-01 2.613574040000000154e-01 2.951377400000000373e-01 2.437410060000000378e-01 2.383268779999999920e-01 2.952884259999999927e-01 2.489241139999999741e-01 2.448013800000000129e-01 2.705350460000000012e-01 2.777442079999999924e-01 2.527517199999999575e-01 3.586036039999999647e-01 3.107071760000000293e-01 2.834231480000000136e-01
1.726699800000000284e-01 1.681216339999999920e-01 3.870362980000000008e-01 2.656807399999999708e-01 1.714407939999999797e-01 2.611468439999999891e-01 0.000000000000000000e+00 2.320858100000000035e-01 2.656087460000000067e-01 3.862624760000000212e-01 4.821247420000000505e-01 2.004539559999999887e-01 4.128839020000000248e-01 3.346530400000000127e-01 5.255753199999999570e-01 3.502608759999999988e-01 4.121427779999999319e-01 3.524732219999999749e-01 4.605651499999999787e-01 4.352955859999999566e-01 3.608722039999999742e-01 2.888573280000000243e-01
1.859792540000000105e-01 2.356364819999999527e-01 2.420596999999999888e-01 5.435629359999999410e-01 3.039955100000000243e-01 2.117225959999999851e-01 2.320858100000000035e-01 0.000000000000000000e+00 4.677173019999999459e-01 2.274591040000000230e-01 1.525644140000000093e-01 6.516088540000000151e-01 2.188602819999999893e-01 4.543027279999999335e-01 2.495872799999999947e-01 2.761442159999999979e-01 2.274907220000000341e-01 2.002219080000000040e-01 2.758879360000000003e-01 3.459735200000000344e-01 1.628547559999999894e-01 4.133769359999999726e-01
3.009634120000000412e-01 3.592461160000000042e-01 3.696084840000000149e-01 5.196454980000000390e-01 2.380845279999999620e-01 3.122281440000000408e-01 2.656087460000000067e-01 4.677173019999999459e-01 0.000000000000000000e+00 3.750041439999999837e-01 3.786094279999999701e-01 5.618767500000000359e-01 3.244485959999999780e-01 3.739686620000000628e-01 2.344871420000000095e-01 2.618485859999999943e-01 2.641376639999999942e-01 2.882103779999999893e-01 2.419343280000000040e-01 2.858494759999999912e-01 2.964222619999999919e-01 4.250804099999999641e-01
2.023167379999999960e-01 2.864703819999999679e-01 6.246640479999999718e-01 2.590077359999999884e-01 2.204958039999999619e-01 2.613574040000000154e-01 3.862624760000000212e-01 2.274591040000000230e-01 3.750041439999999837e-01 0.000000000000000000e+00 5.822337519999999378e-01 3.626905739999999878e-01 6.107198360000000159e-01 2.256812680000000459e-01 2.747251720000000175e-01 3.210025719999999305e-01 1.663488399999999978e-01 2.138609060000000173e-01 2.139352339999999741e-01 1.796250500000000083e-01 5.564074399999999754e-01 2.244328259999999742e-01
2.462608760000000174e-01 1.971716760000000179e-01 7.822544319999999995e-01 2.828301579999999982e-01 1.926062300000000171e-01 2.951377400000000373e-01 4.821247420000000505e-01 1.525644140000000093e-01 3.786094279999999701e-01 5.822337519999999378e-01 0.000000000000000000e+00 1.803078279999999756e-01 7.568438800000000244e-01 2.585490020000000277e-01 3.111966400000000244e-01 3.971234680000000350e-01 3.070491219999999521e-01 2.855862640000000341e-01 3.407886039999999950e-01 2.624055060000000106e-01 7.418983619999999224e-01 3.418209480000000133e-01
2.548316899999999996e-01 3.060815540000000334e-01 2.609923100000000051e-01 6.525671499999999847e-01 2.580271379999999892e-01 2.437410060000000378e-01 2.004539559999999887e-01 6.516088540000000151e-01 5.618767500000000359e-01 3.626905739999999878e-01 1.803078279999999756e-01 0.000000000000000000e+00 2.799203400000000452e-01 4.688972299999999427e-01 1.742632560000000053e-01 2.939492919999999732e-01 1.839983779999999902e-01 3.401660759999999284e-01 2.020908480000000174e-01 3.375112259999999975e-01 1.308256720000000040e-01 4.962958060000000060e-01
1.786721199999999898e-01 2.971792759999999367e-01 6.817946420000000618e-01 3.204153680000000337e-01 2.153757919999999826e-01 2.383268779999999920e-01 4.128839020000000248e-01 2.188602819999999893e-01 3.244485959999999780e-01 6.107198360000000159e-01 7.568438800000000244e-01 2.799203400000000452e-01 0.000000000000000000e+00 3.118631360000000408e-01 3.514206859999999821e-01 4.043754880000000052e-01 3.307048599999999894e-01 3.002214819999999285e-01 3.620582920000000593e-01 3.164220420000000145e-01 7.218076480000000794e-01 2.935733919999999886e-01
2.243452099999999894e-01 2.977159879999999870e-01 2.007421239999999663e-01 5.618999440000000956e-01 1.958181019999999939e-01 2.952884259999999927e-01 3.346530400000000127e-01 4.543027279999999335e-01 3.739686620000000628e-01 2.256812680000000459e-01 2.585490020000000277e-01 4.688972299999999427e-01 3.118631360000000408e-01 0.000000000000000000e+00 2.441008479999999814e-01 3.061321799999999760e-01 2.205289960000000049e-01 2.624568480000000203e-01 2.703805060000000204e-01 2.320198400000000327e-01 1.860538860000000017e-01 4.383119719999999941e-01
2.478337279999999754e-01 1.281051839999999831e-01 2.669726199999999938e-01 2.641409659999999771e-01 1.980509579999999992e-01 2.489241139999999741e-01 5.255753199999999570e-01 2.495872799999999947e-01 2.344871420000000095e-01 2.747251720000000175e-01 3.111966400000000244e-01 1.742632560000000053e-01 3.514206859999999821e-01 2.441008479999999814e-01 0.000000000000000000e+00 3.605793240000000344e-01 5.684862859999999518e-01 4.054082339999999784e-01 5.701204159999999632e-01 5.653534319999999891e-01 3.966942580000000218e-01 3.152583979999999952e-01
3.371486799999999784e-01 2.644599400000000045e-01 4.169214119999999357e-01 2.713170120000000241e-01 1.607716100000000092e-01 2.448013800000000129e-01 3.502608759999999988e-01 2.761442159999999979e-01 2.618485859999999943e-01 3.210025719999999305e-01 3.971234680000000350e-01 2.939492919999999732e-01 4.043754880000000052e-01 3.061321799999999760e-01 3.605793240000000344e-01 0.000000000000000000e+00 3.854075559999999845e-01 5.196783019999999809e-01 4.934843520000000150e-01 4.652828859999999511e-01 3.099354720000000452e-01 3.913309039999999794e-01
2.019843320000000164e-01 2.400016539999999809e-01 2.996434940000000102e-01 2.584715899999999733e-01 1.757893819999999940e-01 2.705350460000000012e-01 4.121427779999999319e-01 2.274907220000000341e-01 2.641376639999999942e-01 1.663488399999999978e-01 3.070491219999999521e-01 1.839983779999999902e-01 3.307048599999999894e-01 2.205289960000000049e-01 5.684862859999999518e-01 3.854075559999999845e-01 0.000000000000000000e+00 1.916552760000000133e-01 8.957017419999999674e-01 3.286568519999999993e-01 2.803143640000000381e-01 1.749623680000000070e-01
4.109798759999999662e-01 2.154949419999999949e-01 2.433240240000000276e-01 3.039139679999999788e-01 1.732680419999999832e-01 2.777442079999999924e-01 3.524732219999999749e-01 2.002219080000000040e-01 2.882103779999999893e-01 2.138609060000000173e-01 2.855862640000000341e-01 3.401660759999999284e-01 3.002214819999999285e-01 2.624568480000000203e-01 4.054082339999999784e-01 5.196783019999999809e-01 1.916552760000000133e-01 0.000000000000000000e+00 3.103976139999999329e-01 7.218324279999999149e-01 2.426617519999999806e-01 3.992333980000000171e-01
2.163507759999999946e-01 2.758523579999999642e-01 2.904263380000000061e-01 2.968862359999999700e-01 1.881009519999999879e-01 2.527517199999999575e-01 4.605651499999999787e-01 2.758879360000000003e-01 2.419343280000000040e-01 2.139352339999999741e-01 3.407886039999999950e-01 2.020908480000000174e-01 3.620582920000000593e-01 2.703805060000000204e-01 5.701204159999999632e-01 4.934843520000000150e-01 8.957017419999999674e-01 3.103976139999999329e-01 0.000000000000000000e+00 3.907752440000000216e-01 2.649149279999999385e-01 2.338874100000000456e-01
4.581152179999999907e-01 2.033799020000000013e-01 2.012133140000000042e-01 3.326996880000000489e-01 1.315375820000000140e-01 3.586036039999999647e-01 4.352955859999999566e-01 3.459735200000000344e-01 2.858494759999999912e-01 1.796250500000000083e-01 2.624055060000000106e-01 3.375112259999999975e-01 3.164220420000000145e-01 2.320198400000000327e-01 5.653534319999999891e-01 4.652828859999999511e-01 3.286568519999999993e-01 7.218324279999999149e-01 3.907752440000000216e-01 0.000000000000000000e+00 2.732947560000000276e-01 3.497462779999999660e-01
1.929065460000000398e-01 1.767127680000000201e-01 6.878308560000000460e-01 2.596854599999999791e-01 2.122608759999999872e-01 3.107071760000000293e-01 3.608722039999999742e-01 1.628547559999999894e-01 2.964222619999999919e-01 5.564074399999999754e-01 7.418983619999999224e-01 1.308256720000000040e-01 7.218076480000000794e-01 1.860538860000000017e-01 3.966942580000000218e-01 3.099354720000000452e-01 2.803143640000000381e-01 2.426617519999999806e-01 2.649149279999999385e-01 2.732947560000000276e-01 0.000000000000000000e+00 3.705874820000000236e-01
2.404980060000000142e-01 3.663969019999999688e-01 3.390165459999999742e-01 5.376490080000000393e-01 2.476610700000000109e-01 2.834231480000000136e-01 2.888573280000000243e-01 4.133769359999999726e-01 4.250804099999999641e-01 2.244328259999999742e-01 3.418209480000000133e-01 4.962958060000000060e-01 2.935733919999999886e-01 4.383119719999999941e-01 3.152583979999999952e-01 3.913309039999999794e-01 1.749623680000000070e-01 3.992333980000000171e-01 2.338874100000000456e-01 3.497462779999999660e-01 3.705874820000000236e-01 0.000000000000000000e+00
