0.000000000000000000e+00 4.931818099999999983e-01 1.221346760000000115e-01 3.442531239999999659e-01 5.136419580000000096e-01 8.579533740000000464e-01 1.167645940000000132e-01 1.193306900000000031e-01 1.336039900000000058e-01 1.085708759999999967e-01 1.015797399999999878e-01 1.370598239999999968e-01 9.560338199999998676e-02 1.164954519999999993e-01 1.094120600000000054e-01 6.217068199999999795e-02 4.362775800000000259e-02 7.784139399999999431e-02 3.360159399999999852e-02 9.903045400000000387e-02 7.510664200000000124e-02 1.104296160000000082e-01
4.931818099999999983e-01 0.000000000000000000e+00 2.302252300000000029e-01 2.717559940000000007e-01 7.992935879999999438e-01 4.173043940000000229e-01 1.040727800000000036e-01 6.341527599999999265e-02 1.105329880000000264e-01 9.242887199999999526e-02 9.170272599999999830e-02 1.223007239999999857e-01 8.174887399999999915e-02 9.751761600000000141e-02 1.162527260000000007e-01 6.835451200000000616e-02 5.741237200000000318e-02 6.474001399999999851e-02 5.644554799999999817e-02 6.410241399999999645e-02 7.882948999999998818e-02 1.068292259999999994e-01
1.221346760000000115e-01 2.302252300000000029e-01 0.000000000000000000e+00 4.210805479999999434e-01 2.729398279999999954e-01 1.137844279999999930e-01 2.270532620000000057e-01 1.980866340000000114e-01 5.098169959999999667e-01 3.412882879999999952e-01 6.998374180000000999e-01 2.966578260000000133e-01 6.838364359999999920e-01 2.463759420000000144e-01 1.244839519999999811e-01 6.979218199999999428e-02 1.222966819999999899e-01 1.234271939999999901e-01 1.637423620000000024e-01 1.285140499999999908e-01 6.276845680000000538e-01 5.035221699999999911e-01
3.442531239999999659e-01 2.717559940000000007e-01 4.210805479999999434e-01 0.000000000000000000e+00 2.955200500000000341e-01 3.224678440000000035e-01 1.584520279999999948e-01 3.378509840000000208e-01 4.311102639999999653e-01 3.364721339999999783e-01 3.598474079999999797e-01 5.268530860000000260e-01 3.435696699999999382e-01 4.514047779999999510e-01 8.980585400000000440e-02 9.031117200000000900e-02 1.089131619999999800e-01 1.278748120000000044e-01 1.267522899999999897e-01 1.502267279999999761e-01 3.087067239999999879e-01 4.606601519999999894e-01
5.136419580000000096e-01 7.992935879999999438e-01 2.729398279999999954e-01 2.955200500000000341e-01 0.000000000000000000e+00 5.015632979999999908e-01 1.054717240000000028e-01 1.162241120000000044e-01 9.942652800000000013e-02 9.008259200000000300e-02 1.141219159999999899e-01 1.345810459999999820e-01 1.129025439999999936e-01 9.234309999999998353e-02 1.009806280000000028e-01 7.371042200000001154e-02 5.098670599999999276e-02 5.944918200000000319e-02 5.395862799999999460e-02 7.462474799999999076e-02 9.702570800000000217e-02 8.789000599999999275e-02
8.579533740000000464e-01 4.173043940000000229e-01 1.137844279999999930e-01 3.224678440000000035e-01 5.015632979999999908e-01 0.000000000000000000e+00 1.117394680000000085e-01 1.494988540000000143e-01 1.493670639999999938e-01 1.072720600000000024e-01 1.360834699999999842e-01 1.689724260000000089e-01 1.204147259999999997e-01 1.539249800000000168e-01 8.058896399999999904e-02 3.783627800000000097e-02 6.203833399999999360e-02 8.546758999999998219e-02 6.974583199999999372e-02 9.682277400000000034e-02 1.004176979999999997e-01 1.506681819999999838e-01
1.167645940000000132e-01 1.040727800000000036e-01 2.270532620000000057e-01 1.584520279999999948e-01 1.054717240000000028e-01 1.117394680000000085e-01 0.000000000000000000e+00 5.070154980000000089e-01 2.677869880000000036e-01 2.182058960000000103e-01 2.537834660000000131e-01 1.361689640000000034e-01 2.178205999999999753e-01 1.672978860000000068e-01 5.197500439999999111e-01 5.136206139999999198e-01 5.901144099999999781e-01 5.352208540000000792e-01 6.326803319999999564e-01 6.285172260000000399e-01 1.646596979999999932e-01 1.896375879999999958e-01
1.193306900000000031e-01 6.341527599999999265e-02 1.980866340000000114e-01 3.378509840000000208e-01 1.162241120000000044e-01 1.494988540000000143e-01 5.070154980000000089e-01 0.000000000000000000e+00 3.293389639999999563e-01 3.097786900000000232e-01 2.272184479999999895e-01 3.316458660000000114e-01 1.880479320000000287e-01 2.959109839999999880e-01 3.585946740000000021e-01 5.731711379999999689e-01 4.517164219999999508e-01 4.992414359999999829e-01 4.878674119999999448e-01 5.792721800000000254e-01 1.745119400000000043e-01 3.330417559999999666e-01
1.336039900000000058e-01 1.105329880000000264e-01 5.098169959999999667e-01 4.311102639999999653e-01 9.942652800000000013e-02 1.493670639999999938e-01 2.677869880000000036e-01 3.293389639999999563e-01 0.000000000000000000e+00 2.290946120000000030e-01 5.482468380000000696e-01 4.004633280000000073e-01 6.023051959999999871e-01 3.411532099999999845e-01 1.544585019999999975e-01 7.884542800000000906e-02 8.690528200000000036e-02 1.154266159999999958e-01 1.238369720000000174e-01 1.129001320000000003e-01 4.734234479999999690e-01 5.103406899999999302e-01
1.085708759999999967e-01 9.242887199999999526e-02 3.412882879999999952e-01 3.364721339999999783e-01 9.008259200000000300e-02 1.072720600000000024e-01 2.182058960000000103e-01 3.097786900000000232e-01 2.290946120000000030e-01 0.000000000000000000e+00 3.917046120000000076e-01 3.610959779999999841e-01 3.732131759999999798e-01 5.617577839999999822e-01 1.503749280000000188e-01 1.913262079999999699e-01 9.792315199999998554e-02 1.077050400000000019e-01 1.268439560000000077e-01 1.404326359999999996e-01 4.239062320000000494e-01 3.963919839999999750e-01
1.015797399999999878e-01 9.170272599999999830e-02 6.998374180000000999e-01 3.598474079999999797e-01 1.141219159999999899e-01 1.360834699999999842e-01 2.537834660000000131e-01 2.272184479999999895e-01 5.482468380000000696e-01 3.917046120000000076e-01 0.000000000000000000e+00 3.573055640000000199e-01 8.266761859999999240e-01 3.133607620000000149e-01 1.009453240000000029e-01 8.710451599999999295e-02 1.024824000000000013e-01 9.119919800000000909e-02 1.378930979999999917e-01 9.901240799999998232e-02 6.721673660000000439e-01 5.638221559999999632e-01
1.370598239999999968e-01 1.223007239999999857e-01 2.966578260000000133e-01 5.268530860000000260e-01 1.345810459999999820e-01 1.689724260000000089e-01 1.361689640000000034e-01 3.316458660000000114e-01 4.004633280000000073e-01 3.610959779999999841e-01 3.573055640000000199e-01 0.000000000000000000e+00 3.447430859999999764e-01 5.769668259999999327e-01 6.272033800000000048e-02 8.928452199999999117e-02 1.420585740000000208e-01 1.623277739999999802e-01 1.593427799999999894e-01 1.650003539999999880e-01 3.204701260000000218e-01 5.386432240000000871e-01
9.560338199999998676e-02 8.174887399999999915e-02 6.838364359999999920e-01 3.435696699999999382e-01 1.129025439999999936e-01 1.204147259999999997e-01 2.178205999999999753e-01 1.880479320000000287e-01 6.023051959999999871e-01 3.732131759999999798e-01 8.266761859999999240e-01 3.447430859999999764e-01 0.000000000000000000e+00 2.958690720000000107e-01 1.031064599999999831e-01 9.714584000000001107e-02 1.268066479999999940e-01 1.111409539999999863e-01 1.615781679999999942e-01 1.099485140000000111e-01 6.753588459999999571e-01 5.324866679999999963e-01
1.164954519999999993e-01 9.751761600000000141e-02 2.463759420000000144e-01 4.514047779999999510e-01 9.234309999999998353e-02 1.539249800000000168e-01 1.672978860000000068e-01 2.959109839999999880e-01 3.411532099999999845e-01 5.617577839999999822e-01 3.133607620000000149e-01 5.769668259999999327e-01 2.958690720000000107e-01 0.000000000000000000e+00 9.020476800000001849e-02 5.678388999999998965e-02 1.684032639999999970e-01 1.434688780000000219e-01 1.626848299999999747e-01 1.688090819999999992e-01 2.431465220000000316e-01 3.955713660000000353e-01
1.094120600000000054e-01 1.162527260000000007e-01 1.244839519999999811e-01 8.980585400000000440e-02 1.009806280000000028e-01 8.058896399999999904e-02 5.197500439999999111e-01 3.585946740000000021e-01 1.544585019999999975e-01 1.503749280000000188e-01 1.009453240000000029e-01 6.272033800000000048e-02 1.031064599999999831e-01 9.020476800000001849e-02 0.000000000000000000e+00 3.997699860000000216e-01 5.879088580000000341e-01 3.951341879999999973e-01 5.132771219999999746e-01 4.793850980000000095e-01 7.184833200000000086e-02 8.933590999999999060e-02
6.217068199999999795e-02 6.835451200000000616e-02 6.979218199999999428e-02 9.031117200000000900e-02 7.371042200000001154e-02 3.783627800000000097e-02 5.136206139999999198e-01 5.731711379999999689e-01 7.884542800000000906e-02 1.913262079999999699e-01 8.710451599999999295e-02 8.928452199999999117e-02 9.714584000000001107e-02 5.678388999999998965e-02 3.997699860000000216e-01 0.000000000000000000e+00 5.814823319999999907e-01 7.281004519999999536e-01 6.392288539999999575e-01 7.270351979999999381e-01 1.223600020000000094e-01 1.248633039999999805e-01
4.362775800000000259e-02 5.741237200000000318e-02 1.222966819999999899e-01 1.089131619999999800e-01 5.098670599999999276e-02 6.203833399999999360e-02 5.901144099999999781e-01 4.517164219999999508e-01 8.690528200000000036e-02 9.792315199999998554e-02 1.024824000000000013e-01 1.420585740000000208e-01 1.268066479999999940e-01 1.684032639999999970e-01 5.879088580000000341e-01 5.814823319999999907e-01 0.000000000000000000e+00 5.969113719999998846e-01 9.381241140000000645e-01 6.785369660000000192e-01 1.430304440000000066e-01 1.418670559999999914e-01
7.784139399999999431e-02 6.474001399999999851e-02 1.234271939999999901e-01 1.278748120000000044e-01 5.944918200000000319e-02 8.546758999999998219e-02 5.352208540000000792e-01 4.992414359999999829e-01 1.154266159999999958e-01 1.077050400000000019e-01 9.119919800000000909e-02 1.623277739999999802e-01 1.111409539999999863e-01 1.434688780000000219e-01 3.951341879999999973e-01 7.281004519999999536e-01 5.969113719999998846e-01 0.000000000000000000e+00 6.422675620000000141e-01 8.771658780000001210e-01 1.501891460000000234e-01 1.753908659999999786e-01
3.360159399999999852e-02 5.644554799999999817e-02 1.637423620000000024e-01 1.267522899999999897e-01 5.395862799999999460e-02 6.974583199999999372e-02 6.326803319999999564e-01 4.878674119999999448e-01 1.238369720000000174e-01 1.268439560000000077e-01 1.378930979999999917e-01 1.593427799999999894e-01 1.615781679999999942e-01 1.626848299999999747e-01 5.132771219999999746e-01 6.392288539999999575e-01 9.381241140000000645e-01 6.422675620000000141e-01 0.000000000000000000e+00 7.191165280000000326e-01 1.777964160000000127e-01 1.744890379999999852e-01
9.903045400000000387e-02 6.410241399999999645e-02 1.285140499999999908e-01 1.502267279999999761e-01 7.462474799999999076e-02 9.682277400000000034e-02 6.285172260000000399e-01 5.792721800000000254e-01 1.129001320000000003e-01 1.404326359999999996e-01 9.901240799999998232e-02 1.650003539999999880e-01 1.099485140000000111e-01 1.688090819999999992e-01 4.793850980000000095e-01 7.270351979999999381e-01 6.785369660000000192e-01 8.771658780000001210e-01 7.191165280000000326e-01 0.000000000000000000e+00 1.550694720000000137e-01 1.722111439999999827e-01
7.510664200000000124e-02 7.882948999999998818e-02 6.276845680000000538e-01 3.087067239999999879e-01 9.702570800000000217e-02 1.004176979999999997e-01 1.646596979999999932e-01 1.745119400000000043e-01 4.734234479999999690e-01 4.239062320000000494e-01 6.721673660000000439e-01 3.204701260000000218e-01 6.753588459999999571e-01 2.431465220000000316e-01 7.184833200000000086e-02 1.223600020000000094e-01 1.430304440000000066e-01 1.501891460000000234e-01 1.777964160000000127e-01 1.550694720000000137e-01 0.000000000000000000e+00 6.890026959999999701e-01
1.104296160000000082e-01 1.068292259999999994e-01 5.035221699999999911e-01 4.606601519999999894e-01 8.789000599999999275e-02 1.506681819999999838e-01 1.896375879999999958e-01 3.330417559999999666e-01 5.103406899999999302e-01 3.963919839999999750e-01 5.638221559999999632e-01 5.386432240000000871e-01 5.324866679999999963e-01 3.955713660000000353e-01 8.933590999999999060e-02 1.248633039999999805e-01 1.418670559999999914e-01 1.753908659999999786e-01 1.744890379999999852e-01 1.722111439999999827e-01 6.890026959999999701e-01 0.000000000000000000e+00
