0.000000000000000000e+00 5.492685000000000484e-01 2.034243219999999908e-01 3.982163899999999757e-01 5.389998400000000078e-01 8.286757079999998998e-01 1.007763359999999941e-01 1.171468719999999852e-01 1.640538220000000158e-01 1.275385299999999833e-01 1.527278140000000173e-01 1.169476240000000000e-01 1.830119139999999978e-01 1.854617379999999871e-01 1.018590240000000202e-01 5.897895199999999422e-02 8.239917199999999275e-02 6.832871999999999557e-02 7.782658800000000210e-02 5.131020800000000298e-02 1.007634599999999991e-01 1.244933859999999975e-01
5.492685000000000484e-01 0.000000000000000000e+00 2.192395599999999722e-01 3.261771559999999681e-01 8.186346020000000445e-01 4.360451679999999830e-01 1.026016559999999994e-01 9.195009200000001104e-02 1.188797499999999924e-01 1.442277899999999946e-01 1.328560679999999938e-01 1.140058380000000121e-01 9.683615199999999479e-02 1.105042839999999804e-01 1.028955339999999968e-01 7.351509000000000515e-02 4.968239800000000261e-02 5.083298800000000256e-02 4.383470800000000694e-02 5.449050800000000694e-02 7.709692999999999408e-02 8.892190600000000889e-02
2.034243219999999908e-01 2.192395599999999722e-01 0.000000000000000000e+00 4.002981420000000234e-01 2.931090440000000408e-01 2.019122659999999791e-01 1.866610360000000024e-01 1.881930079999999950e-01 4.206787079999999568e-01 2.939902719999999969e-01 6.794674459999999749e-01 2.484041920000000236e-01 6.590165919999999566e-01 2.037139220000000195e-01 1.493135299999999721e-01 9.826826799999999196e-02 1.577115899999999848e-01 1.884947339999999971e-01 1.770677520000000227e-01 1.863893100000000302e-01 6.100055140000000264e-01 5.175109540000000230e-01
3.982163899999999757e-01 3.261771559999999681e-01 4.002981420000000234e-01 0.000000000000000000e+00 3.001723540000000301e-01 3.317735579999999684e-01 1.767904580000000114e-01 3.182618739999999447e-01 4.429537939999999563e-01 2.700853420000000615e-01 4.423565560000000119e-01 5.316665859999999411e-01 3.765292219999999968e-01 4.084075880000000436e-01 1.093362800000000218e-01 5.336961199999999683e-02 1.453794680000000117e-01 1.109303520000000098e-01 1.631966219999999856e-01 1.382263159999999880e-01 3.613821480000000141e-01 5.175259899999999913e-01
5.389998400000000078e-01 8.186346020000000445e-01 2.931090440000000408e-01 3.001723540000000301e-01 0.000000000000000000e+00 5.086667959999999766e-01 1.070012580000000019e-01 7.927762400000000487e-02 1.317559859999999916e-01 8.696863800000000089e-02 1.112766879999999847e-01 1.015989040000000038e-01 1.035236139999999860e-01 8.578933999999999171e-02 9.865602999999999179e-02 9.165106400000000431e-02 5.844496600000000097e-02 7.293718600000000107e-02 5.919275799999999810e-02 5.982299199999999845e-02 6.986157199999999678e-02 7.326461600000000463e-02
8.286757079999998998e-01 4.360451679999999830e-01 2.019122659999999791e-01 3.317735579999999684e-01 5.086667959999999766e-01 0.000000000000000000e+00 9.001989000000000518e-02 8.924212600000000495e-02 1.411933100000000163e-01 1.017987320000000029e-01 1.200099819999999873e-01 9.392523199999999739e-02 1.399609419999999771e-01 1.735212880000000235e-01 8.475568399999999780e-02 7.362312399999999812e-02 7.878791599999999951e-02 7.875029399999999846e-02 8.051158799999999505e-02 6.319054799999999916e-02 1.063602439999999927e-01 1.065515240000000086e-01
1.007763359999999941e-01 1.026016559999999994e-01 1.866610360000000024e-01 1.767904580000000114e-01 1.070012580000000019e-01 9.001989000000000518e-02 0.000000000000000000e+00 5.814336759999999549e-01 2.616703960000000273e-01 2.363796240000000104e-01 2.378701000000000010e-01 1.865500539999999929e-01 1.795951219999999959e-01 1.710215019999999642e-01 4.777021740000000349e-01 4.888399640000000157e-01 5.888814460000000306e-01 5.183889600000000097e-01 6.330036960000000601e-01 6.335687959999999341e-01 1.431066059999999696e-01 2.291800819999999794e-01
1.171468719999999852e-01 9.195009200000001104e-02 1.881930079999999950e-01 3.182618739999999447e-01 7.927762400000000487e-02 8.924212600000000495e-02 5.814336759999999549e-01 0.000000000000000000e+00 2.760853980000000374e-01 3.198427440000000677e-01 2.294969039999999738e-01 3.298092279999999543e-01 1.787028720000000126e-01 2.582175320000000274e-01 3.475628199999999945e-01 6.216187699999999872e-01 4.669212560000000067e-01 5.215856859999999928e-01 5.187448619999999178e-01 5.811083500000000512e-01 1.828575699999999971e-01 3.367131800000000008e-01
1.640538220000000158e-01 1.188797499999999924e-01 4.206787079999999568e-01 4.429537939999999563e-01 1.317559859999999916e-01 1.411933100000000163e-01 2.616703960000000273e-01 2.760853980000000374e-01 0.000000000000000000e+00 2.215192880000000086e-01 5.061897680000000399e-01 3.646869459999999563e-01 5.716077180000000979e-01 3.350245480000000331e-01 1.907919999999999894e-01 3.862678400000000428e-02 9.160638000000000114e-02 8.369586399999999482e-02 1.088977419999999918e-01 1.183565460000000069e-01 4.180649339999999436e-01 5.021432599999999802e-01
1.275385299999999833e-01 1.442277899999999946e-01 2.939902719999999969e-01 2.700853420000000615e-01 8.696863800000000089e-02 1.017987320000000029e-01 2.363796240000000104e-01 3.198427440000000677e-01 2.215192880000000086e-01 0.000000000000000000e+00 3.039184019999999764e-01 2.458374420000000171e-01 3.238978479999999882e-01 4.984371320000000050e-01 1.557966340000000172e-01 2.335179280000000135e-01 1.080017419999999839e-01 1.425879940000000234e-01 1.182385179999999869e-01 1.450327619999999818e-01 3.795211059999999970e-01 3.169344280000000458e-01
1.527278140000000173e-01 1.328560679999999938e-01 6.794674459999999749e-01 4.423565560000000119e-01 1.112766879999999847e-01 1.200099819999999873e-01 2.378701000000000010e-01 2.294969039999999738e-01 5.061897680000000399e-01 3.039184019999999764e-01 0.000000000000000000e+00 3.534148819999999858e-01 7.876922159999999451e-01 3.001949240000000296e-01 1.275484940000000122e-01 8.534154600000000424e-02 1.054091660000000125e-01 1.195040800000000125e-01 1.234108160000000065e-01 1.069927580000000072e-01 6.494134419999999519e-01 5.886223159999999233e-01
1.169476240000000000e-01 1.140058380000000121e-01 2.484041920000000236e-01 5.316665859999999411e-01 1.015989040000000038e-01 9.392523199999999739e-02 1.865500539999999929e-01 3.298092279999999543e-01 3.646869459999999563e-01 2.458374420000000171e-01 3.534148819999999858e-01 0.000000000000000000e+00 2.718725860000000272e-01 4.956608080000000638e-01 1.036423620000000156e-01 8.834398200000000145e-02 1.879547220000000185e-01 1.662001099999999842e-01 1.999864140000000012e-01 1.881795519999999999e-01 2.656737340000000502e-01 5.337689300000000303e-01
1.830119139999999978e-01 9.683615199999999479e-02 6.590165919999999566e-01 3.765292219999999968e-01 1.035236139999999860e-01 1.399609419999999771e-01 1.795951219999999959e-01 1.787028720000000126e-01 5.716077180000000979e-01 3.238978479999999882e-01 7.876922159999999451e-01 2.718725860000000272e-01 0.000000000000000000e+00 2.548749419999999932e-01 1.107133380000000084e-01 7.738925800000000244e-02 1.247119179999999911e-01 1.373203319999999894e-01 1.402842639999999919e-01 1.341746139999999976e-01 6.474678320000000209e-01 5.189594480000000454e-01
1.854617379999999871e-01 1.105042839999999804e-01 2.037139220000000195e-01 4.084075880000000436e-01 8.578933999999999171e-02 1.735212880000000235e-01 1.710215019999999642e-01 2.582175320000000274e-01 3.350245480000000331e-01 4.984371320000000050e-01 3.001949240000000296e-01 4.956608080000000638e-01 2.548749419999999932e-01 0.000000000000000000e+00 8.263373400000000035e-02 6.519539000000000584e-02 1.431668819999999953e-01 1.441445320000000196e-01 1.563168840000000170e-01 1.732306799999999980e-01 2.074262500000000065e-01 4.010585519999999571e-01
1.018590240000000202e-01 1.028955339999999968e-01 1.493135299999999721e-01 1.093362800000000218e-01 9.865602999999999179e-02 8.475568399999999780e-02 4.777021740000000349e-01 3.475628199999999945e-01 1.907919999999999894e-01 1.557966340000000172e-01 1.275484940000000122e-01 1.036423620000000156e-01 1.107133380000000084e-01 8.263373400000000035e-02 0.000000000000000000e+00 3.269351480000000088e-01 5.540595820000000504e-01 3.213314040000000427e-01 4.817987200000000136e-01 4.288451500000000083e-01 8.456400000000000028e-02 1.309220779999999973e-01
5.897895199999999422e-02 7.351509000000000515e-02 9.826826799999999196e-02 5.336961199999999683e-02 9.165106400000000431e-02 7.362312399999999812e-02 4.888399640000000157e-01 6.216187699999999872e-01 3.862678400000000428e-02 2.335179280000000135e-01 8.534154600000000424e-02 8.834398200000000145e-02 7.738925800000000244e-02 6.519539000000000584e-02 3.269351480000000088e-01 0.000000000000000000e+00 5.262961780000001699e-01 7.154896779999999623e-01 5.869531879999999591e-01 6.738368679999999777e-01 8.968972000000000055e-02 7.220414999999999472e-02
8.239917199999999275e-02 4.968239800000000261e-02 1.577115899999999848e-01 1.453794680000000117e-01 5.844496600000000097e-02 7.878791599999999951e-02 5.888814460000000306e-01 4.669212560000000067e-01 9.160638000000000114e-02 1.080017419999999839e-01 1.054091660000000125e-01 1.879547220000000185e-01 1.247119179999999911e-01 1.431668819999999953e-01 5.540595820000000504e-01 5.262961780000001699e-01 0.000000000000000000e+00 5.718337000000000003e-01 9.552699260000000470e-01 6.699841360000000634e-01 1.590794239999999971e-01 1.674899160000000164e-01
6.832871999999999557e-02 5.083298800000000256e-02 1.884947339999999971e-01 1.109303520000000098e-01 7.293718600000000107e-02 7.875029399999999846e-02 5.183889600000000097e-01 5.215856859999999928e-01 8.369586399999999482e-02 1.425879940000000234e-01 1.195040800000000125e-01 1.662001099999999842e-01 1.373203319999999894e-01 1.441445320000000196e-01 3.213314040000000427e-01 7.154896779999999623e-01 5.718337000000000003e-01 0.000000000000000000e+00 6.302422560000000562e-01 8.771010559999998790e-01 1.739190740000000068e-01 1.785563259999999874e-01
7.782658800000000210e-02 4.383470800000000694e-02 1.770677520000000227e-01 1.631966219999999856e-01 5.919275799999999810e-02 8.051158799999999505e-02 6.330036960000000601e-01 5.187448619999999178e-01 1.088977419999999918e-01 1.182385179999999869e-01 1.234108160000000065e-01 1.999864140000000012e-01 1.402842639999999919e-01 1.563168840000000170e-01 4.817987200000000136e-01 5.869531879999999591e-01 9.552699260000000470e-01 6.302422560000000562e-01 0.000000000000000000e+00 7.054232320000000112e-01 1.729229200000000355e-01 1.948999539999999864e-01
5.131020800000000298e-02 5.449050800000000694e-02 1.863893100000000302e-01 1.382263159999999880e-01 5.982299199999999845e-02 6.319054799999999916e-02 6.335687959999999341e-01 5.811083500000000512e-01 1.183565460000000069e-01 1.450327619999999818e-01 1.069927580000000072e-01 1.881795519999999999e-01 1.341746139999999976e-01 1.732306799999999980e-01 4.288451500000000083e-01 6.738368679999999777e-01 6.699841360000000634e-01 8.771010559999998790e-01 7.054232320000000112e-01 0.000000000000000000e+00 1.777815019999999802e-01 1.756659660000000067e-01
1.007634599999999991e-01 7.709692999999999408e-02 6.100055140000000264e-01 3.613821480000000141e-01 6.986157199999999678e-02 1.063602439999999927e-01 1.431066059999999696e-01 1.828575699999999971e-01 4.180649339999999436e-01 3.795211059999999970e-01 6.494134419999999519e-01 2.656737340000000502e-01 6.474678320000000209e-01 2.074262500000000065e-01 8.456400000000000028e-02 8.968972000000000055e-02 1.590794239999999971e-01 1.739190740000000068e-01 1.729229200000000355e-01 1.777815019999999802e-01 0.000000000000000000e+00 6.736391680000000104e-01
1.244933859999999975e-01 8.892190600000000889e-02 5.175109540000000230e-01 5.175259899999999913e-01 7.326461600000000463e-02 1.065515240000000086e-01 2.291800819999999794e-01 3.367131800000000008e-01 5.021432599999999802e-01 3.169344280000000458e-01 5.886223159999999233e-01 5.337689300000000303e-01 5.189594480000000454e-01 4.010585519999999571e-01 1.309220779999999973e-01 7.220414999999999472e-02 1.674899160000000164e-01 1.785563259999999874e-01 1.948999539999999864e-01 1.756659660000000067e-01 6.736391680000000104e-01 0.000000000000000000e+00
