0.000000000000000000e+00 7.022582720000000167e-01 5.013781700000000674e-01 5.819984059999999682e-01 7.463538659999999769e-01 9.102914200000000733e-01 1.725797800000000159e-01 1.608892120000000037e-01 2.432799840000000047e-01 2.278198379999999967e-01 1.719677799999999868e-01 1.661019280000000098e-01 2.029831500000000288e-01 1.824308920000000112e-01 1.133584959999999892e-01 1.188822159999999989e-01 1.477863520000000097e-01 6.100760000000000904e-02 1.541889740000000064e-01 1.234424679999999996e-01 1.768263699999999827e-01 2.326545600000000102e-01
7.022582720000000167e-01 0.000000000000000000e+00 5.515459400000000123e-01 5.330195620000000023e-01 8.689802639999999467e-01 6.777917399999999759e-01 1.544742159999999975e-01 1.447392279999999976e-01 2.372586720000000038e-01 2.200906779999999840e-01 2.033335159999999919e-01 1.678223739999999964e-01 2.217603019999999925e-01 1.721223660000000266e-01 9.929549199999999909e-02 1.024771180000000059e-01 1.208399160000000194e-01 7.307215000000000238e-02 1.331478379999999906e-01 1.379581200000000174e-01 2.053862999999999661e-01 2.236211040000000150e-01
5.013781700000000674e-01 5.515459400000000123e-01 0.000000000000000000e+00 5.905911280000000207e-01 5.920414720000000131e-01 4.930034059999999774e-01 4.282824500000000367e-01 3.068897979999999914e-01 6.035196700000000636e-01 4.713159960000000703e-01 6.577019500000000907e-01 3.027278459999999671e-01 6.640998759999999779e-01 3.026199760000000127e-01 2.069450419999999957e-01 1.377877319999999961e-01 1.222924019999999945e-01 9.664365599999999445e-02 1.439841639999999978e-01 2.133431480000000102e-01 6.529987600000000114e-01 5.821712439999999766e-01
5.819984059999999682e-01 5.330195620000000023e-01 5.905911280000000207e-01 0.000000000000000000e+00 5.454615400000000225e-01 5.687958440000000504e-01 3.304713579999999928e-01 4.760774340000000215e-01 5.210123880000000485e-01 6.204109140000000355e-01 3.696831800000000001e-01 6.196477880000000882e-01 3.983496759999999859e-01 5.921237639999999969e-01 1.411856040000000201e-01 2.108399340000000066e-01 1.500337499999999935e-01 1.012664580000000036e-01 1.665120820000000057e-01 2.172957740000000249e-01 4.408348599999999951e-01 5.841841120000000886e-01
7.463538659999999769e-01 8.689802639999999467e-01 5.920414720000000131e-01 5.454615400000000225e-01 0.000000000000000000e+00 7.410576660000000038e-01 1.702278520000000128e-01 1.560749879999999978e-01 2.544175240000000615e-01 2.171867100000000050e-01 2.101942740000000143e-01 1.577161820000000103e-01 2.342807199999999701e-01 1.463133460000000108e-01 1.338672740000000083e-01 1.126137960000000160e-01 1.330503819999999948e-01 8.715879400000001165e-02 1.458637939999999911e-01 1.463425599999999827e-01 2.087273640000000263e-01 2.330868859999999931e-01
9.102914200000000733e-01 6.777917399999999759e-01 4.930034059999999774e-01 5.687958440000000504e-01 7.410576660000000038e-01 0.000000000000000000e+00 1.579796619999999929e-01 1.553773700000000146e-01 2.303066460000000037e-01 2.272648140000000372e-01 1.724097239999999864e-01 1.656259800000000060e-01 2.002044279999999898e-01 1.806227219999999856e-01 1.128819880000000025e-01 9.892436999999998370e-02 1.391558599999999923e-01 6.986813000000000051e-02 1.478086499999999859e-01 1.137384760000000050e-01 1.646936099999999903e-01 2.260542799999999963e-01
1.725797800000000159e-01 1.544742159999999975e-01 4.282824500000000367e-01 3.304713579999999928e-01 1.702278520000000128e-01 1.579796619999999929e-01 0.000000000000000000e+00 5.080261939999999310e-01 5.133163100000001089e-01 4.652162620000000470e-01 5.093394319999999809e-01 3.336818860000000386e-01 4.820227320000000093e-01 3.178550019999999976e-01 6.373050660000000311e-01 3.411192840000000226e-01 1.850963919999999985e-01 1.290895120000000174e-01 2.156742640000000044e-01 4.332382179999999527e-01 4.732313419999999438e-01 4.622777260000000554e-01
1.608892120000000037e-01 1.447392279999999976e-01 3.068897979999999914e-01 4.760774340000000215e-01 1.560749879999999978e-01 1.553773700000000146e-01 5.080261939999999310e-01 0.000000000000000000e+00 4.919910980000000711e-01 5.640876559999999929e-01 3.562720899999999302e-01 5.769387760000000975e-01 3.372464219999999901e-01 5.014589180000000868e-01 1.961735480000000031e-01 5.162729859999999338e-01 1.236499399999999999e-01 2.039020680000000196e-01 2.474683860000000402e-01 3.781117299999999792e-01 3.955445579999999905e-01 5.112146040000000724e-01
2.432799840000000047e-01 2.372586720000000038e-01 6.035196700000000636e-01 5.210123880000000485e-01 2.544175240000000615e-01 2.303066460000000037e-01 5.133163100000001089e-01 4.919910980000000711e-01 0.000000000000000000e+00 5.335158899999999926e-01 6.504031500000000410e-01 4.519633800000000257e-01 7.031635700000000710e-01 4.063216239999999924e-01 2.371618640000000000e-01 2.113325319999999896e-01 1.162039679999999908e-01 9.031877200000001937e-02 1.648791900000000088e-01 2.601002300000000433e-01 6.786498919999999213e-01 6.826243619999999845e-01
2.278198379999999967e-01 2.200906779999999840e-01 4.713159960000000703e-01 6.204109140000000355e-01 2.171867100000000050e-01 2.272648140000000372e-01 4.652162620000000470e-01 5.640876559999999929e-01 5.335158899999999926e-01 0.000000000000000000e+00 4.914289539999999734e-01 6.727863759999999083e-01 4.797665120000000338e-01 7.782425920000000108e-01 1.849051399999999679e-01 2.739660680000000070e-01 9.856138999999999872e-02 1.427244559999999995e-01 1.609533000000000214e-01 2.908986599999999756e-01 5.528318199999999738e-01 6.224673099999999959e-01
1.719677799999999868e-01 2.033335159999999919e-01 6.577019500000000907e-01 3.696831800000000001e-01 2.101942740000000143e-01 1.724097239999999864e-01 5.093394319999999809e-01 3.562720899999999302e-01 6.504031500000000410e-01 4.914289539999999734e-01 0.000000000000000000e+00 2.903077440000000342e-01 8.123031040000000536e-01 2.840527179999999818e-01 1.859544079999999877e-01 1.373166319999999940e-01 8.097506200000001431e-02 1.004773339999999876e-01 1.294535240000000142e-01 2.276651719999999712e-01 7.797683280000000661e-01 6.415605159999999696e-01
1.661019280000000098e-01 1.678223739999999964e-01 3.027278459999999671e-01 6.196477880000000882e-01 1.577161820000000103e-01 1.656259800000000060e-01 3.336818860000000386e-01 5.769387760000000975e-01 4.519633800000000257e-01 6.727863759999999083e-01 2.903077440000000342e-01 0.000000000000000000e+00 2.931593479999999863e-01 6.953755280000000205e-01 1.486515240000000071e-01 2.467456879999999908e-01 9.551197200000001442e-02 1.074854020000000077e-01 1.207320019999999772e-01 2.535855900000000274e-01 3.736594240000000733e-01 5.489165619999999413e-01
2.029831500000000288e-01 2.217603019999999925e-01 6.640998759999999779e-01 3.983496759999999859e-01 2.342807199999999701e-01 2.002044279999999898e-01 4.820227320000000093e-01 3.372464219999999901e-01 7.031635700000000710e-01 4.797665120000000338e-01 8.123031040000000536e-01 2.931593479999999863e-01 0.000000000000000000e+00 2.800442919999999725e-01 1.747078140000000168e-01 1.442532499999999995e-01 1.119840099999999811e-01 1.107195860000000087e-01 1.586633080000000029e-01 2.225373259999999520e-01 7.618655140000000214e-01 6.124957520000000599e-01
1.824308920000000112e-01 1.721223660000000266e-01 3.026199760000000127e-01 5.921237639999999969e-01 1.463133460000000108e-01 1.806227219999999856e-01 3.178550019999999976e-01 5.014589180000000868e-01 4.063216239999999924e-01 7.782425920000000108e-01 2.840527179999999818e-01 6.953755280000000205e-01 2.800442919999999725e-01 0.000000000000000000e+00 1.365711039999999987e-01 2.137090219999999707e-01 8.247007800000000222e-02 1.123038700000000001e-01 1.082788680000000142e-01 2.248799019999999926e-01 3.591056499999999430e-01 5.221404780000000745e-01
1.133584959999999892e-01 9.929549199999999909e-02 2.069450419999999957e-01 1.411856040000000201e-01 1.338672740000000083e-01 1.128819880000000025e-01 6.373050660000000311e-01 1.961735480000000031e-01 2.371618640000000000e-01 1.849051399999999679e-01 1.859544079999999877e-01 1.486515240000000071e-01 1.747078140000000168e-01 1.365711039999999987e-01 0.000000000000000000e+00 2.072040680000000190e-01 1.589561260000000031e-01 1.519544839999999453e-01 1.441171460000000015e-01 2.559033659999999655e-01 1.684580219999999851e-01 1.602954139999999972e-01
1.188822159999999989e-01 1.024771180000000059e-01 1.377877319999999961e-01 2.108399340000000066e-01 1.126137960000000160e-01 9.892436999999998370e-02 3.411192840000000226e-01 5.162729859999999338e-01 2.113325319999999896e-01 2.739660680000000070e-01 1.373166319999999940e-01 2.467456879999999908e-01 1.442532499999999995e-01 2.137090219999999707e-01 2.072040680000000190e-01 0.000000000000000000e+00 1.005067260000000184e-01 1.394317479999999942e-01 1.885508200000000356e-01 2.305599420000000177e-01 1.630750540000000248e-01 1.873868499999999937e-01
1.477863520000000097e-01 1.208399160000000194e-01 1.222924019999999945e-01 1.500337499999999935e-01 1.330503819999999948e-01 1.391558599999999923e-01 1.850963919999999985e-01 1.236499399999999999e-01 1.162039679999999908e-01 9.856138999999999872e-02 8.097506200000001431e-02 9.551197200000001442e-02 1.119840099999999811e-01 8.247007800000000222e-02 1.589561260000000031e-01 1.005067260000000184e-01 0.000000000000000000e+00 1.293634919999999966e-01 8.651618539999998969e-01 1.843638459999999979e-01 1.071672119999999839e-01 1.007651020000000230e-01
6.100760000000000904e-02 7.307215000000000238e-02 9.664365599999999445e-02 1.012664580000000036e-01 8.715879400000001165e-02 6.986813000000000051e-02 1.290895120000000174e-01 2.039020680000000196e-01 9.031877200000001937e-02 1.427244559999999995e-01 1.004773339999999876e-01 1.074854020000000077e-01 1.107195860000000087e-01 1.123038700000000001e-01 1.519544839999999453e-01 1.394317479999999942e-01 1.293634919999999966e-01 0.000000000000000000e+00 1.771449979999999980e-01 6.939156479999999405e-01 1.143264899999999890e-01 1.185581379999999935e-01
1.541889740000000064e-01 1.331478379999999906e-01 1.439841639999999978e-01 1.665120820000000057e-01 1.458637939999999911e-01 1.478086499999999859e-01 2.156742640000000044e-01 2.474683860000000402e-01 1.648791900000000088e-01 1.609533000000000214e-01 1.294535240000000142e-01 1.207320019999999772e-01 1.586633080000000029e-01 1.082788680000000142e-01 1.441171460000000015e-01 1.885508200000000356e-01 8.651618539999998969e-01 1.771449979999999980e-01 0.000000000000000000e+00 2.130975100000000177e-01 1.276326999999999878e-01 1.346150420000000181e-01
1.234424679999999996e-01 1.379581200000000174e-01 2.133431480000000102e-01 2.172957740000000249e-01 1.463425599999999827e-01 1.137384760000000050e-01 4.332382179999999527e-01 3.781117299999999792e-01 2.601002300000000433e-01 2.908986599999999756e-01 2.276651719999999712e-01 2.535855900000000274e-01 2.225373259999999520e-01 2.248799019999999926e-01 2.559033659999999655e-01 2.305599420000000177e-01 1.843638459999999979e-01 6.939156479999999405e-01 2.130975100000000177e-01 0.000000000000000000e+00 2.183105280000000037e-01 2.477087020000000028e-01
1.768263699999999827e-01 2.053862999999999661e-01 6.529987600000000114e-01 4.408348599999999951e-01 2.087273640000000263e-01 1.646936099999999903e-01 4.732313419999999438e-01 3.955445579999999905e-01 6.786498919999999213e-01 5.528318199999999738e-01 7.797683280000000661e-01 3.736594240000000733e-01 7.618655140000000214e-01 3.591056499999999430e-01 1.684580219999999851e-01 1.630750540000000248e-01 1.071672119999999839e-01 1.143264899999999890e-01 1.276326999999999878e-01 2.183105280000000037e-01 0.000000000000000000e+00 7.291749320000000534e-01
2.326545600000000102e-01 2.236211040000000150e-01 5.821712439999999766e-01 5.841841120000000886e-01 2.330868859999999931e-01 2.260542799999999963e-01 4.622777260000000554e-01 5.112146040000000724e-01 6.826243619999999845e-01 6.224673099999999959e-01 6.415605159999999696e-01 5.489165619999999413e-01 6.124957520000000599e-01 5.221404780000000745e-01 1.602954139999999972e-01 1.873868499999999937e-01 1.007651020000000230e-01 1.185581379999999935e-01 1.346150420000000181e-01 2.477087020000000028e-01 7.291749320000000534e-01 0.000000000000000000e+00
