0.000000000000000000e+00 3.801462780000000041e-01 2.624501639999999858e-01 2.576056760000000057e-01 3.903280820000000206e-01 8.010823759999998739e-01 1.343587679999999895e-01 2.293567659999999897e-01 3.012676820000000366e-01 3.045309520000000214e-01 2.667451099999999520e-01 2.707347260000000366e-01 2.575407599999999797e-01 3.011734199999999695e-01 3.841057740000000109e-01 2.028918759999999710e-01 2.322449639999999982e-01 1.934098999999999957e-01 1.722020559999999922e-01 1.561822180000000115e-01 2.781754200000000621e-01 1.888140399999999886e-01
3.801462780000000041e-01 0.000000000000000000e+00 2.555624719999999850e-01 2.247555959999999742e-01 5.928830999999999962e-01 4.112609420000000182e-01 2.502076939999999805e-01 2.154600879999999941e-01 3.217981739999999924e-01 2.226181479999999602e-01 2.273227659999999817e-01 1.690028859999999911e-01 1.781495679999999804e-01 2.584820380000000251e-01 2.998450860000000384e-01 2.275002780000000002e-01 2.515679040000000088e-01 2.623553939999999640e-01 2.738264959999999748e-01 2.226590579999999930e-01 2.663823300000000005e-01 2.202990020000000215e-01
2.624501639999999858e-01 2.555624719999999850e-01 0.000000000000000000e+00 2.542239899999999553e-01 2.144908140000000019e-01 3.172957399999999928e-01 2.941030379999999833e-01 2.542873660000000147e-01 3.084596000000000005e-01 4.319189039999999369e-01 5.921922920000000090e-01 3.064246339999999735e-01 4.841800760000000148e-01 3.827996800000000310e-01 2.899561780000000089e-01 2.803948059999999964e-01 2.359107980000000049e-01 2.328635139999999937e-01 2.376683279999999843e-01 2.687680439999999282e-01 5.605298859999999772e-01 3.337011920000000353e-01
2.576056760000000057e-01 2.247555959999999742e-01 2.542239899999999553e-01 0.000000000000000000e+00 2.541004359999999851e-01 2.685878019999999866e-01 2.171100460000000010e-01 2.733021299999999765e-01 2.958707699999999496e-01 2.515402059999999884e-01 1.211529760000000094e-01 4.495490279999999617e-01 1.745014859999999834e-01 3.026982020000000273e-01 2.843771060000000461e-01 2.814983039999999770e-01 2.666654400000000313e-01 1.708490460000000044e-01 2.192247220000000107e-01 2.302763500000000185e-01 1.761231799999999903e-01 2.806268080000000054e-01
3.903280820000000206e-01 5.928830999999999962e-01 2.144908140000000019e-01 2.541004359999999851e-01 0.000000000000000000e+00 4.171168100000000045e-01 2.205913380000000257e-01 2.759575499999999404e-01 1.949533579999999933e-01 2.659141059999999834e-01 2.788503420000000288e-01 2.238031939999999831e-01 1.970916080000000015e-01 2.291274360000000176e-01 3.233537439999999985e-01 3.632493579999999667e-01 2.105668040000000241e-01 2.688824519999999940e-01 2.700357299999999738e-01 2.099511500000000308e-01 3.493888019999999983e-01 1.876324980000000087e-01
8.010823759999998739e-01 4.112609420000000182e-01 3.172957399999999928e-01 2.685878019999999866e-01 4.171168100000000045e-01 0.000000000000000000e+00 1.997725379999999995e-01 2.586288300000000318e-01 3.045209039999999812e-01 3.286057159999999921e-01 2.941007020000000471e-01 2.908753480000000335e-01 2.625082939999999754e-01 2.971015180000000089e-01 3.174649059999999912e-01 1.933480740000000364e-01 2.634083680000000038e-01 1.988498139999999859e-01 2.390777700000000228e-01 1.765845640000000272e-01 3.645261639999999859e-01 2.836573399999999801e-01
1.343587679999999895e-01 2.502076939999999805e-01 2.941030379999999833e-01 2.171100460000000010e-01 2.205913380000000257e-01 1.997725379999999995e-01 0.000000000000000000e+00 2.459768159999999870e-01 2.710615480000000410e-01 2.329710939999999897e-01 2.914415280000000052e-01 1.891191579999999817e-01 2.241184500000000246e-01 2.583503120000000264e-01 3.101369420000000265e-01 2.432047059999999927e-01 2.257631920000000014e-01 3.323693380000000142e-01 4.280932020000000060e-01 2.832922119999999877e-01 3.807443080000000313e-01 3.860178879999999757e-01
2.293567659999999897e-01 2.154600879999999941e-01 2.542873660000000147e-01 2.733021299999999765e-01 2.759575499999999404e-01 2.586288300000000318e-01 2.459768159999999870e-01 0.000000000000000000e+00 2.347796740000000215e-01 3.229337179999999807e-01 1.712456259999999841e-01 4.054655079999999745e-01 1.731167039999999824e-01 3.318652619999999942e-01 2.377176040000000268e-01 2.485523139999999687e-01 2.387936699999999579e-01 1.889454519999999860e-01 2.487732699999999908e-01 3.554148360000000118e-01 2.559584240000000177e-01 2.533654979999999668e-01
3.012676820000000366e-01 3.217981739999999924e-01 3.084596000000000005e-01 2.958707699999999496e-01 1.949533579999999933e-01 3.045209039999999812e-01 2.710615480000000410e-01 2.347796740000000215e-01 0.000000000000000000e+00 2.391669960000000206e-01 2.820951360000000241e-01 3.454903699999999911e-01 2.934854459999999832e-01 2.595795079999999588e-01 3.618925919999999574e-01 2.219254019999999661e-01 2.887886780000000209e-01 1.472580279999999853e-01 2.750820400000000276e-01 3.079525040000000158e-01 3.410128080000000006e-01 2.662630380000000629e-01
3.045309520000000214e-01 2.226181479999999602e-01 4.319189039999999369e-01 2.515402059999999884e-01 2.659141059999999834e-01 3.286057159999999921e-01 2.329710939999999897e-01 3.229337179999999807e-01 2.391669960000000206e-01 0.000000000000000000e+00 4.851663339999999769e-01 4.424048859999999972e-01 3.820307900000000645e-01 5.537497379999999358e-01 2.672448920000000117e-01 2.485368320000000131e-01 2.726080339999999991e-01 2.397630480000000064e-01 1.350096420000000130e-01 2.509818659999999424e-01 4.225723100000000620e-01 3.454554539999999951e-01
2.667451099999999520e-01 2.273227659999999817e-01 5.921922920000000090e-01 1.211529760000000094e-01 2.788503420000000288e-01 2.941007020000000471e-01 2.914415280000000052e-01 1.712456259999999841e-01 2.820951360000000241e-01 4.851663339999999769e-01 0.000000000000000000e+00 2.380712560000000089e-01 7.083797259999999874e-01 2.225921999999999623e-01 2.117341719999999705e-01 3.102469319999999753e-01 2.296593939999999612e-01 2.243439159999999766e-01 2.536502379999999723e-01 2.844383679999999970e-01 4.927637559999999972e-01 2.930368200000000312e-01
2.707347260000000366e-01 1.690028859999999911e-01 3.064246339999999735e-01 4.495490279999999617e-01 2.238031939999999831e-01 2.908753480000000335e-01 1.891191579999999817e-01 4.054655079999999745e-01 3.454903699999999911e-01 4.424048859999999972e-01 2.380712560000000089e-01 0.000000000000000000e+00 2.750660079999999730e-01 7.486040940000000532e-01 2.661367820000000162e-01 2.687473159999999583e-01 1.721748399999999957e-01 1.796729479999999712e-01 2.298360279999999700e-01 2.382814839999999879e-01 2.063783900000000227e-01 2.220589479999999782e-01
2.575407599999999797e-01 1.781495679999999804e-01 4.841800760000000148e-01 1.745014859999999834e-01 1.970916080000000015e-01 2.625082939999999754e-01 2.241184500000000246e-01 1.731167039999999824e-01 2.934854459999999832e-01 3.820307900000000645e-01 7.083797259999999874e-01 2.750660079999999730e-01 0.000000000000000000e+00 2.231377259999999807e-01 2.145654939999999955e-01 2.226493339999999765e-01 2.499361219999999828e-01 2.835645219999999855e-01 2.569662520000000061e-01 2.707714620000000183e-01 3.642704440000000266e-01 2.452758799999999739e-01
3.011734199999999695e-01 2.584820380000000251e-01 3.827996800000000310e-01 3.026982020000000273e-01 2.291274360000000176e-01 2.971015180000000089e-01 2.583503120000000264e-01 3.318652619999999942e-01 2.595795079999999588e-01 5.537497379999999358e-01 2.225921999999999623e-01 7.486040940000000532e-01 2.231377259999999807e-01 0.000000000000000000e+00 2.854949999999999433e-01 2.250870019999999805e-01 1.725924379999999869e-01 2.130741900000000244e-01 2.325885179999999663e-01 2.678519699999999948e-01 3.582760839999999947e-01 2.475000159999999894e-01
3.841057740000000109e-01 2.998450860000000384e-01 2.899561780000000089e-01 2.843771060000000461e-01 3.233537439999999985e-01 3.174649059999999912e-01 3.101369420000000265e-01 2.377176040000000268e-01 3.618925919999999574e-01 2.672448920000000117e-01 2.117341719999999705e-01 2.661367820000000162e-01 2.145654939999999955e-01 2.854949999999999433e-01 0.000000000000000000e+00 2.236343300000000200e-01 4.980434440000000018e-01 3.065104280000000014e-01 4.294464219999999943e-01 4.090306540000000490e-01 3.544308100000000405e-01 1.906151620000000046e-01
2.028918759999999710e-01 2.275002780000000002e-01 2.803948059999999964e-01 2.814983039999999770e-01 3.632493579999999667e-01 1.933480740000000364e-01 2.432047059999999927e-01 2.485523139999999687e-01 2.219254019999999661e-01 2.485368320000000131e-01 3.102469319999999753e-01 2.687473159999999583e-01 2.226493339999999765e-01 2.250870019999999805e-01 2.236343300000000200e-01 0.000000000000000000e+00 1.570231039999999967e-01 3.522917840000000522e-01 2.560278220000000160e-01 4.130432720000000169e-01 2.006993839999999807e-01 2.067959099999999995e-01
2.322449639999999982e-01 2.515679040000000088e-01 2.359107980000000049e-01 2.666654400000000313e-01 2.105668040000000241e-01 2.634083680000000038e-01 2.257631920000000014e-01 2.387936699999999579e-01 2.887886780000000209e-01 2.726080339999999991e-01 2.296593939999999612e-01 1.721748399999999957e-01 2.499361219999999828e-01 1.725924379999999869e-01 4.980434440000000018e-01 1.570231039999999967e-01 0.000000000000000000e+00 2.967311940000000314e-01 6.607681479999998331e-01 3.051816879999999510e-01 3.215606260000000161e-01 2.024082640000000044e-01
1.934098999999999957e-01 2.623553939999999640e-01 2.328635139999999937e-01 1.708490460000000044e-01 2.688824519999999940e-01 1.988498139999999859e-01 3.323693380000000142e-01 1.889454519999999860e-01 1.472580279999999853e-01 2.397630480000000064e-01 2.243439159999999766e-01 1.796729479999999712e-01 2.835645219999999855e-01 2.130741900000000244e-01 3.065104280000000014e-01 3.522917840000000522e-01 2.967311940000000314e-01 0.000000000000000000e+00 3.635576239999999681e-01 2.499825739999999852e-01 2.241156560000000242e-01 3.671696319999999680e-01
1.722020559999999922e-01 2.738264959999999748e-01 2.376683279999999843e-01 2.192247220000000107e-01 2.700357299999999738e-01 2.390777700000000228e-01 4.280932020000000060e-01 2.487732699999999908e-01 2.750820400000000276e-01 1.350096420000000130e-01 2.536502379999999723e-01 2.298360279999999700e-01 2.569662520000000061e-01 2.325885179999999663e-01 4.294464219999999943e-01 2.560278220000000160e-01 6.607681479999998331e-01 3.635576239999999681e-01 0.000000000000000000e+00 3.089493280000000230e-01 2.893955259999999585e-01 3.127465979999999868e-01
1.561822180000000115e-01 2.226590579999999930e-01 2.687680439999999282e-01 2.302763500000000185e-01 2.099511500000000308e-01 1.765845640000000272e-01 2.832922119999999877e-01 3.554148360000000118e-01 3.079525040000000158e-01 2.509818659999999424e-01 2.844383679999999970e-01 2.382814839999999879e-01 2.707714620000000183e-01 2.678519699999999948e-01 4.090306540000000490e-01 4.130432720000000169e-01 3.051816879999999510e-01 2.499825739999999852e-01 3.089493280000000230e-01 0.000000000000000000e+00 2.770465160000000204e-01 2.648423679999999947e-01
2.781754200000000621e-01 2.663823300000000005e-01 5.605298859999999772e-01 1.761231799999999903e-01 3.493888019999999983e-01 3.645261639999999859e-01 3.807443080000000313e-01 2.559584240000000177e-01 3.410128080000000006e-01 4.225723100000000620e-01 4.927637559999999972e-01 2.063783900000000227e-01 3.642704440000000266e-01 3.582760839999999947e-01 3.544308100000000405e-01 2.006993839999999807e-01 3.215606260000000161e-01 2.241156560000000242e-01 2.893955259999999585e-01 2.770465160000000204e-01 0.000000000000000000e+00 4.551386060000000566e-01
1.888140399999999886e-01 2.202990020000000215e-01 3.337011920000000353e-01 2.806268080000000054e-01 1.876324980000000087e-01 2.836573399999999801e-01 3.860178879999999757e-01 2.533654979999999668e-01 2.662630380000000629e-01 3.454554539999999951e-01 2.930368200000000312e-01 2.220589479999999782e-01 2.452758799999999739e-01 2.475000159999999894e-01 1.906151620000000046e-01 2.067959099999999995e-01 2.024082640000000044e-01 3.671696319999999680e-01 3.127465979999999868e-01 2.648423679999999947e-01 4.551386060000000566e-01 0.000000000000000000e+00
