0.000000000000000000e+00 2.370391820000000149e-01 1.205116880000000057e-01 4.261361920000000802e-01 2.448163099999999814e-01 7.070253120000000724e-01 6.481932599999999656e-02 5.411841400000000357e-02 9.815396400000001020e-02 7.070616999999999874e-02 1.230565080000000089e-01 1.217691939999999973e-01 9.673293799999999054e-02 5.973456000000000599e-02 8.913458800000000071e-02 9.030660799999999655e-02 3.781610000000000527e-02 5.227863400000000438e-02 5.180684800000000256e-02 6.983274400000000215e-02 1.208790479999999751e-01 8.146100600000000247e-02
2.370391820000000149e-01 0.000000000000000000e+00 1.154880459999999970e-01 1.786122319999999819e-01 6.668878259999999614e-01 8.561173399999999489e-02 8.208699999999999330e-02 1.120081920000000064e-01 1.172843080000000038e-01 5.732616999999999574e-02 8.938067599999999224e-02 8.775327600000000505e-02 6.622451799999999611e-02 6.830454799999999271e-02 8.152521999999999547e-02 1.317247840000000114e-01 5.664380600000000487e-02 7.718508000000000313e-02 5.807953200000000316e-02 8.214531599999999600e-02 1.026422160000000083e-01 8.891500999999998878e-02
1.205116880000000057e-01 1.154880459999999970e-01 0.000000000000000000e+00 1.440156400000000281e-01 1.870702059999999889e-01 1.024564999999999920e-01 1.329363100000000020e-01 2.008545860000000016e-01 1.344525320000000135e-01 1.081524380000000035e-01 5.081101959999999584e-01 1.320517120000000155e-01 4.380780599999999358e-01 1.276047379999999953e-01 7.324030000000000817e-02 1.431100999999999901e-01 2.640760000000000329e-01 2.320531659999999774e-01 2.709023540000000119e-01 2.218358840000000110e-01 4.196638039999999736e-01 2.947951599999999450e-01
4.261361920000000802e-01 1.786122319999999819e-01 1.440156400000000281e-01 0.000000000000000000e+00 2.115681459999999847e-01 3.988537200000000227e-01 1.951176879999999836e-01 2.404682399999999998e-01 1.899084419999999829e-01 1.176616279999999903e-01 1.133388539999999889e-01 4.067908199999999974e-01 6.561010400000000242e-02 3.419238700000000186e-01 6.457022599999999446e-02 1.419613500000000139e-01 1.790833380000000086e-01 1.838579399999999975e-01 1.964259439999999635e-01 1.741668540000000098e-01 6.453016200000000202e-02 2.689526599999999545e-01
2.448163099999999814e-01 6.668878259999999614e-01 1.870702059999999889e-01 2.115681459999999847e-01 0.000000000000000000e+00 2.127234059999999760e-01 8.131834400000000074e-02 9.462995800000001401e-02 8.055271199999999854e-02 7.074654400000000842e-02 1.204301220000000006e-01 7.689171599999999884e-02 7.296676999999998636e-02 9.648703399999999930e-02 9.781415399999998650e-02 1.191848940000000134e-01 6.370246999999999715e-02 8.602385599999999577e-02 5.791382200000000369e-02 8.423467400000000938e-02 8.734968400000001076e-02 9.881338199999999128e-02
7.070253120000000724e-01 8.561173399999999489e-02 1.024564999999999920e-01 3.988537200000000227e-01 2.127234059999999760e-01 0.000000000000000000e+00 7.369175599999999715e-02 7.522454000000000640e-02 7.154394199999999926e-02 9.609618400000000116e-02 1.218881819999999977e-01 1.068614860000000055e-01 9.043063399999999585e-02 4.636020999999999892e-02 7.074819800000001213e-02 8.969506800000000279e-02 5.376912199999998865e-02 4.750623400000000135e-02 6.776147799999999999e-02 5.475707000000000491e-02 9.027064799999999500e-02 9.261887400000000381e-02
6.481932599999999656e-02 8.208699999999999330e-02 1.329363100000000020e-01 1.951176879999999836e-01 8.131834400000000074e-02 7.369175599999999715e-02 0.000000000000000000e+00 6.484087179999999950e-01 7.424053599999999586e-02 1.739793219999999918e-01 1.802343620000000091e-01 1.304700759999999904e-01 1.475466360000000088e-01 1.295489920000000017e-01 2.842325540000000261e-01 3.429929259999999758e-01 6.227270839999999863e-01 6.689676319999999787e-01 6.798385679999999764e-01 6.406529799999999275e-01 1.202591400000000005e-01 1.877619199999999711e-01
5.411841400000000357e-02 1.120081920000000064e-01 2.008545860000000016e-01 2.404682399999999998e-01 9.462995800000001401e-02 7.522454000000000640e-02 6.484087179999999950e-01 0.000000000000000000e+00 1.152298800000000067e-01 1.845409259999999940e-01 1.128710319999999961e-01 2.208096559999999930e-01 1.217720320000000023e-01 1.180102759999999973e-01 1.257179979999999975e-01 5.328083999999999598e-01 6.447122240000000559e-01 6.633858719999998765e-01 7.087951179999999463e-01 6.672868899999999659e-01 1.638605340000000021e-01 2.546456779999999864e-01
9.815396400000001020e-02 1.172843080000000038e-01 1.344525320000000135e-01 1.899084419999999829e-01 8.055271199999999854e-02 7.154394199999999926e-02 7.424053599999999586e-02 1.152298800000000067e-01 0.000000000000000000e+00 9.281374200000000463e-02 1.029888480000000078e-01 1.663011800000000207e-01 2.035999019999999715e-01 8.832048000000000676e-02 1.236008700000000016e-01 1.091240480000000013e-01 6.891697599999999091e-02 8.052061600000000319e-02 7.428451799999999383e-02 9.211168799999999712e-02 1.230328759999999855e-01 1.490734519999999952e-01
7.070616999999999874e-02 5.732616999999999574e-02 1.081524380000000035e-01 1.176616279999999903e-01 7.074654400000000842e-02 9.609618400000000116e-02 1.739793219999999918e-01 1.845409259999999940e-01 9.281374200000000463e-02 0.000000000000000000e+00 1.047442380000000173e-01 1.181381420000000154e-01 1.411997899999999917e-01 4.092521760000000230e-01 1.103776580000000174e-01 1.547662519999999930e-01 1.518811880000000003e-01 1.884026159999999950e-01 1.706962079999999882e-01 1.828604600000000024e-01 1.394379739999999923e-01 1.273634459999999913e-01
1.230565080000000089e-01 8.938067599999999224e-02 5.081101959999999584e-01 1.133388539999999889e-01 1.204301220000000006e-01 1.218881819999999977e-01 1.802343620000000091e-01 1.128710319999999961e-01 1.029888480000000078e-01 1.047442380000000173e-01 0.000000000000000000e+00 1.064921479999999948e-01 5.420242259999999979e-01 1.317517039999999973e-01 1.615371119999999827e-01 1.108796900000000030e-01 9.254526799999999997e-02 1.132460599999999956e-01 1.051219240000000055e-01 9.483140600000000697e-02 4.156007500000000188e-01 2.919278020000000140e-01
1.217691939999999973e-01 8.775327600000000505e-02 1.320517120000000155e-01 4.067908199999999974e-01 7.689171599999999884e-02 1.068614860000000055e-01 1.304700759999999904e-01 2.208096559999999930e-01 1.663011800000000207e-01 1.181381420000000154e-01 1.064921479999999948e-01 0.000000000000000000e+00 1.216780799999999940e-01 2.205133240000000383e-01 4.322829400000000044e-02 8.276983999999999730e-02 1.641811720000000141e-01 1.593419279999999938e-01 1.660087939999999873e-01 1.645373420000000031e-01 1.018143660000000034e-01 2.780717760000000482e-01
9.673293799999999054e-02 6.622451799999999611e-02 4.380780599999999358e-01 6.561010400000000242e-02 7.296676999999998636e-02 9.043063399999999585e-02 1.475466360000000088e-01 1.217720320000000023e-01 2.035999019999999715e-01 1.411997899999999917e-01 5.420242259999999979e-01 1.216780799999999940e-01 0.000000000000000000e+00 1.303545759999999998e-01 1.299508279999999905e-01 1.366268140000000131e-01 1.533220299999999980e-01 1.640488519999999950e-01 1.594203440000000194e-01 1.517916639999999928e-01 4.840530519999999837e-01 1.816476499999999938e-01
5.973456000000000599e-02 6.830454799999999271e-02 1.276047379999999953e-01 3.419238700000000186e-01 9.648703399999999930e-02 4.636020999999999892e-02 1.295489920000000017e-01 1.180102759999999973e-01 8.832048000000000676e-02 4.092521760000000230e-01 1.317517039999999973e-01 2.205133240000000383e-01 1.303545759999999998e-01 0.000000000000000000e+00 5.446584999999999621e-02 7.042910199999999343e-02 1.273564540000000078e-01 1.117580599999999924e-01 1.407779880000000206e-01 1.228510919999999951e-01 8.626930200000000604e-02 1.335304140000000139e-01
8.913458800000000071e-02 8.152521999999999547e-02 7.324030000000000817e-02 6.457022599999999446e-02 9.781415399999998650e-02 7.074819800000001213e-02 2.842325540000000261e-01 1.257179979999999975e-01 1.236008700000000016e-01 1.103776580000000174e-01 1.615371119999999827e-01 4.322829400000000044e-02 1.299508279999999905e-01 5.446584999999999621e-02 0.000000000000000000e+00 2.842104779999999886e-01 1.563798479999999880e-01 3.117827860000000340e-01 7.591617999999999977e-02 1.909869699999999781e-01 9.379096200000000549e-02 1.222310519999999928e-01
9.030660799999999655e-02 1.317247840000000114e-01 1.431100999999999901e-01 1.419613500000000139e-01 1.191848940000000134e-01 8.969506800000000279e-02 3.429929259999999758e-01 5.328083999999999598e-01 1.091240480000000013e-01 1.547662519999999930e-01 1.108796900000000030e-01 8.276983999999999730e-02 1.366268140000000131e-01 7.042910199999999343e-02 2.842104779999999886e-01 0.000000000000000000e+00 3.058894859999999882e-01 5.072418020000000194e-01 3.724108760000000018e-01 4.224554700000000551e-01 1.191949379999999864e-01 1.079859960000000008e-01
3.781610000000000527e-02 5.664380600000000487e-02 2.640760000000000329e-01 1.790833380000000086e-01 6.370246999999999715e-02 5.376912199999998865e-02 6.227270839999999863e-01 6.447122240000000559e-01 6.891697599999999091e-02 1.518811880000000003e-01 9.254526799999999997e-02 1.641811720000000141e-01 1.533220299999999980e-01 1.273564540000000078e-01 1.563798479999999880e-01 3.058894859999999882e-01 0.000000000000000000e+00 5.574854059999998501e-01 9.683716340000000367e-01 6.011031460000000326e-01 1.923058199999999884e-01 1.886173979999999917e-01
5.227863400000000438e-02 7.718508000000000313e-02 2.320531659999999774e-01 1.838579399999999975e-01 8.602385599999999577e-02 4.750623400000000135e-02 6.689676319999999787e-01 6.633858719999998765e-01 8.052061600000000319e-02 1.884026159999999950e-01 1.132460599999999956e-01 1.593419279999999938e-01 1.640488519999999950e-01 1.117580599999999924e-01 3.117827860000000340e-01 5.072418020000000194e-01 5.574854059999998501e-01 0.000000000000000000e+00 6.251647720000000907e-01 9.031079280000000598e-01 1.661186819999999897e-01 2.023038640000000277e-01
5.180684800000000256e-02 5.807953200000000316e-02 2.709023540000000119e-01 1.964259439999999635e-01 5.791382200000000369e-02 6.776147799999999999e-02 6.798385679999999764e-01 7.087951179999999463e-01 7.428451799999999383e-02 1.706962079999999882e-01 1.051219240000000055e-01 1.660087939999999873e-01 1.594203440000000194e-01 1.407779880000000206e-01 7.591617999999999977e-02 3.724108760000000018e-01 9.683716340000000367e-01 6.251647720000000907e-01 0.000000000000000000e+00 6.494045240000000385e-01 1.883430079999999784e-01 2.029671200000000009e-01
6.983274400000000215e-02 8.214531599999999600e-02 2.218358840000000110e-01 1.741668540000000098e-01 8.423467400000000938e-02 5.475707000000000491e-02 6.406529799999999275e-01 6.672868899999999659e-01 9.211168799999999712e-02 1.828604600000000024e-01 9.483140600000000697e-02 1.645373420000000031e-01 1.517916639999999928e-01 1.228510919999999951e-01 1.909869699999999781e-01 4.224554700000000551e-01 6.011031460000000326e-01 9.031079280000000598e-01 6.494045240000000385e-01 0.000000000000000000e+00 1.666320599999999985e-01 1.763028739999999706e-01
1.208790479999999751e-01 1.026422160000000083e-01 4.196638039999999736e-01 6.453016200000000202e-02 8.734968400000001076e-02 9.027064799999999500e-02 1.202591400000000005e-01 1.638605340000000021e-01 1.230328759999999855e-01 1.394379739999999923e-01 4.156007500000000188e-01 1.018143660000000034e-01 4.840530519999999837e-01 8.626930200000000604e-02 9.379096200000000549e-02 1.191949379999999864e-01 1.923058199999999884e-01 1.661186819999999897e-01 1.883430079999999784e-01 1.666320599999999985e-01 0.000000000000000000e+00 3.186784100000000786e-01
8.146100600000000247e-02 8.891500999999998878e-02 2.947951599999999450e-01 2.689526599999999545e-01 9.881338199999999128e-02 9.261887400000000381e-02 1.877619199999999711e-01 2.546456779999999864e-01 1.490734519999999952e-01 1.273634459999999913e-01 2.919278020000000140e-01 2.780717760000000482e-01 1.816476499999999938e-01 1.335304140000000139e-01 1.222310519999999928e-01 1.079859960000000008e-01 1.886173979999999917e-01 2.023038640000000277e-01 2.029671200000000009e-01 1.763028739999999706e-01 3.186784100000000786e-01 0.000000000000000000e+00
