0.000000000000000000e+00 9.714209580000000566e-01 3.518102840000000286e-01 6.736246020000000723e-01 9.712697999999999610e-01 9.465863380000000271e-01 6.286148199999999631e-02 1.109527120000000089e-01 3.524380619999999964e-01 3.103686700000000132e-01 3.568912379999999440e-01 2.281514379999999842e-01 3.744891019999999626e-01 1.837787180000000076e-01 6.553496999999999795e-02 8.618950799999999801e-02 7.241243799999999564e-02 7.365192400000000750e-02 6.831829999999999847e-02 7.465988999999999265e-02 4.107847580000000276e-01 5.727315560000000305e-01
9.714209580000000566e-01 0.000000000000000000e+00 3.166500079999999828e-01 6.579379579999999894e-01 9.723128859999998763e-01 9.791233819999998200e-01 8.185132799999998710e-02 1.050912639999999898e-01 3.922906700000000635e-01 3.349586399999999742e-01 3.975202159999999818e-01 2.536358200000000118e-01 3.779109760000000096e-01 1.721430780000000049e-01 6.674173399999999701e-02 8.927838600000001512e-02 7.208698999999998969e-02 7.547204600000000096e-02 6.842613799999999746e-02 7.752789600000001280e-02 4.124843679999999901e-01 6.021445000000000825e-01
3.518102840000000286e-01 3.166500079999999828e-01 0.000000000000000000e+00 5.160020579999999857e-01 3.215550819999999921e-01 3.293906859999999326e-01 6.455021380000000031e-01 6.456122040000000784e-01 4.098044439999999899e-01 2.516153720000000038e-01 4.791870219999999625e-01 3.146054600000000034e-01 3.111686880000000266e-01 3.563910959999999628e-01 6.367974519999999305e-01 6.507786779999999993e-01 6.397352979999999523e-01 6.489185760000000247e-01 6.388153840000000416e-01 6.469446660000000016e-01 2.961844960000000193e-01 2.425172140000000365e-01
6.736246020000000723e-01 6.579379579999999894e-01 5.160020579999999857e-01 0.000000000000000000e+00 6.149761700000000442e-01 6.732029840000000043e-01 3.024601340000000471e-01 3.321880300000000230e-01 3.459842180000000100e-01 2.857915899999999843e-01 3.670489179999999463e-01 3.298383619999999961e-01 3.118015040000000626e-01 3.716274560000000227e-01 3.184165540000000183e-01 3.178865780000000307e-01 3.232247240000000188e-01 3.195181260000000134e-01 3.202448880000000608e-01 3.187567219999999368e-01 3.402447259999999973e-01 5.207831659999999641e-01
9.712697999999999610e-01 9.723128859999998763e-01 3.215550819999999921e-01 6.149761700000000442e-01 0.000000000000000000e+00 9.395267940000000539e-01 8.752462799999999321e-02 1.143003459999999832e-01 3.654033999999999893e-01 3.124599459999999884e-01 3.763296040000000398e-01 2.143491919999999662e-01 3.601827479999999970e-01 1.519294819999999768e-01 7.533109200000000227e-02 9.278077599999999536e-02 8.823618400000000916e-02 7.841803399999999757e-02 8.251420199999999483e-02 7.578167999999999016e-02 3.904683800000000038e-01 5.548990799999999890e-01
9.465863380000000271e-01 9.791233819999998200e-01 3.293906859999999326e-01 6.732029840000000043e-01 9.395267940000000539e-01 0.000000000000000000e+00 9.178496199999999772e-02 1.039621959999999790e-01 4.000649100000000513e-01 3.417279320000000675e-01 4.103151660000000089e-01 2.538070780000000193e-01 3.951741039999999705e-01 1.646960500000000105e-01 7.211217600000000005e-02 9.409979400000000049e-02 7.818809000000000176e-02 8.248145599999999467e-02 7.569767199999999363e-02 8.401334999999998665e-02 4.152885439999999262e-01 6.235577460000000238e-01
6.286148199999999631e-02 8.185132799999998710e-02 6.455021380000000031e-01 3.024601340000000471e-01 8.752462799999999321e-02 9.178496199999999772e-02 0.000000000000000000e+00 9.707796300000000045e-01 4.437417419999999946e-01 2.016852580000000061e-01 4.647515340000000217e-01 3.527248020000000039e-01 4.850962600000000013e-01 4.209352960000000143e-01 9.915718979999998961e-01 9.738183039999999124e-01 9.896052059999999040e-01 9.635285440000000978e-01 9.907653560000000414e-01 9.769872100000001058e-01 5.018761599999999046e-01 1.465985959999999699e-01
1.109527120000000089e-01 1.050912639999999898e-01 6.456122040000000784e-01 3.321880300000000230e-01 1.143003459999999832e-01 1.039621959999999790e-01 9.707796300000000045e-01 0.000000000000000000e+00 4.412301100000000642e-01 1.981347519999999973e-01 4.366728160000000192e-01 3.812259720000000240e-01 5.353624040000000139e-01 4.377892219999999779e-01 9.763553159999999176e-01 9.860834339999999809e-01 9.762048780000001091e-01 9.760729820000001444e-01 9.808446480000000411e-01 9.832887180000000615e-01 5.515465520000000232e-01 1.508312519999999990e-01
3.524380619999999964e-01 3.922906700000000635e-01 4.098044439999999899e-01 3.459842180000000100e-01 3.654033999999999893e-01 4.000649100000000513e-01 4.437417419999999946e-01 4.412301100000000642e-01 0.000000000000000000e+00 1.879581939999999951e-01 8.380258420000000763e-01 2.114826260000000069e-01 2.294187420000000088e-01 2.161171920000000135e-01 4.499322519999999770e-01 4.749432719999999719e-01 4.479940680000000230e-01 4.830954400000000426e-01 4.522136640000000152e-01 4.733627300000000093e-01 2.407720579999999833e-01 3.779008839999999925e-01
3.103686700000000132e-01 3.349586399999999742e-01 2.516153720000000038e-01 2.857915899999999843e-01 3.124599459999999884e-01 3.417279320000000675e-01 2.016852580000000061e-01 1.981347519999999973e-01 1.879581939999999951e-01 0.000000000000000000e+00 1.815312920000000108e-01 7.639745399999999798e-01 2.819151039999999719e-01 6.411901839999999408e-01 1.937676660000000051e-01 2.081444679999999714e-01 1.963142260000000083e-01 2.082534000000000329e-01 1.965882099999999855e-01 1.987723880000000221e-01 3.528955619999999405e-01 3.607038499999999925e-01
3.568912379999999440e-01 3.975202159999999818e-01 4.791870219999999625e-01 3.670489179999999463e-01 3.763296040000000398e-01 4.103151660000000089e-01 4.647515340000000217e-01 4.366728160000000192e-01 8.380258420000000763e-01 1.815312920000000108e-01 0.000000000000000000e+00 1.823802360000000011e-01 2.587448019999999960e-01 2.126499119999999965e-01 4.615566600000000075e-01 4.792249860000000194e-01 4.540438200000000424e-01 4.913338759999999472e-01 4.580161099999999763e-01 4.837972400000000173e-01 2.433355919999999895e-01 4.247639959999999770e-01
2.281514379999999842e-01 2.536358200000000118e-01 3.146054600000000034e-01 3.298383619999999961e-01 2.143491919999999662e-01 2.538070780000000193e-01 3.527248020000000039e-01 3.812259720000000240e-01 2.114826260000000069e-01 7.639745399999999798e-01 1.823802360000000011e-01 0.000000000000000000e+00 3.287429419999999824e-01 8.689977000000000951e-01 3.382391639999999811e-01 3.591703439999999747e-01 3.406872140000000160e-01 3.456105960000000477e-01 3.449740620000000257e-01 3.462777459999999974e-01 3.950731939999999609e-01 2.803837660000000342e-01
3.744891019999999626e-01 3.779109760000000096e-01 3.111686880000000266e-01 3.118015040000000626e-01 3.601827479999999970e-01 3.951741039999999705e-01 4.850962600000000013e-01 5.353624040000000139e-01 2.294187420000000088e-01 2.819151039999999719e-01 2.587448019999999960e-01 3.287429419999999824e-01 0.000000000000000000e+00 3.310180019999999779e-01 5.017256079999999896e-01 4.975818060000000154e-01 5.036608800000000885e-01 4.984177459999999948e-01 5.082220559999999221e-01 5.029715120000000095e-01 8.331496960000001062e-01 6.108626259999999641e-01
1.837787180000000076e-01 1.721430780000000049e-01 3.563910959999999628e-01 3.716274560000000227e-01 1.519294819999999768e-01 1.646960500000000105e-01 4.209352960000000143e-01 4.377892219999999779e-01 2.161171920000000135e-01 6.411901839999999408e-01 2.126499119999999965e-01 8.689977000000000951e-01 3.310180019999999779e-01 0.000000000000000000e+00 4.174084679999999770e-01 4.407960519999999383e-01 4.127601420000000521e-01 4.387525799999999476e-01 4.205229440000000096e-01 4.362689460000000463e-01 4.476590100000000239e-01 2.639474039999999411e-01
6.553496999999999795e-02 6.674173399999999701e-02 6.367974519999999305e-01 3.184165540000000183e-01 7.533109200000000227e-02 7.211217600000000005e-02 9.915718979999998961e-01 9.763553159999999176e-01 4.499322519999999770e-01 1.937676660000000051e-01 4.615566600000000075e-01 3.382391639999999811e-01 5.017256079999999896e-01 4.174084679999999770e-01 0.000000000000000000e+00 9.796906300000000067e-01 9.965698140000001093e-01 9.721964520000000443e-01 9.978768959999999577e-01 9.847845299999999913e-01 5.232174099999999939e-01 1.680334600000000234e-01
8.618950799999999801e-02 8.927838600000001512e-02 6.507786779999999993e-01 3.178865780000000307e-01 9.278077599999999536e-02 9.409979400000000049e-02 9.738183039999999124e-01 9.860834339999999809e-01 4.749432719999999719e-01 2.081444679999999714e-01 4.792249860000000194e-01 3.591703439999999747e-01 4.975818060000000154e-01 4.407960519999999383e-01 9.796906300000000067e-01 0.000000000000000000e+00 9.769112919999999312e-01 9.936973679999999698e-01 9.838597480000000894e-01 9.965586899999999693e-01 5.147912080000000001e-01 1.364303659999999974e-01
7.241243799999999564e-02 7.208698999999998969e-02 6.397352979999999523e-01 3.232247240000000188e-01 8.823618400000000916e-02 7.818809000000000176e-02 9.896052059999999040e-01 9.762048780000001091e-01 4.479940680000000230e-01 1.963142260000000083e-01 4.540438200000000424e-01 3.406872140000000160e-01 5.036608800000000885e-01 4.127601420000000521e-01 9.965698140000001093e-01 9.769112919999999312e-01 0.000000000000000000e+00 9.686787159999999952e-01 9.984859000000000373e-01 9.804949279999999323e-01 5.230431460000000143e-01 1.633588499999999999e-01
7.365192400000000750e-02 7.547204600000000096e-02 6.489185760000000247e-01 3.195181260000000134e-01 7.841803399999999757e-02 8.248145599999999467e-02 9.635285440000000978e-01 9.760729820000001444e-01 4.830954400000000426e-01 2.082534000000000329e-01 4.913338759999999472e-01 3.456105960000000477e-01 4.984177459999999948e-01 4.387525799999999476e-01 9.721964520000000443e-01 9.936973679999999698e-01 9.686787159999999952e-01 0.000000000000000000e+00 9.754624200000000522e-01 9.962789940000000843e-01 5.226225839999999456e-01 1.496546480000000012e-01
6.831829999999999847e-02 6.842613799999999746e-02 6.388153840000000416e-01 3.202448880000000608e-01 8.251420199999999483e-02 7.569767199999999363e-02 9.907653560000000414e-01 9.808446480000000411e-01 4.522136640000000152e-01 1.965882099999999855e-01 4.580161099999999763e-01 3.449740620000000257e-01 5.082220559999999221e-01 4.205229440000000096e-01 9.978768959999999577e-01 9.838597480000000894e-01 9.984859000000000373e-01 9.754624200000000522e-01 0.000000000000000000e+00 9.866299299999999883e-01 5.264078260000000231e-01 1.644520800000000005e-01
7.465988999999999265e-02 7.752789600000001280e-02 6.469446660000000016e-01 3.187567219999999368e-01 7.578167999999999016e-02 8.401334999999998665e-02 9.769872100000001058e-01 9.832887180000000615e-01 4.733627300000000093e-01 1.987723880000000221e-01 4.837972400000000173e-01 3.462777459999999974e-01 5.029715120000000095e-01 4.362689460000000463e-01 9.847845299999999913e-01 9.965586899999999693e-01 9.804949279999999323e-01 9.962789940000000843e-01 9.866299299999999883e-01 0.000000000000000000e+00 5.259066580000000268e-01 1.576523200000000124e-01
4.107847580000000276e-01 4.124843679999999901e-01 2.961844960000000193e-01 3.402447259999999973e-01 3.904683800000000038e-01 4.152885439999999262e-01 5.018761599999999046e-01 5.515465520000000232e-01 2.407720579999999833e-01 3.528955619999999405e-01 2.433355919999999895e-01 3.950731939999999609e-01 8.331496960000001062e-01 4.476590100000000239e-01 5.232174099999999939e-01 5.147912080000000001e-01 5.230431460000000143e-01 5.226225839999999456e-01 5.264078260000000231e-01 5.259066580000000268e-01 0.000000000000000000e+00 6.984796220000000222e-01
5.727315560000000305e-01 6.021445000000000825e-01 2.425172140000000365e-01 5.207831659999999641e-01 5.548990799999999890e-01 6.235577460000000238e-01 1.465985959999999699e-01 1.508312519999999990e-01 3.779008839999999925e-01 3.607038499999999925e-01 4.247639959999999770e-01 2.803837660000000342e-01 6.108626259999999641e-01 2.639474039999999411e-01 1.680334600000000234e-01 1.364303659999999974e-01 1.633588499999999999e-01 1.496546480000000012e-01 1.644520800000000005e-01 1.576523200000000124e-01 6.984796220000000222e-01 0.000000000000000000e+00
