0.000000000000000000e+00 9.808205759999999440e-01 4.200594640000000490e-01 5.440303279999999519e-01 9.789161520000000394e-01 9.723760919999999697e-01 1.011825559999999929e-01 1.188070559999999942e-01 3.970399960000000061e-01 4.992408539999999562e-01 3.871103120000000120e-01 4.582273480000000343e-01 4.462897380000000469e-01 3.104376659999999455e-01 6.902985799999999950e-02 6.123737999999999404e-02 8.676553800000000316e-02 6.320683600000001623e-02 7.662736400000000336e-02 5.611669200000000274e-02 4.250912379999999824e-01 4.500675980000000687e-01
9.808205759999999440e-01 0.000000000000000000e+00 3.741105120000000062e-01 4.967536899999999700e-01 9.900185159999999041e-01 9.940633240000000814e-01 1.066460540000000040e-01 1.271313319999999858e-01 4.011313139999999611e-01 4.922536479999999881e-01 3.852529359999999903e-01 4.480395400000000139e-01 4.463176080000000323e-01 3.095480139999999825e-01 7.889881600000001050e-02 7.216657799999999512e-02 9.020342600000000322e-02 7.309490200000000326e-02 8.074358199999999430e-02 6.721694000000000280e-02 4.236469320000000316e-01 4.860352599999999690e-01
4.200594640000000490e-01 3.741105120000000062e-01 0.000000000000000000e+00 7.468357419999999136e-01 3.684975659999999986e-01 3.705206579999999472e-01 4.533183560000000334e-01 4.184463760000000088e-01 7.156977980000001072e-01 5.075632779999998956e-01 7.159133800000001546e-01 4.127472440000000131e-01 6.642228020000000566e-01 2.558446560000000036e-01 3.435174159999999643e-01 3.581132040000000183e-01 3.702840720000000196e-01 3.825888319999999898e-01 3.542832399999999993e-01 3.577706280000000350e-01 5.694419359999999264e-01 2.853663599999999856e-01
5.440303279999999519e-01 4.967536899999999700e-01 7.468357419999999136e-01 0.000000000000000000e+00 4.998716159999999631e-01 4.863146419999999637e-01 3.279074700000000342e-01 3.396371200000000146e-01 5.627679320000000818e-01 5.886656160000000026e-01 5.599975159999999175e-01 5.264457599999999848e-01 5.709336299999999698e-01 2.917582120000000168e-01 2.265816679999999861e-01 2.265752780000000188e-01 2.585945980000000088e-01 2.542796600000000184e-01 2.404766680000000323e-01 2.310013940000000265e-01 4.774261499999999936e-01 4.391886239999999719e-01
9.789161520000000394e-01 9.900185159999999041e-01 3.684975659999999986e-01 4.998716159999999631e-01 0.000000000000000000e+00 9.809439920000000424e-01 9.566029400000000682e-02 1.328355339999999774e-01 3.988628379999999973e-01 4.935442059999999853e-01 3.800692760000000670e-01 4.629169240000000629e-01 4.428802020000000006e-01 3.224862360000000372e-01 7.376626000000000016e-02 6.343034000000000172e-02 8.827211599999999769e-02 6.203307799999999844e-02 7.815914799999999774e-02 5.391474400000000056e-02 4.191851620000000556e-01 4.814819919999999698e-01
9.723760919999999697e-01 9.940633240000000814e-01 3.705206579999999472e-01 4.863146419999999637e-01 9.809439920000000424e-01 0.000000000000000000e+00 1.201883940000000039e-01 1.298351759999999966e-01 4.081828980000000162e-01 4.911769279999999571e-01 3.952268419999999671e-01 4.458967939999999852e-01 4.438960279999999980e-01 3.133775239999999629e-01 8.710465399999998970e-02 7.703910799999999504e-02 9.723491199999999279e-02 8.271788800000000330e-02 8.734652400000000871e-02 7.422191000000000205e-02 4.273830099999999521e-01 4.913753559999999854e-01
1.011825559999999929e-01 1.066460540000000040e-01 4.533183560000000334e-01 3.279074700000000342e-01 9.566029400000000682e-02 1.201883940000000039e-01 0.000000000000000000e+00 9.372595400000000021e-01 3.842089020000000188e-01 1.950193779999999932e-01 3.657389860000000437e-01 2.018262060000000080e-01 3.179372660000000517e-01 2.061629980000000140e-01 9.577827119999999805e-01 9.372271659999998894e-01 9.694362880000000349e-01 9.444299820000001677e-01 9.620243360000000354e-01 9.477000419999999092e-01 4.275361199999999640e-01 2.815893039999999847e-01
1.188070559999999942e-01 1.271313319999999858e-01 4.184463760000000088e-01 3.396371200000000146e-01 1.328355339999999774e-01 1.298351759999999966e-01 9.372595400000000021e-01 0.000000000000000000e+00 3.426652199999999926e-01 2.132686020000000016e-01 3.207070260000000061e-01 2.299363180000000284e-01 2.976679660000000061e-01 1.607358819999999966e-01 9.234081439999999308e-01 9.299011059999999773e-01 9.385503959999998980e-01 9.409392499999998938e-01 9.356409680000000728e-01 9.353449999999998710e-01 4.227177599999999980e-01 2.973921560000000186e-01
3.970399960000000061e-01 4.011313139999999611e-01 7.156977980000001072e-01 5.627679320000000818e-01 3.988628379999999973e-01 4.081828980000000162e-01 3.842089020000000188e-01 3.426652199999999926e-01 0.000000000000000000e+00 6.113286740000000163e-01 9.389434480000000693e-01 4.796639580000000014e-01 6.925757359999999974e-01 2.670425680000000357e-01 2.926011819999999597e-01 3.112342240000000038e-01 3.132523779999999980e-01 3.419851740000000029e-01 2.998991480000000043e-01 3.068867819999999691e-01 6.736011439999999295e-01 4.341078900000000518e-01
4.992408539999999562e-01 4.922536479999999881e-01 5.075632779999998956e-01 5.886656160000000026e-01 4.935442059999999853e-01 4.911769279999999571e-01 1.950193779999999932e-01 2.132686020000000016e-01 6.113286740000000163e-01 0.000000000000000000e+00 5.738459239999998962e-01 8.287807999999999842e-01 6.356716940000000093e-01 5.002334859999999495e-01 1.518585100000000021e-01 1.567480640000000203e-01 1.552251819999999893e-01 1.841077200000000025e-01 1.476947180000000026e-01 1.577363660000000167e-01 6.134752980000000022e-01 5.274108020000000119e-01
3.871103120000000120e-01 3.852529359999999903e-01 7.159133800000001546e-01 5.599975159999999175e-01 3.800692760000000670e-01 3.952268419999999671e-01 3.657389860000000437e-01 3.207070260000000061e-01 9.389434480000000693e-01 5.738459239999998962e-01 0.000000000000000000e+00 4.515549620000000042e-01 7.294264200000000198e-01 2.723259660000000304e-01 2.802131740000000093e-01 3.002957480000000290e-01 2.966296680000000130e-01 3.242873219999999890e-01 2.858449539999999844e-01 2.930352559999999662e-01 6.740953419999999863e-01 4.062678279999999975e-01
4.582273480000000343e-01 4.480395400000000139e-01 4.127472440000000131e-01 5.264457599999999848e-01 4.629169240000000629e-01 4.458967939999999852e-01 2.018262060000000080e-01 2.299363180000000284e-01 4.796639580000000014e-01 8.287807999999999842e-01 4.515549620000000042e-01 0.000000000000000000e+00 4.818925339999999835e-01 5.524421520000000196e-01 1.124512039999999991e-01 1.252314160000000121e-01 1.451257300000000083e-01 1.383022859999999965e-01 1.194780520000000151e-01 1.222710740000000074e-01 4.734667719999999802e-01 4.350112800000000002e-01
4.462897380000000469e-01 4.463176080000000323e-01 6.642228020000000566e-01 5.709336299999999698e-01 4.428802020000000006e-01 4.438960279999999980e-01 3.179372660000000517e-01 2.976679660000000061e-01 6.925757359999999974e-01 6.356716940000000093e-01 7.294264200000000198e-01 4.818925339999999835e-01 0.000000000000000000e+00 3.502963300000000446e-01 3.022159319999999649e-01 2.969745139999999672e-01 2.924742699999999807e-01 2.916784740000000209e-01 2.904560879999999456e-01 2.915917419999999871e-01 7.479448019999999087e-01 3.672478060000000100e-01
3.104376659999999455e-01 3.095480139999999825e-01 2.558446560000000036e-01 2.917582120000000168e-01 3.224862360000000372e-01 3.133775239999999629e-01 2.061629980000000140e-01 1.607358819999999966e-01 2.670425680000000357e-01 5.002334859999999495e-01 2.723259660000000304e-01 5.524421520000000196e-01 3.502963300000000446e-01 0.000000000000000000e+00 2.312896579999999813e-01 2.365297379999999894e-01 2.082246580000000069e-01 2.149576239999999583e-01 2.160662679999999780e-01 2.251115939999999982e-01 2.978578360000000425e-01 3.027340219999999915e-01
6.902985799999999950e-02 7.889881600000001050e-02 3.435174159999999643e-01 2.265816679999999861e-01 7.376626000000000016e-02 8.710465399999998970e-02 9.577827119999999805e-01 9.234081439999999308e-01 2.926011819999999597e-01 1.518585100000000021e-01 2.802131740000000093e-01 1.124512039999999991e-01 3.022159319999999649e-01 2.312896579999999813e-01 0.000000000000000000e+00 9.697501199999999377e-01 9.917902819999999675e-01 9.565571260000000908e-01 9.960052380000000705e-01 9.772488839999999843e-01 3.735736679999999699e-01 2.127683199999999830e-01
6.123737999999999404e-02 7.216657799999999512e-02 3.581132040000000183e-01 2.265752780000000188e-01 6.343034000000000172e-02 7.703910799999999504e-02 9.372271659999998894e-01 9.299011059999999773e-01 3.112342240000000038e-01 1.567480640000000203e-01 3.002957480000000290e-01 1.252314160000000121e-01 2.969745139999999672e-01 2.365297379999999894e-01 9.697501199999999377e-01 0.000000000000000000e+00 9.599946219999999641e-01 9.854202340000000060e-01 9.724960739999998216e-01 9.950905960000000494e-01 3.825571459999999591e-01 1.994412140000000055e-01
8.676553800000000316e-02 9.020342600000000322e-02 3.702840720000000196e-01 2.585945980000000088e-01 8.827211599999999769e-02 9.723491199999999279e-02 9.694362880000000349e-01 9.385503959999998980e-01 3.132523779999999980e-01 1.552251819999999893e-01 2.966296680000000130e-01 1.451257300000000083e-01 2.924742699999999807e-01 2.082246580000000069e-01 9.917902819999999675e-01 9.599946219999999641e-01 0.000000000000000000e+00 9.514848819999999208e-01 9.971851980000000504e-01 9.672526040000001268e-01 3.835112180000000426e-01 2.389801060000000255e-01
6.320683600000001623e-02 7.309490200000000326e-02 3.825888319999999898e-01 2.542796600000000184e-01 6.203307799999999844e-02 8.271788800000000330e-02 9.444299820000001677e-01 9.409392499999998938e-01 3.419851740000000029e-01 1.841077200000000025e-01 3.242873219999999890e-01 1.383022859999999965e-01 2.916784740000000209e-01 2.149576239999999583e-01 9.565571260000000908e-01 9.854202340000000060e-01 9.514848819999999208e-01 0.000000000000000000e+00 9.609780260000000407e-01 9.914793820000001867e-01 4.114128579999999924e-01 2.276291500000000023e-01
7.662736400000000336e-02 8.074358199999999430e-02 3.542832399999999993e-01 2.404766680000000323e-01 7.815914799999999774e-02 8.734652400000000871e-02 9.620243360000000354e-01 9.356409680000000728e-01 2.998991480000000043e-01 1.476947180000000026e-01 2.858449539999999844e-01 1.194780520000000151e-01 2.904560879999999456e-01 2.160662679999999780e-01 9.960052380000000705e-01 9.724960739999998216e-01 9.971851980000000504e-01 9.609780260000000407e-01 0.000000000000000000e+00 9.781435419999999770e-01 3.752513080000000056e-01 2.232009540000000070e-01
5.611669200000000274e-02 6.721694000000000280e-02 3.577706280000000350e-01 2.310013940000000265e-01 5.391474400000000056e-02 7.422191000000000205e-02 9.477000419999999092e-01 9.353449999999998710e-01 3.068867819999999691e-01 1.577363660000000167e-01 2.930352559999999662e-01 1.222710740000000074e-01 2.915917419999999871e-01 2.251115939999999982e-01 9.772488839999999843e-01 9.950905960000000494e-01 9.672526040000001268e-01 9.914793820000001867e-01 9.781435419999999770e-01 0.000000000000000000e+00 3.878857459999999757e-01 2.139557700000000173e-01
4.250912379999999824e-01 4.236469320000000316e-01 5.694419359999999264e-01 4.774261499999999936e-01 4.191851620000000556e-01 4.273830099999999521e-01 4.275361199999999640e-01 4.227177599999999980e-01 6.736011439999999295e-01 6.134752980000000022e-01 6.740953419999999863e-01 4.734667719999999802e-01 7.479448019999999087e-01 2.978578360000000425e-01 3.735736679999999699e-01 3.825571459999999591e-01 3.835112180000000426e-01 4.114128579999999924e-01 3.752513080000000056e-01 3.878857459999999757e-01 0.000000000000000000e+00 5.562203519999999735e-01
4.500675980000000687e-01 4.860352599999999690e-01 2.853663599999999856e-01 4.391886239999999719e-01 4.814819919999999698e-01 4.913753559999999854e-01 2.815893039999999847e-01 2.973921560000000186e-01 4.341078900000000518e-01 5.274108020000000119e-01 4.062678279999999975e-01 4.350112800000000002e-01 3.672478060000000100e-01 3.027340219999999915e-01 2.127683199999999830e-01 1.994412140000000055e-01 2.389801060000000255e-01 2.276291500000000023e-01 2.232009540000000070e-01 2.139557700000000173e-01 5.562203519999999735e-01 0.000000000000000000e+00
