0.000000000000000000e+00 2.767518820000000046e-01 2.215757180000000326e-01 2.821010059999999875e-01 2.359757639999999768e-01 7.647181640000000336e-01 2.230518960000000273e-01 2.021079620000000021e-01 1.943574959999999907e-01 1.931338900000000025e-01 1.981455660000000230e-01 2.354723559999999938e-01 1.882664920000000075e-01 1.451537679999999886e-01 1.444339480000000064e-01 2.648274820000000029e-01 2.459901339999999992e-01 2.981678360000000194e-01 2.548239179999999826e-01 2.294661759999999939e-01 1.874930999999999959e-01 2.641746240000000245e-01
2.767518820000000046e-01 0.000000000000000000e+00 2.771444840000000243e-01 3.088077960000000233e-01 7.314039059999999370e-01 2.410739920000000147e-01 1.783870040000000157e-01 2.205392260000000049e-01 3.133747880000000152e-01 2.414108559999999792e-01 2.396831899999999904e-01 2.293090900000000210e-01 2.669047620000000176e-01 3.081694879999999914e-01 3.163978299999999910e-01 1.716117960000000109e-01 2.085608099999999854e-01 2.506771399999999650e-01 2.241751440000000206e-01 2.211044259999999928e-01 2.387059420000000043e-01 3.078651840000000139e-01
2.215757180000000326e-01 2.771444840000000243e-01 0.000000000000000000e+00 3.126274219999999882e-01 3.853361539999999863e-01 2.916929179999999677e-01 5.490852159999999316e-01 2.519901239999999820e-01 4.696259259999999713e-01 5.577096340000000652e-01 8.065300659999999899e-01 2.320404359999999888e-01 7.136591600000000701e-01 2.409593240000000303e-01 2.628433319999999851e-01 2.749703440000000332e-01 2.698371720000000140e-01 2.822544200000000059e-01 2.445028639999999864e-01 2.419103520000000229e-01 7.474250579999999200e-01 4.778781819999999847e-01
2.821010059999999875e-01 3.088077960000000233e-01 3.126274219999999882e-01 0.000000000000000000e+00 3.353962819999999900e-01 2.859948279999999787e-01 1.959711660000000022e-01 6.426043100000000674e-01 5.064242140000000392e-01 2.557951920000000046e-01 2.112272680000000236e-01 7.911197620000000041e-01 2.324536659999999755e-01 5.949573340000000599e-01 2.659736679999999964e-01 2.415160499999999821e-01 2.532261359999999906e-01 3.269883000000000095e-01 2.595956179999999724e-01 2.230339840000000184e-01 1.893852680000000233e-01 4.619972840000000081e-01
2.359757639999999768e-01 7.314039059999999370e-01 3.853361539999999863e-01 3.353962819999999900e-01 0.000000000000000000e+00 2.769763519999999812e-01 2.543924560000000445e-01 2.734107760000000220e-01 2.799155899999999919e-01 3.117655759999999887e-01 2.903452939999999760e-01 2.548725360000000384e-01 2.653389620000000115e-01 2.827582180000000056e-01 4.004567359999999243e-01 1.737858619999999854e-01 2.382806359999999901e-01 2.219280999999999615e-01 2.455399460000000089e-01 2.554230300000000509e-01 3.237626299999999957e-01 2.753784799999999811e-01
7.647181640000000336e-01 2.410739920000000147e-01 2.916929179999999677e-01 2.859948279999999787e-01 2.769763519999999812e-01 0.000000000000000000e+00 2.199072099999999919e-01 1.680566940000000065e-01 1.969951000000000063e-01 2.651150320000000282e-01 2.697982939999999941e-01 2.109403780000000117e-01 2.026806760000000041e-01 2.032349400000000306e-01 1.776405139999999994e-01 2.365669960000000294e-01 2.488727100000000247e-01 2.647136079999999891e-01 2.715632499999999783e-01 2.228491639999999607e-01 2.554900339999999770e-01 3.476373300000000222e-01
2.230518960000000273e-01 1.783870040000000157e-01 5.490852159999999316e-01 1.959711660000000022e-01 2.543924560000000445e-01 2.199072099999999919e-01 0.000000000000000000e+00 2.727032640000000008e-01 3.740655819999999521e-01 5.107448260000000406e-01 5.300192859999999229e-01 2.078679679999999586e-01 5.792871639999999100e-01 2.272851419999999956e-01 3.521244180000000501e-01 2.724257840000000042e-01 2.685872519999999986e-01 3.098270340000000012e-01 3.386216280000000078e-01 3.734357939999999876e-01 5.908116260000000342e-01 4.018493659999999856e-01
2.021079620000000021e-01 2.205392260000000049e-01 2.519901239999999820e-01 6.426043100000000674e-01 2.734107760000000220e-01 1.680566940000000065e-01 2.727032640000000008e-01 0.000000000000000000e+00 3.803513180000000493e-01 2.974946479999999727e-01 2.643822820000000240e-01 7.253457300000000219e-01 2.544408859999999772e-01 3.977294759999999707e-01 3.334440939999999687e-01 1.983509800000000101e-01 2.761281939999999380e-01 3.155405919999999531e-01 2.949880420000000614e-01 2.726701779999999853e-01 2.879344860000000450e-01 6.461097380000000445e-01
1.943574959999999907e-01 3.133747880000000152e-01 4.696259259999999713e-01 5.064242140000000392e-01 2.799155899999999919e-01 1.969951000000000063e-01 3.740655819999999521e-01 3.803513180000000493e-01 0.000000000000000000e+00 2.198271939999999758e-01 4.674873480000000248e-01 4.064653899999999820e-01 4.962134879999999804e-01 4.747459740000000150e-01 2.314494400000000063e-01 2.846685020000000454e-01 2.352593940000000106e-01 3.135521440000000326e-01 2.705576580000000342e-01 2.214029359999999946e-01 3.834857900000000486e-01 4.671352420000000061e-01
1.931338900000000025e-01 2.414108559999999792e-01 5.577096340000000652e-01 2.557951920000000046e-01 3.117655759999999887e-01 2.651150320000000282e-01 5.107448260000000406e-01 2.974946479999999727e-01 2.198271939999999758e-01 0.000000000000000000e+00 5.765508759999999899e-01 2.383546439999999489e-01 5.553770099999999488e-01 3.853356660000000211e-01 2.883211299999999810e-01 2.275694739999999938e-01 2.046438080000000104e-01 2.745493399999999751e-01 2.032324179999999703e-01 2.419799019999999690e-01 6.205693319999999735e-01 4.248406400000000471e-01
1.981455660000000230e-01 2.396831899999999904e-01 8.065300659999999899e-01 2.112272680000000236e-01 2.903452939999999760e-01 2.697982939999999941e-01 5.300192859999999229e-01 2.643822820000000240e-01 4.674873480000000248e-01 5.765508759999999899e-01 0.000000000000000000e+00 1.942839660000000024e-01 7.608031799999999123e-01 2.445011800000000124e-01 2.755900640000000235e-01 2.946627419999999775e-01 2.506200499999999831e-01 2.274966619999999884e-01 2.234796119999999942e-01 1.999715219999999849e-01 8.207389599999999064e-01 5.773582239999999199e-01
2.354723559999999938e-01 2.293090900000000210e-01 2.320404359999999888e-01 7.911197620000000041e-01 2.548725360000000384e-01 2.109403780000000117e-01 2.078679679999999586e-01 7.253457300000000219e-01 4.064653899999999820e-01 2.383546439999999489e-01 1.942839660000000024e-01 0.000000000000000000e+00 1.495292940000000070e-01 5.315683479999999683e-01 3.638927360000000499e-01 2.736043340000000046e-01 3.433665060000000158e-01 3.493603319999999957e-01 3.683888880000000254e-01 2.597880739999999800e-01 1.243234179999999911e-01 4.778232100000000537e-01
1.882664920000000075e-01 2.669047620000000176e-01 7.136591600000000701e-01 2.324536659999999755e-01 2.653389620000000115e-01 2.026806760000000041e-01 5.792871639999999100e-01 2.544408859999999772e-01 4.962134879999999804e-01 5.553770099999999488e-01 7.608031799999999123e-01 1.495292940000000070e-01 0.000000000000000000e+00 2.082913359999999936e-01 3.201164400000000021e-01 3.147377219999999975e-01 3.150888119999999959e-01 2.826919960000000009e-01 2.526561979999999985e-01 1.989406840000000065e-01 7.414856079999999627e-01 4.964178999999999675e-01
1.451537679999999886e-01 3.081694879999999914e-01 2.409593240000000303e-01 5.949573340000000599e-01 2.827582180000000056e-01 2.032349400000000306e-01 2.272851419999999956e-01 3.977294759999999707e-01 4.747459740000000150e-01 3.853356660000000211e-01 2.445011800000000124e-01 5.315683479999999683e-01 2.082913359999999936e-01 0.000000000000000000e+00 2.859925200000000278e-01 2.682133600000000118e-01 1.839908339999999920e-01 2.756601240000000064e-01 2.104981120000000150e-01 2.205856260000000069e-01 2.449588119999999980e-01 3.871995780000000442e-01
1.444339480000000064e-01 3.163978299999999910e-01 2.628433319999999851e-01 2.659736679999999964e-01 4.004567359999999243e-01 1.776405139999999994e-01 3.521244180000000501e-01 3.334440939999999687e-01 2.314494400000000063e-01 2.883211299999999810e-01 2.755900640000000235e-01 3.638927360000000499e-01 3.201164400000000021e-01 2.859925200000000278e-01 0.000000000000000000e+00 2.554831760000000340e-01 3.551432280000000330e-01 3.022967739999999903e-01 3.572118539999999953e-01 5.713093139999999570e-01 3.050483679999999587e-01 2.911545859999999930e-01
2.648274820000000029e-01 1.716117960000000109e-01 2.749703440000000332e-01 2.415160499999999821e-01 1.737858619999999854e-01 2.365669960000000294e-01 2.724257840000000042e-01 1.983509800000000101e-01 2.846685020000000454e-01 2.275694739999999938e-01 2.946627419999999775e-01 2.736043340000000046e-01 3.147377219999999975e-01 2.682133600000000118e-01 2.554831760000000340e-01 0.000000000000000000e+00 3.525706339999999939e-01 4.447134199999999704e-01 4.802745899999999457e-01 4.243905500000000330e-01 2.318400680000000380e-01 2.866959059999999448e-01
2.459901339999999992e-01 2.085608099999999854e-01 2.698371720000000140e-01 2.532261359999999906e-01 2.382806359999999901e-01 2.488727100000000247e-01 2.685872519999999986e-01 2.761281939999999380e-01 2.352593940000000106e-01 2.046438080000000104e-01 2.506200499999999831e-01 3.433665060000000158e-01 3.150888119999999959e-01 1.839908339999999920e-01 3.551432280000000330e-01 3.525706339999999939e-01 0.000000000000000000e+00 2.097678420000000377e-01 8.044788519999999110e-01 3.430356140000000442e-01 2.716858699999999960e-01 2.809914459999999781e-01
2.981678360000000194e-01 2.506771399999999650e-01 2.822544200000000059e-01 3.269883000000000095e-01 2.219280999999999615e-01 2.647136079999999891e-01 3.098270340000000012e-01 3.155405919999999531e-01 3.135521440000000326e-01 2.745493399999999751e-01 2.274966619999999884e-01 3.493603319999999957e-01 2.826919960000000009e-01 2.756601240000000064e-01 3.022967739999999903e-01 4.447134199999999704e-01 2.097678420000000377e-01 0.000000000000000000e+00 2.354499859999999722e-01 7.126708900000000568e-01 2.228107239999999878e-01 3.270977880000000004e-01
2.548239179999999826e-01 2.241751440000000206e-01 2.445028639999999864e-01 2.595956179999999724e-01 2.455399460000000089e-01 2.715632499999999783e-01 3.386216280000000078e-01 2.949880420000000614e-01 2.705576580000000342e-01 2.032324179999999703e-01 2.234796119999999942e-01 3.683888880000000254e-01 2.526561979999999985e-01 2.104981120000000150e-01 3.572118539999999953e-01 4.802745899999999457e-01 8.044788519999999110e-01 2.354499859999999722e-01 0.000000000000000000e+00 4.043993160000000087e-01 2.128100840000000105e-01 2.976085480000000283e-01
2.294661759999999939e-01 2.211044259999999928e-01 2.419103520000000229e-01 2.230339840000000184e-01 2.554230300000000509e-01 2.228491639999999607e-01 3.734357939999999876e-01 2.726701779999999853e-01 2.214029359999999946e-01 2.419799019999999690e-01 1.999715219999999849e-01 2.597880739999999800e-01 1.989406840000000065e-01 2.205856260000000069e-01 5.713093139999999570e-01 4.243905500000000330e-01 3.430356140000000442e-01 7.126708900000000568e-01 4.043993160000000087e-01 0.000000000000000000e+00 1.554642959999999741e-01 2.725364799999999699e-01
1.874930999999999959e-01 2.387059420000000043e-01 7.474250579999999200e-01 1.893852680000000233e-01 3.237626299999999957e-01 2.554900339999999770e-01 5.908116260000000342e-01 2.879344860000000450e-01 3.834857900000000486e-01 6.205693319999999735e-01 8.207389599999999064e-01 1.243234179999999911e-01 7.414856079999999627e-01 2.449588119999999980e-01 3.050483679999999587e-01 2.318400680000000380e-01 2.716858699999999960e-01 2.228107239999999878e-01 2.128100840000000105e-01 1.554642959999999741e-01 0.000000000000000000e+00 5.962766640000000118e-01
2.641746240000000245e-01 3.078651840000000139e-01 4.778781819999999847e-01 4.619972840000000081e-01 2.753784799999999811e-01 3.476373300000000222e-01 4.018493659999999856e-01 6.461097380000000445e-01 4.671352420000000061e-01 4.248406400000000471e-01 5.773582239999999199e-01 4.778232100000000537e-01 4.964178999999999675e-01 3.871995780000000442e-01 2.911545859999999930e-01 2.866959059999999448e-01 2.809914459999999781e-01 3.270977880000000004e-01 2.976085480000000283e-01 2.725364799999999699e-01 5.962766640000000118e-01 0.000000000000000000e+00
