0.000000000000000000e+00 7.679621720000000540e-01 5.634217780000000397e-01 6.140032960000000317e-01 7.346845300000000023e-01 7.411798120000000489e-01 3.164218500000000045e-01 4.086942539999999791e-01 4.407570619999999773e-01 4.025738839999999930e-01 4.116190659999999224e-01 3.254926200000000103e-01 3.912036420000000181e-01 4.941805999999999699e-01 3.739243259999999736e-01 4.284645579999999399e-01 3.983355480000000393e-01 3.318967720000000066e-01 4.102629560000000675e-01 3.533250680000000199e-01 3.452108939999999904e-01 3.256631959999999881e-01
7.679621720000000540e-01 0.000000000000000000e+00 4.246241879999999580e-01 4.166949759999999392e-01 8.692341380000000450e-01 8.775865179999999821e-01 2.735209759999999712e-01 3.263094119999999654e-01 3.677244739999999679e-01 3.239342180000000515e-01 3.542233080000000145e-01 2.464232319999999921e-01 3.875143639999999445e-01 3.440091879999999658e-01 3.950463459999999927e-01 3.601563520000000129e-01 3.804257560000000038e-01 3.593062599999999884e-01 4.045529019999999920e-01 4.027108560000000059e-01 2.752966479999999772e-01 3.846778659999999794e-01
5.634217780000000397e-01 4.246241879999999580e-01 0.000000000000000000e+00 7.317777580000000004e-01 4.018662259999999931e-01 4.243659199999999521e-01 5.371238619999999520e-01 5.232353240000000572e-01 7.519490799999999364e-01 6.637886699999999696e-01 7.800069559999999180e-01 5.343387559999999148e-01 7.602491479999999857e-01 5.446483720000000472e-01 3.429766760000000358e-01 3.645117720000000117e-01 3.943764539999999874e-01 3.993783020000000183e-01 3.313663180000000485e-01 3.728621239999999615e-01 6.272171300000000116e-01 2.716909379999999929e-01
6.140032960000000317e-01 4.166949759999999392e-01 7.317777580000000004e-01 0.000000000000000000e+00 3.748518159999999488e-01 4.180797039999999964e-01 4.012581479999999812e-01 6.903174140000001291e-01 6.207317459999999176e-01 6.780827940000000442e-01 5.437239320000000209e-01 6.968578900000000909e-01 5.700544199999999506e-01 6.495488600000000057e-01 3.146354199999999990e-01 4.046729380000000376e-01 3.215048440000000118e-01 3.602209920000000176e-01 3.516687360000000373e-01 3.834179919999999853e-01 4.664807979999999743e-01 3.662633399999999928e-01
7.346845300000000023e-01 8.692341380000000450e-01 4.018662259999999931e-01 3.748518159999999488e-01 0.000000000000000000e+00 7.912069080000000421e-01 2.815224579999999754e-01 2.661034779999999489e-01 4.118818300000000043e-01 2.561148260000000176e-01 3.938599239999999724e-01 2.192799899999999802e-01 3.757851199999999725e-01 3.385846399999999923e-01 3.517981000000000025e-01 3.989473900000000128e-01 3.244237260000000234e-01 3.671177519999999639e-01 3.893605380000000338e-01 4.098307820000000601e-01 2.657105700000000348e-01 2.977303099999999980e-01
7.411798120000000489e-01 8.775865179999999821e-01 4.243659199999999521e-01 4.180797039999999964e-01 7.912069080000000421e-01 0.000000000000000000e+00 2.895888799999999930e-01 3.084118180000000042e-01 3.591696439999999546e-01 3.071582560000000184e-01 3.629703180000000140e-01 2.354909300000000150e-01 4.135885979999999185e-01 3.804639260000000078e-01 3.966641539999999910e-01 3.846360839999999892e-01 4.310089900000000362e-01 3.796753680000000131e-01 4.304193559999999752e-01 3.799416960000000509e-01 2.672471720000000328e-01 3.944304279999999996e-01
3.164218500000000045e-01 2.735209759999999712e-01 5.371238619999999520e-01 4.012581479999999812e-01 2.815224579999999754e-01 2.895888799999999930e-01 0.000000000000000000e+00 3.813849740000000432e-01 5.680155699999999142e-01 5.098423939999999766e-01 6.434787260000000009e-01 3.535028179999999964e-01 6.080189400000000077e-01 2.914321960000000322e-01 2.351418680000000039e-01 1.957759479999999774e-01 3.241892080000000620e-01 2.541638580000000203e-01 1.486527040000000244e-01 2.315272199999999780e-01 6.285896140000000187e-01 1.748426419999999926e-01
4.086942539999999791e-01 3.263094119999999654e-01 5.232353240000000572e-01 6.903174140000001291e-01 2.661034779999999489e-01 3.084118180000000042e-01 3.813849740000000432e-01 0.000000000000000000e+00 4.951638179999999778e-01 7.110436799999999558e-01 3.863087660000000256e-01 7.405510859999999695e-01 4.462653959999999809e-01 5.624134620000000861e-01 2.015208059999999968e-01 1.608343879999999948e-01 2.863718499999999834e-01 2.557738200000000406e-01 2.033536840000000068e-01 2.121449939999999756e-01 4.668951000000000073e-01 3.964694919999999789e-01
4.407570619999999773e-01 3.677244739999999679e-01 7.519490799999999364e-01 6.207317459999999176e-01 4.118818300000000043e-01 3.591696439999999546e-01 5.680155699999999142e-01 4.951638179999999778e-01 0.000000000000000000e+00 7.300514119999998996e-01 8.821222640000000448e-01 5.967655219999999927e-01 7.794332259999999790e-01 4.434665059999999270e-01 4.139564659999999674e-01 4.567896439999999947e-01 3.453340660000000506e-01 4.689922880000000349e-01 3.513341179999999730e-01 4.685979300000000514e-01 6.724378699999998821e-01 2.934441219999999739e-01
4.025738839999999930e-01 3.239342180000000515e-01 6.637886699999999696e-01 6.780827940000000442e-01 2.561148260000000176e-01 3.071582560000000184e-01 5.098423939999999766e-01 7.110436799999999558e-01 7.300514119999998996e-01 0.000000000000000000e+00 6.537202499999998917e-01 7.797153059999999414e-01 7.078965300000000793e-01 4.771014339999999909e-01 3.571844460000000443e-01 4.102160839999999808e-01 2.747891000000000084e-01 4.371622160000000479e-01 2.922979360000000359e-01 4.126135759999999264e-01 6.987490559999999240e-01 3.398818860000000219e-01
4.116190659999999224e-01 3.542233080000000145e-01 7.800069559999999180e-01 5.437239320000000209e-01 3.938599239999999724e-01 3.629703180000000140e-01 6.434787260000000009e-01 3.863087660000000256e-01 8.821222640000000448e-01 6.537202499999998917e-01 0.000000000000000000e+00 4.881484859999999371e-01 8.529838560000000403e-01 3.956483780000000228e-01 3.670573879999999845e-01 3.884223840000000094e-01 3.143042219999999665e-01 4.280912860000000153e-01 3.309177280000000221e-01 4.274074759999999529e-01 7.355555000000000287e-01 3.026030539999999824e-01
3.254926200000000103e-01 2.464232319999999921e-01 5.343387559999999148e-01 6.968578900000000909e-01 2.192799899999999802e-01 2.354909300000000150e-01 3.535028179999999964e-01 7.405510859999999695e-01 5.967655219999999927e-01 7.797153059999999414e-01 4.881484859999999371e-01 0.000000000000000000e+00 5.357726460000000746e-01 5.077839180000000008e-01 2.890137079999999803e-01 3.997000800000000131e-01 2.061244040000000111e-01 4.262133439999999385e-01 2.542625820000000147e-01 3.618653860000000111e-01 5.210304460000000359e-01 4.368416340000000342e-01
3.912036420000000181e-01 3.875143639999999445e-01 7.602491479999999857e-01 5.700544199999999506e-01 3.757851199999999725e-01 4.135885979999999185e-01 6.080189400000000077e-01 4.462653959999999809e-01 7.794332259999999790e-01 7.078965300000000793e-01 8.529838560000000403e-01 5.357726460000000746e-01 0.000000000000000000e+00 4.336163700000000287e-01 3.934143139999999872e-01 3.582359339999999781e-01 3.129689599999999627e-01 3.896247700000000092e-01 3.164492720000000037e-01 4.153724779999999894e-01 7.637362640000000535e-01 2.344626740000000376e-01
4.941805999999999699e-01 3.440091879999999658e-01 5.446483720000000472e-01 6.495488600000000057e-01 3.385846399999999923e-01 3.804639260000000078e-01 2.914321960000000322e-01 5.624134620000000861e-01 4.434665059999999270e-01 4.771014339999999909e-01 3.956483780000000228e-01 5.077839180000000008e-01 4.336163700000000287e-01 0.000000000000000000e+00 2.810879099999999964e-01 3.445939359999999896e-01 3.053526659999999948e-01 3.019452340000000068e-01 3.395500160000000101e-01 2.688593380000000033e-01 3.674554420000000210e-01 2.936174460000000042e-01
3.739243259999999736e-01 3.950463459999999927e-01 3.429766760000000358e-01 3.146354199999999990e-01 3.517981000000000025e-01 3.966641539999999910e-01 2.351418680000000039e-01 2.015208059999999968e-01 4.139564659999999674e-01 3.571844460000000443e-01 3.670573879999999845e-01 2.890137079999999803e-01 3.934143139999999872e-01 2.810879099999999964e-01 0.000000000000000000e+00 3.331153180000000491e-01 4.862332040000000299e-01 3.468355980000000227e-01 4.881678420000000185e-01 5.381676439999999451e-01 2.847395460000000100e-01 3.275686420000000210e-01
4.284645579999999399e-01 3.601563520000000129e-01 3.645117720000000117e-01 4.046729380000000376e-01 3.989473900000000128e-01 3.846360839999999892e-01 1.957759479999999774e-01 1.608343879999999948e-01 4.567896439999999947e-01 4.102160839999999808e-01 3.884223840000000094e-01 3.997000800000000131e-01 3.582359339999999781e-01 3.445939359999999896e-01 3.331153180000000491e-01 0.000000000000000000e+00 2.543373140000000365e-01 6.383075799999999855e-01 5.354520579999999530e-01 4.909594760000000058e-01 3.257858100000000090e-01 4.168329099999999454e-01
3.983355480000000393e-01 3.804257560000000038e-01 3.943764539999999874e-01 3.215048440000000118e-01 3.244237260000000234e-01 4.310089900000000362e-01 3.241892080000000620e-01 2.863718499999999834e-01 3.453340660000000506e-01 2.747891000000000084e-01 3.143042219999999665e-01 2.061244040000000111e-01 3.129689599999999627e-01 3.053526659999999948e-01 4.862332040000000299e-01 2.543373140000000365e-01 0.000000000000000000e+00 2.323670499999999917e-01 7.305138899999999991e-01 3.772397300000000508e-01 2.586370420000000392e-01 3.928492299999999937e-01
3.318967720000000066e-01 3.593062599999999884e-01 3.993783020000000183e-01 3.602209920000000176e-01 3.671177519999999639e-01 3.796753680000000131e-01 2.541638580000000203e-01 2.557738200000000406e-01 4.689922880000000349e-01 4.371622160000000479e-01 4.280912860000000153e-01 4.262133439999999385e-01 3.896247700000000092e-01 3.019452340000000068e-01 3.468355980000000227e-01 6.383075799999999855e-01 2.323670499999999917e-01 0.000000000000000000e+00 3.942605399999999927e-01 6.567993719999999369e-01 3.293860620000000350e-01 4.087319980000000408e-01
4.102629560000000675e-01 4.045529019999999920e-01 3.313663180000000485e-01 3.516687360000000373e-01 3.893605380000000338e-01 4.304193559999999752e-01 1.486527040000000244e-01 2.033536840000000068e-01 3.513341179999999730e-01 2.922979360000000359e-01 3.309177280000000221e-01 2.542625820000000147e-01 3.164492720000000037e-01 3.395500160000000101e-01 4.881678420000000185e-01 5.354520579999999530e-01 7.305138899999999991e-01 3.942605399999999927e-01 0.000000000000000000e+00 3.735139519999999824e-01 2.381881980000000176e-01 4.073805140000000269e-01
3.533250680000000199e-01 4.027108560000000059e-01 3.728621239999999615e-01 3.834179919999999853e-01 4.098307820000000601e-01 3.799416960000000509e-01 2.315272199999999780e-01 2.121449939999999756e-01 4.685979300000000514e-01 4.126135759999999264e-01 4.274074759999999529e-01 3.618653860000000111e-01 4.153724779999999894e-01 2.688593380000000033e-01 5.381676439999999451e-01 4.909594760000000058e-01 3.772397300000000508e-01 6.567993719999999369e-01 3.735139519999999824e-01 0.000000000000000000e+00 3.194061559999999966e-01 3.764155000000000140e-01
3.452108939999999904e-01 2.752966479999999772e-01 6.272171300000000116e-01 4.664807979999999743e-01 2.657105700000000348e-01 2.672471720000000328e-01 6.285896140000000187e-01 4.668951000000000073e-01 6.724378699999998821e-01 6.987490559999999240e-01 7.355555000000000287e-01 5.210304460000000359e-01 7.637362640000000535e-01 3.674554420000000210e-01 2.847395460000000100e-01 3.257858100000000090e-01 2.586370420000000392e-01 3.293860620000000350e-01 2.381881980000000176e-01 3.194061559999999966e-01 0.000000000000000000e+00 1.957133940000000405e-01
3.256631959999999881e-01 3.846778659999999794e-01 2.716909379999999929e-01 3.662633399999999928e-01 2.977303099999999980e-01 3.944304279999999996e-01 1.748426419999999926e-01 3.964694919999999789e-01 2.934441219999999739e-01 3.398818860000000219e-01 3.026030539999999824e-01 4.368416340000000342e-01 2.344626740000000376e-01 2.936174460000000042e-01 3.275686420000000210e-01 4.168329099999999454e-01 3.928492299999999937e-01 4.087319980000000408e-01 4.073805140000000269e-01 3.764155000000000140e-01 1.957133940000000405e-01 0.000000000000000000e+00
