0.000000000000000000e+00 9.805852600000000141e-01 2.378928379999999954e-01 4.123058540000000827e-01 9.802990380000000670e-01 9.704547500000000326e-01 1.135649640000000044e-01 9.878808200000001316e-02 2.082501799999999792e-01 2.617125679999999788e-01 2.196205260000000103e-01 2.410908320000000327e-01 2.553437379999999868e-01 2.578717700000000002e-01 7.432766999999998458e-02 7.012466399999998934e-02 7.550761000000000278e-02 9.949244399999998545e-02 7.689876800000000623e-02 8.216905999999998822e-02 2.151482920000000187e-01 3.200828540000000277e-01
9.805852600000000141e-01 0.000000000000000000e+00 1.947392159999999928e-01 3.571734639999999961e-01 9.922665580000000762e-01 9.914779980000000270e-01 1.285594479999999928e-01 1.066559700000000027e-01 2.345960359999999800e-01 2.926920100000000025e-01 2.429275860000000287e-01 2.474195199999999484e-01 2.592508699999999666e-01 2.938203979999999826e-01 8.856495600000000024e-02 8.292241999999999669e-02 9.111050800000000671e-02 1.114120739999999998e-01 8.982905199999999257e-02 9.618391399999999536e-02 2.098131620000000253e-01 2.902708819999999523e-01
2.378928379999999954e-01 1.947392159999999928e-01 0.000000000000000000e+00 7.529853760000000396e-01 2.031951780000000041e-01 1.666720219999999753e-01 4.275725319999999496e-01 4.028660020000000008e-01 8.156615280000000245e-01 6.135184939999999143e-01 8.439944699999999411e-01 4.818728939999999961e-01 7.356476759999999171e-01 4.140544119999999273e-01 3.047591399999999839e-01 2.970662139999999951e-01 3.263236899999999996e-01 3.407286299999999768e-01 3.046706040000000115e-01 3.084797440000000002e-01 7.084420540000000432e-01 4.646305059999999432e-01
4.123058540000000827e-01 3.571734639999999961e-01 7.529853760000000396e-01 0.000000000000000000e+00 3.456761939999999922e-01 3.314864140000000070e-01 3.451471320000000231e-01 3.560429319999999787e-01 5.650655119999999920e-01 5.571968139999999847e-01 5.647913780000000106e-01 4.737611160000000377e-01 5.598980080000000026e-01 4.486064060000000131e-01 2.422503879999999832e-01 2.110232260000000082e-01 2.624574159999999989e-01 2.615642880000000337e-01 2.405739420000000128e-01 2.336798519999999935e-01 5.891194419999999932e-01 5.211700719999999842e-01
9.802990380000000670e-01 9.922665580000000762e-01 2.031951780000000041e-01 3.456761939999999922e-01 0.000000000000000000e+00 9.828513739999999999e-01 1.310995040000000056e-01 1.043421960000000120e-01 2.316880620000000002e-01 3.075615319999999708e-01 2.440323059999999766e-01 2.632964159999999776e-01 2.771268259999999928e-01 2.770546500000000134e-01 8.545007200000000191e-02 8.309206799999999116e-02 8.274123399999999684e-02 1.108533379999999957e-01 8.280978600000001022e-02 9.606051400000001350e-02 2.356162359999999789e-01 2.969434980000000279e-01
9.704547500000000326e-01 9.914779980000000270e-01 1.666720219999999753e-01 3.314864140000000070e-01 9.828513739999999999e-01 0.000000000000000000e+00 1.264929600000000154e-01 1.050328839999999930e-01 2.695790439999999899e-01 3.258157979999999898e-01 2.702211900000000000e-01 2.618915480000000295e-01 2.851674000000000153e-01 3.100474140000000212e-01 9.012950799999999707e-02 8.811338199999999010e-02 9.567870800000000120e-02 1.161242499999999983e-01 9.451814599999999733e-02 9.947677399999999004e-02 2.386331639999999810e-01 2.772364200000000389e-01
1.135649640000000044e-01 1.285594479999999928e-01 4.275725319999999496e-01 3.451471320000000231e-01 1.310995040000000056e-01 1.264929600000000154e-01 0.000000000000000000e+00 9.360549380000000586e-01 4.033541360000000298e-01 3.339615539999999938e-01 3.762238139999999897e-01 2.754111120000000135e-01 3.346786579999999622e-01 2.105239080000000096e-01 9.431818899999999672e-01 9.014093259999998997e-01 9.563750880000000398e-01 9.267856340000000248e-01 9.455152679999999643e-01 9.244489799999999757e-01 3.905105420000000160e-01 3.352208279999999707e-01
9.878808200000001316e-02 1.066559700000000027e-01 4.028660020000000008e-01 3.560429319999999787e-01 1.043421960000000120e-01 1.050328839999999930e-01 9.360549380000000586e-01 0.000000000000000000e+00 3.650300699999999843e-01 3.197870559999999585e-01 3.361028360000000159e-01 3.020175780000000088e-01 2.957696779999999803e-01 1.800988119999999970e-01 9.113318859999999244e-01 9.077193820000000191e-01 9.274482539999999720e-01 9.233870119999998405e-01 9.240320140000001237e-01 9.198921079999999861e-01 3.755012119999999731e-01 3.434793580000000124e-01
2.082501799999999792e-01 2.345960359999999800e-01 8.156615280000000245e-01 5.650655119999999920e-01 2.316880620000000002e-01 2.695790439999999899e-01 4.033541360000000298e-01 3.650300699999999843e-01 0.000000000000000000e+00 7.754412200000000421e-01 9.512001639999999592e-01 6.156514459999999911e-01 8.314228580000001534e-01 3.410437279999999904e-01 2.705348600000000436e-01 2.747495600000000038e-01 2.870552860000000206e-01 3.171788700000000016e-01 2.693026900000000112e-01 2.805821439999999778e-01 7.887150320000000381e-01 4.512046599999999796e-01
2.617125679999999788e-01 2.926920100000000025e-01 6.135184939999999143e-01 5.571968139999999847e-01 3.075615319999999708e-01 3.258157979999999898e-01 3.339615539999999938e-01 3.197870559999999585e-01 7.754412200000000421e-01 0.000000000000000000e+00 7.335629660000000385e-01 8.214815019999999191e-01 7.475200159999999538e-01 4.689975760000000271e-01 2.232513619999999810e-01 2.307552039999999915e-01 2.331600359999999872e-01 2.666578259999999867e-01 2.192921359999999709e-01 2.331865519999999914e-01 7.678762499999999269e-01 5.169783779999999052e-01
2.196205260000000103e-01 2.429275860000000287e-01 8.439944699999999411e-01 5.647913780000000106e-01 2.440323059999999766e-01 2.702211900000000000e-01 3.762238139999999897e-01 3.361028360000000159e-01 9.512001639999999592e-01 7.335629660000000385e-01 0.000000000000000000e+00 5.860471699999999506e-01 8.451542659999999874e-01 3.309250780000000391e-01 2.491232360000000257e-01 2.533086800000000083e-01 2.670064460000000084e-01 2.985653359999999590e-01 2.503003900000000392e-01 2.592905239999999667e-01 7.626329179999999930e-01 4.379312659999999857e-01
2.410908320000000327e-01 2.474195199999999484e-01 4.818728939999999961e-01 4.737611160000000377e-01 2.632964159999999776e-01 2.618915480000000295e-01 2.754111120000000135e-01 3.020175780000000088e-01 6.156514459999999911e-01 8.214815019999999191e-01 5.860471699999999506e-01 0.000000000000000000e+00 5.863367739999999495e-01 4.498244259999999994e-01 1.879699420000000010e-01 1.624656660000000086e-01 2.039717159999999974e-01 2.080128580000000227e-01 1.882413460000000038e-01 1.694062080000000026e-01 5.883066820000000252e-01 4.685111459999999894e-01
2.553437379999999868e-01 2.592508699999999666e-01 7.356476759999999171e-01 5.598980080000000026e-01 2.771268259999999928e-01 2.851674000000000153e-01 3.346786579999999622e-01 2.957696779999999803e-01 8.314228580000001534e-01 7.475200159999999538e-01 8.451542659999999874e-01 5.863367739999999495e-01 0.000000000000000000e+00 3.418197959999999536e-01 2.672353880000000181e-01 2.806328520000000437e-01 2.571320180000000177e-01 2.932540739999999202e-01 2.540652399999999700e-01 2.750381940000000136e-01 8.166787519999999523e-01 4.778242400000000112e-01
2.578717700000000002e-01 2.938203979999999826e-01 4.140544119999999273e-01 4.486064060000000131e-01 2.770546500000000134e-01 3.100474140000000212e-01 2.105239080000000096e-01 1.800988119999999970e-01 3.410437279999999904e-01 4.689975760000000271e-01 3.309250780000000391e-01 4.498244259999999994e-01 3.418197959999999536e-01 0.000000000000000000e+00 2.068729420000000041e-01 1.983761160000000190e-01 1.938630739999999963e-01 2.087018200000000101e-01 1.974013320000000404e-01 1.977812540000000174e-01 3.883386199999999677e-01 3.289035779999999742e-01
7.432766999999998458e-02 8.856495600000000024e-02 3.047591399999999839e-01 2.422503879999999832e-01 8.545007200000000191e-02 9.012950799999999707e-02 9.431818899999999672e-01 9.113318859999999244e-01 2.705348600000000436e-01 2.232513619999999810e-01 2.491232360000000257e-01 1.879699420000000010e-01 2.672353880000000181e-01 2.068729420000000041e-01 0.000000000000000000e+00 9.612582840000000184e-01 9.922240079999999907e-01 9.537439979999999817e-01 9.959547659999999913e-01 9.722092900000000038e-01 2.771717439999999977e-01 2.272333480000000017e-01
7.012466399999998934e-02 8.292241999999999669e-02 2.970662139999999951e-01 2.110232260000000082e-01 8.309206799999999116e-02 8.811338199999999010e-02 9.014093259999998997e-01 9.077193820000000191e-01 2.747495600000000038e-01 2.307552039999999915e-01 2.533086800000000083e-01 1.624656660000000086e-01 2.806328520000000437e-01 1.983761160000000190e-01 9.612582840000000184e-01 0.000000000000000000e+00 9.506943059999999335e-01 9.787912199999999618e-01 9.657643759999998689e-01 9.935478339999999076e-01 2.940763779999999716e-01 2.280020020000000369e-01
7.550761000000000278e-02 9.111050800000000671e-02 3.263236899999999996e-01 2.624574159999999989e-01 8.274123399999999684e-02 9.567870800000000120e-02 9.563750880000000398e-01 9.274482539999999720e-01 2.870552860000000206e-01 2.331600359999999872e-01 2.670064460000000084e-01 2.039717159999999974e-01 2.571320180000000177e-01 1.938630739999999963e-01 9.922240079999999907e-01 9.506943059999999335e-01 0.000000000000000000e+00 9.524236500000000660e-01 9.968365660000000350e-01 9.651531700000000047e-01 2.873598519999999712e-01 2.478789700000000040e-01
9.949244399999998545e-02 1.114120739999999998e-01 3.407286299999999768e-01 2.615642880000000337e-01 1.108533379999999957e-01 1.161242499999999983e-01 9.267856340000000248e-01 9.233870119999998405e-01 3.171788700000000016e-01 2.666578259999999867e-01 2.985653359999999590e-01 2.080128580000000227e-01 2.932540739999999202e-01 2.087018200000000101e-01 9.537439979999999817e-01 9.787912199999999618e-01 9.524236500000000660e-01 0.000000000000000000e+00 9.612143899999999741e-01 9.906465900000001046e-01 3.337171420000000222e-01 2.714372540000000167e-01
7.689876800000000623e-02 8.982905199999999257e-02 3.046706040000000115e-01 2.405739420000000128e-01 8.280978600000001022e-02 9.451814599999999733e-02 9.455152679999999643e-01 9.240320140000001237e-01 2.693026900000000112e-01 2.192921359999999709e-01 2.503003900000000392e-01 1.882413460000000038e-01 2.540652399999999700e-01 1.974013320000000404e-01 9.959547659999999913e-01 9.657643759999998689e-01 9.968365660000000350e-01 9.612143899999999741e-01 0.000000000000000000e+00 9.766234220000000743e-01 2.747061759999999686e-01 2.327687680000000425e-01
8.216905999999998822e-02 9.618391399999999536e-02 3.084797440000000002e-01 2.336798519999999935e-01 9.606051400000001350e-02 9.947677399999999004e-02 9.244489799999999757e-01 9.198921079999999861e-01 2.805821439999999778e-01 2.331865519999999914e-01 2.592905239999999667e-01 1.694062080000000026e-01 2.750381940000000136e-01 1.977812540000000174e-01 9.722092900000000038e-01 9.935478339999999076e-01 9.651531700000000047e-01 9.906465900000001046e-01 9.766234220000000743e-01 0.000000000000000000e+00 2.981808559999999941e-01 2.406548879999999557e-01
2.151482920000000187e-01 2.098131620000000253e-01 7.084420540000000432e-01 5.891194419999999932e-01 2.356162359999999789e-01 2.386331639999999810e-01 3.905105420000000160e-01 3.755012119999999731e-01 7.887150320000000381e-01 7.678762499999999269e-01 7.626329179999999930e-01 5.883066820000000252e-01 8.166787519999999523e-01 3.883386199999999677e-01 2.771717439999999977e-01 2.940763779999999716e-01 2.873598519999999712e-01 3.337171420000000222e-01 2.747061759999999686e-01 2.981808559999999941e-01 0.000000000000000000e+00 5.692446479999999642e-01
3.200828540000000277e-01 2.902708819999999523e-01 4.646305059999999432e-01 5.211700719999999842e-01 2.969434980000000279e-01 2.772364200000000389e-01 3.352208279999999707e-01 3.434793580000000124e-01 4.512046599999999796e-01 5.169783779999999052e-01 4.379312659999999857e-01 4.685111459999999894e-01 4.778242400000000112e-01 3.289035779999999742e-01 2.272333480000000017e-01 2.280020020000000369e-01 2.478789700000000040e-01 2.714372540000000167e-01 2.327687680000000425e-01 2.406548879999999557e-01 5.692446479999999642e-01 0.000000000000000000e+00
