0.000000000000000000e+00 5.702349880000000537e-01 2.351814680000000046e-01 2.525405020000000000e-01 6.376649300000000187e-01 8.324019099999999671e-01 1.125409719999999891e-01 9.101988599999999430e-02 8.347482200000000407e-02 1.035136740000000000e-01 6.084816400000000319e-02 8.775866999999999696e-02 7.210482599999999687e-02 1.066006540000000030e-01 3.958318200000000148e-02 9.995914999999999662e-02 1.024955599999999994e-01 8.037985599999999953e-02 9.603804800000000086e-02 1.296869399999999728e-01 7.974154799999999543e-02 5.529985799999999341e-02
5.702349880000000537e-01 0.000000000000000000e+00 2.781072159999999904e-01 1.862968759999999724e-01 7.559596920000000164e-01 5.895012740000000750e-01 1.056711899999999982e-01 7.161304599999998577e-02 8.453207399999998484e-02 4.301119199999999670e-02 9.160529399999998990e-02 9.994308400000000148e-02 9.101928400000000585e-02 8.238139999999999352e-02 5.774273399999999695e-02 1.051521199999999878e-01 1.285694840000000116e-01 8.953281999999999907e-02 1.399252179999999901e-01 1.105231559999999974e-01 1.018245960000000033e-01 5.517471999999999654e-02
2.351814680000000046e-01 2.781072159999999904e-01 0.000000000000000000e+00 2.403130700000000175e-01 2.869252479999999661e-01 2.171814200000000139e-01 2.773065860000000216e-01 1.323144380000000342e-01 4.043296980000000151e-01 3.472407940000000193e-01 5.518119539999999379e-01 1.587490960000000062e-01 5.231878340000000183e-01 1.395977020000000179e-01 1.185231060000000031e-01 8.859713199999999511e-02 8.946228200000000408e-02 7.790527799999999448e-02 8.610438200000000708e-02 1.192710020000000010e-01 4.873542519999999323e-01 3.647743880000000050e-01
2.525405020000000000e-01 1.862968759999999724e-01 2.403130700000000175e-01 0.000000000000000000e+00 1.638074340000000018e-01 2.798023840000000151e-01 2.026156820000000192e-01 3.785555179999999798e-01 3.413785679999999934e-01 4.672744219999999116e-01 1.866742259999999987e-01 5.238156779999999513e-01 1.796805180000000113e-01 4.833557379999999237e-01 9.152509999999998425e-02 7.479311400000000776e-02 8.770790000000000530e-02 7.837794000000000705e-02 9.715646399999999794e-02 1.452718479999999812e-01 2.644502320000000073e-01 3.981441540000000279e-01
6.376649300000000187e-01 7.559596920000000164e-01 2.869252479999999661e-01 1.638074340000000018e-01 0.000000000000000000e+00 6.608775399999999856e-01 1.014183060000000136e-01 9.512008399999999364e-02 8.668750999999999540e-02 8.917220600000000386e-02 8.585297799999999646e-02 1.254915360000000146e-01 8.304980200000000590e-02 1.121799519999999994e-01 6.239712600000000414e-02 1.073076879999999844e-01 1.014122360000000028e-01 7.426217599999999919e-02 1.236182080000000072e-01 1.229692400000000213e-01 1.085324819999999857e-01 6.001665800000000051e-02
8.324019099999999671e-01 5.895012740000000750e-01 2.171814200000000139e-01 2.798023840000000151e-01 6.608775399999999856e-01 0.000000000000000000e+00 1.007053159999999892e-01 6.281560399999999711e-02 8.449578599999998940e-02 8.050129800000001279e-02 6.075183400000000455e-02 6.981577199999999817e-02 7.590493199999999441e-02 8.778112600000000099e-02 3.649484600000000439e-02 9.784170600000001439e-02 1.127275479999999969e-01 9.258467400000000569e-02 9.792609799999998921e-02 1.425248219999999955e-01 5.383240000000000247e-02 2.827567399999999370e-02
1.125409719999999891e-01 1.056711899999999982e-01 2.773065860000000216e-01 2.026156820000000192e-01 1.014183060000000136e-01 1.007053159999999892e-01 0.000000000000000000e+00 3.126102559999999753e-01 3.330719759999999918e-01 3.233481260000000135e-01 3.526418940000000113e-01 2.272587940000000140e-01 3.035983400000000221e-01 1.868916319999999742e-01 3.149505240000000095e-01 1.545320419999999806e-01 1.289290119999999817e-01 1.091342640000000086e-01 2.569328120000000104e-01 3.568243920000000458e-01 3.203215579999999507e-01 3.141257040000000056e-01
9.101988599999999430e-02 7.161304599999998577e-02 1.323144380000000342e-01 3.785555179999999798e-01 9.512008399999999364e-02 6.281560399999999711e-02 3.126102559999999753e-01 0.000000000000000000e+00 3.379368399999999606e-01 4.410914959999999718e-01 2.061374960000000311e-01 4.532134519999999611e-01 1.723561119999999780e-01 3.594362740000000001e-01 7.262613999999999181e-02 3.085235040000000040e-01 3.198064999999999936e-02 1.049683699999999914e-01 1.634243200000000118e-01 3.837837339999999875e-01 2.392825600000000053e-01 3.629968599999999768e-01
8.347482200000000407e-02 8.453207399999998484e-02 4.043296980000000151e-01 3.413785679999999934e-01 8.668750999999999540e-02 8.449578599999998940e-02 3.330719759999999918e-01 3.379368399999999606e-01 0.000000000000000000e+00 3.689060100000000064e-01 5.183168759999999819e-01 3.734462499999999796e-01 5.467928659999999885e-01 3.054860059999999766e-01 1.137808200000000047e-01 7.901402399999998827e-02 9.304895799999998718e-02 8.116461799999999394e-02 9.722210800000000153e-02 1.968342680000000067e-01 5.240050719999999052e-01 4.882574219999999410e-01
1.035136740000000000e-01 4.301119199999999670e-02 3.472407940000000193e-01 4.672744219999999116e-01 8.917220600000000386e-02 8.050129800000001279e-02 3.233481260000000135e-01 4.410914959999999718e-01 3.689060100000000064e-01 0.000000000000000000e+00 4.148361979999999893e-01 5.949401500000000009e-01 3.737916499999999753e-01 6.411718260000000003e-01 7.947777400000000103e-02 1.488253140000000141e-01 8.510589600000000032e-02 8.574441600000000385e-02 1.208252079999999895e-01 2.209340759999999793e-01 4.363846699999999745e-01 5.014135059999998978e-01
6.084816400000000319e-02 9.160529399999998990e-02 5.518119539999999379e-01 1.866742259999999987e-01 8.585297799999999646e-02 6.075183400000000455e-02 3.526418940000000113e-01 2.061374960000000311e-01 5.183168759999999819e-01 4.148361979999999893e-01 0.000000000000000000e+00 1.519106179999999973e-01 7.426628180000000023e-01 1.340081799999999768e-01 8.612634800000000534e-02 7.812585999999999142e-02 4.823639999999999872e-02 1.100371080000000223e-01 9.716045800000000510e-02 1.513258739999999991e-01 6.329233859999999767e-01 4.346082959999999495e-01
8.775866999999999696e-02 9.994308400000000148e-02 1.587490960000000062e-01 5.238156779999999513e-01 1.254915360000000146e-01 6.981577199999999817e-02 2.272587940000000140e-01 4.532134519999999611e-01 3.734462499999999796e-01 5.949401500000000009e-01 1.519106179999999973e-01 0.000000000000000000e+00 1.534960939999999996e-01 7.262566200000000194e-01 6.066322799999999266e-02 1.285524899999999915e-01 1.230524280000000054e-01 7.021125400000000072e-02 1.046687899999999977e-01 2.440517779999999970e-01 2.267915840000000183e-01 4.487579359999999684e-01
7.210482599999999687e-02 9.101928400000000585e-02 5.231878340000000183e-01 1.796805180000000113e-01 8.304980200000000590e-02 7.590493199999999441e-02 3.035983400000000221e-01 1.723561119999999780e-01 5.467928659999999885e-01 3.737916499999999753e-01 7.426628180000000023e-01 1.534960939999999996e-01 0.000000000000000000e+00 1.246098120000000142e-01 5.345465400000000422e-02 7.315637599999999519e-02 7.237260400000000704e-02 7.549607999999999319e-02 8.979289599999999705e-02 9.886996599999998969e-02 5.527843380000000417e-01 3.529400259999999623e-01
1.066006540000000030e-01 8.238139999999999352e-02 1.395977020000000179e-01 4.833557379999999237e-01 1.121799519999999994e-01 8.778112600000000099e-02 1.868916319999999742e-01 3.594362740000000001e-01 3.054860059999999766e-01 6.411718260000000003e-01 1.340081799999999768e-01 7.262566200000000194e-01 1.246098120000000142e-01 0.000000000000000000e+00 6.792892999999999848e-02 1.121920260000000003e-01 1.189623879999999884e-01 1.170420580000000044e-01 6.574344599999999705e-02 1.917083519999999708e-01 1.988259339999999820e-01 3.647677999999999754e-01
3.958318200000000148e-02 5.774273399999999695e-02 1.185231060000000031e-01 9.152509999999998425e-02 6.239712600000000414e-02 3.649484600000000439e-02 3.149505240000000095e-01 7.262613999999999181e-02 1.137808200000000047e-01 7.947777400000000103e-02 8.612634800000000534e-02 6.066322799999999266e-02 5.345465400000000422e-02 6.792892999999999848e-02 0.000000000000000000e+00 8.287666200000000372e-02 4.192999620000000260e-01 8.447584999999999122e-02 3.304635400000000001e-01 2.578039340000000124e-01 7.832952800000000937e-02 8.838549799999999290e-02
9.995914999999999662e-02 1.051521199999999878e-01 8.859713199999999511e-02 7.479311400000000776e-02 1.073076879999999844e-01 9.784170600000001439e-02 1.545320419999999806e-01 3.085235040000000040e-01 7.901402399999998827e-02 1.488253140000000141e-01 7.812585999999999142e-02 1.285524899999999915e-01 7.315637599999999519e-02 1.121920260000000003e-01 8.287666200000000372e-02 0.000000000000000000e+00 9.505661999999999445e-02 4.604831459999999543e-01 2.372434119999999869e-01 4.612937979999999771e-01 1.077530700000000063e-01 8.637680400000000147e-02
1.024955599999999994e-01 1.285694840000000116e-01 8.946228200000000408e-02 8.770790000000000530e-02 1.014122360000000028e-01 1.127275479999999969e-01 1.289290119999999817e-01 3.198064999999999936e-02 9.304895799999998718e-02 8.510589600000000032e-02 4.823639999999999872e-02 1.230524280000000054e-01 7.237260400000000704e-02 1.189623879999999884e-01 4.192999620000000260e-01 9.505661999999999445e-02 0.000000000000000000e+00 9.797669999999999990e-02 6.555161340000000836e-01 1.297828819999999883e-01 5.156784600000000746e-02 7.457332199999999744e-02
8.037985599999999953e-02 8.953281999999999907e-02 7.790527799999999448e-02 7.837794000000000705e-02 7.426217599999999919e-02 9.258467400000000569e-02 1.091342640000000086e-01 1.049683699999999914e-01 8.116461799999999394e-02 8.574441600000000385e-02 1.100371080000000223e-01 7.021125400000000072e-02 7.549607999999999319e-02 1.170420580000000044e-01 8.447584999999999122e-02 4.604831459999999543e-01 9.797669999999999990e-02 0.000000000000000000e+00 1.058906619999999965e-01 4.198281180000000279e-01 6.680524599999999869e-02 9.516801399999999522e-02
9.603804800000000086e-02 1.399252179999999901e-01 8.610438200000000708e-02 9.715646399999999794e-02 1.236182080000000072e-01 9.792609799999998921e-02 2.569328120000000104e-01 1.634243200000000118e-01 9.722210800000000153e-02 1.208252079999999895e-01 9.716045800000000510e-02 1.046687899999999977e-01 8.979289599999999705e-02 6.574344599999999705e-02 3.304635400000000001e-01 2.372434119999999869e-01 6.555161340000000836e-01 1.058906619999999965e-01 0.000000000000000000e+00 2.209899820000000015e-01 8.762250800000000173e-02 1.150061619999999812e-01
1.296869399999999728e-01 1.105231559999999974e-01 1.192710020000000010e-01 1.452718479999999812e-01 1.229692400000000213e-01 1.425248219999999955e-01 3.568243920000000458e-01 3.837837339999999875e-01 1.968342680000000067e-01 2.209340759999999793e-01 1.513258739999999991e-01 2.440517779999999970e-01 9.886996599999998969e-02 1.917083519999999708e-01 2.578039340000000124e-01 4.612937979999999771e-01 1.297828819999999883e-01 4.198281180000000279e-01 2.209899820000000015e-01 0.000000000000000000e+00 1.307070560000000159e-01 1.552580939999999854e-01
7.974154799999999543e-02 1.018245960000000033e-01 4.873542519999999323e-01 2.644502320000000073e-01 1.085324819999999857e-01 5.383240000000000247e-02 3.203215579999999507e-01 2.392825600000000053e-01 5.240050719999999052e-01 4.363846699999999745e-01 6.329233859999999767e-01 2.267915840000000183e-01 5.527843380000000417e-01 1.988259339999999820e-01 7.832952800000000937e-02 1.077530700000000063e-01 5.156784600000000746e-02 6.680524599999999869e-02 8.762250800000000173e-02 1.307070560000000159e-01 0.000000000000000000e+00 6.434872600000000054e-01
5.529985799999999341e-02 5.517471999999999654e-02 3.647743880000000050e-01 3.981441540000000279e-01 6.001665800000000051e-02 2.827567399999999370e-02 3.141257040000000056e-01 3.629968599999999768e-01 4.882574219999999410e-01 5.014135059999998978e-01 4.346082959999999495e-01 4.487579359999999684e-01 3.529400259999999623e-01 3.647677999999999754e-01 8.838549799999999290e-02 8.637680400000000147e-02 7.457332199999999744e-02 9.516801399999999522e-02 1.150061619999999812e-01 1.552580939999999854e-01 6.434872600000000054e-01 0.000000000000000000e+00
