0.000000000000000000e+00 7.084516300000001099e-01 4.943840099999999849e-01 5.054820660000001187e-01 7.599046620000000640e-01 9.086370719999999901e-01 8.566248199999999813e-02 7.909652199999998856e-02 1.586261999999999950e-01 1.474692360000000035e-01 1.539584159999999868e-01 9.539931599999999789e-02 1.758842119999999842e-01 9.148836999999999942e-02 8.286528799999999528e-02 9.995980799999999722e-02 9.474890799999999280e-02 9.399058600000000097e-02 8.288983200000001050e-02 9.826997399999999605e-02 1.783610480000000220e-01 1.574938820000000017e-01
7.084516300000001099e-01 0.000000000000000000e+00 4.799398520000000556e-01 4.327599840000000420e-01 8.608790660000000816e-01 6.684251359999999753e-01 9.136944999999999095e-02 9.105439600000000966e-02 1.500798339999999953e-01 1.591042520000000016e-01 1.278661179999999731e-01 8.278300999999999021e-02 1.327224220000000066e-01 1.066587380000000029e-01 1.074150519999999831e-01 8.843778000000000750e-02 1.166975979999999857e-01 1.077473300000000023e-01 1.007248060000000001e-01 9.834319399999999489e-02 1.542156259999999945e-01 1.449072339999999959e-01
4.943840099999999849e-01 4.799398520000000556e-01 0.000000000000000000e+00 5.611176880000000589e-01 5.372494960000000486e-01 5.035958640000000042e-01 4.082267799999999558e-01 2.690446739999999837e-01 5.765457699999999575e-01 4.670180860000000544e-01 6.765480019999999817e-01 2.933888080000000009e-01 6.481376779999999949e-01 2.705993580000000120e-01 1.678801179999999948e-01 1.118146859999999965e-01 1.319687999999999972e-01 7.304122400000000181e-02 1.569735660000000088e-01 1.014138280000000114e-01 6.324852759999999297e-01 5.306836600000000015e-01
5.054820660000001187e-01 4.327599840000000420e-01 5.611176880000000589e-01 0.000000000000000000e+00 4.646598540000000388e-01 4.954690700000000669e-01 3.365574079999999468e-01 4.834682799999999725e-01 5.107447840000001182e-01 5.846248200000000450e-01 3.836634979999999917e-01 6.160804759999999325e-01 3.697851719999999953e-01 5.532348080000000223e-01 1.281913379999999880e-01 1.890363939999999965e-01 1.216779139999999843e-01 8.705519600000000136e-02 1.508441719999999986e-01 1.443518359999999834e-01 4.823672840000000628e-01 5.695618660000000277e-01
7.599046620000000640e-01 8.608790660000000816e-01 5.372494960000000486e-01 4.646598540000000388e-01 0.000000000000000000e+00 7.271106379999998648e-01 9.519980200000000004e-02 8.370861599999999958e-02 1.765687060000000197e-01 1.697111759999999914e-01 1.627022539999999906e-01 8.786634999999999585e-02 1.821178079999999921e-01 1.076359520000000070e-01 1.174161320000000064e-01 9.850681799999999599e-02 1.098133859999999851e-01 9.167346400000001005e-02 1.040409240000000068e-01 9.168888599999999722e-02 1.808172680000000032e-01 1.451501759999999919e-01
9.086370719999999901e-01 6.684251359999999753e-01 5.035958640000000042e-01 4.954690700000000669e-01 7.271106379999998648e-01 0.000000000000000000e+00 9.624778400000000289e-02 8.411760599999999755e-02 1.478342680000000187e-01 1.404717520000000053e-01 1.442498699999999745e-01 1.019369960000000158e-01 1.543430879999999894e-01 8.615368999999999111e-02 1.017774840000000014e-01 8.931512399999998186e-02 8.496565999999999841e-02 9.731050199999999317e-02 7.613342199999999227e-02 1.119707959999999974e-01 1.588512880000000072e-01 1.380673139999999965e-01
8.566248199999999813e-02 9.136944999999999095e-02 4.082267799999999558e-01 3.365574079999999468e-01 9.519980200000000004e-02 9.624778400000000289e-02 0.000000000000000000e+00 4.849437159999999691e-01 4.577741519999999897e-01 4.747876019999999753e-01 5.206222439999999008e-01 3.241479200000000338e-01 4.463586780000000087e-01 2.838679499999999800e-01 5.597852239999998591e-01 2.897929519999999926e-01 2.373821619999999799e-01 1.352341519999999964e-01 2.525263180000000274e-01 3.661121539999999674e-01 4.777682060000000286e-01 4.285866040000000377e-01
7.909652199999998856e-02 9.105439600000000966e-02 2.690446739999999837e-01 4.834682799999999725e-01 8.370861599999999958e-02 8.411760599999999755e-02 4.849437159999999691e-01 0.000000000000000000e+00 4.513514240000000011e-01 5.463829540000000318e-01 3.654063539999999888e-01 5.425547379999999809e-01 3.218180300000000327e-01 4.522377380000000002e-01 1.594582480000000246e-01 4.980575879999999955e-01 1.705877940000000148e-01 9.504287799999999731e-02 2.891655399999999987e-01 2.956110339999999947e-01 4.157142719999999403e-01 5.226556239999998743e-01
1.586261999999999950e-01 1.500798339999999953e-01 5.765457699999999575e-01 5.107447840000001182e-01 1.765687060000000197e-01 1.478342680000000187e-01 4.577741519999999897e-01 4.513514240000000011e-01 0.000000000000000000e+00 4.951702080000000561e-01 6.369997440000000344e-01 4.506348639999999683e-01 6.971821740000000434e-01 3.976407259999999444e-01 1.863796460000000099e-01 1.341205339999999857e-01 1.183113019999999932e-01 4.753764400000000390e-02 1.676826180000000055e-01 1.449421240000000055e-01 6.722750020000000104e-01 6.257005580000000178e-01
1.474692360000000035e-01 1.591042520000000016e-01 4.670180860000000544e-01 5.846248200000000450e-01 1.697111759999999914e-01 1.404717520000000053e-01 4.747876019999999753e-01 5.463829540000000318e-01 4.951702080000000561e-01 0.000000000000000000e+00 5.175651799999999580e-01 6.134536420000000767e-01 4.681183640000000645e-01 6.966330519999999193e-01 1.673752960000000067e-01 2.300863860000000316e-01 1.286995360000000033e-01 4.615297599999999834e-02 1.593479459999999903e-01 1.816397740000000038e-01 6.035514199999999496e-01 6.356344980000000477e-01
1.539584159999999868e-01 1.278661179999999731e-01 6.765480019999999817e-01 3.836634979999999917e-01 1.627022539999999906e-01 1.442498699999999745e-01 5.206222439999999008e-01 3.654063539999999888e-01 6.369997440000000344e-01 5.175651799999999580e-01 0.000000000000000000e+00 3.079328399999999855e-01 8.107065179999999316e-01 2.814355739999999662e-01 1.795826020000000078e-01 1.094737000000000071e-01 1.326670580000000044e-01 6.740785400000000316e-02 1.755585600000000024e-01 1.642864999999999742e-01 7.718007319999999893e-01 6.031116100000000202e-01
9.539931599999999789e-02 8.278300999999999021e-02 2.933888080000000009e-01 6.160804759999999325e-01 8.786634999999999585e-02 1.019369960000000158e-01 3.241479200000000338e-01 5.425547379999999809e-01 4.506348639999999683e-01 6.134536420000000767e-01 3.079328399999999855e-01 0.000000000000000000e+00 2.763765420000000583e-01 6.858410859999999332e-01 1.196263339999999731e-01 1.538154600000000150e-01 1.402044500000000082e-01 5.248930400000000052e-02 1.481053400000000020e-01 1.723831539999999829e-01 4.038093600000000061e-01 5.621548080000000613e-01
1.758842119999999842e-01 1.327224220000000066e-01 6.481376779999999949e-01 3.697851719999999953e-01 1.821178079999999921e-01 1.543430879999999894e-01 4.463586780000000087e-01 3.218180300000000327e-01 6.971821740000000434e-01 4.681183640000000645e-01 8.107065179999999316e-01 2.763765420000000583e-01 0.000000000000000000e+00 2.463055759999999983e-01 1.436445459999999841e-01 9.829767999999999839e-02 1.250994380000000072e-01 5.035166199999999842e-02 1.592009159999999979e-01 1.060119840000000035e-01 7.142284680000000607e-01 5.503150000000001096e-01
9.148836999999999942e-02 1.066587380000000029e-01 2.705993580000000120e-01 5.532348080000000223e-01 1.076359520000000070e-01 8.615368999999999111e-02 2.838679499999999800e-01 4.522377380000000002e-01 3.976407259999999444e-01 6.966330519999999193e-01 2.814355739999999662e-01 6.858410859999999332e-01 2.463055759999999983e-01 0.000000000000000000e+00 1.225518079999999843e-01 1.270979839999999972e-01 1.412276579999999782e-01 5.924291599999999963e-02 1.420809900000000181e-01 1.519517880000000043e-01 3.659108960000000410e-01 4.830633859999999835e-01
8.286528799999999528e-02 1.074150519999999831e-01 1.678801179999999948e-01 1.281913379999999880e-01 1.174161320000000064e-01 1.017774840000000014e-01 5.597852239999998591e-01 1.594582480000000246e-01 1.863796460000000099e-01 1.673752960000000067e-01 1.795826020000000078e-01 1.196263339999999731e-01 1.436445459999999841e-01 1.225518079999999843e-01 0.000000000000000000e+00 1.424291020000000019e-01 1.751110379999999966e-01 1.224611359999999982e-01 1.458366179999999734e-01 2.261060720000000190e-01 1.439798880000000003e-01 1.361358480000000037e-01
9.995980799999999722e-02 8.843778000000000750e-02 1.118146859999999965e-01 1.890363939999999965e-01 9.850681799999999599e-02 8.931512399999998186e-02 2.897929519999999926e-01 4.980575879999999955e-01 1.341205339999999857e-01 2.300863860000000316e-01 1.094737000000000071e-01 1.538154600000000150e-01 9.829767999999999839e-02 1.270979839999999972e-01 1.424291020000000019e-01 0.000000000000000000e+00 8.080586400000000502e-02 1.821653059999999991e-01 1.530884680000000053e-01 2.249926219999999755e-01 1.262447900000000234e-01 1.382908740000000081e-01
9.474890799999999280e-02 1.166975979999999857e-01 1.319687999999999972e-01 1.216779139999999843e-01 1.098133859999999851e-01 8.496565999999999841e-02 2.373821619999999799e-01 1.705877940000000148e-01 1.183113019999999932e-01 1.286995360000000033e-01 1.326670580000000044e-01 1.402044500000000082e-01 1.250994380000000072e-01 1.412276579999999782e-01 1.751110379999999966e-01 8.080586400000000502e-02 0.000000000000000000e+00 1.258953840000000268e-01 8.636547980000000013e-01 2.123096959999999922e-01 1.375666259999999974e-01 1.404971319999999968e-01
9.399058600000000097e-02 1.077473300000000023e-01 7.304122400000000181e-02 8.705519600000000136e-02 9.167346400000001005e-02 9.731050199999999317e-02 1.352341519999999964e-01 9.504287799999999731e-02 4.753764400000000390e-02 4.615297599999999834e-02 6.740785400000000316e-02 5.248930400000000052e-02 5.035166199999999842e-02 5.924291599999999963e-02 1.224611359999999982e-01 1.821653059999999991e-01 1.258953840000000268e-01 0.000000000000000000e+00 1.285829000000000000e-01 6.787048920000000596e-01 5.188233199999999629e-02 9.125449199999999261e-02
8.288983200000001050e-02 1.007248060000000001e-01 1.569735660000000088e-01 1.508441719999999986e-01 1.040409240000000068e-01 7.613342199999999227e-02 2.525263180000000274e-01 2.891655399999999987e-01 1.676826180000000055e-01 1.593479459999999903e-01 1.755585600000000024e-01 1.481053400000000020e-01 1.592009159999999979e-01 1.420809900000000181e-01 1.458366179999999734e-01 1.530884680000000053e-01 8.636547980000000013e-01 1.285829000000000000e-01 0.000000000000000000e+00 2.308954700000000193e-01 1.681934119999999866e-01 1.745499079999999759e-01
9.826997399999999605e-02 9.834319399999999489e-02 1.014138280000000114e-01 1.443518359999999834e-01 9.168888599999999722e-02 1.119707959999999974e-01 3.661121539999999674e-01 2.956110339999999947e-01 1.449421240000000055e-01 1.816397740000000038e-01 1.642864999999999742e-01 1.723831539999999829e-01 1.060119840000000035e-01 1.519517880000000043e-01 2.261060720000000190e-01 2.249926219999999755e-01 2.123096959999999922e-01 6.787048920000000596e-01 2.308954700000000193e-01 0.000000000000000000e+00 1.426976179999999983e-01 1.598814259999999932e-01
1.783610480000000220e-01 1.542156259999999945e-01 6.324852759999999297e-01 4.823672840000000628e-01 1.808172680000000032e-01 1.588512880000000072e-01 4.777682060000000286e-01 4.157142719999999403e-01 6.722750020000000104e-01 6.035514199999999496e-01 7.718007319999999893e-01 4.038093600000000061e-01 7.142284680000000607e-01 3.659108960000000410e-01 1.439798880000000003e-01 1.262447900000000234e-01 1.375666259999999974e-01 5.188233199999999629e-02 1.681934119999999866e-01 1.426976179999999983e-01 0.000000000000000000e+00 7.369234180000000523e-01
1.574938820000000017e-01 1.449072339999999959e-01 5.306836600000000015e-01 5.695618660000000277e-01 1.451501759999999919e-01 1.380673139999999965e-01 4.285866040000000377e-01 5.226556239999998743e-01 6.257005580000000178e-01 6.356344980000000477e-01 6.031116100000000202e-01 5.621548080000000613e-01 5.503150000000001096e-01 4.830633859999999835e-01 1.361358480000000037e-01 1.382908740000000081e-01 1.404971319999999968e-01 9.125449199999999261e-02 1.745499079999999759e-01 1.598814259999999932e-01 7.369234180000000523e-01 0.000000000000000000e+00
