0.000000000000000000e+00 2.370252659999999845e-01 2.501298820000000256e-01 2.727857379999999998e-01 2.689636880000000341e-01 7.704360919999999613e-01 2.970406840000000548e-01 2.113323879999999821e-01 1.962061880000000036e-01 2.189726799999999751e-01 2.082131819999999967e-01 2.135621619999999721e-01 2.179667919999999925e-01 2.030901660000000164e-01 2.590724100000000307e-01 3.445118360000000157e-01 1.915697919999999888e-01 2.817398180000000307e-01 1.841319859999999975e-01 1.519291219999999998e-01 2.463421240000000234e-01 2.127952500000000191e-01
2.370252659999999845e-01 0.000000000000000000e+00 2.910706379999999927e-01 2.898197299999999976e-01 5.963565699999999747e-01 2.323527020000000221e-01 2.329077539999999669e-01 1.998597559999999995e-01 3.654490599999999922e-01 2.555970060000000155e-01 3.004631620000000058e-01 2.517388779999999993e-01 2.843716579999999716e-01 2.270231500000000069e-01 1.882396359999999880e-01 2.195632660000000347e-01 2.537251340000000188e-01 2.714217839999999993e-01 2.156340560000000184e-01 2.089724460000000339e-01 3.291866140000000440e-01 2.035537119999999978e-01
2.501298820000000256e-01 2.910706379999999927e-01 0.000000000000000000e+00 3.135932739999999774e-01 2.683525519999999664e-01 2.479158019999999907e-01 1.804347500000000049e-01 2.788447619999999683e-01 4.107453660000000006e-01 3.770309860000000124e-01 5.364420540000000015e-01 2.749069399999999885e-01 4.981607920000000189e-01 1.569448520000000236e-01 1.519403859999999828e-01 1.556089579999999917e-01 1.504116980000000103e-01 2.367026680000000050e-01 1.449289059999999962e-01 2.466079979999999394e-01 4.368059719999999868e-01 2.471947539999999888e-01
2.727857379999999998e-01 2.898197299999999976e-01 3.135932739999999774e-01 0.000000000000000000e+00 1.665544099999999861e-01 2.231202160000000101e-01 2.288675219999999899e-01 4.467490639999999180e-01 3.729799460000000066e-01 2.597521360000000223e-01 2.296489380000000247e-01 4.532662999999999554e-01 1.823797780000000202e-01 2.658503939999999899e-01 2.652422380000000190e-01 2.041179560000000170e-01 1.793170960000000091e-01 2.056705360000000149e-01 1.067601280000000097e-01 2.126483979999999607e-01 2.086154619999999738e-01 3.766270419999999675e-01
2.689636880000000341e-01 5.963565699999999747e-01 2.683525519999999664e-01 1.665544099999999861e-01 0.000000000000000000e+00 2.467993959999999765e-01 1.558791799999999783e-01 2.134587240000000163e-01 3.004683360000000580e-01 1.874019979999999586e-01 2.953914619999999935e-01 2.111708419999999697e-01 2.519629600000000136e-01 1.695075319999999885e-01 1.383652419999999994e-01 2.067692120000000355e-01 2.239717459999999716e-01 2.489152159999999669e-01 1.890420319999999710e-01 1.246072059999999981e-01 2.125999279999999936e-01 1.595256879999999988e-01
7.704360919999999613e-01 2.323527020000000221e-01 2.479158019999999907e-01 2.231202160000000101e-01 2.467993959999999765e-01 0.000000000000000000e+00 2.596128420000000103e-01 1.602324599999999655e-01 2.076139760000000334e-01 1.558679300000000156e-01 2.894382320000000175e-01 2.241322619999999988e-01 2.442759699999999812e-01 1.657351600000000202e-01 2.356464060000000027e-01 2.980405240000000289e-01 2.180164860000000093e-01 2.408578659999999760e-01 2.154237419999999736e-01 1.372399559999999963e-01 2.262199239999999612e-01 1.669195819999999830e-01
2.970406840000000548e-01 2.329077539999999669e-01 1.804347500000000049e-01 2.288675219999999899e-01 1.558791799999999783e-01 2.596128420000000103e-01 0.000000000000000000e+00 2.922551620000000128e-01 2.070024400000000375e-01 2.628064419999999735e-01 2.346860219999999941e-01 3.423998079999999722e-01 1.912260939999999854e-01 2.135966660000000183e-01 3.326849819999999625e-01 2.809694439999999571e-01 1.834970760000000367e-01 1.324697199999999853e-01 2.624264920000000112e-01 2.699887819999999827e-01 2.332822220000000113e-01 2.465056700000000378e-01
2.113323879999999821e-01 1.998597559999999995e-01 2.788447619999999683e-01 4.467490639999999180e-01 2.134587240000000163e-01 1.602324599999999655e-01 2.922551620000000128e-01 0.000000000000000000e+00 3.309328559999999975e-01 3.052612940000000163e-01 3.336239879999999824e-01 5.182849860000000586e-01 3.466895940000000453e-01 3.230791960000000129e-01 2.603955499999999756e-01 1.630553619999999815e-01 2.154159099999999882e-01 2.191496460000000313e-01 2.202249740000000178e-01 3.634756580000000348e-01 2.070105000000000417e-01 3.297963919999999938e-01
1.962061880000000036e-01 3.654490599999999922e-01 4.107453660000000006e-01 3.729799460000000066e-01 3.004683360000000580e-01 2.076139760000000334e-01 2.070024400000000375e-01 3.309328559999999975e-01 0.000000000000000000e+00 2.890751799999999871e-01 4.083571820000000407e-01 4.028671519999999506e-01 4.341815019999999414e-01 2.714281880000000147e-01 1.991838719999999840e-01 2.612215820000000077e-01 2.231138559999999715e-01 2.416332699999999833e-01 2.164807139999999630e-01 2.132461259999999803e-01 3.314223360000000396e-01 3.242602980000000024e-01
2.189726799999999751e-01 2.555970060000000155e-01 3.770309860000000124e-01 2.597521360000000223e-01 1.874019979999999586e-01 1.558679300000000156e-01 2.628064419999999735e-01 3.052612940000000163e-01 2.890751799999999871e-01 0.000000000000000000e+00 5.045427940000000167e-01 2.921767880000000206e-01 3.698315220000000236e-01 4.198151120000000458e-01 2.202999700000000394e-01 2.510328140000000485e-01 2.208657360000000069e-01 1.926770140000000076e-01 1.550597119999999884e-01 2.556238560000000382e-01 4.164688699999999910e-01 2.134737679999999804e-01
2.082131819999999967e-01 3.004631620000000058e-01 5.364420540000000015e-01 2.296489380000000247e-01 2.953914619999999935e-01 2.894382320000000175e-01 2.346860219999999941e-01 3.336239879999999824e-01 4.083571820000000407e-01 5.045427940000000167e-01 0.000000000000000000e+00 3.392126500000000044e-01 7.536897080000000138e-01 2.416989759999999821e-01 2.811316259999999678e-01 1.829929920000000210e-01 2.352165800000000362e-01 2.059824120000000036e-01 1.911258379999999923e-01 2.462275379999999958e-01 5.085203419999999586e-01 2.285826380000000047e-01
2.135621619999999721e-01 2.517388779999999993e-01 2.749069399999999885e-01 4.532662999999999554e-01 2.111708419999999697e-01 2.241322619999999988e-01 3.423998079999999722e-01 5.182849860000000586e-01 4.028671519999999506e-01 2.921767880000000206e-01 3.392126500000000044e-01 0.000000000000000000e+00 3.030523360000000332e-01 5.979296139999999982e-01 2.815444900000000361e-01 1.639466360000000067e-01 1.328255799999999986e-01 2.156259920000000163e-01 1.705908599999999831e-01 2.015155340000000239e-01 2.016450739999999797e-01 3.573138799999999726e-01
2.179667919999999925e-01 2.843716579999999716e-01 4.981607920000000189e-01 1.823797780000000202e-01 2.519629600000000136e-01 2.442759699999999812e-01 1.912260939999999854e-01 3.466895940000000453e-01 4.341815019999999414e-01 3.698315220000000236e-01 7.536897080000000138e-01 3.030523360000000332e-01 0.000000000000000000e+00 2.469287999999999761e-01 2.429232240000000209e-01 2.456902160000000168e-01 2.357057079999999583e-01 2.495234000000000063e-01 2.213799500000000475e-01 2.270647579999999777e-01 3.925425480000000467e-01 2.048472279999999923e-01
2.030901660000000164e-01 2.270231500000000069e-01 1.569448520000000236e-01 2.658503939999999899e-01 1.695075319999999885e-01 1.657351600000000202e-01 2.135966660000000183e-01 3.230791960000000129e-01 2.714281880000000147e-01 4.198151120000000458e-01 2.416989759999999821e-01 5.979296139999999982e-01 2.469287999999999761e-01 0.000000000000000000e+00 2.321289699999999900e-01 1.533605640000000048e-01 1.600158140000000062e-01 1.133305079999999965e-01 2.199538219999999933e-01 1.982001299999999744e-01 1.621670319999999887e-01 3.148756959999999827e-01
2.590724100000000307e-01 1.882396359999999880e-01 1.519403859999999828e-01 2.652422380000000190e-01 1.383652419999999994e-01 2.356464060000000027e-01 3.326849819999999625e-01 2.603955499999999756e-01 1.991838719999999840e-01 2.202999700000000394e-01 2.811316259999999678e-01 2.815444900000000361e-01 2.429232240000000209e-01 2.321289699999999900e-01 0.000000000000000000e+00 2.813714800000000071e-01 3.982677000000000023e-01 1.579147320000000021e-01 3.423712639999999530e-01 3.644353619999999849e-01 1.662423219999999979e-01 2.684775119999999737e-01
3.445118360000000157e-01 2.195632660000000347e-01 1.556089579999999917e-01 2.041179560000000170e-01 2.067692120000000355e-01 2.980405240000000289e-01 2.809694439999999571e-01 1.630553619999999815e-01 2.612215820000000077e-01 2.510328140000000485e-01 1.829929920000000210e-01 1.639466360000000067e-01 2.456902160000000168e-01 1.533605640000000048e-01 2.813714800000000071e-01 0.000000000000000000e+00 2.172778999999999683e-01 3.272604799999999647e-01 2.954446860000000119e-01 4.305856240000000557e-01 2.329665499999999945e-01 2.288342859999999701e-01
1.915697919999999888e-01 2.537251340000000188e-01 1.504116980000000103e-01 1.793170960000000091e-01 2.239717459999999716e-01 2.180164860000000093e-01 1.834970760000000367e-01 2.154159099999999882e-01 2.231138559999999715e-01 2.208657360000000069e-01 2.352165800000000362e-01 1.328255799999999986e-01 2.357057079999999583e-01 1.600158140000000062e-01 3.982677000000000023e-01 2.172778999999999683e-01 0.000000000000000000e+00 1.167057899999999898e-01 6.238937640000000728e-01 1.721222920000000101e-01 1.675742179999999970e-01 1.828901679999999919e-01
2.817398180000000307e-01 2.714217839999999993e-01 2.367026680000000050e-01 2.056705360000000149e-01 2.489152159999999669e-01 2.408578659999999760e-01 1.324697199999999853e-01 2.191496460000000313e-01 2.416332699999999833e-01 1.926770140000000076e-01 2.059824120000000036e-01 2.156259920000000163e-01 2.495234000000000063e-01 1.133305079999999965e-01 1.579147320000000021e-01 3.272604799999999647e-01 1.167057899999999898e-01 0.000000000000000000e+00 2.416106499999999824e-01 3.085256939999999615e-01 2.638928600000000069e-01 1.386633620000000122e-01
1.841319859999999975e-01 2.156340560000000184e-01 1.449289059999999962e-01 1.067601280000000097e-01 1.890420319999999710e-01 2.154237419999999736e-01 2.624264920000000112e-01 2.202249740000000178e-01 2.164807139999999630e-01 1.550597119999999884e-01 1.911258379999999923e-01 1.705908599999999831e-01 2.213799500000000475e-01 2.199538219999999933e-01 3.423712639999999530e-01 2.954446860000000119e-01 6.238937640000000728e-01 2.416106499999999824e-01 0.000000000000000000e+00 2.244386140000000085e-01 9.859666200000000158e-02 2.073142040000000019e-01
1.519291219999999998e-01 2.089724460000000339e-01 2.466079979999999394e-01 2.126483979999999607e-01 1.246072059999999981e-01 1.372399559999999963e-01 2.699887819999999827e-01 3.634756580000000348e-01 2.132461259999999803e-01 2.556238560000000382e-01 2.462275379999999958e-01 2.015155340000000239e-01 2.270647579999999777e-01 1.982001299999999744e-01 3.644353619999999849e-01 4.305856240000000557e-01 1.721222920000000101e-01 3.085256939999999615e-01 2.244386140000000085e-01 0.000000000000000000e+00 2.447845919999999675e-01 2.395214539999999948e-01
2.463421240000000234e-01 3.291866140000000440e-01 4.368059719999999868e-01 2.086154619999999738e-01 2.125999279999999936e-01 2.262199239999999612e-01 2.332822220000000113e-01 2.070105000000000417e-01 3.314223360000000396e-01 4.164688699999999910e-01 5.085203419999999586e-01 2.016450739999999797e-01 3.925425480000000467e-01 1.621670319999999887e-01 1.662423219999999979e-01 2.329665499999999945e-01 1.675742179999999970e-01 2.638928600000000069e-01 9.859666200000000158e-02 2.447845919999999675e-01 0.000000000000000000e+00 4.353123280000000261e-01
2.127952500000000191e-01 2.035537119999999978e-01 2.471947539999999888e-01 3.766270419999999675e-01 1.595256879999999988e-01 1.669195819999999830e-01 2.465056700000000378e-01 3.297963919999999938e-01 3.242602980000000024e-01 2.134737679999999804e-01 2.285826380000000047e-01 3.573138799999999726e-01 2.048472279999999923e-01 3.148756959999999827e-01 2.684775119999999737e-01 2.288342859999999701e-01 1.828901679999999919e-01 1.386633620000000122e-01 2.073142040000000019e-01 2.395214539999999948e-01 4.353123280000000261e-01 0.000000000000000000e+00
