0.000000000000000000e+00 9.805384280000000174e-01 4.046910259999999537e-01 3.875635159999999968e-01 9.565139460000000593e-01 9.905063119999999444e-01 3.913989119999999877e-01 2.811836560000000595e-01 2.547818640000000245e-01 2.709038419999999503e-01 2.454433159999999670e-01 2.091022640000000377e-01 2.183266220000000257e-01 2.665547079999999736e-01 1.848122480000000123e-01 1.591008019999999856e-01 1.815645240000000049e-01 2.543262139999999949e-01 1.712319659999999855e-01 1.709393859999999987e-01 3.133737440000000096e-01 3.714057119999999990e-01
9.805384280000000174e-01 0.000000000000000000e+00 4.079787100000000777e-01 3.524633719999999970e-01 9.754682060000000599e-01 9.816419119999999499e-01 3.738863019999999482e-01 2.616524500000000364e-01 2.445355840000000003e-01 2.712351940000000128e-01 2.409454080000000276e-01 2.037754960000000004e-01 2.366361159999999797e-01 2.635142480000000065e-01 1.760672399999999860e-01 1.531177519999999959e-01 1.769504159999999993e-01 2.669780939999999991e-01 1.660258639999999952e-01 1.655996919999999650e-01 3.300593559999999704e-01 3.343033140000000181e-01
4.046910259999999537e-01 4.079787100000000777e-01 0.000000000000000000e+00 5.519405080000001629e-01 4.412655680000000524e-01 3.947973319999999453e-01 4.587804600000000010e-01 4.922680859999999936e-01 8.174912539999998895e-01 7.935698660000000126e-01 8.164751860000001304e-01 7.674945000000000794e-01 7.404539660000000190e-01 5.252477700000000027e-01 1.910277420000000004e-01 2.267918999999999907e-01 2.659356520000000224e-01 2.563537240000000050e-01 1.907318379999999869e-01 1.915854960000000218e-01 6.757681200000000832e-01 4.018669120000000206e-01
3.875635159999999968e-01 3.524633719999999970e-01 5.519405080000001629e-01 0.000000000000000000e+00 3.983993739999999728e-01 3.596323539999999874e-01 4.888566839999999303e-01 5.948860899999999230e-01 7.068425680000001154e-01 6.473874740000000738e-01 6.872512939999999571e-01 6.498883380000000098e-01 6.075089300000000581e-01 5.008183900000000577e-01 2.018635439999999781e-01 1.892818639999999664e-01 2.026372299999999738e-01 2.063116560000000099e-01 1.938910819999999924e-01 1.583749399999999918e-01 5.813245860000000320e-01 4.585783199999999837e-01
9.565139460000000593e-01 9.754682060000000599e-01 4.412655680000000524e-01 3.983993739999999728e-01 0.000000000000000000e+00 9.554787160000000057e-01 4.303553860000000064e-01 2.852589179999999724e-01 2.780496060000000047e-01 3.024755739999999693e-01 2.769142880000000084e-01 2.257212860000000210e-01 2.831376239999999767e-01 2.927260139999999788e-01 1.526623100000000233e-01 1.464610120000000015e-01 1.406158960000000180e-01 2.805623019999999856e-01 1.412627479999999935e-01 1.573159439999999853e-01 3.504676680000000100e-01 3.369036760000000408e-01
9.905063119999999444e-01 9.816419119999999499e-01 3.947973319999999453e-01 3.596323539999999874e-01 9.554787160000000057e-01 0.000000000000000000e+00 3.776641859999999573e-01 2.592526780000000142e-01 2.328542160000000028e-01 2.631915719999999848e-01 2.248507140000000071e-01 1.927764939999999927e-01 2.150513299999999572e-01 2.773233220000000387e-01 1.823350479999999718e-01 1.553745719999999886e-01 1.746171139999999899e-01 2.631783420000000095e-01 1.681848899999999758e-01 1.705353840000000121e-01 3.259270539999999938e-01 3.611873679999999531e-01
3.913989119999999877e-01 3.738863019999999482e-01 4.587804600000000010e-01 4.888566839999999303e-01 4.303553860000000064e-01 3.776641859999999573e-01 0.000000000000000000e+00 3.742685979999999524e-01 5.231504000000000154e-01 4.940093660000000608e-01 5.154932340000000224e-01 4.384078060000000110e-01 4.190118899999999980e-01 3.349210059999999656e-01 2.756506819999999247e-01 3.319201920000000028e-01 3.209308720000000337e-01 2.884103660000000291e-01 2.732098940000000087e-01 2.762734279999999876e-01 4.240295099999999984e-01 3.277735380000000309e-01
2.811836560000000595e-01 2.616524500000000364e-01 4.922680859999999936e-01 5.948860899999999230e-01 2.852589179999999724e-01 2.592526780000000142e-01 3.742685979999999524e-01 0.000000000000000000e+00 6.250774119999999989e-01 6.386920879999999912e-01 6.186765640000000399e-01 5.949859199999999460e-01 5.137710399999999566e-01 4.417998740000000923e-01 2.699520559999999958e-01 2.826384539999999834e-01 3.247118880000000041e-01 2.804997700000000371e-01 2.665057519999999847e-01 2.454156219999999722e-01 5.249689740000000882e-01 4.553965580000000624e-01
2.547818640000000245e-01 2.445355840000000003e-01 8.174912539999998895e-01 7.068425680000001154e-01 2.780496060000000047e-01 2.328542160000000028e-01 5.231504000000000154e-01 6.250774119999999989e-01 0.000000000000000000e+00 9.373760179999999220e-01 9.726839500000000749e-01 8.955559159999999519e-01 8.444826659999998819e-01 5.885436320000000388e-01 2.477087720000000215e-01 2.871323220000000509e-01 3.573525120000000110e-01 3.626367660000000548e-01 2.497630660000000058e-01 2.396550219999999953e-01 7.969554299999999092e-01 5.739896979999998816e-01
2.709038419999999503e-01 2.712351940000000128e-01 7.935698660000000126e-01 6.473874740000000738e-01 3.024755739999999693e-01 2.631915719999999848e-01 4.940093660000000608e-01 6.386920879999999912e-01 9.373760179999999220e-01 0.000000000000000000e+00 9.302784600000000292e-01 8.993482440000001299e-01 8.129445320000000530e-01 6.231160279999998775e-01 3.037220800000000054e-01 3.186510580000000425e-01 4.038648779999999827e-01 3.280692859999999600e-01 3.001124620000000798e-01 2.727853020000000073e-01 8.069027079999999685e-01 5.169615820000000861e-01
2.454433159999999670e-01 2.409454080000000276e-01 8.164751860000001304e-01 6.872512939999999571e-01 2.769142880000000084e-01 2.248507140000000071e-01 5.154932340000000224e-01 6.186765640000000399e-01 9.726839500000000749e-01 9.302784600000000292e-01 0.000000000000000000e+00 8.976044300000000087e-01 8.743227780000000227e-01 5.859701880000000029e-01 2.433035659999999711e-01 2.925277160000000487e-01 3.567513580000000184e-01 3.315053980000000067e-01 2.506188379999999549e-01 2.417299039999999954e-01 8.080631959999999836e-01 5.657205920000000221e-01
2.091022640000000377e-01 2.037754960000000004e-01 7.674945000000000794e-01 6.498883380000000098e-01 2.257212860000000210e-01 1.927764939999999927e-01 4.384078060000000110e-01 5.949859199999999460e-01 8.955559159999999519e-01 8.993482440000001299e-01 8.976044300000000087e-01 0.000000000000000000e+00 8.185196640000000912e-01 6.172317279999999240e-01 2.780019679999999882e-01 2.997755819999999849e-01 3.531609299999999840e-01 3.067167259999999951e-01 2.784656520000000079e-01 2.680299279999999729e-01 7.854026219999999947e-01 5.066174319999999787e-01
2.183266220000000257e-01 2.366361159999999797e-01 7.404539660000000190e-01 6.075089300000000581e-01 2.831376239999999767e-01 2.150513299999999572e-01 4.190118899999999980e-01 5.137710399999999566e-01 8.444826659999998819e-01 8.129445320000000530e-01 8.743227780000000227e-01 8.185196640000000912e-01 0.000000000000000000e+00 6.091917599999999711e-01 1.774955840000000118e-01 2.251228380000000195e-01 2.541629460000000007e-01 2.911142400000000241e-01 1.913548039999999895e-01 2.061512819999999913e-01 7.923447420000000463e-01 4.394154060000000084e-01
2.665547079999999736e-01 2.635142480000000065e-01 5.252477700000000027e-01 5.008183900000000577e-01 2.927260139999999788e-01 2.773233220000000387e-01 3.349210059999999656e-01 4.417998740000000923e-01 5.885436320000000388e-01 6.231160279999998775e-01 5.859701880000000029e-01 6.172317279999999240e-01 6.091917599999999711e-01 0.000000000000000000e+00 1.903152519999999903e-01 1.851293980000000006e-01 1.840178920000000162e-01 2.522712480000000035e-01 1.992321280000000083e-01 2.087131579999999820e-01 6.075712020000000324e-01 3.061183800000000232e-01
1.848122480000000123e-01 1.760672399999999860e-01 1.910277420000000004e-01 2.018635439999999781e-01 1.526623100000000233e-01 1.823350479999999718e-01 2.756506819999999247e-01 2.699520559999999958e-01 2.477087720000000215e-01 3.037220800000000054e-01 2.433035659999999711e-01 2.780019679999999882e-01 1.774955840000000118e-01 1.903152519999999903e-01 0.000000000000000000e+00 9.179033179999999126e-01 9.424755640000000989e-01 6.914990059999999161e-01 9.896544419999999675e-01 9.682514279999999696e-01 1.744287580000000171e-01 2.100193619999999872e-01
1.591008019999999856e-01 1.531177519999999959e-01 2.267918999999999907e-01 1.892818639999999664e-01 1.464610120000000015e-01 1.553745719999999886e-01 3.319201920000000028e-01 2.826384539999999834e-01 2.871323220000000509e-01 3.186510580000000425e-01 2.925277160000000487e-01 2.997755819999999849e-01 2.251228380000000195e-01 1.851293980000000006e-01 9.179033179999999126e-01 0.000000000000000000e+00 8.944192199999999593e-01 6.624179040000000018e-01 9.257813679999999934e-01 9.255840600000000418e-01 1.801435520000000123e-01 2.360638199999999798e-01
1.815645240000000049e-01 1.769504159999999993e-01 2.659356520000000224e-01 2.026372299999999738e-01 1.406158960000000180e-01 1.746171139999999899e-01 3.209308720000000337e-01 3.247118880000000041e-01 3.573525120000000110e-01 4.038648779999999827e-01 3.567513580000000184e-01 3.531609299999999840e-01 2.541629460000000007e-01 1.840178920000000162e-01 9.424755640000000989e-01 8.944192199999999593e-01 0.000000000000000000e+00 7.072439219999998583e-01 9.594013820000000248e-01 9.302967679999998296e-01 2.437788339999999998e-01 2.519508400000000092e-01
2.543262139999999949e-01 2.669780939999999991e-01 2.563537240000000050e-01 2.063116560000000099e-01 2.805623019999999856e-01 2.631783420000000095e-01 2.884103660000000291e-01 2.804997700000000371e-01 3.626367660000000548e-01 3.280692859999999600e-01 3.315053980000000067e-01 3.067167259999999951e-01 2.911142400000000241e-01 2.522712480000000035e-01 6.914990059999999161e-01 6.624179040000000018e-01 7.072439219999998583e-01 0.000000000000000000e+00 7.024157640000000535e-01 7.073202440000001534e-01 2.762888920000000081e-01 2.840021599999999480e-01
1.712319659999999855e-01 1.660258639999999952e-01 1.907318379999999869e-01 1.938910819999999924e-01 1.412627479999999935e-01 1.681848899999999758e-01 2.732098940000000087e-01 2.665057519999999847e-01 2.497630660000000058e-01 3.001124620000000798e-01 2.506188379999999549e-01 2.784656520000000079e-01 1.913548039999999895e-01 1.992321280000000083e-01 9.896544419999999675e-01 9.257813679999999934e-01 9.594013820000000248e-01 7.024157640000000535e-01 0.000000000000000000e+00 9.729813220000000928e-01 1.784495159999999747e-01 2.151831799999999739e-01
1.709393859999999987e-01 1.655996919999999650e-01 1.915854960000000218e-01 1.583749399999999918e-01 1.573159439999999853e-01 1.705353840000000121e-01 2.762734279999999876e-01 2.454156219999999722e-01 2.396550219999999953e-01 2.727853020000000073e-01 2.417299039999999954e-01 2.680299279999999729e-01 2.061512819999999913e-01 2.087131579999999820e-01 9.682514279999999696e-01 9.255840600000000418e-01 9.302967679999998296e-01 7.073202440000001534e-01 9.729813220000000928e-01 0.000000000000000000e+00 1.554855319999999819e-01 1.988507100000000138e-01
3.133737440000000096e-01 3.300593559999999704e-01 6.757681200000000832e-01 5.813245860000000320e-01 3.504676680000000100e-01 3.259270539999999938e-01 4.240295099999999984e-01 5.249689740000000882e-01 7.969554299999999092e-01 8.069027079999999685e-01 8.080631959999999836e-01 7.854026219999999947e-01 7.923447420000000463e-01 6.075712020000000324e-01 1.744287580000000171e-01 1.801435520000000123e-01 2.437788339999999998e-01 2.762888920000000081e-01 1.784495159999999747e-01 1.554855319999999819e-01 0.000000000000000000e+00 2.862176159999999525e-01
3.714057119999999990e-01 3.343033140000000181e-01 4.018669120000000206e-01 4.585783199999999837e-01 3.369036760000000408e-01 3.611873679999999531e-01 3.277735380000000309e-01 4.553965580000000624e-01 5.739896979999998816e-01 5.169615820000000861e-01 5.657205920000000221e-01 5.066174319999999787e-01 4.394154060000000084e-01 3.061183800000000232e-01 2.100193619999999872e-01 2.360638199999999798e-01 2.519508400000000092e-01 2.840021599999999480e-01 2.151831799999999739e-01 1.988507100000000138e-01 2.862176159999999525e-01 0.000000000000000000e+00
