0.000000000000000000e+00 9.686489420000000683e-01 4.478568599999999122e-01 5.824419419999999903e-01 9.564711620000000414e-01 9.574234319999999077e-01 5.863060199999999694e-02 7.328672999999999438e-02 2.474745920000000210e-01 2.925471720000000220e-01 2.080882119999999946e-01 1.674249919999999947e-01 2.954138960000000091e-01 1.263315279999999985e-01 7.135837599999998726e-02 9.926295799999998448e-02 7.537425599999998671e-02 1.012858120000000028e-01 7.973942599999998826e-02 9.351160199999999922e-02 1.985255060000000182e-01 2.161951279999999864e-01
9.686489420000000683e-01 0.000000000000000000e+00 4.139810319999999710e-01 5.446415480000000864e-01 9.647603240000000024e-01 9.790482139999999722e-01 5.434796000000000765e-02 6.703699199999998970e-02 2.561659960000000069e-01 2.730303099999999983e-01 2.053767539999999947e-01 1.211324700000000060e-01 3.167016159999999636e-01 9.817830200000000895e-02 6.026958799999999894e-02 7.651081199999999749e-02 6.177663599999999589e-02 8.871856200000000081e-02 6.242355600000000504e-02 7.912149200000000160e-02 2.202138919999999944e-01 2.020652119999999941e-01
4.478568599999999122e-01 4.139810319999999710e-01 0.000000000000000000e+00 5.862309840000000660e-01 3.924174139999999644e-01 3.954926100000000222e-01 5.741928279999999329e-01 5.819833300000000209e-01 4.275351239999999886e-01 2.493200859999999963e-01 5.127661719999999645e-01 1.727031119999999920e-01 3.402975419999999529e-01 2.770530640000000155e-01 5.670256599999999869e-01 5.741634740000000070e-01 5.669617519999999855e-01 5.662423100000000264e-01 5.662814139999999830e-01 5.686291700000000171e-01 3.804155659999999828e-01 2.418808499999999806e-01
5.824419419999999903e-01 5.446415480000000864e-01 5.862309840000000660e-01 0.000000000000000000e+00 4.991040580000000171e-01 5.377075880000000696e-01 3.712533180000000543e-01 3.897688159999999624e-01 2.140771540000000195e-01 1.758273559999999902e-01 1.652264580000000205e-01 1.605462619999999951e-01 2.350841220000000342e-01 2.604191359999999955e-01 3.754074640000000240e-01 3.702263719999999703e-01 3.748751920000000237e-01 3.621292399999999634e-01 3.717522119999999708e-01 3.659279939999999787e-01 3.743898159999999864e-01 4.218821000000000376e-01
9.564711620000000414e-01 9.647603240000000024e-01 3.924174139999999644e-01 4.991040580000000171e-01 0.000000000000000000e+00 9.358984640000000965e-01 7.738975600000000399e-02 9.032365800000000111e-02 2.801769480000000367e-01 2.562811819999999963e-01 2.363388160000000071e-01 1.199040600000000067e-01 3.316290980000000110e-01 1.258908180000000154e-01 8.435712600000000450e-02 9.233078800000001085e-02 8.389999800000000341e-02 1.112228619999999779e-01 8.577434200000000342e-02 1.037318619999999941e-01 2.258734379999999820e-01 2.076401559999999924e-01
9.574234319999999077e-01 9.790482139999999722e-01 3.954926100000000222e-01 5.377075880000000696e-01 9.358984640000000965e-01 0.000000000000000000e+00 5.989268600000000747e-02 7.111335200000000467e-02 2.531087140000000124e-01 2.988254039999999612e-01 1.911860340000000047e-01 1.286434640000000129e-01 3.231494860000000413e-01 8.096212199999999748e-02 6.071264800000000100e-02 7.316087000000000284e-02 5.892051399999999328e-02 9.341253400000000540e-02 5.852726800000000035e-02 8.085887399999999725e-02 2.228933339999999708e-01 2.134939940000000203e-01
5.863060199999999694e-02 5.434796000000000765e-02 5.741928279999999329e-01 3.712533180000000543e-01 7.738975600000000399e-02 5.989268600000000747e-02 0.000000000000000000e+00 9.720253159999998616e-01 4.030434259999999824e-01 1.437859140000000147e-01 4.357152960000000297e-01 2.039602719999999980e-01 5.123604600000000175e-01 3.714552760000000009e-01 9.920750480000000149e-01 9.619180520000000234e-01 9.928280239999999202e-01 9.540744039999999870e-01 9.918241859999999965e-01 9.704046060000000029e-01 5.156236819999999721e-01 2.739430279999999773e-01
7.328672999999999438e-02 6.703699199999998970e-02 5.819833300000000209e-01 3.897688159999999624e-01 9.032365800000000111e-02 7.111335200000000467e-02 9.720253159999998616e-01 0.000000000000000000e+00 4.271044140000000988e-01 1.482078920000000077e-01 4.494389859999999848e-01 2.219398220000000088e-01 5.480025099999999982e-01 4.001495979999999397e-01 9.747785660000000130e-01 9.813737319999999986e-01 9.727478880000000050e-01 9.735334259999998130e-01 9.782126339999999143e-01 9.825614000000000292e-01 5.497458940000000682e-01 2.883040819999999615e-01
2.474745920000000210e-01 2.561659960000000069e-01 4.275351239999999886e-01 2.140771540000000195e-01 2.801769480000000367e-01 2.531087140000000124e-01 4.030434259999999824e-01 4.271044140000000988e-01 0.000000000000000000e+00 3.833197740000000020e-01 7.979123619999999306e-01 2.882444959999999612e-01 2.634466240000000181e-01 2.318493799999999661e-01 4.195121640000000207e-01 4.613925899999999913e-01 4.239983079999999904e-01 4.810311399999999682e-01 4.272883399999999332e-01 4.628671199999999653e-01 2.758904140000000282e-01 1.839962579999999959e-01
2.925471720000000220e-01 2.730303099999999983e-01 2.493200859999999963e-01 1.758273559999999902e-01 2.562811819999999963e-01 2.988254039999999612e-01 1.437859140000000147e-01 1.482078920000000077e-01 3.833197740000000020e-01 0.000000000000000000e+00 2.534492780000000556e-01 7.737750260000000324e-01 3.288001440000000164e-01 5.865168560000000308e-01 1.579334000000000016e-01 1.773957200000000067e-01 1.596033640000000253e-01 1.750341639999999921e-01 1.632740419999999804e-01 1.732983059999999853e-01 2.918083799999999783e-01 3.543647400000000114e-01
2.080882119999999946e-01 2.053767539999999947e-01 5.127661719999999645e-01 1.652264580000000205e-01 2.363388160000000071e-01 1.911860340000000047e-01 4.357152960000000297e-01 4.494389859999999848e-01 7.979123619999999306e-01 2.534492780000000556e-01 0.000000000000000000e+00 1.645614659999999896e-01 3.040209720000000004e-01 1.987595499999999793e-01 4.513837559999999693e-01 4.772831519999999328e-01 4.520158880000000323e-01 4.944317179999999645e-01 4.544776540000000087e-01 4.833171420000000329e-01 3.257098979999999977e-01 2.405798720000000002e-01
1.674249919999999947e-01 1.211324700000000060e-01 1.727031119999999920e-01 1.605462619999999951e-01 1.199040600000000067e-01 1.286434640000000129e-01 2.039602719999999980e-01 2.219398220000000088e-01 2.882444959999999612e-01 7.737750260000000324e-01 1.645614659999999896e-01 0.000000000000000000e+00 3.539853480000000330e-01 8.162428839999998909e-01 2.040794019999999931e-01 2.283812820000000188e-01 2.102554219999999974e-01 2.281096279999999810e-01 2.145928159999999640e-01 2.220984659999999944e-01 3.513193399999999800e-01 2.592842700000000389e-01
2.954138960000000091e-01 3.167016159999999636e-01 3.402975419999999529e-01 2.350841220000000342e-01 3.316290980000000110e-01 3.231494860000000413e-01 5.123604600000000175e-01 5.480025099999999982e-01 2.634466240000000181e-01 3.288001440000000164e-01 3.040209720000000004e-01 3.539853480000000330e-01 0.000000000000000000e+00 4.497649140000000711e-01 5.242682199999999515e-01 4.979592860000000565e-01 5.174785039999999503e-01 4.971828000000000358e-01 5.224995800000000745e-01 5.096502779999999566e-01 7.855509160000000435e-01 5.128981699999999311e-01
1.263315279999999985e-01 9.817830200000000895e-02 2.770530640000000155e-01 2.604191359999999955e-01 1.258908180000000154e-01 8.096212199999999748e-02 3.714552760000000009e-01 4.001495979999999397e-01 2.318493799999999661e-01 5.865168560000000308e-01 1.987595499999999793e-01 8.162428839999998909e-01 4.497649140000000711e-01 0.000000000000000000e+00 3.738399540000000298e-01 3.964684159999999902e-01 3.686440779999999862e-01 3.968507159999999923e-01 3.760681319999999994e-01 3.971290060000000066e-01 5.002338120000000554e-01 3.793077860000000356e-01
7.135837599999998726e-02 6.026958799999999894e-02 5.670256599999999869e-01 3.754074640000000240e-01 8.435712600000000450e-02 6.071264800000000100e-02 9.920750480000000149e-01 9.747785660000000130e-01 4.195121640000000207e-01 1.579334000000000016e-01 4.513837559999999693e-01 2.040794019999999931e-01 5.242682199999999515e-01 3.738399540000000298e-01 0.000000000000000000e+00 9.693976539999999975e-01 9.970556760000001129e-01 9.614547239999999828e-01 9.974721000000000837e-01 9.779611440000000044e-01 5.267381660000000076e-01 2.834930800000000084e-01
9.926295799999998448e-02 7.651081199999999749e-02 5.741634740000000070e-01 3.702263719999999703e-01 9.233078800000001085e-02 7.316087000000000284e-02 9.619180520000000234e-01 9.813737319999999986e-01 4.613925899999999913e-01 1.773957200000000067e-01 4.772831519999999328e-01 2.283812820000000188e-01 4.979592860000000565e-01 3.964684159999999902e-01 9.693976539999999975e-01 0.000000000000000000e+00 9.681797580000000014e-01 9.949744299999998542e-01 9.753460600000000147e-01 9.963774920000000312e-01 5.137294440000000906e-01 2.592760779999999654e-01
7.537425599999998671e-02 6.177663599999999589e-02 5.669617519999999855e-01 3.748751920000000237e-01 8.389999800000000341e-02 5.892051399999999328e-02 9.928280239999999202e-01 9.727478880000000050e-01 4.239983079999999904e-01 1.596033640000000253e-01 4.520158880000000323e-01 2.102554219999999974e-01 5.174785039999999503e-01 3.686440779999999862e-01 9.970556760000001129e-01 9.681797580000000014e-01 0.000000000000000000e+00 9.592684239999998974e-01 9.987423079999999675e-01 9.758789699999999012e-01 5.187903739999999431e-01 2.727845779999999998e-01
1.012858120000000028e-01 8.871856200000000081e-02 5.662423100000000264e-01 3.621292399999999634e-01 1.112228619999999779e-01 9.341253400000000540e-02 9.540744039999999870e-01 9.735334259999998130e-01 4.810311399999999682e-01 1.750341639999999921e-01 4.944317179999999645e-01 2.281096279999999810e-01 4.971828000000000358e-01 3.968507159999999923e-01 9.614547239999999828e-01 9.949744299999998542e-01 9.592684239999998974e-01 0.000000000000000000e+00 9.668983439999999652e-01 9.960698359999999862e-01 5.204088019999999482e-01 2.649453239999999821e-01
7.973942599999998826e-02 6.242355600000000504e-02 5.662814139999999830e-01 3.717522119999999708e-01 8.577434200000000342e-02 5.852726800000000035e-02 9.918241859999999965e-01 9.782126339999999143e-01 4.272883399999999332e-01 1.632740419999999804e-01 4.544776540000000087e-01 2.145928159999999640e-01 5.224995800000000745e-01 3.760681319999999994e-01 9.974721000000000837e-01 9.753460600000000147e-01 9.987423079999999675e-01 9.668983439999999652e-01 0.000000000000000000e+00 9.819104800000000299e-01 5.225365020000000138e-01 2.707182579999999894e-01
9.351160199999999922e-02 7.912149200000000160e-02 5.686291700000000171e-01 3.659279939999999787e-01 1.037318619999999941e-01 8.085887399999999725e-02 9.704046060000000029e-01 9.825614000000000292e-01 4.628671199999999653e-01 1.732983059999999853e-01 4.833171420000000329e-01 2.220984659999999944e-01 5.096502779999999566e-01 3.971290060000000066e-01 9.779611440000000044e-01 9.963774920000000312e-01 9.758789699999999012e-01 9.960698359999999862e-01 9.819104800000000299e-01 0.000000000000000000e+00 5.247328620000000221e-01 2.722984519999999686e-01
1.985255060000000182e-01 2.202138919999999944e-01 3.804155659999999828e-01 3.743898159999999864e-01 2.258734379999999820e-01 2.228933339999999708e-01 5.156236819999999721e-01 5.497458940000000682e-01 2.758904140000000282e-01 2.918083799999999783e-01 3.257098979999999977e-01 3.513193399999999800e-01 7.855509160000000435e-01 5.002338120000000554e-01 5.267381660000000076e-01 5.137294440000000906e-01 5.187903739999999431e-01 5.204088019999999482e-01 5.225365020000000138e-01 5.247328620000000221e-01 0.000000000000000000e+00 7.189621600000000168e-01
2.161951279999999864e-01 2.020652119999999941e-01 2.418808499999999806e-01 4.218821000000000376e-01 2.076401559999999924e-01 2.134939940000000203e-01 2.739430279999999773e-01 2.883040819999999615e-01 1.839962579999999959e-01 3.543647400000000114e-01 2.405798720000000002e-01 2.592842700000000389e-01 5.128981699999999311e-01 3.793077860000000356e-01 2.834930800000000084e-01 2.592760779999999654e-01 2.727845779999999998e-01 2.649453239999999821e-01 2.707182579999999894e-01 2.722984519999999686e-01 7.189621600000000168e-01 0.000000000000000000e+00
