0.000000000000000000e+00 8.059023719999999225e-01 5.895378219999999336e-01 5.349848160000000297e-01 7.837778839999999247e-01 7.273457800000000528e-01 3.502272859999999710e-01 2.810221819999999537e-01 4.181165459999999778e-01 3.379580199999999701e-01 3.744189839999999547e-01 2.714330559999999504e-01 3.305569760000000024e-01 1.929498000000000046e-01 2.129443179999999936e-01 2.539686999999999917e-01 3.044083840000000318e-01 3.365836119999999765e-01 3.332617900000000022e-01 3.357439400000000185e-01 3.125893739999999754e-01 2.508843680000000242e-01
8.059023719999999225e-01 0.000000000000000000e+00 4.669369419999999660e-01 4.916813700000000620e-01 8.591914400000000285e-01 7.626953280000000612e-01 2.749418519999999866e-01 3.235459499999999711e-01 3.273084159999999909e-01 3.443626379999999432e-01 2.685498920000000123e-01 3.061216679999999579e-01 2.604964080000000126e-01 2.132527320000000004e-01 2.503288000000000180e-01 2.856224900000000066e-01 2.631548100000000168e-01 3.154967579999999883e-01 3.266313779999999722e-01 3.775067759999999883e-01 3.244172060000000135e-01 2.880251099999999731e-01
5.895378219999999336e-01 4.669369419999999660e-01 0.000000000000000000e+00 6.308110619999999225e-01 4.256185099999999499e-01 4.248395620000000039e-01 5.464819779999999794e-01 4.144246240000000192e-01 7.253870119999999977e-01 5.168238059999999967e-01 7.930420320000000078e-01 3.329126960000000079e-01 7.262188799999999000e-01 3.780274780000000279e-01 2.017914880000000188e-01 2.691067399999999554e-01 2.981122260000000357e-01 2.954568060000000163e-01 3.653723799999999966e-01 2.477069580000000326e-01 5.889514959999999633e-01 2.195571880000000142e-01
5.349848160000000297e-01 4.916813700000000620e-01 6.308110619999999225e-01 0.000000000000000000e+00 4.376886299999999674e-01 4.240430959999999527e-01 3.398406320000000314e-01 5.869627560000000299e-01 6.162481919999999169e-01 6.324668799999999536e-01 4.657729460000000765e-01 6.175071299999999042e-01 5.286853259999999555e-01 4.817596099999999493e-01 2.470351959999999847e-01 3.270790680000000283e-01 2.865975860000000153e-01 3.722478179999999526e-01 3.622334300000000229e-01 2.660449280000000138e-01 5.228067680000000328e-01 3.441493560000000174e-01
7.837778839999999247e-01 8.591914400000000285e-01 4.256185099999999499e-01 4.376886299999999674e-01 0.000000000000000000e+00 7.065621859999999810e-01 3.153737839999999903e-01 3.072613899999999676e-01 3.499965919999999953e-01 3.354198399999999691e-01 2.635012280000000318e-01 2.561616420000000227e-01 2.712660219999999955e-01 2.236637120000000145e-01 2.424418779999999995e-01 2.245221520000000304e-01 2.364967880000000133e-01 3.506291779999999858e-01 3.040685619999999867e-01 3.909774099999999697e-01 3.202108059999999590e-01 3.052935019999999389e-01
7.273457800000000528e-01 7.626953280000000612e-01 4.248395620000000039e-01 4.240430959999999527e-01 7.065621859999999810e-01 0.000000000000000000e+00 3.469671760000000438e-01 2.357055680000000319e-01 2.982720520000000097e-01 2.430136520000000522e-01 3.029406099999999991e-01 2.715006060000000332e-01 2.445128900000000383e-01 2.281306439999999935e-01 2.227031020000000139e-01 3.245239219999999647e-01 3.006309280000000195e-01 2.859755780000000080e-01 3.438116159999999866e-01 3.726811899999999955e-01 2.827778680000000433e-01 3.257563980000000026e-01
3.502272859999999710e-01 2.749418519999999866e-01 5.464819779999999794e-01 3.398406320000000314e-01 3.153737839999999903e-01 3.469671760000000438e-01 0.000000000000000000e+00 3.725330339999999851e-01 6.157307600000000436e-01 4.982544979999999901e-01 6.350873939999999163e-01 3.457707959999999914e-01 6.147618900000000330e-01 2.405345480000000147e-01 3.028770379999999873e-01 1.397339340000000041e-01 3.297767240000000211e-01 3.151616680000000059e-01 2.085665839999999993e-01 2.375687740000000103e-01 5.175734880000000260e-01 2.636688999999999838e-01
2.810221819999999537e-01 3.235459499999999711e-01 4.144246240000000192e-01 5.869627560000000299e-01 3.072613899999999676e-01 2.357055680000000319e-01 3.725330339999999851e-01 0.000000000000000000e+00 5.389292899999998943e-01 7.496662040000000582e-01 3.903808260000000141e-01 7.352763240000000922e-01 4.216667939999999559e-01 3.507235779999999803e-01 1.655976379999999915e-01 1.392230760000000012e-01 2.039923120000000090e-01 2.789749899999999783e-01 2.345137939999999976e-01 1.557281879999999896e-01 4.853219420000000062e-01 4.066003880000000348e-01
4.181165459999999778e-01 3.273084159999999909e-01 7.253870119999999977e-01 6.162481919999999169e-01 3.499965919999999953e-01 2.982720520000000097e-01 6.157307600000000436e-01 5.389292899999998943e-01 0.000000000000000000e+00 6.950434559999999484e-01 8.154300360000000802e-01 5.368640259999999387e-01 6.997109860000000348e-01 3.979592519999999856e-01 2.139558280000000146e-01 2.804528739999999631e-01 3.320510280000000258e-01 3.525822500000000415e-01 2.986469979999999969e-01 2.357582920000000082e-01 6.114654419999999702e-01 1.821102520000000280e-01
3.379580199999999701e-01 3.443626379999999432e-01 5.168238059999999967e-01 6.324668799999999536e-01 3.354198399999999691e-01 2.430136520000000522e-01 4.982544979999999901e-01 7.496662040000000582e-01 6.950434559999999484e-01 0.000000000000000000e+00 5.580816779999999699e-01 7.924324500000000659e-01 6.205800160000000121e-01 4.533219900000000635e-01 2.311405539999999981e-01 2.829479059999999713e-01 2.995725180000000099e-01 2.946258179999999838e-01 2.936999979999999622e-01 2.480771199999999566e-01 7.021952059999999607e-01 4.281148599999999860e-01
3.744189839999999547e-01 2.685498920000000123e-01 7.930420320000000078e-01 4.657729460000000765e-01 2.635012280000000318e-01 3.029406099999999991e-01 6.350873939999999163e-01 3.903808260000000141e-01 8.154300360000000802e-01 5.580816779999999699e-01 0.000000000000000000e+00 3.473506880000000185e-01 7.502585859999999496e-01 3.284243299999999866e-01 2.553033040000000087e-01 2.679739540000000142e-01 3.408139920000000100e-01 2.557053320000000074e-01 2.839720219999999906e-01 2.050491939999999624e-01 6.066786079999999526e-01 2.314695239999999821e-01
2.714330559999999504e-01 3.061216679999999579e-01 3.329126960000000079e-01 6.175071299999999042e-01 2.561616420000000227e-01 2.715006060000000332e-01 3.457707959999999914e-01 7.352763240000000922e-01 5.368640259999999387e-01 7.924324500000000659e-01 3.473506880000000185e-01 0.000000000000000000e+00 4.121592760000000188e-01 3.927487719999999682e-01 1.583968320000000152e-01 3.522522280000000006e-01 1.802485919999999853e-01 2.628260820000000164e-01 2.245565900000000004e-01 2.265177719999999506e-01 5.046943999999999875e-01 5.119103499999999585e-01
3.305569760000000024e-01 2.604964080000000126e-01 7.262188799999999000e-01 5.286853259999999555e-01 2.712660219999999955e-01 2.445128900000000383e-01 6.147618900000000330e-01 4.216667939999999559e-01 6.997109860000000348e-01 6.205800160000000121e-01 7.502585859999999496e-01 4.121592760000000188e-01 0.000000000000000000e+00 4.376812900000000006e-01 2.398891379999999740e-01 2.341722119999999907e-01 3.446066200000000301e-01 2.758073460000000088e-01 2.918561620000000301e-01 2.516570379999999441e-01 7.520838899999999771e-01 2.552788940000000339e-01
1.929498000000000046e-01 2.132527320000000004e-01 3.780274780000000279e-01 4.817596099999999493e-01 2.236637120000000145e-01 2.281306439999999935e-01 2.405345480000000147e-01 3.507235779999999803e-01 3.979592519999999856e-01 4.533219900000000635e-01 3.284243299999999866e-01 3.927487719999999682e-01 4.376812900000000006e-01 0.000000000000000000e+00 2.593738760000000032e-01 3.756195319999999782e-01 2.658946459999999568e-01 3.242795339999999804e-01 3.334583460000000166e-01 2.922493300000000294e-01 4.241199139999999868e-01 3.364437019999999556e-01
2.129443179999999936e-01 2.503288000000000180e-01 2.017914880000000188e-01 2.470351959999999847e-01 2.424418779999999995e-01 2.227031020000000139e-01 3.028770379999999873e-01 1.655976379999999915e-01 2.139558280000000146e-01 2.311405539999999981e-01 2.553033040000000087e-01 1.583968320000000152e-01 2.398891379999999740e-01 2.593738760000000032e-01 0.000000000000000000e+00 1.929959599999999942e-01 4.682428179999999496e-01 2.801326499999999831e-01 3.383047940000000198e-01 5.112525839999999544e-01 2.851591379999999232e-01 2.443401139999999694e-01
2.539686999999999917e-01 2.856224900000000066e-01 2.691067399999999554e-01 3.270790680000000283e-01 2.245221520000000304e-01 3.245239219999999647e-01 1.397339340000000041e-01 1.392230760000000012e-01 2.804528739999999631e-01 2.829479059999999713e-01 2.679739540000000142e-01 3.522522280000000006e-01 2.341722119999999907e-01 3.756195319999999782e-01 1.929959599999999942e-01 0.000000000000000000e+00 2.355380519999999700e-01 4.760934119999999936e-01 4.153083800000000325e-01 4.032865420000000256e-01 2.549439359999999821e-01 3.959734179999999659e-01
3.044083840000000318e-01 2.631548100000000168e-01 2.981122260000000357e-01 2.865975860000000153e-01 2.364967880000000133e-01 3.006309280000000195e-01 3.297767240000000211e-01 2.039923120000000090e-01 3.320510280000000258e-01 2.995725180000000099e-01 3.408139920000000100e-01 1.802485919999999853e-01 3.446066200000000301e-01 2.658946459999999568e-01 4.682428179999999496e-01 2.355380519999999700e-01 0.000000000000000000e+00 3.790843440000000175e-01 6.742027259999999744e-01 4.082956480000000110e-01 3.054422739999999581e-01 2.516410219999999920e-01
3.365836119999999765e-01 3.154967579999999883e-01 2.954568060000000163e-01 3.722478179999999526e-01 3.506291779999999858e-01 2.859755780000000080e-01 3.151616680000000059e-01 2.789749899999999783e-01 3.525822500000000415e-01 2.946258179999999838e-01 2.557053320000000074e-01 2.628260820000000164e-01 2.758073460000000088e-01 3.242795339999999804e-01 2.801326499999999831e-01 4.760934119999999936e-01 3.790843440000000175e-01 0.000000000000000000e+00 3.070767340000000734e-01 6.915790480000000295e-01 2.108201820000000226e-01 2.368272260000000018e-01
3.332617900000000022e-01 3.266313779999999722e-01 3.653723799999999966e-01 3.622334300000000229e-01 3.040685619999999867e-01 3.438116159999999866e-01 2.085665839999999993e-01 2.345137939999999976e-01 2.986469979999999969e-01 2.936999979999999622e-01 2.839720219999999906e-01 2.245565900000000004e-01 2.918561620000000301e-01 3.334583460000000166e-01 3.383047940000000198e-01 4.153083800000000325e-01 6.742027259999999744e-01 3.070767340000000734e-01 0.000000000000000000e+00 3.258068239999999949e-01 3.223782679999999679e-01 3.333640139999999863e-01
3.357439400000000185e-01 3.775067759999999883e-01 2.477069580000000326e-01 2.660449280000000138e-01 3.909774099999999697e-01 3.726811899999999955e-01 2.375687740000000103e-01 1.557281879999999896e-01 2.357582920000000082e-01 2.480771199999999566e-01 2.050491939999999624e-01 2.265177719999999506e-01 2.516570379999999441e-01 2.922493300000000294e-01 5.112525839999999544e-01 4.032865420000000256e-01 4.082956480000000110e-01 6.915790480000000295e-01 3.258068239999999949e-01 0.000000000000000000e+00 2.646453480000000025e-01 2.894171499999999564e-01
3.125893739999999754e-01 3.244172060000000135e-01 5.889514959999999633e-01 5.228067680000000328e-01 3.202108059999999590e-01 2.827778680000000433e-01 5.175734880000000260e-01 4.853219420000000062e-01 6.114654419999999702e-01 7.021952059999999607e-01 6.066786079999999526e-01 5.046943999999999875e-01 7.520838899999999771e-01 4.241199139999999868e-01 2.851591379999999232e-01 2.549439359999999821e-01 3.054422739999999581e-01 2.108201820000000226e-01 3.223782679999999679e-01 2.646453480000000025e-01 0.000000000000000000e+00 4.065500280000000077e-01
2.508843680000000242e-01 2.880251099999999731e-01 2.195571880000000142e-01 3.441493560000000174e-01 3.052935019999999389e-01 3.257563980000000026e-01 2.636688999999999838e-01 4.066003880000000348e-01 1.821102520000000280e-01 4.281148599999999860e-01 2.314695239999999821e-01 5.119103499999999585e-01 2.552788940000000339e-01 3.364437019999999556e-01 2.443401139999999694e-01 3.959734179999999659e-01 2.516410219999999920e-01 2.368272260000000018e-01 3.333640139999999863e-01 2.894171499999999564e-01 4.065500280000000077e-01 0.000000000000000000e+00
