0.000000000000000000e+00 1.753854119999999905e-01 1.137410120000000024e-01 3.530038479999999534e-01 2.059221539999999684e-01 6.451139660000000386e-01 7.641796400000000489e-02 6.624199599999999744e-02 6.736174800000001295e-02 7.827701200000000692e-02 7.664446600000000831e-02 9.267093600000000930e-02 9.835492199999999741e-02 8.970519999999999883e-02 6.852547600000000183e-02 7.348114600000001106e-02 7.028518799999999844e-02 6.760324199999999395e-02 6.466413600000001094e-02 8.664009400000000083e-02 1.057342039999999983e-01 5.216240599999999450e-02
1.753854119999999905e-01 0.000000000000000000e+00 1.242312599999999961e-01 8.925925599999999516e-02 6.227742900000000636e-01 7.151501400000000175e-02 7.539154200000000583e-02 6.275736999999999288e-02 7.390449200000000218e-02 6.054199799999999965e-02 9.649908999999999570e-02 9.767573400000000017e-02 8.496244599999999703e-02 7.583277400000000557e-02 7.842874399999999468e-02 5.829559599999999120e-02 5.695507400000000831e-02 7.920641200000000381e-02 5.097612799999999555e-02 8.773265800000000503e-02 8.120982599999999885e-02 9.244170000000000165e-02
1.137410120000000024e-01 1.242312599999999961e-01 0.000000000000000000e+00 1.206176800000000188e-01 1.592542000000000124e-01 8.066467199999999282e-02 1.654165879999999755e-01 2.103748420000000063e-01 1.000283320000000115e-01 1.278665179999999846e-01 5.539756700000000311e-01 9.926190600000001085e-02 5.163773480000000138e-01 1.034838059999999976e-01 5.141818599999999767e-02 1.012017500000000070e-01 2.795083079999999831e-01 2.172317960000000048e-01 2.924030380000000040e-01 2.061097980000000107e-01 3.757966320000000193e-01 2.318133319999999831e-01
3.530038479999999534e-01 8.925925599999999516e-02 1.206176800000000188e-01 0.000000000000000000e+00 1.233633660000000021e-01 3.217284740000000420e-01 1.436881720000000029e-01 1.473807639999999974e-01 1.871183040000000131e-01 1.799668319999999933e-01 1.202290180000000069e-01 4.502360659999999903e-01 1.054897279999999771e-01 3.027491440000000256e-01 1.245974460000000006e-01 1.298818039999999896e-01 1.354601740000000165e-01 1.796928999999999887e-01 1.465456599999999943e-01 1.549648660000000067e-01 1.013337919999999920e-01 3.025641940000000085e-01
2.059221539999999684e-01 6.227742900000000636e-01 1.592542000000000124e-01 1.233633660000000021e-01 0.000000000000000000e+00 1.669015739999999970e-01 5.140607999999999983e-02 5.321599399999998870e-02 8.747409800000000013e-02 7.441013000000000488e-02 7.779252999999999862e-02 9.882882400000000955e-02 8.044308599999999698e-02 1.071639080000000022e-01 8.050566400000000455e-02 6.027923799999999194e-02 5.413352400000000231e-02 5.739877800000000446e-02 5.211054400000000170e-02 7.625119999999999121e-02 8.155494400000000421e-02 9.877940799999999910e-02
6.451139660000000386e-01 7.151501400000000175e-02 8.066467199999999282e-02 3.217284740000000420e-01 1.669015739999999970e-01 0.000000000000000000e+00 9.086377999999999122e-02 8.457057399999999558e-02 1.056448399999999899e-01 7.096103000000000827e-02 6.682825600000000255e-02 7.290630000000000721e-02 7.478044399999998759e-02 8.388372600000000567e-02 8.705524600000000279e-02 4.366028200000000165e-02 7.908149000000000428e-02 8.052970000000000961e-02 7.980828199999999428e-02 8.450228399999999696e-02 7.923746600000000639e-02 7.731985599999999237e-02
7.641796400000000489e-02 7.539154200000000583e-02 1.654165879999999755e-01 1.436881720000000029e-01 5.140607999999999983e-02 9.086377999999999122e-02 0.000000000000000000e+00 6.538798660000000318e-01 1.445631060000000245e-01 1.696091200000000021e-01 1.519163799999999898e-01 1.210442439999999953e-01 1.508839399999999942e-01 1.529445620000000061e-01 4.154619620000000180e-01 1.953527180000000085e-01 5.917772820000000156e-01 7.145091019999999515e-01 6.584313480000000274e-01 6.704452240000000618e-01 1.999831379999999770e-01 2.219637920000000209e-01
6.624199599999999744e-02 6.275736999999999288e-02 2.103748420000000063e-01 1.473807639999999974e-01 5.321599399999998870e-02 8.457057399999999558e-02 6.538798660000000318e-01 0.000000000000000000e+00 1.934328399999999948e-01 2.384463420000000333e-01 1.318694340000000076e-01 1.339141540000000075e-01 1.469062600000000107e-01 1.549402580000000251e-01 2.235756959999999904e-01 3.561198839999999977e-01 6.245941959999999904e-01 6.858263040000001087e-01 6.852222680000000787e-01 6.594989900000000072e-01 2.017783539999999931e-01 2.025884560000000278e-01
6.736174800000001295e-02 7.390449200000000218e-02 1.000283320000000115e-01 1.871183040000000131e-01 8.747409800000000013e-02 1.056448399999999899e-01 1.445631060000000245e-01 1.934328399999999948e-01 0.000000000000000000e+00 1.084307179999999954e-01 1.050973500000000060e-01 1.814645959999999503e-01 2.742189199999999771e-01 1.251071220000000150e-01 1.484155460000000093e-01 7.027875999999999568e-02 1.067534259999999985e-01 1.534689240000000066e-01 1.173160760000000052e-01 1.564202219999999977e-01 1.491609839999999965e-01 1.815145640000000449e-01
7.827701200000000692e-02 6.054199799999999965e-02 1.278665179999999846e-01 1.799668319999999933e-01 7.441013000000000488e-02 7.096103000000000827e-02 1.696091200000000021e-01 2.384463420000000333e-01 1.084307179999999954e-01 0.000000000000000000e+00 1.537926300000000135e-01 2.326688220000000251e-01 1.180885579999999824e-01 4.650203039999999954e-01 1.301175360000000059e-01 1.348012740000000265e-01 1.430640780000000112e-01 1.497931120000000060e-01 1.548151080000000068e-01 1.810878980000000249e-01 1.031832399999999816e-01 8.529295200000000521e-02
7.664446600000000831e-02 9.649908999999999570e-02 5.539756700000000311e-01 1.202290180000000069e-01 7.779252999999999862e-02 6.682825600000000255e-02 1.519163799999999898e-01 1.318694340000000076e-01 1.050973500000000060e-01 1.537926300000000135e-01 0.000000000000000000e+00 9.038147599999998838e-02 5.555982600000000105e-01 1.475575399999999870e-01 1.388475440000000172e-01 1.071206340000000062e-01 1.980845659999999897e-01 1.674208699999999994e-01 2.024420319999999940e-01 1.381684700000000154e-01 4.443581260000000199e-01 2.825720700000000085e-01
9.267093600000000930e-02 9.767573400000000017e-02 9.926190600000001085e-02 4.502360659999999903e-01 9.882882400000000955e-02 7.290630000000000721e-02 1.210442439999999953e-01 1.339141540000000075e-01 1.814645959999999503e-01 2.326688220000000251e-01 9.038147599999998838e-02 0.000000000000000000e+00 9.725327000000001665e-02 2.412756580000000040e-01 1.000997720000000035e-01 6.910070999999998187e-02 1.386919579999999763e-01 1.475264460000000055e-01 1.581794280000000108e-01 1.444463819999999843e-01 9.180202200000001089e-02 1.853468460000000095e-01
9.835492199999999741e-02 8.496244599999999703e-02 5.163773480000000138e-01 1.054897279999999771e-01 8.044308599999999698e-02 7.478044399999998759e-02 1.508839399999999942e-01 1.469062600000000107e-01 2.742189199999999771e-01 1.180885579999999824e-01 5.555982600000000105e-01 9.725327000000001665e-02 0.000000000000000000e+00 9.820533200000000629e-02 1.386048800000000136e-01 6.177534399999999593e-02 1.972683259999999938e-01 1.411215279999999961e-01 2.010502660000000330e-01 1.138965059999999807e-01 4.554380239999999413e-01 1.717656919999999976e-01
8.970519999999999883e-02 7.583277400000000557e-02 1.034838059999999976e-01 3.027491440000000256e-01 1.071639080000000022e-01 8.388372600000000567e-02 1.529445620000000061e-01 1.549402580000000251e-01 1.251071220000000150e-01 4.650203039999999954e-01 1.475575399999999870e-01 2.412756580000000040e-01 9.820533200000000629e-02 0.000000000000000000e+00 9.393496999999999264e-02 1.094220960000000104e-01 1.647521380000000202e-01 1.558812660000000183e-01 1.937257579999999979e-01 1.414751660000000133e-01 9.187618799999999752e-02 1.474839640000000229e-01
6.852547600000000183e-02 7.842874399999999468e-02 5.141818599999999767e-02 1.245974460000000006e-01 8.050566400000000455e-02 8.705524600000000279e-02 4.154619620000000180e-01 2.235756959999999904e-01 1.484155460000000093e-01 1.301175360000000059e-01 1.388475440000000172e-01 1.000997720000000035e-01 1.386048800000000136e-01 9.393496999999999264e-02 0.000000000000000000e+00 3.423500200000000326e-01 7.820822600000000568e-02 3.818118580000000040e-01 4.492538399999999876e-02 2.127343119999999810e-01 1.486519319999999866e-01 2.122810439999999743e-01
7.348114600000001106e-02 5.829559599999999120e-02 1.012017500000000070e-01 1.298818039999999896e-01 6.027923799999999194e-02 4.366028200000000165e-02 1.953527180000000085e-01 3.561198839999999977e-01 7.027875999999999568e-02 1.348012740000000265e-01 1.071206340000000062e-01 6.910070999999998187e-02 6.177534399999999593e-02 1.094220960000000104e-01 3.423500200000000326e-01 0.000000000000000000e+00 1.171679919999999847e-01 3.069782679999999986e-01 1.572527180000000135e-01 2.058382139999999916e-01 1.000175160000000008e-01 1.398803640000000070e-01
7.028518799999999844e-02 5.695507400000000831e-02 2.795083079999999831e-01 1.354601740000000165e-01 5.413352400000000231e-02 7.908149000000000428e-02 5.917772820000000156e-01 6.245941959999999904e-01 1.067534259999999985e-01 1.430640780000000112e-01 1.980845659999999897e-01 1.386919579999999763e-01 1.972683259999999938e-01 1.647521380000000202e-01 7.820822600000000568e-02 1.171679919999999847e-01 0.000000000000000000e+00 4.927097200000000177e-01 9.608492959999999083e-01 5.215460860000000753e-01 2.591778660000000345e-01 1.883130839999999917e-01
6.760324199999999395e-02 7.920641200000000381e-02 2.172317960000000048e-01 1.796928999999999887e-01 5.739877800000000446e-02 8.052970000000000961e-02 7.145091019999999515e-01 6.858263040000001087e-01 1.534689240000000066e-01 1.497931120000000060e-01 1.674208699999999994e-01 1.475264460000000055e-01 1.411215279999999961e-01 1.558812660000000183e-01 3.818118580000000040e-01 3.069782679999999986e-01 4.927097200000000177e-01 0.000000000000000000e+00 5.634085699999999974e-01 8.985205699999999629e-01 2.169801320000000477e-01 2.094253100000000312e-01
6.466413600000001094e-02 5.097612799999999555e-02 2.924030380000000040e-01 1.465456599999999943e-01 5.211054400000000170e-02 7.980828199999999428e-02 6.584313480000000274e-01 6.852222680000000787e-01 1.173160760000000052e-01 1.548151080000000068e-01 2.024420319999999940e-01 1.581794280000000108e-01 2.010502660000000330e-01 1.937257579999999979e-01 4.492538399999999876e-02 1.572527180000000135e-01 9.608492959999999083e-01 5.634085699999999974e-01 0.000000000000000000e+00 5.617275779999999497e-01 2.671566140000000145e-01 2.027753959999999966e-01
8.664009400000000083e-02 8.773265800000000503e-02 2.061097980000000107e-01 1.549648660000000067e-01 7.625119999999999121e-02 8.450228399999999696e-02 6.704452240000000618e-01 6.594989900000000072e-01 1.564202219999999977e-01 1.810878980000000249e-01 1.381684700000000154e-01 1.444463819999999843e-01 1.138965059999999807e-01 1.414751660000000133e-01 2.127343119999999810e-01 2.058382139999999916e-01 5.215460860000000753e-01 8.985205699999999629e-01 5.617275779999999497e-01 0.000000000000000000e+00 2.229865839999999877e-01 1.859111479999999983e-01
1.057342039999999983e-01 8.120982599999999885e-02 3.757966320000000193e-01 1.013337919999999920e-01 8.155494400000000421e-02 7.923746600000000639e-02 1.999831379999999770e-01 2.017783539999999931e-01 1.491609839999999965e-01 1.031832399999999816e-01 4.443581260000000199e-01 9.180202200000001089e-02 4.554380239999999413e-01 9.187618799999999752e-02 1.486519319999999866e-01 1.000175160000000008e-01 2.591778660000000345e-01 2.169801320000000477e-01 2.671566140000000145e-01 2.229865839999999877e-01 0.000000000000000000e+00 3.134095000000000075e-01
5.216240599999999450e-02 9.244170000000000165e-02 2.318133319999999831e-01 3.025641940000000085e-01 9.877940799999999910e-02 7.731985599999999237e-02 2.219637920000000209e-01 2.025884560000000278e-01 1.815145640000000449e-01 8.529295200000000521e-02 2.825720700000000085e-01 1.853468460000000095e-01 1.717656919999999976e-01 1.474839640000000229e-01 2.122810439999999743e-01 1.398803640000000070e-01 1.883130839999999917e-01 2.094253100000000312e-01 2.027753959999999966e-01 1.859111479999999983e-01 3.134095000000000075e-01 0.000000000000000000e+00
