0.000000000000000000e+00 9.592635560000000172e-01 4.782290039999999576e-01 5.651665900000000242e-01 9.533436880000000224e-01 9.303011419999999143e-01 8.668527000000000871e-02 8.965338400000000263e-02 2.397497080000000058e-01 3.064192740000000192e-01 2.393474780000000024e-01 1.477959499999999815e-01 2.696041359999999942e-01 1.270320600000000022e-01 7.458127400000000295e-02 8.984228199999999553e-02 8.157568999999999237e-02 9.000319399999999470e-02 7.980836399999999276e-02 8.058116400000001067e-02 2.027950919999999824e-01 3.365231599999999879e-01
9.592635560000000172e-01 0.000000000000000000e+00 4.551160499999999942e-01 5.461405240000000161e-01 9.507720600000000299e-01 9.748362659999999513e-01 9.726718599999999160e-02 1.051186019999999777e-01 2.212480440000000326e-01 3.028202000000000393e-01 2.299593699999999963e-01 1.599341079999999915e-01 3.069235820000000281e-01 1.382105040000000118e-01 7.254044800000000737e-02 9.149514599999999942e-02 7.800218600000000113e-02 1.001122160000000039e-01 7.442230199999999574e-02 9.201468200000000042e-02 2.278088160000000251e-01 3.442734219999999956e-01
4.782290039999999576e-01 4.551160499999999942e-01 0.000000000000000000e+00 4.344520159999999964e-01 4.557078640000000180e-01 4.443420839999999705e-01 5.888633199999999679e-01 5.874395500000000325e-01 5.085238319999999534e-01 2.222593100000000155e-01 5.823673740000000487e-01 2.935306980000000343e-01 4.402696739999999442e-01 2.467676340000000135e-01 5.777762259999998928e-01 5.810947759999999240e-01 5.778289400000000686e-01 5.861708860000000021e-01 5.796597219999999329e-01 5.847438840000001026e-01 3.684876860000000365e-01 2.290742759999999656e-01
5.651665900000000242e-01 5.461405240000000161e-01 4.344520159999999964e-01 0.000000000000000000e+00 4.926839700000000266e-01 5.450519459999999539e-01 3.329863499999999865e-01 3.311628420000000128e-01 2.560509100000000204e-01 9.254889400000000654e-02 1.932380639999999872e-01 1.711168220000000018e-01 2.263625800000000354e-01 2.292967659999999852e-01 3.325510540000000126e-01 3.199867980000000722e-01 3.364458179999999521e-01 3.209341359999999810e-01 3.300296879999999877e-01 3.199854979999999793e-01 2.952047039999999845e-01 3.521150960000000163e-01
9.533436880000000224e-01 9.507720600000000299e-01 4.557078640000000180e-01 4.926839700000000266e-01 0.000000000000000000e+00 9.075758599999999010e-01 1.012792579999999970e-01 1.144461140000000016e-01 2.228843660000000004e-01 3.281274319999999411e-01 2.051662879999999745e-01 1.694306799999999724e-01 3.275236940000000319e-01 1.464976939999999839e-01 8.063773999999999942e-02 9.977688200000001117e-02 8.564370600000000000e-02 1.022880040000000018e-01 8.623786600000001024e-02 9.811134400000001698e-02 2.348312520000000458e-01 3.269579340000000056e-01
9.303011419999999143e-01 9.748362659999999513e-01 4.443420839999999705e-01 5.450519459999999539e-01 9.075758599999999010e-01 0.000000000000000000e+00 1.015466599999999830e-01 1.043018200000000173e-01 2.413716499999999932e-01 3.017562679999999942e-01 2.548720520000000156e-01 1.621274500000000063e-01 3.035435999999999690e-01 1.317857299999999898e-01 7.285971199999999315e-02 8.481925800000000848e-02 7.967204800000000919e-02 9.390301399999999299e-02 7.577442599999999195e-02 8.609816800000000270e-02 2.344977599999999995e-01 3.463998999999999828e-01
8.668527000000000871e-02 9.726718599999999160e-02 5.888633199999999679e-01 3.329863499999999865e-01 1.012792579999999970e-01 1.015466599999999830e-01 0.000000000000000000e+00 9.618042160000002117e-01 4.540700340000000113e-01 1.985089720000000058e-01 4.709042899999998921e-01 2.998533240000000322e-01 6.283228359999999402e-01 3.755900979999999834e-01 9.903183600000000641e-01 9.656642419999998950e-01 9.918069120000000405e-01 9.583718479999999706e-01 9.908011200000000906e-01 9.699330120000000388e-01 5.854072099999999557e-01 1.942837279999999889e-01
8.965338400000000263e-02 1.051186019999999777e-01 5.874395500000000325e-01 3.311628420000000128e-01 1.144461140000000016e-01 1.043018200000000173e-01 9.618042160000002117e-01 0.000000000000000000e+00 4.530772560000000948e-01 1.689581140000000203e-01 4.796782179999999896e-01 2.914878600000000430e-01 6.439502800000000970e-01 3.797398280000000015e-01 9.692626460000000055e-01 9.826501800000000397e-01 9.685131279999998899e-01 9.722434719999999420e-01 9.762319739999998358e-01 9.793312060000000097e-01 6.093456959999999922e-01 1.966545060000000067e-01
2.397497080000000058e-01 2.212480440000000326e-01 5.085238319999999534e-01 2.560509100000000204e-01 2.228843660000000004e-01 2.413716499999999932e-01 4.540700340000000113e-01 4.530772560000000948e-01 0.000000000000000000e+00 2.650693199999999972e-01 7.112144339999999509e-01 2.062656079999999892e-01 2.360983080000000067e-01 2.129351119999999820e-01 4.812891360000000063e-01 4.730227639999999845e-01 4.781665880000000035e-01 4.807249159999999466e-01 4.787644340000000165e-01 4.788213739999999663e-01 2.522220960000000067e-01 2.330215360000000291e-01
3.064192740000000192e-01 3.028202000000000393e-01 2.222593100000000155e-01 9.254889400000000654e-02 3.281274319999999411e-01 3.017562679999999942e-01 1.985089720000000058e-01 1.689581140000000203e-01 2.650693199999999972e-01 0.000000000000000000e+00 2.128235959999999483e-01 7.831341539999999712e-01 2.159898580000000068e-01 6.030158359999999718e-01 1.857255480000000181e-01 1.796189739999999868e-01 1.814039599999999752e-01 1.833094379999999912e-01 1.837627700000000197e-01 1.820641479999999812e-01 2.272526979999999752e-01 3.490259340000000376e-01
2.393474780000000024e-01 2.299593699999999963e-01 5.823673740000000487e-01 1.932380639999999872e-01 2.051662879999999745e-01 2.548720520000000156e-01 4.709042899999998921e-01 4.796782179999999896e-01 7.112144339999999509e-01 2.128235959999999483e-01 0.000000000000000000e+00 2.154230500000000048e-01 2.826842539999999682e-01 2.667260599999999870e-01 4.950786479999999545e-01 5.022268279999999585e-01 4.942776560000000652e-01 5.180732019999999549e-01 4.954456059999999828e-01 5.081845699999999466e-01 2.991070780000000262e-01 2.777750300000000339e-01
1.477959499999999815e-01 1.599341079999999915e-01 2.935306980000000343e-01 1.711168220000000018e-01 1.694306799999999724e-01 1.621274500000000063e-01 2.998533240000000322e-01 2.914878600000000430e-01 2.062656079999999892e-01 7.831341539999999712e-01 2.154230500000000048e-01 0.000000000000000000e+00 2.413717419999999725e-01 8.848750280000000634e-01 2.721348840000000213e-01 2.803204320000000083e-01 2.722676159999999901e-01 2.660467479999999996e-01 2.788962999999999859e-01 2.691760519999999990e-01 3.749052539999999656e-01 2.368669240000000065e-01
2.696041359999999942e-01 3.069235820000000281e-01 4.402696739999999442e-01 2.263625800000000354e-01 3.275236940000000319e-01 3.035435999999999690e-01 6.283228359999999402e-01 6.439502800000000970e-01 2.360983080000000067e-01 2.159898580000000068e-01 2.826842539999999682e-01 2.413717419999999725e-01 0.000000000000000000e+00 3.040373779999999693e-01 6.465582899999999800e-01 6.372059159999999833e-01 6.433416539999999850e-01 6.472073959999999904e-01 6.440533360000000318e-01 6.499431279999999811e-01 8.189226600000001355e-01 5.187869960000000003e-01
1.270320600000000022e-01 1.382105040000000118e-01 2.467676340000000135e-01 2.292967659999999852e-01 1.464976939999999839e-01 1.317857299999999898e-01 3.755900979999999834e-01 3.797398280000000015e-01 2.129351119999999820e-01 6.030158359999999718e-01 2.667260599999999870e-01 8.848750280000000634e-01 3.040373779999999693e-01 0.000000000000000000e+00 3.618977200000000338e-01 3.936051360000000221e-01 3.609348800000000135e-01 3.925801859999999976e-01 3.702554279999999975e-01 3.862540339999999683e-01 4.567171500000000717e-01 2.513563440000000648e-01
7.458127400000000295e-02 7.254044800000000737e-02 5.777762259999998928e-01 3.325510540000000126e-01 8.063773999999999942e-02 7.285971199999999315e-02 9.903183600000000641e-01 9.692626460000000055e-01 4.812891360000000063e-01 1.857255480000000181e-01 4.950786479999999545e-01 2.721348840000000213e-01 6.465582899999999800e-01 3.618977200000000338e-01 0.000000000000000000e+00 9.755244400000000482e-01 9.962027700000000152e-01 9.692571960000000431e-01 9.967246100000000109e-01 9.808456100000000344e-01 6.010399100000001216e-01 2.034507899999999925e-01
8.984228199999999553e-02 9.149514599999999942e-02 5.810947759999999240e-01 3.199867980000000722e-01 9.977688200000001117e-02 8.481925800000000848e-02 9.656642419999998950e-01 9.826501800000000397e-01 4.730227639999999845e-01 1.796189739999999868e-01 5.022268279999999585e-01 2.803204320000000083e-01 6.372059159999999833e-01 3.936051360000000221e-01 9.755244400000000482e-01 0.000000000000000000e+00 9.740387219999998569e-01 9.945450980000000163e-01 9.832719259999999073e-01 9.967607619999998558e-01 5.951999620000000268e-01 1.913522179999999906e-01
8.157568999999999237e-02 7.800218600000000113e-02 5.778289400000000686e-01 3.364458179999999521e-01 8.564370600000000000e-02 7.967204800000000919e-02 9.918069120000000405e-01 9.685131279999998899e-01 4.781665880000000035e-01 1.814039599999999752e-01 4.942776560000000652e-01 2.722676159999999901e-01 6.433416539999999850e-01 3.609348800000000135e-01 9.962027700000000152e-01 9.740387219999998569e-01 0.000000000000000000e+00 9.681477019999998879e-01 9.980624819999999175e-01 9.779963139999999777e-01 6.077368539999999930e-01 2.086694119999999708e-01
9.000319399999999470e-02 1.001122160000000039e-01 5.861708860000000021e-01 3.209341359999999810e-01 1.022880040000000018e-01 9.390301399999999299e-02 9.583718479999999706e-01 9.722434719999999420e-01 4.807249159999999466e-01 1.833094379999999912e-01 5.180732019999999549e-01 2.660467479999999996e-01 6.472073959999999904e-01 3.925801859999999976e-01 9.692571960000000431e-01 9.945450980000000163e-01 9.681477019999998879e-01 0.000000000000000000e+00 9.768866400000000283e-01 9.968563400000001185e-01 6.045742200000001620e-01 2.083799479999999815e-01
7.980836399999999276e-02 7.442230199999999574e-02 5.796597219999999329e-01 3.300296879999999877e-01 8.623786600000001024e-02 7.577442599999999195e-02 9.908011200000000906e-01 9.762319739999998358e-01 4.787644340000000165e-01 1.837627700000000197e-01 4.954456059999999828e-01 2.788962999999999859e-01 6.440533360000000318e-01 3.702554279999999975e-01 9.967246100000000109e-01 9.832719259999999073e-01 9.980624819999999175e-01 9.768866400000000283e-01 0.000000000000000000e+00 9.858629919999998270e-01 6.040109360000001093e-01 2.006093619999999578e-01
8.058116400000001067e-02 9.201468200000000042e-02 5.847438840000001026e-01 3.199854979999999793e-01 9.811134400000001698e-02 8.609816800000000270e-02 9.699330120000000388e-01 9.793312060000000097e-01 4.788213739999999663e-01 1.820641479999999812e-01 5.081845699999999466e-01 2.691760519999999990e-01 6.499431279999999811e-01 3.862540339999999683e-01 9.808456100000000344e-01 9.967607619999998558e-01 9.779963139999999777e-01 9.968563400000001185e-01 9.858629919999998270e-01 0.000000000000000000e+00 6.036432680000000106e-01 2.029452680000000397e-01
2.027950919999999824e-01 2.278088160000000251e-01 3.684876860000000365e-01 2.952047039999999845e-01 2.348312520000000458e-01 2.344977599999999995e-01 5.854072099999999557e-01 6.093456959999999922e-01 2.522220960000000067e-01 2.272526979999999752e-01 2.991070780000000262e-01 3.749052539999999656e-01 8.189226600000001355e-01 4.567171500000000717e-01 6.010399100000001216e-01 5.951999620000000268e-01 6.077368539999999930e-01 6.045742200000001620e-01 6.040109360000001093e-01 6.036432680000000106e-01 0.000000000000000000e+00 6.776810859999999881e-01
3.365231599999999879e-01 3.442734219999999956e-01 2.290742759999999656e-01 3.521150960000000163e-01 3.269579340000000056e-01 3.463998999999999828e-01 1.942837279999999889e-01 1.966545060000000067e-01 2.330215360000000291e-01 3.490259340000000376e-01 2.777750300000000339e-01 2.368669240000000065e-01 5.187869960000000003e-01 2.513563440000000648e-01 2.034507899999999925e-01 1.913522179999999906e-01 2.086694119999999708e-01 2.083799479999999815e-01 2.006093619999999578e-01 2.029452680000000397e-01 6.776810859999999881e-01 0.000000000000000000e+00
