0.000000000000000000e+00 3.670081360000000403e-01 6.131825000000000470e-02 4.185314599999999663e-01 3.357795800000000219e-01 7.322859180000000912e-01 4.866162000000000265e-02 8.119496799999999237e-02 9.038433199999999779e-02 6.199244999999999756e-02 8.148025400000000196e-02 8.056001599999999818e-02 6.028684399999999222e-02 1.020762979999999959e-01 1.023556780000000055e-01 1.091005760000000047e-01 4.387924999999999465e-02 7.971955999999999487e-02 4.216816599999999998e-02 7.826093800000000211e-02 9.708096000000000780e-02 8.644343399999999955e-02
3.670081360000000403e-01 0.000000000000000000e+00 1.842545120000000092e-01 2.555630539999999562e-01 7.423111620000000244e-01 1.513764360000000031e-01 5.029866400000000681e-02 5.857920599999999478e-02 8.632151000000001795e-02 8.279954200000001763e-02 9.383003600000000555e-02 8.339288599999999940e-02 7.889176400000000311e-02 9.631411800000000412e-02 7.685665999999999332e-02 8.049147599999999236e-02 8.659059799999999085e-02 6.720328000000000412e-02 8.676753400000000727e-02 5.860880200000000151e-02 9.594793799999999651e-02 9.659868400000000410e-02
6.131825000000000470e-02 1.842545120000000092e-01 0.000000000000000000e+00 2.322579880000000263e-01 2.355050840000000034e-01 9.784398200000000989e-02 1.334781640000000102e-01 1.654028499999999902e-01 1.717739640000000012e-01 1.235061620000000165e-01 5.610170419999999103e-01 2.183800279999999761e-01 5.382192659999999185e-01 1.320403280000000124e-01 8.234938600000001052e-02 1.167604099999999950e-01 2.359909800000000168e-01 1.785709159999999962e-01 2.464059620000000062e-01 1.889014539999999687e-01 4.555515960000000031e-01 3.371889299999999978e-01
4.185314599999999663e-01 2.555630539999999562e-01 2.322579880000000263e-01 0.000000000000000000e+00 2.706686900000000451e-01 3.363397860000000295e-01 1.565294560000000113e-01 2.322678820000000088e-01 2.063104800000000183e-01 1.172356440000000000e-01 2.028289860000000167e-01 4.445074840000000083e-01 1.714343759999999717e-01 3.291794920000000180e-01 5.627585599999999910e-02 1.195154699999999987e-01 2.021601259999999678e-01 1.765849379999999968e-01 2.143738279999999885e-01 2.019872539999999772e-01 1.568325379999999936e-01 4.025861639999999686e-01
3.357795800000000219e-01 7.423111620000000244e-01 2.355050840000000034e-01 2.706686900000000451e-01 0.000000000000000000e+00 2.472678100000000045e-01 7.415138400000001462e-02 6.004786600000000529e-02 7.519753599999999538e-02 8.331320999999999866e-02 7.761974800000000230e-02 6.624746600000000485e-02 7.294436600000001047e-02 9.290063200000001076e-02 7.974092399999999081e-02 9.285484400000000582e-02 5.376237600000000061e-02 5.658370199999999961e-02 5.390052400000000521e-02 4.456348999999999727e-02 6.642862800000000345e-02 9.363745800000000674e-02
7.322859180000000912e-01 1.513764360000000031e-01 9.784398200000000989e-02 3.363397860000000295e-01 2.472678100000000045e-01 0.000000000000000000e+00 6.246190599999999760e-02 9.296815399999999729e-02 7.338915799999999601e-02 9.986880000000000757e-02 9.619396800000000469e-02 1.009217420000000087e-01 8.201782599999998813e-02 1.372647400000000240e-01 8.808631000000000100e-02 1.014446340000000057e-01 5.549391199999999941e-02 4.143302800000000369e-02 4.772951999999999750e-02 5.298389399999999666e-02 1.349491119999999822e-01 8.866439000000000958e-02
4.866162000000000265e-02 5.029866400000000681e-02 1.334781640000000102e-01 1.565294560000000113e-01 7.415138400000001462e-02 6.246190599999999760e-02 0.000000000000000000e+00 6.217113800000000357e-01 2.085890860000000069e-01 1.789142400000000022e-01 1.367252919999999983e-01 1.430404320000000229e-01 1.449443019999999971e-01 1.746227300000000038e-01 1.970984379999999869e-01 3.316182540000000012e-01 5.971964919999999122e-01 5.681660839999999046e-01 6.452288139999999839e-01 6.246819980000000161e-01 1.005886880000000094e-01 1.687334220000000218e-01
8.119496799999999237e-02 5.857920599999999478e-02 1.654028499999999902e-01 2.322678820000000088e-01 6.004786600000000529e-02 9.296815399999999729e-02 6.217113800000000357e-01 0.000000000000000000e+00 2.089442099999999913e-01 1.688163800000000159e-01 1.039922439999999976e-01 2.288088400000000411e-01 1.255489980000000227e-01 1.969830379999999992e-01 1.574698099999999878e-01 5.828826800000000974e-01 6.225419800000000503e-01 6.194214259999999417e-01 6.796685040000000066e-01 6.241081099999999937e-01 1.381275059999999832e-01 2.832502399999999865e-01
9.038433199999999779e-02 8.632151000000001795e-02 1.717739640000000012e-01 2.063104800000000183e-01 7.519753599999999538e-02 7.338915799999999601e-02 2.085890860000000069e-01 2.089442099999999913e-01 0.000000000000000000e+00 9.404327199999998332e-02 2.201450120000000010e-01 1.998948859999999939e-01 3.184051940000000580e-01 1.750195939999999728e-01 1.008909999999999946e-01 9.282406999999999464e-02 1.310567180000000165e-01 1.071877140000000034e-01 1.381848139999999892e-01 1.356023959999999862e-01 2.096635500000000041e-01 2.835968700000000564e-01
6.199244999999999756e-02 8.279954200000001763e-02 1.235061620000000165e-01 1.172356440000000000e-01 8.331320999999999866e-02 9.986880000000000757e-02 1.789142400000000022e-01 1.688163800000000159e-01 9.404327199999998332e-02 0.000000000000000000e+00 1.536173239999999995e-01 1.490807660000000034e-01 1.752921719999999683e-01 4.795675940000000415e-01 7.348277000000000281e-02 1.328511940000000058e-01 9.662777999999999645e-02 1.564101159999999879e-01 1.195292040000000000e-01 1.448595779999999889e-01 2.133118559999999664e-01 1.152856020000000009e-01
8.148025400000000196e-02 9.383003600000000555e-02 5.610170419999999103e-01 2.028289860000000167e-01 7.761974800000000230e-02 9.619396800000000469e-02 1.367252919999999983e-01 1.039922439999999976e-01 2.201450120000000010e-01 1.536173239999999995e-01 0.000000000000000000e+00 1.914504320000000037e-01 6.598584620000000900e-01 1.429363480000000186e-01 6.606492599999999604e-02 5.555817000000000394e-02 1.306529439999999931e-01 1.263087940000000020e-01 1.483771120000000054e-01 1.256005120000000252e-01 5.391997039999999464e-01 3.599904759999999482e-01
8.056001599999999818e-02 8.339288599999999940e-02 2.183800279999999761e-01 4.445074840000000083e-01 6.624746600000000485e-02 1.009217420000000087e-01 1.430404320000000229e-01 2.288088400000000411e-01 1.998948859999999939e-01 1.490807660000000034e-01 1.914504320000000037e-01 0.000000000000000000e+00 1.706849899999999809e-01 3.463454380000000055e-01 6.899398599999999326e-02 1.132995720000000012e-01 2.063531679999999757e-01 1.658913300000000035e-01 2.228856060000000139e-01 1.827007999999999688e-01 1.470191579999999831e-01 4.107704460000000113e-01
6.028684399999999222e-02 7.889176400000000311e-02 5.382192659999999185e-01 1.714343759999999717e-01 7.294436600000001047e-02 8.201782599999998813e-02 1.449443019999999971e-01 1.255489980000000227e-01 3.184051940000000580e-01 1.752921719999999683e-01 6.598584620000000900e-01 1.706849899999999809e-01 0.000000000000000000e+00 1.289688619999999897e-01 8.446770000000000667e-02 5.888466399999999629e-02 1.378888739999999946e-01 1.136817680000000025e-01 1.651923879999999956e-01 9.928337600000000651e-02 5.225733820000000307e-01 2.894123439999999881e-01
1.020762979999999959e-01 9.631411800000000412e-02 1.320403280000000124e-01 3.291794920000000180e-01 9.290063200000001076e-02 1.372647400000000240e-01 1.746227300000000038e-01 1.969830379999999992e-01 1.750195939999999728e-01 4.795675940000000415e-01 1.429363480000000186e-01 3.463454380000000055e-01 1.289688619999999897e-01 0.000000000000000000e+00 1.048132220000000114e-01 1.156443419999999972e-01 1.958285220000000049e-01 1.432248799999999989e-01 1.921977960000000318e-01 1.626373600000000086e-01 6.336915000000001297e-02 2.680194120000000124e-01
1.023556780000000055e-01 7.685665999999999332e-02 8.234938600000001052e-02 5.627585599999999910e-02 7.974092399999999081e-02 8.808631000000000100e-02 1.970984379999999869e-01 1.574698099999999878e-01 1.008909999999999946e-01 7.348277000000000281e-02 6.606492599999999604e-02 6.899398599999999326e-02 8.446770000000000667e-02 1.048132220000000114e-01 0.000000000000000000e+00 2.314022079999999981e-01 2.604321119999999934e-01 2.142514880000000177e-01 1.764251480000000039e-01 1.797747339999999916e-01 6.317368199999999490e-02 8.133218799999999971e-02
1.091005760000000047e-01 8.049147599999999236e-02 1.167604099999999950e-01 1.195154699999999987e-01 9.285484400000000582e-02 1.014446340000000057e-01 3.316182540000000012e-01 5.828826800000000974e-01 9.282406999999999464e-02 1.328511940000000058e-01 5.555817000000000394e-02 1.132995720000000012e-01 5.888466399999999629e-02 1.156443419999999972e-01 2.314022079999999981e-01 0.000000000000000000e+00 4.000486239999999638e-01 5.596988140000001000e-01 4.547808419999999074e-01 4.690014240000000001e-01 1.030296460000000025e-01 1.447521459999999982e-01
4.387924999999999465e-02 8.659059799999999085e-02 2.359909800000000168e-01 2.021601259999999678e-01 5.376237600000000061e-02 5.549391199999999941e-02 5.971964919999999122e-01 6.225419800000000503e-01 1.310567180000000165e-01 9.662777999999999645e-02 1.306529439999999931e-01 2.063531679999999757e-01 1.378888739999999946e-01 1.958285220000000049e-01 2.604321119999999934e-01 4.000486239999999638e-01 0.000000000000000000e+00 5.491326960000000312e-01 9.616834699999999847e-01 5.997266979999998915e-01 1.676024600000000087e-01 2.160186580000000023e-01
7.971955999999999487e-02 6.720328000000000412e-02 1.785709159999999962e-01 1.765849379999999968e-01 5.658370199999999961e-02 4.143302800000000369e-02 5.681660839999999046e-01 6.194214259999999417e-01 1.071877140000000034e-01 1.564101159999999879e-01 1.263087940000000020e-01 1.658913300000000035e-01 1.136817680000000025e-01 1.432248799999999989e-01 2.142514880000000177e-01 5.596988140000001000e-01 5.491326960000000312e-01 0.000000000000000000e+00 6.099129759999999401e-01 9.026795840000000348e-01 1.320794160000000050e-01 2.084680799999999723e-01
4.216816599999999998e-02 8.676753400000000727e-02 2.464059620000000062e-01 2.143738279999999885e-01 5.390052400000000521e-02 4.772951999999999750e-02 6.452288139999999839e-01 6.796685040000000066e-01 1.381848139999999892e-01 1.195292040000000000e-01 1.483771120000000054e-01 2.228856060000000139e-01 1.651923879999999956e-01 1.921977960000000318e-01 1.764251480000000039e-01 4.547808419999999074e-01 9.616834699999999847e-01 6.099129759999999401e-01 0.000000000000000000e+00 6.351227739999999455e-01 1.692320680000000133e-01 2.433054080000000285e-01
7.826093800000000211e-02 5.860880200000000151e-02 1.889014539999999687e-01 2.019872539999999772e-01 4.456348999999999727e-02 5.298389399999999666e-02 6.246819980000000161e-01 6.241081099999999937e-01 1.356023959999999862e-01 1.448595779999999889e-01 1.256005120000000252e-01 1.827007999999999688e-01 9.928337600000000651e-02 1.626373600000000086e-01 1.797747339999999916e-01 4.690014240000000001e-01 5.997266979999998915e-01 9.026795840000000348e-01 6.351227739999999455e-01 0.000000000000000000e+00 1.394780240000000060e-01 2.057833940000000084e-01
9.708096000000000780e-02 9.594793799999999651e-02 4.555515960000000031e-01 1.568325379999999936e-01 6.642862800000000345e-02 1.349491119999999822e-01 1.005886880000000094e-01 1.381275059999999832e-01 2.096635500000000041e-01 2.133118559999999664e-01 5.391997039999999464e-01 1.470191579999999831e-01 5.225733820000000307e-01 6.336915000000001297e-02 6.317368199999999490e-02 1.030296460000000025e-01 1.676024600000000087e-01 1.320794160000000050e-01 1.692320680000000133e-01 1.394780240000000060e-01 0.000000000000000000e+00 4.174262219999999024e-01
8.644343399999999955e-02 9.659868400000000410e-02 3.371889299999999978e-01 4.025861639999999686e-01 9.363745800000000674e-02 8.866439000000000958e-02 1.687334220000000218e-01 2.832502399999999865e-01 2.835968700000000564e-01 1.152856020000000009e-01 3.599904759999999482e-01 4.107704460000000113e-01 2.894123439999999881e-01 2.680194120000000124e-01 8.133218799999999971e-02 1.447521459999999982e-01 2.160186580000000023e-01 2.084680799999999723e-01 2.433054080000000285e-01 2.057833940000000084e-01 4.174262219999999024e-01 0.000000000000000000e+00
