0.000000000000000000e+00 9.844605399999999396e-01 4.914956120000000261e-01 6.464175840000000450e-01 9.806616860000000324e-01 9.783443619999999674e-01 6.295192400000000632e-02 6.980938000000000421e-02 3.623562319999999448e-01 2.887824840000000060e-01 3.482845600000000208e-01 1.891639779999999826e-01 2.601382160000000332e-01 2.843390780000000229e-01 5.861347199999999980e-02 5.502685999999999689e-02 5.911627200000000443e-02 6.419660200000000538e-02 6.037587799999999394e-02 5.415890200000000876e-02 3.488358839999999850e-01 4.141990759999999439e-01
9.844605399999999396e-01 0.000000000000000000e+00 4.552416240000000114e-01 6.227137400000001266e-01 9.837816719999998849e-01 9.943419079999999965e-01 5.528768199999999078e-02 6.212728600000000379e-02 3.469882020000000233e-01 3.217726079999999600e-01 3.444501160000000284e-01 2.005720480000000028e-01 2.811768099999999992e-01 3.004151679999999547e-01 5.148581199999999886e-02 4.876453000000000731e-02 5.075886200000000181e-02 5.541426199999999191e-02 5.256953799999999205e-02 4.605880599999999381e-02 3.600076879999999924e-01 4.391900839999999806e-01
4.914956120000000261e-01 4.552416240000000114e-01 0.000000000000000000e+00 6.572542040000000085e-01 4.497493100000000688e-01 4.395880879999999880e-01 4.963272559999999944e-01 4.754195519999999675e-01 6.563014019999998672e-01 3.516444920000000307e-01 6.793332920000000330e-01 2.262455959999999933e-01 4.598338220000000587e-01 2.373236879999999493e-01 4.590636920000000787e-01 4.661438180000000431e-01 4.652694320000000383e-01 4.781610419999999806e-01 4.643816640000000828e-01 4.663462640000000659e-01 4.349877739999999937e-01 2.783823339999999535e-01
6.464175840000000450e-01 6.227137400000001266e-01 6.572542040000000085e-01 0.000000000000000000e+00 5.958088900000000354e-01 6.173861019999999922e-01 2.812862240000000291e-01 3.047625800000000051e-01 3.676606059999999454e-01 4.764970759999999639e-01 3.751513120000000145e-01 4.000804579999999722e-01 2.448574879999999843e-01 1.923992780000000069e-01 2.542911339999999742e-01 2.632135599999999576e-01 2.579272659999999884e-01 2.743323120000000226e-01 2.525528160000000133e-01 2.628308900000000392e-01 3.498057619999999646e-01 4.327601299999999651e-01
9.806616860000000324e-01 9.837816719999998849e-01 4.497493100000000688e-01 5.958088900000000354e-01 0.000000000000000000e+00 9.730772420000001199e-01 5.445213200000000031e-02 5.793916400000000827e-02 3.548091619999999557e-01 3.195673359999999796e-01 3.437368379999999890e-01 2.081682420000000033e-01 2.860764779999999674e-01 3.022506479999999551e-01 5.064351799999999848e-02 4.697427399999999642e-02 5.145896399999999593e-02 5.430353200000000158e-02 5.377474000000000143e-02 4.471655800000000347e-02 3.589327519999999661e-01 4.462477360000000060e-01
9.783443619999999674e-01 9.943419079999999965e-01 4.395880879999999880e-01 6.173861019999999922e-01 9.730772420000001199e-01 0.000000000000000000e+00 6.199033799999999900e-02 7.029910400000000115e-02 3.470855839999999470e-01 3.192398219999999509e-01 3.440944739999999835e-01 2.079139940000000186e-01 2.800619439999999516e-01 2.937507039999999736e-01 5.241206999999999810e-02 4.621650000000000064e-02 5.237297999999999953e-02 5.600274400000000707e-02 5.312787799999999644e-02 4.583696799999999877e-02 3.615231079999999819e-01 4.300759000000000110e-01
6.295192400000000632e-02 5.528768199999999078e-02 4.963272559999999944e-01 2.812862240000000291e-01 5.445213200000000031e-02 6.199033799999999900e-02 0.000000000000000000e+00 9.642257880000000281e-01 3.704642499999999949e-01 2.689633480000000465e-01 4.165035480000000012e-01 2.068328119999999770e-01 5.605605280000000024e-01 2.212284620000000146e-01 9.837339259999999808e-01 9.592267140000000358e-01 9.828273239999999467e-01 9.540785900000001707e-01 9.816553780000001339e-01 9.665502599999999944e-01 4.675573619999999764e-01 1.937562800000000029e-01
6.980938000000000421e-02 6.212728600000000379e-02 4.754195519999999675e-01 3.047625800000000051e-01 5.793916400000000827e-02 7.029910400000000115e-02 9.642257880000000281e-01 0.000000000000000000e+00 3.230750839999999569e-01 2.746174040000000094e-01 3.651580899999999907e-01 2.226078020000000213e-01 5.386450680000000046e-01 1.938973400000000014e-01 9.675646119999999906e-01 9.681797879999999301e-01 9.670739520000000145e-01 9.663487699999999681e-01 9.699300980000000738e-01 9.696321579999999107e-01 4.804458460000000097e-01 2.231282420000000322e-01
3.623562319999999448e-01 3.469882020000000233e-01 6.563014019999998672e-01 3.676606059999999454e-01 3.548091619999999557e-01 3.470855839999999470e-01 3.704642499999999949e-01 3.230750839999999569e-01 0.000000000000000000e+00 4.894591719999999979e-01 8.973269400000001284e-01 3.086284659999999902e-01 5.595477079999999770e-01 3.324339579999999739e-01 3.455429240000000291e-01 3.403239780000000270e-01 3.492829439999999841e-01 3.590492920000000199e-01 3.479708360000000056e-01 3.494380719999999885e-01 5.542102560000000677e-01 3.942379040000000279e-01
2.887824840000000060e-01 3.217726079999999600e-01 3.516444920000000307e-01 4.764970759999999639e-01 3.195673359999999796e-01 3.192398219999999509e-01 2.689633480000000465e-01 2.746174040000000094e-01 4.894591719999999979e-01 0.000000000000000000e+00 4.219557359999999702e-01 7.944381000000000359e-01 4.637143780000000381e-01 4.667353320000000028e-01 2.453767360000000120e-01 2.413659560000000204e-01 2.511580100000000426e-01 2.644419980000000114e-01 2.478944859999999972e-01 2.514641739999999848e-01 5.245483120000000721e-01 5.241200540000000574e-01
3.482845600000000208e-01 3.444501160000000284e-01 6.793332920000000330e-01 3.751513120000000145e-01 3.437368379999999890e-01 3.440944739999999835e-01 4.165035480000000012e-01 3.651580899999999907e-01 8.973269400000001284e-01 4.219557359999999702e-01 0.000000000000000000e+00 2.900951860000000049e-01 5.473060380000001057e-01 2.951945080000000221e-01 3.716828399999999588e-01 3.627405740000000378e-01 3.765061639999999765e-01 3.857262959999999685e-01 3.752579019999999765e-01 3.749383599999999706e-01 5.277503699999999132e-01 3.284497499999999848e-01
1.891639779999999826e-01 2.005720480000000028e-01 2.262455959999999933e-01 4.000804579999999722e-01 2.081682420000000033e-01 2.079139940000000186e-01 2.068328119999999770e-01 2.226078020000000213e-01 3.086284659999999902e-01 7.944381000000000359e-01 2.900951860000000049e-01 0.000000000000000000e+00 2.964367199999999869e-01 6.210787819999999959e-01 1.975254019999999888e-01 1.694795519999999778e-01 1.965006940000000035e-01 1.901412600000000064e-01 1.922675120000000015e-01 1.777984699999999862e-01 3.457792520000000369e-01 4.037486119999999512e-01
2.601382160000000332e-01 2.811768099999999992e-01 4.598338220000000587e-01 2.448574879999999843e-01 2.860764779999999674e-01 2.800619439999999516e-01 5.605605280000000024e-01 5.386450680000000046e-01 5.595477079999999770e-01 4.637143780000000381e-01 5.473060380000001057e-01 2.964367199999999869e-01 0.000000000000000000e+00 3.028362839999999556e-01 5.635361920000000469e-01 5.588140959999999824e-01 5.633597179999999538e-01 5.585714760000000112e-01 5.648867899999999720e-01 5.636953820000000226e-01 7.428814060000000774e-01 3.365626899999999977e-01
2.843390780000000229e-01 3.004151679999999547e-01 2.373236879999999493e-01 1.923992780000000069e-01 3.022506479999999551e-01 2.937507039999999736e-01 2.212284620000000146e-01 1.938973400000000014e-01 3.324339579999999739e-01 4.667353320000000028e-01 2.951945080000000221e-01 6.210787819999999959e-01 3.028362839999999556e-01 0.000000000000000000e+00 2.340800219999999709e-01 2.199021420000000226e-01 2.236901440000000074e-01 2.152792320000000148e-01 2.227116239999999969e-01 2.187962719999999861e-01 3.524812480000000248e-01 3.909217560000000091e-01
5.861347199999999980e-02 5.148581199999999886e-02 4.590636920000000787e-01 2.542911339999999742e-01 5.064351799999999848e-02 5.241206999999999810e-02 9.837339259999999808e-01 9.675646119999999906e-01 3.455429240000000291e-01 2.453767360000000120e-01 3.716828399999999588e-01 1.975254019999999888e-01 5.635361920000000469e-01 2.340800219999999709e-01 0.000000000000000000e+00 9.759180779999999666e-01 9.946929279999998652e-01 9.677087439999999541e-01 9.961398179999999547e-01 9.813862220000000303e-01 4.672166819999999943e-01 1.844611540000000161e-01
5.502685999999999689e-02 4.876453000000000731e-02 4.661438180000000431e-01 2.632135599999999576e-01 4.697427399999999642e-02 4.621650000000000064e-02 9.592267140000000358e-01 9.681797879999999301e-01 3.403239780000000270e-01 2.413659560000000204e-01 3.627405740000000378e-01 1.694795519999999778e-01 5.588140959999999824e-01 2.199021420000000226e-01 9.759180779999999666e-01 0.000000000000000000e+00 9.722872939999998021e-01 9.925260139999998454e-01 9.799595759999999434e-01 9.965037860000001135e-01 4.763276939999999682e-01 1.663777880000000264e-01
5.911627200000000443e-02 5.075886200000000181e-02 4.652694320000000383e-01 2.579272659999999884e-01 5.145896399999999593e-02 5.237297999999999953e-02 9.828273239999999467e-01 9.670739520000000145e-01 3.492829439999999841e-01 2.511580100000000426e-01 3.765061639999999765e-01 1.965006940000000035e-01 5.633597179999999538e-01 2.236901440000000074e-01 9.946929279999998652e-01 9.722872939999998021e-01 0.000000000000000000e+00 9.644434979999999547e-01 9.982511860000000681e-01 9.767394460000000667e-01 4.707236960000000248e-01 1.925170720000000113e-01
6.419660200000000538e-02 5.541426199999999191e-02 4.781610419999999806e-01 2.743323120000000226e-01 5.430353200000000158e-02 5.600274400000000707e-02 9.540785900000001707e-01 9.663487699999999681e-01 3.590492920000000199e-01 2.644419980000000114e-01 3.857262959999999685e-01 1.901412600000000064e-01 5.585714760000000112e-01 2.152792320000000148e-01 9.677087439999999541e-01 9.925260139999998454e-01 9.644434979999999547e-01 0.000000000000000000e+00 9.721249979999999624e-01 9.950058640000000176e-01 4.934625080000000219e-01 1.743480740000000195e-01
6.037587799999999394e-02 5.256953799999999205e-02 4.643816640000000828e-01 2.525528160000000133e-01 5.377474000000000143e-02 5.312787799999999644e-02 9.816553780000001339e-01 9.699300980000000738e-01 3.479708360000000056e-01 2.478944859999999972e-01 3.752579019999999765e-01 1.922675120000000015e-01 5.648867899999999720e-01 2.227116239999999969e-01 9.961398179999999547e-01 9.799595759999999434e-01 9.982511860000000681e-01 9.721249979999999624e-01 0.000000000000000000e+00 9.835246179999999061e-01 4.695136260000000172e-01 1.828646100000000108e-01
5.415890200000000876e-02 4.605880599999999381e-02 4.663462640000000659e-01 2.628308900000000392e-01 4.471655800000000347e-02 4.583696799999999877e-02 9.665502599999999944e-01 9.696321579999999107e-01 3.494380719999999885e-01 2.514641739999999848e-01 3.749383599999999706e-01 1.777984699999999862e-01 5.636953820000000226e-01 2.187962719999999861e-01 9.813862220000000303e-01 9.965037860000001135e-01 9.767394460000000667e-01 9.950058640000000176e-01 9.835246179999999061e-01 0.000000000000000000e+00 4.825643039999999440e-01 1.701942040000000156e-01
3.488358839999999850e-01 3.600076879999999924e-01 4.349877739999999937e-01 3.498057619999999646e-01 3.589327519999999661e-01 3.615231079999999819e-01 4.675573619999999764e-01 4.804458460000000097e-01 5.542102560000000677e-01 5.245483120000000721e-01 5.277503699999999132e-01 3.457792520000000369e-01 7.428814060000000774e-01 3.524812480000000248e-01 4.672166819999999943e-01 4.763276939999999682e-01 4.707236960000000248e-01 4.934625080000000219e-01 4.695136260000000172e-01 4.825643039999999440e-01 0.000000000000000000e+00 5.235090339999999287e-01
4.141990759999999439e-01 4.391900839999999806e-01 2.783823339999999535e-01 4.327601299999999651e-01 4.462477360000000060e-01 4.300759000000000110e-01 1.937562800000000029e-01 2.231282420000000322e-01 3.942379040000000279e-01 5.241200540000000574e-01 3.284497499999999848e-01 4.037486119999999512e-01 3.365626899999999977e-01 3.909217560000000091e-01 1.844611540000000161e-01 1.663777880000000264e-01 1.925170720000000113e-01 1.743480740000000195e-01 1.828646100000000108e-01 1.701942040000000156e-01 5.235090339999999287e-01 0.000000000000000000e+00
