0.000000000000000000e+00 9.682413619999998833e-01 4.025477740000000249e-01 6.459729699999999797e-01 9.525137659999998174e-01 9.471246920000000458e-01 7.372387799999999269e-02 7.766015600000000796e-02 2.541114219999999757e-01 2.675177499999999986e-01 2.411487019999999926e-01 2.025414360000000191e-01 3.133476239999999913e-01 1.447708580000000023e-01 9.855504200000000936e-02 7.996158400000000221e-02 9.239920999999999551e-02 8.052793599999999441e-02 9.142954000000000359e-02 8.118790200000000623e-02 3.015855159999999979e-01 2.860475920000000172e-01
9.682413619999998833e-01 0.000000000000000000e+00 4.152312759999999825e-01 6.264641359999999493e-01 9.679314339999999239e-01 9.821876960000001100e-01 6.399848999999999122e-02 6.175463799999999365e-02 2.647735320000000336e-01 3.017685179999999856e-01 2.454624240000000124e-01 2.131029600000000079e-01 3.270672479999999771e-01 1.416951839999999740e-01 6.911409799999998493e-02 6.299288799999999688e-02 6.879807400000000073e-02 6.913239599999999874e-02 6.281884399999999868e-02 5.499296399999999835e-02 3.041542899999999383e-01 2.824412720000000210e-01
4.025477740000000249e-01 4.152312759999999825e-01 0.000000000000000000e+00 4.470692640000000218e-01 4.127324460000000306e-01 4.053770939999999934e-01 5.844753819999999322e-01 5.547895019999999899e-01 4.536603539999999879e-01 2.238202359999999780e-01 4.644312720000000061e-01 2.967100139999999664e-01 4.231528340000000332e-01 3.176260119999999576e-01 5.659583619999999371e-01 5.736644120000000679e-01 5.695238419999999469e-01 5.757285739999999929e-01 5.690387319999999916e-01 5.742132819999999915e-01 3.505834120000000387e-01 2.213489560000000134e-01
6.459729699999999797e-01 6.264641359999999493e-01 4.470692640000000218e-01 0.000000000000000000e+00 5.761837439999999422e-01 6.304809799999999687e-01 2.207732020000000017e-01 2.349371060000000067e-01 1.877260780000000184e-01 1.831724399999999919e-01 2.463588300000000009e-01 2.633307740000000452e-01 2.087818460000000209e-01 3.154868979999999601e-01 2.160636779999999812e-01 2.165600179999999653e-01 2.245040979999999853e-01 2.232839179999999979e-01 2.263509700000000124e-01 2.173158719999999933e-01 2.624528300000000258e-01 3.797861479999999901e-01
9.525137659999998174e-01 9.679314339999999239e-01 4.127324460000000306e-01 5.761837439999999422e-01 0.000000000000000000e+00 9.459586220000000267e-01 9.317211000000000243e-02 8.547189200000000764e-02 2.501819959999999621e-01 2.785114619999999874e-01 2.348990000000000244e-01 1.876280960000000220e-01 3.310642240000000180e-01 1.318203279999999866e-01 1.043623299999999893e-01 9.002273600000000597e-02 1.017442100000000016e-01 9.189743599999999901e-02 9.935113800000001938e-02 8.951434399999999569e-02 2.942237159999999685e-01 2.562743980000000144e-01
9.471246920000000458e-01 9.821876960000001100e-01 4.053770939999999934e-01 6.304809799999999687e-01 9.459586220000000267e-01 0.000000000000000000e+00 8.066593200000000963e-02 7.229512000000000438e-02 2.909460480000000127e-01 2.969817219999999480e-01 2.741169840000000080e-01 2.436907020000000090e-01 3.148980239999999986e-01 1.709056540000000179e-01 8.857636600000000360e-02 7.439738399999999696e-02 8.518274599999998975e-02 7.879432999999999576e-02 8.109407600000000105e-02 7.333621799999999469e-02 2.893380660000000049e-01 2.571622259999999938e-01
7.372387799999999269e-02 6.399848999999999122e-02 5.844753819999999322e-01 2.207732020000000017e-01 9.317211000000000243e-02 8.066593200000000963e-02 0.000000000000000000e+00 9.793869519999999218e-01 4.275965000000000460e-01 3.518462279999999831e-01 4.239759499999999903e-01 4.942905160000000686e-01 5.343694079999999902e-01 5.203843939999999169e-01 9.915535779999998800e-01 9.748924859999998915e-01 9.913531079999999829e-01 9.690916980000000569e-01 9.924578540000000837e-01 9.784562859999998974e-01 4.971134100000000333e-01 1.981227919999999920e-01
7.766015600000000796e-02 6.175463799999999365e-02 5.547895019999999899e-01 2.349371060000000067e-01 8.547189200000000764e-02 7.229512000000000438e-02 9.793869519999999218e-01 0.000000000000000000e+00 4.100760799999999540e-01 3.100529699999999833e-01 3.953772139999999768e-01 4.768528959999999151e-01 5.483199959999999207e-01 5.039966919999999684e-01 9.781873960000000423e-01 9.838995379999999624e-01 9.754176219999999287e-01 9.762826319999999836e-01 9.823324760000000655e-01 9.831655340000000631e-01 5.126802940000000364e-01 2.147995680000000240e-01
2.541114219999999757e-01 2.647735320000000336e-01 4.536603539999999879e-01 1.877260780000000184e-01 2.501819959999999621e-01 2.909460480000000127e-01 4.275965000000000460e-01 4.100760799999999540e-01 0.000000000000000000e+00 3.559257839999999673e-01 7.765892900000000987e-01 3.359073059999999611e-01 2.569826880000000147e-01 2.804091119999999604e-01 4.459986500000000520e-01 4.503142460000000291e-01 4.409334759999999909e-01 4.556625139999999630e-01 4.440063280000000612e-01 4.502467760000000152e-01 2.620719500000000535e-01 3.227845219999999626e-01
2.675177499999999986e-01 3.017685179999999856e-01 2.238202359999999780e-01 1.831724399999999919e-01 2.785114619999999874e-01 2.969817219999999480e-01 3.518462279999999831e-01 3.100529699999999833e-01 3.559257839999999673e-01 0.000000000000000000e+00 3.236736239999999931e-01 7.358269339999999881e-01 2.200389980000000134e-01 5.866781620000000030e-01 3.300281219999999793e-01 3.302509220000000023e-01 3.337037459999999678e-01 3.255457080000000447e-01 3.360688619999999682e-01 3.237049820000000300e-01 2.547938060000000116e-01 3.356553459999999656e-01
2.411487019999999926e-01 2.454624240000000124e-01 4.644312720000000061e-01 2.463588300000000009e-01 2.348990000000000244e-01 2.741169840000000080e-01 4.239759499999999903e-01 3.953772139999999768e-01 7.765892900000000987e-01 3.236736239999999931e-01 0.000000000000000000e+00 2.723774500000000209e-01 1.868120799999999915e-01 2.577469239999999884e-01 4.413709520000000386e-01 4.429920619999999643e-01 4.368613579999999774e-01 4.521549160000000178e-01 4.349359760000000574e-01 4.504323280000000485e-01 2.095258059999999811e-01 3.828275140000000354e-01
2.025414360000000191e-01 2.131029600000000079e-01 2.967100139999999664e-01 2.633307740000000452e-01 1.876280960000000220e-01 2.436907020000000090e-01 4.942905160000000686e-01 4.768528959999999151e-01 3.359073059999999611e-01 7.358269339999999881e-01 2.723774500000000209e-01 0.000000000000000000e+00 3.473258959999999673e-01 8.960222820000000032e-01 4.761002380000000089e-01 4.678860380000000596e-01 4.799127020000000243e-01 4.614729479999999384e-01 4.831775079999999778e-01 4.625608200000000392e-01 3.815771620000000253e-01 2.398698759999999819e-01
3.133476239999999913e-01 3.270672479999999771e-01 4.231528340000000332e-01 2.087818460000000209e-01 3.310642240000000180e-01 3.148980239999999986e-01 5.343694079999999902e-01 5.483199959999999207e-01 2.569826880000000147e-01 2.200389980000000134e-01 1.868120799999999915e-01 3.473258959999999673e-01 0.000000000000000000e+00 4.212973340000000233e-01 5.406145660000000186e-01 5.110338960000000430e-01 5.400537979999999738e-01 5.037051480000001025e-01 5.364167539999999956e-01 5.189398279999999364e-01 8.474785300000000632e-01 6.304763519999999621e-01
1.447708580000000023e-01 1.416951839999999740e-01 3.176260119999999576e-01 3.154868979999999601e-01 1.318203279999999866e-01 1.709056540000000179e-01 5.203843939999999169e-01 5.039966919999999684e-01 2.804091119999999604e-01 5.866781620000000030e-01 2.577469239999999884e-01 8.960222820000000032e-01 4.212973340000000233e-01 0.000000000000000000e+00 5.200921940000000632e-01 5.088975380000000381e-01 5.229132059999999083e-01 5.065328239999999926e-01 5.231335939999999241e-01 5.095648859999999392e-01 4.524913319999999683e-01 3.065018520000000191e-01
9.855504200000000936e-02 6.911409799999998493e-02 5.659583619999999371e-01 2.160636779999999812e-01 1.043623299999999893e-01 8.857636600000000360e-02 9.915535779999998800e-01 9.781873960000000423e-01 4.459986500000000520e-01 3.300281219999999793e-01 4.413709520000000386e-01 4.761002380000000089e-01 5.406145660000000186e-01 5.200921940000000632e-01 0.000000000000000000e+00 9.788755979999999024e-01 9.970520659999999591e-01 9.739121080000000541e-01 9.977625540000000237e-01 9.841669719999999177e-01 4.937170759999999770e-01 2.064274779999999976e-01
7.996158400000000221e-02 6.299288799999999688e-02 5.736644120000000679e-01 2.165600179999999653e-01 9.002273600000000597e-02 7.439738399999999696e-02 9.748924859999998915e-01 9.838995379999999624e-01 4.503142460000000291e-01 3.302509220000000023e-01 4.429920619999999643e-01 4.678860380000000596e-01 5.110338960000000430e-01 5.088975380000000381e-01 9.788755979999999024e-01 0.000000000000000000e+00 9.759078020000000464e-01 9.968036820000000242e-01 9.833057460000000916e-01 9.980969500000000938e-01 4.738981580000000138e-01 2.117352259999999986e-01
9.239920999999999551e-02 6.879807400000000073e-02 5.695238419999999469e-01 2.245040979999999853e-01 1.017442100000000016e-01 8.518274599999998975e-02 9.913531079999999829e-01 9.754176219999999287e-01 4.409334759999999909e-01 3.337037459999999678e-01 4.368613579999999774e-01 4.799127020000000243e-01 5.400537979999999738e-01 5.229132059999999083e-01 9.970520659999999591e-01 9.759078020000000464e-01 0.000000000000000000e+00 9.725389919999999355e-01 9.982767539999999329e-01 9.812743779999999472e-01 4.955379720000000487e-01 2.129000779999999649e-01
8.052793599999999441e-02 6.913239599999999874e-02 5.757285739999999929e-01 2.232839179999999979e-01 9.189743599999999901e-02 7.879432999999999576e-02 9.690916980000000569e-01 9.762826319999999836e-01 4.556625139999999630e-01 3.255457080000000447e-01 4.521549160000000178e-01 4.614729479999999384e-01 5.037051480000001025e-01 5.065328239999999926e-01 9.739121080000000541e-01 9.968036820000000242e-01 9.725389919999999355e-01 0.000000000000000000e+00 9.791063879999999386e-01 9.974219359999999535e-01 4.709189680000000489e-01 2.132586459999999684e-01
9.142954000000000359e-02 6.281884399999999868e-02 5.690387319999999916e-01 2.263509700000000124e-01 9.935113800000001938e-02 8.109407600000000105e-02 9.924578540000000837e-01 9.823324760000000655e-01 4.440063280000000612e-01 3.360688619999999682e-01 4.349359760000000574e-01 4.831775079999999778e-01 5.364167539999999956e-01 5.231335939999999241e-01 9.977625540000000237e-01 9.833057460000000916e-01 9.982767539999999329e-01 9.791063879999999386e-01 0.000000000000000000e+00 9.873074120000000509e-01 4.930359079999999672e-01 2.096216820000000036e-01
8.118790200000000623e-02 5.499296399999999835e-02 5.742132819999999915e-01 2.173158719999999933e-01 8.951434399999999569e-02 7.333621799999999469e-02 9.784562859999998974e-01 9.831655340000000631e-01 4.502467760000000152e-01 3.237049820000000300e-01 4.504323280000000485e-01 4.625608200000000392e-01 5.189398279999999364e-01 5.095648859999999392e-01 9.841669719999999177e-01 9.980969500000000938e-01 9.812743779999999472e-01 9.974219359999999535e-01 9.873074120000000509e-01 0.000000000000000000e+00 4.804220180000000617e-01 2.117025179999999784e-01
3.015855159999999979e-01 3.041542899999999383e-01 3.505834120000000387e-01 2.624528300000000258e-01 2.942237159999999685e-01 2.893380660000000049e-01 4.971134100000000333e-01 5.126802940000000364e-01 2.620719500000000535e-01 2.547938060000000116e-01 2.095258059999999811e-01 3.815771620000000253e-01 8.474785300000000632e-01 4.524913319999999683e-01 4.937170759999999770e-01 4.738981580000000138e-01 4.955379720000000487e-01 4.709189680000000489e-01 4.930359079999999672e-01 4.804220180000000617e-01 0.000000000000000000e+00 7.755699739999999398e-01
2.860475920000000172e-01 2.824412720000000210e-01 2.213489560000000134e-01 3.797861479999999901e-01 2.562743980000000144e-01 2.571622259999999938e-01 1.981227919999999920e-01 2.147995680000000240e-01 3.227845219999999626e-01 3.356553459999999656e-01 3.828275140000000354e-01 2.398698759999999819e-01 6.304763519999999621e-01 3.065018520000000191e-01 2.064274779999999976e-01 2.117352259999999986e-01 2.129000779999999649e-01 2.132586459999999684e-01 2.096216820000000036e-01 2.117025179999999784e-01 7.755699739999999398e-01 0.000000000000000000e+00
