0.000000000000000000e+00 7.460265160000000284e-01 5.995367700000000521e-01 5.648473499999999703e-01 6.715569820000000245e-01 7.269939840000000375e-01 3.850220599999999993e-01 3.431985700000000361e-01 4.107910659999999825e-01 4.268745959999999395e-01 4.007328479999999749e-01 3.943684939999999584e-01 3.896797900000000259e-01 2.680792300000000017e-01 2.587224959999999685e-01 2.960758419999999780e-01 2.663325119999999657e-01 3.701306919999999834e-01 2.386579660000000269e-01 3.064979300000000295e-01 3.321785300000000274e-01 2.407875240000000028e-01
7.460265160000000284e-01 0.000000000000000000e+00 4.550824660000000188e-01 4.903380120000000453e-01 7.832940499999999640e-01 7.873068400000000633e-01 2.975938759999999794e-01 2.746327399999999863e-01 2.856392099999999767e-01 3.065575939999999888e-01 2.733068140000000090e-01 3.344313939999999929e-01 2.615282039999999864e-01 2.580703240000000176e-01 2.600097180000000008e-01 2.818480780000000019e-01 2.849007719999999688e-01 3.638337440000000145e-01 1.866710699999999945e-01 3.946627699999999406e-01 2.447982360000000024e-01 2.791414440000000163e-01
5.995367700000000521e-01 4.550824660000000188e-01 0.000000000000000000e+00 7.959325680000000069e-01 3.765176300000000476e-01 4.004658660000000592e-01 7.068866180000000776e-01 4.985605519999999902e-01 8.240102639999999923e-01 7.126941959999999465e-01 8.342094860000000001e-01 5.926320640000000139e-01 7.738447780000000664e-01 4.893321080000000434e-01 3.120279059999999660e-01 4.915279260000000039e-01 3.815791460000000357e-01 5.187457959999999257e-01 3.405043159999999736e-01 3.760558339999999777e-01 6.578406639999999639e-01 3.466477199999999925e-01
5.648473499999999703e-01 4.903380120000000453e-01 7.959325680000000069e-01 0.000000000000000000e+00 3.900715380000000509e-01 4.334150440000000271e-01 5.721225559999999488e-01 6.565914960000001077e-01 7.212072820000000606e-01 7.793410539999999775e-01 6.557174420000000392e-01 7.836670000000000025e-01 6.494450819999999513e-01 6.068666759999999938e-01 2.552336139999999420e-01 5.343829579999999080e-01 3.582934919999999912e-01 5.582636100000000212e-01 3.159718719999999870e-01 3.893604760000000109e-01 6.022504739999999801e-01 3.965592239999999880e-01
6.715569820000000245e-01 7.832940499999999640e-01 3.765176300000000476e-01 3.900715380000000509e-01 0.000000000000000000e+00 7.177503819999999646e-01 2.895792580000000060e-01 3.311346880000000104e-01 2.674072619999999789e-01 3.119614979999999482e-01 2.354789119999999847e-01 3.252369340000000331e-01 2.146819460000000124e-01 2.356427379999999905e-01 1.863567919999999933e-01 2.744484600000000052e-01 2.725695860000000303e-01 3.152254319999999721e-01 1.861806659999999947e-01 3.354747299999999988e-01 1.910654580000000213e-01 3.315958680000000158e-01
7.269939840000000375e-01 7.873068400000000633e-01 4.004658660000000592e-01 4.334150440000000271e-01 7.177503819999999646e-01 0.000000000000000000e+00 2.732816900000000215e-01 2.624945519999999921e-01 2.743942160000000241e-01 2.723375199999999441e-01 2.546293780000000173e-01 2.844585099999999978e-01 2.023996079999999809e-01 2.898744520000000047e-01 2.912841580000000152e-01 2.561621239999999911e-01 2.796171939999999578e-01 3.909979780000000238e-01 2.569361620000000235e-01 4.038187839999999862e-01 1.942992580000000025e-01 3.192327080000000317e-01
3.850220599999999993e-01 2.975938759999999794e-01 7.068866180000000776e-01 5.721225559999999488e-01 2.895792580000000060e-01 2.732816900000000215e-01 0.000000000000000000e+00 4.958420200000001055e-01 7.282367779999999735e-01 6.509238299999999811e-01 7.723267899999999297e-01 5.412983359999999911e-01 7.132171720000000104e-01 3.725005140000000048e-01 2.434293139999999800e-01 3.527762159999999758e-01 3.088817660000000020e-01 4.267301020000000555e-01 2.363391440000000010e-01 3.080097920000000045e-01 6.257817620000000192e-01 2.771075479999999813e-01
3.431985700000000361e-01 2.746327399999999863e-01 4.985605519999999902e-01 6.565914960000001077e-01 3.311346880000000104e-01 2.624945519999999921e-01 4.958420200000001055e-01 0.000000000000000000e+00 5.623557519999999865e-01 7.609171659999999227e-01 4.861238860000000050e-01 8.181815440000000939e-01 5.284885719999999898e-01 5.827621460000000919e-01 1.374981260000000260e-01 3.389240660000000238e-01 3.550753480000000128e-01 3.731262880000000282e-01 2.399053099999999827e-01 2.399321200000000265e-01 5.325072119999999520e-01 4.636284760000000671e-01
4.107910659999999825e-01 2.856392099999999767e-01 8.240102639999999923e-01 7.212072820000000606e-01 2.674072619999999789e-01 2.743942160000000241e-01 7.282367779999999735e-01 5.623557519999999865e-01 0.000000000000000000e+00 7.759776159999999257e-01 9.215809040000000341e-01 6.571273040000000787e-01 7.689056119999999606e-01 5.451043279999999713e-01 2.932844719999999628e-01 5.045987739999999722e-01 3.984817699999999574e-01 5.330492419999999232e-01 3.960460060000000060e-01 3.762054120000000168e-01 7.248220979999999702e-01 3.586250839999999829e-01
4.268745959999999395e-01 3.065575939999999888e-01 7.126941959999999465e-01 7.793410539999999775e-01 3.119614979999999482e-01 2.723375199999999441e-01 6.509238299999999811e-01 7.609171659999999227e-01 7.759776159999999257e-01 0.000000000000000000e+00 7.226109179999999910e-01 8.728620940000000328e-01 7.721652600000000755e-01 5.803959040000000735e-01 2.432722660000000148e-01 5.342158499999999366e-01 4.202779400000000720e-01 5.451571720000000232e-01 3.776354039999999523e-01 4.217006580000000615e-01 7.771864300000000947e-01 3.448737179999999958e-01
4.007328479999999749e-01 2.733068140000000090e-01 8.342094860000000001e-01 6.557174420000000392e-01 2.354789119999999847e-01 2.546293780000000173e-01 7.723267899999999297e-01 4.861238860000000050e-01 9.215809040000000341e-01 7.226109179999999910e-01 0.000000000000000000e+00 5.757000339999999161e-01 8.420516120000000049e-01 4.746752980000000233e-01 2.958004520000000470e-01 4.375754780000000177e-01 4.116259180000000351e-01 4.847191760000000293e-01 3.551154059999999668e-01 3.642067019999999933e-01 7.531101440000000924e-01 3.318022059999999884e-01
3.943684939999999584e-01 3.344313939999999929e-01 5.926320640000000139e-01 7.836670000000000025e-01 3.252369340000000331e-01 2.844585099999999978e-01 5.412983359999999911e-01 8.181815440000000939e-01 6.571273040000000787e-01 8.728620940000000328e-01 5.757000339999999161e-01 0.000000000000000000e+00 6.377569840000000267e-01 5.804746360000000438e-01 1.959999020000000036e-01 5.262813619999999748e-01 3.835143579999999996e-01 4.701525420000000066e-01 3.635212120000000380e-01 3.701886020000000332e-01 6.638555320000000259e-01 4.718153860000000033e-01
3.896797900000000259e-01 2.615282039999999864e-01 7.738447780000000664e-01 6.494450819999999513e-01 2.146819460000000124e-01 2.023996079999999809e-01 7.132171720000000104e-01 5.284885719999999898e-01 7.689056119999999606e-01 7.721652600000000755e-01 8.420516120000000049e-01 6.377569840000000267e-01 0.000000000000000000e+00 4.295506060000000015e-01 3.281559980000000043e-01 4.321297999999999528e-01 4.087892079999999595e-01 4.094195280000000325e-01 3.548003180000000034e-01 3.401636439999999872e-01 8.333754079999999842e-01 2.666215619999999786e-01
2.680792300000000017e-01 2.580703240000000176e-01 4.893321080000000434e-01 6.068666759999999938e-01 2.356427379999999905e-01 2.898744520000000047e-01 3.725005140000000048e-01 5.827621460000000919e-01 5.451043279999999713e-01 5.803959040000000735e-01 4.746752980000000233e-01 5.804746360000000438e-01 4.295506060000000015e-01 0.000000000000000000e+00 2.156033039999999679e-01 4.098373819999999723e-01 2.831540579999999863e-01 4.431262619999999930e-01 2.648881619999999826e-01 2.887488699999999353e-01 4.539242380000000354e-01 3.125430880000000800e-01
2.587224959999999685e-01 2.600097180000000008e-01 3.120279059999999660e-01 2.552336139999999420e-01 1.863567919999999933e-01 2.912841580000000152e-01 2.434293139999999800e-01 1.374981260000000260e-01 2.932844719999999628e-01 2.432722660000000148e-01 2.958004520000000470e-01 1.959999020000000036e-01 3.281559980000000043e-01 2.156033039999999679e-01 0.000000000000000000e+00 3.266318000000000277e-01 3.924006239999999757e-01 2.057975320000000052e-01 4.324397519999999551e-01 4.724553180000000685e-01 3.320640000000000258e-01 2.395702020000000376e-01
2.960758419999999780e-01 2.818480780000000019e-01 4.915279260000000039e-01 5.343829579999999080e-01 2.744484600000000052e-01 2.561621239999999911e-01 3.527762159999999758e-01 3.389240660000000238e-01 5.045987739999999722e-01 5.342158499999999366e-01 4.375754780000000177e-01 5.262813619999999748e-01 4.321297999999999528e-01 4.098373819999999723e-01 3.266318000000000277e-01 0.000000000000000000e+00 2.892051760000000082e-01 6.634205699999998762e-01 5.879979119999999559e-01 4.203968099999998986e-01 4.108604359999999955e-01 3.082498779999999772e-01
2.663325119999999657e-01 2.849007719999999688e-01 3.815791460000000357e-01 3.582934919999999912e-01 2.725695860000000303e-01 2.796171939999999578e-01 3.088817660000000020e-01 3.550753480000000128e-01 3.984817699999999574e-01 4.202779400000000720e-01 4.116259180000000351e-01 3.835143579999999996e-01 4.087892079999999595e-01 2.831540579999999863e-01 3.924006239999999757e-01 2.892051760000000082e-01 0.000000000000000000e+00 2.999702759999999802e-01 5.723087839999999593e-01 4.433297039999999356e-01 3.641490359999999815e-01 2.470043660000000030e-01
3.701306919999999834e-01 3.638337440000000145e-01 5.187457959999999257e-01 5.582636100000000212e-01 3.152254319999999721e-01 3.909979780000000238e-01 4.267301020000000555e-01 3.731262880000000282e-01 5.330492419999999232e-01 5.451571720000000232e-01 4.847191760000000293e-01 4.701525420000000066e-01 4.094195280000000325e-01 4.431262619999999930e-01 2.057975320000000052e-01 6.634205699999998762e-01 2.999702759999999802e-01 0.000000000000000000e+00 3.907946459999999678e-01 6.943509679999999573e-01 4.031154899999999652e-01 3.057960220000000007e-01
2.386579660000000269e-01 1.866710699999999945e-01 3.405043159999999736e-01 3.159718719999999870e-01 1.861806659999999947e-01 2.569361620000000235e-01 2.363391440000000010e-01 2.399053099999999827e-01 3.960460060000000060e-01 3.776354039999999523e-01 3.551154059999999668e-01 3.635212120000000380e-01 3.548003180000000034e-01 2.648881619999999826e-01 4.324397519999999551e-01 5.879979119999999559e-01 5.723087839999999593e-01 3.907946459999999678e-01 0.000000000000000000e+00 2.900165900000000185e-01 3.852846820000000450e-01 2.457195440000000120e-01
3.064979300000000295e-01 3.946627699999999406e-01 3.760558339999999777e-01 3.893604760000000109e-01 3.354747299999999988e-01 4.038187839999999862e-01 3.080097920000000045e-01 2.399321200000000265e-01 3.762054120000000168e-01 4.217006580000000615e-01 3.642067019999999933e-01 3.701886020000000332e-01 3.401636439999999872e-01 2.887488699999999353e-01 4.724553180000000685e-01 4.203968099999998986e-01 4.433297039999999356e-01 6.943509679999999573e-01 2.900165900000000185e-01 0.000000000000000000e+00 4.114113480000000100e-01 2.504667440000000189e-01
3.321785300000000274e-01 2.447982360000000024e-01 6.578406639999999639e-01 6.022504739999999801e-01 1.910654580000000213e-01 1.942992580000000025e-01 6.257817620000000192e-01 5.325072119999999520e-01 7.248220979999999702e-01 7.771864300000000947e-01 7.531101440000000924e-01 6.638555320000000259e-01 8.333754079999999842e-01 4.539242380000000354e-01 3.320640000000000258e-01 4.108604359999999955e-01 3.641490359999999815e-01 4.031154899999999652e-01 3.852846820000000450e-01 4.114113480000000100e-01 0.000000000000000000e+00 2.524354540000000036e-01
2.407875240000000028e-01 2.791414440000000163e-01 3.466477199999999925e-01 3.965592239999999880e-01 3.315958680000000158e-01 3.192327080000000317e-01 2.771075479999999813e-01 4.636284760000000671e-01 3.586250839999999829e-01 3.448737179999999958e-01 3.318022059999999884e-01 4.718153860000000033e-01 2.666215619999999786e-01 3.125430880000000800e-01 2.395702020000000376e-01 3.082498779999999772e-01 2.470043660000000030e-01 3.057960220000000007e-01 2.457195440000000120e-01 2.504667440000000189e-01 2.524354540000000036e-01 0.000000000000000000e+00
