0.000000000000000000e+00 9.654510659999999689e-01 4.561293500000000445e-01 5.998516780000000548e-01 9.637864080000000389e-01 9.567360120000000245e-01 8.053190600000001420e-02 1.041727840000000044e-01 3.437112979999999984e-01 4.260152540000000099e-01 3.018871180000000654e-01 3.120644340000000017e-01 2.480826740000000030e-01 1.960964000000000040e-01 8.623913199999999613e-02 9.871861000000001218e-02 7.670072399999999790e-02 8.694871800000000817e-02 8.371807800000000133e-02 8.928988600000001274e-02 2.692496880000000425e-01 4.072098339999999927e-01
9.654510659999999689e-01 0.000000000000000000e+00 4.013250559999999578e-01 5.566150779999999854e-01 9.713702639999999278e-01 9.833475540000000681e-01 7.991267999999999982e-02 9.546902599999999850e-02 3.395864080000000063e-01 4.616174360000000476e-01 2.903930619999999796e-01 3.241864400000000201e-01 2.410468240000000206e-01 1.979249180000000052e-01 8.422756000000000687e-02 9.278258999999999812e-02 7.489507799999998994e-02 8.300776999999999461e-02 8.180244799999999983e-02 8.419740800000000136e-02 2.711685360000000156e-01 3.971243799999999990e-01
4.561293500000000445e-01 4.013250559999999578e-01 0.000000000000000000e+00 6.223339439999999723e-01 3.982053779999999987e-01 3.975921199999999933e-01 5.427922720000000201e-01 5.211821140000000296e-01 5.748011859999999640e-01 3.317146460000000019e-01 6.046391760000000559e-01 2.341682380000000008e-01 3.166674480000000180e-01 1.844961940000000022e-01 5.166776859999999694e-01 5.132818379999999348e-01 5.291113899999999592e-01 5.214441819999999783e-01 5.261505140000000136e-01 5.216138679999999805e-01 3.114743099999999765e-01 3.085795000000000066e-01
5.998516780000000548e-01 5.566150779999999854e-01 6.223339439999999723e-01 0.000000000000000000e+00 5.307933280000000087e-01 5.529386940000000639e-01 3.255845339999999810e-01 3.686575880000000360e-01 2.932840580000000141e-01 3.663166939999999983e-01 2.839174219999999194e-01 2.793468639999999725e-01 2.894115920000000508e-01 2.046928179999999986e-01 3.097974319999999837e-01 3.056358359999999941e-01 3.157060520000000148e-01 3.140523280000000472e-01 3.115363899999999964e-01 3.131361179999999633e-01 3.907094379999999645e-01 5.211745000000000960e-01
9.637864080000000389e-01 9.713702639999999278e-01 3.982053779999999987e-01 5.307933280000000087e-01 0.000000000000000000e+00 9.497822080000000167e-01 9.797973399999999888e-02 8.925043600000000243e-02 3.334280499999999758e-01 4.220844979999999746e-01 2.863373539999999884e-01 2.752418859999999912e-01 2.676256719999999811e-01 1.743833100000000136e-01 8.974891399999999908e-02 9.812381600000000259e-02 8.126495999999998332e-02 9.009306599999999943e-02 8.732817200000000946e-02 9.167526000000000841e-02 2.671178479999999911e-01 4.073906840000000029e-01
9.567360120000000245e-01 9.833475540000000681e-01 3.975921199999999933e-01 5.529386940000000639e-01 9.497822080000000167e-01 0.000000000000000000e+00 7.310978199999999816e-02 8.287833999999999479e-02 3.612538600000000377e-01 4.715961599999999865e-01 3.058465959999999706e-01 3.381254740000000369e-01 2.526471279999999986e-01 1.851464899999999969e-01 7.373733000000000370e-02 8.395677799999999580e-02 6.273906600000000999e-02 7.553965199999998492e-02 7.070891999999999455e-02 7.564261799999999480e-02 2.700571079999999902e-01 3.974396700000000227e-01
8.053190600000001420e-02 7.991267999999999982e-02 5.427922720000000201e-01 3.255845339999999810e-01 9.797973399999999888e-02 7.310978199999999816e-02 0.000000000000000000e+00 9.628521700000000072e-01 4.766457499999999792e-01 2.218874959999999896e-01 4.850819359999999913e-01 1.900691720000000084e-01 5.034515680000000160e-01 2.294421800000000233e-01 9.874941779999998337e-01 9.631336080000000299e-01 9.862129039999999458e-01 9.541074379999999744e-01 9.851130240000000038e-01 9.697034340000000308e-01 4.775700440000000269e-01 2.083498960000000066e-01
1.041727840000000044e-01 9.546902599999999850e-02 5.211821140000000296e-01 3.686575880000000360e-01 8.925043600000000243e-02 8.287833999999999479e-02 9.628521700000000072e-01 0.000000000000000000e+00 4.445304140000000404e-01 1.957997459999999967e-01 4.453990580000000143e-01 2.048566520000000002e-01 5.323357480000000530e-01 2.579505340000000091e-01 9.720250520000000005e-01 9.756553319999999863e-01 9.710727219999999438e-01 9.674969719999999551e-01 9.752100919999999729e-01 9.766950100000000301e-01 5.382141360000000097e-01 2.525511020000000273e-01
3.437112979999999984e-01 3.395864080000000063e-01 5.748011859999999640e-01 2.932840580000000141e-01 3.334280499999999758e-01 3.612538600000000377e-01 4.766457499999999792e-01 4.445304140000000404e-01 0.000000000000000000e+00 4.024542160000000313e-01 8.693155819999999201e-01 2.869603200000000465e-01 2.247453880000000181e-01 3.317129940000000388e-01 4.831064840000000027e-01 4.956166699999999814e-01 4.794797759999999687e-01 4.986006359999999304e-01 4.844164340000000624e-01 4.929494140000000302e-01 1.936915819999999733e-01 3.352132519999999616e-01
4.260152540000000099e-01 4.616174360000000476e-01 3.317146460000000019e-01 3.663166939999999983e-01 4.220844979999999746e-01 4.715961599999999865e-01 2.218874959999999896e-01 1.957997459999999967e-01 4.024542160000000313e-01 0.000000000000000000e+00 3.548818939999999200e-01 7.818721000000000698e-01 3.543493039999999761e-01 5.257004619999999795e-01 2.143700899999999854e-01 1.935389160000000053e-01 2.072882500000000072e-01 2.015812460000000195e-01 2.056783179999999989e-01 2.073793000000000164e-01 2.955546380000000362e-01 3.759703719999999971e-01
3.018871180000000654e-01 2.903930619999999796e-01 6.046391760000000559e-01 2.839174219999999194e-01 2.863373539999999884e-01 3.058465959999999706e-01 4.850819359999999913e-01 4.453990580000000143e-01 8.693155819999999201e-01 3.548818939999999200e-01 0.000000000000000000e+00 2.586925540000000190e-01 2.601447120000000002e-01 2.478799660000000071e-01 4.811407080000000280e-01 4.850720179999999937e-01 4.784956619999999883e-01 4.873214500000000449e-01 4.815058300000000235e-01 4.858931560000000482e-01 2.358267399999999792e-01 3.798196960000000399e-01
3.120644340000000017e-01 3.241864400000000201e-01 2.341682380000000008e-01 2.793468639999999725e-01 2.752418859999999912e-01 3.381254740000000369e-01 1.900691720000000084e-01 2.048566520000000002e-01 2.869603200000000465e-01 7.818721000000000698e-01 2.586925540000000190e-01 0.000000000000000000e+00 2.912933240000000201e-01 7.779950340000000297e-01 1.930939500000000142e-01 2.006118299999999910e-01 1.832980359999999975e-01 1.919429939999999779e-01 1.860417400000000110e-01 1.936400040000000045e-01 3.157750220000000163e-01 2.599556779999999678e-01
2.480826740000000030e-01 2.410468240000000206e-01 3.166674480000000180e-01 2.894115920000000508e-01 2.676256719999999811e-01 2.526471279999999986e-01 5.034515680000000160e-01 5.323357480000000530e-01 2.247453880000000181e-01 3.543493039999999761e-01 2.601447120000000002e-01 2.912933240000000201e-01 0.000000000000000000e+00 3.578045720000000429e-01 5.240713140000000658e-01 5.082959819999999240e-01 5.296934500000000101e-01 5.119295740000000539e-01 5.284917780000000231e-01 5.177791120000000413e-01 7.355433339999999376e-01 5.214227479999999915e-01
1.960964000000000040e-01 1.979249180000000052e-01 1.844961940000000022e-01 2.046928179999999986e-01 1.743833100000000136e-01 1.851464899999999969e-01 2.294421800000000233e-01 2.579505340000000091e-01 3.317129940000000388e-01 5.257004619999999795e-01 2.478799660000000071e-01 7.779950340000000297e-01 3.578045720000000429e-01 0.000000000000000000e+00 2.460475999999999774e-01 2.704345899999999747e-01 2.378356200000000253e-01 2.803592060000000274e-01 2.445328480000000249e-01 2.684094280000000055e-01 4.534610880000000677e-01 2.944801980000000263e-01
8.623913199999999613e-02 8.422756000000000687e-02 5.166776859999999694e-01 3.097974319999999837e-01 8.974891399999999908e-02 7.373733000000000370e-02 9.874941779999998337e-01 9.720250520000000005e-01 4.831064840000000027e-01 2.143700899999999854e-01 4.811407080000000280e-01 1.930939500000000142e-01 5.240713140000000658e-01 2.460475999999999774e-01 0.000000000000000000e+00 9.774868059999999303e-01 9.947402300000000031e-01 9.669730819999999838e-01 9.956930539999999663e-01 9.822343159999998852e-01 4.905909420000000298e-01 2.139324340000000046e-01
9.871861000000001218e-02 9.278258999999999812e-02 5.132818379999999348e-01 3.056358359999999941e-01 9.812381600000000259e-02 8.395677799999999580e-02 9.631336080000000299e-01 9.756553319999999863e-01 4.956166699999999814e-01 1.935389160000000053e-01 4.850720179999999937e-01 2.006118299999999910e-01 5.082959819999999240e-01 2.704345899999999747e-01 9.774868059999999303e-01 0.000000000000000000e+00 9.763336700000000423e-01 9.941297660000000258e-01 9.828699999999999104e-01 9.970148639999999451e-01 4.863681440000000578e-01 2.085982199999999731e-01
7.670072399999999790e-02 7.489507799999998994e-02 5.291113899999999592e-01 3.157060520000000148e-01 8.126495999999998332e-02 6.273906600000000999e-02 9.862129039999999458e-01 9.710727219999999438e-01 4.794797759999999687e-01 2.072882500000000072e-01 4.784956619999999883e-01 1.832980359999999975e-01 5.296934500000000101e-01 2.378356200000000253e-01 9.947402300000000031e-01 9.763336700000000423e-01 0.000000000000000000e+00 9.654924600000001078e-01 9.988287419999999361e-01 9.792582039999999655e-01 4.864437119999999726e-01 2.151396779999999731e-01
8.694871800000000817e-02 8.300776999999999461e-02 5.214441819999999783e-01 3.140523280000000472e-01 9.009306599999999943e-02 7.553965199999998492e-02 9.541074379999999744e-01 9.674969719999999551e-01 4.986006359999999304e-01 2.015812460000000195e-01 4.873214500000000449e-01 1.919429939999999779e-01 5.119295740000000539e-01 2.803592060000000274e-01 9.669730819999999838e-01 9.941297660000000258e-01 9.654924600000001078e-01 0.000000000000000000e+00 9.721923780000001347e-01 9.960808199999998669e-01 4.909667619999999455e-01 2.245520120000000230e-01
8.371807800000000133e-02 8.180244799999999983e-02 5.261505140000000136e-01 3.115363899999999964e-01 8.732817200000000946e-02 7.070891999999999455e-02 9.851130240000000038e-01 9.752100919999999729e-01 4.844164340000000624e-01 2.056783179999999989e-01 4.815058300000000235e-01 1.860417400000000110e-01 5.284917780000000231e-01 2.445328480000000249e-01 9.956930539999999663e-01 9.828699999999999104e-01 9.988287419999999361e-01 9.721923780000001347e-01 0.000000000000000000e+00 9.847059039999999097e-01 4.862240400000000240e-01 2.117258519999999922e-01
8.928988600000001274e-02 8.419740800000000136e-02 5.216138679999999805e-01 3.131361179999999633e-01 9.167526000000000841e-02 7.564261799999999480e-02 9.697034340000000308e-01 9.766950100000000301e-01 4.929494140000000302e-01 2.073793000000000164e-01 4.858931560000000482e-01 1.936400040000000045e-01 5.177791120000000413e-01 2.684094280000000055e-01 9.822343159999998852e-01 9.970148639999999451e-01 9.792582039999999655e-01 9.960808199999998669e-01 9.847059039999999097e-01 0.000000000000000000e+00 4.950971540000000393e-01 2.179220279999999899e-01
2.692496880000000425e-01 2.711685360000000156e-01 3.114743099999999765e-01 3.907094379999999645e-01 2.671178479999999911e-01 2.700571079999999902e-01 4.775700440000000269e-01 5.382141360000000097e-01 1.936915819999999733e-01 2.955546380000000362e-01 2.358267399999999792e-01 3.157750220000000163e-01 7.355433339999999376e-01 4.534610880000000677e-01 4.905909420000000298e-01 4.863681440000000578e-01 4.864437119999999726e-01 4.909667619999999455e-01 4.862240400000000240e-01 4.950971540000000393e-01 0.000000000000000000e+00 7.084649640000000304e-01
4.072098339999999927e-01 3.971243799999999990e-01 3.085795000000000066e-01 5.211745000000000960e-01 4.073906840000000029e-01 3.974396700000000227e-01 2.083498960000000066e-01 2.525511020000000273e-01 3.352132519999999616e-01 3.759703719999999971e-01 3.798196960000000399e-01 2.599556779999999678e-01 5.214227479999999915e-01 2.944801980000000263e-01 2.139324340000000046e-01 2.085982199999999731e-01 2.151396779999999731e-01 2.245520120000000230e-01 2.117258519999999922e-01 2.179220279999999899e-01 7.084649640000000304e-01 0.000000000000000000e+00
