0.000000000000000000e+00 2.471381699999999904e-01 2.356231039999999999e-01 3.444685339999999929e-01 2.643676400000000148e-01 7.233142439999999951e-01 2.638104460000000318e-01 1.612808639999999960e-01 2.952487320000000137e-01 3.878296499999999702e-01 2.335123519999999786e-01 3.005236200000000468e-01 3.120703439999999995e-01 1.885233139999999974e-01 3.087785839999999671e-01 2.617407099999999875e-01 2.231600639999999913e-01 2.384631800000000246e-01 2.792184279999999630e-01 2.413204219999999511e-01 3.121391300000000424e-01 2.375788500000000081e-01
2.471381699999999904e-01 0.000000000000000000e+00 2.334679959999999832e-01 1.988661999999999930e-01 6.260635820000000074e-01 1.725520340000000208e-01 1.973342780000000019e-01 2.610025280000000114e-01 2.310616760000000214e-01 1.632843600000000173e-01 1.862802199999999964e-01 3.135437760000000518e-01 1.567068640000000013e-01 1.980886340000000134e-01 4.275645700000000327e-01 2.118744359999999993e-01 3.464709980000000300e-01 2.664672019999999586e-01 3.097531720000000210e-01 2.900298319999999874e-01 1.563584060000000053e-01 2.298364219999999847e-01
2.356231039999999999e-01 2.334679959999999832e-01 0.000000000000000000e+00 2.251373019999999836e-01 2.964279819999999788e-01 2.366338019999999764e-01 4.920363240000000249e-01 2.722321600000000008e-01 3.871106499999999451e-01 6.864850060000000642e-01 8.745166159999999689e-01 2.800176899999999858e-01 8.028571399999998581e-01 3.024157619999999769e-01 2.899203899999999723e-01 2.936929679999999987e-01 2.493306259999999719e-01 2.174195160000000349e-01 2.657532999999999701e-01 2.548395239999999839e-01 8.487009660000000011e-01 4.666747159999999894e-01
3.444685339999999929e-01 1.988661999999999930e-01 2.251373019999999836e-01 0.000000000000000000e+00 1.812092359999999958e-01 3.466200480000000139e-01 2.453127639999999887e-01 6.268992939999999958e-01 4.002024499999999874e-01 2.511924319999999655e-01 2.610010419999999609e-01 6.928824519999998710e-01 3.135144000000000264e-01 5.955079380000000144e-01 1.938050500000000065e-01 3.160666099999999701e-01 2.682712500000000166e-01 2.852728119999999867e-01 2.932873220000000170e-01 2.635747539999999667e-01 2.457587019999999955e-01 5.554358840000001019e-01
2.643676400000000148e-01 6.260635820000000074e-01 2.964279819999999788e-01 1.812092359999999958e-01 0.000000000000000000e+00 2.437741899999999740e-01 1.412555600000000022e-01 3.354000099999999707e-01 2.173872259999999890e-01 2.007513540000000207e-01 2.762434979999999762e-01 2.645570419999999645e-01 2.723622479999999735e-01 1.619331239999999839e-01 3.997636419999999746e-01 2.383341900000000013e-01 3.287596419999999631e-01 2.083743899999999927e-01 2.775314080000000350e-01 2.126860999999999891e-01 2.925235980000000513e-01 2.656009099999999679e-01
7.233142439999999951e-01 1.725520340000000208e-01 2.366338019999999764e-01 3.466200480000000139e-01 2.437741899999999740e-01 0.000000000000000000e+00 1.751642119999999858e-01 1.516206439999999989e-01 2.745952919999999908e-01 2.252663199999999644e-01 1.696786839999999963e-01 2.649721480000000184e-01 2.415154059999999880e-01 2.605993800000000471e-01 2.628325320000000076e-01 2.418245740000000144e-01 2.026914900000000019e-01 2.499787379999999781e-01 1.960504799999999992e-01 3.586545140000000353e-01 2.404938219999999960e-01 2.864652060000000278e-01
2.638104460000000318e-01 1.973342780000000019e-01 4.920363240000000249e-01 2.453127639999999887e-01 1.412555600000000022e-01 1.751642119999999858e-01 0.000000000000000000e+00 2.895748360000000021e-01 2.687317860000000280e-01 5.571074759999999904e-01 5.609382320000000366e-01 3.218590680000000259e-01 4.877006899999999368e-01 2.589854580000000017e-01 4.162610920000000547e-01 2.462550699999999926e-01 2.921687560000000294e-01 2.942146159999999844e-01 4.016468780000000405e-01 3.615469799999999623e-01 5.013571939999998950e-01 4.517050860000000334e-01
1.612808639999999960e-01 2.610025280000000114e-01 2.722321600000000008e-01 6.268992939999999958e-01 3.354000099999999707e-01 1.516206439999999989e-01 2.895748360000000021e-01 0.000000000000000000e+00 2.879092659999999970e-01 2.979232480000000294e-01 3.149016299999999879e-01 6.733190319999999840e-01 3.199011160000000409e-01 4.807719580000000548e-01 1.923343799999999715e-01 2.906260999999999428e-01 2.492276560000000474e-01 2.689062520000000123e-01 2.095786500000000052e-01 2.536569459999999943e-01 2.089938219999999958e-01 6.315654599999999119e-01
2.952487320000000137e-01 2.310616760000000214e-01 3.871106499999999451e-01 4.002024499999999874e-01 2.173872259999999890e-01 2.745952919999999908e-01 2.687317860000000280e-01 2.879092659999999970e-01 0.000000000000000000e+00 2.781446980000000235e-01 4.028694959999999936e-01 3.985086439999999675e-01 4.151305960000000184e-01 4.266380640000000390e-01 2.154191960000000350e-01 2.787355199999999589e-01 2.322873400000000088e-01 3.660333100000000006e-01 2.654018419999999989e-01 3.222736959999999984e-01 3.914433320000000327e-01 3.462695159999999994e-01
3.878296499999999702e-01 1.632843600000000173e-01 6.864850060000000642e-01 2.511924319999999655e-01 2.007513540000000207e-01 2.252663199999999644e-01 5.571074759999999904e-01 2.979232480000000294e-01 2.781446980000000235e-01 0.000000000000000000e+00 6.814585780000000925e-01 3.073932060000000299e-01 6.489159399999999689e-01 2.256753139999999880e-01 2.427247720000000053e-01 2.157607140000000201e-01 2.451388080000000136e-01 2.166912379999999805e-01 2.266160880000000211e-01 1.301306300000000249e-01 6.764864499999999614e-01 4.181078399999999529e-01
2.335123519999999786e-01 1.862802199999999964e-01 8.745166159999999689e-01 2.610010419999999609e-01 2.762434979999999762e-01 1.696786839999999963e-01 5.609382320000000366e-01 3.149016299999999879e-01 4.028694959999999936e-01 6.814585780000000925e-01 0.000000000000000000e+00 3.335440760000000227e-01 8.578611140000000912e-01 2.940792120000000343e-01 2.502235500000000168e-01 2.820144199999999879e-01 2.342345040000000100e-01 2.589999420000000385e-01 2.575823259999999726e-01 1.921936320000000031e-01 8.751297260000001632e-01 4.946191800000000471e-01
3.005236200000000468e-01 3.135437760000000518e-01 2.800176899999999858e-01 6.928824519999998710e-01 2.645570419999999645e-01 2.649721480000000184e-01 3.218590680000000259e-01 6.733190319999999840e-01 3.985086439999999675e-01 3.073932060000000299e-01 3.335440760000000227e-01 0.000000000000000000e+00 3.427245420000000209e-01 6.394966359999999517e-01 2.452477419999999630e-01 2.804287980000000347e-01 2.417973240000000357e-01 3.049236579999999863e-01 2.473700739999999954e-01 3.022076180000000667e-01 2.755096839999999769e-01 5.513603700000000440e-01
3.120703439999999995e-01 1.567068640000000013e-01 8.028571399999998581e-01 3.135144000000000264e-01 2.723622479999999735e-01 2.415154059999999880e-01 4.877006899999999368e-01 3.199011160000000409e-01 4.151305960000000184e-01 6.489159399999999689e-01 8.578611140000000912e-01 3.427245420000000209e-01 0.000000000000000000e+00 3.207103759999999637e-01 2.894010519999999920e-01 2.523731020000000158e-01 2.422942960000000201e-01 2.311427479999999812e-01 2.848230039999999907e-01 2.034770620000000141e-01 8.515409420000000784e-01 5.076435240000000126e-01
1.885233139999999974e-01 1.980886340000000134e-01 3.024157619999999769e-01 5.955079380000000144e-01 1.619331239999999839e-01 2.605993800000000471e-01 2.589854580000000017e-01 4.807719580000000548e-01 4.266380640000000390e-01 2.256753139999999880e-01 2.940792120000000343e-01 6.394966359999999517e-01 3.207103759999999637e-01 0.000000000000000000e+00 1.791478440000000005e-01 3.422379999999999312e-01 2.512700779999999523e-01 2.770620220000000189e-01 2.646345479999999695e-01 2.725846740000000268e-01 2.760510939999999414e-01 4.107816859999999792e-01
3.087785839999999671e-01 4.275645700000000327e-01 2.899203899999999723e-01 1.938050500000000065e-01 3.997636419999999746e-01 2.628325320000000076e-01 4.162610920000000547e-01 1.923343799999999715e-01 2.154191960000000350e-01 2.427247720000000053e-01 2.502235500000000168e-01 2.452477419999999630e-01 2.894010519999999920e-01 1.791478440000000005e-01 0.000000000000000000e+00 3.146931700000000776e-01 4.584438640000000342e-01 3.415895520000000185e-01 5.523869500000000432e-01 6.151285759999999270e-01 2.288720019999999911e-01 2.655737799999999815e-01
2.617407099999999875e-01 2.118744359999999993e-01 2.936929679999999987e-01 3.160666099999999701e-01 2.383341900000000013e-01 2.418245740000000144e-01 2.462550699999999926e-01 2.906260999999999428e-01 2.787355199999999589e-01 2.157607140000000201e-01 2.820144199999999879e-01 2.804287980000000347e-01 2.523731020000000158e-01 3.422379999999999312e-01 3.146931700000000776e-01 0.000000000000000000e+00 2.847661679999999862e-01 3.725837399999999966e-01 4.862729220000000518e-01 2.678901980000000238e-01 2.563177300000000214e-01 2.846824799999999600e-01
2.231600639999999913e-01 3.464709980000000300e-01 2.493306259999999719e-01 2.682712500000000166e-01 3.287596419999999631e-01 2.026914900000000019e-01 2.921687560000000294e-01 2.492276560000000474e-01 2.322873400000000088e-01 2.451388080000000136e-01 2.342345040000000100e-01 2.417973240000000357e-01 2.422942960000000201e-01 2.512700779999999523e-01 4.584438640000000342e-01 2.847661679999999862e-01 0.000000000000000000e+00 1.495922100000000032e-01 8.465524820000001061e-01 3.367956779999999872e-01 2.267616799999999933e-01 2.716389019999999599e-01
2.384631800000000246e-01 2.664672019999999586e-01 2.174195160000000349e-01 2.852728119999999867e-01 2.083743899999999927e-01 2.499787379999999781e-01 2.942146159999999844e-01 2.689062520000000123e-01 3.660333100000000006e-01 2.166912379999999805e-01 2.589999420000000385e-01 3.049236579999999863e-01 2.311427479999999812e-01 2.770620220000000189e-01 3.415895520000000185e-01 3.725837399999999966e-01 1.495922100000000032e-01 0.000000000000000000e+00 1.786554800000000331e-01 6.732105240000000324e-01 2.265590480000000129e-01 2.273515819999999965e-01
2.792184279999999630e-01 3.097531720000000210e-01 2.657532999999999701e-01 2.932873220000000170e-01 2.775314080000000350e-01 1.960504799999999992e-01 4.016468780000000405e-01 2.095786500000000052e-01 2.654018419999999989e-01 2.266160880000000211e-01 2.575823259999999726e-01 2.473700739999999954e-01 2.848230039999999907e-01 2.646345479999999695e-01 5.523869500000000432e-01 4.862729220000000518e-01 8.465524820000001061e-01 1.786554800000000331e-01 0.000000000000000000e+00 3.852402240000000200e-01 2.842967339999999954e-01 2.455082899999999901e-01
2.413204219999999511e-01 2.900298319999999874e-01 2.548395239999999839e-01 2.635747539999999667e-01 2.126860999999999891e-01 3.586545140000000353e-01 3.615469799999999623e-01 2.536569459999999943e-01 3.222736959999999984e-01 1.301306300000000249e-01 1.921936320000000031e-01 3.022076180000000667e-01 2.034770620000000141e-01 2.725846740000000268e-01 6.151285759999999270e-01 2.678901980000000238e-01 3.367956779999999872e-01 6.732105240000000324e-01 3.852402240000000200e-01 0.000000000000000000e+00 1.781194580000000083e-01 2.563388919999999849e-01
3.121391300000000424e-01 1.563584060000000053e-01 8.487009660000000011e-01 2.457587019999999955e-01 2.925235980000000513e-01 2.404938219999999960e-01 5.013571939999998950e-01 2.089938219999999958e-01 3.914433320000000327e-01 6.764864499999999614e-01 8.751297260000001632e-01 2.755096839999999769e-01 8.515409420000000784e-01 2.760510939999999414e-01 2.288720019999999911e-01 2.563177300000000214e-01 2.267616799999999933e-01 2.265590480000000129e-01 2.842967339999999954e-01 1.781194580000000083e-01 0.000000000000000000e+00 4.509338599999999642e-01
2.375788500000000081e-01 2.298364219999999847e-01 4.666747159999999894e-01 5.554358840000001019e-01 2.656009099999999679e-01 2.864652060000000278e-01 4.517050860000000334e-01 6.315654599999999119e-01 3.462695159999999994e-01 4.181078399999999529e-01 4.946191800000000471e-01 5.513603700000000440e-01 5.076435240000000126e-01 4.107816859999999792e-01 2.655737799999999815e-01 2.846824799999999600e-01 2.716389019999999599e-01 2.273515819999999965e-01 2.455082899999999901e-01 2.563388919999999849e-01 4.509338599999999642e-01 0.000000000000000000e+00
