0.000000000000000000e+00 2.420446479999999734e-01 2.413384660000000292e-01 3.488751700000000122e-01 3.011233739999999992e-01 7.513369879999999279e-01 1.597573260000000051e-01 2.432961280000000281e-01 1.990721839999999854e-01 2.324892699999999979e-01 1.516735840000000279e-01 1.483261379999999963e-01 2.238307059999999904e-01 2.632199339999999887e-01 1.917295639999999912e-01 3.106504359999999743e-01 2.630943339999999853e-01 3.293794280000000296e-01 2.732144459999999997e-01 3.001913379999999743e-01 2.034398740000000205e-01 2.745805080000000009e-01
2.420446479999999734e-01 0.000000000000000000e+00 2.970012880000000299e-01 2.508469979999999877e-01 6.186034419999999479e-01 1.510284179999999976e-01 1.974522640000000162e-01 2.141664399999999857e-01 2.433377440000000225e-01 1.726604500000000209e-01 2.119268659999999915e-01 1.802215000000000067e-01 2.029047920000000005e-01 3.251056580000000196e-01 2.974858680000000422e-01 2.327318540000000158e-01 2.176242300000000296e-01 2.705729080000000009e-01 2.232184940000000173e-01 2.795207919999999624e-01 2.521834039999999999e-01 2.658969800000000050e-01
2.413384660000000292e-01 2.970012880000000299e-01 0.000000000000000000e+00 1.485036700000000043e-01 2.702655239999999792e-01 2.647971000000000075e-01 5.412137039999999066e-01 2.223027260000000338e-01 2.807061780000000284e-01 5.429107739999999849e-01 7.881966240000000123e-01 2.120964200000000077e-01 7.111075980000000074e-01 3.160240140000000197e-01 2.392417640000000234e-01 1.802067059999999943e-01 2.871136060000000212e-01 2.632073940000000389e-01 2.229842080000000171e-01 3.286567699999999870e-01 7.269821579999999894e-01 5.017948460000000166e-01
3.488751700000000122e-01 2.508469979999999877e-01 1.485036700000000043e-01 0.000000000000000000e+00 3.018040680000000364e-01 3.966324019999999950e-01 2.266106880000000046e-01 6.025203539999999247e-01 4.838783700000000576e-01 2.810357119999999931e-01 1.524761060000000001e-01 6.229973840000000429e-01 6.458703600000000045e-02 4.915591939999999771e-01 2.908329259999999916e-01 3.270942459999999774e-01 4.276157899999999401e-01 2.437507859999999693e-01 4.338463739999999791e-01 2.844725040000000149e-01 9.657553800000000244e-02 4.546613040000000439e-01
3.011233739999999992e-01 6.186034419999999479e-01 2.702655239999999792e-01 3.018040680000000364e-01 0.000000000000000000e+00 2.532405819999999919e-01 1.442431039999999831e-01 2.365305919999999840e-01 2.745647439999999717e-01 1.185518499999999864e-01 1.953404360000000062e-01 2.629022579999999998e-01 1.810495640000000239e-01 3.488244260000000208e-01 2.201509859999999930e-01 2.045822499999999933e-01 1.191991139999999810e-01 2.012608080000000133e-01 1.569931079999999923e-01 1.863415380000000010e-01 1.774879639999999981e-01 2.435805839999999889e-01
7.513369879999999279e-01 1.510284179999999976e-01 2.647971000000000075e-01 3.966324019999999950e-01 2.532405819999999919e-01 0.000000000000000000e+00 2.216287900000000199e-01 2.946366380000000063e-01 2.850139320000000254e-01 2.874023239999999868e-01 2.248709120000000061e-01 2.028918319999999942e-01 1.993784380000000189e-01 2.920263840000000277e-01 2.211247379999999596e-01 2.717299779999999831e-01 2.255929980000000445e-01 2.120286339999999936e-01 2.340789860000000167e-01 2.535915119999999634e-01 2.032274500000000317e-01 3.294028580000000206e-01
1.597573260000000051e-01 1.974522640000000162e-01 5.412137039999999066e-01 2.266106880000000046e-01 1.442431039999999831e-01 2.216287900000000199e-01 0.000000000000000000e+00 3.552818999999999838e-01 3.267969179999999918e-01 4.649910019999999866e-01 5.328657039999999956e-01 2.674093000000000164e-01 4.559635860000000318e-01 3.508831379999999833e-01 5.050325820000000077e-01 2.316282140000000267e-01 3.500654599999999950e-01 3.818718400000000179e-01 3.415125819999999535e-01 4.753220240000000096e-01 4.811526159999999774e-01 4.570471400000000739e-01
2.432961280000000281e-01 2.141664399999999857e-01 2.223027260000000338e-01 6.025203539999999247e-01 2.365305919999999840e-01 2.946366380000000063e-01 3.552818999999999838e-01 0.000000000000000000e+00 3.888997360000000514e-01 2.899047880000000244e-01 2.799395320000000464e-01 6.377162859999999656e-01 2.530355379999999488e-01 3.901913220000000626e-01 3.523656620000000239e-01 4.385640659999999746e-01 4.619163059999999987e-01 2.782406060000000014e-01 4.846221240000000430e-01 3.220685600000000592e-01 2.876408300000000140e-01 4.312223299999999315e-01
1.990721839999999854e-01 2.433377440000000225e-01 2.807061780000000284e-01 4.838783700000000576e-01 2.745647439999999717e-01 2.850139320000000254e-01 3.267969179999999918e-01 3.888997360000000514e-01 0.000000000000000000e+00 4.466073019999999838e-01 3.606939200000000012e-01 5.591461900000000984e-01 3.010395299999999996e-01 3.331624840000000365e-01 3.072598359999999529e-01 2.021221740000000155e-01 4.175538999999999779e-01 2.080547919999999884e-01 3.151789999999999869e-01 3.226082439999999885e-01 2.613035160000000134e-01 2.518120240000000232e-01
2.324892699999999979e-01 1.726604500000000209e-01 5.429107739999999849e-01 2.810357119999999931e-01 1.185518499999999864e-01 2.874023239999999868e-01 4.649910019999999866e-01 2.899047880000000244e-01 4.466073019999999838e-01 0.000000000000000000e+00 6.352500659999998911e-01 3.600574639999999382e-01 5.616263179999999577e-01 2.619115140000000119e-01 1.220437139999999976e-01 3.408606859999999683e-01 2.944562820000000136e-01 2.877129840000000049e-01 3.393964339999999691e-01 2.845051080000000066e-01 6.013116560000001387e-01 2.620003499999999930e-01
1.516735840000000279e-01 2.119268659999999915e-01 7.881966240000000123e-01 1.524761060000000001e-01 1.953404360000000062e-01 2.248709120000000061e-01 5.328657039999999956e-01 2.799395320000000464e-01 3.606939200000000012e-01 6.352500659999998911e-01 0.000000000000000000e+00 2.477978460000000160e-01 7.940628100000000078e-01 2.245049259999999935e-01 2.491410900000000095e-01 2.348001359999999926e-01 2.963210960000000060e-01 3.310747799999999574e-01 2.418021160000000391e-01 3.414470980000000044e-01 7.589816980000001490e-01 3.893448359999999719e-01
1.483261379999999963e-01 1.802215000000000067e-01 2.120964200000000077e-01 6.229973840000000429e-01 2.629022579999999998e-01 2.028918319999999942e-01 2.674093000000000164e-01 6.377162859999999656e-01 5.591461900000000984e-01 3.600574639999999382e-01 2.477978460000000160e-01 0.000000000000000000e+00 1.974149199999999937e-01 4.225735780000000053e-01 2.295131540000000248e-01 3.020289260000000309e-01 4.101685059999999328e-01 2.628063459999999685e-01 3.285319580000000128e-01 2.250584200000000090e-01 2.008609859999999914e-01 3.474432880000000168e-01
2.238307059999999904e-01 2.029047920000000005e-01 7.111075980000000074e-01 6.458703600000000045e-02 1.810495640000000239e-01 1.993784380000000189e-01 4.559635860000000318e-01 2.530355379999999488e-01 3.010395299999999996e-01 5.616263179999999577e-01 7.940628100000000078e-01 1.974149199999999937e-01 0.000000000000000000e+00 3.271832339999999895e-01 2.733028339999999945e-01 2.562646339999999912e-01 3.126527620000000285e-01 2.893132040000000460e-01 2.719723959999999496e-01 3.770781380000000071e-01 8.187959939999999159e-01 3.237516219999999612e-01
2.632199339999999887e-01 3.251056580000000196e-01 3.160240140000000197e-01 4.915591939999999771e-01 3.488244260000000208e-01 2.920263840000000277e-01 3.508831379999999833e-01 3.901913220000000626e-01 3.331624840000000365e-01 2.619115140000000119e-01 2.245049259999999935e-01 4.225735780000000053e-01 3.271832339999999895e-01 0.000000000000000000e+00 3.642648980000000036e-01 1.776192940000000109e-01 2.028194959999999880e-01 2.758096839999999994e-01 2.056149300000000013e-01 3.346789680000000211e-01 3.693329420000000529e-01 4.694242120000000074e-01
1.917295639999999912e-01 2.974858680000000422e-01 2.392417640000000234e-01 2.908329259999999916e-01 2.201509859999999930e-01 2.211247379999999596e-01 5.050325820000000077e-01 3.523656620000000239e-01 3.072598359999999529e-01 1.220437139999999976e-01 2.491410900000000095e-01 2.295131540000000248e-01 2.733028339999999945e-01 3.642648980000000036e-01 0.000000000000000000e+00 2.631802920000000379e-01 3.567479339999999333e-01 3.739454339999999655e-01 2.905188479999999407e-01 6.134221020000000246e-01 3.087501420000000052e-01 2.889579379999999698e-01
3.106504359999999743e-01 2.327318540000000158e-01 1.802067059999999943e-01 3.270942459999999774e-01 2.045822499999999933e-01 2.717299779999999831e-01 2.316282140000000267e-01 4.385640659999999746e-01 2.021221740000000155e-01 3.408606859999999683e-01 2.348001359999999926e-01 3.020289260000000309e-01 2.562646339999999912e-01 1.776192940000000109e-01 2.631802920000000379e-01 0.000000000000000000e+00 4.897224819999999035e-01 2.542269920000000405e-01 6.443508860000000116e-01 2.863129160000000284e-01 2.802748059999999874e-01 3.036030600000000357e-01
2.630943339999999853e-01 2.176242300000000296e-01 2.871136060000000212e-01 4.276157899999999401e-01 1.191991139999999810e-01 2.255929980000000445e-01 3.500654599999999950e-01 4.619163059999999987e-01 4.175538999999999779e-01 2.944562820000000136e-01 2.963210960000000060e-01 4.101685059999999328e-01 3.126527620000000285e-01 2.028194959999999880e-01 3.567479339999999333e-01 4.897224819999999035e-01 0.000000000000000000e+00 2.080236679999999949e-01 8.589543699999999671e-01 2.788731240000000278e-01 2.755388480000000029e-01 2.094226899999999669e-01
3.293794280000000296e-01 2.705729080000000009e-01 2.632073940000000389e-01 2.437507859999999693e-01 2.012608080000000133e-01 2.120286339999999936e-01 3.818718400000000179e-01 2.782406060000000014e-01 2.080547919999999884e-01 2.877129840000000049e-01 3.310747799999999574e-01 2.628063459999999685e-01 2.893132040000000460e-01 2.758096839999999994e-01 3.739454339999999655e-01 2.542269920000000405e-01 2.080236679999999949e-01 0.000000000000000000e+00 1.886074999999999835e-01 7.512973600000000252e-01 3.067545139999999781e-01 2.183637820000000063e-01
2.732144459999999997e-01 2.232184940000000173e-01 2.229842080000000171e-01 4.338463739999999791e-01 1.569931079999999923e-01 2.340789860000000167e-01 3.415125819999999535e-01 4.846221240000000430e-01 3.151789999999999869e-01 3.393964339999999691e-01 2.418021160000000391e-01 3.285319580000000128e-01 2.719723959999999496e-01 2.056149300000000013e-01 2.905188479999999407e-01 6.443508860000000116e-01 8.589543699999999671e-01 1.886074999999999835e-01 0.000000000000000000e+00 2.201389199999999879e-01 2.549457540000000244e-01 2.718011939999999682e-01
3.001913379999999743e-01 2.795207919999999624e-01 3.286567699999999870e-01 2.844725040000000149e-01 1.863415380000000010e-01 2.535915119999999634e-01 4.753220240000000096e-01 3.220685600000000592e-01 3.226082439999999885e-01 2.845051080000000066e-01 3.414470980000000044e-01 2.250584200000000090e-01 3.770781380000000071e-01 3.346789680000000211e-01 6.134221020000000246e-01 2.863129160000000284e-01 2.788731240000000278e-01 7.512973600000000252e-01 2.201389199999999879e-01 0.000000000000000000e+00 4.180318520000000371e-01 3.287026399999999904e-01
2.034398740000000205e-01 2.521834039999999999e-01 7.269821579999999894e-01 9.657553800000000244e-02 1.774879639999999981e-01 2.032274500000000317e-01 4.811526159999999774e-01 2.876408300000000140e-01 2.613035160000000134e-01 6.013116560000001387e-01 7.589816980000001490e-01 2.008609859999999914e-01 8.187959939999999159e-01 3.693329420000000529e-01 3.087501420000000052e-01 2.802748059999999874e-01 2.755388480000000029e-01 3.067545139999999781e-01 2.549457540000000244e-01 4.180318520000000371e-01 0.000000000000000000e+00 3.999427260000000262e-01
2.745805080000000009e-01 2.658969800000000050e-01 5.017948460000000166e-01 4.546613040000000439e-01 2.435805839999999889e-01 3.294028580000000206e-01 4.570471400000000739e-01 4.312223299999999315e-01 2.518120240000000232e-01 2.620003499999999930e-01 3.893448359999999719e-01 3.474432880000000168e-01 3.237516219999999612e-01 4.694242120000000074e-01 2.889579379999999698e-01 3.036030600000000357e-01 2.094226899999999669e-01 2.183637820000000063e-01 2.718011939999999682e-01 3.287026399999999904e-01 3.999427260000000262e-01 0.000000000000000000e+00
