0.000000000000000000e+00 9.705433379999999222e-01 4.673828140000000353e-01 6.443564299999999800e-01 9.413666400000000323e-01 9.637402280000000321e-01 1.036705680000000046e-01 9.391128199999999870e-02 2.020744060000000120e-01 2.462371320000000252e-01 1.487729700000000321e-01 1.728436499999999876e-01 3.422535999999999912e-01 1.545636320000000341e-01 9.980081600000000053e-02 9.915912999999999811e-02 1.008163660000000184e-01 9.659506399999998050e-02 9.732512000000000107e-02 9.753476200000001095e-02 2.647283500000000012e-01 3.022562220000000188e-01
9.705433379999999222e-01 0.000000000000000000e+00 4.559272039999999748e-01 6.204898260000000221e-01 9.578857779999999655e-01 9.822595020000000066e-01 9.327614199999999245e-02 9.242978599999999989e-02 1.888157139999999956e-01 2.278366759999999880e-01 1.314485099999999906e-01 1.552563379999999937e-01 3.559390660000000262e-01 1.779853499999999866e-01 9.196214999999999251e-02 9.738847200000001758e-02 9.017271200000000209e-02 9.773998200000000303e-02 8.951765200000001699e-02 9.855922599999999978e-02 2.766992840000000453e-01 3.096792760000000588e-01
4.673828140000000353e-01 4.559272039999999748e-01 0.000000000000000000e+00 5.780311679999999841e-01 4.279661959999999654e-01 4.361674279999999682e-01 6.350187019999999904e-01 6.285252160000001087e-01 5.089885499999999841e-01 1.371686139999999943e-01 5.600920759999998833e-01 2.323951999999999685e-01 2.562691659999999927e-01 3.202410260000000397e-01 6.299625399999999598e-01 6.338120780000000565e-01 6.374673960000000195e-01 6.368281700000000267e-01 6.348832100000001422e-01 6.349992499999999040e-01 2.749044020000000477e-01 1.337675859999999939e-01
6.443564299999999800e-01 6.204898260000000221e-01 5.780311679999999841e-01 0.000000000000000000e+00 5.736395539999999960e-01 6.199544379999999411e-01 3.729783140000000330e-01 3.898169040000000196e-01 1.705438579999999926e-01 1.880707940000000133e-01 1.685380700000000120e-01 1.802703880000000036e-01 3.335665859999999983e-01 2.347051679999999918e-01 3.751965959999999933e-01 3.819503819999999772e-01 3.817444700000000024e-01 3.870538040000000013e-01 3.770393539999999932e-01 3.844329519999999389e-01 4.318347619999999831e-01 4.011352340000000072e-01
9.413666400000000323e-01 9.578857779999999655e-01 4.279661959999999654e-01 5.736395539999999960e-01 0.000000000000000000e+00 9.388514900000000107e-01 7.343263799999998065e-02 9.165136599999998412e-02 1.839055039999999974e-01 2.170426539999999738e-01 1.211518900000000121e-01 1.609918959999999954e-01 3.675017800000000556e-01 1.665153279999999625e-01 7.706151199999999868e-02 8.568923799999998703e-02 7.241582399999998976e-02 9.663492200000001198e-02 7.391071400000000235e-02 9.513825000000000753e-02 2.818077680000000140e-01 2.840264100000000069e-01
9.637402280000000321e-01 9.822595020000000066e-01 4.361674279999999682e-01 6.199544379999999411e-01 9.388514900000000107e-01 0.000000000000000000e+00 7.849873599999998564e-02 9.107882600000000162e-02 1.799305880000000024e-01 2.438482760000000305e-01 1.412638079999999907e-01 1.600267539999999933e-01 3.552901920000000047e-01 1.829691439999999725e-01 8.552348400000001072e-02 9.428705400000000902e-02 8.354051799999999417e-02 9.795934400000000375e-02 8.383243199999999840e-02 9.774098000000000508e-02 2.957940439999999782e-01 3.241980600000000101e-01
1.036705680000000046e-01 9.327614199999999245e-02 6.350187019999999904e-01 3.729783140000000330e-01 7.343263799999998065e-02 7.849873599999998564e-02 0.000000000000000000e+00 9.707474179999999730e-01 4.310124820000000301e-01 1.835782460000000005e-01 5.055087600000000014e-01 3.267116860000000012e-01 5.086691740000000017e-01 4.160801680000000280e-01 9.900873900000000116e-01 9.744454659999999269e-01 9.877500160000000085e-01 9.650601219999999092e-01 9.882395240000001468e-01 9.766578160000000119e-01 4.848847260000000436e-01 1.819819540000000291e-01
9.391128199999999870e-02 9.242978599999999989e-02 6.285252160000001087e-01 3.898169040000000196e-01 9.165136599999998412e-02 9.107882600000000162e-02 9.707474179999999730e-01 0.000000000000000000e+00 4.188628660000000004e-01 1.511212979999999872e-01 5.086498980000000447e-01 3.176752399999999699e-01 5.458774480000000429e-01 4.393095079999999042e-01 9.754226540000001666e-01 9.826839140000001027e-01 9.771418799999999072e-01 9.745047960000000620e-01 9.812484460000000519e-01 9.813648619999998379e-01 5.194194880000000403e-01 2.189857860000000156e-01
2.020744060000000120e-01 1.888157139999999956e-01 5.089885499999999841e-01 1.705438579999999926e-01 1.839055039999999974e-01 1.799305880000000024e-01 4.310124820000000301e-01 4.188628660000000004e-01 0.000000000000000000e+00 3.172335219999999900e-01 7.906680820000000498e-01 2.443207900000000099e-01 1.604100199999999865e-01 2.089713740000000153e-01 4.423674919999999733e-01 4.581268239999999881e-01 4.486649200000000226e-01 4.600691919999999047e-01 4.490893660000000454e-01 4.547477179999999675e-01 2.059855520000000162e-01 3.389695959999999841e-01
2.462371320000000252e-01 2.278366759999999880e-01 1.371686139999999943e-01 1.880707940000000133e-01 2.170426539999999738e-01 2.438482760000000305e-01 1.835782460000000005e-01 1.511212979999999872e-01 3.172335219999999900e-01 0.000000000000000000e+00 2.504700220000000144e-01 7.717224140000000787e-01 2.933521719999999666e-01 5.610169560000001221e-01 1.788625799999999932e-01 1.606714300000000040e-01 1.721792799999999901e-01 1.529081760000000068e-01 1.721612880000000234e-01 1.600041779999999969e-01 3.520196999999999909e-01 4.368291359999999512e-01
1.487729700000000321e-01 1.314485099999999906e-01 5.600920759999998833e-01 1.685380700000000120e-01 1.211518900000000121e-01 1.412638079999999907e-01 5.055087600000000014e-01 5.086498980000000447e-01 7.906680820000000498e-01 2.504700220000000144e-01 0.000000000000000000e+00 1.635338420000000126e-01 2.201596480000000133e-01 2.581426779999999588e-01 5.141359779999999935e-01 5.368280939999999779e-01 5.213500520000000638e-01 5.498599520000000407e-01 5.242245779999998856e-01 5.437509879999999907e-01 2.790790220000000099e-01 3.258530660000000245e-01
1.728436499999999876e-01 1.552563379999999937e-01 2.323951999999999685e-01 1.802703880000000036e-01 1.609918959999999954e-01 1.600267539999999933e-01 3.267116860000000012e-01 3.176752399999999699e-01 2.443207900000000099e-01 7.717224140000000787e-01 1.635338420000000126e-01 0.000000000000000000e+00 3.693358840000000032e-01 8.172443719999999967e-01 2.996513379999999893e-01 3.056841059999999555e-01 2.956558799999999820e-01 2.881642420000000149e-01 2.983483200000000002e-01 2.972017759999999731e-01 4.285889639999999612e-01 3.604761500000000507e-01
3.422535999999999912e-01 3.559390660000000262e-01 2.562691659999999927e-01 3.335665859999999983e-01 3.675017800000000556e-01 3.552901920000000047e-01 5.086691740000000017e-01 5.458774480000000429e-01 1.604100199999999865e-01 2.933521719999999666e-01 2.201596480000000133e-01 3.693358840000000032e-01 0.000000000000000000e+00 3.783379679999999690e-01 5.156283540000000665e-01 5.162068659999999864e-01 5.141763360000000116e-01 5.269227880000000308e-01 5.156788079999999885e-01 5.284351019999999899e-01 8.488464359999999820e-01 6.714332720000000254e-01
1.545636320000000341e-01 1.779853499999999866e-01 3.202410260000000397e-01 2.347051679999999918e-01 1.665153279999999625e-01 1.829691439999999725e-01 4.160801680000000280e-01 4.393095079999999042e-01 2.089713740000000153e-01 5.610169560000001221e-01 2.581426779999999588e-01 8.172443719999999967e-01 3.783379679999999690e-01 0.000000000000000000e+00 4.038275239999999933e-01 4.435509979999999741e-01 4.048309979999999975e-01 4.419021400000001099e-01 4.112920379999999154e-01 4.414829900000000196e-01 4.505817340000000115e-01 2.746948319999999999e-01
9.980081600000000053e-02 9.196214999999999251e-02 6.299625399999999598e-01 3.751965959999999933e-01 7.706151199999999868e-02 8.552348400000001072e-02 9.900873900000000116e-01 9.754226540000001666e-01 4.423674919999999733e-01 1.788625799999999932e-01 5.141359779999999935e-01 2.996513379999999893e-01 5.156283540000000665e-01 4.038275239999999933e-01 0.000000000000000000e+00 9.813374299999999550e-01 9.963553680000000190e-01 9.702349239999999986e-01 9.969657640000001431e-01 9.822949939999998659e-01 4.898430280000000137e-01 1.873758580000000062e-01
9.915912999999999811e-02 9.738847200000001758e-02 6.338120780000000565e-01 3.819503819999999772e-01 8.568923799999998703e-02 9.428705400000000902e-02 9.744454659999999269e-01 9.826839140000001027e-01 4.581268239999999881e-01 1.606714300000000040e-01 5.368280939999999779e-01 3.056841059999999555e-01 5.162068659999999864e-01 4.435509979999999741e-01 9.813374299999999550e-01 0.000000000000000000e+00 9.803932319999999478e-01 9.948747620000000236e-01 9.859427200000000502e-01 9.975077580000000221e-01 4.889973339999998947e-01 1.865213440000000333e-01
1.008163660000000184e-01 9.017271200000000209e-02 6.374673960000000195e-01 3.817444700000000024e-01 7.241582399999998976e-02 8.354051799999999417e-02 9.877500160000000085e-01 9.771418799999999072e-01 4.486649200000000226e-01 1.721792799999999901e-01 5.213500520000000638e-01 2.956558799999999820e-01 5.141763360000000116e-01 4.048309979999999975e-01 9.963553680000000190e-01 9.803932319999999478e-01 0.000000000000000000e+00 9.699824839999999782e-01 9.986014940000000895e-01 9.810253540000000161e-01 4.920294459999999814e-01 1.868598019999999915e-01
9.659506399999998050e-02 9.773998200000000303e-02 6.368281700000000267e-01 3.870538040000000013e-01 9.663492200000001198e-02 9.795934400000000375e-02 9.650601219999999092e-01 9.745047960000000620e-01 4.600691919999999047e-01 1.529081760000000068e-01 5.498599520000000407e-01 2.881642420000000149e-01 5.269227880000000308e-01 4.419021400000001099e-01 9.702349239999999986e-01 9.948747620000000236e-01 9.699824839999999782e-01 0.000000000000000000e+00 9.753587080000001297e-01 9.971425719999998938e-01 4.995193660000000202e-01 2.044868339999999785e-01
9.732512000000000107e-02 8.951765200000001699e-02 6.348832100000001422e-01 3.770393539999999932e-01 7.391071400000000235e-02 8.383243199999999840e-02 9.882395240000001468e-01 9.812484460000000519e-01 4.490893660000000454e-01 1.721612880000000234e-01 5.242245779999998856e-01 2.983483200000000002e-01 5.156788079999999885e-01 4.112920379999999154e-01 9.969657640000001431e-01 9.859427200000000502e-01 9.986014940000000895e-01 9.753587080000001297e-01 0.000000000000000000e+00 9.854891739999999123e-01 4.909890840000000756e-01 1.860655439999999994e-01
9.753476200000001095e-02 9.855922599999999978e-02 6.349992499999999040e-01 3.844329519999999389e-01 9.513825000000000753e-02 9.774098000000000508e-02 9.766578160000000119e-01 9.813648619999998379e-01 4.547477179999999675e-01 1.600041779999999969e-01 5.437509879999999907e-01 2.972017759999999731e-01 5.284351019999999899e-01 4.414829900000000196e-01 9.822949939999998659e-01 9.975077580000000221e-01 9.810253540000000161e-01 9.971425719999998938e-01 9.854891739999999123e-01 0.000000000000000000e+00 5.010154319999999828e-01 2.011247040000000152e-01
2.647283500000000012e-01 2.766992840000000453e-01 2.749044020000000477e-01 4.318347619999999831e-01 2.818077680000000140e-01 2.957940439999999782e-01 4.848847260000000436e-01 5.194194880000000403e-01 2.059855520000000162e-01 3.520196999999999909e-01 2.790790220000000099e-01 4.285889639999999612e-01 8.488464359999999820e-01 4.505817340000000115e-01 4.898430280000000137e-01 4.889973339999998947e-01 4.920294459999999814e-01 4.995193660000000202e-01 4.909890840000000756e-01 5.010154319999999828e-01 0.000000000000000000e+00 7.882749340000000382e-01
3.022562220000000188e-01 3.096792760000000588e-01 1.337675859999999939e-01 4.011352340000000072e-01 2.840264100000000069e-01 3.241980600000000101e-01 1.819819540000000291e-01 2.189857860000000156e-01 3.389695959999999841e-01 4.368291359999999512e-01 3.258530660000000245e-01 3.604761500000000507e-01 6.714332720000000254e-01 2.746948319999999999e-01 1.873758580000000062e-01 1.865213440000000333e-01 1.868598019999999915e-01 2.044868339999999785e-01 1.860655439999999994e-01 2.011247040000000152e-01 7.882749340000000382e-01 0.000000000000000000e+00
