0.000000000000000000e+00 6.612695600000000340e-01 4.759273239999999849e-01 5.005699279999999973e-01 7.064371959999998785e-01 8.839133040000000108e-01 9.679625999999999508e-02 7.351625200000000415e-02 1.507490539999999934e-01 1.272664700000000204e-01 1.409388799999999886e-01 1.144976060000000018e-01 1.255910600000000044e-01 1.179679580000000116e-01 8.459286600000000267e-02 6.304226199999998781e-02 8.622907000000000488e-02 1.186749299999999979e-01 7.911254000000000897e-02 1.358411800000000058e-01 1.519508300000000089e-01 1.766910440000000193e-01
6.612695600000000340e-01 0.000000000000000000e+00 5.113203680000000251e-01 4.136797239999999709e-01 8.473884919999999932e-01 6.411624339999999478e-01 1.119388460000000085e-01 7.525516000000001537e-02 1.427669619999999973e-01 1.086206100000000063e-01 1.293888579999999955e-01 1.075707840000000026e-01 9.771806800000001902e-02 1.099177239999999944e-01 8.823997199999999985e-02 9.378750399999999376e-02 6.835270800000001201e-02 1.156115620000000010e-01 6.447633999999999310e-02 9.305199599999999793e-02 1.593739040000000107e-01 1.575505680000000019e-01
4.759273239999999849e-01 5.113203680000000251e-01 0.000000000000000000e+00 5.499943080000000428e-01 5.343856820000000285e-01 4.652600339999999335e-01 4.294169879999999995e-01 3.052527240000000308e-01 5.483078279999999971e-01 4.483907860000000412e-01 6.347743579999999275e-01 3.090159259999999963e-01 6.063995020000000347e-01 2.971985000000000321e-01 2.112802520000000295e-01 9.623702599999998941e-02 1.480238720000000008e-01 1.385818999999999801e-01 1.480518799999999968e-01 2.621675840000000091e-01 6.378884200000000115e-01 5.644211420000000423e-01
5.005699279999999973e-01 4.136797239999999709e-01 5.499943080000000428e-01 0.000000000000000000e+00 4.573223000000000704e-01 4.774731740000000002e-01 3.270024360000000074e-01 4.840394619999999759e-01 4.880379200000000139e-01 5.651832380000000322e-01 3.421810359999999940e-01 6.030307480000000053e-01 3.488231979999999455e-01 5.772176299999999260e-01 1.341235739999999954e-01 1.452757060000000044e-01 9.780545199999998718e-02 1.302409999999999957e-01 1.017125320000000083e-01 2.583071339999999938e-01 4.510617579999999793e-01 5.739472940000001078e-01
7.064371959999998785e-01 8.473884919999999932e-01 5.343856820000000285e-01 4.573223000000000704e-01 0.000000000000000000e+00 7.131375939999999858e-01 1.197294740000000024e-01 7.802736400000000183e-02 1.621367539999999940e-01 1.339511219999999780e-01 1.525133479999999930e-01 1.115791459999999902e-01 1.248776920000000124e-01 1.229593619999999887e-01 6.136834999999999513e-02 7.848252000000000006e-02 8.294886799999999505e-02 1.301790459999999927e-01 6.214473999999999693e-02 1.243859260000000078e-01 1.755838499999999580e-01 1.670927900000000188e-01
8.839133040000000108e-01 6.411624339999999478e-01 4.652600339999999335e-01 4.774731740000000002e-01 7.131375939999999858e-01 0.000000000000000000e+00 8.870950199999998176e-02 6.317645599999999195e-02 1.237504380000000043e-01 1.094716599999999984e-01 1.376131899999999963e-01 1.047385839999999957e-01 1.210990740000000149e-01 1.042092440000000064e-01 9.079543800000000608e-02 5.976774199999999176e-02 7.943629400000000451e-02 1.361763460000000037e-01 7.183593200000000512e-02 1.440593880000000104e-01 1.315848159999999933e-01 1.530919439999999798e-01
9.679625999999999508e-02 1.119388460000000085e-01 4.294169879999999995e-01 3.270024360000000074e-01 1.197294740000000024e-01 8.870950199999998176e-02 0.000000000000000000e+00 5.124366040000000178e-01 4.810210159999999679e-01 4.353725920000000582e-01 5.005390720000000293e-01 3.013306500000000332e-01 4.632582419999999312e-01 2.892508179999999651e-01 5.314827899999999827e-01 3.175882760000000582e-01 1.635635779999999873e-01 1.595224040000000065e-01 1.790066299999999999e-01 4.531562540000000361e-01 4.745395840000000698e-01 4.741146879999999508e-01
7.351625200000000415e-02 7.525516000000001537e-02 3.052527240000000308e-01 4.840394619999999759e-01 7.802736400000000183e-02 6.317645599999999195e-02 5.124366040000000178e-01 0.000000000000000000e+00 4.910071219999999625e-01 5.408646520000000013e-01 3.407102579999999881e-01 5.454560839999998967e-01 3.402140400000000509e-01 5.384126599999999874e-01 1.535257700000000058e-01 4.735956799999999633e-01 1.553216099999999988e-01 1.567450300000000074e-01 2.419392180000000392e-01 3.671993020000000607e-01 4.112623880000000343e-01 5.325987720000000536e-01
1.507490539999999934e-01 1.427669619999999973e-01 5.483078279999999971e-01 4.880379200000000139e-01 1.621367539999999940e-01 1.237504380000000043e-01 4.810210159999999679e-01 4.910071219999999625e-01 0.000000000000000000e+00 5.343320320000000123e-01 5.888460840000000474e-01 4.537643000000000093e-01 6.741978260000000001e-01 4.223006360000000070e-01 2.247796099999999631e-01 1.869473499999999844e-01 1.183814460000000013e-01 1.258118460000000050e-01 1.295060080000000058e-01 3.166437260000000142e-01 6.449015559999999869e-01 6.538814479999999207e-01
1.272664700000000204e-01 1.086206100000000063e-01 4.483907860000000412e-01 5.651832380000000322e-01 1.339511219999999780e-01 1.094716599999999984e-01 4.353725920000000582e-01 5.408646520000000013e-01 5.343320320000000123e-01 0.000000000000000000e+00 5.123303720000000894e-01 6.043918939999999296e-01 5.131061900000000175e-01 6.974640419999998953e-01 1.647070599999999885e-01 1.855558280000000060e-01 1.061036759999999940e-01 1.286733240000000056e-01 1.251553539999999964e-01 3.143245440000000390e-01 6.190535939999999293e-01 6.611635960000000756e-01
1.409388799999999886e-01 1.293888579999999955e-01 6.347743579999999275e-01 3.421810359999999940e-01 1.525133479999999930e-01 1.376131899999999963e-01 5.005390720000000293e-01 3.407102579999999881e-01 5.888460840000000474e-01 5.123303720000000894e-01 0.000000000000000000e+00 2.831024140000000244e-01 7.821863100000000513e-01 2.707175099999999390e-01 1.866301659999999862e-01 1.095590919999999968e-01 1.331057539999999928e-01 1.159469999999999945e-01 1.682919239999999816e-01 2.734235660000000068e-01 7.546817299999999396e-01 6.243582440000000622e-01
1.144976060000000018e-01 1.075707840000000026e-01 3.090159259999999963e-01 6.030307480000000053e-01 1.115791459999999902e-01 1.047385839999999957e-01 3.013306500000000332e-01 5.454560839999998967e-01 4.537643000000000093e-01 6.043918939999999296e-01 2.831024140000000244e-01 0.000000000000000000e+00 2.667869199999999830e-01 7.126270299999999391e-01 9.426507800000000215e-02 1.798103920000000133e-01 9.629850599999999206e-02 9.176082399999999084e-02 1.185470580000000107e-01 2.467506399999999933e-01 3.807155059999999258e-01 5.465030520000000447e-01
1.255910600000000044e-01 9.771806800000001902e-02 6.063995020000000347e-01 3.488231979999999455e-01 1.248776920000000124e-01 1.210990740000000149e-01 4.632582419999999312e-01 3.402140400000000509e-01 6.741978260000000001e-01 5.131061900000000175e-01 7.821863100000000513e-01 2.667869199999999830e-01 0.000000000000000000e+00 2.713008419999999865e-01 1.770748119999999981e-01 1.090677699999999806e-01 1.263445160000000178e-01 1.033842300000000075e-01 1.569997260000000061e-01 2.526945379999999686e-01 7.225384879999999788e-01 5.855420999999999543e-01
1.179679580000000116e-01 1.099177239999999944e-01 2.971985000000000321e-01 5.772176299999999260e-01 1.229593619999999887e-01 1.042092440000000064e-01 2.892508179999999651e-01 5.384126599999999874e-01 4.223006360000000070e-01 6.974640419999998953e-01 2.707175099999999390e-01 7.126270299999999391e-01 2.713008419999999865e-01 0.000000000000000000e+00 1.137970179999999998e-01 1.747970260000000220e-01 1.032827020000000040e-01 9.932585199999999226e-02 1.282107759999999985e-01 2.356777260000000318e-01 3.602633059999999499e-01 4.910774019999999962e-01
8.459286600000000267e-02 8.823997199999999985e-02 2.112802520000000295e-01 1.341235739999999954e-01 6.136834999999999513e-02 9.079543800000000608e-02 5.314827899999999827e-01 1.535257700000000058e-01 2.247796099999999631e-01 1.647070599999999885e-01 1.866301659999999862e-01 9.426507800000000215e-02 1.770748119999999981e-01 1.137970179999999998e-01 0.000000000000000000e+00 1.321737519999999777e-01 1.143406000000000144e-01 1.503065240000000247e-01 1.042136460000000070e-01 3.203713480000000002e-01 1.846143079999999770e-01 1.837964160000000180e-01
6.304226199999998781e-02 9.378750399999999376e-02 9.623702599999998941e-02 1.452757060000000044e-01 7.848252000000000006e-02 5.976774199999999176e-02 3.175882760000000582e-01 4.735956799999999633e-01 1.869473499999999844e-01 1.855558280000000060e-01 1.095590919999999968e-01 1.798103920000000133e-01 1.090677699999999806e-01 1.747970260000000220e-01 1.321737519999999777e-01 0.000000000000000000e+00 1.598836819999999992e-01 2.112448139999999752e-01 2.097549059999999910e-01 2.685057640000000356e-01 1.277958600000000111e-01 1.559126599999999807e-01
8.622907000000000488e-02 6.835270800000001201e-02 1.480238720000000008e-01 9.780545199999998718e-02 8.294886799999999505e-02 7.943629400000000451e-02 1.635635779999999873e-01 1.553216099999999988e-01 1.183814460000000013e-01 1.061036759999999940e-01 1.331057539999999928e-01 9.629850599999999206e-02 1.263445160000000178e-01 1.032827020000000040e-01 1.143406000000000144e-01 1.598836819999999992e-01 0.000000000000000000e+00 1.589556799999999881e-01 8.547898079999999288e-01 1.843738060000000012e-01 1.383239340000000095e-01 1.300210820000000100e-01
1.186749299999999979e-01 1.156115620000000010e-01 1.385818999999999801e-01 1.302409999999999957e-01 1.301790459999999927e-01 1.361763460000000037e-01 1.595224040000000065e-01 1.567450300000000074e-01 1.258118460000000050e-01 1.286733240000000056e-01 1.159469999999999945e-01 9.176082399999999084e-02 1.033842300000000075e-01 9.932585199999999226e-02 1.503065240000000247e-01 2.112448139999999752e-01 1.589556799999999881e-01 0.000000000000000000e+00 1.495810200000000090e-01 6.500542659999999362e-01 9.178530600000001094e-02 9.065510800000001201e-02
7.911254000000000897e-02 6.447633999999999310e-02 1.480518799999999968e-01 1.017125320000000083e-01 6.214473999999999693e-02 7.183593200000000512e-02 1.790066299999999999e-01 2.419392180000000392e-01 1.295060080000000058e-01 1.251553539999999964e-01 1.682919239999999816e-01 1.185470580000000107e-01 1.569997260000000061e-01 1.282107759999999985e-01 1.042136460000000070e-01 2.097549059999999910e-01 8.547898079999999288e-01 1.495810200000000090e-01 0.000000000000000000e+00 1.928537800000000024e-01 1.510292799999999880e-01 1.515473459999999994e-01
1.358411800000000058e-01 9.305199599999999793e-02 2.621675840000000091e-01 2.583071339999999938e-01 1.243859260000000078e-01 1.440593880000000104e-01 4.531562540000000361e-01 3.671993020000000607e-01 3.166437260000000142e-01 3.143245440000000390e-01 2.734235660000000068e-01 2.467506399999999933e-01 2.526945379999999686e-01 2.356777260000000318e-01 3.203713480000000002e-01 2.685057640000000356e-01 1.843738060000000012e-01 6.500542659999999362e-01 1.928537800000000024e-01 0.000000000000000000e+00 2.655476680000000145e-01 3.167917619999999768e-01
1.519508300000000089e-01 1.593739040000000107e-01 6.378884200000000115e-01 4.510617579999999793e-01 1.755838499999999580e-01 1.315848159999999933e-01 4.745395840000000698e-01 4.112623880000000343e-01 6.449015559999999869e-01 6.190535939999999293e-01 7.546817299999999396e-01 3.807155059999999258e-01 7.225384879999999788e-01 3.602633059999999499e-01 1.846143079999999770e-01 1.277958600000000111e-01 1.383239340000000095e-01 9.178530600000001094e-02 1.510292799999999880e-01 2.655476680000000145e-01 0.000000000000000000e+00 7.476778060000001114e-01
1.766910440000000193e-01 1.575505680000000019e-01 5.644211420000000423e-01 5.739472940000001078e-01 1.670927900000000188e-01 1.530919439999999798e-01 4.741146879999999508e-01 5.325987720000000536e-01 6.538814479999999207e-01 6.611635960000000756e-01 6.243582440000000622e-01 5.465030520000000447e-01 5.855420999999999543e-01 4.910774019999999962e-01 1.837964160000000180e-01 1.559126599999999807e-01 1.300210820000000100e-01 9.065510800000001201e-02 1.515473459999999994e-01 3.167917619999999768e-01 7.476778060000001114e-01 0.000000000000000000e+00
