0.000000000000000000e+00 2.378695720000000013e-01 8.942771599999999044e-02 4.030290879999999798e-01 2.612713580000000091e-01 6.939024939999999253e-01 6.445750000000000091e-02 6.526108999999999383e-02 9.986043999999999476e-02 7.578183800000000414e-02 9.919710600000000711e-02 1.036269560000000062e-01 8.952643000000000406e-02 9.206994999999999763e-02 8.598052000000000472e-02 6.116412999999999711e-02 7.848918600000000245e-02 7.956872600000000628e-02 8.358793400000000262e-02 8.041328600000000049e-02 9.558218999999999743e-02 5.582808200000000109e-02
2.378695720000000013e-01 0.000000000000000000e+00 1.584773260000000017e-01 1.635735700000000015e-01 6.681878399999999774e-01 1.004354360000000029e-01 5.317054800000000497e-02 4.477944400000000158e-02 7.015383000000000036e-02 1.188596940000000018e-01 1.074110579999999898e-01 1.178409459999999881e-01 1.067773820000000040e-01 1.115260359999999951e-01 6.913129199999999697e-02 6.555224599999999457e-02 6.651369999999999505e-02 9.173423199999999889e-02 6.647353799999998480e-02 7.054081399999999336e-02 1.281868079999999854e-01 1.260223659999999968e-01
8.942771599999999044e-02 1.584773260000000017e-01 0.000000000000000000e+00 1.331716239999999885e-01 2.286917300000000375e-01 1.259209859999999848e-01 1.279169479999999748e-01 1.679792039999999931e-01 1.166544420000000110e-01 1.179605840000000072e-01 4.866926980000000347e-01 9.693409000000000053e-02 4.343737260000000155e-01 1.047110079999999943e-01 9.925010600000000460e-02 1.019686200000000237e-01 2.465023640000000016e-01 2.149297859999999838e-01 2.550439960000000506e-01 2.481963799999999942e-01 4.235235140000000453e-01 2.839508379999999832e-01
4.030290879999999798e-01 1.635735700000000015e-01 1.331716239999999885e-01 0.000000000000000000e+00 1.904570179999999779e-01 3.355473940000000543e-01 1.747870980000000019e-01 2.213890479999999772e-01 1.555753079999999955e-01 1.521423759999999958e-01 1.185665019999999903e-01 4.186983719999999853e-01 9.479044799999999937e-02 3.440205000000000068e-01 7.218502799999999830e-02 9.645519199999999516e-02 2.005613579999999951e-01 2.082255080000000314e-01 2.121221879999999893e-01 2.123789640000000034e-01 1.165669000000000011e-01 3.416743079999999821e-01
2.612713580000000091e-01 6.681878399999999774e-01 2.286917300000000375e-01 1.904570179999999779e-01 0.000000000000000000e+00 2.402597580000000177e-01 6.305621399999998544e-02 5.969015600000000810e-02 1.150187519999999741e-01 9.897489199999998100e-02 1.096850679999999967e-01 1.179395240000000039e-01 1.035069419999999907e-01 1.060367240000000127e-01 6.928451599999999044e-02 8.756831000000001031e-02 6.532317000000001372e-02 6.668363800000000341e-02 6.454037399999999758e-02 7.168011600000000205e-02 1.245578120000000039e-01 1.101046479999999994e-01
6.939024939999999253e-01 1.004354360000000029e-01 1.259209859999999848e-01 3.355473940000000543e-01 2.402597580000000177e-01 0.000000000000000000e+00 4.634070800000000129e-02 8.700263399999999536e-02 9.652921200000000312e-02 5.912632199999999505e-02 9.880379400000001422e-02 8.253969400000001067e-02 9.002007000000000758e-02 9.113188000000001232e-02 9.430004200000000059e-02 1.110648279999999904e-01 7.409067599999999421e-02 7.701430600000000459e-02 8.701882399999999462e-02 8.203739200000000065e-02 1.137645519999999910e-01 1.033377359999999995e-01
6.445750000000000091e-02 5.317054800000000497e-02 1.279169479999999748e-01 1.747870980000000019e-01 6.305621399999998544e-02 4.634070800000000129e-02 0.000000000000000000e+00 6.458224580000000437e-01 1.371682080000000137e-01 2.245815659999999825e-01 1.221955059999999954e-01 1.410662680000000224e-01 1.132952040000000105e-01 1.126432219999999873e-01 2.809610860000000265e-01 3.431497540000000290e-01 6.253047219999999795e-01 6.477692299999999737e-01 6.915172720000000162e-01 6.276505740000000166e-01 1.604393719999999968e-01 2.313457779999999742e-01
6.526108999999999383e-02 4.477944400000000158e-02 1.679792039999999931e-01 2.213890479999999772e-01 5.969015600000000810e-02 8.700263399999999536e-02 6.458224580000000437e-01 0.000000000000000000e+00 1.660495940000000226e-01 2.050413419999999876e-01 1.100077680000000058e-01 2.090210520000000405e-01 1.158010099999999820e-01 1.219154199999999966e-01 1.296792860000000047e-01 5.343142779999999759e-01 6.369917340000000872e-01 6.298092619999999808e-01 7.000449119999998526e-01 6.247039119999999723e-01 1.703528120000000201e-01 2.532816300000000354e-01
9.986043999999999476e-02 7.015383000000000036e-02 1.166544420000000110e-01 1.555753079999999955e-01 1.150187519999999741e-01 9.652921200000000312e-02 1.371682080000000137e-01 1.660495940000000226e-01 0.000000000000000000e+00 9.718782200000000704e-02 1.430730639999999998e-01 1.812961479999999903e-01 2.172941240000000052e-01 8.364860000000000351e-02 1.202070820000000068e-01 1.247791119999999976e-01 7.214900199999998986e-02 1.365331340000000004e-01 8.991031399999999119e-02 1.103949820000000026e-01 1.309886799999999962e-01 1.615225739999999743e-01
7.578183800000000414e-02 1.188596940000000018e-01 1.179605840000000072e-01 1.521423759999999958e-01 9.897489199999998100e-02 5.912632199999999505e-02 2.245815659999999825e-01 2.050413419999999876e-01 9.718782200000000704e-02 0.000000000000000000e+00 1.590495959999999875e-01 1.081835199999999775e-01 1.696069979999999811e-01 4.525910079999999058e-01 7.152566800000000058e-02 1.841824899999999765e-01 1.559086960000000133e-01 1.711955440000000050e-01 1.766112539999999953e-01 1.920427920000000177e-01 1.438742219999999961e-01 8.466190199999999721e-02
9.919710600000000711e-02 1.074110579999999898e-01 4.866926980000000347e-01 1.185665019999999903e-01 1.096850679999999967e-01 9.880379400000001422e-02 1.221955059999999954e-01 1.100077680000000058e-01 1.430730639999999998e-01 1.590495959999999875e-01 0.000000000000000000e+00 1.160336199999999901e-01 5.459244539999998924e-01 1.028185100000000018e-01 1.481392360000000075e-01 7.454931600000000436e-02 1.382713079999999817e-01 1.460783560000000203e-01 1.506093979999999777e-01 1.553584640000000017e-01 4.545237680000000502e-01 3.108401399999999870e-01
1.036269560000000062e-01 1.178409459999999881e-01 9.693409000000000053e-02 4.186983719999999853e-01 1.179395240000000039e-01 8.253969400000001067e-02 1.410662680000000224e-01 2.090210520000000405e-01 1.812961479999999903e-01 1.081835199999999775e-01 1.160336199999999901e-01 0.000000000000000000e+00 8.675680999999998977e-02 2.766934980000000377e-01 5.405750199999999339e-02 1.097021399999999758e-01 1.656326540000000180e-01 1.637641999999999987e-01 1.662406559999999867e-01 1.767965539999999947e-01 1.238675659999999984e-01 2.676978620000000086e-01
8.952643000000000406e-02 1.067773820000000040e-01 4.343737260000000155e-01 9.479044799999999937e-02 1.035069419999999907e-01 9.002007000000000758e-02 1.132952040000000105e-01 1.158010099999999820e-01 2.172941240000000052e-01 1.696069979999999811e-01 5.459244539999998924e-01 8.675680999999998977e-02 0.000000000000000000e+00 9.775202600000000575e-02 1.779311179999999992e-01 8.278293400000000246e-02 1.314198819999999879e-01 1.163896239999999971e-01 1.420687179999999827e-01 1.278993540000000206e-01 4.654742259999999909e-01 2.037272420000000306e-01
9.206994999999999763e-02 1.115260359999999951e-01 1.047110079999999943e-01 3.440205000000000068e-01 1.060367240000000127e-01 9.113188000000001232e-02 1.126432219999999873e-01 1.219154199999999966e-01 8.364860000000000351e-02 4.525910079999999058e-01 1.028185100000000018e-01 2.766934980000000377e-01 9.775202600000000575e-02 0.000000000000000000e+00 8.973590000000000733e-02 9.877730999999999317e-02 1.375572619999999857e-01 1.624650679999999903e-01 1.456981380000000326e-01 1.641127440000000048e-01 9.854144800000000370e-02 2.017074939999999594e-01
8.598052000000000472e-02 6.913129199999999697e-02 9.925010600000000460e-02 7.218502799999999830e-02 6.928451599999999044e-02 9.430004200000000059e-02 2.809610860000000265e-01 1.296792860000000047e-01 1.202070820000000068e-01 7.152566800000000058e-02 1.481392360000000075e-01 5.405750199999999339e-02 1.779311179999999992e-01 8.973590000000000733e-02 0.000000000000000000e+00 2.392834580000000044e-01 1.229508379999999929e-01 3.194717579999999946e-01 7.155290599999999945e-02 1.916306779999999710e-01 1.177261340000000100e-01 1.061203519999999872e-01
6.116412999999999711e-02 6.555224599999999457e-02 1.019686200000000237e-01 9.645519199999999516e-02 8.756831000000001031e-02 1.110648279999999904e-01 3.431497540000000290e-01 5.343142779999999759e-01 1.247791119999999976e-01 1.841824899999999765e-01 7.454931600000000436e-02 1.097021399999999758e-01 8.278293400000000246e-02 9.877730999999999317e-02 2.392834580000000044e-01 0.000000000000000000e+00 2.981969340000000246e-01 4.785468860000000602e-01 3.633621379999999457e-01 3.915783780000000602e-01 7.307886800000000516e-02 1.062502440000000076e-01
7.848918600000000245e-02 6.651369999999999505e-02 2.465023640000000016e-01 2.005613579999999951e-01 6.532317000000001372e-02 7.409067599999999421e-02 6.253047219999999795e-01 6.369917340000000872e-01 7.214900199999998986e-02 1.559086960000000133e-01 1.382713079999999817e-01 1.656326540000000180e-01 1.314198819999999879e-01 1.375572619999999857e-01 1.229508379999999929e-01 2.981969340000000246e-01 0.000000000000000000e+00 5.102689959999999747e-01 9.646045119999999695e-01 5.647681280000000914e-01 2.204742640000000031e-01 2.535275740000000333e-01
7.956872600000000628e-02 9.173423199999999889e-02 2.149297859999999838e-01 2.082255080000000314e-01 6.668363800000000341e-02 7.701430600000000459e-02 6.477692299999999737e-01 6.298092619999999808e-01 1.365331340000000004e-01 1.711955440000000050e-01 1.460783560000000203e-01 1.637641999999999987e-01 1.163896239999999971e-01 1.624650679999999903e-01 3.194717579999999946e-01 4.785468860000000602e-01 5.102689959999999747e-01 0.000000000000000000e+00 5.849971880000000013e-01 8.898979219999999524e-01 1.896837720000000005e-01 2.423834199999999883e-01
8.358793400000000262e-02 6.647353799999998480e-02 2.550439960000000506e-01 2.121221879999999893e-01 6.454037399999999758e-02 8.701882399999999462e-02 6.915172720000000162e-01 7.000449119999998526e-01 8.991031399999999119e-02 1.766112539999999953e-01 1.506093979999999777e-01 1.662406559999999867e-01 1.420687179999999827e-01 1.456981380000000326e-01 7.155290599999999945e-02 3.633621379999999457e-01 9.646045119999999695e-01 5.849971880000000013e-01 0.000000000000000000e+00 6.116894820000000621e-01 2.241859020000000202e-01 2.805538459999999956e-01
8.041328600000000049e-02 7.054081399999999336e-02 2.481963799999999942e-01 2.123789640000000034e-01 7.168011600000000205e-02 8.203739200000000065e-02 6.276505740000000166e-01 6.247039119999999723e-01 1.103949820000000026e-01 1.920427920000000177e-01 1.553584640000000017e-01 1.767965539999999947e-01 1.278993540000000206e-01 1.641127440000000048e-01 1.916306779999999710e-01 3.915783780000000602e-01 5.647681280000000914e-01 8.898979219999999524e-01 6.116894820000000621e-01 0.000000000000000000e+00 2.193495480000000053e-01 2.616038200000000424e-01
9.558218999999999743e-02 1.281868079999999854e-01 4.235235140000000453e-01 1.165669000000000011e-01 1.245578120000000039e-01 1.137645519999999910e-01 1.604393719999999968e-01 1.703528120000000201e-01 1.309886799999999962e-01 1.438742219999999961e-01 4.545237680000000502e-01 1.238675659999999984e-01 4.654742259999999909e-01 9.854144800000000370e-02 1.177261340000000100e-01 7.307886800000000516e-02 2.204742640000000031e-01 1.896837720000000005e-01 2.241859020000000202e-01 2.193495480000000053e-01 0.000000000000000000e+00 3.284160600000000096e-01
5.582808200000000109e-02 1.260223659999999968e-01 2.839508379999999832e-01 3.416743079999999821e-01 1.101046479999999994e-01 1.033377359999999995e-01 2.313457779999999742e-01 2.532816300000000354e-01 1.615225739999999743e-01 8.466190199999999721e-02 3.108401399999999870e-01 2.676978620000000086e-01 2.037272420000000306e-01 2.017074939999999594e-01 1.061203519999999872e-01 1.062502440000000076e-01 2.535275740000000333e-01 2.423834199999999883e-01 2.805538459999999956e-01 2.616038200000000424e-01 3.284160600000000096e-01 0.000000000000000000e+00
