0.000000000000000000e+00 9.793774699999999722e-01 4.225953320000000457e-01 4.189302719999999924e-01 9.855083000000000037e-01 9.701877519999999588e-01 1.923339899999999825e-01 2.159574220000000100e-01 3.856743139999999626e-01 4.148921680000000056e-01 3.728701400000000166e-01 4.054136420000000740e-01 3.899156059999999147e-01 3.534871039999999409e-01 6.902953199999999068e-02 5.255502599999999080e-02 7.379504000000000619e-02 7.704623799999998912e-02 6.921605599999999803e-02 6.260341399999999612e-02 3.833487459999999625e-01 3.366618520000000392e-01
9.793774699999999722e-01 0.000000000000000000e+00 3.582418680000000188e-01 3.517297019999999774e-01 9.892633959999999060e-01 9.914994419999999531e-01 1.654099179999999891e-01 1.787500060000000168e-01 3.312637480000000245e-01 3.643952859999999849e-01 3.134972860000000416e-01 3.624241899999999239e-01 3.384673679999999907e-01 3.377718820000000233e-01 4.623129200000000022e-02 4.492209600000000164e-02 4.571299200000000090e-02 7.024523800000000151e-02 4.080042999999999864e-02 4.145013399999999959e-02 3.338152460000000099e-01 3.174865800000000182e-01
4.225953320000000457e-01 3.582418680000000188e-01 0.000000000000000000e+00 9.335183700000000417e-01 3.942173900000000009e-01 3.397700460000000477e-01 5.674437439999999722e-01 5.742202699999999771e-01 9.597360939999999285e-01 9.336015559999999436e-01 9.661707180000000950e-01 8.601108160000000558e-01 9.425415420000000655e-01 6.715520759999999978e-01 2.262738640000000190e-01 2.441967059999999579e-01 2.887326080000000017e-01 3.461514079999999938e-01 2.445877919999999983e-01 2.409037839999999819e-01 9.496235699999999724e-01 7.550174179999999957e-01
4.189302719999999924e-01 3.517297019999999774e-01 9.335183700000000417e-01 0.000000000000000000e+00 3.804198320000000133e-01 3.300815039999999700e-01 5.330006320000000297e-01 5.605168680000000014e-01 9.141008819999999480e-01 9.065932520000000716e-01 9.114470820000001305e-01 8.595688439999999986e-01 8.907922599999998914e-01 6.513086539999999314e-01 2.061568219999999896e-01 2.122869480000000308e-01 2.692552440000000047e-01 3.223630760000000262e-01 2.242868500000000098e-01 2.169057759999999946e-01 9.115312019999999293e-01 7.605030839999999959e-01
9.855083000000000037e-01 9.892633959999999060e-01 3.942173900000000009e-01 3.804198320000000133e-01 0.000000000000000000e+00 9.793059139999999996e-01 1.806812059999999831e-01 1.920044439999999963e-01 3.722801279999999879e-01 4.026707600000000165e-01 3.572502860000000280e-01 3.989075380000000060e-01 3.839238399999999607e-01 3.569175359999999797e-01 5.848086799999999835e-02 5.946333200000000069e-02 6.479780399999998663e-02 7.634955999999999687e-02 5.725064200000000436e-02 5.636158000000000140e-02 3.711118779999999506e-01 3.452162400000000075e-01
9.701877519999999588e-01 9.914994419999999531e-01 3.397700460000000477e-01 3.300815039999999700e-01 9.793059139999999996e-01 0.000000000000000000e+00 1.681756739999999972e-01 1.806363380000000074e-01 3.268838000000000021e-01 3.649729339999999711e-01 3.104668440000000196e-01 3.703633320000000451e-01 3.428809959999999935e-01 3.633678679999999828e-01 3.737471800000000122e-02 3.391849799999999832e-02 4.133898600000000811e-02 6.338647599999999716e-02 3.253812600000000055e-02 3.045898000000000355e-02 3.299919240000000475e-01 3.211522800000000122e-01
1.923339899999999825e-01 1.654099179999999891e-01 5.674437439999999722e-01 5.330006320000000297e-01 1.806812059999999831e-01 1.681756739999999972e-01 0.000000000000000000e+00 7.988163540000000618e-01 5.365738819999998910e-01 5.132858980000000182e-01 5.383570739999999910e-01 4.821796459999999618e-01 4.846823640000000322e-01 3.452590240000000255e-01 7.784626080000001114e-01 7.772143820000000369e-01 8.170629860000000466e-01 8.291676399999999836e-01 7.912627280000000818e-01 7.959982699999998967e-01 5.226515380000000821e-01 4.778835239999999485e-01
2.159574220000000100e-01 1.787500060000000168e-01 5.742202699999999771e-01 5.605168680000000014e-01 1.920044439999999963e-01 1.806363380000000074e-01 7.988163540000000618e-01 0.000000000000000000e+00 5.511979960000000789e-01 5.409245840000000971e-01 5.550925599999999571e-01 4.923284040000000528e-01 4.944458700000000095e-01 3.638308040000000076e-01 7.329334339999998837e-01 7.292487880000001477e-01 7.796384460000000960e-01 8.249315000000001508e-01 7.555000200000000499e-01 7.548742519999999123e-01 5.348543900000000129e-01 5.274748959999999709e-01
3.856743139999999626e-01 3.312637480000000245e-01 9.597360939999999285e-01 9.141008819999999480e-01 3.722801279999999879e-01 3.268838000000000021e-01 5.365738819999998910e-01 5.511979960000000789e-01 0.000000000000000000e+00 9.601473040000000347e-01 9.898337059999999799e-01 8.782991479999999740e-01 9.698212660000000707e-01 7.206804700000000174e-01 1.824020679999999728e-01 1.970486600000000144e-01 2.382511960000000539e-01 3.012747599999999748e-01 1.935805800000000021e-01 1.894280959999999903e-01 9.618761340000000493e-01 8.040397400000000028e-01
4.148921680000000056e-01 3.643952859999999849e-01 9.336015559999999436e-01 9.065932520000000716e-01 4.026707600000000165e-01 3.649729339999999711e-01 5.132858980000000182e-01 5.409245840000000971e-01 9.601473040000000347e-01 0.000000000000000000e+00 9.544851920000001488e-01 9.450889080000000053e-01 9.497816540000000307e-01 7.371527839999999498e-01 1.782322120000000010e-01 1.813012599999999919e-01 2.343141519999999978e-01 2.877313380000000587e-01 1.883726360000000377e-01 1.805851460000000019e-01 9.633135779999999482e-01 7.801233819999999763e-01
3.728701400000000166e-01 3.134972860000000416e-01 9.661707180000000950e-01 9.114470820000001305e-01 3.572502860000000280e-01 3.104668440000000196e-01 5.383570739999999910e-01 5.550925599999999571e-01 9.898337059999999799e-01 9.544851920000001488e-01 0.000000000000000000e+00 8.770075880000000046e-01 9.758807700000000640e-01 7.088454299999999986e-01 1.838240720000000050e-01 2.028661500000000228e-01 2.421431999999999751e-01 3.046555100000000182e-01 1.980704120000000013e-01 1.940588920000000106e-01 9.656086499999998463e-01 7.860676040000000864e-01
4.054136420000000740e-01 3.624241899999999239e-01 8.601108160000000558e-01 8.595688439999999986e-01 3.989075380000000060e-01 3.703633320000000451e-01 4.821796459999999618e-01 4.923284040000000528e-01 8.782991479999999740e-01 9.450889080000000053e-01 8.770075880000000046e-01 0.000000000000000000e+00 8.849654100000000634e-01 6.952605739999999646e-01 2.021817579999999892e-01 2.033003320000000280e-01 2.484404859999999604e-01 2.807596499999999717e-01 2.085008559999999844e-01 1.975725200000000015e-01 9.058753200000000394e-01 7.090890939999999754e-01
3.899156059999999147e-01 3.384673679999999907e-01 9.425415420000000655e-01 8.907922599999998914e-01 3.839238399999999607e-01 3.428809959999999935e-01 4.846823640000000322e-01 4.944458700000000095e-01 9.698212660000000707e-01 9.497816540000000307e-01 9.758807700000000640e-01 8.849654100000000634e-01 0.000000000000000000e+00 7.188906280000001425e-01 1.705066460000000117e-01 1.884470639999999975e-01 2.077756820000000171e-01 2.569846880000000167e-01 1.724313879999999910e-01 1.684487620000000019e-01 9.644377640000000307e-01 7.764819720000000203e-01
3.534871039999999409e-01 3.377718820000000233e-01 6.715520759999999978e-01 6.513086539999999314e-01 3.569175359999999797e-01 3.633678679999999828e-01 3.452590240000000255e-01 3.638308040000000076e-01 7.206804700000000174e-01 7.371527839999999498e-01 7.088454299999999986e-01 6.952605739999999646e-01 7.188906280000001425e-01 0.000000000000000000e+00 2.135461760000000042e-01 1.933591860000000162e-01 2.062885279999999710e-01 1.979454639999999876e-01 2.050584580000000268e-01 1.996041439999999834e-01 7.083206200000000674e-01 6.143613900000000072e-01
6.902953199999999068e-02 4.623129200000000022e-02 2.262738640000000190e-01 2.061568219999999896e-01 5.848086799999999835e-02 3.737471800000000122e-02 7.784626080000001114e-01 7.329334339999998837e-01 1.824020679999999728e-01 1.782322120000000010e-01 1.838240720000000050e-01 2.021817579999999892e-01 1.705066460000000117e-01 2.135461760000000042e-01 0.000000000000000000e+00 9.655953239999999216e-01 9.870731499999999548e-01 9.142957680000000087e-01 9.954951760000000371e-01 9.786179900000000487e-01 1.934316959999999863e-01 2.208508899999999942e-01
5.255502599999999080e-02 4.492209600000000164e-02 2.441967059999999579e-01 2.122869480000000308e-01 5.946333200000000069e-02 3.391849799999999832e-02 7.772143820000000369e-01 7.292487880000001477e-01 1.970486600000000144e-01 1.813012599999999919e-01 2.028661500000000228e-01 2.033003320000000280e-01 1.884470639999999975e-01 1.933591860000000162e-01 9.655953239999999216e-01 0.000000000000000000e+00 9.515734919999999653e-01 9.244506859999999104e-01 9.691551940000000531e-01 9.884735060000000573e-01 2.088512299999999711e-01 2.201963160000000030e-01
7.379504000000000619e-02 4.571299200000000090e-02 2.887326080000000017e-01 2.692552440000000047e-01 6.479780399999998663e-02 4.133898600000000811e-02 8.170629860000000466e-01 7.796384460000000960e-01 2.382511960000000539e-01 2.343141519999999978e-01 2.421431999999999751e-01 2.484404859999999604e-01 2.077756820000000171e-01 2.062885279999999710e-01 9.870731499999999548e-01 9.515734919999999653e-01 0.000000000000000000e+00 9.289093240000001472e-01 9.941596860000000424e-01 9.710601440000001805e-01 2.451707580000000442e-01 2.546621420000000358e-01
7.704623799999998912e-02 7.024523800000000151e-02 3.461514079999999938e-01 3.223630760000000262e-01 7.634955999999999687e-02 6.338647599999999716e-02 8.291676399999999836e-01 8.249315000000001508e-01 3.012747599999999748e-01 2.877313380000000587e-01 3.046555100000000182e-01 2.807596499999999717e-01 2.569846880000000167e-01 1.979454639999999876e-01 9.142957680000000087e-01 9.244506859999999104e-01 9.289093240000001472e-01 0.000000000000000000e+00 9.278810020000000103e-01 9.466900859999999307e-01 3.005079760000000100e-01 3.341460699999999617e-01
6.921605599999999803e-02 4.080042999999999864e-02 2.445877919999999983e-01 2.242868500000000098e-01 5.725064200000000436e-02 3.253812600000000055e-02 7.912627280000000818e-01 7.555000200000000499e-01 1.935805800000000021e-01 1.883726360000000377e-01 1.980704120000000013e-01 2.085008559999999844e-01 1.724313879999999910e-01 2.050584580000000268e-01 9.954951760000000371e-01 9.691551940000000531e-01 9.941596860000000424e-01 9.278810020000000103e-01 0.000000000000000000e+00 9.834426459999999759e-01 2.045637100000000097e-01 2.287828980000000123e-01
6.260341399999999612e-02 4.145013399999999959e-02 2.409037839999999819e-01 2.169057759999999946e-01 5.636158000000000140e-02 3.045898000000000355e-02 7.959982699999998967e-01 7.548742519999999123e-01 1.894280959999999903e-01 1.805851460000000019e-01 1.940588920000000106e-01 1.975725200000000015e-01 1.684487620000000019e-01 1.996041439999999834e-01 9.786179900000000487e-01 9.884735060000000573e-01 9.710601440000001805e-01 9.466900859999999307e-01 9.834426459999999759e-01 0.000000000000000000e+00 2.006685659999999927e-01 2.401919519999999864e-01
3.833487459999999625e-01 3.338152460000000099e-01 9.496235699999999724e-01 9.115312019999999293e-01 3.711118779999999506e-01 3.299919240000000475e-01 5.226515380000000821e-01 5.348543900000000129e-01 9.618761340000000493e-01 9.633135779999999482e-01 9.656086499999998463e-01 9.058753200000000394e-01 9.644377640000000307e-01 7.083206200000000674e-01 1.934316959999999863e-01 2.088512299999999711e-01 2.451707580000000442e-01 3.005079760000000100e-01 2.045637100000000097e-01 2.006685659999999927e-01 0.000000000000000000e+00 7.540453340000000670e-01
3.366618520000000392e-01 3.174865800000000182e-01 7.550174179999999957e-01 7.605030839999999959e-01 3.452162400000000075e-01 3.211522800000000122e-01 4.778835239999999485e-01 5.274748959999999709e-01 8.040397400000000028e-01 7.801233819999999763e-01 7.860676040000000864e-01 7.090890939999999754e-01 7.764819720000000203e-01 6.143613900000000072e-01 2.208508899999999942e-01 2.201963160000000030e-01 2.546621420000000358e-01 3.341460699999999617e-01 2.287828980000000123e-01 2.401919519999999864e-01 7.540453340000000670e-01 0.000000000000000000e+00
