0.000000000000000000e+00 6.657010540000000143e-01 4.247601879999999275e-01 5.262940060000000919e-01 7.195010739999998517e-01 9.116429360000000148e-01 1.135427680000000022e-01 1.055398639999999971e-01 1.670364299999999858e-01 1.551830760000000031e-01 1.187187159999999880e-01 8.857569599999999543e-02 1.257598540000000042e-01 6.226830400000001042e-02 6.873539200000000626e-02 1.000813919999999912e-01 6.030205600000000665e-02 9.351166800000002000e-02 7.373302599999999318e-02 6.911788000000000654e-02 1.558564219999999945e-01 1.373686880000000166e-01
6.657010540000000143e-01 0.000000000000000000e+00 4.637508699999999817e-01 4.235311819999999505e-01 8.413175839999998962e-01 6.406108320000000189e-01 1.427627459999999959e-01 1.116541819999999907e-01 1.728902440000000262e-01 1.484951379999999987e-01 1.247542459999999992e-01 1.018176739999999969e-01 1.507882239999999707e-01 6.870947400000000649e-02 9.035288599999999337e-02 1.199995020000000079e-01 7.851257200000001657e-02 9.192973400000001294e-02 7.992369000000001944e-02 8.407248000000000498e-02 1.627322460000000248e-01 1.460575900000000149e-01
4.247601879999999275e-01 4.637508699999999817e-01 0.000000000000000000e+00 4.441266979999999864e-01 4.875673380000000168e-01 4.132067239999999697e-01 4.395858099999999657e-01 2.849634859999999881e-01 5.325338699999999648e-01 4.243523500000000448e-01 6.326641859999999618e-01 1.988250460000000053e-01 6.237812759999999956e-01 1.836263520000000204e-01 1.646937359999999795e-01 1.385061740000000097e-01 9.028273000000000548e-02 1.334888020000000175e-01 1.372107600000000149e-01 1.838582559999999977e-01 6.069172480000000203e-01 4.788427860000000758e-01
5.262940060000000919e-01 4.235311819999999505e-01 4.441266979999999864e-01 0.000000000000000000e+00 4.473152240000000113e-01 5.156043340000000530e-01 2.838321619999999990e-01 4.421872440000000348e-01 4.328309419999999963e-01 5.701206439999999542e-01 2.672114979999999917e-01 5.739924320000000524e-01 2.787061819999999690e-01 5.219674779999999847e-01 9.349838600000000277e-02 1.626258660000000078e-01 9.763420600000001504e-02 7.905020199999999997e-02 1.161631300000000033e-01 2.203122020000000403e-01 3.931521580000000293e-01 5.116718160000000015e-01
7.195010739999998517e-01 8.413175839999998962e-01 4.875673380000000168e-01 4.473152240000000113e-01 0.000000000000000000e+00 7.169710360000000060e-01 1.552331760000000005e-01 1.080277099999999990e-01 1.782268280000000038e-01 1.507238459999999947e-01 1.474133240000000122e-01 8.857519799999999388e-02 1.574838279999999924e-01 6.741856399999998639e-02 8.766955800000000854e-02 1.208574500000000052e-01 6.367842999999999420e-02 9.796198000000000405e-02 7.879538000000001208e-02 9.118765800000000477e-02 1.657475999999999672e-01 1.528196940000000059e-01
9.116429360000000148e-01 6.406108320000000189e-01 4.132067239999999697e-01 5.156043340000000530e-01 7.169710360000000060e-01 0.000000000000000000e+00 1.052492019999999862e-01 1.016306940000000214e-01 1.504880120000000043e-01 1.492134360000000048e-01 1.101315959999999983e-01 7.911632599999998683e-02 1.229027739999999785e-01 7.355260399999999366e-02 6.038328399999999541e-02 9.693078000000002192e-02 5.706161200000000461e-02 9.294503400000000970e-02 8.037767599999999513e-02 7.634560599999998254e-02 1.410701799999999895e-01 1.134248579999999895e-01
1.135427680000000022e-01 1.427627459999999959e-01 4.395858099999999657e-01 2.838321619999999990e-01 1.552331760000000005e-01 1.052492019999999862e-01 0.000000000000000000e+00 4.672292599999999796e-01 4.567660319999999885e-01 3.633191560000000320e-01 4.693218659999999209e-01 2.369111880000000225e-01 4.284428140000000051e-01 2.014239640000000109e-01 4.996242600000000422e-01 2.788483239999999808e-01 1.760396199999999800e-01 1.227359000000000089e-01 2.513852920000000379e-01 4.194567519999999883e-01 4.473986639999999460e-01 4.115565780000000062e-01
1.055398639999999971e-01 1.116541819999999907e-01 2.849634859999999881e-01 4.421872440000000348e-01 1.080277099999999990e-01 1.016306940000000214e-01 4.672292599999999796e-01 0.000000000000000000e+00 4.615640220000000182e-01 4.948170520000000350e-01 3.002158499999999508e-01 5.251631000000001048e-01 2.758669320000000091e-01 4.384814999999999685e-01 1.430263740000000117e-01 4.783944619999999648e-01 1.073578500000000047e-01 1.601267060000000075e-01 2.044925740000000103e-01 3.776717740000000156e-01 3.617909699999999895e-01 5.045240300000000122e-01
1.670364299999999858e-01 1.728902440000000262e-01 5.325338699999999648e-01 4.328309419999999963e-01 1.782268280000000038e-01 1.504880120000000043e-01 4.567660319999999885e-01 4.615640220000000182e-01 0.000000000000000000e+00 4.784934520000000413e-01 5.622701300000000346e-01 4.096197160000000226e-01 6.332844779999999840e-01 3.754264639999999598e-01 1.373275559999999895e-01 1.323795359999999921e-01 1.330536299999999783e-01 9.456065599999999294e-02 1.694416219999999862e-01 2.424592720000000035e-01 5.889832220000000840e-01 5.854267459999999978e-01
1.551830760000000031e-01 1.484951379999999987e-01 4.243523500000000448e-01 5.701206439999999542e-01 1.507238459999999947e-01 1.492134360000000048e-01 3.633191560000000320e-01 4.948170520000000350e-01 4.784934520000000413e-01 0.000000000000000000e+00 4.585863399999999812e-01 6.040359299999999987e-01 4.313840459999999655e-01 6.906184100000001269e-01 9.139092600000001121e-02 1.891503280000000065e-01 1.210812720000000037e-01 1.191665239999999820e-01 1.434132119999999844e-01 2.438536040000000293e-01 5.361372639999999468e-01 6.383192500000000047e-01
1.187187159999999880e-01 1.247542459999999992e-01 6.326641859999999618e-01 2.672114979999999917e-01 1.474133240000000122e-01 1.101315959999999983e-01 4.693218659999999209e-01 3.002158499999999508e-01 5.622701300000000346e-01 4.585863399999999812e-01 0.000000000000000000e+00 2.006707520000000078e-01 7.840807960000001353e-01 2.060717280000000096e-01 1.382829780000000008e-01 1.021721859999999982e-01 9.516626000000000252e-02 1.126004200000000066e-01 1.507768359999999974e-01 1.396528979999999698e-01 7.079890800000000484e-01 5.210057940000000221e-01
8.857569599999999543e-02 1.018176739999999969e-01 1.988250460000000053e-01 5.739924320000000524e-01 8.857519799999999388e-02 7.911632599999998683e-02 2.369111880000000225e-01 5.251631000000001048e-01 4.096197160000000226e-01 6.040359299999999987e-01 2.006707520000000078e-01 0.000000000000000000e+00 1.751400320000000010e-01 7.001034339999999689e-01 8.464973000000000636e-02 1.613186400000000131e-01 1.042666220000000032e-01 1.213173339999999989e-01 1.349075439999999904e-01 2.745319459999999712e-01 3.026411480000000265e-01 5.320912420000001308e-01
1.257598540000000042e-01 1.507882239999999707e-01 6.237812759999999956e-01 2.787061819999999690e-01 1.574838279999999924e-01 1.229027739999999785e-01 4.284428140000000051e-01 2.758669320000000091e-01 6.332844779999999840e-01 4.313840459999999655e-01 7.840807960000001353e-01 1.751400320000000010e-01 0.000000000000000000e+00 1.964811559999999901e-01 1.188398820000000217e-01 8.673180399999999568e-02 8.991976599999999820e-02 1.124140640000000080e-01 1.192756840000000207e-01 1.564202460000000128e-01 6.515420520000001492e-01 4.838733579999999757e-01
6.226830400000001042e-02 6.870947400000000649e-02 1.836263520000000204e-01 5.219674779999999847e-01 6.741856399999998639e-02 7.355260399999999366e-02 2.014239640000000109e-01 4.384814999999999685e-01 3.754264639999999598e-01 6.906184100000001269e-01 2.060717280000000096e-01 7.001034339999999689e-01 1.964811559999999901e-01 0.000000000000000000e+00 8.236865599999999843e-02 1.222751660000000185e-01 1.012407239999999903e-01 8.693059799999999782e-02 1.089353259999999990e-01 2.131760299999999886e-01 2.684940860000000207e-01 4.684347500000000108e-01
6.873539200000000626e-02 9.035288599999999337e-02 1.646937359999999795e-01 9.349838600000000277e-02 8.766955800000000854e-02 6.038328399999999541e-02 4.996242600000000422e-01 1.430263740000000117e-01 1.373275559999999895e-01 9.139092600000001121e-02 1.382829780000000008e-01 8.464973000000000636e-02 1.188398820000000217e-01 8.236865599999999843e-02 0.000000000000000000e+00 1.482004779999999966e-01 1.779906960000000038e-01 6.758562999999999377e-02 1.347686600000000123e-01 2.519903840000000117e-01 1.050723580000000046e-01 8.513444599999998863e-02
1.000813919999999912e-01 1.199995020000000079e-01 1.385061740000000097e-01 1.626258660000000078e-01 1.208574500000000052e-01 9.693078000000002192e-02 2.788483239999999808e-01 4.783944619999999648e-01 1.323795359999999921e-01 1.891503280000000065e-01 1.021721859999999982e-01 1.613186400000000131e-01 8.673180399999999568e-02 1.222751660000000185e-01 1.482004779999999966e-01 0.000000000000000000e+00 7.205833000000001765e-02 2.792800960000000332e-01 1.672609899999999983e-01 3.058831240000000062e-01 1.135279540000000004e-01 1.488550740000000039e-01
6.030205600000000665e-02 7.851257200000001657e-02 9.028273000000000548e-02 9.763420600000001504e-02 6.367842999999999420e-02 5.706161200000000461e-02 1.760396199999999800e-01 1.073578500000000047e-01 1.330536299999999783e-01 1.210812720000000037e-01 9.516626000000000252e-02 1.042666220000000032e-01 8.991976599999999820e-02 1.012407239999999903e-01 1.779906960000000038e-01 7.205833000000001765e-02 0.000000000000000000e+00 7.512931000000000470e-02 8.072015159999998968e-01 1.423796940000000011e-01 1.046669339999999754e-01 1.186160020000000259e-01
9.351166800000002000e-02 9.192973400000001294e-02 1.334888020000000175e-01 7.905020199999999997e-02 9.796198000000000405e-02 9.294503400000000970e-02 1.227359000000000089e-01 1.601267060000000075e-01 9.456065599999999294e-02 1.191665239999999820e-01 1.126004200000000066e-01 1.213173339999999989e-01 1.124140640000000080e-01 8.693059799999999782e-02 6.758562999999999377e-02 2.792800960000000332e-01 7.512931000000000470e-02 0.000000000000000000e+00 1.240623859999999967e-01 5.965092320000000559e-01 1.023682919999999996e-01 1.361682939999999953e-01
7.373302599999999318e-02 7.992369000000001944e-02 1.372107600000000149e-01 1.161631300000000033e-01 7.879538000000001208e-02 8.037767599999999513e-02 2.513852920000000379e-01 2.044925740000000103e-01 1.694416219999999862e-01 1.434132119999999844e-01 1.507768359999999974e-01 1.349075439999999904e-01 1.192756840000000207e-01 1.089353259999999990e-01 1.347686600000000123e-01 1.672609899999999983e-01 8.072015159999998968e-01 1.240623859999999967e-01 0.000000000000000000e+00 1.876430299999999884e-01 1.432887120000000125e-01 1.410304900000000083e-01
6.911788000000000654e-02 8.407248000000000498e-02 1.838582559999999977e-01 2.203122020000000403e-01 9.118765800000000477e-02 7.634560599999998254e-02 4.194567519999999883e-01 3.776717740000000156e-01 2.424592720000000035e-01 2.438536040000000293e-01 1.396528979999999698e-01 2.745319459999999712e-01 1.564202460000000128e-01 2.131760299999999886e-01 2.519903840000000117e-01 3.058831240000000062e-01 1.423796940000000011e-01 5.965092320000000559e-01 1.876430299999999884e-01 0.000000000000000000e+00 1.961723360000000027e-01 2.742676640000000221e-01
1.558564219999999945e-01 1.627322460000000248e-01 6.069172480000000203e-01 3.931521580000000293e-01 1.657475999999999672e-01 1.410701799999999895e-01 4.473986639999999460e-01 3.617909699999999895e-01 5.889832220000000840e-01 5.361372639999999468e-01 7.079890800000000484e-01 3.026411480000000265e-01 6.515420520000001492e-01 2.684940860000000207e-01 1.050723580000000046e-01 1.135279540000000004e-01 1.046669339999999754e-01 1.023682919999999996e-01 1.432887120000000125e-01 1.961723360000000027e-01 0.000000000000000000e+00 7.018490420000000896e-01
1.373686880000000166e-01 1.460575900000000149e-01 4.788427860000000758e-01 5.116718160000000015e-01 1.528196940000000059e-01 1.134248579999999895e-01 4.115565780000000062e-01 5.045240300000000122e-01 5.854267459999999978e-01 6.383192500000000047e-01 5.210057940000000221e-01 5.320912420000001308e-01 4.838733579999999757e-01 4.684347500000000108e-01 8.513444599999998863e-02 1.488550740000000039e-01 1.186160020000000259e-01 1.361682939999999953e-01 1.410304900000000083e-01 2.742676640000000221e-01 7.018490420000000896e-01 0.000000000000000000e+00
