0.000000000000000000e+00 1.918255359999999909e-01 2.310362960000000021e-01 3.042531039999999964e-01 2.201652439999999822e-01 6.089668879999999840e-01 1.993788220000000111e-01 2.780530079999999904e-01 2.763899900000000298e-01 3.133183620000000169e-01 2.334597399999999712e-01 2.805597360000000040e-01 2.216285479999999808e-01 3.161854879999999590e-01 2.250534919999999661e-01 2.288190499999999683e-01 2.275558079999999705e-01 2.260583800000000032e-01 1.714798280000000008e-01 2.409997120000000326e-01 2.719676080000000273e-01 2.981088520000000353e-01
1.918255359999999909e-01 0.000000000000000000e+00 2.342283740000000170e-01 2.403756740000000391e-01 7.438028780000000006e-01 2.501613660000000516e-01 2.487175819999999926e-01 2.374412620000000140e-01 1.795907240000000071e-01 2.008903459999999974e-01 2.050677099999999586e-01 1.850090360000000156e-01 2.772911859999999673e-01 2.100381000000000054e-01 2.573796340000000238e-01 2.105085759999999750e-01 2.338419759999999792e-01 2.634594659999999755e-01 2.146684580000000064e-01 2.842328600000000316e-01 2.274118519999999977e-01 2.566552199999999617e-01
2.310362960000000021e-01 2.342283740000000170e-01 0.000000000000000000e+00 3.011176519999999579e-01 1.686771559999999948e-01 2.075258100000000050e-01 3.904990419999999629e-01 2.624792900000000317e-01 3.891985820000000151e-01 5.689774640000000439e-01 7.629009399999999719e-01 3.428194500000000255e-01 7.052254199999999917e-01 3.148470079999999838e-01 2.903262240000000216e-01 4.177951059999999717e-01 3.445697280000000196e-01 3.074518640000000191e-01 3.921699180000000617e-01 1.841837840000000170e-01 6.938227420000000478e-01 3.659824799999999989e-01
3.042531039999999964e-01 2.403756740000000391e-01 3.011176519999999579e-01 0.000000000000000000e+00 2.880134480000000052e-01 3.976899959999999901e-01 2.907619819999999744e-01 5.246437619999999580e-01 5.575351419999999836e-01 3.591395220000000443e-01 3.797625040000000007e-01 6.630753679999999983e-01 3.217995240000000035e-01 4.287943639999999834e-01 2.464236160000000397e-01 2.579506219999999628e-01 1.262333079999999885e-01 2.629621420000000098e-01 1.595382579999999884e-01 1.442028260000000062e-01 2.586052719999999971e-01 5.637474279999998839e-01
2.201652439999999822e-01 7.438028780000000006e-01 1.686771559999999948e-01 2.880134480000000052e-01 0.000000000000000000e+00 2.859091140000000197e-01 1.495025379999999904e-01 2.137565159999999798e-01 1.449832620000000016e-01 2.085301680000000157e-01 2.275053699999999846e-01 1.816734320000000236e-01 2.576470640000000367e-01 1.744234520000000066e-01 1.872384119999999930e-01 2.352654419999999913e-01 2.368194259999999995e-01 1.378110499999999905e-01 2.783815040000000018e-01 1.934287799999999946e-01 2.182107460000000110e-01 1.766919760000000006e-01
6.089668879999999840e-01 2.501613660000000516e-01 2.075258100000000050e-01 3.976899959999999901e-01 2.859091140000000197e-01 0.000000000000000000e+00 2.081619779999999975e-01 2.749224520000000394e-01 2.760281059999999953e-01 3.135927579999999715e-01 2.576909680000000202e-01 3.077069900000000136e-01 1.895182480000000003e-01 3.223077760000000458e-01 2.666591360000000188e-01 1.954821600000000159e-01 2.110538740000000024e-01 1.881395639999999814e-01 1.461145739999999971e-01 1.951810539999999927e-01 3.158367839999999815e-01 2.807242239999999667e-01
1.993788220000000111e-01 2.487175819999999926e-01 3.904990419999999629e-01 2.907619819999999744e-01 1.495025379999999904e-01 2.081619779999999975e-01 0.000000000000000000e+00 2.613488179999999828e-01 4.195767399999999481e-01 3.818754160000000231e-01 4.188633339999999761e-01 3.102115180000000194e-01 4.138429600000000375e-01 2.567558360000000151e-01 5.681868879999999455e-01 3.412617980000000051e-01 2.777072220000000313e-01 3.636873239999999785e-01 3.717029880000000119e-01 4.945255239999999941e-01 3.761602579999999696e-01 2.889079960000000002e-01
2.780530079999999904e-01 2.374412620000000140e-01 2.624792900000000317e-01 5.246437619999999580e-01 2.137565159999999798e-01 2.749224520000000394e-01 2.613488179999999828e-01 0.000000000000000000e+00 3.190947720000000265e-01 2.369027599999999900e-01 2.936061560000000070e-01 4.615158899999999842e-01 2.280667639999999774e-01 2.888133159999999866e-01 3.681001280000000264e-01 3.934720480000000187e-01 3.291212360000000392e-01 2.161389260000000090e-01 3.824699659999999946e-01 3.304255640000000049e-01 2.442853200000000002e-01 4.498527079999999900e-01
2.763899900000000298e-01 1.795907240000000071e-01 3.891985820000000151e-01 5.575351419999999836e-01 1.449832620000000016e-01 2.760281059999999953e-01 4.195767399999999481e-01 3.190947720000000265e-01 0.000000000000000000e+00 3.015729099999999718e-01 4.254738879999999668e-01 4.648666119999999569e-01 3.790169919999999970e-01 3.255153460000000387e-01 2.226083439999999580e-01 3.246768680000000074e-01 1.931890980000000035e-01 3.450397979999999531e-01 1.886038400000000226e-01 2.513337320000000319e-01 3.905085759999999406e-01 3.472819360000000133e-01
3.133183620000000169e-01 2.008903459999999974e-01 5.689774640000000439e-01 3.591395220000000443e-01 2.085301680000000157e-01 3.135927579999999715e-01 3.818754160000000231e-01 2.369027599999999900e-01 3.015729099999999718e-01 0.000000000000000000e+00 5.139097860000000351e-01 3.716274359999999777e-01 5.227450140000000633e-01 2.389507479999999906e-01 1.101281240000000078e-01 2.471656999999999882e-01 2.306176900000000141e-01 1.954077959999999947e-01 2.228928940000000358e-01 1.244396660000000043e-01 5.147716460000000271e-01 2.602918639999999839e-01
2.334597399999999712e-01 2.050677099999999586e-01 7.629009399999999719e-01 3.797625040000000007e-01 2.275053699999999846e-01 2.576909680000000202e-01 4.188633339999999761e-01 2.936061560000000070e-01 4.254738879999999668e-01 5.139097860000000351e-01 0.000000000000000000e+00 3.730741579999999891e-01 8.162256959999998340e-01 3.156506119999999971e-01 3.118128159999999927e-01 3.482349800000000273e-01 3.778395359999999759e-01 3.029554679999999500e-01 3.943394399999999855e-01 1.633216480000000137e-01 7.808807879999999368e-01 4.739544000000000534e-01
2.805597360000000040e-01 1.850090360000000156e-01 3.428194500000000255e-01 6.630753679999999983e-01 1.816734320000000236e-01 3.077069900000000136e-01 3.102115180000000194e-01 4.615158899999999842e-01 4.648666119999999569e-01 3.716274359999999777e-01 3.730741579999999891e-01 0.000000000000000000e+00 2.948955360000000137e-01 4.242345259999999452e-01 2.597693959999999858e-01 2.210564620000000091e-01 1.440292440000000007e-01 2.537668880000000238e-01 1.723554479999999944e-01 1.772146520000000003e-01 2.786870060000000149e-01 5.553053420000000351e-01
2.216285479999999808e-01 2.772911859999999673e-01 7.052254199999999917e-01 3.217995240000000035e-01 2.576470640000000367e-01 1.895182480000000003e-01 4.138429600000000375e-01 2.280667639999999774e-01 3.790169919999999970e-01 5.227450140000000633e-01 8.162256959999998340e-01 2.948955360000000137e-01 0.000000000000000000e+00 2.884139079999999966e-01 2.768672559999999505e-01 3.792866000000000293e-01 3.136123140000000031e-01 2.741567460000000067e-01 3.078814779999999862e-01 1.709334479999999878e-01 7.781917559999999012e-01 4.119981379999999582e-01
3.161854879999999590e-01 2.100381000000000054e-01 3.148470079999999838e-01 4.287943639999999834e-01 1.744234520000000066e-01 3.223077760000000458e-01 2.567558360000000151e-01 2.888133159999999866e-01 3.255153460000000387e-01 2.389507479999999906e-01 3.156506119999999971e-01 4.242345259999999452e-01 2.884139079999999966e-01 0.000000000000000000e+00 2.335697379999999990e-01 3.207529499999999811e-01 1.784703699999999893e-01 3.482707299999999728e-01 2.100783100000000181e-01 2.391625340000000099e-01 2.798506960000000099e-01 3.172127100000000088e-01
2.250534919999999661e-01 2.573796340000000238e-01 2.903262240000000216e-01 2.464236160000000397e-01 1.872384119999999930e-01 2.666591360000000188e-01 5.681868879999999455e-01 3.681001280000000264e-01 2.226083439999999580e-01 1.101281240000000078e-01 3.118128159999999927e-01 2.597693959999999858e-01 2.768672559999999505e-01 2.335697379999999990e-01 0.000000000000000000e+00 4.138379559999999513e-01 5.113349520000000092e-01 3.659451919999999747e-01 4.540636320000001058e-01 6.455795420000000062e-01 2.519200959999999823e-01 2.973218720000000426e-01
2.288190499999999683e-01 2.105085759999999750e-01 4.177951059999999717e-01 2.579506219999999628e-01 2.352654419999999913e-01 1.954821600000000159e-01 3.412617980000000051e-01 3.934720480000000187e-01 3.246768680000000074e-01 2.471656999999999882e-01 3.482349800000000273e-01 2.210564620000000091e-01 3.792866000000000293e-01 3.207529499999999811e-01 4.138379559999999513e-01 0.000000000000000000e+00 5.001615059999999779e-01 4.564423059999999088e-01 6.159463139999999948e-01 4.595639220000000691e-01 3.573327920000000102e-01 3.526293999999999818e-01
2.275558079999999705e-01 2.338419759999999792e-01 3.445697280000000196e-01 1.262333079999999885e-01 2.368194259999999995e-01 2.110538740000000024e-01 2.777072220000000313e-01 3.291212360000000392e-01 1.931890980000000035e-01 2.306176900000000141e-01 3.778395359999999759e-01 1.440292440000000007e-01 3.136123140000000031e-01 1.784703699999999893e-01 5.113349520000000092e-01 5.001615059999999779e-01 0.000000000000000000e+00 3.404263680000000347e-01 8.108393159999998101e-01 4.603449000000000568e-01 3.017364200000000052e-01 2.137031520000000351e-01
2.260583800000000032e-01 2.634594659999999755e-01 3.074518640000000191e-01 2.629621420000000098e-01 1.378110499999999905e-01 1.881395639999999814e-01 3.636873239999999785e-01 2.161389260000000090e-01 3.450397979999999531e-01 1.954077959999999947e-01 3.029554679999999500e-01 2.537668880000000238e-01 2.741567460000000067e-01 3.482707299999999728e-01 3.659451919999999747e-01 4.564423059999999088e-01 3.404263680000000347e-01 0.000000000000000000e+00 3.531905960000000233e-01 6.627678799999999759e-01 2.340543799999999786e-01 2.740916279999999761e-01
1.714798280000000008e-01 2.146684580000000064e-01 3.921699180000000617e-01 1.595382579999999884e-01 2.783815040000000018e-01 1.461145739999999971e-01 3.717029880000000119e-01 3.824699659999999946e-01 1.886038400000000226e-01 2.228928940000000358e-01 3.943394399999999855e-01 1.723554479999999944e-01 3.078814779999999862e-01 2.100783100000000181e-01 4.540636320000001058e-01 6.159463139999999948e-01 8.108393159999998101e-01 3.531905960000000233e-01 0.000000000000000000e+00 3.979924740000000405e-01 3.312409419999999827e-01 2.684041300000000185e-01
2.409997120000000326e-01 2.842328600000000316e-01 1.841837840000000170e-01 1.442028260000000062e-01 1.934287799999999946e-01 1.951810539999999927e-01 4.945255239999999941e-01 3.304255640000000049e-01 2.513337320000000319e-01 1.244396660000000043e-01 1.633216480000000137e-01 1.772146520000000003e-01 1.709334479999999878e-01 2.391625340000000099e-01 6.455795420000000062e-01 4.595639220000000691e-01 4.603449000000000568e-01 6.627678799999999759e-01 3.979924740000000405e-01 0.000000000000000000e+00 1.263409179999999965e-01 1.931553460000000055e-01
2.719676080000000273e-01 2.274118519999999977e-01 6.938227420000000478e-01 2.586052719999999971e-01 2.182107460000000110e-01 3.158367839999999815e-01 3.761602579999999696e-01 2.442853200000000002e-01 3.905085759999999406e-01 5.147716460000000271e-01 7.808807879999999368e-01 2.786870060000000149e-01 7.781917559999999012e-01 2.798506960000000099e-01 2.519200959999999823e-01 3.573327920000000102e-01 3.017364200000000052e-01 2.340543799999999786e-01 3.312409419999999827e-01 1.263409179999999965e-01 0.000000000000000000e+00 4.479983839999999162e-01
2.981088520000000353e-01 2.566552199999999617e-01 3.659824799999999989e-01 5.637474279999998839e-01 1.766919760000000006e-01 2.807242239999999667e-01 2.889079960000000002e-01 4.498527079999999900e-01 3.472819360000000133e-01 2.602918639999999839e-01 4.739544000000000534e-01 5.553053420000000351e-01 4.119981379999999582e-01 3.172127100000000088e-01 2.973218720000000426e-01 3.526293999999999818e-01 2.137031520000000351e-01 2.740916279999999761e-01 2.684041300000000185e-01 1.931553460000000055e-01 4.479983839999999162e-01 0.000000000000000000e+00
