0.000000000000000000e+00 4.268635339999999334e-01 1.218067999999999929e-01 4.332543860000000469e-01 3.678098499999999937e-01 7.699320619999999726e-01 1.043721319999999925e-01 1.042210419999999998e-01 1.253230059999999868e-01 6.561435999999999658e-02 1.217240019999999978e-01 1.316986119999999927e-01 1.161056119999999969e-01 1.176398459999999924e-01 6.985632799999999532e-02 5.613694200000000217e-02 5.850246999999999392e-02 6.883266200000000279e-02 5.133307399999999937e-02 8.349871200000000271e-02 1.008950239999999859e-01 9.778617800000000138e-02
4.268635339999999334e-01 0.000000000000000000e+00 2.162535060000000120e-01 3.596243000000000078e-01 7.691873619999999301e-01 2.645491660000000023e-01 6.972994400000000204e-02 7.408084800000000469e-02 9.264237999999999640e-02 8.143112999999999047e-02 7.888429600000000652e-02 1.400242819999999999e-01 1.006094459999999913e-01 1.549174700000000016e-01 6.279409999999999159e-02 8.671830199999999711e-02 5.501992599999999678e-02 6.447021999999999475e-02 5.702460799999999747e-02 6.719911200000000528e-02 6.023653599999999331e-02 8.779319599999999002e-02
1.218067999999999929e-01 2.162535060000000120e-01 0.000000000000000000e+00 2.779645600000000272e-01 2.830622099999999808e-01 1.389331560000000021e-01 1.522453220000000162e-01 1.364983879999999705e-01 3.287517079999999758e-01 2.428122219999999665e-01 6.063038459999999796e-01 2.025543439999999973e-01 5.672709360000001144e-01 1.598760960000000231e-01 1.087961919999999860e-01 6.575600199999999396e-02 1.538212440000000236e-01 1.495237299999999936e-01 1.567180920000000033e-01 1.561051539999999682e-01 5.291333580000000536e-01 4.147895440000000100e-01
4.332543860000000469e-01 3.596243000000000078e-01 2.779645600000000272e-01 0.000000000000000000e+00 3.438090699999999944e-01 3.362060559999999754e-01 1.787819159999999852e-01 3.347409239999999953e-01 3.450763399999999814e-01 2.453525399999999801e-01 2.156653600000000282e-01 4.639093160000000715e-01 1.879845139999999915e-01 4.015438719999999684e-01 1.091595880000000018e-01 1.195250859999999749e-01 1.356022600000000300e-01 1.003965799999999992e-01 1.395509960000000105e-01 1.427037440000000212e-01 1.699452159999999823e-01 4.076584540000000034e-01
3.678098499999999937e-01 7.691873619999999301e-01 2.830622099999999808e-01 3.438090699999999944e-01 0.000000000000000000e+00 3.429689920000000281e-01 6.985377400000000736e-02 6.055076799999999787e-02 7.325541399999999093e-02 8.472882400000000813e-02 5.804349600000000692e-02 1.037937480000000051e-01 6.486295200000000150e-02 1.218145319999999893e-01 6.976312600000000863e-02 8.995804800000001267e-02 6.018092000000000580e-02 6.272419600000000983e-02 6.100343400000000221e-02 6.882058400000000409e-02 6.585655399999998383e-02 6.322418799999998673e-02
7.699320619999999726e-01 2.645491660000000023e-01 1.389331560000000021e-01 3.362060559999999754e-01 3.429689920000000281e-01 0.000000000000000000e+00 1.128205580000000152e-01 1.013060480000000096e-01 9.716296599999998951e-02 6.052400599999999825e-02 1.287914659999999933e-01 1.465512699999999835e-01 1.060971059999999966e-01 9.618888999999999911e-02 8.197311999999999654e-02 5.952680200000000366e-02 7.281340399999999824e-02 7.549876400000000987e-02 7.982235000000000025e-02 8.188952800000000309e-02 8.893411399999999467e-02 1.021073139999999907e-01
1.043721319999999925e-01 6.972994400000000204e-02 1.522453220000000162e-01 1.787819159999999852e-01 6.985377400000000736e-02 1.128205580000000152e-01 0.000000000000000000e+00 5.925765679999999147e-01 2.282327539999999821e-01 2.658696839999999950e-01 2.040669740000000121e-01 1.323892760000000002e-01 1.764759539999999904e-01 1.723650499999999919e-01 3.357041459999999811e-01 4.658493280000000070e-01 5.971348639999999319e-01 5.301759040000000311e-01 6.208441540000000369e-01 6.218024819999999897e-01 1.445671739999999927e-01 2.185075419999999990e-01
1.042210419999999998e-01 7.408084800000000469e-02 1.364983879999999705e-01 3.347409239999999953e-01 6.055076799999999787e-02 1.013060480000000096e-01 5.925765679999999147e-01 0.000000000000000000e+00 2.738445259999999770e-01 2.156604240000000172e-01 1.241587060000000076e-01 3.422434520000000036e-01 1.250658440000000093e-01 2.168513340000000067e-01 2.436004480000000250e-01 6.442876579999999853e-01 5.728511779999999609e-01 5.583483920000000822e-01 6.112675800000000326e-01 6.099440459999999620e-01 1.497834599999999794e-01 3.126235139999999357e-01
1.253230059999999868e-01 9.264237999999999640e-02 3.287517079999999758e-01 3.450763399999999814e-01 7.325541399999999093e-02 9.716296599999998951e-02 2.282327539999999821e-01 2.738445259999999770e-01 0.000000000000000000e+00 1.098467539999999909e-01 3.432525779999999749e-01 2.749124299999999854e-01 4.249111060000000384e-01 2.184339759999999742e-01 1.334701680000000279e-01 1.020198499999999814e-01 1.047252139999999831e-01 1.101163360000000091e-01 1.036297819999999897e-01 1.379554860000000160e-01 2.790627940000000029e-01 4.120939259999999993e-01
6.561435999999999658e-02 8.143112999999999047e-02 2.428122219999999665e-01 2.453525399999999801e-01 8.472882400000000813e-02 6.052400599999999825e-02 2.658696839999999950e-01 2.156604240000000172e-01 1.098467539999999909e-01 0.000000000000000000e+00 2.452432780000000090e-01 1.560483260000000150e-01 2.396028520000000328e-01 4.541341200000000855e-01 7.487978400000000478e-02 2.078511399999999898e-01 1.401399219999999723e-01 1.331349900000000086e-01 1.667994180000000326e-01 1.473071539999999957e-01 3.388006700000000260e-01 1.891639580000000209e-01
1.217240019999999978e-01 7.888429600000000652e-02 6.063038459999999796e-01 2.156653600000000282e-01 5.804349600000000692e-02 1.287914659999999933e-01 2.040669740000000121e-01 1.241587060000000076e-01 3.432525779999999749e-01 2.452432780000000090e-01 0.000000000000000000e+00 2.440499120000000077e-01 7.363484799999999719e-01 2.299790720000000344e-01 8.263481599999999982e-02 6.311322599999999450e-02 8.502696399999999655e-02 1.205736740000000057e-01 1.025246939999999995e-01 1.097418440000000051e-01 5.770459640000000778e-01 4.504986300000000665e-01
1.316986119999999927e-01 1.400242819999999999e-01 2.025543439999999973e-01 4.639093160000000715e-01 1.037937480000000051e-01 1.465512699999999835e-01 1.323892760000000002e-01 3.422434520000000036e-01 2.749124299999999854e-01 1.560483260000000150e-01 2.440499120000000077e-01 0.000000000000000000e+00 2.037077480000000218e-01 3.887231679999999523e-01 1.137559479999999956e-01 9.418546799999999442e-02 1.531419660000000182e-01 1.220961979999999752e-01 1.631778259999999980e-01 1.273396119999999909e-01 1.560335220000000078e-01 4.481956779999999863e-01
1.161056119999999969e-01 1.006094459999999913e-01 5.672709360000001144e-01 1.879845139999999915e-01 6.486295200000000150e-02 1.060971059999999966e-01 1.764759539999999904e-01 1.250658440000000093e-01 4.249111060000000384e-01 2.396028520000000328e-01 7.363484799999999719e-01 2.037077480000000218e-01 0.000000000000000000e+00 1.935633860000000039e-01 8.638167399999999163e-02 9.630859599999999632e-02 9.463729799999999470e-02 1.249648059999999977e-01 1.077174480000000073e-01 1.183905319999999789e-01 5.663190059999999582e-01 3.914718019999999798e-01
1.176398459999999924e-01 1.549174700000000016e-01 1.598760960000000231e-01 4.015438719999999684e-01 1.218145319999999893e-01 9.618888999999999911e-02 1.723650499999999919e-01 2.168513340000000067e-01 2.184339759999999742e-01 4.541341200000000855e-01 2.299790720000000344e-01 3.887231679999999523e-01 1.935633860000000039e-01 0.000000000000000000e+00 1.051546800000000143e-01 6.983396599999999732e-02 1.632212560000000090e-01 1.139903120000000103e-01 1.618570119999999946e-01 1.371967080000000005e-01 9.117905199999999655e-02 3.156655220000000317e-01
6.985632799999999532e-02 6.279409999999999159e-02 1.087961919999999860e-01 1.091595880000000018e-01 6.976312600000000863e-02 8.197311999999999654e-02 3.357041459999999811e-01 2.436004480000000250e-01 1.334701680000000279e-01 7.487978400000000478e-02 8.263481599999999982e-02 1.137559479999999956e-01 8.638167399999999163e-02 1.051546800000000143e-01 0.000000000000000000e+00 2.116123179999999659e-01 4.117044480000000561e-01 2.107920239999999945e-01 3.266124160000000165e-01 2.706477440000000234e-01 6.745954600000000911e-02 9.712687000000000404e-02
5.613694200000000217e-02 8.671830199999999711e-02 6.575600199999999396e-02 1.195250859999999749e-01 8.995804800000001267e-02 5.952680200000000366e-02 4.658493280000000070e-01 6.442876579999999853e-01 1.020198499999999814e-01 2.078511399999999898e-01 6.311322599999999450e-02 9.418546799999999442e-02 9.630859599999999632e-02 6.983396599999999732e-02 2.116123179999999659e-01 0.000000000000000000e+00 5.161330699999998606e-01 6.543199879999999080e-01 5.785845760000000171e-01 6.020079819999999415e-01 8.321428000000000158e-02 8.849974000000000729e-02
5.850246999999999392e-02 5.501992599999999678e-02 1.538212440000000236e-01 1.356022600000000300e-01 6.018092000000000580e-02 7.281340399999999824e-02 5.971348639999999319e-01 5.728511779999999609e-01 1.047252139999999831e-01 1.401399219999999723e-01 8.502696399999999655e-02 1.531419660000000182e-01 9.463729799999999470e-02 1.632212560000000090e-01 4.117044480000000561e-01 5.161330699999998606e-01 0.000000000000000000e+00 5.802877520000000455e-01 9.584865080000000148e-01 6.396942580000001266e-01 1.214109620000000112e-01 1.968157799999999957e-01
6.883266200000000279e-02 6.447021999999999475e-02 1.495237299999999936e-01 1.003965799999999992e-01 6.272419600000000983e-02 7.549876400000000987e-02 5.301759040000000311e-01 5.583483920000000822e-01 1.101163360000000091e-01 1.331349900000000086e-01 1.205736740000000057e-01 1.220961979999999752e-01 1.249648059999999977e-01 1.139903120000000103e-01 2.107920239999999945e-01 6.543199879999999080e-01 5.802877520000000455e-01 0.000000000000000000e+00 6.293635879999999183e-01 9.029835419999999724e-01 1.354415919999999995e-01 2.112813739999999940e-01
5.133307399999999937e-02 5.702460799999999747e-02 1.567180920000000033e-01 1.395509960000000105e-01 6.100343400000000221e-02 7.982235000000000025e-02 6.208441540000000369e-01 6.112675800000000326e-01 1.036297819999999897e-01 1.667994180000000326e-01 1.025246939999999995e-01 1.631778259999999980e-01 1.077174480000000073e-01 1.618570119999999946e-01 3.266124160000000165e-01 5.785845760000000171e-01 9.584865080000000148e-01 6.293635879999999183e-01 0.000000000000000000e+00 6.629759699999999700e-01 1.373022740000000019e-01 2.175020440000000055e-01
8.349871200000000271e-02 6.719911200000000528e-02 1.561051539999999682e-01 1.427037440000000212e-01 6.882058400000000409e-02 8.188952800000000309e-02 6.218024819999999897e-01 6.099440459999999620e-01 1.379554860000000160e-01 1.473071539999999957e-01 1.097418440000000051e-01 1.273396119999999909e-01 1.183905319999999789e-01 1.371967080000000005e-01 2.706477440000000234e-01 6.020079819999999415e-01 6.396942580000001266e-01 9.029835419999999724e-01 6.629759699999999700e-01 0.000000000000000000e+00 1.342790939999999877e-01 2.157904260000000352e-01
1.008950239999999859e-01 6.023653599999999331e-02 5.291333580000000536e-01 1.699452159999999823e-01 6.585655399999998383e-02 8.893411399999999467e-02 1.445671739999999927e-01 1.497834599999999794e-01 2.790627940000000029e-01 3.388006700000000260e-01 5.770459640000000778e-01 1.560335220000000078e-01 5.663190059999999582e-01 9.117905199999999655e-02 6.745954600000000911e-02 8.321428000000000158e-02 1.214109620000000112e-01 1.354415919999999995e-01 1.373022740000000019e-01 1.342790939999999877e-01 0.000000000000000000e+00 5.243829359999999662e-01
9.778617800000000138e-02 8.779319599999999002e-02 4.147895440000000100e-01 4.076584540000000034e-01 6.322418799999998673e-02 1.021073139999999907e-01 2.185075419999999990e-01 3.126235139999999357e-01 4.120939259999999993e-01 1.891639580000000209e-01 4.504986300000000665e-01 4.481956779999999863e-01 3.914718019999999798e-01 3.156655220000000317e-01 9.712687000000000404e-02 8.849974000000000729e-02 1.968157799999999957e-01 2.112813739999999940e-01 2.175020440000000055e-01 2.157904260000000352e-01 5.243829359999999662e-01 0.000000000000000000e+00
