0.000000000000000000e+00 3.951487539999999909e-01 1.056241860000000088e-01 4.482153620000000060e-01 3.616430820000000046e-01 7.577899639999999826e-01 7.328258400000001171e-02 4.869739399999999802e-02 1.214258379999999943e-01 1.069732820000000029e-01 1.184320099999999903e-01 8.297728799999999627e-02 1.125221459999999896e-01 1.033862440000000021e-01 8.296105800000000419e-02 1.250163599999999930e-01 6.024613399999999286e-02 6.240166400000000252e-02 6.518611800000000123e-02 8.135376199999999614e-02 9.867217200000000243e-02 8.192730000000000845e-02
3.951487539999999909e-01 0.000000000000000000e+00 2.046057160000000208e-01 3.048130219999999890e-01 7.616187200000000823e-01 2.540062040000000687e-01 3.816740999999999884e-02 4.356312600000000063e-02 7.064775000000000915e-02 1.191974979999999851e-01 8.012068199999999862e-02 8.563954399999999800e-02 5.745526000000000799e-02 9.262626199999998700e-02 8.720737200000000522e-02 9.136321799999999604e-02 6.252779999999999450e-02 5.179026199999999663e-02 6.636096199999999556e-02 6.836547000000001151e-02 9.255487199999999637e-02 8.798651799999999967e-02
1.056241860000000088e-01 2.046057160000000208e-01 0.000000000000000000e+00 3.256885600000000158e-01 2.742486299999999932e-01 1.405126160000000068e-01 9.609865600000000452e-02 1.312034660000000186e-01 2.651125160000000203e-01 1.926573380000000113e-01 6.131303080000000127e-01 2.136276599999999970e-01 5.820549939999999367e-01 1.509772560000000041e-01 1.272122279999999828e-01 1.069400380000000012e-01 1.938108239999999927e-01 2.114355840000000097e-01 2.078906219999999971e-01 2.122150019999999859e-01 5.285178739999999431e-01 3.974655939999999776e-01
4.482153620000000060e-01 3.048130219999999890e-01 3.256885600000000158e-01 0.000000000000000000e+00 3.056247579999999964e-01 3.643716599999999861e-01 1.607457860000000016e-01 2.952809679999999770e-01 2.965027040000000058e-01 1.995543140000000104e-01 2.865409859999999975e-01 4.840222100000000083e-01 2.524675580000000363e-01 3.971278560000000013e-01 1.472506579999999787e-01 1.000416779999999950e-01 1.539318139999999724e-01 1.650095719999999933e-01 1.726785119999999785e-01 1.761256680000000130e-01 2.079431519999999922e-01 4.352621199999999746e-01
3.616430820000000046e-01 7.616187200000000823e-01 2.742486299999999932e-01 3.056247579999999964e-01 0.000000000000000000e+00 3.384505940000000490e-01 5.689908000000000465e-02 5.328211800000000331e-02 7.857763600000000626e-02 9.475416000000000394e-02 8.934868399999999766e-02 6.897732800000000442e-02 5.991328799999999510e-02 8.724697600000000386e-02 6.502955800000001507e-02 1.016296360000000093e-01 6.054835199999999279e-02 5.689517400000000669e-02 7.246398800000000695e-02 6.649920000000000830e-02 6.583788799999999719e-02 9.633284999999999765e-02
7.577899639999999826e-01 2.540062040000000687e-01 1.405126160000000068e-01 3.643716599999999861e-01 3.384505940000000490e-01 0.000000000000000000e+00 8.206225999999999798e-02 5.642395000000000049e-02 1.260145060000000261e-01 1.010592780000000024e-01 8.849977800000000117e-02 1.028286739999999949e-01 9.830596999999999253e-02 1.401178680000000065e-01 5.739060999999999468e-02 7.664643999999999624e-02 4.670065799999999212e-02 5.012516399999999983e-02 4.964836999999999723e-02 7.153703799999999724e-02 7.536489600000000066e-02 8.002459400000000445e-02
7.328258400000001171e-02 3.816740999999999884e-02 9.609865600000000452e-02 1.607457860000000016e-01 5.689908000000000465e-02 8.206225999999999798e-02 0.000000000000000000e+00 5.969521579999998995e-01 2.250833479999999887e-01 2.384427720000000250e-01 1.832043339999999965e-01 8.995023599999998898e-02 1.320116520000000071e-01 1.632774680000000089e-01 2.868229660000000125e-01 4.326566219999999907e-01 5.788296440000000320e-01 5.583392000000000355e-01 6.241786339999999544e-01 6.202189499999999356e-01 1.006839720000000105e-01 1.885566280000000039e-01
4.869739399999999802e-02 4.356312600000000063e-02 1.312034660000000186e-01 2.952809679999999770e-01 5.328211800000000331e-02 5.642395000000000049e-02 5.969521579999998995e-01 0.000000000000000000e+00 2.167133980000000015e-01 2.245732439999999774e-01 1.224645259999999902e-01 2.557723719999999701e-01 1.040652179999999871e-01 2.218221799999999799e-01 2.319426379999999788e-01 6.312207080000000747e-01 5.582381199999999488e-01 5.997897719999999433e-01 6.117084800000001099e-01 6.200508220000000570e-01 1.422987320000000111e-01 2.733662980000000076e-01
1.214258379999999943e-01 7.064775000000000915e-02 2.651125160000000203e-01 2.965027040000000058e-01 7.857763600000000626e-02 1.260145060000000261e-01 2.250833479999999887e-01 2.167133980000000015e-01 0.000000000000000000e+00 1.240988500000000244e-01 3.120417420000000108e-01 2.419555139999999827e-01 3.598968339999999988e-01 1.974475680000000177e-01 1.120042799999999977e-01 7.846504599999999663e-02 1.044023460000000070e-01 1.157764540000000009e-01 9.022708399999999906e-02 1.294229339999999895e-01 2.261833560000000021e-01 2.995690899999999823e-01
1.069732820000000029e-01 1.191974979999999851e-01 1.926573380000000113e-01 1.995543140000000104e-01 9.475416000000000394e-02 1.010592780000000024e-01 2.384427720000000250e-01 2.245732439999999774e-01 1.240988500000000244e-01 0.000000000000000000e+00 2.511082599999999720e-01 1.502203599999999972e-01 2.193767000000000356e-01 4.174448759999999647e-01 1.325262319999999938e-01 1.607022880000000264e-01 1.298064879999999977e-01 1.315965779999999918e-01 1.617015799999999837e-01 1.395540259999999977e-01 2.995904420000000123e-01 2.030961079999999974e-01
1.184320099999999903e-01 8.012068199999999862e-02 6.131303080000000127e-01 2.865409859999999975e-01 8.934868399999999766e-02 8.849977800000000117e-02 1.832043339999999965e-01 1.224645259999999902e-01 3.120417420000000108e-01 2.511082599999999720e-01 0.000000000000000000e+00 2.420918180000000142e-01 6.897357219999999955e-01 1.786738360000000303e-01 1.092031600000000074e-01 6.116338000000000330e-02 1.102911279999999883e-01 1.254026840000000143e-01 1.417905620000000089e-01 1.175193480000000096e-01 6.168900000000000494e-01 4.762827379999999278e-01
8.297728799999999627e-02 8.563954399999999800e-02 2.136276599999999970e-01 4.840222100000000083e-01 6.897732800000000442e-02 1.028286739999999949e-01 8.995023599999998898e-02 2.557723719999999701e-01 2.419555139999999827e-01 1.502203599999999972e-01 2.420918180000000142e-01 0.000000000000000000e+00 2.281360519999999781e-01 3.461483779999999788e-01 9.122396599999998967e-02 5.298493799999999532e-02 1.394776360000000159e-01 1.272060620000000086e-01 1.494126600000000027e-01 1.197128739999999969e-01 1.871479939999999842e-01 4.495850599999999808e-01
1.125221459999999896e-01 5.745526000000000799e-02 5.820549939999999367e-01 2.524675580000000363e-01 5.991328799999999510e-02 9.830596999999999253e-02 1.320116520000000071e-01 1.040652179999999871e-01 3.598968339999999988e-01 2.193767000000000356e-01 6.897357219999999955e-01 2.281360519999999781e-01 0.000000000000000000e+00 1.576464939999999981e-01 1.028429180000000054e-01 6.742225800000001268e-02 1.173477219999999877e-01 1.077684839999999838e-01 1.410672699999999946e-01 1.087016079999999912e-01 5.895298439999999696e-01 3.944183680000000192e-01
1.033862440000000021e-01 9.262626199999998700e-02 1.509772560000000041e-01 3.971278560000000013e-01 8.724697600000000386e-02 1.401178680000000065e-01 1.632774680000000089e-01 2.218221799999999799e-01 1.974475680000000177e-01 4.174448759999999647e-01 1.786738360000000303e-01 3.461483779999999788e-01 1.576464939999999981e-01 0.000000000000000000e+00 1.014366240000000030e-01 9.552032800000001544e-02 1.405457199999999851e-01 1.317300339999999959e-01 1.452802140000000186e-01 1.369621759999999910e-01 1.281564899999999840e-01 2.967761959999999921e-01
8.296105800000000419e-02 8.720737200000000522e-02 1.272122279999999828e-01 1.472506579999999787e-01 6.502955800000001507e-02 5.739060999999999468e-02 2.868229660000000125e-01 2.319426379999999788e-01 1.120042799999999977e-01 1.325262319999999938e-01 1.092031600000000074e-01 9.122396599999998967e-02 1.028429180000000054e-01 1.014366240000000030e-01 0.000000000000000000e+00 1.848016799999999960e-01 3.767505500000000174e-01 1.865958600000000023e-01 3.018423020000000068e-01 2.343606279999999875e-01 1.008998099999999926e-01 1.404313600000000051e-01
1.250163599999999930e-01 9.136321799999999604e-02 1.069400380000000012e-01 1.000416779999999950e-01 1.016296360000000093e-01 7.664643999999999624e-02 4.326566219999999907e-01 6.312207080000000747e-01 7.846504599999999663e-02 1.607022880000000264e-01 6.116338000000000330e-02 5.298493799999999532e-02 6.742225800000001268e-02 9.552032800000001544e-02 1.848016799999999960e-01 0.000000000000000000e+00 4.542179899999999604e-01 6.286226119999999140e-01 5.200548980000000432e-01 5.664622140000000750e-01 9.795542399999998540e-02 8.468938200000000749e-02
6.024613399999999286e-02 6.252779999999999450e-02 1.938108239999999927e-01 1.539318139999999724e-01 6.054835199999999279e-02 4.670065799999999212e-02 5.788296440000000320e-01 5.582381199999999488e-01 1.044023460000000070e-01 1.298064879999999977e-01 1.102911279999999883e-01 1.394776360000000159e-01 1.173477219999999877e-01 1.405457199999999851e-01 3.767505500000000174e-01 4.542179899999999604e-01 0.000000000000000000e+00 5.650377040000000850e-01 9.592121539999999280e-01 6.059876959999999091e-01 1.407405919999999977e-01 1.748593639999999894e-01
6.240166400000000252e-02 5.179026199999999663e-02 2.114355840000000097e-01 1.650095719999999933e-01 5.689517400000000669e-02 5.012516399999999983e-02 5.583392000000000355e-01 5.997897719999999433e-01 1.157764540000000009e-01 1.315965779999999918e-01 1.254026840000000143e-01 1.272060620000000086e-01 1.077684839999999838e-01 1.317300339999999959e-01 1.865958600000000023e-01 6.286226119999999140e-01 5.650377040000000850e-01 0.000000000000000000e+00 6.329440139999999992e-01 9.177850339999998885e-01 1.854415219999999975e-01 2.012075540000000107e-01
6.518611800000000123e-02 6.636096199999999556e-02 2.078906219999999971e-01 1.726785119999999785e-01 7.246398800000000695e-02 4.964836999999999723e-02 6.241786339999999544e-01 6.117084800000001099e-01 9.022708399999999906e-02 1.617015799999999837e-01 1.417905620000000089e-01 1.494126600000000027e-01 1.410672699999999946e-01 1.452802140000000186e-01 3.018423020000000068e-01 5.200548980000000432e-01 9.592121539999999280e-01 6.329440139999999992e-01 0.000000000000000000e+00 6.586084279999999680e-01 1.655288900000000119e-01 2.008102399999999732e-01
8.135376199999999614e-02 6.836547000000001151e-02 2.122150019999999859e-01 1.761256680000000130e-01 6.649920000000000830e-02 7.153703799999999724e-02 6.202189499999999356e-01 6.200508220000000570e-01 1.294229339999999895e-01 1.395540259999999977e-01 1.175193480000000096e-01 1.197128739999999969e-01 1.087016079999999912e-01 1.369621759999999910e-01 2.343606279999999875e-01 5.664622140000000750e-01 6.059876959999999091e-01 9.177850339999998885e-01 6.586084279999999680e-01 0.000000000000000000e+00 1.942810739999999980e-01 1.961998000000000075e-01
9.867217200000000243e-02 9.255487199999999637e-02 5.285178739999999431e-01 2.079431519999999922e-01 6.583788799999999719e-02 7.536489600000000066e-02 1.006839720000000105e-01 1.422987320000000111e-01 2.261833560000000021e-01 2.995904420000000123e-01 6.168900000000000494e-01 1.871479939999999842e-01 5.895298439999999696e-01 1.281564899999999840e-01 1.008998099999999926e-01 9.795542399999998540e-02 1.407405919999999977e-01 1.854415219999999975e-01 1.655288900000000119e-01 1.942810739999999980e-01 0.000000000000000000e+00 5.019621520000000503e-01
8.192730000000000845e-02 8.798651799999999967e-02 3.974655939999999776e-01 4.352621199999999746e-01 9.633284999999999765e-02 8.002459400000000445e-02 1.885566280000000039e-01 2.733662980000000076e-01 2.995690899999999823e-01 2.030961079999999974e-01 4.762827379999999278e-01 4.495850599999999808e-01 3.944183680000000192e-01 2.967761959999999921e-01 1.404313600000000051e-01 8.468938200000000749e-02 1.748593639999999894e-01 2.012075540000000107e-01 2.008102399999999732e-01 1.961998000000000075e-01 5.019621520000000503e-01 0.000000000000000000e+00
