0.000000000000000000e+00 7.006076540000000241e-01 5.585229059999999857e-01 5.685688580000000103e-01 7.641705780000001003e-01 9.017699080000001199e-01 1.213066960000000194e-01 1.741255899999999968e-01 2.620398859999999996e-01 2.219386939999999642e-01 2.410269480000000186e-01 1.584909059999999870e-01 2.654103019999999868e-01 1.530439739999999715e-01 8.012033400000000138e-02 1.062024480000000048e-01 1.179534759999999877e-01 1.217851000000000072e-01 1.214771560000000028e-01 1.620314539999999914e-01 2.680183900000000508e-01 2.424709280000000022e-01
7.006076540000000241e-01 0.000000000000000000e+00 5.503295880000000917e-01 4.754960240000000171e-01 8.889070219999999356e-01 6.640979699999999264e-01 8.540672000000000541e-02 1.709656299999999796e-01 2.308942939999999999e-01 1.759019359999999810e-01 1.988701100000000166e-01 1.818517659999999980e-01 2.339744760000000423e-01 1.637501319999999927e-01 6.921063000000000909e-02 8.019550000000000289e-02 1.344617899999999977e-01 1.082608940000000103e-01 1.529169979999999707e-01 1.415470799999999918e-01 2.312111000000000305e-01 2.112661859999999669e-01
5.585229059999999857e-01 5.503295880000000917e-01 0.000000000000000000e+00 5.872832539999999213e-01 5.635792899999999550e-01 5.526545339999999751e-01 4.099998919999999769e-01 3.606178340000000260e-01 5.874991720000000139e-01 4.792449039999999161e-01 6.609845920000000374e-01 3.171966999999999981e-01 6.526287319999999337e-01 2.846958919999999504e-01 1.887833760000000027e-01 1.177504119999999987e-01 1.447008620000000134e-01 7.551180999999999865e-02 1.792670479999999844e-01 1.414519260000000056e-01 6.306672300000000231e-01 5.598260480000000205e-01
5.685688580000000103e-01 4.754960240000000171e-01 5.872832539999999213e-01 0.000000000000000000e+00 4.895519320000000230e-01 5.495545720000001300e-01 3.127341879999999685e-01 5.285468539999998994e-01 5.618522839999998686e-01 6.328001059999999178e-01 4.210864380000000073e-01 6.296574300000000735e-01 4.283085660000000017e-01 6.011120500000000089e-01 1.125611699999999882e-01 1.733869180000000010e-01 1.429644440000000238e-01 1.022932879999999961e-01 1.782558819999999766e-01 1.737423359999999695e-01 5.080379540000000693e-01 6.221252740000000614e-01
7.641705780000001003e-01 8.889070219999999356e-01 5.635792899999999550e-01 4.895519320000000230e-01 0.000000000000000000e+00 7.327158060000000805e-01 1.115691940000000104e-01 1.758025040000000261e-01 2.476696220000000059e-01 1.862961579999999895e-01 2.103746839999999785e-01 1.655279900000000137e-01 2.374374579999999901e-01 1.547070979999999873e-01 5.794888200000000017e-02 1.029599160000000124e-01 1.081337460000000028e-01 1.128336559999999905e-01 1.267607679999999959e-01 1.420300840000000009e-01 2.403759639999999975e-01 2.301145960000000323e-01
9.017699080000001199e-01 6.640979699999999264e-01 5.526545339999999751e-01 5.495545720000001300e-01 7.327158060000000805e-01 0.000000000000000000e+00 1.408757360000000014e-01 1.825835979999999859e-01 2.604309639999999870e-01 2.174153860000000160e-01 2.388071199999999839e-01 1.569482239999999973e-01 2.607773940000000512e-01 1.595791919999999808e-01 1.035128079999999978e-01 1.220384679999999972e-01 1.086872259999999979e-01 9.745627200000001045e-02 1.102061619999999964e-01 1.327609479999999897e-01 2.561162920000000232e-01 2.405750519999999837e-01
1.213066960000000194e-01 8.540672000000000541e-02 4.099998919999999769e-01 3.127341879999999685e-01 1.115691940000000104e-01 1.408757360000000014e-01 0.000000000000000000e+00 4.796379799999999638e-01 4.635788459999999889e-01 4.088779280000000016e-01 4.639426379999999628e-01 3.026443220000000212e-01 4.019857299999999856e-01 2.671544339999999407e-01 6.060239360000000408e-01 3.342824420000000130e-01 1.488261799999999746e-01 1.663492859999999851e-01 1.609281519999999910e-01 4.161441940000000228e-01 4.555520740000000290e-01 4.271952499999999153e-01
1.741255899999999968e-01 1.709656299999999796e-01 3.606178340000000260e-01 5.285468539999998994e-01 1.758025040000000261e-01 1.825835979999999859e-01 4.796379799999999638e-01 0.000000000000000000e+00 5.365728319999999441e-01 5.922260000000000302e-01 4.092649579999999565e-01 5.938998119999999714e-01 3.983949500000000254e-01 5.311302359999999778e-01 1.576764279999999796e-01 5.057651639999999338e-01 1.561199419999999838e-01 1.319805399999999795e-01 2.750234879999999826e-01 2.930068540000000388e-01 4.436632079999999756e-01 5.746005860000000798e-01
2.620398859999999996e-01 2.308942939999999999e-01 5.874991720000000139e-01 5.618522839999998686e-01 2.476696220000000059e-01 2.604309639999999870e-01 4.635788459999999889e-01 5.365728319999999441e-01 0.000000000000000000e+00 5.415576699999999910e-01 6.231654740000001080e-01 4.848075379999999268e-01 7.071987600000000374e-01 4.260153899999999938e-01 1.700421939999999799e-01 2.122134719999999586e-01 1.248303099999999999e-01 8.481303599999999443e-02 1.852700379999999980e-01 2.207665259999999630e-01 6.747416179999999875e-01 6.759453879999999248e-01
2.219386939999999642e-01 1.759019359999999810e-01 4.792449039999999161e-01 6.328001059999999178e-01 1.862961579999999895e-01 2.174153860000000160e-01 4.088779280000000016e-01 5.922260000000000302e-01 5.415576699999999910e-01 0.000000000000000000e+00 5.266312340000000036e-01 6.583187280000000197e-01 5.024360019999999372e-01 7.387348719999999869e-01 1.606224279999999838e-01 2.512317579999999717e-01 1.351444620000000207e-01 9.314555799999998942e-02 1.974914680000000033e-01 2.610522279999999973e-01 5.970213459999998973e-01 6.468151979999999801e-01
2.410269480000000186e-01 1.988701100000000166e-01 6.609845920000000374e-01 4.210864380000000073e-01 2.103746839999999785e-01 2.388071199999999839e-01 4.639426379999999628e-01 4.092649579999999565e-01 6.231654740000001080e-01 5.266312340000000036e-01 0.000000000000000000e+00 3.403370119999999943e-01 7.823210780000000586e-01 3.120659559999999777e-01 1.591966999999999965e-01 1.315990760000000093e-01 1.418998940000000264e-01 8.871426999999999785e-02 1.970420780000000094e-01 1.948277419999999982e-01 7.434612460000000755e-01 6.239047180000000248e-01
1.584909059999999870e-01 1.818517659999999980e-01 3.171966999999999981e-01 6.296574300000000735e-01 1.655279900000000137e-01 1.569482239999999973e-01 3.026443220000000212e-01 5.938998119999999714e-01 4.848075379999999268e-01 6.583187280000000197e-01 3.403370119999999943e-01 0.000000000000000000e+00 3.319605700000000104e-01 7.126444180000000017e-01 1.181517279999999975e-01 1.977139720000000156e-01 1.037176560000000053e-01 8.474321599999999621e-02 1.272367799999999938e-01 2.258547899999999997e-01 4.251133480000000020e-01 6.036866240000000605e-01
2.654103019999999868e-01 2.339744760000000423e-01 6.526287319999999337e-01 4.283085660000000017e-01 2.374374579999999901e-01 2.607773940000000512e-01 4.019857299999999856e-01 3.983949500000000254e-01 7.071987600000000374e-01 5.024360019999999372e-01 7.823210780000000586e-01 3.319605700000000104e-01 0.000000000000000000e+00 3.079801460000000102e-01 1.516044719999999901e-01 1.379950999999999817e-01 1.097291299999999942e-01 7.342997999999999192e-02 1.697655299999999978e-01 1.429855380000000231e-01 7.284046140000001168e-01 5.876353560000000531e-01
1.530439739999999715e-01 1.637501319999999927e-01 2.846958919999999504e-01 6.011120500000000089e-01 1.547070979999999873e-01 1.595791919999999808e-01 2.671544339999999407e-01 5.311302359999999778e-01 4.260153899999999938e-01 7.387348719999999869e-01 3.120659559999999777e-01 7.126444180000000017e-01 3.079801460000000102e-01 0.000000000000000000e+00 1.181196360000000001e-01 1.820165819999999823e-01 1.264869760000000010e-01 6.460469600000000312e-02 1.545281340000000114e-01 1.806992719999999664e-01 3.934564779999999984e-01 5.350716460000000119e-01
8.012033400000000138e-02 6.921063000000000909e-02 1.887833760000000027e-01 1.125611699999999882e-01 5.794888200000000017e-02 1.035128079999999978e-01 6.060239360000000408e-01 1.576764279999999796e-01 1.700421939999999799e-01 1.606224279999999838e-01 1.591966999999999965e-01 1.181517279999999975e-01 1.516044719999999901e-01 1.181196360000000001e-01 0.000000000000000000e+00 1.925425460000000089e-01 1.972956160000000070e-01 1.864610720000000055e-01 1.967426639999999838e-01 2.779458679999999848e-01 1.910261580000000015e-01 1.349005520000000069e-01
1.062024480000000048e-01 8.019550000000000289e-02 1.177504119999999987e-01 1.733869180000000010e-01 1.029599160000000124e-01 1.220384679999999972e-01 3.342824420000000130e-01 5.057651639999999338e-01 2.122134719999999586e-01 2.512317579999999717e-01 1.315990760000000093e-01 1.977139720000000156e-01 1.379950999999999817e-01 1.820165819999999823e-01 1.925425460000000089e-01 0.000000000000000000e+00 1.275323919999999944e-01 1.257287379999999788e-01 1.749901420000000152e-01 1.623541179999999917e-01 1.245916020000000096e-01 1.572757779999999772e-01
1.179534759999999877e-01 1.344617899999999977e-01 1.447008620000000134e-01 1.429644440000000238e-01 1.081337460000000028e-01 1.086872259999999979e-01 1.488261799999999746e-01 1.561199419999999838e-01 1.248303099999999999e-01 1.351444620000000207e-01 1.418998940000000264e-01 1.037176560000000053e-01 1.097291299999999942e-01 1.264869760000000010e-01 1.972956160000000070e-01 1.275323919999999944e-01 0.000000000000000000e+00 1.543398800000000126e-01 8.844975840000000034e-01 2.054362680000000052e-01 1.332214620000000127e-01 1.231802999999999926e-01
1.217851000000000072e-01 1.082608940000000103e-01 7.551180999999999865e-02 1.022932879999999961e-01 1.128336559999999905e-01 9.745627200000001045e-02 1.663492859999999851e-01 1.319805399999999795e-01 8.481303599999999443e-02 9.314555799999998942e-02 8.871426999999999785e-02 8.474321599999999621e-02 7.342997999999999192e-02 6.460469600000000312e-02 1.864610720000000055e-01 1.257287379999999788e-01 1.543398800000000126e-01 0.000000000000000000e+00 1.692021380000000019e-01 7.129892980000001046e-01 6.260150000000000436e-02 8.489011000000000473e-02
1.214771560000000028e-01 1.529169979999999707e-01 1.792670479999999844e-01 1.782558819999999766e-01 1.267607679999999959e-01 1.102061619999999964e-01 1.609281519999999910e-01 2.750234879999999826e-01 1.852700379999999980e-01 1.974914680000000033e-01 1.970420780000000094e-01 1.272367799999999938e-01 1.697655299999999978e-01 1.545281340000000114e-01 1.967426639999999838e-01 1.749901420000000152e-01 8.844975840000000034e-01 1.692021380000000019e-01 0.000000000000000000e+00 1.940480760000000138e-01 1.809578220000000182e-01 1.734384259999999789e-01
1.620314539999999914e-01 1.415470799999999918e-01 1.414519260000000056e-01 1.737423359999999695e-01 1.420300840000000009e-01 1.327609479999999897e-01 4.161441940000000228e-01 2.930068540000000388e-01 2.207665259999999630e-01 2.610522279999999973e-01 1.948277419999999982e-01 2.258547899999999997e-01 1.429855380000000231e-01 1.806992719999999664e-01 2.779458679999999848e-01 1.623541179999999917e-01 2.054362680000000052e-01 7.129892980000001046e-01 1.940480760000000138e-01 0.000000000000000000e+00 2.020078059999999842e-01 2.231820360000000003e-01
2.680183900000000508e-01 2.312111000000000305e-01 6.306672300000000231e-01 5.080379540000000693e-01 2.403759639999999975e-01 2.561162920000000232e-01 4.555520740000000290e-01 4.436632079999999756e-01 6.747416179999999875e-01 5.970213459999998973e-01 7.434612460000000755e-01 4.251133480000000020e-01 7.284046140000001168e-01 3.934564779999999984e-01 1.910261580000000015e-01 1.245916020000000096e-01 1.332214620000000127e-01 6.260150000000000436e-02 1.809578220000000182e-01 2.020078059999999842e-01 0.000000000000000000e+00 7.406142880000000650e-01
2.424709280000000022e-01 2.112661859999999669e-01 5.598260480000000205e-01 6.221252740000000614e-01 2.301145960000000323e-01 2.405750519999999837e-01 4.271952499999999153e-01 5.746005860000000798e-01 6.759453879999999248e-01 6.468151979999999801e-01 6.239047180000000248e-01 6.036866240000000605e-01 5.876353560000000531e-01 5.350716460000000119e-01 1.349005520000000069e-01 1.572757779999999772e-01 1.231802999999999926e-01 8.489011000000000473e-02 1.734384259999999789e-01 2.231820360000000003e-01 7.406142880000000650e-01 0.000000000000000000e+00
