0.000000000000000000e+00 7.094108339999999346e-01 5.035818360000000604e-01 5.914039700000000011e-01 7.553321320000000449e-01 9.093928879999999548e-01 1.664453439999999951e-01 1.945272640000000053e-01 2.314758100000000041e-01 2.202494720000000294e-01 2.161090379999999755e-01 1.549727740000000353e-01 2.304426140000000456e-01 1.339316859999999942e-01 8.655241200000000912e-02 1.333711200000000097e-01 1.171211380000000135e-01 9.285952600000001167e-02 1.364481539999999882e-01 9.536520200000001002e-02 2.173585319999999932e-01 2.255208119999999872e-01
7.094108339999999346e-01 0.000000000000000000e+00 5.359409400000000323e-01 5.311704760000000025e-01 8.563196100000001199e-01 6.806863020000000208e-01 1.345450579999999952e-01 1.589073900000000095e-01 2.257101800000000102e-01 2.301913739999999764e-01 2.153887560000000145e-01 1.649147859999999799e-01 2.024336780000000058e-01 1.471075300000000141e-01 1.023254960000000019e-01 1.227970040000000013e-01 1.131995840000000059e-01 8.529076599999999009e-02 1.127603900000000020e-01 6.897668999999999329e-02 2.336506479999999608e-01 2.307164039999999861e-01
5.035818360000000604e-01 5.359409400000000323e-01 0.000000000000000000e+00 5.946655819999999704e-01 5.771573700000000029e-01 5.153113040000001366e-01 4.458337959999999489e-01 3.798416479999999762e-01 5.988470280000000034e-01 4.728268959999999410e-01 6.936287239999999743e-01 2.981982579999999383e-01 6.731034660000000391e-01 2.797920360000000217e-01 2.049195659999999974e-01 1.462659159999999958e-01 1.310015160000000123e-01 7.066002000000000394e-02 1.531072119999999925e-01 1.481372140000000170e-01 6.678194079999999477e-01 5.781094380000000310e-01
5.914039700000000011e-01 5.311704760000000025e-01 5.946655819999999704e-01 0.000000000000000000e+00 5.405925480000000061e-01 5.706705739999999860e-01 3.445592119999999481e-01 5.297996780000000516e-01 5.072172480000001205e-01 6.172836819999999447e-01 4.079749899999999263e-01 5.887651659999999509e-01 3.991541799999999696e-01 5.319883799999999274e-01 1.320003599999999833e-01 2.553629679999999680e-01 1.432559739999999804e-01 6.551170200000000499e-02 1.943333859999999969e-01 2.016651420000000194e-01 4.751752659999999295e-01 5.907632999999999912e-01
7.553321320000000449e-01 8.563196100000001199e-01 5.771573700000000029e-01 5.405925480000000061e-01 0.000000000000000000e+00 7.518836519999999579e-01 1.446795419999999943e-01 1.594103360000000136e-01 2.524373520000000037e-01 2.231050739999999588e-01 2.359282799999999902e-01 1.364458139999999986e-01 2.416306800000000143e-01 1.261383219999999972e-01 9.959803999999999879e-02 1.019488899999999865e-01 1.298336139999999861e-01 9.487453399999999648e-02 1.273330020000000007e-01 7.555222400000000116e-02 2.468216920000000092e-01 2.427944699999999845e-01
9.093928879999999548e-01 6.806863020000000208e-01 5.153113040000001366e-01 5.706705739999999860e-01 7.518836519999999579e-01 0.000000000000000000e+00 1.482723019999999947e-01 1.899652159999999923e-01 2.275944860000000125e-01 2.187430800000000064e-01 2.259316479999999849e-01 1.410377159999999797e-01 2.338467119999999844e-01 1.369497259999999939e-01 9.035504599999999442e-02 1.043031419999999876e-01 1.179312420000000056e-01 9.764360200000000989e-02 1.384906239999999789e-01 1.043680380000000102e-01 2.256847319999999990e-01 2.269410460000000074e-01
1.664453439999999951e-01 1.345450579999999952e-01 4.458337959999999489e-01 3.445592119999999481e-01 1.446795419999999943e-01 1.482723019999999947e-01 0.000000000000000000e+00 5.056690219999999680e-01 4.876737460000000191e-01 4.150871340000000242e-01 4.880224500000000520e-01 3.209970100000000270e-01 4.428807840000000273e-01 2.752655200000000413e-01 6.155506560000000293e-01 3.520932880000000043e-01 1.908931219999999984e-01 1.550054760000000031e-01 1.951648579999999966e-01 4.418358059999999976e-01 4.512640879999999521e-01 4.533631539999999904e-01
1.945272640000000053e-01 1.589073900000000095e-01 3.798416479999999762e-01 5.297996780000000516e-01 1.594103360000000136e-01 1.899652159999999923e-01 5.056690219999999680e-01 0.000000000000000000e+00 5.072189380000000636e-01 5.731241340000000628e-01 4.078936180000000133e-01 5.643156959999999778e-01 3.990749740000000267e-01 4.471446419999999256e-01 1.821646060000000067e-01 5.358698719999999138e-01 1.694348920000000036e-01 1.456511060000000024e-01 2.945420319999999537e-01 3.522103060000000285e-01 4.563882099999999609e-01 5.387603559999999403e-01
2.314758100000000041e-01 2.257101800000000102e-01 5.988470280000000034e-01 5.072172480000001205e-01 2.524373520000000037e-01 2.275944860000000125e-01 4.876737460000000191e-01 5.072189380000000636e-01 0.000000000000000000e+00 5.226579499999999268e-01 6.117452500000000182e-01 4.451291359999999808e-01 7.226142979999999882e-01 4.122206679999999568e-01 2.046179659999999845e-01 1.829509340000000095e-01 1.266357800000000033e-01 7.766347799999999413e-02 1.652369220000000083e-01 2.803177059999999998e-01 6.660332319999999751e-01 6.414082420000000173e-01
2.202494720000000294e-01 2.301913739999999764e-01 4.728268959999999410e-01 6.172836819999999447e-01 2.231050739999999588e-01 2.187430800000000064e-01 4.150871340000000242e-01 5.731241340000000628e-01 5.226579499999999268e-01 0.000000000000000000e+00 5.004242839999999415e-01 6.480639659999999358e-01 4.816237199999999774e-01 7.210040240000000766e-01 1.328032520000000105e-01 2.973591640000000647e-01 1.387229000000000101e-01 1.296913319999999925e-01 1.827371560000000117e-01 2.790226399999999884e-01 5.767048420000000508e-01 6.324670620000001353e-01
2.161090379999999755e-01 2.153887560000000145e-01 6.936287239999999743e-01 4.079749899999999263e-01 2.359282799999999902e-01 2.259316479999999849e-01 4.880224500000000520e-01 4.078936180000000133e-01 6.117452500000000182e-01 5.004242839999999415e-01 0.000000000000000000e+00 2.890991299999999820e-01 7.912030079999999854e-01 2.729070180000000012e-01 1.614256419999999803e-01 1.291444419999999982e-01 1.094745239999999897e-01 7.900925999999999783e-02 1.362272339999999748e-01 1.913295060000000103e-01 7.602925959999999872e-01 6.340698979999999096e-01
1.549727740000000353e-01 1.649147859999999799e-01 2.981982579999999383e-01 5.887651659999999509e-01 1.364458139999999986e-01 1.410377159999999797e-01 3.209970100000000270e-01 5.643156959999999778e-01 4.451291359999999808e-01 6.480639659999999358e-01 2.890991299999999820e-01 0.000000000000000000e+00 2.904479180000000271e-01 6.916597859999999987e-01 1.196603000000000111e-01 2.644797300000000240e-01 9.350970799999999694e-02 1.226266020000000012e-01 1.186177500000000079e-01 2.743564960000000053e-01 3.751459220000000205e-01 5.433149620000000679e-01
2.304426140000000456e-01 2.024336780000000058e-01 6.731034660000000391e-01 3.991541799999999696e-01 2.416306800000000143e-01 2.338467119999999844e-01 4.428807840000000273e-01 3.990749740000000267e-01 7.226142979999999882e-01 4.816237199999999774e-01 7.912030079999999854e-01 2.904479180000000271e-01 0.000000000000000000e+00 2.637835760000000196e-01 1.279537020000000025e-01 1.278911479999999823e-01 1.008975600000000111e-01 7.968037199999999931e-02 1.408027139999999955e-01 1.635415700000000250e-01 7.369478220000000857e-01 5.869304319999999464e-01
1.339316859999999942e-01 1.471075300000000141e-01 2.797920360000000217e-01 5.319883799999999274e-01 1.261383219999999972e-01 1.369497259999999939e-01 2.752655200000000413e-01 4.471446419999999256e-01 4.122206679999999568e-01 7.210040240000000766e-01 2.729070180000000012e-01 6.916597859999999987e-01 2.637835760000000196e-01 0.000000000000000000e+00 1.057436380000000009e-01 2.137134699999999887e-01 1.162859699999999885e-01 9.914470799999999806e-02 1.417663299999999960e-01 2.229545199999999894e-01 3.425399599999999767e-01 4.950518240000000292e-01
8.655241200000000912e-02 1.023254960000000019e-01 2.049195659999999974e-01 1.320003599999999833e-01 9.959803999999999879e-02 9.035504599999999442e-02 6.155506560000000293e-01 1.821646060000000067e-01 2.046179659999999845e-01 1.328032520000000105e-01 1.614256419999999803e-01 1.196603000000000111e-01 1.279537020000000025e-01 1.057436380000000009e-01 0.000000000000000000e+00 2.055576540000000063e-01 1.350259699999999952e-01 1.868189400000000167e-01 1.361525080000000054e-01 2.358236640000000439e-01 1.423414319999999900e-01 1.665210259999999887e-01
1.333711200000000097e-01 1.227970040000000013e-01 1.462659159999999958e-01 2.553629679999999680e-01 1.019488899999999865e-01 1.043031419999999876e-01 3.520932880000000043e-01 5.358698719999999138e-01 1.829509340000000095e-01 2.973591640000000647e-01 1.291444419999999982e-01 2.644797300000000240e-01 1.278911479999999823e-01 2.137134699999999887e-01 2.055576540000000063e-01 0.000000000000000000e+00 8.769010200000000588e-02 1.221887559999999817e-01 1.930682939999999737e-01 2.325892880000000051e-01 1.645184439999999859e-01 1.792120819999999948e-01
1.171211380000000135e-01 1.131995840000000059e-01 1.310015160000000123e-01 1.432559739999999804e-01 1.298336139999999861e-01 1.179312420000000056e-01 1.908931219999999984e-01 1.694348920000000036e-01 1.266357800000000033e-01 1.387229000000000101e-01 1.094745239999999897e-01 9.350970799999999694e-02 1.008975600000000111e-01 1.162859699999999885e-01 1.350259699999999952e-01 8.769010200000000588e-02 0.000000000000000000e+00 1.659626499999999893e-01 8.845337460000000096e-01 2.216884159999999715e-01 1.050783239999999868e-01 1.080109259999999932e-01
9.285952600000001167e-02 8.529076599999999009e-02 7.066002000000000394e-02 6.551170200000000499e-02 9.487453399999999648e-02 9.764360200000000989e-02 1.550054760000000031e-01 1.456511060000000024e-01 7.766347799999999413e-02 1.296913319999999925e-01 7.900925999999999783e-02 1.226266020000000012e-01 7.968037199999999931e-02 9.914470799999999806e-02 1.868189400000000167e-01 1.221887559999999817e-01 1.659626499999999893e-01 0.000000000000000000e+00 1.845100519999999800e-01 6.741027360000000357e-01 6.115318200000000731e-02 8.775320400000000132e-02
1.364481539999999882e-01 1.127603900000000020e-01 1.531072119999999925e-01 1.943333859999999969e-01 1.273330020000000007e-01 1.384906239999999789e-01 1.951648579999999966e-01 2.945420319999999537e-01 1.652369220000000083e-01 1.827371560000000117e-01 1.362272339999999748e-01 1.186177500000000079e-01 1.408027139999999955e-01 1.417663299999999960e-01 1.361525080000000054e-01 1.930682939999999737e-01 8.845337460000000096e-01 1.845100519999999800e-01 0.000000000000000000e+00 2.145780139999999836e-01 1.458352039999999961e-01 1.505199520000000124e-01
9.536520200000001002e-02 6.897668999999999329e-02 1.481372140000000170e-01 2.016651420000000194e-01 7.555222400000000116e-02 1.043680380000000102e-01 4.418358059999999976e-01 3.522103060000000285e-01 2.803177059999999998e-01 2.790226399999999884e-01 1.913295060000000103e-01 2.743564960000000053e-01 1.635415700000000250e-01 2.229545199999999894e-01 2.358236640000000439e-01 2.325892880000000051e-01 2.216884159999999715e-01 6.741027360000000357e-01 2.145780139999999836e-01 0.000000000000000000e+00 2.030648359999999708e-01 2.367260739999999808e-01
2.173585319999999932e-01 2.336506479999999608e-01 6.678194079999999477e-01 4.751752659999999295e-01 2.468216920000000092e-01 2.256847319999999990e-01 4.512640879999999521e-01 4.563882099999999609e-01 6.660332319999999751e-01 5.767048420000000508e-01 7.602925959999999872e-01 3.751459220000000205e-01 7.369478220000000857e-01 3.425399599999999767e-01 1.423414319999999900e-01 1.645184439999999859e-01 1.050783239999999868e-01 6.115318200000000731e-02 1.458352039999999961e-01 2.030648359999999708e-01 0.000000000000000000e+00 7.175734240000000153e-01
2.255208119999999872e-01 2.307164039999999861e-01 5.781094380000000310e-01 5.907632999999999912e-01 2.427944699999999845e-01 2.269410460000000074e-01 4.533631539999999904e-01 5.387603559999999403e-01 6.414082420000000173e-01 6.324670620000001353e-01 6.340698979999999096e-01 5.433149620000000679e-01 5.869304319999999464e-01 4.950518240000000292e-01 1.665210259999999887e-01 1.792120819999999948e-01 1.080109259999999932e-01 8.775320400000000132e-02 1.505199520000000124e-01 2.367260739999999808e-01 7.175734240000000153e-01 0.000000000000000000e+00
