0.000000000000000000e+00 3.884495780000000176e-01 1.050324680000000177e-01 3.939053120000000630e-01 3.952470899999999676e-01 7.575906860000000131e-01 6.218888599999999878e-02 4.217529199999999617e-02 1.380049200000000031e-01 9.646540600000000354e-02 1.027586539999999909e-01 1.201407339999999990e-01 9.505153600000000591e-02 9.043197799999999620e-02 8.168503200000000464e-02 1.078886239999999885e-01 6.758258999999999794e-02 7.631453200000000436e-02 7.122097600000000528e-02 8.372440400000000227e-02 1.003229700000000113e-01 1.195831760000000132e-01
3.884495780000000176e-01 0.000000000000000000e+00 1.946057159999999842e-01 2.366378119999999752e-01 7.528817919999999386e-01 2.447790100000000191e-01 9.286060999999998233e-02 7.848265200000001385e-02 1.029065059999999948e-01 1.133389500000000077e-01 8.657478999999998481e-02 1.234684219999999943e-01 8.604873399999998784e-02 1.408831599999999795e-01 6.024090000000000000e-02 9.821374600000000454e-02 8.644075199999999570e-02 1.021985299999999819e-01 8.911687999999999554e-02 1.122308080000000013e-01 6.867662800000000345e-02 1.115503820000000035e-01
1.050324680000000177e-01 1.946057159999999842e-01 0.000000000000000000e+00 1.898608420000000019e-01 2.542565480000000266e-01 1.125861379999999884e-01 9.631736200000000359e-02 1.494321580000000371e-01 1.520127500000000020e-01 1.077145000000000047e-01 5.329078539999999586e-01 1.695458340000000064e-01 4.411676220000000370e-01 9.263744399999999934e-02 8.604705399999998394e-02 1.303650719999999708e-01 2.453844720000000201e-01 1.993504939999999892e-01 2.521054719999999971e-01 1.973958580000000074e-01 4.328654419999999337e-01 2.989497079999999807e-01
3.939053120000000630e-01 2.366378119999999752e-01 1.898608420000000019e-01 0.000000000000000000e+00 2.809450360000000368e-01 3.781354920000000730e-01 1.385171219999999648e-01 2.284614679999999731e-01 1.511754940000000214e-01 1.482328540000000250e-01 1.283950700000000000e-01 4.670462140000000706e-01 7.386931599999999043e-02 3.413421380000000172e-01 8.843034200000000900e-02 1.092954600000000109e-01 1.546373039999999754e-01 1.956374200000000063e-01 1.632798020000000017e-01 1.907338560000000072e-01 1.241997580000000073e-01 3.064825199999999805e-01
3.952470899999999676e-01 7.528817919999999386e-01 2.542565480000000266e-01 2.809450360000000368e-01 0.000000000000000000e+00 3.414367739999999984e-01 8.994907400000000386e-02 7.302534000000000802e-02 8.188659399999999311e-02 9.599794999999999856e-02 4.303947600000000012e-02 1.037336859999999916e-01 7.056307400000000341e-02 1.114804560000000055e-01 6.657064600000001109e-02 9.944492400000000398e-02 8.332731799999999744e-02 7.252282799999999752e-02 8.619176400000000404e-02 8.739633200000000712e-02 6.240263199999999955e-02 7.256309800000000643e-02
7.575906860000000131e-01 2.447790100000000191e-01 1.125861379999999884e-01 3.781354920000000730e-01 3.414367739999999984e-01 0.000000000000000000e+00 6.558708600000000277e-02 3.370116000000000084e-02 1.264203479999999880e-01 8.645387599999998507e-02 1.147010400000000041e-01 1.092984800000000034e-01 1.157242580000000104e-01 7.208131999999999040e-02 1.035003560000000017e-01 8.213196799999999964e-02 6.605679000000000411e-02 6.735892999999999742e-02 6.319111200000000761e-02 7.640597999999999834e-02 1.411222520000000036e-01 1.226577840000000197e-01
6.218888599999999878e-02 9.286060999999998233e-02 9.631736200000000359e-02 1.385171219999999648e-01 8.994907400000000386e-02 6.558708600000000277e-02 0.000000000000000000e+00 6.273208059999999531e-01 1.471440159999999886e-01 1.938308240000000127e-01 1.393721699999999897e-01 1.432649760000000161e-01 1.333484100000000006e-01 1.375613659999999905e-01 1.978105440000000326e-01 3.978374779999999666e-01 6.432181239999998912e-01 6.380962240000001007e-01 7.001986580000000293e-01 6.487542119999999413e-01 1.091786180000000189e-01 1.411246159999999805e-01
4.217529199999999617e-02 7.848265200000001385e-02 1.494321580000000371e-01 2.284614679999999731e-01 7.302534000000000802e-02 3.370116000000000084e-02 6.273208059999999531e-01 0.000000000000000000e+00 1.425770239999999967e-01 1.833145279999999766e-01 1.054510140000000096e-01 2.293505420000000183e-01 1.139048799999999861e-01 1.118365059999999883e-01 1.438116439999999885e-01 5.922969460000000463e-01 6.512311840000000185e-01 6.321920159999999678e-01 7.065292399999998363e-01 6.536897680000001154e-01 1.723016860000000094e-01 2.270194000000000101e-01
1.380049200000000031e-01 1.029065059999999948e-01 1.520127500000000020e-01 1.511754940000000214e-01 8.188659399999999311e-02 1.264203479999999880e-01 1.471440159999999886e-01 1.425770239999999967e-01 0.000000000000000000e+00 9.189635399999999954e-02 1.769534460000000142e-01 1.553051599999999977e-01 2.637637220000000338e-01 1.486972779999999883e-01 1.002201659999999855e-01 9.522119599999998019e-02 8.355650800000000156e-02 9.068686200000000697e-02 7.988490600000000552e-02 8.702792800000000439e-02 1.818975319999999729e-01 2.294107719999999850e-01
9.646540600000000354e-02 1.133389500000000077e-01 1.077145000000000047e-01 1.482328540000000250e-01 9.599794999999999856e-02 8.645387599999998507e-02 1.938308240000000127e-01 1.833145279999999766e-01 9.189635399999999954e-02 0.000000000000000000e+00 1.512068839999999859e-01 1.349088260000000372e-01 1.121152460000000017e-01 4.325954340000000009e-01 9.050250400000001139e-02 1.386942160000000368e-01 1.203567399999999898e-01 1.615533800000000242e-01 1.370940640000000155e-01 1.624090100000000203e-01 1.740138220000000124e-01 1.199666139999999992e-01
1.027586539999999909e-01 8.657478999999998481e-02 5.329078539999999586e-01 1.283950700000000000e-01 4.303947600000000012e-02 1.147010400000000041e-01 1.393721699999999897e-01 1.054510140000000096e-01 1.769534460000000142e-01 1.512068839999999859e-01 0.000000000000000000e+00 1.291586339999999944e-01 5.804018939999999738e-01 6.966146800000000416e-02 1.121367659999999988e-01 7.654038600000000192e-02 9.838623799999998698e-02 9.502744599999998765e-02 1.020657820000000077e-01 9.919313799999998627e-02 4.846569039999999440e-01 3.330821080000000434e-01
1.201407339999999990e-01 1.234684219999999943e-01 1.695458340000000064e-01 4.670462140000000706e-01 1.037336859999999916e-01 1.092984800000000034e-01 1.432649760000000161e-01 2.293505420000000183e-01 1.553051599999999977e-01 1.349088260000000372e-01 1.291586339999999944e-01 0.000000000000000000e+00 8.798526200000000852e-02 3.084500460000000333e-01 8.375707799999999870e-02 8.009808200000000100e-02 1.701123800000000075e-01 1.413237260000000106e-01 1.752202459999999962e-01 1.595695359999999841e-01 1.380727639999999867e-01 3.577075080000000074e-01
9.505153600000000591e-02 8.604873399999998784e-02 4.411676220000000370e-01 7.386931599999999043e-02 7.056307400000000341e-02 1.157242580000000104e-01 1.333484100000000006e-01 1.139048799999999861e-01 2.637637220000000338e-01 1.121152460000000017e-01 5.804018939999999738e-01 8.798526200000000852e-02 0.000000000000000000e+00 1.004984020000000006e-01 1.422648320000000077e-01 1.021102640000000061e-01 1.502564500000000136e-01 1.011240719999999954e-01 1.523811700000000102e-01 1.117681440000000137e-01 5.159220860000000020e-01 1.977902420000000050e-01
9.043197799999999620e-02 1.408831599999999795e-01 9.263744399999999934e-02 3.413421380000000172e-01 1.114804560000000055e-01 7.208131999999999040e-02 1.375613659999999905e-01 1.118365059999999883e-01 1.486972779999999883e-01 4.325954340000000009e-01 6.966146800000000416e-02 3.084500460000000333e-01 1.004984020000000006e-01 0.000000000000000000e+00 1.063865639999999890e-01 1.294328659999999798e-01 1.427983899999999973e-01 1.645716099999999793e-01 1.550705339999999821e-01 1.446512719999999974e-01 8.530495600000001510e-02 2.274761079999999824e-01
8.168503200000000464e-02 6.024090000000000000e-02 8.604705399999998394e-02 8.843034200000000900e-02 6.657064600000001109e-02 1.035003560000000017e-01 1.978105440000000326e-01 1.438116439999999885e-01 1.002201659999999855e-01 9.050250400000001139e-02 1.121367659999999988e-01 8.375707799999999870e-02 1.422648320000000077e-01 1.063865639999999890e-01 0.000000000000000000e+00 2.160115459999999987e-01 2.034016200000000052e-01 2.306219580000000158e-01 1.267493620000000043e-01 1.707646459999999922e-01 9.370273199999999691e-02 9.412051400000000234e-02
1.078886239999999885e-01 9.821374600000000454e-02 1.303650719999999708e-01 1.092954600000000109e-01 9.944492400000000398e-02 8.213196799999999964e-02 3.978374779999999666e-01 5.922969460000000463e-01 9.522119599999998019e-02 1.386942160000000368e-01 7.654038600000000192e-02 8.009808200000000100e-02 1.021102640000000061e-01 1.294328659999999798e-01 2.160115459999999987e-01 0.000000000000000000e+00 4.019248059999999678e-01 5.679011120000000412e-01 4.693771240000000344e-01 4.900031979999999732e-01 1.207011239999999930e-01 8.902560400000000818e-02
6.758258999999999794e-02 8.644075199999999570e-02 2.453844720000000201e-01 1.546373039999999754e-01 8.332731799999999744e-02 6.605679000000000411e-02 6.432181239999998912e-01 6.512311840000000185e-01 8.355650800000000156e-02 1.203567399999999898e-01 9.838623799999998698e-02 1.701123800000000075e-01 1.502564500000000136e-01 1.427983899999999973e-01 2.034016200000000052e-01 4.019248059999999678e-01 0.000000000000000000e+00 5.548224539999999649e-01 9.662057099999999954e-01 6.152607220000000376e-01 1.984862339999999836e-01 1.488808759999999953e-01
7.631453200000000436e-02 1.021985299999999819e-01 1.993504939999999892e-01 1.956374200000000063e-01 7.252282799999999752e-02 6.735892999999999742e-02 6.380962240000001007e-01 6.321920159999999678e-01 9.068686200000000697e-02 1.615533800000000242e-01 9.502744599999998765e-02 1.413237260000000106e-01 1.011240719999999954e-01 1.645716099999999793e-01 2.306219580000000158e-01 5.679011120000000412e-01 5.548224539999999649e-01 0.000000000000000000e+00 6.241940240000001250e-01 8.960761680000001173e-01 1.801462180000000246e-01 1.907951539999999946e-01
7.122097600000000528e-02 8.911687999999999554e-02 2.521054719999999971e-01 1.632798020000000017e-01 8.619176400000000404e-02 6.319111200000000761e-02 7.001986580000000293e-01 7.065292399999998363e-01 7.988490600000000552e-02 1.370940640000000155e-01 1.020657820000000077e-01 1.752202459999999962e-01 1.523811700000000102e-01 1.550705339999999821e-01 1.267493620000000043e-01 4.693771240000000344e-01 9.662057099999999954e-01 6.241940240000001250e-01 0.000000000000000000e+00 6.575422579999999906e-01 2.142919580000000046e-01 1.713090240000000042e-01
8.372440400000000227e-02 1.122308080000000013e-01 1.973958580000000074e-01 1.907338560000000072e-01 8.739633200000000712e-02 7.640597999999999834e-02 6.487542119999999413e-01 6.536897680000001154e-01 8.702792800000000439e-02 1.624090100000000203e-01 9.919313799999998627e-02 1.595695359999999841e-01 1.117681440000000137e-01 1.446512719999999974e-01 1.707646459999999922e-01 4.900031979999999732e-01 6.152607220000000376e-01 8.960761680000001173e-01 6.575422579999999906e-01 0.000000000000000000e+00 1.994958980000000048e-01 1.882143780000000155e-01
1.003229700000000113e-01 6.867662800000000345e-02 4.328654419999999337e-01 1.241997580000000073e-01 6.240263199999999955e-02 1.411222520000000036e-01 1.091786180000000189e-01 1.723016860000000094e-01 1.818975319999999729e-01 1.740138220000000124e-01 4.846569039999999440e-01 1.380727639999999867e-01 5.159220860000000020e-01 8.530495600000001510e-02 9.370273199999999691e-02 1.207011239999999930e-01 1.984862339999999836e-01 1.801462180000000246e-01 2.142919580000000046e-01 1.994958980000000048e-01 0.000000000000000000e+00 3.946025699999999858e-01
1.195831760000000132e-01 1.115503820000000035e-01 2.989497079999999807e-01 3.064825199999999805e-01 7.256309800000000643e-02 1.226577840000000197e-01 1.411246159999999805e-01 2.270194000000000101e-01 2.294107719999999850e-01 1.199666139999999992e-01 3.330821080000000434e-01 3.577075080000000074e-01 1.977902420000000050e-01 2.274761079999999824e-01 9.412051400000000234e-02 8.902560400000000818e-02 1.488808759999999953e-01 1.907951539999999946e-01 1.713090240000000042e-01 1.882143780000000155e-01 3.946025699999999858e-01 0.000000000000000000e+00
