0.000000000000000000e+00 9.829058799999999818e-02 9.585306999999999855e-02 3.113980899999999608e-01 2.205529840000000075e-01 5.422505479999999434e-01 2.409901399999999916e-01 3.133842339999999838e-01 2.558678679999999983e-01 1.603836140000000077e-01 1.243180919999999912e-01 2.434742379999999540e-01 1.943997140000000290e-01 2.436356640000000018e-01 2.374908500000000033e-01 2.310448220000000108e-01 2.592202639999999780e-01 2.517123739999999610e-01 2.459654740000000450e-01 2.552062359999999752e-01 1.221888880000000094e-01 1.998563020000000134e-01
9.829058799999999818e-02 0.000000000000000000e+00 1.845202219999999838e-01 2.401324420000000015e-01 6.337650619999999346e-01 2.582066940000000144e-01 2.669983360000000028e-01 2.061282819999999683e-01 1.879938120000000101e-01 3.157546079999999922e-01 2.163125259999999772e-01 3.049189019999999917e-01 2.465088539999999995e-01 2.944551940000000312e-01 2.379225699999999999e-01 2.205268539999999944e-01 2.303747700000000065e-01 2.236666079999999890e-01 1.963361979999999896e-01 2.139281119999999758e-01 2.817094379999999787e-01 2.444549160000000221e-01
9.585306999999999855e-02 1.845202219999999838e-01 0.000000000000000000e+00 2.569367459999999936e-01 2.202012160000000329e-01 1.269367339999999955e-01 5.582565819999999457e-01 2.776543839999999763e-01 3.615479220000000216e-01 6.029839939999999121e-01 8.238953139999999342e-01 3.344543220000000261e-01 8.110206119999998631e-01 2.871096960000000253e-01 3.692612499999999853e-01 3.000802640000000410e-01 3.865417480000000183e-01 2.770435900000000062e-01 3.485604519999999651e-01 3.668953019999999787e-01 7.971254059999999253e-01 3.473486319999999905e-01
3.113980899999999608e-01 2.401324420000000015e-01 2.569367459999999936e-01 0.000000000000000000e+00 2.082123719999999789e-01 3.406100659999999891e-01 2.586259160000000112e-01 7.383332920000000854e-01 5.344891119999999329e-01 2.824375639999999743e-01 2.700103059999999777e-01 7.265958019999999573e-01 3.051922219999999575e-01 5.940729679999999790e-01 3.162039119999999759e-01 3.396437319999999760e-01 2.420291039999999949e-01 3.481677399999999478e-01 2.593653479999999956e-01 2.877267399999999808e-01 2.717605200000000054e-01 5.756999539999999582e-01
2.205529840000000075e-01 6.337650619999999346e-01 2.202012160000000329e-01 2.082123719999999789e-01 0.000000000000000000e+00 2.792433659999999929e-01 2.191021200000000113e-01 1.892892340000000007e-01 1.717068659999999858e-01 2.264263119999999907e-01 1.868515359999999847e-01 2.547043760000000101e-01 2.423421219999999932e-01 2.184219780000000166e-01 1.807559940000000032e-01 2.068377480000000157e-01 1.746281699999999715e-01 1.980268299999999870e-01 1.902823159999999791e-01 2.424762599999999713e-01 2.457811059999999992e-01 2.475887160000000142e-01
5.422505479999999434e-01 2.582066940000000144e-01 1.269367339999999955e-01 3.406100659999999891e-01 2.792433659999999929e-01 0.000000000000000000e+00 2.707691839999999961e-01 3.746446840000000056e-01 2.569940520000000284e-01 1.641883459999999850e-01 1.306720899999999908e-01 3.472245619999999589e-01 1.789561839999999626e-01 2.787073200000000361e-01 2.038213379999999630e-01 2.669244899999999587e-01 2.720452500000000162e-01 2.191666640000000110e-01 2.674467839999999930e-01 2.386271759999999964e-01 1.177057199999999859e-01 2.728556619999999988e-01
2.409901399999999916e-01 2.669983360000000028e-01 5.582565819999999457e-01 2.586259160000000112e-01 2.191021200000000113e-01 2.707691839999999961e-01 0.000000000000000000e+00 2.477353019999999906e-01 4.113696279999999317e-01 4.339416820000000508e-01 5.621177800000000113e-01 3.403735259999999818e-01 5.228244180000001240e-01 3.071795279999999795e-01 3.864084519999999578e-01 2.501166819999999791e-01 1.734423580000000187e-01 3.261447020000000085e-01 2.381213839999999915e-01 4.134716999999999976e-01 4.702265399999999707e-01 3.148563419999999557e-01
3.133842339999999838e-01 2.061282819999999683e-01 2.776543839999999763e-01 7.383332920000000854e-01 1.892892340000000007e-01 3.746446840000000056e-01 2.477353019999999906e-01 0.000000000000000000e+00 5.076867219999999792e-01 3.242727200000000143e-01 2.888720919999999692e-01 6.980213980000000706e-01 2.964589800000000386e-01 4.851231779999999882e-01 2.448959059999999965e-01 3.010506900000000097e-01 2.827134980000000075e-01 3.310104899999999906e-01 3.139693360000000433e-01 3.402015559999999605e-01 2.628403940000000327e-01 4.534697719999999377e-01
2.558678679999999983e-01 1.879938120000000101e-01 3.615479220000000216e-01 5.344891119999999329e-01 1.717068659999999858e-01 2.569940520000000284e-01 4.113696279999999317e-01 5.076867219999999792e-01 0.000000000000000000e+00 3.761160559999999764e-01 3.665471259999999454e-01 6.091862959999999605e-01 3.343659019999999371e-01 4.115282200000000001e-01 2.361744919999999581e-01 3.593198280000000078e-01 2.506605720000000259e-01 2.829336319999999905e-01 2.871884080000000061e-01 1.873671779999999953e-01 3.177003259999999774e-01 5.406505980000000378e-01
1.603836140000000077e-01 3.157546079999999922e-01 6.029839939999999121e-01 2.824375639999999743e-01 2.264263119999999907e-01 1.641883459999999850e-01 4.339416820000000508e-01 3.242727200000000143e-01 3.761160559999999764e-01 0.000000000000000000e+00 6.673025320000000038e-01 3.550240459999999820e-01 6.247832219999999159e-01 3.746607080000000090e-01 3.423381260000000204e-01 2.429114419999999774e-01 3.632096759999999813e-01 3.048887800000000259e-01 2.453031459999999997e-01 3.441844760000000170e-01 6.606253919999999225e-01 2.149853479999999928e-01
1.243180919999999912e-01 2.163125259999999772e-01 8.238953139999999342e-01 2.700103059999999777e-01 1.868515359999999847e-01 1.306720899999999908e-01 5.621177800000000113e-01 2.888720919999999692e-01 3.665471259999999454e-01 6.673025320000000038e-01 0.000000000000000000e+00 3.268074399999999491e-01 8.434200239999999349e-01 2.451352599999999937e-01 3.076472680000000293e-01 2.608908779999999927e-01 3.367841879999999843e-01 2.337557879999999921e-01 2.852519000000000027e-01 3.409783180000000025e-01 8.382283120000000309e-01 3.204776039999999715e-01
2.434742379999999540e-01 3.049189019999999917e-01 3.344543220000000261e-01 7.265958019999999573e-01 2.547043760000000101e-01 3.472245619999999589e-01 3.403735259999999818e-01 6.980213980000000706e-01 6.091862959999999605e-01 3.550240459999999820e-01 3.268074399999999491e-01 0.000000000000000000e+00 3.807513420000000481e-01 5.496253060000000357e-01 2.519698719999999836e-01 3.240332319999999489e-01 2.513269759999999797e-01 3.590669140000000148e-01 2.291235519999999803e-01 2.360313580000000244e-01 2.994139619999999780e-01 5.486625659999999627e-01
1.943997140000000290e-01 2.465088539999999995e-01 8.110206119999998631e-01 3.051922219999999575e-01 2.423421219999999932e-01 1.789561839999999626e-01 5.228244180000001240e-01 2.964589800000000386e-01 3.343659019999999371e-01 6.247832219999999159e-01 8.434200239999999349e-01 3.807513420000000481e-01 0.000000000000000000e+00 3.494194919999999982e-01 3.813718839999999943e-01 2.952695939999999686e-01 3.710808560000000145e-01 2.711623619999999901e-01 3.192803320000000000e-01 3.389153240000000178e-01 8.233317519999999723e-01 3.270384619999999742e-01
2.436356640000000018e-01 2.944551940000000312e-01 2.871096960000000253e-01 5.940729679999999790e-01 2.184219780000000166e-01 2.787073200000000361e-01 3.071795279999999795e-01 4.851231779999999882e-01 4.115282200000000001e-01 3.746607080000000090e-01 2.451352599999999937e-01 5.496253060000000357e-01 3.494194919999999982e-01 0.000000000000000000e+00 3.397816899999999696e-01 3.625838040000000095e-01 2.877139260000000087e-01 3.490659760000000000e-01 2.696141080000000190e-01 3.036140440000000273e-01 2.635081920000000300e-01 4.534403860000000286e-01
2.374908500000000033e-01 2.379225699999999999e-01 3.692612499999999853e-01 3.162039119999999759e-01 1.807559940000000032e-01 2.038213379999999630e-01 3.864084519999999578e-01 2.448959059999999965e-01 2.361744919999999581e-01 3.423381260000000204e-01 3.076472680000000293e-01 2.519698719999999836e-01 3.813718839999999943e-01 3.397816899999999696e-01 0.000000000000000000e+00 2.496760619999999764e-01 5.514894139999999556e-01 4.346496980000000288e-01 4.634544339999999707e-01 6.526949459999999981e-01 4.236626399999999792e-01 3.082554299999999969e-01
2.310448220000000108e-01 2.205268539999999944e-01 3.000802640000000410e-01 3.396437319999999760e-01 2.068377480000000157e-01 2.669244899999999587e-01 2.501166819999999791e-01 3.010506900000000097e-01 3.593198280000000078e-01 2.429114419999999774e-01 2.608908779999999927e-01 3.240332319999999489e-01 2.952695939999999686e-01 3.625838040000000095e-01 2.496760619999999764e-01 0.000000000000000000e+00 4.232282419999999767e-01 4.726252819999999799e-01 6.084594740000001112e-01 3.655239739999999737e-01 2.645300780000000018e-01 4.529794139999999691e-01
2.592202639999999780e-01 2.303747700000000065e-01 3.865417480000000183e-01 2.420291039999999949e-01 1.746281699999999715e-01 2.720452500000000162e-01 1.734423580000000187e-01 2.827134980000000075e-01 2.506605720000000259e-01 3.632096759999999813e-01 3.367841879999999843e-01 2.513269759999999797e-01 3.710808560000000145e-01 2.877139260000000087e-01 5.514894139999999556e-01 4.232282419999999767e-01 0.000000000000000000e+00 2.542148919999999701e-01 8.208762339999999824e-01 3.276833040000000641e-01 3.573847639999999659e-01 2.691853459999999920e-01
2.517123739999999610e-01 2.236666079999999890e-01 2.770435900000000062e-01 3.481677399999999478e-01 1.980268299999999870e-01 2.191666640000000110e-01 3.261447020000000085e-01 3.310104899999999906e-01 2.829336319999999905e-01 3.048887800000000259e-01 2.337557879999999921e-01 3.590669140000000148e-01 2.711623619999999901e-01 3.490659760000000000e-01 4.346496980000000288e-01 4.726252819999999799e-01 2.542148919999999701e-01 0.000000000000000000e+00 2.624030300000000371e-01 7.077904820000000541e-01 2.863317659999999876e-01 3.987331539999999785e-01
2.459654740000000450e-01 1.963361979999999896e-01 3.485604519999999651e-01 2.593653479999999956e-01 1.902823159999999791e-01 2.674467839999999930e-01 2.381213839999999915e-01 3.139693360000000433e-01 2.871884080000000061e-01 2.453031459999999997e-01 2.852519000000000027e-01 2.291235519999999803e-01 3.192803320000000000e-01 2.696141080000000190e-01 4.634544339999999707e-01 6.084594740000001112e-01 8.208762339999999824e-01 2.624030300000000371e-01 0.000000000000000000e+00 2.934530479999999386e-01 3.038945920000000189e-01 3.552833960000000291e-01
2.552062359999999752e-01 2.139281119999999758e-01 3.668953019999999787e-01 2.877267399999999808e-01 2.424762599999999713e-01 2.386271759999999964e-01 4.134716999999999976e-01 3.402015559999999605e-01 1.873671779999999953e-01 3.441844760000000170e-01 3.409783180000000025e-01 2.360313580000000244e-01 3.389153240000000178e-01 3.036140440000000273e-01 6.526949459999999981e-01 3.655239739999999737e-01 3.276833040000000641e-01 7.077904820000000541e-01 2.934530479999999386e-01 0.000000000000000000e+00 3.731565639999999684e-01 2.549944979999999584e-01
1.221888880000000094e-01 2.817094379999999787e-01 7.971254059999999253e-01 2.717605200000000054e-01 2.457811059999999992e-01 1.177057199999999859e-01 4.702265399999999707e-01 2.628403940000000327e-01 3.177003259999999774e-01 6.606253919999999225e-01 8.382283120000000309e-01 2.994139619999999780e-01 8.233317519999999723e-01 2.635081920000000300e-01 4.236626399999999792e-01 2.645300780000000018e-01 3.573847639999999659e-01 2.863317659999999876e-01 3.038945920000000189e-01 3.731565639999999684e-01 0.000000000000000000e+00 3.441827980000000120e-01
1.998563020000000134e-01 2.444549160000000221e-01 3.473486319999999905e-01 5.756999539999999582e-01 2.475887160000000142e-01 2.728556619999999988e-01 3.148563419999999557e-01 4.534697719999999377e-01 5.406505980000000378e-01 2.149853479999999928e-01 3.204776039999999715e-01 5.486625659999999627e-01 3.270384619999999742e-01 4.534403860000000286e-01 3.082554299999999969e-01 4.529794139999999691e-01 2.691853459999999920e-01 3.987331539999999785e-01 3.552833960000000291e-01 2.549944979999999584e-01 3.441827980000000120e-01 0.000000000000000000e+00
