0.000000000000000000e+00 2.077646880000000029e-01 1.377489120000000011e-01 3.928832899999999961e-01 1.609537159999999967e-01 6.607818399999999537e-01 5.468260600000000166e-02 8.388557800000000231e-02 8.629020800000000713e-02 6.695089400000001079e-02 7.717343200000000014e-02 5.118868599999999713e-02 7.353289400000000142e-02 1.228485319999999825e-01 4.842381599999999453e-02 6.690592600000000445e-02 7.349218199999998924e-02 4.940409599999999457e-02 7.701131199999999843e-02 6.476643199999999878e-02 9.297105599999999637e-02 1.013015000000000027e-01
2.077646880000000029e-01 0.000000000000000000e+00 8.034595199999998438e-02 1.262822399999999901e-01 5.960367319999999580e-01 6.759213799999999606e-02 9.317154799999999293e-02 9.280698800000000692e-02 5.927423000000000414e-02 5.995181199999999322e-02 8.116799400000000719e-02 9.440577999999999470e-02 8.415156199999999920e-02 1.041100119999999879e-01 9.390265400000000207e-02 6.253174399999998634e-02 7.415378999999999721e-02 9.197026999999999286e-02 7.428612199999998222e-02 8.523033399999999093e-02 9.129246999999998669e-02 1.226810120000000059e-01
1.377489120000000011e-01 8.034595199999998438e-02 0.000000000000000000e+00 1.119693620000000028e-01 1.525723679999999860e-01 1.207195040000000053e-01 1.709682379999999946e-01 2.701950560000000445e-01 1.137348840000000083e-01 8.429612200000000111e-02 5.167098419999999193e-01 8.482864399999999472e-02 4.198526140000000129e-01 1.083440339999999918e-01 7.238608400000000331e-02 1.456042959999999942e-01 2.688913219999999882e-01 2.401850440000000142e-01 2.813854859999999625e-01 2.416362520000000236e-01 3.663376700000000041e-01 2.957408359999999514e-01
3.928832899999999961e-01 1.262822399999999901e-01 1.119693620000000028e-01 0.000000000000000000e+00 1.724078459999999757e-01 3.560923420000000061e-01 1.626103500000000146e-01 1.831714099999999790e-01 1.298696159999999933e-01 1.549689999999999956e-01 1.021121539999999966e-01 3.832729699999999906e-01 9.250268600000000063e-02 3.212792299999999712e-01 1.067352640000000241e-01 6.354967599999998551e-02 1.256651340000000117e-01 1.647159360000000350e-01 1.463005219999999884e-01 1.503738339999999840e-01 1.335092720000000122e-01 2.597382480000000049e-01
1.609537159999999967e-01 5.960367319999999580e-01 1.525723679999999860e-01 1.724078459999999757e-01 0.000000000000000000e+00 1.712197420000000081e-01 7.579447399999998669e-02 6.958244599999999225e-02 7.754549399999999260e-02 7.573901200000000833e-02 8.238442799999998178e-02 8.700758199999999998e-02 8.610806800000000982e-02 9.676338599999999290e-02 7.842048199999999969e-02 7.914818599999999538e-02 6.619215000000000515e-02 1.025224020000000263e-01 6.408726400000000489e-02 1.019920500000000008e-01 9.659098399999999085e-02 1.392898140000000118e-01
6.607818399999999537e-01 6.759213799999999606e-02 1.207195040000000053e-01 3.560923420000000061e-01 1.712197420000000081e-01 0.000000000000000000e+00 8.480660800000000554e-02 7.901268999999999654e-02 7.211667799999998962e-02 7.131605999999998668e-02 5.011351200000000589e-02 6.245118600000000575e-02 8.635915600000000636e-02 1.196457860000000040e-01 7.785690999999998752e-02 9.331900399999999707e-02 6.780358999999999692e-02 7.543641399999999331e-02 8.162173799999999924e-02 7.928528599999999649e-02 7.759049999999999281e-02 6.022920200000000251e-02
5.468260600000000166e-02 9.317154799999999293e-02 1.709682379999999946e-01 1.626103500000000146e-01 7.579447399999998669e-02 8.480660800000000554e-02 0.000000000000000000e+00 6.724723339999999494e-01 1.779339020000000049e-01 2.150266279999999974e-01 1.177157699999999974e-01 1.140808499999999837e-01 1.484736019999999823e-01 1.720596719999999968e-01 3.902394459999999898e-01 1.927072339999999773e-01 6.246420700000000492e-01 6.805628519999998849e-01 6.848167840000000117e-01 6.409952220000000311e-01 2.011300380000000110e-01 2.393165719999999774e-01
8.388557800000000231e-02 9.280698800000000692e-02 2.701950560000000445e-01 1.831714099999999790e-01 6.958244599999999225e-02 7.901268999999999654e-02 6.724723339999999494e-01 0.000000000000000000e+00 2.159479179999999887e-01 2.385704620000000387e-01 1.599520019999999820e-01 9.293965600000000937e-02 1.732559960000000232e-01 1.571634839999999922e-01 1.542658319999999916e-01 4.056904040000000045e-01 6.576230699999999763e-01 6.713454399999999600e-01 7.211183479999999646e-01 6.557813140000000596e-01 2.059203000000000006e-01 2.843476739999999947e-01
8.629020800000000713e-02 5.927423000000000414e-02 1.137348840000000083e-01 1.298696159999999933e-01 7.754549399999999260e-02 7.211667799999998962e-02 1.779339020000000049e-01 2.159479179999999887e-01 0.000000000000000000e+00 1.138627899999999915e-01 1.197099140000000006e-01 1.205507180000000150e-01 2.769324979999999714e-01 9.567321799999999044e-02 1.724340059999999730e-01 1.068547019999999959e-01 1.147434819999999939e-01 2.014674899999999713e-01 1.280140059999999858e-01 1.917324760000000128e-01 1.255315459999999939e-01 1.571002220000000116e-01
6.695089400000001079e-02 5.995181199999999322e-02 8.429612200000000111e-02 1.549689999999999956e-01 7.573901200000000833e-02 7.131605999999998668e-02 2.150266279999999974e-01 2.385704620000000387e-01 1.138627899999999915e-01 0.000000000000000000e+00 1.176356679999999988e-01 1.959437639999999925e-01 1.371070020000000056e-01 4.857443860000000280e-01 8.277383399999999058e-02 6.492617000000000527e-02 2.209094899999999861e-01 1.461512219999999973e-01 2.258767540000000129e-01 1.663381560000000148e-01 1.376992659999999868e-01 1.208273160000000040e-01
7.717343200000000014e-02 8.116799400000000719e-02 5.167098419999999193e-01 1.021121539999999966e-01 8.238442799999998178e-02 5.011351200000000589e-02 1.177157699999999974e-01 1.599520019999999820e-01 1.197099140000000006e-01 1.176356679999999988e-01 0.000000000000000000e+00 8.045020799999999528e-02 4.971329299999999729e-01 1.071435000000000165e-01 1.143055480000000068e-01 9.742840999999999307e-02 1.566658219999999824e-01 1.729409600000000047e-01 1.605662440000000246e-01 1.487903819999999988e-01 4.040232959999999762e-01 2.823992699999999800e-01
5.118868599999999713e-02 9.440577999999999470e-02 8.482864399999999472e-02 3.832729699999999906e-01 8.700758199999999998e-02 6.245118600000000575e-02 1.140808499999999837e-01 9.293965600000000937e-02 1.205507180000000150e-01 1.959437639999999925e-01 8.045020799999999528e-02 0.000000000000000000e+00 1.223875960000000013e-01 2.678335059999999990e-01 6.151272800000000263e-02 8.522750400000000948e-02 1.265022680000000010e-01 9.896735600000000632e-02 1.185786659999999992e-01 8.952641799999999650e-02 1.370973980000000092e-01 2.030929939999999989e-01
7.353289400000000142e-02 8.415156199999999920e-02 4.198526140000000129e-01 9.250268600000000063e-02 8.610806800000000982e-02 8.635915600000000636e-02 1.484736019999999823e-01 1.732559960000000232e-01 2.769324979999999714e-01 1.371070020000000056e-01 4.971329299999999729e-01 1.223875960000000013e-01 0.000000000000000000e+00 1.364441039999999827e-01 1.877490079999999950e-01 1.122802599999999928e-01 1.561120739999999896e-01 1.478798739999999945e-01 1.625871440000000168e-01 1.077046499999999990e-01 4.246054040000000751e-01 1.603194259999999871e-01
1.228485319999999825e-01 1.041100119999999879e-01 1.083440339999999918e-01 3.212792299999999712e-01 9.676338599999999290e-02 1.196457860000000040e-01 1.720596719999999968e-01 1.571634839999999922e-01 9.567321799999999044e-02 4.857443860000000280e-01 1.071435000000000165e-01 2.678335059999999990e-01 1.364441039999999827e-01 0.000000000000000000e+00 7.921729399999999366e-02 1.409503700000000193e-01 1.892568699999999937e-01 1.130033660000000079e-01 1.954386559999999884e-01 1.071292439999999846e-01 1.117031340000000095e-01 1.162918340000000106e-01
4.842381599999999453e-02 9.390265400000000207e-02 7.238608400000000331e-02 1.067352640000000241e-01 7.842048199999999969e-02 7.785690999999998752e-02 3.902394459999999898e-01 1.542658319999999916e-01 1.724340059999999730e-01 8.277383399999999058e-02 1.143055480000000068e-01 6.151272800000000263e-02 1.877490079999999950e-01 7.921729399999999366e-02 0.000000000000000000e+00 3.352965100000000476e-01 1.180867179999999933e-01 3.553267380000000308e-01 4.792860399999999965e-02 1.780440000000000078e-01 9.741450200000000004e-02 1.617623199999999872e-01
6.690592600000000445e-02 6.253174399999998634e-02 1.456042959999999942e-01 6.354967599999998551e-02 7.914818599999999538e-02 9.331900399999999707e-02 1.927072339999999773e-01 4.056904040000000045e-01 1.068547019999999959e-01 6.492617000000000527e-02 9.742840999999999307e-02 8.522750400000000948e-02 1.122802599999999928e-01 1.409503700000000193e-01 3.352965100000000476e-01 0.000000000000000000e+00 1.355812299999999970e-01 3.428977839999999833e-01 2.073654939999999836e-01 2.529039400000000493e-01 6.509589799999999926e-02 1.384245499999999796e-01
7.349218199999998924e-02 7.415378999999999721e-02 2.688913219999999882e-01 1.256651340000000117e-01 6.619215000000000515e-02 6.780358999999999692e-02 6.246420700000000492e-01 6.576230699999999763e-01 1.147434819999999939e-01 2.209094899999999861e-01 1.566658219999999824e-01 1.265022680000000010e-01 1.561120739999999896e-01 1.892568699999999937e-01 1.180867179999999933e-01 1.355812299999999970e-01 0.000000000000000000e+00 4.753319919999999810e-01 9.593215580000000742e-01 5.204203320000000410e-01 1.933452360000000037e-01 2.169241359999999896e-01
4.940409599999999457e-02 9.197026999999999286e-02 2.401850440000000142e-01 1.647159360000000350e-01 1.025224020000000263e-01 7.543641399999999331e-02 6.805628519999998849e-01 6.713454399999999600e-01 2.014674899999999713e-01 1.461512219999999973e-01 1.729409600000000047e-01 9.896735600000000632e-02 1.478798739999999945e-01 1.130033660000000079e-01 3.553267380000000308e-01 3.428977839999999833e-01 4.753319919999999810e-01 0.000000000000000000e+00 5.501015080000000168e-01 8.922815259999999915e-01 2.145677819999999847e-01 2.466908699999999788e-01
7.701131199999999843e-02 7.428612199999998222e-02 2.813854859999999625e-01 1.463005219999999884e-01 6.408726400000000489e-02 8.162173799999999924e-02 6.848167840000000117e-01 7.211183479999999646e-01 1.280140059999999858e-01 2.258767540000000129e-01 1.605662440000000246e-01 1.185786659999999992e-01 1.625871440000000168e-01 1.954386559999999884e-01 4.792860399999999965e-02 2.073654939999999836e-01 9.593215580000000742e-01 5.501015080000000168e-01 0.000000000000000000e+00 5.620222919999999789e-01 2.092145759999999854e-01 2.398823580000000177e-01
6.476643199999999878e-02 8.523033399999999093e-02 2.416362520000000236e-01 1.503738339999999840e-01 1.019920500000000008e-01 7.928528599999999649e-02 6.409952220000000311e-01 6.557813140000000596e-01 1.917324760000000128e-01 1.663381560000000148e-01 1.487903819999999988e-01 8.952641799999999650e-02 1.077046499999999990e-01 1.071292439999999846e-01 1.780440000000000078e-01 2.529039400000000493e-01 5.204203320000000410e-01 8.922815259999999915e-01 5.620222919999999789e-01 0.000000000000000000e+00 2.176802020000000171e-01 2.090196060000000244e-01
9.297105599999999637e-02 9.129246999999998669e-02 3.663376700000000041e-01 1.335092720000000122e-01 9.659098399999999085e-02 7.759049999999999281e-02 2.011300380000000110e-01 2.059203000000000006e-01 1.255315459999999939e-01 1.376992659999999868e-01 4.040232959999999762e-01 1.370973980000000092e-01 4.246054040000000751e-01 1.117031340000000095e-01 9.741450200000000004e-02 6.509589799999999926e-02 1.933452360000000037e-01 2.145677819999999847e-01 2.092145759999999854e-01 2.176802020000000171e-01 0.000000000000000000e+00 3.025968379999999236e-01
1.013015000000000027e-01 1.226810120000000059e-01 2.957408359999999514e-01 2.597382480000000049e-01 1.392898140000000118e-01 6.022920200000000251e-02 2.393165719999999774e-01 2.843476739999999947e-01 1.571002220000000116e-01 1.208273160000000040e-01 2.823992699999999800e-01 2.030929939999999989e-01 1.603194259999999871e-01 1.162918340000000106e-01 1.617623199999999872e-01 1.384245499999999796e-01 2.169241359999999896e-01 2.466908699999999788e-01 2.398823580000000177e-01 2.090196060000000244e-01 3.025968379999999236e-01 0.000000000000000000e+00
