0.000000000000000000e+00 3.617297860000000531e-01 2.698915060000000032e-01 4.404713340000000477e-01 3.665442480000000169e-01 8.230386840000001314e-01 2.919135259999999787e-01 2.433237899999999843e-01 2.205423839999999802e-01 2.300187459999999962e-01 2.676539459999999759e-01 2.740237420000000146e-01 2.272018000000000093e-01 3.509983220000000292e-01 2.641775459999999853e-01 2.894348079999999879e-01 2.396045860000000083e-01 1.763957640000000104e-01 2.918346259999999859e-01 2.903865019999999908e-01 2.509936660000000042e-01 1.900206459999999875e-01
3.617297860000000531e-01 0.000000000000000000e+00 2.366416520000000079e-01 3.295102320000000140e-01 7.481068920000000233e-01 3.881791159999999907e-01 2.866465139999999634e-01 3.336797139999999606e-01 1.941816719999999719e-01 1.615001879999999890e-01 2.081112599999999924e-01 2.868695519999999721e-01 1.740800459999999883e-01 2.381892379999999976e-01 3.398500379999999654e-01 2.672387440000000280e-01 1.340906399999999832e-01 2.911804400000000403e-01 1.991984420000000033e-01 2.507090720000000328e-01 1.886863200000000185e-01 2.090742000000000156e-01
2.698915060000000032e-01 2.366416520000000079e-01 0.000000000000000000e+00 3.880709279999999817e-01 2.734082519999999628e-01 2.927132179999999972e-01 4.665249219999999530e-01 3.525836659999999623e-01 2.944829180000000379e-01 5.267225919999999340e-01 7.084486439999999607e-01 2.741923060000000523e-01 7.143948300000000362e-01 2.098219519999999783e-01 3.027909420000000074e-01 2.805879219999999896e-01 3.171290300000000340e-01 2.328105800000000447e-01 3.256526839999999701e-01 2.763018839999999976e-01 6.838705240000000352e-01 5.105895320000000126e-01
4.404713340000000477e-01 3.295102320000000140e-01 3.880709279999999817e-01 0.000000000000000000e+00 3.370811380000000024e-01 4.059668720000000341e-01 3.392622839999999695e-01 6.217570959999999536e-01 6.026856979999999364e-01 3.531838319999999753e-01 3.324067979999999478e-01 6.844682879999999248e-01 3.852537120000000259e-01 6.254646100000000875e-01 2.714376300000000408e-01 2.105499840000000233e-01 2.545569779999999893e-01 2.308932019999999918e-01 2.397236299999999931e-01 2.610322340000000296e-01 3.348700180000000470e-01 5.306023899999999793e-01
3.665442480000000169e-01 7.481068920000000233e-01 2.734082519999999628e-01 3.370811380000000024e-01 0.000000000000000000e+00 4.250673180000000828e-01 3.091267659999999973e-01 3.905841740000000062e-01 2.365235320000000085e-01 1.702387179999999833e-01 1.479684119999999936e-01 2.354744460000000039e-01 1.613662299999999994e-01 2.356763219999999937e-01 4.487506879999999532e-01 2.521252840000000051e-01 1.974389280000000135e-01 2.349551420000000057e-01 2.140412939999999931e-01 3.063922379999999279e-01 1.760389980000000021e-01 3.059636639999999685e-01
8.230386840000001314e-01 3.881791159999999907e-01 2.927132179999999972e-01 4.059668720000000341e-01 4.250673180000000828e-01 0.000000000000000000e+00 2.756995259999999726e-01 2.591426960000000057e-01 1.995212799999999953e-01 2.447676379999999818e-01 2.423121759999999902e-01 2.612763880000000261e-01 2.173987600000000242e-01 3.139589420000000186e-01 3.280546060000000264e-01 3.007917059999999365e-01 2.579820620000000120e-01 1.373606739999999882e-01 2.159377940000000162e-01 2.692238100000000078e-01 1.806917020000000096e-01 1.496165399999999923e-01
2.919135259999999787e-01 2.866465139999999634e-01 4.665249219999999530e-01 3.392622839999999695e-01 3.091267659999999973e-01 2.756995259999999726e-01 0.000000000000000000e+00 3.898736500000000715e-01 2.320026339999999576e-01 3.833570299999999875e-01 4.623726479999999972e-01 3.575961159999999639e-01 4.011700539999999426e-01 2.137562459999999831e-01 4.651000779999999724e-01 2.366005939999999974e-01 2.275315079999999934e-01 1.655128499999999891e-01 2.672346919999999959e-01 4.493285239999999514e-01 3.841804079999999733e-01 4.371931480000000869e-01
2.433237899999999843e-01 3.336797139999999606e-01 3.525836659999999623e-01 6.217570959999999536e-01 3.905841740000000062e-01 2.591426960000000057e-01 3.898736500000000715e-01 0.000000000000000000e+00 5.487051699999999643e-01 2.492998300000000000e-01 2.143891819999999837e-01 5.950981860000000845e-01 2.330131199999999903e-01 4.667113439999999724e-01 3.048931979999999764e-01 2.719207060000000120e-01 2.702427840000000137e-01 1.869314259999999839e-01 2.771483019999999575e-01 3.541620819999999892e-01 1.584656819999999966e-01 5.029701039999999734e-01
2.205423839999999802e-01 1.941816719999999719e-01 2.944829180000000379e-01 6.026856979999999364e-01 2.365235320000000085e-01 1.995212799999999953e-01 2.320026339999999576e-01 5.487051699999999643e-01 0.000000000000000000e+00 2.626368720000000212e-01 2.054449420000000193e-01 5.057893659999999070e-01 3.168581200000000209e-01 4.684354259999999881e-01 2.379673819999999773e-01 2.854441140000000265e-01 2.722919580000000006e-01 2.097042339999999894e-01 2.575573480000000193e-01 2.253245600000000071e-01 3.116535240000000151e-01 5.631610940000000287e-01
2.300187459999999962e-01 1.615001879999999890e-01 5.267225919999999340e-01 3.531838319999999753e-01 1.702387179999999833e-01 2.447676379999999818e-01 3.833570299999999875e-01 2.492998300000000000e-01 2.626368720000000212e-01 0.000000000000000000e+00 5.558598420000000484e-01 4.447862519999999931e-01 5.299482199999999699e-01 3.329770340000000051e-01 2.755994039999999368e-01 2.351011040000000052e-01 1.538032700000000197e-01 2.827538860000000098e-01 1.744400439999999886e-01 2.097641240000000240e-01 6.217676839999999316e-01 5.063125179999998782e-01
2.676539459999999759e-01 2.081112599999999924e-01 7.084486439999999607e-01 3.324067979999999478e-01 1.479684119999999936e-01 2.423121759999999902e-01 4.623726479999999972e-01 2.143891819999999837e-01 2.054449420000000193e-01 5.558598420000000484e-01 0.000000000000000000e+00 2.545822779999999952e-01 7.954703000000000745e-01 2.664944399999999991e-01 2.656287359999999764e-01 2.295311659999999809e-01 1.978588339999999834e-01 2.470398779999999905e-01 2.630943439999999800e-01 2.500375440000000005e-01 7.592949360000000869e-01 3.825686380000000164e-01
2.740237420000000146e-01 2.868695519999999721e-01 2.741923060000000523e-01 6.844682879999999248e-01 2.354744460000000039e-01 2.612763880000000261e-01 3.575961159999999639e-01 5.950981860000000845e-01 5.057893659999999070e-01 4.447862519999999931e-01 2.545822779999999952e-01 0.000000000000000000e+00 2.791064159999999683e-01 5.856273180000000078e-01 3.148355840000000017e-01 1.920131360000000009e-01 2.141000839999999683e-01 1.816621260000000071e-01 2.274161539999999815e-01 2.814711699999999928e-01 2.850420000000000176e-01 5.399270860000000560e-01
2.272018000000000093e-01 1.740800459999999883e-01 7.143948300000000362e-01 3.852537120000000259e-01 1.613662299999999994e-01 2.173987600000000242e-01 4.011700539999999426e-01 2.330131199999999903e-01 3.168581200000000209e-01 5.299482199999999699e-01 7.954703000000000745e-01 2.791064159999999683e-01 0.000000000000000000e+00 2.491575020000000029e-01 2.204837319999999878e-01 2.308689580000000130e-01 2.565348000000000073e-01 2.340052099999999913e-01 2.658133659999999954e-01 2.399849340000000386e-01 7.491223839999999745e-01 5.103936940000000089e-01
3.509983220000000292e-01 2.381892379999999976e-01 2.098219519999999783e-01 6.254646100000000875e-01 2.356763219999999937e-01 3.139589420000000186e-01 2.137562459999999831e-01 4.667113439999999724e-01 4.684354259999999881e-01 3.329770340000000051e-01 2.664944399999999991e-01 5.856273180000000078e-01 2.491575020000000029e-01 0.000000000000000000e+00 1.940968999999999889e-01 2.496809980000000151e-01 2.621095020000000497e-01 2.824900879999999725e-01 2.454690960000000255e-01 2.524944279999999930e-01 2.433510319999999949e-01 3.871936139999999638e-01
2.641775459999999853e-01 3.398500379999999654e-01 3.027909420000000074e-01 2.714376300000000408e-01 4.487506879999999532e-01 3.280546060000000264e-01 4.651000779999999724e-01 3.048931979999999764e-01 2.379673819999999773e-01 2.755994039999999368e-01 2.656287359999999764e-01 3.148355840000000017e-01 2.204837319999999878e-01 1.940968999999999889e-01 0.000000000000000000e+00 2.519584799999999847e-01 1.929594040000000010e-01 4.118523820000000168e-01 2.126707840000000016e-01 5.670675600000000260e-01 1.998042859999999976e-01 2.981323820000000291e-01
2.894348079999999879e-01 2.672387440000000280e-01 2.805879219999999896e-01 2.105499840000000233e-01 2.521252840000000051e-01 3.007917059999999365e-01 2.366005939999999974e-01 2.719207060000000120e-01 2.854441140000000265e-01 2.351011040000000052e-01 2.295311659999999809e-01 1.920131360000000009e-01 2.308689580000000130e-01 2.496809980000000151e-01 2.519584799999999847e-01 0.000000000000000000e+00 2.822940179999999799e-01 2.647945740000000048e-01 3.704280380000000150e-01 2.245645220000000164e-01 1.988932160000000116e-01 2.246127899999999789e-01
2.396045860000000083e-01 1.340906399999999832e-01 3.171290300000000340e-01 2.545569779999999893e-01 1.974389280000000135e-01 2.579820620000000120e-01 2.275315079999999934e-01 2.702427840000000137e-01 2.722919580000000006e-01 1.538032700000000197e-01 1.978588339999999834e-01 2.141000839999999683e-01 2.565348000000000073e-01 2.621095020000000497e-01 1.929594040000000010e-01 2.822940179999999799e-01 0.000000000000000000e+00 2.867706680000000063e-01 7.516616339999999674e-01 2.135288439999999954e-01 2.646077079999999970e-01 2.974275040000000092e-01
1.763957640000000104e-01 2.911804400000000403e-01 2.328105800000000447e-01 2.308932019999999918e-01 2.349551420000000057e-01 1.373606739999999882e-01 1.655128499999999891e-01 1.869314259999999839e-01 2.097042339999999894e-01 2.827538860000000098e-01 2.470398779999999905e-01 1.816621260000000071e-01 2.340052099999999913e-01 2.824900879999999725e-01 4.118523820000000168e-01 2.647945740000000048e-01 2.867706680000000063e-01 0.000000000000000000e+00 2.023275720000000111e-01 6.112716380000000616e-01 1.859313419999999994e-01 2.234789460000000116e-01
2.918346259999999859e-01 1.991984420000000033e-01 3.256526839999999701e-01 2.397236299999999931e-01 2.140412939999999931e-01 2.159377940000000162e-01 2.672346919999999959e-01 2.771483019999999575e-01 2.575573480000000193e-01 1.744400439999999886e-01 2.630943439999999800e-01 2.274161539999999815e-01 2.658133659999999954e-01 2.454690960000000255e-01 2.126707840000000016e-01 3.704280380000000150e-01 7.516616339999999674e-01 2.023275720000000111e-01 0.000000000000000000e+00 2.054649040000000038e-01 2.576656899999999473e-01 2.414324139999999841e-01
2.903865019999999908e-01 2.507090720000000328e-01 2.763018839999999976e-01 2.610322340000000296e-01 3.063922379999999279e-01 2.692238100000000078e-01 4.493285239999999514e-01 3.541620819999999892e-01 2.253245600000000071e-01 2.097641240000000240e-01 2.500375440000000005e-01 2.814711699999999928e-01 2.399849340000000386e-01 2.524944279999999930e-01 5.670675600000000260e-01 2.245645220000000164e-01 2.135288439999999954e-01 6.112716380000000616e-01 2.054649040000000038e-01 0.000000000000000000e+00 1.834651880000000013e-01 2.543787539999999847e-01
2.509936660000000042e-01 1.886863200000000185e-01 6.838705240000000352e-01 3.348700180000000470e-01 1.760389980000000021e-01 1.806917020000000096e-01 3.841804079999999733e-01 1.584656819999999966e-01 3.116535240000000151e-01 6.217676839999999316e-01 7.592949360000000869e-01 2.850420000000000176e-01 7.491223839999999745e-01 2.433510319999999949e-01 1.998042859999999976e-01 1.988932160000000116e-01 2.646077079999999970e-01 1.859313419999999994e-01 2.576656899999999473e-01 1.834651880000000013e-01 0.000000000000000000e+00 5.317063899999999732e-01
1.900206459999999875e-01 2.090742000000000156e-01 5.105895320000000126e-01 5.306023899999999793e-01 3.059636639999999685e-01 1.496165399999999923e-01 4.371931480000000869e-01 5.029701039999999734e-01 5.631610940000000287e-01 5.063125179999998782e-01 3.825686380000000164e-01 5.399270860000000560e-01 5.103936940000000089e-01 3.871936139999999638e-01 2.981323820000000291e-01 2.246127899999999789e-01 2.974275040000000092e-01 2.234789460000000116e-01 2.414324139999999841e-01 2.543787539999999847e-01 5.317063899999999732e-01 0.000000000000000000e+00
