0.000000000000000000e+00 9.568090299999999493e-01 2.672913600000000334e-01 6.673030479999999542e-01 9.596608679999999447e-01 9.294606840000000370e-01 1.077566360000000029e-01 1.331681939999999897e-01 4.038941399999999571e-01 3.741888099999999828e-01 3.553424900000000108e-01 2.139350859999999965e-01 2.475088880000000380e-01 1.773110860000000066e-01 1.102577219999999886e-01 1.292555120000000168e-01 1.091674119999999915e-01 1.330922720000000115e-01 1.113548720000000075e-01 1.219949499999999770e-01 2.949359959999999781e-01 5.117335179999999983e-01
9.568090299999999493e-01 0.000000000000000000e+00 2.508559979999999690e-01 6.475545719999999950e-01 9.514566780000001112e-01 9.771536239999999429e-01 1.045049440000000163e-01 1.291164820000000046e-01 4.157494099999999859e-01 3.426809840000000218e-01 3.440481480000000536e-01 1.511754339999999974e-01 2.880140760000000077e-01 1.422724300000000053e-01 1.040543460000000059e-01 1.169161439999999857e-01 1.116083039999999915e-01 1.195513180000000036e-01 1.114331819999999917e-01 1.108213819999999961e-01 3.062842719999999685e-01 5.227938039999999731e-01
2.672913600000000334e-01 2.508559979999999690e-01 0.000000000000000000e+00 4.553096239999999684e-01 2.561816740000000259e-01 2.420952179999999454e-01 6.698087999999999820e-01 6.494718400000000225e-01 3.802007299999999868e-01 2.026153519999999708e-01 4.828969939999999683e-01 3.491328599999999893e-01 5.120156240000000025e-01 4.095687940000000138e-01 6.600010859999999591e-01 6.477931399999999895e-01 6.690707739999999237e-01 6.347977320000000034e-01 6.672524099999999070e-01 6.495905199999999491e-01 4.385885280000000330e-01 1.832857179999999864e-01
6.673030479999999542e-01 6.475545719999999950e-01 4.553096239999999684e-01 0.000000000000000000e+00 5.970729519999999901e-01 6.573618239999999835e-01 2.930495960000000233e-01 3.200326680000000201e-01 2.985629260000000063e-01 2.732853459999999846e-01 1.966336759999999795e-01 3.028443559999999812e-01 4.117213020000000112e-01 4.058247020000000371e-01 3.112375179999999908e-01 3.067798660000000122e-01 3.145282779999999390e-01 3.113104759999999471e-01 3.117148779999999730e-01 3.100838919999999721e-01 4.729277599999999748e-01 5.613389200000000745e-01
9.596608679999999447e-01 9.514566780000001112e-01 2.561816740000000259e-01 5.970729519999999901e-01 0.000000000000000000e+00 9.087872080000000130e-01 1.173318500000000153e-01 1.413504999999999900e-01 3.961319140000000294e-01 3.505276919999999463e-01 3.311377100000000295e-01 1.627946339999999936e-01 2.655172679999999730e-01 1.397416979999999975e-01 1.158401379999999953e-01 1.411399240000000277e-01 1.183645800000000109e-01 1.441749439999999993e-01 1.222976620000000014e-01 1.342326660000000005e-01 2.705883439999999807e-01 4.910352539999999766e-01
9.294606840000000370e-01 9.771536239999999429e-01 2.420952179999999454e-01 6.573618239999999835e-01 9.087872080000000130e-01 0.000000000000000000e+00 1.127060259999999869e-01 1.446358059999999779e-01 4.324422659999999641e-01 3.383359259999999535e-01 3.704349080000000072e-01 1.568332139999999986e-01 3.042440400000000489e-01 1.429914700000000094e-01 1.139460799999999913e-01 1.330495500000000164e-01 1.243543539999999864e-01 1.372808160000000000e-01 1.252512179999999975e-01 1.269434919999999911e-01 3.117293700000000056e-01 5.269724380000000430e-01
1.077566360000000029e-01 1.045049440000000163e-01 6.698087999999999820e-01 2.930495960000000233e-01 1.173318500000000153e-01 1.127060259999999869e-01 0.000000000000000000e+00 9.628176560000000217e-01 4.054571560000000408e-01 2.958871579999999835e-01 4.851292280000000234e-01 4.446358280000000107e-01 6.616666119999999873e-01 5.170471620000000046e-01 9.911842460000001021e-01 9.551509120000000186e-01 9.862206020000000573e-01 9.447890080000000967e-01 9.883537779999999051e-01 9.644483839999999919e-01 6.164641499999999885e-01 2.364147659999999984e-01
1.331681939999999897e-01 1.291164820000000046e-01 6.494718400000000225e-01 3.200326680000000201e-01 1.413504999999999900e-01 1.446358059999999779e-01 9.628176560000000217e-01 0.000000000000000000e+00 4.185966520000000135e-01 2.814381179999999594e-01 4.686680579999999985e-01 4.671876579999999501e-01 6.959607399999999666e-01 5.373910020000000065e-01 9.715804639999999770e-01 9.821050839999999615e-01 9.682112960000001101e-01 9.751733780000000351e-01 9.763277439999999974e-01 9.833842179999999766e-01 6.425247040000000576e-01 2.432741880000000023e-01
4.038941399999999571e-01 4.157494099999999859e-01 3.802007299999999868e-01 2.985629260000000063e-01 3.961319140000000294e-01 4.324422659999999641e-01 4.054571560000000408e-01 4.185966520000000135e-01 0.000000000000000000e+00 3.728265020000000041e-01 8.198587139999998774e-01 3.400371560000000071e-01 2.367136020000000229e-01 3.572192640000000363e-01 4.216363140000000120e-01 4.451725359999999521e-01 4.219189179999999761e-01 4.445330180000000020e-01 4.263672059999999986e-01 4.409121600000000529e-01 2.684780900000000026e-01 3.076260039999999529e-01
3.741888099999999828e-01 3.426809840000000218e-01 2.026153519999999708e-01 2.732853459999999846e-01 3.505276919999999463e-01 3.383359259999999535e-01 2.958871579999999835e-01 2.814381179999999594e-01 3.728265020000000041e-01 0.000000000000000000e+00 2.999125959999999758e-01 7.529243240000000892e-01 1.773056439999999845e-01 6.007461480000000353e-01 2.976518759999999819e-01 3.124042040000000187e-01 2.991256940000000530e-01 2.938272659999999759e-01 3.011029239999999940e-01 3.015956739999999803e-01 2.229805920000000052e-01 3.251911500000000399e-01
3.553424900000000108e-01 3.440481480000000536e-01 4.828969939999999683e-01 1.966336759999999795e-01 3.311377100000000295e-01 3.704349080000000072e-01 4.851292280000000234e-01 4.686680579999999985e-01 8.198587139999998774e-01 2.999125959999999758e-01 0.000000000000000000e+00 2.683066259999999925e-01 2.151521040000000107e-01 2.966046820000000084e-01 4.782003320000000057e-01 4.904626959999999758e-01 4.818348959999999570e-01 4.894587959999999738e-01 4.836693839999999800e-01 4.891605540000000252e-01 2.696521399999999846e-01 3.176300160000000150e-01
2.139350859999999965e-01 1.511754339999999974e-01 3.491328599999999893e-01 3.028443559999999812e-01 1.627946339999999936e-01 1.568332139999999986e-01 4.446358280000000107e-01 4.671876579999999501e-01 3.400371560000000071e-01 7.529243240000000892e-01 2.683066259999999925e-01 0.000000000000000000e+00 4.085258239999999819e-01 8.819471100000001451e-01 4.367478459999999951e-01 4.541824979999999345e-01 4.342647179999999940e-01 4.389813959999999682e-01 4.406548179999999482e-01 4.486270339999999801e-01 4.460573420000000233e-01 2.432243520000000048e-01
2.475088880000000380e-01 2.880140760000000077e-01 5.120156240000000025e-01 4.117213020000000112e-01 2.655172679999999730e-01 3.042440400000000489e-01 6.616666119999999873e-01 6.959607399999999666e-01 2.367136020000000229e-01 1.773056439999999845e-01 2.151521040000000107e-01 4.085258239999999819e-01 0.000000000000000000e+00 4.423595240000000040e-01 6.682929300000000072e-01 6.602095459999999250e-01 6.655909019999999288e-01 6.587927099999999481e-01 6.714135420000000298e-01 6.702256199999999664e-01 7.945932940000000055e-01 5.580199660000000339e-01
1.773110860000000066e-01 1.422724300000000053e-01 4.095687940000000138e-01 4.058247020000000371e-01 1.397416979999999975e-01 1.429914700000000094e-01 5.170471620000000046e-01 5.373910020000000065e-01 3.572192640000000363e-01 6.007461480000000353e-01 2.966046820000000084e-01 8.819471100000001451e-01 4.423595240000000040e-01 0.000000000000000000e+00 5.201679080000000122e-01 5.383050619999999453e-01 5.199182540000000241e-01 5.350101900000000521e-01 5.259098279999999681e-01 5.419573559999999457e-01 5.246916120000000294e-01 2.412922540000000393e-01
1.102577219999999886e-01 1.040543460000000059e-01 6.600010859999999591e-01 3.112375179999999908e-01 1.158401379999999953e-01 1.139460799999999913e-01 9.911842460000001021e-01 9.715804639999999770e-01 4.216363140000000120e-01 2.976518759999999819e-01 4.782003320000000057e-01 4.367478459999999951e-01 6.682929300000000072e-01 5.201679080000000122e-01 0.000000000000000000e+00 9.693258879999999689e-01 9.958466820000001496e-01 9.619900219999999447e-01 9.972441419999998891e-01 9.785103160000000466e-01 6.241349680000000122e-01 2.403843560000000212e-01
1.292555120000000168e-01 1.169161439999999857e-01 6.477931399999999895e-01 3.067798660000000122e-01 1.411399240000000277e-01 1.330495500000000164e-01 9.551509120000000186e-01 9.821050839999999615e-01 4.451725359999999521e-01 3.124042040000000187e-01 4.904626959999999758e-01 4.541824979999999345e-01 6.602095459999999250e-01 5.383050619999999453e-01 9.693258879999999689e-01 0.000000000000000000e+00 9.664883180000000129e-01 9.929307560000000255e-01 9.748468640000000907e-01 9.948170100000000016e-01 6.106314159999999269e-01 2.147041500000000380e-01
1.091674119999999915e-01 1.116083039999999915e-01 6.690707739999999237e-01 3.145282779999999390e-01 1.183645800000000109e-01 1.243543539999999864e-01 9.862206020000000573e-01 9.682112960000001101e-01 4.219189179999999761e-01 2.991256940000000530e-01 4.818348959999999570e-01 4.342647179999999940e-01 6.655909019999999288e-01 5.199182540000000241e-01 9.958466820000001496e-01 9.664883180000000129e-01 0.000000000000000000e+00 9.604991399999999180e-01 9.982633720000000377e-01 9.756724079999999910e-01 6.207076320000000091e-01 2.376881879999999947e-01
1.330922720000000115e-01 1.195513180000000036e-01 6.347977320000000034e-01 3.113104759999999471e-01 1.441749439999999993e-01 1.372808160000000000e-01 9.447890080000000967e-01 9.751733780000000351e-01 4.445330180000000020e-01 2.938272659999999759e-01 4.894587959999999738e-01 4.389813959999999682e-01 6.587927099999999481e-01 5.350101900000000521e-01 9.619900219999999447e-01 9.929307560000000255e-01 9.604991399999999180e-01 0.000000000000000000e+00 9.687235160000000622e-01 9.955557779999999468e-01 6.188788979999999551e-01 2.343991559999999974e-01
1.113548720000000075e-01 1.114331819999999917e-01 6.672524099999999070e-01 3.117148779999999730e-01 1.222976620000000014e-01 1.252512179999999975e-01 9.883537779999999051e-01 9.763277439999999974e-01 4.263672059999999986e-01 3.011029239999999940e-01 4.836693839999999800e-01 4.406548179999999482e-01 6.714135420000000298e-01 5.259098279999999681e-01 9.972441419999998891e-01 9.748468640000000907e-01 9.982633720000000377e-01 9.687235160000000622e-01 0.000000000000000000e+00 9.827325019999999522e-01 6.237914999999999432e-01 2.364070060000000029e-01
1.219949499999999770e-01 1.108213819999999961e-01 6.495905199999999491e-01 3.100838919999999721e-01 1.342326660000000005e-01 1.269434919999999911e-01 9.644483839999999919e-01 9.833842179999999766e-01 4.409121600000000529e-01 3.015956739999999803e-01 4.891605540000000252e-01 4.486270339999999801e-01 6.702256199999999664e-01 5.419573559999999457e-01 9.785103160000000466e-01 9.948170100000000016e-01 9.756724079999999910e-01 9.955557779999999468e-01 9.827325019999999522e-01 0.000000000000000000e+00 6.281623539999999783e-01 2.371803779999999973e-01
2.949359959999999781e-01 3.062842719999999685e-01 4.385885280000000330e-01 4.729277599999999748e-01 2.705883439999999807e-01 3.117293700000000056e-01 6.164641499999999885e-01 6.425247040000000576e-01 2.684780900000000026e-01 2.229805920000000052e-01 2.696521399999999846e-01 4.460573420000000233e-01 7.945932940000000055e-01 5.246916120000000294e-01 6.241349680000000122e-01 6.106314159999999269e-01 6.207076320000000091e-01 6.188788979999999551e-01 6.237914999999999432e-01 6.281623539999999783e-01 0.000000000000000000e+00 7.161065079999999750e-01
5.117335179999999983e-01 5.227938039999999731e-01 1.832857179999999864e-01 5.613389200000000745e-01 4.910352539999999766e-01 5.269724380000000430e-01 2.364147659999999984e-01 2.432741880000000023e-01 3.076260039999999529e-01 3.251911500000000399e-01 3.176300160000000150e-01 2.432243520000000048e-01 5.580199660000000339e-01 2.412922540000000393e-01 2.403843560000000212e-01 2.147041500000000380e-01 2.376881879999999947e-01 2.343991559999999974e-01 2.364070060000000029e-01 2.371803779999999973e-01 7.161065079999999750e-01 0.000000000000000000e+00
