0.000000000000000000e+00 2.329088440000000593e-01 1.279747920000000039e-01 3.624364039999999898e-01 2.414651540000000429e-01 6.629801140000000093e-01 1.512703619999999916e-01 2.786581619999999870e-01 1.788473639999999809e-01 2.193867399999999690e-01 1.684811760000000103e-01 2.191539539999999842e-01 2.180837059999999883e-01 2.176568099999999784e-01 1.702313799999999877e-01 2.124908199999999692e-01 2.149322160000000093e-01 2.355069519999999916e-01 2.060943239999999954e-01 1.809195680000000028e-01 2.084048820000000135e-01 2.886345980000000200e-01
2.329088440000000593e-01 0.000000000000000000e+00 2.295558880000000135e-01 2.675262600000000157e-01 7.148433360000001624e-01 2.030210620000000021e-01 2.520346119999999912e-01 2.854182819999999676e-01 2.092123280000000030e-01 2.402756339999999879e-01 1.358773580000000036e-01 2.311531520000000006e-01 1.681099159999999704e-01 2.925289680000000003e-01 1.537390520000000149e-01 2.380051179999999600e-01 1.343003100000000061e-01 2.376224379999999636e-01 1.990398619999999841e-01 1.531865799999999889e-01 1.507659040000000061e-01 2.072697119999999948e-01
1.279747920000000039e-01 2.295558880000000135e-01 0.000000000000000000e+00 2.575417979999999885e-01 2.018183619999999734e-01 2.112617119999999904e-01 5.991435139999999882e-01 2.918833319999999953e-01 3.864555040000000052e-01 6.269971599999999423e-01 7.540590499999999530e-01 3.221896340000000025e-01 7.364322119999999749e-01 2.544107519999999623e-01 2.300370500000000207e-01 3.102107499999999796e-01 2.598129119999999515e-01 2.591867719999999542e-01 2.969803500000000041e-01 2.636760220000000099e-01 7.432072619999999796e-01 2.772728279999999712e-01
3.624364039999999898e-01 2.675262600000000157e-01 2.575417979999999885e-01 0.000000000000000000e+00 2.521435459999999962e-01 2.666916320000000118e-01 2.342328580000000160e-01 6.096747240000000012e-01 4.020397660000000206e-01 3.063644939999999872e-01 2.470123719999999801e-01 6.921261220000000103e-01 2.691508400000000023e-01 5.412810860000000224e-01 2.043239939999999810e-01 2.647687200000000129e-01 2.997534979999999516e-01 2.019123079999999848e-01 3.469723060000000636e-01 1.725574659999999927e-01 2.641978600000000621e-01 5.549435739999999395e-01
2.414651540000000429e-01 7.148433360000001624e-01 2.018183619999999734e-01 2.521435459999999962e-01 0.000000000000000000e+00 2.668013040000000169e-01 2.383556840000000121e-01 2.233830380000000060e-01 3.220729399999999742e-01 2.606559340000000335e-01 1.894701179999999929e-01 1.784544160000000046e-01 1.904592099999999899e-01 1.660096979999999833e-01 3.078662919999999859e-01 2.549051299999999798e-01 2.224731000000000347e-01 2.443002060000000475e-01 2.756078160000000055e-01 2.580934360000000094e-01 2.292613240000000163e-01 2.410409379999999824e-01
6.629801140000000093e-01 2.030210620000000021e-01 2.112617119999999904e-01 2.666916320000000118e-01 2.668013040000000169e-01 0.000000000000000000e+00 1.631087579999999926e-01 2.680112239999999924e-01 1.478064319999999876e-01 3.645529719999999752e-01 2.575930880000000256e-01 1.885942999999999647e-01 2.780612040000000063e-01 1.628858379999999773e-01 2.006975460000000044e-01 3.185779280000000102e-01 1.949006940000000132e-01 1.422734739999999831e-01 2.273725699999999961e-01 2.004669160000000228e-01 2.052945820000000032e-01 3.179963940000000155e-01
1.512703619999999916e-01 2.520346119999999912e-01 5.991435139999999882e-01 2.342328580000000160e-01 2.383556840000000121e-01 1.631087579999999926e-01 0.000000000000000000e+00 3.044568679999999916e-01 4.414979759999999587e-01 4.960006360000000503e-01 6.301259240000000039e-01 2.970036959999999837e-01 5.769807120000000067e-01 2.527416999999999581e-01 4.417753379999999619e-01 3.778369480000000058e-01 3.844416540000000215e-01 3.029293940000000185e-01 4.712778039999999669e-01 4.200372099999999387e-01 5.925125440000000854e-01 3.198109939999999596e-01
2.786581619999999870e-01 2.854182819999999676e-01 2.918833319999999953e-01 6.096747240000000012e-01 2.233830380000000060e-01 2.680112239999999924e-01 3.044568679999999916e-01 0.000000000000000000e+00 3.200708299999999729e-01 3.039887380000000361e-01 2.333480019999999711e-01 6.573272439999999772e-01 3.011772560000000043e-01 4.426870600000000766e-01 2.548923120000000098e-01 3.923350859999999996e-01 3.093824139999999945e-01 1.918797959999999914e-01 3.825968899999999673e-01 3.173589579999999688e-01 3.329641500000000143e-01 4.937726219999999944e-01
1.788473639999999809e-01 2.092123280000000030e-01 3.864555040000000052e-01 4.020397660000000206e-01 3.220729399999999742e-01 1.478064319999999876e-01 4.414979759999999587e-01 3.200708299999999729e-01 0.000000000000000000e+00 3.114832280000000564e-01 4.329292980000000179e-01 4.551794220000000557e-01 3.751501979999999348e-01 4.350819140000000695e-01 2.863192840000000072e-01 2.908248599999999628e-01 2.610425920000000177e-01 2.426985580000000087e-01 3.180254999999999610e-01 2.932488260000000180e-01 3.632424639999999871e-01 2.516993180000000052e-01
2.193867399999999690e-01 2.402756339999999879e-01 6.269971599999999423e-01 3.063644939999999872e-01 2.606559340000000335e-01 3.645529719999999752e-01 4.960006360000000503e-01 3.039887380000000361e-01 3.114832280000000564e-01 0.000000000000000000e+00 6.071759300000001414e-01 2.718942759999999903e-01 6.446703159999999100e-01 2.111852219999999780e-01 2.457648900000000136e-01 3.230829179999999967e-01 2.100464779999999809e-01 1.683167859999999960e-01 2.623622840000000012e-01 2.282422480000000087e-01 5.999177860000000084e-01 2.825608560000000269e-01
1.684811760000000103e-01 1.358773580000000036e-01 7.540590499999999530e-01 2.470123719999999801e-01 1.894701179999999929e-01 2.575930880000000256e-01 6.301259240000000039e-01 2.333480019999999711e-01 4.329292980000000179e-01 6.071759300000001414e-01 0.000000000000000000e+00 2.836577579999999821e-01 7.725225900000000090e-01 2.456094720000000231e-01 3.183039359999999540e-01 3.347014840000001046e-01 3.623091399999999740e-01 3.075189079999999797e-01 3.812496659999999871e-01 3.381663060000000276e-01 8.370701820000000515e-01 3.376527379999999523e-01
2.191539539999999842e-01 2.311531520000000006e-01 3.221896340000000025e-01 6.921261220000000103e-01 1.784544160000000046e-01 1.885942999999999647e-01 2.970036959999999837e-01 6.573272439999999772e-01 4.551794220000000557e-01 2.718942759999999903e-01 2.836577579999999821e-01 0.000000000000000000e+00 3.179148260000000392e-01 5.377219179999999099e-01 2.219833300000000342e-01 2.933159180000000088e-01 2.587681000000000009e-01 1.859995540000000114e-01 3.531333179999999738e-01 2.490412720000000080e-01 3.388439500000000049e-01 5.205450139999999726e-01
2.180837059999999883e-01 1.681099159999999704e-01 7.364322119999999749e-01 2.691508400000000023e-01 1.904592099999999899e-01 2.780612040000000063e-01 5.769807120000000067e-01 3.011772560000000043e-01 3.751501979999999348e-01 6.446703159999999100e-01 7.725225900000000090e-01 3.179148260000000392e-01 0.000000000000000000e+00 2.915349660000000065e-01 3.956726860000000512e-01 3.397355420000000015e-01 3.495271560000000055e-01 1.941192459999999953e-01 3.555731859999999855e-01 3.079743579999999481e-01 8.093620439999998917e-01 3.030337720000000346e-01
2.176568099999999784e-01 2.925289680000000003e-01 2.544107519999999623e-01 5.412810860000000224e-01 1.660096979999999833e-01 1.628858379999999773e-01 2.527416999999999581e-01 4.426870600000000766e-01 4.350819140000000695e-01 2.111852219999999780e-01 2.456094720000000231e-01 5.377219179999999099e-01 2.915349660000000065e-01 0.000000000000000000e+00 2.104585880000000020e-01 2.936185700000000232e-01 2.981391500000000194e-01 2.068906380000000156e-01 3.072772599999999410e-01 2.273363760000000622e-01 2.663579379999999608e-01 3.028992360000000161e-01
1.702313799999999877e-01 1.537390520000000149e-01 2.300370500000000207e-01 2.043239939999999810e-01 3.078662919999999859e-01 2.006975460000000044e-01 4.417753379999999619e-01 2.548923120000000098e-01 2.863192840000000072e-01 2.457648900000000136e-01 3.183039359999999540e-01 2.219833300000000342e-01 3.956726860000000512e-01 2.104585880000000020e-01 0.000000000000000000e+00 4.612859219999999594e-01 5.159784400000000382e-01 2.821686360000000282e-01 4.969095499999999777e-01 5.559374480000000007e-01 3.427792080000000574e-01 2.636358879999999849e-01
2.124908199999999692e-01 2.380051179999999600e-01 3.102107499999999796e-01 2.647687200000000129e-01 2.549051299999999798e-01 3.185779280000000102e-01 3.778369480000000058e-01 3.923350859999999996e-01 2.908248599999999628e-01 3.230829179999999967e-01 3.347014840000001046e-01 2.933159180000000088e-01 3.397355420000000015e-01 2.936185700000000232e-01 4.612859219999999594e-01 0.000000000000000000e+00 5.254126159999999990e-01 5.884372179999999286e-01 6.710111859999999817e-01 5.557290460000000598e-01 3.207455199999999507e-01 2.076512179999999985e-01
2.149322160000000093e-01 1.343003100000000061e-01 2.598129119999999515e-01 2.997534979999999516e-01 2.224731000000000347e-01 1.949006940000000132e-01 3.844416540000000215e-01 3.093824139999999945e-01 2.610425920000000177e-01 2.100464779999999809e-01 3.623091399999999740e-01 2.587681000000000009e-01 3.495271560000000055e-01 2.981391500000000194e-01 5.159784400000000382e-01 5.254126159999999990e-01 0.000000000000000000e+00 3.381953200000000215e-01 8.811719639999999742e-01 3.543207579999999579e-01 3.136235379999999795e-01 2.572598199999999724e-01
2.355069519999999916e-01 2.376224379999999636e-01 2.591867719999999542e-01 2.019123079999999848e-01 2.443002060000000475e-01 1.422734739999999831e-01 3.029293940000000185e-01 1.918797959999999914e-01 2.426985580000000087e-01 1.683167859999999960e-01 3.075189079999999797e-01 1.859995540000000114e-01 1.941192459999999953e-01 2.068906380000000156e-01 2.821686360000000282e-01 5.884372179999999286e-01 3.381953200000000215e-01 0.000000000000000000e+00 4.487557320000000738e-01 6.450800899999999949e-01 2.378661999999999721e-01 1.922461360000000119e-01
2.060943239999999954e-01 1.990398619999999841e-01 2.969803500000000041e-01 3.469723060000000636e-01 2.756078160000000055e-01 2.273725699999999961e-01 4.712778039999999669e-01 3.825968899999999673e-01 3.180254999999999610e-01 2.623622840000000012e-01 3.812496659999999871e-01 3.531333179999999738e-01 3.555731859999999855e-01 3.072772599999999410e-01 4.969095499999999777e-01 6.710111859999999817e-01 8.811719639999999742e-01 4.487557320000000738e-01 0.000000000000000000e+00 4.778683500000000528e-01 3.515502400000000138e-01 2.692476500000000050e-01
1.809195680000000028e-01 1.531865799999999889e-01 2.636760220000000099e-01 1.725574659999999927e-01 2.580934360000000094e-01 2.004669160000000228e-01 4.200372099999999387e-01 3.173589579999999688e-01 2.932488260000000180e-01 2.282422480000000087e-01 3.381663060000000276e-01 2.490412720000000080e-01 3.079743579999999481e-01 2.273363760000000622e-01 5.559374480000000007e-01 5.557290460000000598e-01 3.543207579999999579e-01 6.450800899999999949e-01 4.778683500000000528e-01 0.000000000000000000e+00 3.404775219999999214e-01 2.189959679999999853e-01
2.084048820000000135e-01 1.507659040000000061e-01 7.432072619999999796e-01 2.641978600000000621e-01 2.292613240000000163e-01 2.052945820000000032e-01 5.925125440000000854e-01 3.329641500000000143e-01 3.632424639999999871e-01 5.999177860000000084e-01 8.370701820000000515e-01 3.388439500000000049e-01 8.093620439999998917e-01 2.663579379999999608e-01 3.427792080000000574e-01 3.207455199999999507e-01 3.136235379999999795e-01 2.378661999999999721e-01 3.515502400000000138e-01 3.404775219999999214e-01 0.000000000000000000e+00 3.362348579999999698e-01
2.886345980000000200e-01 2.072697119999999948e-01 2.772728279999999712e-01 5.549435739999999395e-01 2.410409379999999824e-01 3.179963940000000155e-01 3.198109939999999596e-01 4.937726219999999944e-01 2.516993180000000052e-01 2.825608560000000269e-01 3.376527379999999523e-01 5.205450139999999726e-01 3.030337720000000346e-01 3.028992360000000161e-01 2.636358879999999849e-01 2.076512179999999985e-01 2.572598199999999724e-01 1.922461360000000119e-01 2.692476500000000050e-01 2.189959679999999853e-01 3.362348579999999698e-01 0.000000000000000000e+00
