0.000000000000000000e+00 5.911296339999999594e-01 6.885358139999999683e-01 6.903171240000001152e-01 5.952209400000000317e-01 6.978056999999999732e-01 5.566879999999999606e-01 5.220721919999999905e-01 6.589444319999999689e-01 6.602813419999999933e-01 6.158391819999999850e-01 6.360887859999999616e-01 5.967688239999999755e-01 4.649586039999999976e-01 4.026651400000000325e-01 4.971707920000000280e-01 4.047126440000000658e-01 4.901288279999999054e-01 3.155173419999999784e-01 3.842219519999999777e-01 6.119307980000000535e-01 4.930767879999999326e-01
5.911296339999999594e-01 0.000000000000000000e+00 6.219492880000000445e-01 5.967338980000000959e-01 7.265449419999999714e-01 6.416244560000000652e-01 5.610034219999999738e-01 5.875507079999999771e-01 6.118799219999999650e-01 6.243435579999999652e-01 5.842264019999999780e-01 6.148615239999999371e-01 5.594508700000000445e-01 4.975945460000000264e-01 4.241003179999999761e-01 4.768665180000000170e-01 4.239403219999999806e-01 4.845502360000000230e-01 3.663505739999999844e-01 3.392733940000000059e-01 5.876197619999999899e-01 4.449033220000000455e-01
6.885358139999999683e-01 6.219492880000000445e-01 0.000000000000000000e+00 8.541763419999999218e-01 5.773554920000000257e-01 6.654796419999999824e-01 7.836253640000000464e-01 7.296022699999999972e-01 8.913099799999999462e-01 9.071292400000000589e-01 9.326622280000000931e-01 8.389454759999999123e-01 9.038138680000000758e-01 7.131972680000000508e-01 5.379429860000000119e-01 6.386811039999999995e-01 5.644878300000000237e-01 6.497969359999998806e-01 4.692385780000000173e-01 4.974288800000000177e-01 9.333234700000000439e-01 6.760664259999999981e-01
6.903171240000001152e-01 5.967338980000000959e-01 8.541763419999999218e-01 0.000000000000000000e+00 5.418900620000000057e-01 6.554606780000000743e-01 7.240531380000000405e-01 8.085549259999998961e-01 8.612104179999999776e-01 8.776366760000000600e-01 7.955178179999999877e-01 9.157356800000000518e-01 7.785365659999999854e-01 7.071417079999999800e-01 5.431994739999999044e-01 6.310510020000000830e-01 4.943452260000000820e-01 6.444290120000000233e-01 4.661500799999999667e-01 5.365784000000000109e-01 8.098575759999999679e-01 7.398290659999999797e-01
5.952209400000000317e-01 7.265449419999999714e-01 5.773554920000000257e-01 5.418900620000000057e-01 0.000000000000000000e+00 5.598407400000000589e-01 5.144810319999999493e-01 5.391108700000000198e-01 5.786620179999999447e-01 5.817008100000000681e-01 5.310617460000000012e-01 5.540751900000000507e-01 5.141415879999999827e-01 4.348442160000000056e-01 3.370057139999999563e-01 4.047334360000000020e-01 3.704892459999999943e-01 3.988252860000000011e-01 2.315240820000000199e-01 2.725727199999999906e-01 5.504174339999999832e-01 4.024207719999999822e-01
6.978056999999999732e-01 6.416244560000000652e-01 6.654796419999999824e-01 6.554606780000000743e-01 5.598407400000000589e-01 0.000000000000000000e+00 6.042635579999999784e-01 5.772502999999999940e-01 6.717532640000000166e-01 6.665083480000000282e-01 6.565421999999999647e-01 6.690406480000000711e-01 6.236346440000000158e-01 4.978272200000000147e-01 4.672843660000000066e-01 5.327286279999999818e-01 4.648584199999999944e-01 4.792249259999999955e-01 3.672668780000000188e-01 3.976403400000000365e-01 6.367043580000000258e-01 4.905530800000000302e-01
5.566879999999999606e-01 5.610034219999999738e-01 7.836253640000000464e-01 7.240531380000000405e-01 5.144810319999999493e-01 6.042635579999999784e-01 0.000000000000000000e+00 6.670004000000000488e-01 7.823138679999999123e-01 7.882697579999999871e-01 8.067019020000000262e-01 7.199227240000000139e-01 7.778076160000000350e-01 6.275351479999999871e-01 5.709632980000000080e-01 5.315776039999999814e-01 5.440322600000000453e-01 6.067024060000000274e-01 4.905281920000000295e-01 4.990334459999999916e-01 7.804023860000000035e-01 5.968278579999999334e-01
5.220721919999999905e-01 5.875507079999999771e-01 7.296022699999999972e-01 8.085549259999998961e-01 5.391108700000000198e-01 5.772502999999999940e-01 6.670004000000000488e-01 0.000000000000000000e+00 7.810844040000000099e-01 7.877969820000000345e-01 7.214614320000000136e-01 8.056573999999999680e-01 7.244389399999999757e-01 7.039554820000000213e-01 5.095513300000000800e-01 5.624154180000000558e-01 4.612405720000000153e-01 5.687612320000000610e-01 3.925955520000000143e-01 4.138626839999999807e-01 7.268188099999999263e-01 6.602847420000000911e-01
6.589444319999999689e-01 6.118799219999999650e-01 8.913099799999999462e-01 8.612104179999999776e-01 5.786620179999999447e-01 6.717532640000000166e-01 7.823138679999999123e-01 7.810844040000000099e-01 0.000000000000000000e+00 9.159112260000000783e-01 8.958154600000000078e-01 8.672169679999999214e-01 8.269607400000001940e-01 7.520925760000001237e-01 5.574186720000000594e-01 6.656543639999999984e-01 5.554798880000000327e-01 6.698066799999999876e-01 4.613438719999999327e-01 5.368785739999999418e-01 8.476860399999999185e-01 6.645910680000000070e-01
6.602813419999999933e-01 6.243435579999999652e-01 9.071292400000000589e-01 8.776366760000000600e-01 5.817008100000000681e-01 6.665083480000000282e-01 7.882697579999999871e-01 7.877969820000000345e-01 9.159112260000000783e-01 0.000000000000000000e+00 8.825323359999999173e-01 8.842555140000000202e-01 8.526286379999999943e-01 7.664702439999999672e-01 5.727365660000000025e-01 6.446882800000001135e-01 5.309905600000000003e-01 6.207414940000000048e-01 4.909424120000000502e-01 4.967362220000000050e-01 8.597813719999999327e-01 6.402102119999999452e-01
6.158391819999999850e-01 5.842264019999999780e-01 9.326622280000000931e-01 7.955178179999999877e-01 5.310617460000000012e-01 6.565421999999999647e-01 8.067019020000000262e-01 7.214614320000000136e-01 8.958154600000000078e-01 8.825323359999999173e-01 0.000000000000000000e+00 8.080173560000000199e-01 9.322048819999999569e-01 7.338281479999999579e-01 5.686507940000000705e-01 6.168222939999999932e-01 5.887376879999999257e-01 6.484315179999999845e-01 4.807727220000000412e-01 4.995331999999999550e-01 9.121592479999998115e-01 6.836410539999999703e-01
6.360887859999999616e-01 6.148615239999999371e-01 8.389454759999999123e-01 9.157356800000000518e-01 5.540751900000000507e-01 6.690406480000000711e-01 7.199227240000000139e-01 8.056573999999999680e-01 8.672169679999999214e-01 8.842555140000000202e-01 8.080173560000000199e-01 0.000000000000000000e+00 7.783856300000000505e-01 7.143260019999999599e-01 5.232815079999999508e-01 6.265972640000000426e-01 5.089561999999999697e-01 6.404618080000000768e-01 4.345871499999999221e-01 5.379157500000000258e-01 7.839831619999999557e-01 7.329052019999999779e-01
5.967688239999999755e-01 5.594508700000000445e-01 9.038138680000000758e-01 7.785365659999999854e-01 5.141415879999999827e-01 6.236346440000000158e-01 7.778076160000000350e-01 7.244389399999999757e-01 8.269607400000001940e-01 8.526286379999999943e-01 9.322048819999999569e-01 7.783856300000000505e-01 0.000000000000000000e+00 7.236852940000000345e-01 5.426374880000000012e-01 6.119681539999999309e-01 5.237028599999999923e-01 6.380240639999998908e-01 4.392619859999999932e-01 4.769109740000000430e-01 8.941687259999999693e-01 6.707137300000000080e-01
4.649586039999999976e-01 4.975945460000000264e-01 7.131972680000000508e-01 7.071417079999999800e-01 4.348442160000000056e-01 4.978272200000000147e-01 6.275351479999999871e-01 7.039554820000000213e-01 7.520925760000001237e-01 7.664702439999999672e-01 7.338281479999999579e-01 7.143260019999999599e-01 7.236852940000000345e-01 0.000000000000000000e+00 4.420529379999999509e-01 5.646402580000000615e-01 4.558089499999999350e-01 5.341928040000001321e-01 4.286172260000000733e-01 4.076846259999999944e-01 7.042516479999999524e-01 5.950460840000000307e-01
4.026651400000000325e-01 4.241003179999999761e-01 5.379429860000000119e-01 5.431994739999999044e-01 3.370057139999999563e-01 4.672843660000000066e-01 5.709632980000000080e-01 5.095513300000000800e-01 5.574186720000000594e-01 5.727365660000000025e-01 5.686507940000000705e-01 5.232815079999999508e-01 5.426374880000000012e-01 4.420529379999999509e-01 0.000000000000000000e+00 4.203466080000000105e-01 4.948628600000000155e-01 3.701516179999999601e-01 4.287157719999999950e-01 5.648886379999999985e-01 5.575114520000000740e-01 4.731170300000000495e-01
4.971707920000000280e-01 4.768665180000000170e-01 6.386811039999999995e-01 6.310510020000000830e-01 4.047334360000000020e-01 5.327286279999999818e-01 5.315776039999999814e-01 5.624154180000000558e-01 6.656543639999999984e-01 6.446882800000001135e-01 6.168222939999999932e-01 6.265972640000000426e-01 6.119681539999999309e-01 5.646402580000000615e-01 4.203466080000000105e-01 0.000000000000000000e+00 4.235477399999999504e-01 7.193333440000000412e-01 5.863586320000000462e-01 5.305299599999999671e-01 6.159303200000000311e-01 5.261291540000000433e-01
4.047126440000000658e-01 4.239403219999999806e-01 5.644878300000000237e-01 4.943452260000000820e-01 3.704892459999999943e-01 4.648584199999999944e-01 5.440322600000000453e-01 4.612405720000000153e-01 5.554798880000000327e-01 5.309905600000000003e-01 5.887376879999999257e-01 5.089561999999999697e-01 5.237028599999999923e-01 4.558089499999999350e-01 4.948628600000000155e-01 4.235477399999999504e-01 0.000000000000000000e+00 4.305597760000000607e-01 5.881452980000000386e-01 3.794423239999999975e-01 5.530302359999998973e-01 4.433273879999999889e-01
4.901288279999999054e-01 4.845502360000000230e-01 6.497969359999998806e-01 6.444290120000000233e-01 3.988252860000000011e-01 4.792249259999999955e-01 6.067024060000000274e-01 5.687612320000000610e-01 6.698066799999999876e-01 6.207414940000000048e-01 6.484315179999999845e-01 6.404618080000000768e-01 6.380240639999998908e-01 5.341928040000001321e-01 3.701516179999999601e-01 7.193333440000000412e-01 4.305597760000000607e-01 0.000000000000000000e+00 5.201850199999999980e-01 6.304952340000000710e-01 6.260396360000000104e-01 5.703783040000000026e-01
3.155173419999999784e-01 3.663505739999999844e-01 4.692385780000000173e-01 4.661500799999999667e-01 2.315240820000000199e-01 3.672668780000000188e-01 4.905281920000000295e-01 3.925955520000000143e-01 4.613438719999999327e-01 4.909424120000000502e-01 4.807727220000000412e-01 4.345871499999999221e-01 4.392619859999999932e-01 4.286172260000000733e-01 4.287157719999999950e-01 5.863586320000000462e-01 5.881452980000000386e-01 5.201850199999999980e-01 0.000000000000000000e+00 3.431220500000000118e-01 4.631766540000000210e-01 4.287546180000000318e-01
3.842219519999999777e-01 3.392733940000000059e-01 4.974288800000000177e-01 5.365784000000000109e-01 2.725727199999999906e-01 3.976403400000000365e-01 4.990334459999999916e-01 4.138626839999999807e-01 5.368785739999999418e-01 4.967362220000000050e-01 4.995331999999999550e-01 5.379157500000000258e-01 4.769109740000000430e-01 4.076846259999999944e-01 5.648886379999999985e-01 5.305299599999999671e-01 3.794423239999999975e-01 6.304952340000000710e-01 3.431220500000000118e-01 0.000000000000000000e+00 5.005178499999999309e-01 5.077649379999999990e-01
6.119307980000000535e-01 5.876197619999999899e-01 9.333234700000000439e-01 8.098575759999999679e-01 5.504174339999999832e-01 6.367043580000000258e-01 7.804023860000000035e-01 7.268188099999999263e-01 8.476860399999999185e-01 8.597813719999999327e-01 9.121592479999998115e-01 7.839831619999999557e-01 8.941687259999999693e-01 7.042516479999999524e-01 5.575114520000000740e-01 6.159303200000000311e-01 5.530302359999998973e-01 6.260396360000000104e-01 4.631766540000000210e-01 5.005178499999999309e-01 0.000000000000000000e+00 6.689650480000000066e-01
4.930767879999999326e-01 4.449033220000000455e-01 6.760664259999999981e-01 7.398290659999999797e-01 4.024207719999999822e-01 4.905530800000000302e-01 5.968278579999999334e-01 6.602847420000000911e-01 6.645910680000000070e-01 6.402102119999999452e-01 6.836410539999999703e-01 7.329052019999999779e-01 6.707137300000000080e-01 5.950460840000000307e-01 4.731170300000000495e-01 5.261291540000000433e-01 4.433273879999999889e-01 5.703783040000000026e-01 4.287546180000000318e-01 5.077649379999999990e-01 6.689650480000000066e-01 0.000000000000000000e+00
