0.000000000000000000e+00 6.607080580000000980e-01 6.937415620000000338e-01 6.588733839999999509e-01 6.135949299999999829e-01 7.437318459999999742e-01 6.418690019999999663e-01 6.295202300000000140e-01 7.100783499999999693e-01 7.093229600000000579e-01 6.960490160000001314e-01 6.541637039999999015e-01 6.534499240000000153e-01 5.265479560000000392e-01 4.994600020000000140e-01 4.133287179999999839e-01 5.074896740000000017e-01 5.370250800000000435e-01 4.002569980000000305e-01 4.614094400000000040e-01 6.510000820000000354e-01 5.487036800000000270e-01
6.607080580000000980e-01 0.000000000000000000e+00 5.514232319999999854e-01 4.968612440000000352e-01 7.584413939999998799e-01 7.032268700000000594e-01 5.043169180000000029e-01 4.528786679999999842e-01 5.673741439999999692e-01 5.509043760000000844e-01 5.642008899999999549e-01 4.800901559999999901e-01 5.260152759999999761e-01 4.027635520000000247e-01 4.163764280000000761e-01 3.740778599999999843e-01 3.742894900000000025e-01 4.003296719999999698e-01 3.345084059999999804e-01 4.280591440000000025e-01 5.203007980000000643e-01 4.530660320000000074e-01
6.937415620000000338e-01 5.514232319999999854e-01 0.000000000000000000e+00 9.056301159999999850e-01 6.222726759999999135e-01 5.815487619999999414e-01 8.844570940000000547e-01 8.793673600000000423e-01 9.496106779999999858e-01 9.487838179999998900e-01 9.596055760000000712e-01 8.797437479999998811e-01 9.275211060000000396e-01 7.730371259999999634e-01 6.177838519999999667e-01 5.618741739999999485e-01 6.505045860000000513e-01 6.402425459999999680e-01 5.046831960000000006e-01 6.472900859999999312e-01 9.324865079999999917e-01 7.498821579999999098e-01
6.588733839999999509e-01 4.968612440000000352e-01 9.056301159999999850e-01 0.000000000000000000e+00 5.909212980000000393e-01 5.458101380000000002e-01 8.093010880000000018e-01 8.935491299999999137e-01 9.292579880000000347e-01 9.264765560000001177e-01 9.134987420000000302e-01 9.352424039999999161e-01 8.984156859999998801e-01 8.200674920000000645e-01 5.769102500000000688e-01 5.836509659999999933e-01 6.075665860000000196e-01 6.246178399999999797e-01 4.407045119999999372e-01 6.254841519999999599e-01 8.724004960000000253e-01 7.754879819999999091e-01
6.135949299999999829e-01 7.584413939999998799e-01 6.222726759999999135e-01 5.909212980000000393e-01 0.000000000000000000e+00 6.489260900000000110e-01 6.072805620000000237e-01 5.576092800000000960e-01 6.675773260000000819e-01 6.432858219999999516e-01 6.526297960000000398e-01 5.617065319999999806e-01 6.164606320000000084e-01 5.205461739999999171e-01 4.893746639999999593e-01 4.042220959999999752e-01 4.440168220000000332e-01 4.367726760000000263e-01 3.114919260000000301e-01 4.395610500000000087e-01 6.038304540000000165e-01 4.822533720000000135e-01
7.437318459999999742e-01 7.032268700000000594e-01 5.815487619999999414e-01 5.458101380000000002e-01 6.489260900000000110e-01 0.000000000000000000e+00 5.611531480000000460e-01 5.247815780000000263e-01 6.148061659999999318e-01 6.002711680000000216e-01 5.994026440000000955e-01 5.450304299999999547e-01 5.604619539999999844e-01 4.708624180000000048e-01 4.532016819999999946e-01 3.994122100000000453e-01 4.287304140000000041e-01 4.183580179999999982e-01 4.080097659999999959e-01 4.412303159999999558e-01 5.525814679999999646e-01 4.564787640000000368e-01
6.418690019999999663e-01 5.043169180000000029e-01 8.844570940000000547e-01 8.093010880000000018e-01 6.072805620000000237e-01 5.611531480000000460e-01 0.000000000000000000e+00 8.195662480000001082e-01 8.654692720000000117e-01 8.743850400000001688e-01 8.908266560000001055e-01 7.833352639999999756e-01 8.931498780000000082e-01 7.323850699999999714e-01 5.704591359999999778e-01 5.564694740000000195e-01 6.356701839999999715e-01 6.321859780000000928e-01 4.828842540000000128e-01 5.720842019999998751e-01 8.821443419999999147e-01 6.678435259999999651e-01
6.295202300000000140e-01 4.528786679999999842e-01 8.793673600000000423e-01 8.935491299999999137e-01 5.576092800000000960e-01 5.247815780000000263e-01 8.195662480000001082e-01 0.000000000000000000e+00 8.790704999999998659e-01 9.090085559999998566e-01 8.766944719999999469e-01 9.009533480000000427e-01 8.851191499999998546e-01 8.026350320000000815e-01 5.308545800000000758e-01 5.327978239999999754e-01 6.235309700000000177e-01 6.055568680000000814e-01 4.412496499999999378e-01 5.309572580000000430e-01 8.840911399999999976e-01 7.189559899999998782e-01
7.100783499999999693e-01 5.673741439999999692e-01 9.496106779999999858e-01 9.292579880000000347e-01 6.675773260000000819e-01 6.148061659999999318e-01 8.654692720000000117e-01 8.790704999999998659e-01 0.000000000000000000e+00 9.582887840000001711e-01 9.773767159999999787e-01 8.835596520000000842e-01 9.375041879999999050e-01 8.066498419999998948e-01 6.512563800000000791e-01 6.077761799999999992e-01 6.494510279999999858e-01 6.603276060000000669e-01 5.032212419999999575e-01 6.418515199999998977e-01 9.225328620000000646e-01 7.635819420000000690e-01
7.093229600000000579e-01 5.509043760000000844e-01 9.487838179999998900e-01 9.264765560000001177e-01 6.432858219999999516e-01 6.002711680000000216e-01 8.743850400000001688e-01 9.090085559999998566e-01 9.582887840000001711e-01 0.000000000000000000e+00 9.601264759999998954e-01 9.132999259999999841e-01 9.372533839999999117e-01 8.029628939999999826e-01 6.232874200000001474e-01 5.721634140000000368e-01 6.345442679999999669e-01 6.519489619999999652e-01 4.660531360000000345e-01 6.287169439999999998e-01 9.483784459999998750e-01 7.395896200000000587e-01
6.960490160000001314e-01 5.642008899999999549e-01 9.596055760000000712e-01 9.134987420000000302e-01 6.526297960000000398e-01 5.994026440000000955e-01 8.908266560000001055e-01 8.766944719999999469e-01 9.773767159999999787e-01 9.601264759999998954e-01 0.000000000000000000e+00 8.777103559999999138e-01 9.602942679999999509e-01 7.860938499999999829e-01 6.483433800000000247e-01 5.956376180000000353e-01 6.646288280000000048e-01 6.513707360000000612e-01 5.181075240000000415e-01 6.502854980000000173e-01 9.460643720000000423e-01 7.464208419999999178e-01
6.541637039999999015e-01 4.800901559999999901e-01 8.797437479999998811e-01 9.352424039999999161e-01 5.617065319999999806e-01 5.450304299999999547e-01 7.833352639999999756e-01 9.009533480000000427e-01 8.835596520000000842e-01 9.132999259999999841e-01 8.777103559999999138e-01 0.000000000000000000e+00 8.653923159999999948e-01 8.090686039999999135e-01 5.393748659999999528e-01 5.551638999999999324e-01 5.632557959999999753e-01 6.091461440000000005e-01 3.996446080000000123e-01 5.974585620000000263e-01 8.581060179999999704e-01 7.787146700000000532e-01
6.534499240000000153e-01 5.260152759999999761e-01 9.275211060000000396e-01 8.984156859999998801e-01 6.164606320000000084e-01 5.604619539999999844e-01 8.931498780000000082e-01 8.851191499999998546e-01 9.375041879999999050e-01 9.372533839999999117e-01 9.602942679999999509e-01 8.653923159999999948e-01 0.000000000000000000e+00 7.994907739999999041e-01 6.109008460000000529e-01 5.898697499999999705e-01 6.351626619999999335e-01 6.247391119999999853e-01 5.042509419999999798e-01 6.201260140000000032e-01 9.417063540000001343e-01 7.337106340000000282e-01
5.265479560000000392e-01 4.027635520000000247e-01 7.730371259999999634e-01 8.200674920000000645e-01 5.205461739999999171e-01 4.708624180000000048e-01 7.323850699999999714e-01 8.026350320000000815e-01 8.066498419999998948e-01 8.029628939999999826e-01 7.860938499999999829e-01 8.090686039999999135e-01 7.994907739999999041e-01 0.000000000000000000e+00 4.718650160000000260e-01 5.559861699999999463e-01 4.919100179999998934e-01 5.450893919999999504e-01 4.372657279999999647e-01 5.014676000000000133e-01 7.674504460000000083e-01 6.222151679999999851e-01
4.994600020000000140e-01 4.163764280000000761e-01 6.177838519999999667e-01 5.769102500000000688e-01 4.893746639999999593e-01 4.532016819999999946e-01 5.704591359999999778e-01 5.308545800000000758e-01 6.512563800000000791e-01 6.232874200000001474e-01 6.483433800000000247e-01 5.393748659999999528e-01 6.109008460000000529e-01 4.718650160000000260e-01 0.000000000000000000e+00 4.167564099999999661e-01 6.036540159999999045e-01 4.496920320000000193e-01 4.915572599999999959e-01 7.165920300000000465e-01 6.124917379999998968e-01 4.331336859999999622e-01
4.133287179999999839e-01 3.740778599999999843e-01 5.618741739999999485e-01 5.836509659999999933e-01 4.042220959999999752e-01 3.994122100000000453e-01 5.564694740000000195e-01 5.327978239999999754e-01 6.077761799999999992e-01 5.721634140000000368e-01 5.956376180000000353e-01 5.551638999999999324e-01 5.898697499999999705e-01 5.559861699999999463e-01 4.167564099999999661e-01 0.000000000000000000e+00 4.114556279999999622e-01 6.347344340000000695e-01 6.029536260000000203e-01 4.698382839999999949e-01 5.450684940000000145e-01 5.606158900000000056e-01
5.074896740000000017e-01 3.742894900000000025e-01 6.505045860000000513e-01 6.075665860000000196e-01 4.440168220000000332e-01 4.287304140000000041e-01 6.356701839999999715e-01 6.235309700000000177e-01 6.494510279999999858e-01 6.345442679999999669e-01 6.646288280000000048e-01 5.632557959999999753e-01 6.351626619999999335e-01 4.919100179999998934e-01 6.036540159999999045e-01 4.114556279999999622e-01 0.000000000000000000e+00 5.272905359999999764e-01 6.749539780000000100e-01 5.335485739999998867e-01 6.316360559999999458e-01 4.537061419999999790e-01
5.370250800000000435e-01 4.003296719999999698e-01 6.402425459999999680e-01 6.246178399999999797e-01 4.367726760000000263e-01 4.183580179999999982e-01 6.321859780000000928e-01 6.055568680000000814e-01 6.603276060000000669e-01 6.519489619999999652e-01 6.513707360000000612e-01 6.091461440000000005e-01 6.247391119999999853e-01 5.450893919999999504e-01 4.496920320000000193e-01 6.347344340000000695e-01 5.272905359999999764e-01 0.000000000000000000e+00 4.222694580000000419e-01 5.077412420000000370e-01 6.140561759999999536e-01 5.589061020000001268e-01
4.002569980000000305e-01 3.345084059999999804e-01 5.046831960000000006e-01 4.407045119999999372e-01 3.114919260000000301e-01 4.080097659999999959e-01 4.828842540000000128e-01 4.412496499999999378e-01 5.032212419999999575e-01 4.660531360000000345e-01 5.181075240000000415e-01 3.996446080000000123e-01 5.042509419999999798e-01 4.372657279999999647e-01 4.915572599999999959e-01 6.029536260000000203e-01 6.749539780000000100e-01 4.222694580000000419e-01 0.000000000000000000e+00 4.632515720000000004e-01 4.698119499999999782e-01 4.141498959999999618e-01
4.614094400000000040e-01 4.280591440000000025e-01 6.472900859999999312e-01 6.254841519999999599e-01 4.395610500000000087e-01 4.412303159999999558e-01 5.720842019999998751e-01 5.309572580000000430e-01 6.418515199999998977e-01 6.287169439999999998e-01 6.502854980000000173e-01 5.974585620000000263e-01 6.201260140000000032e-01 5.014676000000000133e-01 7.165920300000000465e-01 4.698382839999999949e-01 5.335485739999998867e-01 5.077412420000000370e-01 4.632515720000000004e-01 0.000000000000000000e+00 6.325799460000000041e-01 5.108693160000000733e-01
6.510000820000000354e-01 5.203007980000000643e-01 9.324865079999999917e-01 8.724004960000000253e-01 6.038304540000000165e-01 5.525814679999999646e-01 8.821443419999999147e-01 8.840911399999999976e-01 9.225328620000000646e-01 9.483784459999998750e-01 9.460643720000000423e-01 8.581060179999999704e-01 9.417063540000001343e-01 7.674504460000000083e-01 6.124917379999998968e-01 5.450684940000000145e-01 6.316360559999999458e-01 6.140561759999999536e-01 4.698119499999999782e-01 6.325799460000000041e-01 0.000000000000000000e+00 6.943254599999999499e-01
5.487036800000000270e-01 4.530660320000000074e-01 7.498821579999999098e-01 7.754879819999999091e-01 4.822533720000000135e-01 4.564787640000000368e-01 6.678435259999999651e-01 7.189559899999998782e-01 7.635819420000000690e-01 7.395896200000000587e-01 7.464208419999999178e-01 7.787146700000000532e-01 7.337106340000000282e-01 6.222151679999999851e-01 4.331336859999999622e-01 5.606158900000000056e-01 4.537061419999999790e-01 5.589061020000001268e-01 4.141498959999999618e-01 5.108693160000000733e-01 6.943254599999999499e-01 0.000000000000000000e+00
