0.000000000000000000e+00 9.813916360000000116e-01 3.371470339999999566e-01 4.005004879999999323e-01 9.824826779999999982e-01 9.805554339999998925e-01 2.995899260000000064e-01 2.245983779999999874e-01 3.239509339999999682e-01 3.718286319999999923e-01 3.028756459999999984e-01 3.622640280000000157e-01 3.364278720000000167e-01 2.926572579999999757e-01 1.044430759999999958e-01 1.100119539999999951e-01 1.076574859999999967e-01 1.189778439999999993e-01 1.062975339999999991e-01 1.109570699999999910e-01 3.298794359999999704e-01 2.648625680000000204e-01
9.813916360000000116e-01 0.000000000000000000e+00 2.794280599999999781e-01 3.336546519999999960e-01 9.899051740000001098e-01 9.893876799999998806e-01 2.624886300000000006e-01 1.909276200000000201e-01 2.687156659999999642e-01 3.253332059999999859e-01 2.420687960000000305e-01 3.202029579999999820e-01 2.824935640000000303e-01 2.933205319999999672e-01 8.383369199999998744e-02 9.919418200000000574e-02 8.513966600000000273e-02 1.095578820000000092e-01 8.481387999999998040e-02 9.905479399999998769e-02 2.715994339999999729e-01 2.334091519999999809e-01
3.371470339999999566e-01 2.794280599999999781e-01 0.000000000000000000e+00 8.673147260000000358e-01 3.072462059999999662e-01 2.609487240000000208e-01 6.619891300000000367e-01 6.600540919999999812e-01 9.456612040000000885e-01 9.193527200000000121e-01 9.601620960000000204e-01 8.735444239999999860e-01 9.139624079999999484e-01 7.177328199999999381e-01 2.209811339999999957e-01 2.306374780000000069e-01 2.843918060000000247e-01 3.082908220000000199e-01 2.312348539999999897e-01 2.202869040000000056e-01 9.403470840000001107e-01 7.171681840000000419e-01
4.005004879999999323e-01 3.336546519999999960e-01 8.673147260000000358e-01 0.000000000000000000e+00 3.541683660000000122e-01 3.198476960000000147e-01 6.201922659999999921e-01 6.253925080000000136e-01 8.517527559999999998e-01 8.451644179999998618e-01 8.454708280000000631e-01 8.501386419999998889e-01 8.130503420000000370e-01 6.537920879999999935e-01 2.214376839999999957e-01 2.235828999999999733e-01 2.758160159999999972e-01 2.958811780000000224e-01 2.291348259999999859e-01 2.106163979999999825e-01 8.467744219999999711e-01 6.693034900000000009e-01
9.824826779999999982e-01 9.899051740000001098e-01 3.072462059999999662e-01 3.541683660000000122e-01 0.000000000000000000e+00 9.790065919999999533e-01 2.865777560000000168e-01 2.219564519999999985e-01 3.011629619999999785e-01 3.490554060000000125e-01 2.745298840000000018e-01 3.401574659999999639e-01 3.127554639999999830e-01 2.960399320000000056e-01 9.263120199999999582e-02 1.086624659999999992e-01 9.471556999999999893e-02 1.091707620000000045e-01 9.576444200000000517e-02 1.037727739999999843e-01 3.028201840000000478e-01 2.493707360000000095e-01
9.805554339999998925e-01 9.893876799999998806e-01 2.609487240000000208e-01 3.198476960000000147e-01 9.790065919999999533e-01 0.000000000000000000e+00 2.498618800000000084e-01 2.191114040000000096e-01 2.793614959999999869e-01 3.339493580000000295e-01 2.566039940000000019e-01 3.187731779999999349e-01 2.971584320000000279e-01 2.893798579999999343e-01 9.274479600000000434e-02 1.120587819999999957e-01 9.316471599999999464e-02 1.122446079999999957e-01 9.646067399999999625e-02 1.107593019999999900e-01 2.903779519999999947e-01 2.641644739999999825e-01
2.995899260000000064e-01 2.624886300000000006e-01 6.619891300000000367e-01 6.201922659999999921e-01 2.865777560000000168e-01 2.498618800000000084e-01 0.000000000000000000e+00 7.435348520000000239e-01 6.050238700000000192e-01 6.128974579999999506e-01 6.189191800000000132e-01 5.944555519999999982e-01 5.642281480000000959e-01 3.983206260000000110e-01 6.583759460000000452e-01 6.519159300000000323e-01 7.056324099999999877e-01 6.880002720000000238e-01 6.645710859999999220e-01 6.479249799999999837e-01 6.154506299999999985e-01 4.953779079999999224e-01
2.245983779999999874e-01 1.909276200000000201e-01 6.600540919999999812e-01 6.253925080000000136e-01 2.219564519999999985e-01 2.191114040000000096e-01 7.435348520000000239e-01 0.000000000000000000e+00 6.241643100000000555e-01 6.644665000000000710e-01 6.358146359999998776e-01 6.345967279999999988e-01 5.771229220000000382e-01 4.633587319999999954e-01 6.353850779999998810e-01 6.057889779999999780e-01 6.851263879999999196e-01 7.016397260000000191e-01 6.495209820000000800e-01 6.238684500000000188e-01 6.172501660000000445e-01 5.682174399999999626e-01
3.239509339999999682e-01 2.687156659999999642e-01 9.456612040000000885e-01 8.517527559999999998e-01 3.011629619999999785e-01 2.793614959999999869e-01 6.050238700000000192e-01 6.241643100000000555e-01 0.000000000000000000e+00 9.423899900000000107e-01 9.789347660000000673e-01 8.836720540000000401e-01 9.496530159999998499e-01 7.786578779999999700e-01 1.489624599999999910e-01 1.603322479999999828e-01 2.225527279999999775e-01 2.513118080000000254e-01 1.629703120000000061e-01 1.534410979999999980e-01 9.439858780000000005e-01 7.715046759999999448e-01
3.718286319999999923e-01 3.253332059999999859e-01 9.193527200000000121e-01 8.451644179999998618e-01 3.490554060000000125e-01 3.339493580000000295e-01 6.128974579999999506e-01 6.644665000000000710e-01 9.423899900000000107e-01 0.000000000000000000e+00 9.422382600000001052e-01 9.445691520000000230e-01 9.234583760000001362e-01 7.852664579999999450e-01 1.619053860000000122e-01 1.502670060000000363e-01 2.343799139999999670e-01 2.549273459999999991e-01 1.753476599999999885e-01 1.580303959999999897e-01 9.329438279999999750e-01 7.909073580000000048e-01
3.028756459999999984e-01 2.420687960000000305e-01 9.601620960000000204e-01 8.454708280000000631e-01 2.745298840000000018e-01 2.566039940000000019e-01 6.189191800000000132e-01 6.358146359999998776e-01 9.789347660000000673e-01 9.422382600000001052e-01 0.000000000000000000e+00 8.871039200000000458e-01 9.698604720000000290e-01 7.718556559999999456e-01 1.612425920000000179e-01 1.782108659999999956e-01 2.299657519999999677e-01 2.552062119999999323e-01 1.741303519999999883e-01 1.639992420000000173e-01 9.612429439999999881e-01 7.666034039999999328e-01
3.622640280000000157e-01 3.202029579999999820e-01 8.735444239999999860e-01 8.501386419999998889e-01 3.401574659999999639e-01 3.187731779999999349e-01 5.944555519999999982e-01 6.345967279999999988e-01 8.836720540000000401e-01 9.445691520000000230e-01 8.871039200000000458e-01 0.000000000000000000e+00 8.683022360000001161e-01 7.327534119999998818e-01 1.781027980000000066e-01 1.590825440000000202e-01 2.411264439999999953e-01 2.411343079999999917e-01 1.859882959999999974e-01 1.633387159999999949e-01 8.785817759999998700e-01 7.798850440000000273e-01
3.364278720000000167e-01 2.824935640000000303e-01 9.139624079999999484e-01 8.130503420000000370e-01 3.127554639999999830e-01 2.971584320000000279e-01 5.642281480000000959e-01 5.771229220000000382e-01 9.496530159999998499e-01 9.234583760000001362e-01 9.698604720000000290e-01 8.683022360000001161e-01 0.000000000000000000e+00 7.919933059999999525e-01 1.205440239999999996e-01 1.579449719999999890e-01 1.620923539999999941e-01 1.783181779999999939e-01 1.227109839999999952e-01 1.255184380000000099e-01 9.408102320000001351e-01 7.438264479999998624e-01
2.926572579999999757e-01 2.933205319999999672e-01 7.177328199999999381e-01 6.537920879999999935e-01 2.960399320000000056e-01 2.893798579999999343e-01 3.983206260000000110e-01 4.633587319999999954e-01 7.786578779999999700e-01 7.852664579999999450e-01 7.718556559999999456e-01 7.327534119999998818e-01 7.919933059999999525e-01 0.000000000000000000e+00 1.173548219999999837e-01 1.383929679999999773e-01 1.147247959999999900e-01 1.333694219999999875e-01 9.942659000000000913e-02 1.251603520000000025e-01 7.283917819999998766e-01 6.641211620000000426e-01
1.044430759999999958e-01 8.383369199999998744e-02 2.209811339999999957e-01 2.214376839999999957e-01 9.263120199999999582e-02 9.274479600000000434e-02 6.583759460000000452e-01 6.353850779999998810e-01 1.489624599999999910e-01 1.619053860000000122e-01 1.612425920000000179e-01 1.781027980000000066e-01 1.205440239999999996e-01 1.173548219999999837e-01 0.000000000000000000e+00 9.634751340000000663e-01 9.849400039999999246e-01 9.050453220000000965e-01 9.952143580000001322e-01 9.710523699999999980e-01 1.831043619999999927e-01 1.442354700000000045e-01
1.100119539999999951e-01 9.919418200000000574e-02 2.306374780000000069e-01 2.235828999999999733e-01 1.086624659999999992e-01 1.120587819999999957e-01 6.519159300000000323e-01 6.057889779999999780e-01 1.603322479999999828e-01 1.502670060000000363e-01 1.782108659999999956e-01 1.590825440000000202e-01 1.579449719999999890e-01 1.383929679999999773e-01 9.634751340000000663e-01 0.000000000000000000e+00 9.432961800000001507e-01 9.228520419999999280e-01 9.660696619999999957e-01 9.834302040000000300e-01 2.024956300000000375e-01 1.201886120000000002e-01
1.076574859999999967e-01 8.513966600000000273e-02 2.843918060000000247e-01 2.758160159999999972e-01 9.471556999999999893e-02 9.316471599999999464e-02 7.056324099999999877e-01 6.851263879999999196e-01 2.225527279999999775e-01 2.343799139999999670e-01 2.299657519999999677e-01 2.411264439999999953e-01 1.620923539999999941e-01 1.147247959999999900e-01 9.849400039999999246e-01 9.432961800000001507e-01 0.000000000000000000e+00 9.079153620000000036e-01 9.921986640000000079e-01 9.533256660000001270e-01 2.388700880000000082e-01 2.076008119999999957e-01
1.189778439999999993e-01 1.095578820000000092e-01 3.082908220000000199e-01 2.958811780000000224e-01 1.091707620000000045e-01 1.122446079999999957e-01 6.880002720000000238e-01 7.016397260000000191e-01 2.513118080000000254e-01 2.549273459999999991e-01 2.552062119999999323e-01 2.411343079999999917e-01 1.783181779999999939e-01 1.333694219999999875e-01 9.050453220000000965e-01 9.228520419999999280e-01 9.079153620000000036e-01 0.000000000000000000e+00 9.124882880000001473e-01 9.487931860000001771e-01 2.536420000000000341e-01 1.923525299999999938e-01
1.062975339999999991e-01 8.481387999999998040e-02 2.312348539999999897e-01 2.291348259999999859e-01 9.576444200000000517e-02 9.646067399999999625e-02 6.645710859999999220e-01 6.495209820000000800e-01 1.629703120000000061e-01 1.753476599999999885e-01 1.741303519999999883e-01 1.859882959999999974e-01 1.227109839999999952e-01 9.942659000000000913e-02 9.952143580000001322e-01 9.660696619999999957e-01 9.921986640000000079e-01 9.124882880000001473e-01 0.000000000000000000e+00 9.715685900000000652e-01 1.885533279999999645e-01 1.533300759999999818e-01
1.109570699999999910e-01 9.905479399999998769e-02 2.202869040000000056e-01 2.106163979999999825e-01 1.037727739999999843e-01 1.107593019999999900e-01 6.479249799999999837e-01 6.238684500000000188e-01 1.534410979999999980e-01 1.580303959999999897e-01 1.639992420000000173e-01 1.633387159999999949e-01 1.255184380000000099e-01 1.251603520000000025e-01 9.710523699999999980e-01 9.834302040000000300e-01 9.533256660000001270e-01 9.487931860000001771e-01 9.715685900000000652e-01 0.000000000000000000e+00 1.820330259999999867e-01 1.263142180000000059e-01
3.298794359999999704e-01 2.715994339999999729e-01 9.403470840000001107e-01 8.467744219999999711e-01 3.028201840000000478e-01 2.903779519999999947e-01 6.154506299999999985e-01 6.172501660000000445e-01 9.439858780000000005e-01 9.329438279999999750e-01 9.612429439999999881e-01 8.785817759999998700e-01 9.408102320000001351e-01 7.283917819999998766e-01 1.831043619999999927e-01 2.024956300000000375e-01 2.388700880000000082e-01 2.536420000000000341e-01 1.885533279999999645e-01 1.820330259999999867e-01 0.000000000000000000e+00 7.148791599999999580e-01
2.648625680000000204e-01 2.334091519999999809e-01 7.171681840000000419e-01 6.693034900000000009e-01 2.493707360000000095e-01 2.641644739999999825e-01 4.953779079999999224e-01 5.682174399999999626e-01 7.715046759999999448e-01 7.909073580000000048e-01 7.666034039999999328e-01 7.798850440000000273e-01 7.438264479999998624e-01 6.641211620000000426e-01 1.442354700000000045e-01 1.201886120000000002e-01 2.076008119999999957e-01 1.923525299999999938e-01 1.533300759999999818e-01 1.263142180000000059e-01 7.148791599999999580e-01 0.000000000000000000e+00
