0.000000000000000000e+00 6.920485100000000056e-01 5.520918360000000025e-01 4.707600639999999781e-01 7.561264880000000410e-01 6.924719520000000017e-01 2.987812599999999930e-01 2.535937679999999972e-01 2.721716559999999840e-01 3.389252520000000102e-01 2.921694340000000056e-01 3.306945920000000649e-01 3.485146699999999709e-01 2.933625719999999881e-01 1.774795259999999986e-01 3.483747259999999679e-01 2.480871040000000305e-01 3.547194499999999917e-01 2.735557700000000314e-01 3.595836980000000072e-01 3.617930799999999891e-01 3.891866240000000365e-01
6.920485100000000056e-01 0.000000000000000000e+00 3.742772060000000289e-01 3.758368859999999811e-01 7.751371180000000694e-01 7.729865099999999600e-01 3.067015400000000502e-01 2.657517480000000099e-01 2.549492740000000035e-01 2.857803360000000237e-01 2.435608539999999933e-01 2.921386500000000552e-01 2.804000539999999542e-01 2.161487879999999806e-01 1.965830080000000035e-01 2.531007840000000231e-01 1.914417179999999552e-01 2.757349839999999608e-01 2.256636840000000033e-01 2.842666660000000012e-01 2.901478820000000236e-01 3.904923299999999986e-01
5.520918360000000025e-01 3.742772060000000289e-01 0.000000000000000000e+00 5.820462120000000628e-01 4.312248539999999908e-01 3.975429979999999808e-01 6.144263880000000455e-01 4.137078980000000183e-01 7.007757299999999301e-01 5.488654079999999436e-01 7.309872360000000402e-01 4.391677620000000171e-01 7.107782300000000664e-01 3.898353600000000196e-01 1.503986900000000015e-01 3.334145059999999994e-01 3.525167139999999533e-01 3.865516399999999742e-01 1.954390179999999921e-01 2.413689619999999925e-01 4.834266160000000312e-01 2.655231560000000379e-01
4.707600639999999781e-01 3.758368859999999811e-01 5.820462120000000628e-01 0.000000000000000000e+00 3.389197060000000428e-01 3.790858479999999475e-01 4.405668500000000098e-01 7.307536620000000260e-01 5.305941039999999553e-01 7.571603220000000523e-01 3.409831939999999895e-01 7.572368679999998964e-01 5.401650879999999599e-01 5.111089620000000000e-01 2.085052520000000020e-01 4.341270540000000122e-01 2.958555119999999872e-01 4.106159900000000418e-01 2.600889299999999960e-01 2.733269460000000151e-01 5.162698180000000470e-01 4.974021059999998995e-01
7.561264880000000410e-01 7.751371180000000694e-01 4.312248539999999908e-01 3.389197060000000428e-01 0.000000000000000000e+00 6.803096280000000551e-01 3.021969399999999695e-01 2.987371520000000058e-01 2.266614719999999750e-01 2.814802920000000208e-01 2.411948700000000056e-01 2.794975759999999698e-01 3.029132300000000333e-01 1.987548660000000300e-01 1.752450699999999750e-01 1.918656959999999745e-01 2.089939499999999839e-01 2.580721320000000096e-01 2.093225200000000119e-01 2.770756019999999764e-01 2.653273040000000416e-01 3.785901480000000152e-01
6.924719520000000017e-01 7.729865099999999600e-01 3.975429979999999808e-01 3.790858479999999475e-01 6.803096280000000551e-01 0.000000000000000000e+00 3.103341519999999742e-01 2.827521620000000291e-01 2.787219180000000129e-01 3.017458380000000440e-01 2.456868459999999865e-01 2.930295820000000107e-01 2.799221379999999870e-01 2.265940820000000022e-01 1.479726680000000294e-01 2.524732439999999856e-01 2.160273240000000483e-01 2.282022220000000101e-01 2.025275480000000017e-01 2.603507900000000541e-01 2.944911080000000014e-01 3.791919940000000322e-01
2.987812599999999930e-01 3.067015400000000502e-01 6.144263880000000455e-01 4.405668500000000098e-01 3.021969399999999695e-01 3.103341519999999742e-01 0.000000000000000000e+00 3.840347020000000056e-01 6.223063220000000229e-01 5.282130560000000141e-01 6.766696939999998772e-01 4.244815839999999119e-01 6.512660980000000155e-01 3.527102540000000008e-01 2.117699940000000169e-01 2.557688759999999784e-01 3.359097899999999859e-01 2.635084179999999665e-01 1.639290959999999964e-01 2.330419780000000107e-01 5.512924820000000281e-01 3.022199120000000350e-01
2.535937679999999972e-01 2.657517480000000099e-01 4.137078980000000183e-01 7.307536620000000260e-01 2.987371520000000058e-01 2.827521620000000291e-01 3.840347020000000056e-01 0.000000000000000000e+00 4.513162519999999733e-01 7.299650420000001194e-01 2.889496840000000399e-01 7.433600460000000520e-01 4.937305720000000342e-01 4.909090080000000356e-01 2.231230679999999800e-01 2.312443740000000025e-01 3.267073739999999948e-01 3.224839800000000034e-01 1.828191879999999936e-01 2.019366559999999922e-01 4.626553639999999024e-01 4.739334819999999615e-01
2.721716559999999840e-01 2.549492740000000035e-01 7.007757299999999301e-01 5.305941039999999553e-01 2.266614719999999750e-01 2.787219180000000129e-01 6.223063220000000229e-01 4.513162519999999733e-01 0.000000000000000000e+00 6.078711059999999389e-01 8.308823560000000441e-01 4.748142999999999669e-01 6.291851099999999919e-01 3.745234000000000618e-01 2.409420879999999987e-01 3.413670240000000189e-01 4.120355900000000071e-01 4.424994560000000132e-01 2.371749159999999856e-01 2.787580060000000026e-01 4.972691919999999710e-01 2.943772519999999782e-01
3.389252520000000102e-01 2.857803360000000237e-01 5.488654079999999436e-01 7.571603220000000523e-01 2.814802920000000208e-01 3.017458380000000440e-01 5.282130560000000141e-01 7.299650420000001194e-01 6.078711059999999389e-01 0.000000000000000000e+00 4.661042419999999464e-01 8.256263980000000391e-01 6.506404900000000158e-01 4.612445860000001230e-01 2.127945720000000152e-01 4.212755300000000647e-01 3.357633439999999636e-01 4.517975619999999859e-01 2.290815299999999777e-01 2.890564479999999659e-01 6.563333159999998889e-01 4.686755539999999942e-01
2.921694340000000056e-01 2.435608539999999933e-01 7.309872360000000402e-01 3.409831939999999895e-01 2.411948700000000056e-01 2.456868459999999865e-01 6.766696939999998772e-01 2.889496840000000399e-01 8.308823560000000441e-01 4.661042419999999464e-01 0.000000000000000000e+00 3.081963280000000194e-01 7.130581879999999817e-01 3.293162399999999823e-01 2.818696859999999527e-01 2.824774520000000178e-01 3.756958379999999487e-01 3.921623419999999971e-01 2.606256779999999718e-01 2.259506100000000239e-01 4.845017999999999825e-01 2.767641439999999897e-01
3.306945920000000649e-01 2.921386500000000552e-01 4.391677620000000171e-01 7.572368679999998964e-01 2.794975759999999698e-01 2.930295820000000107e-01 4.244815839999999119e-01 7.433600460000000520e-01 4.748142999999999669e-01 8.256263980000000391e-01 3.081963280000000194e-01 0.000000000000000000e+00 5.301465980000000799e-01 4.768776700000000313e-01 2.225153279999999845e-01 4.459519860000000224e-01 2.705478639999999713e-01 4.177592900000000609e-01 2.074317199999999861e-01 3.224938160000000442e-01 5.467456400000000327e-01 5.007333680000000120e-01
3.485146699999999709e-01 2.804000539999999542e-01 7.107782300000000664e-01 5.401650879999999599e-01 3.029132300000000333e-01 2.799221379999999870e-01 6.512660980000000155e-01 4.937305720000000342e-01 6.291851099999999919e-01 6.506404900000000158e-01 7.130581879999999817e-01 5.301465980000000799e-01 0.000000000000000000e+00 4.003393039999999514e-01 1.949409240000000154e-01 3.447843959999999375e-01 3.636267659999999902e-01 3.386495259999999785e-01 2.846859880000000009e-01 1.997402020000000056e-01 6.862809999999999189e-01 2.309143800000000302e-01
2.933625719999999881e-01 2.161487879999999806e-01 3.898353600000000196e-01 5.111089620000000000e-01 1.987548660000000300e-01 2.265940820000000022e-01 3.527102540000000008e-01 4.909090080000000356e-01 3.745234000000000618e-01 4.612445860000001230e-01 3.293162399999999823e-01 4.768776700000000313e-01 4.003393039999999514e-01 0.000000000000000000e+00 1.872827700000000151e-01 3.352146799999999871e-01 3.163848960000000266e-01 3.923916579999999765e-01 2.741043420000000008e-01 2.536789320000000236e-01 3.730635860000000026e-01 3.566421880000000266e-01
1.774795259999999986e-01 1.965830080000000035e-01 1.503986900000000015e-01 2.085052520000000020e-01 1.752450699999999750e-01 1.479726680000000294e-01 2.117699940000000169e-01 2.231230679999999800e-01 2.409420879999999987e-01 2.127945720000000152e-01 2.818696859999999527e-01 2.225153279999999845e-01 1.949409240000000154e-01 1.872827700000000151e-01 0.000000000000000000e+00 2.987093619999999783e-01 3.746838880000000205e-01 2.454487239999999793e-01 4.300162879999999133e-01 3.771894120000000017e-01 2.338478119999999882e-01 3.418355500000000435e-01
3.483747259999999679e-01 2.531007840000000231e-01 3.334145059999999994e-01 4.341270540000000122e-01 1.918656959999999745e-01 2.524732439999999856e-01 2.557688759999999784e-01 2.312443740000000025e-01 3.413670240000000189e-01 4.212755300000000647e-01 2.824774520000000178e-01 4.459519860000000224e-01 3.447843959999999375e-01 3.352146799999999871e-01 2.987093619999999783e-01 0.000000000000000000e+00 1.374393260000000283e-01 5.442007580000000067e-01 4.860906500000000685e-01 3.731046839999999643e-01 3.724297319999999578e-01 4.199144159999999570e-01
2.480871040000000305e-01 1.914417179999999552e-01 3.525167139999999533e-01 2.958555119999999872e-01 2.089939499999999839e-01 2.160273240000000483e-01 3.359097899999999859e-01 3.267073739999999948e-01 4.120355900000000071e-01 3.357633439999999636e-01 3.756958379999999487e-01 2.705478639999999713e-01 3.636267659999999902e-01 3.163848960000000266e-01 3.746838880000000205e-01 1.374393260000000283e-01 0.000000000000000000e+00 2.553345300000000040e-01 6.561378039999998801e-01 3.230511560000000060e-01 2.733878360000000507e-01 3.467013599999999585e-01
3.547194499999999917e-01 2.757349839999999608e-01 3.865516399999999742e-01 4.106159900000000418e-01 2.580721320000000096e-01 2.282022220000000101e-01 2.635084179999999665e-01 3.224839800000000034e-01 4.424994560000000132e-01 4.517975619999999859e-01 3.921623419999999971e-01 4.177592900000000609e-01 3.386495259999999785e-01 3.923916579999999765e-01 2.454487239999999793e-01 5.442007580000000067e-01 2.553345300000000040e-01 0.000000000000000000e+00 3.578390359999999992e-01 5.947445759999999693e-01 2.889095079999999816e-01 4.310443499999999650e-01
2.735557700000000314e-01 2.256636840000000033e-01 1.954390179999999921e-01 2.600889299999999960e-01 2.093225200000000119e-01 2.025275480000000017e-01 1.639290959999999964e-01 1.828191879999999936e-01 2.371749159999999856e-01 2.290815299999999777e-01 2.606256779999999718e-01 2.074317199999999861e-01 2.846859880000000009e-01 2.741043420000000008e-01 4.300162879999999133e-01 4.860906500000000685e-01 6.561378039999998801e-01 3.578390359999999992e-01 0.000000000000000000e+00 3.575628899999999666e-01 2.636973659999999886e-01 2.983947700000000314e-01
3.595836980000000072e-01 2.842666660000000012e-01 2.413689619999999925e-01 2.733269460000000151e-01 2.770756019999999764e-01 2.603507900000000541e-01 2.330419780000000107e-01 2.019366559999999922e-01 2.787580060000000026e-01 2.890564479999999659e-01 2.259506100000000239e-01 3.224938160000000442e-01 1.997402020000000056e-01 2.536789320000000236e-01 3.771894120000000017e-01 3.731046839999999643e-01 3.230511560000000060e-01 5.947445759999999693e-01 3.575628899999999666e-01 0.000000000000000000e+00 2.243585120000000099e-01 3.379527460000000261e-01
3.617930799999999891e-01 2.901478820000000236e-01 4.834266160000000312e-01 5.162698180000000470e-01 2.653273040000000416e-01 2.944911080000000014e-01 5.512924820000000281e-01 4.626553639999999024e-01 4.972691919999999710e-01 6.563333159999998889e-01 4.845017999999999825e-01 5.467456400000000327e-01 6.862809999999999189e-01 3.730635860000000026e-01 2.338478119999999882e-01 3.724297319999999578e-01 2.733878360000000507e-01 2.889095079999999816e-01 2.636973659999999886e-01 2.243585120000000099e-01 0.000000000000000000e+00 4.075291939999999835e-01
3.891866240000000365e-01 3.904923299999999986e-01 2.655231560000000379e-01 4.974021059999998995e-01 3.785901480000000152e-01 3.791919940000000322e-01 3.022199120000000350e-01 4.739334819999999615e-01 2.943772519999999782e-01 4.686755539999999942e-01 2.767641439999999897e-01 5.007333680000000120e-01 2.309143800000000302e-01 3.566421880000000266e-01 3.418355500000000435e-01 4.199144159999999570e-01 3.467013599999999585e-01 4.310443499999999650e-01 2.983947700000000314e-01 3.379527460000000261e-01 4.075291939999999835e-01 0.000000000000000000e+00
