0.000000000000000000e+00 8.475961499999999926e-01 5.380499340000000075e-01 5.227688280000000187e-01 8.170476360000000771e-01 7.934612340000000152e-01 3.376860019999999851e-01 2.228351759999999682e-01 4.298874740000000472e-01 3.231937679999999924e-01 3.338957379999999975e-01 2.841249799999999714e-01 3.429727479999999940e-01 3.516301099999999957e-01 1.900954460000000013e-01 2.259004960000000062e-01 2.915479239999999583e-01 4.247366499999999934e-01 2.922930759999999850e-01 3.267814020000000541e-01 3.548895819999999812e-01 2.848790300000000331e-01
8.475961499999999926e-01 0.000000000000000000e+00 4.418873419999999608e-01 4.024709380000000003e-01 8.843203540000000862e-01 8.734122980000000869e-01 3.492786620000000175e-01 2.107019159999999613e-01 4.158903860000000563e-01 2.954657980000000017e-01 3.478496859999999913e-01 2.289320920000000315e-01 3.681866020000000295e-01 3.294866559999999889e-01 2.239798840000000180e-01 2.063280200000000009e-01 3.282194359999999755e-01 3.708571139999999877e-01 2.532213599999999509e-01 3.301749780000000078e-01 3.908090579999999870e-01 2.909952999999999568e-01
5.380499340000000075e-01 4.418873419999999608e-01 0.000000000000000000e+00 7.458301620000000742e-01 4.376037039999999823e-01 3.856713660000000155e-01 6.805489160000000037e-01 4.944494979999999873e-01 8.245572559999999607e-01 6.722020939999999722e-01 8.118972799999999435e-01 5.580865040000000388e-01 7.711989420000000539e-01 5.125113399999999819e-01 3.369849140000000243e-01 4.677734040000000593e-01 3.700625379999999964e-01 5.302135459999999245e-01 4.180033300000000063e-01 3.840766119999999839e-01 6.965270219999999401e-01 2.901636799999999794e-01
5.227688280000000187e-01 4.024709380000000003e-01 7.458301620000000742e-01 0.000000000000000000e+00 3.571439879999999678e-01 3.259684079999999318e-01 5.058790899999999757e-01 6.722504620000000486e-01 7.090604959999999846e-01 7.405658359999999218e-01 6.092680939999999268e-01 7.557880179999999504e-01 5.852236799999999128e-01 5.928539639999999000e-01 3.678047500000000136e-01 5.416393979999999386e-01 2.675594079999999986e-01 4.915088040000000769e-01 3.919182460000000257e-01 4.571625320000000103e-01 5.837541940000000595e-01 3.971455819999999970e-01
8.170476360000000771e-01 8.843203540000000862e-01 4.376037039999999823e-01 3.571439879999999678e-01 0.000000000000000000e+00 7.879126419999999964e-01 3.141391279999999897e-01 2.004497399999999874e-01 3.628333840000000365e-01 2.948486040000000141e-01 3.077917700000000201e-01 2.345182279999999952e-01 3.581018819999999825e-01 2.912849819999999701e-01 2.007461839999999942e-01 1.588252119999999934e-01 3.165309459999999797e-01 2.979287259999999771e-01 2.732987279999999908e-01 2.502338459999999820e-01 3.647467420000000127e-01 2.794682019999999989e-01
7.934612340000000152e-01 8.734122980000000869e-01 3.856713660000000155e-01 3.259684079999999318e-01 7.879126419999999964e-01 0.000000000000000000e+00 3.035659619999999670e-01 1.908057420000000004e-01 3.724391559999999934e-01 2.582090579999999913e-01 3.135289199999999887e-01 1.912725599999999804e-01 3.496424699999999830e-01 3.038122759999999922e-01 1.591321219999999870e-01 1.851272880000000010e-01 3.122277800000000103e-01 4.068458599999999481e-01 2.252569279999999952e-01 3.037119540000000062e-01 3.710030180000000177e-01 3.211535919999999877e-01
3.376860019999999851e-01 3.492786620000000175e-01 6.805489160000000037e-01 5.058790899999999757e-01 3.141391279999999897e-01 3.035659619999999670e-01 0.000000000000000000e+00 4.373981199999999459e-01 6.633481839999999519e-01 5.924349519999999591e-01 7.069808560000000464e-01 4.985099680000000255e-01 7.156734839999999709e-01 3.642751859999999731e-01 2.463240240000000303e-01 3.494330440000000815e-01 3.831570919999999769e-01 4.713226099999999752e-01 2.132438580000000083e-01 3.817463919999999900e-01 6.657974540000000108e-01 2.070733360000000245e-01
2.228351759999999682e-01 2.107019159999999613e-01 4.944494979999999873e-01 6.722504620000000486e-01 2.004497399999999874e-01 1.908057420000000004e-01 4.373981199999999459e-01 0.000000000000000000e+00 5.193928279999999731e-01 6.893148000000000053e-01 4.297050480000000339e-01 7.578559580000000517e-01 4.536724020000000301e-01 4.759887199999999763e-01 2.499461560000000304e-01 3.407474099999999728e-01 2.596028280000000077e-01 3.766392060000000042e-01 2.682410359999999883e-01 2.983001880000000217e-01 4.760136360000000733e-01 4.342364439999999992e-01
4.298874740000000472e-01 4.158903860000000563e-01 8.245572559999999607e-01 7.090604959999999846e-01 3.628333840000000365e-01 3.724391559999999934e-01 6.633481839999999519e-01 5.193928279999999731e-01 0.000000000000000000e+00 7.555311780000000255e-01 9.073450940000000742e-01 6.405614920000000101e-01 7.307203079999999851e-01 5.019729840000000110e-01 4.068354939999999642e-01 5.376835380000000164e-01 3.665208819999999923e-01 5.958114220000000349e-01 4.649270740000000512e-01 4.431946459999999699e-01 7.212228919999998933e-01 3.102067599999999703e-01
3.231937679999999924e-01 2.954657980000000017e-01 6.722020939999999722e-01 7.405658359999999218e-01 2.948486040000000141e-01 2.582090579999999913e-01 5.924349519999999591e-01 6.893148000000000053e-01 7.555311780000000255e-01 0.000000000000000000e+00 7.031084359999999478e-01 8.365772119999999035e-01 6.885171600000000725e-01 5.102617339999999668e-01 3.470329079999999733e-01 5.678106819999999555e-01 2.499709039999999938e-01 5.360409859999999416e-01 3.989300179999999973e-01 4.225800339999999933e-01 7.728572179999999570e-01 3.605872680000000163e-01
3.338957379999999975e-01 3.478496859999999913e-01 8.118972799999999435e-01 6.092680939999999268e-01 3.077917700000000201e-01 3.135289199999999887e-01 7.069808560000000464e-01 4.297050480000000339e-01 9.073450940000000742e-01 7.031084359999999478e-01 0.000000000000000000e+00 5.555346059999999309e-01 8.018442860000000172e-01 4.671906759999999714e-01 4.230062400000000333e-01 4.771166919999999534e-01 3.831926580000000193e-01 5.560454800000000919e-01 4.170117079999999810e-01 4.149489259999999957e-01 7.638936940000000675e-01 2.529093619999999709e-01
2.841249799999999714e-01 2.289320920000000315e-01 5.580865040000000388e-01 7.557880179999999504e-01 2.345182279999999952e-01 1.912725599999999804e-01 4.985099680000000255e-01 7.578559580000000517e-01 6.405614920000000101e-01 8.365772119999999035e-01 5.555346059999999309e-01 0.000000000000000000e+00 5.634292120000000681e-01 4.523293620000000681e-01 3.168645340000000310e-01 5.612420619999999305e-01 2.480083760000000304e-01 4.671983599999999792e-01 3.181449440000000406e-01 3.544381939999999842e-01 6.130151879999999887e-01 4.813742079999999701e-01
3.429727479999999940e-01 3.681866020000000295e-01 7.711989420000000539e-01 5.852236799999999128e-01 3.581018819999999825e-01 3.496424699999999830e-01 7.156734839999999709e-01 4.536724020000000301e-01 7.307203079999999851e-01 6.885171600000000725e-01 8.018442860000000172e-01 5.634292120000000681e-01 0.000000000000000000e+00 4.469775500000000013e-01 3.651150979999999713e-01 4.296342579999999911e-01 3.932035779999999425e-01 4.661930179999999591e-01 3.492016580000000259e-01 3.934060119999999716e-01 7.909012140000000191e-01 1.835706220000000166e-01
3.516301099999999957e-01 3.294866559999999889e-01 5.125113399999999819e-01 5.928539639999999000e-01 2.912849819999999701e-01 3.038122759999999922e-01 3.642751859999999731e-01 4.759887199999999763e-01 5.019729840000000110e-01 5.102617339999999668e-01 4.671906759999999714e-01 4.523293620000000681e-01 4.469775500000000013e-01 0.000000000000000000e+00 3.218095340000000082e-01 4.552556400000000170e-01 2.463620060000000223e-01 4.185990199999999883e-01 3.720580459999999756e-01 3.681846859999999277e-01 4.608429120000000490e-01 3.339027940000000028e-01
1.900954460000000013e-01 2.239798840000000180e-01 3.369849140000000243e-01 3.678047500000000136e-01 2.007461839999999942e-01 1.591321219999999870e-01 2.463240240000000303e-01 2.499461560000000304e-01 4.068354939999999642e-01 3.470329079999999733e-01 4.230062400000000333e-01 3.168645340000000310e-01 3.651150979999999713e-01 3.218095340000000082e-01 0.000000000000000000e+00 3.762220939999999514e-01 4.285143180000000607e-01 3.535237859999999510e-01 4.297720540000000145e-01 5.713126560000000298e-01 3.691246519999999975e-01 2.017214019999999941e-01
2.259004960000000062e-01 2.063280200000000009e-01 4.677734040000000593e-01 5.416393979999999386e-01 1.588252119999999934e-01 1.851272880000000010e-01 3.494330440000000815e-01 3.407474099999999728e-01 5.376835380000000164e-01 5.678106819999999555e-01 4.771166919999999534e-01 5.612420619999999305e-01 4.296342579999999911e-01 4.552556400000000170e-01 3.762220939999999514e-01 0.000000000000000000e+00 2.787043920000000230e-01 5.771677119999999439e-01 5.794144279999999814e-01 4.348951879999999326e-01 4.880679159999999905e-01 4.277670340000000460e-01
2.915479239999999583e-01 3.282194359999999755e-01 3.700625379999999964e-01 2.675594079999999986e-01 3.165309459999999797e-01 3.122277800000000103e-01 3.831570919999999769e-01 2.596028280000000077e-01 3.665208819999999923e-01 2.499709039999999938e-01 3.831926580000000193e-01 2.480083760000000304e-01 3.932035779999999425e-01 2.463620060000000223e-01 4.285143180000000607e-01 2.787043920000000230e-01 0.000000000000000000e+00 3.388394439999999896e-01 6.562532960000000415e-01 3.771660559999999718e-01 3.539392920000000164e-01 2.070337059999999840e-01
4.247366499999999934e-01 3.708571139999999877e-01 5.302135459999999245e-01 4.915088040000000769e-01 2.979287259999999771e-01 4.068458599999999481e-01 4.713226099999999752e-01 3.766392060000000042e-01 5.958114220000000349e-01 5.360409859999999416e-01 5.560454800000000919e-01 4.671983599999999792e-01 4.661930179999999591e-01 4.185990199999999883e-01 3.535237859999999510e-01 5.771677119999999439e-01 3.388394439999999896e-01 0.000000000000000000e+00 4.086349699999999308e-01 6.566608499999999626e-01 5.007810339999999583e-01 4.049788380000000076e-01
2.922930759999999850e-01 2.532213599999999509e-01 4.180033300000000063e-01 3.919182460000000257e-01 2.732987279999999908e-01 2.252569279999999952e-01 2.132438580000000083e-01 2.682410359999999883e-01 4.649270740000000512e-01 3.989300179999999973e-01 4.170117079999999810e-01 3.181449440000000406e-01 3.492016580000000259e-01 3.720580459999999756e-01 4.297720540000000145e-01 5.794144279999999814e-01 6.562532960000000415e-01 4.086349699999999308e-01 0.000000000000000000e+00 3.761571179999999570e-01 3.815964179999999928e-01 3.304914380000000262e-01
3.267814020000000541e-01 3.301749780000000078e-01 3.840766119999999839e-01 4.571625320000000103e-01 2.502338459999999820e-01 3.037119540000000062e-01 3.817463919999999900e-01 2.983001880000000217e-01 4.431946459999999699e-01 4.225800339999999933e-01 4.149489259999999957e-01 3.544381939999999842e-01 3.934060119999999716e-01 3.681846859999999277e-01 5.713126560000000298e-01 4.348951879999999326e-01 3.771660559999999718e-01 6.566608499999999626e-01 3.761571179999999570e-01 0.000000000000000000e+00 4.391475179999999590e-01 3.468448600000000326e-01
3.548895819999999812e-01 3.908090579999999870e-01 6.965270219999999401e-01 5.837541940000000595e-01 3.647467420000000127e-01 3.710030180000000177e-01 6.657974540000000108e-01 4.760136360000000733e-01 7.212228919999998933e-01 7.728572179999999570e-01 7.638936940000000675e-01 6.130151879999999887e-01 7.909012140000000191e-01 4.608429120000000490e-01 3.691246519999999975e-01 4.880679159999999905e-01 3.539392920000000164e-01 5.007810339999999583e-01 3.815964179999999928e-01 4.391475179999999590e-01 0.000000000000000000e+00 2.794746080000000132e-01
2.848790300000000331e-01 2.909952999999999568e-01 2.901636799999999794e-01 3.971455819999999970e-01 2.794682019999999989e-01 3.211535919999999877e-01 2.070733360000000245e-01 4.342364439999999992e-01 3.102067599999999703e-01 3.605872680000000163e-01 2.529093619999999709e-01 4.813742079999999701e-01 1.835706220000000166e-01 3.339027940000000028e-01 2.017214019999999941e-01 4.277670340000000460e-01 2.070337059999999840e-01 4.049788380000000076e-01 3.304914380000000262e-01 3.468448600000000326e-01 2.794746080000000132e-01 0.000000000000000000e+00
