0.000000000000000000e+00 5.128445260000000783e-01 1.627363119999999941e-01 4.631904559999999726e-01 5.045900399999999619e-01 8.140642380000000511e-01 8.719102800000001763e-02 8.512313400000000307e-02 9.063660199999999667e-02 1.301027260000000019e-01 1.364226180000000233e-01 7.120858199999999250e-02 1.099163400000000151e-01 1.316903920000000172e-01 9.346853199999999307e-02 1.039441200000000010e-01 6.665871000000000990e-02 6.225241799999999687e-02 6.491104400000000108e-02 6.326753200000000132e-02 1.322159019999999963e-01 1.232991860000000328e-01
5.128445260000000783e-01 0.000000000000000000e+00 1.896476899999999799e-01 3.444449899999999509e-01 7.955765020000000742e-01 3.982061739999999683e-01 6.980151199999999612e-02 8.226635000000001585e-02 9.718704400000000021e-02 8.482614800000000399e-02 8.889840400000000031e-02 1.204007880000000086e-01 8.139719800000000394e-02 1.080666539999999981e-01 8.154102799999998763e-02 8.688764600000001281e-02 7.274186599999998837e-02 5.187545200000000245e-02 6.938942400000000510e-02 5.133653800000000100e-02 1.217150240000000050e-01 1.306466600000000255e-01
1.627363119999999941e-01 1.896476899999999799e-01 0.000000000000000000e+00 3.848871899999999902e-01 2.696593540000000178e-01 1.777755699999999939e-01 1.270343319999999721e-01 1.429631560000000079e-01 3.518931979999999626e-01 2.673721539999999730e-01 6.313196519999999534e-01 2.453839939999999942e-01 6.083424360000000419e-01 1.903161079999999838e-01 8.725399799999999928e-02 1.162331360000000008e-01 1.888829840000000038e-01 1.875429819999999970e-01 2.008297799999999855e-01 1.902794739999999762e-01 5.964372000000001117e-01 4.665790680000000412e-01
4.631904559999999726e-01 3.444449899999999509e-01 3.848871899999999902e-01 0.000000000000000000e+00 3.738455460000000286e-01 4.008645859999999672e-01 1.500150699999999726e-01 2.729083460000000239e-01 2.738490739999999701e-01 2.541106279999999495e-01 2.482372959999999684e-01 4.664790920000000396e-01 2.587286060000000276e-01 3.927921500000000066e-01 4.596934800000000015e-02 9.680415400000000337e-02 1.815756560000000019e-01 1.605765239999999983e-01 1.948398919999999868e-01 1.925725679999999995e-01 2.489266439999999747e-01 4.071186060000000495e-01
5.045900399999999619e-01 7.955765020000000742e-01 2.696593540000000178e-01 3.738455460000000286e-01 0.000000000000000000e+00 4.655500399999999983e-01 7.337362999999999524e-02 1.145123859999999799e-01 9.528971399999999758e-02 9.990130999999999317e-02 9.982558799999999288e-02 1.153765139999999995e-01 9.531140800000000024e-02 9.009074799999999827e-02 8.829530400000000501e-02 1.080850759999999883e-01 7.737325999999999926e-02 8.377248399999999429e-02 7.550913800000000342e-02 7.186417400000000288e-02 1.145618739999999941e-01 1.407102960000000125e-01
8.140642380000000511e-01 3.982061739999999683e-01 1.777755699999999939e-01 4.008645859999999672e-01 4.655500399999999983e-01 0.000000000000000000e+00 9.633835199999998822e-02 8.874888800000001188e-02 1.251217120000000238e-01 1.158363520000000035e-01 1.809069560000000076e-01 6.478934199999999977e-02 1.638409100000000063e-01 1.246930799999999839e-01 9.577451800000000293e-02 9.713276400000001032e-02 6.808259999999999312e-02 6.778834999999999722e-02 6.986322999999999839e-02 6.198947400000000274e-02 1.429492760000000140e-01 1.284055439999999826e-01
8.719102800000001763e-02 6.980151199999999612e-02 1.270343319999999721e-01 1.500150699999999726e-01 7.337362999999999524e-02 9.633835199999998822e-02 0.000000000000000000e+00 5.814562320000000728e-01 2.556902600000000025e-01 2.794014080000000178e-01 1.948964759999999852e-01 1.516459320000000111e-01 1.586769299999999938e-01 1.263400419999999857e-01 3.616654579999999397e-01 4.215634900000000407e-01 5.728614159999999567e-01 4.947616320000000067e-01 6.151628679999999738e-01 5.868609120000000123e-01 1.360893019999999676e-01 2.336237080000000133e-01
8.512313400000000307e-02 8.226635000000001585e-02 1.429631560000000079e-01 2.729083460000000239e-01 1.145123859999999799e-01 8.874888800000001188e-02 5.814562320000000728e-01 0.000000000000000000e+00 2.401025539999999958e-01 3.075421320000000236e-01 1.667244880000000040e-01 2.700468480000000615e-01 1.640371599999999874e-01 1.763046799999999914e-01 2.789061999999999930e-01 6.441159880000000282e-01 5.663172239999999524e-01 5.679369199999999562e-01 6.241404960000001001e-01 6.278283399999999848e-01 1.720228719999999933e-01 3.395049940000000044e-01
9.063660199999999667e-02 9.718704400000000021e-02 3.518931979999999626e-01 2.738490739999999701e-01 9.528971399999999758e-02 1.251217120000000238e-01 2.556902600000000025e-01 2.401025539999999958e-01 0.000000000000000000e+00 2.034314239999999996e-01 3.984058779999999911e-01 2.434745000000000381e-01 4.855470960000000114e-01 2.392163759999999806e-01 1.743688640000000123e-01 9.272489800000000004e-02 8.956309600000000870e-02 6.419530599999999365e-02 1.024825359999999852e-01 9.547990800000001610e-02 3.551324280000000000e-01 4.028413280000000540e-01
1.301027260000000019e-01 8.482614800000000399e-02 2.673721539999999730e-01 2.541106279999999495e-01 9.990130999999999317e-02 1.158363520000000035e-01 2.794014080000000178e-01 3.075421320000000236e-01 2.034314239999999996e-01 0.000000000000000000e+00 3.086357080000000086e-01 2.324777319999999925e-01 3.090193140000000449e-01 5.222863060000000335e-01 1.282861940000000200e-01 2.191662639999999995e-01 1.264520219999999973e-01 1.683186040000000383e-01 1.529363860000000075e-01 1.581536620000000004e-01 3.559400899999999868e-01 2.880424779999999907e-01
1.364226180000000233e-01 8.889840400000000031e-02 6.313196519999999534e-01 2.482372959999999684e-01 9.982558799999999288e-02 1.809069560000000076e-01 1.948964759999999852e-01 1.667244880000000040e-01 3.984058779999999911e-01 3.086357080000000086e-01 0.000000000000000000e+00 2.359029220000000149e-01 7.578438400000000463e-01 2.497684240000000444e-01 7.752653400000000805e-02 9.149686199999999825e-02 1.176951140000000173e-01 1.250835240000000015e-01 1.255724319999999838e-01 1.119331819999999922e-01 6.402752100000000945e-01 4.811517299999999997e-01
7.120858199999999250e-02 1.204007880000000086e-01 2.453839939999999942e-01 4.664790920000000396e-01 1.153765139999999995e-01 6.478934199999999977e-02 1.516459320000000111e-01 2.700468480000000615e-01 2.434745000000000381e-01 2.324777319999999925e-01 2.359029220000000149e-01 0.000000000000000000e+00 2.387901620000000003e-01 4.078777639999999205e-01 1.132495140000000095e-01 7.965241600000000366e-02 2.072180220000000017e-01 1.545921479999999848e-01 2.054217819999999972e-01 2.027794220000000147e-01 2.298352339999999994e-01 4.646836879999999281e-01
1.099163400000000151e-01 8.139719800000000394e-02 6.083424360000000419e-01 2.587286060000000276e-01 9.531140800000000024e-02 1.638409100000000063e-01 1.586769299999999938e-01 1.640371599999999874e-01 4.855470960000000114e-01 3.090193140000000449e-01 7.578438400000000463e-01 2.387901620000000003e-01 0.000000000000000000e+00 2.379559720000000156e-01 7.620197800000000354e-02 1.061313060000000086e-01 1.337829039999999803e-01 1.308763759999999887e-01 1.543796719999999956e-01 1.143881799999999921e-01 6.222178900000000512e-01 4.595613740000000225e-01
1.316903920000000172e-01 1.080666539999999981e-01 1.903161079999999838e-01 3.927921500000000066e-01 9.009074799999999827e-02 1.246930799999999839e-01 1.263400419999999857e-01 1.763046799999999914e-01 2.392163759999999806e-01 5.222863060000000335e-01 2.497684240000000444e-01 4.078777639999999205e-01 2.379559720000000156e-01 0.000000000000000000e+00 9.960726599999999986e-02 9.689587999999998980e-02 1.560973900000000025e-01 1.314434419999999937e-01 1.433929359999999986e-01 1.420943179999999972e-01 1.896530559999999865e-01 3.521888679999999883e-01
9.346853199999999307e-02 8.154102799999998763e-02 8.725399799999999928e-02 4.596934800000000015e-02 8.829530400000000501e-02 9.577451800000000293e-02 3.616654579999999397e-01 2.789061999999999930e-01 1.743688640000000123e-01 1.282861940000000200e-01 7.752653400000000805e-02 1.132495140000000095e-01 7.620197800000000354e-02 9.960726599999999986e-02 0.000000000000000000e+00 2.661113819999999519e-01 4.337946679999999944e-01 2.107731420000000244e-01 3.563752639999999694e-01 3.199783300000000330e-01 9.413223600000000801e-02 8.811522400000000588e-02
1.039441200000000010e-01 8.688764600000001281e-02 1.162331360000000008e-01 9.680415400000000337e-02 1.080850759999999883e-01 9.713276400000001032e-02 4.215634900000000407e-01 6.441159880000000282e-01 9.272489800000000004e-02 2.191662639999999995e-01 9.149686199999999825e-02 7.965241600000000366e-02 1.061313060000000086e-01 9.689587999999998980e-02 2.661113819999999519e-01 0.000000000000000000e+00 4.774404199999999210e-01 6.731679520000000139e-01 5.277079820000001309e-01 6.244007299999999594e-01 1.094143640000000001e-01 9.352806400000000797e-02
6.665871000000000990e-02 7.274186599999998837e-02 1.888829840000000038e-01 1.815756560000000019e-01 7.737325999999999926e-02 6.808259999999999312e-02 5.728614159999999567e-01 5.663172239999999524e-01 8.956309600000000870e-02 1.264520219999999973e-01 1.176951140000000173e-01 2.072180220000000017e-01 1.337829039999999803e-01 1.560973900000000025e-01 4.337946679999999944e-01 4.774404199999999210e-01 0.000000000000000000e+00 5.501033999999999091e-01 9.603397560000000999e-01 6.412547739999999719e-01 1.409974959999999999e-01 1.833750080000000060e-01
6.225241799999999687e-02 5.187545200000000245e-02 1.875429819999999970e-01 1.605765239999999983e-01 8.377248399999999429e-02 6.778834999999999722e-02 4.947616320000000067e-01 5.679369199999999562e-01 6.419530599999999365e-02 1.683186040000000383e-01 1.250835240000000015e-01 1.545921479999999848e-01 1.308763759999999887e-01 1.314434419999999937e-01 2.107731420000000244e-01 6.731679520000000139e-01 5.501033999999999091e-01 0.000000000000000000e+00 6.115749440000000092e-01 8.806347979999999964e-01 1.449965799999999860e-01 1.505920859999999861e-01
6.491104400000000108e-02 6.938942400000000510e-02 2.008297799999999855e-01 1.948398919999999868e-01 7.550913800000000342e-02 6.986322999999999839e-02 6.151628679999999738e-01 6.241404960000001001e-01 1.024825359999999852e-01 1.529363860000000075e-01 1.255724319999999838e-01 2.054217819999999972e-01 1.543796719999999956e-01 1.433929359999999986e-01 3.563752639999999694e-01 5.277079820000001309e-01 9.603397560000000999e-01 6.115749440000000092e-01 0.000000000000000000e+00 6.765781759999999201e-01 1.541654199999999975e-01 2.124866399999999766e-01
6.326753200000000132e-02 5.133653800000000100e-02 1.902794739999999762e-01 1.925725679999999995e-01 7.186417400000000288e-02 6.198947400000000274e-02 5.868609120000000123e-01 6.278283399999999848e-01 9.547990800000001610e-02 1.581536620000000004e-01 1.119331819999999922e-01 2.027794220000000147e-01 1.143881799999999921e-01 1.420943179999999972e-01 3.199783300000000330e-01 6.244007299999999594e-01 6.412547739999999719e-01 8.806347979999999964e-01 6.765781759999999201e-01 0.000000000000000000e+00 1.584980079999999958e-01 1.874674939999999845e-01
1.322159019999999963e-01 1.217150240000000050e-01 5.964372000000001117e-01 2.489266439999999747e-01 1.145618739999999941e-01 1.429492760000000140e-01 1.360893019999999676e-01 1.720228719999999933e-01 3.551324280000000000e-01 3.559400899999999868e-01 6.402752100000000945e-01 2.298352339999999994e-01 6.222178900000000512e-01 1.896530559999999865e-01 9.413223600000000801e-02 1.094143640000000001e-01 1.409974959999999999e-01 1.449965799999999860e-01 1.541654199999999975e-01 1.584980079999999958e-01 0.000000000000000000e+00 5.790313799999999844e-01
1.232991860000000328e-01 1.306466600000000255e-01 4.665790680000000412e-01 4.071186060000000495e-01 1.407102960000000125e-01 1.284055439999999826e-01 2.336237080000000133e-01 3.395049940000000044e-01 4.028413280000000540e-01 2.880424779999999907e-01 4.811517299999999997e-01 4.646836879999999281e-01 4.595613740000000225e-01 3.521888679999999883e-01 8.811522400000000588e-02 9.352806400000000797e-02 1.833750080000000060e-01 1.505920859999999861e-01 2.124866399999999766e-01 1.874674939999999845e-01 5.790313799999999844e-01 0.000000000000000000e+00
