0.000000000000000000e+00 3.628318260000000239e-01 3.379465099999999778e-01 2.173668939999999772e-01 3.611841980000000119e-01 8.348064159999999401e-01 3.742465080000000333e-01 2.422328159999999619e-01 2.008400560000000168e-01 3.110312560000000337e-01 3.020609499999999947e-01 2.218775860000000155e-01 3.509469280000000468e-01 2.322752140000000076e-01 3.082043419999999645e-01 3.426781079999999813e-01 2.927964140000000048e-01 2.264844720000000200e-01 4.158462299999999834e-01 1.380926660000000028e-01 3.760048080000000237e-01 3.170339520000000078e-01
3.628318260000000239e-01 0.000000000000000000e+00 1.502512599999999976e-01 2.214216540000000233e-01 8.155924520000000788e-01 3.472321760000000035e-01 2.645931480000000002e-01 2.988222299999999665e-01 2.252583119999999606e-01 2.499641400000000291e-01 2.173135579999999900e-01 2.425424780000000058e-01 2.136821440000000183e-01 2.344948459999999790e-01 2.831607680000000071e-01 2.308246080000000422e-01 2.496458479999999758e-01 2.597658180000000372e-01 2.603368419999999572e-01 2.444026839999999812e-01 1.858523019999999970e-01 2.449576840000000089e-01
3.379465099999999778e-01 1.502512599999999976e-01 0.000000000000000000e+00 1.980735240000000008e-01 2.254573099999999941e-01 2.789805799999999780e-01 5.762379139999999067e-01 1.726930040000000111e-01 3.410006220000000310e-01 7.074068119999999960e-01 8.202441119999999142e-01 2.290408740000000054e-01 8.590066240000000519e-01 1.935754080000000044e-01 2.611513160000000222e-01 3.648986920000000245e-01 2.396095100000000255e-01 2.555621780000000287e-01 2.951839920000000062e-01 2.445619240000000139e-01 7.945115579999999511e-01 2.867088279999999711e-01
2.173668939999999772e-01 2.214216540000000233e-01 1.980735240000000008e-01 0.000000000000000000e+00 2.224136720000000067e-01 2.416266000000000247e-01 2.169083679999999903e-01 5.468860479999999580e-01 6.012500239999999385e-01 1.331441680000000072e-01 1.470979739999999925e-01 7.868699960000000715e-01 1.904988139999999885e-01 6.145461779999999985e-01 2.183500500000000177e-01 2.418549440000000161e-01 2.890164780000000211e-01 2.514223439999999643e-01 2.600568100000000271e-01 3.092033900000000224e-01 1.621687560000000250e-01 4.557634919999999923e-01
3.611841980000000119e-01 8.155924520000000788e-01 2.254573099999999941e-01 2.224136720000000067e-01 0.000000000000000000e+00 3.755867519999999682e-01 2.437572339999999893e-01 3.168246440000000441e-01 2.104980340000000005e-01 2.419971079999999886e-01 2.235083459999999689e-01 2.269251059999999875e-01 2.641516620000000093e-01 2.443749799999999917e-01 2.615452980000000371e-01 2.285086499999999798e-01 2.936335039999999896e-01 2.640375500000000097e-01 2.501189919999999844e-01 2.523062799999999939e-01 2.113946180000000064e-01 2.145442000000000182e-01
8.348064159999999401e-01 3.472321760000000035e-01 2.789805799999999780e-01 2.416266000000000247e-01 3.755867519999999682e-01 0.000000000000000000e+00 3.274497180000000007e-01 2.919036480000000155e-01 2.597805480000000000e-01 2.357226899999999570e-01 2.385556820000000189e-01 2.408716740000000078e-01 2.889183720000000344e-01 2.570691239999999822e-01 2.176317959999999885e-01 2.642901480000000025e-01 2.886058040000000213e-01 2.366227780000000058e-01 4.100110299999999985e-01 2.013760579999999967e-01 3.176886520000000158e-01 3.152662620000000193e-01
3.742465080000000333e-01 2.645931480000000002e-01 5.762379139999999067e-01 2.169083679999999903e-01 2.437572339999999893e-01 3.274497180000000007e-01 0.000000000000000000e+00 2.755575940000000168e-01 2.323265760000000069e-01 4.887212339999999489e-01 5.130740959999999795e-01 2.486334980000000083e-01 5.711699700000000268e-01 2.646526619999999830e-01 3.255654060000000016e-01 3.680993140000000108e-01 2.888676399999999811e-01 2.720121420000000123e-01 4.479598420000000525e-01 4.088287519999999620e-01 4.717412719999999338e-01 3.448426560000000252e-01
2.422328159999999619e-01 2.988222299999999665e-01 1.726930040000000111e-01 5.468860479999999580e-01 3.168246440000000441e-01 2.919036480000000155e-01 2.755575940000000168e-01 0.000000000000000000e+00 5.168975980000000137e-01 1.566412380000000160e-01 1.554150900000000057e-01 6.208602080000000800e-01 1.633530940000000042e-01 5.132180659999999728e-01 2.498568379999999978e-01 2.090281500000000237e-01 2.413532800000000034e-01 1.021004739999999966e-01 2.448041440000000013e-01 2.741940500000000225e-01 1.579505840000000050e-01 4.792184180000000349e-01
2.008400560000000168e-01 2.252583119999999606e-01 3.410006220000000310e-01 6.012500239999999385e-01 2.104980340000000005e-01 2.597805480000000000e-01 2.323265760000000069e-01 5.168975980000000137e-01 0.000000000000000000e+00 3.014465940000000121e-01 2.579349900000000306e-01 5.037116719999999992e-01 3.168692639999999838e-01 4.334074360000000903e-01 2.660344660000000250e-01 2.081965279999999918e-01 2.296826020000000135e-01 2.552060079999999842e-01 2.557058139999999757e-01 3.197571980000000202e-01 3.033371280000000114e-01 3.944016359999999999e-01
3.110312560000000337e-01 2.499641400000000291e-01 7.074068119999999960e-01 1.331441680000000072e-01 2.419971079999999886e-01 2.357226899999999570e-01 4.887212339999999489e-01 1.566412380000000160e-01 3.014465940000000121e-01 0.000000000000000000e+00 7.170829019999999110e-01 1.472178140000000024e-01 6.731362340000000000e-01 1.696477980000000163e-01 3.434375440000000390e-01 4.066275499999999488e-01 3.713441060000000071e-01 2.894328039999999880e-01 4.007258860000000311e-01 2.863744099999999682e-01 6.549939919999999693e-01 2.666454719999999945e-01
3.020609499999999947e-01 2.173135579999999900e-01 8.202441119999999142e-01 1.470979739999999925e-01 2.235083459999999689e-01 2.385556820000000189e-01 5.130740959999999795e-01 1.554150900000000057e-01 2.579349900000000306e-01 7.170829019999999110e-01 0.000000000000000000e+00 1.435638640000000132e-01 8.305227099999999973e-01 1.477219260000000034e-01 3.834606360000000214e-01 2.960871479999999667e-01 3.527724740000000025e-01 2.326781039999999690e-01 3.737223199999999967e-01 2.279729420000000117e-01 8.467359800000000547e-01 3.735505499999999257e-01
2.218775860000000155e-01 2.425424780000000058e-01 2.290408740000000054e-01 7.868699960000000715e-01 2.269251059999999875e-01 2.408716740000000078e-01 2.486334980000000083e-01 6.208602080000000800e-01 5.037116719999999992e-01 1.472178140000000024e-01 1.435638640000000132e-01 0.000000000000000000e+00 1.575219419999999704e-01 6.447870100000000493e-01 2.651279599999999959e-01 2.747846339999999721e-01 1.899166500000000202e-01 2.068412320000000137e-01 2.173278559999999859e-01 2.477711800000000353e-01 1.671673800000000043e-01 5.099515020000000565e-01
3.509469280000000468e-01 2.136821440000000183e-01 8.590066240000000519e-01 1.904988139999999885e-01 2.641516620000000093e-01 2.889183720000000344e-01 5.711699700000000268e-01 1.633530940000000042e-01 3.168692639999999838e-01 6.731362340000000000e-01 8.305227099999999973e-01 1.575219419999999704e-01 0.000000000000000000e+00 2.242276920000000062e-01 2.874049060000000155e-01 3.154149280000000388e-01 2.228697979999999801e-01 2.483559640000000124e-01 3.502848639999999736e-01 2.270984639999999999e-01 7.968698119999999552e-01 3.919289540000000516e-01
2.322752140000000076e-01 2.344948459999999790e-01 1.935754080000000044e-01 6.145461779999999985e-01 2.443749799999999917e-01 2.570691239999999822e-01 2.646526619999999830e-01 5.132180659999999728e-01 4.334074360000000903e-01 1.696477980000000163e-01 1.477219260000000034e-01 6.447870100000000493e-01 2.242276920000000062e-01 0.000000000000000000e+00 1.854775339999999717e-01 3.714391179999999570e-01 1.718253740000000029e-01 2.720764860000000063e-01 2.209909800000000035e-01 2.509791919999999621e-01 1.903256480000000139e-01 3.965721260000000248e-01
3.082043419999999645e-01 2.831607680000000071e-01 2.611513160000000222e-01 2.183500500000000177e-01 2.615452980000000371e-01 2.176317959999999885e-01 3.255654060000000016e-01 2.498568379999999978e-01 2.660344660000000250e-01 3.434375440000000390e-01 3.834606360000000214e-01 2.651279599999999959e-01 2.874049060000000155e-01 1.854775339999999717e-01 0.000000000000000000e+00 3.771564199999999922e-01 5.349534719999999854e-01 2.983945960000000119e-01 4.991597980000000989e-01 5.002703819999998469e-01 3.859935240000000323e-01 2.469985040000000076e-01
3.426781079999999813e-01 2.308246080000000422e-01 3.648986920000000245e-01 2.418549440000000161e-01 2.285086499999999798e-01 2.642901480000000025e-01 3.680993140000000108e-01 2.090281500000000237e-01 2.081965279999999918e-01 4.066275499999999488e-01 2.960871479999999667e-01 2.747846339999999721e-01 3.154149280000000388e-01 3.714391179999999570e-01 3.771564199999999922e-01 0.000000000000000000e+00 3.236615480000000211e-01 3.680720100000000050e-01 5.133707379999999931e-01 3.036219679999999643e-01 3.743393839999999972e-01 2.997765279999999866e-01
2.927964140000000048e-01 2.496458479999999758e-01 2.396095100000000255e-01 2.890164780000000211e-01 2.936335039999999896e-01 2.886058040000000213e-01 2.888676399999999811e-01 2.413532800000000034e-01 2.296826020000000135e-01 3.713441060000000071e-01 3.527724740000000025e-01 1.899166500000000202e-01 2.228697979999999801e-01 1.718253740000000029e-01 5.349534719999999854e-01 3.236615480000000211e-01 0.000000000000000000e+00 2.262701980000000057e-01 7.769070939999999093e-01 2.424377720000000236e-01 3.345134780000000307e-01 3.184788299999999905e-01
2.264844720000000200e-01 2.597658180000000372e-01 2.555621780000000287e-01 2.514223439999999643e-01 2.640375500000000097e-01 2.366227780000000058e-01 2.720121420000000123e-01 1.021004739999999966e-01 2.552060079999999842e-01 2.894328039999999880e-01 2.326781039999999690e-01 2.068412320000000137e-01 2.483559640000000124e-01 2.720764860000000063e-01 2.983945960000000119e-01 3.680720100000000050e-01 2.262701980000000057e-01 0.000000000000000000e+00 2.450336939999999686e-01 6.835585960000000183e-01 2.734753859999999870e-01 2.872085739999999943e-01
4.158462299999999834e-01 2.603368419999999572e-01 2.951839920000000062e-01 2.600568100000000271e-01 2.501189919999999844e-01 4.100110299999999985e-01 4.479598420000000525e-01 2.448041440000000013e-01 2.557058139999999757e-01 4.007258860000000311e-01 3.737223199999999967e-01 2.173278559999999859e-01 3.502848639999999736e-01 2.209909800000000035e-01 4.991597980000000989e-01 5.133707379999999931e-01 7.769070939999999093e-01 2.450336939999999686e-01 0.000000000000000000e+00 2.211870539999999663e-01 3.775569799999999865e-01 3.029270840000000131e-01
1.380926660000000028e-01 2.444026839999999812e-01 2.445619240000000139e-01 3.092033900000000224e-01 2.523062799999999939e-01 2.013760579999999967e-01 4.088287519999999620e-01 2.741940500000000225e-01 3.197571980000000202e-01 2.863744099999999682e-01 2.279729420000000117e-01 2.477711800000000353e-01 2.270984639999999999e-01 2.509791919999999621e-01 5.002703819999998469e-01 3.036219679999999643e-01 2.424377720000000236e-01 6.835585960000000183e-01 2.211870539999999663e-01 0.000000000000000000e+00 2.667777960000000115e-01 2.149670480000000217e-01
3.760048080000000237e-01 1.858523019999999970e-01 7.945115579999999511e-01 1.621687560000000250e-01 2.113946180000000064e-01 3.176886520000000158e-01 4.717412719999999338e-01 1.579505840000000050e-01 3.033371280000000114e-01 6.549939919999999693e-01 8.467359800000000547e-01 1.671673800000000043e-01 7.968698119999999552e-01 1.903256480000000139e-01 3.859935240000000323e-01 3.743393839999999972e-01 3.345134780000000307e-01 2.734753859999999870e-01 3.775569799999999865e-01 2.667777960000000115e-01 0.000000000000000000e+00 4.066069919999999449e-01
3.170339520000000078e-01 2.449576840000000089e-01 2.867088279999999711e-01 4.557634919999999923e-01 2.145442000000000182e-01 3.152662620000000193e-01 3.448426560000000252e-01 4.792184180000000349e-01 3.944016359999999999e-01 2.666454719999999945e-01 3.735505499999999257e-01 5.099515020000000565e-01 3.919289540000000516e-01 3.965721260000000248e-01 2.469985040000000076e-01 2.997765279999999866e-01 3.184788299999999905e-01 2.872085739999999943e-01 3.029270840000000131e-01 2.149670480000000217e-01 4.066069919999999449e-01 0.000000000000000000e+00
