0.000000000000000000e+00 7.117535439999999047e-01 5.985975199999999941e-01 5.805959199999999321e-01 7.371158220000000316e-01 7.338443139999999421e-01 5.651157220000000425e-01 4.925139319999999321e-01 5.600956060000000791e-01 5.184019319999999542e-01 4.941089059999999589e-01 5.099325960000000713e-01 4.953320299999999787e-01 3.732477539999999872e-01 3.334497399999999945e-01 3.152258479999999752e-01 4.143710660000000101e-01 4.410401820000000583e-01 3.633382719999999622e-01 3.279355080000000422e-01 4.847541819999999779e-01 4.981700000000000017e-01
7.117535439999999047e-01 0.000000000000000000e+00 3.867251820000000007e-01 3.659672700000000112e-01 8.400928100000000232e-01 7.996945940000000919e-01 3.559121100000000038e-01 3.623531119999999772e-01 3.746089300000000066e-01 3.531465059999999712e-01 3.470180760000000086e-01 3.817610200000000065e-01 3.235776179999999558e-01 2.782674880000000073e-01 3.689909759999999705e-01 2.162832799999999944e-01 3.792675460000000109e-01 2.883054159999999810e-01 3.241195140000000530e-01 4.021496619999999633e-01 3.161008260000000014e-01 3.984268980000000293e-01
5.985975199999999941e-01 3.867251820000000007e-01 0.000000000000000000e+00 8.458472999999999686e-01 4.099045679999999692e-01 4.456945740000000100e-01 8.172406240000000821e-01 7.543332440000000139e-01 8.796408259999999313e-01 8.570146560000001523e-01 9.009808939999999211e-01 7.824825599999999381e-01 8.969664940000001696e-01 5.427699020000000818e-01 4.778330359999999888e-01 5.403572779999999964e-01 6.159519920000000592e-01 5.779863260000001057e-01 5.135841539999999039e-01 4.890119739999999604e-01 8.425015900000000224e-01 4.493889759999999955e-01
5.805959199999999321e-01 3.659672700000000112e-01 8.458472999999999686e-01 0.000000000000000000e+00 3.820577760000000156e-01 3.946847839999999552e-01 7.839757960000000026e-01 8.308743160000000572e-01 8.621495120000000068e-01 9.016519119999999443e-01 7.771751720000000807e-01 8.935016940000000130e-01 7.805802720000001305e-01 6.144974079999999672e-01 4.421392820000000223e-01 6.051985440000000604e-01 5.510588399999999387e-01 6.324761679999999497e-01 4.388915560000000715e-01 5.112008780000000252e-01 7.683767679999999878e-01 5.461925380000000052e-01
7.371158220000000316e-01 8.400928100000000232e-01 4.099045679999999692e-01 3.820577760000000156e-01 0.000000000000000000e+00 7.295848840000001001e-01 3.646656420000000121e-01 3.073173200000000049e-01 3.881561820000000163e-01 3.354624760000000094e-01 3.468571300000000135e-01 3.253049279999999932e-01 3.271997380000000177e-01 2.929416420000000021e-01 3.946294040000000169e-01 2.465506060000000055e-01 2.616127619999999987e-01 2.417683680000000113e-01 2.762144539999999981e-01 3.920732200000000001e-01 3.077020939999999816e-01 3.888690300000000044e-01
7.338443139999999421e-01 7.996945940000000919e-01 4.456945740000000100e-01 3.946847839999999552e-01 7.295848840000001001e-01 0.000000000000000000e+00 4.143621740000000275e-01 3.800871360000000476e-01 4.541736380000000461e-01 4.072213940000000143e-01 4.228315500000000005e-01 4.119341760000000408e-01 3.475803080000000045e-01 2.976642600000000138e-01 4.232475439999999756e-01 2.455221180000000114e-01 3.664522499999999794e-01 3.355211699999999797e-01 3.634521940000000062e-01 3.524261280000000052e-01 3.631592739999999764e-01 4.015136260000000124e-01
5.651157220000000425e-01 3.559121100000000038e-01 8.172406240000000821e-01 7.839757960000000026e-01 3.646656420000000121e-01 4.143621740000000275e-01 0.000000000000000000e+00 6.588364760000000597e-01 7.810233780000001014e-01 7.718184240000000029e-01 7.942400579999999710e-01 7.060395839999999978e-01 7.892862560000000194e-01 5.383582060000000613e-01 3.549324339999999633e-01 5.165576039999999480e-01 5.170165680000000652e-01 5.884436159999999472e-01 4.000686219999999294e-01 4.165985759999999982e-01 7.566539239999998667e-01 4.302817919999999963e-01
4.925139319999999321e-01 3.623531119999999772e-01 7.543332440000000139e-01 8.308743160000000572e-01 3.073173200000000049e-01 3.800871360000000476e-01 6.588364760000000597e-01 0.000000000000000000e+00 7.483582159999999650e-01 8.411265279999999844e-01 6.769390599999999258e-01 8.966004340000000017e-01 6.888913260000000260e-01 5.366679939999999815e-01 4.271833779999999470e-01 4.781620939999999820e-01 5.763380660000000377e-01 5.319223920000000216e-01 4.142656980000000155e-01 4.466711600000000670e-01 6.943230440000000003e-01 5.386273080000000268e-01
5.600956060000000791e-01 3.746089300000000066e-01 8.796408259999999313e-01 8.621495120000000068e-01 3.881561820000000163e-01 4.541736380000000461e-01 7.810233780000001014e-01 7.483582159999999650e-01 0.000000000000000000e+00 8.917534740000000459e-01 8.936325159999999324e-01 8.240582779999998664e-01 8.237156759999999522e-01 5.613597599999999854e-01 4.860993879999999656e-01 5.995785660000000350e-01 5.738073979999999130e-01 6.242754120000000295e-01 4.836112260000000052e-01 4.667535040000000413e-01 8.153328639999999350e-01 5.157323799999999903e-01
5.184019319999999542e-01 3.531465059999999712e-01 8.570146560000001523e-01 9.016519119999999443e-01 3.354624760000000094e-01 4.072213940000000143e-01 7.718184240000000029e-01 8.411265279999999844e-01 8.917534740000000459e-01 0.000000000000000000e+00 8.362307799999999514e-01 9.062694180000001598e-01 8.249523619999999946e-01 6.261107659999999298e-01 4.734071620000001035e-01 6.113270880000000185e-01 5.800674879999998534e-01 6.252992839999998997e-01 4.599428599999999534e-01 4.915214260000000945e-01 8.543487200000001724e-01 4.833395300000000172e-01
4.941089059999999589e-01 3.470180760000000086e-01 9.009808939999999211e-01 7.771751720000000807e-01 3.468571300000000135e-01 4.228315500000000005e-01 7.942400579999999710e-01 6.769390599999999258e-01 8.936325159999999324e-01 8.362307799999999514e-01 0.000000000000000000e+00 7.425765619999999956e-01 8.959535479999999330e-01 5.313365740000000059e-01 4.876583680000000642e-01 5.309999880000000338e-01 5.877720239999999485e-01 5.739580999999999156e-01 5.025831480000000351e-01 4.347577660000000455e-01 8.676194900000000487e-01 4.560157099999999630e-01
5.099325960000000713e-01 3.817610200000000065e-01 7.824825599999999381e-01 8.935016940000000130e-01 3.253049279999999932e-01 4.119341760000000408e-01 7.060395839999999978e-01 8.966004340000000017e-01 8.240582779999998664e-01 9.062694180000001598e-01 7.425765619999999956e-01 0.000000000000000000e+00 7.368206299999999764e-01 5.839413739999999020e-01 4.550947819999999200e-01 5.907915779999999284e-01 5.575025659999999217e-01 6.076562680000000549e-01 4.382337119999999975e-01 5.019286800000000159e-01 7.472165459999999815e-01 5.707301360000001100e-01
4.953320299999999787e-01 3.235776179999999558e-01 8.969664940000001696e-01 7.805802720000001305e-01 3.271997380000000177e-01 3.475803080000000045e-01 7.892862560000000194e-01 6.888913260000000260e-01 8.237156759999999522e-01 8.249523619999999946e-01 8.959535479999999330e-01 7.368206299999999764e-01 0.000000000000000000e+00 5.484464760000000716e-01 4.901768080000000194e-01 5.334311880000000006e-01 6.127916580000001279e-01 5.497117859999999245e-01 5.141281380000000123e-01 4.506659639999999745e-01 8.894331799999999344e-01 4.400342620000000093e-01
3.732477539999999872e-01 2.782674880000000073e-01 5.427699020000000818e-01 6.144974079999999672e-01 2.929416420000000021e-01 2.976642600000000138e-01 5.383582060000000613e-01 5.366679939999999815e-01 5.613597599999999854e-01 6.261107659999999298e-01 5.313365740000000059e-01 5.839413739999999020e-01 5.484464760000000716e-01 0.000000000000000000e+00 3.983336559999999804e-01 4.785855480000000273e-01 3.328225839999999769e-01 4.362945560000000000e-01 3.231844899999999909e-01 3.196247760000000548e-01 5.322432980000000313e-01 4.044566740000000715e-01
3.334497399999999945e-01 3.689909759999999705e-01 4.778330359999999888e-01 4.421392820000000223e-01 3.946294040000000169e-01 4.232475439999999756e-01 3.549324339999999633e-01 4.271833779999999470e-01 4.860993879999999656e-01 4.734071620000001035e-01 4.876583680000000642e-01 4.550947819999999200e-01 4.901768080000000194e-01 3.983336559999999804e-01 0.000000000000000000e+00 3.857435439999999938e-01 5.512226119999998897e-01 4.373742159999999823e-01 5.008327759999999795e-01 6.358370399999999645e-01 4.865693739999999989e-01 3.339188920000000227e-01
3.152258479999999752e-01 2.162832799999999944e-01 5.403572779999999964e-01 6.051985440000000604e-01 2.465506060000000055e-01 2.455221180000000114e-01 5.165576039999999480e-01 4.781620939999999820e-01 5.995785660000000350e-01 6.113270880000000185e-01 5.309999880000000338e-01 5.907915779999999284e-01 5.334311880000000006e-01 4.785855480000000273e-01 3.857435439999999938e-01 0.000000000000000000e+00 3.357211680000000698e-01 6.673423919999998954e-01 4.776345000000000174e-01 4.747623719999999881e-01 5.268192399999999109e-01 3.869451740000000028e-01
4.143710660000000101e-01 3.792675460000000109e-01 6.159519920000000592e-01 5.510588399999999387e-01 2.616127619999999987e-01 3.664522499999999794e-01 5.170165680000000652e-01 5.763380660000000377e-01 5.738073979999999130e-01 5.800674879999998534e-01 5.877720239999999485e-01 5.575025659999999217e-01 6.127916580000001279e-01 3.328225839999999769e-01 5.512226119999998897e-01 3.357211680000000698e-01 0.000000000000000000e+00 4.388442479999999923e-01 7.020809300000000475e-01 4.892709199999999425e-01 5.922092500000000204e-01 3.230689459999999680e-01
4.410401820000000583e-01 2.883054159999999810e-01 5.779863260000001057e-01 6.324761679999999497e-01 2.417683680000000113e-01 3.355211699999999797e-01 5.884436159999999472e-01 5.319223920000000216e-01 6.242754120000000295e-01 6.252992839999998997e-01 5.739580999999999156e-01 6.076562680000000549e-01 5.497117859999999245e-01 4.362945560000000000e-01 4.373742159999999823e-01 6.673423919999998954e-01 4.388442479999999923e-01 0.000000000000000000e+00 4.896024419999999711e-01 6.318895239999999802e-01 5.454121299999999950e-01 3.917164579999999896e-01
3.633382719999999622e-01 3.241195140000000530e-01 5.135841539999999039e-01 4.388915560000000715e-01 2.762144539999999981e-01 3.634521940000000062e-01 4.000686219999999294e-01 4.142656980000000155e-01 4.836112260000000052e-01 4.599428599999999534e-01 5.025831480000000351e-01 4.382337119999999975e-01 5.141281380000000123e-01 3.231844899999999909e-01 5.008327759999999795e-01 4.776345000000000174e-01 7.020809300000000475e-01 4.896024419999999711e-01 0.000000000000000000e+00 4.699858419999999870e-01 5.194301219999999386e-01 3.899030820000000119e-01
3.279355080000000422e-01 4.021496619999999633e-01 4.890119739999999604e-01 5.112008780000000252e-01 3.920732200000000001e-01 3.524261280000000052e-01 4.165985759999999982e-01 4.466711600000000670e-01 4.667535040000000413e-01 4.915214260000000945e-01 4.347577660000000455e-01 5.019286800000000159e-01 4.506659639999999745e-01 3.196247760000000548e-01 6.358370399999999645e-01 4.747623719999999881e-01 4.892709199999999425e-01 6.318895239999999802e-01 4.699858419999999870e-01 0.000000000000000000e+00 4.836380000000000123e-01 2.933290919999999580e-01
4.847541819999999779e-01 3.161008260000000014e-01 8.425015900000000224e-01 7.683767679999999878e-01 3.077020939999999816e-01 3.631592739999999764e-01 7.566539239999998667e-01 6.943230440000000003e-01 8.153328639999999350e-01 8.543487200000001724e-01 8.676194900000000487e-01 7.472165459999999815e-01 8.894331799999999344e-01 5.322432980000000313e-01 4.865693739999999989e-01 5.268192399999999109e-01 5.922092500000000204e-01 5.454121299999999950e-01 5.194301219999999386e-01 4.836380000000000123e-01 0.000000000000000000e+00 4.529541540000000532e-01
4.981700000000000017e-01 3.984268980000000293e-01 4.493889759999999955e-01 5.461925380000000052e-01 3.888690300000000044e-01 4.015136260000000124e-01 4.302817919999999963e-01 5.386273080000000268e-01 5.157323799999999903e-01 4.833395300000000172e-01 4.560157099999999630e-01 5.707301360000001100e-01 4.400342620000000093e-01 4.044566740000000715e-01 3.339188920000000227e-01 3.869451740000000028e-01 3.230689459999999680e-01 3.917164579999999896e-01 3.899030820000000119e-01 2.933290919999999580e-01 4.529541540000000532e-01 0.000000000000000000e+00
