0.000000000000000000e+00 2.332411719999999966e-01 1.287608120000000023e-01 4.050012179999999407e-01 2.808375499999999914e-01 7.249756039999999402e-01 8.228263399999999339e-02 5.153844999999999954e-02 1.020456220000000025e-01 1.248416579999999804e-01 1.449903800000000020e-01 1.190605420000000053e-01 1.354056859999999973e-01 1.238868619999999865e-01 9.426076200000001182e-02 6.301245199999999658e-02 5.600979600000000058e-02 7.488728199999999946e-02 4.823939200000000593e-02 8.233253399999999889e-02 7.808012400000000075e-02 8.375201000000001561e-02
2.332411719999999966e-01 0.000000000000000000e+00 1.218059200000000120e-01 1.792789600000000150e-01 6.218961600000000312e-01 1.318422939999999988e-01 5.262180600000000708e-02 4.273891600000000179e-02 1.095157000000000214e-01 9.521039400000001762e-02 9.904038199999999625e-02 6.749222000000001942e-02 1.066118820000000050e-01 1.170861019999999975e-01 6.862634200000000684e-02 1.031128019999999895e-01 4.490447200000000083e-02 7.081056600000000534e-02 4.823826999999999282e-02 8.814495800000000936e-02 8.127904199999999579e-02 4.928516000000000147e-02
1.287608120000000023e-01 1.218059200000000120e-01 0.000000000000000000e+00 1.131842379999999926e-01 1.686289400000000049e-01 9.260447000000000817e-02 1.424961680000000064e-01 2.524317919999999882e-01 1.347375519999999827e-01 9.642913999999999652e-02 5.561051379999999433e-01 1.069141839999999954e-01 5.023592519999999784e-01 1.316721040000000120e-01 7.599074799999999685e-02 1.543793179999999876e-01 2.792858079999999688e-01 2.681513279999999666e-01 3.005395880000000242e-01 2.582017600000000024e-01 4.184135440000000261e-01 2.586996200000000190e-01
4.050012179999999407e-01 1.792789600000000150e-01 1.131842379999999926e-01 0.000000000000000000e+00 2.274275920000000395e-01 3.606925080000000228e-01 1.074164579999999924e-01 1.625675299999999879e-01 1.485382260000000232e-01 9.590406799999999510e-02 1.048151360000000032e-01 4.094273300000000337e-01 8.102691000000000754e-02 2.834285680000000474e-01 9.746139000000000885e-02 7.514209600000000544e-02 1.335847099999999954e-01 7.677691400000000166e-02 1.370216040000000191e-01 8.054020600000000307e-02 9.710100800000001642e-02 3.124121600000000498e-01
2.808375499999999914e-01 6.218961600000000312e-01 1.686289400000000049e-01 2.274275920000000395e-01 0.000000000000000000e+00 2.676196279999999983e-01 7.533222800000000108e-02 7.409734400000000942e-02 8.848844599999999838e-02 1.312265720000000135e-01 9.888700799999999846e-02 5.459100400000001241e-02 1.484022100000000344e-01 1.056897920000000185e-01 4.885090800000000538e-02 1.112043180000000103e-01 7.236596200000000589e-02 5.297756599999999677e-02 7.104830399999999269e-02 6.159757200000000321e-02 1.038895919999999889e-01 6.973853599999998987e-02
7.249756039999999402e-01 1.318422939999999988e-01 9.260447000000000817e-02 3.606925080000000228e-01 2.676196279999999983e-01 0.000000000000000000e+00 8.164903199999999639e-02 9.613380000000000536e-02 9.977120400000001610e-02 1.249462760000000089e-01 1.128601079999999868e-01 9.371462599999999532e-02 1.545273480000000088e-01 9.603449000000001401e-02 1.053592100000000087e-01 9.710175600000001128e-02 7.799469000000000540e-02 1.039451720000000023e-01 8.363475199999999277e-02 9.390333399999999109e-02 9.323736200000000418e-02 7.961098800000000753e-02
8.228263399999999339e-02 5.262180600000000708e-02 1.424961680000000064e-01 1.074164579999999924e-01 7.533222800000000108e-02 8.164903199999999639e-02 0.000000000000000000e+00 6.542727879999999940e-01 1.599468679999999920e-01 1.908350659999999699e-01 9.885082400000000380e-02 1.108739939999999757e-01 1.188295319999999877e-01 1.582379959999999919e-01 3.667341400000000418e-01 2.409786299999999992e-01 6.071245800000000248e-01 6.467338299999999540e-01 6.649222260000000606e-01 6.431666480000000075e-01 1.526304380000000072e-01 2.181864480000000328e-01
5.153844999999999954e-02 4.273891600000000179e-02 2.524317919999999882e-01 1.625675299999999879e-01 7.409734400000000942e-02 9.613380000000000536e-02 6.542727879999999940e-01 0.000000000000000000e+00 1.941252480000000280e-01 2.266947159999999906e-01 1.463676040000000123e-01 1.514329179999999997e-01 1.740063560000000009e-01 1.337745400000000251e-01 1.487636360000000046e-01 4.263174779999999719e-01 6.666340079999999446e-01 6.783184600000000675e-01 7.318986119999999485e-01 6.881417199999999568e-01 2.023067560000000320e-01 2.955463560000000101e-01
1.020456220000000025e-01 1.095157000000000214e-01 1.347375519999999827e-01 1.485382260000000232e-01 8.848844599999999838e-02 9.977120400000001610e-02 1.599468679999999920e-01 1.941252480000000280e-01 0.000000000000000000e+00 8.561444599999999683e-02 1.339535119999999968e-01 1.004281900000000005e-01 2.531127880000000330e-01 6.296881199999999901e-02 1.807303440000000150e-01 9.052077799999999619e-02 7.014399600000000012e-02 1.795801640000000143e-01 8.530795800000000317e-02 1.759526220000000030e-01 1.558823239999999888e-01 1.930000759999999926e-01
1.248416579999999804e-01 9.521039400000001762e-02 9.642913999999999652e-02 9.590406799999999510e-02 1.312265720000000135e-01 1.249462760000000089e-01 1.908350659999999699e-01 2.266947159999999906e-01 8.561444599999999683e-02 0.000000000000000000e+00 1.352100519999999972e-01 1.581531960000000236e-01 1.436691179999999846e-01 4.485347880000000176e-01 8.803029199999999610e-02 9.418363799999998620e-02 1.824625280000000127e-01 1.814382439999999985e-01 1.873025160000000022e-01 2.075632159999999671e-01 1.179768380000000005e-01 1.141624119999999909e-01
1.449903800000000020e-01 9.904038199999999625e-02 5.561051379999999433e-01 1.048151360000000032e-01 9.888700799999999846e-02 1.128601079999999868e-01 9.885082400000000380e-02 1.463676040000000123e-01 1.339535119999999968e-01 1.352100519999999972e-01 0.000000000000000000e+00 8.411825399999998953e-02 5.344101340000000366e-01 1.167755159999999959e-01 1.286851380000000045e-01 8.336218999999998880e-02 1.572314280000000064e-01 1.450414560000000130e-01 1.739708100000000035e-01 1.197384539999999803e-01 4.549974680000000160e-01 3.117093220000000109e-01
1.190605420000000053e-01 6.749222000000001942e-02 1.069141839999999954e-01 4.094273300000000337e-01 5.459100400000001241e-02 9.371462599999999532e-02 1.108739939999999757e-01 1.514329179999999997e-01 1.004281900000000005e-01 1.581531960000000236e-01 8.411825399999998953e-02 0.000000000000000000e+00 4.622440799999999461e-02 2.333879160000000008e-01 5.159880999999999496e-02 6.722926999999999376e-02 1.338392680000000112e-01 1.069460580000000105e-01 1.369217199999999968e-01 1.159525899999999804e-01 9.356120599999999399e-02 2.956229179999999568e-01
1.354056859999999973e-01 1.066118820000000050e-01 5.023592519999999784e-01 8.102691000000000754e-02 1.484022100000000344e-01 1.545273480000000088e-01 1.188295319999999877e-01 1.740063560000000009e-01 2.531127880000000330e-01 1.436691179999999846e-01 5.344101340000000366e-01 4.622440799999999461e-02 0.000000000000000000e+00 1.282675040000000044e-01 1.339123520000000123e-01 1.073973140000000076e-01 1.787657659999999926e-01 1.662183059999999823e-01 1.895553019999999811e-01 1.246243360000000022e-01 5.159514359999999300e-01 2.041441199999999845e-01
1.238868619999999865e-01 1.170861019999999975e-01 1.316721040000000120e-01 2.834285680000000474e-01 1.056897920000000185e-01 9.603449000000001401e-02 1.582379959999999919e-01 1.337745400000000251e-01 6.296881199999999901e-02 4.485347880000000176e-01 1.167755159999999959e-01 2.333879160000000008e-01 1.282675040000000044e-01 0.000000000000000000e+00 4.492451199999999978e-02 1.541415479999999893e-01 1.654968239999999868e-01 1.096647299999999881e-01 1.640600639999999777e-01 1.150938639999999902e-01 9.848521600000000042e-02 1.569539179999999978e-01
9.426076200000001182e-02 6.862634200000000684e-02 7.599074799999999685e-02 9.746139000000000885e-02 4.885090800000000538e-02 1.053592100000000087e-01 3.667341400000000418e-01 1.487636360000000046e-01 1.807303440000000150e-01 8.803029199999999610e-02 1.286851380000000045e-01 5.159880999999999496e-02 1.339123520000000123e-01 4.492451199999999978e-02 0.000000000000000000e+00 3.379686020000000068e-01 1.073224639999999785e-01 3.499392540000000329e-01 3.574037400000000531e-02 1.647744419999999932e-01 1.063236539999999897e-01 1.606111600000000028e-01
6.301245199999999658e-02 1.031128019999999895e-01 1.543793179999999876e-01 7.514209600000000544e-02 1.112043180000000103e-01 9.710175600000001128e-02 2.409786299999999992e-01 4.263174779999999719e-01 9.052077799999999619e-02 9.418363799999998620e-02 8.336218999999998880e-02 6.722926999999999376e-02 1.073973140000000076e-01 1.541415479999999893e-01 3.379686020000000068e-01 0.000000000000000000e+00 2.068925060000000316e-01 4.105485200000000279e-01 2.661481639999999649e-01 3.145959720000000015e-01 1.180294120000000141e-01 1.172476679999999993e-01
5.600979600000000058e-02 4.490447200000000083e-02 2.792858079999999688e-01 1.335847099999999954e-01 7.236596200000000589e-02 7.799469000000000540e-02 6.071245800000000248e-01 6.666340079999999446e-01 7.014399600000000012e-02 1.824625280000000127e-01 1.572314280000000064e-01 1.338392680000000112e-01 1.787657659999999926e-01 1.654968239999999868e-01 1.073224639999999785e-01 2.068925060000000316e-01 0.000000000000000000e+00 5.036374180000000589e-01 9.681719599999999426e-01 5.753265440000000508e-01 2.110488300000000206e-01 2.135024959999999861e-01
7.488728199999999946e-02 7.081056600000000534e-02 2.681513279999999666e-01 7.677691400000000166e-02 5.297756599999999677e-02 1.039451720000000023e-01 6.467338299999999540e-01 6.783184600000000675e-01 1.795801640000000143e-01 1.814382439999999985e-01 1.450414560000000130e-01 1.069460580000000105e-01 1.662183059999999823e-01 1.096647299999999881e-01 3.499392540000000329e-01 4.105485200000000279e-01 5.036374180000000589e-01 0.000000000000000000e+00 5.762535859999999843e-01 8.868156559999998967e-01 1.902246040000000193e-01 2.182684060000000259e-01
4.823939200000000593e-02 4.823826999999999282e-02 3.005395880000000242e-01 1.370216040000000191e-01 7.104830399999999269e-02 8.363475199999999277e-02 6.649222260000000606e-01 7.318986119999999485e-01 8.530795800000000317e-02 1.873025160000000022e-01 1.739708100000000035e-01 1.369217199999999968e-01 1.895553019999999811e-01 1.640600639999999777e-01 3.574037400000000531e-02 2.661481639999999649e-01 9.681719599999999426e-01 5.762535859999999843e-01 0.000000000000000000e+00 6.186665519999999807e-01 2.172162580000000232e-01 2.351417800000000224e-01
8.233253399999999889e-02 8.814495800000000936e-02 2.582017600000000024e-01 8.054020600000000307e-02 6.159757200000000321e-02 9.390333399999999109e-02 6.431666480000000075e-01 6.881417199999999568e-01 1.759526220000000030e-01 2.075632159999999671e-01 1.197384539999999803e-01 1.159525899999999804e-01 1.246243360000000022e-01 1.150938639999999902e-01 1.647744419999999932e-01 3.145959720000000015e-01 5.753265440000000508e-01 8.868156559999998967e-01 6.186665519999999807e-01 0.000000000000000000e+00 1.961439979999999861e-01 2.120804619999999974e-01
7.808012400000000075e-02 8.127904199999999579e-02 4.184135440000000261e-01 9.710100800000001642e-02 1.038895919999999889e-01 9.323736200000000418e-02 1.526304380000000072e-01 2.023067560000000320e-01 1.558823239999999888e-01 1.179768380000000005e-01 4.549974680000000160e-01 9.356120599999999399e-02 5.159514359999999300e-01 9.848521600000000042e-02 1.063236539999999897e-01 1.180294120000000141e-01 2.110488300000000206e-01 1.902246040000000193e-01 2.172162580000000232e-01 1.961439979999999861e-01 0.000000000000000000e+00 3.214296319999999652e-01
8.375201000000001561e-02 4.928516000000000147e-02 2.586996200000000190e-01 3.124121600000000498e-01 6.973853599999998987e-02 7.961098800000000753e-02 2.181864480000000328e-01 2.955463560000000101e-01 1.930000759999999926e-01 1.141624119999999909e-01 3.117093220000000109e-01 2.956229179999999568e-01 2.041441199999999845e-01 1.569539179999999978e-01 1.606111600000000028e-01 1.172476679999999993e-01 2.135024959999999861e-01 2.182684060000000259e-01 2.351417800000000224e-01 2.120804619999999974e-01 3.214296319999999652e-01 0.000000000000000000e+00
