0.000000000000000000e+00 7.525615059999999357e-01 6.361477559999999531e-01 6.420706099999999861e-01 7.732313140000000029e-01 7.388461179999999962e-01 3.578861260000000266e-01 4.089038959999999889e-01 4.769070539999999414e-01 4.873636580000000329e-01 4.334069819999999962e-01 4.082257740000000412e-01 4.312075439999999982e-01 3.831415559999999942e-01 2.925717820000000025e-01 3.535621519999999629e-01 3.619663939999999691e-01 3.094587160000000226e-01 3.028431280000000170e-01 3.025627639999999841e-01 3.773334939999999915e-01 2.795594379999999934e-01
7.525615059999999357e-01 0.000000000000000000e+00 4.505792680000000883e-01 4.733267420000000780e-01 8.653354899999999850e-01 8.150042299999998852e-01 2.662119859999999560e-01 3.215482719999999683e-01 3.336242040000000353e-01 3.991348080000000076e-01 2.906645420000000257e-01 3.258127359999999917e-01 3.263160039999999928e-01 3.942428180000000504e-01 3.637284259999999936e-01 3.255217719999999870e-01 3.345498439999999851e-01 2.275842980000000182e-01 3.354595300000000613e-01 2.654986679999999377e-01 3.617197840000000442e-01 3.096564259999999846e-01
6.361477559999999531e-01 4.505792680000000883e-01 0.000000000000000000e+00 8.127183880000000693e-01 4.825019480000000138e-01 4.188684300000000138e-01 6.743435660000000054e-01 5.637671899999998626e-01 8.461223799999999517e-01 7.881795660000000536e-01 8.340224359999999226e-01 6.462583659999999730e-01 7.889667659999999305e-01 5.326119739999999325e-01 3.643198759999999869e-01 4.930501720000000643e-01 3.677094840000000309e-01 4.883358780000000010e-01 4.361966199999999239e-01 3.244019980000000247e-01 6.806076839999999351e-01 2.265298880000000126e-01
6.420706099999999861e-01 4.733267420000000780e-01 8.127183880000000693e-01 0.000000000000000000e+00 4.474064840000000487e-01 4.309240939999999798e-01 5.620270579999999683e-01 6.584594719999999901e-01 7.537360819999999739e-01 7.923831260000000487e-01 6.610787919999999707e-01 7.684136540000000570e-01 6.770412220000000536e-01 6.018090799999999962e-01 3.419812539999999568e-01 5.253708559999999972e-01 3.126166539999999938e-01 5.049422500000000369e-01 4.401296600000000336e-01 3.603741459999999508e-01 6.341188100000000327e-01 3.198903220000000047e-01
7.732313140000000029e-01 8.653354899999999850e-01 4.825019480000000138e-01 4.474064840000000487e-01 0.000000000000000000e+00 7.415174099999999324e-01 2.500834759999999712e-01 2.811497479999999771e-01 3.628668399999999683e-01 3.741531400000000507e-01 3.297615099999999799e-01 3.004300359999999559e-01 3.100338780000000405e-01 3.020240659999999799e-01 3.221183660000000448e-01 3.578279340000000142e-01 3.294005779999999994e-01 2.714520240000000140e-01 3.510093939999999746e-01 2.324474260000000125e-01 2.932369539999999941e-01 2.607975459999999912e-01
7.388461179999999962e-01 8.150042299999998852e-01 4.188684300000000138e-01 4.309240939999999798e-01 7.415174099999999324e-01 0.000000000000000000e+00 1.838576300000000219e-01 2.711610799999999988e-01 2.621256459999999899e-01 3.187479739999999895e-01 2.388513019999999876e-01 2.875473940000000117e-01 2.841806219999999938e-01 4.155341779999999763e-01 3.242423359999999644e-01 3.257791579999999576e-01 3.082498900000000264e-01 1.960266679999999873e-01 3.149956100000000370e-01 3.146659059999999397e-01 2.495645179999999852e-01 3.055876319999999979e-01
3.578861260000000266e-01 2.662119859999999560e-01 6.743435660000000054e-01 5.620270579999999683e-01 2.500834759999999712e-01 1.838576300000000219e-01 0.000000000000000000e+00 5.061711199999999744e-01 7.259382659999999987e-01 7.159674520000000042e-01 7.797676780000000196e-01 6.030673479999999476e-01 7.464624040000000793e-01 4.511928639999999713e-01 2.841104000000000407e-01 3.891415320000000122e-01 3.291562960000000149e-01 4.499570600000000198e-01 2.110956119999999880e-01 3.657642380000000193e-01 7.524032840000000055e-01 1.982427959999999989e-01
4.089038959999999889e-01 3.215482719999999683e-01 5.637671899999998626e-01 6.584594719999999901e-01 2.811497479999999771e-01 2.711610799999999988e-01 5.061711199999999744e-01 0.000000000000000000e+00 5.668226320000000484e-01 6.926455679999999893e-01 5.036100959999999516e-01 7.587172939999999866e-01 5.915456980000000087e-01 5.395576159999999621e-01 2.594466880000000364e-01 3.267052959999999784e-01 3.046304360000000044e-01 3.603187019999999352e-01 3.069469080000000183e-01 2.280569779999999935e-01 5.915999120000000611e-01 3.810837000000000252e-01
4.769070539999999414e-01 3.336242040000000353e-01 8.461223799999999517e-01 7.537360819999999739e-01 3.628668399999999683e-01 2.621256459999999899e-01 7.259382659999999987e-01 5.668226320000000484e-01 0.000000000000000000e+00 8.407700720000000905e-01 8.901405980000000051e-01 7.016420320000000821e-01 7.603742039999999980e-01 5.215446580000000498e-01 3.893545699999999554e-01 5.489769620000000128e-01 3.316981200000000407e-01 5.272413620000000467e-01 4.194606160000000084e-01 3.556661300000000248e-01 7.275781560000000869e-01 2.451068880000000227e-01
4.873636580000000329e-01 3.991348080000000076e-01 7.881795660000000536e-01 7.923831260000000487e-01 3.741531400000000507e-01 3.187479739999999895e-01 7.159674520000000042e-01 6.926455679999999893e-01 8.407700720000000905e-01 0.000000000000000000e+00 7.809649000000000729e-01 8.283097319999999097e-01 8.082901720000000845e-01 5.730689740000001198e-01 3.301802000000000348e-01 5.576569040000000088e-01 3.309888179999999624e-01 4.896797760000000110e-01 4.197657999999999667e-01 3.507337460000000129e-01 8.108886220000000034e-01 2.309323739999999958e-01
4.334069819999999962e-01 2.906645420000000257e-01 8.340224359999999226e-01 6.610787919999999707e-01 3.297615099999999799e-01 2.388513019999999876e-01 7.797676780000000196e-01 5.036100959999999516e-01 8.901405980000000051e-01 7.809649000000000729e-01 0.000000000000000000e+00 6.209869680000000836e-01 8.104398460000000748e-01 4.660936239999999842e-01 3.556315120000000385e-01 4.745946660000000539e-01 3.409159739999999550e-01 4.682980520000000202e-01 3.772527999999999992e-01 3.176718920000000113e-01 7.751902919999998920e-01 2.139664880000000102e-01
4.082257740000000412e-01 3.258127359999999917e-01 6.462583659999999730e-01 7.684136540000000570e-01 3.004300359999999559e-01 2.875473940000000117e-01 6.030673479999999476e-01 7.587172939999999866e-01 7.016420320000000821e-01 8.283097319999999097e-01 6.209869680000000836e-01 0.000000000000000000e+00 6.669788399999999617e-01 5.111160540000000418e-01 2.892002079999999586e-01 5.582929520000000645e-01 2.806966899999999709e-01 5.006090699999999893e-01 3.778712040000000161e-01 3.321890899999999647e-01 6.494600919999999888e-01 3.452007140000000196e-01
4.312075439999999982e-01 3.263160039999999928e-01 7.889667659999999305e-01 6.770412220000000536e-01 3.100338780000000405e-01 2.841806219999999938e-01 7.464624040000000793e-01 5.915456980000000087e-01 7.603742039999999980e-01 8.082901720000000845e-01 8.104398460000000748e-01 6.669788399999999617e-01 0.000000000000000000e+00 5.514622499999999317e-01 3.344413259999999832e-01 4.796709359999999367e-01 3.277750839999999943e-01 4.590443000000000717e-01 3.773295300000000241e-01 3.064706620000000048e-01 8.157160660000000174e-01 1.042824380000000051e-01
3.831415559999999942e-01 3.942428180000000504e-01 5.326119739999999325e-01 6.018090799999999962e-01 3.020240659999999799e-01 4.155341779999999763e-01 4.511928639999999713e-01 5.395576159999999621e-01 5.215446580000000498e-01 5.730689740000001198e-01 4.660936239999999842e-01 5.111160540000000418e-01 5.514622499999999317e-01 0.000000000000000000e+00 3.414682059999999963e-01 3.630700299999999880e-01 2.308318460000000072e-01 3.682131679999999796e-01 3.311092740000000090e-01 2.659564520000000098e-01 5.406534479999999254e-01 3.153673320000000002e-01
2.925717820000000025e-01 3.637284259999999936e-01 3.643198759999999869e-01 3.419812539999999568e-01 3.221183660000000448e-01 3.242423359999999644e-01 2.841104000000000407e-01 2.594466880000000364e-01 3.893545699999999554e-01 3.301802000000000348e-01 3.556315120000000385e-01 2.892002079999999586e-01 3.344413259999999832e-01 3.414682059999999963e-01 0.000000000000000000e+00 3.379547939999999473e-01 4.579207140000000065e-01 1.958170120000000125e-01 3.702981559999999339e-01 4.088526939999999610e-01 3.490192559999999444e-01 2.129763999999999824e-01
3.535621519999999629e-01 3.255217719999999870e-01 4.930501720000000643e-01 5.253708559999999972e-01 3.578279340000000142e-01 3.257791579999999576e-01 3.891415320000000122e-01 3.267052959999999784e-01 5.489769620000000128e-01 5.576569040000000088e-01 4.745946660000000539e-01 5.582929520000000645e-01 4.796709359999999367e-01 3.630700299999999880e-01 3.379547939999999473e-01 0.000000000000000000e+00 2.752553560000000066e-01 5.862316720000000370e-01 5.572474880000000130e-01 4.047518300000000346e-01 4.551378899999999339e-01 2.067972960000000193e-01
3.619663939999999691e-01 3.345498439999999851e-01 3.677094840000000309e-01 3.126166539999999938e-01 3.294005779999999994e-01 3.082498900000000264e-01 3.291562960000000149e-01 3.046304360000000044e-01 3.316981200000000407e-01 3.309888179999999624e-01 3.409159739999999550e-01 2.806966899999999709e-01 3.277750839999999943e-01 2.308318460000000072e-01 4.579207140000000065e-01 2.752553560000000066e-01 0.000000000000000000e+00 2.842075219999999902e-01 6.410126920000001061e-01 3.059335579999999943e-01 3.106711979999999818e-01 2.977876240000000285e-01
3.094587160000000226e-01 2.275842980000000182e-01 4.883358780000000010e-01 5.049422500000000369e-01 2.714520240000000140e-01 1.960266679999999873e-01 4.499570600000000198e-01 3.603187019999999352e-01 5.272413620000000467e-01 4.896797760000000110e-01 4.682980520000000202e-01 5.006090699999999893e-01 4.590443000000000717e-01 3.682131679999999796e-01 1.958170120000000125e-01 5.862316720000000370e-01 2.842075219999999902e-01 0.000000000000000000e+00 3.731121320000000408e-01 6.295665359999998989e-01 3.828171120000000149e-01 2.843037579999999620e-01
3.028431280000000170e-01 3.354595300000000613e-01 4.361966199999999239e-01 4.401296600000000336e-01 3.510093939999999746e-01 3.149956100000000370e-01 2.110956119999999880e-01 3.069469080000000183e-01 4.194606160000000084e-01 4.197657999999999667e-01 3.772527999999999992e-01 3.778712040000000161e-01 3.773295300000000241e-01 3.311092740000000090e-01 3.702981559999999339e-01 5.572474880000000130e-01 6.410126920000001061e-01 3.731121320000000408e-01 0.000000000000000000e+00 2.507071879999999697e-01 3.169919400000000276e-01 2.510269920000000043e-01
3.025627639999999841e-01 2.654986679999999377e-01 3.244019980000000247e-01 3.603741459999999508e-01 2.324474260000000125e-01 3.146659059999999397e-01 3.657642380000000193e-01 2.280569779999999935e-01 3.556661300000000248e-01 3.507337460000000129e-01 3.176718920000000113e-01 3.321890899999999647e-01 3.064706620000000048e-01 2.659564520000000098e-01 4.088526939999999610e-01 4.047518300000000346e-01 3.059335579999999943e-01 6.295665359999998989e-01 2.507071879999999697e-01 0.000000000000000000e+00 2.648678899999999947e-01 2.328763599999999767e-01
3.773334939999999915e-01 3.617197840000000442e-01 6.806076839999999351e-01 6.341188100000000327e-01 2.932369539999999941e-01 2.495645179999999852e-01 7.524032840000000055e-01 5.915999120000000611e-01 7.275781560000000869e-01 8.108886220000000034e-01 7.751902919999998920e-01 6.494600919999999888e-01 8.157160660000000174e-01 5.406534479999999254e-01 3.490192559999999444e-01 4.551378899999999339e-01 3.106711979999999818e-01 3.828171120000000149e-01 3.169919400000000276e-01 2.648678899999999947e-01 0.000000000000000000e+00 1.870075120000000146e-01
2.795594379999999934e-01 3.096564259999999846e-01 2.265298880000000126e-01 3.198903220000000047e-01 2.607975459999999912e-01 3.055876319999999979e-01 1.982427959999999989e-01 3.810837000000000252e-01 2.451068880000000227e-01 2.309323739999999958e-01 2.139664880000000102e-01 3.452007140000000196e-01 1.042824380000000051e-01 3.153673320000000002e-01 2.129763999999999824e-01 2.067972960000000193e-01 2.977876240000000285e-01 2.843037579999999620e-01 2.510269920000000043e-01 2.328763599999999767e-01 1.870075120000000146e-01 0.000000000000000000e+00
