0.000000000000000000e+00 9.784635579999999555e-01 4.882566839999999964e-01 6.670112219999999592e-01 9.752290660000000333e-01 9.704738260000000949e-01 6.649515599999999971e-02 7.044317199999999835e-02 3.608320839999999974e-01 3.268053040000000187e-01 3.087453820000000126e-01 2.167507500000000198e-01 2.576674719999999530e-01 1.688432280000000119e-01 7.085365600000000097e-02 6.336072200000000820e-02 6.627659000000001022e-02 6.653999400000000508e-02 6.441713200000000195e-02 5.903628199999999548e-02 3.138430559999999536e-01 3.237144319999999409e-01
9.784635579999999555e-01 0.000000000000000000e+00 4.718612159999999167e-01 6.489159700000000086e-01 9.706870159999999581e-01 9.843645119999999693e-01 6.073485200000000583e-02 7.995172000000000390e-02 3.595017900000000433e-01 3.177162619999999715e-01 2.918914060000000199e-01 2.156185600000000147e-01 2.488376419999999700e-01 1.656635499999999928e-01 6.703576199999998486e-02 5.893853400000000076e-02 6.740427999999999698e-02 6.635481599999999702e-02 6.563463599999999620e-02 5.695358000000000365e-02 3.163491039999999921e-01 3.258135899999999863e-01
4.882566839999999964e-01 4.718612159999999167e-01 0.000000000000000000e+00 6.306444919999999454e-01 4.661787839999999572e-01 4.417760079999999978e-01 5.271893899999999800e-01 5.301497299999999857e-01 4.783183639999999959e-01 2.099359159999999724e-01 4.786243079999999983e-01 3.050863899999999851e-01 3.924011440000000350e-01 3.350606600000000102e-01 5.067422500000000607e-01 5.270803859999999563e-01 5.205108099999999904e-01 5.270607039999999355e-01 5.250305520000000392e-01 5.216104640000001069e-01 3.884281920000000055e-01 2.240954019999999713e-01
6.670112219999999592e-01 6.489159700000000086e-01 6.306444919999999454e-01 0.000000000000000000e+00 6.339133639999999792e-01 6.324258479999999016e-01 3.221407900000000102e-01 3.358145259999999466e-01 3.307899719999999877e-01 2.323848359999999835e-01 2.985695119999999814e-01 2.285568180000000227e-01 2.269435059999999615e-01 2.885856079999999935e-01 3.159178919999999779e-01 3.215508320000000086e-01 3.194685500000000178e-01 3.275794639999999869e-01 3.218284180000000605e-01 3.257358120000000135e-01 2.536976680000000428e-01 3.782151099999999655e-01
9.752290660000000333e-01 9.706870159999999581e-01 4.661787839999999572e-01 6.339133639999999792e-01 0.000000000000000000e+00 9.545515820000000096e-01 8.335579799999999484e-02 8.377060999999999535e-02 3.508087279999999586e-01 3.371390639999999883e-01 3.017905020000000160e-01 2.327886819999999690e-01 2.719042479999999595e-01 1.679824860000000142e-01 6.724905800000000045e-02 5.347966999999999999e-02 7.328705800000000214e-02 6.036738200000000415e-02 6.595745999999999554e-02 5.601676199999999772e-02 3.070445259999999843e-01 3.295094080000000036e-01
9.704738260000000949e-01 9.843645119999999693e-01 4.417760079999999978e-01 6.324258479999999016e-01 9.545515820000000096e-01 0.000000000000000000e+00 7.803728599999999738e-02 9.078737800000000191e-02 3.654424840000000119e-01 3.354963879999999787e-01 3.034001220000000498e-01 2.222158239999999785e-01 2.672394319999999990e-01 1.682646039999999843e-01 7.772123200000000121e-02 6.279103199999999663e-02 7.774970000000000492e-02 6.993582400000000754e-02 7.446297199999998839e-02 6.304320399999999158e-02 3.287534699999999921e-01 3.475133040000000229e-01
6.649515599999999971e-02 6.073485200000000583e-02 5.271893899999999800e-01 3.221407900000000102e-01 8.335579799999999484e-02 7.803728599999999738e-02 0.000000000000000000e+00 9.723984919999999477e-01 4.076478840000000159e-01 1.597816519999999962e-01 4.422940180000000110e-01 2.522661079999999889e-01 6.211090880000000869e-01 3.318310999999999900e-01 9.896396839999999084e-01 9.670121179999998651e-01 9.898383179999999948e-01 9.635573159999999415e-01 9.912015719999999197e-01 9.745877760000001278e-01 6.147691339999999949e-01 2.878748279999999715e-01
7.044317199999999835e-02 7.995172000000000390e-02 5.301497299999999857e-01 3.358145259999999466e-01 8.377060999999999535e-02 9.078737800000000191e-02 9.723984919999999477e-01 0.000000000000000000e+00 4.139921980000000334e-01 1.573871179999999925e-01 4.345884359999999669e-01 2.508635920000000241e-01 6.448423999999999268e-01 3.510200940000000047e-01 9.729620079999999893e-01 9.799253800000000680e-01 9.752914280000000158e-01 9.787231479999999317e-01 9.806769920000000251e-01 9.820337099999999486e-01 6.363980339999999458e-01 2.985999120000000229e-01
3.608320839999999974e-01 3.595017900000000433e-01 4.783183639999999959e-01 3.307899719999999877e-01 3.508087279999999586e-01 3.654424840000000119e-01 4.076478840000000159e-01 4.139921980000000334e-01 0.000000000000000000e+00 3.536837959999999947e-01 8.664388080000000603e-01 1.914314500000000030e-01 3.274277239999999756e-01 2.292457420000000301e-01 4.109689839999999816e-01 4.618028259999999996e-01 4.105952239999999809e-01 4.687311200000000011e-01 4.196484240000000199e-01 4.527554120000000237e-01 4.239413120000000146e-01 3.636148220000000042e-01
3.268053040000000187e-01 3.177162619999999715e-01 2.099359159999999724e-01 2.323848359999999835e-01 3.371390639999999883e-01 3.354963879999999787e-01 1.597816519999999962e-01 1.573871179999999925e-01 3.536837959999999947e-01 0.000000000000000000e+00 2.961878780000000155e-01 7.813496659999999983e-01 2.754267380000000043e-01 5.450827840000000979e-01 1.545581719999999937e-01 1.483119599999999927e-01 1.643838960000000016e-01 1.515708739999999666e-01 1.584872120000000162e-01 1.473928099999999852e-01 2.683662439999999760e-01 4.151719720000000002e-01
3.087453820000000126e-01 2.918914060000000199e-01 4.786243079999999983e-01 2.985695119999999814e-01 3.017905020000000160e-01 3.034001220000000498e-01 4.422940180000000110e-01 4.345884359999999669e-01 8.664388080000000603e-01 2.961878780000000155e-01 0.000000000000000000e+00 1.574469420000000064e-01 3.492804059999999877e-01 2.581940500000000083e-01 4.311387580000000108e-01 4.671668719999999553e-01 4.295272579999999674e-01 4.806805640000000324e-01 4.359730380000000349e-01 4.659599720000000000e-01 4.451529039999999604e-01 4.314865700000000137e-01
2.167507500000000198e-01 2.156185600000000147e-01 3.050863899999999851e-01 2.285568180000000227e-01 2.327886819999999690e-01 2.222158239999999785e-01 2.522661079999999889e-01 2.508635920000000241e-01 1.914314500000000030e-01 7.813496659999999983e-01 1.574469420000000064e-01 0.000000000000000000e+00 2.544116880000000247e-01 8.082683120000000443e-01 2.313174479999999811e-01 2.188314379999999892e-01 2.363218699999999894e-01 2.116003919999999705e-01 2.377667200000000425e-01 2.178593839999999893e-01 2.543560259999999573e-01 2.948415159999999702e-01
2.576674719999999530e-01 2.488376419999999700e-01 3.924011440000000350e-01 2.269435059999999615e-01 2.719042479999999595e-01 2.672394319999999990e-01 6.211090880000000869e-01 6.448423999999999268e-01 3.274277239999999756e-01 2.754267380000000043e-01 3.492804059999999877e-01 2.544116880000000247e-01 0.000000000000000000e+00 3.026505079999999848e-01 6.233792539999999383e-01 6.072320340000001426e-01 6.284795619999999916e-01 6.185356960000001347e-01 6.280862820000000513e-01 6.209425980000000678e-01 7.989812960000000075e-01 4.744814739999999587e-01
1.688432280000000119e-01 1.656635499999999928e-01 3.350606600000000102e-01 2.885856079999999935e-01 1.679824860000000142e-01 1.682646039999999843e-01 3.318310999999999900e-01 3.510200940000000047e-01 2.292457420000000301e-01 5.450827840000000979e-01 2.581940500000000083e-01 8.082683120000000443e-01 3.026505079999999848e-01 0.000000000000000000e+00 3.278344720000000434e-01 3.301194659999999725e-01 3.278748919999999734e-01 3.223556599999999883e-01 3.334965020000000280e-01 3.288584179999999857e-01 3.827344300000000143e-01 2.511475559999999940e-01
7.085365600000000097e-02 6.703576199999998486e-02 5.067422500000000607e-01 3.159178919999999779e-01 6.724905800000000045e-02 7.772123200000000121e-02 9.896396839999999084e-01 9.729620079999999893e-01 4.109689839999999816e-01 1.545581719999999937e-01 4.311387580000000108e-01 2.313174479999999811e-01 6.233792539999999383e-01 3.278344720000000434e-01 0.000000000000000000e+00 9.733998719999998883e-01 9.949192339999999302e-01 9.682661039999999053e-01 9.957926199999999062e-01 9.806158280000000227e-01 6.072634519999999814e-01 2.785763620000000218e-01
6.336072200000000820e-02 5.893853400000000076e-02 5.270803859999999563e-01 3.215508320000000086e-01 5.347966999999999999e-02 6.279103199999999663e-02 9.670121179999998651e-01 9.799253800000000680e-01 4.618028259999999996e-01 1.483119599999999927e-01 4.671668719999999553e-01 2.188314379999999892e-01 6.072320340000001426e-01 3.301194659999999725e-01 9.733998719999998883e-01 0.000000000000000000e+00 9.705229699999999848e-01 9.954335740000000987e-01 9.793738019999999045e-01 9.961508260000000448e-01 6.105571300000000035e-01 2.675774780000000352e-01
6.627659000000001022e-02 6.740427999999999698e-02 5.205108099999999904e-01 3.194685500000000178e-01 7.328705800000000214e-02 7.774970000000000492e-02 9.898383179999999948e-01 9.752914280000000158e-01 4.105952239999999809e-01 1.643838960000000016e-01 4.295272579999999674e-01 2.363218699999999894e-01 6.284795619999999916e-01 3.278748919999999734e-01 9.949192339999999302e-01 9.705229699999999848e-01 0.000000000000000000e+00 9.650746939999998997e-01 9.983361139999999967e-01 9.757509159999999682e-01 6.121845020000000748e-01 2.727487439999999874e-01
6.653999400000000508e-02 6.635481599999999702e-02 5.270607039999999355e-01 3.275794639999999869e-01 6.036738200000000415e-02 6.993582400000000754e-02 9.635573159999999415e-01 9.787231479999999317e-01 4.687311200000000011e-01 1.515708739999999666e-01 4.806805640000000324e-01 2.116003919999999705e-01 6.185356960000001347e-01 3.223556599999999883e-01 9.682661039999999053e-01 9.954335740000000987e-01 9.650746939999998997e-01 0.000000000000000000e+00 9.741456100000001062e-01 9.967353859999998900e-01 6.236099919999998908e-01 2.836408839999999820e-01
6.441713200000000195e-02 6.563463599999999620e-02 5.250305520000000392e-01 3.218284180000000605e-01 6.595745999999999554e-02 7.446297199999998839e-02 9.912015719999999197e-01 9.806769920000000251e-01 4.196484240000000199e-01 1.584872120000000162e-01 4.359730380000000349e-01 2.377667200000000425e-01 6.280862820000000513e-01 3.334965020000000280e-01 9.957926199999999062e-01 9.793738019999999045e-01 9.983361139999999967e-01 9.741456100000001062e-01 0.000000000000000000e+00 9.835556100000001356e-01 6.134522000000000030e-01 2.726905800000000157e-01
5.903628199999999548e-02 5.695358000000000365e-02 5.216104640000001069e-01 3.257358120000000135e-01 5.601676199999999772e-02 6.304320399999999158e-02 9.745877760000001278e-01 9.820337099999999486e-01 4.527554120000000237e-01 1.473928099999999852e-01 4.659599720000000000e-01 2.178593839999999893e-01 6.209425980000000678e-01 3.288584179999999857e-01 9.806158280000000227e-01 9.961508260000000448e-01 9.757509159999999682e-01 9.967353859999998900e-01 9.835556100000001356e-01 0.000000000000000000e+00 6.225014540000000096e-01 2.851218120000000300e-01
3.138430559999999536e-01 3.163491039999999921e-01 3.884281920000000055e-01 2.536976680000000428e-01 3.070445259999999843e-01 3.287534699999999921e-01 6.147691339999999949e-01 6.363980339999999458e-01 4.239413120000000146e-01 2.683662439999999760e-01 4.451529039999999604e-01 2.543560259999999573e-01 7.989812960000000075e-01 3.827344300000000143e-01 6.072634519999999814e-01 6.105571300000000035e-01 6.121845020000000748e-01 6.236099919999998908e-01 6.134522000000000030e-01 6.225014540000000096e-01 0.000000000000000000e+00 6.383333860000000026e-01
3.237144319999999409e-01 3.258135899999999863e-01 2.240954019999999713e-01 3.782151099999999655e-01 3.295094080000000036e-01 3.475133040000000229e-01 2.878748279999999715e-01 2.985999120000000229e-01 3.636148220000000042e-01 4.151719720000000002e-01 4.314865700000000137e-01 2.948415159999999702e-01 4.744814739999999587e-01 2.511475559999999940e-01 2.785763620000000218e-01 2.675774780000000352e-01 2.727487439999999874e-01 2.836408839999999820e-01 2.726905800000000157e-01 2.851218120000000300e-01 6.383333860000000026e-01 0.000000000000000000e+00
