0.000000000000000000e+00 8.154926820000000243e-01 5.611947040000000442e-01 5.890015999999999030e-01 8.100544039999999502e-01 7.617160819999999610e-01 2.948746020000000412e-01 2.865872500000000156e-01 3.770096620000000232e-01 3.129227140000000462e-01 3.128038340000000028e-01 2.541357880000000291e-01 3.030524380000000351e-01 3.350242800000000076e-01 3.118617959999999689e-01 2.459622620000000148e-01 3.136511659999999813e-01 2.341854240000000031e-01 2.710633740000000236e-01 2.476537440000000367e-01 2.710204999999999975e-01 2.543700580000000100e-01
8.154926820000000243e-01 0.000000000000000000e+00 3.665240739999999775e-01 3.870994700000000011e-01 8.571519020000000211e-01 8.294046479999999111e-01 1.949879160000000111e-01 1.938375820000000083e-01 2.396255300000000033e-01 1.743294499999999969e-01 2.190492339999999538e-01 1.591057100000000113e-01 1.891324440000000107e-01 2.753080019999999961e-01 2.993209519999999735e-01 2.561391259999999948e-01 3.444966339999999683e-01 2.940823099999999579e-01 2.950899519999999887e-01 3.306512080000000298e-01 2.040491880000000202e-01 2.513291020000000264e-01
5.611947040000000442e-01 3.665240739999999775e-01 0.000000000000000000e+00 7.982276000000000371e-01 3.902973959999999631e-01 3.259691860000000219e-01 6.377657740000000075e-01 5.038874319999999685e-01 8.186283099999999147e-01 6.922125579999999223e-01 8.089189359999998663e-01 5.864252340000000174e-01 7.050279880000001054e-01 4.287937159999999359e-01 3.249877159999999821e-01 3.954521359999999541e-01 3.514043680000000225e-01 4.201093459999999946e-01 3.743175179999999602e-01 2.081116980000000116e-01 5.976331939999999232e-01 2.204952880000000115e-01
5.890015999999999030e-01 3.870994700000000011e-01 7.982276000000000371e-01 0.000000000000000000e+00 3.941752779999999623e-01 3.814007019999999804e-01 5.315115359999998956e-01 5.998204539999999474e-01 7.114874979999999960e-01 6.910520680000000748e-01 6.099272879999999564e-01 6.780468120000000543e-01 5.357264899999999441e-01 4.636282600000000143e-01 3.010428019999999982e-01 4.458239900000000588e-01 3.281745520000000083e-01 4.407581140000000341e-01 3.419418759999999780e-01 2.870309620000000006e-01 4.761793780000000420e-01 2.806989380000000089e-01
8.100544039999999502e-01 8.571519020000000211e-01 3.902973959999999631e-01 3.941752779999999623e-01 0.000000000000000000e+00 7.471414939999999616e-01 1.976195419999999814e-01 2.121053260000000107e-01 2.136384859999999608e-01 1.978382700000000105e-01 1.980694839999999901e-01 1.794609640000000006e-01 2.453131119999999998e-01 2.560394999999999754e-01 3.083407799999999810e-01 2.001730180000000081e-01 3.738872639999999969e-01 2.398640320000000048e-01 3.301400979999999930e-01 2.368779500000000038e-01 2.156342019999999970e-01 2.695951260000000183e-01
7.617160819999999610e-01 8.294046479999999111e-01 3.259691860000000219e-01 3.814007019999999804e-01 7.471414939999999616e-01 0.000000000000000000e+00 1.935712840000000379e-01 2.258030439999999806e-01 2.024115900000000023e-01 2.339998660000000008e-01 1.615425600000000017e-01 2.375508860000000166e-01 2.245186200000000021e-01 3.051708319999999475e-01 2.695907000000000164e-01 2.585070640000000086e-01 2.783677820000000080e-01 2.703651839999999806e-01 2.991412460000000273e-01 2.958285379999999742e-01 2.090589479999999667e-01 2.361534879999999670e-01
2.948746020000000412e-01 1.949879160000000111e-01 6.377657740000000075e-01 5.315115359999998956e-01 1.976195419999999814e-01 1.935712840000000379e-01 0.000000000000000000e+00 5.321112260000000482e-01 6.037535320000000372e-01 6.304831920000000256e-01 6.526655559999999801e-01 5.463422139999999372e-01 6.655978960000000777e-01 4.405768479999999654e-01 2.029049179999999897e-01 3.082918760000000202e-01 2.460214439999999780e-01 2.625206400000000273e-01 2.656665020000000266e-01 1.345220039999999728e-01 6.208901100000000506e-01 1.571376720000000060e-01
2.865872500000000156e-01 1.938375820000000083e-01 5.038874319999999685e-01 5.998204539999999474e-01 2.121053260000000107e-01 2.258030439999999806e-01 5.321112260000000482e-01 0.000000000000000000e+00 5.674772619999999268e-01 7.059981680000000370e-01 5.130799080000000290e-01 7.357976880000000053e-01 5.286059360000000540e-01 4.489816899999999888e-01 2.183608499999999952e-01 2.436020640000000070e-01 2.979694339999999775e-01 3.045929179999999903e-01 2.254762399999999667e-01 1.609445879999999995e-01 5.357275540000000502e-01 3.868276179999999842e-01
3.770096620000000232e-01 2.396255300000000033e-01 8.186283099999999147e-01 7.114874979999999960e-01 2.136384859999999608e-01 2.024115900000000023e-01 6.037535320000000372e-01 5.674772619999999268e-01 0.000000000000000000e+00 7.470879200000000164e-01 8.799774960000000812e-01 6.512340219999999125e-01 6.720518619999999999e-01 4.049272000000000427e-01 3.756440020000000324e-01 4.516859679999999377e-01 3.297770740000000034e-01 4.462448620000000199e-01 4.376705560000000439e-01 2.704346939999999755e-01 6.249235100000000154e-01 3.405286779999999736e-01
3.129227140000000462e-01 1.743294499999999969e-01 6.922125579999999223e-01 6.910520680000000748e-01 1.978382700000000105e-01 2.339998660000000008e-01 6.304831920000000256e-01 7.059981680000000370e-01 7.470879200000000164e-01 0.000000000000000000e+00 6.997517280000000728e-01 8.514814760000000149e-01 6.987365060000000350e-01 4.173088339999999619e-01 3.637082140000000297e-01 4.637558239999999832e-01 3.086210079999999745e-01 4.593378979999999112e-01 3.540938379999999386e-01 3.383873359999999830e-01 7.137993500000000546e-01 3.673978639999999629e-01
3.128038340000000028e-01 2.190492339999999538e-01 8.089189359999998663e-01 6.099272879999999564e-01 1.980694839999999901e-01 1.615425600000000017e-01 6.526655559999999801e-01 5.130799080000000290e-01 8.799774960000000812e-01 6.997517280000000728e-01 0.000000000000000000e+00 5.633919900000000647e-01 7.480918439999999503e-01 3.715021420000000352e-01 4.015272619999999959e-01 3.645117919999999456e-01 3.728256979999999832e-01 3.780367159999999949e-01 4.316931260000000381e-01 2.380282400000000020e-01 7.092153679999999571e-01 2.696469400000000016e-01
2.541357880000000291e-01 1.591057100000000113e-01 5.864252340000000174e-01 6.780468120000000543e-01 1.794609640000000006e-01 2.375508860000000166e-01 5.463422139999999372e-01 7.357976880000000053e-01 6.512340219999999125e-01 8.514814760000000149e-01 5.633919900000000647e-01 0.000000000000000000e+00 5.777600520000000239e-01 3.757679939999999941e-01 2.999260519999999985e-01 4.926365940000000387e-01 2.710726379999999769e-01 4.479036279999999981e-01 3.472836900000000337e-01 3.172523960000000476e-01 5.971771700000000349e-01 4.254399140000000301e-01
3.030524380000000351e-01 1.891324440000000107e-01 7.050279880000001054e-01 5.357264899999999441e-01 2.453131119999999998e-01 2.245186200000000021e-01 6.655978960000000777e-01 5.286059360000000540e-01 6.720518619999999999e-01 6.987365060000000350e-01 7.480918439999999503e-01 5.777600520000000239e-01 0.000000000000000000e+00 3.992871639999999722e-01 4.068545440000000402e-01 3.685716019999999982e-01 2.834206899999999751e-01 3.368689660000000474e-01 3.937270460000000250e-01 2.437503959999999803e-01 7.102488039999999003e-01 2.379774460000000091e-01
3.350242800000000076e-01 2.753080019999999961e-01 4.287937159999999359e-01 4.636282600000000143e-01 2.560394999999999754e-01 3.051708319999999475e-01 4.405768479999999654e-01 4.489816899999999888e-01 4.049272000000000427e-01 4.173088339999999619e-01 3.715021420000000352e-01 3.757679939999999941e-01 3.992871639999999722e-01 0.000000000000000000e+00 2.039813780000000187e-01 2.787879140000000255e-01 1.789882939999999922e-01 2.102089599999999725e-01 3.172520999999999813e-01 1.942237079999999949e-01 3.988503720000000086e-01 2.737065839999999750e-01
3.118617959999999689e-01 2.993209519999999735e-01 3.249877159999999821e-01 3.010428019999999982e-01 3.083407799999999810e-01 2.695907000000000164e-01 2.029049179999999897e-01 2.183608499999999952e-01 3.756440020000000324e-01 3.637082140000000297e-01 4.015272619999999959e-01 2.999260519999999985e-01 4.068545440000000402e-01 2.039813780000000187e-01 0.000000000000000000e+00 2.670651920000000068e-01 3.511656760000000377e-01 2.594497759999999653e-01 4.312855700000000070e-01 3.819063240000000192e-01 3.617139260000000189e-01 2.488384240000000303e-01
2.459622620000000148e-01 2.561391259999999948e-01 3.954521359999999541e-01 4.458239900000000588e-01 2.001730180000000081e-01 2.585070640000000086e-01 3.082918760000000202e-01 2.436020640000000070e-01 4.516859679999999377e-01 4.637558239999999832e-01 3.645117919999999456e-01 4.926365940000000387e-01 3.685716019999999982e-01 2.787879140000000255e-01 2.670651920000000068e-01 0.000000000000000000e+00 2.823106539999999942e-01 5.328626479999999388e-01 4.816961319999999991e-01 4.197006420000000126e-01 3.242723259999999996e-01 3.952162740000000341e-01
3.136511659999999813e-01 3.444966339999999683e-01 3.514043680000000225e-01 3.281745520000000083e-01 3.738872639999999969e-01 2.783677820000000080e-01 2.460214439999999780e-01 2.979694339999999775e-01 3.297770740000000034e-01 3.086210079999999745e-01 3.728256979999999832e-01 2.710726379999999769e-01 2.834206899999999751e-01 1.789882939999999922e-01 3.511656760000000377e-01 2.823106539999999942e-01 0.000000000000000000e+00 3.256188459999999618e-01 6.189828360000000362e-01 2.506784180000000140e-01 2.694476659999999746e-01 2.539289740000000295e-01
2.341854240000000031e-01 2.940823099999999579e-01 4.201093459999999946e-01 4.407581140000000341e-01 2.398640320000000048e-01 2.703651839999999806e-01 2.625206400000000273e-01 3.045929179999999903e-01 4.462448620000000199e-01 4.593378979999999112e-01 3.780367159999999949e-01 4.479036279999999981e-01 3.368689660000000474e-01 2.102089599999999725e-01 2.594497759999999653e-01 5.328626479999999388e-01 3.256188459999999618e-01 0.000000000000000000e+00 4.595683219999999736e-01 6.541749059999999449e-01 2.908773159999999969e-01 3.550960779999999817e-01
2.710633740000000236e-01 2.950899519999999887e-01 3.743175179999999602e-01 3.419418759999999780e-01 3.301400979999999930e-01 2.991412460000000273e-01 2.656665020000000266e-01 2.254762399999999667e-01 4.376705560000000439e-01 3.540938379999999386e-01 4.316931260000000381e-01 3.472836900000000337e-01 3.937270460000000250e-01 3.172520999999999813e-01 4.312855700000000070e-01 4.816961319999999991e-01 6.189828360000000362e-01 4.595683219999999736e-01 0.000000000000000000e+00 3.307079240000000420e-01 3.756054620000000011e-01 2.765221279999999782e-01
2.476537440000000367e-01 3.306512080000000298e-01 2.081116980000000116e-01 2.870309620000000006e-01 2.368779500000000038e-01 2.958285379999999742e-01 1.345220039999999728e-01 1.609445879999999995e-01 2.704346939999999755e-01 3.383873359999999830e-01 2.380282400000000020e-01 3.172523960000000476e-01 2.437503959999999803e-01 1.942237079999999949e-01 3.819063240000000192e-01 4.197006420000000126e-01 2.506784180000000140e-01 6.541749059999999449e-01 3.307079240000000420e-01 0.000000000000000000e+00 2.912789500000000364e-01 2.795743259999999841e-01
2.710204999999999975e-01 2.040491880000000202e-01 5.976331939999999232e-01 4.761793780000000420e-01 2.156342019999999970e-01 2.090589479999999667e-01 6.208901100000000506e-01 5.357275540000000502e-01 6.249235100000000154e-01 7.137993500000000546e-01 7.092153679999999571e-01 5.971771700000000349e-01 7.102488039999999003e-01 3.988503720000000086e-01 3.617139260000000189e-01 3.242723259999999996e-01 2.694476659999999746e-01 2.908773159999999969e-01 3.756054620000000011e-01 2.912789500000000364e-01 0.000000000000000000e+00 3.506144539999999643e-01
2.543700580000000100e-01 2.513291020000000264e-01 2.204952880000000115e-01 2.806989380000000089e-01 2.695951260000000183e-01 2.361534879999999670e-01 1.571376720000000060e-01 3.868276179999999842e-01 3.405286779999999736e-01 3.673978639999999629e-01 2.696469400000000016e-01 4.254399140000000301e-01 2.379774460000000091e-01 2.737065839999999750e-01 2.488384240000000303e-01 3.952162740000000341e-01 2.539289740000000295e-01 3.550960779999999817e-01 2.765221279999999782e-01 2.795743259999999841e-01 3.506144539999999643e-01 0.000000000000000000e+00
