0.000000000000000000e+00 7.526203039999999067e-01 6.294037639999999767e-01 5.864435000000000064e-01 7.359228180000000341e-01 7.776336500000000651e-01 4.807506619999999953e-01 4.543122179999999899e-01 5.859689559999999853e-01 4.979577739999999642e-01 5.619767679999998489e-01 4.457354020000000583e-01 5.374433480000000429e-01 4.461474739999999883e-01 3.817240400000000422e-01 4.158463660000000783e-01 4.649766539999999893e-01 4.807508400000000681e-01 4.516099219999999970e-01 3.527269759999999699e-01 4.403737020000000335e-01 3.624466020000000066e-01
7.526203039999999067e-01 0.000000000000000000e+00 4.417308260000000208e-01 4.035926859999999783e-01 8.351583919999999717e-01 8.443689380000000133e-01 4.015912460000000128e-01 3.266892180000000034e-01 4.481913200000000042e-01 3.846555120000000327e-01 4.196485420000000133e-01 3.578479280000000928e-01 3.857299840000000257e-01 3.139743140000000321e-01 3.296413360000000070e-01 4.057717399999999364e-01 4.183566319999999505e-01 4.725691860000000299e-01 3.257852099999999917e-01 3.821714600000000184e-01 3.653293020000000224e-01 4.714496340000000063e-01
6.294037639999999767e-01 4.417308260000000208e-01 0.000000000000000000e+00 8.120727860000001019e-01 4.263398759999999510e-01 5.023221580000000186e-01 7.690857279999999685e-01 6.461951700000000409e-01 9.251716340000000205e-01 8.064338899999998755e-01 9.393802660000000193e-01 6.638223840000000431e-01 8.805351979999999079e-01 6.325480139999999363e-01 6.071682280000000320e-01 6.129465000000000607e-01 6.699362680000000569e-01 6.548568959999999661e-01 6.315607199999999644e-01 5.590819019999999639e-01 7.935602600000000173e-01 5.245556139999999479e-01
5.864435000000000064e-01 4.035926859999999783e-01 8.120727860000001019e-01 0.000000000000000000e+00 4.180581319999999712e-01 4.269232520000000308e-01 6.653666260000000721e-01 7.494802720000000029e-01 8.147538759999999325e-01 8.190964839999999025e-01 7.568779820000000047e-01 8.238819800000000138e-01 7.379786820000000525e-01 6.361255919999999620e-01 4.653899080000000188e-01 6.367257499999998682e-01 5.469027600000000433e-01 6.150312580000000251e-01 5.620301960000000374e-01 4.897904479999999339e-01 6.660638480000000694e-01 5.056634100000000354e-01
7.359228180000000341e-01 8.351583919999999717e-01 4.263398759999999510e-01 4.180581319999999712e-01 0.000000000000000000e+00 7.762099499999999264e-01 3.636989800000000050e-01 3.751046599999999787e-01 4.067061020000000693e-01 4.389146640000000099e-01 3.909334500000000157e-01 4.323422579999999793e-01 4.050133359999999461e-01 2.927920720000000143e-01 3.205257380000000045e-01 4.033586320000000502e-01 3.895749099999999965e-01 4.213177500000000464e-01 3.261097380000000379e-01 3.660861599999999938e-01 3.991142140000000227e-01 4.131374479999999627e-01
7.776336500000000651e-01 8.443689380000000133e-01 5.023221580000000186e-01 4.269232520000000308e-01 7.762099499999999264e-01 0.000000000000000000e+00 4.299891499999999311e-01 3.558849940000000101e-01 4.831300800000000173e-01 4.356515280000000101e-01 4.699250160000000287e-01 3.933644120000000521e-01 4.786431299999999167e-01 3.681692980000000337e-01 3.725775600000000298e-01 4.460045420000000038e-01 4.630833019999999745e-01 4.818208939999999996e-01 3.493962279999999754e-01 4.212451639999999498e-01 4.318810339999999970e-01 4.557092479999999557e-01
4.807506619999999953e-01 4.015912460000000128e-01 7.690857279999999685e-01 6.653666260000000721e-01 3.636989800000000050e-01 4.299891499999999311e-01 0.000000000000000000e+00 6.493881280000000089e-01 7.936178860000000501e-01 6.873339699999998498e-01 8.025491999999999626e-01 5.769784260000000442e-01 7.845830719999999925e-01 5.139013080000001121e-01 4.322956640000000239e-01 5.046184919999999741e-01 5.563118039999999098e-01 5.874089999999999590e-01 4.209088159999999634e-01 4.384245860000000050e-01 7.331422679999999303e-01 4.007419920000000468e-01
4.543122179999999899e-01 3.266892180000000034e-01 6.461951700000000409e-01 7.494802720000000029e-01 3.751046599999999787e-01 3.558849940000000101e-01 6.493881280000000089e-01 0.000000000000000000e+00 6.794880739999999975e-01 7.851122440000000147e-01 6.210186459999998965e-01 8.112024740000001177e-01 6.742325379999999369e-01 4.640771439999999970e-01 3.573086520000000044e-01 4.747485140000000103e-01 4.218116359999999898e-01 4.515778619999999965e-01 3.709136520000000381e-01 3.641415620000000297e-01 6.456813740000000301e-01 4.317763379999999818e-01
5.859689559999999853e-01 4.481913200000000042e-01 9.251716340000000205e-01 8.147538759999999325e-01 4.067061020000000693e-01 4.831300800000000173e-01 7.936178860000000501e-01 6.794880739999999975e-01 0.000000000000000000e+00 8.342985659999999637e-01 9.456761040000000174e-01 6.998380259999998909e-01 8.592449760000000492e-01 6.246256580000000280e-01 5.968083659999999790e-01 6.611878039999999901e-01 6.531861159999999833e-01 6.971433160000000129e-01 5.920711259999998921e-01 5.877962720000000640e-01 7.922347879999999121e-01 5.429725559999999396e-01
4.979577739999999642e-01 3.846555120000000327e-01 8.064338899999998755e-01 8.190964839999999025e-01 4.389146640000000099e-01 4.356515280000000101e-01 6.873339699999998498e-01 7.851122440000000147e-01 8.342985659999999637e-01 0.000000000000000000e+00 7.897168800000000655e-01 8.684478160000000946e-01 8.117636600000001090e-01 5.317069859999999926e-01 5.472078299999999507e-01 6.587641279999999488e-01 5.269602420000000231e-01 5.907119919999999080e-01 5.360176080000000898e-01 5.471855660000001231e-01 7.947557419999999873e-01 5.082174360000000224e-01
5.619767679999998489e-01 4.196485420000000133e-01 9.393802660000000193e-01 7.568779820000000047e-01 3.909334500000000157e-01 4.699250160000000287e-01 8.025491999999999626e-01 6.210186459999998965e-01 9.456761040000000174e-01 7.897168800000000655e-01 0.000000000000000000e+00 6.437506960000000111e-01 8.974900119999998926e-01 6.145452719999999758e-01 6.006915879999999985e-01 5.952921399999999696e-01 6.574415759999999720e-01 6.378079819999999955e-01 5.777389360000000362e-01 5.771896620000001032e-01 8.347246440000001266e-01 5.287267979999998868e-01
4.457354020000000583e-01 3.578479280000000928e-01 6.638223840000000431e-01 8.238819800000000138e-01 4.323422579999999793e-01 3.933644120000000521e-01 5.769784260000000442e-01 8.112024740000001177e-01 6.998380259999998909e-01 8.684478160000000946e-01 6.437506960000000111e-01 0.000000000000000000e+00 7.014083400000000745e-01 4.923197420000000046e-01 4.424837240000000227e-01 6.420337019999999839e-01 4.140130340000000020e-01 5.314724140000000041e-01 4.852086219999999228e-01 5.036667619999999346e-01 6.793226380000000342e-01 5.708951079999999845e-01
5.374433480000000429e-01 3.857299840000000257e-01 8.805351979999999079e-01 7.379786820000000525e-01 4.050133359999999461e-01 4.786431299999999167e-01 7.845830719999999925e-01 6.742325379999999369e-01 8.592449760000000492e-01 8.117636600000001090e-01 8.974900119999998926e-01 7.014083400000000745e-01 0.000000000000000000e+00 5.643176739999999914e-01 5.269382719999999853e-01 5.667051220000000056e-01 6.041786319999999932e-01 5.762758339999999313e-01 5.658480579999999316e-01 5.038596659999999838e-01 8.679478680000001223e-01 4.796290579999999970e-01
4.461474739999999883e-01 3.139743140000000321e-01 6.325480139999999363e-01 6.361255919999999620e-01 2.927920720000000143e-01 3.681692980000000337e-01 5.139013080000001121e-01 4.640771439999999970e-01 6.246256580000000280e-01 5.317069859999999926e-01 6.145452719999999758e-01 4.923197420000000046e-01 5.643176739999999914e-01 0.000000000000000000e+00 4.124219679999999721e-01 5.233076920000000465e-01 4.749968860000000070e-01 4.407194220000000273e-01 4.354253000000000151e-01 4.569510359999999771e-01 5.033249019999999074e-01 4.903627379999999647e-01
3.817240400000000422e-01 3.296413360000000070e-01 6.071682280000000320e-01 4.653899080000000188e-01 3.205257380000000045e-01 3.725775600000000298e-01 4.322956640000000239e-01 3.573086520000000044e-01 5.968083659999999790e-01 5.472078299999999507e-01 6.006915879999999985e-01 4.424837240000000227e-01 5.269382719999999853e-01 4.124219679999999721e-01 0.000000000000000000e+00 4.911177439999999672e-01 6.396574239999999190e-01 5.106747059999999783e-01 5.189724000000000004e-01 7.147219379999999456e-01 5.626375720000000857e-01 4.582855460000000436e-01
4.158463660000000783e-01 4.057717399999999364e-01 6.129465000000000607e-01 6.367257499999998682e-01 4.033586320000000502e-01 4.460045420000000038e-01 5.046184919999999741e-01 4.747485140000000103e-01 6.611878039999999901e-01 6.587641279999999488e-01 5.952921399999999696e-01 6.420337019999999839e-01 5.667051220000000056e-01 5.233076920000000465e-01 4.911177439999999672e-01 0.000000000000000000e+00 4.674642920000000035e-01 6.759304760000000023e-01 5.415867580000000014e-01 5.398431820000000325e-01 5.213917020000000679e-01 5.563169080000001099e-01
4.649766539999999893e-01 4.183566319999999505e-01 6.699362680000000569e-01 5.469027600000000433e-01 3.895749099999999965e-01 4.630833019999999745e-01 5.563118039999999098e-01 4.218116359999999898e-01 6.531861159999999833e-01 5.269602420000000231e-01 6.574415759999999720e-01 4.140130340000000020e-01 6.041786319999999932e-01 4.749968860000000070e-01 6.396574239999999190e-01 4.674642920000000035e-01 0.000000000000000000e+00 5.837087779999998727e-01 6.653944539999999686e-01 5.703873839999999973e-01 6.092710580000000320e-01 4.825121140000000475e-01
4.807508400000000681e-01 4.725691860000000299e-01 6.548568959999999661e-01 6.150312580000000251e-01 4.213177500000000464e-01 4.818208939999999996e-01 5.874089999999999590e-01 4.515778619999999965e-01 6.971433160000000129e-01 5.907119919999999080e-01 6.378079819999999955e-01 5.314724140000000041e-01 5.762758339999999313e-01 4.407194220000000273e-01 5.106747059999999783e-01 6.759304760000000023e-01 5.837087779999998727e-01 0.000000000000000000e+00 5.463449060000000745e-01 6.694271840000000084e-01 5.146492860000000391e-01 5.493507060000000219e-01
4.516099219999999970e-01 3.257852099999999917e-01 6.315607199999999644e-01 5.620301960000000374e-01 3.261097380000000379e-01 3.493962279999999754e-01 4.209088159999999634e-01 3.709136520000000381e-01 5.920711259999998921e-01 5.360176080000000898e-01 5.777389360000000362e-01 4.852086219999999228e-01 5.658480579999999316e-01 4.354253000000000151e-01 5.189724000000000004e-01 5.415867580000000014e-01 6.653944539999999686e-01 5.463449060000000745e-01 0.000000000000000000e+00 4.762707840000000026e-01 4.891406059999999778e-01 4.535867179999999443e-01
3.527269759999999699e-01 3.821714600000000184e-01 5.590819019999999639e-01 4.897904479999999339e-01 3.660861599999999938e-01 4.212451639999999498e-01 4.384245860000000050e-01 3.641415620000000297e-01 5.877962720000000640e-01 5.471855660000001231e-01 5.771896620000001032e-01 5.036667619999999346e-01 5.038596659999999838e-01 4.569510359999999771e-01 7.147219379999999456e-01 5.398431820000000325e-01 5.703873839999999973e-01 6.694271840000000084e-01 4.762707840000000026e-01 0.000000000000000000e+00 5.348678599999999728e-01 5.121828139999999863e-01
4.403737020000000335e-01 3.653293020000000224e-01 7.935602600000000173e-01 6.660638480000000694e-01 3.991142140000000227e-01 4.318810339999999970e-01 7.331422679999999303e-01 6.456813740000000301e-01 7.922347879999999121e-01 7.947557419999999873e-01 8.347246440000001266e-01 6.793226380000000342e-01 8.679478680000001223e-01 5.033249019999999074e-01 5.626375720000000857e-01 5.213917020000000679e-01 6.092710580000000320e-01 5.146492860000000391e-01 4.891406059999999778e-01 5.348678599999999728e-01 0.000000000000000000e+00 4.293245159999999894e-01
3.624466020000000066e-01 4.714496340000000063e-01 5.245556139999999479e-01 5.056634100000000354e-01 4.131374479999999627e-01 4.557092479999999557e-01 4.007419920000000468e-01 4.317763379999999818e-01 5.429725559999999396e-01 5.082174360000000224e-01 5.287267979999998868e-01 5.708951079999999845e-01 4.796290579999999970e-01 4.903627379999999647e-01 4.582855460000000436e-01 5.563169080000001099e-01 4.825121140000000475e-01 5.493507060000000219e-01 4.535867179999999443e-01 5.121828139999999863e-01 4.293245159999999894e-01 0.000000000000000000e+00
