0.000000000000000000e+00 7.134459119999999599e-01 5.661125500000000477e-01 6.124917260000000141e-01 7.501680879999998997e-01 9.162546239999999065e-01 1.732994060000000169e-01 1.971306100000000117e-01 2.376818160000000457e-01 2.330655899999999892e-01 2.266346439999999962e-01 1.775186460000000022e-01 2.485461739999999808e-01 1.752520260000000052e-01 1.055262219999999890e-01 1.060691299999999976e-01 1.169597860000000100e-01 1.012471459999999962e-01 1.410134620000000061e-01 1.237132519999999819e-01 2.588163780000000136e-01 2.426384440000000087e-01
7.134459119999999599e-01 0.000000000000000000e+00 5.403056999999999999e-01 5.278046379999998816e-01 8.872748140000000783e-01 6.857186420000001004e-01 1.354791360000000000e-01 1.951616879999999721e-01 2.026743580000000267e-01 1.914300520000000172e-01 1.789626860000000097e-01 1.599764440000000232e-01 1.859514660000000097e-01 1.716381980000000196e-01 8.048378999999999950e-02 1.417722439999999917e-01 1.033409239999999868e-01 9.558004600000000184e-02 1.313358500000000040e-01 1.059825720000000110e-01 2.227290359999999636e-01 2.070060639999999896e-01
5.661125500000000477e-01 5.403056999999999999e-01 0.000000000000000000e+00 6.581791559999998764e-01 5.859443659999999943e-01 5.389774720000000130e-01 4.522493520000000489e-01 3.776759060000000612e-01 6.278270819999999253e-01 5.018100319999999614e-01 6.699636979999999964e-01 3.632918680000000178e-01 6.721806280000001133e-01 3.411132179999999958e-01 1.544318580000000052e-01 1.472632920000000178e-01 1.707777520000000049e-01 7.503025199999999173e-02 1.854145279999999951e-01 2.354855360000000231e-01 6.878379520000000857e-01 6.054741200000000045e-01
6.124917260000000141e-01 5.278046379999998816e-01 6.581791559999998764e-01 0.000000000000000000e+00 5.502554520000000338e-01 5.813058059999999250e-01 3.590612860000000350e-01 5.139413699999999530e-01 5.408042440000000450e-01 6.426194099999998910e-01 4.293934200000000811e-01 6.336884319999999127e-01 4.314641059999999584e-01 5.976609740000000670e-01 1.232986060000000050e-01 1.835044239999999716e-01 1.347600460000000222e-01 1.415409240000000124e-01 1.784117260000000205e-01 2.519676440000000461e-01 5.348526820000000237e-01 6.073136839999999648e-01
7.501680879999998997e-01 8.872748140000000783e-01 5.859443659999999943e-01 5.502554520000000338e-01 0.000000000000000000e+00 7.351137179999999161e-01 1.416290280000000179e-01 1.930312120000000076e-01 2.312014899999999817e-01 2.050951120000000238e-01 2.117026280000000038e-01 1.539053220000000111e-01 2.241172600000000126e-01 1.742850499999999969e-01 8.387840599999998870e-02 1.188541359999999852e-01 1.121133239999999864e-01 9.864910999999999819e-02 1.361514060000000026e-01 1.273572300000000157e-01 2.499190880000000115e-01 2.208744980000000024e-01
9.162546239999999065e-01 6.857186420000001004e-01 5.389774720000000130e-01 5.813058059999999250e-01 7.351137179999999161e-01 0.000000000000000000e+00 1.524218199999999857e-01 1.835864219999999991e-01 2.145628519999999706e-01 2.065777859999999855e-01 1.980309699999999729e-01 1.645552939999999631e-01 2.222010959999999868e-01 1.644569660000000100e-01 9.156067400000000855e-02 1.098569079999999892e-01 9.692829999999999502e-02 1.010919519999999849e-01 1.162709079999999923e-01 1.066486120000000037e-01 2.287014179999999897e-01 2.182320240000000244e-01
1.732994060000000169e-01 1.354791360000000000e-01 4.522493520000000489e-01 3.590612860000000350e-01 1.416290280000000179e-01 1.524218199999999857e-01 0.000000000000000000e+00 4.974213299999999949e-01 5.183458800000000366e-01 4.501134379999999768e-01 4.881599560000000615e-01 2.828017959999999942e-01 5.083875879999999459e-01 2.600051520000000171e-01 5.989322300000000654e-01 3.642708239999999931e-01 1.996259739999999838e-01 8.130328200000000449e-02 2.179113579999999994e-01 4.414072840000000109e-01 4.750940800000000297e-01 4.684601479999999651e-01
1.971306100000000117e-01 1.951616879999999721e-01 3.776759060000000612e-01 5.139413699999999530e-01 1.930312120000000076e-01 1.835864219999999991e-01 4.974213299999999949e-01 0.000000000000000000e+00 4.870019120000000368e-01 5.690607199999999644e-01 4.045996559999999742e-01 5.558399380000000889e-01 3.748509239999999743e-01 4.949884420000000285e-01 1.299696379999999984e-01 5.013377879999999509e-01 1.988057860000000121e-01 1.526233780000000040e-01 2.976100999999999885e-01 3.459011960000000219e-01 4.422658819999999436e-01 5.309717800000000043e-01
2.376818160000000457e-01 2.026743580000000267e-01 6.278270819999999253e-01 5.408042440000000450e-01 2.312014899999999817e-01 2.145628519999999706e-01 5.183458800000000366e-01 4.870019120000000368e-01 0.000000000000000000e+00 5.862065499999999929e-01 6.639754660000000142e-01 4.970954880000000853e-01 7.164267159999999635e-01 4.552792379999999750e-01 2.006906579999999940e-01 1.915292900000000187e-01 1.758391360000000070e-01 1.179074619999999907e-01 1.887958220000000020e-01 3.161891039999999431e-01 7.066788820000000637e-01 7.061772860000000707e-01
2.330655899999999892e-01 1.914300520000000172e-01 5.018100319999999614e-01 6.426194099999998910e-01 2.050951120000000238e-01 2.065777859999999855e-01 4.501134379999999768e-01 5.690607199999999644e-01 5.862065499999999929e-01 0.000000000000000000e+00 5.400219259999999855e-01 6.835872199999999399e-01 5.470600039999999886e-01 7.370869659999998991e-01 1.187207660000000053e-01 2.901934039999999881e-01 1.528649400000000047e-01 1.029330939999999889e-01 2.145510240000000068e-01 2.873738080000000084e-01 6.382147019999999671e-01 6.360906940000000676e-01
2.266346439999999962e-01 1.789626860000000097e-01 6.699636979999999964e-01 4.293934200000000811e-01 2.117026280000000038e-01 1.980309699999999729e-01 4.881599560000000615e-01 4.045996559999999742e-01 6.639754660000000142e-01 5.400219259999999855e-01 0.000000000000000000e+00 3.514564380000000376e-01 8.093746239999999315e-01 3.218163880000000088e-01 1.384476859999999865e-01 1.461010159999999725e-01 1.787214800000000159e-01 1.035767320000000186e-01 2.064837499999999937e-01 2.798315780000000252e-01 7.599015339999999341e-01 6.417732800000000015e-01
1.775186460000000022e-01 1.599764440000000232e-01 3.632918680000000178e-01 6.336884319999999127e-01 1.539053220000000111e-01 1.645552939999999631e-01 2.828017959999999942e-01 5.558399380000000889e-01 4.970954880000000853e-01 6.835872199999999399e-01 3.514564380000000376e-01 0.000000000000000000e+00 3.460468520000000159e-01 6.926154080000000990e-01 1.067403739999999990e-01 1.973416439999999827e-01 1.187555340000000098e-01 9.889263000000000914e-02 1.491849519999999818e-01 2.383087360000000210e-01 4.446708400000000116e-01 5.767625520000000394e-01
2.485461739999999808e-01 1.859514660000000097e-01 6.721806280000001133e-01 4.314641059999999584e-01 2.241172600000000126e-01 2.222010959999999868e-01 5.083875879999999459e-01 3.748509239999999743e-01 7.164267159999999635e-01 5.470600039999999886e-01 8.093746239999999315e-01 3.460468520000000159e-01 0.000000000000000000e+00 3.231087859999999812e-01 1.579407260000000035e-01 1.372933540000000063e-01 1.615347340000000131e-01 9.687171599999999660e-02 1.897132699999999894e-01 2.559343860000000137e-01 7.463400099999999426e-01 6.138795859999999216e-01
1.752520260000000052e-01 1.716381980000000196e-01 3.411132179999999958e-01 5.976609740000000670e-01 1.742850499999999969e-01 1.644569660000000100e-01 2.600051520000000171e-01 4.949884420000000285e-01 4.552792379999999750e-01 7.370869659999998991e-01 3.218163880000000088e-01 6.926154080000000990e-01 3.231087859999999812e-01 0.000000000000000000e+00 8.184697199999999007e-02 2.217597280000000171e-01 9.759511600000000953e-02 9.214591799999999333e-02 1.245455559999999878e-01 2.166661920000000074e-01 3.984002719999999997e-01 4.938570399999999694e-01
1.055262219999999890e-01 8.048378999999999950e-02 1.544318580000000052e-01 1.232986060000000050e-01 8.387840599999998870e-02 9.156067400000000855e-02 5.989322300000000654e-01 1.299696379999999984e-01 2.006906579999999940e-01 1.187207660000000053e-01 1.384476859999999865e-01 1.067403739999999990e-01 1.579407260000000035e-01 8.184697199999999007e-02 0.000000000000000000e+00 1.850702879999999995e-01 1.492594580000000115e-01 1.501331379999999993e-01 1.404918779999999867e-01 2.313456640000000064e-01 1.157369079999999995e-01 1.493350559999999938e-01
1.060691299999999976e-01 1.417722439999999917e-01 1.472632920000000178e-01 1.835044239999999716e-01 1.188541359999999852e-01 1.098569079999999892e-01 3.642708239999999931e-01 5.013377879999999509e-01 1.915292900000000187e-01 2.901934039999999881e-01 1.461010159999999725e-01 1.973416439999999827e-01 1.372933540000000063e-01 2.217597280000000171e-01 1.850702879999999995e-01 0.000000000000000000e+00 1.119159200000000159e-01 7.743989599999999418e-02 1.871294539999999729e-01 1.693789880000000081e-01 1.632616419999999846e-01 2.062152460000000187e-01
1.169597860000000100e-01 1.033409239999999868e-01 1.707777520000000049e-01 1.347600460000000222e-01 1.121133239999999864e-01 9.692829999999999502e-02 1.996259739999999838e-01 1.988057860000000121e-01 1.758391360000000070e-01 1.528649400000000047e-01 1.787214800000000159e-01 1.187555340000000098e-01 1.615347340000000131e-01 9.759511600000000953e-02 1.492594580000000115e-01 1.119159200000000159e-01 0.000000000000000000e+00 1.184734260000000206e-01 8.970441259999999417e-01 2.064743180000000178e-01 1.702540060000000133e-01 1.578981599999999819e-01
1.012471459999999962e-01 9.558004600000000184e-02 7.503025199999999173e-02 1.415409240000000124e-01 9.864910999999999819e-02 1.010919519999999849e-01 8.130328200000000449e-02 1.526233780000000040e-01 1.179074619999999907e-01 1.029330939999999889e-01 1.035767320000000186e-01 9.889263000000000914e-02 9.687171599999999660e-02 9.214591799999999333e-02 1.501331379999999993e-01 7.743989599999999418e-02 1.184734260000000206e-01 0.000000000000000000e+00 1.472935040000000195e-01 6.829352500000001047e-01 1.225943439999999940e-01 1.181147680000000089e-01
1.410134620000000061e-01 1.313358500000000040e-01 1.854145279999999951e-01 1.784117260000000205e-01 1.361514060000000026e-01 1.162709079999999923e-01 2.179113579999999994e-01 2.976100999999999885e-01 1.887958220000000020e-01 2.145510240000000068e-01 2.064837499999999937e-01 1.491849519999999818e-01 1.897132699999999894e-01 1.245455559999999878e-01 1.404918779999999867e-01 1.871294539999999729e-01 8.970441259999999417e-01 1.472935040000000195e-01 0.000000000000000000e+00 2.223468860000000213e-01 2.110062820000000450e-01 1.943162800000000079e-01
1.237132519999999819e-01 1.059825720000000110e-01 2.354855360000000231e-01 2.519676440000000461e-01 1.273572300000000157e-01 1.066486120000000037e-01 4.414072840000000109e-01 3.459011960000000219e-01 3.161891039999999431e-01 2.873738080000000084e-01 2.798315780000000252e-01 2.383087360000000210e-01 2.559343860000000137e-01 2.166661920000000074e-01 2.313456640000000064e-01 1.693789880000000081e-01 2.064743180000000178e-01 6.829352500000001047e-01 2.223468860000000213e-01 0.000000000000000000e+00 2.745750140000000061e-01 2.984647720000000448e-01
2.588163780000000136e-01 2.227290359999999636e-01 6.878379520000000857e-01 5.348526820000000237e-01 2.499190880000000115e-01 2.287014179999999897e-01 4.750940800000000297e-01 4.422658819999999436e-01 7.066788820000000637e-01 6.382147019999999671e-01 7.599015339999999341e-01 4.446708400000000116e-01 7.463400099999999426e-01 3.984002719999999997e-01 1.157369079999999995e-01 1.632616419999999846e-01 1.702540060000000133e-01 1.225943439999999940e-01 2.110062820000000450e-01 2.745750140000000061e-01 0.000000000000000000e+00 7.248094119999999307e-01
2.426384440000000087e-01 2.070060639999999896e-01 6.054741200000000045e-01 6.073136839999999648e-01 2.208744980000000024e-01 2.182320240000000244e-01 4.684601479999999651e-01 5.309717800000000043e-01 7.061772860000000707e-01 6.360906940000000676e-01 6.417732800000000015e-01 5.767625520000000394e-01 6.138795859999999216e-01 4.938570399999999694e-01 1.493350559999999938e-01 2.062152460000000187e-01 1.578981599999999819e-01 1.181147680000000089e-01 1.943162800000000079e-01 2.984647720000000448e-01 7.248094119999999307e-01 0.000000000000000000e+00
