0.000000000000000000e+00 9.590128239999999860e-01 3.550768360000000068e-01 5.977678459999999916e-01 9.528643499999999156e-01 9.435558419999999780e-01 8.884741199999998673e-02 8.983677199999999530e-02 3.000848520000000130e-01 2.575138539999999865e-01 3.173324299999999987e-01 1.567550540000000325e-01 3.812991360000000385e-01 1.577033179999999812e-01 1.231739839999999864e-01 1.072756259999999850e-01 1.162372699999999898e-01 1.277422639999999943e-01 1.187712120000000010e-01 1.212527580000000160e-01 3.053183780000000569e-01 2.972631680000000221e-01
9.590128239999999860e-01 0.000000000000000000e+00 3.713792380000000004e-01 6.077291160000000136e-01 9.528578299999999057e-01 9.849367179999999333e-01 6.990556800000000126e-02 8.193269000000000246e-02 2.911432939999999969e-01 2.774925580000000003e-01 2.781074559999999751e-01 1.896152640000000056e-01 3.496003919999999821e-01 1.940326600000000234e-01 8.802188800000000646e-02 8.524982400000000182e-02 8.487669400000000253e-02 9.756509399999999110e-02 8.684190199999999860e-02 9.416449400000000136e-02 2.774997499999999895e-01 2.863963400000000270e-01
3.550768360000000068e-01 3.713792380000000004e-01 0.000000000000000000e+00 4.936054079999999677e-01 3.464936900000000208e-01 3.514765559999999955e-01 6.502312599999999776e-01 6.475589040000000463e-01 4.032537520000000208e-01 3.631686980000000120e-01 4.234919839999999880e-01 4.709901040000000205e-01 2.767240880000000347e-01 4.500611179999999822e-01 6.399876200000000903e-01 6.496400700000000139e-01 6.471932600000001035e-01 6.374868140000000682e-01 6.466923600000000771e-01 6.389484220000000159e-01 2.544732820000000229e-01 1.988689819999999997e-01
5.977678459999999916e-01 6.077291160000000136e-01 4.936054079999999677e-01 0.000000000000000000e+00 5.575126719999999869e-01 6.086885619999999886e-01 3.541578040000000205e-01 3.612504759999999870e-01 2.479061580000000153e-01 2.393817279999999881e-01 2.442011979999999804e-01 2.828098740000000166e-01 2.145692540000000148e-01 3.535180960000000039e-01 3.707926439999999491e-01 3.695704039999999635e-01 3.689917959999999830e-01 3.698264700000000182e-01 3.698122979999999282e-01 3.756956619999999858e-01 2.682198679999999724e-01 2.999051719999999976e-01
9.528643499999999156e-01 9.528578299999999057e-01 3.464936900000000208e-01 5.575126719999999869e-01 0.000000000000000000e+00 9.247844839999999067e-01 7.388425199999999748e-02 8.375435200000000413e-02 2.962144939999999949e-01 2.134205280000000260e-01 2.823075640000000108e-01 1.408643499999999993e-01 3.673111239999999889e-01 1.469348899999999847e-01 1.029060660000000044e-01 8.851224400000000381e-02 9.956108799999999204e-02 1.079789620000000117e-01 9.945179200000001107e-02 1.003043059999999959e-01 2.891895080000000395e-01 2.768437639999999922e-01
9.435558419999999780e-01 9.849367179999999333e-01 3.514765559999999955e-01 6.086885619999999886e-01 9.247844839999999067e-01 0.000000000000000000e+00 7.725757399999999553e-02 8.307340199999999064e-02 2.860951280000000319e-01 2.718523360000000277e-01 2.802806640000000127e-01 1.911602099999999971e-01 3.445750599999999886e-01 1.977318579999999826e-01 9.460692400000000890e-02 8.573950999999999101e-02 9.254369399999999579e-02 1.019180879999999900e-01 9.396595800000000220e-02 9.675581599999999449e-02 2.803689320000000151e-01 2.900543859999999974e-01
8.884741199999998673e-02 6.990556800000000126e-02 6.502312599999999776e-01 3.541578040000000205e-01 7.388425199999999748e-02 7.725757399999999553e-02 0.000000000000000000e+00 9.700961219999999496e-01 4.103799799999999776e-01 3.210603939999999712e-01 4.433532000000000584e-01 5.076317900000000272e-01 5.243721920000000702e-01 5.653105860000000593e-01 9.885968739999999588e-01 9.672763239999998541e-01 9.864055400000000251e-01 9.593656200000001411e-01 9.884628899999998719e-01 9.705368200000000778e-01 4.757194260000000563e-01 2.160018079999999896e-01
8.983677199999999530e-02 8.193269000000000246e-02 6.475589040000000463e-01 3.612504759999999870e-01 8.375435200000000413e-02 8.307340199999999064e-02 9.700961219999999496e-01 0.000000000000000000e+00 3.926299800000000451e-01 3.070152340000000257e-01 4.283045840000000437e-01 5.081609440000000033e-01 5.277963420000000294e-01 5.608441720000000297e-01 9.735088380000000985e-01 9.858029200000000269e-01 9.711942080000000033e-01 9.786420939999999069e-01 9.769901880000000371e-01 9.838670360000000281e-01 4.883150559999999696e-01 2.278630080000000058e-01
3.000848520000000130e-01 2.911432939999999969e-01 4.032537520000000208e-01 2.479061580000000153e-01 2.962144939999999949e-01 2.860951280000000319e-01 4.103799799999999776e-01 3.926299800000000451e-01 0.000000000000000000e+00 3.322738619999999754e-01 7.572340319999999458e-01 3.573918799999999951e-01 1.282866440000000052e-01 3.617378700000000169e-01 4.251481960000000337e-01 4.245975999999999639e-01 4.239017040000000458e-01 4.309479959999999998e-01 4.252852240000000172e-01 4.272299160000000429e-01 1.886549339999999964e-01 2.799841600000000374e-01
2.575138539999999865e-01 2.774925580000000003e-01 3.631686980000000120e-01 2.393817279999999881e-01 2.134205280000000260e-01 2.718523360000000277e-01 3.210603939999999712e-01 3.070152340000000257e-01 3.322738619999999754e-01 0.000000000000000000e+00 2.684567000000000481e-01 7.785846180000000061e-01 2.450398059999999989e-01 6.168308399999998803e-01 3.046531319999999932e-01 3.156571719999999859e-01 3.053443299999999971e-01 3.021778379999999764e-01 3.104820779999999947e-01 3.026799500000000309e-01 2.617810239999999733e-01 3.921392999999999684e-01
3.173324299999999987e-01 2.781074559999999751e-01 4.234919839999999880e-01 2.442011979999999804e-01 2.823075640000000108e-01 2.802806640000000127e-01 4.433532000000000584e-01 4.283045840000000437e-01 7.572340319999999458e-01 2.684567000000000481e-01 0.000000000000000000e+00 2.868399420000000144e-01 2.966280379999999828e-01 3.247005639999999693e-01 4.575307719999999745e-01 4.712674139999999956e-01 4.585916499999999618e-01 4.792399160000000435e-01 4.584508719999999538e-01 4.763584319999999428e-01 3.168969179999999719e-01 3.661740640000000213e-01
1.567550540000000325e-01 1.896152640000000056e-01 4.709901040000000205e-01 2.828098740000000166e-01 1.408643499999999993e-01 1.911602099999999971e-01 5.076317900000000272e-01 5.081609440000000033e-01 3.573918799999999951e-01 7.785846180000000061e-01 2.868399420000000144e-01 0.000000000000000000e+00 2.938708479999999623e-01 8.857245419999999481e-01 4.864949080000000592e-01 4.952342680000000330e-01 4.888930500000000512e-01 4.788986240000000505e-01 4.911110760000000353e-01 4.819912659999999738e-01 3.436385259999999997e-01 1.745043159999999927e-01
3.812991360000000385e-01 3.496003919999999821e-01 2.767240880000000347e-01 2.145692540000000148e-01 3.673111239999999889e-01 3.445750599999999886e-01 5.243721920000000702e-01 5.277963420000000294e-01 1.282866440000000052e-01 2.450398059999999989e-01 2.966280379999999828e-01 2.938708479999999623e-01 0.000000000000000000e+00 3.656098280000000256e-01 5.501287179999999610e-01 5.320445580000000563e-01 5.597639159999999725e-01 5.437602119999999095e-01 5.553121380000000107e-01 5.402673840000000727e-01 8.173565199999999198e-01 6.644704599999999850e-01
1.577033179999999812e-01 1.940326600000000234e-01 4.500611179999999822e-01 3.535180960000000039e-01 1.469348899999999847e-01 1.977318579999999826e-01 5.653105860000000593e-01 5.608441720000000297e-01 3.617378700000000169e-01 6.168308399999998803e-01 3.247005639999999693e-01 8.857245419999999481e-01 3.656098280000000256e-01 0.000000000000000000e+00 5.610718059999999507e-01 5.613642939999999859e-01 5.656445239999999819e-01 5.537446019999999747e-01 5.657841379999999365e-01 5.557757679999999478e-01 4.331119660000000704e-01 1.901665000000000161e-01
1.231739839999999864e-01 8.802188800000000646e-02 6.399876200000000903e-01 3.707926439999999491e-01 1.029060660000000044e-01 9.460692400000000890e-02 9.885968739999999588e-01 9.735088380000000985e-01 4.251481960000000337e-01 3.046531319999999932e-01 4.575307719999999745e-01 4.864949080000000592e-01 5.501287179999999610e-01 5.610718059999999507e-01 0.000000000000000000e+00 9.761210219999998383e-01 9.961276780000000164e-01 9.699952539999999734e-01 9.976212020000000402e-01 9.803444499999999229e-01 5.004475780000000595e-01 2.431998180000000398e-01
1.072756259999999850e-01 8.524982400000000182e-02 6.496400700000000139e-01 3.695704039999999635e-01 8.851224400000000381e-02 8.573950999999999101e-02 9.672763239999998541e-01 9.858029200000000269e-01 4.245975999999999639e-01 3.156571719999999859e-01 4.712674139999999956e-01 4.952342680000000330e-01 5.320445580000000563e-01 5.613642939999999859e-01 9.761210219999998383e-01 0.000000000000000000e+00 9.752513280000000284e-01 9.957023960000001006e-01 9.815622720000000134e-01 9.968761720000000048e-01 4.898806439999999762e-01 2.249576560000000058e-01
1.162372699999999898e-01 8.487669400000000253e-02 6.471932600000001035e-01 3.689917959999999830e-01 9.956108799999999204e-02 9.254369399999999579e-02 9.864055400000000251e-01 9.711942080000000033e-01 4.239017040000000458e-01 3.053443299999999971e-01 4.585916499999999618e-01 4.888930500000000512e-01 5.597639159999999725e-01 5.656445239999999819e-01 9.961276780000000164e-01 9.752513280000000284e-01 0.000000000000000000e+00 9.693916500000000491e-01 9.984714499999999271e-01 9.778738560000000968e-01 5.086884259999999713e-01 2.469252699999999745e-01
1.277422639999999943e-01 9.756509399999999110e-02 6.374868140000000682e-01 3.698264700000000182e-01 1.079789620000000117e-01 1.019180879999999900e-01 9.593656200000001411e-01 9.786420939999999069e-01 4.309479959999999998e-01 3.021778379999999764e-01 4.792399160000000435e-01 4.788986240000000505e-01 5.437602119999999095e-01 5.537446019999999747e-01 9.699952539999999734e-01 9.957023960000001006e-01 9.693916500000000491e-01 0.000000000000000000e+00 9.755317059999999429e-01 9.970644220000000058e-01 5.049622240000000151e-01 2.422348040000000258e-01
1.187712120000000010e-01 8.684190199999999860e-02 6.466923600000000771e-01 3.698122979999999282e-01 9.945179200000001107e-02 9.396595800000000220e-02 9.884628899999998719e-01 9.769901880000000371e-01 4.252852240000000172e-01 3.104820779999999947e-01 4.584508719999999538e-01 4.911110760000000353e-01 5.553121380000000107e-01 5.657841379999999365e-01 9.976212020000000402e-01 9.815622720000000134e-01 9.984714499999999271e-01 9.755317059999999429e-01 0.000000000000000000e+00 9.837214519999999407e-01 5.033181259999999213e-01 2.419518660000000154e-01
1.212527580000000160e-01 9.416449400000000136e-02 6.389484220000000159e-01 3.756956619999999858e-01 1.003043059999999959e-01 9.675581599999999449e-02 9.705368200000000778e-01 9.838670360000000281e-01 4.272299160000000429e-01 3.026799500000000309e-01 4.763584319999999428e-01 4.819912659999999738e-01 5.402673840000000727e-01 5.557757679999999478e-01 9.803444499999999229e-01 9.968761720000000048e-01 9.778738560000000968e-01 9.970644220000000058e-01 9.837214519999999407e-01 0.000000000000000000e+00 5.010946519999999182e-01 2.429247000000000212e-01
3.053183780000000569e-01 2.774997499999999895e-01 2.544732820000000229e-01 2.682198679999999724e-01 2.891895080000000395e-01 2.803689320000000151e-01 4.757194260000000563e-01 4.883150559999999696e-01 1.886549339999999964e-01 2.617810239999999733e-01 3.168969179999999719e-01 3.436385259999999997e-01 8.173565199999999198e-01 4.331119660000000704e-01 5.004475780000000595e-01 4.898806439999999762e-01 5.086884259999999713e-01 5.049622240000000151e-01 5.033181259999999213e-01 5.010946519999999182e-01 0.000000000000000000e+00 8.163665480000000807e-01
2.972631680000000221e-01 2.863963400000000270e-01 1.988689819999999997e-01 2.999051719999999976e-01 2.768437639999999922e-01 2.900543859999999974e-01 2.160018079999999896e-01 2.278630080000000058e-01 2.799841600000000374e-01 3.921392999999999684e-01 3.661740640000000213e-01 1.745043159999999927e-01 6.644704599999999850e-01 1.901665000000000161e-01 2.431998180000000398e-01 2.249576560000000058e-01 2.469252699999999745e-01 2.422348040000000258e-01 2.419518660000000154e-01 2.429247000000000212e-01 8.163665480000000807e-01 0.000000000000000000e+00
