0.000000000000000000e+00 6.681950060000000358e-01 4.251752880000000401e-01 4.836491719999999606e-01 7.337145840000000030e-01 8.961059920000000734e-01 8.025360400000000616e-02 6.244265600000000610e-02 1.376364559999999904e-01 1.554910760000000058e-01 1.209673560000000120e-01 1.072992100000000198e-01 1.265513119999999991e-01 1.306707319999999839e-01 1.026088720000000176e-01 7.949160400000000737e-02 1.051223180000000063e-01 6.808432600000000057e-02 1.036615319999999868e-01 8.419197999999999960e-02 1.332124379999999886e-01 1.275699499999999875e-01
6.681950060000000358e-01 0.000000000000000000e+00 4.411055299999999124e-01 3.737688860000000224e-01 8.423538620000000643e-01 6.427075400000000771e-01 7.018053200000000380e-02 6.209835000000000355e-02 1.081190539999999922e-01 1.396742559999999966e-01 1.355413279999999887e-01 1.011044419999999888e-01 1.464017379999999757e-01 1.269642539999999986e-01 8.009321599999999486e-02 8.577500600000000086e-02 1.050734859999999937e-01 5.348158800000000351e-02 1.058943679999999887e-01 8.095194199999999896e-02 1.240650080000000044e-01 1.175378700000000026e-01
4.251752880000000401e-01 4.411055299999999124e-01 0.000000000000000000e+00 4.822103939999999866e-01 4.621749659999999649e-01 4.124710419999999544e-01 4.352000900000000394e-01 3.207110640000000457e-01 5.184390100000000334e-01 4.891371480000000216e-01 6.590173639999999944e-01 3.040782759999999807e-01 6.237011740000000248e-01 2.893060199999999971e-01 2.101931599999999900e-01 1.775077319999999736e-01 9.559359799999998797e-02 1.165866319999999956e-01 1.749192879999999783e-01 1.995084500000000038e-01 6.260125999999999191e-01 5.188402679999999378e-01
4.836491719999999606e-01 3.737688860000000224e-01 4.822103939999999866e-01 0.000000000000000000e+00 4.254269419999999746e-01 4.696211000000000135e-01 2.907223480000000193e-01 5.014154919999999072e-01 4.493302719999999750e-01 5.599540139999999999e-01 3.239926699999999826e-01 6.127474379999999776e-01 3.029015419999999681e-01 5.696308460000000240e-01 1.215127339999999972e-01 2.241893580000000052e-01 8.386097000000000690e-02 9.082244600000000112e-02 1.292582600000000137e-01 2.441840640000000062e-01 4.363436900000000063e-01 5.638009439999999151e-01
7.337145840000000030e-01 8.423538620000000643e-01 4.621749659999999649e-01 4.254269419999999746e-01 0.000000000000000000e+00 7.189135420000000165e-01 9.498057399999999817e-02 8.323257800000000151e-02 1.330917179999999977e-01 1.399208580000000091e-01 1.525998679999999996e-01 1.008724119999999946e-01 1.608132939999999955e-01 1.337767519999999988e-01 1.048937199999999959e-01 9.431648000000000809e-02 9.431402999999999315e-02 8.970104599999999262e-02 1.043300540000000193e-01 8.960113999999999579e-02 1.430070280000000360e-01 1.469831139999999980e-01
8.961059920000000734e-01 6.427075400000000771e-01 4.124710419999999544e-01 4.696211000000000135e-01 7.189135420000000165e-01 0.000000000000000000e+00 7.716844799999998672e-02 7.535472199999999898e-02 1.019026779999999965e-01 1.391476959999999874e-01 8.919307600000001002e-02 9.369435800000000536e-02 8.080031999999999492e-02 1.294648459999999945e-01 9.656393199999999122e-02 8.727880600000000044e-02 9.036851199999999806e-02 7.701891800000000565e-02 8.143671199999999444e-02 9.002587399999999185e-02 1.127083819999999958e-01 1.293462920000000016e-01
8.025360400000000616e-02 7.018053200000000380e-02 4.352000900000000394e-01 2.907223480000000193e-01 9.498057399999999817e-02 7.716844799999998672e-02 0.000000000000000000e+00 4.822999519999999762e-01 4.471317840000000321e-01 4.480880960000000468e-01 5.038079520000000588e-01 2.980710199999999643e-01 4.492022920000000030e-01 2.300497759999999836e-01 5.395987639999999530e-01 3.354501800000000422e-01 1.720669979999999988e-01 1.653922600000000132e-01 2.373437939999999968e-01 4.318654860000000761e-01 4.797511300000000256e-01 4.375621960000000144e-01
6.244265600000000610e-02 6.209835000000000355e-02 3.207110640000000457e-01 5.014154919999999072e-01 8.323257800000000151e-02 7.535472199999999898e-02 4.822999519999999762e-01 0.000000000000000000e+00 4.362735380000000163e-01 5.377856460000000061e-01 3.370881680000000213e-01 5.527229219999999499e-01 2.893126320000000140e-01 4.314171420000000312e-01 1.903385020000000205e-01 5.250835659999999461e-01 1.304839299999999980e-01 9.984255999999999687e-02 2.576909359999999816e-01 3.046402240000000150e-01 4.000324640000000320e-01 5.446335580000000176e-01
1.376364559999999904e-01 1.081190539999999922e-01 5.184390100000000334e-01 4.493302719999999750e-01 1.330917179999999977e-01 1.019026779999999965e-01 4.471317840000000321e-01 4.362735380000000163e-01 0.000000000000000000e+00 4.390888179999999918e-01 5.708026700000000675e-01 4.514104760000000605e-01 6.439330680000000529e-01 3.795742500000000019e-01 2.257195059999999864e-01 1.788754259999999763e-01 1.017192519999999822e-01 1.143176720000000091e-01 1.716712840000000073e-01 2.168623740000000244e-01 6.110543459999999705e-01 5.875997440000000349e-01
1.554910760000000058e-01 1.396742559999999966e-01 4.891371480000000216e-01 5.599540139999999999e-01 1.399208580000000091e-01 1.391476959999999874e-01 4.480880960000000468e-01 5.377856460000000061e-01 4.390888179999999918e-01 0.000000000000000000e+00 4.977607799999999583e-01 5.972890299999999986e-01 4.597116660000000188e-01 6.447633780000000536e-01 1.562063640000000420e-01 2.792404960000000047e-01 7.191369599999999918e-02 1.395075620000000016e-01 1.585384659999999890e-01 3.026182239999999912e-01 5.808988160000000400e-01 6.213881199999999883e-01
1.209673560000000120e-01 1.355413279999999887e-01 6.590173639999999944e-01 3.239926699999999826e-01 1.525998679999999996e-01 8.919307600000001002e-02 5.038079520000000588e-01 3.370881680000000213e-01 5.708026700000000675e-01 4.977607799999999583e-01 0.000000000000000000e+00 2.686939419999999634e-01 7.992231659999999849e-01 2.373792960000000174e-01 1.735126520000000172e-01 1.946721180000000051e-01 1.021503819999999979e-01 1.181199359999999948e-01 1.718913120000000183e-01 2.160718860000000185e-01 7.310296540000000842e-01 5.401510999999999951e-01
1.072992100000000198e-01 1.011044419999999888e-01 3.040782759999999807e-01 6.127474379999999776e-01 1.008724119999999946e-01 9.369435800000000536e-02 2.980710199999999643e-01 5.527229219999999499e-01 4.514104760000000605e-01 5.972890299999999986e-01 2.686939419999999634e-01 0.000000000000000000e+00 2.572275579999999673e-01 7.103888699999998391e-01 1.324624339999999623e-01 2.313487200000000077e-01 1.034463219999999933e-01 1.073746740000000033e-01 1.388191320000000117e-01 2.711937360000000186e-01 3.795099400000000456e-01 5.499146040000000291e-01
1.265513119999999991e-01 1.464017379999999757e-01 6.237011740000000248e-01 3.029015419999999681e-01 1.608132939999999955e-01 8.080031999999999492e-02 4.492022920000000030e-01 2.893126320000000140e-01 6.439330680000000529e-01 4.597116660000000188e-01 7.992231659999999849e-01 2.572275579999999673e-01 0.000000000000000000e+00 2.282316799999999923e-01 1.624111440000000073e-01 1.474517860000000291e-01 9.353969199999999373e-02 1.357628639999999831e-01 1.476960300000000059e-01 1.889267099999999977e-01 6.809445120000000573e-01 5.052338079999999509e-01
1.306707319999999839e-01 1.269642539999999986e-01 2.893060199999999971e-01 5.696308460000000240e-01 1.337767519999999988e-01 1.294648459999999945e-01 2.300497759999999836e-01 4.314171420000000312e-01 3.795742500000000019e-01 6.447633780000000536e-01 2.373792960000000174e-01 7.103888699999998391e-01 2.282316799999999923e-01 0.000000000000000000e+00 1.113946999999999993e-01 1.450508460000000110e-01 1.133855839999999837e-01 1.151282240000000012e-01 1.064970680000000003e-01 2.177157880000000212e-01 3.185881079999999810e-01 4.659516320000000600e-01
1.026088720000000176e-01 8.009321599999999486e-02 2.101931599999999900e-01 1.215127339999999972e-01 1.048937199999999959e-01 9.656393199999999122e-02 5.395987639999999530e-01 1.903385020000000205e-01 2.257195059999999864e-01 1.562063640000000420e-01 1.735126520000000172e-01 1.324624339999999623e-01 1.624111440000000073e-01 1.113946999999999993e-01 0.000000000000000000e+00 1.600586080000000189e-01 1.221883580000000108e-01 1.303677520000000034e-01 9.408218799999999715e-02 2.980114360000000184e-01 1.373846459999999714e-01 1.486846860000000103e-01
7.949160400000000737e-02 8.577500600000000086e-02 1.775077319999999736e-01 2.241893580000000052e-01 9.431648000000000809e-02 8.727880600000000044e-02 3.354501800000000422e-01 5.250835659999999461e-01 1.788754259999999763e-01 2.792404960000000047e-01 1.946721180000000051e-01 2.313487200000000077e-01 1.474517860000000291e-01 1.450508460000000110e-01 1.600586080000000189e-01 0.000000000000000000e+00 9.246985600000000305e-02 2.202157979999999904e-01 1.806793499999999886e-01 2.726815079999999614e-01 1.902768220000000121e-01 2.355951780000000162e-01
1.051223180000000063e-01 1.050734859999999937e-01 9.559359799999998797e-02 8.386097000000000690e-02 9.431402999999999315e-02 9.036851199999999806e-02 1.720669979999999988e-01 1.304839299999999980e-01 1.017192519999999822e-01 7.191369599999999918e-02 1.021503819999999979e-01 1.034463219999999933e-01 9.353969199999999373e-02 1.133855839999999837e-01 1.221883580000000108e-01 9.246985600000000305e-02 0.000000000000000000e+00 7.891514600000000546e-02 8.414641980000000521e-01 1.390055259999999904e-01 1.128570580000000101e-01 1.384707219999999905e-01
6.808432600000000057e-02 5.348158800000000351e-02 1.165866319999999956e-01 9.082244600000000112e-02 8.970104599999999262e-02 7.701891800000000565e-02 1.653922600000000132e-01 9.984255999999999687e-02 1.143176720000000091e-01 1.395075620000000016e-01 1.181199359999999948e-01 1.073746740000000033e-01 1.357628639999999831e-01 1.151282240000000012e-01 1.303677520000000034e-01 2.202157979999999904e-01 7.891514600000000546e-02 0.000000000000000000e+00 5.231681600000000210e-02 6.126341199999999487e-01 1.398214640000000064e-01 1.172658460000000069e-01
1.036615319999999868e-01 1.058943679999999887e-01 1.749192879999999783e-01 1.292582600000000137e-01 1.043300540000000193e-01 8.143671199999999444e-02 2.373437939999999968e-01 2.576909359999999816e-01 1.716712840000000073e-01 1.585384659999999890e-01 1.718913120000000183e-01 1.388191320000000117e-01 1.476960300000000059e-01 1.064970680000000003e-01 9.408218799999999715e-02 1.806793499999999886e-01 8.414641980000000521e-01 5.231681600000000210e-02 0.000000000000000000e+00 1.472637939999999757e-01 1.917763720000000005e-01 1.907655060000000014e-01
8.419197999999999960e-02 8.095194199999999896e-02 1.995084500000000038e-01 2.441840640000000062e-01 8.960113999999999579e-02 9.002587399999999185e-02 4.318654860000000761e-01 3.046402240000000150e-01 2.168623740000000244e-01 3.026182239999999912e-01 2.160718860000000185e-01 2.711937360000000186e-01 1.889267099999999977e-01 2.177157880000000212e-01 2.980114360000000184e-01 2.726815079999999614e-01 1.390055259999999904e-01 6.126341199999999487e-01 1.472637939999999757e-01 0.000000000000000000e+00 2.219878500000000143e-01 2.676906000000000008e-01
1.332124379999999886e-01 1.240650080000000044e-01 6.260125999999999191e-01 4.363436900000000063e-01 1.430070280000000360e-01 1.127083819999999958e-01 4.797511300000000256e-01 4.000324640000000320e-01 6.110543459999999705e-01 5.808988160000000400e-01 7.310296540000000842e-01 3.795099400000000456e-01 6.809445120000000573e-01 3.185881079999999810e-01 1.373846459999999714e-01 1.902768220000000121e-01 1.128570580000000101e-01 1.398214640000000064e-01 1.917763720000000005e-01 2.219878500000000143e-01 0.000000000000000000e+00 7.200556820000001412e-01
1.275699499999999875e-01 1.175378700000000026e-01 5.188402679999999378e-01 5.638009439999999151e-01 1.469831139999999980e-01 1.293462920000000016e-01 4.375621960000000144e-01 5.446335580000000176e-01 5.875997440000000349e-01 6.213881199999999883e-01 5.401510999999999951e-01 5.499146040000000291e-01 5.052338079999999509e-01 4.659516320000000600e-01 1.486846860000000103e-01 2.355951780000000162e-01 1.384707219999999905e-01 1.172658460000000069e-01 1.907655060000000014e-01 2.676906000000000008e-01 7.200556820000001412e-01 0.000000000000000000e+00
