0.000000000000000000e+00 6.621063120000000302e-01 5.041347199999999251e-01 5.318076219999999799e-01 7.118718779999999580e-01 8.870766319999999761e-01 1.106046099999999921e-01 7.595987600000000950e-02 1.677268439999999861e-01 1.861768720000000210e-01 2.136560799999999705e-01 1.327794379999999996e-01 2.306097760000000163e-01 1.229013939999999971e-01 9.807534199999998203e-02 9.891612999999999101e-02 1.045784320000000128e-01 1.545507140000000335e-01 7.351956200000001052e-02 1.184488239999999803e-01 2.106458240000000370e-01 1.954955700000000074e-01
6.621063120000000302e-01 0.000000000000000000e+00 4.954783519999999553e-01 4.502122439999999837e-01 8.525299640000000290e-01 6.433597360000000709e-01 1.308224000000000053e-01 9.645255799999999380e-02 1.414787599999999812e-01 1.495855160000000017e-01 1.659697739999999866e-01 1.160923900000000036e-01 1.661067440000000006e-01 9.170045599999999963e-02 1.107785760000000036e-01 6.332570199999999760e-02 9.576095799999999325e-02 1.451417520000000128e-01 9.856086199999999908e-02 1.213873280000000027e-01 1.876614200000000232e-01 1.606765400000000343e-01
5.041347199999999251e-01 4.954783519999999553e-01 0.000000000000000000e+00 5.110404359999999313e-01 5.199266620000000394e-01 5.120811940000000728e-01 4.377986060000000346e-01 2.665305539999999751e-01 5.369558819999999955e-01 4.484626680000000643e-01 6.688196499999999878e-01 2.698221639999999755e-01 6.530028659999999041e-01 2.534755619999999876e-01 1.806244340000000004e-01 9.631139200000000955e-02 1.021647659999999902e-01 9.524743799999998983e-02 9.912850800000000406e-02 1.410384299999999924e-01 6.474656399999999534e-01 5.618893980000000399e-01
5.318076219999999799e-01 4.502122439999999837e-01 5.110404359999999313e-01 0.000000000000000000e+00 4.590259700000000054e-01 5.134858099999999315e-01 3.069651800000000041e-01 4.476099219999999934e-01 4.069306379999999557e-01 5.505988059999998852e-01 3.352370100000000019e-01 5.868436320000000039e-01 3.426271100000000680e-01 5.480657320000000832e-01 1.422611480000000039e-01 1.980628859999999936e-01 1.248015139999999884e-01 1.252396139999999991e-01 1.527695000000000025e-01 2.030215939999999719e-01 4.201277519999999654e-01 5.464035139999999791e-01
7.118718779999999580e-01 8.525299640000000290e-01 5.199266620000000394e-01 4.590259700000000054e-01 0.000000000000000000e+00 7.065290040000000715e-01 1.215152079999999996e-01 6.814457000000000153e-02 1.485886440000000197e-01 1.483737420000000029e-01 1.711222599999999705e-01 1.085047460000000130e-01 1.724289539999999676e-01 1.042249079999999911e-01 1.317264039999999914e-01 6.321439399999999320e-02 7.402922000000000669e-02 1.537732300000000107e-01 6.778167999999999693e-02 1.358570719999999954e-01 2.030042659999999888e-01 1.722293560000000001e-01
8.870766319999999761e-01 6.433597360000000709e-01 5.120811940000000728e-01 5.134858099999999315e-01 7.065290040000000715e-01 0.000000000000000000e+00 1.315214859999999930e-01 6.585754800000000186e-02 1.719332939999999865e-01 1.790521920000000267e-01 2.023788679999999895e-01 1.236447779999999969e-01 2.204879359999999955e-01 1.345787280000000086e-01 1.184092779999999789e-01 1.018454680000000084e-01 1.040398280000000009e-01 1.678337900000000105e-01 7.779004000000000474e-02 1.418661660000000158e-01 2.071157079999999817e-01 1.885980580000000129e-01
1.106046099999999921e-01 1.308224000000000053e-01 4.377986060000000346e-01 3.069651800000000041e-01 1.215152079999999996e-01 1.315214859999999930e-01 0.000000000000000000e+00 4.743050819999999890e-01 4.702251139999999441e-01 4.760104679999999644e-01 4.924861619999999496e-01 2.995297799999999677e-01 4.764391039999999466e-01 2.928595800000000082e-01 5.568859240000000321e-01 2.637038239999999756e-01 2.169993520000000342e-01 1.370266259999999847e-01 2.596859219999999580e-01 3.830737819999999738e-01 4.639763519999999808e-01 4.746520679999999826e-01
7.595987600000000950e-02 9.645255799999999380e-02 2.665305539999999751e-01 4.476099219999999934e-01 6.814457000000000153e-02 6.585754800000000186e-02 4.743050819999999890e-01 0.000000000000000000e+00 4.191858660000000181e-01 4.971993200000000002e-01 3.048711259999999923e-01 5.304469400000000334e-01 2.946092780000000855e-01 4.364797239999999579e-01 1.328744079999999994e-01 5.020738760000000855e-01 1.394174960000000019e-01 1.231791620000000087e-01 2.761152779999999640e-01 2.872344519999999735e-01 3.704715720000000267e-01 5.231110519999999653e-01
1.677268439999999861e-01 1.414787599999999812e-01 5.369558819999999955e-01 4.069306379999999557e-01 1.485886440000000197e-01 1.719332939999999865e-01 4.702251139999999441e-01 4.191858660000000181e-01 0.000000000000000000e+00 4.519952740000000024e-01 5.802353700000000281e-01 4.050845140000000066e-01 6.650418200000000057e-01 3.346683320000000128e-01 2.148143259999999999e-01 1.426268500000000272e-01 1.122718379999999988e-01 7.563547200000000914e-02 1.431407299999999938e-01 2.080257580000000051e-01 6.220495340000000706e-01 6.159470080000000181e-01
1.861768720000000210e-01 1.495855160000000017e-01 4.484626680000000643e-01 5.505988059999998852e-01 1.483737420000000029e-01 1.790521920000000267e-01 4.760104679999999644e-01 4.971993200000000002e-01 4.519952740000000024e-01 0.000000000000000000e+00 4.933352020000000282e-01 5.998636880000000060e-01 4.745903200000000655e-01 6.742327860000000284e-01 1.990506099999999889e-01 2.496668979999999982e-01 1.562518719999999861e-01 1.043884740000000227e-01 2.010025419999999785e-01 2.643054000000000237e-01 5.281338780000000011e-01 5.742940219999999041e-01
2.136560799999999705e-01 1.659697739999999866e-01 6.688196499999999878e-01 3.352370100000000019e-01 1.711222599999999705e-01 2.023788679999999895e-01 4.924861619999999496e-01 3.048711259999999923e-01 5.802353700000000281e-01 4.933352020000000282e-01 0.000000000000000000e+00 2.598407139999999726e-01 8.032299640000000185e-01 2.338465120000000064e-01 1.777681300000000242e-01 9.423773799999998757e-02 1.120340340000000046e-01 7.072660399999999847e-02 1.474482440000000061e-01 1.508731120000000314e-01 7.433248279999999930e-01 6.051750460000000498e-01
1.327794379999999996e-01 1.160923900000000036e-01 2.698221639999999755e-01 5.868436320000000039e-01 1.085047460000000130e-01 1.236447779999999969e-01 2.995297799999999677e-01 5.304469400000000334e-01 4.050845140000000066e-01 5.998636880000000060e-01 2.598407139999999726e-01 0.000000000000000000e+00 2.479821539999999547e-01 6.872957700000000836e-01 1.383597159999999937e-01 2.178562020000000266e-01 8.458392200000000583e-02 9.864527599999999008e-02 1.237734619999999869e-01 1.997073420000000099e-01 3.138179899999999911e-01 4.978851919999999209e-01
2.306097760000000163e-01 1.661067440000000006e-01 6.530028659999999041e-01 3.426271100000000680e-01 1.724289539999999676e-01 2.204879359999999955e-01 4.764391039999999466e-01 2.946092780000000855e-01 6.650418200000000057e-01 4.745903200000000655e-01 8.032299640000000185e-01 2.479821539999999547e-01 0.000000000000000000e+00 2.105395680000000103e-01 1.489847659999999907e-01 1.144027799999999956e-01 1.078973059999999984e-01 7.488413199999999215e-02 1.456501560000000028e-01 1.623415559999999980e-01 7.058903799999999285e-01 5.714253559999999954e-01
1.229013939999999971e-01 9.170045599999999963e-02 2.534755619999999876e-01 5.480657320000000832e-01 1.042249079999999911e-01 1.345787280000000086e-01 2.928595800000000082e-01 4.364797239999999579e-01 3.346683320000000128e-01 6.742327860000000284e-01 2.338465120000000064e-01 6.872957700000000836e-01 2.105395680000000103e-01 0.000000000000000000e+00 1.457210260000000035e-01 1.778307640000000023e-01 1.022565539999999995e-01 1.021075999999999928e-01 1.214300619999999914e-01 1.973319680000000242e-01 2.954478479999999574e-01 4.310022359999999830e-01
9.807534199999998203e-02 1.107785760000000036e-01 1.806244340000000004e-01 1.422611480000000039e-01 1.317264039999999914e-01 1.184092779999999789e-01 5.568859240000000321e-01 1.328744079999999994e-01 2.148143259999999999e-01 1.990506099999999889e-01 1.777681300000000242e-01 1.383597159999999937e-01 1.489847659999999907e-01 1.457210260000000035e-01 0.000000000000000000e+00 8.854499799999999976e-02 1.428903599999999940e-01 1.248826919999999896e-01 1.379510220000000065e-01 2.560244859999999956e-01 1.417088259999999822e-01 1.553748279999999649e-01
9.891612999999999101e-02 6.332570199999999760e-02 9.631139200000000955e-02 1.980628859999999936e-01 6.321439399999999320e-02 1.018454680000000084e-01 2.637038239999999756e-01 5.020738760000000855e-01 1.426268500000000272e-01 2.496668979999999982e-01 9.423773799999998757e-02 2.178562020000000266e-01 1.144027799999999956e-01 1.778307640000000023e-01 8.854499799999999976e-02 0.000000000000000000e+00 8.905689599999999650e-02 2.057152900000000229e-01 1.836133160000000264e-01 2.368128000000000455e-01 1.197206500000000118e-01 1.710821739999999758e-01
1.045784320000000128e-01 9.576095799999999325e-02 1.021647659999999902e-01 1.248015139999999884e-01 7.402922000000000669e-02 1.040398280000000009e-01 2.169993520000000342e-01 1.394174960000000019e-01 1.122718379999999988e-01 1.562518719999999861e-01 1.120340340000000046e-01 8.458392200000000583e-02 1.078973059999999984e-01 1.022565539999999995e-01 1.428903599999999940e-01 8.905689599999999650e-02 0.000000000000000000e+00 1.510003040000000019e-01 8.480580100000001398e-01 2.118872340000000354e-01 1.194868600000000142e-01 1.228553119999999943e-01
1.545507140000000335e-01 1.451417520000000128e-01 9.524743799999998983e-02 1.252396139999999991e-01 1.537732300000000107e-01 1.678337900000000105e-01 1.370266259999999847e-01 1.231791620000000087e-01 7.563547200000000914e-02 1.043884740000000227e-01 7.072660399999999847e-02 9.864527599999999008e-02 7.488413199999999215e-02 1.021075999999999928e-01 1.248826919999999896e-01 2.057152900000000229e-01 1.510003040000000019e-01 0.000000000000000000e+00 1.665255600000000169e-01 6.874959200000000381e-01 8.954681600000000130e-02 7.487432800000000388e-02
7.351956200000001052e-02 9.856086199999999908e-02 9.912850800000000406e-02 1.527695000000000025e-01 6.778167999999999693e-02 7.779004000000000474e-02 2.596859219999999580e-01 2.761152779999999640e-01 1.431407299999999938e-01 2.010025419999999785e-01 1.474482440000000061e-01 1.237734619999999869e-01 1.456501560000000028e-01 1.214300619999999914e-01 1.379510220000000065e-01 1.836133160000000264e-01 8.480580100000001398e-01 1.665255600000000169e-01 0.000000000000000000e+00 2.236672299999999947e-01 1.564192300000000202e-01 1.642863700000000149e-01
1.184488239999999803e-01 1.213873280000000027e-01 1.410384299999999924e-01 2.030215939999999719e-01 1.358570719999999954e-01 1.418661660000000158e-01 3.830737819999999738e-01 2.872344519999999735e-01 2.080257580000000051e-01 2.643054000000000237e-01 1.508731120000000314e-01 1.997073420000000099e-01 1.623415559999999980e-01 1.973319680000000242e-01 2.560244859999999956e-01 2.368128000000000455e-01 2.118872340000000354e-01 6.874959200000000381e-01 2.236672299999999947e-01 0.000000000000000000e+00 1.815827680000000055e-01 2.095036659999999773e-01
2.106458240000000370e-01 1.876614200000000232e-01 6.474656399999999534e-01 4.201277519999999654e-01 2.030042659999999888e-01 2.071157079999999817e-01 4.639763519999999808e-01 3.704715720000000267e-01 6.220495340000000706e-01 5.281338780000000011e-01 7.433248279999999930e-01 3.138179899999999911e-01 7.058903799999999285e-01 2.954478479999999574e-01 1.417088259999999822e-01 1.197206500000000118e-01 1.194868600000000142e-01 8.954681600000000130e-02 1.564192300000000202e-01 1.815827680000000055e-01 0.000000000000000000e+00 7.324329320000000365e-01
1.954955700000000074e-01 1.606765400000000343e-01 5.618893980000000399e-01 5.464035139999999791e-01 1.722293560000000001e-01 1.885980580000000129e-01 4.746520679999999826e-01 5.231110519999999653e-01 6.159470080000000181e-01 5.742940219999999041e-01 6.051750460000000498e-01 4.978851919999999209e-01 5.714253559999999954e-01 4.310022359999999830e-01 1.553748279999999649e-01 1.710821739999999758e-01 1.228553119999999943e-01 7.487432800000000388e-02 1.642863700000000149e-01 2.095036659999999773e-01 7.324329320000000365e-01 0.000000000000000000e+00
