0.000000000000000000e+00 9.758927760000000173e-01 3.634850900000000107e-01 4.199821280000000101e-01 9.814228680000001148e-01 9.644477159999998994e-01 1.442224520000000010e-01 1.457375799999999777e-01 2.839689799999999820e-01 3.010223359999999460e-01 3.016423899999999270e-01 3.165420059999999869e-01 2.728652019999999734e-01 3.290033700000000172e-01 8.070706999999999187e-02 7.229671799999999593e-02 9.375717799999999658e-02 1.018334260000000047e-01 8.455017000000000782e-02 7.972398799999999564e-02 2.473256479999999813e-01 3.722614919999999716e-01
9.758927760000000173e-01 0.000000000000000000e+00 2.983797519999999981e-01 3.374389780000000005e-01 9.891305679999999878e-01 9.901256880000000038e-01 1.387908479999999944e-01 1.350445320000000227e-01 2.820357980000000042e-01 3.092788300000000601e-01 3.013141500000000028e-01 3.240689860000000033e-01 2.478591960000000038e-01 3.326109299999999713e-01 8.475280599999998610e-02 8.710221999999999409e-02 1.003077119999999933e-01 1.031486359999999880e-01 9.140631799999998641e-02 9.114429200000000175e-02 2.353204220000000291e-01 3.385297099999999837e-01
3.634850900000000107e-01 2.983797519999999981e-01 0.000000000000000000e+00 8.237447180000000424e-01 3.150616359999999783e-01 2.825766200000000561e-01 4.659728959999999698e-01 4.505729059999999953e-01 8.710977319999999580e-01 7.285485659999999530e-01 8.781290560000000189e-01 6.219584579999999363e-01 8.240794159999997870e-01 4.265571780000000368e-01 2.922784480000000240e-01 2.887698140000000135e-01 3.234599499999999961e-01 3.473468940000000171e-01 2.942610579999999643e-01 2.953918380000000177e-01 8.161374999999999602e-01 5.197756379999999288e-01
4.199821280000000101e-01 3.374389780000000005e-01 8.237447180000000424e-01 0.000000000000000000e+00 3.588893659999999874e-01 3.148583839999999912e-01 3.964637639999999963e-01 4.012172980000000000e-01 7.307660679999999909e-01 7.110903159999999446e-01 7.185322600000000337e-01 6.537435040000000308e-01 7.103042999999998885e-01 4.400258059999999638e-01 2.449851779999999979e-01 2.485211619999999899e-01 2.644020180000000164e-01 3.090534480000000084e-01 2.398901980000000267e-01 2.557981520000000009e-01 7.167814659999999227e-01 6.319265800000000155e-01
9.814228680000001148e-01 9.891305679999999878e-01 3.150616359999999783e-01 3.588893659999999874e-01 0.000000000000000000e+00 9.749199680000000257e-01 1.436123840000000096e-01 1.403925220000000196e-01 2.835506239999999734e-01 3.154681659999999943e-01 2.980941899999999811e-01 3.321424279999999896e-01 2.613387360000000159e-01 3.244484519999999428e-01 8.932593800000000750e-02 7.227244999999998809e-02 1.085882760000000113e-01 9.273380200000000406e-02 9.727515200000000362e-02 7.837796799999999231e-02 2.372526899999999883e-01 3.491745119999999925e-01
9.644477159999998994e-01 9.901256880000000038e-01 2.825766200000000561e-01 3.148583839999999912e-01 9.749199680000000257e-01 0.000000000000000000e+00 1.501736459999999940e-01 1.459719020000000145e-01 2.886744479999999724e-01 3.270952999999999777e-01 3.111118060000000463e-01 3.421361939999999491e-01 2.468251959999999967e-01 3.335514700000000166e-01 8.858809800000000401e-02 8.730624599999999014e-02 1.057117879999999871e-01 1.037932159999999937e-01 9.158836600000000439e-02 9.035195800000000999e-02 2.588284760000000295e-01 3.251687600000000011e-01
1.442224520000000010e-01 1.387908479999999944e-01 4.659728959999999698e-01 3.964637639999999963e-01 1.436123840000000096e-01 1.501736459999999940e-01 0.000000000000000000e+00 9.131374700000000066e-01 4.164572659999999371e-01 3.351134880000000149e-01 4.366851159999999288e-01 2.694099460000000112e-01 3.375252420000000031e-01 1.512875699999999823e-01 9.169409140000001068e-01 8.954289460000000034e-01 9.395352280000001111e-01 9.235573260000000673e-01 9.228142999999999763e-01 9.123822440000000089e-01 4.081690359999999851e-01 3.702412259999999788e-01
1.457375799999999777e-01 1.350445320000000227e-01 4.505729059999999953e-01 4.012172980000000000e-01 1.403925220000000196e-01 1.459719020000000145e-01 9.131374700000000066e-01 0.000000000000000000e+00 3.882509739999999709e-01 3.267019320000000282e-01 3.980520960000000219e-01 2.771899300000000288e-01 2.813596019999999864e-01 1.680659400000000248e-01 8.693478980000000078e-01 8.693354280000000767e-01 9.037960460000000751e-01 9.053210000000000424e-01 8.899184919999999499e-01 8.812002180000000351e-01 3.767018779999999345e-01 3.721129959999999737e-01
2.839689799999999820e-01 2.820357980000000042e-01 8.710977319999999580e-01 7.307660679999999909e-01 2.835506239999999734e-01 2.886744479999999724e-01 4.164572659999999371e-01 3.882509739999999709e-01 0.000000000000000000e+00 8.335164239999999225e-01 9.476388339999999300e-01 7.244714219999999205e-01 8.511272180000000187e-01 4.357144760000000727e-01 2.493544540000000309e-01 2.383003280000000612e-01 2.705390959999999789e-01 2.877274599999999904e-01 2.390416919999999723e-01 2.451093580000000272e-01 8.754384640000001383e-01 5.541750999999999205e-01
3.010223359999999460e-01 3.092788300000000601e-01 7.285485659999999530e-01 7.110903159999999446e-01 3.154681659999999943e-01 3.270952999999999777e-01 3.351134880000000149e-01 3.267019320000000282e-01 8.335164239999999225e-01 0.000000000000000000e+00 7.999998919999999902e-01 9.087965840000000739e-01 7.869199879999999592e-01 5.013267080000000098e-01 1.944542600000000176e-01 1.736789420000000028e-01 2.077201800000000043e-01 2.286315080000000111e-01 1.799396719999999950e-01 1.841329660000000090e-01 8.314819260000000378e-01 6.192925460000000548e-01
3.016423899999999270e-01 3.013141500000000028e-01 8.781290560000000189e-01 7.185322600000000337e-01 2.980941899999999811e-01 3.111118060000000463e-01 4.366851159999999288e-01 3.980520960000000219e-01 9.476388339999999300e-01 7.999998919999999902e-01 0.000000000000000000e+00 6.983170980000000805e-01 8.878006980000000548e-01 4.147074459999999796e-01 2.610512939999999893e-01 2.498840579999999922e-01 2.840114939999999200e-01 2.963527779999999834e-01 2.516185340000000048e-01 2.581734020000000518e-01 8.666783880000000773e-01 5.369315779999999094e-01
3.165420059999999869e-01 3.240689860000000033e-01 6.219584579999999363e-01 6.537435040000000308e-01 3.321424279999999896e-01 3.421361939999999491e-01 2.694099460000000112e-01 2.771899300000000288e-01 7.244714219999999205e-01 9.087965840000000739e-01 6.983170980000000805e-01 0.000000000000000000e+00 6.931359480000000017e-01 4.958657060000000172e-01 1.485493139999999879e-01 1.296727699999999928e-01 1.604077419999999921e-01 1.750667079999999876e-01 1.352867759999999975e-01 1.349401779999999940e-01 7.244261100000000120e-01 5.802083820000001335e-01
2.728652019999999734e-01 2.478591960000000038e-01 8.240794159999997870e-01 7.103042999999998885e-01 2.613387360000000159e-01 2.468251959999999967e-01 3.375252420000000031e-01 2.813596019999999864e-01 8.511272180000000187e-01 7.869199879999999592e-01 8.878006980000000548e-01 6.931359480000000017e-01 0.000000000000000000e+00 4.302961439999999915e-01 2.411739260000000107e-01 2.293807740000000095e-01 2.314935479999999934e-01 2.369711860000000281e-01 2.167430920000000261e-01 2.273461120000000446e-01 8.617022060000000261e-01 5.080334360000000604e-01
3.290033700000000172e-01 3.326109299999999713e-01 4.265571780000000368e-01 4.400258059999999638e-01 3.244484519999999428e-01 3.335514700000000166e-01 1.512875699999999823e-01 1.680659400000000248e-01 4.357144760000000727e-01 5.013267080000000098e-01 4.147074459999999796e-01 4.958657060000000172e-01 4.302961439999999915e-01 0.000000000000000000e+00 1.546885020000000055e-01 1.920093939999999999e-01 1.224751140000000238e-01 1.828338820000000031e-01 1.368081539999999874e-01 1.810640380000000105e-01 4.352577400000000596e-01 4.185497779999999279e-01
8.070706999999999187e-02 8.475280599999998610e-02 2.922784480000000240e-01 2.449851779999999979e-01 8.932593800000000750e-02 8.858809800000000401e-02 9.169409140000001068e-01 8.693478980000000078e-01 2.493544540000000309e-01 1.944542600000000176e-01 2.610512939999999893e-01 1.485493139999999879e-01 2.411739260000000107e-01 1.546885020000000055e-01 0.000000000000000000e+00 9.697256979999998583e-01 9.877615379999999945e-01 9.619034199999999535e-01 9.946334159999998814e-01 9.796517900000001333e-01 2.632407179999999847e-01 2.471951859999999834e-01
7.229671799999999593e-02 8.710221999999999409e-02 2.887698140000000135e-01 2.485211619999999899e-01 7.227244999999998809e-02 8.730624599999999014e-02 8.954289460000000034e-01 8.693354280000000767e-01 2.383003280000000612e-01 1.736789420000000028e-01 2.498840579999999922e-01 1.296727699999999928e-01 2.293807740000000095e-01 1.920093939999999999e-01 9.697256979999998583e-01 0.000000000000000000e+00 9.570461820000000230e-01 9.803829860000000673e-01 9.705512600000000267e-01 9.949351060000000135e-01 2.599937640000000161e-01 2.285767519999999942e-01
9.375717799999999658e-02 1.003077119999999933e-01 3.234599499999999961e-01 2.644020180000000164e-01 1.085882760000000113e-01 1.057117879999999871e-01 9.395352280000001111e-01 9.037960460000000751e-01 2.705390959999999789e-01 2.077201800000000043e-01 2.840114939999999200e-01 1.604077419999999921e-01 2.314935479999999934e-01 1.224751140000000238e-01 9.877615379999999945e-01 9.570461820000000230e-01 0.000000000000000000e+00 9.603328099999999257e-01 9.959780420000001744e-01 9.684665499999999261e-01 2.756055199999999927e-01 2.747872860000000195e-01
1.018334260000000047e-01 1.031486359999999880e-01 3.473468940000000171e-01 3.090534480000000084e-01 9.273380200000000406e-02 1.037932159999999937e-01 9.235573260000000673e-01 9.053210000000000424e-01 2.877274599999999904e-01 2.286315080000000111e-01 2.963527779999999834e-01 1.750667079999999876e-01 2.369711860000000281e-01 1.828338820000000031e-01 9.619034199999999535e-01 9.803829860000000673e-01 9.603328099999999257e-01 0.000000000000000000e+00 9.662541119999999983e-01 9.886604679999999590e-01 2.900426159999999753e-01 2.847766399999999698e-01
8.455017000000000782e-02 9.140631799999998641e-02 2.942610579999999643e-01 2.398901980000000267e-01 9.727515200000000362e-02 9.158836600000000439e-02 9.228142999999999763e-01 8.899184919999999499e-01 2.390416919999999723e-01 1.799396719999999950e-01 2.516185340000000048e-01 1.352867759999999975e-01 2.167430920000000261e-01 1.368081539999999874e-01 9.946334159999998814e-01 9.705512600000000267e-01 9.959780420000001744e-01 9.662541119999999983e-01 0.000000000000000000e+00 9.793854400000000515e-01 2.493414559999999613e-01 2.512002139999999772e-01
7.972398799999999564e-02 9.114429200000000175e-02 2.953918380000000177e-01 2.557981520000000009e-01 7.837796799999999231e-02 9.035195800000000999e-02 9.123822440000000089e-01 8.812002180000000351e-01 2.451093580000000272e-01 1.841329660000000090e-01 2.581734020000000518e-01 1.349401779999999940e-01 2.273461120000000446e-01 1.810640380000000105e-01 9.796517900000001333e-01 9.949351060000000135e-01 9.684665499999999261e-01 9.886604679999999590e-01 9.793854400000000515e-01 0.000000000000000000e+00 2.640881080000000436e-01 2.428486540000000249e-01
2.473256479999999813e-01 2.353204220000000291e-01 8.161374999999999602e-01 7.167814659999999227e-01 2.372526899999999883e-01 2.588284760000000295e-01 4.081690359999999851e-01 3.767018779999999345e-01 8.754384640000001383e-01 8.314819260000000378e-01 8.666783880000000773e-01 7.244261100000000120e-01 8.617022060000000261e-01 4.352577400000000596e-01 2.632407179999999847e-01 2.599937640000000161e-01 2.756055199999999927e-01 2.900426159999999753e-01 2.493414559999999613e-01 2.640881080000000436e-01 0.000000000000000000e+00 5.581702180000001068e-01
3.722614919999999716e-01 3.385297099999999837e-01 5.197756379999999288e-01 6.319265800000000155e-01 3.491745119999999925e-01 3.251687600000000011e-01 3.702412259999999788e-01 3.721129959999999737e-01 5.541750999999999205e-01 6.192925460000000548e-01 5.369315779999999094e-01 5.802083820000001335e-01 5.080334360000000604e-01 4.185497779999999279e-01 2.471951859999999834e-01 2.285767519999999942e-01 2.747872860000000195e-01 2.847766399999999698e-01 2.512002139999999772e-01 2.428486540000000249e-01 5.581702180000001068e-01 0.000000000000000000e+00
