0.000000000000000000e+00 4.885243819999999237e-01 1.708363800000000099e-01 3.572223660000000134e-01 5.295750919999999695e-01 7.485201739999999271e-01 2.415819879999999975e-01 2.858728660000000033e-01 3.556968879999999888e-01 2.443300260000000057e-01 3.001026299999999258e-01 2.288633880000000009e-01 3.843661199999999778e-01 2.462507320000000277e-01 2.510082479999999894e-01 2.811934280000000230e-01 2.772648420000000113e-01 2.710437800000000119e-01 2.334669920000000121e-01 3.257394740000000288e-01 2.421081360000000016e-01 2.755694260000000062e-01
4.885243819999999237e-01 0.000000000000000000e+00 2.073966640000000083e-01 3.115206099999999756e-01 5.696930359999999860e-01 4.763092979999999921e-01 2.120484340000000079e-01 1.754513199999999939e-01 3.690371680000000265e-01 1.842863920000000211e-01 3.044558739999999597e-01 2.475087220000000143e-01 3.160729780000000044e-01 2.061384379999999794e-01 2.240440040000000188e-01 2.666114159999999900e-01 2.376642120000000136e-01 2.107066039999999918e-01 3.003445040000000121e-01 2.486191820000000219e-01 3.296245699999999501e-01 2.383512519999999579e-01
1.708363800000000099e-01 2.073966640000000083e-01 0.000000000000000000e+00 3.152155279999999671e-01 1.875015400000000221e-01 1.755613179999999940e-01 3.372415199999999613e-01 2.246862860000000128e-01 4.048936300000000044e-01 3.360129980000000072e-01 3.537421000000000038e-01 2.974541560000000251e-01 3.168761920000000010e-01 3.112440999999999680e-01 1.946804619999999986e-01 2.815057140000000180e-01 2.513977159999999933e-01 2.157848379999999788e-01 1.935152099999999931e-01 3.264431560000000121e-01 2.668818780000000723e-01 3.324191020000000218e-01
3.572223660000000134e-01 3.115206099999999756e-01 3.152155279999999671e-01 0.000000000000000000e+00 3.497790459999999824e-01 2.851000459999999959e-01 3.124902379999999757e-01 2.675501359999999940e-01 2.334503400000000062e-01 3.257533260000000097e-01 3.131973359999999929e-01 3.400990779999999991e-01 2.872963000000000600e-01 3.272231479999999637e-01 3.727413920000000047e-01 2.375325839999999911e-01 2.939392140000000042e-01 2.392106999999999706e-01 3.147130719999999826e-01 3.746948179999999851e-01 2.070576660000000013e-01 2.781411759999999900e-01
5.295750919999999695e-01 5.696930359999999860e-01 1.875015400000000221e-01 3.497790459999999824e-01 0.000000000000000000e+00 4.760841919999999616e-01 2.115703059999999858e-01 2.880674699999999921e-01 3.217946979999999901e-01 2.043555619999999906e-01 2.945845579999999964e-01 1.946942679999999759e-01 2.442795679999999747e-01 2.196767500000000040e-01 3.714696239999999983e-01 3.439673300000000156e-01 1.529451519999999731e-01 2.791649340000000312e-01 2.047665460000000215e-01 2.930797680000000183e-01 2.739764079999999491e-01 1.714726719999999927e-01
7.485201739999999271e-01 4.763092979999999921e-01 1.755613179999999940e-01 2.851000459999999959e-01 4.760841919999999616e-01 0.000000000000000000e+00 2.561528040000000117e-01 1.943523919999999849e-01 3.177613360000000053e-01 2.094910959999999878e-01 2.515190539999999642e-01 2.627685540000000430e-01 3.154106140000000336e-01 2.070995299999999761e-01 3.295686019999999883e-01 2.704084199999999827e-01 3.663842059999999901e-01 2.442240399999999756e-01 2.931926719999999875e-01 3.444132020000000294e-01 1.901528640000000048e-01 2.854302999999999702e-01
2.415819879999999975e-01 2.120484340000000079e-01 3.372415199999999613e-01 3.124902379999999757e-01 2.115703059999999858e-01 2.561528040000000117e-01 0.000000000000000000e+00 4.311695819999999957e-01 4.010033739999999125e-01 4.331831059999999844e-01 4.145671439999999985e-01 3.049325499999999689e-01 3.587723559999999590e-01 2.366645699999999908e-01 2.664125359999999776e-01 1.400021619999999856e-01 2.883673759999999531e-01 1.594516599999999673e-01 2.404287179999999857e-01 2.753831339999999739e-01 4.109505119999999900e-01 3.948467660000000157e-01
2.858728660000000033e-01 1.754513199999999939e-01 2.246862860000000128e-01 2.675501359999999940e-01 2.880674699999999921e-01 1.943523919999999849e-01 4.311695819999999957e-01 0.000000000000000000e+00 2.622028040000000670e-01 3.475404679999999913e-01 3.404817180000000443e-01 3.805176860000000216e-01 2.201833059999999676e-01 2.140931500000000098e-01 2.412341479999999816e-01 2.563950620000000069e-01 1.507560039999999990e-01 2.152334699999999823e-01 1.637536279999999844e-01 3.178152320000000031e-01 2.383189499999999739e-01 1.892998000000000181e-01
3.556968879999999888e-01 3.690371680000000265e-01 4.048936300000000044e-01 2.334503400000000062e-01 3.217946979999999901e-01 3.177613360000000053e-01 4.010033739999999125e-01 2.622028040000000670e-01 0.000000000000000000e+00 3.773848400000000547e-01 5.566676899999999373e-01 4.450348839999999084e-01 4.887032219999999927e-01 3.076942679999999930e-01 2.118286259999999643e-01 2.747735139999999965e-01 1.717607660000000092e-01 2.016598100000000504e-01 2.398041099999999870e-01 2.300825080000000189e-01 3.841906480000000235e-01 3.580124419999999863e-01
2.443300260000000057e-01 1.842863920000000211e-01 3.360129980000000072e-01 3.257533260000000097e-01 2.043555619999999906e-01 2.094910959999999878e-01 4.331831059999999844e-01 3.475404679999999913e-01 3.773848400000000547e-01 0.000000000000000000e+00 4.479686999999999975e-01 6.581615720000000280e-01 3.081289420000000168e-01 5.483706159999999219e-01 2.341953399999999463e-01 1.774846099999999871e-01 2.550663160000000151e-01 2.193165119999999635e-01 2.414948859999999919e-01 2.221180040000000078e-01 3.506369480000000594e-01 3.459341759999999821e-01
3.001026299999999258e-01 3.044558739999999597e-01 3.537421000000000038e-01 3.131973359999999929e-01 2.945845579999999964e-01 2.515190539999999642e-01 4.145671439999999985e-01 3.404817180000000443e-01 5.566676899999999373e-01 4.479686999999999975e-01 0.000000000000000000e+00 3.879753360000000040e-01 5.535751700000000053e-01 3.413984700000000094e-01 3.133689480000000360e-01 1.662016800000000183e-01 3.003861879999999984e-01 1.107596660000000066e-01 2.244848839999999957e-01 2.487197580000000130e-01 4.098573759999999955e-01 2.476369479999999679e-01
2.288633880000000009e-01 2.475087220000000143e-01 2.974541560000000251e-01 3.400990779999999991e-01 1.946942679999999759e-01 2.627685540000000430e-01 3.049325499999999689e-01 3.805176860000000216e-01 4.450348839999999084e-01 6.581615720000000280e-01 3.879753360000000040e-01 0.000000000000000000e+00 2.453701679999999996e-01 6.180788099999999785e-01 2.773792840000000592e-01 3.160728720000000602e-01 2.230204580000000048e-01 2.197656579999999749e-01 2.275723919999999845e-01 2.416150659999999895e-01 2.220140439999999660e-01 3.435394920000000019e-01
3.843661199999999778e-01 3.160729780000000044e-01 3.168761920000000010e-01 2.872963000000000600e-01 2.442795679999999747e-01 3.154106140000000336e-01 3.587723559999999590e-01 2.201833059999999676e-01 4.887032219999999927e-01 3.081289420000000168e-01 5.535751700000000053e-01 2.453701679999999996e-01 0.000000000000000000e+00 2.132091079999999805e-01 2.059864699999999771e-01 2.742734119999999942e-01 2.184293820000000053e-01 3.158504219999999640e-01 2.835073499999999913e-01 2.167956080000000285e-01 3.861630500000000632e-01 2.980719560000000268e-01
2.462507320000000277e-01 2.061384379999999794e-01 3.112440999999999680e-01 3.272231479999999637e-01 2.196767500000000040e-01 2.070995299999999761e-01 2.366645699999999908e-01 2.140931500000000098e-01 3.076942679999999930e-01 5.483706159999999219e-01 3.413984700000000094e-01 6.180788099999999785e-01 2.132091079999999805e-01 0.000000000000000000e+00 2.570639160000000034e-01 2.851652939999999581e-01 2.971831380000000133e-01 2.224570720000000057e-01 4.108341860000000456e-01 2.501901100000000211e-01 2.873111500000000151e-01 2.530269739999999601e-01
2.510082479999999894e-01 2.240440040000000188e-01 1.946804619999999986e-01 3.727413920000000047e-01 3.714696239999999983e-01 3.295686019999999883e-01 2.664125359999999776e-01 2.412341479999999816e-01 2.118286259999999643e-01 2.341953399999999463e-01 3.133689480000000360e-01 2.773792840000000592e-01 2.059864699999999771e-01 2.570639160000000034e-01 0.000000000000000000e+00 2.624332820000000455e-01 4.240318679999999785e-01 2.456927640000000079e-01 5.185978839999999535e-01 4.098714100000000471e-01 2.867791940000000150e-01 3.083384500000000417e-01
2.811934280000000230e-01 2.666114159999999900e-01 2.815057140000000180e-01 2.375325839999999911e-01 3.439673300000000156e-01 2.704084199999999827e-01 1.400021619999999856e-01 2.563950620000000069e-01 2.747735139999999965e-01 1.774846099999999871e-01 1.662016800000000183e-01 3.160728720000000602e-01 2.742734119999999942e-01 2.851652939999999581e-01 2.624332820000000455e-01 0.000000000000000000e+00 2.267674219999999963e-01 4.863400240000000929e-01 2.337057080000000120e-01 6.254840680000000042e-01 1.790952240000000251e-01 3.492720559999999419e-01
2.772648420000000113e-01 2.376642120000000136e-01 2.513977159999999933e-01 2.939392140000000042e-01 1.529451519999999731e-01 3.663842059999999901e-01 2.883673759999999531e-01 1.507560039999999990e-01 1.717607660000000092e-01 2.550663160000000151e-01 3.003861879999999984e-01 2.230204580000000048e-01 2.184293820000000053e-01 2.971831380000000133e-01 4.240318679999999785e-01 2.267674219999999963e-01 0.000000000000000000e+00 2.911717059999999746e-01 5.629327519999998142e-01 2.941597380000000039e-01 3.042386360000000067e-01 3.020383560000000078e-01
2.710437800000000119e-01 2.107066039999999918e-01 2.157848379999999788e-01 2.392106999999999706e-01 2.791649340000000312e-01 2.442240399999999756e-01 1.594516599999999673e-01 2.152334699999999823e-01 2.016598100000000504e-01 2.193165119999999635e-01 1.107596660000000066e-01 2.197656579999999749e-01 3.158504219999999640e-01 2.224570720000000057e-01 2.456927640000000079e-01 4.863400240000000929e-01 2.911717059999999746e-01 0.000000000000000000e+00 2.964002940000000086e-01 3.105615320000000290e-01 2.082608739999999847e-01 3.379048199999999946e-01
2.334669920000000121e-01 3.003445040000000121e-01 1.935152099999999931e-01 3.147130719999999826e-01 2.047665460000000215e-01 2.931926719999999875e-01 2.404287179999999857e-01 1.637536279999999844e-01 2.398041099999999870e-01 2.414948859999999919e-01 2.244848839999999957e-01 2.275723919999999845e-01 2.835073499999999913e-01 4.108341860000000456e-01 5.185978839999999535e-01 2.337057080000000120e-01 5.629327519999998142e-01 2.964002940000000086e-01 0.000000000000000000e+00 2.719239099999999909e-01 2.045005919999999811e-01 1.851477959999999756e-01
3.257394740000000288e-01 2.486191820000000219e-01 3.264431560000000121e-01 3.746948179999999851e-01 2.930797680000000183e-01 3.444132020000000294e-01 2.753831339999999739e-01 3.178152320000000031e-01 2.300825080000000189e-01 2.221180040000000078e-01 2.487197580000000130e-01 2.416150659999999895e-01 2.167956080000000285e-01 2.501901100000000211e-01 4.098714100000000471e-01 6.254840680000000042e-01 2.941597380000000039e-01 3.105615320000000290e-01 2.719239099999999909e-01 0.000000000000000000e+00 2.519931940000000314e-01 4.576232499999999814e-01
2.421081360000000016e-01 3.296245699999999501e-01 2.668818780000000723e-01 2.070576660000000013e-01 2.739764079999999491e-01 1.901528640000000048e-01 4.109505119999999900e-01 2.383189499999999739e-01 3.841906480000000235e-01 3.506369480000000594e-01 4.098573759999999955e-01 2.220140439999999660e-01 3.861630500000000632e-01 2.873111500000000151e-01 2.867791940000000150e-01 1.790952240000000251e-01 3.042386360000000067e-01 2.082608739999999847e-01 2.045005919999999811e-01 2.519931940000000314e-01 0.000000000000000000e+00 4.668336599999999836e-01
2.755694260000000062e-01 2.383512519999999579e-01 3.324191020000000218e-01 2.781411759999999900e-01 1.714726719999999927e-01 2.854302999999999702e-01 3.948467660000000157e-01 1.892998000000000181e-01 3.580124419999999863e-01 3.459341759999999821e-01 2.476369479999999679e-01 3.435394920000000019e-01 2.980719560000000268e-01 2.530269739999999601e-01 3.083384500000000417e-01 3.492720559999999419e-01 3.020383560000000078e-01 3.379048199999999946e-01 1.851477959999999756e-01 4.576232499999999814e-01 4.668336599999999836e-01 0.000000000000000000e+00
