0.000000000000000000e+00 2.499516719999999859e-01 3.167128179999999515e-01 3.650115059999999856e-01 1.814794799999999986e-01 8.317477639999999450e-01 2.849177479999999707e-01 2.245392260000000084e-01 3.055325020000000391e-01 2.323587879999999828e-01 2.736254559999999891e-01 2.476331399999999738e-01 2.363146120000000072e-01 2.650998779999999555e-01 2.030969460000000004e-01 2.484012599999999849e-01 3.385088519999999712e-01 2.221418920000000075e-01 3.340382700000000260e-01 3.192079239999999762e-01 2.389819179999999876e-01 3.053730419999999834e-01
2.499516719999999859e-01 0.000000000000000000e+00 2.761321259999999778e-01 2.405137999999999998e-01 6.707919520000000801e-01 2.825379460000000398e-01 1.967756280000000080e-01 2.437088880000000124e-01 1.706649799999999939e-01 2.958327160000000511e-01 2.423233360000000280e-01 1.244127760000000027e-01 2.561776459999999811e-01 2.821149720000000194e-01 3.369459679999999846e-01 2.309110400000000118e-01 3.163976680000000208e-01 2.792351100000000086e-01 2.927883820000000137e-01 2.614675279999999491e-01 2.892878500000000130e-01 2.447040080000000284e-01
3.167128179999999515e-01 2.761321259999999778e-01 0.000000000000000000e+00 2.420757200000000220e-01 2.911598719999999862e-01 3.405878999999999990e-01 5.657924820000000965e-01 2.299664739999999763e-01 2.336002100000000026e-01 6.022582799999999237e-01 8.759140439999999472e-01 2.388695980000000163e-01 8.443687040000000810e-01 2.102047479999999968e-01 3.202405600000000074e-01 3.088987140000000187e-01 2.747959560000000079e-01 2.298889100000000296e-01 2.650091819999999543e-01 3.153480100000000119e-01 8.166913780000000234e-01 5.484533499999999506e-01
3.650115059999999856e-01 2.405137999999999998e-01 2.420757200000000220e-01 0.000000000000000000e+00 2.979028440000000000e-01 2.716334720000000424e-01 2.226501479999999922e-01 6.106263640000000326e-01 4.757216140000000704e-01 2.568882020000000099e-01 2.238526060000000373e-01 6.928795259999999123e-01 2.378893099999999927e-01 4.938916080000000375e-01 2.116740159999999926e-01 2.271026019999999868e-01 1.472993120000000156e-01 2.601297839999999750e-01 1.578865680000000049e-01 1.640975719999999971e-01 2.945664199999999400e-01 5.081595660000000070e-01
1.814794799999999986e-01 6.707919520000000801e-01 2.911598719999999862e-01 2.979028440000000000e-01 0.000000000000000000e+00 1.865763260000000145e-01 1.886815399999999809e-01 3.191040299999999830e-01 1.944963319999999940e-01 3.057692259999999496e-01 2.537086020000000053e-01 2.242164779999999413e-01 2.657872620000000241e-01 3.080253599999999703e-01 3.271595139999999846e-01 2.209809479999999549e-01 2.603248479999999976e-01 3.201922280000000232e-01 2.064222800000000135e-01 2.556696280000000376e-01 2.903307659999999624e-01 2.119388620000000056e-01
8.317477639999999450e-01 2.825379460000000398e-01 3.405878999999999990e-01 2.716334720000000424e-01 1.865763260000000145e-01 0.000000000000000000e+00 2.924787620000000032e-01 1.650212759999999945e-01 2.608341740000000297e-01 2.395775859999999535e-01 3.043328660000000352e-01 1.963687620000000023e-01 2.754984879999999858e-01 2.192703739999999901e-01 2.250214420000000159e-01 2.350764120000000124e-01 2.849759800000000176e-01 1.848374160000000044e-01 3.399804879999999696e-01 2.739726719999999727e-01 2.650695639999999798e-01 3.085146699999999909e-01
2.849177479999999707e-01 1.967756280000000080e-01 5.657924820000000965e-01 2.226501479999999922e-01 1.886815399999999809e-01 2.924787620000000032e-01 0.000000000000000000e+00 2.352443280000000025e-01 2.536477360000000125e-01 5.194439080000000653e-01 5.536177639999999567e-01 2.262202020000000091e-01 5.537431859999999428e-01 2.506197799999999587e-01 4.619249899999999798e-01 3.073368980000000250e-01 3.453232339999999789e-01 2.739545300000000294e-01 4.144506040000000557e-01 4.395298699999999892e-01 5.619890339999999984e-01 3.907264540000000008e-01
2.245392260000000084e-01 2.437088880000000124e-01 2.299664739999999763e-01 6.106263640000000326e-01 3.191040299999999830e-01 1.650212759999999945e-01 2.352443280000000025e-01 0.000000000000000000e+00 3.993422759999999960e-01 2.848471539999999913e-01 2.292217200000000177e-01 5.650273919999999617e-01 1.954907359999999983e-01 4.399747619999999637e-01 2.026586539999999936e-01 2.133960960000000073e-01 2.090393180000000017e-01 2.585019379999999867e-01 1.592619540000000111e-01 2.666191199999999872e-01 2.816878680000000079e-01 5.418251079999999442e-01
3.055325020000000391e-01 1.706649799999999939e-01 2.336002100000000026e-01 4.757216140000000704e-01 1.944963319999999940e-01 2.608341740000000297e-01 2.536477360000000125e-01 3.993422759999999960e-01 0.000000000000000000e+00 1.548252039999999941e-01 2.569465819999999789e-01 4.634457939999999665e-01 2.398715619999999826e-01 4.844599240000000973e-01 2.944139879999999598e-01 3.476691639999999750e-01 1.808977480000000249e-01 2.780767820000000223e-01 2.755391019999999802e-01 2.590093479999999726e-01 2.818230200000000352e-01 5.041188639999999443e-01
2.323587879999999828e-01 2.958327160000000511e-01 6.022582799999999237e-01 2.568882020000000099e-01 3.057692259999999496e-01 2.395775859999999535e-01 5.194439080000000653e-01 2.848471539999999913e-01 1.548252039999999941e-01 0.000000000000000000e+00 6.287581319999999696e-01 2.370903779999999905e-01 6.836643900000000107e-01 2.817339040000000350e-01 2.571860080000000215e-01 1.462165260000000133e-01 2.484028279999999922e-01 2.562184080000000086e-01 2.514577759999999662e-01 3.520168039999999610e-01 6.830040480000000302e-01 4.023806900000000408e-01
2.736254559999999891e-01 2.423233360000000280e-01 8.759140439999999472e-01 2.238526060000000373e-01 2.537086020000000053e-01 3.043328660000000352e-01 5.536177639999999567e-01 2.292217200000000177e-01 2.569465819999999789e-01 6.287581319999999696e-01 0.000000000000000000e+00 2.133114240000000272e-01 8.852039700000000622e-01 2.232673479999999766e-01 2.900433880000000131e-01 2.722630580000000022e-01 2.477494600000000047e-01 2.586328940000000021e-01 2.955552240000000053e-01 3.474815019999999977e-01 8.333209320000000142e-01 5.053946799999999850e-01
2.476331399999999738e-01 1.244127760000000027e-01 2.388695980000000163e-01 6.928795259999999123e-01 2.242164779999999413e-01 1.963687620000000023e-01 2.262202020000000091e-01 5.650273919999999617e-01 4.634457939999999665e-01 2.370903779999999905e-01 2.133114240000000272e-01 0.000000000000000000e+00 1.938701280000000027e-01 4.685810660000000460e-01 1.981418659999999998e-01 3.186932459999999856e-01 1.767689199999999961e-01 2.433999320000000410e-01 2.172248600000000196e-01 1.529240920000000115e-01 2.234913879999999575e-01 4.912901259999999937e-01
2.363146120000000072e-01 2.561776459999999811e-01 8.443687040000000810e-01 2.378893099999999927e-01 2.657872620000000241e-01 2.754984879999999858e-01 5.537431859999999428e-01 1.954907359999999983e-01 2.398715619999999826e-01 6.836643900000000107e-01 8.852039700000000622e-01 1.938701280000000027e-01 0.000000000000000000e+00 2.313500759999999601e-01 2.942204920000000001e-01 2.522112240000000116e-01 2.390356600000000387e-01 2.245293319999999981e-01 2.940151439999999505e-01 3.250620780000000321e-01 8.650262619999999902e-01 4.861320439999999299e-01
2.650998779999999555e-01 2.821149720000000194e-01 2.102047479999999968e-01 4.938916080000000375e-01 3.080253599999999703e-01 2.192703739999999901e-01 2.506197799999999587e-01 4.399747619999999637e-01 4.844599240000000973e-01 2.817339040000000350e-01 2.232673479999999766e-01 4.685810660000000460e-01 2.313500759999999601e-01 0.000000000000000000e+00 2.346582000000000112e-01 3.061735959999999923e-01 2.500300240000000174e-01 3.651080299999999723e-01 3.662756440000000113e-01 2.463931520000000042e-01 3.012403559999999869e-01 3.822136320000000254e-01
2.030969460000000004e-01 3.369459679999999846e-01 3.202405600000000074e-01 2.116740159999999926e-01 3.271595139999999846e-01 2.250214420000000159e-01 4.619249899999999798e-01 2.026586539999999936e-01 2.944139879999999598e-01 2.571860080000000215e-01 2.900433880000000131e-01 1.981418659999999998e-01 2.942204920000000001e-01 2.346582000000000112e-01 0.000000000000000000e+00 4.033726779999999290e-01 4.085948180000000818e-01 4.226882439999999908e-01 4.091084140000000313e-01 5.681625439999999916e-01 3.113152879999999678e-01 3.379318220000000483e-01
2.484012599999999849e-01 2.309110400000000118e-01 3.088987140000000187e-01 2.271026019999999868e-01 2.209809479999999549e-01 2.350764120000000124e-01 3.073368980000000250e-01 2.133960960000000073e-01 3.476691639999999750e-01 1.462165260000000133e-01 2.722630580000000022e-01 3.186932459999999856e-01 2.522112240000000116e-01 3.061735959999999923e-01 4.033726779999999290e-01 0.000000000000000000e+00 3.235842999999999914e-01 4.723171840000000010e-01 4.893582699999999841e-01 4.302612140000000585e-01 2.109907759999999910e-01 2.857926319999999909e-01
3.385088519999999712e-01 3.163976680000000208e-01 2.747959560000000079e-01 1.472993120000000156e-01 2.603248479999999976e-01 2.849759800000000176e-01 3.453232339999999789e-01 2.090393180000000017e-01 1.808977480000000249e-01 2.484028279999999922e-01 2.477494600000000047e-01 1.767689199999999961e-01 2.390356600000000387e-01 2.500300240000000174e-01 4.085948180000000818e-01 3.235842999999999914e-01 0.000000000000000000e+00 2.952948219999999568e-01 8.073593020000000564e-01 2.719052320000000522e-01 3.062369679999999983e-01 2.475056739999999811e-01
2.221418920000000075e-01 2.792351100000000086e-01 2.298889100000000296e-01 2.601297839999999750e-01 3.201922280000000232e-01 1.848374160000000044e-01 2.739545300000000294e-01 2.585019379999999867e-01 2.780767820000000223e-01 2.562184080000000086e-01 2.586328940000000021e-01 2.433999320000000410e-01 2.245293319999999981e-01 3.651080299999999723e-01 4.226882439999999908e-01 4.723171840000000010e-01 2.952948219999999568e-01 0.000000000000000000e+00 3.948028940000000153e-01 7.259923959999999843e-01 2.850381659999999817e-01 2.630335699999999943e-01
3.340382700000000260e-01 2.927883820000000137e-01 2.650091819999999543e-01 1.578865680000000049e-01 2.064222800000000135e-01 3.399804879999999696e-01 4.144506040000000557e-01 1.592619540000000111e-01 2.755391019999999802e-01 2.514577759999999662e-01 2.955552240000000053e-01 2.172248600000000196e-01 2.940151439999999505e-01 3.662756440000000113e-01 4.091084140000000313e-01 4.893582699999999841e-01 8.073593020000000564e-01 3.948028940000000153e-01 0.000000000000000000e+00 3.560363139999999649e-01 3.666305180000000163e-01 2.550748840000000017e-01
3.192079239999999762e-01 2.614675279999999491e-01 3.153480100000000119e-01 1.640975719999999971e-01 2.556696280000000376e-01 2.739726719999999727e-01 4.395298699999999892e-01 2.666191199999999872e-01 2.590093479999999726e-01 3.520168039999999610e-01 3.474815019999999977e-01 1.529240920000000115e-01 3.250620780000000321e-01 2.463931520000000042e-01 5.681625439999999916e-01 4.302612140000000585e-01 2.719052320000000522e-01 7.259923959999999843e-01 3.560363139999999649e-01 0.000000000000000000e+00 3.591596899999999759e-01 2.268474099999999716e-01
2.389819179999999876e-01 2.892878500000000130e-01 8.166913780000000234e-01 2.945664199999999400e-01 2.903307659999999624e-01 2.650695639999999798e-01 5.619890339999999984e-01 2.816878680000000079e-01 2.818230200000000352e-01 6.830040480000000302e-01 8.333209320000000142e-01 2.234913879999999575e-01 8.650262619999999902e-01 3.012403559999999869e-01 3.113152879999999678e-01 2.109907759999999910e-01 3.062369679999999983e-01 2.850381659999999817e-01 3.666305180000000163e-01 3.591596899999999759e-01 0.000000000000000000e+00 5.814025019999998767e-01
3.053730419999999834e-01 2.447040080000000284e-01 5.484533499999999506e-01 5.081595660000000070e-01 2.119388620000000056e-01 3.085146699999999909e-01 3.907264540000000008e-01 5.418251079999999442e-01 5.041188639999999443e-01 4.023806900000000408e-01 5.053946799999999850e-01 4.912901259999999937e-01 4.861320439999999299e-01 3.822136320000000254e-01 3.379318220000000483e-01 2.857926319999999909e-01 2.475056739999999811e-01 2.630335699999999943e-01 2.550748840000000017e-01 2.268474099999999716e-01 5.814025019999998767e-01 0.000000000000000000e+00
