0.000000000000000000e+00 7.195811320000000677e-01 5.335483899999999835e-01 5.858102040000000565e-01 7.495074299999998635e-01 9.113079660000000803e-01 1.188024080000000121e-01 1.560350980000000110e-01 2.233489019999999881e-01 2.042689460000000068e-01 2.051573620000000098e-01 1.668713420000000058e-01 2.165986339999999843e-01 1.751921579999999867e-01 9.614886400000000055e-02 1.188474699999999828e-01 8.485697000000000378e-02 1.252895599999999943e-01 7.986186199999999180e-02 1.049607500000000054e-01 2.355477780000000132e-01 2.086847640000000226e-01
7.195811320000000677e-01 0.000000000000000000e+00 5.934785380000000554e-01 5.227202079999999640e-01 8.793014259999999416e-01 6.997032900000000888e-01 1.425890860000000038e-01 1.286591340000000083e-01 2.362500980000000195e-01 1.973123000000000238e-01 2.045303940000000043e-01 1.818155459999999946e-01 2.280196140000000093e-01 1.824294919999999987e-01 1.077892960000000067e-01 1.016131280000000248e-01 9.693764600000000231e-02 1.295322019999999852e-01 6.370141799999999577e-02 1.321742119999999854e-01 2.430568399999999407e-01 2.233227020000000118e-01
5.335483899999999835e-01 5.934785380000000554e-01 0.000000000000000000e+00 6.224754380000000475e-01 5.863316680000000281e-01 5.364373980000000097e-01 4.157303900000000607e-01 3.232447760000000114e-01 5.787352259999999360e-01 4.730378359999999338e-01 6.528037599999999552e-01 3.542184820000000012e-01 6.405072299999999830e-01 3.162067379999999872e-01 2.165269280000000074e-01 1.611758299999999922e-01 1.200838540000000176e-01 1.092699800000000165e-01 1.168929039999999919e-01 2.088119920000000018e-01 6.402471199999999474e-01 5.638731839999999718e-01
5.858102040000000565e-01 5.227202079999999640e-01 6.224754380000000475e-01 0.000000000000000000e+00 5.076315379999999378e-01 5.839316400000000851e-01 2.944035340000000223e-01 5.193919140000000656e-01 5.592401160000000093e-01 6.238654439999999912e-01 4.307815999999999867e-01 6.333769379999999449e-01 4.334410639999999870e-01 5.980352200000000895e-01 1.064770399999999950e-01 2.484721159999999929e-01 1.193378899999999881e-01 1.346728079999999772e-01 1.407423059999999837e-01 2.563797440000000205e-01 5.093671280000000579e-01 6.084971359999998830e-01
7.495074299999998635e-01 8.793014259999999416e-01 5.863316680000000281e-01 5.076315379999999378e-01 0.000000000000000000e+00 7.329170339999999673e-01 1.410439440000000044e-01 1.144353879999999990e-01 2.126703959999999838e-01 1.662204680000000101e-01 2.010172719999999968e-01 1.458628379999999947e-01 2.178426319999999805e-01 1.585657840000000152e-01 1.189326299999999836e-01 9.345738200000000551e-02 9.633144199999998936e-02 1.309650579999999953e-01 7.237732800000000466e-02 1.225286860000000255e-01 2.292791760000000012e-01 2.009440040000000371e-01
9.113079660000000803e-01 6.997032900000000888e-01 5.364373980000000097e-01 5.839316400000000851e-01 7.329170339999999673e-01 0.000000000000000000e+00 1.302678600000000131e-01 1.370562339999999713e-01 2.107039379999999795e-01 2.020834660000000171e-01 1.890763059999999995e-01 1.749730119999999833e-01 2.075122040000000057e-01 1.762137159999999925e-01 1.038792079999999868e-01 1.303444039999999970e-01 1.028860660000000121e-01 1.340832160000000051e-01 8.417411599999999328e-02 1.101905399999999896e-01 2.281891060000000027e-01 2.093016940000000103e-01
1.188024080000000121e-01 1.425890860000000038e-01 4.157303900000000607e-01 2.944035340000000223e-01 1.410439440000000044e-01 1.302678600000000131e-01 0.000000000000000000e+00 5.032553639999999273e-01 5.150895620000000008e-01 4.006946880000000211e-01 4.707607480000000066e-01 3.461953340000000212e-01 4.449079500000000520e-01 2.824925440000000121e-01 5.949674640000000014e-01 3.467107460000000141e-01 2.172872079999999817e-01 1.587433280000000169e-01 2.314029599999999909e-01 4.347287940000000295e-01 4.295608040000000183e-01 4.569019440000000043e-01
1.560350980000000110e-01 1.286591340000000083e-01 3.232447760000000114e-01 5.193919140000000656e-01 1.144353879999999990e-01 1.370562339999999713e-01 5.032553639999999273e-01 0.000000000000000000e+00 5.330665219999999316e-01 5.925576020000000721e-01 3.834796820000000439e-01 6.188993139999999782e-01 3.542861919999999998e-01 5.402579339999999952e-01 1.533004299999999875e-01 5.453838180000000202e-01 2.031945320000000110e-01 1.940838699999999917e-01 3.079020259999999953e-01 3.656559179999999687e-01 4.385532920000000390e-01 6.103630220000000328e-01
2.233489019999999881e-01 2.362500980000000195e-01 5.787352259999999360e-01 5.592401160000000093e-01 2.126703959999999838e-01 2.107039379999999795e-01 5.150895620000000008e-01 5.330665219999999316e-01 0.000000000000000000e+00 5.647788759999999852e-01 6.280843860000000500e-01 5.396290759999999853e-01 6.708311559999999840e-01 4.737512859999999937e-01 2.188840179999999580e-01 2.133918380000000281e-01 1.246219699999999986e-01 9.218980599999999914e-02 1.440319780000000049e-01 2.733089400000000002e-01 6.742581019999999148e-01 7.009557159999999509e-01
2.042689460000000068e-01 1.973123000000000238e-01 4.730378359999999338e-01 6.238654439999999912e-01 1.662204680000000101e-01 2.020834660000000171e-01 4.006946880000000211e-01 5.925576020000000721e-01 5.647788759999999852e-01 0.000000000000000000e+00 5.329446599999999590e-01 6.520733619999999897e-01 4.968035920000000161e-01 7.496887959999998241e-01 1.100961419999999941e-01 3.115888859999999538e-01 1.413066560000000027e-01 1.194680800000000043e-01 1.874119399999999713e-01 2.524856179999999672e-01 5.992571840000000538e-01 6.643254400000000448e-01
2.051573620000000098e-01 2.045303940000000043e-01 6.528037599999999552e-01 4.307815999999999867e-01 2.010172719999999968e-01 1.890763059999999995e-01 4.707607480000000066e-01 3.834796820000000439e-01 6.280843860000000500e-01 5.329446599999999590e-01 0.000000000000000000e+00 3.739867740000000218e-01 8.007917579999999091e-01 3.344294360000000244e-01 1.447154719999999839e-01 1.533745659999999900e-01 1.207222320000000126e-01 1.100689419999999891e-01 1.578916800000000065e-01 2.123070499999999972e-01 7.585508479999999443e-01 6.253001859999999246e-01
1.668713420000000058e-01 1.818155459999999946e-01 3.542184820000000012e-01 6.333769379999999449e-01 1.458628379999999947e-01 1.749730119999999833e-01 3.461953340000000212e-01 6.188993139999999782e-01 5.396290759999999853e-01 6.520733619999999897e-01 3.739867740000000218e-01 0.000000000000000000e+00 3.571160720000000066e-01 6.678418120000000346e-01 1.347230600000000056e-01 2.841806759999999654e-01 1.144557479999999960e-01 1.279101500000000002e-01 1.610131959999999973e-01 2.629746340000000404e-01 4.399307979999999563e-01 6.330001159999999460e-01
2.165986339999999843e-01 2.280196140000000093e-01 6.405072299999999830e-01 4.334410639999999870e-01 2.178426319999999805e-01 2.075122040000000057e-01 4.449079500000000520e-01 3.542861919999999998e-01 6.708311559999999840e-01 4.968035920000000161e-01 8.007917579999999091e-01 3.571160720000000066e-01 0.000000000000000000e+00 3.181621039999999456e-01 1.504244220000000021e-01 1.246560900000000249e-01 1.130985439999999953e-01 9.207796999999999510e-02 1.453950519999999691e-01 1.710349560000000158e-01 7.448055780000000237e-01 5.783327700000000515e-01
1.751921579999999867e-01 1.824294919999999987e-01 3.162067379999999872e-01 5.980352200000000895e-01 1.585657840000000152e-01 1.762137159999999925e-01 2.824925440000000121e-01 5.402579339999999952e-01 4.737512859999999937e-01 7.496887959999998241e-01 3.344294360000000244e-01 6.678418120000000346e-01 3.181621039999999456e-01 0.000000000000000000e+00 1.024302599999999952e-01 2.622952020000000051e-01 1.183760780000000096e-01 1.032661519999999999e-01 1.624177019999999971e-01 2.059848240000000108e-01 3.997323360000000214e-01 5.494592220000000804e-01
9.614886400000000055e-02 1.077892960000000067e-01 2.165269280000000074e-01 1.064770399999999950e-01 1.189326299999999836e-01 1.038792079999999868e-01 5.949674640000000014e-01 1.533004299999999875e-01 2.188840179999999580e-01 1.100961419999999941e-01 1.447154719999999839e-01 1.347230600000000056e-01 1.504244220000000021e-01 1.024302599999999952e-01 0.000000000000000000e+00 1.906574360000000135e-01 1.512260360000000081e-01 2.170762999999999443e-01 1.278567060000000144e-01 2.753072799999999876e-01 1.297413439999999807e-01 1.357667399999999969e-01
1.188474699999999828e-01 1.016131280000000248e-01 1.611758299999999922e-01 2.484721159999999929e-01 9.345738200000000551e-02 1.303444039999999970e-01 3.467107460000000141e-01 5.453838180000000202e-01 2.133918380000000281e-01 3.115888859999999538e-01 1.533745659999999900e-01 2.841806759999999654e-01 1.246560900000000249e-01 2.622952020000000051e-01 1.906574360000000135e-01 0.000000000000000000e+00 1.036744359999999948e-01 1.539075719999999925e-01 1.622478080000000211e-01 2.602342960000000316e-01 1.703829719999999937e-01 2.417201179999999838e-01
8.485697000000000378e-02 9.693764600000000231e-02 1.200838540000000176e-01 1.193378899999999881e-01 9.633144199999998936e-02 1.028860660000000121e-01 2.172872079999999817e-01 2.031945320000000110e-01 1.246219699999999986e-01 1.413066560000000027e-01 1.207222320000000126e-01 1.144557479999999960e-01 1.130985439999999953e-01 1.183760780000000096e-01 1.512260360000000081e-01 1.036744359999999948e-01 0.000000000000000000e+00 1.722191379999999938e-01 8.966638079999998956e-01 2.414265079999999841e-01 1.276187340000000114e-01 1.181350600000000001e-01
1.252895599999999943e-01 1.295322019999999852e-01 1.092699800000000165e-01 1.346728079999999772e-01 1.309650579999999953e-01 1.340832160000000051e-01 1.587433280000000169e-01 1.940838699999999917e-01 9.218980599999999914e-02 1.194680800000000043e-01 1.100689419999999891e-01 1.279101500000000002e-01 9.207796999999999510e-02 1.032661519999999999e-01 2.170762999999999443e-01 1.539075719999999925e-01 1.722191379999999938e-01 0.000000000000000000e+00 1.906671740000000226e-01 6.840740419999999933e-01 7.054443000000000519e-02 1.044907580000000030e-01
7.986186199999999180e-02 6.370141799999999577e-02 1.168929039999999919e-01 1.407423059999999837e-01 7.237732800000000466e-02 8.417411599999999328e-02 2.314029599999999909e-01 3.079020259999999953e-01 1.440319780000000049e-01 1.874119399999999713e-01 1.578916800000000065e-01 1.610131959999999973e-01 1.453950519999999691e-01 1.624177019999999971e-01 1.278567060000000144e-01 1.622478080000000211e-01 8.966638079999998956e-01 1.906671740000000226e-01 0.000000000000000000e+00 2.593960140000000081e-01 1.498828819999999951e-01 1.630150260000000073e-01
1.049607500000000054e-01 1.321742119999999854e-01 2.088119920000000018e-01 2.563797440000000205e-01 1.225286860000000255e-01 1.101905399999999896e-01 4.347287940000000295e-01 3.656559179999999687e-01 2.733089400000000002e-01 2.524856179999999672e-01 2.123070499999999972e-01 2.629746340000000404e-01 1.710349560000000158e-01 2.059848240000000108e-01 2.753072799999999876e-01 2.602342960000000316e-01 2.414265079999999841e-01 6.840740419999999933e-01 2.593960140000000081e-01 0.000000000000000000e+00 1.729805019999999804e-01 2.764350360000000228e-01
2.355477780000000132e-01 2.430568399999999407e-01 6.402471199999999474e-01 5.093671280000000579e-01 2.292791760000000012e-01 2.281891060000000027e-01 4.295608040000000183e-01 4.385532920000000390e-01 6.742581019999999148e-01 5.992571840000000538e-01 7.585508479999999443e-01 4.399307979999999563e-01 7.448055780000000237e-01 3.997323360000000214e-01 1.297413439999999807e-01 1.703829719999999937e-01 1.276187340000000114e-01 7.054443000000000519e-02 1.498828819999999951e-01 1.729805019999999804e-01 0.000000000000000000e+00 7.314718040000000032e-01
2.086847640000000226e-01 2.233227020000000118e-01 5.638731839999999718e-01 6.084971359999998830e-01 2.009440040000000371e-01 2.093016940000000103e-01 4.569019440000000043e-01 6.103630220000000328e-01 7.009557159999999509e-01 6.643254400000000448e-01 6.253001859999999246e-01 6.330001159999999460e-01 5.783327700000000515e-01 5.494592220000000804e-01 1.357667399999999969e-01 2.417201179999999838e-01 1.181350600000000001e-01 1.044907580000000030e-01 1.630150260000000073e-01 2.764350360000000228e-01 7.314718040000000032e-01 0.000000000000000000e+00
