0.000000000000000000e+00 4.386555460000000073e-01 3.608842360000000249e-01 3.259067299999999778e-01 4.679545199999999849e-01 8.730049199999999621e-01 2.480953159999999824e-01 3.300644080000000313e-01 3.837669879999999756e-01 2.451581420000000233e-01 2.099673519999999960e-01 3.827426839999999997e-01 2.485417280000000173e-01 3.563310640000000307e-01 2.667897340000000006e-01 2.273850079999999996e-01 2.219712199999999969e-01 2.443251559999999878e-01 2.155111460000000145e-01 3.125277980000000233e-01 2.058430499999999996e-01 1.914845560000000002e-01
4.386555460000000073e-01 0.000000000000000000e+00 2.404670439999999909e-01 3.801084539999999845e-01 7.786395660000000607e-01 3.989287080000000207e-01 2.594278760000000017e-01 1.865568100000000173e-01 2.549380199999999874e-01 1.479410700000000078e-01 2.468501660000000375e-01 2.991320339999999911e-01 1.750516980000000056e-01 2.310725399999999929e-01 3.064463859999999595e-01 2.082379920000000106e-01 2.624885960000000185e-01 2.706530619999999443e-01 2.913541159999999963e-01 3.725367999999999458e-01 2.557458619999999905e-01 2.584322719999999629e-01
3.608842360000000249e-01 2.404670439999999909e-01 0.000000000000000000e+00 3.378280320000000003e-01 3.072345060000000183e-01 2.715106760000000063e-01 3.208053280000000007e-01 2.534757140000000186e-01 3.196301240000000154e-01 4.647113179999999844e-01 6.548819679999999810e-01 2.688131140000000197e-01 6.690096340000000197e-01 3.904703719999999545e-01 3.450167920000000166e-01 1.838639880000000060e-01 2.479660659999999850e-01 2.394195840000000464e-01 2.663970159999999865e-01 2.679171919999999707e-01 6.325840940000000412e-01 4.147737619999999903e-01
3.259067299999999778e-01 3.801084539999999845e-01 3.378280320000000003e-01 0.000000000000000000e+00 3.196536620000000051e-01 2.945912900000000056e-01 2.462171660000000151e-01 4.243269520000000350e-01 4.990051219999999677e-01 2.305452959999999829e-01 2.521679700000000190e-01 6.443614500000001133e-01 3.217661300000000391e-01 4.511398279999999650e-01 3.785100320000000518e-01 2.112793540000000303e-01 2.878725799999999890e-01 1.372131280000000175e-01 2.614159640000000007e-01 3.330058300000000027e-01 3.643587560000000058e-01 4.802577799999999675e-01
4.679545199999999849e-01 7.786395660000000607e-01 3.072345060000000183e-01 3.196536620000000051e-01 0.000000000000000000e+00 4.126438839999999608e-01 1.964300120000000149e-01 2.608023219999999753e-01 2.248737479999999844e-01 1.730917959999999645e-01 1.558248300000000253e-01 2.195079940000000396e-01 1.683349919999999889e-01 2.425979660000000260e-01 2.667281579999999930e-01 2.751310040000000123e-01 3.158400680000000293e-01 2.591025120000000070e-01 2.864400160000000195e-01 3.324245760000000272e-01 2.016379620000000039e-01 2.066389859999999690e-01
8.730049199999999621e-01 3.989287080000000207e-01 2.715106760000000063e-01 2.945912900000000056e-01 4.126438839999999608e-01 0.000000000000000000e+00 2.387375200000000086e-01 3.338031499999999929e-01 3.614534239999999676e-01 1.873055259999999722e-01 1.404334340000000236e-01 3.536040999999999768e-01 1.351826879999999953e-01 3.128493159999999884e-01 2.220675880000000380e-01 2.443031000000000508e-01 2.600389599999999857e-01 2.560567999999999733e-01 2.792327759999999603e-01 2.987048840000000038e-01 1.279264800000000091e-01 1.695933759999999901e-01
2.480953159999999824e-01 2.594278760000000017e-01 3.208053280000000007e-01 2.462171660000000151e-01 1.964300120000000149e-01 2.387375200000000086e-01 0.000000000000000000e+00 2.563782700000000192e-01 2.391016480000000277e-01 2.694872000000000378e-01 4.335901979999999822e-01 1.975808419999999788e-01 3.939291459999999523e-01 2.178353840000000208e-01 3.206489559999999850e-01 1.776849819999999913e-01 2.370468580000000269e-01 3.159133419999999859e-01 2.062013300000000160e-01 3.518802580000000013e-01 2.942282159999999869e-01 2.146791200000000011e-01
3.300644080000000313e-01 1.865568100000000173e-01 2.534757140000000186e-01 4.243269520000000350e-01 2.608023219999999753e-01 3.338031499999999929e-01 2.563782700000000192e-01 0.000000000000000000e+00 4.195130019999999682e-01 3.576555779999999740e-01 2.501638540000000188e-01 5.149779800000000574e-01 1.954746119999999920e-01 3.935262059999999340e-01 3.633673499999999779e-01 3.468707619999999991e-01 3.238481619999999950e-01 1.968170680000000394e-01 3.602986639999999907e-01 3.445639899999999867e-01 2.658252560000000098e-01 4.574509720000000113e-01
3.837669879999999756e-01 2.549380199999999874e-01 3.196301240000000154e-01 4.990051219999999677e-01 2.248737479999999844e-01 3.614534239999999676e-01 2.391016480000000277e-01 4.195130019999999682e-01 0.000000000000000000e+00 2.384673340000000030e-01 4.002008540000000503e-01 4.372808820000000374e-01 3.584572500000000050e-01 3.210754919999999624e-01 2.961569880000000099e-01 2.697074439999999629e-01 2.983008899999999852e-01 2.866202020000000461e-01 2.326749460000000214e-01 2.336788419999999977e-01 3.367792639999999116e-01 4.137295319999999554e-01
2.451581420000000233e-01 1.479410700000000078e-01 4.647113179999999844e-01 2.305452959999999829e-01 1.730917959999999645e-01 1.873055259999999722e-01 2.694872000000000378e-01 3.576555779999999740e-01 2.384673340000000030e-01 0.000000000000000000e+00 5.694587580000000093e-01 2.155092200000000291e-01 5.486235000000000417e-01 3.708774160000000153e-01 3.829238840000000477e-01 2.393567919999999849e-01 2.521235960000000054e-01 1.841791279999999975e-01 3.062448319999999669e-01 3.001486460000000744e-01 5.821503660000000302e-01 4.497300340000000562e-01
2.099673519999999960e-01 2.468501660000000375e-01 6.548819679999999810e-01 2.521679700000000190e-01 1.558248300000000253e-01 1.404334340000000236e-01 4.335901979999999822e-01 2.501638540000000188e-01 4.002008540000000503e-01 5.694587580000000093e-01 0.000000000000000000e+00 1.621863840000000168e-01 8.107174059999999738e-01 2.825738580000000111e-01 3.511124539999999628e-01 2.188273560000000284e-01 2.265618840000000189e-01 2.336033879999999952e-01 2.532226679999999841e-01 2.564626359999999661e-01 7.255382619999999338e-01 4.294388139999999465e-01
3.827426839999999997e-01 2.991320339999999911e-01 2.688131140000000197e-01 6.443614500000001133e-01 2.195079940000000396e-01 3.536040999999999768e-01 1.975808419999999788e-01 5.149779800000000574e-01 4.372808820000000374e-01 2.155092200000000291e-01 1.621863840000000168e-01 0.000000000000000000e+00 1.942375759999999951e-01 6.413570479999999296e-01 3.228557160000000148e-01 2.836604880000000439e-01 2.018492380000000419e-01 1.837500839999999802e-01 2.545625539999999409e-01 3.272446800000000655e-01 2.240458879999999708e-01 4.120197359999999698e-01
2.485417280000000173e-01 1.750516980000000056e-01 6.690096340000000197e-01 3.217661300000000391e-01 1.683349919999999889e-01 1.351826879999999953e-01 3.939291459999999523e-01 1.954746119999999920e-01 3.584572500000000050e-01 5.486235000000000417e-01 8.107174059999999738e-01 1.942375759999999951e-01 0.000000000000000000e+00 2.928652559999999627e-01 3.873054099999999611e-01 3.250217499999999982e-01 2.842346500000000331e-01 2.663570839999999662e-01 2.598231139999999662e-01 3.360357280000000335e-01 6.893166640000000234e-01 4.630734020000000228e-01
3.563310640000000307e-01 2.310725399999999929e-01 3.904703719999999545e-01 4.511398279999999650e-01 2.425979660000000260e-01 3.128493159999999884e-01 2.178353840000000208e-01 3.935262059999999340e-01 3.210754919999999624e-01 3.708774160000000153e-01 2.825738580000000111e-01 6.413570479999999296e-01 2.928652559999999627e-01 0.000000000000000000e+00 2.478346039999999861e-01 2.022083320000000184e-01 1.584566560000000013e-01 2.297434799999999999e-01 2.128868120000000363e-01 3.090261680000000455e-01 2.598801099999999975e-01 3.573681819999999787e-01
2.667897340000000006e-01 3.064463859999999595e-01 3.450167920000000166e-01 3.785100320000000518e-01 2.667281579999999930e-01 2.220675880000000380e-01 3.206489559999999850e-01 3.633673499999999779e-01 2.961569880000000099e-01 3.829238840000000477e-01 3.511124539999999628e-01 3.228557160000000148e-01 3.873054099999999611e-01 2.478346039999999861e-01 0.000000000000000000e+00 1.675419340000000035e-01 3.200210859999999546e-01 2.473217379999999854e-01 1.901647999999999950e-01 5.068331500000000656e-01 4.048888500000000223e-01 3.353522259999999755e-01
2.273850079999999996e-01 2.082379920000000106e-01 1.838639880000000060e-01 2.112793540000000303e-01 2.751310040000000123e-01 2.443031000000000508e-01 1.776849819999999913e-01 3.468707619999999991e-01 2.697074439999999629e-01 2.393567919999999849e-01 2.188273560000000284e-01 2.836604880000000439e-01 3.250217499999999982e-01 2.022083320000000184e-01 1.675419340000000035e-01 0.000000000000000000e+00 2.865206000000000142e-01 2.877013860000000034e-01 4.422470099999999960e-01 1.512818159999999856e-01 1.781558840000000143e-01 2.766935759999999966e-01
2.219712199999999969e-01 2.624885960000000185e-01 2.479660659999999850e-01 2.878725799999999890e-01 3.158400680000000293e-01 2.600389599999999857e-01 2.370468580000000269e-01 3.238481619999999950e-01 2.983008899999999852e-01 2.521235960000000054e-01 2.265618840000000189e-01 2.018492380000000419e-01 2.842346500000000331e-01 1.584566560000000013e-01 3.200210859999999546e-01 2.865206000000000142e-01 0.000000000000000000e+00 2.161893179999999914e-01 8.037325379999999964e-01 1.655670260000000060e-01 3.453464519999999705e-01 3.121936100000000103e-01
2.443251559999999878e-01 2.706530619999999443e-01 2.394195840000000464e-01 1.372131280000000175e-01 2.591025120000000070e-01 2.560567999999999733e-01 3.159133419999999859e-01 1.968170680000000394e-01 2.866202020000000461e-01 1.841791279999999975e-01 2.336033879999999952e-01 1.837500839999999802e-01 2.663570839999999662e-01 2.297434799999999999e-01 2.473217379999999854e-01 2.877013860000000034e-01 2.161893179999999914e-01 0.000000000000000000e+00 2.384591719999999970e-01 4.610756080000000812e-01 1.480051079999999963e-01 2.083076139999999743e-01
2.155111460000000145e-01 2.913541159999999963e-01 2.663970159999999865e-01 2.614159640000000007e-01 2.864400160000000195e-01 2.792327759999999603e-01 2.062013300000000160e-01 3.602986639999999907e-01 2.326749460000000214e-01 3.062448319999999669e-01 2.532226679999999841e-01 2.545625539999999409e-01 2.598231139999999662e-01 2.128868120000000363e-01 1.901647999999999950e-01 4.422470099999999960e-01 8.037325379999999964e-01 2.384591719999999970e-01 0.000000000000000000e+00 2.203103879999999959e-01 2.641694700000000173e-01 3.381993239999999679e-01
3.125277980000000233e-01 3.725367999999999458e-01 2.679171919999999707e-01 3.330058300000000027e-01 3.324245760000000272e-01 2.987048840000000038e-01 3.518802580000000013e-01 3.445639899999999867e-01 2.336788419999999977e-01 3.001486460000000744e-01 2.564626359999999661e-01 3.272446800000000655e-01 3.360357280000000335e-01 3.090261680000000455e-01 5.068331500000000656e-01 1.512818159999999856e-01 1.655670260000000060e-01 4.610756080000000812e-01 2.203103879999999959e-01 0.000000000000000000e+00 2.896346419999999977e-01 2.289022560000000261e-01
2.058430499999999996e-01 2.557458619999999905e-01 6.325840940000000412e-01 3.643587560000000058e-01 2.016379620000000039e-01 1.279264800000000091e-01 2.942282159999999869e-01 2.658252560000000098e-01 3.367792639999999116e-01 5.821503660000000302e-01 7.255382619999999338e-01 2.240458879999999708e-01 6.893166640000000234e-01 2.598801099999999975e-01 4.048888500000000223e-01 1.781558840000000143e-01 3.453464519999999705e-01 1.480051079999999963e-01 2.641694700000000173e-01 2.896346419999999977e-01 0.000000000000000000e+00 5.471298119999998821e-01
1.914845560000000002e-01 2.584322719999999629e-01 4.147737619999999903e-01 4.802577799999999675e-01 2.066389859999999690e-01 1.695933759999999901e-01 2.146791200000000011e-01 4.574509720000000113e-01 4.137295319999999554e-01 4.497300340000000562e-01 4.294388139999999465e-01 4.120197359999999698e-01 4.630734020000000228e-01 3.573681819999999787e-01 3.353522259999999755e-01 2.766935759999999966e-01 3.121936100000000103e-01 2.083076139999999743e-01 3.381993239999999679e-01 2.289022560000000261e-01 5.471298119999998821e-01 0.000000000000000000e+00
