0.000000000000000000e+00 6.755765999999999716e-01 2.214488880000000104e-01 4.416681440000000403e-01 6.695039040000000385e-01 9.328818899999999914e-01 1.095192619999999922e-01 1.683378239999999970e-01 1.518247380000000146e-01 1.580957139999999983e-01 1.354233479999999712e-01 1.439548820000000062e-01 1.354664740000000034e-01 1.501542260000000018e-01 1.076320120000000130e-01 5.942062399999999828e-02 9.244974200000000142e-02 8.594444400000000872e-02 1.113851019999999997e-01 1.059528239999999871e-01 1.457814459999999812e-01 1.077050580000000063e-01
6.755765999999999716e-01 0.000000000000000000e+00 1.993966720000000248e-01 3.724610359999999676e-01 8.479163040000001761e-01 6.605839000000000016e-01 6.955603800000000059e-02 1.353919640000000313e-01 8.895763600000000659e-02 9.784629799999999822e-02 1.070322319999999772e-01 9.949702199999999053e-02 9.818262399999999612e-02 1.035144480000000089e-01 1.019559240000000033e-01 5.288043799999999489e-02 8.657211800000000346e-02 6.052190200000000242e-02 8.869739000000000095e-02 6.518047000000000424e-02 1.277185799999999982e-01 1.000542619999999772e-01
2.214488880000000104e-01 1.993966720000000248e-01 0.000000000000000000e+00 4.150947440000000155e-01 2.416509300000000415e-01 1.944594419999999824e-01 2.430426440000000299e-01 1.936542800000000120e-01 5.302886319999998710e-01 4.651511620000000069e-01 6.915376080000000814e-01 3.143742480000000228e-01 6.657935360000000191e-01 2.605076600000000298e-01 7.999707200000000240e-02 1.209431139999999905e-01 1.479821580000000025e-01 7.361052799999999452e-02 1.583279200000000109e-01 8.573323800000001715e-02 6.050881120000000113e-01 4.679220119999999983e-01
4.416681440000000403e-01 3.724610359999999676e-01 4.150947440000000155e-01 0.000000000000000000e+00 3.440672560000000435e-01 4.246118580000000087e-01 2.115782860000000043e-01 2.663338680000000291e-01 3.861060619999999721e-01 3.688428099999999654e-01 3.036079419999999640e-01 4.751156140000000194e-01 2.923027919999999780e-01 3.606438539999999859e-01 7.940335799999999333e-02 1.115776620000000080e-01 1.130254320000000090e-01 1.128673480000000062e-01 1.296877479999999916e-01 1.258256020000000086e-01 3.072843199999999997e-01 3.816341399999999551e-01
6.695039040000000385e-01 8.479163040000001761e-01 2.416509300000000415e-01 3.440672560000000435e-01 0.000000000000000000e+00 6.628935119999999070e-01 7.421599800000000524e-02 1.391834380000000204e-01 1.128947279999999997e-01 9.642377800000001553e-02 9.560237600000000280e-02 1.045618880000000195e-01 8.500967600000000624e-02 1.051105320000000065e-01 8.250107599999999264e-02 4.725778800000000196e-02 9.205316999999998973e-02 7.609514800000000134e-02 1.037830279999999855e-01 5.876877600000000174e-02 1.291491840000000002e-01 9.449826599999999743e-02
9.328818899999999914e-01 6.605839000000000016e-01 1.944594419999999824e-01 4.246118580000000087e-01 6.628935119999999070e-01 0.000000000000000000e+00 1.069919019999999721e-01 1.690078899999999940e-01 1.496193060000000075e-01 1.579624640000000246e-01 1.237351859999999970e-01 1.376861340000000156e-01 1.207894439999999958e-01 1.570695339999999829e-01 9.452072799999999830e-02 5.857214199999999371e-02 8.160239599999999371e-02 7.972163800000001133e-02 1.000306279999999964e-01 8.431600799999998397e-02 1.565586860000000302e-01 1.168772819999999990e-01
1.095192619999999922e-01 6.955603800000000059e-02 2.430426440000000299e-01 2.115782860000000043e-01 7.421599800000000524e-02 1.069919019999999721e-01 0.000000000000000000e+00 4.461882440000000116e-01 3.015372660000000260e-01 2.960981400000000652e-01 2.866962059999999535e-01 1.956196080000000004e-01 2.606235040000000058e-01 1.620748259999999774e-01 5.662948100000000373e-01 4.454093239999999954e-01 5.470428040000000491e-01 4.408004100000000314e-01 5.872939579999999493e-01 5.664317920000000450e-01 2.520240340000000079e-01 2.469896740000000201e-01
1.683378239999999970e-01 1.353919640000000313e-01 1.936542800000000120e-01 2.663338680000000291e-01 1.391834380000000204e-01 1.690078899999999940e-01 4.461882440000000116e-01 0.000000000000000000e+00 2.892292639999999859e-01 3.740245540000000091e-01 2.234023259999999844e-01 3.515053960000000255e-01 1.788669300000000073e-01 2.709689339999999946e-01 3.339539480000000005e-01 4.790298479999999803e-01 3.940113459999999845e-01 4.141182480000000221e-01 4.233277500000000027e-01 4.998213900000000320e-01 1.995122000000000007e-01 2.789124379999999848e-01
1.518247380000000146e-01 8.895763600000000659e-02 5.302886319999998710e-01 3.861060619999999721e-01 1.128947279999999997e-01 1.496193060000000075e-01 3.015372660000000260e-01 2.892292639999999859e-01 0.000000000000000000e+00 4.093243899999999824e-01 6.304544659999999912e-01 4.336988999999999983e-01 6.669611380000000089e-01 3.923996760000000306e-01 1.221470399999999845e-01 5.985760999999999166e-02 9.068755399999998967e-02 9.998814400000000102e-02 1.146128820000000131e-01 1.101431860000000179e-01 5.720712680000000772e-01 4.983134979999999103e-01
1.580957139999999983e-01 9.784629799999999822e-02 4.651511620000000069e-01 3.688428099999999654e-01 9.642377800000001553e-02 1.579624640000000246e-01 2.960981400000000652e-01 3.740245540000000091e-01 4.093243899999999824e-01 0.000000000000000000e+00 5.237770999999999955e-01 4.512807419999999570e-01 4.795084779999999602e-01 5.679296160000000260e-01 1.433174100000000062e-01 1.472462039999999917e-01 1.053960800000000031e-01 1.304350059999999922e-01 1.288041540000000040e-01 1.624023599999999956e-01 5.062448780000000648e-01 4.916921719999999274e-01
1.354233479999999712e-01 1.070322319999999772e-01 6.915376080000000814e-01 3.036079419999999640e-01 9.560237600000000280e-02 1.237351859999999970e-01 2.866962059999999535e-01 2.234023259999999844e-01 6.304544659999999912e-01 5.237770999999999955e-01 0.000000000000000000e+00 3.640265500000000043e-01 8.380142060000000948e-01 3.225642340000000052e-01 5.933471199999999779e-02 1.147789800000000027e-01 1.180176100000000228e-01 6.865199799999999186e-02 1.316686960000000017e-01 8.964233399999999019e-02 6.707045799999999947e-01 4.991514499999999965e-01
1.439548820000000062e-01 9.949702199999999053e-02 3.143742480000000228e-01 4.751156140000000194e-01 1.045618880000000195e-01 1.376861340000000156e-01 1.956196080000000004e-01 3.515053960000000255e-01 4.336988999999999983e-01 4.512807419999999570e-01 3.640265500000000043e-01 0.000000000000000000e+00 3.202882899999999755e-01 6.468366380000000193e-01 8.681542200000000320e-02 9.785309999999999842e-02 1.160756339999999831e-01 8.411276800000000442e-02 1.188831840000000167e-01 1.128993740000000107e-01 3.124921579999999643e-01 4.714941720000000447e-01
1.354664740000000034e-01 9.818262399999999612e-02 6.657935360000000191e-01 2.923027919999999780e-01 8.500967600000000624e-02 1.207894439999999958e-01 2.606235040000000058e-01 1.788669300000000073e-01 6.669611380000000089e-01 4.795084779999999602e-01 8.380142060000000948e-01 3.202882899999999755e-01 0.000000000000000000e+00 2.889550200000000624e-01 7.315802999999999889e-02 8.914343000000000961e-02 1.111698479999999878e-01 6.160527400000000153e-02 1.252260079999999998e-01 5.900676199999999039e-02 6.220110500000000098e-01 4.549208479999999888e-01
1.501542260000000018e-01 1.035144480000000089e-01 2.605076600000000298e-01 3.606438539999999859e-01 1.051105320000000065e-01 1.570695339999999829e-01 1.620748259999999774e-01 2.709689339999999946e-01 3.923996760000000306e-01 5.679296160000000260e-01 3.225642340000000052e-01 6.468366380000000193e-01 2.889550200000000624e-01 0.000000000000000000e+00 6.869637399999999061e-02 7.203795000000000337e-02 1.028383939999999858e-01 4.761795199999999811e-02 1.000370240000000022e-01 6.248035200000000289e-02 2.606259320000000046e-01 3.539243599999999934e-01
1.076320120000000130e-01 1.019559240000000033e-01 7.999707200000000240e-02 7.940335799999999333e-02 8.250107599999999264e-02 9.452072799999999830e-02 5.662948100000000373e-01 3.339539480000000005e-01 1.221470399999999845e-01 1.433174100000000062e-01 5.933471199999999779e-02 8.681542200000000320e-02 7.315802999999999889e-02 6.869637399999999061e-02 0.000000000000000000e+00 5.141626260000000670e-01 7.312577399999999894e-01 4.878707979999999944e-01 6.943987039999999222e-01 6.585786760000000850e-01 7.246728600000000575e-02 6.477263599999999455e-02
5.942062399999999828e-02 5.288043799999999489e-02 1.209431139999999905e-01 1.115776620000000080e-01 4.725778800000000196e-02 5.857214199999999371e-02 4.454093239999999954e-01 4.790298479999999803e-01 5.985760999999999166e-02 1.472462039999999917e-01 1.147789800000000027e-01 9.785309999999999842e-02 8.914343000000000961e-02 7.203795000000000337e-02 5.141626260000000670e-01 0.000000000000000000e+00 5.948012779999999333e-01 7.315308320000000197e-01 6.494975860000000711e-01 7.658035960000000308e-01 9.238184600000000357e-02 9.421789999999999332e-02
9.244974200000000142e-02 8.657211800000000346e-02 1.479821580000000025e-01 1.130254320000000090e-01 9.205316999999998973e-02 8.160239599999999371e-02 5.470428040000000491e-01 3.940113459999999845e-01 9.068755399999998967e-02 1.053960800000000031e-01 1.180176100000000228e-01 1.160756339999999831e-01 1.111698479999999878e-01 1.028383939999999858e-01 7.312577399999999894e-01 5.948012779999999333e-01 0.000000000000000000e+00 5.686136879999998950e-01 9.349873299999998943e-01 6.716844359999999403e-01 1.200604919999999909e-01 1.017440300000000131e-01
8.594444400000000872e-02 6.052190200000000242e-02 7.361052799999999452e-02 1.128673480000000062e-01 7.609514800000000134e-02 7.972163800000001133e-02 4.408004100000000314e-01 4.141182480000000221e-01 9.998814400000000102e-02 1.304350059999999922e-01 6.865199799999999186e-02 8.411276800000000442e-02 6.160527400000000153e-02 4.761795199999999811e-02 4.878707979999999944e-01 7.315308320000000197e-01 5.686136879999998950e-01 0.000000000000000000e+00 6.092319840000000042e-01 7.717966099999999940e-01 8.575824600000001019e-02 1.003388759999999935e-01
1.113851019999999997e-01 8.869739000000000095e-02 1.583279200000000109e-01 1.296877479999999916e-01 1.037830279999999855e-01 1.000306279999999964e-01 5.872939579999999493e-01 4.233277500000000027e-01 1.146128820000000131e-01 1.288041540000000040e-01 1.316686960000000017e-01 1.188831840000000167e-01 1.252260079999999998e-01 1.000370240000000022e-01 6.943987039999999222e-01 6.494975860000000711e-01 9.349873299999998943e-01 6.092319840000000042e-01 0.000000000000000000e+00 6.993480420000001141e-01 1.304364720000000255e-01 1.186207379999999895e-01
1.059528239999999871e-01 6.518047000000000424e-02 8.573323800000001715e-02 1.258256020000000086e-01 5.876877600000000174e-02 8.431600799999998397e-02 5.664317920000000450e-01 4.998213900000000320e-01 1.101431860000000179e-01 1.624023599999999956e-01 8.964233399999999019e-02 1.128993740000000107e-01 5.900676199999999039e-02 6.248035200000000289e-02 6.585786760000000850e-01 7.658035960000000308e-01 6.716844359999999403e-01 7.717966099999999940e-01 6.993480420000001141e-01 0.000000000000000000e+00 1.017817019999999878e-01 1.206647079999999955e-01
1.457814459999999812e-01 1.277185799999999982e-01 6.050881120000000113e-01 3.072843199999999997e-01 1.291491840000000002e-01 1.565586860000000302e-01 2.520240340000000079e-01 1.995122000000000007e-01 5.720712680000000772e-01 5.062448780000000648e-01 6.707045799999999947e-01 3.124921579999999643e-01 6.220110500000000098e-01 2.606259320000000046e-01 7.246728600000000575e-02 9.238184600000000357e-02 1.200604919999999909e-01 8.575824600000001019e-02 1.304364720000000255e-01 1.017817019999999878e-01 0.000000000000000000e+00 7.163628780000000917e-01
1.077050580000000063e-01 1.000542619999999772e-01 4.679220119999999983e-01 3.816341399999999551e-01 9.449826599999999743e-02 1.168772819999999990e-01 2.469896740000000201e-01 2.789124379999999848e-01 4.983134979999999103e-01 4.916921719999999274e-01 4.991514499999999965e-01 4.714941720000000447e-01 4.549208479999999888e-01 3.539243599999999934e-01 6.477263599999999455e-02 9.421789999999999332e-02 1.017440300000000131e-01 1.003388759999999935e-01 1.186207379999999895e-01 1.206647079999999955e-01 7.163628780000000917e-01 0.000000000000000000e+00
