0.000000000000000000e+00 4.126767759999999674e-01 3.021487219999999807e-01 2.407647400000000049e-01 3.819234020000000784e-01 7.936799799999999516e-01 2.949118759999999617e-01 3.820348560000000337e-01 2.999799600000000455e-01 2.597221100000000060e-01 2.762187960000000442e-01 3.169996179999999830e-01 2.798796060000000030e-01 2.721453040000000323e-01 2.205358659999999971e-01 4.293624340000000150e-01 2.719079220000000241e-01 3.201950679999999716e-01 3.174908779999999764e-01 3.144695599999999258e-01 2.544256379999999540e-01 2.318637819999999627e-01
4.126767759999999674e-01 0.000000000000000000e+00 1.577303599999999861e-01 1.611580739999999845e-01 6.280050580000000604e-01 3.417364999999999986e-01 2.871292040000000267e-01 2.295909120000000081e-01 1.297288240000000203e-01 1.593405879999999775e-01 1.612951659999999898e-01 1.986919279999999899e-01 2.352482239999999503e-01 2.418142159999999985e-01 2.333991660000000190e-01 1.424755719999999948e-01 2.993718140000000139e-01 2.635234220000000072e-01 3.026555619999999891e-01 2.510714900000000083e-01 1.814379800000000265e-01 1.429646340000000071e-01
3.021487219999999807e-01 1.577303599999999861e-01 0.000000000000000000e+00 2.402992980000000500e-01 2.602428640000000182e-01 2.897124079999999768e-01 4.148819140000000738e-01 2.480742099999999617e-01 3.316153859999999565e-01 5.428450259999999528e-01 7.304061280000000433e-01 2.915321699999999794e-01 7.212538200000000455e-01 2.405439580000000022e-01 1.652774539999999903e-01 1.808162700000000289e-01 2.372886980000000201e-01 2.555362720000000087e-01 2.211046299999999964e-01 2.205523299999999909e-01 7.345368839999999455e-01 3.622007600000000105e-01
2.407647400000000049e-01 1.611580739999999845e-01 2.402992980000000500e-01 0.000000000000000000e+00 2.792282480000000122e-01 2.351215080000000346e-01 1.610911920000000219e-01 5.953375140000000121e-01 5.863223880000000277e-01 1.873807379999999911e-01 1.985135239999999968e-01 6.926837400000001033e-01 1.940217200000000086e-01 6.238613579999998660e-01 1.753958059999999874e-01 3.405896099999999871e-01 2.324773679999999898e-01 2.264812179999999842e-01 2.670064859999999873e-01 2.193594940000000160e-01 2.096960099999999605e-01 6.118618060000000636e-01
3.819234020000000784e-01 6.280050580000000604e-01 2.602428640000000182e-01 2.792282480000000122e-01 0.000000000000000000e+00 3.782226080000000157e-01 2.287113020000000052e-01 2.348491300000000170e-01 2.288680220000000320e-01 2.192083180000000131e-01 1.859076220000000224e-01 3.205005320000000046e-01 2.549129980000000018e-01 1.914438099999999920e-01 2.439001620000000037e-01 2.629491440000000235e-01 3.533328400000000369e-01 2.617781100000000083e-01 3.609613159999999765e-01 1.759081379999999917e-01 2.903773680000000246e-01 2.083882159999999595e-01
7.936799799999999516e-01 3.417364999999999986e-01 2.897124079999999768e-01 2.351215080000000346e-01 3.782226080000000157e-01 0.000000000000000000e+00 2.877266119999999927e-01 3.419197320000000317e-01 2.527548099999999964e-01 3.126417080000000182e-01 2.569302019999999964e-01 3.045816080000000037e-01 3.421443739999999734e-01 2.337150999999999534e-01 2.241048499999999666e-01 3.486562679999999914e-01 3.345322740000000183e-01 2.254416639999999583e-01 3.263765280000000546e-01 2.794066259999999913e-01 2.535439739999999498e-01 2.299421720000000280e-01
2.949118759999999617e-01 2.871292040000000267e-01 4.148819140000000738e-01 1.610911920000000219e-01 2.287113020000000052e-01 2.877266119999999927e-01 0.000000000000000000e+00 1.911452379999999951e-01 2.543078179999999633e-01 3.567137380000000024e-01 4.291072679999999862e-01 2.248543839999999905e-01 4.086743560000000164e-01 1.764626380000000050e-01 4.681201520000000116e-01 2.591479019999999855e-01 2.750692559999999842e-01 3.132135460000000093e-01 2.906992720000000086e-01 4.747129620000000716e-01 3.482040199999999475e-01 2.361420079999999866e-01
3.820348560000000337e-01 2.295909120000000081e-01 2.480742099999999617e-01 5.953375140000000121e-01 2.348491300000000170e-01 3.419197320000000317e-01 1.911452379999999951e-01 0.000000000000000000e+00 5.749943999999999056e-01 2.368513600000000108e-01 2.246607560000000170e-01 6.159480520000000237e-01 3.040244400000000069e-01 5.427859340000000810e-01 1.570582660000000019e-01 3.464883539999999984e-01 2.347791560000000166e-01 2.291146740000000182e-01 2.655797400000000086e-01 2.961133299999999524e-01 2.652938939999999191e-01 5.693215620000000587e-01
2.999799600000000455e-01 1.297288240000000203e-01 3.316153859999999565e-01 5.863223880000000277e-01 2.288680220000000320e-01 2.527548099999999964e-01 2.543078179999999633e-01 5.749943999999999056e-01 0.000000000000000000e+00 1.285653219999999819e-01 3.129458019999999951e-01 5.232956399999999508e-01 4.093450319999999421e-01 5.533854139999999644e-01 1.592817519999999987e-01 3.580150180000000182e-01 2.420042200000000199e-01 1.664056040000000125e-01 2.083622099999999921e-01 1.781273959999999934e-01 2.228799079999999877e-01 4.814018920000000534e-01
2.597221100000000060e-01 1.593405879999999775e-01 5.428450259999999528e-01 1.873807379999999911e-01 2.192083180000000131e-01 3.126417080000000182e-01 3.567137380000000024e-01 2.368513600000000108e-01 1.285653219999999819e-01 0.000000000000000000e+00 5.161197559999999296e-01 1.931508439999999882e-01 5.453378700000000023e-01 2.966281579999999751e-01 2.626487060000000096e-01 1.120201119999999911e-01 2.389348020000000017e-01 1.888991720000000041e-01 2.162280480000000060e-01 2.526267239999999692e-01 5.843665479999999857e-01 2.808573860000000422e-01
2.762187960000000442e-01 1.612951659999999898e-01 7.304061280000000433e-01 1.985135239999999968e-01 1.859076220000000224e-01 2.569302019999999964e-01 4.291072679999999862e-01 2.246607560000000170e-01 3.129458019999999951e-01 5.161197559999999296e-01 0.000000000000000000e+00 2.981149420000000494e-01 7.696478819999998944e-01 2.009325099999999809e-01 2.121322280000000338e-01 1.456351680000000093e-01 2.060009840000000259e-01 2.032057839999999727e-01 1.155519200000000024e-01 1.895911499999999861e-01 7.215510780000000679e-01 4.288500759999999690e-01
3.169996179999999830e-01 1.986919279999999899e-01 2.915321699999999794e-01 6.926837400000001033e-01 3.205005320000000046e-01 3.045816080000000037e-01 2.248543839999999905e-01 6.159480520000000237e-01 5.232956399999999508e-01 1.931508439999999882e-01 2.981149420000000494e-01 0.000000000000000000e+00 3.201043060000000051e-01 5.753082819999999487e-01 2.071308880000000130e-01 3.649043080000000105e-01 2.465849099999999905e-01 2.884631160000000194e-01 2.744929280000000249e-01 2.631261260000000157e-01 3.017261239999999844e-01 5.529028959999999771e-01
2.798796060000000030e-01 2.352482239999999503e-01 7.212538200000000455e-01 1.940217200000000086e-01 2.549129980000000018e-01 3.421443739999999734e-01 4.086743560000000164e-01 3.040244400000000069e-01 4.093450319999999421e-01 5.453378700000000023e-01 7.696478819999998944e-01 3.201043060000000051e-01 0.000000000000000000e+00 2.605970819999999799e-01 1.940866460000000016e-01 2.527107940000000164e-01 3.150189899999999987e-01 1.891211319999999974e-01 2.145856360000000240e-01 2.467726560000000069e-01 6.853230280000000008e-01 3.509926620000000108e-01
2.721453040000000323e-01 2.418142159999999985e-01 2.405439580000000022e-01 6.238613579999998660e-01 1.914438099999999920e-01 2.337150999999999534e-01 1.764626380000000050e-01 5.427859340000000810e-01 5.533854139999999644e-01 2.966281579999999751e-01 2.009325099999999809e-01 5.753082819999999487e-01 2.605970819999999799e-01 0.000000000000000000e+00 1.771352519999999653e-01 2.624711419999999906e-01 2.494164119999999762e-01 2.761771179999999992e-01 2.761183320000000219e-01 3.448362200000000266e-01 3.044629540000000079e-01 4.893336879999999889e-01
2.205358659999999971e-01 2.333991660000000190e-01 1.652774539999999903e-01 1.753958059999999874e-01 2.439001620000000037e-01 2.241048499999999666e-01 4.681201520000000116e-01 1.570582660000000019e-01 1.592817519999999987e-01 2.626487060000000096e-01 2.121322280000000338e-01 2.071308880000000130e-01 1.940866460000000016e-01 1.771352519999999653e-01 0.000000000000000000e+00 2.010943140000000240e-01 2.223946340000000355e-01 3.282610079999999653e-01 2.277552580000000160e-01 5.503806320000000918e-01 2.520066680000000447e-01 2.659241860000000068e-01
4.293624340000000150e-01 1.424755719999999948e-01 1.808162700000000289e-01 3.405896099999999871e-01 2.629491440000000235e-01 3.486562679999999914e-01 2.591479019999999855e-01 3.464883539999999984e-01 3.580150180000000182e-01 1.120201119999999911e-01 1.456351680000000093e-01 3.649043080000000105e-01 2.527107940000000164e-01 2.624711419999999906e-01 2.010943140000000240e-01 0.000000000000000000e+00 3.318836540000000279e-01 3.618622360000000038e-01 5.531504139999999792e-01 2.487922979999999673e-01 1.426383280000000087e-01 3.413019879999999451e-01
2.719079220000000241e-01 2.993718140000000139e-01 2.372886980000000201e-01 2.324773679999999898e-01 3.533328400000000369e-01 3.345322740000000183e-01 2.750692559999999842e-01 2.347791560000000166e-01 2.420042200000000199e-01 2.389348020000000017e-01 2.060009840000000259e-01 2.465849099999999905e-01 3.150189899999999987e-01 2.494164119999999762e-01 2.223946340000000355e-01 3.318836540000000279e-01 0.000000000000000000e+00 3.293430980000000008e-01 7.794196400000000802e-01 2.911455760000000170e-01 2.714704199999999901e-01 2.878081840000000224e-01
3.201950679999999716e-01 2.635234220000000072e-01 2.555362720000000087e-01 2.264812179999999842e-01 2.617781100000000083e-01 2.254416639999999583e-01 3.132135460000000093e-01 2.291146740000000182e-01 1.664056040000000125e-01 1.888991720000000041e-01 2.032057839999999727e-01 2.884631160000000194e-01 1.891211319999999974e-01 2.761771179999999992e-01 3.282610079999999653e-01 3.618622360000000038e-01 3.293430980000000008e-01 0.000000000000000000e+00 2.801279719999999474e-01 6.511098559999999313e-01 1.949855080000000018e-01 2.794840760000000257e-01
3.174908779999999764e-01 3.026555619999999891e-01 2.211046299999999964e-01 2.670064859999999873e-01 3.609613159999999765e-01 3.263765280000000546e-01 2.906992720000000086e-01 2.655797400000000086e-01 2.083622099999999921e-01 2.162280480000000060e-01 1.155519200000000024e-01 2.744929280000000249e-01 2.145856360000000240e-01 2.761183320000000219e-01 2.277552580000000160e-01 5.531504139999999792e-01 7.794196400000000802e-01 2.801279719999999474e-01 0.000000000000000000e+00 2.250299100000000274e-01 1.884940700000000136e-01 2.223696900000000087e-01
3.144695599999999258e-01 2.510714900000000083e-01 2.205523299999999909e-01 2.193594940000000160e-01 1.759081379999999917e-01 2.794066259999999913e-01 4.747129620000000716e-01 2.961133299999999524e-01 1.781273959999999934e-01 2.526267239999999692e-01 1.895911499999999861e-01 2.631261260000000157e-01 2.467726560000000069e-01 3.448362200000000266e-01 5.503806320000000918e-01 2.487922979999999673e-01 2.911455760000000170e-01 6.511098559999999313e-01 2.250299100000000274e-01 0.000000000000000000e+00 2.009871500000000033e-01 3.243800399999999806e-01
2.544256379999999540e-01 1.814379800000000265e-01 7.345368839999999455e-01 2.096960099999999605e-01 2.903773680000000246e-01 2.535439739999999498e-01 3.482040199999999475e-01 2.652938939999999191e-01 2.228799079999999877e-01 5.843665479999999857e-01 7.215510780000000679e-01 3.017261239999999844e-01 6.853230280000000008e-01 3.044629540000000079e-01 2.520066680000000447e-01 1.426383280000000087e-01 2.714704199999999901e-01 1.949855080000000018e-01 1.884940700000000136e-01 2.009871500000000033e-01 0.000000000000000000e+00 3.905820540000000118e-01
2.318637819999999627e-01 1.429646340000000071e-01 3.622007600000000105e-01 6.118618060000000636e-01 2.083882159999999595e-01 2.299421720000000280e-01 2.361420079999999866e-01 5.693215620000000587e-01 4.814018920000000534e-01 2.808573860000000422e-01 4.288500759999999690e-01 5.529028959999999771e-01 3.509926620000000108e-01 4.893336879999999889e-01 2.659241860000000068e-01 3.413019879999999451e-01 2.878081840000000224e-01 2.794840760000000257e-01 2.223696900000000087e-01 3.243800399999999806e-01 3.905820540000000118e-01 0.000000000000000000e+00
