0.000000000000000000e+00 6.657917799999999442e-01 6.053610640000000043e-01 5.586827480000000623e-01 5.984898320000000549e-01 4.986955000000000138e-01 4.365393899999999716e-01 2.999410240000000005e-01 5.120927419999998786e-01 3.930387399999999976e-01 4.757230379999999315e-01 3.061709419999999460e-01 4.325946119999999340e-01 2.756715660000000345e-01 3.888260740000000215e-01 2.293029320000000149e-01 2.562631639999999877e-01 3.371938220000000319e-01 2.733496359999999514e-01 2.653465779999999996e-01 3.697511800000000126e-01 2.964174019999999965e-01
6.657917799999999442e-01 0.000000000000000000e+00 3.489352220000000449e-01 3.740027760000000367e-01 7.619517959999999590e-01 6.434176759999999939e-01 2.390074339999999908e-01 2.578416179999999946e-01 2.870422119999999633e-01 3.158863800000000222e-01 2.297230380000000183e-01 2.833268480000000200e-01 2.065171499999999827e-01 2.075992280000000245e-01 3.220489920000000339e-01 2.120110159999999966e-01 3.059412360000000053e-01 3.163903339999999953e-01 2.951160099999999842e-01 2.579980320000000438e-01 1.869881640000000123e-01 2.925048000000000092e-01
6.053610640000000043e-01 3.489352220000000449e-01 0.000000000000000000e+00 7.426262340000000517e-01 2.816455600000000170e-01 2.739890720000000002e-01 7.229471120000000584e-01 5.022644099999999945e-01 8.516645400000000254e-01 6.780619679999999594e-01 8.570429620000000748e-01 4.766498500000000971e-01 8.135473600000000527e-01 4.386956879999999726e-01 4.225866100000000292e-01 3.670687200000000150e-01 4.320332259999999924e-01 4.568572100000000691e-01 3.974260059999999983e-01 2.732872419999999858e-01 6.900902659999998967e-01 2.227420940000000016e-01
5.586827480000000623e-01 3.740027760000000367e-01 7.426262340000000517e-01 0.000000000000000000e+00 2.809512279999999973e-01 2.295008340000000424e-01 5.763133799999999862e-01 6.366182919999999745e-01 7.343848540000000868e-01 7.284878519999999913e-01 6.473246120000000214e-01 6.796360559999999884e-01 6.355025960000000307e-01 5.474689919999999876e-01 3.656281820000000238e-01 3.441630620000000196e-01 3.331651559999999623e-01 4.089518099999999157e-01 3.556144520000000253e-01 3.282323100000000271e-01 5.901793720000000354e-01 2.824706680000000358e-01
5.984898320000000549e-01 7.619517959999999590e-01 2.816455600000000170e-01 2.809512279999999973e-01 0.000000000000000000e+00 4.748965359999999802e-01 2.160152160000000099e-01 1.505289280000000063e-01 1.987056359999999910e-01 2.071996280000000523e-01 1.622913279999999570e-01 1.860539579999999915e-01 1.727927699999999844e-01 2.001620380000000421e-01 3.457366160000000521e-01 2.342201220000000306e-01 2.901099440000000085e-01 3.056417579999999856e-01 2.735986959999999746e-01 2.900305280000000097e-01 1.682669940000000308e-01 2.694730879999999718e-01
4.986955000000000138e-01 6.434176759999999939e-01 2.739890720000000002e-01 2.295008340000000424e-01 4.748965359999999802e-01 0.000000000000000000e+00 3.221483440000000309e-01 2.109288340000000095e-01 3.246175180000000493e-01 3.266577339999999774e-01 2.752512079999999695e-01 2.839014640000000478e-01 2.607136899999999979e-01 1.814370959999999922e-01 3.029444559999999731e-01 2.078938579999999869e-01 2.303082999999999936e-01 2.232031720000000052e-01 2.697478240000000249e-01 3.349283239999999995e-01 3.044188420000000228e-01 3.157038899999999870e-01
4.365393899999999716e-01 2.390074339999999908e-01 7.229471120000000584e-01 5.763133799999999862e-01 2.160152160000000099e-01 3.221483440000000309e-01 0.000000000000000000e+00 4.159255959999999530e-01 6.793103320000000167e-01 5.996913999999999856e-01 7.432047539999999675e-01 4.362720560000000747e-01 7.053126960000000167e-01 3.222847619999999469e-01 3.096544719999999584e-01 3.350856480000000137e-01 3.153070559999999745e-01 3.703806800000000177e-01 2.258364180000000110e-01 2.909215940000000056e-01 6.475836239999999133e-01 2.475440980000000180e-01
2.999410240000000005e-01 2.578416179999999946e-01 5.022644099999999945e-01 6.366182919999999745e-01 1.505289280000000063e-01 2.109288340000000095e-01 4.159255959999999530e-01 0.000000000000000000e+00 5.824029539999999727e-01 7.167996220000000251e-01 5.042912559999999100e-01 7.667631820000000431e-01 5.595707039999999743e-01 4.507845180000000229e-01 3.125891179999999991e-01 2.040821919999999956e-01 3.024625259999999538e-01 2.546670799999999901e-01 2.027199160000000000e-01 1.933022440000000119e-01 5.878320020000000756e-01 3.307397120000000190e-01
5.120927419999998786e-01 2.870422119999999633e-01 8.516645400000000254e-01 7.343848540000000868e-01 1.987056359999999910e-01 3.246175180000000493e-01 6.793103320000000167e-01 5.824029539999999727e-01 0.000000000000000000e+00 7.866878080000000439e-01 8.998688019999999677e-01 5.781117399999999851e-01 8.361331260000000043e-01 4.669283619999999857e-01 4.368260139999999292e-01 4.068092080000000332e-01 4.295976360000000049e-01 4.546061080000000088e-01 4.443072980000000172e-01 3.585839940000000170e-01 7.485208039999999841e-01 2.690570479999999653e-01
3.930387399999999976e-01 3.158863800000000222e-01 6.780619679999999594e-01 7.284878519999999913e-01 2.071996280000000523e-01 3.266577339999999774e-01 5.996913999999999856e-01 7.167996220000000251e-01 7.866878080000000439e-01 0.000000000000000000e+00 7.025045619999999991e-01 7.886676740000000407e-01 7.590527860000000349e-01 4.771322759999999663e-01 4.008095580000000102e-01 4.517794760000000132e-01 3.534003440000000329e-01 4.267008380000000267e-01 3.731295159999999944e-01 3.816881659999999954e-01 7.851179480000000099e-01 2.869244679999999881e-01
4.757230379999999315e-01 2.297230380000000183e-01 8.570429620000000748e-01 6.473246120000000214e-01 1.622913279999999570e-01 2.752512079999999695e-01 7.432047539999999675e-01 5.042912559999999100e-01 8.998688019999999677e-01 7.025045619999999991e-01 0.000000000000000000e+00 4.814409600000000289e-01 8.845893320000000060e-01 4.016802879999999965e-01 4.226415999999999507e-01 3.949535140000000055e-01 4.652199120000000687e-01 4.159585339999999354e-01 4.178022940000000185e-01 3.238874260000000338e-01 7.730091179999999396e-01 2.699161239999999795e-01
3.061709419999999460e-01 2.833268480000000200e-01 4.766498500000000971e-01 6.796360559999999884e-01 1.860539579999999915e-01 2.839014640000000478e-01 4.362720560000000747e-01 7.667631820000000431e-01 5.781117399999999851e-01 7.886676740000000407e-01 4.814409600000000289e-01 0.000000000000000000e+00 5.444682079999999536e-01 4.665486419999999579e-01 3.183678920000000412e-01 4.156162819999999480e-01 2.128490900000000186e-01 3.102051439999999882e-01 3.432500099999999943e-01 3.257522179999999823e-01 5.945092759999999199e-01 3.904318919999999471e-01
4.325946119999999340e-01 2.065171499999999827e-01 8.135473600000000527e-01 6.355025960000000307e-01 1.727927699999999844e-01 2.607136899999999979e-01 7.053126960000000167e-01 5.595707039999999743e-01 8.361331260000000043e-01 7.590527860000000349e-01 8.845893320000000060e-01 5.444682079999999536e-01 0.000000000000000000e+00 4.214948160000000499e-01 4.366715059999999871e-01 3.571249879999999766e-01 4.473577440000000571e-01 3.776789200000000291e-01 3.923636600000000585e-01 3.650526479999999796e-01 8.540173979999998721e-01 2.312921460000000040e-01
2.756715660000000345e-01 2.075992280000000245e-01 4.386956879999999726e-01 5.474689919999999876e-01 2.001620380000000421e-01 1.814370959999999922e-01 3.222847619999999469e-01 4.507845180000000229e-01 4.669283619999999857e-01 4.771322759999999663e-01 4.016802879999999965e-01 4.665486419999999579e-01 4.214948160000000499e-01 0.000000000000000000e+00 3.201127819999999846e-01 3.897732880000000510e-01 3.038967620000000425e-01 3.950594619999999724e-01 3.943929760000000062e-01 4.480954979999999810e-01 3.877734119999999840e-01 3.362769459999999655e-01
3.888260740000000215e-01 3.220489920000000339e-01 4.225866100000000292e-01 3.656281820000000238e-01 3.457366160000000521e-01 3.029444559999999731e-01 3.096544719999999584e-01 3.125891179999999991e-01 4.368260139999999292e-01 4.008095580000000102e-01 4.226415999999999507e-01 3.183678920000000412e-01 4.366715059999999871e-01 3.201127819999999846e-01 0.000000000000000000e+00 2.706814919999999680e-01 5.067175640000000092e-01 2.419359819999999939e-01 4.300687699999999891e-01 5.566992299999999894e-01 4.045175419999999522e-01 1.965049899999999905e-01
2.293029320000000149e-01 2.120110159999999966e-01 3.670687200000000150e-01 3.441630620000000196e-01 2.342201220000000306e-01 2.078938579999999869e-01 3.350856480000000137e-01 2.040821919999999956e-01 4.068092080000000332e-01 4.517794760000000132e-01 3.949535140000000055e-01 4.156162819999999480e-01 3.571249879999999766e-01 3.897732880000000510e-01 2.706814919999999680e-01 0.000000000000000000e+00 3.767386280000000753e-01 6.091930140000000327e-01 5.676459019999999800e-01 4.237685399999999158e-01 3.194890200000000124e-01 3.288540839999999910e-01
2.562631639999999877e-01 3.059412360000000053e-01 4.320332259999999924e-01 3.331651559999999623e-01 2.901099440000000085e-01 2.303082999999999936e-01 3.153070559999999745e-01 3.024625259999999538e-01 4.295976360000000049e-01 3.534003440000000329e-01 4.652199120000000687e-01 2.128490900000000186e-01 4.473577440000000571e-01 3.038967620000000425e-01 5.067175640000000092e-01 3.767386280000000753e-01 0.000000000000000000e+00 4.018588499999999897e-01 7.383757180000000142e-01 3.815711679999999606e-01 4.207828359999999934e-01 2.453970860000000143e-01
3.371938220000000319e-01 3.163903339999999953e-01 4.568572100000000691e-01 4.089518099999999157e-01 3.056417579999999856e-01 2.232031720000000052e-01 3.703806800000000177e-01 2.546670799999999901e-01 4.546061080000000088e-01 4.267008380000000267e-01 4.159585339999999354e-01 3.102051439999999882e-01 3.776789200000000291e-01 3.950594619999999724e-01 2.419359819999999939e-01 6.091930140000000327e-01 4.018588499999999897e-01 0.000000000000000000e+00 4.569885140000000123e-01 5.601792540000000153e-01 2.982739239999999681e-01 3.185029120000000269e-01
2.733496359999999514e-01 2.951160099999999842e-01 3.974260059999999983e-01 3.556144520000000253e-01 2.735986959999999746e-01 2.697478240000000249e-01 2.258364180000000110e-01 2.027199160000000000e-01 4.443072980000000172e-01 3.731295159999999944e-01 4.178022940000000185e-01 3.432500099999999943e-01 3.923636600000000585e-01 3.943929760000000062e-01 4.300687699999999891e-01 5.676459019999999800e-01 7.383757180000000142e-01 4.569885140000000123e-01 0.000000000000000000e+00 4.326803940000000237e-01 3.363567859999999632e-01 3.205995899999999899e-01
2.653465779999999996e-01 2.579980320000000438e-01 2.732872419999999858e-01 3.282323100000000271e-01 2.900305280000000097e-01 3.349283239999999995e-01 2.909215940000000056e-01 1.933022440000000119e-01 3.585839940000000170e-01 3.816881659999999954e-01 3.238874260000000338e-01 3.257522179999999823e-01 3.650526479999999796e-01 4.480954979999999810e-01 5.566992299999999894e-01 4.237685399999999158e-01 3.815711679999999606e-01 5.601792540000000153e-01 4.326803940000000237e-01 0.000000000000000000e+00 3.642209719999999762e-01 2.467622379999999394e-01
3.697511800000000126e-01 1.869881640000000123e-01 6.900902659999998967e-01 5.901793720000000354e-01 1.682669940000000308e-01 3.044188420000000228e-01 6.475836239999999133e-01 5.878320020000000756e-01 7.485208039999999841e-01 7.851179480000000099e-01 7.730091179999999396e-01 5.945092759999999199e-01 8.540173979999998721e-01 3.877734119999999840e-01 4.045175419999999522e-01 3.194890200000000124e-01 4.207828359999999934e-01 2.982739239999999681e-01 3.363567859999999632e-01 3.642209719999999762e-01 0.000000000000000000e+00 2.272880559999999606e-01
2.964174019999999965e-01 2.925048000000000092e-01 2.227420940000000016e-01 2.824706680000000358e-01 2.694730879999999718e-01 3.157038899999999870e-01 2.475440980000000180e-01 3.307397120000000190e-01 2.690570479999999653e-01 2.869244679999999881e-01 2.699161239999999795e-01 3.904318919999999471e-01 2.312921460000000040e-01 3.362769459999999655e-01 1.965049899999999905e-01 3.288540839999999910e-01 2.453970860000000143e-01 3.185029120000000269e-01 3.205995899999999899e-01 2.467622379999999394e-01 2.272880559999999606e-01 0.000000000000000000e+00
