0.000000000000000000e+00 3.482316579999999995e-01 1.682161219999999957e-01 2.436237339999999807e-01 3.155359999999999832e-01 7.688304859999999241e-01 2.069774320000000167e-01 2.083279520000000107e-01 2.130774679999999921e-01 1.572192079999999992e-01 2.199789739999999938e-01 2.104270039999999731e-01 1.312739059999999958e-01 2.060364339999999905e-01 2.036951379999999701e-01 2.016078540000000030e-01 1.358874019999999905e-01 2.404635760000000122e-01 1.644272280000000086e-01 2.589844740000000201e-01 1.484038020000000013e-01 2.160142339999999717e-01
3.482316579999999995e-01 0.000000000000000000e+00 2.084124640000000195e-01 2.486478079999999979e-01 6.949877140000000342e-01 3.445243760000000210e-01 2.024026379999999958e-01 1.951021300000000125e-01 2.321023359999999924e-01 2.198601499999999764e-01 1.725538419999999851e-01 2.784086740000000226e-01 2.019547260000000011e-01 2.991081159999999795e-01 2.360406460000000206e-01 2.650327959999999594e-01 2.248290559999999993e-01 3.694546039999999643e-01 1.708460560000000239e-01 2.137172119999999897e-01 2.838180080000000105e-01 2.524135720000000305e-01
1.682161219999999957e-01 2.084124640000000195e-01 0.000000000000000000e+00 1.655788020000000249e-01 3.112303459999999911e-01 2.367274280000000175e-01 3.748797080000000337e-01 2.228061060000000038e-01 2.819542400000000226e-01 4.726865659999999747e-01 7.909299720000000367e-01 2.528658260000000157e-01 7.686117539999999249e-01 2.911237959999999902e-01 3.145138000000000100e-01 2.576322659999999987e-01 2.345401840000000127e-01 3.074884700000000137e-01 1.741283279999999989e-01 3.518693099999999907e-01 7.472846979999999695e-01 4.911661320000000330e-01
2.436237339999999807e-01 2.486478079999999979e-01 1.655788020000000249e-01 0.000000000000000000e+00 2.229584540000000281e-01 3.319023019999999824e-01 2.779818580000000261e-01 6.871746959999999183e-01 6.429111620000000915e-01 2.559598559999999856e-01 1.523447120000000210e-01 6.780066419999999372e-01 1.593159320000000212e-01 5.949102199999999341e-01 2.462709659999999801e-01 2.346549139999999922e-01 2.802218960000000259e-01 2.502084900000000056e-01 2.690435059999999878e-01 2.684248439999999958e-01 1.579585339999999838e-01 6.339610940000000028e-01
3.155359999999999832e-01 6.949877140000000342e-01 3.112303459999999911e-01 2.229584540000000281e-01 0.000000000000000000e+00 3.532531639999999529e-01 1.023594539999999886e-01 2.285831540000000106e-01 1.507713359999999780e-01 2.288172379999999784e-01 2.086996179999999756e-01 1.797583020000000364e-01 2.707696440000000315e-01 2.696121599999999896e-01 2.112704940000000309e-01 2.761273320000000586e-01 2.737619660000000232e-01 3.699706120000000320e-01 2.338912979999999975e-01 2.613999519999999910e-01 2.880045240000000395e-01 2.491076599999999530e-01
7.688304859999999241e-01 3.445243760000000210e-01 2.367274280000000175e-01 3.319023019999999824e-01 3.532531639999999529e-01 0.000000000000000000e+00 1.530304219999999993e-01 2.387967339999999827e-01 2.060752619999999813e-01 2.152870399999999851e-01 2.447973379999999755e-01 2.160915179999999824e-01 2.114885540000000508e-01 2.703691700000000475e-01 2.606920420000000127e-01 2.163895999999999875e-01 1.174632719999999936e-01 2.177594500000000211e-01 1.892546680000000148e-01 2.934893960000000135e-01 1.731815219999999766e-01 2.666334220000000643e-01
2.069774320000000167e-01 2.024026379999999958e-01 3.748797080000000337e-01 2.779818580000000261e-01 1.023594539999999886e-01 1.530304219999999993e-01 0.000000000000000000e+00 4.250350400000000306e-01 2.964673740000000057e-01 2.854161659999999712e-01 3.845195099999999533e-01 2.882765459999999669e-01 3.488293240000000517e-01 3.225899600000000089e-01 4.156912099999999777e-01 3.418664060000000116e-01 2.765931420000000140e-01 2.966747159999999495e-01 3.305485000000000229e-01 4.498266419999999988e-01 3.210175060000000080e-01 3.607223480000000260e-01
2.083279520000000107e-01 1.951021300000000125e-01 2.228061060000000038e-01 6.871746959999999183e-01 2.285831540000000106e-01 2.387967339999999827e-01 4.250350400000000306e-01 0.000000000000000000e+00 5.469985720000000162e-01 3.427505419999999914e-01 2.487901759999999740e-01 6.283489300000001387e-01 2.435835580000000056e-01 6.393335139999999361e-01 1.741796600000000139e-01 2.170745219999999642e-01 3.320212739999999774e-01 2.350179980000000057e-01 2.679743099999999933e-01 2.645014840000000089e-01 2.486099680000000145e-01 5.602797099999999864e-01
2.130774679999999921e-01 2.321023359999999924e-01 2.819542400000000226e-01 6.429111620000000915e-01 1.507713359999999780e-01 2.060752619999999813e-01 2.964673740000000057e-01 5.469985720000000162e-01 0.000000000000000000e+00 2.923855079999999607e-01 3.546259260000000357e-01 5.395168559999998781e-01 3.529375840000000819e-01 5.016401799999999911e-01 3.332768660000000049e-01 3.405212199999999578e-01 2.965554440000000014e-01 3.546214880000000402e-01 3.040357820000000322e-01 2.933738479999999926e-01 3.362918619999999970e-01 6.367313479999999748e-01
1.572192079999999992e-01 2.198601499999999764e-01 4.726865659999999747e-01 2.559598559999999856e-01 2.288172379999999784e-01 2.152870399999999851e-01 2.854161659999999712e-01 3.427505419999999914e-01 2.923855079999999607e-01 0.000000000000000000e+00 4.906509380000000364e-01 3.476772760000000351e-01 5.440279040000000066e-01 2.808871380000000362e-01 3.488870079999999985e-01 4.023253580000000218e-01 2.600557519999999734e-01 2.947938200000000397e-01 2.797602900000000226e-01 2.998471260000000194e-01 5.273373919999999604e-01 3.245567280000000165e-01
2.199789739999999938e-01 1.725538419999999851e-01 7.909299720000000367e-01 1.523447120000000210e-01 2.086996179999999756e-01 2.447973379999999755e-01 3.845195099999999533e-01 2.487901759999999740e-01 3.546259260000000357e-01 4.906509380000000364e-01 0.000000000000000000e+00 1.927974460000000112e-01 8.118322780000000183e-01 2.675971820000000445e-01 4.301505899999999438e-01 2.712672640000000079e-01 3.174884139999999966e-01 2.768998019999999727e-01 1.656657079999999949e-01 3.861812000000000578e-01 7.549744499999999636e-01 4.695884659999999822e-01
2.104270039999999731e-01 2.784086740000000226e-01 2.528658260000000157e-01 6.780066419999999372e-01 1.797583020000000364e-01 2.160915179999999824e-01 2.882765459999999669e-01 6.283489300000001387e-01 5.395168559999998781e-01 3.476772760000000351e-01 1.927974460000000112e-01 0.000000000000000000e+00 2.071055320000000088e-01 5.455573300000000625e-01 1.596423979999999909e-01 3.035217080000000012e-01 2.682770159999999793e-01 2.685504259999999532e-01 2.160047079999999897e-01 2.223925579999999902e-01 2.307792179999999804e-01 5.700625099999999668e-01
1.312739059999999958e-01 2.019547260000000011e-01 7.686117539999999249e-01 1.593159320000000212e-01 2.707696440000000315e-01 2.114885540000000508e-01 3.488293240000000517e-01 2.435835580000000056e-01 3.529375840000000819e-01 5.440279040000000066e-01 8.118322780000000183e-01 2.071055320000000088e-01 0.000000000000000000e+00 2.749439359999999999e-01 3.969317700000000171e-01 2.805364360000000001e-01 3.174483339999999987e-01 2.901467200000000246e-01 2.135967079999999962e-01 3.469300760000000317e-01 8.256853859999999656e-01 4.696886479999999864e-01
2.060364339999999905e-01 2.991081159999999795e-01 2.911237959999999902e-01 5.949102199999999341e-01 2.696121599999999896e-01 2.703691700000000475e-01 3.225899600000000089e-01 6.393335139999999361e-01 5.016401799999999911e-01 2.808871380000000362e-01 2.675971820000000445e-01 5.455573300000000625e-01 2.749439359999999999e-01 0.000000000000000000e+00 2.989197299999999946e-01 3.057033159999999472e-01 3.344194819999999901e-01 3.973516380000000070e-01 2.975757819999999554e-01 2.955364120000000261e-01 2.840383639999999876e-01 4.223018139999999976e-01
2.036951379999999701e-01 2.360406460000000206e-01 3.145138000000000100e-01 2.462709659999999801e-01 2.112704940000000309e-01 2.606920420000000127e-01 4.156912099999999777e-01 1.741796600000000139e-01 3.332768660000000049e-01 3.488870079999999985e-01 4.301505899999999438e-01 1.596423979999999909e-01 3.969317700000000171e-01 2.989197299999999946e-01 0.000000000000000000e+00 3.347640819999999628e-01 4.883346179999999981e-01 3.615596520000000091e-01 4.033614179999999716e-01 6.141849500000000628e-01 3.770414120000000202e-01 2.593842179999999997e-01
2.016078540000000030e-01 2.650327959999999594e-01 2.576322659999999987e-01 2.346549139999999922e-01 2.761273320000000586e-01 2.163895999999999875e-01 3.418664060000000116e-01 2.170745219999999642e-01 3.405212199999999578e-01 4.023253580000000218e-01 2.712672640000000079e-01 3.035217080000000012e-01 2.805364360000000001e-01 3.057033159999999472e-01 3.347640819999999628e-01 0.000000000000000000e+00 3.380273779999999340e-01 4.982935160000000474e-01 5.113325060000000200e-01 3.076950039999999942e-01 2.440854600000000318e-01 2.998841039999999847e-01
1.358874019999999905e-01 2.248290559999999993e-01 2.345401840000000127e-01 2.802218960000000259e-01 2.737619660000000232e-01 1.174632719999999936e-01 2.765931420000000140e-01 3.320212739999999774e-01 2.965554440000000014e-01 2.600557519999999734e-01 3.174884139999999966e-01 2.682770159999999793e-01 3.174483339999999987e-01 3.344194819999999901e-01 4.883346179999999981e-01 3.380273779999999340e-01 0.000000000000000000e+00 2.159880579999999828e-01 8.033853960000000294e-01 1.930281839999999915e-01 3.255189560000000260e-01 2.830267300000000041e-01
2.404635760000000122e-01 3.694546039999999643e-01 3.074884700000000137e-01 2.502084900000000056e-01 3.699706120000000320e-01 2.177594500000000211e-01 2.966747159999999495e-01 2.350179980000000057e-01 3.546214880000000402e-01 2.947938200000000397e-01 2.768998019999999727e-01 2.685504259999999532e-01 2.901467200000000246e-01 3.973516380000000070e-01 3.615596520000000091e-01 4.982935160000000474e-01 2.159880579999999828e-01 0.000000000000000000e+00 2.195295800000000297e-01 5.834600380000000142e-01 3.186897639999999865e-01 3.090075119999999842e-01
1.644272280000000086e-01 1.708460560000000239e-01 1.741283279999999989e-01 2.690435059999999878e-01 2.338912979999999975e-01 1.892546680000000148e-01 3.305485000000000229e-01 2.679743099999999933e-01 3.040357820000000322e-01 2.797602900000000226e-01 1.656657079999999949e-01 2.160047079999999897e-01 2.135967079999999962e-01 2.975757819999999554e-01 4.033614179999999716e-01 5.113325060000000200e-01 8.033853960000000294e-01 2.195295800000000297e-01 0.000000000000000000e+00 1.961909820000000138e-01 2.368392099999999945e-01 2.553837640000000131e-01
2.589844740000000201e-01 2.137172119999999897e-01 3.518693099999999907e-01 2.684248439999999958e-01 2.613999519999999910e-01 2.934893960000000135e-01 4.498266419999999988e-01 2.645014840000000089e-01 2.933738479999999926e-01 2.998471260000000194e-01 3.861812000000000578e-01 2.223925579999999902e-01 3.469300760000000317e-01 2.955364120000000261e-01 6.141849500000000628e-01 3.076950039999999942e-01 1.930281839999999915e-01 5.834600380000000142e-01 1.961909820000000138e-01 0.000000000000000000e+00 3.060266340000000196e-01 2.643764240000000543e-01
1.484038020000000013e-01 2.838180080000000105e-01 7.472846979999999695e-01 1.579585339999999838e-01 2.880045240000000395e-01 1.731815219999999766e-01 3.210175060000000080e-01 2.486099680000000145e-01 3.362918619999999970e-01 5.273373919999999604e-01 7.549744499999999636e-01 2.307792179999999804e-01 8.256853859999999656e-01 2.840383639999999876e-01 3.770414120000000202e-01 2.440854600000000318e-01 3.255189560000000260e-01 3.186897639999999865e-01 2.368392099999999945e-01 3.060266340000000196e-01 0.000000000000000000e+00 4.998099980000000331e-01
2.160142339999999717e-01 2.524135720000000305e-01 4.911661320000000330e-01 6.339610940000000028e-01 2.491076599999999530e-01 2.666334220000000643e-01 3.607223480000000260e-01 5.602797099999999864e-01 6.367313479999999748e-01 3.245567280000000165e-01 4.695884659999999822e-01 5.700625099999999668e-01 4.696886479999999864e-01 4.223018139999999976e-01 2.593842179999999997e-01 2.998841039999999847e-01 2.830267300000000041e-01 3.090075119999999842e-01 2.553837640000000131e-01 2.643764240000000543e-01 4.998099980000000331e-01 0.000000000000000000e+00
