0.000000000000000000e+00 2.444036159999999902e-01 2.247338720000000012e-01 2.815288599999999919e-01 1.737530019999999897e-01 7.092295379999999927e-01 2.990901000000000254e-01 1.884895619999999716e-01 3.611936040000000014e-01 1.651345759999999774e-01 2.479938540000000136e-01 2.760784760000000171e-01 2.101885419999999782e-01 3.432987379999999922e-01 3.629759160000000096e-01 2.595744059999999798e-01 2.957047419999999649e-01 3.250169940000000035e-01 2.473567379999999927e-01 4.350304600000000077e-01 1.915850060000000021e-01 2.896505120000000266e-01
2.444036159999999902e-01 0.000000000000000000e+00 2.436225499999999933e-01 2.066501439999999801e-01 7.244091299999999567e-01 2.584335640000000045e-01 2.005955059999999790e-01 1.974980980000000108e-01 1.829522700000000002e-01 2.008900100000000077e-01 2.069942160000000086e-01 1.670635119999999696e-01 2.234627379999999941e-01 1.624088700000000107e-01 1.630258360000000351e-01 2.682077999999999962e-01 2.574477480000000318e-01 1.767120400000000147e-01 2.870328639999999987e-01 1.524652599999999913e-01 2.329681679999999755e-01 1.953992139999999877e-01
2.247338720000000012e-01 2.436225499999999933e-01 0.000000000000000000e+00 2.851664440000000189e-01 2.490664680000000408e-01 1.852711900000000023e-01 4.489570559999999655e-01 2.458651960000000081e-01 4.266308480000000070e-01 5.131228620000001239e-01 7.811237799999999343e-01 2.909931819999999614e-01 7.946432359999999750e-01 3.316224060000000362e-01 3.136801900000000254e-01 2.259693239999999714e-01 2.412642560000000103e-01 2.441886820000000180e-01 2.182516200000000350e-01 3.006041560000000112e-01 7.466822759999999226e-01 4.201395820000000114e-01
2.815288599999999919e-01 2.066501439999999801e-01 2.851664440000000189e-01 0.000000000000000000e+00 2.186680960000000340e-01 2.946786479999999875e-01 2.872970600000000485e-01 5.356596540000000406e-01 4.723299019999999682e-01 4.156863100000000033e-01 2.354457619999999751e-01 7.308563640000000916e-01 2.783793540000000233e-01 4.832167619999999664e-01 2.777430740000000342e-01 3.058204299999999765e-01 2.129562820000000245e-01 2.290147080000000113e-01 2.167992639999999915e-01 2.680300260000000323e-01 3.618714199999999437e-01 5.448569400000000673e-01
1.737530019999999897e-01 7.244091299999999567e-01 2.490664680000000408e-01 2.186680960000000340e-01 0.000000000000000000e+00 2.517225739999999767e-01 2.411381560000000202e-01 2.221248839999999947e-01 1.924379559999999934e-01 1.938022040000000057e-01 2.107452460000000249e-01 2.046384119999999918e-01 2.614388460000000025e-01 1.991017340000000302e-01 1.891868139999999809e-01 2.226916859999999720e-01 2.440516960000000124e-01 1.826500619999999742e-01 1.984742580000000145e-01 1.584801840000000239e-01 2.532475640000000361e-01 1.521825420000000040e-01
7.092295379999999927e-01 2.584335640000000045e-01 1.852711900000000023e-01 2.946786479999999875e-01 2.517225739999999767e-01 0.000000000000000000e+00 2.522900680000000340e-01 2.866660460000000077e-01 3.159660699999999878e-01 1.674044459999999845e-01 1.826938379999999973e-01 2.719807880000000289e-01 1.927741180000000221e-01 2.914748119999999720e-01 3.025404820000000550e-01 2.464289660000000270e-01 3.175264160000000335e-01 3.269141420000000187e-01 2.552235439999999689e-01 4.492707779999999818e-01 2.541093939999999884e-01 3.029125879999999826e-01
2.990901000000000254e-01 2.005955059999999790e-01 4.489570559999999655e-01 2.872970600000000485e-01 2.411381560000000202e-01 2.522900680000000340e-01 0.000000000000000000e+00 2.419227700000000369e-01 4.056641739999999885e-01 4.730195779999999961e-01 5.861207619999999618e-01 2.773994800000000316e-01 5.603651519999999220e-01 2.355612459999999742e-01 4.630196100000000259e-01 3.484087180000000061e-01 2.219369980000000242e-01 4.117333399999999477e-01 3.772532979999999592e-01 4.637630119999999745e-01 4.560403539999999256e-01 3.664454400000000112e-01
1.884895619999999716e-01 1.974980980000000108e-01 2.458651960000000081e-01 5.356596540000000406e-01 2.221248839999999947e-01 2.866660460000000077e-01 2.419227700000000369e-01 0.000000000000000000e+00 4.066380639999999103e-01 3.658795060000000210e-01 2.255815959999999953e-01 5.639481800000000211e-01 2.838285340000000212e-01 3.502797699999999903e-01 1.998543959999999897e-01 2.948851200000000006e-01 2.501024280000000433e-01 2.310580240000000285e-01 3.094085599999999436e-01 3.177696600000000093e-01 3.962331680000000245e-01 5.273907479999999648e-01
3.611936040000000014e-01 1.829522700000000002e-01 4.266308480000000070e-01 4.723299019999999682e-01 1.924379559999999934e-01 3.159660699999999878e-01 4.056641739999999885e-01 4.066380639999999103e-01 0.000000000000000000e+00 3.686898299999999962e-01 4.010922160000000014e-01 4.638553140000000186e-01 3.252692859999999353e-01 3.596434620000000248e-01 2.003751859999999829e-01 2.169350180000000350e-01 2.157449139999999821e-01 3.048676659999999816e-01 1.746007219999999860e-01 2.214738019999999974e-01 3.749474740000000028e-01 3.831527579999999267e-01
1.651345759999999774e-01 2.008900100000000077e-01 5.131228620000001239e-01 4.156863100000000033e-01 1.938022040000000057e-01 1.674044459999999845e-01 4.730195779999999961e-01 3.658795060000000210e-01 3.686898299999999962e-01 0.000000000000000000e+00 5.331204119999999325e-01 4.592513619999999963e-01 6.311741279999999454e-01 2.476463839999999972e-01 2.562437199999999526e-01 2.548264900000000166e-01 2.137381079999999822e-01 1.951428319999999883e-01 2.034236120000000037e-01 2.070062540000000006e-01 5.754400299999999913e-01 2.195152320000000046e-01
2.479938540000000136e-01 2.069942160000000086e-01 7.811237799999999343e-01 2.354457619999999751e-01 2.107452460000000249e-01 1.826938379999999973e-01 5.861207619999999618e-01 2.255815959999999953e-01 4.010922160000000014e-01 5.331204119999999325e-01 0.000000000000000000e+00 2.294562780000000135e-01 8.260143880000001548e-01 2.770663560000000136e-01 3.423427579999999137e-01 1.746023439999999927e-01 2.746547460000000052e-01 2.730980459999999832e-01 2.473478620000000294e-01 2.887536540000000262e-01 7.574225220000000425e-01 4.485265379999999746e-01
2.760784760000000171e-01 1.670635119999999696e-01 2.909931819999999614e-01 7.308563640000000916e-01 2.046384119999999918e-01 2.719807880000000289e-01 2.773994800000000316e-01 5.639481800000000211e-01 4.638553140000000186e-01 4.592513619999999963e-01 2.294562780000000135e-01 0.000000000000000000e+00 2.832042779999999760e-01 4.199398619999999416e-01 2.054944240000000089e-01 2.671801900000000396e-01 2.364051199999999964e-01 2.370871039999999930e-01 3.220540599999999753e-01 2.534411580000000552e-01 3.573864540000000201e-01 5.427893919999999817e-01
2.101885419999999782e-01 2.234627379999999941e-01 7.946432359999999750e-01 2.783793540000000233e-01 2.614388460000000025e-01 1.927741180000000221e-01 5.603651519999999220e-01 2.838285340000000212e-01 3.252692859999999353e-01 6.311741279999999454e-01 8.260143880000001548e-01 2.832042779999999760e-01 0.000000000000000000e+00 2.747290919999999526e-01 3.026419500000000484e-01 2.323751039999999990e-01 2.339638639999999936e-01 2.552169039999999667e-01 2.292340159999999849e-01 3.185734960000000116e-01 8.274881019999998921e-01 4.186583040000000366e-01
3.432987379999999922e-01 1.624088700000000107e-01 3.316224060000000362e-01 4.832167619999999664e-01 1.991017340000000302e-01 2.914748119999999720e-01 2.355612459999999742e-01 3.502797699999999903e-01 3.596434620000000248e-01 2.476463839999999972e-01 2.770663560000000136e-01 4.199398619999999416e-01 2.747290919999999526e-01 0.000000000000000000e+00 2.345178440000000308e-01 4.150470480000000295e-01 1.732045040000000091e-01 1.652647580000000116e-01 2.067666640000000167e-01 2.395704479999999914e-01 3.067272740000000497e-01 2.655369140000000128e-01
3.629759160000000096e-01 1.630258360000000351e-01 3.136801900000000254e-01 2.777430740000000342e-01 1.891868139999999809e-01 3.025404820000000550e-01 4.630196100000000259e-01 1.998543959999999897e-01 2.003751859999999829e-01 2.562437199999999526e-01 3.423427579999999137e-01 2.054944240000000089e-01 3.026419500000000484e-01 2.345178440000000308e-01 0.000000000000000000e+00 4.520013800000000082e-01 5.351782640000000146e-01 4.607003399999999860e-01 5.487614479999999295e-01 6.079208620000000618e-01 3.261712359999999755e-01 3.298738399999999737e-01
2.595744059999999798e-01 2.682077999999999962e-01 2.259693239999999714e-01 3.058204299999999765e-01 2.226916859999999720e-01 2.464289660000000270e-01 3.484087180000000061e-01 2.948851200000000006e-01 2.169350180000000350e-01 2.548264900000000166e-01 1.746023439999999927e-01 2.671801900000000396e-01 2.323751039999999990e-01 4.150470480000000295e-01 4.520013800000000082e-01 0.000000000000000000e+00 4.659310500000000133e-01 4.894966980000000634e-01 6.397080360000000354e-01 4.870082939999999527e-01 2.563633580000000411e-01 3.275945959999999602e-01
2.957047419999999649e-01 2.574477480000000318e-01 2.412642560000000103e-01 2.129562820000000245e-01 2.440516960000000124e-01 3.175264160000000335e-01 2.219369980000000242e-01 2.501024280000000433e-01 2.157449139999999821e-01 2.137381079999999822e-01 2.746547460000000052e-01 2.364051199999999964e-01 2.339638639999999936e-01 1.732045040000000091e-01 5.351782640000000146e-01 4.659310500000000133e-01 0.000000000000000000e+00 3.312504680000000201e-01 8.014782599999999979e-01 3.402984259999999872e-01 2.442109960000000135e-01 2.749307879999999815e-01
3.250169940000000035e-01 1.767120400000000147e-01 2.441886820000000180e-01 2.290147080000000113e-01 1.826500619999999742e-01 3.269141420000000187e-01 4.117333399999999477e-01 2.310580240000000285e-01 3.048676659999999816e-01 1.951428319999999883e-01 2.730980459999999832e-01 2.370871039999999930e-01 2.552169039999999667e-01 1.652647580000000116e-01 4.607003399999999860e-01 4.894966980000000634e-01 3.312504680000000201e-01 0.000000000000000000e+00 3.978253279999999781e-01 7.550991559999999936e-01 2.865050740000000262e-01 4.231430939999999974e-01
2.473567379999999927e-01 2.870328639999999987e-01 2.182516200000000350e-01 2.167992639999999915e-01 1.984742580000000145e-01 2.552235439999999689e-01 3.772532979999999592e-01 3.094085599999999436e-01 1.746007219999999860e-01 2.034236120000000037e-01 2.473478620000000294e-01 3.220540599999999753e-01 2.292340159999999849e-01 2.067666640000000167e-01 5.487614479999999295e-01 6.397080360000000354e-01 8.014782599999999979e-01 3.978253279999999781e-01 0.000000000000000000e+00 3.898148999999999642e-01 2.489409420000000261e-01 3.170692319999999786e-01
4.350304600000000077e-01 1.524652599999999913e-01 3.006041560000000112e-01 2.680300260000000323e-01 1.584801840000000239e-01 4.492707779999999818e-01 4.637630119999999745e-01 3.177696600000000093e-01 2.214738019999999974e-01 2.070062540000000006e-01 2.887536540000000262e-01 2.534411580000000552e-01 3.185734960000000116e-01 2.395704479999999914e-01 6.079208620000000618e-01 4.870082939999999527e-01 3.402984259999999872e-01 7.550991559999999936e-01 3.898148999999999642e-01 0.000000000000000000e+00 3.242697360000000306e-01 3.799295340000000132e-01
1.915850060000000021e-01 2.329681679999999755e-01 7.466822759999999226e-01 3.618714199999999437e-01 2.532475640000000361e-01 2.541093939999999884e-01 4.560403539999999256e-01 3.962331680000000245e-01 3.749474740000000028e-01 5.754400299999999913e-01 7.574225220000000425e-01 3.573864540000000201e-01 8.274881019999998921e-01 3.067272740000000497e-01 3.261712359999999755e-01 2.563633580000000411e-01 2.442109960000000135e-01 2.865050740000000262e-01 2.489409420000000261e-01 3.242697360000000306e-01 0.000000000000000000e+00 4.285815919999999002e-01
2.896505120000000266e-01 1.953992139999999877e-01 4.201395820000000114e-01 5.448569400000000673e-01 1.521825420000000040e-01 3.029125879999999826e-01 3.664454400000000112e-01 5.273907479999999648e-01 3.831527579999999267e-01 2.195152320000000046e-01 4.485265379999999746e-01 5.427893919999999817e-01 4.186583040000000366e-01 2.655369140000000128e-01 3.298738399999999737e-01 3.275945959999999602e-01 2.749307879999999815e-01 4.231430939999999974e-01 3.170692319999999786e-01 3.799295340000000132e-01 4.285815919999999002e-01 0.000000000000000000e+00
