0.000000000000000000e+00 7.069745180000001072e-01 4.731497919999999580e-01 5.440294159999999879e-01 7.509367599999999809e-01 8.987132939999999959e-01 9.600628399999999729e-02 1.562207659999999831e-01 2.052837960000000184e-01 1.686845939999999933e-01 1.559824459999999968e-01 1.233535440000000094e-01 1.786135460000000119e-01 1.283039180000000168e-01 1.004069320000000182e-01 1.140812060000000044e-01 9.445909400000000733e-02 8.628670800000000363e-02 9.615785600000001376e-02 8.177609799999999152e-02 1.902475660000000068e-01 1.797148519999999805e-01
7.069745180000001072e-01 0.000000000000000000e+00 5.588956040000000458e-01 5.586248300000000722e-01 8.698577100000000062e-01 6.814904960000000012e-01 1.324434500000000181e-01 2.109333919999999973e-01 2.891046259999999757e-01 2.615165660000000059e-01 2.202241519999999786e-01 2.114774540000000091e-01 2.438593239999999884e-01 2.156418820000000347e-01 9.229216800000000775e-02 1.252088619999999763e-01 8.619025399999999393e-02 1.040687460000000036e-01 8.501215999999998940e-02 1.204706120000000047e-01 2.600011039999999829e-01 2.677577360000000239e-01
4.731497919999999580e-01 5.588956040000000458e-01 0.000000000000000000e+00 5.857868680000000161e-01 5.474925340000000862e-01 4.684022439999999676e-01 4.499207540000000338e-01 3.729190580000000255e-01 6.277348379999999617e-01 4.941288879999999328e-01 6.476107219999999165e-01 3.591379479999999846e-01 6.487981200000000337e-01 3.113695519999999939e-01 2.263681459999999923e-01 1.923809400000000003e-01 1.048889200000000105e-01 1.259233359999999968e-01 1.394255400000000145e-01 2.498214839999999826e-01 6.509597499999999481e-01 5.531513539999999285e-01
5.440294159999999879e-01 5.586248300000000722e-01 5.857868680000000161e-01 0.000000000000000000e+00 5.225822620000000196e-01 5.263127920000000293e-01 3.397359679999999993e-01 5.507784839999999571e-01 5.496934500000000279e-01 6.205841559999999424e-01 3.962751640000000131e-01 6.164843140000000332e-01 4.090110919999999650e-01 5.752792899999999987e-01 1.102374420000000049e-01 2.888257559999999891e-01 9.921611599999999309e-02 1.137450840000000102e-01 1.501439260000000109e-01 2.222229760000000165e-01 5.013884560000000379e-01 5.973533039999999739e-01
7.509367599999999809e-01 8.698577100000000062e-01 5.474925340000000862e-01 5.225822620000000196e-01 0.000000000000000000e+00 7.354055900000000534e-01 1.201671019999999979e-01 1.862016019999999938e-01 2.622814700000000165e-01 2.224953839999999905e-01 2.045381840000000118e-01 1.771265160000000116e-01 2.274017919999999915e-01 1.744714420000000321e-01 7.797242200000001344e-02 1.283390400000000153e-01 8.345100800000000707e-02 9.867172999999999916e-02 9.133198400000000494e-02 1.056102220000000036e-01 2.410724300000000042e-01 2.426159159999999593e-01
8.987132939999999959e-01 6.814904960000000012e-01 4.684022439999999676e-01 5.263127920000000293e-01 7.354055900000000534e-01 0.000000000000000000e+00 6.899716200000001465e-02 1.386909820000000182e-01 1.711620420000000142e-01 1.626567080000000109e-01 1.512446760000000223e-01 1.462013799999999919e-01 1.649555680000000246e-01 1.350478959999999728e-01 1.014850080000000015e-01 1.293789860000000014e-01 9.189550999999998582e-02 7.924493999999999982e-02 9.494059399999998927e-02 6.947354999999999503e-02 1.767120779999999947e-01 1.681635019999999925e-01
9.600628399999999729e-02 1.324434500000000181e-01 4.499207540000000338e-01 3.397359679999999993e-01 1.201671019999999979e-01 6.899716200000001465e-02 0.000000000000000000e+00 5.251670400000001404e-01 5.094173360000000539e-01 4.922472019999999948e-01 5.162637780000000065e-01 3.728119779999999883e-01 4.717086759999999934e-01 3.033093759999999639e-01 6.004511600000000948e-01 3.695330840000000672e-01 1.955215159999999786e-01 1.500983320000000287e-01 2.316500700000000135e-01 4.780209160000000179e-01 5.082850480000000726e-01 4.698490560000000427e-01
1.562207659999999831e-01 2.109333919999999973e-01 3.729190580000000255e-01 5.507784839999999571e-01 1.862016019999999938e-01 1.386909820000000182e-01 5.251670400000001404e-01 0.000000000000000000e+00 5.352287099999999409e-01 6.176172500000000065e-01 3.713321800000000117e-01 6.165865099999999766e-01 3.624027699999999852e-01 5.195248899999999059e-01 1.592203999999999842e-01 5.883959639999999380e-01 1.781063740000000117e-01 1.637687959999999943e-01 2.931976980000000066e-01 3.762116560000000054e-01 4.666952919999999838e-01 5.892905820000000627e-01
2.052837960000000184e-01 2.891046259999999757e-01 6.277348379999999617e-01 5.496934500000000279e-01 2.622814700000000165e-01 1.711620420000000142e-01 5.094173360000000539e-01 5.352287099999999409e-01 0.000000000000000000e+00 5.902214999999999545e-01 6.387453819999999727e-01 5.085342319999999194e-01 6.931696519999999140e-01 4.468738359999999687e-01 2.339521499999999976e-01 2.464230559999999737e-01 9.987175200000000808e-02 1.280565979999999937e-01 1.770981699999999992e-01 3.214430420000000121e-01 7.252796139999999614e-01 7.060163259999999719e-01
1.686845939999999933e-01 2.615165660000000059e-01 4.941288879999999328e-01 6.205841559999999424e-01 2.224953839999999905e-01 1.626567080000000109e-01 4.922472019999999948e-01 6.176172500000000065e-01 5.902214999999999545e-01 0.000000000000000000e+00 5.226629120000000350e-01 6.717061039999999705e-01 5.124543980000000332e-01 7.264963859999999940e-01 1.855604259999999728e-01 3.352214459999999785e-01 1.277011239999999992e-01 1.499000399999999844e-01 2.041869960000000095e-01 3.192589860000000224e-01 6.110911180000000442e-01 6.819365840000000123e-01
1.559824459999999968e-01 2.202241519999999786e-01 6.476107219999999165e-01 3.962751640000000131e-01 2.045381840000000118e-01 1.512446760000000223e-01 5.162637780000000065e-01 3.713321800000000117e-01 6.387453819999999727e-01 5.226629120000000350e-01 0.000000000000000000e+00 3.708891320000000102e-01 7.795108080000000550e-01 2.938946000000000058e-01 2.044263940000000113e-01 1.770192879999999969e-01 1.257427980000000167e-01 1.231307659999999887e-01 1.765513599999999905e-01 2.683227380000000051e-01 7.188155440000000285e-01 6.321363660000000051e-01
1.233535440000000094e-01 2.114774540000000091e-01 3.591379479999999846e-01 6.164843140000000332e-01 1.771265160000000116e-01 1.462013799999999919e-01 3.728119779999999883e-01 6.165865099999999766e-01 5.085342319999999194e-01 6.717061039999999705e-01 3.708891320000000102e-01 0.000000000000000000e+00 3.570275299999999818e-01 6.982608359999998848e-01 1.573945700000000114e-01 2.745403999999999622e-01 1.073695260000000068e-01 1.054003900000000105e-01 1.525012320000000143e-01 2.565112939999999453e-01 4.490112840000000105e-01 6.201280000000000125e-01
1.786135460000000119e-01 2.438593239999999884e-01 6.487981200000000337e-01 4.090110919999999650e-01 2.274017919999999915e-01 1.649555680000000246e-01 4.717086759999999934e-01 3.624027699999999852e-01 6.931696519999999140e-01 5.124543980000000332e-01 7.795108080000000550e-01 3.570275299999999818e-01 0.000000000000000000e+00 2.974366199999999849e-01 1.766387979999999858e-01 1.774743280000000145e-01 1.227265780000000028e-01 1.331802879999999800e-01 1.764992979999999989e-01 2.520485419999999865e-01 7.263610360000000155e-01 5.815655680000000327e-01
1.283039180000000168e-01 2.156418820000000347e-01 3.113695519999999939e-01 5.752792899999999987e-01 1.744714420000000321e-01 1.350478959999999728e-01 3.033093759999999639e-01 5.195248899999999059e-01 4.468738359999999687e-01 7.264963859999999940e-01 2.938946000000000058e-01 6.982608359999998848e-01 2.974366199999999849e-01 0.000000000000000000e+00 9.886961400000000844e-02 2.570921980000000495e-01 1.021058199999999860e-01 1.066162420000000138e-01 1.473413020000000073e-01 2.110535780000000194e-01 3.945985180000000092e-01 5.403806760000000597e-01
1.004069320000000182e-01 9.229216800000000775e-02 2.263681459999999923e-01 1.102374420000000049e-01 7.797242200000001344e-02 1.014850080000000015e-01 6.004511600000000948e-01 1.592203999999999842e-01 2.339521499999999976e-01 1.855604259999999728e-01 2.044263940000000113e-01 1.573945700000000114e-01 1.766387979999999858e-01 9.886961400000000844e-02 0.000000000000000000e+00 1.351636940000000009e-01 1.485655439999999938e-01 1.706947779999999915e-01 1.546102819999999878e-01 2.496074179999999976e-01 2.093770679999999995e-01 1.699380440000000103e-01
1.140812060000000044e-01 1.252088619999999763e-01 1.923809400000000003e-01 2.888257559999999891e-01 1.283390400000000153e-01 1.293789860000000014e-01 3.695330840000000672e-01 5.883959639999999380e-01 2.464230559999999737e-01 3.352214459999999785e-01 1.770192879999999969e-01 2.745403999999999622e-01 1.774743280000000145e-01 2.570921980000000495e-01 1.351636940000000009e-01 0.000000000000000000e+00 1.259473700000000029e-01 1.604994059999999834e-01 2.010254680000000127e-01 2.414859260000000174e-01 2.138046120000000327e-01 2.623093979999999714e-01
9.445909400000000733e-02 8.619025399999999393e-02 1.048889200000000105e-01 9.921611599999999309e-02 8.345100800000000707e-02 9.189550999999998582e-02 1.955215159999999786e-01 1.781063740000000117e-01 9.987175200000000808e-02 1.277011239999999992e-01 1.257427980000000167e-01 1.073695260000000068e-01 1.227265780000000028e-01 1.021058199999999860e-01 1.485655439999999938e-01 1.259473700000000029e-01 0.000000000000000000e+00 1.686519820000000058e-01 8.877266320000000155e-01 2.355971419999999816e-01 1.169618060000000154e-01 1.342645379999999888e-01
8.628670800000000363e-02 1.040687460000000036e-01 1.259233359999999968e-01 1.137450840000000102e-01 9.867172999999999916e-02 7.924493999999999982e-02 1.500983320000000287e-01 1.637687959999999943e-01 1.280565979999999937e-01 1.499000399999999844e-01 1.231307659999999887e-01 1.054003900000000105e-01 1.331802879999999800e-01 1.066162420000000138e-01 1.706947779999999915e-01 1.604994059999999834e-01 1.686519820000000058e-01 0.000000000000000000e+00 1.982954799999999962e-01 6.770897639999999829e-01 1.333277320000000044e-01 1.347690980000000038e-01
9.615785600000001376e-02 8.501215999999998940e-02 1.394255400000000145e-01 1.501439260000000109e-01 9.133198400000000494e-02 9.494059399999998927e-02 2.316500700000000135e-01 2.931976980000000066e-01 1.770981699999999992e-01 2.041869960000000095e-01 1.765513599999999905e-01 1.525012320000000143e-01 1.764992979999999989e-01 1.473413020000000073e-01 1.546102819999999878e-01 2.010254680000000127e-01 8.877266320000000155e-01 1.982954799999999962e-01 0.000000000000000000e+00 2.545578980000000047e-01 1.795247059999999784e-01 2.133654040000000085e-01
8.177609799999999152e-02 1.204706120000000047e-01 2.498214839999999826e-01 2.222229760000000165e-01 1.056102220000000036e-01 6.947354999999999503e-02 4.780209160000000179e-01 3.762116560000000054e-01 3.214430420000000121e-01 3.192589860000000224e-01 2.683227380000000051e-01 2.565112939999999453e-01 2.520485419999999865e-01 2.110535780000000194e-01 2.496074179999999976e-01 2.414859260000000174e-01 2.355971419999999816e-01 6.770897639999999829e-01 2.545578980000000047e-01 0.000000000000000000e+00 2.933825079999999863e-01 2.924624399999999902e-01
1.902475660000000068e-01 2.600011039999999829e-01 6.509597499999999481e-01 5.013884560000000379e-01 2.410724300000000042e-01 1.767120779999999947e-01 5.082850480000000726e-01 4.666952919999999838e-01 7.252796139999999614e-01 6.110911180000000442e-01 7.188155440000000285e-01 4.490112840000000105e-01 7.263610360000000155e-01 3.945985180000000092e-01 2.093770679999999995e-01 2.138046120000000327e-01 1.169618060000000154e-01 1.333277320000000044e-01 1.795247059999999784e-01 2.933825079999999863e-01 0.000000000000000000e+00 7.223569199999999579e-01
1.797148519999999805e-01 2.677577360000000239e-01 5.531513539999999285e-01 5.973533039999999739e-01 2.426159159999999593e-01 1.681635019999999925e-01 4.698490560000000427e-01 5.892905820000000627e-01 7.060163259999999719e-01 6.819365840000000123e-01 6.321363660000000051e-01 6.201280000000000125e-01 5.815655680000000327e-01 5.403806760000000597e-01 1.699380440000000103e-01 2.623093979999999714e-01 1.342645379999999888e-01 1.347690980000000038e-01 2.133654040000000085e-01 2.924624399999999902e-01 7.223569199999999579e-01 0.000000000000000000e+00
