0.000000000000000000e+00 3.007220080000000406e-01 1.920559480000000319e-01 2.480305340000000247e-01 2.791648319999999739e-01 7.579021160000000146e-01 1.772820700000000138e-01 2.328555240000000082e-01 2.053660180000000113e-01 2.491831099999999855e-01 1.522654579999999924e-01 2.433910280000000093e-01 1.324921800000000149e-01 3.148258580000000140e-01 3.522296919999999831e-01 1.920349939999999866e-01 1.974103020000000097e-01 1.571268880000000201e-01 1.541873899999999797e-01 2.290487900000000021e-01 2.710856680000000019e-01 2.303021779999999963e-01
3.007220080000000406e-01 0.000000000000000000e+00 3.327993880000000293e-01 1.697564759999999895e-01 7.739554099999998993e-01 3.355764999999999443e-01 2.817304339999999740e-01 2.179173459999999840e-01 2.687014799999999926e-01 1.955171159999999908e-01 2.380705300000000302e-01 1.970369760000000026e-01 2.424369780000000252e-01 2.093305059999999995e-01 2.691646580000000566e-01 2.569941939999999536e-01 2.960420460000000031e-01 2.576969000000000065e-01 2.697543119999999961e-01 3.528296140000000136e-01 2.765570019999999962e-01 2.518440779999999712e-01
1.920559480000000319e-01 3.327993880000000293e-01 0.000000000000000000e+00 2.183894340000000212e-01 4.019596899999999806e-01 2.636350479999999830e-01 4.805566800000000138e-01 2.602375160000000021e-01 2.090867139999999791e-01 4.652405000000000013e-01 7.882471620000000012e-01 2.648319659999999742e-01 7.426757460000000810e-01 3.185747700000000071e-01 1.951599059999999941e-01 2.390360420000000041e-01 2.398593260000000116e-01 2.675174300000000005e-01 3.033565379999999534e-01 2.019393220000000044e-01 6.651807980000000731e-01 4.366634820000000472e-01
2.480305340000000247e-01 1.697564759999999895e-01 2.183894340000000212e-01 0.000000000000000000e+00 2.210745399999999861e-01 2.253508759999999778e-01 2.646982800000000080e-01 6.540111940000000734e-01 5.430282139999998980e-01 2.195158700000000018e-01 2.093127220000000066e-01 7.918304800000000032e-01 1.494306219999999852e-01 6.711063100000000947e-01 2.057582119999999681e-01 1.572688499999999878e-01 2.298886880000000354e-01 2.508209120000000070e-01 2.514011480000000187e-01 3.042665239999999827e-01 2.657237179999999976e-01 5.848492419999999914e-01
2.791648319999999739e-01 7.739554099999998993e-01 4.019596899999999806e-01 2.210745399999999861e-01 0.000000000000000000e+00 3.508871920000000144e-01 2.584828359999999936e-01 2.705166380000000315e-01 2.725706139999999889e-01 2.289516060000000020e-01 2.925085720000000222e-01 2.500474400000000097e-01 2.913237860000000290e-01 2.134156179999999736e-01 2.453076400000000490e-01 2.858411479999999893e-01 2.509184319999999691e-01 1.968857599999999930e-01 2.076871539999999849e-01 3.197114560000000050e-01 3.020103160000000009e-01 2.696010139999999167e-01
7.579021160000000146e-01 3.355764999999999443e-01 2.636350479999999830e-01 2.253508759999999778e-01 3.508871920000000144e-01 0.000000000000000000e+00 2.679814779999999952e-01 2.409352600000000122e-01 2.738035300000000172e-01 2.403996840000000024e-01 2.164464819999999956e-01 1.747436300000000109e-01 2.101547940000000059e-01 2.915251100000000317e-01 3.999480440000000026e-01 1.820291259999999856e-01 1.799615639999999905e-01 1.807467299999999943e-01 2.212359600000000093e-01 2.876693280000000019e-01 3.137553220000000032e-01 2.800861080000000003e-01
1.772820700000000138e-01 2.817304339999999740e-01 4.805566800000000138e-01 2.646982800000000080e-01 2.584828359999999936e-01 2.679814779999999952e-01 0.000000000000000000e+00 3.869975840000000056e-01 3.409792120000000315e-01 4.978125840000000579e-01 5.149473820000000091e-01 2.769746739999999763e-01 4.477431280000000458e-01 3.534476120000000221e-01 4.002899039999999742e-01 3.449662980000000045e-01 2.997854440000000120e-01 2.728777119999999945e-01 4.105556160000000121e-01 4.512912040000000569e-01 4.697079000000000670e-01 4.434071160000000456e-01
2.328555240000000082e-01 2.179173459999999840e-01 2.602375160000000021e-01 6.540111940000000734e-01 2.705166380000000315e-01 2.409352600000000122e-01 3.869975840000000056e-01 0.000000000000000000e+00 4.883055199999999374e-01 3.188953959999999421e-01 2.014056639999999843e-01 6.230527160000000064e-01 1.991383360000000269e-01 5.728791779999999889e-01 2.860049640000000282e-01 3.612907740000000367e-01 2.786150580000000265e-01 2.724802359999999313e-01 2.362527120000000314e-01 4.039403460000000057e-01 2.654987500000000056e-01 6.158391260000000145e-01
2.053660180000000113e-01 2.687014799999999926e-01 2.090867139999999791e-01 5.430282139999998980e-01 2.725706139999999889e-01 2.738035300000000172e-01 3.409792120000000315e-01 4.883055199999999374e-01 0.000000000000000000e+00 2.371981639999999891e-01 2.322312880000000079e-01 5.216768679999999048e-01 2.943335040000000236e-01 4.460642040000000752e-01 2.985180600000000295e-01 1.468672299999999875e-01 3.034798719999999839e-01 1.315636079999999986e-01 2.576154860000000046e-01 2.748137380000000296e-01 2.935633599999999954e-01 6.125257779999999652e-01
2.491831099999999855e-01 1.955171159999999908e-01 4.652405000000000013e-01 2.195158700000000018e-01 2.289516060000000020e-01 2.403996840000000024e-01 4.978125840000000579e-01 3.188953959999999421e-01 2.371981639999999891e-01 0.000000000000000000e+00 5.173961799999998723e-01 2.370408199999999854e-01 4.524782019999999960e-01 3.120592999999999839e-01 2.446574780000000116e-01 2.133104539999999827e-01 1.988270940000000098e-01 1.741248600000000202e-01 2.842798080000000227e-01 2.597959020000000230e-01 4.758270999999999473e-01 3.926827539999999672e-01
1.522654579999999924e-01 2.380705300000000302e-01 7.882471620000000012e-01 2.093127220000000066e-01 2.925085720000000222e-01 2.164464819999999956e-01 5.149473820000000091e-01 2.014056639999999843e-01 2.322312880000000079e-01 5.173961799999998723e-01 0.000000000000000000e+00 2.213849340000000332e-01 8.141320979999999707e-01 3.023385180000000005e-01 2.575707720000000589e-01 2.071439439999999688e-01 2.618043140000000379e-01 1.982102579999999725e-01 3.208328199999999630e-01 2.242921379999999743e-01 6.937531760000000824e-01 4.548796339999999772e-01
2.433910280000000093e-01 1.970369760000000026e-01 2.648319659999999742e-01 7.918304800000000032e-01 2.500474400000000097e-01 1.747436300000000109e-01 2.769746739999999763e-01 6.230527160000000064e-01 5.216768679999999048e-01 2.370408199999999854e-01 2.213849340000000332e-01 0.000000000000000000e+00 1.738111800000000096e-01 6.797759199999999780e-01 2.779651159999999566e-01 1.673760559999999953e-01 3.537654280000000484e-01 2.770086099999999885e-01 3.319405459999999475e-01 3.973801019999999573e-01 2.434747979999999923e-01 6.147844620000000315e-01
1.324921800000000149e-01 2.424369780000000252e-01 7.426757460000000810e-01 1.494306219999999852e-01 2.913237860000000290e-01 2.101547940000000059e-01 4.477431280000000458e-01 1.991383360000000269e-01 2.943335040000000236e-01 4.524782019999999960e-01 8.141320979999999707e-01 1.738111800000000096e-01 0.000000000000000000e+00 2.564742919999999371e-01 2.598076879999999811e-01 1.985663039999999990e-01 2.169949280000000036e-01 1.882966680000000281e-01 2.701547860000000356e-01 1.853919519999999987e-01 7.192427679999999768e-01 4.222062340000000136e-01
3.148258580000000140e-01 2.093305059999999995e-01 3.185747700000000071e-01 6.711063100000000947e-01 2.134156179999999736e-01 2.915251100000000317e-01 3.534476120000000221e-01 5.728791779999999889e-01 4.460642040000000752e-01 3.120592999999999839e-01 3.023385180000000005e-01 6.797759199999999780e-01 2.564742919999999371e-01 0.000000000000000000e+00 2.882208980000000031e-01 2.285793879999999945e-01 2.455886979999999942e-01 2.270046559999999991e-01 2.942723320000000253e-01 2.815749779999999758e-01 3.370988160000000233e-01 4.966092300000000681e-01
3.522296919999999831e-01 2.691646580000000566e-01 1.951599059999999941e-01 2.057582119999999681e-01 2.453076400000000490e-01 3.999480440000000026e-01 4.002899039999999742e-01 2.860049640000000282e-01 2.985180600000000295e-01 2.446574780000000116e-01 2.575707720000000589e-01 2.779651159999999566e-01 2.598076879999999811e-01 2.882208980000000031e-01 0.000000000000000000e+00 2.514306759999999641e-01 3.134920540000000200e-01 2.099535239999999747e-01 3.369778220000000379e-01 4.977425939999999827e-01 2.839633140000000222e-01 2.446640079999999884e-01
1.920349939999999866e-01 2.569941939999999536e-01 2.390360420000000041e-01 1.572688499999999878e-01 2.858411479999999893e-01 1.820291259999999856e-01 3.449662980000000045e-01 3.612907740000000367e-01 1.468672299999999875e-01 2.133104539999999827e-01 2.071439439999999688e-01 1.673760559999999953e-01 1.985663039999999990e-01 2.285793879999999945e-01 2.514306759999999641e-01 0.000000000000000000e+00 2.173268000000000144e-01 2.964711399999999664e-01 3.489111579999999990e-01 4.668890780000000129e-01 1.924396820000000008e-01 1.421885400000000022e-01
1.974103020000000097e-01 2.960420460000000031e-01 2.398593260000000116e-01 2.298886880000000354e-01 2.509184319999999691e-01 1.799615639999999905e-01 2.997854440000000120e-01 2.786150580000000265e-01 3.034798719999999839e-01 1.988270940000000098e-01 2.618043140000000379e-01 3.537654280000000484e-01 2.169949280000000036e-01 2.455886979999999942e-01 3.134920540000000200e-01 2.173268000000000144e-01 0.000000000000000000e+00 1.535147520000000321e-01 7.806684660000000608e-01 1.682202700000000051e-01 2.653138359999999696e-01 3.169247239999999910e-01
1.571268880000000201e-01 2.576969000000000065e-01 2.675174300000000005e-01 2.508209120000000070e-01 1.968857599999999930e-01 1.807467299999999943e-01 2.728777119999999945e-01 2.724802359999999313e-01 1.315636079999999986e-01 1.741248600000000202e-01 1.982102579999999725e-01 2.770086099999999885e-01 1.882966680000000281e-01 2.270046559999999991e-01 2.099535239999999747e-01 2.964711399999999664e-01 1.535147520000000321e-01 0.000000000000000000e+00 1.868121500000000101e-01 4.646696240000000588e-01 1.618230360000000034e-01 2.502939039999999560e-01
1.541873899999999797e-01 2.697543119999999961e-01 3.033565379999999534e-01 2.514011480000000187e-01 2.076871539999999849e-01 2.212359600000000093e-01 4.105556160000000121e-01 2.362527120000000314e-01 2.576154860000000046e-01 2.842798080000000227e-01 3.208328199999999630e-01 3.319405459999999475e-01 2.701547860000000356e-01 2.942723320000000253e-01 3.369778220000000379e-01 3.489111579999999990e-01 7.806684660000000608e-01 1.868121500000000101e-01 0.000000000000000000e+00 1.885143159999999873e-01 2.618537599999999910e-01 2.860897679999999665e-01
2.290487900000000021e-01 3.528296140000000136e-01 2.019393220000000044e-01 3.042665239999999827e-01 3.197114560000000050e-01 2.876693280000000019e-01 4.512912040000000569e-01 4.039403460000000057e-01 2.748137380000000296e-01 2.597959020000000230e-01 2.242921379999999743e-01 3.973801019999999573e-01 1.853919519999999987e-01 2.815749779999999758e-01 4.977425939999999827e-01 4.668890780000000129e-01 1.682202700000000051e-01 4.646696240000000588e-01 1.885143159999999873e-01 0.000000000000000000e+00 2.248098339999999862e-01 2.836256540000000048e-01
2.710856680000000019e-01 2.765570019999999962e-01 6.651807980000000731e-01 2.657237179999999976e-01 3.020103160000000009e-01 3.137553220000000032e-01 4.697079000000000670e-01 2.654987500000000056e-01 2.935633599999999954e-01 4.758270999999999473e-01 6.937531760000000824e-01 2.434747979999999923e-01 7.192427679999999768e-01 3.370988160000000233e-01 2.839633140000000222e-01 1.924396820000000008e-01 2.653138359999999696e-01 1.618230360000000034e-01 2.618537599999999910e-01 2.248098339999999862e-01 0.000000000000000000e+00 4.686843680000000179e-01
2.303021779999999963e-01 2.518440779999999712e-01 4.366634820000000472e-01 5.848492419999999914e-01 2.696010139999999167e-01 2.800861080000000003e-01 4.434071160000000456e-01 6.158391260000000145e-01 6.125257779999999652e-01 3.926827539999999672e-01 4.548796339999999772e-01 6.147844620000000315e-01 4.222062340000000136e-01 4.966092300000000681e-01 2.446640079999999884e-01 1.421885400000000022e-01 3.169247239999999910e-01 2.502939039999999560e-01 2.860897679999999665e-01 2.836256540000000048e-01 4.686843680000000179e-01 0.000000000000000000e+00
