0.000000000000000000e+00 4.143368980000000090e-01 2.374607239999999564e-01 2.780402379999999951e-01 3.426805880000000082e-01 7.850880580000000331e-01 1.763265519999999698e-01 1.977094620000000025e-01 2.564508899999999869e-01 3.157874640000000177e-01 2.434898119999999722e-01 2.451307959999999286e-01 2.422280560000000249e-01 3.071452820000000195e-01 1.616964799999999758e-01 2.603869160000000238e-01 2.099110100000000367e-01 2.824653160000000218e-01 2.109794540000000107e-01 2.483720100000000319e-01 2.086713319999999872e-01 2.421589479999999850e-01
4.143368980000000090e-01 0.000000000000000000e+00 2.613511099999999976e-01 2.542431720000000173e-01 7.543684440000000269e-01 3.571746059999999501e-01 2.615989699999999862e-01 1.634541060000000157e-01 2.818781559999999908e-01 3.359504020000000368e-01 1.933739120000000089e-01 2.365458960000000332e-01 1.284609160000000083e-01 2.517632539999999919e-01 2.821076879999999676e-01 2.058469820000000117e-01 2.659030180000000465e-01 2.388340160000000378e-01 3.092010280000000444e-01 2.948804779999999459e-01 2.966559819999999847e-01 2.815822440000000371e-01
2.374607239999999564e-01 2.613511099999999976e-01 0.000000000000000000e+00 1.942871300000000301e-01 2.993797160000000179e-01 1.648703900000000055e-01 4.680220199999999275e-01 3.155112860000000019e-01 2.301291340000000130e-01 5.230565000000000353e-01 8.577447840000000934e-01 2.372334500000000124e-01 7.439606100000000222e-01 1.675875339999999825e-01 2.563357640000000215e-01 3.314757039999999821e-01 2.036717079999999791e-01 3.286971479999999945e-01 2.334501240000000366e-01 2.829908600000000662e-01 7.193713019999999903e-01 3.212403640000000005e-01
2.780402379999999951e-01 2.542431720000000173e-01 1.942871300000000301e-01 0.000000000000000000e+00 2.640128999999999948e-01 2.798313920000000121e-01 2.147463560000000271e-01 6.787163940000000562e-01 5.018280259999999826e-01 2.827935259999999618e-01 2.296930520000000087e-01 7.497306220000000687e-01 2.689782920000000077e-01 6.540240780000000642e-01 1.864981840000000113e-01 2.068311239999999773e-01 2.320749380000000084e-01 2.913545519999999889e-01 2.970696820000000016e-01 3.032954159999999844e-01 2.326750999999999681e-01 5.943743120000000157e-01
3.426805880000000082e-01 7.543684440000000269e-01 2.993797160000000179e-01 2.640128999999999948e-01 0.000000000000000000e+00 3.142364659999999921e-01 1.762155420000000028e-01 1.778498279999999876e-01 2.623641700000000077e-01 3.240957740000000031e-01 2.627381500000000036e-01 1.947802299999999986e-01 1.828232580000000163e-01 2.692324600000000068e-01 2.667364420000000180e-01 2.727664300000000042e-01 2.336807559999999895e-01 3.093522039999999640e-01 2.674304660000000333e-01 2.200283399999999889e-01 3.052217580000000097e-01 3.288868879999999884e-01
7.850880580000000331e-01 3.571746059999999501e-01 1.648703900000000055e-01 2.798313920000000121e-01 3.142364659999999921e-01 0.000000000000000000e+00 1.444349879999999864e-01 2.425463959999999974e-01 2.753282700000000416e-01 2.601056080000000437e-01 1.257981619999999912e-01 2.530885520000000222e-01 1.576778719999999967e-01 2.728185420000000527e-01 1.758413560000000042e-01 2.410138060000000526e-01 2.124879080000000031e-01 2.785964680000000415e-01 2.427819699999999581e-01 2.308277639999999908e-01 1.762700919999999893e-01 2.473328480000000218e-01
1.763265519999999698e-01 2.615989699999999862e-01 4.680220199999999275e-01 2.147463560000000271e-01 1.762155420000000028e-01 1.444349879999999864e-01 0.000000000000000000e+00 3.256083779999999761e-01 1.969923299999999933e-01 4.023344540000000080e-01 5.509030459999999518e-01 2.911814560000000052e-01 5.776800319999999545e-01 1.620586300000000091e-01 5.839073100000000682e-01 3.444507980000000025e-01 3.864294560000000045e-01 3.041416680000000317e-01 4.071171579999999790e-01 4.104233099999999856e-01 4.586847360000000373e-01 3.496103859999999397e-01
1.977094620000000025e-01 1.634541060000000157e-01 3.155112860000000019e-01 6.787163940000000562e-01 1.778498279999999876e-01 2.425463959999999974e-01 3.256083779999999761e-01 0.000000000000000000e+00 5.493928860000000247e-01 3.420925799999999795e-01 2.778316060000000087e-01 7.122780380000000022e-01 3.075454559999999948e-01 6.307931740000001231e-01 2.054479039999999868e-01 1.895423220000000131e-01 2.214286780000000177e-01 3.099315960000000314e-01 2.693924759999999918e-01 3.916728019999999866e-01 2.384709299999999976e-01 6.358928979999999287e-01
2.564508899999999869e-01 2.818781559999999908e-01 2.301291340000000130e-01 5.018280259999999826e-01 2.623641700000000077e-01 2.753282700000000416e-01 1.969923299999999933e-01 5.493928860000000247e-01 0.000000000000000000e+00 2.434915699999999905e-01 2.197327920000000101e-01 5.576686900000000779e-01 2.857045500000000571e-01 3.880387439999999910e-01 1.502215560000000061e-01 1.952167880000000022e-01 2.889423500000000145e-01 3.270603499999999997e-01 2.122356619999999638e-01 4.287832220000000194e-01 1.837471620000000194e-01 5.746166360000000140e-01
3.157874640000000177e-01 3.359504020000000368e-01 5.230565000000000353e-01 2.827935259999999618e-01 3.240957740000000031e-01 2.601056080000000437e-01 4.023344540000000080e-01 3.420925799999999795e-01 2.434915699999999905e-01 0.000000000000000000e+00 5.837676020000001076e-01 4.009574139999999565e-01 5.679345399999999877e-01 3.232450119999999982e-01 2.513750579999999846e-01 2.443503260000000066e-01 3.959462939999999764e-01 1.669693839999999985e-01 2.768907240000000325e-01 2.109063079999999868e-01 6.045922519999999967e-01 2.967699899999999835e-01
2.434898119999999722e-01 1.933739120000000089e-01 8.577447840000000934e-01 2.296930520000000087e-01 2.627381500000000036e-01 1.257981619999999912e-01 5.509030459999999518e-01 2.778316060000000087e-01 2.197327920000000101e-01 5.837676020000001076e-01 0.000000000000000000e+00 2.621578039999999943e-01 8.279178619999999489e-01 1.798173659999999785e-01 2.819002439999999665e-01 3.478823879999999868e-01 2.609581200000000156e-01 3.379490980000000033e-01 2.598124899999999515e-01 3.180012979999999878e-01 7.544162420000000147e-01 3.610458239999999597e-01
2.451307959999999286e-01 2.365458960000000332e-01 2.372334500000000124e-01 7.497306220000000687e-01 1.947802299999999986e-01 2.530885520000000222e-01 2.911814560000000052e-01 7.122780380000000022e-01 5.576686900000000779e-01 4.009574139999999565e-01 2.621578039999999943e-01 0.000000000000000000e+00 2.603651580000000409e-01 6.330763020000000907e-01 2.415022299999999844e-01 2.099615719999999575e-01 2.098104380000000158e-01 2.954898919999999762e-01 2.192302760000000017e-01 4.374771659999999729e-01 2.486460499999999796e-01 6.822622620000000637e-01
2.422280560000000249e-01 1.284609160000000083e-01 7.439606100000000222e-01 2.689782920000000077e-01 1.828232580000000163e-01 1.576778719999999967e-01 5.776800319999999545e-01 3.075454559999999948e-01 2.857045500000000571e-01 5.679345399999999877e-01 8.279178619999999489e-01 2.603651580000000409e-01 0.000000000000000000e+00 2.209133520000000073e-01 2.832992840000000401e-01 3.014000039999999991e-01 1.732863880000000134e-01 2.728586700000000254e-01 2.183349560000000245e-01 2.654215300000000166e-01 6.795953540000000404e-01 2.889982959999999879e-01
3.071452820000000195e-01 2.517632539999999919e-01 1.675875339999999825e-01 6.540240780000000642e-01 2.692324600000000068e-01 2.728185420000000527e-01 1.620586300000000091e-01 6.307931740000001231e-01 3.880387439999999910e-01 3.232450119999999982e-01 1.798173659999999785e-01 6.330763020000000907e-01 2.209133520000000073e-01 0.000000000000000000e+00 1.770635459999999883e-01 1.946953839999999991e-01 1.684869180000000410e-01 3.256391019999999581e-01 1.354327540000000163e-01 3.321510480000000043e-01 1.824261899999999881e-01 4.974496119999999300e-01
1.616964799999999758e-01 2.821076879999999676e-01 2.563357640000000215e-01 1.864981840000000113e-01 2.667364420000000180e-01 1.758413560000000042e-01 5.839073100000000682e-01 2.054479039999999868e-01 1.502215560000000061e-01 2.513750579999999846e-01 2.819002439999999665e-01 2.415022299999999844e-01 2.832992840000000401e-01 1.770635459999999883e-01 0.000000000000000000e+00 2.819435439999999904e-01 4.224401480000000153e-01 3.177263819999999739e-01 3.048569839999999975e-01 4.842688499999999729e-01 3.012507439999999592e-01 3.212402260000000176e-01
2.603869160000000238e-01 2.058469820000000117e-01 3.314757039999999821e-01 2.068311239999999773e-01 2.727664300000000042e-01 2.410138060000000526e-01 3.444507980000000025e-01 1.895423220000000131e-01 1.952167880000000022e-01 2.443503260000000066e-01 3.478823879999999868e-01 2.099615719999999575e-01 3.014000039999999991e-01 1.946953839999999991e-01 2.819435439999999904e-01 0.000000000000000000e+00 3.020097519999999647e-01 3.971139419999999975e-01 4.851360259999999980e-01 2.064964859999999791e-01 1.918859860000000084e-01 2.269183020000000162e-01
2.099110100000000367e-01 2.659030180000000465e-01 2.036717079999999791e-01 2.320749380000000084e-01 2.336807559999999895e-01 2.124879080000000031e-01 3.864294560000000045e-01 2.214286780000000177e-01 2.889423500000000145e-01 3.959462939999999764e-01 2.609581200000000156e-01 2.098104380000000158e-01 1.732863880000000134e-01 1.684869180000000410e-01 4.224401480000000153e-01 3.020097519999999647e-01 0.000000000000000000e+00 2.494975839999999945e-01 7.664742399999999733e-01 2.325420039999999966e-01 2.787714020000000015e-01 2.387124720000000089e-01
2.824653160000000218e-01 2.388340160000000378e-01 3.286971479999999945e-01 2.913545519999999889e-01 3.093522039999999640e-01 2.785964680000000415e-01 3.041416680000000317e-01 3.099315960000000314e-01 3.270603499999999997e-01 1.669693839999999985e-01 3.379490980000000033e-01 2.954898919999999762e-01 2.728586700000000254e-01 3.256391019999999581e-01 3.177263819999999739e-01 3.971139419999999975e-01 2.494975839999999945e-01 0.000000000000000000e+00 2.675303760000000142e-01 5.826026380000000060e-01 2.041114140000000465e-01 2.819192759999999964e-01
2.109794540000000107e-01 3.092010280000000444e-01 2.334501240000000366e-01 2.970696820000000016e-01 2.674304660000000333e-01 2.427819699999999581e-01 4.071171579999999790e-01 2.693924759999999918e-01 2.122356619999999638e-01 2.768907240000000325e-01 2.598124899999999515e-01 2.192302760000000017e-01 2.183349560000000245e-01 1.354327540000000163e-01 3.048569839999999975e-01 4.851360259999999980e-01 7.664742399999999733e-01 2.675303760000000142e-01 0.000000000000000000e+00 2.314589059999999920e-01 2.207230020000000292e-01 2.086899680000000035e-01
2.483720100000000319e-01 2.948804779999999459e-01 2.829908600000000662e-01 3.032954159999999844e-01 2.200283399999999889e-01 2.308277639999999908e-01 4.104233099999999856e-01 3.916728019999999866e-01 4.287832220000000194e-01 2.109063079999999868e-01 3.180012979999999878e-01 4.374771659999999729e-01 2.654215300000000166e-01 3.321510480000000043e-01 4.842688499999999729e-01 2.064964859999999791e-01 2.325420039999999966e-01 5.826026380000000060e-01 2.314589059999999920e-01 0.000000000000000000e+00 2.906146840000000120e-01 4.468693579999999943e-01
2.086713319999999872e-01 2.966559819999999847e-01 7.193713019999999903e-01 2.326750999999999681e-01 3.052217580000000097e-01 1.762700919999999893e-01 4.586847360000000373e-01 2.384709299999999976e-01 1.837471620000000194e-01 6.045922519999999967e-01 7.544162420000000147e-01 2.486460499999999796e-01 6.795953540000000404e-01 1.824261899999999881e-01 3.012507439999999592e-01 1.918859860000000084e-01 2.787714020000000015e-01 2.041114140000000465e-01 2.207230020000000292e-01 2.906146840000000120e-01 0.000000000000000000e+00 3.864796899999999868e-01
2.421589479999999850e-01 2.815822440000000371e-01 3.212403640000000005e-01 5.943743120000000157e-01 3.288868879999999884e-01 2.473328480000000218e-01 3.496103859999999397e-01 6.358928979999999287e-01 5.746166360000000140e-01 2.967699899999999835e-01 3.610458239999999597e-01 6.822622620000000637e-01 2.889982959999999879e-01 4.974496119999999300e-01 3.212402260000000176e-01 2.269183020000000162e-01 2.387124720000000089e-01 2.819192759999999964e-01 2.086899680000000035e-01 4.468693579999999943e-01 3.864796899999999868e-01 0.000000000000000000e+00
