0.000000000000000000e+00 3.823145319999999847e-01 1.295779159999999874e-01 3.817217439999999740e-01 3.561881719999999696e-01 7.839153100000000318e-01 4.005114599999999581e-02 6.483908400000000516e-02 1.161457340000000144e-01 7.411007999999999485e-02 6.184226599999999990e-02 1.243392080000000066e-01 7.049113800000000873e-02 8.099671799999999533e-02 7.169419999999999960e-02 1.011546080000000070e-01 4.615233600000000214e-02 9.240528200000000525e-02 5.485958999999999974e-02 9.894067399999999235e-02 5.910107399999999650e-02 4.760573599999999572e-02
3.823145319999999847e-01 0.000000000000000000e+00 1.757286379999999926e-01 2.758528539999999807e-01 7.482388439999999585e-01 2.275785800000000025e-01 8.844854399999999006e-02 7.999503399999999265e-02 9.102657200000000004e-02 7.254499999999999837e-02 8.138972999999999347e-02 6.977896000000001486e-02 6.814309999999999812e-02 1.105090160000000016e-01 8.243265600000000692e-02 6.673922800000001154e-02 7.621201999999999144e-02 5.344988199999999023e-02 7.542250000000000343e-02 4.813748000000000332e-02 5.811242600000000869e-02 7.965016799999999342e-02
1.295779159999999874e-01 1.757286379999999926e-01 0.000000000000000000e+00 3.021061019999999320e-01 2.287380360000000334e-01 1.654931119999999978e-01 1.674724719999999833e-01 1.755690440000000074e-01 2.747889460000000339e-01 2.152636300000000114e-01 6.127750379999999941e-01 2.576285560000000086e-01 6.018472920000000892e-01 1.397894120000000018e-01 1.071870020000000034e-01 1.265440800000000032e-01 2.306938159999999960e-01 2.391708000000000445e-01 2.634180119999999792e-01 2.479778559999999688e-01 5.198728879999999775e-01 4.446994880000000316e-01
3.817217439999999740e-01 2.758528539999999807e-01 3.021061019999999320e-01 0.000000000000000000e+00 2.608285300000000584e-01 3.298063220000000406e-01 1.745881340000000059e-01 3.012992600000000132e-01 2.797130620000000123e-01 1.860597839999999781e-01 2.693436180000000069e-01 4.971376380000000483e-01 2.106156040000000118e-01 3.972402959999999927e-01 1.060082940000000029e-01 1.020930099999999979e-01 1.939907960000000209e-01 1.686992719999999835e-01 2.077319080000000207e-01 1.670044639999999914e-01 1.792825319999999945e-01 4.210443160000000296e-01
3.561881719999999696e-01 7.482388439999999585e-01 2.287380360000000334e-01 2.608285300000000584e-01 0.000000000000000000e+00 3.225796599999999903e-01 7.965651800000000948e-02 8.119156599999999280e-02 8.147081999999999935e-02 7.392614000000000130e-02 6.848638599999999632e-02 7.286512400000000333e-02 6.053385599999999700e-02 9.318395399999999940e-02 6.957756600000000735e-02 5.898259999999999614e-02 4.509900199999999915e-02 8.454140600000001338e-02 5.675386000000000319e-02 7.062610799999999300e-02 4.659072400000000003e-02 6.831850599999998719e-02
7.839153100000000318e-01 2.275785800000000025e-01 1.654931119999999978e-01 3.298063220000000406e-01 3.225796599999999903e-01 0.000000000000000000e+00 4.740709199999999790e-02 9.346854400000000063e-02 1.225576160000000081e-01 5.741393399999999980e-02 1.027644239999999931e-01 1.114915099999999881e-01 8.782568800000001286e-02 8.248923000000001060e-02 7.519635400000000691e-02 1.137799639999999834e-01 4.398695799999999961e-02 8.945835799999998783e-02 5.053958000000000755e-02 1.018812580000000023e-01 5.962398599999999688e-02 8.795197200000000326e-02
4.005114599999999581e-02 8.844854399999999006e-02 1.674724719999999833e-01 1.745881340000000059e-01 7.965651800000000948e-02 4.740709199999999790e-02 0.000000000000000000e+00 6.059853659999999698e-01 2.166569459999999891e-01 2.089256260000000032e-01 1.971625239999999779e-01 1.267220960000000063e-01 1.512574019999999853e-01 1.539172999999999791e-01 2.558344459999999931e-01 4.578673819999999894e-01 6.144482540000000270e-01 5.621523820000000615e-01 6.583573759999999941e-01 6.308727959999999024e-01 1.355460820000000122e-01 2.063024399999999758e-01
6.483908400000000516e-02 7.999503399999999265e-02 1.755690440000000074e-01 3.012992600000000132e-01 8.119156599999999280e-02 9.346854400000000063e-02 6.059853659999999698e-01 0.000000000000000000e+00 2.757497860000000522e-01 2.070652519999999774e-01 1.531829899999999911e-01 2.881877740000000077e-01 1.330965100000000012e-01 1.774728140000000065e-01 2.166915199999999986e-01 6.302922239999999565e-01 5.687841959999999641e-01 6.200039259999999830e-01 6.310679759999999749e-01 6.561438940000000608e-01 1.831458720000000151e-01 3.198335620000000157e-01
1.161457340000000144e-01 9.102657200000000004e-02 2.747889460000000339e-01 2.797130620000000123e-01 8.147081999999999935e-02 1.225576160000000081e-01 2.166569459999999891e-01 2.757497860000000522e-01 0.000000000000000000e+00 9.708957000000000004e-02 2.711265119999999862e-01 2.643022059999999840e-01 3.707173440000000597e-01 2.292654120000000018e-01 1.355698200000000075e-01 1.000135679999999833e-01 1.326142299999999996e-01 1.176517100000000066e-01 1.239603339999999915e-01 1.399987819999999883e-01 2.184535940000000009e-01 3.551693699999999287e-01
7.411007999999999485e-02 7.254499999999999837e-02 2.152636300000000114e-01 1.860597839999999781e-01 7.392614000000000130e-02 5.741393399999999980e-02 2.089256260000000032e-01 2.070652519999999774e-01 9.708957000000000004e-02 0.000000000000000000e+00 2.411231939999999851e-01 1.638127600000000017e-01 2.429280400000000117e-01 4.358672380000000457e-01 9.271846999999999728e-02 1.672321240000000098e-01 1.285670539999999862e-01 1.077098680000000142e-01 1.447994099999999895e-01 1.375790860000000171e-01 2.918747819999999993e-01 2.091332959999999963e-01
6.184226599999999990e-02 8.138972999999999347e-02 6.127750379999999941e-01 2.693436180000000069e-01 6.848638599999999632e-02 1.027644239999999931e-01 1.971625239999999779e-01 1.531829899999999911e-01 2.711265119999999862e-01 2.411231939999999851e-01 0.000000000000000000e+00 2.411546019999999957e-01 7.301777640000001179e-01 1.610370780000000002e-01 8.027973800000000326e-02 6.796344600000001068e-02 1.346323140000000029e-01 1.578199140000000056e-01 1.699201680000000381e-01 1.532229280000000082e-01 6.094144679999999870e-01 4.323604760000000491e-01
1.243392080000000066e-01 6.977896000000001486e-02 2.576285560000000086e-01 4.971376380000000483e-01 7.286512400000000333e-02 1.114915099999999881e-01 1.267220960000000063e-01 2.881877740000000077e-01 2.643022059999999840e-01 1.638127600000000017e-01 2.411546019999999957e-01 0.000000000000000000e+00 1.961472919999999731e-01 4.099547920000000123e-01 5.978098600000000123e-02 9.003357800000000299e-02 1.942679519999999938e-01 1.471679840000000017e-01 2.028072559999999913e-01 1.587323060000000174e-01 1.867603260000000043e-01 4.410785560000000105e-01
7.049113800000000873e-02 6.814309999999999812e-02 6.018472920000000892e-01 2.106156040000000118e-01 6.053385599999999700e-02 8.782568800000001286e-02 1.512574019999999853e-01 1.330965100000000012e-01 3.707173440000000597e-01 2.429280400000000117e-01 7.301777640000001179e-01 1.961472919999999731e-01 0.000000000000000000e+00 1.572420099999999876e-01 8.842933599999999728e-02 9.828408800000001944e-02 1.400396160000000056e-01 1.824390100000000126e-01 1.724475980000000352e-01 1.680451780000000173e-01 5.876164839999999945e-01 3.747789000000000259e-01
8.099671799999999533e-02 1.105090160000000016e-01 1.397894120000000018e-01 3.972402959999999927e-01 9.318395399999999940e-02 8.248923000000001060e-02 1.539172999999999791e-01 1.774728140000000065e-01 2.292654120000000018e-01 4.358672380000000457e-01 1.610370780000000002e-01 4.099547920000000123e-01 1.572420099999999876e-01 0.000000000000000000e+00 8.999999200000000088e-02 1.193735299999999916e-01 1.834205079999999821e-01 1.440536880000000131e-01 1.793669900000000039e-01 1.675982040000000006e-01 8.533933400000000280e-02 3.110535500000000120e-01
7.169419999999999960e-02 8.243265600000000692e-02 1.071870020000000034e-01 1.060082940000000029e-01 6.957756600000000735e-02 7.519635400000000691e-02 2.558344459999999931e-01 2.166915199999999986e-01 1.355698200000000075e-01 9.271846999999999728e-02 8.027973800000000326e-02 5.978098600000000123e-02 8.842933599999999728e-02 8.999999200000000088e-02 0.000000000000000000e+00 1.836279639999999769e-01 3.532964699999999736e-01 1.825060079999999973e-01 2.659918439999999773e-01 2.176785080000000205e-01 7.686845999999999957e-02 8.836761600000000993e-02
1.011546080000000070e-01 6.673922800000001154e-02 1.265440800000000032e-01 1.020930099999999979e-01 5.898259999999999614e-02 1.137799639999999834e-01 4.578673819999999894e-01 6.302922239999999565e-01 1.000135679999999833e-01 1.672321240000000098e-01 6.796344600000001068e-02 9.003357800000000299e-02 9.828408800000001944e-02 1.193735299999999916e-01 1.836279639999999769e-01 0.000000000000000000e+00 4.666539839999999661e-01 6.567668380000000194e-01 5.367207799999998974e-01 6.129122479999999928e-01 1.419734099999999943e-01 1.370740680000000211e-01
4.615233600000000214e-02 7.621201999999999144e-02 2.306938159999999960e-01 1.939907960000000209e-01 4.509900199999999915e-02 4.398695799999999961e-02 6.144482540000000270e-01 5.687841959999999641e-01 1.326142299999999996e-01 1.285670539999999862e-01 1.346323140000000029e-01 1.942679519999999938e-01 1.400396160000000056e-01 1.834205079999999821e-01 3.532964699999999736e-01 4.666539839999999661e-01 0.000000000000000000e+00 5.794249139999999576e-01 9.568903540000001096e-01 6.444543940000000415e-01 1.852607500000000018e-01 2.217022360000000525e-01
9.240528200000000525e-02 5.344988199999999023e-02 2.391708000000000445e-01 1.686992719999999835e-01 8.454140600000001338e-02 8.945835799999998783e-02 5.621523820000000615e-01 6.200039259999999830e-01 1.176517100000000066e-01 1.077098680000000142e-01 1.578199140000000056e-01 1.471679840000000017e-01 1.824390100000000126e-01 1.440536880000000131e-01 1.825060079999999973e-01 6.567668380000000194e-01 5.794249139999999576e-01 0.000000000000000000e+00 6.423644979999999505e-01 9.247530520000000198e-01 2.168485500000000010e-01 2.266171519999999884e-01
5.485958999999999974e-02 7.542250000000000343e-02 2.634180119999999792e-01 2.077319080000000207e-01 5.675386000000000319e-02 5.053958000000000755e-02 6.583573759999999941e-01 6.310679759999999749e-01 1.239603339999999915e-01 1.447994099999999895e-01 1.699201680000000381e-01 2.028072559999999913e-01 1.724475980000000352e-01 1.793669900000000039e-01 2.659918439999999773e-01 5.367207799999998974e-01 9.568903540000001096e-01 6.423644979999999505e-01 0.000000000000000000e+00 6.857933259999999809e-01 2.115951859999999907e-01 2.515535700000000041e-01
9.894067399999999235e-02 4.813748000000000332e-02 2.479778559999999688e-01 1.670044639999999914e-01 7.062610799999999300e-02 1.018812580000000023e-01 6.308727959999999024e-01 6.561438940000000608e-01 1.399987819999999883e-01 1.375790860000000171e-01 1.532229280000000082e-01 1.587323060000000174e-01 1.680451780000000173e-01 1.675982040000000006e-01 2.176785080000000205e-01 6.129122479999999928e-01 6.444543940000000415e-01 9.247530520000000198e-01 6.857933259999999809e-01 0.000000000000000000e+00 2.240958979999999878e-01 2.407389360000000145e-01
5.910107399999999650e-02 5.811242600000000869e-02 5.198728879999999775e-01 1.792825319999999945e-01 4.659072400000000003e-02 5.962398599999999688e-02 1.355460820000000122e-01 1.831458720000000151e-01 2.184535940000000009e-01 2.918747819999999993e-01 6.094144679999999870e-01 1.867603260000000043e-01 5.876164839999999945e-01 8.533933400000000280e-02 7.686845999999999957e-02 1.419734099999999943e-01 1.852607500000000018e-01 2.168485500000000010e-01 2.115951859999999907e-01 2.240958979999999878e-01 0.000000000000000000e+00 5.143698999999999355e-01
4.760573599999999572e-02 7.965016799999999342e-02 4.446994880000000316e-01 4.210443160000000296e-01 6.831850599999998719e-02 8.795197200000000326e-02 2.063024399999999758e-01 3.198335620000000157e-01 3.551693699999999287e-01 2.091332959999999963e-01 4.323604760000000491e-01 4.410785560000000105e-01 3.747789000000000259e-01 3.110535500000000120e-01 8.836761600000000993e-02 1.370740680000000211e-01 2.217022360000000525e-01 2.266171519999999884e-01 2.515535700000000041e-01 2.407389360000000145e-01 5.143698999999999355e-01 0.000000000000000000e+00
