0.000000000000000000e+00 6.322058279999999142e-01 3.280329100000000109e-01 3.586679219999999724e-01 6.922167059999999594e-01 8.530439920000001397e-01 8.773379000000000594e-02 8.948164000000000118e-02 9.996389000000001357e-02 7.703883200000000153e-02 8.152343399999999185e-02 1.024870659999999878e-01 6.946540200000000942e-02 8.253251999999999811e-02 5.339079199999999942e-02 8.854126600000000735e-02 5.314440200000000031e-02 1.095521879999999948e-01 1.014131659999999852e-01 1.373401459999999963e-01 9.883076400000001538e-02 9.796851399999999266e-02
6.322058279999999142e-01 0.000000000000000000e+00 3.344145139999999961e-01 2.553365819999999786e-01 7.821145579999999597e-01 6.087296639999999481e-01 8.315684199999999471e-02 1.023192019999999980e-01 1.128277619999999981e-01 9.918436799999999498e-02 8.166667200000000959e-02 1.249893019999999966e-01 9.575956399999999147e-02 1.082709639999999973e-01 1.146766739999999923e-01 1.296623999999999832e-01 6.401411200000001189e-02 1.075061840000000046e-01 8.291098199999999419e-02 1.558167919999999818e-01 9.444828399999999347e-02 8.827331400000000550e-02
3.280329100000000109e-01 3.344145139999999961e-01 0.000000000000000000e+00 3.064094179999999890e-01 3.828883239999999466e-01 3.249949939999999815e-01 2.804265820000000353e-01 2.125621540000000032e-01 4.806806520000000416e-01 3.535248759999999879e-01 5.853322999999999166e-01 1.757997219999999916e-01 5.785014520000000271e-01 1.566029640000000112e-01 9.750244599999999262e-02 9.798368000000000355e-02 8.324700199999998662e-02 9.582148599999999738e-02 1.006919260000000149e-01 1.018681560000000152e-01 5.102970580000000256e-01 3.997661220000000015e-01
3.586679219999999724e-01 2.553365819999999786e-01 3.064094179999999890e-01 0.000000000000000000e+00 2.619220539999999597e-01 3.482940900000000006e-01 1.850540499999999977e-01 3.757232000000000349e-01 3.751993100000000081e-01 4.705088679999999135e-01 2.074087659999999944e-01 5.690260460000000631e-01 1.756664859999999828e-01 4.931898219999999999e-01 6.539120800000000622e-02 1.321639059999999977e-01 7.675787800000000161e-02 1.010963359999999811e-01 7.134001799999999116e-02 1.923398799999999909e-01 2.710502419999999968e-01 4.003711059999999766e-01
6.922167059999999594e-01 7.821145579999999597e-01 3.828883239999999466e-01 2.619220539999999597e-01 0.000000000000000000e+00 6.510101839999999918e-01 7.130874599999999230e-02 1.016769499999999882e-01 1.109133360000000013e-01 9.591824799999999762e-02 8.916301000000000088e-02 1.134509920000000005e-01 9.255849800000001681e-02 8.236557200000001189e-02 9.224396999999999458e-02 1.284221459999999870e-01 4.818769199999999031e-02 1.384947079999999942e-01 8.754883600000000488e-02 1.393319759999999963e-01 8.664326600000001044e-02 8.695860600000000773e-02
8.530439920000001397e-01 6.087296639999999481e-01 3.249949939999999815e-01 3.482940900000000006e-01 6.510101839999999918e-01 0.000000000000000000e+00 9.632508200000000631e-02 8.286399200000001131e-02 8.013830400000000742e-02 9.461343800000002191e-02 9.518346000000001139e-02 7.943623400000000834e-02 8.097879199999999389e-02 8.255484800000000012e-02 8.238444199999998829e-02 8.696130199999999033e-02 7.657684400000000502e-02 9.449365599999999532e-02 1.077485819999999955e-01 1.247931099999999710e-01 1.154594099999999984e-01 1.157029399999999902e-01
8.773379000000000594e-02 8.315684199999999471e-02 2.804265820000000353e-01 1.850540499999999977e-01 7.130874599999999230e-02 9.632508200000000631e-02 0.000000000000000000e+00 3.704787520000000223e-01 3.349419560000000406e-01 3.199060139999999608e-01 3.911012719999999443e-01 1.952380920000000020e-01 3.137659199999999760e-01 1.680040279999999997e-01 3.806062039999999480e-01 1.801290819999999959e-01 1.286419920000000106e-01 9.701564800000000988e-02 2.198080459999999792e-01 3.838207560000000407e-01 3.313180520000000295e-01 3.192264679999999855e-01
8.948164000000000118e-02 1.023192019999999980e-01 2.125621540000000032e-01 3.757232000000000349e-01 1.016769499999999882e-01 8.286399200000001131e-02 3.704787520000000223e-01 0.000000000000000000e+00 3.511207640000000296e-01 4.348112040000000067e-01 2.383437380000000272e-01 4.547822480000000556e-01 2.125194960000000022e-01 3.729405060000000605e-01 7.248501799999999828e-02 3.723732419999999932e-01 7.669705000000000272e-02 9.297845400000000204e-02 1.421382699999999832e-01 3.693979019999999447e-01 2.319378020000000262e-01 3.800442480000000289e-01
9.996389000000001357e-02 1.128277619999999981e-01 4.806806520000000416e-01 3.751993100000000081e-01 1.109133360000000013e-01 8.013830400000000742e-02 3.349419560000000406e-01 3.511207640000000296e-01 0.000000000000000000e+00 3.948606980000000100e-01 5.196111700000000111e-01 3.896976000000000329e-01 5.875136080000000760e-01 3.196627139999999589e-01 1.061737259999999961e-01 1.088519319999999846e-01 1.162285720000000022e-01 9.261062600000000145e-02 1.293924900000000267e-01 2.192665680000000228e-01 5.394942600000000033e-01 5.509659799999999663e-01
7.703883200000000153e-02 9.918436799999999498e-02 3.535248759999999879e-01 4.705088679999999135e-01 9.591824799999999762e-02 9.461343800000002191e-02 3.199060139999999608e-01 4.348112040000000067e-01 3.948606980000000100e-01 0.000000000000000000e+00 4.225622039999999968e-01 5.947178480000000489e-01 3.643590640000000103e-01 6.605353139999999845e-01 1.210826800000000258e-01 2.185969879999999921e-01 7.196471399999999907e-02 9.345015799999999151e-02 1.180779940000000056e-01 2.465205079999999993e-01 4.427471559999999751e-01 4.787785160000000428e-01
8.152343399999999185e-02 8.166667200000000959e-02 5.853322999999999166e-01 2.074087659999999944e-01 8.916301000000000088e-02 9.518346000000001139e-02 3.911012719999999443e-01 2.383437380000000272e-01 5.196111700000000111e-01 4.225622039999999968e-01 0.000000000000000000e+00 2.136415519999999846e-01 7.685933140000000829e-01 1.871778659999999983e-01 1.189621639999999952e-01 8.810601199999999744e-02 9.736867400000000228e-02 5.035543399999999753e-02 8.110553999999998986e-02 1.784820460000000053e-01 5.897993539999999424e-01 4.237030880000000055e-01
1.024870659999999878e-01 1.249893019999999966e-01 1.757997219999999916e-01 5.690260460000000631e-01 1.134509920000000005e-01 7.943623400000000834e-02 1.952380920000000020e-01 4.547822480000000556e-01 3.896976000000000329e-01 5.947178480000000489e-01 2.136415519999999846e-01 0.000000000000000000e+00 1.700997719999999824e-01 6.921579259999999234e-01 7.591161600000000120e-02 1.429183559999999964e-01 8.117278199999999888e-02 5.371176800000000695e-02 1.165726660000000053e-01 2.028494860000000233e-01 2.387189080000000074e-01 4.464683539999999562e-01
6.946540200000000942e-02 9.575956399999999147e-02 5.785014520000000271e-01 1.756664859999999828e-01 9.255849800000001681e-02 8.097879199999999389e-02 3.137659199999999760e-01 2.125194960000000022e-01 5.875136080000000760e-01 3.643590640000000103e-01 7.685933140000000829e-01 1.700997719999999824e-01 0.000000000000000000e+00 1.412520899999999968e-01 7.105649599999999677e-02 1.039683619999999947e-01 9.425651999999999642e-02 6.104785999999999546e-02 7.976697000000000648e-02 1.398841319999999944e-01 5.672203299999999393e-01 3.896398259999999669e-01
8.253251999999999811e-02 1.082709639999999973e-01 1.566029640000000112e-01 4.931898219999999999e-01 8.236557200000001189e-02 8.255484800000000012e-02 1.680040279999999997e-01 3.729405060000000605e-01 3.196627139999999589e-01 6.605353139999999845e-01 1.871778659999999983e-01 6.921579259999999234e-01 1.412520899999999968e-01 0.000000000000000000e+00 1.007554899999999892e-01 1.518962800000000224e-01 7.273393200000000114e-02 8.122181199999999046e-02 9.895291399999998905e-02 1.640912839999999762e-01 2.133620879999999498e-01 3.618403960000000086e-01
5.339079199999999942e-02 1.146766739999999923e-01 9.750244599999999262e-02 6.539120800000000622e-02 9.224396999999999458e-02 8.238444199999998829e-02 3.806062039999999480e-01 7.248501799999999828e-02 1.061737259999999961e-01 1.210826800000000258e-01 1.189621639999999952e-01 7.591161600000000120e-02 7.105649599999999677e-02 1.007554899999999892e-01 0.000000000000000000e+00 1.311384140000000087e-01 3.788707699999999678e-01 7.303200000000001357e-02 2.823411539999999276e-01 2.838903899999999925e-01 9.427600199999999764e-02 1.080941959999999896e-01
8.854126600000000735e-02 1.296623999999999832e-01 9.798368000000000355e-02 1.321639059999999977e-01 1.284221459999999870e-01 8.696130199999999033e-02 1.801290819999999959e-01 3.723732419999999932e-01 1.088519319999999846e-01 2.185969879999999921e-01 8.810601199999999744e-02 1.429183559999999964e-01 1.039683619999999947e-01 1.518962800000000224e-01 1.311384140000000087e-01 0.000000000000000000e+00 8.301041400000000459e-02 4.283364580000000865e-01 1.957447719999999836e-01 4.085908200000000212e-01 1.123278600000000155e-01 1.346595199999999770e-01
5.314440200000000031e-02 6.401411200000001189e-02 8.324700199999998662e-02 7.675787800000000161e-02 4.818769199999999031e-02 7.657684400000000502e-02 1.286419920000000106e-01 7.669705000000000272e-02 1.162285720000000022e-01 7.196471399999999907e-02 9.736867400000000228e-02 8.117278199999999888e-02 9.425651999999999642e-02 7.273393200000000114e-02 3.788707699999999678e-01 8.301041400000000459e-02 0.000000000000000000e+00 8.255006400000000633e-02 7.351873359999999691e-01 1.376767899999999933e-01 8.637617599999999896e-02 1.149438680000000046e-01
1.095521879999999948e-01 1.075061840000000046e-01 9.582148599999999738e-02 1.010963359999999811e-01 1.384947079999999942e-01 9.449365599999999532e-02 9.701564800000000988e-02 9.297845400000000204e-02 9.261062600000000145e-02 9.345015799999999151e-02 5.035543399999999753e-02 5.371176800000000695e-02 6.104785999999999546e-02 8.122181199999999046e-02 7.303200000000001357e-02 4.283364580000000865e-01 8.255006400000000633e-02 0.000000000000000000e+00 1.077692760000000111e-01 4.473702460000000269e-01 7.994198799999999161e-02 1.108937840000000091e-01
1.014131659999999852e-01 8.291098199999999419e-02 1.006919260000000149e-01 7.134001799999999116e-02 8.754883600000000488e-02 1.077485819999999955e-01 2.198080459999999792e-01 1.421382699999999832e-01 1.293924900000000267e-01 1.180779940000000056e-01 8.110553999999998986e-02 1.165726660000000053e-01 7.976697000000000648e-02 9.895291399999998905e-02 2.823411539999999276e-01 1.957447719999999836e-01 7.351873359999999691e-01 1.077692760000000111e-01 0.000000000000000000e+00 1.996073319999999984e-01 1.040854759999999962e-01 1.103344040000000109e-01
1.373401459999999963e-01 1.558167919999999818e-01 1.018681560000000152e-01 1.923398799999999909e-01 1.393319759999999963e-01 1.247931099999999710e-01 3.838207560000000407e-01 3.693979019999999447e-01 2.192665680000000228e-01 2.465205079999999993e-01 1.784820460000000053e-01 2.028494860000000233e-01 1.398841319999999944e-01 1.640912839999999762e-01 2.838903899999999925e-01 4.085908200000000212e-01 1.376767899999999933e-01 4.473702460000000269e-01 1.996073319999999984e-01 0.000000000000000000e+00 1.477888760000000135e-01 1.741994560000000025e-01
9.883076400000001538e-02 9.444828399999999347e-02 5.102970580000000256e-01 2.710502419999999968e-01 8.664326600000001044e-02 1.154594099999999984e-01 3.313180520000000295e-01 2.319378020000000262e-01 5.394942600000000033e-01 4.427471559999999751e-01 5.897993539999999424e-01 2.387189080000000074e-01 5.672203299999999393e-01 2.133620879999999498e-01 9.427600199999999764e-02 1.123278600000000155e-01 8.637617599999999896e-02 7.994198799999999161e-02 1.040854759999999962e-01 1.477888760000000135e-01 0.000000000000000000e+00 6.360353420000000035e-01
9.796851399999999266e-02 8.827331400000000550e-02 3.997661220000000015e-01 4.003711059999999766e-01 8.695860600000000773e-02 1.157029399999999902e-01 3.192264679999999855e-01 3.800442480000000289e-01 5.509659799999999663e-01 4.787785160000000428e-01 4.237030880000000055e-01 4.464683539999999562e-01 3.896398259999999669e-01 3.618403960000000086e-01 1.080941959999999896e-01 1.346595199999999770e-01 1.149438680000000046e-01 1.108937840000000091e-01 1.103344040000000109e-01 1.741994560000000025e-01 6.360353420000000035e-01 0.000000000000000000e+00
