0.000000000000000000e+00 7.390661560000000296e-01 5.388583460000000436e-01 5.617898580000000308e-01 7.700961799999999080e-01 9.178486700000000331e-01 9.130050599999998961e-02 1.184225620000000090e-01 1.648539800000000111e-01 1.704614360000000217e-01 1.355775939999999957e-01 1.658162380000000047e-01 1.336870659999999933e-01 1.435614220000000218e-01 7.887701200000001023e-02 1.204774959999999895e-01 8.041908400000001567e-02 1.160525840000000003e-01 6.751291399999999332e-02 1.210584980000000144e-01 2.225878840000000136e-01 2.119427220000000001e-01
7.390661560000000296e-01 0.000000000000000000e+00 5.180414640000000626e-01 4.577646519999999941e-01 8.745357819999999283e-01 7.000062280000001191e-01 1.042343959999999931e-01 1.214486819999999884e-01 1.604823700000000131e-01 1.417305759999999970e-01 9.547995599999999083e-02 1.575632140000000070e-01 1.338591960000000136e-01 1.386307040000000212e-01 6.165981799999999818e-02 1.217040700000000114e-01 9.509071600000000568e-02 1.092670520000000173e-01 8.802694599999998093e-02 1.012779600000000002e-01 1.886626259999999999e-01 1.964546600000000032e-01
5.388583460000000436e-01 5.180414640000000626e-01 0.000000000000000000e+00 5.884209099999999637e-01 5.345817900000000567e-01 5.211294740000000925e-01 4.200665279999999946e-01 3.503750900000000001e-01 5.622602580000000128e-01 4.350665400000000571e-01 6.124948280000001022e-01 3.158701640000000088e-01 6.026025520000000135e-01 2.932091680000000200e-01 2.048216420000000260e-01 1.496612979999999982e-01 1.352902380000000071e-01 1.343795480000000153e-01 1.321173400000000275e-01 2.366098379999999890e-01 6.282524620000000670e-01 5.713730559999999903e-01
5.617898580000000308e-01 4.577646519999999941e-01 5.884209099999999637e-01 0.000000000000000000e+00 4.724081840000000088e-01 5.343766459999998997e-01 3.431779099999999749e-01 4.963106779999999496e-01 5.051580700000000146e-01 5.872775540000001460e-01 3.920221139999999771e-01 6.084498100000000909e-01 3.848728760000000304e-01 5.550694660000000669e-01 1.143235899999999888e-01 1.681564180000000019e-01 1.314055239999999958e-01 1.335401459999999985e-01 1.431612839999999998e-01 2.274597319999999701e-01 4.993842739999999614e-01 5.975065159999999320e-01
7.700961799999999080e-01 8.745357819999999283e-01 5.345817900000000567e-01 4.724081840000000088e-01 0.000000000000000000e+00 7.519296659999999966e-01 1.069182959999999960e-01 1.091105020000000120e-01 1.629717920000000042e-01 1.321889479999999728e-01 1.100373440000000091e-01 1.543808000000000125e-01 1.329388340000000057e-01 1.300377239999999934e-01 7.870568199999999903e-02 1.312197479999999972e-01 9.286881399999999398e-02 1.093935099999999994e-01 8.634206600000000897e-02 9.140612400000000526e-02 1.975183400000000145e-01 1.930635140000000194e-01
9.178486700000000331e-01 7.000062280000001191e-01 5.211294740000000925e-01 5.343766459999998997e-01 7.519296659999999966e-01 0.000000000000000000e+00 7.121507800000000110e-02 1.104174860000000091e-01 1.420215679999999869e-01 1.522312040000000088e-01 1.133737500000000092e-01 1.554559459999999838e-01 1.165917560000000047e-01 1.230617200000000133e-01 4.973994400000000121e-02 1.135580239999999935e-01 8.920769000000002003e-02 1.005944920000000076e-01 8.496807000000000665e-02 9.696616199999999464e-02 1.983616659999999920e-01 1.868883280000000202e-01
9.130050599999998961e-02 1.042343959999999931e-01 4.200665279999999946e-01 3.431779099999999749e-01 1.069182959999999960e-01 7.121507800000000110e-02 0.000000000000000000e+00 5.136294519999999864e-01 4.954134419999999817e-01 4.776810040000000201e-01 5.341819059999999286e-01 3.323421319999999568e-01 4.996990539999999759e-01 2.969912219999999992e-01 5.815400900000000650e-01 3.279253340000000128e-01 2.213251480000000271e-01 1.491657279999999974e-01 2.495871820000000185e-01 3.706019259999999704e-01 5.245636759999999787e-01 4.797966779999999209e-01
1.184225620000000090e-01 1.214486819999999884e-01 3.503750900000000001e-01 4.963106779999999496e-01 1.091105020000000120e-01 1.104174860000000091e-01 5.136294519999999864e-01 0.000000000000000000e+00 4.844986059999999983e-01 5.588304520000000331e-01 4.235100479999999723e-01 5.659317799999999954e-01 3.746739199999999936e-01 4.839451339999999990e-01 1.199080200000000040e-01 5.012635860000000942e-01 1.897189679999999878e-01 1.756125020000000314e-01 2.854267899999999858e-01 3.385005100000000322e-01 4.292462080000000180e-01 5.491813739999999999e-01
1.648539800000000111e-01 1.604823700000000131e-01 5.622602580000000128e-01 5.051580700000000146e-01 1.629717920000000042e-01 1.420215679999999869e-01 4.954134419999999817e-01 4.844986059999999983e-01 0.000000000000000000e+00 5.505215100000000472e-01 6.399032839999999611e-01 4.876309980000000377e-01 7.165349960000000351e-01 4.202381680000000230e-01 2.067185379999999795e-01 1.772008039999999895e-01 1.080201279999999792e-01 1.368765060000000089e-01 1.286609340000000046e-01 2.868126619999999960e-01 6.930908840000000737e-01 6.759753459999999770e-01
1.704614360000000217e-01 1.417305759999999970e-01 4.350665400000000571e-01 5.872775540000001460e-01 1.321889479999999728e-01 1.522312040000000088e-01 4.776810040000000201e-01 5.588304520000000331e-01 5.505215100000000472e-01 0.000000000000000000e+00 5.345570120000000536e-01 6.350529379999999557e-01 5.027646900000000141e-01 7.169972500000000304e-01 1.534580500000000125e-01 2.723841679999999821e-01 1.467356380000000016e-01 1.083729300000000062e-01 1.893070480000000055e-01 2.337517400000000412e-01 5.984647200000000611e-01 6.402179780000000209e-01
1.355775939999999957e-01 9.547995599999999083e-02 6.124948280000001022e-01 3.920221139999999771e-01 1.100373440000000091e-01 1.133737500000000092e-01 5.341819059999999286e-01 4.235100479999999723e-01 6.399032839999999611e-01 5.345570120000000536e-01 0.000000000000000000e+00 3.343466219999999822e-01 8.008648079999998171e-01 3.014842340000000176e-01 2.056078320000000181e-01 1.812116460000000040e-01 1.055850060000000090e-01 1.124998299999999951e-01 1.476221139999999987e-01 2.473304260000000476e-01 7.493648980000000570e-01 6.157666560000000233e-01
1.658162380000000047e-01 1.575632140000000070e-01 3.158701640000000088e-01 6.084498100000000909e-01 1.543808000000000125e-01 1.554559459999999838e-01 3.323421319999999568e-01 5.659317799999999954e-01 4.876309980000000377e-01 6.350529379999999557e-01 3.343466219999999822e-01 0.000000000000000000e+00 3.112385919999999806e-01 6.781932579999999655e-01 6.806348600000000637e-02 1.976730120000000090e-01 1.353828199999999871e-01 1.044735339999999929e-01 1.432261160000000144e-01 2.175804220000000233e-01 4.308019019999999588e-01 5.815377919999999978e-01
1.336870659999999933e-01 1.338591960000000136e-01 6.026025520000000135e-01 3.848728760000000304e-01 1.329388340000000057e-01 1.165917560000000047e-01 4.996990539999999759e-01 3.746739199999999936e-01 7.165349960000000351e-01 5.027646900000000141e-01 8.008648079999998171e-01 3.112385919999999806e-01 0.000000000000000000e+00 2.804485179999999245e-01 1.821850740000000024e-01 1.377958639999999901e-01 9.891240199999999649e-02 1.016250920000000002e-01 1.478421280000000171e-01 2.252797619999999945e-01 7.081306840000000102e-01 5.737028779999999717e-01
1.435614220000000218e-01 1.386307040000000212e-01 2.932091680000000200e-01 5.550694660000000669e-01 1.300377239999999934e-01 1.230617200000000133e-01 2.969912219999999992e-01 4.839451339999999990e-01 4.202381680000000230e-01 7.169972500000000304e-01 3.014842340000000176e-01 6.781932579999999655e-01 2.804485179999999245e-01 0.000000000000000000e+00 8.553277400000000585e-02 2.020827060000000286e-01 1.316786080000000025e-01 1.071277739999999951e-01 1.398506640000000134e-01 1.738797799999999838e-01 3.927648639999999913e-01 5.166638980000000103e-01
7.887701200000001023e-02 6.165981799999999818e-02 2.048216420000000260e-01 1.143235899999999888e-01 7.870568199999999903e-02 4.973994400000000121e-02 5.815400900000000650e-01 1.199080200000000040e-01 2.067185379999999795e-01 1.534580500000000125e-01 2.056078320000000181e-01 6.806348600000000637e-02 1.821850740000000024e-01 8.553277400000000585e-02 0.000000000000000000e+00 1.395553179999999838e-01 1.146110840000000020e-01 1.783184980000000197e-01 1.277627799999999925e-01 2.198404319999999745e-01 2.045326100000000036e-01 1.569882479999999969e-01
1.204774959999999895e-01 1.217040700000000114e-01 1.496612979999999982e-01 1.681564180000000019e-01 1.312197479999999972e-01 1.135580239999999935e-01 3.279253340000000128e-01 5.012635860000000942e-01 1.772008039999999895e-01 2.723841679999999821e-01 1.812116460000000040e-01 1.976730120000000090e-01 1.377958639999999901e-01 2.020827060000000286e-01 1.395553179999999838e-01 0.000000000000000000e+00 8.175442399999999221e-02 1.207952340000000013e-01 1.240043399999999768e-01 1.674949720000000197e-01 1.679680699999999971e-01 2.072952579999999823e-01
8.041908400000001567e-02 9.509071600000000568e-02 1.352902380000000071e-01 1.314055239999999958e-01 9.286881399999999398e-02 8.920769000000002003e-02 2.213251480000000271e-01 1.897189679999999878e-01 1.080201279999999792e-01 1.467356380000000016e-01 1.055850060000000090e-01 1.353828199999999871e-01 9.891240199999999649e-02 1.316786080000000025e-01 1.146110840000000020e-01 8.175442399999999221e-02 0.000000000000000000e+00 1.306036960000000191e-01 8.774186260000000903e-01 1.979418639999999951e-01 1.561588559999999848e-01 1.308287900000000004e-01
1.160525840000000003e-01 1.092670520000000173e-01 1.343795480000000153e-01 1.335401459999999985e-01 1.093935099999999994e-01 1.005944920000000076e-01 1.491657279999999974e-01 1.756125020000000314e-01 1.368765060000000089e-01 1.083729300000000062e-01 1.124998299999999951e-01 1.044735339999999929e-01 1.016250920000000002e-01 1.071277739999999951e-01 1.783184980000000197e-01 1.207952340000000013e-01 1.306036960000000191e-01 0.000000000000000000e+00 1.404759580000000119e-01 7.131560699999999198e-01 1.064291519999999991e-01 1.249395840000000063e-01
6.751291399999999332e-02 8.802694599999998093e-02 1.321173400000000275e-01 1.431612839999999998e-01 8.634206600000000897e-02 8.496807000000000665e-02 2.495871820000000185e-01 2.854267899999999858e-01 1.286609340000000046e-01 1.893070480000000055e-01 1.476221139999999987e-01 1.432261160000000144e-01 1.478421280000000171e-01 1.398506640000000134e-01 1.277627799999999925e-01 1.240043399999999768e-01 8.774186260000000903e-01 1.404759580000000119e-01 0.000000000000000000e+00 2.010074839999999585e-01 1.638586380000000009e-01 1.640873660000000123e-01
1.210584980000000144e-01 1.012779600000000002e-01 2.366098379999999890e-01 2.274597319999999701e-01 9.140612400000000526e-02 9.696616199999999464e-02 3.706019259999999704e-01 3.385005100000000322e-01 2.868126619999999960e-01 2.337517400000000412e-01 2.473304260000000476e-01 2.175804220000000233e-01 2.252797619999999945e-01 1.738797799999999838e-01 2.198404319999999745e-01 1.674949720000000197e-01 1.979418639999999951e-01 7.131560699999999198e-01 2.010074839999999585e-01 0.000000000000000000e+00 2.460031619999999974e-01 2.534376779999999441e-01
2.225878840000000136e-01 1.886626259999999999e-01 6.282524620000000670e-01 4.993842739999999614e-01 1.975183400000000145e-01 1.983616659999999920e-01 5.245636759999999787e-01 4.292462080000000180e-01 6.930908840000000737e-01 5.984647200000000611e-01 7.493648980000000570e-01 4.308019019999999588e-01 7.081306840000000102e-01 3.927648639999999913e-01 2.045326100000000036e-01 1.679680699999999971e-01 1.561588559999999848e-01 1.064291519999999991e-01 1.638586380000000009e-01 2.460031619999999974e-01 0.000000000000000000e+00 7.477879059999998912e-01
2.119427220000000001e-01 1.964546600000000032e-01 5.713730559999999903e-01 5.975065159999999320e-01 1.930635140000000194e-01 1.868883280000000202e-01 4.797966779999999209e-01 5.491813739999999999e-01 6.759753459999999770e-01 6.402179780000000209e-01 6.157666560000000233e-01 5.815377919999999978e-01 5.737028779999999717e-01 5.166638980000000103e-01 1.569882479999999969e-01 2.072952579999999823e-01 1.308287900000000004e-01 1.249395840000000063e-01 1.640873660000000123e-01 2.534376779999999441e-01 7.477879059999998912e-01 0.000000000000000000e+00
