0.000000000000000000e+00 6.512095559999999672e-01 1.657660259999999830e-01 2.218584579999999806e-01 6.616595020000000105e-01 7.904191300000000808e-01 8.916885800000000362e-02 8.290963399999999595e-02 7.720792999999999406e-02 9.270777999999998964e-02 9.676616799999998575e-02 1.130767719999999921e-01 7.878654400000000002e-02 6.955462999999999230e-02 6.012701199999999357e-02 9.175493399999998245e-02 5.848880399999999147e-02 7.715835799999999634e-02 1.010115079999999999e-01 7.211666399999999699e-02 9.504999999999999560e-02 9.881186000000000136e-02
6.512095559999999672e-01 0.000000000000000000e+00 2.047705240000000093e-01 1.734424859999999791e-01 6.731982499999999980e-01 6.503797459999999253e-01 9.637621600000000066e-02 1.027035880000000123e-01 1.042127840000000027e-01 6.398012799999999722e-02 1.064607499999999929e-01 8.597019799999999767e-02 1.205138180000000087e-01 7.541948400000000885e-02 3.508152199999998999e-02 8.900744000000000711e-02 7.923204799999999937e-02 1.114575020000000000e-01 6.753295199999999332e-02 7.172286799999999518e-02 1.263583159999999983e-01 9.723521999999999721e-02
1.657660259999999830e-01 2.047705240000000093e-01 0.000000000000000000e+00 1.343605300000000058e-01 2.136446760000000056e-01 1.614009339999999959e-01 1.655705359999999904e-01 1.491180579999999978e-01 3.874953840000000538e-01 2.609204459999999726e-01 4.325074979999999902e-01 1.098413960000000078e-01 3.785185720000000531e-01 8.986552600000000113e-02 7.327480000000000104e-02 9.045188199999999734e-02 5.884392600000000473e-02 5.240003000000000022e-02 1.120553079999999924e-01 9.211672599999999600e-02 3.061573060000000179e-01 2.341490559999999943e-01
2.218584579999999806e-01 1.734424859999999791e-01 1.343605300000000058e-01 0.000000000000000000e+00 1.417941839999999898e-01 2.024710280000000251e-01 1.177290619999999954e-01 1.766595900000000052e-01 2.104138499999999856e-01 3.961696379999999906e-01 1.171808720000000054e-01 4.105746199999999457e-01 1.082527480000000236e-01 3.517302560000000189e-01 1.095371140000000187e-01 9.188860800000001050e-02 1.431062559999999872e-01 1.010231580000000157e-01 1.256471319999999947e-01 1.561244079999999923e-01 1.493743780000000021e-01 2.081316059999999690e-01
6.616595020000000105e-01 6.731982499999999980e-01 2.136446760000000056e-01 1.417941839999999898e-01 0.000000000000000000e+00 6.361981279999999739e-01 7.957066599999998435e-02 1.090174799999999999e-01 8.151140399999999564e-02 1.024868560000000012e-01 1.002954879999999882e-01 1.161505079999999995e-01 9.642761399999999483e-02 7.862362800000000096e-02 7.325280999999998766e-02 1.154621120000000056e-01 9.199255399999999028e-02 8.195020599999999766e-02 8.035895600000000916e-02 8.156467999999998664e-02 1.204422440000000039e-01 1.024673860000000075e-01
7.904191300000000808e-01 6.503797459999999253e-01 1.614009339999999959e-01 2.024710280000000251e-01 6.361981279999999739e-01 0.000000000000000000e+00 9.286440999999999446e-02 7.159730000000000261e-02 9.000698799999999611e-02 9.213069600000001191e-02 8.965073999999999266e-02 8.679796800000000312e-02 9.215357799999999988e-02 6.893470200000000048e-02 5.749151000000000261e-02 1.070547920000000097e-01 6.592255599999999327e-02 9.365915199999999552e-02 9.470531000000000088e-02 7.855611199999999739e-02 1.005777379999999999e-01 7.778507199999999677e-02
8.916885800000000362e-02 9.637621600000000066e-02 1.655705359999999904e-01 1.177290619999999954e-01 7.957066599999998435e-02 9.286440999999999446e-02 0.000000000000000000e+00 1.883943780000000012e-01 2.153069760000000110e-01 1.799297620000000486e-01 2.385995079999999879e-01 1.163594359999999828e-01 1.906809479999999613e-01 9.374919799999999193e-02 2.299274979999999802e-01 1.737703039999999866e-01 1.176963439999999944e-01 6.832040200000000230e-02 2.306012700000000248e-01 3.121056420000000164e-01 1.071529740000000119e-01 1.109404199999999979e-01
8.290963399999999595e-02 1.027035880000000123e-01 1.491180579999999978e-01 1.766595900000000052e-01 1.090174799999999999e-01 7.159730000000000261e-02 1.883943780000000012e-01 0.000000000000000000e+00 2.260458059999999880e-01 3.153344960000000197e-01 1.686366440000000022e-01 2.673096699999999992e-01 1.577561919999999895e-01 1.773379579999999900e-01 1.029841740000000117e-01 2.342026600000000069e-01 5.959595800000000443e-02 1.111614380000000013e-01 1.114679020000000076e-01 3.380423300000000575e-01 1.389315160000000049e-01 1.556803140000000141e-01
7.720792999999999406e-02 1.042127840000000027e-01 3.874953840000000538e-01 2.104138499999999856e-01 8.151140399999999564e-02 9.000698799999999611e-02 2.153069760000000110e-01 2.260458059999999880e-01 0.000000000000000000e+00 4.243738779999999267e-01 6.100420400000000631e-01 3.440354280000000320e-01 5.185214219999999541e-01 2.719293420000000183e-01 1.289934060000000049e-01 9.740918600000000871e-02 6.571272200000000119e-02 7.045976800000000595e-02 1.380219939999999812e-01 1.249992320000000018e-01 4.135801159999999976e-01 3.500652899999999734e-01
9.270777999999998964e-02 6.398012799999999722e-02 2.609204459999999726e-01 3.961696379999999906e-01 1.024868560000000012e-01 9.213069600000001191e-02 1.799297620000000486e-01 3.153344960000000197e-01 4.243738779999999267e-01 0.000000000000000000e+00 3.394489619999999652e-01 6.292188039999999649e-01 3.025921260000000168e-01 6.058906920000000085e-01 1.016002499999999892e-01 1.425160420000000094e-01 9.247540200000001209e-02 1.095274939999999891e-01 1.567538740000000153e-01 2.631225240000000243e-01 3.516341560000000310e-01 4.334633840000000626e-01
9.676616799999998575e-02 1.064607499999999929e-01 4.325074979999999902e-01 1.171808720000000054e-01 1.002954879999999882e-01 8.965073999999999266e-02 2.385995079999999879e-01 1.686366440000000022e-01 6.100420400000000631e-01 3.394489619999999652e-01 0.000000000000000000e+00 1.851346700000000012e-01 6.328824579999999811e-01 1.509647880000000164e-01 9.184664800000000295e-02 8.311560399999999571e-02 8.001384800000001241e-02 7.887746199999999541e-02 1.456422719999999893e-01 8.014693400000000301e-02 4.398750040000000139e-01 3.007992959999999938e-01
1.130767719999999921e-01 8.597019799999999767e-02 1.098413960000000078e-01 4.105746199999999457e-01 1.161505079999999995e-01 8.679796800000000312e-02 1.163594359999999828e-01 2.673096699999999992e-01 3.440354280000000320e-01 6.292188039999999649e-01 1.851346700000000012e-01 0.000000000000000000e+00 1.185353039999999802e-01 7.082306899999999406e-01 1.050907519999999956e-01 8.139995399999999659e-02 1.091912900000000103e-01 1.025546340000000056e-01 5.029851599999999451e-02 1.785658899999999771e-01 1.859976059999999820e-01 3.302313060000000022e-01
7.878654400000000002e-02 1.205138180000000087e-01 3.785185720000000531e-01 1.082527480000000236e-01 9.642761399999999483e-02 9.215357799999999988e-02 1.906809479999999613e-01 1.577561919999999895e-01 5.185214219999999541e-01 3.025921260000000168e-01 6.328824579999999811e-01 1.185353039999999802e-01 0.000000000000000000e+00 9.833489600000000497e-02 1.039773660000000016e-01 7.317451199999999711e-02 6.959165999999999963e-02 7.755062000000000066e-02 1.363788899999999749e-01 7.471459399999999529e-02 3.193877920000000037e-01 2.276022499999999782e-01
6.955462999999999230e-02 7.541948400000000885e-02 8.986552600000000113e-02 3.517302560000000189e-01 7.862362800000000096e-02 6.893470200000000048e-02 9.374919799999999193e-02 1.773379579999999900e-01 2.719293420000000183e-01 6.058906920000000085e-01 1.509647880000000164e-01 7.082306899999999406e-01 9.833489600000000497e-02 0.000000000000000000e+00 7.384963799999999523e-02 5.672895799999999600e-02 7.641568800000000938e-02 6.934177999999999176e-02 6.179487200000000069e-02 1.610540859999999852e-01 1.553761900000000251e-01 2.349935160000000134e-01
6.012701199999999357e-02 3.508152199999998999e-02 7.327480000000000104e-02 1.095371140000000187e-01 7.325280999999998766e-02 5.749151000000000261e-02 2.299274979999999802e-01 1.029841740000000117e-01 1.289934060000000049e-01 1.016002499999999892e-01 9.184664800000000295e-02 1.050907519999999956e-01 1.039773660000000016e-01 7.384963799999999523e-02 0.000000000000000000e+00 1.063313959999999947e-01 5.489707059999999750e-01 9.183059999999999834e-02 4.866315740000001222e-01 2.193201580000000150e-01 9.808902799999999478e-02 8.085831799999999847e-02
9.175493399999998245e-02 8.900744000000000711e-02 9.045188199999999734e-02 9.188860800000001050e-02 1.154621120000000056e-01 1.070547920000000097e-01 1.737703039999999866e-01 2.342026600000000069e-01 9.740918600000000871e-02 1.425160420000000094e-01 8.311560399999999571e-02 8.139995399999999659e-02 7.317451199999999711e-02 5.672895799999999600e-02 1.063313959999999947e-01 0.000000000000000000e+00 8.153217000000001491e-02 4.251666379999999856e-01 1.785279280000000024e-01 6.124273220000000517e-01 8.139365800000000761e-02 6.180806800000000767e-02
5.848880399999999147e-02 7.923204799999999937e-02 5.884392600000000473e-02 1.431062559999999872e-01 9.199255399999999028e-02 6.592255599999999327e-02 1.176963439999999944e-01 5.959595800000000443e-02 6.571272200000000119e-02 9.247540200000001209e-02 8.001384800000001241e-02 1.091912900000000103e-01 6.959165999999999963e-02 7.641568800000000938e-02 5.489707059999999750e-01 8.153217000000001491e-02 0.000000000000000000e+00 1.002493080000000092e-01 5.586388939999999970e-01 6.836428599999999633e-02 8.921110200000000046e-02 8.551901999999998727e-02
7.715835799999999634e-02 1.114575020000000000e-01 5.240003000000000022e-02 1.010231580000000157e-01 8.195020599999999766e-02 9.365915199999999552e-02 6.832040200000000230e-02 1.111614380000000013e-01 7.045976800000000595e-02 1.095274939999999891e-01 7.887746199999999541e-02 1.025546340000000056e-01 7.755062000000000066e-02 6.934177999999999176e-02 9.183059999999999834e-02 4.251666379999999856e-01 1.002493080000000092e-01 0.000000000000000000e+00 1.109348999999999891e-01 3.238021999999999845e-01 6.845786600000000610e-02 1.031921380000000027e-01
1.010115079999999999e-01 6.753295199999999332e-02 1.120553079999999924e-01 1.256471319999999947e-01 8.035895600000000916e-02 9.470531000000000088e-02 2.306012700000000248e-01 1.114679020000000076e-01 1.380219939999999812e-01 1.567538740000000153e-01 1.456422719999999893e-01 5.029851599999999451e-02 1.363788899999999749e-01 6.179487200000000069e-02 4.866315740000001222e-01 1.785279280000000024e-01 5.586388939999999970e-01 1.109348999999999891e-01 0.000000000000000000e+00 2.447972380000000003e-01 1.178073700000000085e-01 9.721944000000000419e-02
7.211666399999999699e-02 7.172286799999999518e-02 9.211672599999999600e-02 1.561244079999999923e-01 8.156467999999998664e-02 7.855611199999999739e-02 3.121056420000000164e-01 3.380423300000000575e-01 1.249992320000000018e-01 2.631225240000000243e-01 8.014693400000000301e-02 1.785658899999999771e-01 7.471459399999999529e-02 1.610540859999999852e-01 2.193201580000000150e-01 6.124273220000000517e-01 6.836428599999999633e-02 3.238021999999999845e-01 2.447972380000000003e-01 0.000000000000000000e+00 8.228938599999999215e-02 1.002890379999999970e-01
9.504999999999999560e-02 1.263583159999999983e-01 3.061573060000000179e-01 1.493743780000000021e-01 1.204422440000000039e-01 1.005777379999999999e-01 1.071529740000000119e-01 1.389315160000000049e-01 4.135801159999999976e-01 3.516341560000000310e-01 4.398750040000000139e-01 1.859976059999999820e-01 3.193877920000000037e-01 1.553761900000000251e-01 9.808902799999999478e-02 8.139365800000000761e-02 8.921110200000000046e-02 6.845786600000000610e-02 1.178073700000000085e-01 8.228938599999999215e-02 0.000000000000000000e+00 5.018084339999999699e-01
9.881186000000000136e-02 9.723521999999999721e-02 2.341490559999999943e-01 2.081316059999999690e-01 1.024673860000000075e-01 7.778507199999999677e-02 1.109404199999999979e-01 1.556803140000000141e-01 3.500652899999999734e-01 4.334633840000000626e-01 3.007992959999999938e-01 3.302313060000000022e-01 2.276022499999999782e-01 2.349935160000000134e-01 8.085831799999999847e-02 6.180806800000000767e-02 8.551901999999998727e-02 1.031921380000000027e-01 9.721944000000000419e-02 1.002890379999999970e-01 5.018084339999999699e-01 0.000000000000000000e+00
