0.000000000000000000e+00 6.915623959999999126e-01 5.216034460000000816e-01 5.638565559999999532e-01 7.252059259999998897e-01 9.071453019999999867e-01 1.546390500000000001e-01 1.667537159999999963e-01 2.101518419999999776e-01 1.896946179999999815e-01 2.102105819999999792e-01 1.496565659999999909e-01 2.198740220000000023e-01 1.409557140000000097e-01 1.033671840000000008e-01 8.067866399999998328e-02 1.061994539999999987e-01 7.202853400000000517e-02 1.101609779999999927e-01 1.092913760000000095e-01 2.132565720000000054e-01 2.167382679999999839e-01
6.915623959999999126e-01 0.000000000000000000e+00 5.628202580000000177e-01 4.656944779999999673e-01 8.575017340000000710e-01 6.674680160000000528e-01 1.416098100000000026e-01 1.619229579999999780e-01 1.723639260000000006e-01 1.912502420000000147e-01 2.015098980000000206e-01 1.476838919999999833e-01 2.033384080000000260e-01 1.226724139999999935e-01 1.155931080000000000e-01 6.670715600000000356e-02 1.172267040000000149e-01 8.123498200000001113e-02 1.030184739999999988e-01 1.078080180000000193e-01 2.177514740000000282e-01 2.052261740000000112e-01
5.216034460000000816e-01 5.628202580000000177e-01 0.000000000000000000e+00 5.704711180000000548e-01 5.927818000000000254e-01 5.122949119999999912e-01 4.563474580000000391e-01 3.035486259999999881e-01 5.539587100000000763e-01 4.613412519999999795e-01 6.685127639999999261e-01 2.722904580000000130e-01 6.408498479999999997e-01 2.606429359999999917e-01 2.570939520000000145e-01 1.433277659999999953e-01 7.332094599999999796e-02 8.920749599999999724e-02 6.100396999999999764e-02 1.651199560000000122e-01 6.385088239999998638e-01 5.355858940000000068e-01
5.638565559999999532e-01 4.656944779999999673e-01 5.704711180000000548e-01 0.000000000000000000e+00 4.939799539999999989e-01 5.419738780000000755e-01 3.387083620000000406e-01 5.182336039999999588e-01 4.795227199999999579e-01 6.020484139999999762e-01 3.911928500000000364e-01 5.969307639999998916e-01 3.660884119999999742e-01 5.864287800000000939e-01 1.522613319999999992e-01 2.060016860000000172e-01 6.322213200000000033e-02 8.175452399999999509e-02 7.010181399999999841e-02 1.945064379999999760e-01 4.630993119999999297e-01 5.746122220000000613e-01
7.252059259999998897e-01 8.575017340000000710e-01 5.927818000000000254e-01 4.939799539999999989e-01 0.000000000000000000e+00 7.213452819999999210e-01 1.497832040000000031e-01 1.427367380000000019e-01 2.013867080000000254e-01 1.861025839999999876e-01 2.164929720000000057e-01 1.278205419999999815e-01 2.143113799999999958e-01 1.131438420000000084e-01 1.225666940000000038e-01 6.926292600000000244e-02 1.231555960000000061e-01 8.991572400000000242e-02 1.054717639999999818e-01 1.238328159999999983e-01 2.304338280000000072e-01 2.085880200000000129e-01
9.071453019999999867e-01 6.674680160000000528e-01 5.122949119999999912e-01 5.419738780000000755e-01 7.213452819999999210e-01 0.000000000000000000e+00 1.617473960000000155e-01 1.533816159999999706e-01 1.963479060000000165e-01 1.867541600000000301e-01 1.928984360000000065e-01 1.474067299999999858e-01 2.191353280000000459e-01 1.476453960000000121e-01 1.213564920000000102e-01 8.113062199999999946e-02 1.132586240000000022e-01 8.433413999999998800e-02 1.015358320000000064e-01 1.194321200000000027e-01 2.085335139999999754e-01 2.007444859999999720e-01
1.546390500000000001e-01 1.416098100000000026e-01 4.563474580000000391e-01 3.387083620000000406e-01 1.497832040000000031e-01 1.617473960000000155e-01 0.000000000000000000e+00 4.703981439999999625e-01 4.858666740000000539e-01 4.365328419999999765e-01 5.175282720000000669e-01 2.891802840000000097e-01 4.843926160000000536e-01 2.298687100000000039e-01 5.836297860000000393e-01 3.338293319999999786e-01 1.631455219999999873e-01 1.142038480000000106e-01 1.555118179999999961e-01 3.985464959999999723e-01 4.824553839999999871e-01 4.235827199999999126e-01
1.667537159999999963e-01 1.619229579999999780e-01 3.035486259999999881e-01 5.182336039999999588e-01 1.427367380000000019e-01 1.533816159999999706e-01 4.703981439999999625e-01 0.000000000000000000e+00 4.377725459999999846e-01 5.255987859999999845e-01 3.375051779999999613e-01 5.982555659999999609e-01 2.758569859999999707e-01 4.754118419999999179e-01 1.621788200000000013e-01 5.036793820000000643e-01 1.179715679999999989e-01 1.124202900000000060e-01 2.101469879999999790e-01 2.975199400000000383e-01 3.905909779999999776e-01 5.229208739999999800e-01
2.101518419999999776e-01 1.723639260000000006e-01 5.539587100000000763e-01 4.795227199999999579e-01 2.013867080000000254e-01 1.963479060000000165e-01 4.858666740000000539e-01 4.377725459999999846e-01 0.000000000000000000e+00 5.234503799999999929e-01 6.286284619999999990e-01 4.445692239999999851e-01 7.164388419999999646e-01 3.955633239999999939e-01 2.443680979999999781e-01 1.747878720000000108e-01 9.798292399999999902e-02 5.862559000000000520e-02 1.015038480000000076e-01 2.438414160000000330e-01 6.653336599999999379e-01 6.453383519999998930e-01
1.896946179999999815e-01 1.912502420000000147e-01 4.613412519999999795e-01 6.020484139999999762e-01 1.861025839999999876e-01 1.867541600000000301e-01 4.365328419999999765e-01 5.255987859999999845e-01 5.234503799999999929e-01 0.000000000000000000e+00 5.032044959999999456e-01 6.012519539999999774e-01 4.755822980000000699e-01 6.948728459999999885e-01 1.952899619999999836e-01 2.304318800000000333e-01 8.379512000000000072e-02 1.019495620000000075e-01 1.011763180000000012e-01 2.250037920000000080e-01 5.701777900000000177e-01 6.389980660000000867e-01
2.102105819999999792e-01 2.015098980000000206e-01 6.685127639999999261e-01 3.911928500000000364e-01 2.164929720000000057e-01 1.928984360000000065e-01 5.175282720000000669e-01 3.375051779999999613e-01 6.286284619999999990e-01 5.032044959999999456e-01 0.000000000000000000e+00 2.829644139999999974e-01 7.825364399999999998e-01 2.520237379999999972e-01 2.504848800000000208e-01 1.572851440000000156e-01 5.110280199999998885e-02 8.234827599999999803e-02 7.992048399999998609e-02 1.692614139999999989e-01 7.410400459999999523e-01 5.937454140000000269e-01
1.496565659999999909e-01 1.476838919999999833e-01 2.722904580000000130e-01 5.969307639999998916e-01 1.278205419999999815e-01 1.474067299999999858e-01 2.891802840000000097e-01 5.982555659999999609e-01 4.445692239999999851e-01 6.012519539999999774e-01 2.829644139999999974e-01 0.000000000000000000e+00 2.497631180000000339e-01 6.662740320000000160e-01 1.400842579999999893e-01 1.856655759999999988e-01 1.151364420000000194e-01 7.458616999999999331e-02 1.079435019999999967e-01 2.183507720000000263e-01 3.696441560000000015e-01 5.540646959999999677e-01
2.198740220000000023e-01 2.033384080000000260e-01 6.408498479999999997e-01 3.660884119999999742e-01 2.143113799999999958e-01 2.191353280000000459e-01 4.843926160000000536e-01 2.758569859999999707e-01 7.164388419999999646e-01 4.755822980000000699e-01 7.825364399999999998e-01 2.497631180000000339e-01 0.000000000000000000e+00 2.197419500000000192e-01 2.110841680000000165e-01 1.227309159999999955e-01 7.394437400000000715e-02 8.130621999999999849e-02 8.802190999999999488e-02 1.748675819999999936e-01 7.127317619999999909e-01 5.415242460000000424e-01
1.409557140000000097e-01 1.226724139999999935e-01 2.606429359999999917e-01 5.864287800000000939e-01 1.131438420000000084e-01 1.476453960000000121e-01 2.298687100000000039e-01 4.754118419999999179e-01 3.955633239999999939e-01 6.948728459999999885e-01 2.520237379999999972e-01 6.662740320000000160e-01 2.197419500000000192e-01 0.000000000000000000e+00 1.275043039999999850e-01 1.866606219999999983e-01 8.931637400000000393e-02 6.200410400000000433e-02 9.014711799999999831e-02 1.424657699999999916e-01 3.105630560000000040e-01 4.924531820000000448e-01
1.033671840000000008e-01 1.155931080000000000e-01 2.570939520000000145e-01 1.522613319999999992e-01 1.225666940000000038e-01 1.213564920000000102e-01 5.836297860000000393e-01 1.621788200000000013e-01 2.443680979999999781e-01 1.952899619999999836e-01 2.504848800000000208e-01 1.400842579999999893e-01 2.110841680000000165e-01 1.275043039999999850e-01 0.000000000000000000e+00 1.796516179999999852e-01 1.081511920000000071e-01 1.573072919999999875e-01 1.211801000000000128e-01 2.233069620000000255e-01 2.351195119999999750e-01 1.959445519999999941e-01
8.067866399999998328e-02 6.670715600000000356e-02 1.433277659999999953e-01 2.060016860000000172e-01 6.926292600000000244e-02 8.113062199999999946e-02 3.338293319999999786e-01 5.036793820000000643e-01 1.747878720000000108e-01 2.304318800000000333e-01 1.572851440000000156e-01 1.856655759999999988e-01 1.227309159999999955e-01 1.866606219999999983e-01 1.796516179999999852e-01 0.000000000000000000e+00 8.424445199999999745e-02 1.384082400000000157e-01 1.715051780000000081e-01 2.205836240000000059e-01 1.415456679999999856e-01 1.690663480000000052e-01
1.061994539999999987e-01 1.172267040000000149e-01 7.332094599999999796e-02 6.322213200000000033e-02 1.231555960000000061e-01 1.132586240000000022e-01 1.631455219999999873e-01 1.179715679999999989e-01 9.798292399999999902e-02 8.379512000000000072e-02 5.110280199999998885e-02 1.151364420000000194e-01 7.394437400000000715e-02 8.931637400000000393e-02 1.081511920000000071e-01 8.424445199999999745e-02 0.000000000000000000e+00 1.876654440000000146e-01 8.823106499999999741e-01 1.991105420000000292e-01 3.418109199999999626e-02 6.516737599999999908e-02
7.202853400000000517e-02 8.123498200000001113e-02 8.920749599999999724e-02 8.175452399999999509e-02 8.991572400000000242e-02 8.433413999999998800e-02 1.142038480000000106e-01 1.124202900000000060e-01 5.862559000000000520e-02 1.019495620000000075e-01 8.234827599999999803e-02 7.458616999999999331e-02 8.130621999999999849e-02 6.200410400000000433e-02 1.573072919999999875e-01 1.384082400000000157e-01 1.876654440000000146e-01 0.000000000000000000e+00 2.130983099999999852e-01 6.946115260000000902e-01 1.054187379999999841e-01 7.645336600000000871e-02
1.101609779999999927e-01 1.030184739999999988e-01 6.100396999999999764e-02 7.010181399999999841e-02 1.054717639999999818e-01 1.015358320000000064e-01 1.555118179999999961e-01 2.101469879999999790e-01 1.015038480000000076e-01 1.011763180000000012e-01 7.992048399999998609e-02 1.079435019999999967e-01 8.802190999999999488e-02 9.014711799999999831e-02 1.211801000000000128e-01 1.715051780000000081e-01 8.823106499999999741e-01 2.130983099999999852e-01 0.000000000000000000e+00 2.069270059999999967e-01 6.361105200000000126e-02 9.155781999999999810e-02
1.092913760000000095e-01 1.078080180000000193e-01 1.651199560000000122e-01 1.945064379999999760e-01 1.238328159999999983e-01 1.194321200000000027e-01 3.985464959999999723e-01 2.975199400000000383e-01 2.438414160000000330e-01 2.250037920000000080e-01 1.692614139999999989e-01 2.183507720000000263e-01 1.748675819999999936e-01 1.424657699999999916e-01 2.233069620000000255e-01 2.205836240000000059e-01 1.991105420000000292e-01 6.946115260000000902e-01 2.069270059999999967e-01 0.000000000000000000e+00 1.892716779999999988e-01 1.888673760000000035e-01
2.132565720000000054e-01 2.177514740000000282e-01 6.385088239999998638e-01 4.630993119999999297e-01 2.304338280000000072e-01 2.085335139999999754e-01 4.824553839999999871e-01 3.905909779999999776e-01 6.653336599999999379e-01 5.701777900000000177e-01 7.410400459999999523e-01 3.696441560000000015e-01 7.127317619999999909e-01 3.105630560000000040e-01 2.351195119999999750e-01 1.415456679999999856e-01 3.418109199999999626e-02 1.054187379999999841e-01 6.361105200000000126e-02 1.892716779999999988e-01 0.000000000000000000e+00 7.282552239999999788e-01
2.167382679999999839e-01 2.052261740000000112e-01 5.355858940000000068e-01 5.746122220000000613e-01 2.085880200000000129e-01 2.007444859999999720e-01 4.235827199999999126e-01 5.229208739999999800e-01 6.453383519999998930e-01 6.389980660000000867e-01 5.937454140000000269e-01 5.540646959999999677e-01 5.415242460000000424e-01 4.924531820000000448e-01 1.959445519999999941e-01 1.690663480000000052e-01 6.516737599999999908e-02 7.645336600000000871e-02 9.155781999999999810e-02 1.888673760000000035e-01 7.282552239999999788e-01 0.000000000000000000e+00
