0.000000000000000000e+00 6.018884120000000948e-01 3.702979259999999995e-01 4.162659100000000723e-01 6.581089060000000490e-01 8.701916060000000064e-01 1.329738920000000102e-01 9.217454599999999609e-02 1.439867319999999784e-01 8.254561600000000221e-02 1.107179959999999852e-01 6.278504799999999608e-02 1.354985820000000063e-01 8.763762599999999625e-02 9.575804999999999734e-02 1.145176600000000072e-01 1.017304600000000087e-01 7.096451600000000526e-02 9.232122999999999025e-02 8.600498199999999371e-02 8.517022399999998883e-02 1.141699860000000150e-01
6.018884120000000948e-01 0.000000000000000000e+00 3.811485980000000051e-01 3.573208740000000105e-01 8.096338020000001245e-01 5.605963840000001142e-01 8.516068200000000143e-02 6.569194200000001704e-02 1.217396180000000216e-01 9.193752600000000552e-02 1.027701800000000026e-01 1.090428239999999827e-01 1.158454539999999866e-01 1.131135199999999952e-01 9.165988999999999387e-02 9.880496599999999408e-02 1.038038039999999995e-01 8.035021000000000524e-02 8.064555399999999430e-02 1.018195979999999973e-01 1.135948900000000039e-01 1.267734699999999992e-01
3.702979259999999995e-01 3.811485980000000051e-01 0.000000000000000000e+00 3.858088960000000123e-01 4.316385680000000002e-01 3.778073579999999820e-01 3.939963499999999952e-01 2.237684720000000238e-01 5.055840520000000060e-01 3.670320860000000351e-01 6.281979659999998855e-01 1.801607560000000052e-01 6.218050059999999934e-01 1.704313959999999850e-01 1.621647439999999996e-01 8.182376399999999328e-02 8.258816800000000347e-02 9.224498400000000209e-02 1.207562300000000199e-01 1.491022259999999766e-01 5.957989839999999759e-01 4.782594320000000399e-01
4.162659100000000723e-01 3.573208740000000105e-01 3.858088960000000123e-01 0.000000000000000000e+00 3.515516520000000478e-01 3.987473519999999994e-01 2.926246540000000396e-01 4.447806059999999673e-01 4.366352759999999611e-01 5.151840520000000589e-01 2.567378359999999970e-01 5.747832459999999699e-01 2.229700619999999966e-01 5.377602500000000507e-01 1.168122079999999868e-01 1.869165979999999894e-01 9.699653399999999537e-02 8.096578800000001075e-02 1.035052180000000099e-01 2.322836339999999888e-01 3.578357260000000206e-01 4.919996939999999874e-01
6.581089060000000490e-01 8.096338020000001245e-01 4.316385680000000002e-01 3.515516520000000478e-01 0.000000000000000000e+00 6.272859700000000815e-01 7.043852999999998532e-02 7.882223999999998787e-02 1.189353199999999833e-01 8.781481000000000703e-02 1.043976920000000003e-01 8.073350399999999760e-02 1.197873380000000071e-01 1.051620880000000147e-01 7.968687799999998878e-02 8.947580000000000811e-02 9.750563199999999486e-02 7.322358399999999434e-02 9.028536800000000473e-02 9.082829000000000597e-02 1.114191799999999927e-01 1.114601039999999904e-01
8.701916060000000064e-01 5.605963840000001142e-01 3.778073579999999820e-01 3.987473519999999994e-01 6.272859700000000815e-01 0.000000000000000000e+00 9.937120600000000359e-02 8.422090399999999921e-02 1.198680680000000082e-01 8.024456799999998835e-02 1.060413180000000094e-01 6.598159400000000452e-02 1.192194019999999882e-01 7.716899200000000569e-02 9.055783400000000372e-02 9.869550799999998736e-02 1.095434780000000136e-01 6.285265399999999392e-02 9.854559399999998637e-02 6.842418200000000006e-02 9.347078600000000015e-02 1.044827980000000017e-01
1.329738920000000102e-01 8.516068200000000143e-02 3.939963499999999952e-01 2.926246540000000396e-01 7.043852999999998532e-02 9.937120600000000359e-02 0.000000000000000000e+00 4.093340200000000206e-01 4.080237419999999671e-01 3.558435020000000337e-01 4.521136920000000115e-01 2.084974920000000065e-01 3.995505080000000264e-01 1.786680339999999756e-01 4.587108920000000367e-01 2.411799480000000051e-01 1.650689300000000304e-01 1.413143219999999922e-01 2.715868920000000242e-01 4.090261099999999983e-01 4.275462760000000029e-01 3.673012099999999891e-01
9.217454599999999609e-02 6.569194200000001704e-02 2.237684720000000238e-01 4.447806059999999673e-01 7.882223999999998787e-02 8.422090399999999921e-02 4.093340200000000206e-01 0.000000000000000000e+00 4.177572720000000683e-01 4.657815260000000568e-01 2.844940700000000433e-01 4.975787399999999638e-01 2.192042959999999652e-01 3.951837719999999887e-01 1.746437380000000206e-01 4.418592819999999644e-01 1.258790040000000165e-01 1.140157519999999980e-01 2.137991819999999765e-01 4.051330240000000638e-01 3.335798320000000206e-01 4.466115679999999588e-01
1.439867319999999784e-01 1.217396180000000216e-01 5.055840520000000060e-01 4.366352759999999611e-01 1.189353199999999833e-01 1.198680680000000082e-01 4.080237419999999671e-01 4.177572720000000683e-01 0.000000000000000000e+00 4.100837640000000173e-01 5.388073660000001208e-01 3.907602599999999704e-01 6.124029399999999512e-01 3.017932040000000371e-01 1.637762319999999938e-01 1.496661619999999915e-01 8.390157400000000654e-02 7.993093399999999515e-02 1.214436679999999907e-01 2.328138019999999864e-01 5.648777200000000276e-01 5.569062459999999382e-01
8.254561600000000221e-02 9.193752600000000552e-02 3.670320860000000351e-01 5.151840520000000589e-01 8.781481000000000703e-02 8.024456799999998835e-02 3.558435020000000337e-01 4.657815260000000568e-01 4.100837640000000173e-01 0.000000000000000000e+00 4.186786239999999992e-01 5.771070820000000490e-01 3.667779780000000600e-01 6.718821260000000795e-01 1.139375479999999996e-01 2.282415919999999931e-01 7.315235600000000171e-02 1.340077400000000141e-01 1.609165480000000203e-01 2.762428679999999748e-01 4.949495220000000306e-01 5.670960700000000632e-01
1.107179959999999852e-01 1.027701800000000026e-01 6.281979659999998855e-01 2.567378359999999970e-01 1.043976920000000003e-01 1.060413180000000094e-01 4.521136920000000115e-01 2.844940700000000433e-01 5.388073660000001208e-01 4.186786239999999992e-01 0.000000000000000000e+00 2.062824959999999819e-01 7.864262359999999452e-01 1.540285920000000197e-01 1.538727639999999952e-01 1.147101860000000056e-01 5.714768600000001003e-02 8.093837800000000526e-02 1.417281659999999888e-01 1.549536880000000061e-01 6.686873540000000116e-01 5.062978140000000682e-01
6.278504799999999608e-02 1.090428239999999827e-01 1.801607560000000052e-01 5.747832459999999699e-01 8.073350399999999760e-02 6.598159400000000452e-02 2.084974920000000065e-01 4.975787399999999638e-01 3.907602599999999704e-01 5.771070820000000490e-01 2.062824959999999819e-01 0.000000000000000000e+00 1.715350219999999815e-01 6.915865939999999989e-01 7.129448399999999131e-02 1.789300159999999973e-01 1.110553659999999887e-01 9.742778800000000128e-02 1.126061800000000002e-01 2.622839299999999985e-01 3.035615859999999944e-01 5.144964059999999062e-01
1.354985820000000063e-01 1.158454539999999866e-01 6.218050059999999934e-01 2.229700619999999966e-01 1.197873380000000071e-01 1.192194019999999882e-01 3.995505080000000264e-01 2.192042959999999652e-01 6.124029399999999512e-01 3.667779780000000600e-01 7.864262359999999452e-01 1.715350219999999815e-01 0.000000000000000000e+00 1.240378680000000094e-01 1.400394979999999845e-01 1.333135260000000155e-01 8.304079600000000005e-02 1.072186599999999934e-01 1.253374559999999860e-01 1.246376740000000038e-01 6.111134419999999512e-01 4.315249339999999156e-01
8.763762599999999625e-02 1.131135199999999952e-01 1.704313959999999850e-01 5.377602500000000507e-01 1.051620880000000147e-01 7.716899200000000569e-02 1.786680339999999756e-01 3.951837719999999887e-01 3.017932040000000371e-01 6.718821260000000795e-01 1.540285920000000197e-01 6.915865939999999989e-01 1.240378680000000094e-01 0.000000000000000000e+00 7.358859599999999224e-02 1.773964239999999970e-01 6.385655600000000875e-02 1.181759779999999871e-01 9.285271200000000391e-02 2.422679019999999794e-01 2.291233380000000097e-01 3.950830819999999743e-01
9.575804999999999734e-02 9.165988999999999387e-02 1.621647439999999996e-01 1.168122079999999868e-01 7.968687799999998878e-02 9.055783400000000372e-02 4.587108920000000367e-01 1.746437380000000206e-01 1.637762319999999938e-01 1.139375479999999996e-01 1.538727639999999952e-01 7.129448399999999131e-02 1.400394979999999845e-01 7.358859599999999224e-02 0.000000000000000000e+00 1.248977819999999850e-01 3.361368820000000257e-01 9.992648600000000880e-02 2.572886480000000087e-01 3.279483280000000112e-01 1.716928659999999995e-01 1.329690039999999740e-01
1.145176600000000072e-01 9.880496599999999408e-02 8.182376399999999328e-02 1.869165979999999894e-01 8.947580000000000811e-02 9.869550799999998736e-02 2.411799480000000051e-01 4.418592819999999644e-01 1.496661619999999915e-01 2.282415919999999931e-01 1.147101860000000056e-01 1.789300159999999973e-01 1.333135260000000155e-01 1.773964239999999970e-01 1.248977819999999850e-01 0.000000000000000000e+00 1.200988419999999834e-01 3.408138000000000001e-01 2.168920839999999850e-01 4.153960259999999738e-01 1.368614640000000160e-01 1.319395260000000014e-01
1.017304600000000087e-01 1.038038039999999995e-01 8.258816800000000347e-02 9.699653399999999537e-02 9.750563199999999486e-02 1.095434780000000136e-01 1.650689300000000304e-01 1.258790040000000165e-01 8.390157400000000654e-02 7.315235600000000171e-02 5.714768600000001003e-02 1.110553659999999887e-01 8.304079600000000005e-02 6.385655600000000875e-02 3.361368820000000257e-01 1.200988419999999834e-01 0.000000000000000000e+00 1.256194019999999911e-01 7.734707379999999910e-01 1.011154860000000044e-01 9.765068400000001536e-02 9.966973199999999700e-02
7.096451600000000526e-02 8.035021000000000524e-02 9.224498400000000209e-02 8.096578800000001075e-02 7.322358399999999434e-02 6.285265399999999392e-02 1.413143219999999922e-01 1.140157519999999980e-01 7.993093399999999515e-02 1.340077400000000141e-01 8.093837800000000526e-02 9.742778800000000128e-02 1.072186599999999934e-01 1.181759779999999871e-01 9.992648600000000880e-02 3.408138000000000001e-01 1.256194019999999911e-01 0.000000000000000000e+00 1.112112159999999877e-01 5.384074500000000096e-01 1.075406780000000007e-01 9.610690000000000899e-02
9.232122999999999025e-02 8.064555399999999430e-02 1.207562300000000199e-01 1.035052180000000099e-01 9.028536800000000473e-02 9.854559399999998637e-02 2.715868920000000242e-01 2.137991819999999765e-01 1.214436679999999907e-01 1.609165480000000203e-01 1.417281659999999888e-01 1.126061800000000002e-01 1.253374559999999860e-01 9.285271200000000391e-02 2.572886480000000087e-01 2.168920839999999850e-01 7.734707379999999910e-01 1.112112159999999877e-01 0.000000000000000000e+00 1.725089380000000006e-01 1.416473599999999722e-01 1.374058220000000108e-01
8.600498199999999371e-02 1.018195979999999973e-01 1.491022259999999766e-01 2.322836339999999888e-01 9.082829000000000597e-02 6.842418200000000006e-02 4.090261099999999983e-01 4.051330240000000638e-01 2.328138019999999864e-01 2.762428679999999748e-01 1.549536880000000061e-01 2.622839299999999985e-01 1.246376740000000038e-01 2.422679019999999794e-01 3.279483280000000112e-01 4.153960259999999738e-01 1.011154860000000044e-01 5.384074500000000096e-01 1.725089380000000006e-01 0.000000000000000000e+00 2.036015200000000080e-01 2.439822359999999912e-01
8.517022399999998883e-02 1.135948900000000039e-01 5.957989839999999759e-01 3.578357260000000206e-01 1.114191799999999927e-01 9.347078600000000015e-02 4.275462760000000029e-01 3.335798320000000206e-01 5.648777200000000276e-01 4.949495220000000306e-01 6.686873540000000116e-01 3.035615859999999944e-01 6.111134419999999512e-01 2.291233380000000097e-01 1.716928659999999995e-01 1.368614640000000160e-01 9.765068400000001536e-02 1.075406780000000007e-01 1.416473599999999722e-01 2.036015200000000080e-01 0.000000000000000000e+00 7.160473260000000950e-01
1.141699860000000150e-01 1.267734699999999992e-01 4.782594320000000399e-01 4.919996939999999874e-01 1.114601039999999904e-01 1.044827980000000017e-01 3.673012099999999891e-01 4.466115679999999588e-01 5.569062459999999382e-01 5.670960700000000632e-01 5.062978140000000682e-01 5.144964059999999062e-01 4.315249339999999156e-01 3.950830819999999743e-01 1.329690039999999740e-01 1.319395260000000014e-01 9.966973199999999700e-02 9.610690000000000899e-02 1.374058220000000108e-01 2.439822359999999912e-01 7.160473260000000950e-01 0.000000000000000000e+00
