0.000000000000000000e+00 9.777616500000000377e-01 4.083976120000000209e-01 6.116005260000000332e-01 9.710930839999999398e-01 9.638138599999999112e-01 1.093324060000000070e-01 1.118577460000000079e-01 2.169576919999999798e-01 3.821071460000000086e-01 1.687615660000000017e-01 2.223991760000000040e-01 3.034092480000000203e-01 1.858079180000000163e-01 1.231047879999999928e-01 1.361714920000000051e-01 1.275658300000000189e-01 1.441792100000000298e-01 1.296873540000000047e-01 1.374364519999999867e-01 3.285662719999999926e-01 3.654409779999999719e-01
9.777616500000000377e-01 0.000000000000000000e+00 3.982757959999999597e-01 5.981542359999999503e-01 9.735384240000000133e-01 9.833545560000001018e-01 8.845576599999999123e-02 9.109394400000001002e-02 2.159628560000000363e-01 3.663766099999999915e-01 1.650088279999999963e-01 2.161034919999999526e-01 3.326516579999999612e-01 1.634369160000000154e-01 1.000309739999999809e-01 1.053464039999999907e-01 1.061188580000000103e-01 1.102369980000000166e-01 1.063650420000000069e-01 1.029299440000000232e-01 3.668657859999999715e-01 3.932732520000000176e-01
4.083976120000000209e-01 3.982757959999999597e-01 0.000000000000000000e+00 4.858788500000000288e-01 4.255937619999999866e-01 3.788615180000000082e-01 5.037395120000000004e-01 4.994741260000000738e-01 5.954096460000000146e-01 2.218523700000000487e-01 6.943591239999998832e-01 2.342415500000000483e-01 2.876779299999999706e-01 2.070170219999999950e-01 4.993512380000000306e-01 5.197237279999999959e-01 5.062283119999999581e-01 5.154461159999998987e-01 5.074297680000000588e-01 5.145754940000000222e-01 2.791010159999999796e-01 2.969344219999999757e-01
6.116005260000000332e-01 5.981542359999999503e-01 4.858788500000000288e-01 0.000000000000000000e+00 5.703593559999999840e-01 5.898959780000000430e-01 2.743463499999999611e-01 2.841744379999999737e-01 2.656410040000000139e-01 2.058615920000000377e-01 2.485334359999999410e-01 1.638566239999999785e-01 2.839554539999999960e-01 2.190413959999999993e-01 2.726541239999999977e-01 2.721898779999999962e-01 2.753955179999999503e-01 2.748192639999999520e-01 2.733672939999999274e-01 2.720019819999999755e-01 3.459820939999999623e-01 3.490273500000000140e-01
9.710930839999999398e-01 9.735384240000000133e-01 4.255937619999999866e-01 5.703593559999999840e-01 0.000000000000000000e+00 9.466059000000000001e-01 9.995484999999998399e-02 1.079105439999999971e-01 2.259501959999999643e-01 3.821280740000000398e-01 1.652951639999999944e-01 2.244158140000000190e-01 3.268619320000000217e-01 1.646252460000000029e-01 1.123397699999999916e-01 1.205504300000000140e-01 1.176312919999999984e-01 1.286421060000000061e-01 1.185501340000000015e-01 1.196087059999999952e-01 3.308583920000000012e-01 3.533228579999999619e-01
9.638138599999999112e-01 9.833545560000001018e-01 3.788615180000000082e-01 5.898959780000000430e-01 9.466059000000000001e-01 0.000000000000000000e+00 9.516589400000000087e-02 9.934824999999999906e-02 2.191739239999999922e-01 3.425767860000000220e-01 1.772454300000000094e-01 1.903700360000000202e-01 3.407191179999999875e-01 1.630980579999999902e-01 1.084039780000000119e-01 1.105047439999999881e-01 1.118502439999999876e-01 1.180259460000000066e-01 1.139387080000000135e-01 1.080688299999999769e-01 3.718002099999999643e-01 3.877429740000000180e-01
1.093324060000000070e-01 8.845576599999999123e-02 5.037395120000000004e-01 2.743463499999999611e-01 9.995484999999998399e-02 9.516589400000000087e-02 0.000000000000000000e+00 9.700309819999999306e-01 4.529713180000000117e-01 2.539874380000000098e-01 4.898528719999999947e-01 3.335023120000000230e-01 6.241010340000000545e-01 3.945800939999999923e-01 9.936220799999999631e-01 9.712136620000000331e-01 9.927698339999999622e-01 9.643348079999999323e-01 9.927549239999999831e-01 9.751695500000000516e-01 5.083466380000000173e-01 2.159537119999999921e-01
1.118577460000000079e-01 9.109394400000001002e-02 4.994741260000000738e-01 2.841744379999999737e-01 1.079105439999999971e-01 9.934824999999999906e-02 9.700309819999999306e-01 0.000000000000000000e+00 4.304781980000000341e-01 2.316178839999999961e-01 4.724719800000000136e-01 3.441020880000000282e-01 6.485702159999999772e-01 3.973894880000000129e-01 9.759665260000000009e-01 9.816966120000000240e-01 9.735746199999999462e-01 9.769282660000000451e-01 9.780375899999999012e-01 9.820573320000001161e-01 5.317515699999999512e-01 2.312323360000000105e-01
2.169576919999999798e-01 2.159628560000000363e-01 5.954096460000000146e-01 2.656410040000000139e-01 2.259501959999999643e-01 2.191739239999999922e-01 4.529713180000000117e-01 4.304781980000000341e-01 0.000000000000000000e+00 4.153841780000000483e-01 8.071642719999999604e-01 3.387985119999999961e-01 2.082234300000000149e-01 2.757327459999999730e-01 4.689558560000000043e-01 4.758918179999999110e-01 4.725976940000000681e-01 4.798678159999999471e-01 4.746577399999999392e-01 4.758502560000000270e-01 2.769795500000000188e-01 4.025944820000000313e-01
3.821071460000000086e-01 3.663766099999999915e-01 2.218523700000000487e-01 2.058615920000000377e-01 3.821280740000000398e-01 3.425767860000000220e-01 2.539874380000000098e-01 2.316178839999999961e-01 4.153841780000000483e-01 0.000000000000000000e+00 3.161433860000000262e-01 7.882124900000000434e-01 3.065447220000000472e-01 6.174643240000000644e-01 2.610030220000000289e-01 2.415059199999999850e-01 2.507374739999999602e-01 2.431620060000000139e-01 2.506938919999999738e-01 2.516766440000000049e-01 3.290193439999999359e-01 3.833802759999999643e-01
1.687615660000000017e-01 1.650088279999999963e-01 6.943591239999998832e-01 2.485334359999999410e-01 1.652951639999999944e-01 1.772454300000000094e-01 4.898528719999999947e-01 4.724719800000000136e-01 8.071642719999999604e-01 3.161433860000000262e-01 0.000000000000000000e+00 2.323392979999999997e-01 2.777492839999999852e-01 2.057617239999999792e-01 4.996220700000000292e-01 5.096350139999999973e-01 5.024273320000000043e-01 5.089075439999999340e-01 5.042997479999999921e-01 5.091463279999999259e-01 2.985185320000000031e-01 4.316822200000000054e-01
2.223991760000000040e-01 2.161034919999999526e-01 2.342415500000000483e-01 1.638566239999999785e-01 2.244158140000000190e-01 1.903700360000000202e-01 3.335023120000000230e-01 3.441020880000000282e-01 3.387985119999999961e-01 7.882124900000000434e-01 2.323392979999999997e-01 0.000000000000000000e+00 3.208232100000000253e-01 8.637235979999999813e-01 3.441521020000000708e-01 3.432195059999999520e-01 3.389338399999999862e-01 3.497857520000000053e-01 3.415385459999999984e-01 3.474435779999999752e-01 3.642428199999999672e-01 3.012329639999999920e-01
3.034092480000000203e-01 3.326516579999999612e-01 2.876779299999999706e-01 2.839554539999999960e-01 3.268619320000000217e-01 3.407191179999999875e-01 6.241010340000000545e-01 6.485702159999999772e-01 2.082234300000000149e-01 3.065447220000000472e-01 2.777492839999999852e-01 3.208232100000000253e-01 0.000000000000000000e+00 3.346793940000000189e-01 6.332251580000000102e-01 6.213558219999999466e-01 6.292112220000000145e-01 6.241881960000000840e-01 6.310774779999999140e-01 6.283721059999999303e-01 8.166877100000000667e-01 5.851279959999999836e-01
1.858079180000000163e-01 1.634369160000000154e-01 2.070170219999999950e-01 2.190413959999999993e-01 1.646252460000000029e-01 1.630980579999999902e-01 3.945800939999999923e-01 3.973894880000000129e-01 2.757327459999999730e-01 6.174643240000000644e-01 2.057617239999999792e-01 8.637235979999999813e-01 3.346793940000000189e-01 0.000000000000000000e+00 4.082097679999999729e-01 4.117787140000001012e-01 4.032495179999999735e-01 4.224426920000000085e-01 4.080679080000000347e-01 4.162104500000000096e-01 3.609598080000000486e-01 1.992575219999999925e-01
1.231047879999999928e-01 1.000309739999999809e-01 4.993512380000000306e-01 2.726541239999999977e-01 1.123397699999999916e-01 1.084039780000000119e-01 9.936220799999999631e-01 9.759665260000000009e-01 4.689558560000000043e-01 2.610030220000000289e-01 4.996220700000000292e-01 3.441521020000000708e-01 6.332251580000000102e-01 4.082097679999999729e-01 0.000000000000000000e+00 9.815227039999999681e-01 9.962740739999998985e-01 9.753773479999999774e-01 9.978469640000000584e-01 9.856042160000001440e-01 5.178477320000000050e-01 2.228273060000000305e-01
1.361714920000000051e-01 1.053464039999999907e-01 5.197237279999999959e-01 2.721898779999999962e-01 1.205504300000000140e-01 1.105047439999999881e-01 9.712136620000000331e-01 9.816966120000000240e-01 4.758918179999999110e-01 2.415059199999999850e-01 5.096350139999999973e-01 3.432195059999999520e-01 6.213558219999999466e-01 4.117787140000001012e-01 9.815227039999999681e-01 0.000000000000000000e+00 9.785585740000000143e-01 9.957367039999999170e-01 9.838465940000000742e-01 9.972998659999998683e-01 5.073244420000000421e-01 2.127219320000000025e-01
1.275658300000000189e-01 1.061188580000000103e-01 5.062283119999999581e-01 2.753955179999999503e-01 1.176312919999999984e-01 1.118502439999999876e-01 9.927698339999999622e-01 9.735746199999999462e-01 4.725976940000000681e-01 2.507374739999999602e-01 5.024273320000000043e-01 3.389338399999999862e-01 6.292112220000000145e-01 4.032495179999999735e-01 9.962740739999998985e-01 9.785585740000000143e-01 0.000000000000000000e+00 9.732870959999999627e-01 9.985701359999999971e-01 9.819082959999999582e-01 5.129398079999999416e-01 2.191830259999999753e-01
1.441792100000000298e-01 1.102369980000000166e-01 5.154461159999998987e-01 2.748192639999999520e-01 1.286421060000000061e-01 1.180259460000000066e-01 9.643348079999999323e-01 9.769282660000000451e-01 4.798678159999999471e-01 2.431620060000000139e-01 5.089075439999999340e-01 3.497857520000000053e-01 6.241881960000000840e-01 4.224426920000000085e-01 9.753773479999999774e-01 9.957367039999999170e-01 9.732870959999999627e-01 0.000000000000000000e+00 9.780355820000000699e-01 9.968114540000000412e-01 5.132904919999999871e-01 2.215829820000000117e-01
1.296873540000000047e-01 1.063650420000000069e-01 5.074297680000000588e-01 2.733672939999999274e-01 1.185501340000000015e-01 1.139387080000000135e-01 9.927549239999999831e-01 9.780375899999999012e-01 4.746577399999999392e-01 2.506938919999999738e-01 5.042997479999999921e-01 3.415385459999999984e-01 6.310774779999999140e-01 4.080679080000000347e-01 9.978469640000000584e-01 9.838465940000000742e-01 9.985701359999999971e-01 9.780355820000000699e-01 0.000000000000000000e+00 9.864638960000000623e-01 5.144419780000000220e-01 2.189008380000000142e-01
1.374364519999999867e-01 1.029299440000000232e-01 5.145754940000000222e-01 2.720019819999999755e-01 1.196087059999999952e-01 1.080688299999999769e-01 9.751695500000000516e-01 9.820573320000001161e-01 4.758502560000000270e-01 2.516766440000000049e-01 5.091463279999999259e-01 3.474435779999999752e-01 6.283721059999999303e-01 4.162104500000000096e-01 9.856042160000001440e-01 9.972998659999998683e-01 9.819082959999999582e-01 9.968114540000000412e-01 9.864638960000000623e-01 0.000000000000000000e+00 5.161107380000000688e-01 2.227317659999999699e-01
3.285662719999999926e-01 3.668657859999999715e-01 2.791010159999999796e-01 3.459820939999999623e-01 3.308583920000000012e-01 3.718002099999999643e-01 5.083466380000000173e-01 5.317515699999999512e-01 2.769795500000000188e-01 3.290193439999999359e-01 2.985185320000000031e-01 3.642428199999999672e-01 8.166877100000000667e-01 3.609598080000000486e-01 5.178477320000000050e-01 5.073244420000000421e-01 5.129398079999999416e-01 5.132904919999999871e-01 5.144419780000000220e-01 5.161107380000000688e-01 0.000000000000000000e+00 7.779556119999999630e-01
3.654409779999999719e-01 3.932732520000000176e-01 2.969344219999999757e-01 3.490273500000000140e-01 3.533228579999999619e-01 3.877429740000000180e-01 2.159537119999999921e-01 2.312323360000000105e-01 4.025944820000000313e-01 3.833802759999999643e-01 4.316822200000000054e-01 3.012329639999999920e-01 5.851279959999999836e-01 1.992575219999999925e-01 2.228273060000000305e-01 2.127219320000000025e-01 2.191830259999999753e-01 2.215829820000000117e-01 2.189008380000000142e-01 2.227317659999999699e-01 7.779556119999999630e-01 0.000000000000000000e+00
