0.000000000000000000e+00 2.405304039999999755e-01 1.307033479999999970e-01 4.275605120000000037e-01 2.367302979999999779e-01 6.912893020000000499e-01 6.479893200000000353e-02 9.072769799999999552e-02 1.020237519999999953e-01 8.637519800000000025e-02 1.013901439999999876e-01 8.572580999999999951e-02 1.001423079999999854e-01 6.847259599999999669e-02 8.403077800000000042e-02 6.448575399999999236e-02 6.295158600000000382e-02 1.067049920000000124e-01 6.895162400000000302e-02 9.878507000000000260e-02 6.041791399999999618e-02 9.317300600000000266e-02
2.405304039999999755e-01 0.000000000000000000e+00 1.532794999999999852e-01 1.527268420000000015e-01 6.449725359999999297e-01 1.183643239999999930e-01 8.603952600000000506e-02 7.211440199999999412e-02 7.341911599999999261e-02 7.687336999999999643e-02 9.985320400000000096e-02 8.518293999999999866e-02 1.263437460000000068e-01 7.615095199999999398e-02 5.887238000000000193e-02 1.005548420000000054e-01 7.515427999999998998e-02 7.080535000000001689e-02 7.444297399999999509e-02 7.418018200000001117e-02 1.098573300000000030e-01 6.880835599999998720e-02
1.307033479999999970e-01 1.532794999999999852e-01 0.000000000000000000e+00 1.545601220000000220e-01 2.279352300000000164e-01 1.239027820000000030e-01 1.569647200000000020e-01 2.534239860000000455e-01 9.781127799999998762e-02 5.623252199999999312e-02 4.999230559999999768e-01 1.085599519999999873e-01 4.337089840000000196e-01 8.698288800000000820e-02 8.252507200000000487e-02 1.328932939999999951e-01 2.793036159999999768e-01 2.647899219999999554e-01 2.903610920000000428e-01 2.621773399999999810e-01 4.079316740000000219e-01 2.603867800000000399e-01
4.275605120000000037e-01 1.527268420000000015e-01 1.545601220000000220e-01 0.000000000000000000e+00 2.089736859999999918e-01 4.046867259999999966e-01 7.618257800000000080e-02 1.527567139999999879e-01 1.800349080000000213e-01 1.297020140000000044e-01 1.144289279999999992e-01 3.715314760000000271e-01 7.370897399999999655e-02 3.272592039999999702e-01 7.611668800000000179e-02 1.131704639999999984e-01 1.002449220000000141e-01 9.222923600000000610e-02 9.807477800000000134e-02 9.332269399999999770e-02 1.121565120000000138e-01 2.600698259999999484e-01
2.367302979999999779e-01 6.449725359999999297e-01 2.279352300000000164e-01 2.089736859999999918e-01 0.000000000000000000e+00 2.341181900000000038e-01 6.260553600000000329e-02 6.045689599999999608e-02 7.907930199999999021e-02 6.857414600000000249e-02 1.234495719999999935e-01 1.110201680000000024e-01 1.564511560000000079e-01 1.009082400000000102e-01 7.561512800000000367e-02 5.490831999999999657e-02 8.407211200000000439e-02 8.912045999999999857e-02 7.768669400000000058e-02 9.665306599999999582e-02 1.213264039999999849e-01 5.543034599999999840e-02
6.912893020000000499e-01 1.183643239999999930e-01 1.239027820000000030e-01 4.046867259999999966e-01 2.341181900000000038e-01 0.000000000000000000e+00 8.209450599999998377e-02 4.613177000000000250e-02 9.280301199999999029e-02 6.686516200000000576e-02 8.540951799999998983e-02 5.830850599999999606e-02 9.083168799999999377e-02 6.791335399999999523e-02 9.505537000000000014e-02 4.245167799999999964e-02 8.111508400000000396e-02 6.565063800000001115e-02 7.937678600000000473e-02 5.763845999999998859e-02 4.620004600000000156e-02 8.572203999999998547e-02
6.479893200000000353e-02 8.603952600000000506e-02 1.569647200000000020e-01 7.618257800000000080e-02 6.260553600000000329e-02 8.209450599999998377e-02 0.000000000000000000e+00 6.915341779999999439e-01 1.251989339999999840e-01 2.289583219999999919e-01 7.969737999999999822e-02 1.036156599999999983e-01 1.663946699999999945e-01 1.544598339999999903e-01 3.413392459999999851e-01 2.339352939999999881e-01 6.121668799999999688e-01 6.637423380000000428e-01 6.744462820000001191e-01 6.296004539999999761e-01 1.467355919999999980e-01 1.817974659999999909e-01
9.072769799999999552e-02 7.211440199999999412e-02 2.534239860000000455e-01 1.527567139999999879e-01 6.045689599999999608e-02 4.613177000000000250e-02 6.915341779999999439e-01 0.000000000000000000e+00 1.690865979999999769e-01 2.395512439999999965e-01 1.052487460000000041e-01 1.233714019999999911e-01 1.192368119999999976e-01 1.283239540000000178e-01 1.532326319999999797e-01 4.480858320000000172e-01 6.854993740000000502e-01 7.034157380000000126e-01 7.506130960000000352e-01 6.962282159999999553e-01 2.024931680000000012e-01 2.279108479999999992e-01
1.020237519999999953e-01 7.341911599999999261e-02 9.781127799999998762e-02 1.800349080000000213e-01 7.907930199999999021e-02 9.280301199999999029e-02 1.251989339999999840e-01 1.690865979999999769e-01 0.000000000000000000e+00 1.185133280000000011e-01 1.169537840000000051e-01 1.517310700000000234e-01 2.298540180000000210e-01 6.565083400000000513e-02 1.480809680000000073e-01 1.147193439999999870e-01 1.067507020000000029e-01 1.882888439999999830e-01 1.229495759999999771e-01 1.797911199999999987e-01 8.610963800000000223e-02 1.942827719999999925e-01
8.637519800000000025e-02 7.687336999999999643e-02 5.623252199999999312e-02 1.297020140000000044e-01 6.857414600000000249e-02 6.686516200000000576e-02 2.289583219999999919e-01 2.395512439999999965e-01 1.185133280000000011e-01 0.000000000000000000e+00 1.130581479999999972e-01 1.588755240000000180e-01 9.517848999999999060e-02 4.726501140000000656e-01 8.374808999999998338e-02 9.955137599999999698e-02 1.998398940000000179e-01 2.207810079999999731e-01 2.194621999999999962e-01 2.151449620000000229e-01 8.933362799999999826e-02 8.206966799999999840e-02
1.013901439999999876e-01 9.985320400000000096e-02 4.999230559999999768e-01 1.144289279999999992e-01 1.234495719999999935e-01 8.540951799999998983e-02 7.969737999999999822e-02 1.052487460000000041e-01 1.169537840000000051e-01 1.130581479999999972e-01 0.000000000000000000e+00 7.433530600000000377e-02 5.216886780000000723e-01 6.111835400000000668e-02 1.411143800000000115e-01 4.617827399999999832e-02 1.181719600000000064e-01 1.418181279999999878e-01 1.215714339999999921e-01 1.465551320000000046e-01 4.360292780000000201e-01 2.917066780000000525e-01
8.572580999999999951e-02 8.518293999999999866e-02 1.085599519999999873e-01 3.715314760000000271e-01 1.110201680000000024e-01 5.830850599999999606e-02 1.036156599999999983e-01 1.233714019999999911e-01 1.517310700000000234e-01 1.588755240000000180e-01 7.433530600000000377e-02 0.000000000000000000e+00 9.762457400000000562e-02 2.473744680000000140e-01 8.625311399999999185e-02 6.958428799999999415e-02 7.840549399999999225e-02 1.075998419999999872e-01 7.958184000000000091e-02 1.263605620000000096e-01 7.595663799999999299e-02 2.187673740000000144e-01
1.001423079999999854e-01 1.263437460000000068e-01 4.337089840000000196e-01 7.370897399999999655e-02 1.564511560000000079e-01 9.083168799999999377e-02 1.663946699999999945e-01 1.192368119999999976e-01 2.298540180000000210e-01 9.517848999999999060e-02 5.216886780000000723e-01 9.762457400000000562e-02 0.000000000000000000e+00 1.296135579999999898e-01 1.981669440000000115e-01 8.030557599999998963e-02 1.536019160000000050e-01 1.345358900000000191e-01 1.587241239999999942e-01 1.200053060000000060e-01 4.710306199999999555e-01 1.817537939999999685e-01
6.847259599999999669e-02 7.615095199999999398e-02 8.698288800000000820e-02 3.272592039999999702e-01 1.009082400000000102e-01 6.791335399999999523e-02 1.544598339999999903e-01 1.283239540000000178e-01 6.565083400000000513e-02 4.726501140000000656e-01 6.111835400000000668e-02 2.473744680000000140e-01 1.296135579999999898e-01 0.000000000000000000e+00 8.696719600000001049e-02 1.584863940000000027e-01 1.271724939999999970e-01 1.224819579999999880e-01 1.501059220000000027e-01 1.081257340000000011e-01 1.220971859999999964e-01 1.047142599999999896e-01
8.403077800000000042e-02 5.887238000000000193e-02 8.252507200000000487e-02 7.611668800000000179e-02 7.561512800000000367e-02 9.505537000000000014e-02 3.413392459999999851e-01 1.532326319999999797e-01 1.480809680000000073e-01 8.374808999999998338e-02 1.411143800000000115e-01 8.625311399999999185e-02 1.981669440000000115e-01 8.696719600000001049e-02 0.000000000000000000e+00 2.896211140000000128e-01 1.024187219999999898e-01 3.598732239999999916e-01 2.004187399999999772e-02 1.945319060000000044e-01 1.220402380000000092e-01 1.684860100000000194e-01
6.448575399999999236e-02 1.005548420000000054e-01 1.328932939999999951e-01 1.131704639999999984e-01 5.490831999999999657e-02 4.245167799999999964e-02 2.339352939999999881e-01 4.480858320000000172e-01 1.147193439999999870e-01 9.955137599999999698e-02 4.617827399999999832e-02 6.958428799999999415e-02 8.030557599999998963e-02 1.584863940000000027e-01 2.896211140000000128e-01 0.000000000000000000e+00 2.257061199999999823e-01 3.910638619999999843e-01 2.850457220000000014e-01 3.169671240000000445e-01 5.736517599999999689e-02 9.677752400000000366e-02
6.295158600000000382e-02 7.515427999999998998e-02 2.793036159999999768e-01 1.002449220000000141e-01 8.407211200000000439e-02 8.111508400000000396e-02 6.121668799999999688e-01 6.854993740000000502e-01 1.067507020000000029e-01 1.998398940000000179e-01 1.181719600000000064e-01 7.840549399999999225e-02 1.536019160000000050e-01 1.271724939999999970e-01 1.024187219999999898e-01 2.257061199999999823e-01 0.000000000000000000e+00 5.070213540000000352e-01 9.673736259999999865e-01 5.613470819999999417e-01 2.197243180000000018e-01 1.874424839999999925e-01
1.067049920000000124e-01 7.080535000000001689e-02 2.647899219999999554e-01 9.222923600000000610e-02 8.912045999999999857e-02 6.565063800000001115e-02 6.637423380000000428e-01 7.034157380000000126e-01 1.882888439999999830e-01 2.207810079999999731e-01 1.418181279999999878e-01 1.075998419999999872e-01 1.345358900000000191e-01 1.224819579999999880e-01 3.598732239999999916e-01 3.910638619999999843e-01 5.070213540000000352e-01 0.000000000000000000e+00 5.794833120000000282e-01 8.857359300000000601e-01 1.820252880000000073e-01 1.829821079999999767e-01
6.895162400000000302e-02 7.444297399999999509e-02 2.903610920000000428e-01 9.807477800000000134e-02 7.768669400000000058e-02 7.937678600000000473e-02 6.744462820000001191e-01 7.506130960000000352e-01 1.229495759999999771e-01 2.194621999999999962e-01 1.215714339999999921e-01 7.958184000000000091e-02 1.587241239999999942e-01 1.501059220000000027e-01 2.004187399999999772e-02 2.850457220000000014e-01 9.673736259999999865e-01 5.794833120000000282e-01 0.000000000000000000e+00 6.063380099999999828e-01 2.189387840000000252e-01 1.979203239999999808e-01
9.878507000000000260e-02 7.418018200000001117e-02 2.621773399999999810e-01 9.332269399999999770e-02 9.665306599999999582e-02 5.763845999999998859e-02 6.296004539999999761e-01 6.962282159999999553e-01 1.797911199999999987e-01 2.151449620000000229e-01 1.465551320000000046e-01 1.263605620000000096e-01 1.200053060000000060e-01 1.081257340000000011e-01 1.945319060000000044e-01 3.169671240000000445e-01 5.613470819999999417e-01 8.857359300000000601e-01 6.063380099999999828e-01 0.000000000000000000e+00 1.834854260000000070e-01 1.584734019999999854e-01
6.041791399999999618e-02 1.098573300000000030e-01 4.079316740000000219e-01 1.121565120000000138e-01 1.213264039999999849e-01 4.620004600000000156e-02 1.467355919999999980e-01 2.024931680000000012e-01 8.610963800000000223e-02 8.933362799999999826e-02 4.360292780000000201e-01 7.595663799999999299e-02 4.710306199999999555e-01 1.220971859999999964e-01 1.220402380000000092e-01 5.736517599999999689e-02 2.197243180000000018e-01 1.820252880000000073e-01 2.189387840000000252e-01 1.834854260000000070e-01 0.000000000000000000e+00 3.068298899999999940e-01
9.317300600000000266e-02 6.880835599999998720e-02 2.603867800000000399e-01 2.600698259999999484e-01 5.543034599999999840e-02 8.572203999999998547e-02 1.817974659999999909e-01 2.279108479999999992e-01 1.942827719999999925e-01 8.206966799999999840e-02 2.917066780000000525e-01 2.187673740000000144e-01 1.817537939999999685e-01 1.047142599999999896e-01 1.684860100000000194e-01 9.677752400000000366e-02 1.874424839999999925e-01 1.829821079999999767e-01 1.979203239999999808e-01 1.584734019999999854e-01 3.068298899999999940e-01 0.000000000000000000e+00
