0.000000000000000000e+00 9.836267400000000549e-01 4.511885960000000528e-01 6.204531199999999691e-01 9.755125140000000528e-01 9.756998460000000373e-01 1.052581740000000099e-01 1.214017300000000132e-01 3.075315019999999566e-01 4.994925120000000551e-01 2.761461959999999549e-01 3.703587979999999891e-01 3.605164800000000280e-01 2.011464860000000132e-01 1.013410640000000085e-01 1.033851860000000178e-01 9.843255200000000649e-02 1.067227960000000087e-01 1.013693839999999929e-01 1.018956680000000087e-01 3.775476520000000114e-01 4.485585000000000266e-01
9.836267400000000549e-01 0.000000000000000000e+00 4.250132320000000741e-01 6.032979499999999717e-01 9.801638999999999768e-01 9.916743580000000335e-01 1.278417820000000149e-01 1.432010819999999796e-01 2.941181759999999534e-01 4.957243980000001216e-01 2.753730300000000186e-01 3.567209619999999748e-01 3.710395839999999779e-01 1.891813319999999798e-01 1.199381799999999776e-01 1.116886660000000059e-01 1.180764300000000100e-01 1.118982500000000047e-01 1.196741499999999930e-01 1.162052359999999895e-01 3.973798060000000021e-01 4.651266239999999885e-01
4.511885960000000528e-01 4.250132320000000741e-01 0.000000000000000000e+00 5.550838980000000200e-01 3.970354600000000067e-01 4.172730020000000595e-01 5.544840420000001213e-01 5.525964059999999289e-01 4.939021339999999927e-01 2.536662279999999936e-01 5.269651860000000854e-01 2.952447900000000347e-01 3.866722439999999983e-01 3.727586780000000100e-01 5.524057380000000350e-01 5.670667520000000072e-01 5.613930280000000161e-01 5.581676959999999355e-01 5.584837780000000418e-01 5.564164039999999201e-01 3.151767399999999553e-01 2.815594699999999784e-01
6.204531199999999691e-01 6.032979499999999717e-01 5.550838980000000200e-01 0.000000000000000000e+00 5.655406219999999928e-01 6.181595559999999434e-01 2.976094839999999797e-01 2.951773979999999797e-01 3.397927179999999936e-01 3.456252599999999897e-01 3.023884360000000382e-01 3.499041799999999536e-01 2.664595520000000439e-01 3.534825320000000159e-01 2.997209639999999786e-01 3.015988019999999992e-01 3.045756660000000227e-01 3.024179419999999952e-01 3.001655020000000285e-01 3.021407159999999759e-01 3.201417239999999609e-01 3.327341759999999926e-01
9.755125140000000528e-01 9.801638999999999768e-01 3.970354600000000067e-01 5.655406219999999928e-01 0.000000000000000000e+00 9.645306799999999736e-01 1.389134340000000023e-01 1.505202840000000042e-01 2.958717460000000465e-01 5.040636320000000392e-01 2.810898439999999776e-01 3.530558359999999563e-01 3.927401319999999640e-01 1.751947320000000197e-01 1.278212380000000314e-01 1.298140159999999765e-01 1.264275499999999997e-01 1.315063659999999857e-01 1.292922380000000038e-01 1.266624879999999898e-01 4.026543379999999450e-01 4.719799179999999983e-01
9.756998460000000373e-01 9.916743580000000335e-01 4.172730020000000595e-01 6.181595559999999434e-01 9.645306799999999736e-01 0.000000000000000000e+00 1.203902659999999958e-01 1.381360819999999934e-01 2.836524360000000078e-01 4.838447439999999378e-01 2.640778160000000208e-01 3.534667379999999470e-01 3.652657760000000420e-01 1.922702579999999994e-01 1.110081719999999883e-01 1.013484880000000005e-01 1.109154119999999910e-01 1.040069079999999813e-01 1.117435259999999958e-01 1.062831280000000184e-01 3.972181819999999752e-01 4.648082320000000434e-01
1.052581740000000099e-01 1.278417820000000149e-01 5.544840420000001213e-01 2.976094839999999797e-01 1.389134340000000023e-01 1.203902659999999958e-01 0.000000000000000000e+00 9.693258780000000296e-01 4.409830319999999970e-01 1.406239459999999997e-01 4.450320419999999610e-01 2.552130579999999926e-01 5.962748440000000816e-01 3.831439200000000267e-01 9.920773920000000023e-01 9.627992539999998822e-01 9.890144359999999413e-01 9.553500019999999759e-01 9.900911999999999491e-01 9.719406299999999721e-01 5.013757780000001052e-01 2.490957900000000114e-01
1.214017300000000132e-01 1.432010819999999796e-01 5.525964059999999289e-01 2.951773979999999797e-01 1.505202840000000042e-01 1.381360819999999934e-01 9.693258780000000296e-01 0.000000000000000000e+00 4.625946559999999375e-01 1.698299639999999999e-01 4.642212320000000392e-01 2.650492979999999887e-01 6.221089539999999918e-01 3.921415659999999415e-01 9.722830359999999894e-01 9.772442779999999107e-01 9.684620900000000532e-01 9.702223039999999799e-01 9.755838920000000636e-01 9.786512659999999642e-01 5.269588960000000100e-01 2.593919960000000691e-01
3.075315019999999566e-01 2.941181759999999534e-01 4.939021339999999927e-01 3.397927179999999936e-01 2.958717460000000465e-01 2.836524360000000078e-01 4.409830319999999970e-01 4.625946559999999375e-01 0.000000000000000000e+00 3.454596600000000017e-01 8.054211439999999778e-01 2.120864639999999746e-01 2.139029560000000052e-01 1.749427120000000002e-01 4.688416959999999745e-01 5.108860299999999910e-01 4.763006559999999889e-01 5.160298020000000374e-01 4.798139660000000362e-01 4.997591360000000482e-01 1.782439919999999900e-01 2.874910419999999744e-01
4.994925120000000551e-01 4.957243980000001216e-01 2.536662279999999936e-01 3.456252599999999897e-01 5.040636320000000392e-01 4.838447439999999378e-01 1.406239459999999997e-01 1.698299639999999999e-01 3.454596600000000017e-01 0.000000000000000000e+00 2.581414119999999590e-01 7.321489320000000856e-01 3.454834939999999466e-01 4.847084140000000874e-01 1.355609379999999642e-01 1.423743019999999804e-01 1.349238660000000034e-01 1.493153040000000098e-01 1.386506599999999811e-01 1.480343379999999875e-01 4.193169860000000027e-01 4.362317159999999916e-01
2.761461959999999549e-01 2.753730300000000186e-01 5.269651860000000854e-01 3.023884360000000382e-01 2.810898439999999776e-01 2.640778160000000208e-01 4.450320419999999610e-01 4.642212320000000392e-01 8.054211439999999778e-01 2.581414119999999590e-01 0.000000000000000000e+00 1.606643879999999913e-01 2.980399619999999916e-01 1.865681859999999970e-01 4.622288799999999531e-01 5.077692780000000461e-01 4.633546739999999664e-01 5.101865939999999933e-01 4.691397700000000670e-01 5.010661639999999251e-01 2.584512420000000255e-01 3.372536040000000401e-01
3.703587979999999891e-01 3.567209619999999748e-01 2.952447900000000347e-01 3.499041799999999536e-01 3.530558359999999563e-01 3.534667379999999470e-01 2.552130579999999926e-01 2.650492979999999887e-01 2.120864639999999746e-01 7.321489320000000856e-01 1.606643879999999913e-01 0.000000000000000000e+00 2.851413520000000146e-01 8.101769780000001031e-01 2.540354819999999791e-01 2.589321780000000128e-01 2.536363859999999915e-01 2.492034340000000014e-01 2.531843820000000411e-01 2.524947039999999587e-01 3.892287660000000038e-01 2.663488159999999882e-01
3.605164800000000280e-01 3.710395839999999779e-01 3.866722439999999983e-01 2.664595520000000439e-01 3.927401319999999640e-01 3.652657760000000420e-01 5.962748440000000816e-01 6.221089539999999918e-01 2.139029560000000052e-01 3.454834939999999466e-01 2.980399619999999916e-01 2.851413520000000146e-01 0.000000000000000000e+00 3.621282020000000101e-01 5.994031520000000501e-01 5.998521620000000221e-01 6.062787839999999040e-01 5.974897699999999201e-01 6.088748779999999527e-01 6.046062880000000472e-01 8.474856159999999416e-01 6.222806100000000118e-01
2.011464860000000132e-01 1.891813319999999798e-01 3.727586780000000100e-01 3.534825320000000159e-01 1.751947320000000197e-01 1.922702579999999994e-01 3.831439200000000267e-01 3.921415659999999415e-01 1.749427120000000002e-01 4.847084140000000874e-01 1.865681859999999970e-01 8.101769780000001031e-01 3.621282020000000101e-01 0.000000000000000000e+00 3.822623119999999930e-01 4.056285000000000029e-01 3.824306819999999663e-01 4.084025719999999637e-01 3.833466279999999671e-01 4.017645920000000315e-01 4.448434760000000709e-01 2.456034520000000276e-01
1.013410640000000085e-01 1.199381799999999776e-01 5.524057380000000350e-01 2.997209639999999786e-01 1.278212380000000314e-01 1.110081719999999883e-01 9.920773920000000023e-01 9.722830359999999894e-01 4.688416959999999745e-01 1.355609379999999642e-01 4.622288799999999531e-01 2.540354819999999791e-01 5.994031520000000501e-01 3.822623119999999930e-01 0.000000000000000000e+00 9.707398900000001607e-01 9.955802259999998460e-01 9.619460440000000556e-01 9.967779059999999358e-01 9.790730880000000358e-01 5.004218619999999396e-01 2.393685959999999890e-01
1.033851860000000178e-01 1.116886660000000059e-01 5.670667520000000072e-01 3.015988019999999992e-01 1.298140159999999765e-01 1.013484880000000005e-01 9.627992539999998822e-01 9.772442779999999107e-01 5.108860299999999910e-01 1.423743019999999804e-01 5.077692780000000461e-01 2.589321780000000128e-01 5.998521620000000221e-01 4.056285000000000029e-01 9.707398900000001607e-01 0.000000000000000000e+00 9.676387479999999375e-01 9.950626660000001511e-01 9.755782740000000786e-01 9.955342919999999873e-01 4.982129719999999762e-01 2.192224480000000142e-01
9.843255200000000649e-02 1.180764300000000100e-01 5.613930280000000161e-01 3.045756660000000227e-01 1.264275499999999997e-01 1.109154119999999910e-01 9.890144359999999413e-01 9.684620900000000532e-01 4.763006559999999889e-01 1.349238660000000034e-01 4.633546739999999664e-01 2.536363859999999915e-01 6.062787839999999040e-01 3.824306819999999663e-01 9.955802259999998460e-01 9.676387479999999375e-01 0.000000000000000000e+00 9.590500739999999746e-01 9.983533159999999906e-01 9.746478859999999633e-01 5.034960980000000585e-01 2.401510639999999697e-01
1.067227960000000087e-01 1.118982500000000047e-01 5.581676959999999355e-01 3.024179419999999952e-01 1.315063659999999857e-01 1.040069079999999813e-01 9.553500019999999759e-01 9.702223039999999799e-01 5.160298020000000374e-01 1.493153040000000098e-01 5.101865939999999933e-01 2.492034340000000014e-01 5.974897699999999201e-01 4.084025719999999637e-01 9.619460440000000556e-01 9.950626660000001511e-01 9.590500739999999746e-01 0.000000000000000000e+00 9.672917460000001189e-01 9.946806120000000195e-01 4.987089740000000271e-01 2.279591599999999940e-01
1.013693839999999929e-01 1.196741499999999930e-01 5.584837780000000418e-01 3.001655020000000285e-01 1.292922380000000038e-01 1.117435259999999958e-01 9.900911999999999491e-01 9.755838920000000636e-01 4.798139660000000362e-01 1.386506599999999811e-01 4.691397700000000670e-01 2.531843820000000411e-01 6.088748779999999527e-01 3.833466279999999671e-01 9.967779059999999358e-01 9.755782740000000786e-01 9.983533159999999906e-01 9.672917460000001189e-01 0.000000000000000000e+00 9.812992959999998765e-01 5.048419519999999272e-01 2.386284299999999747e-01
1.018956680000000087e-01 1.162052359999999895e-01 5.564164039999999201e-01 3.021407159999999759e-01 1.266624879999999898e-01 1.062831280000000184e-01 9.719406299999999721e-01 9.786512659999999642e-01 4.997591360000000482e-01 1.480343379999999875e-01 5.010661639999999251e-01 2.524947039999999587e-01 6.046062880000000472e-01 4.017645920000000315e-01 9.790730880000000358e-01 9.955342919999999873e-01 9.746478859999999633e-01 9.946806120000000195e-01 9.812992959999998765e-01 0.000000000000000000e+00 5.031291940000000018e-01 2.321279380000000336e-01
3.775476520000000114e-01 3.973798060000000021e-01 3.151767399999999553e-01 3.201417239999999609e-01 4.026543379999999450e-01 3.972181819999999752e-01 5.013757780000001052e-01 5.269588960000000100e-01 1.782439919999999900e-01 4.193169860000000027e-01 2.584512420000000255e-01 3.892287660000000038e-01 8.474856159999999416e-01 4.448434760000000709e-01 5.004218619999999396e-01 4.982129719999999762e-01 5.034960980000000585e-01 4.987089740000000271e-01 5.048419519999999272e-01 5.031291940000000018e-01 0.000000000000000000e+00 7.797113900000001152e-01
4.485585000000000266e-01 4.651266239999999885e-01 2.815594699999999784e-01 3.327341759999999926e-01 4.719799179999999983e-01 4.648082320000000434e-01 2.490957900000000114e-01 2.593919960000000691e-01 2.874910419999999744e-01 4.362317159999999916e-01 3.372536040000000401e-01 2.663488159999999882e-01 6.222806100000000118e-01 2.456034520000000276e-01 2.393685959999999890e-01 2.192224480000000142e-01 2.401510639999999697e-01 2.279591599999999940e-01 2.386284299999999747e-01 2.321279380000000336e-01 7.797113900000001152e-01 0.000000000000000000e+00
