0.000000000000000000e+00 1.356775540000000058e-01 5.938767400000001528e-02 3.399013419999999952e-01 1.823221180000000052e-01 6.526410260000000685e-01 6.854998600000000719e-02 7.257168599999999636e-02 7.462809000000000803e-02 9.072103400000000595e-02 8.576386199999999627e-02 6.947733200000000275e-02 1.063135259999999915e-01 1.205871099999999696e-01 8.404408199999999218e-02 1.116695580000000299e-01 7.559667000000000470e-02 7.637457000000000273e-02 6.943862600000000329e-02 7.422662399999999105e-02 7.239167799999998709e-02 5.117252799999999491e-02
1.356775540000000058e-01 0.000000000000000000e+00 2.012445639999999591e-01 1.035609140000000039e-01 5.880005260000000789e-01 6.308977200000000229e-02 6.282421800000000112e-02 5.240623599999999493e-02 1.118450139999999926e-01 5.306578400000000473e-02 9.693350599999998873e-02 6.759362799999998894e-02 8.486508600000000624e-02 7.096188000000000495e-02 8.275224999999998554e-02 7.380319400000000252e-02 7.077941600000001166e-02 6.168361799999999562e-02 7.496149199999999069e-02 6.564786000000000232e-02 9.684831600000001761e-02 5.946348999999999385e-02
5.938767400000001528e-02 2.012445639999999591e-01 0.000000000000000000e+00 1.032954520000000098e-01 2.066828940000000059e-01 8.256999800000000556e-02 1.555076500000000250e-01 2.015106279999999972e-01 9.725353999999998555e-02 1.499680800000000036e-01 5.425644560000000283e-01 9.924634799999999812e-02 4.579942599999999864e-01 9.141133399999999687e-02 9.755661600000001266e-02 1.172319460000000035e-01 2.324256479999999847e-01 2.272003279999999792e-01 2.471378640000000126e-01 2.354553939999999845e-01 4.088135300000000361e-01 1.929303199999999885e-01
3.399013419999999952e-01 1.035609140000000039e-01 1.032954520000000098e-01 0.000000000000000000e+00 1.230771420000000005e-01 2.701728660000000115e-01 1.535620440000000086e-01 1.981456279999999903e-01 1.466183879999999884e-01 1.850032800000000199e-01 8.973296799999999629e-02 4.547917879999999746e-01 1.177748559999999972e-01 3.337819679999999845e-01 1.598883720000000008e-01 1.321214299999999842e-01 1.034178980000000081e-01 1.852729120000000118e-01 1.206188519999999986e-01 1.745707160000000147e-01 9.527803999999999440e-02 2.388366239999999974e-01
1.823221180000000052e-01 5.880005260000000789e-01 2.066828940000000059e-01 1.230771420000000005e-01 0.000000000000000000e+00 1.760639920000000025e-01 5.047098599999999546e-02 4.428162800000000343e-02 8.755053999999999614e-02 8.576729800000000570e-02 7.274240399999999662e-02 1.035803559999999984e-01 1.052790899999999918e-01 1.078453960000000100e-01 6.223257400000000578e-02 8.436054199999999670e-02 5.112896399999999897e-02 7.698421399999999526e-02 4.866076200000000324e-02 8.698071999999998360e-02 8.027763200000000154e-02 8.408047000000000437e-02
6.526410260000000685e-01 6.308977200000000229e-02 8.256999800000000556e-02 2.701728660000000115e-01 1.760639920000000025e-01 0.000000000000000000e+00 7.849696200000000346e-02 8.042049799999999304e-02 5.843095200000000128e-02 7.052355800000001396e-02 9.841834400000000482e-02 8.964362600000000403e-02 1.184857580000000105e-01 1.015537099999999915e-01 6.950657200000000258e-02 8.047019400000002265e-02 7.241163199999998967e-02 8.563505000000000422e-02 6.376348999999999212e-02 8.815802000000001748e-02 6.655027199999999366e-02 6.595251199999999092e-02
6.854998600000000719e-02 6.282421800000000112e-02 1.555076500000000250e-01 1.535620440000000086e-01 5.047098599999999546e-02 7.849696200000000346e-02 0.000000000000000000e+00 6.822180140000000392e-01 1.312358100000000083e-01 1.711593840000000255e-01 8.621750199999998754e-02 1.476086859999999890e-01 1.588257599999999825e-01 1.982800439999999886e-01 4.028919579999999945e-01 1.996269420000000017e-01 6.089116519999999699e-01 6.591079020000000233e-01 6.670522459999999043e-01 6.344975419999999700e-01 1.851410119999999937e-01 2.234295739999999919e-01
7.257168599999999636e-02 5.240623599999999493e-02 2.015106279999999972e-01 1.981456279999999903e-01 4.428162800000000343e-02 8.042049799999999304e-02 6.822180140000000392e-01 0.000000000000000000e+00 1.602812140000000052e-01 2.242520380000000146e-01 1.103643019999999836e-01 1.260778859999999724e-01 1.481487819999999789e-01 1.870312859999999910e-01 1.985350339999999991e-01 3.881545399999999924e-01 6.578858279999999503e-01 6.801116799999999962e-01 7.281398620000000266e-01 6.617690159999999322e-01 1.845428199999999685e-01 2.267641340000000061e-01
7.462809000000000803e-02 1.118450139999999926e-01 9.725353999999998555e-02 1.466183879999999884e-01 8.755053999999999614e-02 5.843095200000000128e-02 1.312358100000000083e-01 1.602812140000000052e-01 0.000000000000000000e+00 6.699932599999999794e-02 8.205430199999999563e-02 1.056967719999999805e-01 2.449255719999999525e-01 9.326102199999999898e-02 1.297195379999999953e-01 9.061459600000000558e-02 1.008733139999999917e-01 2.041141360000000016e-01 1.190164719999999843e-01 2.288196479999999866e-01 9.157537000000000316e-02 2.010719540000000249e-01
9.072103400000000595e-02 5.306578400000000473e-02 1.499680800000000036e-01 1.850032800000000199e-01 8.576729800000000570e-02 7.052355800000001396e-02 1.711593840000000255e-01 2.242520380000000146e-01 6.699932599999999794e-02 0.000000000000000000e+00 1.524410420000000266e-01 2.222845560000000220e-01 1.628136159999999943e-01 4.521001060000000571e-01 8.510137999999999037e-02 1.050265540000000081e-01 1.912138240000000045e-01 1.205747400000000136e-01 1.935724200000000228e-01 1.455161060000000062e-01 1.931736740000000174e-01 1.122278480000000050e-01
8.576386199999999627e-02 9.693350599999998873e-02 5.425644560000000283e-01 8.973296799999999629e-02 7.274240399999999662e-02 9.841834400000000482e-02 8.621750199999998754e-02 1.103643019999999836e-01 8.205430199999999563e-02 1.524410420000000266e-01 0.000000000000000000e+00 1.075620840000000022e-01 5.152602539999999731e-01 1.022207019999999966e-01 1.684822659999999916e-01 5.870061000000000029e-02 1.341847900000000260e-01 1.465345799999999976e-01 1.439997940000000143e-01 1.248362939999999865e-01 4.458111660000000365e-01 2.460565479999999583e-01
6.947733200000000275e-02 6.759362799999998894e-02 9.924634799999999812e-02 4.547917879999999746e-01 1.035803559999999984e-01 8.964362600000000403e-02 1.476086859999999890e-01 1.260778859999999724e-01 1.056967719999999805e-01 2.222845560000000220e-01 1.075620840000000022e-01 0.000000000000000000e+00 1.196170779999999878e-01 2.395327720000000049e-01 1.312562520000000177e-01 1.695096720000000001e-01 1.494064639999999888e-01 1.151650239999999908e-01 1.452901000000000054e-01 1.082462539999999862e-01 1.052913240000000056e-01 2.105382780000000231e-01
1.063135259999999915e-01 8.486508600000000624e-02 4.579942599999999864e-01 1.177748559999999972e-01 1.052790899999999918e-01 1.184857580000000105e-01 1.588257599999999825e-01 1.481487819999999789e-01 2.449255719999999525e-01 1.628136159999999943e-01 5.152602539999999731e-01 1.196170779999999878e-01 0.000000000000000000e+00 1.347888479999999889e-01 2.093998800000000104e-01 5.629040400000000222e-02 1.644116640000000129e-01 1.687320840000000044e-01 1.820779100000000095e-01 1.155283460000000179e-01 4.747086180000000266e-01 1.574108620000000125e-01
1.205871099999999696e-01 7.096188000000000495e-02 9.141133399999999687e-02 3.337819679999999845e-01 1.078453960000000100e-01 1.015537099999999915e-01 1.982800439999999886e-01 1.870312859999999910e-01 9.326102199999999898e-02 4.521001060000000571e-01 1.022207019999999966e-01 2.395327720000000049e-01 1.347888479999999889e-01 0.000000000000000000e+00 6.658477799999999724e-02 1.431762400000000102e-01 2.148310899999999746e-01 1.797968120000000281e-01 2.418161479999999808e-01 1.736235640000000080e-01 8.297108000000000261e-02 7.309150799999999948e-02
8.404408199999999218e-02 8.275224999999998554e-02 9.755661600000001266e-02 1.598883720000000008e-01 6.223257400000000578e-02 6.950657200000000258e-02 4.028919579999999945e-01 1.985350339999999991e-01 1.297195379999999953e-01 8.510137999999999037e-02 1.684822659999999916e-01 1.312562520000000177e-01 2.093998800000000104e-01 6.658477799999999724e-02 0.000000000000000000e+00 3.313022140000000393e-01 9.410408600000000345e-02 3.658193220000000023e-01 4.558622799999999947e-02 1.931269959999999952e-01 2.090426660000000436e-01 2.295124219999999937e-01
1.116695580000000299e-01 7.380319400000000252e-02 1.172319460000000035e-01 1.321214299999999842e-01 8.436054199999999670e-02 8.047019400000002265e-02 1.996269420000000017e-01 3.881545399999999924e-01 9.061459600000000558e-02 1.050265540000000081e-01 5.870061000000000029e-02 1.695096720000000001e-01 5.629040400000000222e-02 1.431762400000000102e-01 3.313022140000000393e-01 0.000000000000000000e+00 1.527579039999999999e-01 3.164113499999999801e-01 2.000702079999999994e-01 2.393288619999999756e-01 4.612514799999999776e-02 9.862785000000000302e-02
7.559667000000000470e-02 7.077941600000001166e-02 2.324256479999999847e-01 1.034178980000000081e-01 5.112896399999999897e-02 7.241163199999998967e-02 6.089116519999999699e-01 6.578858279999999503e-01 1.008733139999999917e-01 1.912138240000000045e-01 1.341847900000000260e-01 1.494064639999999888e-01 1.644116640000000129e-01 2.148310899999999746e-01 9.410408600000000345e-02 1.527579039999999999e-01 0.000000000000000000e+00 4.784308460000000207e-01 9.604307019999998030e-01 5.266412779999999350e-01 2.110559960000000235e-01 1.954430920000000127e-01
7.637457000000000273e-02 6.168361799999999562e-02 2.272003279999999792e-01 1.852729120000000118e-01 7.698421399999999526e-02 8.563505000000000422e-02 6.591079020000000233e-01 6.801116799999999962e-01 2.041141360000000016e-01 1.205747400000000136e-01 1.465345799999999976e-01 1.151650239999999908e-01 1.687320840000000044e-01 1.797968120000000281e-01 3.658193220000000023e-01 3.164113499999999801e-01 4.784308460000000207e-01 0.000000000000000000e+00 5.460112059999999712e-01 8.813467859999999376e-01 1.865970339999999950e-01 1.976229180000000085e-01
6.943862600000000329e-02 7.496149199999999069e-02 2.471378640000000126e-01 1.206188519999999986e-01 4.866076200000000324e-02 6.376348999999999212e-02 6.670522459999999043e-01 7.281398620000000266e-01 1.190164719999999843e-01 1.935724200000000228e-01 1.439997940000000143e-01 1.452901000000000054e-01 1.820779100000000095e-01 2.418161479999999808e-01 4.558622799999999947e-02 2.000702079999999994e-01 9.604307019999998030e-01 5.460112059999999712e-01 0.000000000000000000e+00 5.646387139999999860e-01 2.099030060000000031e-01 2.186759240000000215e-01
7.422662399999999105e-02 6.564786000000000232e-02 2.354553939999999845e-01 1.745707160000000147e-01 8.698071999999998360e-02 8.815802000000001748e-02 6.344975419999999700e-01 6.617690159999999322e-01 2.288196479999999866e-01 1.455161060000000062e-01 1.248362939999999865e-01 1.082462539999999862e-01 1.155283460000000179e-01 1.736235640000000080e-01 1.931269959999999952e-01 2.393288619999999756e-01 5.266412779999999350e-01 8.813467859999999376e-01 5.646387139999999860e-01 0.000000000000000000e+00 1.773327880000000190e-01 1.892039839999999917e-01
7.239167799999998709e-02 9.684831600000001761e-02 4.088135300000000361e-01 9.527803999999999440e-02 8.027763200000000154e-02 6.655027199999999366e-02 1.851410119999999937e-01 1.845428199999999685e-01 9.157537000000000316e-02 1.931736740000000174e-01 4.458111660000000365e-01 1.052913240000000056e-01 4.747086180000000266e-01 8.297108000000000261e-02 2.090426660000000436e-01 4.612514799999999776e-02 2.110559960000000235e-01 1.865970339999999950e-01 2.099030060000000031e-01 1.773327880000000190e-01 0.000000000000000000e+00 2.836226480000000327e-01
5.117252799999999491e-02 5.946348999999999385e-02 1.929303199999999885e-01 2.388366239999999974e-01 8.408047000000000437e-02 6.595251199999999092e-02 2.234295739999999919e-01 2.267641340000000061e-01 2.010719540000000249e-01 1.122278480000000050e-01 2.460565479999999583e-01 2.105382780000000231e-01 1.574108620000000125e-01 7.309150799999999948e-02 2.295124219999999937e-01 9.862785000000000302e-02 1.954430920000000127e-01 1.976229180000000085e-01 2.186759240000000215e-01 1.892039839999999917e-01 2.836226480000000327e-01 0.000000000000000000e+00
