0.000000000000000000e+00 9.698978119999999148e-01 5.784535280000000501e-01 7.176962339999999330e-01 9.646589179999999208e-01 9.661518199999999945e-01 7.383436000000000166e-02 5.251977400000000518e-02 3.416486140000000171e-01 1.874243739999999769e-01 3.152636919999999843e-01 1.261731160000000018e-01 2.786144760000000553e-01 1.466077179999999980e-01 6.760249799999999698e-02 7.452787800000000573e-02 6.943213399999999258e-02 8.012289200000000111e-02 6.708588599999999735e-02 7.367761800000001415e-02 1.937434319999999932e-01 2.605796999999999697e-01
9.698978119999999148e-01 0.000000000000000000e+00 5.924326800000000448e-01 7.062106599999999901e-01 9.579373399999999705e-01 9.792727839999999517e-01 1.080064859999999988e-01 8.270987800000000056e-02 3.499602700000000732e-01 1.820965619999999896e-01 3.074498300000000350e-01 1.522252400000000117e-01 3.039038340000000393e-01 1.851452160000000013e-01 1.036645459999999963e-01 9.863951599999999653e-02 1.101639400000000019e-01 1.056249160000000131e-01 1.040329399999999904e-01 1.010292439999999903e-01 2.253835720000000042e-01 2.714319820000000161e-01
5.784535280000000501e-01 5.924326800000000448e-01 0.000000000000000000e+00 6.219970339999999487e-01 5.587662079999999865e-01 5.783154000000000350e-01 5.288478000000000900e-01 5.194000019999999163e-01 4.109159740000000172e-01 2.692915660000000377e-01 4.822177859999999816e-01 3.603444519999999818e-01 3.078810379999999958e-01 3.890014300000000369e-01 5.082300459999999909e-01 5.156023100000000081e-01 5.260052520000000342e-01 5.097063920000000081e-01 5.224642319999999174e-01 5.111849960000000026e-01 2.426046940000000096e-01 1.236328120000000086e-01
7.176962339999999330e-01 7.062106599999999901e-01 6.219970339999999487e-01 0.000000000000000000e+00 6.637677039999999584e-01 7.163510379999999955e-01 2.587988900000000037e-01 2.761282720000000079e-01 3.093881900000000629e-01 1.774496099999999799e-01 3.356607500000000077e-01 2.422845800000000271e-01 2.041371380000000235e-01 3.140606779999999820e-01 2.614120359999999588e-01 2.607823240000000098e-01 2.771817979999999793e-01 2.767368799999999629e-01 2.693204900000000235e-01 2.691878020000000316e-01 2.110452119999999820e-01 3.231025599999999831e-01
9.646589179999999208e-01 9.579373399999999705e-01 5.587662079999999865e-01 6.637677039999999584e-01 0.000000000000000000e+00 9.381451999999999014e-01 1.177068160000000197e-01 9.013443200000001432e-02 3.401407699999999812e-01 1.836394539999999798e-01 3.289499580000000423e-01 1.122421779999999980e-01 3.012845379999999906e-01 1.427728979999999814e-01 1.099967920000000099e-01 1.010721499999999995e-01 1.082488480000000086e-01 9.915237800000001323e-02 1.064903699999999870e-01 1.031025220000000020e-01 2.128338879999999711e-01 2.961574519999999877e-01
9.661518199999999945e-01 9.792727839999999517e-01 5.783154000000000350e-01 7.163510379999999955e-01 9.381451999999999014e-01 0.000000000000000000e+00 1.099573519999999804e-01 8.715138600000001123e-02 3.608112519999999712e-01 1.966355240000000060e-01 3.237514119999999607e-01 1.641435099999999925e-01 3.077526980000000467e-01 1.922052119999999864e-01 1.030218819999999952e-01 1.010043200000000085e-01 1.092213720000000110e-01 1.067549539999999852e-01 1.027868140000000041e-01 1.061590699999999804e-01 2.274610800000000099e-01 2.709690539999999870e-01
7.383436000000000166e-02 1.080064859999999988e-01 5.288478000000000900e-01 2.587988900000000037e-01 1.177068160000000197e-01 1.099573519999999804e-01 0.000000000000000000e+00 9.633736020000001066e-01 3.666063279999999258e-01 3.425000819999999835e-01 3.826073540000000106e-01 5.103803420000000424e-01 5.938222200000000672e-01 5.644053980000000026e-01 9.906646999999999537e-01 9.536621239999998334e-01 9.885833059999999950e-01 9.418991240000000875e-01 9.887783380000000344e-01 9.580004360000000663e-01 5.230972379999999644e-01 2.195239459999999698e-01
5.251977400000000518e-02 8.270987800000000056e-02 5.194000019999999163e-01 2.761282720000000079e-01 9.013443200000001432e-02 8.715138600000001123e-02 9.633736020000001066e-01 0.000000000000000000e+00 3.854828000000000143e-01 3.039441520000000230e-01 3.962311619999999701e-01 5.032355219999999907e-01 6.061673859999999747e-01 5.673938060000000005e-01 9.701901239999999316e-01 9.843498600000000209e-01 9.653685879999999164e-01 9.769795980000000046e-01 9.742948840000000832e-01 9.837704459999999651e-01 5.456168180000000589e-01 2.282211799999999680e-01
3.416486140000000171e-01 3.499602700000000732e-01 4.109159740000000172e-01 3.093881900000000629e-01 3.401407699999999812e-01 3.608112519999999712e-01 3.666063279999999258e-01 3.854828000000000143e-01 0.000000000000000000e+00 3.209755320000000078e-01 7.558973780000000087e-01 2.580512660000000014e-01 1.840895959999999942e-01 1.916482580000000158e-01 3.838567179999999857e-01 4.127231080000000607e-01 3.860701260000000135e-01 4.078466079999999994e-01 3.888207959999999686e-01 4.051219640000000011e-01 1.342957220000000063e-01 2.887497079999999938e-01
1.874243739999999769e-01 1.820965619999999896e-01 2.692915660000000377e-01 1.774496099999999799e-01 1.836394539999999798e-01 1.966355240000000060e-01 3.425000819999999835e-01 3.039441520000000230e-01 3.209755320000000078e-01 0.000000000000000000e+00 2.907723800000000525e-01 7.957422199999999446e-01 2.043020079999999794e-01 6.165496640000001083e-01 3.209852619999999934e-01 3.108936800000000056e-01 3.260511400000000171e-01 2.958749420000000296e-01 3.255663360000000117e-01 3.011200040000000522e-01 2.689434359999999802e-01 3.834723560000000142e-01
3.152636919999999843e-01 3.074498300000000350e-01 4.822177859999999816e-01 3.356607500000000077e-01 3.289499580000000423e-01 3.237514119999999607e-01 3.826073540000000106e-01 3.962311619999999701e-01 7.558973780000000087e-01 2.907723800000000525e-01 0.000000000000000000e+00 2.620712840000000154e-01 2.425166579999999961e-01 2.435477019999999493e-01 3.888404839999999862e-01 4.193151299999999249e-01 3.892516719999999930e-01 4.163296739999999829e-01 3.970883660000000259e-01 4.141204639999999659e-01 2.515353900000000253e-01 2.534127800000000041e-01
1.261731160000000018e-01 1.522252400000000117e-01 3.603444519999999818e-01 2.422845800000000271e-01 1.122421779999999980e-01 1.641435099999999925e-01 5.103803420000000424e-01 5.032355219999999907e-01 2.580512660000000014e-01 7.957422199999999446e-01 2.620712840000000154e-01 0.000000000000000000e+00 4.151512940000000595e-01 8.586031739999999690e-01 5.020585800000000321e-01 4.849948759999999082e-01 5.014839460000000138e-01 4.782226420000000866e-01 5.016767239999999628e-01 4.856735959999999852e-01 4.360717240000000494e-01 3.305783240000000345e-01
2.786144760000000553e-01 3.039038340000000393e-01 3.078810379999999958e-01 2.041371380000000235e-01 3.012845379999999906e-01 3.077526980000000467e-01 5.938222200000000672e-01 6.061673859999999747e-01 1.840895959999999942e-01 2.043020079999999794e-01 2.425166579999999961e-01 4.151512940000000595e-01 0.000000000000000000e+00 5.180084200000000250e-01 6.179499660000000727e-01 5.858314540000000292e-01 6.082896800000000548e-01 5.943498239999999155e-01 6.100995240000000042e-01 6.050804260000000045e-01 8.530873699999999005e-01 5.892139220000000011e-01
1.466077179999999980e-01 1.851452160000000013e-01 3.890014300000000369e-01 3.140606779999999820e-01 1.427728979999999814e-01 1.922052119999999864e-01 5.644053980000000026e-01 5.673938060000000005e-01 1.916482580000000158e-01 6.165496640000001083e-01 2.435477019999999493e-01 8.586031739999999690e-01 5.180084200000000250e-01 0.000000000000000000e+00 5.718659500000000673e-01 5.628100879999999862e-01 5.703453019999999984e-01 5.696659399999999263e-01 5.724223059999999919e-01 5.731873660000000870e-01 5.033738880000000471e-01 2.855423119999999648e-01
6.760249799999999698e-02 1.036645459999999963e-01 5.082300459999999909e-01 2.614120359999999588e-01 1.099967920000000099e-01 1.030218819999999952e-01 9.906646999999999537e-01 9.701901239999999316e-01 3.838567179999999857e-01 3.209852619999999934e-01 3.888404839999999862e-01 5.020585800000000321e-01 6.179499660000000727e-01 5.718659500000000673e-01 0.000000000000000000e+00 9.657643000000000200e-01 9.953330520000001069e-01 9.580456199999998201e-01 9.971373359999999852e-01 9.717516920000000002e-01 5.487961559999999794e-01 2.312250379999999939e-01
7.452787800000000573e-02 9.863951599999999653e-02 5.156023100000000081e-01 2.607823240000000098e-01 1.010721499999999995e-01 1.010043200000000085e-01 9.536621239999998334e-01 9.843498600000000209e-01 4.127231080000000607e-01 3.108936800000000056e-01 4.193151299999999249e-01 4.849948759999999082e-01 5.858314540000000292e-01 5.628100879999999862e-01 9.657643000000000200e-01 0.000000000000000000e+00 9.619536099999999035e-01 9.947975880000001769e-01 9.723967959999999522e-01 9.969891599999998189e-01 5.137035300000000193e-01 1.863163860000000005e-01
6.943213399999999258e-02 1.101639400000000019e-01 5.260052520000000342e-01 2.771817979999999793e-01 1.082488480000000086e-01 1.092213720000000110e-01 9.885833059999999950e-01 9.653685879999999164e-01 3.860701260000000135e-01 3.260511400000000171e-01 3.892516719999999930e-01 5.014839460000000138e-01 6.082896800000000548e-01 5.703453019999999984e-01 9.953330520000001069e-01 9.619536099999999035e-01 0.000000000000000000e+00 9.548930319999999750e-01 9.978955219999999793e-01 9.662813879999999633e-01 5.421818380000000825e-01 2.303422959999999742e-01
8.012289200000000111e-02 1.056249160000000131e-01 5.097063920000000081e-01 2.767368799999999629e-01 9.915237800000001323e-02 1.067549539999999852e-01 9.418991240000000875e-01 9.769795980000000046e-01 4.078466079999999994e-01 2.958749420000000296e-01 4.163296739999999829e-01 4.782226420000000866e-01 5.943498239999999155e-01 5.696659399999999263e-01 9.580456199999998201e-01 9.947975880000001769e-01 9.548930319999999750e-01 0.000000000000000000e+00 9.650012419999999258e-01 9.957885279999999506e-01 5.229255860000000533e-01 2.038627199999999973e-01
6.708588599999999735e-02 1.040329399999999904e-01 5.224642319999999174e-01 2.693204900000000235e-01 1.064903699999999870e-01 1.027868140000000041e-01 9.887783380000000344e-01 9.742948840000000832e-01 3.888207959999999686e-01 3.255663360000000117e-01 3.970883660000000259e-01 5.016767239999999628e-01 6.100995240000000042e-01 5.724223059999999919e-01 9.971373359999999852e-01 9.723967959999999522e-01 9.978955219999999793e-01 9.650012419999999258e-01 0.000000000000000000e+00 9.758286099999999852e-01 5.403948259999999948e-01 2.228788100000000105e-01
7.367761800000001415e-02 1.010292439999999903e-01 5.111849960000000026e-01 2.691878020000000316e-01 1.031025220000000020e-01 1.061590699999999804e-01 9.580004360000000663e-01 9.837704459999999651e-01 4.051219640000000011e-01 3.011200040000000522e-01 4.141204639999999659e-01 4.856735959999999852e-01 6.050804260000000045e-01 5.731873660000000870e-01 9.717516920000000002e-01 9.969891599999998189e-01 9.662813879999999633e-01 9.957885279999999506e-01 9.758286099999999852e-01 0.000000000000000000e+00 5.310803900000000688e-01 2.070549819999999708e-01
1.937434319999999932e-01 2.253835720000000042e-01 2.426046940000000096e-01 2.110452119999999820e-01 2.128338879999999711e-01 2.274610800000000099e-01 5.230972379999999644e-01 5.456168180000000589e-01 1.342957220000000063e-01 2.689434359999999802e-01 2.515353900000000253e-01 4.360717240000000494e-01 8.530873699999999005e-01 5.033738880000000471e-01 5.487961559999999794e-01 5.137035300000000193e-01 5.421818380000000825e-01 5.229255860000000533e-01 5.403948259999999948e-01 5.310803900000000688e-01 0.000000000000000000e+00 7.553567319999999752e-01
2.605796999999999697e-01 2.714319820000000161e-01 1.236328120000000086e-01 3.231025599999999831e-01 2.961574519999999877e-01 2.709690539999999870e-01 2.195239459999999698e-01 2.282211799999999680e-01 2.887497079999999938e-01 3.834723560000000142e-01 2.534127800000000041e-01 3.305783240000000345e-01 5.892139220000000011e-01 2.855423119999999648e-01 2.312250379999999939e-01 1.863163860000000005e-01 2.303422959999999742e-01 2.038627199999999973e-01 2.228788100000000105e-01 2.070549819999999708e-01 7.553567319999999752e-01 0.000000000000000000e+00
