0.000000000000000000e+00 9.721077080000000148e-01 3.745517460000000187e-01 6.012317779999999390e-01 9.694857679999999700e-01 9.669885719999999907e-01 8.187414399999999592e-02 8.303895799999999605e-02 4.585450320000000746e-01 3.302004339999999871e-01 4.428054139999999528e-01 2.466248620000000003e-01 2.850160340000000292e-01 9.390898999999999774e-02 8.138022600000001383e-02 9.675698000000000631e-02 7.966775599999999236e-02 9.262666599999999639e-02 8.719279799999998803e-02 9.069618599999998421e-02 2.372145940000000286e-01 3.462379920000000499e-01
9.721077080000000148e-01 0.000000000000000000e+00 3.420362319999999956e-01 5.610120579999999801e-01 9.784723079999999573e-01 9.876057859999999300e-01 5.529038000000000702e-02 6.793216600000000216e-02 4.882634940000000756e-01 3.485176580000000079e-01 4.743093900000000529e-01 2.723622960000000037e-01 2.823812039999999968e-01 1.054689120000000119e-01 5.574978800000000151e-02 6.283958599999998895e-02 5.776558599999999377e-02 6.361783800000000988e-02 6.005901400000000084e-02 5.986998800000000592e-02 2.292853440000000020e-01 3.619575540000000702e-01
3.745517460000000187e-01 3.420362319999999956e-01 0.000000000000000000e+00 6.247391839999999474e-01 3.608756359999999996e-01 3.447000199999999959e-01 4.843077919999999592e-01 4.770471840000000130e-01 4.648575480000000093e-01 1.997372940000000097e-01 4.872744319999999796e-01 1.930018379999999811e-01 3.634575979999999928e-01 2.765966080000000216e-01 4.645090379999999297e-01 4.742918680000000609e-01 4.698939080000000823e-01 4.857353639999999473e-01 4.656940620000000197e-01 4.751594960000000145e-01 3.951385499999999773e-01 2.530000239999999900e-01
6.012317779999999390e-01 5.610120579999999801e-01 6.247391839999999474e-01 0.000000000000000000e+00 5.594553540000000158e-01 5.525475179999999042e-01 3.386046219999999662e-01 3.684175940000000149e-01 2.363048199999999710e-01 2.668944720000000492e-01 2.074628960000000077e-01 1.654417699999999880e-01 1.999765360000000103e-01 2.132072740000000022e-01 3.381175659999999250e-01 3.463684559999999912e-01 3.375931059999999762e-01 3.517888299999999968e-01 3.365299339999999750e-01 3.439906819999999921e-01 3.276242160000000236e-01 3.530567299999999853e-01
9.694857679999999700e-01 9.784723079999999573e-01 3.608756359999999996e-01 5.594553540000000158e-01 0.000000000000000000e+00 9.638435180000000102e-01 6.449015999999999083e-02 6.408593199999999823e-02 4.893778899999999821e-01 3.511490819999999458e-01 4.778289199999999903e-01 2.522651719999999820e-01 3.005195439999999718e-01 1.033894359999999873e-01 6.415701599999999727e-02 6.503516000000000852e-02 6.407700000000000895e-02 7.137744399999998435e-02 6.200634600000000385e-02 6.619462800000000535e-02 2.513753079999999640e-01 3.629064579999999873e-01
9.669885719999999907e-01 9.876057859999999300e-01 3.447000199999999959e-01 5.525475179999999042e-01 9.638435180000000102e-01 0.000000000000000000e+00 5.736562400000000395e-02 6.859451600000000815e-02 4.939856579999999941e-01 3.388555599999999446e-01 4.812740699999999983e-01 2.672197080000000002e-01 2.934992779999999746e-01 1.054151540000000109e-01 5.247999199999999614e-02 5.849855799999999911e-02 5.680016999999999705e-02 6.136874000000001189e-02 5.824462799999999968e-02 5.838044199999999767e-02 2.268434460000000041e-01 3.507441459999999789e-01
8.187414399999999592e-02 5.529038000000000702e-02 4.843077919999999592e-01 3.386046219999999662e-01 6.449015999999999083e-02 5.736562400000000395e-02 0.000000000000000000e+00 9.677082819999999197e-01 4.435321179999999752e-01 1.555586599999999875e-01 4.296937760000000273e-01 1.583818939999999953e-01 5.623441000000000134e-01 2.481013599999999930e-01 9.886478679999999297e-01 9.616577899999999568e-01 9.881518540000000517e-01 9.631296579999999441e-01 9.870998419999998941e-01 9.741308719999999255e-01 5.797289620000000143e-01 2.847149340000000306e-01
8.303895799999999605e-02 6.793216600000000216e-02 4.770471840000000130e-01 3.684175940000000149e-01 6.408593199999999823e-02 6.859451600000000815e-02 9.677082819999999197e-01 0.000000000000000000e+00 3.853801219999999916e-01 1.599144740000000009e-01 3.854637360000000013e-01 1.494872319999999977e-01 5.416239640000000133e-01 2.447474800000000172e-01 9.740212639999998867e-01 9.758415160000000199e-01 9.732879620000000065e-01 9.690444880000000927e-01 9.783372839999999737e-01 9.747678379999999976e-01 5.639480740000000214e-01 2.905131259999999549e-01
4.585450320000000746e-01 4.882634940000000756e-01 4.648575480000000093e-01 2.363048199999999710e-01 4.893778899999999821e-01 4.939856579999999941e-01 4.435321179999999752e-01 3.853801219999999916e-01 0.000000000000000000e+00 3.774163540000000094e-01 8.780934159999999045e-01 2.674783419999999801e-01 3.823224340000000443e-01 2.943940180000000351e-01 4.162341139999999884e-01 4.086314060000000303e-01 4.171986060000000274e-01 4.343391279999999632e-01 4.139556220000000231e-01 4.254887019999999964e-01 4.306975339999999930e-01 2.836681319999999618e-01
3.302004339999999871e-01 3.485176580000000079e-01 1.997372940000000097e-01 2.668944720000000492e-01 3.511490819999999458e-01 3.388555599999999446e-01 1.555586599999999875e-01 1.599144740000000009e-01 3.774163540000000094e-01 0.000000000000000000e+00 2.738714999999999899e-01 7.783227979999999269e-01 3.066125359999999911e-01 4.737347980000000125e-01 1.553347460000000235e-01 1.483154839999999974e-01 1.552623360000000008e-01 1.522289059999999972e-01 1.559097779999999989e-01 1.508640039999999960e-01 2.509641880000000325e-01 3.504668859999999775e-01
4.428054139999999528e-01 4.743093900000000529e-01 4.872744319999999796e-01 2.074628960000000077e-01 4.778289199999999903e-01 4.812740699999999983e-01 4.296937760000000273e-01 3.854637360000000013e-01 8.780934159999999045e-01 2.738714999999999899e-01 0.000000000000000000e+00 2.515008380000000043e-01 3.632215440000000073e-01 2.857774220000000587e-01 4.043429019999999485e-01 4.077060379999998818e-01 4.098403260000000325e-01 4.360969939999999601e-01 4.057847860000000084e-01 4.236914840000000071e-01 4.031161380000000127e-01 3.472933320000000101e-01
2.466248620000000003e-01 2.723622960000000037e-01 1.930018379999999811e-01 1.654417699999999880e-01 2.522651719999999820e-01 2.672197080000000002e-01 1.583818939999999953e-01 1.494872319999999977e-01 2.674783419999999801e-01 7.783227979999999269e-01 2.515008380000000043e-01 0.000000000000000000e+00 2.282310059999999863e-01 7.361509539999999685e-01 1.608904240000000041e-01 1.589690200000000164e-01 1.661583980000000127e-01 1.451792460000000118e-01 1.656667340000000099e-01 1.526061719999999844e-01 2.186086260000000281e-01 2.189219819999999872e-01
2.850160340000000292e-01 2.823812039999999968e-01 3.634575979999999928e-01 1.999765360000000103e-01 3.005195439999999718e-01 2.934992779999999746e-01 5.623441000000000134e-01 5.416239640000000133e-01 3.823224340000000443e-01 3.066125359999999911e-01 3.632215440000000073e-01 2.282310059999999863e-01 0.000000000000000000e+00 4.090256919999999963e-01 5.617444359999999026e-01 5.392899659999998985e-01 5.564445599999998660e-01 5.402201120000000856e-01 5.584348460000000403e-01 5.502853319999999604e-01 6.566223840000000589e-01 3.618872040000000179e-01
9.390898999999999774e-02 1.054689120000000119e-01 2.765966080000000216e-01 2.132072740000000022e-01 1.033894359999999873e-01 1.054151540000000109e-01 2.481013599999999930e-01 2.447474800000000172e-01 2.943940180000000351e-01 4.737347980000000125e-01 2.857774220000000587e-01 7.361509539999999685e-01 4.090256919999999963e-01 0.000000000000000000e+00 2.436777680000000168e-01 2.495418840000000194e-01 2.492225539999999850e-01 2.414255040000000130e-01 2.490530660000000174e-01 2.459606780000000159e-01 4.231312859999999954e-01 2.278455440000000110e-01
8.138022600000001383e-02 5.574978800000000151e-02 4.645090379999999297e-01 3.381175659999999250e-01 6.415701599999999727e-02 5.247999199999999614e-02 9.886478679999999297e-01 9.740212639999998867e-01 4.162341139999999884e-01 1.553347460000000235e-01 4.043429019999999485e-01 1.608904240000000041e-01 5.617444359999999026e-01 2.436777680000000168e-01 0.000000000000000000e+00 9.775122059999998836e-01 9.964974160000000802e-01 9.727424880000000718e-01 9.975488900000000214e-01 9.848238620000000498e-01 5.587153620000000487e-01 2.629297099999999832e-01
9.675698000000000631e-02 6.283958599999998895e-02 4.742918680000000609e-01 3.463684559999999912e-01 6.503516000000000852e-02 5.849855799999999911e-02 9.616577899999999568e-01 9.758415160000000199e-01 4.086314060000000303e-01 1.483154839999999974e-01 4.077060379999998818e-01 1.589690200000000164e-01 5.392899659999998985e-01 2.495418840000000194e-01 9.775122059999998836e-01 0.000000000000000000e+00 9.736139799999999900e-01 9.920926839999999469e-01 9.826397120000001095e-01 9.954138179999999503e-01 5.397259800000000496e-01 2.471540220000000010e-01
7.966775599999999236e-02 5.776558599999999377e-02 4.698939080000000823e-01 3.375931059999999762e-01 6.407700000000000895e-02 5.680016999999999705e-02 9.881518540000000517e-01 9.732879620000000065e-01 4.171986060000000274e-01 1.552623360000000008e-01 4.098403260000000325e-01 1.661583980000000127e-01 5.564445599999998660e-01 2.492225539999999850e-01 9.964974160000000802e-01 9.736139799999999900e-01 0.000000000000000000e+00 9.692142719999999878e-01 9.981041320000001438e-01 9.810767120000001285e-01 5.620682820000000302e-01 2.662078319999999776e-01
9.262666599999999639e-02 6.361783800000000988e-02 4.857353639999999473e-01 3.517888299999999968e-01 7.137744399999998435e-02 6.136874000000001189e-02 9.631296579999999441e-01 9.690444880000000927e-01 4.343391279999999632e-01 1.522289059999999972e-01 4.360969939999999601e-01 1.451792460000000118e-01 5.402201120000000856e-01 2.414255040000000130e-01 9.727424880000000718e-01 9.920926839999999469e-01 9.692142719999999878e-01 0.000000000000000000e+00 9.765919520000000409e-01 9.960241319999999510e-01 5.549709999999999921e-01 2.665134640000000332e-01
8.719279799999998803e-02 6.005901400000000084e-02 4.656940620000000197e-01 3.365299339999999750e-01 6.200634600000000385e-02 5.824462799999999968e-02 9.870998419999998941e-01 9.783372839999999737e-01 4.139556220000000231e-01 1.559097779999999989e-01 4.057847860000000084e-01 1.656667340000000099e-01 5.584348460000000403e-01 2.490530660000000174e-01 9.975488900000000214e-01 9.826397120000001095e-01 9.981041320000001438e-01 9.765919520000000409e-01 0.000000000000000000e+00 9.877465460000000030e-01 5.585071559999998936e-01 2.621670379999999634e-01
9.069618599999998421e-02 5.986998800000000592e-02 4.751594960000000145e-01 3.439906819999999921e-01 6.619462800000000535e-02 5.838044199999999767e-02 9.741308719999999255e-01 9.747678379999999976e-01 4.254887019999999964e-01 1.508640039999999960e-01 4.236914840000000071e-01 1.526061719999999844e-01 5.502853319999999604e-01 2.459606780000000159e-01 9.848238620000000498e-01 9.954138179999999503e-01 9.810767120000001285e-01 9.960241319999999510e-01 9.877465460000000030e-01 0.000000000000000000e+00 5.537051200000000506e-01 2.556622800000000195e-01
2.372145940000000286e-01 2.292853440000000020e-01 3.951385499999999773e-01 3.276242160000000236e-01 2.513753079999999640e-01 2.268434460000000041e-01 5.797289620000000143e-01 5.639480740000000214e-01 4.306975339999999930e-01 2.509641880000000325e-01 4.031161380000000127e-01 2.186086260000000281e-01 6.566223840000000589e-01 4.231312859999999954e-01 5.587153620000000487e-01 5.397259800000000496e-01 5.620682820000000302e-01 5.549709999999999921e-01 5.585071559999998936e-01 5.537051200000000506e-01 0.000000000000000000e+00 5.894524340000000251e-01
3.462379920000000499e-01 3.619575540000000702e-01 2.530000239999999900e-01 3.530567299999999853e-01 3.629064579999999873e-01 3.507441459999999789e-01 2.847149340000000306e-01 2.905131259999999549e-01 2.836681319999999618e-01 3.504668859999999775e-01 3.472933320000000101e-01 2.189219819999999872e-01 3.618872040000000179e-01 2.278455440000000110e-01 2.629297099999999832e-01 2.471540220000000010e-01 2.662078319999999776e-01 2.665134640000000332e-01 2.621670379999999634e-01 2.556622800000000195e-01 5.894524340000000251e-01 0.000000000000000000e+00
