0.000000000000000000e+00 9.625539499999999915e-01 3.917318660000000397e-01 7.682326539999999593e-01 9.428894320000000828e-01 9.364219439999998951e-01 4.822870399999999724e-02 7.169117599999999535e-02 3.812577799999999906e-01 3.257797679999999696e-01 3.689049820000000479e-01 2.569170860000000167e-01 2.569048560000000148e-01 1.127754959999999890e-01 5.856673399999999530e-02 8.117070799999999420e-02 6.185408599999999563e-02 9.505997200000000646e-02 6.202595800000001297e-02 8.427131000000001593e-02 3.394864720000000391e-01 4.459206580000000253e-01
9.625539499999999915e-01 0.000000000000000000e+00 3.709499300000000388e-01 7.622707400000000577e-01 9.353304919999999578e-01 9.755818299999999832e-01 5.011709199999999503e-02 5.936239000000000099e-02 3.756900539999999955e-01 3.233714319999999587e-01 3.648009520000000117e-01 2.573313780000000550e-01 2.178463479999999952e-01 1.260249699999999862e-01 4.075249799999999811e-02 6.123146999999999618e-02 4.586492000000000346e-02 7.384898399999999252e-02 4.435318800000000172e-02 6.179694199999998666e-02 3.262610920000000303e-01 4.357289279999999598e-01
3.917318660000000397e-01 3.709499300000000388e-01 0.000000000000000000e+00 5.003669979999999518e-01 3.609763819999999290e-01 3.452581160000000038e-01 5.955223099999999992e-01 5.803984580000001170e-01 4.602629340000000124e-01 3.833132879999999743e-01 4.746488279999999671e-01 2.711445700000000292e-01 2.998678419999999956e-01 2.653443059999999742e-01 5.772109260000000130e-01 5.824292119999999739e-01 5.853547500000000348e-01 5.746781079999999653e-01 5.854665900000000089e-01 5.759485879999999280e-01 3.423723039999999607e-01 4.089673779999999925e-01
7.682326539999999593e-01 7.622707400000000577e-01 5.003669979999999518e-01 0.000000000000000000e+00 7.085639320000000074e-01 7.396894980000000563e-01 2.371831059999999769e-01 2.700941639999999699e-01 3.691974619999999763e-01 3.127605860000000071e-01 3.177237980000000017e-01 2.489458460000000262e-01 2.237710599999999661e-01 2.278542940000000405e-01 2.423526680000000211e-01 2.242509000000000030e-01 2.467097360000000406e-01 2.230477740000000320e-01 2.410279619999999845e-01 2.238612380000000179e-01 3.199221720000000047e-01 4.498329940000000415e-01
9.428894320000000828e-01 9.353304919999999578e-01 3.609763819999999290e-01 7.085639320000000074e-01 0.000000000000000000e+00 9.065415460000000314e-01 7.944001000000000534e-02 7.833077200000000684e-02 3.919939559999999767e-01 3.223185259999999941e-01 3.750685480000000016e-01 2.633870219999999707e-01 2.414743239999999902e-01 1.445486960000000043e-01 7.516260599999999292e-02 9.464651999999998400e-02 6.785581599999998548e-02 1.073376559999999758e-01 7.537719599999999354e-02 1.008597459999999862e-01 3.283225559999999876e-01 4.235454699999999795e-01
9.364219439999998951e-01 9.755818299999999832e-01 3.452581160000000038e-01 7.396894980000000563e-01 9.065415460000000314e-01 0.000000000000000000e+00 7.618944199999999611e-02 5.532965800000000378e-02 3.893354760000000137e-01 3.237015639999999972e-01 3.737524640000000065e-01 2.428039220000000054e-01 2.107331419999999844e-01 1.067072619999999972e-01 6.072508399999999862e-02 6.625649200000000016e-02 6.094003400000001097e-02 8.300232799999998634e-02 5.834791799999999862e-02 7.459914800000000401e-02 3.173344620000000393e-01 4.310738859999999617e-01
4.822870399999999724e-02 5.011709199999999503e-02 5.955223099999999992e-01 2.371831059999999769e-01 7.944001000000000534e-02 7.618944199999999611e-02 0.000000000000000000e+00 9.734432639999999193e-01 3.647561579999999415e-01 1.717452759999999745e-01 4.387960460000000507e-01 3.307272179999999895e-01 5.881464199999999476e-01 4.040158999999999834e-01 9.921958920000000237e-01 9.745356920000001200e-01 9.902018559999999914e-01 9.640544580000000030e-01 9.908925480000000396e-01 9.785056680000000506e-01 5.820313419999999516e-01 2.279007260000000257e-01
7.169117599999999535e-02 5.936239000000000099e-02 5.803984580000001170e-01 2.700941639999999699e-01 7.833077200000000684e-02 5.532965800000000378e-02 9.734432639999999193e-01 0.000000000000000000e+00 3.479370839999999521e-01 1.745470219999999961e-01 4.049891340000000284e-01 3.638901019999999931e-01 6.207468820000000553e-01 4.196176239999999669e-01 9.768049279999999612e-01 9.846175419999999567e-01 9.774434260000000041e-01 9.773031419999999025e-01 9.820983960000001511e-01 9.854716299999999318e-01 6.187989660000000613e-01 2.404050859999999901e-01
3.812577799999999906e-01 3.756900539999999955e-01 4.602629340000000124e-01 3.691974619999999763e-01 3.919939559999999767e-01 3.893354760000000137e-01 3.647561579999999415e-01 3.479370839999999521e-01 0.000000000000000000e+00 3.569091620000000020e-01 8.301004259999998913e-01 3.286542920000000145e-01 1.778833919999999735e-01 2.383314880000000358e-01 3.630859320000000001e-01 4.006783379999999672e-01 3.699157780000000284e-01 4.080093020000000736e-01 3.763830799999999810e-01 3.941208039999999913e-01 1.875797419999999938e-01 3.598080100000000114e-01
3.257797679999999696e-01 3.233714319999999587e-01 3.833132879999999743e-01 3.127605860000000071e-01 3.223185259999999941e-01 3.237015639999999972e-01 1.717452759999999745e-01 1.745470219999999961e-01 3.569091620000000020e-01 0.000000000000000000e+00 2.586515820000000465e-01 7.606286740000000046e-01 2.570336300000000129e-01 5.061959600000000004e-01 1.753860519999999867e-01 1.780263699999999893e-01 1.856296799999999914e-01 1.639315060000000046e-01 1.794349640000000023e-01 1.634215539999999967e-01 2.787008199999999603e-01 4.621481959999999556e-01
3.689049820000000479e-01 3.648009520000000117e-01 4.746488279999999671e-01 3.177237980000000017e-01 3.750685480000000016e-01 3.737524640000000065e-01 4.387960460000000507e-01 4.049891340000000284e-01 8.301004259999998913e-01 2.586515820000000465e-01 0.000000000000000000e+00 2.333101820000000048e-01 1.695226300000000075e-01 2.247054300000000393e-01 4.216781420000000336e-01 4.573972300000000435e-01 4.265104759999999717e-01 4.615860399999999752e-01 4.337795299999999687e-01 4.523132539999999979e-01 2.251126579999999655e-01 3.909947820000000407e-01
2.569170860000000167e-01 2.573313780000000550e-01 2.711445700000000292e-01 2.489458460000000262e-01 2.633870219999999707e-01 2.428039220000000054e-01 3.307272179999999895e-01 3.638901019999999931e-01 3.286542920000000145e-01 7.606286740000000046e-01 2.333101820000000048e-01 0.000000000000000000e+00 3.996824540000000203e-01 7.978158499999998821e-01 3.298677600000000099e-01 3.284943099999999561e-01 3.430249100000000162e-01 3.278771480000000071e-01 3.402712339999999780e-01 3.287781300000000018e-01 4.197491239999999735e-01 3.673400460000000312e-01
2.569048560000000148e-01 2.178463479999999952e-01 2.998678419999999956e-01 2.237710599999999661e-01 2.414743239999999902e-01 2.107331419999999844e-01 5.881464199999999476e-01 6.207468820000000553e-01 1.778833919999999735e-01 2.570336300000000129e-01 1.695226300000000075e-01 3.996824540000000203e-01 0.000000000000000000e+00 4.311457280000000059e-01 6.036779360000000816e-01 5.892890399999999307e-01 5.951854520000000592e-01 5.872946279999999852e-01 5.999443739999998915e-01 5.993193499999999174e-01 7.889857240000001104e-01 4.685830819999999841e-01
1.127754959999999890e-01 1.260249699999999862e-01 2.653443059999999742e-01 2.278542940000000405e-01 1.445486960000000043e-01 1.067072619999999972e-01 4.040158999999999834e-01 4.196176239999999669e-01 2.383314880000000358e-01 5.061959600000000004e-01 2.247054300000000393e-01 7.978158499999998821e-01 4.311457280000000059e-01 0.000000000000000000e+00 4.015934360000000258e-01 4.172575100000000536e-01 4.000944600000000406e-01 4.244705459999999486e-01 4.065523340000000152e-01 4.201761119999999350e-01 5.173429040000000478e-01 2.702021000000000006e-01
5.856673399999999530e-02 4.075249799999999811e-02 5.772109260000000130e-01 2.423526680000000211e-01 7.516260599999999292e-02 6.072508399999999862e-02 9.921958920000000237e-01 9.768049279999999612e-01 3.630859320000000001e-01 1.753860519999999867e-01 4.216781420000000336e-01 3.298677600000000099e-01 6.036779360000000816e-01 4.015934360000000258e-01 0.000000000000000000e+00 9.780980439999999998e-01 9.957198560000000143e-01 9.659159599999999068e-01 9.963423700000000327e-01 9.810191380000000683e-01 5.921425220000000600e-01 2.357047000000000170e-01
8.117070799999999420e-02 6.123146999999999618e-02 5.824292119999999739e-01 2.242509000000000030e-01 9.464651999999998400e-02 6.625649200000000016e-02 9.745356920000001200e-01 9.846175419999999567e-01 4.006783379999999672e-01 1.780263699999999893e-01 4.573972300000000435e-01 3.284943099999999561e-01 5.892890399999999307e-01 4.172575100000000536e-01 9.780980439999999998e-01 0.000000000000000000e+00 9.786413299999999760e-01 9.933266299999999882e-01 9.859207180000000292e-01 9.968163939999999945e-01 5.850444579999999339e-01 2.192730779999999824e-01
6.185408599999999563e-02 4.586492000000000346e-02 5.853547500000000348e-01 2.467097360000000406e-01 6.785581599999998548e-02 6.094003400000001097e-02 9.902018559999999914e-01 9.774434260000000041e-01 3.699157780000000284e-01 1.856296799999999914e-01 4.265104759999999717e-01 3.430249100000000162e-01 5.951854520000000592e-01 4.000944600000000406e-01 9.957198560000000143e-01 9.786413299999999760e-01 0.000000000000000000e+00 9.675008500000000788e-01 9.983898239999999813e-01 9.799198780000001330e-01 5.862208320000000805e-01 2.331960220000000028e-01
9.505997200000000646e-02 7.384898399999999252e-02 5.746781079999999653e-01 2.230477740000000320e-01 1.073376559999999758e-01 8.300232799999998634e-02 9.640544580000000030e-01 9.773031419999999025e-01 4.080093020000000736e-01 1.639315060000000046e-01 4.615860399999999752e-01 3.278771480000000071e-01 5.872946279999999852e-01 4.244705459999999486e-01 9.659159599999999068e-01 9.933266299999999882e-01 9.675008500000000788e-01 0.000000000000000000e+00 9.756281939999998931e-01 9.959960479999999672e-01 5.949684499999999820e-01 2.388849319999999943e-01
6.202595800000001297e-02 4.435318800000000172e-02 5.854665900000000089e-01 2.410279619999999845e-01 7.537719599999999354e-02 5.834791799999999862e-02 9.908925480000000396e-01 9.820983960000001511e-01 3.763830799999999810e-01 1.794349640000000023e-01 4.337795299999999687e-01 3.402712339999999780e-01 5.999443739999998915e-01 4.065523340000000152e-01 9.963423700000000327e-01 9.859207180000000292e-01 9.983898239999999813e-01 9.756281939999998931e-01 0.000000000000000000e+00 9.867152279999998887e-01 5.902543160000000011e-01 2.320306460000000348e-01
8.427131000000001593e-02 6.179694199999998666e-02 5.759485879999999280e-01 2.238612380000000179e-01 1.008597459999999862e-01 7.459914800000000401e-02 9.785056680000000506e-01 9.854716299999999318e-01 3.941208039999999913e-01 1.634215539999999967e-01 4.523132539999999979e-01 3.287781300000000018e-01 5.993193499999999174e-01 4.201761119999999350e-01 9.810191380000000683e-01 9.968163939999999945e-01 9.799198780000001330e-01 9.959960479999999672e-01 9.867152279999998887e-01 0.000000000000000000e+00 5.983767460000000149e-01 2.379221539999999691e-01
3.394864720000000391e-01 3.262610920000000303e-01 3.423723039999999607e-01 3.199221720000000047e-01 3.283225559999999876e-01 3.173344620000000393e-01 5.820313419999999516e-01 6.187989660000000613e-01 1.875797419999999938e-01 2.787008199999999603e-01 2.251126579999999655e-01 4.197491239999999735e-01 7.889857240000001104e-01 5.173429040000000478e-01 5.921425220000000600e-01 5.850444579999999339e-01 5.862208320000000805e-01 5.949684499999999820e-01 5.902543160000000011e-01 5.983767460000000149e-01 0.000000000000000000e+00 6.135770199999999175e-01
4.459206580000000253e-01 4.357289279999999598e-01 4.089673779999999925e-01 4.498329940000000415e-01 4.235454699999999795e-01 4.310738859999999617e-01 2.279007260000000257e-01 2.404050859999999901e-01 3.598080100000000114e-01 4.621481959999999556e-01 3.909947820000000407e-01 3.673400460000000312e-01 4.685830819999999841e-01 2.702021000000000006e-01 2.357047000000000170e-01 2.192730779999999824e-01 2.331960220000000028e-01 2.388849319999999943e-01 2.320306460000000348e-01 2.379221539999999691e-01 6.135770199999999175e-01 0.000000000000000000e+00
