0.000000000000000000e+00 2.997448779999999369e-01 1.114047960000000004e-01 4.627147920000000414e-01 3.066846959999999234e-01 7.143815539999999187e-01 5.887882199999999733e-02 6.258251000000000785e-02 1.148916859999999929e-01 8.558541199999999960e-02 9.262177399999999006e-02 1.027769060000000290e-01 1.090158680000000019e-01 1.021783960000000047e-01 6.810053200000000528e-02 5.801714999999999650e-02 5.048817599999999572e-02 4.717084200000000449e-02 5.043876800000000188e-02 4.898810800000000243e-02 1.188983260000000125e-01 9.992753800000001019e-02
2.997448779999999369e-01 0.000000000000000000e+00 1.919894260000000186e-01 2.046399660000000065e-01 6.888227319999999931e-01 1.420423160000000018e-01 6.554368000000000694e-02 4.914823200000000003e-02 1.110453760000000012e-01 8.649894199999999533e-02 9.526134399999999780e-02 5.920744599999999691e-02 6.632791000000000381e-02 9.320415199999999845e-02 6.091941199999999224e-02 4.919559399999999527e-02 4.330441999999999625e-02 4.779998200000000474e-02 5.136777399999999799e-02 5.234128000000000391e-02 7.583467600000000364e-02 5.523245999999999711e-02
1.114047960000000004e-01 1.919894260000000186e-01 0.000000000000000000e+00 1.630320319999999934e-01 2.342928580000000205e-01 1.036557179999999939e-01 5.360807199999999273e-02 1.133003340000000164e-01 1.236895500000000092e-01 1.551823960000000002e-01 4.848458299999999777e-01 1.057052819999999976e-01 4.784828620000000088e-01 7.109585999999999684e-02 1.570332040000000096e-01 1.014281920000000004e-01 1.800354480000000146e-01 1.896369780000000116e-01 1.867249999999999743e-01 1.899199759999999904e-01 4.528022660000000643e-01 2.831958279999999828e-01
4.627147920000000414e-01 2.046399660000000065e-01 1.630320319999999934e-01 0.000000000000000000e+00 2.060384179999999732e-01 3.785490560000000504e-01 1.605804140000000046e-01 2.156926140000000325e-01 1.641185199999999900e-01 1.385910499999999934e-01 1.415010839999999992e-01 4.229873480000000407e-01 8.993700799999999884e-02 2.907485580000000458e-01 9.284009800000000978e-02 8.336216000000000459e-02 1.730671079999999973e-01 1.669875999999999860e-01 1.816239299999999890e-01 1.891906079999999823e-01 1.280494099999999746e-01 3.128965340000000039e-01
3.066846959999999234e-01 6.888227319999999931e-01 2.342928580000000205e-01 2.060384179999999732e-01 0.000000000000000000e+00 2.905137480000000161e-01 6.113727199999999945e-02 6.717473399999999983e-02 6.965623399999999743e-02 1.195954079999999864e-01 1.224618619999999769e-01 8.207340600000000153e-02 7.940307200000000509e-02 1.240118880000000007e-01 6.428708599999999329e-02 4.221496400000000065e-02 3.453649799999999881e-02 7.054429399999999351e-02 4.754089799999999810e-02 7.416560799999999398e-02 7.299633000000001204e-02 1.004926500000000028e-01
7.143815539999999187e-01 1.420423160000000018e-01 1.036557179999999939e-01 3.785490560000000504e-01 2.905137480000000161e-01 0.000000000000000000e+00 8.309462400000000581e-02 7.109772200000000208e-02 8.588840400000000153e-02 9.417328799999999389e-02 1.067252220000000085e-01 1.150481099999999951e-01 1.353037920000000061e-01 1.042545220000000022e-01 6.056854199999998911e-02 6.566282799999999253e-02 7.061097200000000795e-02 4.317465999999999665e-02 7.706337800000001570e-02 4.061249999999999583e-02 1.227090379999999925e-01 8.835645000000000304e-02
5.887882199999999733e-02 6.554368000000000694e-02 5.360807199999999273e-02 1.605804140000000046e-01 6.113727199999999945e-02 8.309462400000000581e-02 0.000000000000000000e+00 6.222447819999999963e-01 1.800289620000000146e-01 1.580666059999999984e-01 1.490418699999999930e-01 1.689307220000000054e-01 8.645558000000000409e-02 1.600509440000000283e-01 2.462168000000000134e-01 2.953832160000000040e-01 5.936989259999999602e-01 5.698182099999999917e-01 6.397732959999998803e-01 5.946588939999999379e-01 7.366287400000000318e-02 1.356139139999999743e-01
6.258251000000000785e-02 4.914823200000000003e-02 1.133003340000000164e-01 2.156926140000000325e-01 6.717473399999999983e-02 7.109772200000000208e-02 6.222447819999999963e-01 0.000000000000000000e+00 1.620254919999999932e-01 1.730403980000000119e-01 8.398665200000000886e-02 2.296809920000000282e-01 6.626125400000000554e-02 1.649459400000000131e-01 1.211461219999999950e-01 5.495690160000000768e-01 6.293702839999999465e-01 6.399665279999999790e-01 6.894887100000000046e-01 6.496891040000000173e-01 1.012281460000000050e-01 2.194601039999999892e-01
1.148916859999999929e-01 1.110453760000000012e-01 1.236895500000000092e-01 1.641185199999999900e-01 6.965623399999999743e-02 8.588840400000000153e-02 1.800289620000000146e-01 1.620254919999999932e-01 0.000000000000000000e+00 1.253704039999999909e-01 1.218873260000000042e-01 1.457906840000000037e-01 2.256630920000000096e-01 8.467260000000000064e-02 1.104364600000000002e-01 1.030650839999999874e-01 8.824605799999998834e-02 1.165480440000000034e-01 8.779681200000001573e-02 1.431351720000000050e-01 1.340532419999999891e-01 1.983212980000000070e-01
8.558541199999999960e-02 8.649894199999999533e-02 1.551823960000000002e-01 1.385910499999999934e-01 1.195954079999999864e-01 9.417328799999999389e-02 1.580666059999999984e-01 1.730403980000000119e-01 1.253704039999999909e-01 0.000000000000000000e+00 2.256696139999999906e-01 1.025237440000000000e-01 1.720041380000000009e-01 4.301242540000000392e-01 8.271965400000000357e-02 1.126569019999999754e-01 1.206532800000000016e-01 1.776361640000000131e-01 1.411346379999999789e-01 1.674645979999999923e-01 1.758496360000000036e-01 1.551566860000000159e-01
9.262177399999999006e-02 9.526134399999999780e-02 4.848458299999999777e-01 1.415010839999999992e-01 1.224618619999999769e-01 1.067252220000000085e-01 1.490418699999999930e-01 8.398665200000000886e-02 1.218873260000000042e-01 2.256696139999999906e-01 0.000000000000000000e+00 1.100559200000000015e-01 5.760617780000000243e-01 1.150539559999999850e-01 8.167766600000000987e-02 6.524603199999999548e-02 9.763965199999999345e-02 9.044109000000001564e-02 1.047578420000000038e-01 7.454737399999999958e-02 5.304225959999999684e-01 3.432119700000000329e-01
1.027769060000000290e-01 5.920744599999999691e-02 1.057052819999999976e-01 4.229873480000000407e-01 8.207340600000000153e-02 1.150481099999999951e-01 1.689307220000000054e-01 2.296809920000000282e-01 1.457906840000000037e-01 1.025237440000000000e-01 1.100559200000000015e-01 0.000000000000000000e+00 1.149146999999999946e-01 2.770842820000000151e-01 6.027484000000001008e-02 8.788874799999998877e-02 1.980254000000000181e-01 1.465434740000000069e-01 2.144008100000000250e-01 1.687498679999999973e-01 9.031388199999999811e-02 3.405558400000000541e-01
1.090158680000000019e-01 6.632791000000000381e-02 4.784828620000000088e-01 8.993700799999999884e-02 7.940307200000000509e-02 1.353037920000000061e-01 8.645558000000000409e-02 6.626125400000000554e-02 2.256630920000000096e-01 1.720041380000000009e-01 5.760617780000000243e-01 1.149146999999999946e-01 0.000000000000000000e+00 1.105359779999999931e-01 8.117509400000000319e-02 5.184427000000000479e-02 9.019254399999998562e-02 9.090582399999999619e-02 1.008999020000000135e-01 8.347412800000000854e-02 5.147853460000000325e-01 2.228732499999999950e-01
1.021783960000000047e-01 9.320415199999999845e-02 7.109585999999999684e-02 2.907485580000000458e-01 1.240118880000000007e-01 1.042545220000000022e-01 1.600509440000000283e-01 1.649459400000000131e-01 8.467260000000000064e-02 4.301242540000000392e-01 1.150539559999999850e-01 2.770842820000000151e-01 1.105359779999999931e-01 0.000000000000000000e+00 8.810248600000000763e-02 1.352535640000000206e-01 1.468404179999999726e-01 1.482735759999999625e-01 1.530451240000000046e-01 1.470634139999999757e-01 1.227307279999999834e-01 2.063085999999999809e-01
6.810053200000000528e-02 6.091941199999999224e-02 1.570332040000000096e-01 9.284009800000000978e-02 6.428708599999999329e-02 6.056854199999998911e-02 2.462168000000000134e-01 1.211461219999999950e-01 1.104364600000000002e-01 8.271965400000000357e-02 8.167766600000000987e-02 6.027484000000001008e-02 8.117509400000000319e-02 8.810248600000000763e-02 0.000000000000000000e+00 2.255540299999999887e-01 1.855819940000000001e-01 2.506958659999999894e-01 1.073281699999999866e-01 1.544968200000000069e-01 6.230771799999999805e-02 9.149883600000000006e-02
5.801714999999999650e-02 4.919559399999999527e-02 1.014281920000000004e-01 8.336216000000000459e-02 4.221496400000000065e-02 6.566282799999999253e-02 2.953832160000000040e-01 5.495690160000000768e-01 1.030650839999999874e-01 1.126569019999999754e-01 6.524603199999999548e-02 8.788874799999998877e-02 5.184427000000000479e-02 1.352535640000000206e-01 2.255540299999999887e-01 0.000000000000000000e+00 3.134136339999999965e-01 5.063821660000000779e-01 3.753955099999999878e-01 4.407370760000000054e-01 8.269991200000000042e-02 1.130905400000000033e-01
5.048817599999999572e-02 4.330441999999999625e-02 1.800354480000000146e-01 1.730671079999999973e-01 3.453649799999999881e-02 7.061097200000000795e-02 5.936989259999999602e-01 6.293702839999999465e-01 8.824605799999998834e-02 1.206532800000000016e-01 9.763965199999999345e-02 1.980254000000000181e-01 9.019254399999998562e-02 1.468404179999999726e-01 1.855819940000000001e-01 3.134136339999999965e-01 0.000000000000000000e+00 5.224763919999999562e-01 9.662848540000000819e-01 5.890536140000000032e-01 1.671201680000000134e-01 1.554087000000000107e-01
4.717084200000000449e-02 4.779998200000000474e-02 1.896369780000000116e-01 1.669875999999999860e-01 7.054429399999999351e-02 4.317465999999999665e-02 5.698182099999999917e-01 6.399665279999999790e-01 1.165480440000000034e-01 1.776361640000000131e-01 9.044109000000001564e-02 1.465434740000000069e-01 9.090582399999999619e-02 1.482735759999999625e-01 2.506958659999999894e-01 5.063821660000000779e-01 5.224763919999999562e-01 0.000000000000000000e+00 5.814977200000001067e-01 8.994172880000000925e-01 1.711018900000000065e-01 1.483594920000000095e-01
5.043876800000000188e-02 5.136777399999999799e-02 1.867249999999999743e-01 1.816239299999999890e-01 4.754089799999999810e-02 7.706337800000001570e-02 6.397732959999998803e-01 6.894887100000000046e-01 8.779681200000001573e-02 1.411346379999999789e-01 1.047578420000000038e-01 2.144008100000000250e-01 1.008999020000000135e-01 1.530451240000000046e-01 1.073281699999999866e-01 3.753955099999999878e-01 9.662848540000000819e-01 5.814977200000001067e-01 0.000000000000000000e+00 6.215956580000000509e-01 1.718387060000000077e-01 1.681695199999999890e-01
4.898810800000000243e-02 5.234128000000000391e-02 1.899199759999999904e-01 1.891906079999999823e-01 7.416560799999999398e-02 4.061249999999999583e-02 5.946588939999999379e-01 6.496891040000000173e-01 1.431351720000000050e-01 1.674645979999999923e-01 7.454737399999999958e-02 1.687498679999999973e-01 8.347412800000000854e-02 1.470634139999999757e-01 1.544968200000000069e-01 4.407370760000000054e-01 5.890536140000000032e-01 8.994172880000000925e-01 6.215956580000000509e-01 0.000000000000000000e+00 1.850077659999999902e-01 1.639977799999999819e-01
1.188983260000000125e-01 7.583467600000000364e-02 4.528022660000000643e-01 1.280494099999999746e-01 7.299633000000001204e-02 1.227090379999999925e-01 7.366287400000000318e-02 1.012281460000000050e-01 1.340532419999999891e-01 1.758496360000000036e-01 5.304225959999999684e-01 9.031388199999999811e-02 5.147853460000000325e-01 1.227307279999999834e-01 6.230771799999999805e-02 8.269991200000000042e-02 1.671201680000000134e-01 1.711018900000000065e-01 1.718387060000000077e-01 1.850077659999999902e-01 0.000000000000000000e+00 4.024015699999999862e-01
9.992753800000001019e-02 5.523245999999999711e-02 2.831958279999999828e-01 3.128965340000000039e-01 1.004926500000000028e-01 8.835645000000000304e-02 1.356139139999999743e-01 2.194601039999999892e-01 1.983212980000000070e-01 1.551566860000000159e-01 3.432119700000000329e-01 3.405558400000000541e-01 2.228732499999999950e-01 2.063085999999999809e-01 9.149883600000000006e-02 1.130905400000000033e-01 1.554087000000000107e-01 1.483594920000000095e-01 1.681695199999999890e-01 1.639977799999999819e-01 4.024015699999999862e-01 0.000000000000000000e+00
