0.000000000000000000e+00 7.483185119999999912e-01 5.721904780000001134e-01 6.553993499999999361e-01 7.910910820000000010e-01 9.281791999999999820e-01 1.744804080000000313e-01 2.460871299999999595e-01 2.703135440000000167e-01 2.993666299999999669e-01 2.403806059999999967e-01 2.236811079999999896e-01 2.782394760000000411e-01 2.225807559999999907e-01 1.268483139999999898e-01 1.492846599999999857e-01 1.452179860000000211e-01 8.176572000000000007e-02 1.465947640000000163e-01 1.193700619999999990e-01 2.879146639999999868e-01 3.097242399999999840e-01
7.483185119999999912e-01 0.000000000000000000e+00 5.870793159999999622e-01 5.722271479999999633e-01 8.922726759999999313e-01 7.238444400000000334e-01 1.399132339999999974e-01 2.155301940000000083e-01 2.611763200000000174e-01 2.988520959999999560e-01 2.337781940000000225e-01 2.201006379999999873e-01 2.418036499999999811e-01 2.221824959999999793e-01 8.452733000000001162e-02 9.991395799999999716e-02 1.083719560000000054e-01 1.096401160000000097e-01 1.072123960000000154e-01 1.156020000000000103e-01 2.843008340000000023e-01 3.099431500000000006e-01
5.721904780000001134e-01 5.870793159999999622e-01 0.000000000000000000e+00 6.673674739999999606e-01 6.091380400000000472e-01 5.629790459999999275e-01 4.192767720000000198e-01 3.945868860000000256e-01 6.186616560000001153e-01 5.435853219999999819e-01 6.691264779999999135e-01 3.891297980000000267e-01 6.470607680000000084e-01 3.840556119999999907e-01 2.225089639999999758e-01 1.760986959999999990e-01 9.701246999999998955e-02 1.157936559999999948e-01 9.634165000000001478e-02 1.690054319999999832e-01 6.932439440000000008e-01 6.159829240000000983e-01
6.553993499999999361e-01 5.722271479999999633e-01 6.673674739999999606e-01 0.000000000000000000e+00 6.105411060000000001e-01 6.464730180000000104e-01 3.439679799999999510e-01 5.285398820000000164e-01 5.553058119999999542e-01 6.355751480000000342e-01 4.486726960000000375e-01 6.176975440000000983e-01 4.730528579999999650e-01 5.955972739999999543e-01 1.537800120000000215e-01 2.111478179999999871e-01 1.052978839999999944e-01 7.020047399999999882e-02 1.296779700000000035e-01 2.221872420000000070e-01 5.382429820000000920e-01 6.431047980000000885e-01
7.910910820000000010e-01 8.922726759999999313e-01 6.091380400000000472e-01 6.105411060000000001e-01 0.000000000000000000e+00 7.811112680000000807e-01 1.651263380000000114e-01 2.303164560000000027e-01 2.856425200000000109e-01 3.033690780000000142e-01 2.303590640000000023e-01 2.298101439999999940e-01 2.474376260000000216e-01 2.304871639999999944e-01 1.050853959999999976e-01 1.161978279999999752e-01 1.047276159999999956e-01 1.090356100000000189e-01 1.037833459999999847e-01 1.222786740000000039e-01 2.834455000000000169e-01 3.066533500000000467e-01
9.281791999999999820e-01 7.238444400000000334e-01 5.629790459999999275e-01 6.464730180000000104e-01 7.811112680000000807e-01 0.000000000000000000e+00 1.581300720000000104e-01 2.180467059999999790e-01 2.552506700000000128e-01 2.966803519999999805e-01 2.243308320000000078e-01 2.202842420000000190e-01 2.537448260000000344e-01 2.222555160000000141e-01 1.355253260000000015e-01 1.212480459999999843e-01 1.307164299999999668e-01 1.119507679999999922e-01 1.283253819999999878e-01 1.220840579999999953e-01 2.705819379999999663e-01 3.072260139999999917e-01
1.744804080000000313e-01 1.399132339999999974e-01 4.192767720000000198e-01 3.439679799999999510e-01 1.651263380000000114e-01 1.581300720000000104e-01 0.000000000000000000e+00 5.019847559999999209e-01 4.933992800000000511e-01 4.365369720000000231e-01 4.858785019999999344e-01 3.002457119999999979e-01 4.249830639999999660e-01 2.928736200000000012e-01 6.598848320000000323e-01 3.383179699999999679e-01 2.047305279999999672e-01 1.512723420000000041e-01 1.932032480000000219e-01 4.537059820000000632e-01 4.599269899999999245e-01 4.107393619999999967e-01
2.460871299999999595e-01 2.155301940000000083e-01 3.945868860000000256e-01 5.285398820000000164e-01 2.303164560000000027e-01 2.180467059999999790e-01 5.019847559999999209e-01 0.000000000000000000e+00 5.382669520000000762e-01 5.425569820000000210e-01 3.916319540000000043e-01 5.717097740000000039e-01 3.882809340000000220e-01 4.922713100000000175e-01 2.091762520000000070e-01 4.876535260000000593e-01 1.231639919999999860e-01 1.362668160000000128e-01 2.378428140000000135e-01 3.262645719999999749e-01 4.702912440000000527e-01 5.619713720000000245e-01
2.703135440000000167e-01 2.611763200000000174e-01 6.186616560000001153e-01 5.553058119999999542e-01 2.856425200000000109e-01 2.552506700000000128e-01 4.933992800000000511e-01 5.382669520000000762e-01 0.000000000000000000e+00 5.526643819999998986e-01 6.560509740000000090e-01 4.993872160000000227e-01 7.396099139999999794e-01 4.677012640000000054e-01 2.658916399999999847e-01 1.995176000000000172e-01 1.032433499999999976e-01 8.030917400000001094e-02 9.581095999999998669e-02 2.529090520000000231e-01 7.043142900000000095e-01 6.849296759999999873e-01
2.993666299999999669e-01 2.988520959999999560e-01 5.435853219999999819e-01 6.355751480000000342e-01 3.033690780000000142e-01 2.966803519999999805e-01 4.365369720000000231e-01 5.425569820000000210e-01 5.526643819999998986e-01 0.000000000000000000e+00 5.708757840000000527e-01 6.293323039999999535e-01 5.459749940000000468e-01 7.396035039999999672e-01 2.010601460000000229e-01 2.208657599999999943e-01 9.531206200000001683e-02 7.859588799999998876e-02 1.196524260000000062e-01 2.325171500000000058e-01 6.319254159999999620e-01 6.540803119999999415e-01
2.403806059999999967e-01 2.337781940000000225e-01 6.691264779999999135e-01 4.486726960000000375e-01 2.303590640000000023e-01 2.243308320000000078e-01 4.858785019999999344e-01 3.916319540000000043e-01 6.560509740000000090e-01 5.708757840000000527e-01 0.000000000000000000e+00 3.803295179999999776e-01 7.992505440000000627e-01 3.736767020000000272e-01 1.887451720000000166e-01 1.578791320000000054e-01 8.569607599999999603e-02 9.406182999999998517e-02 1.029589459999999956e-01 1.796507039999999944e-01 7.918516060000000412e-01 6.280094339999999775e-01
2.236811079999999896e-01 2.201006379999999873e-01 3.891297980000000267e-01 6.176975440000000983e-01 2.298101439999999940e-01 2.202842420000000190e-01 3.002457119999999979e-01 5.717097740000000039e-01 4.993872160000000227e-01 6.293323039999999535e-01 3.803295179999999776e-01 0.000000000000000000e+00 3.716674979999999850e-01 6.455109359999999796e-01 1.246504679999999865e-01 1.533294380000000123e-01 8.594535000000000369e-02 6.299000400000000222e-02 1.311808799999999997e-01 2.044892100000000323e-01 4.485003940000000244e-01 5.915698280000001308e-01
2.782394760000000411e-01 2.418036499999999811e-01 6.470607680000000084e-01 4.730528579999999650e-01 2.474376260000000216e-01 2.537448260000000344e-01 4.249830639999999660e-01 3.882809340000000220e-01 7.396099139999999794e-01 5.459749940000000468e-01 7.992505440000000627e-01 3.716674979999999850e-01 0.000000000000000000e+00 3.592504260000000116e-01 1.634706179999999842e-01 1.488865080000000007e-01 9.001892799999999806e-02 7.381444800000000472e-02 1.137396599999999924e-01 1.741950840000000000e-01 7.681676499999998686e-01 6.209181079999999131e-01
2.225807559999999907e-01 2.221824959999999793e-01 3.840556119999999907e-01 5.955972739999999543e-01 2.304871639999999944e-01 2.222555160000000141e-01 2.928736200000000012e-01 4.922713100000000175e-01 4.677012640000000054e-01 7.396035039999999672e-01 3.736767020000000272e-01 6.455109359999999796e-01 3.592504260000000116e-01 0.000000000000000000e+00 1.546365719999999722e-01 1.638523180000000246e-01 7.029026400000000507e-02 5.407637400000000344e-02 8.098630200000001000e-02 1.634658579999999917e-01 4.462829420000000158e-01 5.612726080000000062e-01
1.268483139999999898e-01 8.452733000000001162e-02 2.225089639999999758e-01 1.537800120000000215e-01 1.050853959999999976e-01 1.355253260000000015e-01 6.598848320000000323e-01 2.091762520000000070e-01 2.658916399999999847e-01 2.010601460000000229e-01 1.887451720000000166e-01 1.246504679999999865e-01 1.634706179999999842e-01 1.546365719999999722e-01 0.000000000000000000e+00 2.154123519999999736e-01 1.531964140000000030e-01 1.339531759999999794e-01 1.489052519999999880e-01 3.202332279999999809e-01 1.798167259999999823e-01 1.527339479999999805e-01
1.492846599999999857e-01 9.991395799999999716e-02 1.760986959999999990e-01 2.111478179999999871e-01 1.161978279999999752e-01 1.212480459999999843e-01 3.383179699999999679e-01 4.876535260000000593e-01 1.995176000000000172e-01 2.208657599999999943e-01 1.578791320000000054e-01 1.533294380000000123e-01 1.488865080000000007e-01 1.638523180000000246e-01 2.154123519999999736e-01 0.000000000000000000e+00 8.540304800000000918e-02 1.331776120000000285e-01 1.170974800000000038e-01 1.972901079999999641e-01 1.813699259999999869e-01 1.848741819999999980e-01
1.452179860000000211e-01 1.083719560000000054e-01 9.701246999999998955e-02 1.052978839999999944e-01 1.047276159999999956e-01 1.307164299999999668e-01 2.047305279999999672e-01 1.231639919999999860e-01 1.032433499999999976e-01 9.531206200000001683e-02 8.569607599999999603e-02 8.594535000000000369e-02 9.001892799999999806e-02 7.029026400000000507e-02 1.531964140000000030e-01 8.540304800000000918e-02 0.000000000000000000e+00 2.001539999999999986e-01 8.996167619999999587e-01 2.452280659999999946e-01 8.075968599999999720e-02 6.985733199999999421e-02
8.176572000000000007e-02 1.096401160000000097e-01 1.157936559999999948e-01 7.020047399999999882e-02 1.090356100000000189e-01 1.119507679999999922e-01 1.512723420000000041e-01 1.362668160000000128e-01 8.030917400000001094e-02 7.859588799999998876e-02 9.406182999999998517e-02 6.299000400000000222e-02 7.381444800000000472e-02 5.407637400000000344e-02 1.339531759999999794e-01 1.331776120000000285e-01 2.001539999999999986e-01 0.000000000000000000e+00 2.172071480000000165e-01 6.869211280000000475e-01 1.005877399999999949e-01 7.497651800000000588e-02
1.465947640000000163e-01 1.072123960000000154e-01 9.634165000000001478e-02 1.296779700000000035e-01 1.037833459999999847e-01 1.283253819999999878e-01 1.932032480000000219e-01 2.378428140000000135e-01 9.581095999999998669e-02 1.196524260000000062e-01 1.029589459999999956e-01 1.311808799999999997e-01 1.137396599999999924e-01 8.098630200000001000e-02 1.489052519999999880e-01 1.170974800000000038e-01 8.996167619999999587e-01 2.172071480000000165e-01 0.000000000000000000e+00 2.380451579999999789e-01 9.487816200000000200e-02 9.477518599999999738e-02
1.193700619999999990e-01 1.156020000000000103e-01 1.690054319999999832e-01 2.221872420000000070e-01 1.222786740000000039e-01 1.220840579999999953e-01 4.537059820000000632e-01 3.262645719999999749e-01 2.529090520000000231e-01 2.325171500000000058e-01 1.796507039999999944e-01 2.044892100000000323e-01 1.741950840000000000e-01 1.634658579999999917e-01 3.202332279999999809e-01 1.972901079999999641e-01 2.452280659999999946e-01 6.869211280000000475e-01 2.380451579999999789e-01 0.000000000000000000e+00 2.083927160000000056e-01 2.201803120000000169e-01
2.879146639999999868e-01 2.843008340000000023e-01 6.932439440000000008e-01 5.382429820000000920e-01 2.834455000000000169e-01 2.705819379999999663e-01 4.599269899999999245e-01 4.702912440000000527e-01 7.043142900000000095e-01 6.319254159999999620e-01 7.918516060000000412e-01 4.485003940000000244e-01 7.681676499999998686e-01 4.462829420000000158e-01 1.798167259999999823e-01 1.813699259999999869e-01 8.075968599999999720e-02 1.005877399999999949e-01 9.487816200000000200e-02 2.083927160000000056e-01 0.000000000000000000e+00 7.218640480000000359e-01
3.097242399999999840e-01 3.099431500000000006e-01 6.159829240000000983e-01 6.431047980000000885e-01 3.066533500000000467e-01 3.072260139999999917e-01 4.107393619999999967e-01 5.619713720000000245e-01 6.849296759999999873e-01 6.540803119999999415e-01 6.280094339999999775e-01 5.915698280000001308e-01 6.209181079999999131e-01 5.612726080000000062e-01 1.527339479999999805e-01 1.848741819999999980e-01 6.985733199999999421e-02 7.497651800000000588e-02 9.477518599999999738e-02 2.201803120000000169e-01 7.218640480000000359e-01 0.000000000000000000e+00
