0.000000000000000000e+00 7.308729799999998944e-01 5.209483360000000118e-01 5.571496860000000328e-01 7.603910900000000472e-01 9.205332500000000806e-01 1.717950880000000125e-01 1.147429160000000004e-01 2.267605580000000010e-01 1.543696099999999904e-01 1.763117860000000259e-01 1.115659340000000055e-01 2.075882839999999840e-01 1.081002519999999939e-01 6.255822200000001054e-02 8.304877200000000681e-02 1.403641459999999952e-01 1.186761979999999966e-01 1.391531340000000116e-01 1.575897740000000158e-01 1.990480339999999848e-01 1.878884780000000254e-01
7.308729799999998944e-01 0.000000000000000000e+00 5.568234039999999663e-01 4.820332579999999645e-01 8.791079019999999966e-01 6.976858299999999513e-01 1.829331080000000109e-01 1.241045479999999951e-01 2.185555640000000077e-01 1.600265960000000209e-01 1.852199500000000221e-01 1.044977360000000077e-01 2.042303139999999961e-01 9.990157400000000687e-02 5.187809600000000548e-02 7.568524600000001157e-02 1.549680260000000087e-01 1.082794340000000216e-01 1.483782859999999981e-01 1.461426779999999981e-01 2.187556460000000258e-01 1.871692159999999994e-01
5.209483360000000118e-01 5.568234039999999663e-01 0.000000000000000000e+00 5.765275979999999745e-01 5.740428979999998571e-01 5.120372039999999680e-01 4.629748759999999796e-01 3.225691099999999922e-01 6.279808879999999593e-01 4.351755459999999687e-01 6.645609459999999302e-01 3.032054040000000117e-01 6.725275680000000200e-01 2.743605860000000174e-01 1.742765980000000048e-01 1.244477800000000078e-01 1.411726660000000022e-01 9.403266200000000297e-02 1.478739680000000223e-01 2.160551760000000154e-01 6.488796420000000342e-01 5.571914080000001102e-01
5.571496860000000328e-01 4.820332579999999645e-01 5.765275979999999745e-01 0.000000000000000000e+00 5.060956180000000248e-01 5.498412040000000278e-01 3.613335599999999981e-01 4.924760639999999912e-01 5.337010679999999452e-01 5.920927799999999852e-01 4.063590819999999826e-01 5.882942140000000375e-01 4.088804780000000472e-01 5.595571679999999937e-01 8.905157200000000939e-02 1.776387800000000239e-01 1.801981860000000102e-01 9.593921999999999173e-02 2.198346059999999880e-01 2.408421179999999939e-01 4.846479760000000359e-01 5.844173520000000011e-01
7.603910900000000472e-01 8.791079019999999966e-01 5.740428979999998571e-01 5.060956180000000248e-01 0.000000000000000000e+00 7.455262400000000067e-01 1.911173419999999956e-01 1.200456959999999934e-01 2.338719300000000056e-01 1.587321540000000142e-01 1.944536259999999905e-01 1.033111619999999842e-01 2.161667939999999954e-01 1.190809040000000013e-01 6.634123199999999998e-02 8.768380000000000618e-02 1.590658920000000143e-01 1.099195519999999898e-01 1.459709919999999939e-01 1.476201500000000055e-01 2.311873520000000126e-01 1.910896219999999868e-01
9.205332500000000806e-01 6.976858299999999513e-01 5.120372039999999680e-01 5.498412040000000278e-01 7.455262400000000067e-01 0.000000000000000000e+00 1.655735120000000060e-01 1.004073460000000084e-01 2.140468160000000286e-01 1.394582600000000006e-01 1.665186240000000040e-01 1.013655240000000124e-01 1.927870819999999985e-01 9.883854799999999829e-02 7.012796000000000307e-02 7.785804799999999914e-02 1.377158960000000043e-01 1.424544719999999987e-01 1.348757159999999788e-01 1.699898519999999968e-01 1.924503280000000038e-01 1.851962119999999989e-01
1.717950880000000125e-01 1.829331080000000109e-01 4.629748759999999796e-01 3.613335599999999981e-01 1.911173419999999956e-01 1.655735120000000060e-01 0.000000000000000000e+00 4.755137059999999249e-01 5.040288419999999769e-01 4.469405539999999344e-01 5.102386340000000242e-01 2.956875339999999741e-01 4.649062840000000030e-01 2.886831120000000195e-01 5.916998060000000503e-01 3.468549100000000163e-01 1.740903779999999901e-01 1.120640360000000058e-01 2.091011479999999589e-01 4.270365960000000460e-01 4.742762999999999840e-01 4.542141840000000208e-01
1.147429160000000004e-01 1.241045479999999951e-01 3.225691099999999922e-01 4.924760639999999912e-01 1.200456959999999934e-01 1.004073460000000084e-01 4.755137059999999249e-01 0.000000000000000000e+00 4.607973380000000008e-01 5.667850420000000167e-01 3.729964319999999889e-01 5.510778480000000368e-01 3.432463299999999884e-01 4.836039460000000068e-01 1.191126099999999938e-01 5.331991600000000053e-01 1.838155380000000005e-01 1.214478380000000302e-01 2.949407419999999780e-01 3.246202959999999749e-01 4.199438879999999874e-01 5.311847759999999141e-01
2.267605580000000010e-01 2.185555640000000077e-01 6.279808879999999593e-01 5.337010679999999452e-01 2.338719300000000056e-01 2.140468160000000286e-01 5.040288419999999769e-01 4.607973380000000008e-01 0.000000000000000000e+00 5.203724240000000556e-01 6.764570300000000147e-01 4.601893200000000128e-01 7.265430659999999596e-01 3.917338259999999517e-01 1.986048920000000328e-01 1.714375999999999955e-01 1.362844619999999951e-01 9.465855200000002079e-02 1.743874580000000230e-01 2.659414299999999787e-01 6.956505679999999137e-01 6.750675179999999775e-01
1.543696099999999904e-01 1.600265960000000209e-01 4.351755459999999687e-01 5.920927799999999852e-01 1.587321540000000142e-01 1.394582600000000006e-01 4.469405539999999344e-01 5.667850420000000167e-01 5.203724240000000556e-01 0.000000000000000000e+00 5.123832079999999234e-01 6.753947720000000876e-01 4.718655479999999680e-01 7.604869959999999152e-01 9.284639799999998278e-02 2.658968140000000369e-01 1.392508420000000136e-01 1.031937579999999965e-01 1.971160620000000085e-01 2.797272679999999734e-01 5.922543820000000236e-01 6.556819519999999013e-01
1.763117860000000259e-01 1.852199500000000221e-01 6.645609459999999302e-01 4.063590819999999826e-01 1.944536259999999905e-01 1.665186240000000040e-01 5.102386340000000242e-01 3.729964319999999889e-01 6.764570300000000147e-01 5.123832079999999234e-01 0.000000000000000000e+00 3.198784239999999945e-01 8.308751759999999376e-01 3.063401119999999977e-01 1.604358859999999720e-01 1.400659019999999921e-01 1.429501619999999917e-01 6.983477000000000434e-02 1.743635640000000264e-01 2.090707599999999944e-01 7.764227099999999604e-01 6.041768200000000588e-01
1.115659340000000055e-01 1.044977360000000077e-01 3.032054040000000117e-01 5.882942140000000375e-01 1.033111619999999842e-01 1.013655240000000124e-01 2.956875339999999741e-01 5.510778480000000368e-01 4.601893200000000128e-01 6.753947720000000876e-01 3.198784239999999945e-01 0.000000000000000000e+00 3.098170120000000027e-01 7.022791280000000302e-01 8.305392999999999804e-02 1.955640899999999960e-01 1.163289720000000027e-01 8.420295599999999547e-02 1.631001340000000077e-01 2.122204379999999835e-01 4.220536619999999961e-01 5.959463039999999268e-01
2.075882839999999840e-01 2.042303139999999961e-01 6.725275680000000200e-01 4.088804780000000472e-01 2.161667939999999954e-01 1.927870819999999985e-01 4.649062840000000030e-01 3.432463299999999884e-01 7.265430659999999596e-01 4.718655479999999680e-01 8.308751759999999376e-01 3.098170120000000027e-01 0.000000000000000000e+00 2.836200219999999717e-01 1.358817880000000033e-01 1.306907760000000085e-01 1.233462859999999994e-01 7.736481800000000186e-02 1.456945760000000201e-01 1.925468300000000021e-01 7.513060500000000586e-01 5.893850560000000183e-01
1.081002519999999939e-01 9.990157400000000687e-02 2.743605860000000174e-01 5.595571679999999937e-01 1.190809040000000013e-01 9.883854799999999829e-02 2.886831120000000195e-01 4.836039460000000068e-01 3.917338259999999517e-01 7.604869959999999152e-01 3.063401119999999977e-01 7.022791280000000302e-01 2.836200219999999717e-01 0.000000000000000000e+00 7.190736999999999823e-02 1.626477640000000002e-01 1.336921600000000043e-01 8.888489600000000490e-02 1.652025239999999617e-01 2.136610919999999969e-01 4.039395840000000182e-01 5.242568039999999652e-01
6.255822200000001054e-02 5.187809600000000548e-02 1.742765980000000048e-01 8.905157200000000939e-02 6.634123199999999998e-02 7.012796000000000307e-02 5.916998060000000503e-01 1.191126099999999938e-01 1.986048920000000328e-01 9.284639799999998278e-02 1.604358859999999720e-01 8.305392999999999804e-02 1.358817880000000033e-01 7.190736999999999823e-02 0.000000000000000000e+00 2.031165039999999755e-01 1.301318900000000001e-01 1.544998739999999815e-01 1.321174700000000146e-01 2.280929740000000039e-01 1.349089039999999962e-01 8.918673600000000257e-02
8.304877200000000681e-02 7.568524600000001157e-02 1.244477800000000078e-01 1.776387800000000239e-01 8.768380000000000618e-02 7.785804799999999914e-02 3.468549100000000163e-01 5.331991600000000053e-01 1.714375999999999955e-01 2.658968140000000369e-01 1.400659019999999921e-01 1.955640899999999960e-01 1.306907760000000085e-01 1.626477640000000002e-01 2.031165039999999755e-01 0.000000000000000000e+00 9.880102600000000013e-02 1.125692020000000071e-01 1.774203399999999820e-01 1.967935580000000073e-01 1.581878979999999935e-01 1.679299780000000353e-01
1.403641459999999952e-01 1.549680260000000087e-01 1.411726660000000022e-01 1.801981860000000102e-01 1.590658920000000143e-01 1.377158960000000043e-01 1.740903779999999901e-01 1.838155380000000005e-01 1.362844619999999951e-01 1.392508420000000136e-01 1.429501619999999917e-01 1.163289720000000027e-01 1.233462859999999994e-01 1.336921600000000043e-01 1.301318900000000001e-01 9.880102600000000013e-02 0.000000000000000000e+00 1.735177519999999973e-01 9.039683020000000013e-01 2.037276519999999813e-01 1.373074919999999755e-01 1.364811199999999836e-01
1.186761979999999966e-01 1.082794340000000216e-01 9.403266200000000297e-02 9.593921999999999173e-02 1.099195519999999898e-01 1.424544719999999987e-01 1.120640360000000058e-01 1.214478380000000302e-01 9.465855200000002079e-02 1.031937579999999965e-01 6.983477000000000434e-02 8.420295599999999547e-02 7.736481800000000186e-02 8.888489600000000490e-02 1.544998739999999815e-01 1.125692020000000071e-01 1.735177519999999973e-01 0.000000000000000000e+00 1.776133000000000295e-01 6.882965540000000049e-01 1.032510360000000044e-01 1.143775339999999890e-01
1.391531340000000116e-01 1.483782859999999981e-01 1.478739680000000223e-01 2.198346059999999880e-01 1.459709919999999939e-01 1.348757159999999788e-01 2.091011479999999589e-01 2.949407419999999780e-01 1.743874580000000230e-01 1.971160620000000085e-01 1.743635640000000264e-01 1.631001340000000077e-01 1.456945760000000201e-01 1.652025239999999617e-01 1.321174700000000146e-01 1.774203399999999820e-01 9.039683020000000013e-01 1.776133000000000295e-01 0.000000000000000000e+00 2.121754899999999944e-01 1.701933979999999680e-01 1.883467679999999977e-01
1.575897740000000158e-01 1.461426779999999981e-01 2.160551760000000154e-01 2.408421179999999939e-01 1.476201500000000055e-01 1.699898519999999968e-01 4.270365960000000460e-01 3.246202959999999749e-01 2.659414299999999787e-01 2.797272679999999734e-01 2.090707599999999944e-01 2.122204379999999835e-01 1.925468300000000021e-01 2.136610919999999969e-01 2.280929740000000039e-01 1.967935580000000073e-01 2.037276519999999813e-01 6.882965540000000049e-01 2.121754899999999944e-01 0.000000000000000000e+00 2.113042859999999801e-01 2.364961400000000213e-01
1.990480339999999848e-01 2.187556460000000258e-01 6.488796420000000342e-01 4.846479760000000359e-01 2.311873520000000126e-01 1.924503280000000038e-01 4.742762999999999840e-01 4.199438879999999874e-01 6.956505679999999137e-01 5.922543820000000236e-01 7.764227099999999604e-01 4.220536619999999961e-01 7.513060500000000586e-01 4.039395840000000182e-01 1.349089039999999962e-01 1.581878979999999935e-01 1.373074919999999755e-01 1.032510360000000044e-01 1.701933979999999680e-01 2.113042859999999801e-01 0.000000000000000000e+00 7.364858220000000122e-01
1.878884780000000254e-01 1.871692159999999994e-01 5.571914080000001102e-01 5.844173520000000011e-01 1.910896219999999868e-01 1.851962119999999989e-01 4.542141840000000208e-01 5.311847759999999141e-01 6.750675179999999775e-01 6.556819519999999013e-01 6.041768200000000588e-01 5.959463039999999268e-01 5.893850560000000183e-01 5.242568039999999652e-01 8.918673600000000257e-02 1.679299780000000353e-01 1.364811199999999836e-01 1.143775339999999890e-01 1.883467679999999977e-01 2.364961400000000213e-01 7.364858220000000122e-01 0.000000000000000000e+00
