0.000000000000000000e+00 2.404994540000000014e-01 4.266778459999999162e-01 3.473639920000000103e-01 3.376330359999999975e-01 8.026474999999999582e-01 1.502421660000000103e-01 2.587825499999999446e-01 2.515090439999999594e-01 2.257665159999999727e-01 3.208958960000000138e-01 2.670328180000000051e-01 3.347339759999999886e-01 2.200551359999999845e-01 3.312790920000000527e-01 1.900501820000000119e-01 2.352818140000000058e-01 2.667752079999999859e-01 2.628171739999999867e-01 3.152923639999999916e-01 2.644336360000000274e-01 2.276542400000000355e-01
2.404994540000000014e-01 0.000000000000000000e+00 2.693394980000000105e-01 2.031095679999999903e-01 6.545718039999999238e-01 3.158501559999999930e-01 1.915855379999999997e-01 2.457438859999999947e-01 3.025531459999999950e-01 1.638601979999999847e-01 1.465388180000000151e-01 2.993826560000000248e-01 1.543311660000000196e-01 2.102392940000000210e-01 3.020329039999999909e-01 2.796929439999999989e-01 3.298420320000000072e-01 2.119695039999999753e-01 2.996738540000000173e-01 2.115590360000000059e-01 2.643551880000000187e-01 1.736232759999999931e-01
4.266778459999999162e-01 2.693394980000000105e-01 0.000000000000000000e+00 3.172464620000000068e-01 2.589792220000000089e-01 3.635479099999999741e-01 4.481773059999999975e-01 1.942483840000000239e-01 3.296937480000000087e-01 5.389030060000000733e-01 7.046313540000000986e-01 1.645449059999999908e-01 6.938150020000000140e-01 1.817802959999999801e-01 3.704267659999999629e-01 1.783463220000000293e-01 2.508306560000000407e-01 3.512668580000000151e-01 3.095113539999999608e-01 4.029060320000000250e-01 6.535099920000000395e-01 4.275270159999999819e-01
3.473639920000000103e-01 2.031095679999999903e-01 3.172464620000000068e-01 0.000000000000000000e+00 2.376502959999999831e-01 3.270301500000000194e-01 2.377051979999999509e-01 4.917548639999999582e-01 4.415754200000000518e-01 3.368081240000000420e-01 2.267734100000000086e-01 5.974441179999999685e-01 2.648957840000000230e-01 6.269504580000000438e-01 3.279227080000000072e-01 1.866083799999999904e-01 2.594719679999999973e-01 2.423549159999999758e-01 2.810006699999999524e-01 2.895485279999999717e-01 3.016574619999999873e-01 5.021792659999999575e-01
3.376330359999999975e-01 6.545718039999999238e-01 2.589792220000000089e-01 2.376502959999999831e-01 0.000000000000000000e+00 3.202324820000000405e-01 2.281833939999999838e-01 2.637719859999999583e-01 2.298394179999999898e-01 1.657920359999999760e-01 1.200752940000000130e-01 2.839481480000000113e-01 1.667510000000000103e-01 1.967101759999999866e-01 2.295001879999999661e-01 2.594023079999999704e-01 3.226004640000000312e-01 1.433384099999999994e-01 2.471684160000000019e-01 2.782770120000000458e-01 2.167526660000000105e-01 1.518589359999999999e-01
8.026474999999999582e-01 3.158501559999999930e-01 3.635479099999999741e-01 3.270301500000000194e-01 3.202324820000000405e-01 0.000000000000000000e+00 1.829693000000000014e-01 2.523456160000000503e-01 2.673051100000000124e-01 1.965953759999999884e-01 3.254742280000000321e-01 2.826387380000000005e-01 3.400561659999999931e-01 1.797214880000000126e-01 2.747637039999999975e-01 2.737887220000000399e-01 2.268487020000000132e-01 2.686669600000000102e-01 2.785962100000000108e-01 3.400079380000000095e-01 3.215732900000000116e-01 2.510725900000000399e-01
1.502421660000000103e-01 1.915855379999999997e-01 4.481773059999999975e-01 2.377051979999999509e-01 2.281833939999999838e-01 1.829693000000000014e-01 0.000000000000000000e+00 2.592817639999999701e-01 2.407906200000000108e-01 4.773109100000000327e-01 5.267946419999999241e-01 1.780642259999999921e-01 4.128271619999999698e-01 1.723321240000000032e-01 4.854983560000000198e-01 1.960248420000000047e-01 2.030622240000000134e-01 3.003975100000000342e-01 2.175656800000000113e-01 5.085613460000000252e-01 4.179884979999999861e-01 3.498272679999999690e-01
2.587825499999999446e-01 2.457438859999999947e-01 1.942483840000000239e-01 4.917548639999999582e-01 2.637719859999999583e-01 2.523456160000000503e-01 2.592817639999999701e-01 0.000000000000000000e+00 5.147897679999999809e-01 2.982127260000000391e-01 1.997928659999999856e-01 5.517648819999999565e-01 2.322150699999999957e-01 4.473221200000000453e-01 2.387497139999999740e-01 2.934857059999999573e-01 2.854637079999999827e-01 3.316143119999999667e-01 3.727621500000000143e-01 2.876323859999999621e-01 1.966610360000000113e-01 4.571460959999999463e-01
2.515090439999999594e-01 3.025531459999999950e-01 3.296937480000000087e-01 4.415754200000000518e-01 2.298394179999999898e-01 2.673051100000000124e-01 2.407906200000000108e-01 5.147897679999999809e-01 0.000000000000000000e+00 2.358212920000000157e-01 2.896430360000000204e-01 4.809792759999999556e-01 3.795533999999999297e-01 3.277100480000000315e-01 2.787008020000000252e-01 3.300104920000000441e-01 2.913416999999999812e-01 2.829113500000000059e-01 3.178018640000000450e-01 3.192031560000000434e-01 2.973205760000000031e-01 5.236762980000000400e-01
2.257665159999999727e-01 1.638601979999999847e-01 5.389030060000000733e-01 3.368081240000000420e-01 1.657920359999999760e-01 1.965953759999999884e-01 4.773109100000000327e-01 2.982127260000000391e-01 2.358212920000000157e-01 0.000000000000000000e+00 5.469159919999999619e-01 2.320763720000000030e-01 5.068217799999998885e-01 4.516516279999999162e-01 2.916580819999999852e-01 1.653007980000000265e-01 2.206183160000000087e-01 2.501598859999999425e-01 2.426121400000000317e-01 3.018776699999999868e-01 4.991336539999999822e-01 4.152244459999999693e-01
3.208958960000000138e-01 1.465388180000000151e-01 7.046313540000000986e-01 2.267734100000000086e-01 1.200752940000000130e-01 3.254742280000000321e-01 5.267946419999999241e-01 1.997928659999999856e-01 2.896430360000000204e-01 5.469159919999999619e-01 0.000000000000000000e+00 1.581464139999999852e-01 7.455791259999999809e-01 2.269584820000000447e-01 2.698515279999999517e-01 1.892818319999999832e-01 1.894412480000000065e-01 3.779700480000000029e-01 2.642292380000000329e-01 2.761367639999999790e-01 6.377059580000000727e-01 3.849401300000000470e-01
2.670328180000000051e-01 2.993826560000000248e-01 1.645449059999999908e-01 5.974441179999999685e-01 2.839481480000000113e-01 2.826387380000000005e-01 1.780642259999999921e-01 5.517648819999999565e-01 4.809792759999999556e-01 2.320763720000000030e-01 1.581464139999999852e-01 0.000000000000000000e+00 2.212767939999999989e-01 5.632577060000000246e-01 2.479530879999999882e-01 2.000872680000000126e-01 1.683207459999999933e-01 2.844086659999999767e-01 2.374586439999999965e-01 2.245839280000000160e-01 2.208299659999999887e-01 4.929018720000000187e-01
3.347339759999999886e-01 1.543311660000000196e-01 6.938150020000000140e-01 2.648957840000000230e-01 1.667510000000000103e-01 3.400561659999999931e-01 4.128271619999999698e-01 2.322150699999999957e-01 3.795533999999999297e-01 5.068217799999998885e-01 7.455791259999999809e-01 2.212767939999999989e-01 0.000000000000000000e+00 1.926423840000000276e-01 2.700404200000000032e-01 2.609025220000000256e-01 1.959601379999999782e-01 3.740749059999999848e-01 2.126424020000000081e-01 2.707660180000000527e-01 7.180549000000000515e-01 4.703187500000000076e-01
2.200551359999999845e-01 2.102392940000000210e-01 1.817802959999999801e-01 6.269504580000000438e-01 1.967101759999999866e-01 1.797214880000000126e-01 1.723321240000000032e-01 4.473221200000000453e-01 3.277100480000000315e-01 4.516516279999999162e-01 2.269584820000000447e-01 5.632577060000000246e-01 1.926423840000000276e-01 0.000000000000000000e+00 3.083744979999999414e-01 2.102841780000000438e-01 1.828612840000000128e-01 2.606824399999999597e-01 2.730116100000000157e-01 2.670696439999999949e-01 2.429220599999999952e-01 5.007620139999999775e-01
3.312790920000000527e-01 3.020329039999999909e-01 3.704267659999999629e-01 3.279227080000000072e-01 2.295001879999999661e-01 2.747637039999999975e-01 4.854983560000000198e-01 2.387497139999999740e-01 2.787008020000000252e-01 2.916580819999999852e-01 2.698515279999999517e-01 2.479530879999999882e-01 2.700404200000000032e-01 3.083744979999999414e-01 0.000000000000000000e+00 1.384233280000000121e-01 4.315055019999999852e-01 3.702228699999999817e-01 3.813180300000000300e-01 5.912797920000000262e-01 2.975913399999999820e-01 3.389887200000000211e-01
1.900501820000000119e-01 2.796929439999999989e-01 1.783463220000000293e-01 1.866083799999999904e-01 2.594023079999999704e-01 2.737887220000000399e-01 1.960248420000000047e-01 2.934857059999999573e-01 3.300104920000000441e-01 1.653007980000000265e-01 1.892818319999999832e-01 2.000872680000000126e-01 2.609025220000000256e-01 2.102841780000000438e-01 1.384233280000000121e-01 0.000000000000000000e+00 4.253409259999999525e-01 3.403300059999999627e-01 5.061197419999999836e-01 2.705820679999999534e-01 2.131066720000000247e-01 2.005641719999999850e-01
2.352818140000000058e-01 3.298420320000000072e-01 2.508306560000000407e-01 2.594719679999999973e-01 3.226004640000000312e-01 2.268487020000000132e-01 2.030622240000000134e-01 2.854637079999999827e-01 2.913416999999999812e-01 2.206183160000000087e-01 1.894412480000000065e-01 1.683207459999999933e-01 1.959601379999999782e-01 1.828612840000000128e-01 4.315055019999999852e-01 4.253409259999999525e-01 0.000000000000000000e+00 1.674325200000000291e-01 8.677839699999999601e-01 2.966059239999999653e-01 2.004538399999999942e-01 2.569174420000000514e-01
2.667752079999999859e-01 2.119695039999999753e-01 3.512668580000000151e-01 2.423549159999999758e-01 1.433384099999999994e-01 2.686669600000000102e-01 3.003975100000000342e-01 3.316143119999999667e-01 2.829113500000000059e-01 2.501598859999999425e-01 3.779700480000000029e-01 2.844086659999999767e-01 3.740749059999999848e-01 2.606824399999999597e-01 3.702228699999999817e-01 3.403300059999999627e-01 1.674325200000000291e-01 0.000000000000000000e+00 2.177640380000000209e-01 5.076238859999999686e-01 3.323300720000000319e-01 2.793445940000000016e-01
2.628171739999999867e-01 2.996738540000000173e-01 3.095113539999999608e-01 2.810006699999999524e-01 2.471684160000000019e-01 2.785962100000000108e-01 2.175656800000000113e-01 3.727621500000000143e-01 3.178018640000000450e-01 2.426121400000000317e-01 2.642292380000000329e-01 2.374586439999999965e-01 2.126424020000000081e-01 2.730116100000000157e-01 3.813180300000000300e-01 5.061197419999999836e-01 8.677839699999999601e-01 2.177640380000000209e-01 0.000000000000000000e+00 2.887752499999999833e-01 2.352329259999999811e-01 3.231907719999999595e-01
3.152923639999999916e-01 2.115590360000000059e-01 4.029060320000000250e-01 2.895485279999999717e-01 2.782770120000000458e-01 3.400079380000000095e-01 5.085613460000000252e-01 2.876323859999999621e-01 3.192031560000000434e-01 3.018776699999999868e-01 2.761367639999999790e-01 2.245839280000000160e-01 2.707660180000000527e-01 2.670696439999999949e-01 5.912797920000000262e-01 2.705820679999999534e-01 2.966059239999999653e-01 5.076238859999999686e-01 2.887752499999999833e-01 0.000000000000000000e+00 2.732755239999999919e-01 2.500016139999999831e-01
2.644336360000000274e-01 2.643551880000000187e-01 6.535099920000000395e-01 3.016574619999999873e-01 2.167526660000000105e-01 3.215732900000000116e-01 4.179884979999999861e-01 1.966610360000000113e-01 2.973205760000000031e-01 4.991336539999999822e-01 6.377059580000000727e-01 2.208299659999999887e-01 7.180549000000000515e-01 2.429220599999999952e-01 2.975913399999999820e-01 2.131066720000000247e-01 2.004538399999999942e-01 3.323300720000000319e-01 2.352329259999999811e-01 2.732755239999999919e-01 0.000000000000000000e+00 5.661141480000000392e-01
2.276542400000000355e-01 1.736232759999999931e-01 4.275270159999999819e-01 5.021792659999999575e-01 1.518589359999999999e-01 2.510725900000000399e-01 3.498272679999999690e-01 4.571460959999999463e-01 5.236762980000000400e-01 4.152244459999999693e-01 3.849401300000000470e-01 4.929018720000000187e-01 4.703187500000000076e-01 5.007620139999999775e-01 3.389887200000000211e-01 2.005641719999999850e-01 2.569174420000000514e-01 2.793445940000000016e-01 3.231907719999999595e-01 2.500016139999999831e-01 5.661141480000000392e-01 0.000000000000000000e+00
