0.000000000000000000e+00 2.719183359999999827e-01 2.681997059999999822e-01 4.896140020000000481e-01 2.957285760000000208e-01 7.252719819999999817e-01 2.199746360000000289e-01 2.498151720000000020e-01 3.562834040000000257e-01 3.286593160000000347e-01 3.125074540000000178e-01 2.826158699999999913e-01 2.832568380000000108e-01 3.353704819999999698e-01 1.516576159999999951e-01 1.578497979999999856e-01 2.230519440000000020e-01 3.304838380000000297e-01 2.206668880000000055e-01 2.500310099999999425e-01 2.697536859999999925e-01 2.790031199999999378e-01
2.719183359999999827e-01 0.000000000000000000e+00 2.213080119999999984e-01 1.884794759999999791e-01 6.774556919999999982e-01 2.355319780000000307e-01 2.553988339999999635e-01 3.062118060000000308e-01 1.859229980000000337e-01 2.149345440000000329e-01 1.782862179999999963e-01 1.847406799999999905e-01 1.856583400000000328e-01 2.433699559999999984e-01 1.580882879999999935e-01 1.988314039999999894e-01 1.386828739999999838e-01 2.186440679999999970e-01 1.843597299999999994e-01 1.833145099999999861e-01 1.806530820000000204e-01 2.544531379999999676e-01
2.681997059999999822e-01 2.213080119999999984e-01 0.000000000000000000e+00 3.289227819999999691e-01 2.054651059999999807e-01 2.164805200000000096e-01 4.421597379999999688e-01 3.159602659999999896e-01 2.833386519999999686e-01 7.426621200000000922e-01 8.400505999999999807e-01 2.456712999999999814e-01 7.636406699999999104e-01 1.566939179999999876e-01 3.129034199999999877e-01 2.043394679999999963e-01 2.683875340000000387e-01 2.677609400000000028e-01 3.472874400000000583e-01 3.410577179999999542e-01 7.895611980000000196e-01 4.313908780000000331e-01
4.896140020000000481e-01 1.884794759999999791e-01 3.289227819999999691e-01 0.000000000000000000e+00 2.378185380000000237e-01 3.991224960000000488e-01 1.709284620000000032e-01 4.858651319999999774e-01 4.838537399999999766e-01 3.584213400000000327e-01 3.303704279999999938e-01 6.060098039999999298e-01 3.107889200000000240e-01 4.944626440000000622e-01 2.702121899999999632e-01 3.096124759999999698e-01 1.897304099999999882e-01 3.759266660000000204e-01 1.604377739999999775e-01 3.784835839999999840e-01 3.001668100000000061e-01 3.812202359999999901e-01
2.957285760000000208e-01 6.774556919999999982e-01 2.054651059999999807e-01 2.378185380000000237e-01 0.000000000000000000e+00 3.632537980000000166e-01 2.197691400000000017e-01 2.842112680000000169e-01 1.849723419999999563e-01 1.793178120000000209e-01 1.514086540000000036e-01 1.926991220000000005e-01 1.828746980000000022e-01 2.454697939999999912e-01 1.087599540000000059e-01 2.664924180000000087e-01 2.109057340000000114e-01 2.075780500000000139e-01 2.236347600000000158e-01 1.454277639999999872e-01 1.746798800000000096e-01 2.221806700000000245e-01
7.252719819999999817e-01 2.355319780000000307e-01 2.164805200000000096e-01 3.991224960000000488e-01 3.632537980000000166e-01 0.000000000000000000e+00 2.555471479999999462e-01 1.902470839999999830e-01 2.698898200000000025e-01 2.405942920000000151e-01 2.138037220000000294e-01 1.565434980000000031e-01 1.662378720000000087e-01 3.393506020000000012e-01 1.231681080000000261e-01 2.528964100000000159e-01 2.050667600000000146e-01 2.686814779999999736e-01 2.192841239999999969e-01 2.809282180000000073e-01 1.593301199999999918e-01 1.725423459999999853e-01
2.199746360000000289e-01 2.553988339999999635e-01 4.421597379999999688e-01 1.709284620000000032e-01 2.197691400000000017e-01 2.555471479999999462e-01 0.000000000000000000e+00 2.795723239999999832e-01 2.288360319999999670e-01 3.596035059999999617e-01 4.181006100000000392e-01 2.206489259999999675e-01 4.385794920000000152e-01 2.503658320000000104e-01 4.409135599999999822e-01 2.391313899999999715e-01 2.800043099999999785e-01 2.843685159999999601e-01 3.703602400000000072e-01 3.574022659999999685e-01 3.575825140000000180e-01 3.082729160000000079e-01
2.498151720000000020e-01 3.062118060000000308e-01 3.159602659999999896e-01 4.858651319999999774e-01 2.842112680000000169e-01 1.902470839999999830e-01 2.795723239999999832e-01 0.000000000000000000e+00 3.654854740000000879e-01 3.859170779999999690e-01 3.573631660000000099e-01 4.667405379999999826e-01 3.777858779999999639e-01 3.936255780000000315e-01 3.756405639999999546e-01 3.338691440000000066e-01 3.441332320000000111e-01 2.748838660000000322e-01 3.478497059999999808e-01 3.861061860000000179e-01 3.890475959999999955e-01 5.057780679999999141e-01
3.562834040000000257e-01 1.859229980000000337e-01 2.833386519999999686e-01 4.838537399999999766e-01 1.849723419999999563e-01 2.698898200000000025e-01 2.288360319999999670e-01 3.654854740000000879e-01 0.000000000000000000e+00 2.992847200000000041e-01 3.336640840000000274e-01 3.608320680000000058e-01 2.766041799999999773e-01 4.902425939999999760e-01 1.405296199999999940e-01 3.751161060000000047e-01 2.837165460000000139e-01 2.913767379999999685e-01 3.273578659999999974e-01 1.714461399999999969e-01 2.418782959999999649e-01 3.863933019999999940e-01
3.286593160000000347e-01 2.149345440000000329e-01 7.426621200000000922e-01 3.584213400000000327e-01 1.793178120000000209e-01 2.405942920000000151e-01 3.596035059999999617e-01 3.859170779999999690e-01 2.992847200000000041e-01 0.000000000000000000e+00 7.599658759999998736e-01 3.479515699999999878e-01 7.355354039999999483e-01 1.546141200000000215e-01 3.341507459999999985e-01 3.206455559999999982e-01 2.854889899999999980e-01 3.015643980000000113e-01 2.934047300000000025e-01 2.992777600000000038e-01 7.995351899999999512e-01 3.519746099999999656e-01
3.125074540000000178e-01 1.782862179999999963e-01 8.400505999999999807e-01 3.303704279999999938e-01 1.514086540000000036e-01 2.138037220000000294e-01 4.181006100000000392e-01 3.573631660000000099e-01 3.336640840000000274e-01 7.599658759999998736e-01 0.000000000000000000e+00 2.422775899999999871e-01 8.083481980000000178e-01 1.518878359999999983e-01 3.269977279999999875e-01 1.864845820000000098e-01 2.357073839999999920e-01 3.073113499999999276e-01 3.159419059999999946e-01 3.695444780000000096e-01 8.083035419999999860e-01 4.339373320000000089e-01
2.826158699999999913e-01 1.847406799999999905e-01 2.456712999999999814e-01 6.060098039999999298e-01 1.926991220000000005e-01 1.565434980000000031e-01 2.206489259999999675e-01 4.667405379999999826e-01 3.608320680000000058e-01 3.479515699999999878e-01 2.422775899999999871e-01 0.000000000000000000e+00 2.874067000000000149e-01 4.440275280000000047e-01 2.947203860000000009e-01 3.902062359999999841e-01 2.504113800000000167e-01 2.620415759999999983e-01 1.976783699999999921e-01 3.108169299999999913e-01 2.506491860000000238e-01 5.259392000000000511e-01
2.832568380000000108e-01 1.856583400000000328e-01 7.636406699999999104e-01 3.107889200000000240e-01 1.828746980000000022e-01 1.662378720000000087e-01 4.385794920000000152e-01 3.777858779999999639e-01 2.766041799999999773e-01 7.355354039999999483e-01 8.083481980000000178e-01 2.874067000000000149e-01 0.000000000000000000e+00 1.745548620000000051e-01 3.501689719999999673e-01 1.873435380000000039e-01 1.591214820000000363e-01 2.634804119999999417e-01 2.950917579999999818e-01 3.618348519999999846e-01 8.148015640000000337e-01 4.690156340000000701e-01
3.353704819999999698e-01 2.433699559999999984e-01 1.566939179999999876e-01 4.944626440000000622e-01 2.454697939999999912e-01 3.393506020000000012e-01 2.503658320000000104e-01 3.936255780000000315e-01 4.902425939999999760e-01 1.546141200000000215e-01 1.518878359999999983e-01 4.440275280000000047e-01 1.745548620000000051e-01 0.000000000000000000e+00 1.708719059999999623e-01 3.318775219999999804e-01 1.721660259999999720e-01 3.305812780000000339e-01 1.831187120000000168e-01 2.694916419999999757e-01 1.962089260000000057e-01 3.710852279999999892e-01
1.516576159999999951e-01 1.580882879999999935e-01 3.129034199999999877e-01 2.702121899999999632e-01 1.087599540000000059e-01 1.231681080000000261e-01 4.409135599999999822e-01 3.756405639999999546e-01 1.405296199999999940e-01 3.341507459999999985e-01 3.269977279999999875e-01 2.947203860000000009e-01 3.501689719999999673e-01 1.708719059999999623e-01 0.000000000000000000e+00 2.531073359999999606e-01 4.316701840000000123e-01 2.933962300000000356e-01 4.317865459999999933e-01 5.871362120000001017e-01 3.754786320000000344e-01 3.054639180000000009e-01
1.578497979999999856e-01 1.988314039999999894e-01 2.043394679999999963e-01 3.096124759999999698e-01 2.664924180000000087e-01 2.528964100000000159e-01 2.391313899999999715e-01 3.338691440000000066e-01 3.751161060000000047e-01 3.206455559999999982e-01 1.864845820000000098e-01 3.902062359999999841e-01 1.873435380000000039e-01 3.318775219999999804e-01 2.531073359999999606e-01 0.000000000000000000e+00 3.827595139999999674e-01 4.503897060000000008e-01 5.123736080000000914e-01 3.244140999999999830e-01 2.360115420000000186e-01 3.463516280000000225e-01
2.230519440000000020e-01 1.386828739999999838e-01 2.683875340000000387e-01 1.897304099999999882e-01 2.109057340000000114e-01 2.050667600000000146e-01 2.800043099999999785e-01 3.441332320000000111e-01 2.837165460000000139e-01 2.854889899999999980e-01 2.357073839999999920e-01 2.504113800000000167e-01 1.591214820000000363e-01 1.721660259999999720e-01 4.316701840000000123e-01 3.827595139999999674e-01 0.000000000000000000e+00 2.673930760000000073e-01 8.087255799999999439e-01 2.649638639999999934e-01 2.454986660000000320e-01 2.729063800000000040e-01
3.304838380000000297e-01 2.186440679999999970e-01 2.677609400000000028e-01 3.759266660000000204e-01 2.075780500000000139e-01 2.686814779999999736e-01 2.843685159999999601e-01 2.748838660000000322e-01 2.913767379999999685e-01 3.015643980000000113e-01 3.073113499999999276e-01 2.620415759999999983e-01 2.634804119999999417e-01 3.305812780000000339e-01 2.933962300000000356e-01 4.503897060000000008e-01 2.673930760000000073e-01 0.000000000000000000e+00 2.815006640000000115e-01 6.810855740000000269e-01 2.313139720000000066e-01 3.789427519999999938e-01
2.206668880000000055e-01 1.843597299999999994e-01 3.472874400000000583e-01 1.604377739999999775e-01 2.236347600000000158e-01 2.192841239999999969e-01 3.703602400000000072e-01 3.478497059999999808e-01 3.273578659999999974e-01 2.934047300000000025e-01 3.159419059999999946e-01 1.976783699999999921e-01 2.950917579999999818e-01 1.831187120000000168e-01 4.317865459999999933e-01 5.123736080000000914e-01 8.087255799999999439e-01 2.815006640000000115e-01 0.000000000000000000e+00 3.152562260000000283e-01 2.948572780000000004e-01 2.816922379999999837e-01
2.500310099999999425e-01 1.833145099999999861e-01 3.410577179999999542e-01 3.784835839999999840e-01 1.454277639999999872e-01 2.809282180000000073e-01 3.574022659999999685e-01 3.861061860000000179e-01 1.714461399999999969e-01 2.992777600000000038e-01 3.695444780000000096e-01 3.108169299999999913e-01 3.618348519999999846e-01 2.694916419999999757e-01 5.871362120000001017e-01 3.244140999999999830e-01 2.649638639999999934e-01 6.810855740000000269e-01 3.152562260000000283e-01 0.000000000000000000e+00 3.827023479999999700e-01 3.871147060000000306e-01
2.697536859999999925e-01 1.806530820000000204e-01 7.895611980000000196e-01 3.001668100000000061e-01 1.746798800000000096e-01 1.593301199999999918e-01 3.575825140000000180e-01 3.890475959999999955e-01 2.418782959999999649e-01 7.995351899999999512e-01 8.083035419999999860e-01 2.506491860000000238e-01 8.148015640000000337e-01 1.962089260000000057e-01 3.754786320000000344e-01 2.360115420000000186e-01 2.454986660000000320e-01 2.313139720000000066e-01 2.948572780000000004e-01 3.827023479999999700e-01 0.000000000000000000e+00 4.441165500000000543e-01
2.790031199999999378e-01 2.544531379999999676e-01 4.313908780000000331e-01 3.812202359999999901e-01 2.221806700000000245e-01 1.725423459999999853e-01 3.082729160000000079e-01 5.057780679999999141e-01 3.863933019999999940e-01 3.519746099999999656e-01 4.339373320000000089e-01 5.259392000000000511e-01 4.690156340000000701e-01 3.710852279999999892e-01 3.054639180000000009e-01 3.463516280000000225e-01 2.729063800000000040e-01 3.789427519999999938e-01 2.816922379999999837e-01 3.871147060000000306e-01 4.441165500000000543e-01 0.000000000000000000e+00
