0.000000000000000000e+00 4.057058679999999695e-01 1.315399800000000008e-01 4.589549180000000450e-01 4.083014979999999849e-01 7.792494100000000312e-01 4.243151599999999551e-02 6.388343199999999000e-02 8.121675200000000316e-02 6.083952000000000110e-02 1.298444440000000033e-01 1.048111919999999975e-01 1.147340919999999959e-01 9.115087200000000778e-02 8.786605200000000004e-02 6.992978200000000977e-02 8.604590200000000744e-02 9.281355799999999046e-02 8.430126199999998793e-02 9.187025399999999842e-02 9.870288600000001744e-02 1.399306199999999778e-01
4.057058679999999695e-01 0.000000000000000000e+00 1.634313059999999984e-01 2.389353999999999922e-01 7.535459639999999570e-01 2.650379660000000137e-01 7.527338599999999769e-02 7.391467200000000071e-02 7.353919400000000217e-02 1.098606720000000064e-01 1.014654180000000017e-01 8.623721399999999260e-02 7.576089399999999530e-02 1.054379239999999884e-01 8.732687199999999983e-02 8.727293800000000823e-02 5.279746999999999912e-02 3.895758200000000449e-02 4.670296199999999370e-02 4.632388800000000056e-02 7.466712600000000033e-02 1.142184960000000027e-01
1.315399800000000008e-01 1.634313059999999984e-01 0.000000000000000000e+00 3.034422560000000213e-01 2.234178899999999801e-01 1.671917099999999934e-01 1.102209700000000153e-01 7.384789599999999621e-02 2.716382400000000308e-01 1.628561219999999921e-01 5.558165459999999669e-01 2.425442919999999947e-01 4.828093639999999631e-01 2.009954580000000157e-01 1.254308700000000276e-01 7.183552800000000960e-02 1.322420679999999904e-01 1.478403159999999994e-01 1.493355140000000025e-01 1.379392039999999819e-01 4.026326720000000248e-01 3.860281799999999985e-01
4.589549180000000450e-01 2.389353999999999922e-01 3.034422560000000213e-01 0.000000000000000000e+00 2.627341960000000309e-01 4.238893479999999991e-01 1.406061239999999990e-01 2.450730799999999987e-01 2.666075459999999731e-01 1.099931519999999968e-01 2.445654739999999772e-01 4.438300000000000023e-01 1.835521960000000008e-01 3.562635619999999781e-01 1.298668380000000122e-01 7.763282999999999989e-02 1.362788039999999756e-01 1.455068639999999858e-01 1.575355239999999823e-01 1.640898159999999995e-01 1.990634440000000061e-01 4.399567500000000075e-01
4.083014979999999849e-01 7.535459639999999570e-01 2.234178899999999801e-01 2.627341960000000309e-01 0.000000000000000000e+00 3.714885199999999332e-01 6.713912799999999237e-02 4.547118000000000687e-02 9.403344399999999381e-02 9.396636399999999667e-02 1.357262520000000194e-01 6.106367399999999834e-02 1.109733779999999975e-01 9.565721600000001712e-02 6.874137799999999188e-02 8.526172000000001305e-02 6.644067000000000722e-02 6.227246600000000548e-02 6.411133799999998995e-02 6.352816599999999703e-02 8.332332200000000522e-02 1.162585419999999925e-01
7.792494100000000312e-01 2.650379660000000137e-01 1.671917099999999934e-01 4.238893479999999991e-01 3.714885199999999332e-01 0.000000000000000000e+00 5.515995599999999610e-02 7.741676200000000008e-02 7.928240999999999761e-02 8.976971400000000045e-02 1.301247759999999976e-01 7.081039200000001366e-02 5.391174599999999650e-02 8.348268600000000039e-02 7.481783000000000183e-02 6.712706999999999702e-02 7.586044000000000120e-02 6.262257200000001522e-02 6.988577999999999457e-02 6.528151799999999672e-02 5.921420800000000428e-02 9.458143600000001872e-02
4.243151599999999551e-02 7.527338599999999769e-02 1.102209700000000153e-01 1.406061239999999990e-01 6.713912799999999237e-02 5.515995599999999610e-02 0.000000000000000000e+00 6.315974320000000697e-01 1.984370820000000146e-01 2.061748059999999882e-01 1.255278539999999943e-01 1.187120600000000081e-01 1.105643460000000078e-01 1.135320120000000016e-01 2.320084800000000169e-01 4.016867379999999876e-01 5.985626559999999152e-01 5.584500900000000101e-01 6.338207660000000354e-01 6.122755979999999765e-01 4.780581199999999614e-02 1.501249919999999849e-01
6.388343199999999000e-02 7.391467200000000071e-02 7.384789599999999621e-02 2.450730799999999987e-01 4.547118000000000687e-02 7.741676200000000008e-02 6.315974320000000697e-01 0.000000000000000000e+00 2.350476079999999912e-01 1.621244919999999534e-01 1.145263919999999908e-01 2.396584900000000018e-01 9.132088800000000284e-02 1.735326340000000189e-01 1.764370100000000052e-01 6.191818339999999310e-01 5.898519079999999803e-01 6.052718320000000096e-01 6.468510880000000185e-01 6.220397239999999606e-01 1.202103700000000108e-01 2.777842039999999790e-01
8.121675200000000316e-02 7.353919400000000217e-02 2.716382400000000308e-01 2.666075459999999731e-01 9.403344399999999381e-02 7.928240999999999761e-02 1.984370820000000146e-01 2.350476079999999912e-01 0.000000000000000000e+00 9.373901600000000833e-02 3.064524039999999561e-01 2.340688160000000129e-01 3.685066220000000059e-01 1.728266960000000019e-01 9.861819400000000624e-02 1.144716240000000218e-01 9.371418800000000382e-02 9.467998399999999481e-02 8.495297999999999738e-02 1.243698179999999931e-01 2.348151040000000245e-01 3.431036319999999917e-01
6.083952000000000110e-02 1.098606720000000064e-01 1.628561219999999921e-01 1.099931519999999968e-01 9.396636399999999667e-02 8.976971400000000045e-02 2.061748059999999882e-01 1.621244919999999534e-01 9.373901600000000833e-02 0.000000000000000000e+00 2.035664819999999930e-01 1.218625359999999935e-01 2.127697340000000159e-01 3.873317699999999641e-01 6.007924199999999104e-02 1.504108619999999785e-01 1.064562999999999898e-01 1.402343500000000076e-01 1.291081880000000126e-01 1.456376299999999901e-01 2.723655600000000065e-01 1.504974279999999887e-01
1.298444440000000033e-01 1.014654180000000017e-01 5.558165459999999669e-01 2.445654739999999772e-01 1.357262520000000194e-01 1.301247759999999976e-01 1.255278539999999943e-01 1.145263919999999908e-01 3.064524039999999561e-01 2.035664819999999930e-01 0.000000000000000000e+00 2.317861419999999728e-01 6.699267380000000216e-01 1.996053680000000052e-01 1.116126360000000012e-01 6.946890799999999588e-02 1.160574800000000045e-01 1.410342879999999799e-01 1.434031340000000154e-01 1.217345139999999881e-01 5.462147539999999690e-01 4.278462859999999646e-01
1.048111919999999975e-01 8.623721399999999260e-02 2.425442919999999947e-01 4.438300000000000023e-01 6.106367399999999834e-02 7.081039200000001366e-02 1.187120600000000081e-01 2.396584900000000018e-01 2.340688160000000129e-01 1.218625359999999935e-01 2.317861419999999728e-01 0.000000000000000000e+00 1.635016479999999994e-01 3.399014919999999718e-01 1.081586320000000045e-01 6.840280799999999550e-02 1.967642559999999985e-01 1.621283819999999876e-01 2.042378460000000007e-01 1.789324399999999982e-01 1.902052260000000050e-01 4.658243520000001081e-01
1.147340919999999959e-01 7.576089399999999530e-02 4.828093639999999631e-01 1.835521960000000008e-01 1.109733779999999975e-01 5.391174599999999650e-02 1.105643460000000078e-01 9.132088800000000284e-02 3.685066220000000059e-01 2.127697340000000159e-01 6.699267380000000216e-01 1.635016479999999994e-01 0.000000000000000000e+00 1.526665539999999821e-01 1.417831719999999851e-01 8.094929400000000497e-02 9.795692000000000288e-02 1.188134559999999978e-01 1.283166920000000100e-01 8.900932399999998690e-02 5.480194519999999070e-01 3.192707340000000005e-01
9.115087200000000778e-02 1.054379239999999884e-01 2.009954580000000157e-01 3.562635619999999781e-01 9.565721600000001712e-02 8.348268600000000039e-02 1.135320120000000016e-01 1.735326340000000189e-01 1.728266960000000019e-01 3.873317699999999641e-01 1.996053680000000052e-01 3.399014919999999718e-01 1.526665539999999821e-01 0.000000000000000000e+00 1.190842739999999900e-01 1.174145680000000108e-01 1.874646040000000069e-01 1.693471300000000124e-01 1.995688420000000241e-01 1.818710120000000263e-01 9.955268799999998641e-02 3.402216780000000274e-01
8.786605200000000004e-02 8.732687199999999983e-02 1.254308700000000276e-01 1.298668380000000122e-01 6.874137799999999188e-02 7.481783000000000183e-02 2.320084800000000169e-01 1.764370100000000052e-01 9.861819400000000624e-02 6.007924199999999104e-02 1.116126360000000012e-01 1.081586320000000045e-01 1.417831719999999851e-01 1.190842739999999900e-01 0.000000000000000000e+00 1.961378320000000119e-01 2.973746359999999700e-01 1.856975180000000059e-01 2.123296040000000051e-01 2.027108679999999885e-01 1.003908220000000046e-01 7.492351199999999767e-02
6.992978200000000977e-02 8.727293800000000823e-02 7.183552800000000960e-02 7.763282999999999989e-02 8.526172000000001305e-02 6.712706999999999702e-02 4.016867379999999876e-01 6.191818339999999310e-01 1.144716240000000218e-01 1.504108619999999785e-01 6.946890799999999588e-02 6.840280799999999550e-02 8.094929400000000497e-02 1.174145680000000108e-01 1.961378320000000119e-01 0.000000000000000000e+00 4.337961680000000375e-01 6.050334079999999393e-01 5.003117099999999651e-01 5.371762139999999297e-01 7.510566200000000359e-02 9.040712199999999255e-02
8.604590200000000744e-02 5.279746999999999912e-02 1.322420679999999904e-01 1.362788039999999756e-01 6.644067000000000722e-02 7.586044000000000120e-02 5.985626559999999152e-01 5.898519079999999803e-01 9.371418800000000382e-02 1.064562999999999898e-01 1.160574800000000045e-01 1.967642559999999985e-01 9.795692000000000288e-02 1.874646040000000069e-01 2.973746359999999700e-01 4.337961680000000375e-01 0.000000000000000000e+00 5.474037099999999878e-01 9.544340520000000883e-01 6.109077120000000471e-01 1.515115300000000054e-01 1.877334820000000071e-01
9.281355799999999046e-02 3.895758200000000449e-02 1.478403159999999994e-01 1.455068639999999858e-01 6.227246600000000548e-02 6.262257200000001522e-02 5.584500900000000101e-01 6.052718320000000096e-01 9.467998399999999481e-02 1.402343500000000076e-01 1.410342879999999799e-01 1.621283819999999876e-01 1.188134559999999978e-01 1.693471300000000124e-01 1.856975180000000059e-01 6.050334079999999393e-01 5.474037099999999878e-01 0.000000000000000000e+00 6.139132440000000246e-01 8.932394399999999957e-01 1.597749499999999989e-01 1.960349720000000018e-01
8.430126199999998793e-02 4.670296199999999370e-02 1.493355140000000025e-01 1.575355239999999823e-01 6.411133799999998995e-02 6.988577999999999457e-02 6.338207660000000354e-01 6.468510880000000185e-01 8.495297999999999738e-02 1.291081880000000126e-01 1.434031340000000154e-01 2.042378460000000007e-01 1.283166920000000100e-01 1.995688420000000241e-01 2.123296040000000051e-01 5.003117099999999651e-01 9.544340520000000883e-01 6.139132440000000246e-01 0.000000000000000000e+00 6.430663640000000569e-01 1.733555840000000070e-01 2.088712140000000272e-01
9.187025399999999842e-02 4.632388800000000056e-02 1.379392039999999819e-01 1.640898159999999995e-01 6.352816599999999703e-02 6.528151799999999672e-02 6.122755979999999765e-01 6.220397239999999606e-01 1.243698179999999931e-01 1.456376299999999901e-01 1.217345139999999881e-01 1.789324399999999982e-01 8.900932399999998690e-02 1.818710120000000263e-01 2.027108679999999885e-01 5.371762139999999297e-01 6.109077120000000471e-01 8.932394399999999957e-01 6.430663640000000569e-01 0.000000000000000000e+00 1.553718900000000125e-01 2.044278919999999999e-01
9.870288600000001744e-02 7.466712600000000033e-02 4.026326720000000248e-01 1.990634440000000061e-01 8.332332200000000522e-02 5.921420800000000428e-02 4.780581199999999614e-02 1.202103700000000108e-01 2.348151040000000245e-01 2.723655600000000065e-01 5.462147539999999690e-01 1.902052260000000050e-01 5.480194519999999070e-01 9.955268799999998641e-02 1.003908220000000046e-01 7.510566200000000359e-02 1.515115300000000054e-01 1.597749499999999989e-01 1.733555840000000070e-01 1.553718900000000125e-01 0.000000000000000000e+00 4.861567980000000011e-01
1.399306199999999778e-01 1.142184960000000027e-01 3.860281799999999985e-01 4.399567500000000075e-01 1.162585419999999925e-01 9.458143600000001872e-02 1.501249919999999849e-01 2.777842039999999790e-01 3.431036319999999917e-01 1.504974279999999887e-01 4.278462859999999646e-01 4.658243520000001081e-01 3.192707340000000005e-01 3.402216780000000274e-01 7.492351199999999767e-02 9.040712199999999255e-02 1.877334820000000071e-01 1.960349720000000018e-01 2.088712140000000272e-01 2.044278919999999999e-01 4.861567980000000011e-01 0.000000000000000000e+00
