0.000000000000000000e+00 2.611149499999999568e-01 1.136967759999999855e-01 3.829668860000000064e-01 2.712218119999999510e-01 6.897649780000000286e-01 8.666006199999999604e-02 7.228377599999999403e-02 6.911481799999999454e-02 7.132805000000000395e-02 1.549941459999999993e-01 1.112088499999999980e-01 1.320295760000000096e-01 1.246030979999999955e-01 7.940981400000000912e-02 9.428353800000000007e-02 4.961226999999999998e-02 4.994862999999999387e-02 4.671366199999999608e-02 5.574263799999999713e-02 1.015594879999999894e-01 1.210319600000000079e-01
2.611149499999999568e-01 0.000000000000000000e+00 1.197790060000000212e-01 1.379576059999999826e-01 6.552439159999999818e-01 1.059616299999999872e-01 5.682385399999999309e-02 6.485073199999999427e-02 9.497877200000001685e-02 8.862789199999999978e-02 9.969120000000000759e-02 1.129616739999999842e-01 6.779838000000000531e-02 1.457415440000000006e-01 8.046798800000000418e-02 1.118537859999999967e-01 6.870886600000000732e-02 7.079716799999999366e-02 6.799096200000001589e-02 7.371928399999999604e-02 7.437358199999999364e-02 8.448532999999999737e-02
1.136967759999999855e-01 1.197790060000000212e-01 0.000000000000000000e+00 1.235986739999999917e-01 1.773210360000000152e-01 1.141114399999999945e-01 1.695305779999999873e-01 2.301082899999999931e-01 9.895828599999997865e-02 6.657306799999999913e-02 5.239206820000000819e-01 1.250565040000000128e-01 4.181129260000000514e-01 8.512366599999998673e-02 1.115670600000000096e-01 1.747618059999999640e-01 2.754119640000000091e-01 2.449979860000000009e-01 2.957282480000000269e-01 2.428380840000000096e-01 4.116342920000000127e-01 2.710289020000000160e-01
3.829668860000000064e-01 1.379576059999999826e-01 1.235986739999999917e-01 0.000000000000000000e+00 1.840444640000000187e-01 3.455130919999999661e-01 2.153513379999999755e-01 2.000357600000000069e-01 1.879791259999999686e-01 1.351085680000000122e-01 1.309140800000000160e-01 4.493492099999999989e-01 1.131776939999999954e-01 3.271624439999999412e-01 9.106734600000000734e-02 7.863733200000000423e-02 1.582562500000000150e-01 1.531744100000000108e-01 1.773640639999999880e-01 1.650245800000000318e-01 1.002720199999999895e-01 2.612140159999999933e-01
2.712218119999999510e-01 6.552439159999999818e-01 1.773210360000000152e-01 1.840444640000000187e-01 0.000000000000000000e+00 2.157484600000000030e-01 5.048879399999998963e-02 5.887517200000001033e-02 7.322638600000000442e-02 9.567220999999999365e-02 1.011182080000000011e-01 8.561633599999998734e-02 7.833081999999999545e-02 1.649425620000000148e-01 8.707675800000000410e-02 9.689135200000001391e-02 8.865570000000000395e-02 8.835251800000000488e-02 9.176020799999999589e-02 9.651297799999999927e-02 7.396609599999999507e-02 8.577775199999999878e-02
6.897649780000000286e-01 1.059616299999999872e-01 1.141114399999999945e-01 3.455130919999999661e-01 2.157484600000000030e-01 0.000000000000000000e+00 7.699983599999998818e-02 6.297029800000000788e-02 5.995164799999998934e-02 4.262105000000000754e-02 7.437833199999999145e-02 1.476674459999999800e-01 1.089501699999999990e-01 1.119957139999999962e-01 9.491883999999999044e-02 8.939829800000000104e-02 5.332389800000000152e-02 6.428233599999999548e-02 5.037315799999999427e-02 8.336678599999999828e-02 7.864738000000001672e-02 8.734193999999997904e-02
8.666006199999999604e-02 5.682385399999999309e-02 1.695305779999999873e-01 2.153513379999999755e-01 5.048879399999998963e-02 7.699983599999998818e-02 0.000000000000000000e+00 6.458564199999999866e-01 1.572198599999999891e-01 1.830261160000000165e-01 1.228673300000000107e-01 1.707119939999999780e-01 1.169670839999999989e-01 1.544783100000000076e-01 3.227912380000000359e-01 2.614034520000000361e-01 6.179508240000000097e-01 6.489907620000000543e-01 6.713151099999999927e-01 6.630663779999999008e-01 1.808611379999999769e-01 2.175201419999999997e-01
7.228377599999999403e-02 6.485073199999999427e-02 2.301082899999999931e-01 2.000357600000000069e-01 5.887517200000001033e-02 6.297029800000000788e-02 6.458564199999999866e-01 0.000000000000000000e+00 1.649509279999999967e-01 1.748710819999999833e-01 1.264613240000000138e-01 1.670821040000000368e-01 8.876350399999999308e-02 1.160572500000000284e-01 1.779472699999999907e-01 4.748989259999999990e-01 6.289188740000000166e-01 6.582455460000000702e-01 6.834196780000001414e-01 6.599121839999999573e-01 1.857378880000000176e-01 2.560445560000000342e-01
6.911481799999999454e-02 9.497877200000001685e-02 9.895828599999997865e-02 1.879791259999999686e-01 7.322638600000000442e-02 5.995164799999998934e-02 1.572198599999999891e-01 1.649509279999999967e-01 0.000000000000000000e+00 6.357334000000000596e-02 1.065056119999999995e-01 1.266238879999999900e-01 2.075057579999999846e-01 1.161789560000000138e-01 1.541207460000000029e-01 8.051679600000000159e-02 8.146802999999999684e-02 1.363781700000000208e-01 8.576424000000000547e-02 1.249330360000000112e-01 1.030494879999999808e-01 1.596248759999999989e-01
7.132805000000000395e-02 8.862789199999999978e-02 6.657306799999999913e-02 1.351085680000000122e-01 9.567220999999999365e-02 4.262105000000000754e-02 1.830261160000000165e-01 1.748710819999999833e-01 6.357334000000000596e-02 0.000000000000000000e+00 1.071423320000000068e-01 2.153147360000000066e-01 1.337743699999999758e-01 4.896069140000000042e-01 9.986125999999999336e-02 9.704392600000000257e-02 1.331746939999999824e-01 1.471625839999999852e-01 1.422438480000000061e-01 1.586037899999999945e-01 7.827763399999998484e-02 1.056263320000000033e-01
1.549941459999999993e-01 9.969120000000000759e-02 5.239206820000000819e-01 1.309140800000000160e-01 1.011182080000000011e-01 7.437833199999999145e-02 1.228673300000000107e-01 1.264613240000000138e-01 1.065056119999999995e-01 1.071423320000000068e-01 0.000000000000000000e+00 1.015404740000000194e-01 5.152737500000000859e-01 9.832218600000000586e-02 7.099723399999999240e-02 7.326717600000000330e-02 1.691109479999999832e-01 1.344924819999999965e-01 1.761885740000000145e-01 1.504899259999999961e-01 4.645772700000000421e-01 2.618693619999999944e-01
1.112088499999999980e-01 1.129616739999999842e-01 1.250565040000000128e-01 4.493492099999999989e-01 8.561633599999998734e-02 1.476674459999999800e-01 1.707119939999999780e-01 1.670821040000000368e-01 1.266238879999999900e-01 2.153147360000000066e-01 1.015404740000000194e-01 0.000000000000000000e+00 1.026612179999999847e-01 3.166355120000000078e-01 7.471388199999999535e-02 7.461643599999999432e-02 1.562162200000000167e-01 1.605138419999999899e-01 1.813761419999999902e-01 1.523890619999999918e-01 9.123312799999999667e-02 3.185076359999999829e-01
1.320295760000000096e-01 6.779838000000000531e-02 4.181129260000000514e-01 1.131776939999999954e-01 7.833081999999999545e-02 1.089501699999999990e-01 1.169670839999999989e-01 8.876350399999999308e-02 2.075057579999999846e-01 1.337743699999999758e-01 5.152737500000000859e-01 1.026612179999999847e-01 0.000000000000000000e+00 5.528169200000000727e-02 1.230508240000000031e-01 7.210149400000000208e-02 1.240758960000000188e-01 1.245376519999999987e-01 1.376263719999999968e-01 1.160020439999999847e-01 4.153870420000000396e-01 1.654236079999999998e-01
1.246030979999999955e-01 1.457415440000000006e-01 8.512366599999998673e-02 3.271624439999999412e-01 1.649425620000000148e-01 1.119957139999999962e-01 1.544783100000000076e-01 1.160572500000000284e-01 1.161789560000000138e-01 4.896069140000000042e-01 9.832218600000000586e-02 3.166355120000000078e-01 5.528169200000000727e-02 0.000000000000000000e+00 4.926947400000000060e-02 8.217111600000001626e-02 1.635883120000000135e-01 1.561418339999999794e-01 1.779775439999999875e-01 1.481901939999999973e-01 7.914668999999999177e-02 1.916855540000000080e-01
7.940981400000000912e-02 8.046798800000000418e-02 1.115670600000000096e-01 9.106734600000000734e-02 8.707675800000000410e-02 9.491883999999999044e-02 3.227912380000000359e-01 1.779472699999999907e-01 1.541207460000000029e-01 9.986125999999999336e-02 7.099723399999999240e-02 7.471388199999999535e-02 1.230508240000000031e-01 4.926947400000000060e-02 0.000000000000000000e+00 2.997256440000000133e-01 1.188549160000000049e-01 3.168011159999999937e-01 5.447027799999999698e-02 1.943661939999999921e-01 9.148084600000000455e-02 1.093020979999999864e-01
9.428353800000000007e-02 1.118537859999999967e-01 1.747618059999999640e-01 7.863733200000000423e-02 9.689135200000001391e-02 8.939829800000000104e-02 2.614034520000000361e-01 4.748989259999999990e-01 8.051679600000000159e-02 9.704392600000000257e-02 7.326717600000000330e-02 7.461643599999999432e-02 7.210149400000000208e-02 8.217111600000001626e-02 2.997256440000000133e-01 0.000000000000000000e+00 2.303162480000000012e-01 4.409269239999999423e-01 2.917377899999999968e-01 3.565141520000000286e-01 9.610654600000000103e-02 9.659859600000000879e-02
4.961226999999999998e-02 6.870886600000000732e-02 2.754119640000000091e-01 1.582562500000000150e-01 8.865570000000000395e-02 5.332389800000000152e-02 6.179508240000000097e-01 6.289188740000000166e-01 8.146802999999999684e-02 1.331746939999999824e-01 1.691109479999999832e-01 1.562162200000000167e-01 1.240758960000000188e-01 1.635883120000000135e-01 1.188549160000000049e-01 2.303162480000000012e-01 0.000000000000000000e+00 5.028413959999999960e-01 9.697307439999999223e-01 5.700631680000001200e-01 2.469552119999999795e-01 2.293922300000000303e-01
4.994862999999999387e-02 7.079716799999999366e-02 2.449979860000000009e-01 1.531744100000000108e-01 8.835251800000000488e-02 6.428233599999999548e-02 6.489907620000000543e-01 6.582455460000000702e-01 1.363781700000000208e-01 1.471625839999999852e-01 1.344924819999999965e-01 1.605138419999999899e-01 1.245376519999999987e-01 1.561418339999999794e-01 3.168011159999999937e-01 4.409269239999999423e-01 5.028413959999999960e-01 0.000000000000000000e+00 5.704263860000000630e-01 9.031998380000001436e-01 2.030388999999999944e-01 2.197586020000000251e-01
4.671366199999999608e-02 6.799096200000001589e-02 2.957282480000000269e-01 1.773640639999999880e-01 9.176020799999999589e-02 5.037315799999999427e-02 6.713151099999999927e-01 6.834196780000001414e-01 8.576424000000000547e-02 1.422438480000000061e-01 1.761885740000000145e-01 1.813761419999999902e-01 1.376263719999999968e-01 1.779775439999999875e-01 5.447027799999999698e-02 2.917377899999999968e-01 9.697307439999999223e-01 5.704263860000000630e-01 0.000000000000000000e+00 6.094018460000001358e-01 2.553218000000000432e-01 2.529847159999999984e-01
5.574263799999999713e-02 7.371928399999999604e-02 2.428380840000000096e-01 1.650245800000000318e-01 9.651297799999999927e-02 8.336678599999999828e-02 6.630663779999999008e-01 6.599121839999999573e-01 1.249330360000000112e-01 1.586037899999999945e-01 1.504899259999999961e-01 1.523890619999999918e-01 1.160020439999999847e-01 1.481901939999999973e-01 1.943661939999999921e-01 3.565141520000000286e-01 5.700631680000001200e-01 9.031998380000001436e-01 6.094018460000001358e-01 0.000000000000000000e+00 2.189372239999999858e-01 2.266268220000000055e-01
1.015594879999999894e-01 7.437358199999999364e-02 4.116342920000000127e-01 1.002720199999999895e-01 7.396609599999999507e-02 7.864738000000001672e-02 1.808611379999999769e-01 1.857378880000000176e-01 1.030494879999999808e-01 7.827763399999998484e-02 4.645772700000000421e-01 9.123312799999999667e-02 4.153870420000000396e-01 7.914668999999999177e-02 9.148084600000000455e-02 9.610654600000000103e-02 2.469552119999999795e-01 2.030388999999999944e-01 2.553218000000000432e-01 2.189372239999999858e-01 0.000000000000000000e+00 3.372778280000000573e-01
1.210319600000000079e-01 8.448532999999999737e-02 2.710289020000000160e-01 2.612140159999999933e-01 8.577775199999999878e-02 8.734193999999997904e-02 2.175201419999999997e-01 2.560445560000000342e-01 1.596248759999999989e-01 1.056263320000000033e-01 2.618693619999999944e-01 3.185076359999999829e-01 1.654236079999999998e-01 1.916855540000000080e-01 1.093020979999999864e-01 9.659859600000000879e-02 2.293922300000000303e-01 2.197586020000000251e-01 2.529847159999999984e-01 2.266268220000000055e-01 3.372778280000000573e-01 0.000000000000000000e+00
