0.000000000000000000e+00 4.061754320000000584e-01 2.413949699999999865e-01 1.525999200000000278e-01 4.027654079999999359e-01 7.577215360000000288e-01 2.932813420000000004e-01 2.327062779999999886e-01 2.619292520000000013e-01 2.458817799999999942e-01 2.170366159999999878e-01 2.178188839999999904e-01 2.281412020000000429e-01 2.088196800000000075e-01 2.775957740000000173e-01 3.032541659999999917e-01 3.028792699999999227e-01 3.864344460000000980e-01 2.857524859999999722e-01 2.888989579999999835e-01 2.481232299999999724e-01 3.077679019999999821e-01
4.061754320000000584e-01 0.000000000000000000e+00 3.572450939999999853e-01 2.353760079999999699e-01 7.105989700000000520e-01 3.332009840000000334e-01 2.300777159999999877e-01 2.523571699999999640e-01 2.663164820000000210e-01 2.795169960000000176e-01 3.724125499999999533e-01 2.846050840000000082e-01 3.339310379999999578e-01 1.778786560000000239e-01 3.061139659999999596e-01 3.313263920000000251e-01 3.364500360000000079e-01 1.880030000000000034e-01 3.299589859999999542e-01 2.558103720000000636e-01 4.240852059999999923e-01 2.614492159999999843e-01
2.413949699999999865e-01 3.572450939999999853e-01 0.000000000000000000e+00 2.590742000000000322e-01 3.671506820000000060e-01 2.614645300000000283e-01 5.132593979999999778e-01 2.346598000000000295e-01 3.521445440000000038e-01 5.571565560000000250e-01 8.345688880000000642e-01 3.273024640000000152e-01 8.316586699999998222e-01 3.643830059999999538e-01 2.471591539999999920e-01 2.557680759999999554e-01 2.797015059999999886e-01 2.893579740000000178e-01 3.281051160000000300e-01 3.750783979999999795e-01 8.061641420000000835e-01 4.227655819999999731e-01
1.525999200000000278e-01 2.353760079999999699e-01 2.590742000000000322e-01 0.000000000000000000e+00 2.349979460000000131e-01 1.606271200000000399e-01 2.335187539999999673e-01 6.102446240000000133e-01 5.658813059999998618e-01 2.206346120000000077e-01 3.175818780000000396e-01 6.923386160000000178e-01 2.554043300000000127e-01 6.369173100000000698e-01 2.892722779999999938e-01 2.950418820000000331e-01 2.305785240000000069e-01 2.006877999999999995e-01 1.902325279999999841e-01 4.198283639999999539e-01 2.890177139999999811e-01 4.665333819999999965e-01
4.027654079999999359e-01 7.105989700000000520e-01 3.671506820000000060e-01 2.349979460000000131e-01 0.000000000000000000e+00 3.087898199999999926e-01 1.819488919999999732e-01 2.843192199999999836e-01 2.188664039999999866e-01 2.595285940000000013e-01 3.076813059999999878e-01 2.008620899999999931e-01 2.655389140000000703e-01 1.738568880000000150e-01 2.361845899999999721e-01 2.904390960000000077e-01 3.477033280000000337e-01 2.289619259999999823e-01 3.520643039999999946e-01 2.019522300000000103e-01 3.325031440000000282e-01 2.938702460000000016e-01
7.577215360000000288e-01 3.332009840000000334e-01 2.614645300000000283e-01 1.606271200000000399e-01 3.087898199999999926e-01 0.000000000000000000e+00 2.705835019999999758e-01 2.531798219999999988e-01 2.703797259999999869e-01 2.192407339999999927e-01 2.493150860000000191e-01 2.595527899999999777e-01 1.947106939999999897e-01 1.906817439999999864e-01 2.559054439999999819e-01 2.466046899999999875e-01 2.587791899999999923e-01 3.434128659999999833e-01 2.697440020000000382e-01 3.189338800000000029e-01 2.690704660000000081e-01 2.192894540000000225e-01
2.932813420000000004e-01 2.300777159999999877e-01 5.132593979999999778e-01 2.335187539999999673e-01 1.819488919999999732e-01 2.705835019999999758e-01 0.000000000000000000e+00 3.475775839999999950e-01 2.510652100000000386e-01 4.018543479999999724e-01 5.120280400000000176e-01 3.245133599999999729e-01 4.685728759999999715e-01 3.549615359999999664e-01 3.463912279999999955e-01 2.171917580000000125e-01 2.414983460000000304e-01 2.741101579999999927e-01 3.461007879999999370e-01 3.544957320000000633e-01 4.410782959999999808e-01 3.567219760000000517e-01
2.327062779999999886e-01 2.523571699999999640e-01 2.346598000000000295e-01 6.102446240000000133e-01 2.843192199999999836e-01 2.531798219999999988e-01 3.475775839999999950e-01 0.000000000000000000e+00 4.043879059999999082e-01 2.558722339999999762e-01 2.760394620000000687e-01 6.895726719999999421e-01 2.468172520000000425e-01 5.407446620000000426e-01 3.907701559999999796e-01 2.534210179999999979e-01 3.851193840000000645e-01 2.415140619999999738e-01 3.352839419999999460e-01 4.850158920000000040e-01 2.623051459999999890e-01 5.773101000000000482e-01
2.619292520000000013e-01 2.663164820000000210e-01 3.521445440000000038e-01 5.658813059999998618e-01 2.188664039999999866e-01 2.703797259999999869e-01 2.510652100000000386e-01 4.043879059999999082e-01 0.000000000000000000e+00 4.013388299999999798e-01 4.438077599999999956e-01 5.134540039999999639e-01 3.324298780000000120e-01 4.174107059999999647e-01 3.295721979999999829e-01 2.819778440000000330e-01 2.956009039999999977e-01 1.699692319999999979e-01 2.520028940000000328e-01 3.791832680000000178e-01 3.610568140000000037e-01 3.366538159999999946e-01
2.458817799999999942e-01 2.795169960000000176e-01 5.571565560000000250e-01 2.206346120000000077e-01 2.595285940000000013e-01 2.192407339999999927e-01 4.018543479999999724e-01 2.558722339999999762e-01 4.013388299999999798e-01 0.000000000000000000e+00 5.891701320000001241e-01 2.956004920000000480e-01 5.887707340000000178e-01 2.636627719999999897e-01 3.106187679999999895e-01 1.994059399999999760e-01 3.431558499999999845e-01 2.426074500000000300e-01 2.989218699999999784e-01 3.286099080000000061e-01 6.177517000000000147e-01 3.533766639999999515e-01
2.170366159999999878e-01 3.724125499999999533e-01 8.345688880000000642e-01 3.175818780000000396e-01 3.076813059999999878e-01 2.493150860000000191e-01 5.120280400000000176e-01 2.760394620000000687e-01 4.438077599999999956e-01 5.891701320000001241e-01 0.000000000000000000e+00 3.526357059999999932e-01 8.765025640000001506e-01 3.711445220000000322e-01 3.318404799999999932e-01 2.866927559999999930e-01 3.038088919999999971e-01 2.879331840000000087e-01 2.916555200000000014e-01 3.802458079999999629e-01 8.287633260000000224e-01 4.550323219999999891e-01
2.178188839999999904e-01 2.846050840000000082e-01 3.273024640000000152e-01 6.923386160000000178e-01 2.008620899999999931e-01 2.595527899999999777e-01 3.245133599999999729e-01 6.895726719999999421e-01 5.134540039999999639e-01 2.956004920000000480e-01 3.526357059999999932e-01 0.000000000000000000e+00 3.121251280000000294e-01 5.595875040000000133e-01 2.835140020000000427e-01 2.775715700000000452e-01 2.219354500000000063e-01 2.770295219999999725e-01 2.374173340000000076e-01 3.910506039999999683e-01 3.466166440000000293e-01 4.819044860000000208e-01
2.281412020000000429e-01 3.339310379999999578e-01 8.316586699999998222e-01 2.554043300000000127e-01 2.655389140000000703e-01 1.947106939999999897e-01 4.685728759999999715e-01 2.468172520000000425e-01 3.324298780000000120e-01 5.887707340000000178e-01 8.765025640000001506e-01 3.121251280000000294e-01 0.000000000000000000e+00 3.602449900000000427e-01 3.083353739999999954e-01 2.533260800000000090e-01 2.970468899999999524e-01 2.896988759999999941e-01 2.896721099999999827e-01 3.587026960000000431e-01 8.413094900000001042e-01 4.399611419999999162e-01
2.088196800000000075e-01 1.778786560000000239e-01 3.643830059999999538e-01 6.369173100000000698e-01 1.738568880000000150e-01 1.906817439999999864e-01 3.549615359999999664e-01 5.407446620000000426e-01 4.174107059999999647e-01 2.636627719999999897e-01 3.711445220000000322e-01 5.595875040000000133e-01 3.602449900000000427e-01 0.000000000000000000e+00 2.210998560000000113e-01 2.697173720000000108e-01 2.165440559999999848e-01 2.679132720000000356e-01 2.777346559999999687e-01 2.906628059999999958e-01 3.041764479999999882e-01 5.036994879999999730e-01
2.775957740000000173e-01 3.061139659999999596e-01 2.471591539999999920e-01 2.892722779999999938e-01 2.361845899999999721e-01 2.559054439999999819e-01 3.463912279999999955e-01 3.907701559999999796e-01 3.295721979999999829e-01 3.106187679999999895e-01 3.318404799999999932e-01 2.835140020000000427e-01 3.083353739999999954e-01 2.210998560000000113e-01 0.000000000000000000e+00 2.833967439999999782e-01 4.953044160000000806e-01 3.046105359999999873e-01 4.242321920000000079e-01 5.415831719999999461e-01 3.895659139999999576e-01 3.164151599999999731e-01
3.032541659999999917e-01 3.313263920000000251e-01 2.557680759999999554e-01 2.950418820000000331e-01 2.904390960000000077e-01 2.466046899999999875e-01 2.171917580000000125e-01 2.534210179999999979e-01 2.819778440000000330e-01 1.994059399999999760e-01 2.866927559999999930e-01 2.775715700000000452e-01 2.533260800000000090e-01 2.697173720000000108e-01 2.833967439999999782e-01 0.000000000000000000e+00 3.915091439999999756e-01 3.934377420000000347e-01 5.238346099999999783e-01 2.932072700000000198e-01 2.925699940000000554e-01 3.355998419999999816e-01
3.028792699999999227e-01 3.364500360000000079e-01 2.797015059999999886e-01 2.305785240000000069e-01 3.477033280000000337e-01 2.587791899999999923e-01 2.414983460000000304e-01 3.851193840000000645e-01 2.956009039999999977e-01 3.431558499999999845e-01 3.038088919999999971e-01 2.219354500000000063e-01 2.970468899999999524e-01 2.165440559999999848e-01 4.953044160000000806e-01 3.915091439999999756e-01 0.000000000000000000e+00 2.712237339999999941e-01 7.966765520000000933e-01 3.826980979999999866e-01 3.491836560000000089e-01 2.838779560000000424e-01
3.864344460000000980e-01 1.880030000000000034e-01 2.893579740000000178e-01 2.006877999999999995e-01 2.289619259999999823e-01 3.434128659999999833e-01 2.741101579999999927e-01 2.415140619999999738e-01 1.699692319999999979e-01 2.426074500000000300e-01 2.879331840000000087e-01 2.770295219999999725e-01 2.896988759999999941e-01 2.679132720000000356e-01 3.046105359999999873e-01 3.934377420000000347e-01 2.712237339999999941e-01 0.000000000000000000e+00 3.198101660000000068e-01 6.321895200000000603e-01 2.941468059999999829e-01 3.403562840000000089e-01
2.857524859999999722e-01 3.299589859999999542e-01 3.281051160000000300e-01 1.902325279999999841e-01 3.520643039999999946e-01 2.697440020000000382e-01 3.461007879999999370e-01 3.352839419999999460e-01 2.520028940000000328e-01 2.989218699999999784e-01 2.916555200000000014e-01 2.374173340000000076e-01 2.896721099999999827e-01 2.777346559999999687e-01 4.242321920000000079e-01 5.238346099999999783e-01 7.966765520000000933e-01 3.198101660000000068e-01 0.000000000000000000e+00 3.673629179999999828e-01 3.592315620000000043e-01 2.835036439999999436e-01
2.888989579999999835e-01 2.558103720000000636e-01 3.750783979999999795e-01 4.198283639999999539e-01 2.019522300000000103e-01 3.189338800000000029e-01 3.544957320000000633e-01 4.850158920000000040e-01 3.791832680000000178e-01 3.286099080000000061e-01 3.802458079999999629e-01 3.910506039999999683e-01 3.587026960000000431e-01 2.906628059999999958e-01 5.415831719999999461e-01 2.932072700000000198e-01 3.826980979999999866e-01 6.321895200000000603e-01 3.673629179999999828e-01 0.000000000000000000e+00 3.784828079999999484e-01 3.202750400000000108e-01
2.481232299999999724e-01 4.240852059999999923e-01 8.061641420000000835e-01 2.890177139999999811e-01 3.325031440000000282e-01 2.690704660000000081e-01 4.410782959999999808e-01 2.623051459999999890e-01 3.610568140000000037e-01 6.177517000000000147e-01 8.287633260000000224e-01 3.466166440000000293e-01 8.413094900000001042e-01 3.041764479999999882e-01 3.895659139999999576e-01 2.925699940000000554e-01 3.491836560000000089e-01 2.941468059999999829e-01 3.592315620000000043e-01 3.784828079999999484e-01 0.000000000000000000e+00 4.853860579999998981e-01
3.077679019999999821e-01 2.614492159999999843e-01 4.227655819999999731e-01 4.665333819999999965e-01 2.938702460000000016e-01 2.192894540000000225e-01 3.567219760000000517e-01 5.773101000000000482e-01 3.366538159999999946e-01 3.533766639999999515e-01 4.550323219999999891e-01 4.819044860000000208e-01 4.399611419999999162e-01 5.036994879999999730e-01 3.164151599999999731e-01 3.355998419999999816e-01 2.838779560000000424e-01 3.403562840000000089e-01 2.835036439999999436e-01 3.202750400000000108e-01 4.853860579999998981e-01 0.000000000000000000e+00
