0.000000000000000000e+00 8.248482620000000543e-01 5.439307479999999639e-01 5.757184300000000032e-01 7.677719299999999913e-01 7.999744339999999010e-01 2.576295120000000050e-01 3.106345779999999945e-01 2.720316280000000253e-01 2.634803299999999848e-01 2.827004800000000317e-01 2.672007180000000037e-01 3.612781540000000180e-01 3.454205819999999760e-01 2.075994300000000015e-01 2.864212740000000035e-01 3.110465519999999762e-01 2.542382179999999603e-01 3.640647540000000459e-01 2.471303579999999944e-01 2.336280540000000294e-01 2.707601219999999920e-01
8.248482620000000543e-01 0.000000000000000000e+00 3.950366040000000134e-01 4.529479619999999818e-01 8.064673060000000504e-01 8.345743700000000098e-01 2.918020419999999837e-01 3.214461279999999421e-01 2.353409799999999774e-01 2.624525219999999659e-01 2.578874939999999949e-01 2.783229960000000447e-01 3.488553079999999751e-01 2.296347360000000060e-01 2.063225439999999966e-01 2.187536279999999778e-01 2.874794620000000189e-01 2.308737960000000200e-01 3.037289819999999807e-01 2.240452140000000480e-01 2.729484660000000007e-01 2.406743779999999666e-01
5.439307479999999639e-01 3.950366040000000134e-01 0.000000000000000000e+00 7.146495319999999207e-01 3.607550159999999839e-01 3.648818120000000276e-01 4.800143879999999585e-01 3.783252719999999902e-01 6.563366840000000035e-01 5.802182300000000570e-01 6.538777700000000248e-01 4.402146459999999872e-01 6.098526600000000464e-01 4.688948220000000444e-01 2.350541739999999769e-01 3.253526899999999999e-01 2.642369320000000354e-01 3.276194239999999924e-01 2.707028759999999812e-01 2.636154339999999818e-01 4.538415319999999364e-01 2.913842700000000008e-01
5.757184300000000032e-01 4.529479619999999818e-01 7.146495319999999207e-01 0.000000000000000000e+00 3.096473760000000297e-01 4.242649019999999993e-01 4.305849019999999916e-01 6.191336720000000238e-01 5.308283580000000557e-01 6.327183639999999221e-01 3.996902420000000289e-01 6.763281239999999750e-01 4.737632299999999796e-01 5.315584079999999823e-01 2.112328900000000065e-01 3.930500400000000449e-01 2.704202159999999910e-01 3.941708819999999447e-01 2.443408859999999794e-01 2.821459880000000142e-01 3.912958100000000217e-01 5.087472859999999653e-01
7.677719299999999913e-01 8.064673060000000504e-01 3.607550159999999839e-01 3.096473760000000297e-01 0.000000000000000000e+00 7.342857320000000243e-01 2.684103059999999874e-01 2.164642680000000152e-01 1.959279619999999833e-01 1.796452139999999975e-01 2.301380519999999819e-01 1.912302439999999937e-01 2.801951079999999705e-01 2.555725480000000105e-01 2.385057899999999675e-01 2.693305819999999851e-01 2.962842399999999765e-01 2.320448540000000226e-01 3.323182059999999494e-01 2.957282919999999482e-01 2.449030019999999530e-01 2.891676659999999899e-01
7.999744339999999010e-01 8.345743700000000098e-01 3.648818120000000276e-01 4.242649019999999993e-01 7.342857320000000243e-01 0.000000000000000000e+00 2.600154940000000137e-01 2.977452080000000390e-01 1.948157660000000013e-01 2.576630659999999962e-01 2.021356319999999818e-01 2.744686440000000394e-01 3.233033080000000115e-01 2.611547479999999366e-01 1.792474139999999938e-01 2.159357660000000012e-01 3.094940179999999819e-01 2.147877280000000388e-01 3.350311340000000082e-01 2.294581360000000070e-01 2.423565360000000113e-01 2.968472180000000238e-01
2.576295120000000050e-01 2.918020419999999837e-01 4.800143879999999585e-01 4.305849019999999916e-01 2.684103059999999874e-01 2.600154940000000137e-01 0.000000000000000000e+00 4.126246020000000070e-01 5.948936160000000140e-01 6.477918280000001250e-01 6.695938500000000460e-01 4.661659220000000659e-01 6.508156059999998799e-01 2.768037300000000256e-01 3.453298660000000408e-01 2.143402120000000299e-01 2.791131440000000352e-01 4.014752399999999000e-01 2.002309379999999694e-01 2.861868499999999926e-01 6.528283280000000133e-01 3.174488839999999867e-01
3.106345779999999945e-01 3.214461279999999421e-01 3.783252719999999902e-01 6.191336720000000238e-01 2.164642680000000152e-01 2.977452080000000390e-01 4.126246020000000070e-01 0.000000000000000000e+00 4.158507459999999933e-01 6.558550880000000305e-01 3.010353260000000475e-01 6.900100120000000059e-01 4.263902079999999373e-01 4.458656180000000191e-01 3.158849899999999766e-01 1.536553300000000066e-01 3.571681839999999997e-01 3.171831360000000322e-01 2.628338540000000334e-01 2.425692259999999989e-01 4.955910599999999167e-01 5.981927340000000592e-01
2.720316280000000253e-01 2.353409799999999774e-01 6.563366840000000035e-01 5.308283580000000557e-01 1.959279619999999833e-01 1.948157660000000013e-01 5.948936160000000140e-01 4.158507459999999933e-01 0.000000000000000000e+00 6.884970360000000067e-01 8.349080820000001069e-01 5.668193980000000298e-01 6.640750060000000232e-01 3.874299979999999977e-01 3.303326020000000307e-01 3.980934219999999746e-01 3.002550320000000328e-01 5.091428000000000065e-01 3.374499380000000603e-01 3.529523799999999545e-01 6.419513439999999793e-01 3.585840140000000065e-01
2.634803299999999848e-01 2.624525219999999659e-01 5.802182300000000570e-01 6.327183639999999221e-01 1.796452139999999975e-01 2.576630659999999962e-01 6.477918280000001250e-01 6.558550880000000305e-01 6.884970360000000067e-01 0.000000000000000000e+00 5.845617419999999953e-01 7.958163759999999920e-01 6.454701520000000192e-01 4.657545399999999947e-01 3.345736900000000347e-01 3.311029679999999975e-01 3.138015339999999376e-01 4.864842219999999662e-01 2.318454039999999772e-01 3.691738540000000235e-01 6.660337880000000155e-01 4.835262219999999500e-01
2.827004800000000317e-01 2.578874939999999949e-01 6.538777700000000248e-01 3.996902420000000289e-01 2.301380519999999819e-01 2.021356319999999818e-01 6.695938500000000460e-01 3.010353260000000475e-01 8.349080820000001069e-01 5.845617419999999953e-01 0.000000000000000000e+00 3.895628180000000329e-01 7.267987120000000134e-01 2.772297519999999960e-01 2.940077020000000374e-01 3.025079480000000265e-01 2.498008060000000141e-01 4.116640880000000391e-01 2.692265719999999973e-01 2.818769220000000297e-01 6.903689379999999876e-01 3.084665219999999652e-01
2.672007180000000037e-01 2.783229960000000447e-01 4.402146459999999872e-01 6.763281239999999750e-01 1.912302439999999937e-01 2.744686440000000394e-01 4.661659220000000659e-01 6.900100120000000059e-01 5.668193980000000298e-01 7.958163759999999920e-01 3.895628180000000329e-01 0.000000000000000000e+00 4.758293439999999319e-01 4.645453020000000488e-01 2.377830860000000046e-01 3.550516540000000498e-01 2.652140420000000387e-01 4.828408920000000215e-01 2.479347339999999900e-01 3.441866779999999681e-01 4.623099560000000219e-01 5.614582539999999344e-01
3.612781540000000180e-01 3.488553079999999751e-01 6.098526600000000464e-01 4.737632299999999796e-01 2.801951079999999705e-01 3.233033080000000115e-01 6.508156059999998799e-01 4.263902079999999373e-01 6.640750060000000232e-01 6.454701520000000192e-01 7.267987120000000134e-01 4.758293439999999319e-01 0.000000000000000000e+00 3.921026579999999373e-01 2.963715420000000433e-01 3.127531080000000019e-01 2.581075160000000368e-01 3.422255660000000366e-01 2.268772500000000303e-01 3.009449579999999846e-01 6.930929759999999717e-01 3.248345119999999642e-01
3.454205819999999760e-01 2.296347360000000060e-01 4.688948220000000444e-01 5.315584079999999823e-01 2.555725480000000105e-01 2.611547479999999366e-01 2.768037300000000256e-01 4.458656180000000191e-01 3.874299979999999977e-01 4.657545399999999947e-01 2.772297519999999960e-01 4.645453020000000488e-01 3.921026579999999373e-01 0.000000000000000000e+00 2.764137260000000262e-01 3.527414939999999888e-01 2.629100300000000168e-01 3.557607280000000261e-01 2.926673919999999707e-01 2.792072280000000295e-01 3.489383400000000135e-01 3.668120119999999651e-01
2.075994300000000015e-01 2.063225439999999966e-01 2.350541739999999769e-01 2.112328900000000065e-01 2.385057899999999675e-01 1.792474139999999938e-01 3.453298660000000408e-01 3.158849899999999766e-01 3.303326020000000307e-01 3.345736900000000347e-01 2.940077020000000374e-01 2.377830860000000046e-01 2.963715420000000433e-01 2.764137260000000262e-01 0.000000000000000000e+00 2.918312779999999718e-01 4.583807659999999951e-01 2.883397859999999868e-01 4.460743420000000126e-01 5.037995960000000162e-01 3.354243879999999622e-01 2.975735379999999708e-01
2.864212740000000035e-01 2.187536279999999778e-01 3.253526899999999999e-01 3.930500400000000449e-01 2.693305819999999851e-01 2.159357660000000012e-01 2.143402120000000299e-01 1.536553300000000066e-01 3.980934219999999746e-01 3.311029679999999975e-01 3.025079480000000265e-01 3.550516540000000498e-01 3.127531080000000019e-01 3.527414939999999888e-01 2.918312779999999718e-01 0.000000000000000000e+00 2.316127939999999830e-01 4.726375319999999713e-01 4.998216799999999904e-01 4.623565619999999710e-01 2.165656000000000247e-01 3.024961980000000494e-01
3.110465519999999762e-01 2.874794620000000189e-01 2.642369320000000354e-01 2.704202159999999910e-01 2.962842399999999765e-01 3.094940179999999819e-01 2.791131440000000352e-01 3.571681839999999997e-01 3.002550320000000328e-01 3.138015339999999376e-01 2.498008060000000141e-01 2.652140420000000387e-01 2.581075160000000368e-01 2.629100300000000168e-01 4.583807659999999951e-01 2.316127939999999830e-01 0.000000000000000000e+00 3.708996800000000094e-01 7.234229460000001222e-01 3.788373360000000245e-01 3.729968099999999565e-01 2.727584980000000714e-01
2.542382179999999603e-01 2.308737960000000200e-01 3.276194239999999924e-01 3.941708819999999447e-01 2.320448540000000226e-01 2.147877280000000388e-01 4.014752399999999000e-01 3.171831360000000322e-01 5.091428000000000065e-01 4.864842219999999662e-01 4.116640880000000391e-01 4.828408920000000215e-01 3.422255660000000366e-01 3.557607280000000261e-01 2.883397859999999868e-01 4.726375319999999713e-01 3.708996800000000094e-01 0.000000000000000000e+00 2.682650779999999902e-01 6.304936880000000521e-01 3.588536379999999748e-01 3.511550920000000575e-01
3.640647540000000459e-01 3.037289819999999807e-01 2.707028759999999812e-01 2.443408859999999794e-01 3.323182059999999494e-01 3.350311340000000082e-01 2.002309379999999694e-01 2.628338540000000334e-01 3.374499380000000603e-01 2.318454039999999772e-01 2.692265719999999973e-01 2.479347339999999900e-01 2.268772500000000303e-01 2.926673919999999707e-01 4.460743420000000126e-01 4.998216799999999904e-01 7.234229460000001222e-01 2.682650779999999902e-01 0.000000000000000000e+00 4.122796959999999733e-01 2.682365540000000159e-01 3.526903739999999732e-01
2.471303579999999944e-01 2.240452140000000480e-01 2.636154339999999818e-01 2.821459880000000142e-01 2.957282919999999482e-01 2.294581360000000070e-01 2.861868499999999926e-01 2.425692259999999989e-01 3.529523799999999545e-01 3.691738540000000235e-01 2.818769220000000297e-01 3.441866779999999681e-01 3.009449579999999846e-01 2.792072280000000295e-01 5.037995960000000162e-01 4.623565619999999710e-01 3.788373360000000245e-01 6.304936880000000521e-01 4.122796959999999733e-01 0.000000000000000000e+00 3.376866640000000253e-01 2.692139499999999797e-01
2.336280540000000294e-01 2.729484660000000007e-01 4.538415319999999364e-01 3.912958100000000217e-01 2.449030019999999530e-01 2.423565360000000113e-01 6.528283280000000133e-01 4.955910599999999167e-01 6.419513439999999793e-01 6.660337880000000155e-01 6.903689379999999876e-01 4.623099560000000219e-01 6.930929759999999717e-01 3.489383400000000135e-01 3.354243879999999622e-01 2.165656000000000247e-01 3.729968099999999565e-01 3.588536379999999748e-01 2.682365540000000159e-01 3.376866640000000253e-01 0.000000000000000000e+00 3.612672479999999853e-01
2.707601219999999920e-01 2.406743779999999666e-01 2.913842700000000008e-01 5.087472859999999653e-01 2.891676659999999899e-01 2.968472180000000238e-01 3.174488839999999867e-01 5.981927340000000592e-01 3.585840140000000065e-01 4.835262219999999500e-01 3.084665219999999652e-01 5.614582539999999344e-01 3.248345119999999642e-01 3.668120119999999651e-01 2.975735379999999708e-01 3.024961980000000494e-01 2.727584980000000714e-01 3.511550920000000575e-01 3.526903739999999732e-01 2.692139499999999797e-01 3.612672479999999853e-01 0.000000000000000000e+00
