0.000000000000000000e+00 1.793870200000000081e-01 1.137741300000000011e-01 4.247215439999999509e-01 1.392577160000000036e-01 6.618402720000000627e-01 7.627446999999999699e-02 7.184672999999999754e-02 8.346211200000000496e-02 8.116844800000000415e-02 7.785015599999998981e-02 1.349446799999999835e-01 9.820172599999998919e-02 8.831921800000000489e-02 6.318737599999998955e-02 6.101630200000000143e-02 8.143119599999999736e-02 7.080849999999999644e-02 8.249250399999999428e-02 8.136016799999999660e-02 8.247081600000000234e-02 9.655530200000000951e-02
1.793870200000000081e-01 0.000000000000000000e+00 1.938652819999999999e-01 1.767562040000000001e-01 6.524814700000000078e-01 5.980748799999999893e-02 7.819357600000000075e-02 8.710783200000001003e-02 5.862838199999999972e-02 6.120851600000000448e-02 7.695286000000001181e-02 6.609832800000001174e-02 6.731484800000001045e-02 7.280213800000000235e-02 6.144746800000000508e-02 8.610227200000000747e-02 9.104820199999999475e-02 9.411003599999999414e-02 9.272871600000001657e-02 1.209632959999999979e-01 7.244719800000000431e-02 7.667693800000000004e-02
1.137741300000000011e-01 1.938652819999999999e-01 0.000000000000000000e+00 1.235243920000000106e-01 2.740189400000000441e-01 1.177791100000000063e-01 1.749723680000000170e-01 2.487165219999999954e-01 7.269672599999998930e-02 9.801833199999999968e-02 4.646416320000000266e-01 1.079128040000000011e-01 3.721076259999999691e-01 8.608604599999999940e-02 1.383299579999999751e-01 1.311389700000000214e-01 2.639124520000000196e-01 2.609384180000000053e-01 2.769921919999999704e-01 2.606899820000000423e-01 3.668992340000000185e-01 2.401480599999999688e-01
4.247215439999999509e-01 1.767562040000000001e-01 1.235243920000000106e-01 0.000000000000000000e+00 1.892937199999999986e-01 3.645792700000000108e-01 1.299447900000000045e-01 1.947489060000000272e-01 1.502241319999999825e-01 1.255060800000000198e-01 9.553174200000000282e-02 3.562136199999999531e-01 9.122834600000000183e-02 3.037504039999999739e-01 7.141541199999999756e-02 8.959053000000000155e-02 1.414848080000000174e-01 1.441273379999999937e-01 1.533223999999999976e-01 1.707196500000000283e-01 9.721561400000000575e-02 2.798047959999999668e-01
1.392577160000000036e-01 6.524814700000000078e-01 2.740189400000000441e-01 1.892937199999999986e-01 0.000000000000000000e+00 1.596733860000000005e-01 6.064020199999999722e-02 7.748399000000000258e-02 6.841437400000000002e-02 8.924004599999998955e-02 9.039854599999999629e-02 4.265856999999999982e-02 6.065615600000000274e-02 7.458699600000000263e-02 6.937025399999999231e-02 8.358111199999998520e-02 7.846261400000001385e-02 6.089941000000000104e-02 7.736691599999999391e-02 8.018739399999999518e-02 7.651963400000000304e-02 7.744525799999998905e-02
6.618402720000000627e-01 5.980748799999999893e-02 1.177791100000000063e-01 3.645792700000000108e-01 1.596733860000000005e-01 0.000000000000000000e+00 8.575250599999999224e-02 8.520640999999999632e-02 4.939207599999999310e-02 1.283015239999999724e-01 8.375710599999999784e-02 1.023541860000000137e-01 1.109145939999999914e-01 8.705622400000000150e-02 5.917949000000000126e-02 8.058083400000000396e-02 9.618822000000000483e-02 7.937661399999999812e-02 9.817320799999999792e-02 9.642534799999999406e-02 8.077621399999998508e-02 7.343089799999999445e-02
7.627446999999999699e-02 7.819357600000000075e-02 1.749723680000000170e-01 1.299447900000000045e-01 6.064020199999999722e-02 8.575250599999999224e-02 0.000000000000000000e+00 6.530797820000000531e-01 1.184151360000000042e-01 1.633851659999999983e-01 1.747540919999999720e-01 1.615476559999999839e-01 1.820594899999999905e-01 1.528706759999999831e-01 3.545951619999999638e-01 2.807528440000000014e-01 6.192915219999999277e-01 6.405100559999998833e-01 6.797832080000000277e-01 6.185981919999999912e-01 1.880667320000000142e-01 2.165958299999999892e-01
7.184672999999999754e-02 8.710783200000001003e-02 2.487165219999999954e-01 1.947489060000000272e-01 7.748399000000000258e-02 8.520640999999999632e-02 6.530797820000000531e-01 0.000000000000000000e+00 1.484829680000000207e-01 1.832092180000000070e-01 1.337072480000000285e-01 1.352750679999999983e-01 1.498098740000000095e-01 1.131734419999999852e-01 1.628458839999999963e-01 4.779275399999999285e-01 6.384076240000000624e-01 6.415776019999999136e-01 6.932771600000000589e-01 6.301077040000000462e-01 1.751024959999999964e-01 2.247163279999999652e-01
8.346211200000000496e-02 5.862838199999999972e-02 7.269672599999998930e-02 1.502241319999999825e-01 6.841437400000000002e-02 4.939207599999999310e-02 1.184151360000000042e-01 1.484829680000000207e-01 0.000000000000000000e+00 9.751854000000000078e-02 8.062455799999999895e-02 1.408172520000000316e-01 2.297837779999999941e-01 9.024565399999999460e-02 1.317849259999999967e-01 1.222883099999999973e-01 7.843537999999999899e-02 1.121605000000000241e-01 9.327413000000001064e-02 1.105107239999999907e-01 8.844152199999999464e-02 1.371425260000000146e-01
8.116844800000000415e-02 6.120851600000000448e-02 9.801833199999999968e-02 1.255060800000000198e-01 8.924004599999998955e-02 1.283015239999999724e-01 1.633851659999999983e-01 1.832092180000000070e-01 9.751854000000000078e-02 0.000000000000000000e+00 1.546897420000000190e-01 1.362561800000000045e-01 1.447110060000000031e-01 4.677509839999999808e-01 1.085253260000000053e-01 1.446347600000000011e-01 1.346983279999999783e-01 1.423072020000000215e-01 1.327303940000000293e-01 1.602859600000000051e-01 1.094159899999999908e-01 1.016366159999999991e-01
7.785015599999998981e-02 7.695286000000001181e-02 4.646416320000000266e-01 9.553174200000000282e-02 9.039854599999999629e-02 8.375710599999999784e-02 1.747540919999999720e-01 1.337072480000000285e-01 8.062455799999999895e-02 1.546897420000000190e-01 0.000000000000000000e+00 7.379368999999999512e-02 5.112524240000000386e-01 1.087851619999999908e-01 1.528909420000000019e-01 6.827995400000000381e-02 1.385245099999999896e-01 1.220172040000000041e-01 1.451746239999999744e-01 1.122902859999999892e-01 4.299164860000000421e-01 2.257826439999999768e-01
1.349446799999999835e-01 6.609832800000001174e-02 1.079128040000000011e-01 3.562136199999999531e-01 4.265856999999999982e-02 1.023541860000000137e-01 1.615476559999999839e-01 1.352750679999999983e-01 1.408172520000000316e-01 1.362561800000000045e-01 7.379368999999999512e-02 0.000000000000000000e+00 6.538955599999998758e-02 2.298599760000000214e-01 6.651852799999999344e-02 6.435652599999999723e-02 1.647842479999999943e-01 1.702557119999999757e-01 1.680607500000000087e-01 1.845155759999999867e-01 9.843367599999999773e-02 3.089392819999999817e-01
9.820172599999998919e-02 6.731484800000001045e-02 3.721076259999999691e-01 9.122834600000000183e-02 6.065615600000000274e-02 1.109145939999999914e-01 1.820594899999999905e-01 1.498098740000000095e-01 2.297837779999999941e-01 1.447110060000000031e-01 5.112524240000000386e-01 6.538955599999998758e-02 0.000000000000000000e+00 7.817725400000000158e-02 1.856757819999999837e-01 9.187352000000001406e-02 1.609682239999999931e-01 1.083007400000000064e-01 1.678188659999999832e-01 9.396966399999999442e-02 4.570089780000000101e-01 1.350406700000000015e-01
8.831921800000000489e-02 7.280213800000000235e-02 8.608604599999999940e-02 3.037504039999999739e-01 7.458699600000000263e-02 8.705622400000000150e-02 1.528706759999999831e-01 1.131734419999999852e-01 9.024565399999999460e-02 4.677509839999999808e-01 1.087851619999999908e-01 2.298599760000000214e-01 7.817725400000000158e-02 0.000000000000000000e+00 6.200656000000000223e-02 9.303254400000000868e-02 1.128056439999999966e-01 1.153798260000000048e-01 1.317564079999999915e-01 1.116276099999999882e-01 9.531012600000000889e-02 1.493323400000000079e-01
6.318737599999998955e-02 6.144746800000000508e-02 1.383299579999999751e-01 7.141541199999999756e-02 6.937025399999999231e-02 5.917949000000000126e-02 3.545951619999999638e-01 1.628458839999999963e-01 1.317849259999999967e-01 1.085253260000000053e-01 1.528909420000000019e-01 6.651852799999999344e-02 1.856757819999999837e-01 6.200656000000000223e-02 0.000000000000000000e+00 2.981934819999999542e-01 9.915856800000000248e-02 3.161498759999999963e-01 3.661072999999999411e-02 1.605947219999999676e-01 1.293644200000000077e-01 8.899151400000000767e-02
6.101630200000000143e-02 8.610227200000000747e-02 1.311389700000000214e-01 8.959053000000000155e-02 8.358111199999998520e-02 8.058083400000000396e-02 2.807528440000000014e-01 4.779275399999999285e-01 1.222883099999999973e-01 1.446347600000000011e-01 6.827995400000000381e-02 6.435652599999999723e-02 9.187352000000001406e-02 9.303254400000000868e-02 2.981934819999999542e-01 0.000000000000000000e+00 2.258626119999999626e-01 4.271119260000000861e-01 3.038443599999999800e-01 3.355926780000000331e-01 3.913299199999999839e-02 1.216816520000000013e-01
8.143119599999999736e-02 9.104820199999999475e-02 2.639124520000000196e-01 1.414848080000000174e-01 7.846261400000001385e-02 9.618822000000000483e-02 6.192915219999999277e-01 6.384076240000000624e-01 7.843537999999999899e-02 1.346983279999999783e-01 1.385245099999999896e-01 1.647842479999999943e-01 1.609682239999999931e-01 1.128056439999999966e-01 9.915856800000000248e-02 2.258626119999999626e-01 0.000000000000000000e+00 4.954179639999999329e-01 9.670976559999999722e-01 5.477059600000000472e-01 2.185476840000000198e-01 2.317973680000000036e-01
7.080849999999999644e-02 9.411003599999999414e-02 2.609384180000000053e-01 1.441273379999999937e-01 6.089941000000000104e-02 7.937661399999999812e-02 6.405100559999998833e-01 6.415776019999999136e-01 1.121605000000000241e-01 1.423072020000000215e-01 1.220172040000000041e-01 1.702557119999999757e-01 1.083007400000000064e-01 1.153798260000000048e-01 3.161498759999999963e-01 4.271119260000000861e-01 4.954179639999999329e-01 0.000000000000000000e+00 5.630858720000000428e-01 8.881650759999999423e-01 1.970924840000000122e-01 1.954925759999999735e-01
8.249250399999999428e-02 9.272871600000001657e-02 2.769921919999999704e-01 1.533223999999999976e-01 7.736691599999999391e-02 9.817320799999999792e-02 6.797832080000000277e-01 6.932771600000000589e-01 9.327413000000001064e-02 1.327303940000000293e-01 1.451746239999999744e-01 1.680607500000000087e-01 1.678188659999999832e-01 1.317564079999999915e-01 3.661072999999999411e-02 3.038443599999999800e-01 9.670976559999999722e-01 5.630858720000000428e-01 0.000000000000000000e+00 5.915120000000000378e-01 2.132717020000000352e-01 2.435132379999999652e-01
8.136016799999999660e-02 1.209632959999999979e-01 2.606899820000000423e-01 1.707196500000000283e-01 8.018739399999999518e-02 9.642534799999999406e-02 6.185981919999999912e-01 6.301077040000000462e-01 1.105107239999999907e-01 1.602859600000000051e-01 1.122902859999999892e-01 1.845155759999999867e-01 9.396966399999999442e-02 1.116276099999999882e-01 1.605947219999999676e-01 3.355926780000000331e-01 5.477059600000000472e-01 8.881650759999999423e-01 5.915120000000000378e-01 0.000000000000000000e+00 2.196934199999999726e-01 1.905879399999999835e-01
8.247081600000000234e-02 7.244719800000000431e-02 3.668992340000000185e-01 9.721561400000000575e-02 7.651963400000000304e-02 8.077621399999998508e-02 1.880667320000000142e-01 1.751024959999999964e-01 8.844152199999999464e-02 1.094159899999999908e-01 4.299164860000000421e-01 9.843367599999999773e-02 4.570089780000000101e-01 9.531012600000000889e-02 1.293644200000000077e-01 3.913299199999999839e-02 2.185476840000000198e-01 1.970924840000000122e-01 2.132717020000000352e-01 2.196934199999999726e-01 0.000000000000000000e+00 3.223809279999999555e-01
9.655530200000000951e-02 7.667693800000000004e-02 2.401480599999999688e-01 2.798047959999999668e-01 7.744525799999998905e-02 7.343089799999999445e-02 2.165958299999999892e-01 2.247163279999999652e-01 1.371425260000000146e-01 1.016366159999999991e-01 2.257826439999999768e-01 3.089392819999999817e-01 1.350406700000000015e-01 1.493323400000000079e-01 8.899151400000000767e-02 1.216816520000000013e-01 2.317973680000000036e-01 1.954925759999999735e-01 2.435132379999999652e-01 1.905879399999999835e-01 3.223809279999999555e-01 0.000000000000000000e+00
