0.000000000000000000e+00 3.572558740000000288e-01 9.721233599999998254e-02 4.798242640000000003e-01 2.967689860000000124e-01 7.303451420000000027e-01 6.195621400000000945e-02 8.574583600000000583e-02 1.336710459999999878e-01 1.288698140000000270e-01 1.354818000000000133e-01 7.742468600000000645e-02 1.049554939999999964e-01 7.660932200000000747e-02 9.583572999999999398e-02 9.837655600000000389e-02 4.215713399999999889e-02 4.558907800000000510e-02 5.608316199999999890e-02 3.696767599999999793e-02 6.917712000000000860e-02 4.370074399999999970e-02
3.572558740000000288e-01 0.000000000000000000e+00 1.547866640000000182e-01 2.844077079999999813e-01 7.263894060000001263e-01 1.572225100000000098e-01 4.265418599999999671e-02 8.207535599999998821e-02 9.819892199999999405e-02 3.086828600000000172e-02 1.443408979999999953e-01 9.319335600000000497e-02 1.336291679999999926e-01 4.192921200000000043e-02 8.674202799999999880e-02 8.123855600000000343e-02 4.597588799999999948e-02 4.427783400000000202e-02 4.383984999999999965e-02 5.726928799999999459e-02 7.449403199999998781e-02 6.523025000000001739e-02
9.721233599999998254e-02 1.547866640000000182e-01 0.000000000000000000e+00 1.862981720000000119e-01 2.392059140000000195e-01 1.539892560000000188e-01 1.593128699999999953e-01 2.349422879999999991e-01 1.492972819999999756e-01 1.166094900000000101e-01 5.047953900000000660e-01 1.290123940000000025e-01 4.796460339999999434e-01 1.201444539999999978e-01 1.509465120000000049e-01 1.559674379999999583e-01 2.614234480000000027e-01 2.661527959999999693e-01 2.727526559999999822e-01 2.685715819999999754e-01 4.437530180000000546e-01 3.250722279999999631e-01
4.798242640000000003e-01 2.844077079999999813e-01 1.862981720000000119e-01 0.000000000000000000e+00 2.694849760000000427e-01 3.659320119999999732e-01 1.247055079999999927e-01 2.305924599999999991e-01 2.382949099999999709e-01 1.138919780000000187e-01 2.003719300000000314e-01 3.751382420000000106e-01 1.424568360000000034e-01 2.882216819999999791e-01 5.173265800000000081e-02 1.026544060000000036e-01 1.464318339999999830e-01 1.282891379999999970e-01 1.615123219999999860e-01 1.533704459999999936e-01 1.438751820000000181e-01 3.493722899999999743e-01
2.967689860000000124e-01 7.263894060000001263e-01 2.392059140000000195e-01 2.694849760000000427e-01 0.000000000000000000e+00 2.496942900000000132e-01 5.196151000000000242e-02 7.419147200000000830e-02 7.516560399999999698e-02 7.063903800000000122e-02 1.537157020000000096e-01 7.246132599999999258e-02 1.427900599999999964e-01 7.478226200000000212e-02 1.077762099999999973e-01 7.643721399999998944e-02 4.379336000000000340e-02 4.625968600000000125e-02 5.014151199999999919e-02 5.321959400000000201e-02 1.034633539999999935e-01 7.376625800000000122e-02
7.303451420000000027e-01 1.572225100000000098e-01 1.539892560000000188e-01 3.659320119999999732e-01 2.496942900000000132e-01 0.000000000000000000e+00 6.222383599999999765e-02 8.487775599999999865e-02 1.364782360000000305e-01 1.434084439999999960e-01 9.124696600000001268e-02 6.069943400000001044e-02 8.225387600000000354e-02 1.044220439999999916e-01 7.455804000000000598e-02 9.179593800000000747e-02 6.455760800000000244e-02 5.171325200000000122e-02 8.028158199999999023e-02 4.110168000000000155e-02 6.239113400000000087e-02 7.182594800000000057e-02
6.195621400000000945e-02 4.265418599999999671e-02 1.593128699999999953e-01 1.247055079999999927e-01 5.196151000000000242e-02 6.222383599999999765e-02 0.000000000000000000e+00 6.333535739999999192e-01 1.670934159999999946e-01 1.949828899999999920e-01 1.356060179999999948e-01 9.641486200000000395e-02 1.663288400000000056e-01 1.792625100000000138e-01 2.244811359999999978e-01 3.434612180000000126e-01 6.288124080000000449e-01 5.883908599999999600e-01 6.774943759999999537e-01 6.065945640000001138e-01 1.149949439999999878e-01 1.811946720000000011e-01
8.574583600000000583e-02 8.207535599999998821e-02 2.349422879999999991e-01 2.305924599999999991e-01 7.419147200000000830e-02 8.487775599999999865e-02 6.333535739999999192e-01 0.000000000000000000e+00 1.929805860000000095e-01 1.669932380000000161e-01 1.015399380000000101e-01 2.025273079999999892e-01 1.360233160000000052e-01 1.207507179999999930e-01 1.173446219999999957e-01 5.702734940000000474e-01 6.707046400000000741e-01 6.414453919999999476e-01 7.283589779999999347e-01 6.644353299999999907e-01 1.495746219999999904e-01 2.551071859999999858e-01
1.336710459999999878e-01 9.819892199999999405e-02 1.492972819999999756e-01 2.382949099999999709e-01 7.516560399999999698e-02 1.364782360000000305e-01 1.670934159999999946e-01 1.929805860000000095e-01 0.000000000000000000e+00 7.120841800000000943e-02 1.856821500000000180e-01 1.389134519999999928e-01 2.555240440000000057e-01 1.291062020000000032e-01 9.615616200000001723e-02 1.077611040000000103e-01 9.347956199999998828e-02 1.157779720000000206e-01 9.605701199999999718e-02 1.216657979999999917e-01 1.253500740000000058e-01 2.061096360000000127e-01
1.288698140000000270e-01 3.086828600000000172e-02 1.166094900000000101e-01 1.138919780000000187e-01 7.063903800000000122e-02 1.434084439999999960e-01 1.949828899999999920e-01 1.669932380000000161e-01 7.120841800000000943e-02 0.000000000000000000e+00 1.626050560000000256e-01 8.293433000000000055e-02 1.695507820000000110e-01 4.594657060000000293e-01 1.027746159999999992e-01 1.692723879999999959e-01 1.286191459999999898e-01 1.539664519999999759e-01 1.468967999999999940e-01 1.410134759999999987e-01 1.886479480000000097e-01 1.075847819999999899e-01
1.354818000000000133e-01 1.443408979999999953e-01 5.047953900000000660e-01 2.003719300000000314e-01 1.537157020000000096e-01 9.124696600000001268e-02 1.356060179999999948e-01 1.015399380000000101e-01 1.856821500000000180e-01 1.626050560000000256e-01 0.000000000000000000e+00 1.427118519999999724e-01 5.966820179999999807e-01 1.156612720000000094e-01 6.391853799999999697e-02 7.002709399999999806e-02 1.250715920000000092e-01 1.346456859999999867e-01 1.349277680000000035e-01 1.443104660000000261e-01 5.140329539999999309e-01 3.580117140000000364e-01
7.742468600000000645e-02 9.319335600000000497e-02 1.290123940000000025e-01 3.751382420000000106e-01 7.246132599999999258e-02 6.069943400000001044e-02 9.641486200000000395e-02 2.025273079999999892e-01 1.389134519999999928e-01 8.293433000000000055e-02 1.427118519999999724e-01 0.000000000000000000e+00 1.224261099999999908e-01 2.349519219999999797e-01 7.458681799999999917e-02 1.075549739999999976e-01 1.488091079999999955e-01 1.309570280000000031e-01 1.590322540000000118e-01 1.373793280000000228e-01 1.351958259999999912e-01 3.527767180000000447e-01
1.049554939999999964e-01 1.336291679999999926e-01 4.796460339999999434e-01 1.424568360000000034e-01 1.427900599999999964e-01 8.225387600000000354e-02 1.663288400000000056e-01 1.360233160000000052e-01 2.555240440000000057e-01 1.695507820000000110e-01 5.966820179999999807e-01 1.224261099999999908e-01 0.000000000000000000e+00 1.092612920000000098e-01 9.902184199999998493e-02 8.226379799999998521e-02 1.325393159999999904e-01 1.490540320000000030e-01 1.515297680000000091e-01 1.474824959999999907e-01 5.087067779999999706e-01 2.528080999999999801e-01
7.660932200000000747e-02 4.192921200000000043e-02 1.201444539999999978e-01 2.882216819999999791e-01 7.478226200000000212e-02 1.044220439999999916e-01 1.792625100000000138e-01 1.207507179999999930e-01 1.291062020000000032e-01 4.594657060000000293e-01 1.156612720000000094e-01 2.349519219999999797e-01 1.092612920000000098e-01 0.000000000000000000e+00 9.418865600000000948e-02 8.961736800000000280e-02 1.844918579999999808e-01 1.720828620000000031e-01 1.819432480000000019e-01 1.826787779999999861e-01 8.039826199999999812e-02 2.405825520000000051e-01
9.583572999999999398e-02 8.674202799999999880e-02 1.509465120000000049e-01 5.173265800000000081e-02 1.077762099999999973e-01 7.455804000000000598e-02 2.244811359999999978e-01 1.173446219999999957e-01 9.615616200000001723e-02 1.027746159999999992e-01 6.391853799999999697e-02 7.458681799999999917e-02 9.902184199999998493e-02 9.418865600000000948e-02 0.000000000000000000e+00 2.433922340000000129e-01 2.172506760000000037e-01 2.651521020000000006e-01 1.389033140000000000e-01 1.884066160000000267e-01 6.183032200000000700e-02 7.125192399999999426e-02
9.837655600000000389e-02 8.123855600000000343e-02 1.559674379999999583e-01 1.026544060000000036e-01 7.643721399999998944e-02 9.179593800000000747e-02 3.434612180000000126e-01 5.702734940000000474e-01 1.077611040000000103e-01 1.692723879999999959e-01 7.002709399999999806e-02 1.075549739999999976e-01 8.226379799999998521e-02 8.961736800000000280e-02 2.433922340000000129e-01 0.000000000000000000e+00 3.979806119999999559e-01 5.468269140000000528e-01 4.625121019999999805e-01 4.882775979999999794e-01 6.192714200000000446e-02 1.455025679999999988e-01
4.215713399999999889e-02 4.597588799999999948e-02 2.614234480000000027e-01 1.464318339999999830e-01 4.379336000000000340e-02 6.455760800000000244e-02 6.288124080000000449e-01 6.707046400000000741e-01 9.347956199999998828e-02 1.286191459999999898e-01 1.250715920000000092e-01 1.488091079999999955e-01 1.325393159999999904e-01 1.844918579999999808e-01 2.172506760000000037e-01 3.979806119999999559e-01 0.000000000000000000e+00 5.667614719999999329e-01 9.719971300000000980e-01 6.308643700000000631e-01 1.797954900000000023e-01 2.470640540000000329e-01
4.558907800000000510e-02 4.427783400000000202e-02 2.661527959999999693e-01 1.282891379999999970e-01 4.625968600000000125e-02 5.171325200000000122e-02 5.883908599999999600e-01 6.414453919999999476e-01 1.157779720000000206e-01 1.539664519999999759e-01 1.346456859999999867e-01 1.309570280000000031e-01 1.490540320000000030e-01 1.720828620000000031e-01 2.651521020000000006e-01 5.468269140000000528e-01 5.667614719999999329e-01 0.000000000000000000e+00 6.270404040000000512e-01 9.018033699999999930e-01 1.600141500000000216e-01 2.389125839999999834e-01
5.608316199999999890e-02 4.383984999999999965e-02 2.727526559999999822e-01 1.615123219999999860e-01 5.014151199999999919e-02 8.028158199999999023e-02 6.774943759999999537e-01 7.283589779999999347e-01 9.605701199999999718e-02 1.468967999999999940e-01 1.349277680000000035e-01 1.590322540000000118e-01 1.515297680000000091e-01 1.819432480000000019e-01 1.389033140000000000e-01 4.625121019999999805e-01 9.719971300000000980e-01 6.270404040000000512e-01 0.000000000000000000e+00 6.681170659999999817e-01 1.863586520000000135e-01 2.560494859999999373e-01
3.696767599999999793e-02 5.726928799999999459e-02 2.685715819999999754e-01 1.533704459999999936e-01 5.321959400000000201e-02 4.110168000000000155e-02 6.065945640000001138e-01 6.644353299999999907e-01 1.216657979999999917e-01 1.410134759999999987e-01 1.443104660000000261e-01 1.373793280000000228e-01 1.474824959999999907e-01 1.826787779999999861e-01 1.884066160000000267e-01 4.882775979999999794e-01 6.308643700000000631e-01 9.018033699999999930e-01 6.681170659999999817e-01 0.000000000000000000e+00 1.812926719999999881e-01 2.407199180000000049e-01
6.917712000000000860e-02 7.449403199999998781e-02 4.437530180000000546e-01 1.438751820000000181e-01 1.034633539999999935e-01 6.239113400000000087e-02 1.149949439999999878e-01 1.495746219999999904e-01 1.253500740000000058e-01 1.886479480000000097e-01 5.140329539999999309e-01 1.351958259999999912e-01 5.087067779999999706e-01 8.039826199999999812e-02 6.183032200000000700e-02 6.192714200000000446e-02 1.797954900000000023e-01 1.600141500000000216e-01 1.863586520000000135e-01 1.812926719999999881e-01 0.000000000000000000e+00 4.361285200000000195e-01
4.370074399999999970e-02 6.523025000000001739e-02 3.250722279999999631e-01 3.493722899999999743e-01 7.376625800000000122e-02 7.182594800000000057e-02 1.811946720000000011e-01 2.551071859999999858e-01 2.061096360000000127e-01 1.075847819999999899e-01 3.580117140000000364e-01 3.527767180000000447e-01 2.528080999999999801e-01 2.405825520000000051e-01 7.125192399999999426e-02 1.455025679999999988e-01 2.470640540000000329e-01 2.389125839999999834e-01 2.560494859999999373e-01 2.407199180000000049e-01 4.361285200000000195e-01 0.000000000000000000e+00
