0.000000000000000000e+00 2.752263200000000243e-01 2.495411139999999806e-01 3.365406959999999725e-01 1.934364780000000228e-01 5.740399640000000137e-01 2.284741620000000084e-01 2.528365380000000551e-01 2.224212580000000106e-01 2.550117459999999836e-01 2.682192920000000536e-01 2.840009740000000726e-01 3.010379880000000341e-01 3.145458559999999570e-01 2.276409500000000086e-01 1.886027520000000124e-01 2.641226040000000386e-01 2.340797740000000182e-01 2.440585740000000003e-01 2.220723559999999708e-01 2.500624880000000272e-01 2.232732699999999681e-01
2.752263200000000243e-01 0.000000000000000000e+00 2.560333160000000108e-01 1.891580759999999806e-01 6.417590260000000102e-01 1.885009059999999959e-01 3.271433040000000236e-01 2.040222519999999873e-01 2.077298379999999722e-01 2.928330300000000497e-01 2.470282339999999854e-01 2.283189800000000047e-01 2.415721179999999746e-01 1.857815540000000154e-01 3.590906640000000039e-01 2.433851939999999714e-01 2.988281660000000062e-01 3.245047859999999895e-01 3.803012759999999659e-01 4.099474940000000234e-01 2.800255440000000151e-01 2.724866619999999906e-01
2.495411139999999806e-01 2.560333160000000108e-01 0.000000000000000000e+00 1.863844920000000127e-01 3.211185380000000089e-01 1.919219340000000162e-01 4.524452500000000765e-01 2.871436900000000070e-01 3.014550740000000451e-01 5.271986999999999091e-01 7.563789279999999504e-01 2.696593120000000399e-01 7.783274359999999836e-01 2.301409480000000118e-01 3.289389659999999993e-01 2.457461879999999765e-01 4.100283020000000112e-01 2.972754100000000177e-01 4.153166240000000231e-01 3.868288440000000605e-01 7.072934979999999650e-01 4.548151280000000130e-01
3.365406959999999725e-01 1.891580759999999806e-01 1.863844920000000127e-01 0.000000000000000000e+00 2.485287560000000173e-01 3.017430140000000316e-01 1.862618260000000192e-01 6.059861599999999404e-01 5.159564320000000759e-01 3.362101780000000262e-01 2.360779299999999914e-01 7.756948699999999253e-01 1.508648760000000089e-01 5.450420480000000012e-01 2.167392320000000316e-01 2.271327139999999856e-01 1.779436199999999690e-01 2.555036079999999932e-01 1.839642479999999969e-01 2.155016579999999848e-01 2.259949279999999838e-01 5.463762759999999385e-01
1.934364780000000228e-01 6.417590260000000102e-01 3.211185380000000089e-01 2.485287560000000173e-01 0.000000000000000000e+00 1.941694379999999998e-01 2.733640519999999685e-01 1.486027080000000278e-01 2.686813379999999918e-01 2.579412079999999774e-01 3.379675340000000139e-01 2.179692119999999955e-01 2.392036339999999706e-01 1.716147419999999868e-01 2.831694699999999232e-01 2.626242639999999962e-01 2.550016300000000347e-01 2.965339819999999738e-01 2.332655319999999699e-01 2.986446159999999739e-01 2.875548239999999867e-01 3.142201779999999611e-01
5.740399640000000137e-01 1.885009059999999959e-01 1.919219340000000162e-01 3.017430140000000316e-01 1.941694379999999998e-01 0.000000000000000000e+00 2.467667360000000143e-01 2.857695359999999907e-01 1.724231199999999853e-01 1.663236680000000356e-01 1.711743940000000075e-01 2.027891099999999669e-01 2.154600760000000004e-01 3.409793239999999725e-01 1.415849339999999956e-01 2.467025200000000085e-01 2.181457579999999952e-01 1.639911579999999980e-01 2.119931339999999997e-01 1.589511819999999964e-01 2.042125899999999716e-01 1.994832480000000019e-01
2.284741620000000084e-01 3.271433040000000236e-01 4.524452500000000765e-01 1.862618260000000192e-01 2.733640519999999685e-01 2.467667360000000143e-01 0.000000000000000000e+00 2.713578720000000000e-01 2.644410839999999929e-01 4.950658599999999687e-01 4.872367859999999773e-01 1.716273459999999862e-01 4.281912140000000422e-01 1.959461499999999856e-01 4.784324960000000404e-01 5.050481639999999661e-01 4.554686220000000452e-01 3.696447960000000532e-01 5.453104659999998827e-01 5.011381420000000642e-01 4.804633440000000144e-01 3.075825839999999922e-01
2.528365380000000551e-01 2.040222519999999873e-01 2.871436900000000070e-01 6.059861599999999404e-01 1.486027080000000278e-01 2.857695359999999907e-01 2.713578720000000000e-01 0.000000000000000000e+00 4.855835400000000357e-01 2.762109540000000085e-01 2.508793299999999560e-01 6.002940320000000884e-01 1.909402540000000037e-01 3.798621960000000408e-01 2.004390779999999928e-01 3.897320060000000197e-01 2.637621860000000096e-01 3.061948580000000142e-01 3.347438520000000084e-01 2.736337059999999766e-01 3.094801939999999862e-01 4.882982100000000658e-01
2.224212580000000106e-01 2.077298379999999722e-01 3.014550740000000451e-01 5.159564320000000759e-01 2.686813379999999918e-01 1.724231199999999853e-01 2.644410839999999929e-01 4.855835400000000357e-01 0.000000000000000000e+00 2.874983120000000336e-01 2.877707420000000238e-01 4.955652660000000043e-01 2.221640339999999547e-01 4.396938720000000411e-01 2.206222660000000391e-01 2.030046100000000298e-01 3.084619820000000234e-01 1.551502000000000159e-01 2.885270320000000166e-01 1.625244820000000256e-01 2.916720599999999552e-01 4.547857320000000536e-01
2.550117459999999836e-01 2.928330300000000497e-01 5.271986999999999091e-01 3.362101780000000262e-01 2.579412079999999774e-01 1.663236680000000356e-01 4.950658599999999687e-01 2.762109540000000085e-01 2.874983120000000336e-01 0.000000000000000000e+00 6.008508740000000348e-01 3.596093900000000287e-01 5.628323539999999792e-01 2.792287800000000098e-01 2.277371960000000028e-01 2.081017099999999953e-01 2.509969319999999504e-01 1.659805659999999961e-01 2.404619679999999704e-01 1.929798939999999852e-01 5.516266400000000569e-01 2.718056999999999834e-01
2.682192920000000536e-01 2.470282339999999854e-01 7.563789279999999504e-01 2.360779299999999914e-01 3.379675340000000139e-01 1.711743940000000075e-01 4.872367859999999773e-01 2.508793299999999560e-01 2.877707420000000238e-01 6.008508740000000348e-01 0.000000000000000000e+00 1.873915780000000031e-01 7.739076419999999512e-01 1.724265500000000118e-01 3.257068340000000006e-01 2.429160760000000363e-01 3.139875680000000502e-01 3.219339700000000137e-01 2.666125179999999650e-01 3.523830739999999628e-01 7.767102660000000380e-01 4.438478719999999766e-01
2.840009740000000726e-01 2.283189800000000047e-01 2.696593120000000399e-01 7.756948699999999253e-01 2.179692119999999955e-01 2.027891099999999669e-01 1.716273459999999862e-01 6.002940320000000884e-01 4.955652660000000043e-01 3.596093900000000287e-01 1.873915780000000031e-01 0.000000000000000000e+00 1.758386139999999764e-01 5.294242579999999254e-01 1.816242020000000124e-01 2.443599519999999914e-01 2.946607920000000047e-01 2.823854840000000199e-01 2.924893080000000034e-01 2.794505159999999822e-01 2.784340180000000053e-01 5.294017580000000001e-01
3.010379880000000341e-01 2.415721179999999746e-01 7.783274359999999836e-01 1.508648760000000089e-01 2.392036339999999706e-01 2.154600760000000004e-01 4.281912140000000422e-01 1.909402540000000037e-01 2.221640339999999547e-01 5.628323539999999792e-01 7.739076419999999512e-01 1.758386139999999764e-01 0.000000000000000000e+00 2.115483280000000355e-01 3.444004079999999912e-01 2.522617340000000152e-01 3.678336879999999920e-01 3.413142900000000202e-01 3.523124640000000474e-01 3.995649900000000088e-01 7.890859799999999646e-01 3.923393780000000164e-01
3.145458559999999570e-01 1.857815540000000154e-01 2.301409480000000118e-01 5.450420480000000012e-01 1.716147419999999868e-01 3.409793239999999725e-01 1.959461499999999856e-01 3.798621960000000408e-01 4.396938720000000411e-01 2.792287800000000098e-01 1.724265500000000118e-01 5.294242579999999254e-01 2.115483280000000355e-01 0.000000000000000000e+00 2.183959300000000159e-01 2.552546880000000074e-01 2.796974279999999702e-01 1.409382319999999966e-01 2.628032859999999693e-01 2.116498219999999875e-01 2.314637639999999885e-01 4.639744479999999838e-01
2.276409500000000086e-01 3.590906640000000039e-01 3.289389659999999993e-01 2.167392320000000316e-01 2.831694699999999232e-01 1.415849339999999956e-01 4.784324960000000404e-01 2.004390779999999928e-01 2.206222660000000391e-01 2.277371960000000028e-01 3.257068340000000006e-01 1.816242020000000124e-01 3.444004079999999912e-01 2.183959300000000159e-01 0.000000000000000000e+00 5.081655680000000119e-01 6.499810720000001041e-01 4.217255400000000098e-01 5.838496199999999581e-01 6.096575539999999904e-01 3.537828120000000021e-01 3.480980340000000561e-01
1.886027520000000124e-01 2.433851939999999714e-01 2.457461879999999765e-01 2.271327139999999856e-01 2.626242639999999962e-01 2.467025200000000085e-01 5.050481639999999661e-01 3.897320060000000197e-01 2.030046100000000298e-01 2.081017099999999953e-01 2.429160760000000363e-01 2.443599519999999914e-01 2.522617340000000152e-01 2.552546880000000074e-01 5.081655680000000119e-01 0.000000000000000000e+00 5.834591399999999872e-01 5.692711079999999146e-01 6.984934739999999476e-01 5.965268800000000926e-01 3.014905959999999996e-01 2.609618459999999418e-01
2.641226040000000386e-01 2.988281660000000062e-01 4.100283020000000112e-01 1.779436199999999690e-01 2.550016300000000347e-01 2.181457579999999952e-01 4.554686220000000452e-01 2.637621860000000096e-01 3.084619820000000234e-01 2.509969319999999504e-01 3.139875680000000502e-01 2.946607920000000047e-01 3.678336879999999920e-01 2.796974279999999702e-01 6.499810720000001041e-01 5.834591399999999872e-01 0.000000000000000000e+00 4.445097040000000055e-01 8.743977440000000323e-01 5.735220760000000473e-01 4.373388520000000557e-01 2.894687200000000127e-01
2.340797740000000182e-01 3.245047859999999895e-01 2.972754100000000177e-01 2.555036079999999932e-01 2.965339819999999738e-01 1.639911579999999980e-01 3.696447960000000532e-01 3.061948580000000142e-01 1.551502000000000159e-01 1.659805659999999961e-01 3.219339700000000137e-01 2.823854840000000199e-01 3.413142900000000202e-01 1.409382319999999966e-01 4.217255400000000098e-01 5.692711079999999146e-01 4.445097040000000055e-01 0.000000000000000000e+00 5.073377380000000381e-01 8.131981360000001269e-01 3.314472079999999932e-01 2.684337399999999763e-01
2.440585740000000003e-01 3.803012759999999659e-01 4.153166240000000231e-01 1.839642479999999969e-01 2.332655319999999699e-01 2.119931339999999997e-01 5.453104659999998827e-01 3.347438520000000084e-01 2.885270320000000166e-01 2.404619679999999704e-01 2.666125179999999650e-01 2.924893080000000034e-01 3.523124640000000474e-01 2.628032859999999693e-01 5.838496199999999581e-01 6.984934739999999476e-01 8.743977440000000323e-01 5.073377380000000381e-01 0.000000000000000000e+00 5.806502719999999673e-01 3.891494439999999555e-01 2.857686060000000361e-01
2.220723559999999708e-01 4.099474940000000234e-01 3.868288440000000605e-01 2.155016579999999848e-01 2.986446159999999739e-01 1.589511819999999964e-01 5.011381420000000642e-01 2.736337059999999766e-01 1.625244820000000256e-01 1.929798939999999852e-01 3.523830739999999628e-01 2.794505159999999822e-01 3.995649900000000088e-01 2.116498219999999875e-01 6.096575539999999904e-01 5.965268800000000926e-01 5.735220760000000473e-01 8.131981360000001269e-01 5.806502719999999673e-01 0.000000000000000000e+00 3.761518879999999898e-01 2.792015880000000005e-01
2.500624880000000272e-01 2.800255440000000151e-01 7.072934979999999650e-01 2.259949279999999838e-01 2.875548239999999867e-01 2.042125899999999716e-01 4.804633440000000144e-01 3.094801939999999862e-01 2.916720599999999552e-01 5.516266400000000569e-01 7.767102660000000380e-01 2.784340180000000053e-01 7.890859799999999646e-01 2.314637639999999885e-01 3.537828120000000021e-01 3.014905959999999996e-01 4.373388520000000557e-01 3.314472079999999932e-01 3.891494439999999555e-01 3.761518879999999898e-01 0.000000000000000000e+00 4.687681480000001066e-01
2.232732699999999681e-01 2.724866619999999906e-01 4.548151280000000130e-01 5.463762759999999385e-01 3.142201779999999611e-01 1.994832480000000019e-01 3.075825839999999922e-01 4.882982100000000658e-01 4.547857320000000536e-01 2.718056999999999834e-01 4.438478719999999766e-01 5.294017580000000001e-01 3.923393780000000164e-01 4.639744479999999838e-01 3.480980340000000561e-01 2.609618459999999418e-01 2.894687200000000127e-01 2.684337399999999763e-01 2.857686060000000361e-01 2.792015880000000005e-01 4.687681480000001066e-01 0.000000000000000000e+00
