0.000000000000000000e+00 3.910860460000000205e-01 2.943982779999999577e-01 2.438341559999999963e-01 3.665260719999999806e-01 7.602892839999999541e-01 2.126003639999999861e-01 2.548792599999999964e-01 3.684191459999999751e-01 3.177120839999999502e-01 2.670320740000000082e-01 3.051864160000000159e-01 2.079812139999999976e-01 2.270167260000000020e-01 2.401932640000000174e-01 2.692605559999999842e-01 2.698259219999999958e-01 2.778212459999999662e-01 3.472553859999999437e-01 2.742426040000000009e-01 1.921110220000000202e-01 2.011117259999999907e-01
3.910860460000000205e-01 0.000000000000000000e+00 2.811973280000000242e-01 2.169708819999999760e-01 6.726331219999999167e-01 3.561174360000000094e-01 2.632089260000000097e-01 2.617407840000000041e-01 2.469867400000000102e-01 2.562963999999999798e-01 2.432776040000000362e-01 2.270043020000000189e-01 1.887731259999999855e-01 2.314430860000000201e-01 2.212429720000000377e-01 2.112534039999999780e-01 1.918796319999999667e-01 3.151056879999999949e-01 2.948709240000000342e-01 2.877024419999999472e-01 1.509539999999999771e-01 2.035838879999999906e-01
2.943982779999999577e-01 2.811973280000000242e-01 0.000000000000000000e+00 3.899407480000000037e-01 2.689261539999999728e-01 2.935191039999999751e-01 4.570244840000000086e-01 3.468634340000000260e-01 4.309637699999999683e-01 5.167863620000000546e-01 6.483086119999998953e-01 3.363390519999999717e-01 5.818521359999999643e-01 3.111765960000000275e-01 2.565545639999999850e-01 2.565322120000000372e-01 2.588879880000000133e-01 2.237465200000000043e-01 2.201268779999999980e-01 2.249300439999999957e-01 6.386536040000000414e-01 2.781460520000000325e-01
2.438341559999999963e-01 2.169708819999999760e-01 3.899407480000000037e-01 0.000000000000000000e+00 2.943289240000000473e-01 2.433594199999999930e-01 3.124580360000000501e-01 6.547702140000000171e-01 5.962225379999999131e-01 5.065340019999999832e-01 4.945386200000000398e-01 6.806358180000000591e-01 5.099975620000000154e-01 4.583535300000000090e-01 2.640279280000000228e-01 3.683325880000000163e-01 2.481224239999999526e-01 2.543073240000000013e-01 2.964787699999999471e-01 2.189807260000000144e-01 3.885868040000000634e-01 4.826154180000000737e-01
3.665260719999999806e-01 6.726331219999999167e-01 2.689261539999999728e-01 2.943289240000000473e-01 0.000000000000000000e+00 2.855632640000000388e-01 2.524520120000000034e-01 3.403721419999999886e-01 2.748525499999999733e-01 3.743766800000000172e-01 2.265781039999999746e-01 3.490528020000000509e-01 1.711507499999999904e-01 3.006725379999999892e-01 2.521150719999999956e-01 2.234728079999999950e-01 2.007369539999999952e-01 2.779183279999999923e-01 3.199656940000000227e-01 2.068320899999999685e-01 1.690213640000000073e-01 2.862742059999999755e-01
7.602892839999999541e-01 3.561174360000000094e-01 2.935191039999999751e-01 2.433594199999999930e-01 2.855632640000000388e-01 0.000000000000000000e+00 1.895188179999999778e-01 1.983814960000000183e-01 3.701493559999999849e-01 2.411256420000000011e-01 3.461602579999999985e-01 2.291865679999999794e-01 2.400045999999999569e-01 1.930366200000000476e-01 3.114274959999999703e-01 2.859244180000000135e-01 3.320313160000000208e-01 2.134361919999999968e-01 3.945208460000000361e-01 2.093561519999999621e-01 2.428738120000000222e-01 2.968866220000000444e-01
2.126003639999999861e-01 2.632089260000000097e-01 4.570244840000000086e-01 3.124580360000000501e-01 2.524520120000000034e-01 1.895188179999999778e-01 0.000000000000000000e+00 3.466517920000000141e-01 3.399279579999999745e-01 4.612349260000000450e-01 4.656576940000000109e-01 4.341792839999999987e-01 4.217847540000000395e-01 2.914342600000000005e-01 3.439869480000000146e-01 1.930152359999999789e-01 3.621694140000000228e-01 2.526347520000000180e-01 3.129588460000000127e-01 3.134037299999999915e-01 4.295901440000000626e-01 2.594763999999999959e-01
2.548792599999999964e-01 2.617407840000000041e-01 3.468634340000000260e-01 6.547702140000000171e-01 3.403721419999999886e-01 1.983814960000000183e-01 3.466517920000000141e-01 0.000000000000000000e+00 5.519472739999999877e-01 5.293237520000000362e-01 3.556015740000000314e-01 6.951118960000000069e-01 4.243276739999999880e-01 4.270964219999999756e-01 2.341771360000000080e-01 1.977129960000000020e-01 2.623696899999999887e-01 2.165757039999999800e-01 3.466251960000000243e-01 2.951946140000000218e-01 3.209023659999999945e-01 5.234356439999999777e-01
3.684191459999999751e-01 2.469867400000000102e-01 4.309637699999999683e-01 5.962225379999999131e-01 2.748525499999999733e-01 3.701493559999999849e-01 3.399279579999999745e-01 5.519472739999999877e-01 0.000000000000000000e+00 5.134063979999999860e-01 6.983158639999998973e-01 5.052524380000000814e-01 5.773832899999999935e-01 4.188386819999999622e-01 3.019595380000000273e-01 3.240109979999999945e-01 2.959967620000000244e-01 3.626904960000000289e-01 3.439714999999999856e-01 4.049831600000000087e-01 4.826190460000000515e-01 4.287669319999999895e-01
3.177120839999999502e-01 2.562963999999999798e-01 5.167863620000000546e-01 5.065340019999999832e-01 3.743766800000000172e-01 2.411256420000000011e-01 4.612349260000000450e-01 5.293237520000000362e-01 5.134063979999999860e-01 0.000000000000000000e+00 5.197450860000000228e-01 6.069586499999999329e-01 5.547642659999999504e-01 5.292009779999999886e-01 1.981854319999999947e-01 2.888078359999999845e-01 2.712418699999999960e-01 3.145155579999999729e-01 3.459525079999999919e-01 2.898266359999999708e-01 5.680731660000000183e-01 3.788409040000000338e-01
2.670320740000000082e-01 2.432776040000000362e-01 6.483086119999998953e-01 4.945386200000000398e-01 2.265781039999999746e-01 3.461602579999999985e-01 4.656576940000000109e-01 3.556015740000000314e-01 6.983158639999998973e-01 5.197450860000000228e-01 0.000000000000000000e+00 3.990612040000000027e-01 7.372831499999999982e-01 3.994158680000000072e-01 3.274597639999999865e-01 3.388540359999999696e-01 2.926145679999999638e-01 3.489243920000000276e-01 3.378028819999999710e-01 3.665940520000000036e-01 6.774067460000000596e-01 3.316621900000000234e-01
3.051864160000000159e-01 2.270043020000000189e-01 3.363390519999999717e-01 6.806358180000000591e-01 3.490528020000000509e-01 2.291865679999999794e-01 4.341792839999999987e-01 6.951118960000000069e-01 5.052524380000000814e-01 6.069586499999999329e-01 3.990612040000000027e-01 0.000000000000000000e+00 4.782318700000000034e-01 5.274277099999998830e-01 2.859870039999999891e-01 2.992302039999999996e-01 2.955577080000000301e-01 2.644940740000000234e-01 4.129261599999999310e-01 2.845293899999999931e-01 4.117052440000000257e-01 5.804513639999999697e-01
2.079812139999999976e-01 1.887731259999999855e-01 5.818521359999999643e-01 5.099975620000000154e-01 1.711507499999999904e-01 2.400045999999999569e-01 4.217847540000000395e-01 4.243276739999999880e-01 5.773832899999999935e-01 5.547642659999999504e-01 7.372831499999999982e-01 4.782318700000000034e-01 0.000000000000000000e+00 4.611307639999999708e-01 2.943909219999999993e-01 3.522241899999999926e-01 2.001682160000000099e-01 3.241029559999999976e-01 3.082651539999999857e-01 2.974570420000000048e-01 6.375830560000000924e-01 3.145732940000000033e-01
2.270167260000000020e-01 2.314430860000000201e-01 3.111765960000000275e-01 4.583535300000000090e-01 3.006725379999999892e-01 1.930366200000000476e-01 2.914342600000000005e-01 4.270964219999999756e-01 4.188386819999999622e-01 5.292009779999999886e-01 3.994158680000000072e-01 5.274277099999998830e-01 4.611307639999999708e-01 0.000000000000000000e+00 2.306647799999999859e-01 3.154123420000000122e-01 3.290694299999999961e-01 2.893058940000000079e-01 3.384369420000000184e-01 2.704478640000000378e-01 3.759156300000000006e-01 3.608673340000000396e-01
2.401932640000000174e-01 2.212429720000000377e-01 2.565545639999999850e-01 2.640279280000000228e-01 2.521150719999999956e-01 3.114274959999999703e-01 3.439869480000000146e-01 2.341771360000000080e-01 3.019595380000000273e-01 1.981854319999999947e-01 3.274597639999999865e-01 2.859870039999999891e-01 2.943909219999999993e-01 2.306647799999999859e-01 0.000000000000000000e+00 3.039085119999999640e-01 3.969151619999999880e-01 2.693170260000000149e-01 3.505065940000000047e-01 5.259556279999999528e-01 2.796228960000000652e-01 2.290023359999999730e-01
2.692605559999999842e-01 2.112534039999999780e-01 2.565322120000000372e-01 3.683325880000000163e-01 2.234728079999999950e-01 2.859244180000000135e-01 1.930152359999999789e-01 1.977129960000000020e-01 3.240109979999999945e-01 2.888078359999999845e-01 3.388540359999999696e-01 2.992302039999999996e-01 3.522241899999999926e-01 3.154123420000000122e-01 3.039085119999999640e-01 0.000000000000000000e+00 2.319291760000000147e-01 4.136497039999998959e-01 3.731246959999999779e-01 3.250726160000000364e-01 2.338537740000000142e-01 2.634432299999999727e-01
2.698259219999999958e-01 1.918796319999999667e-01 2.588879880000000133e-01 2.481224239999999526e-01 2.007369539999999952e-01 3.320313160000000208e-01 3.621694140000000228e-01 2.623696899999999887e-01 2.959967620000000244e-01 2.712418699999999960e-01 2.926145679999999638e-01 2.955577080000000301e-01 2.001682160000000099e-01 3.290694299999999961e-01 3.969151619999999880e-01 2.319291760000000147e-01 0.000000000000000000e+00 1.946981620000000079e-01 7.303685019999999195e-01 3.123938279999999845e-01 2.536281640000000448e-01 2.377414240000000345e-01
2.778212459999999662e-01 3.151056879999999949e-01 2.237465200000000043e-01 2.543073240000000013e-01 2.779183279999999923e-01 2.134361919999999968e-01 2.526347520000000180e-01 2.165757039999999800e-01 3.626904960000000289e-01 3.145155579999999729e-01 3.489243920000000276e-01 2.644940740000000234e-01 3.241029559999999976e-01 2.893058940000000079e-01 2.693170260000000149e-01 4.136497039999998959e-01 1.946981620000000079e-01 0.000000000000000000e+00 3.598275619999999897e-01 6.431304620000000138e-01 2.536880300000000088e-01 1.743334240000000146e-01
3.472553859999999437e-01 2.948709240000000342e-01 2.201268779999999980e-01 2.964787699999999471e-01 3.199656940000000227e-01 3.945208460000000361e-01 3.129588460000000127e-01 3.466251960000000243e-01 3.439714999999999856e-01 3.459525079999999919e-01 3.378028819999999710e-01 4.129261599999999310e-01 3.082651539999999857e-01 3.384369420000000184e-01 3.505065940000000047e-01 3.731246959999999779e-01 7.303685019999999195e-01 3.598275619999999897e-01 0.000000000000000000e+00 4.079869300000000254e-01 2.626310520000000315e-01 2.329879960000000028e-01
2.742426040000000009e-01 2.877024419999999472e-01 2.249300439999999957e-01 2.189807260000000144e-01 2.068320899999999685e-01 2.093561519999999621e-01 3.134037299999999915e-01 2.951946140000000218e-01 4.049831600000000087e-01 2.898266359999999708e-01 3.665940520000000036e-01 2.845293899999999931e-01 2.974570420000000048e-01 2.704478640000000378e-01 5.259556279999999528e-01 3.250726160000000364e-01 3.123938279999999845e-01 6.431304620000000138e-01 4.079869300000000254e-01 0.000000000000000000e+00 2.906979699999999722e-01 2.095412660000000038e-01
1.921110220000000202e-01 1.509539999999999771e-01 6.386536040000000414e-01 3.885868040000000634e-01 1.690213640000000073e-01 2.428738120000000222e-01 4.295901440000000626e-01 3.209023659999999945e-01 4.826190460000000515e-01 5.680731660000000183e-01 6.774067460000000596e-01 4.117052440000000257e-01 6.375830560000000924e-01 3.759156300000000006e-01 2.796228960000000652e-01 2.338537740000000142e-01 2.536281640000000448e-01 2.536880300000000088e-01 2.626310520000000315e-01 2.906979699999999722e-01 0.000000000000000000e+00 2.572066979999999559e-01
2.011117259999999907e-01 2.035838879999999906e-01 2.781460520000000325e-01 4.826154180000000737e-01 2.862742059999999755e-01 2.968866220000000444e-01 2.594763999999999959e-01 5.234356439999999777e-01 4.287669319999999895e-01 3.788409040000000338e-01 3.316621900000000234e-01 5.804513639999999697e-01 3.145732940000000033e-01 3.608673340000000396e-01 2.290023359999999730e-01 2.634432299999999727e-01 2.377414240000000345e-01 1.743334240000000146e-01 2.329879960000000028e-01 2.095412660000000038e-01 2.572066979999999559e-01 0.000000000000000000e+00
