0.000000000000000000e+00 7.822184660000000012e-01 6.004942020000000324e-01 6.990188280000000365e-01 7.409784400000000160e-01 7.074987160000000275e-01 4.875559920000000491e-01 5.299036499999999483e-01 5.122128019999999671e-01 5.164778780000001124e-01 4.627417380000000691e-01 5.018503639999999377e-01 4.576701539999999402e-01 4.170280520000000379e-01 2.363828180000000501e-01 3.950837079999999779e-01 3.737405459999999513e-01 3.948347660000000037e-01 3.493597260000000371e-01 2.705578560000000410e-01 4.738786399999999621e-01 3.794873180000000734e-01
7.822184660000000012e-01 0.000000000000000000e+00 4.114527759999999645e-01 4.368407099999999654e-01 8.515002939999998244e-01 8.200034780000000634e-01 3.797910479999999644e-01 3.350356379999999690e-01 3.752095520000000017e-01 3.465176580000000062e-01 3.494247999999999243e-01 3.280083399999999538e-01 3.329739459999999651e-01 2.726804999999999923e-01 2.035181999999999825e-01 2.436319459999999881e-01 3.158674740000000369e-01 2.879688819999999816e-01 2.947422400000000442e-01 2.330731220000000214e-01 3.378042179999999339e-01 3.478907359999999782e-01
6.004942020000000324e-01 4.114527759999999645e-01 0.000000000000000000e+00 8.069000219999999945e-01 3.858293039999999841e-01 4.110349560000000624e-01 8.125553419999999027e-01 7.229900839999999773e-01 8.540202740000000237e-01 8.269345400000001067e-01 8.790421000000000484e-01 7.034555559999999819e-01 8.649023559999999833e-01 5.392391900000000904e-01 4.378553119999999410e-01 4.821105519999999700e-01 5.799274759999999418e-01 5.618081019999999759e-01 4.678346500000000185e-01 4.805748479999999989e-01 8.020463040000000987e-01 3.389250420000000097e-01
6.990188280000000365e-01 4.368407099999999654e-01 8.069000219999999945e-01 0.000000000000000000e+00 4.066503359999999456e-01 3.892417559999999943e-01 6.866088040000000170e-01 8.129053499999999710e-01 7.659488320000000794e-01 8.325843880000001196e-01 7.113867419999999608e-01 8.248899579999999787e-01 7.130687559999999703e-01 6.121059460000000119e-01 4.292947080000000248e-01 5.888810140000000359e-01 5.210974280000000292e-01 5.576690120000000750e-01 4.440021500000000398e-01 4.742467099999999602e-01 7.160811739999999315e-01 5.379209520000000078e-01
7.409784400000000160e-01 8.515002939999998244e-01 3.858293039999999841e-01 4.066503359999999456e-01 0.000000000000000000e+00 7.693689559999999927e-01 3.480240319999999832e-01 3.560796660000000169e-01 3.348953179999999974e-01 3.261432560000000480e-01 3.059706080000000328e-01 3.304733439999999467e-01 3.200168640000000120e-01 2.420928960000000019e-01 1.894695579999999824e-01 2.319911219999999941e-01 2.742941380000000207e-01 2.860791560000000011e-01 2.753133800000000520e-01 2.148401699999999970e-01 3.434706339999999969e-01 2.782979519999999596e-01
7.074987160000000275e-01 8.200034780000000634e-01 4.110349560000000624e-01 3.892417559999999943e-01 7.693689559999999927e-01 0.000000000000000000e+00 3.966643320000000084e-01 3.125803639999999439e-01 3.739382720000000160e-01 3.173500980000000249e-01 3.617478399999999872e-01 2.895918140000000029e-01 3.196779479999999896e-01 2.556337839999999750e-01 1.521290120000000079e-01 2.496224180000000126e-01 2.526718039999999998e-01 3.142163880000000686e-01 2.408629519999999913e-01 2.167234180000000010e-01 2.579519860000000220e-01 3.366855579999999959e-01
4.875559920000000491e-01 3.797910479999999644e-01 8.125553419999999027e-01 6.866088040000000170e-01 3.480240319999999832e-01 3.966643320000000084e-01 0.000000000000000000e+00 6.602264919999999426e-01 7.976895859999999505e-01 7.518702999999999914e-01 8.270376340000000770e-01 6.348431540000000206e-01 7.945960059999999103e-01 4.803748020000000452e-01 3.415581319999999588e-01 4.444304840000000145e-01 5.293633100000000313e-01 5.510948499999999139e-01 3.760605240000000071e-01 4.387749499999999969e-01 7.282613239999999877e-01 3.720607759999999820e-01
5.299036499999999483e-01 3.350356379999999690e-01 7.229900839999999773e-01 8.129053499999999710e-01 3.560796660000000169e-01 3.125803639999999439e-01 6.602264919999999426e-01 0.000000000000000000e+00 7.681084659999999342e-01 8.224697020000000247e-01 7.024692760000000868e-01 8.443505319999999870e-01 7.140418780000000742e-01 5.916215879999999760e-01 3.533903860000000008e-01 4.659356719999999674e-01 5.266200819999999894e-01 4.969829339999999318e-01 3.577400139999999951e-01 3.540543919999999956e-01 7.313173179999999940e-01 5.464013659999999994e-01
5.122128019999999671e-01 3.752095520000000017e-01 8.540202740000000237e-01 7.659488320000000794e-01 3.348953179999999974e-01 3.739382720000000160e-01 7.976895859999999505e-01 7.681084659999999342e-01 0.000000000000000000e+00 8.659073499999999646e-01 9.276437819999999723e-01 7.559039700000000916e-01 8.564544200000000496e-01 5.396023440000000670e-01 4.360601179999999966e-01 5.450071700000000963e-01 5.849385099999999671e-01 5.972033920000000551e-01 4.667196759999999722e-01 4.612296640000000392e-01 8.047542759999999351e-01 4.087180579999999952e-01
5.164778780000001124e-01 3.465176580000000062e-01 8.269345400000001067e-01 8.325843880000001196e-01 3.261432560000000480e-01 3.173500980000000249e-01 7.518702999999999914e-01 8.224697020000000247e-01 8.659073499999999646e-01 0.000000000000000000e+00 8.322013159999999132e-01 8.745079099999999439e-01 8.204945560000000970e-01 5.522587979999999952e-01 4.794984820000000036e-01 5.537271759999999876e-01 5.809713640000000456e-01 5.418188340000000824e-01 4.497573239999999584e-01 5.147983860000000522e-01 8.424581279999998618e-01 5.039504079999999053e-01
4.627417380000000691e-01 3.494247999999999243e-01 8.790421000000000484e-01 7.113867419999999608e-01 3.059706080000000328e-01 3.617478399999999872e-01 8.270376340000000770e-01 7.024692760000000868e-01 9.276437819999999723e-01 8.322013159999999132e-01 0.000000000000000000e+00 6.963124459999999738e-01 9.083732579999999057e-01 5.300398720000000230e-01 4.526458340000000247e-01 5.000417600000000018e-01 5.877507420000001037e-01 5.601162539999999801e-01 4.753532460000000626e-01 4.666892040000000241e-01 8.328729779999999305e-01 3.611230159999999634e-01
5.018503639999999377e-01 3.280083399999999538e-01 7.034555559999999819e-01 8.248899579999999787e-01 3.304733439999999467e-01 2.895918140000000029e-01 6.348431540000000206e-01 8.443505319999999870e-01 7.559039700000000916e-01 8.745079099999999439e-01 6.963124459999999738e-01 0.000000000000000000e+00 7.118483420000000228e-01 5.588982820000000240e-01 4.401734599999999054e-01 5.805570479999999645e-01 4.879247860000000547e-01 4.929772519999999214e-01 3.758153659999999840e-01 4.861027339999999808e-01 7.407039100000000209e-01 5.873769920000000422e-01
4.576701539999999402e-01 3.329739459999999651e-01 8.649023559999999833e-01 7.130687559999999703e-01 3.200168640000000120e-01 3.196779479999999896e-01 7.945960059999999103e-01 7.140418780000000742e-01 8.564544200000000496e-01 8.204945560000000970e-01 9.083732579999999057e-01 7.118483420000000228e-01 0.000000000000000000e+00 5.231204500000000701e-01 4.725341499999999861e-01 4.690028500000000267e-01 5.962958740000000590e-01 4.993251240000000091e-01 4.918148559999999669e-01 4.503132719999999867e-01 8.665212139999999286e-01 3.638965760000000271e-01
4.170280520000000379e-01 2.726804999999999923e-01 5.392391900000000904e-01 6.121059460000000119e-01 2.420928960000000019e-01 2.556337839999999750e-01 4.803748020000000452e-01 5.916215879999999760e-01 5.396023440000000670e-01 5.522587979999999952e-01 5.300398720000000230e-01 5.588982820000000240e-01 5.231204500000000701e-01 0.000000000000000000e+00 3.368914679999999717e-01 4.869753100000000501e-01 4.490323240000000382e-01 4.724614420000000092e-01 3.392986499999999794e-01 4.077706540000000102e-01 4.955302580000000567e-01 4.346404739999999434e-01
2.363828180000000501e-01 2.035181999999999825e-01 4.378553119999999410e-01 4.292947080000000248e-01 1.894695579999999824e-01 1.521290120000000079e-01 3.415581319999999588e-01 3.533903860000000008e-01 4.360601179999999966e-01 4.794984820000000036e-01 4.526458340000000247e-01 4.401734599999999054e-01 4.725341499999999861e-01 3.368914679999999717e-01 0.000000000000000000e+00 3.341702859999999831e-01 5.531564039999999904e-01 2.762628460000000064e-01 4.892336320000000294e-01 6.069348559999999670e-01 4.832782619999999585e-01 2.061762500000000053e-01
3.950837079999999779e-01 2.436319459999999881e-01 4.821105519999999700e-01 5.888810140000000359e-01 2.319911219999999941e-01 2.496224180000000126e-01 4.444304840000000145e-01 4.659356719999999674e-01 5.450071700000000963e-01 5.537271759999999876e-01 5.000417600000000018e-01 5.805570479999999645e-01 4.690028500000000267e-01 4.869753100000000501e-01 3.341702859999999831e-01 0.000000000000000000e+00 3.627775839999999863e-01 6.513576920000000436e-01 4.388220939999999959e-01 4.532456820000000386e-01 4.763254099999999491e-01 4.239691380000000231e-01
3.737405459999999513e-01 3.158674740000000369e-01 5.799274759999999418e-01 5.210974280000000292e-01 2.742941380000000207e-01 2.526718039999999998e-01 5.293633100000000313e-01 5.266200819999999894e-01 5.849385099999999671e-01 5.809713640000000456e-01 5.877507420000001037e-01 4.879247860000000547e-01 5.962958740000000590e-01 4.490323240000000382e-01 5.531564039999999904e-01 3.627775839999999863e-01 0.000000000000000000e+00 4.371534080000000211e-01 7.065558320000000503e-01 5.417111020000000554e-01 6.008457740000000546e-01 3.607604759999999966e-01
3.948347660000000037e-01 2.879688819999999816e-01 5.618081019999999759e-01 5.576690120000000750e-01 2.860791560000000011e-01 3.142163880000000686e-01 5.510948499999999139e-01 4.969829339999999318e-01 5.972033920000000551e-01 5.418188340000000824e-01 5.601162539999999801e-01 4.929772519999999214e-01 4.993251240000000091e-01 4.724614420000000092e-01 2.762628460000000064e-01 6.513576920000000436e-01 4.371534080000000211e-01 0.000000000000000000e+00 3.532628960000000484e-01 5.496820580000000289e-01 5.076373440000000459e-01 3.445926579999999961e-01
3.493597260000000371e-01 2.947422400000000442e-01 4.678346500000000185e-01 4.440021500000000398e-01 2.753133800000000520e-01 2.408629519999999913e-01 3.760605240000000071e-01 3.577400139999999951e-01 4.667196759999999722e-01 4.497573239999999584e-01 4.753532460000000626e-01 3.758153659999999840e-01 4.918148559999999669e-01 3.392986499999999794e-01 4.892336320000000294e-01 4.388220939999999959e-01 7.065558320000000503e-01 3.532628960000000484e-01 0.000000000000000000e+00 4.789771199999999785e-01 4.729319719999999228e-01 2.916646420000000295e-01
2.705578560000000410e-01 2.330731220000000214e-01 4.805748479999999989e-01 4.742467099999999602e-01 2.148401699999999970e-01 2.167234180000000010e-01 4.387749499999999969e-01 3.540543919999999956e-01 4.612296640000000392e-01 5.147983860000000522e-01 4.666892040000000241e-01 4.861027339999999808e-01 4.503132719999999867e-01 4.077706540000000102e-01 6.069348559999999670e-01 4.532456820000000386e-01 5.417111020000000554e-01 5.496820580000000289e-01 4.789771199999999785e-01 0.000000000000000000e+00 4.657386919999999542e-01 3.496738659999999999e-01
4.738786399999999621e-01 3.378042179999999339e-01 8.020463040000000987e-01 7.160811739999999315e-01 3.434706339999999969e-01 2.579519860000000220e-01 7.282613239999999877e-01 7.313173179999999940e-01 8.047542759999999351e-01 8.424581279999998618e-01 8.328729779999999305e-01 7.407039100000000209e-01 8.665212139999999286e-01 4.955302580000000567e-01 4.832782619999999585e-01 4.763254099999999491e-01 6.008457740000000546e-01 5.076373440000000459e-01 4.729319719999999228e-01 4.657386919999999542e-01 0.000000000000000000e+00 4.042154759999999625e-01
3.794873180000000734e-01 3.478907359999999782e-01 3.389250420000000097e-01 5.379209520000000078e-01 2.782979519999999596e-01 3.366855579999999959e-01 3.720607759999999820e-01 5.464013659999999994e-01 4.087180579999999952e-01 5.039504079999999053e-01 3.611230159999999634e-01 5.873769920000000422e-01 3.638965760000000271e-01 4.346404739999999434e-01 2.061762500000000053e-01 4.239691380000000231e-01 3.607604759999999966e-01 3.445926579999999961e-01 2.916646420000000295e-01 3.496738659999999999e-01 4.042154759999999625e-01 0.000000000000000000e+00
