0.000000000000000000e+00 9.795031819999999723e-01 2.876961359999999912e-01 2.387392000000000125e-01 9.846477019999999580e-01 9.840650879999998102e-01 2.406166680000000058e-01 2.375060719999999570e-01 3.805081459999999915e-01 4.116124879999999986e-01 3.680324620000000047e-01 4.222545559999999476e-01 3.791885019999999828e-01 3.316840979999999828e-01 8.193491199999999863e-02 8.226097999999999744e-02 5.492936399999999442e-02 1.277573759999999781e-01 7.605627000000000915e-02 8.599684399999998896e-02 3.423546560000000349e-01 3.590541200000000321e-01
9.795031819999999723e-01 0.000000000000000000e+00 2.429421940000000002e-01 1.973377619999999999e-01 9.826326919999999188e-01 9.911752839999999898e-01 2.006001920000000105e-01 2.051046579999999953e-01 3.284666959999999469e-01 3.627108320000000385e-01 3.163119559999999497e-01 3.800886639999999650e-01 3.283249380000000106e-01 3.153188439999999870e-01 8.240399600000000713e-02 8.704462999999999784e-02 7.232209399999998956e-02 1.462572639999999979e-01 7.843089600000001382e-02 9.213652799999999532e-02 2.906586679999999534e-01 3.229013980000000616e-01
2.876961359999999912e-01 2.429421940000000002e-01 0.000000000000000000e+00 8.428486919999998994e-01 2.994711220000000340e-01 2.498174299999999515e-01 6.247801020000000038e-01 7.372378099999998824e-01 9.267243240000000437e-01 8.931759380000000581e-01 9.379205340000000835e-01 8.515106559999999769e-01 8.974268479999999437e-01 7.236706359999999227e-01 1.986163619999999908e-01 2.246581579999999967e-01 2.604917320000000314e-01 3.052694919999999756e-01 1.990189099999999933e-01 2.026166759999999678e-01 9.278745959999999959e-01 6.758583660000000437e-01
2.387392000000000125e-01 1.973377619999999999e-01 8.428486919999998994e-01 0.000000000000000000e+00 2.467923399999999989e-01 1.944610339999999771e-01 5.123866559999999959e-01 6.913548400000000260e-01 8.648965260000001098e-01 8.427856439999998894e-01 8.601787340000001114e-01 8.359431000000000500e-01 8.390430300000000230e-01 6.841558340000000182e-01 1.742098460000000293e-01 1.819796640000000132e-01 2.280873039999999907e-01 2.407402419999999932e-01 1.746776359999999972e-01 1.687607740000000023e-01 8.318639759999999495e-01 6.714160780000000273e-01
9.846477019999999580e-01 9.826326919999999188e-01 2.994711220000000340e-01 2.467923399999999989e-01 0.000000000000000000e+00 9.826662559999999047e-01 2.408703280000000224e-01 2.705009959999999380e-01 3.981881600000000132e-01 4.318984100000000659e-01 3.859943700000000311e-01 4.402674860000000412e-01 3.944169499999999884e-01 3.555928340000000243e-01 7.700738599999999712e-02 6.633532999999999791e-02 7.232730199999999610e-02 1.342495459999999974e-01 7.431466800000000039e-02 6.861675999999999886e-02 3.587461479999999869e-01 3.646216660000000109e-01
9.840650879999998102e-01 9.911752839999999898e-01 2.498174299999999515e-01 1.944610339999999771e-01 9.826662559999999047e-01 0.000000000000000000e+00 2.039990439999999905e-01 2.284974420000000228e-01 3.457118759999999735e-01 3.816821400000000031e-01 3.332527559999999833e-01 3.930945439999999902e-01 3.450246639999999809e-01 3.341701400000000044e-01 8.027576999999999630e-02 8.686676399999999909e-02 8.140393399999998336e-02 1.527541079999999718e-01 8.069097199999999970e-02 9.264705199999997975e-02 3.060771179999999814e-01 3.447841539999999538e-01
2.406166680000000058e-01 2.006001920000000105e-01 6.247801020000000038e-01 5.123866559999999959e-01 2.408703280000000224e-01 2.039990439999999905e-01 0.000000000000000000e+00 7.087757199999999980e-01 6.026304879999999642e-01 5.761933040000000172e-01 6.028842739999999978e-01 5.352254540000001004e-01 5.427930479999999447e-01 3.367444280000000401e-01 6.153474960000000493e-01 6.281718499999999761e-01 6.711744320000001540e-01 6.701479919999999701e-01 6.237741260000000398e-01 6.260259820000000364e-01 5.575887440000000250e-01 4.195684120000000017e-01
2.375060719999999570e-01 2.051046579999999953e-01 7.372378099999998824e-01 6.913548400000000260e-01 2.705009959999999380e-01 2.284974420000000228e-01 7.087757199999999980e-01 0.000000000000000000e+00 7.651938300000000748e-01 7.517311340000000230e-01 7.595544359999999440e-01 7.016267720000000097e-01 7.088348819999999995e-01 5.648274060000000318e-01 4.709442300000000747e-01 4.578739320000000390e-01 5.445856259999999338e-01 5.394007879999999089e-01 4.893925120000000573e-01 4.576850199999999980e-01 7.162134820000000124e-01 5.627963700000000458e-01
3.805081459999999915e-01 3.284666959999999469e-01 9.267243240000000437e-01 8.648965260000001098e-01 3.981881600000000132e-01 3.457118759999999735e-01 6.026304879999999642e-01 7.651938300000000748e-01 0.000000000000000000e+00 9.609712360000000064e-01 9.836964459999999466e-01 9.120784699999999745e-01 9.532170900000001001e-01 7.876545919999999867e-01 1.638789660000000148e-01 1.829979780000000056e-01 2.261004019999999781e-01 2.581951180000000012e-01 1.632476019999999917e-01 1.567644519999999986e-01 9.454372859999999879e-01 7.326805180000000028e-01
4.116124879999999986e-01 3.627108320000000385e-01 8.931759380000000581e-01 8.427856439999998894e-01 4.318984100000000659e-01 3.816821400000000031e-01 5.761933040000000172e-01 7.517311340000000230e-01 9.609712360000000064e-01 0.000000000000000000e+00 9.479061519999998353e-01 9.615168579999998633e-01 9.344665899999998748e-01 7.997012480000000867e-01 1.470239200000000024e-01 1.614149520000000282e-01 2.011204859999999872e-01 2.340101659999999639e-01 1.435733560000000131e-01 1.353482659999999949e-01 9.285502360000000843e-01 7.489066720000000510e-01
3.680324620000000047e-01 3.163119559999999497e-01 9.379205340000000835e-01 8.601787340000001114e-01 3.859943700000000311e-01 3.332527559999999833e-01 6.028842739999999978e-01 7.595544359999999440e-01 9.836964459999999466e-01 9.479061519999998353e-01 0.000000000000000000e+00 8.943760839999999046e-01 9.681127099999999874e-01 7.755207440000000396e-01 1.746183759999999918e-01 1.948454400000000086e-01 2.365760459999999843e-01 2.654036839999999731e-01 1.741250159999999936e-01 1.685040879999999963e-01 9.576237600000000461e-01 7.111657559999999823e-01
4.222545559999999476e-01 3.800886639999999650e-01 8.515106559999999769e-01 8.359431000000000500e-01 4.402674860000000412e-01 3.930945439999999902e-01 5.352254540000001004e-01 7.016267720000000097e-01 9.120784699999999745e-01 9.615168579999998633e-01 8.943760839999999046e-01 0.000000000000000000e+00 8.856282879999998192e-01 7.659456700000000229e-01 1.285868859999999836e-01 1.412464680000000139e-01 1.775789799999999974e-01 2.104260000000000019e-01 1.224067419999999851e-01 1.174491619999999958e-01 8.820807159999999314e-01 7.505529440000000552e-01
3.791885019999999828e-01 3.283249380000000106e-01 8.974268479999999437e-01 8.390430300000000230e-01 3.944169499999999884e-01 3.450246639999999809e-01 5.427930479999999447e-01 7.088348819999999995e-01 9.532170900000001001e-01 9.344665899999998748e-01 9.681127099999999874e-01 8.856282879999998192e-01 0.000000000000000000e+00 7.723808460000000098e-01 1.254457339999999754e-01 1.536555800000000138e-01 1.626709279999999924e-01 2.102160119999999799e-01 1.134158599999999933e-01 1.220111980000000013e-01 9.320864419999999040e-01 7.145719440000000144e-01
3.316840979999999828e-01 3.153188439999999870e-01 7.236706359999999227e-01 6.841558340000000182e-01 3.555928340000000243e-01 3.341701400000000044e-01 3.367444280000000401e-01 5.648274060000000318e-01 7.876545919999999867e-01 7.997012480000000867e-01 7.755207440000000396e-01 7.659456700000000229e-01 7.723808460000000098e-01 0.000000000000000000e+00 1.095690819999999982e-01 1.193351899999999938e-01 1.114609059999999985e-01 1.126488799999999929e-01 1.098170399999999908e-01 1.160108179999999878e-01 7.783791040000000994e-01 6.214375100000000263e-01
8.193491199999999863e-02 8.240399600000000713e-02 1.986163619999999908e-01 1.742098460000000293e-01 7.700738599999999712e-02 8.027576999999999630e-02 6.153474960000000493e-01 4.709442300000000747e-01 1.638789660000000148e-01 1.470239200000000024e-01 1.746183759999999918e-01 1.285868859999999836e-01 1.254457339999999754e-01 1.095690819999999982e-01 0.000000000000000000e+00 9.671823480000000250e-01 9.788882279999999714e-01 8.991337799999999936e-01 9.949949760000000865e-01 9.786946120000001859e-01 1.697537640000000292e-01 1.044757280000000177e-01
8.226097999999999744e-02 8.704462999999999784e-02 2.246581579999999967e-01 1.819796640000000132e-01 6.633532999999999791e-02 8.686676399999999909e-02 6.281718499999999761e-01 4.578739320000000390e-01 1.829979780000000056e-01 1.614149520000000282e-01 1.948454400000000086e-01 1.412464680000000139e-01 1.536555800000000138e-01 1.193351899999999938e-01 9.671823480000000250e-01 0.000000000000000000e+00 9.437625739999999652e-01 8.946296260000000666e-01 9.655215560000000030e-01 9.870028880000001337e-01 1.917497479999999976e-01 1.147698080000000009e-01
5.492936399999999442e-02 7.232209399999998956e-02 2.604917320000000314e-01 2.280873039999999907e-01 7.232730199999999610e-02 8.140393399999998336e-02 6.711744320000001540e-01 5.445856259999999338e-01 2.261004019999999781e-01 2.011204859999999872e-01 2.365760459999999843e-01 1.775789799999999974e-01 1.626709279999999924e-01 1.114609059999999985e-01 9.788882279999999714e-01 9.437625739999999652e-01 0.000000000000000000e+00 9.064866580000000562e-01 9.883107040000000953e-01 9.579890279999998537e-01 2.177808119999999903e-01 1.319827280000000214e-01
1.277573759999999781e-01 1.462572639999999979e-01 3.052694919999999756e-01 2.407402419999999932e-01 1.342495459999999974e-01 1.527541079999999718e-01 6.701479919999999701e-01 5.394007879999999089e-01 2.581951180000000012e-01 2.340101659999999639e-01 2.654036839999999731e-01 2.104260000000000019e-01 2.102160119999999799e-01 1.126488799999999929e-01 8.991337799999999936e-01 8.946296260000000666e-01 9.064866580000000562e-01 0.000000000000000000e+00 9.028768759999998839e-01 9.229959060000000326e-01 2.441201600000000305e-01 1.666803379999999835e-01
7.605627000000000915e-02 7.843089600000001382e-02 1.990189099999999933e-01 1.746776359999999972e-01 7.431466800000000039e-02 8.069097199999999970e-02 6.237741260000000398e-01 4.893925120000000573e-01 1.632476019999999917e-01 1.435733560000000131e-01 1.741250159999999936e-01 1.224067419999999851e-01 1.134158599999999933e-01 1.098170399999999908e-01 9.949949760000000865e-01 9.655215560000000030e-01 9.883107040000000953e-01 9.028768759999998839e-01 0.000000000000000000e+00 9.770632380000000561e-01 1.627977939999999957e-01 1.016085139999999970e-01
8.599684399999998896e-02 9.213652799999999532e-02 2.026166759999999678e-01 1.687607740000000023e-01 6.861675999999999886e-02 9.264705199999997975e-02 6.260259820000000364e-01 4.576850199999999980e-01 1.567644519999999986e-01 1.353482659999999949e-01 1.685040879999999963e-01 1.174491619999999958e-01 1.220111980000000013e-01 1.160108179999999878e-01 9.786946120000001859e-01 9.870028880000001337e-01 9.579890279999998537e-01 9.229959060000000326e-01 9.770632380000000561e-01 0.000000000000000000e+00 1.613819959999999998e-01 1.065805880000000039e-01
3.423546560000000349e-01 2.906586679999999534e-01 9.278745959999999959e-01 8.318639759999999495e-01 3.587461479999999869e-01 3.060771179999999814e-01 5.575887440000000250e-01 7.162134820000000124e-01 9.454372859999999879e-01 9.285502360000000843e-01 9.576237600000000461e-01 8.820807159999999314e-01 9.320864419999999040e-01 7.783791040000000994e-01 1.697537640000000292e-01 1.917497479999999976e-01 2.177808119999999903e-01 2.441201600000000305e-01 1.627977939999999957e-01 1.613819959999999998e-01 0.000000000000000000e+00 6.412317700000000897e-01
3.590541200000000321e-01 3.229013980000000616e-01 6.758583660000000437e-01 6.714160780000000273e-01 3.646216660000000109e-01 3.447841539999999538e-01 4.195684120000000017e-01 5.627963700000000458e-01 7.326805180000000028e-01 7.489066720000000510e-01 7.111657559999999823e-01 7.505529440000000552e-01 7.145719440000000144e-01 6.214375100000000263e-01 1.044757280000000177e-01 1.147698080000000009e-01 1.319827280000000214e-01 1.666803379999999835e-01 1.016085139999999970e-01 1.065805880000000039e-01 6.412317700000000897e-01 0.000000000000000000e+00
