0.000000000000000000e+00 1.966721399999999953e-01 3.011892020000000447e-01 2.712269719999999551e-01 2.506213139999999839e-01 7.468970539999999492e-01 2.159738380000000291e-01 1.986533859999999874e-01 1.886066879999999946e-01 2.452173939999999774e-01 2.514774100000000123e-01 1.898617100000000169e-01 2.961172659999999901e-01 3.030609299999999506e-01 3.133113500000000440e-01 1.870531659999999652e-01 3.736740960000000111e-01 2.738930400000000320e-01 2.929058519999999666e-01 2.366824099999999542e-01 2.640518819999999600e-01 2.237692039999999716e-01
1.966721399999999953e-01 0.000000000000000000e+00 2.056660919999999670e-01 2.597236760000000144e-01 7.165700000000000403e-01 2.224319499999999894e-01 2.302990699999999669e-01 1.805138119999999957e-01 2.090124520000000152e-01 2.063373659999999943e-01 2.259957100000000163e-01 2.821250759999999747e-01 1.844577460000000058e-01 2.474072339999999759e-01 2.590834739999999803e-01 1.729376260000000110e-01 3.317038600000000170e-01 2.392431960000000191e-01 2.566056999999999921e-01 2.116289939999999592e-01 1.824523100000000064e-01 1.899932559999999993e-01
3.011892020000000447e-01 2.056660919999999670e-01 0.000000000000000000e+00 2.262826139999999930e-01 2.043448419999999710e-01 3.314470520000000198e-01 5.188014219999999010e-01 2.629899180000000447e-01 3.582261439999999686e-01 5.951436720000000680e-01 8.297547299999999959e-01 2.000713100000000022e-01 7.917580779999999763e-01 2.552909540000000144e-01 3.405352439999999592e-01 2.929604339999999918e-01 3.638806259999999848e-01 3.969242960000000098e-01 3.219832779999999839e-01 3.830024760000000361e-01 7.964723860000000322e-01 4.305612079999999731e-01
2.712269719999999551e-01 2.597236760000000144e-01 2.262826139999999930e-01 0.000000000000000000e+00 2.508818680000000079e-01 2.818947640000000199e-01 2.492157100000000070e-01 5.136629600000000018e-01 5.864453539999999743e-01 3.907769799999999405e-01 2.426340740000000051e-01 7.616330540000000315e-01 2.855921460000000467e-01 4.799508080000000065e-01 1.907258839999999844e-01 3.411463700000000321e-01 2.527894800000000108e-01 3.141045599999999771e-01 2.808389519999999751e-01 3.035738759999999647e-01 2.609342000000000050e-01 4.352073559999999897e-01
2.506213139999999839e-01 7.165700000000000403e-01 2.043448419999999710e-01 2.508818680000000079e-01 0.000000000000000000e+00 2.503499679999999783e-01 1.546158339999999798e-01 2.263522899999999838e-01 2.316139660000000045e-01 2.098501839999999952e-01 1.711461240000000106e-01 2.840108179999999982e-01 1.289763520000000163e-01 1.297228819999999838e-01 3.337306600000000123e-01 1.545001560000000274e-01 3.091131239999999614e-01 2.398805199999999860e-01 2.654033199999999981e-01 2.984717520000000346e-01 1.294445579999999874e-01 2.030937120000000373e-01
7.468970539999999492e-01 2.224319499999999894e-01 3.314470520000000198e-01 2.818947640000000199e-01 2.503499679999999783e-01 0.000000000000000000e+00 1.737908279999999805e-01 2.391592219999999769e-01 1.937073580000000239e-01 3.291950880000000246e-01 2.810131299999999999e-01 2.141319080000000097e-01 2.871651379999999865e-01 2.836942740000000240e-01 3.258638699999999444e-01 1.256793900000000019e-01 2.925108099999999545e-01 2.698680679999999610e-01 2.419729580000000158e-01 2.124515060000000122e-01 2.804548020000000030e-01 1.105289460000000029e-01
2.159738380000000291e-01 2.302990699999999669e-01 5.188014219999999010e-01 2.492157100000000070e-01 1.546158339999999798e-01 1.737908279999999805e-01 0.000000000000000000e+00 2.747916179999999597e-01 2.990936819999999718e-01 4.010357499999999686e-01 5.906360880000000035e-01 2.485639259999999628e-01 5.838266319999999565e-01 2.597527359999999286e-01 3.812862740000000361e-01 3.397459239999999769e-01 3.488628619999999958e-01 3.231398140000000252e-01 4.517847099999999783e-01 3.216187739999999406e-01 5.184947140000000232e-01 2.964348620000000212e-01
1.986533859999999874e-01 1.805138119999999957e-01 2.629899180000000447e-01 5.136629600000000018e-01 2.263522899999999838e-01 2.391592219999999769e-01 2.747916179999999597e-01 0.000000000000000000e+00 4.334558259999999885e-01 3.336917900000000436e-01 3.248897720000000211e-01 6.061554179999999459e-01 2.830495980000000134e-01 4.369168839999999499e-01 2.183041379999999809e-01 2.696616119999999950e-01 3.006112919999999744e-01 2.782656300000000416e-01 3.279589400000000321e-01 4.063390960000000662e-01 3.320543839999999802e-01 3.377867880000000600e-01
1.886066879999999946e-01 2.090124520000000152e-01 3.582261439999999686e-01 5.864453539999999743e-01 2.316139660000000045e-01 1.937073580000000239e-01 2.990936819999999718e-01 4.334558259999999885e-01 0.000000000000000000e+00 5.195194659999999853e-01 4.100693539999999970e-01 5.628431599999998980e-01 3.859414159999999816e-01 4.196051379999999886e-01 2.206834820000000141e-01 3.823061640000000594e-01 3.396717719999999829e-01 3.150228760000000072e-01 3.995459659999999746e-01 2.715938560000000224e-01 3.809545980000000331e-01 3.246476620000000035e-01
2.452173939999999774e-01 2.063373659999999943e-01 5.951436720000000680e-01 3.907769799999999405e-01 2.098501839999999952e-01 3.291950880000000246e-01 4.010357499999999686e-01 3.336917900000000436e-01 5.195194659999999853e-01 0.000000000000000000e+00 5.884197660000000107e-01 4.047943340000000889e-01 6.353085199999999322e-01 2.239044820000000158e-01 2.894172600000000095e-01 3.154639220000000077e-01 2.540582339999999939e-01 3.702884660000000383e-01 2.204042479999999971e-01 3.506883999999999557e-01 6.317960940000000303e-01 2.541682360000000473e-01
2.514774100000000123e-01 2.259957100000000163e-01 8.297547299999999959e-01 2.426340740000000051e-01 1.711461240000000106e-01 2.810131299999999999e-01 5.906360880000000035e-01 3.248897720000000211e-01 4.100693539999999970e-01 5.884197660000000107e-01 0.000000000000000000e+00 2.383982320000000432e-01 8.574785940000000384e-01 3.114313119999999602e-01 3.298320439999999909e-01 3.051699839999999497e-01 3.010169879999999853e-01 4.010989119999999741e-01 2.833833460000000359e-01 3.789499799999999641e-01 8.341240560000000581e-01 4.062520560000000280e-01
1.898617100000000169e-01 2.821250759999999747e-01 2.000713100000000022e-01 7.616330540000000315e-01 2.840108179999999982e-01 2.141319080000000097e-01 2.485639259999999628e-01 6.061554179999999459e-01 5.628431599999998980e-01 4.047943340000000889e-01 2.383982320000000432e-01 0.000000000000000000e+00 2.544209599999999738e-01 5.665944219999999865e-01 1.419825360000000203e-01 2.792800920000000353e-01 2.380175020000000197e-01 2.948689279999999746e-01 2.782496899999999940e-01 3.071295700000000184e-01 2.756465359999999976e-01 4.263798799999999889e-01
2.961172659999999901e-01 1.844577460000000058e-01 7.917580779999999763e-01 2.855921460000000467e-01 1.289763520000000163e-01 2.871651379999999865e-01 5.838266319999999565e-01 2.830495980000000134e-01 3.859414159999999816e-01 6.353085199999999322e-01 8.574785940000000384e-01 2.544209599999999738e-01 0.000000000000000000e+00 2.972038600000000419e-01 3.316242059999999769e-01 2.867862719999999532e-01 2.991106140000000524e-01 3.824767419999999807e-01 2.630229840000000152e-01 3.484598659999999515e-01 8.490893280000000320e-01 4.024958779999999736e-01
3.030609299999999506e-01 2.474072339999999759e-01 2.552909540000000144e-01 4.799508080000000065e-01 1.297228819999999838e-01 2.836942740000000240e-01 2.597527359999999286e-01 4.369168839999999499e-01 4.196051379999999886e-01 2.239044820000000158e-01 3.114313119999999602e-01 5.665944219999999865e-01 2.972038600000000419e-01 0.000000000000000000e+00 2.828905440000000215e-01 3.347835200000000011e-01 2.678017619999999988e-01 2.720898479999999675e-01 2.898513259999999647e-01 3.449407159999999806e-01 3.565594639999999926e-01 3.315086019999999856e-01
3.133113500000000440e-01 2.590834739999999803e-01 3.405352439999999592e-01 1.907258839999999844e-01 3.337306600000000123e-01 3.258638699999999444e-01 3.812862740000000361e-01 2.183041379999999809e-01 2.206834820000000141e-01 2.894172600000000095e-01 3.298320439999999909e-01 1.419825360000000203e-01 3.316242059999999769e-01 2.828905440000000215e-01 0.000000000000000000e+00 3.122578180000000203e-01 5.130380900000000022e-01 4.387572859999999686e-01 4.822598100000000665e-01 6.122334379999999632e-01 2.947719119999999693e-01 2.183919480000000024e-01
1.870531659999999652e-01 1.729376260000000110e-01 2.929604339999999918e-01 3.411463700000000321e-01 1.545001560000000274e-01 1.256793900000000019e-01 3.397459239999999769e-01 2.696616119999999950e-01 3.823061640000000594e-01 3.154639220000000077e-01 3.051699839999999497e-01 2.792800920000000353e-01 2.867862719999999532e-01 3.347835200000000011e-01 3.122578180000000203e-01 0.000000000000000000e+00 4.415080519999999842e-01 4.236605599999999638e-01 6.232255920000000504e-01 3.490773699999999979e-01 3.026366140000000260e-01 3.882836159999999426e-01
3.736740960000000111e-01 3.317038600000000170e-01 3.638806259999999848e-01 2.527894800000000108e-01 3.091131239999999614e-01 2.925108099999999545e-01 3.488628619999999958e-01 3.006112919999999744e-01 3.396717719999999829e-01 2.540582339999999939e-01 3.010169879999999853e-01 2.380175020000000197e-01 2.991106140000000524e-01 2.678017619999999988e-01 5.130380900000000022e-01 4.415080519999999842e-01 0.000000000000000000e+00 2.142624320000000304e-01 8.053827679999999711e-01 3.231780859999999755e-01 3.010430080000000008e-01 2.666559820000000136e-01
2.738930400000000320e-01 2.392431960000000191e-01 3.969242960000000098e-01 3.141045599999999771e-01 2.398805199999999860e-01 2.698680679999999610e-01 3.231398140000000252e-01 2.782656300000000416e-01 3.150228760000000072e-01 3.702884660000000383e-01 4.010989119999999741e-01 2.948689279999999746e-01 3.824767419999999807e-01 2.720898479999999675e-01 4.387572859999999686e-01 4.236605599999999638e-01 2.142624320000000304e-01 0.000000000000000000e+00 2.893276379999999981e-01 7.472321159999999463e-01 3.416855799999999888e-01 3.545792220000000272e-01
2.929058519999999666e-01 2.566056999999999921e-01 3.219832779999999839e-01 2.808389519999999751e-01 2.654033199999999981e-01 2.419729580000000158e-01 4.517847099999999783e-01 3.279589400000000321e-01 3.995459659999999746e-01 2.204042479999999971e-01 2.833833460000000359e-01 2.782496899999999940e-01 2.630229840000000152e-01 2.898513259999999647e-01 4.822598100000000665e-01 6.232255920000000504e-01 8.053827679999999711e-01 2.893276379999999981e-01 0.000000000000000000e+00 3.750652559999999580e-01 2.671915219999999591e-01 2.446280299999999686e-01
2.366824099999999542e-01 2.116289939999999592e-01 3.830024760000000361e-01 3.035738759999999647e-01 2.984717520000000346e-01 2.124515060000000122e-01 3.216187739999999406e-01 4.063390960000000662e-01 2.715938560000000224e-01 3.506883999999999557e-01 3.789499799999999641e-01 3.071295700000000184e-01 3.484598659999999515e-01 3.449407159999999806e-01 6.122334379999999632e-01 3.490773699999999979e-01 3.231780859999999755e-01 7.472321159999999463e-01 3.750652559999999580e-01 0.000000000000000000e+00 3.607091199999999942e-01 3.066403140000000249e-01
2.640518819999999600e-01 1.824523100000000064e-01 7.964723860000000322e-01 2.609342000000000050e-01 1.294445579999999874e-01 2.804548020000000030e-01 5.184947140000000232e-01 3.320543839999999802e-01 3.809545980000000331e-01 6.317960940000000303e-01 8.341240560000000581e-01 2.756465359999999976e-01 8.490893280000000320e-01 3.565594639999999926e-01 2.947719119999999693e-01 3.026366140000000260e-01 3.010430080000000008e-01 3.416855799999999888e-01 2.671915219999999591e-01 3.607091199999999942e-01 0.000000000000000000e+00 4.018248380000000175e-01
2.237692039999999716e-01 1.899932559999999993e-01 4.305612079999999731e-01 4.352073559999999897e-01 2.030937120000000373e-01 1.105289460000000029e-01 2.964348620000000212e-01 3.377867880000000600e-01 3.246476620000000035e-01 2.541682360000000473e-01 4.062520560000000280e-01 4.263798799999999889e-01 4.024958779999999736e-01 3.315086019999999856e-01 2.183919480000000024e-01 3.882836159999999426e-01 2.666559820000000136e-01 3.545792220000000272e-01 2.446280299999999686e-01 3.066403140000000249e-01 4.018248380000000175e-01 0.000000000000000000e+00
