0.000000000000000000e+00 6.235676800000000686e-01 6.648950719999999759e-01 6.757675619999999883e-01 6.200898959999999738e-01 5.827218060000001199e-01 4.515800479999999562e-01 3.558227959999999968e-01 5.630606699999999298e-01 4.494464420000000016e-01 5.226400559999999640e-01 3.985249419999999931e-01 4.246959519999999877e-01 4.077311879999999666e-01 2.703756480000000240e-01 3.447539240000000449e-01 3.730131479999999611e-01 2.987643560000000087e-01 2.237820280000000217e-01 4.233922419999999742e-01 3.869168819999999620e-01 2.089798660000000141e-01
6.235676800000000686e-01 0.000000000000000000e+00 3.414605019999999991e-01 3.573391000000000206e-01 6.786685899999999050e-01 7.411511760000000226e-01 2.659150860000000227e-01 2.828842599999999985e-01 3.021803680000000325e-01 2.596104620000000418e-01 2.655319159999999235e-01 2.111049459999999878e-01 1.770844680000000226e-01 2.383344560000000278e-01 2.483561160000000156e-01 1.643582920000000169e-01 2.439230899999999536e-01 2.601157859999999600e-01 2.179015980000000019e-01 3.267554119999999673e-01 2.148951579999999750e-01 3.125589220000000168e-01
6.648950719999999759e-01 3.414605019999999991e-01 0.000000000000000000e+00 8.129526019999999686e-01 3.712935339999999806e-01 3.230250200000000516e-01 6.896842119999999632e-01 5.668617639999999902e-01 8.692303499999999294e-01 7.441597059999999209e-01 8.367048400000000052e-01 6.421884840000000594e-01 7.469267720000000166e-01 5.653926040000000208e-01 3.370617280000000049e-01 4.877567619999999549e-01 4.629636060000000275e-01 4.789913419999999311e-01 3.531183379999999761e-01 4.858068799999999965e-01 6.460093479999999833e-01 1.964282039999999951e-01
6.757675619999999883e-01 3.573391000000000206e-01 8.129526019999999686e-01 0.000000000000000000e+00 3.361536800000000103e-01 2.879387559999999624e-01 4.944691559999999653e-01 7.073568740000000243e-01 7.618575900000000845e-01 7.827434180000000241e-01 6.496416899999999384e-01 7.590977239999999737e-01 6.348391880000000542e-01 6.165488559999999785e-01 3.114403319999999864e-01 5.366838560000000147e-01 3.955825240000000464e-01 4.766843559999999758e-01 2.716538240000000437e-01 4.607805700000000004e-01 6.133515959999999989e-01 3.805382540000000202e-01
6.200898959999999738e-01 6.786685899999999050e-01 3.712935339999999806e-01 3.361536800000000103e-01 0.000000000000000000e+00 6.237240280000000414e-01 3.335099879999999795e-01 2.368148799999999776e-01 3.300106740000000038e-01 2.797287139999999894e-01 3.254164160000000416e-01 2.246277400000000202e-01 2.904811840000000034e-01 2.714837540000000216e-01 1.624715399999999976e-01 2.640642919999999783e-01 2.157701280000000055e-01 2.908933580000000463e-01 2.082935380000000003e-01 2.633668880000000212e-01 2.617279760000000288e-01 2.123044579999999737e-01
5.827218060000001199e-01 7.411511760000000226e-01 3.230250200000000516e-01 2.879387559999999624e-01 6.237240280000000414e-01 0.000000000000000000e+00 3.097416700000000245e-01 2.461881560000000191e-01 3.093091479999999782e-01 2.731198140000000163e-01 2.995956140000000101e-01 2.591854779999999692e-01 2.641112440000000228e-01 2.586892580000000330e-01 2.036810460000000322e-01 2.025260859999999941e-01 2.126789280000000171e-01 2.857923099999999939e-01 2.544545660000000487e-01 2.896453560000000205e-01 1.880493059999999994e-01 3.051327400000000134e-01
4.515800479999999562e-01 2.659150860000000227e-01 6.896842119999999632e-01 4.944691559999999653e-01 3.335099879999999795e-01 3.097416700000000245e-01 0.000000000000000000e+00 4.426355439999999919e-01 7.111132400000000908e-01 6.011354039999999843e-01 7.363777559999999944e-01 5.001712360000001301e-01 6.908120900000001008e-01 3.426677760000000350e-01 2.611731400000000258e-01 3.448931439999999848e-01 3.698308280000000003e-01 2.902051999999999965e-01 2.001128200000000246e-01 3.804916240000000283e-01 5.876345499999999777e-01 2.066986299999999943e-01
3.558227959999999968e-01 2.828842599999999985e-01 5.668617639999999902e-01 7.073568740000000243e-01 2.368148799999999776e-01 2.461881560000000191e-01 4.426355439999999919e-01 0.000000000000000000e+00 6.295669280000000256e-01 7.422538980000000786e-01 5.492026319999998574e-01 8.209832320000000072e-01 5.936728039999999984e-01 5.188325860000000400e-01 2.851289559999999890e-01 3.614219439999999950e-01 3.241166679999999412e-01 3.797610559999999857e-01 1.712921859999999852e-01 3.013572059999999886e-01 5.566954259999999932e-01 4.152220560000000060e-01
5.630606699999999298e-01 3.021803680000000325e-01 8.692303499999999294e-01 7.618575900000000845e-01 3.300106740000000038e-01 3.093091479999999782e-01 7.111132400000000908e-01 6.295669280000000256e-01 0.000000000000000000e+00 8.020658239999999273e-01 8.989927760000000490e-01 6.793071440000000294e-01 7.362340560000000256e-01 5.149957539999999723e-01 3.745357939999999775e-01 5.584751619999999139e-01 4.608716839999999482e-01 5.033757420000000149e-01 3.578657420000000422e-01 4.739985780000000593e-01 6.613919440000000094e-01 2.812115560000000292e-01
4.494464420000000016e-01 2.596104620000000418e-01 7.441597059999999209e-01 7.827434180000000241e-01 2.797287139999999894e-01 2.731198140000000163e-01 6.011354039999999843e-01 7.422538980000000786e-01 8.020658239999999273e-01 0.000000000000000000e+00 7.444111520000000759e-01 8.353852780000000644e-01 7.456298800000000782e-01 4.744666320000000548e-01 3.397394160000000163e-01 5.869116940000000948e-01 3.746944499999999567e-01 5.152711899999999901e-01 3.320706500000000228e-01 4.611965359999999903e-01 7.441466719999999535e-01 4.082852080000000106e-01
5.226400559999999640e-01 2.655319159999999235e-01 8.367048400000000052e-01 6.496416899999999384e-01 3.254164160000000416e-01 2.995956140000000101e-01 7.363777559999999944e-01 5.492026319999998574e-01 8.989927760000000490e-01 7.444111520000000759e-01 0.000000000000000000e+00 6.132825459999999840e-01 7.935268599999999450e-01 4.784244380000000629e-01 3.942879700000000431e-01 5.007250439999999525e-01 4.407922519999999400e-01 4.392180200000000423e-01 3.871028339999999512e-01 4.360219300000000020e-01 7.011956639999999963e-01 2.257163779999999953e-01
3.985249419999999931e-01 2.111049459999999878e-01 6.421884840000000594e-01 7.590977239999999737e-01 2.246277400000000202e-01 2.591854779999999692e-01 5.001712360000001301e-01 8.209832320000000072e-01 6.793071440000000294e-01 8.353852780000000644e-01 6.132825459999999840e-01 0.000000000000000000e+00 6.611508759999999985e-01 4.869724019999999709e-01 3.420005099999999798e-01 4.973959419999999798e-01 3.067018260000000107e-01 4.211350899999999342e-01 2.450506840000000464e-01 4.039834600000000719e-01 6.502257240000000049e-01 4.196407480000000634e-01
4.246959519999999877e-01 1.770844680000000226e-01 7.469267720000000166e-01 6.348391880000000542e-01 2.904811840000000034e-01 2.641112440000000228e-01 6.908120900000001008e-01 5.936728039999999984e-01 7.362340560000000256e-01 7.456298800000000782e-01 7.935268599999999450e-01 6.611508759999999985e-01 0.000000000000000000e+00 4.959104539999999450e-01 3.848004159999999230e-01 4.277769779999999744e-01 3.529989279999999896e-01 3.684876559999999968e-01 3.389374160000000469e-01 3.745607820000000365e-01 7.841350420000001709e-01 2.104995839999999896e-01
4.077311879999999666e-01 2.383344560000000278e-01 5.653926040000000208e-01 6.165488559999999785e-01 2.714837540000000216e-01 2.586892580000000330e-01 3.426677760000000350e-01 5.188325860000000400e-01 5.149957539999999723e-01 4.744666320000000548e-01 4.784244380000000629e-01 4.869724019999999709e-01 4.959104539999999450e-01 0.000000000000000000e+00 3.635553120000000193e-01 4.074419420000000014e-01 3.539167879999999822e-01 3.634169400000000216e-01 3.406284039999999957e-01 3.933140740000000135e-01 4.356252880000000549e-01 2.519179100000000227e-01
2.703756480000000240e-01 2.483561160000000156e-01 3.370617280000000049e-01 3.114403319999999864e-01 1.624715399999999976e-01 2.036810460000000322e-01 2.611731400000000258e-01 2.851289559999999890e-01 3.745357939999999775e-01 3.397394160000000163e-01 3.942879700000000431e-01 3.420005099999999798e-01 3.848004159999999230e-01 3.635553120000000193e-01 0.000000000000000000e+00 3.377689099999999778e-01 4.979463099999999476e-01 2.735238340000000212e-01 4.383921899999999594e-01 5.054261359999999703e-01 3.144644700000000515e-01 2.681226300000000284e-01
3.447539240000000449e-01 1.643582920000000169e-01 4.877567619999999549e-01 5.366838560000000147e-01 2.640642919999999783e-01 2.025260859999999941e-01 3.448931439999999848e-01 3.614219439999999950e-01 5.584751619999999139e-01 5.869116940000000948e-01 5.007250439999999525e-01 4.973959419999999798e-01 4.277769779999999744e-01 4.074419420000000014e-01 3.377689099999999778e-01 0.000000000000000000e+00 3.348325120000000266e-01 6.035219800000000134e-01 5.010452920000000310e-01 3.862376060000000111e-01 4.566659539999999851e-01 3.789798920000000404e-01
3.730131479999999611e-01 2.439230899999999536e-01 4.629636060000000275e-01 3.955825240000000464e-01 2.157701280000000055e-01 2.126789280000000171e-01 3.698308280000000003e-01 3.241166679999999412e-01 4.608716839999999482e-01 3.746944499999999567e-01 4.407922519999999400e-01 3.067018260000000107e-01 3.529989279999999896e-01 3.539167879999999822e-01 4.979463099999999476e-01 3.348325120000000266e-01 0.000000000000000000e+00 3.178378499999999773e-01 7.165634279999999467e-01 3.550051179999999529e-01 3.150935599999999948e-01 3.161787460000000105e-01
2.987643560000000087e-01 2.601157859999999600e-01 4.789913419999999311e-01 4.766843559999999758e-01 2.908933580000000463e-01 2.857923099999999939e-01 2.902051999999999965e-01 3.797610559999999857e-01 5.033757420000000149e-01 5.152711899999999901e-01 4.392180200000000423e-01 4.211350899999999342e-01 3.684876559999999968e-01 3.634169400000000216e-01 2.735238340000000212e-01 6.035219800000000134e-01 3.178378499999999773e-01 0.000000000000000000e+00 3.585890760000000066e-01 5.596314300000000408e-01 3.782913399999999760e-01 3.861711159999999810e-01
2.237820280000000217e-01 2.179015980000000019e-01 3.531183379999999761e-01 2.716538240000000437e-01 2.082935380000000003e-01 2.544545660000000487e-01 2.001128200000000246e-01 1.712921859999999852e-01 3.578657420000000422e-01 3.320706500000000228e-01 3.871028339999999512e-01 2.450506840000000464e-01 3.389374160000000469e-01 3.406284039999999957e-01 4.383921899999999594e-01 5.010452920000000310e-01 7.165634279999999467e-01 3.585890760000000066e-01 0.000000000000000000e+00 3.350080779999999869e-01 3.083821519999999650e-01 3.573396239999999668e-01
4.233922419999999742e-01 3.267554119999999673e-01 4.858068799999999965e-01 4.607805700000000004e-01 2.633668880000000212e-01 2.896453560000000205e-01 3.804916240000000283e-01 3.013572059999999886e-01 4.739985780000000593e-01 4.611965359999999903e-01 4.360219300000000020e-01 4.039834600000000719e-01 3.745607820000000365e-01 3.933140740000000135e-01 5.054261359999999703e-01 3.862376060000000111e-01 3.550051179999999529e-01 5.596314300000000408e-01 3.350080779999999869e-01 0.000000000000000000e+00 3.796815419999999830e-01 3.177539639999999999e-01
3.869168819999999620e-01 2.148951579999999750e-01 6.460093479999999833e-01 6.133515959999999989e-01 2.617279760000000288e-01 1.880493059999999994e-01 5.876345499999999777e-01 5.566954259999999932e-01 6.613919440000000094e-01 7.441466719999999535e-01 7.011956639999999963e-01 6.502257240000000049e-01 7.841350420000001709e-01 4.356252880000000549e-01 3.144644700000000515e-01 4.566659539999999851e-01 3.150935599999999948e-01 3.782913399999999760e-01 3.083821519999999650e-01 3.796815419999999830e-01 0.000000000000000000e+00 3.293449660000000168e-01
2.089798660000000141e-01 3.125589220000000168e-01 1.964282039999999951e-01 3.805382540000000202e-01 2.123044579999999737e-01 3.051327400000000134e-01 2.066986299999999943e-01 4.152220560000000060e-01 2.812115560000000292e-01 4.082852080000000106e-01 2.257163779999999953e-01 4.196407480000000634e-01 2.104995839999999896e-01 2.519179100000000227e-01 2.681226300000000284e-01 3.789798920000000404e-01 3.161787460000000105e-01 3.861711159999999810e-01 3.573396239999999668e-01 3.177539639999999999e-01 3.293449660000000168e-01 0.000000000000000000e+00
