0.000000000000000000e+00 2.527624039999999961e-01 1.980263280000000292e-01 1.902603319999999765e-01 3.029063820000000296e-01 8.489748040000000273e-01 2.125451720000000044e-01 1.857640459999999882e-01 2.035960960000000042e-01 2.490215600000000029e-01 2.259857279999999968e-01 1.293825979999999876e-01 2.042105399999999960e-01 1.806114799999999909e-01 1.713925119999999969e-01 2.147016939999999985e-01 2.251203760000000109e-01 1.915752219999999895e-01 2.104485260000000246e-01 2.090076919999999949e-01 2.274034960000000383e-01 1.881765559999999948e-01
2.527624039999999961e-01 0.000000000000000000e+00 3.130657379999999823e-01 3.129277619999999982e-01 7.289890439999999749e-01 2.287258440000000115e-01 2.570155219999999963e-01 2.156197320000000084e-01 3.827106040000000098e-01 2.317927759999999782e-01 2.887707840000000026e-01 2.248113280000000047e-01 2.820081560000000098e-01 2.333589699999999989e-01 2.516404839999999976e-01 1.575099819999999928e-01 1.873572219999999899e-01 2.733194220000000341e-01 2.136303739999999840e-01 3.220800060000000298e-01 2.680136199999999524e-01 2.147740939999999710e-01
1.980263280000000292e-01 3.130657379999999823e-01 0.000000000000000000e+00 2.355509320000000462e-01 2.849900380000000011e-01 2.040445000000000175e-01 4.456755199999999917e-01 2.563256999999999897e-01 3.177530080000000035e-01 6.976687320000000136e-01 8.701246700000000445e-01 2.664554119999999471e-01 8.054542799999999669e-01 3.119309879999999646e-01 2.814514300000000024e-01 3.384261840000000188e-01 2.879542639999999598e-01 2.856747639999999699e-01 3.521661539999999535e-01 3.004070819999999920e-01 8.162175919999998808e-01 5.090385480000000351e-01
1.902603319999999765e-01 3.129277619999999982e-01 2.355509320000000462e-01 0.000000000000000000e+00 3.391733780000000253e-01 1.748305720000000174e-01 2.055453859999999966e-01 5.220436600000000205e-01 5.224999919999999687e-01 2.879616859999999945e-01 1.631924880000000244e-01 6.434052740000000270e-01 2.032350499999999727e-01 5.038569999999999993e-01 2.827341620000000111e-01 2.563390759999999990e-01 2.903876799999999814e-01 1.958253280000000207e-01 3.301947020000000066e-01 2.517806360000000021e-01 2.047366139999999834e-01 4.314818940000000325e-01
3.029063820000000296e-01 7.289890439999999749e-01 2.849900380000000011e-01 3.391733780000000253e-01 0.000000000000000000e+00 2.595639220000000025e-01 2.929398060000000248e-01 1.218995420000000135e-01 3.075825099999999757e-01 2.705824279999999860e-01 3.451146640000000154e-01 1.501231059999999784e-01 3.450761700000000154e-01 2.917324319999999860e-01 3.004667040000000289e-01 1.449298859999999800e-01 2.290916300000000183e-01 2.925120259999999806e-01 2.028998800000000047e-01 2.656738259999999463e-01 2.690302439999999740e-01 1.877219200000000143e-01
8.489748040000000273e-01 2.287258440000000115e-01 2.040445000000000175e-01 1.748305720000000174e-01 2.595639220000000025e-01 0.000000000000000000e+00 2.345139839999999809e-01 2.263969440000000444e-01 2.192605379999999771e-01 2.895693240000000168e-01 2.232450179999999895e-01 2.033570619999999773e-01 2.371966780000000219e-01 1.612280680000000022e-01 1.566879880000000003e-01 2.059680880000000214e-01 2.578637819999999858e-01 1.856387720000000074e-01 2.206940240000000164e-01 1.558133540000000150e-01 2.335380059999999924e-01 2.235579780000000183e-01
2.125451720000000044e-01 2.570155219999999963e-01 4.456755199999999917e-01 2.055453859999999966e-01 2.929398060000000248e-01 2.345139839999999809e-01 0.000000000000000000e+00 3.278951580000000199e-01 3.247468559999999727e-01 4.003273479999999718e-01 5.150705740000000032e-01 3.029305800000000048e-01 4.775963300000000133e-01 1.899081960000000013e-01 4.631328860000000214e-01 3.190640679999999785e-01 2.934591599999999967e-01 2.835494560000000330e-01 2.865456579999999809e-01 5.199826460000001038e-01 4.189199900000000198e-01 3.288224039999999571e-01
1.857640459999999882e-01 2.156197320000000084e-01 2.563256999999999897e-01 5.220436600000000205e-01 1.218995420000000135e-01 2.263969440000000444e-01 3.278951580000000199e-01 0.000000000000000000e+00 4.426428460000000342e-01 2.539082559999999988e-01 2.178721400000000197e-01 6.380313779999999824e-01 2.383641340000000053e-01 4.139535020000000287e-01 2.470352360000000191e-01 4.773767379999999672e-01 2.167466819999999961e-01 3.308071799999999785e-01 2.982942780000000238e-01 4.136267319999999970e-01 2.565972900000000334e-01 4.756976259999999845e-01
2.035960960000000042e-01 3.827106040000000098e-01 3.177530080000000035e-01 5.224999919999999687e-01 3.075825099999999757e-01 2.192605379999999771e-01 3.247468559999999727e-01 4.426428460000000342e-01 0.000000000000000000e+00 3.190514640000000068e-01 3.476103420000000166e-01 4.820819319999999908e-01 3.191358060000000219e-01 4.004853160000000356e-01 2.475573300000000199e-01 2.658213600000000065e-01 3.005276580000000308e-01 3.068279620000000096e-01 3.366587859999999877e-01 2.509460659999999677e-01 2.858964800000000084e-01 4.775037579999999449e-01
2.490215600000000029e-01 2.317927759999999782e-01 6.976687320000000136e-01 2.879616859999999945e-01 2.705824279999999860e-01 2.895693240000000168e-01 4.003273479999999718e-01 2.539082559999999988e-01 3.190514640000000068e-01 0.000000000000000000e+00 7.253270699999999627e-01 2.907821540000000149e-01 7.135285379999999344e-01 3.567743879999999979e-01 2.256599740000000409e-01 2.183060600000000240e-01 3.646423600000000542e-01 2.371947000000000083e-01 2.778595799999999949e-01 2.092010039999999960e-01 7.076508040000000221e-01 5.268198060000000016e-01
2.259857279999999968e-01 2.887707840000000026e-01 8.701246700000000445e-01 1.631924880000000244e-01 3.451146640000000154e-01 2.232450179999999895e-01 5.150705740000000032e-01 2.178721400000000197e-01 3.476103420000000166e-01 7.253270699999999627e-01 0.000000000000000000e+00 2.004222940000000008e-01 8.884018799999999771e-01 2.276299540000000232e-01 2.788271020000000489e-01 3.153145439999999744e-01 2.984766559999999513e-01 2.682952000000000115e-01 3.250063300000000099e-01 3.196445159999999897e-01 8.332250839999998382e-01 5.115904620000000236e-01
1.293825979999999876e-01 2.248113280000000047e-01 2.664554119999999471e-01 6.434052740000000270e-01 1.501231059999999784e-01 2.033570619999999773e-01 3.029305800000000048e-01 6.380313779999999824e-01 4.820819319999999908e-01 2.907821540000000149e-01 2.004222940000000008e-01 0.000000000000000000e+00 1.842426960000000113e-01 4.714120539999999693e-01 2.383435480000000162e-01 2.781115799999999694e-01 1.766473540000000342e-01 2.559325600000000311e-01 1.844946639999999749e-01 3.010540259999999746e-01 2.487725420000000409e-01 6.174900059999999247e-01
2.042105399999999960e-01 2.820081560000000098e-01 8.054542799999999669e-01 2.032350499999999727e-01 3.450761700000000154e-01 2.371966780000000219e-01 4.775963300000000133e-01 2.383641340000000053e-01 3.191358060000000219e-01 7.135285379999999344e-01 8.884018799999999771e-01 1.842426960000000113e-01 0.000000000000000000e+00 2.308563840000000256e-01 3.144255739999999855e-01 2.686829399999999812e-01 3.065455099999999655e-01 2.468595960000000145e-01 3.097868639999999951e-01 2.542911339999999742e-01 8.337980999999998755e-01 5.061594360000000181e-01
1.806114799999999909e-01 2.333589699999999989e-01 3.119309879999999646e-01 5.038569999999999993e-01 2.917324319999999860e-01 1.612280680000000022e-01 1.899081960000000013e-01 4.139535020000000287e-01 4.004853160000000356e-01 3.567743879999999979e-01 2.276299540000000232e-01 4.714120539999999693e-01 2.308563840000000256e-01 0.000000000000000000e+00 2.359380719999999987e-01 2.213626599999999889e-01 1.758357380000000192e-01 3.153193719999999867e-01 2.175117660000000230e-01 2.407583719999999983e-01 3.123630020000000007e-01 3.267719079999999443e-01
1.713925119999999969e-01 2.516404839999999976e-01 2.814514300000000024e-01 2.827341620000000111e-01 3.004667040000000289e-01 1.566879880000000003e-01 4.631328860000000214e-01 2.470352360000000191e-01 2.475573300000000199e-01 2.256599740000000409e-01 2.788271020000000489e-01 2.383435480000000162e-01 3.144255739999999855e-01 2.359380719999999987e-01 0.000000000000000000e+00 2.262967740000000061e-01 3.821240819999999760e-01 2.432291080000000272e-01 3.976538560000000277e-01 5.570678539999999179e-01 2.962720600000000037e-01 2.209662240000000166e-01
2.147016939999999985e-01 1.575099819999999928e-01 3.384261840000000188e-01 2.563390759999999990e-01 1.449298859999999800e-01 2.059680880000000214e-01 3.190640679999999785e-01 4.773767379999999672e-01 2.658213600000000065e-01 2.183060600000000240e-01 3.153145439999999744e-01 2.781115799999999694e-01 2.686829399999999812e-01 2.213626599999999889e-01 2.262967740000000061e-01 0.000000000000000000e+00 3.727137320000000198e-01 4.033554959999999801e-01 5.113500979999999752e-01 3.648422759999999654e-01 2.721943519999999728e-01 3.105328980000000572e-01
2.251203760000000109e-01 1.873572219999999899e-01 2.879542639999999598e-01 2.903876799999999814e-01 2.290916300000000183e-01 2.578637819999999858e-01 2.934591599999999967e-01 2.167466819999999961e-01 3.005276580000000308e-01 3.646423600000000542e-01 2.984766559999999513e-01 1.766473540000000342e-01 3.065455099999999655e-01 1.758357380000000192e-01 3.821240819999999760e-01 3.727137320000000198e-01 0.000000000000000000e+00 1.982031479999999957e-01 8.005204779999999243e-01 2.846009340000000276e-01 2.462152320000000061e-01 2.423310540000000179e-01
1.915752219999999895e-01 2.733194220000000341e-01 2.856747639999999699e-01 1.958253280000000207e-01 2.925120259999999806e-01 1.856387720000000074e-01 2.835494560000000330e-01 3.308071799999999785e-01 3.068279620000000096e-01 2.371947000000000083e-01 2.682952000000000115e-01 2.559325600000000311e-01 2.468595960000000145e-01 3.153193719999999867e-01 2.432291080000000272e-01 4.033554959999999801e-01 1.982031479999999957e-01 0.000000000000000000e+00 2.327436619999999901e-01 5.426421820000000285e-01 2.600477319999999759e-01 2.076933059999999942e-01
2.104485260000000246e-01 2.136303739999999840e-01 3.521661539999999535e-01 3.301947020000000066e-01 2.028998800000000047e-01 2.206940240000000164e-01 2.865456579999999809e-01 2.982942780000000238e-01 3.366587859999999877e-01 2.778595799999999949e-01 3.250063300000000099e-01 1.844946639999999749e-01 3.097868639999999951e-01 2.175117660000000230e-01 3.976538560000000277e-01 5.113500979999999752e-01 8.005204779999999243e-01 2.327436619999999901e-01 0.000000000000000000e+00 3.242945480000000158e-01 2.865460380000000029e-01 1.674271079999999912e-01
2.090076919999999949e-01 3.220800060000000298e-01 3.004070819999999920e-01 2.517806360000000021e-01 2.656738259999999463e-01 1.558133540000000150e-01 5.199826460000001038e-01 4.136267319999999970e-01 2.509460659999999677e-01 2.092010039999999960e-01 3.196445159999999897e-01 3.010540259999999746e-01 2.542911339999999742e-01 2.407583719999999983e-01 5.570678539999999179e-01 3.648422759999999654e-01 2.846009340000000276e-01 5.426421820000000285e-01 3.242945480000000158e-01 0.000000000000000000e+00 2.880649639999999789e-01 2.344992959999999405e-01
2.274034960000000383e-01 2.680136199999999524e-01 8.162175919999998808e-01 2.047366139999999834e-01 2.690302439999999740e-01 2.335380059999999924e-01 4.189199900000000198e-01 2.565972900000000334e-01 2.858964800000000084e-01 7.076508040000000221e-01 8.332250839999998382e-01 2.487725420000000409e-01 8.337980999999998755e-01 3.123630020000000007e-01 2.962720600000000037e-01 2.721943519999999728e-01 2.462152320000000061e-01 2.600477319999999759e-01 2.865460380000000029e-01 2.880649639999999789e-01 0.000000000000000000e+00 6.092489999999999295e-01
1.881765559999999948e-01 2.147740939999999710e-01 5.090385480000000351e-01 4.314818940000000325e-01 1.877219200000000143e-01 2.235579780000000183e-01 3.288224039999999571e-01 4.756976259999999845e-01 4.775037579999999449e-01 5.268198060000000016e-01 5.115904620000000236e-01 6.174900059999999247e-01 5.061594360000000181e-01 3.267719079999999443e-01 2.209662240000000166e-01 3.105328980000000572e-01 2.423310540000000179e-01 2.076933059999999942e-01 1.674271079999999912e-01 2.344992959999999405e-01 6.092489999999999295e-01 0.000000000000000000e+00
