0.000000000000000000e+00 2.371594140000000128e-01 1.338386100000000245e-01 4.091320600000000196e-01 2.542104960000000080e-01 6.893228199999998917e-01 8.185413800000000684e-02 8.098957799999999263e-02 1.034574639999999990e-01 8.299483199999999061e-02 8.981819200000000503e-02 1.260454619999999970e-01 1.173825460000000043e-01 9.788455399999998474e-02 5.711451600000000406e-02 7.921110000000000650e-02 8.613766799999998669e-02 9.234397600000000816e-02 8.584354000000000984e-02 9.004602000000000439e-02 8.404658000000000961e-02 6.658981399999999717e-02
2.371594140000000128e-01 0.000000000000000000e+00 1.515215080000000270e-01 2.036948080000000050e-01 6.203057400000000499e-01 1.290304180000000078e-01 8.111741000000000090e-02 1.094036320000000007e-01 7.913892000000000149e-02 6.701135400000000908e-02 9.853291399999999922e-02 6.082641600000000814e-02 8.338126399999999661e-02 7.878692200000000923e-02 1.053965980000000080e-01 1.178014400000000073e-01 7.180766199999999433e-02 9.663799199999997813e-02 8.212160799999999872e-02 7.888417999999999819e-02 6.846763200000000049e-02 7.202663600000000499e-02
1.338386100000000245e-01 1.515215080000000270e-01 0.000000000000000000e+00 9.105163800000000418e-02 1.769605599999999890e-01 1.050882159999999982e-01 1.633883859999999966e-01 2.407585420000000198e-01 1.133467140000000012e-01 1.340394520000000034e-01 5.380540679999998854e-01 1.129200680000000123e-01 5.026641920000000097e-01 7.965512999999999066e-02 6.791460000000000552e-02 1.140189459999999960e-01 2.907996339999999735e-01 2.567172219999999672e-01 3.123714460000000526e-01 2.574278620000000073e-01 4.209779360000000525e-01 2.466089399999999987e-01
4.091320600000000196e-01 2.036948080000000050e-01 9.105163800000000418e-02 0.000000000000000000e+00 2.246030119999999908e-01 3.520257420000000304e-01 1.619613259999999888e-01 1.975875579999999965e-01 1.652933419999999820e-01 9.949399600000000121e-02 1.083007039999999976e-01 3.805055339999999786e-01 1.184538040000000098e-01 2.481567440000000124e-01 1.101532880000000159e-01 1.222938380000000019e-01 1.295301600000000053e-01 1.494226280000000018e-01 1.398305860000000067e-01 1.398895619999999951e-01 1.751368259999999677e-01 2.515698460000000414e-01
2.542104960000000080e-01 6.203057400000000499e-01 1.769605599999999890e-01 2.246030119999999908e-01 0.000000000000000000e+00 2.148297200000000018e-01 9.924493400000000687e-02 1.042756739999999988e-01 9.829950800000000766e-02 8.366386000000000656e-02 8.174018800000000529e-02 5.671175200000000416e-02 5.895481400000000122e-02 8.505887600000000548e-02 5.079845600000000572e-02 1.025046120000000088e-01 6.468497599999999126e-02 9.461172799999999217e-02 6.819727999999999901e-02 9.639779400000000886e-02 7.999017599999999617e-02 6.366293599999998942e-02
6.893228199999998917e-01 1.290304180000000078e-01 1.050882159999999982e-01 3.520257420000000304e-01 2.148297200000000018e-01 0.000000000000000000e+00 1.130060980000000131e-01 1.188264100000000073e-01 1.073244800000000138e-01 7.421243800000000557e-02 8.963419999999999721e-02 1.121068759999999942e-01 1.017109800000000064e-01 9.729367000000001264e-02 6.637076599999999771e-02 6.204984999999999667e-02 9.455180400000000318e-02 9.260852399999999762e-02 9.013387999999999955e-02 1.118826360000000075e-01 7.835611800000000238e-02 7.367980399999998764e-02
8.185413800000000684e-02 8.111741000000000090e-02 1.633883859999999966e-01 1.619613259999999888e-01 9.924493400000000687e-02 1.130060980000000131e-01 0.000000000000000000e+00 7.069234540000000067e-01 1.763024860000000082e-01 1.775722100000000081e-01 1.244394880000000009e-01 1.253413740000000054e-01 1.880589079999999969e-01 1.720985179999999781e-01 3.788163920000000573e-01 2.551752039999999888e-01 6.255314579999999847e-01 7.103108040000001289e-01 6.854181080000000259e-01 6.747925999999999647e-01 2.155973480000000220e-01 2.607595759999999929e-01
8.098957799999999263e-02 1.094036320000000007e-01 2.407585420000000198e-01 1.975875579999999965e-01 1.042756739999999988e-01 1.188264100000000073e-01 7.069234540000000067e-01 0.000000000000000000e+00 1.529933920000000058e-01 1.605343579999999881e-01 1.384936779999999812e-01 1.054057580000000022e-01 1.584151719999999930e-01 1.560635239999999813e-01 2.015969599999999917e-01 4.390308100000000491e-01 6.817425080000000248e-01 6.957898000000000138e-01 7.489583979999999697e-01 6.873135519999999943e-01 2.366434160000000231e-01 2.511011640000000433e-01
1.034574639999999990e-01 7.913892000000000149e-02 1.133467140000000012e-01 1.652933419999999820e-01 9.829950800000000766e-02 1.073244800000000138e-01 1.763024860000000082e-01 1.529933920000000058e-01 0.000000000000000000e+00 1.055213100000000070e-01 7.796183600000000657e-02 1.192269859999999931e-01 2.596555720000000012e-01 1.178101220000000032e-01 2.297938999999999954e-01 8.236703199999999281e-02 9.046167799999998982e-02 1.914002979999999965e-01 1.051290020000000131e-01 1.452648280000000125e-01 1.189631740000000049e-01 1.538166960000000028e-01
8.299483199999999061e-02 6.701135400000000908e-02 1.340394520000000034e-01 9.949399600000000121e-02 8.366386000000000656e-02 7.421243800000000557e-02 1.775722100000000081e-01 1.605343579999999881e-01 1.055213100000000070e-01 0.000000000000000000e+00 2.422527479999999900e-01 1.733710519999999977e-01 1.808092640000000251e-01 5.087144500000000402e-01 9.204994400000000854e-02 7.555839999999999779e-02 1.539047640000000272e-01 1.187772380000000211e-01 1.481420819999999805e-01 1.370481000000000060e-01 1.634690899999999836e-01 7.936138200000000809e-02
8.981819200000000503e-02 9.853291399999999922e-02 5.380540679999998854e-01 1.083007039999999976e-01 8.174018800000000529e-02 8.963419999999999721e-02 1.244394880000000009e-01 1.384936779999999812e-01 7.796183600000000657e-02 2.422527479999999900e-01 0.000000000000000000e+00 1.180611059999999990e-01 5.732452260000000521e-01 1.206498059999999983e-01 1.329174880000000003e-01 4.724476600000000054e-02 1.823178879999999835e-01 1.720079959999999963e-01 1.949538199999999999e-01 1.665740159999999914e-01 4.908929679999999851e-01 2.835321000000000091e-01
1.260454619999999970e-01 6.082641600000000814e-02 1.129200680000000123e-01 3.805055339999999786e-01 5.671175200000000416e-02 1.121068759999999942e-01 1.253413740000000054e-01 1.054057580000000022e-01 1.192269859999999931e-01 1.733710519999999977e-01 1.180611059999999990e-01 0.000000000000000000e+00 1.080314539999999990e-01 2.684518800000000316e-01 4.403792000000000123e-02 8.846871199999999102e-02 1.256120980000000054e-01 1.124606439999999985e-01 1.203166480000000121e-01 1.282498099999999919e-01 8.110736799999999913e-02 2.188236840000000183e-01
1.173825460000000043e-01 8.338126399999999661e-02 5.026641920000000097e-01 1.184538040000000098e-01 5.895481400000000122e-02 1.017109800000000064e-01 1.880589079999999969e-01 1.584151719999999930e-01 2.596555720000000012e-01 1.808092640000000251e-01 5.732452260000000521e-01 1.080314539999999990e-01 0.000000000000000000e+00 1.050534959999999962e-01 1.670761779999999919e-01 7.893268800000000085e-02 1.823219960000000139e-01 1.596746400000000066e-01 1.995486779999999793e-01 1.408698680000000092e-01 4.921697139999999804e-01 1.788950820000000108e-01
9.788455399999998474e-02 7.878692200000000923e-02 7.965512999999999066e-02 2.481567440000000124e-01 8.505887600000000548e-02 9.729367000000001264e-02 1.720985179999999781e-01 1.560635239999999813e-01 1.178101220000000032e-01 5.087144500000000402e-01 1.206498059999999983e-01 2.684518800000000316e-01 1.050534959999999962e-01 0.000000000000000000e+00 1.170765640000000218e-01 1.439631900000000186e-01 1.776465299999999969e-01 1.467115440000000270e-01 1.874289379999999894e-01 1.269775179999999837e-01 9.753420800000001112e-02 1.462746600000000008e-01
5.711451600000000406e-02 1.053965980000000080e-01 6.791460000000000552e-02 1.101532880000000159e-01 5.079845600000000572e-02 6.637076599999999771e-02 3.788163920000000573e-01 2.015969599999999917e-01 2.297938999999999954e-01 9.204994400000000854e-02 1.329174880000000003e-01 4.403792000000000123e-02 1.670761779999999919e-01 1.170765640000000218e-01 0.000000000000000000e+00 3.594406380000000345e-01 8.611901200000000867e-02 4.151476200000000505e-01 3.803743000000000402e-02 2.310709160000000151e-01 1.507364919999999997e-01 1.659476540000000000e-01
7.921110000000000650e-02 1.178014400000000073e-01 1.140189459999999960e-01 1.222938380000000019e-01 1.025046120000000088e-01 6.204984999999999667e-02 2.551752039999999888e-01 4.390308100000000491e-01 8.236703199999999281e-02 7.555839999999999779e-02 4.724476600000000054e-02 8.846871199999999102e-02 7.893268800000000085e-02 1.439631900000000186e-01 3.594406380000000345e-01 0.000000000000000000e+00 2.143197619999999692e-01 3.800570400000000126e-01 2.778445920000000013e-01 2.844357100000000083e-01 9.455257799999999824e-02 1.119278780000000084e-01
8.613766799999998669e-02 7.180766199999999433e-02 2.907996339999999735e-01 1.295301600000000053e-01 6.468497599999999126e-02 9.455180400000000318e-02 6.255314579999999847e-01 6.817425080000000248e-01 9.046167799999998982e-02 1.539047640000000272e-01 1.823178879999999835e-01 1.256120980000000054e-01 1.823219960000000139e-01 1.776465299999999969e-01 8.611901200000000867e-02 2.143197619999999692e-01 0.000000000000000000e+00 4.963612879999999561e-01 9.649890899999998828e-01 5.549598479999999778e-01 2.586285480000000137e-01 2.486159920000000079e-01
9.234397600000000816e-02 9.663799199999997813e-02 2.567172219999999672e-01 1.494226280000000018e-01 9.461172799999999217e-02 9.260852399999999762e-02 7.103108040000001289e-01 6.957898000000000138e-01 1.914002979999999965e-01 1.187772380000000211e-01 1.720079959999999963e-01 1.124606439999999985e-01 1.596746400000000066e-01 1.467115440000000270e-01 4.151476200000000505e-01 3.800570400000000126e-01 4.963612879999999561e-01 0.000000000000000000e+00 5.713778940000000528e-01 8.898627420000000399e-01 2.303519360000000071e-01 2.307367699999999799e-01
8.584354000000000984e-02 8.212160799999999872e-02 3.123714460000000526e-01 1.398305860000000067e-01 6.819727999999999901e-02 9.013387999999999955e-02 6.854181080000000259e-01 7.489583979999999697e-01 1.051290020000000131e-01 1.481420819999999805e-01 1.949538199999999999e-01 1.203166480000000121e-01 1.995486779999999793e-01 1.874289379999999894e-01 3.803743000000000402e-02 2.778445920000000013e-01 9.649890899999998828e-01 5.713778940000000528e-01 0.000000000000000000e+00 6.022380220000000950e-01 2.665544739999999857e-01 2.682902779999999932e-01
9.004602000000000439e-02 7.888417999999999819e-02 2.574278620000000073e-01 1.398895619999999951e-01 9.639779400000000886e-02 1.118826360000000075e-01 6.747925999999999647e-01 6.873135519999999943e-01 1.452648280000000125e-01 1.370481000000000060e-01 1.665740159999999914e-01 1.282498099999999919e-01 1.408698680000000092e-01 1.269775179999999837e-01 2.310709160000000151e-01 2.844357100000000083e-01 5.549598479999999778e-01 8.898627420000000399e-01 6.022380220000000950e-01 0.000000000000000000e+00 2.213335620000000115e-01 2.356949779999999994e-01
8.404658000000000961e-02 6.846763200000000049e-02 4.209779360000000525e-01 1.751368259999999677e-01 7.999017599999999617e-02 7.835611800000000238e-02 2.155973480000000220e-01 2.366434160000000231e-01 1.189631740000000049e-01 1.634690899999999836e-01 4.908929679999999851e-01 8.110736799999999913e-02 4.921697139999999804e-01 9.753420800000001112e-02 1.507364919999999997e-01 9.455257799999999824e-02 2.586285480000000137e-01 2.303519360000000071e-01 2.665544739999999857e-01 2.213335620000000115e-01 0.000000000000000000e+00 3.100245419999999585e-01
6.658981399999999717e-02 7.202663600000000499e-02 2.466089399999999987e-01 2.515698460000000414e-01 6.366293599999998942e-02 7.367980399999998764e-02 2.607595759999999929e-01 2.511011640000000433e-01 1.538166960000000028e-01 7.936138200000000809e-02 2.835321000000000091e-01 2.188236840000000183e-01 1.788950820000000108e-01 1.462746600000000008e-01 1.659476540000000000e-01 1.119278780000000084e-01 2.486159920000000079e-01 2.307367699999999799e-01 2.682902779999999932e-01 2.356949779999999994e-01 3.100245419999999585e-01 0.000000000000000000e+00
