0.000000000000000000e+00 6.950559320000000429e-01 5.864289439999998965e-01 6.225371600000000338e-01 6.763276659999999385e-01 6.630935980000000063e-01 2.882386840000000228e-01 3.726030260000000038e-01 4.521759639999999858e-01 5.505567900000000181e-01 3.804658340000000027e-01 4.563337120000000025e-01 3.187084760000000183e-01 3.531286699999999779e-01 2.574752200000000046e-01 2.438283220000000140e-01 2.311377699999999924e-01 3.385949700000000506e-01 3.000195500000000237e-01 2.816700560000000020e-01 2.358705879999999921e-01 1.891160379999999863e-01
6.950559320000000429e-01 0.000000000000000000e+00 4.212420540000000324e-01 4.509615240000000580e-01 8.072837219999998704e-01 7.694752719999999879e-01 2.083820219999999723e-01 2.887132199999999926e-01 3.644034460000000197e-01 3.733519060000000112e-01 3.027647359999999788e-01 3.465373259999999789e-01 2.634489819999999982e-01 3.406817400000000107e-01 2.517301859999999669e-01 2.076179619999999892e-01 1.205094920000000097e-01 2.388206059999999908e-01 2.652724479999999940e-01 2.624112100000000058e-01 2.232614360000000353e-01 3.156754400000000294e-01
5.864289439999998965e-01 4.212420540000000324e-01 0.000000000000000000e+00 7.688810699999999443e-01 4.070647499999999752e-01 4.176181040000000455e-01 5.693954879999999497e-01 5.221606100000000250e-01 7.013164780000000764e-01 7.067803259999998478e-01 7.441657059999999824e-01 5.853486879999999504e-01 7.076661539999999917e-01 3.625367039999999874e-01 3.342750179999999793e-01 2.929259020000000158e-01 3.495121640000000141e-01 3.614401240000000293e-01 3.429346819999999907e-01 3.366715940000000740e-01 5.949174320000000238e-01 2.903179220000000060e-01
6.225371600000000338e-01 4.509615240000000580e-01 7.688810699999999443e-01 0.000000000000000000e+00 3.724625360000000107e-01 4.048051480000000035e-01 4.477786059999999679e-01 6.892805619999999855e-01 5.728269059999998580e-01 7.378924700000000225e-01 5.159145520000000262e-01 7.587194240000000311e-01 5.665989240000000038e-01 4.832248479999999846e-01 2.490273939999999853e-01 3.272889759999999537e-01 2.138634700000000000e-01 3.172792399999999624e-01 2.623889019999999794e-01 2.965511440000000443e-01 5.041785100000000241e-01 3.167335140000000493e-01
6.763276659999999385e-01 8.072837219999998704e-01 4.070647499999999752e-01 3.724625360000000107e-01 0.000000000000000000e+00 6.444295180000000345e-01 2.171498560000000300e-01 2.287777539999999998e-01 4.020717239999999637e-01 3.856102479999999888e-01 3.457082720000000386e-01 3.248554859999999711e-01 2.588778840000000026e-01 2.757077940000000060e-01 2.581978980000000368e-01 2.240856800000000093e-01 1.672557120000000008e-01 2.604557379999999922e-01 2.577145559999999835e-01 2.952375800000000550e-01 2.630008840000000458e-01 3.420598320000000081e-01
6.630935980000000063e-01 7.694752719999999879e-01 4.176181040000000455e-01 4.048051480000000035e-01 6.444295180000000345e-01 0.000000000000000000e+00 2.582038999999999862e-01 2.789186200000000060e-01 4.340060900000000110e-01 4.074632280000000106e-01 3.787157280000000292e-01 3.743402860000000221e-01 3.163926200000000133e-01 2.030105279999999957e-01 2.333789980000000042e-01 2.008388859999999665e-01 1.509076619999999980e-01 2.751626899999999876e-01 2.825632279999999996e-01 3.167868839999999908e-01 2.580813659999999787e-01 3.123005799999999943e-01
2.882386840000000228e-01 2.083820219999999723e-01 5.693954879999999497e-01 4.477786059999999679e-01 2.171498560000000300e-01 2.582038999999999862e-01 0.000000000000000000e+00 3.848613739999999228e-01 4.816021179999999680e-01 5.074817700000000542e-01 5.448668760000000555e-01 4.025414460000000250e-01 5.685812059999999502e-01 2.694298820000000094e-01 2.644157100000000260e-01 1.689162719999999784e-01 2.369615240000000345e-01 2.121846460000000045e-01 2.262057580000000068e-01 2.530322999999999878e-01 4.849704559999999942e-01 2.106225000000000180e-01
3.726030260000000038e-01 2.887132199999999926e-01 5.221606100000000250e-01 6.892805619999999855e-01 2.287777539999999998e-01 2.789186200000000060e-01 3.848613739999999228e-01 0.000000000000000000e+00 4.371265219999999618e-01 6.776603919999999448e-01 4.076627740000000055e-01 7.638550059999998920e-01 4.883754559999999856e-01 4.145136999999999849e-01 1.582208939999999731e-01 1.860025660000000358e-01 3.176927800000000079e-01 2.358693540000000310e-01 2.458991519999999542e-01 1.505642939999999874e-01 4.685197979999998763e-01 4.097898660000000026e-01
4.521759639999999858e-01 3.644034460000000197e-01 7.013164780000000764e-01 5.728269059999998580e-01 4.020717239999999637e-01 4.340060900000000110e-01 4.816021179999999680e-01 4.371265219999999618e-01 0.000000000000000000e+00 6.352679639999999628e-01 8.515069020000000100e-01 5.493677059999999557e-01 5.843031480000000499e-01 3.896557100000000440e-01 3.948585540000000282e-01 3.415402840000000273e-01 4.049581920000000501e-01 3.914108440000000355e-01 4.271392200000000416e-01 4.073680240000000508e-01 5.853860699999999806e-01 2.597503979999999935e-01
5.505567900000000181e-01 3.733519060000000112e-01 7.067803259999998478e-01 7.378924700000000225e-01 3.856102479999999888e-01 4.074632280000000106e-01 5.074817700000000542e-01 6.776603919999999448e-01 6.352679639999999628e-01 0.000000000000000000e+00 6.106660440000000190e-01 7.896386300000000080e-01 6.617406359999999932e-01 3.962072280000000224e-01 2.798954599999999848e-01 3.112640640000000625e-01 3.674550059999999729e-01 3.774511699999999470e-01 3.129963080000000564e-01 3.441526759999999907e-01 6.366614519999999056e-01 2.833510440000000519e-01
3.804658340000000027e-01 3.027647359999999788e-01 7.441657059999999824e-01 5.159145520000000262e-01 3.457082720000000386e-01 3.787157280000000292e-01 5.448668760000000555e-01 4.076627740000000055e-01 8.515069020000000100e-01 6.106660440000000190e-01 0.000000000000000000e+00 4.984922619999999638e-01 7.113098340000000297e-01 3.187063800000000113e-01 3.986668940000000494e-01 2.975224840000000315e-01 4.082130679999999567e-01 3.892203680000000388e-01 4.325045320000001081e-01 3.633924839999999601e-01 6.947817320000000407e-01 2.980891500000000249e-01
4.563337120000000025e-01 3.465373259999999789e-01 5.853486879999999504e-01 7.587194240000000311e-01 3.248554859999999711e-01 3.743402860000000221e-01 4.025414460000000250e-01 7.638550059999998920e-01 5.493677059999999557e-01 7.896386300000000080e-01 4.984922619999999638e-01 0.000000000000000000e+00 5.176448419999999384e-01 4.194523540000000272e-01 2.488373020000000102e-01 3.312598900000000013e-01 3.002749100000000060e-01 3.844990860000000454e-01 2.718970500000000290e-01 3.067565959999999370e-01 5.187368159999999895e-01 4.063676960000000560e-01
3.187084760000000183e-01 2.634489819999999982e-01 7.076661539999999917e-01 5.665989240000000038e-01 2.588778840000000026e-01 3.163926200000000133e-01 5.685812059999999502e-01 4.883754559999999856e-01 5.843031480000000499e-01 6.617406359999999932e-01 7.113098340000000297e-01 5.176448419999999384e-01 0.000000000000000000e+00 3.502903179999999894e-01 3.432139140000000088e-01 3.039842520000000103e-01 3.600460420000000106e-01 3.150100140000000049e-01 3.539884640000000582e-01 2.830224620000000302e-01 8.173036239999997843e-01 3.378077919999999401e-01
3.531286699999999779e-01 3.406817400000000107e-01 3.625367039999999874e-01 4.832248479999999846e-01 2.757077940000000060e-01 2.030105279999999957e-01 2.694298820000000094e-01 4.145136999999999849e-01 3.896557100000000440e-01 3.962072280000000224e-01 3.187063800000000113e-01 4.194523540000000272e-01 3.502903179999999894e-01 0.000000000000000000e+00 2.470482660000000164e-01 3.255778020000000272e-01 2.032333139999999982e-01 2.797959399999999652e-01 2.209565739999999889e-01 3.227540779999999998e-01 3.247880839999999769e-01 3.571123999999999965e-01
2.574752200000000046e-01 2.517301859999999669e-01 3.342750179999999793e-01 2.490273939999999853e-01 2.581978980000000368e-01 2.333789980000000042e-01 2.644157100000000260e-01 1.582208939999999731e-01 3.948585540000000282e-01 2.798954599999999848e-01 3.986668940000000494e-01 2.488373020000000102e-01 3.432139140000000088e-01 2.470482660000000164e-01 0.000000000000000000e+00 2.903295980000000220e-01 4.122644340000000684e-01 3.455716119999999725e-01 4.003349019999999925e-01 4.885649739999999852e-01 3.633374580000000575e-01 1.525403939999999958e-01
2.438283220000000140e-01 2.076179619999999892e-01 2.929259020000000158e-01 3.272889759999999537e-01 2.240856800000000093e-01 2.008388859999999665e-01 1.689162719999999784e-01 1.860025660000000358e-01 3.415402840000000273e-01 3.112640640000000625e-01 2.975224840000000315e-01 3.312598900000000013e-01 3.039842520000000103e-01 3.255778020000000272e-01 2.903295980000000220e-01 0.000000000000000000e+00 3.067821219999999904e-01 6.380174379999999923e-01 4.969564900000000840e-01 5.291891499999999970e-01 2.849981119999999701e-01 4.160354860000000099e-01
2.311377699999999924e-01 1.205094920000000097e-01 3.495121640000000141e-01 2.138634700000000000e-01 1.672557120000000008e-01 1.509076619999999980e-01 2.369615240000000345e-01 3.176927800000000079e-01 4.049581920000000501e-01 3.674550059999999729e-01 4.082130679999999567e-01 3.002749100000000060e-01 3.600460420000000106e-01 2.032333139999999982e-01 4.122644340000000684e-01 3.067821219999999904e-01 0.000000000000000000e+00 3.686980300000000099e-01 6.720267540000000039e-01 3.789707719999999558e-01 3.893945179999999673e-01 1.967639640000000134e-01
3.385949700000000506e-01 2.388206059999999908e-01 3.614401240000000293e-01 3.172792399999999624e-01 2.604557379999999922e-01 2.751626899999999876e-01 2.121846460000000045e-01 2.358693540000000310e-01 3.914108440000000355e-01 3.774511699999999470e-01 3.892203680000000388e-01 3.844990860000000454e-01 3.150100140000000049e-01 2.797959399999999652e-01 3.455716119999999725e-01 6.380174379999999923e-01 3.686980300000000099e-01 0.000000000000000000e+00 4.637692519999999652e-01 7.122711740000000624e-01 3.025713680000000072e-01 3.592861399999999206e-01
3.000195500000000237e-01 2.652724479999999940e-01 3.429346819999999907e-01 2.623889019999999794e-01 2.577145559999999835e-01 2.825632279999999996e-01 2.262057580000000068e-01 2.458991519999999542e-01 4.271392200000000416e-01 3.129963080000000564e-01 4.325045320000001081e-01 2.718970500000000290e-01 3.539884640000000582e-01 2.209565739999999889e-01 4.003349019999999925e-01 4.969564900000000840e-01 6.720267540000000039e-01 4.637692519999999652e-01 0.000000000000000000e+00 3.928039159999999752e-01 3.810520159999999934e-01 2.681275020000000175e-01
2.816700560000000020e-01 2.624112100000000058e-01 3.366715940000000740e-01 2.965511440000000443e-01 2.952375800000000550e-01 3.167868839999999908e-01 2.530322999999999878e-01 1.505642939999999874e-01 4.073680240000000508e-01 3.441526759999999907e-01 3.633924839999999601e-01 3.067565959999999370e-01 2.830224620000000302e-01 3.227540779999999998e-01 4.885649739999999852e-01 5.291891499999999970e-01 3.789707719999999558e-01 7.122711740000000624e-01 3.928039159999999752e-01 0.000000000000000000e+00 3.255274300000000065e-01 2.609245139999999963e-01
2.358705879999999921e-01 2.232614360000000353e-01 5.949174320000000238e-01 5.041785100000000241e-01 2.630008840000000458e-01 2.580813659999999787e-01 4.849704559999999942e-01 4.685197979999998763e-01 5.853860699999999806e-01 6.366614519999999056e-01 6.947817320000000407e-01 5.187368159999999895e-01 8.173036239999997843e-01 3.247880839999999769e-01 3.633374580000000575e-01 2.849981119999999701e-01 3.893945179999999673e-01 3.025713680000000072e-01 3.810520159999999934e-01 3.255274300000000065e-01 0.000000000000000000e+00 3.675959759999999910e-01
1.891160379999999863e-01 3.156754400000000294e-01 2.903179220000000060e-01 3.167335140000000493e-01 3.420598320000000081e-01 3.123005799999999943e-01 2.106225000000000180e-01 4.097898660000000026e-01 2.597503979999999935e-01 2.833510440000000519e-01 2.980891500000000249e-01 4.063676960000000560e-01 3.378077919999999401e-01 3.571123999999999965e-01 1.525403939999999958e-01 4.160354860000000099e-01 1.967639640000000134e-01 3.592861399999999206e-01 2.681275020000000175e-01 2.609245139999999963e-01 3.675959759999999910e-01 0.000000000000000000e+00
