0.000000000000000000e+00 6.794300879999999321e-01 4.815155019999999841e-01 5.599878099999999748e-01 7.325684499999999266e-01 9.044442179999998555e-01 1.376582100000000031e-01 1.402264020000000000e-01 1.585001460000000084e-01 1.690287919999999833e-01 1.829555600000000171e-01 1.610109500000000138e-01 1.686059280000000160e-01 1.353084620000000182e-01 8.705488200000000010e-02 1.070231199999999994e-01 7.691937599999999764e-02 1.323057360000000071e-01 7.772930799999999696e-02 1.309620439999999997e-01 1.881312879999999799e-01 1.869292040000000155e-01
6.794300879999999321e-01 0.000000000000000000e+00 4.781961959999999623e-01 4.591805840000000027e-01 8.634470560000000461e-01 6.444294680000000053e-01 8.175527400000000278e-02 1.050805139999999999e-01 1.416228760000000086e-01 1.528973760000000015e-01 1.348092679999999821e-01 1.588448100000000029e-01 1.541417660000000134e-01 1.179056220000000155e-01 6.935541800000000201e-02 9.268068599999999824e-02 9.196027799999999253e-02 1.353684140000000202e-01 9.514656600000001574e-02 1.172584200000000021e-01 1.847260880000000383e-01 1.722129359999999831e-01
4.815155019999999841e-01 4.781961959999999623e-01 0.000000000000000000e+00 5.176159080000000134e-01 4.958743899999999982e-01 4.827452579999998994e-01 4.238343519999999698e-01 2.854751460000000129e-01 5.481684599999999685e-01 4.131341799999999620e-01 6.642280520000000132e-01 3.008244359999999729e-01 6.333891080000000340e-01 2.748731839999999926e-01 1.872396180000000243e-01 1.049635680000000210e-01 7.475617599999999363e-02 1.257326059999999968e-01 9.386894400000000971e-02 1.579629479999999919e-01 6.254118739999998677e-01 5.460392400000000368e-01
5.599878099999999748e-01 4.591805840000000027e-01 5.176159080000000134e-01 0.000000000000000000e+00 4.762982299999999891e-01 5.346180220000000816e-01 2.899988539999999726e-01 4.660854520000000112e-01 4.681690920000000089e-01 5.740322780000000069e-01 3.463957079999999689e-01 6.334986460000000541e-01 3.427128620000000070e-01 5.763100480000000747e-01 8.379346000000001404e-02 1.692742100000000360e-01 1.074987359999999975e-01 1.739404299999999792e-01 1.270025399999999971e-01 2.018798719999999880e-01 4.385907079999999958e-01 5.914473840000000759e-01
7.325684499999999266e-01 8.634470560000000461e-01 4.958743899999999982e-01 4.762982299999999891e-01 0.000000000000000000e+00 7.024885080000000670e-01 9.090307400000000038e-02 1.123742739999999962e-01 1.408061599999999858e-01 1.465256180000000241e-01 1.341489459999999911e-01 1.635635719999999904e-01 1.530587059999999888e-01 1.302186580000000149e-01 9.322078599999999993e-02 1.045870320000000103e-01 9.014919399999998806e-02 1.183801939999999941e-01 9.683977000000000557e-02 1.340560379999999885e-01 1.756110019999999605e-01 1.637240540000000077e-01
9.044442179999998555e-01 6.444294680000000053e-01 4.827452579999998994e-01 5.346180220000000816e-01 7.024885080000000670e-01 0.000000000000000000e+00 1.335843919999999962e-01 1.558231959999999972e-01 1.532885039999999921e-01 1.488891559999999947e-01 1.733930119999999853e-01 1.606002939999999768e-01 1.570582339999999910e-01 1.270045959999999974e-01 9.097312800000000033e-02 9.911100600000000149e-02 7.101248799999999861e-02 1.393744499999999831e-01 7.324877199999998978e-02 1.287490619999999975e-01 1.787165520000000007e-01 1.872195779999999699e-01
1.376582100000000031e-01 8.175527400000000278e-02 4.238343519999999698e-01 2.899988539999999726e-01 9.090307400000000038e-02 1.335843919999999962e-01 0.000000000000000000e+00 4.530806260000000418e-01 4.255152219999999152e-01 4.172597100000000059e-01 4.628189179999999681e-01 2.579942460000000382e-01 4.415809859999999532e-01 2.331679240000000264e-01 6.171767719999998736e-01 3.243853239999999749e-01 1.672440739999999926e-01 1.302596680000000229e-01 1.632068600000000091e-01 4.189757359999999875e-01 4.515457219999999827e-01 4.187145300000000292e-01
1.402264020000000000e-01 1.050805139999999999e-01 2.854751460000000129e-01 4.660854520000000112e-01 1.123742739999999962e-01 1.558231959999999972e-01 4.530806260000000418e-01 0.000000000000000000e+00 4.663386900000000002e-01 5.027530820000000178e-01 3.406873400000000052e-01 5.501578739999999357e-01 3.107206639999999798e-01 4.763134980000000018e-01 1.474281060000000032e-01 5.181114759999999597e-01 1.107371140000000115e-01 1.546607499999999857e-01 2.255970399999999709e-01 2.891139479999999540e-01 3.705859519999999963e-01 5.105763199999999724e-01
1.585001460000000084e-01 1.416228760000000086e-01 5.481684599999999685e-01 4.681690920000000089e-01 1.408061599999999858e-01 1.532885039999999921e-01 4.255152219999999152e-01 4.663386900000000002e-01 0.000000000000000000e+00 4.740273280000000256e-01 5.874525259999999749e-01 4.800393019999999455e-01 6.592799879999999835e-01 4.307105900000000043e-01 1.642064779999999891e-01 1.478956120000000096e-01 8.068394800000000533e-02 1.035713359999999861e-01 1.159518300000000057e-01 2.260573739999999776e-01 6.095010579999999845e-01 6.078543459999999898e-01
1.690287919999999833e-01 1.528973760000000015e-01 4.131341799999999620e-01 5.740322780000000069e-01 1.465256180000000241e-01 1.488891559999999947e-01 4.172597100000000059e-01 5.027530820000000178e-01 4.740273280000000256e-01 0.000000000000000000e+00 4.565828100000000056e-01 6.353620899999998795e-01 4.463959100000000069e-01 7.397581499999998922e-01 1.172769859999999997e-01 2.054461879999999740e-01 9.939196000000000142e-02 1.215256580000000086e-01 1.221461080000000032e-01 2.530243699999999984e-01 5.359995720000000352e-01 6.162786080000000055e-01
1.829555600000000171e-01 1.348092679999999821e-01 6.642280520000000132e-01 3.463957079999999689e-01 1.341489459999999911e-01 1.733930119999999853e-01 4.628189179999999681e-01 3.406873400000000052e-01 5.874525259999999749e-01 4.565828100000000056e-01 0.000000000000000000e+00 2.890047660000000240e-01 7.745269020000000726e-01 2.855876999999999999e-01 1.529383799999999849e-01 9.129584999999999784e-02 1.004325040000000058e-01 1.033126040000000023e-01 1.063582279999999852e-01 1.903400379999999892e-01 6.995536479999999724e-01 5.736859979999999748e-01
1.610109500000000138e-01 1.588448100000000029e-01 3.008244359999999729e-01 6.334986460000000541e-01 1.635635719999999904e-01 1.606002939999999768e-01 2.579942460000000382e-01 5.501578739999999357e-01 4.800393019999999455e-01 6.353620899999998795e-01 2.890047660000000240e-01 0.000000000000000000e+00 2.954621659999999705e-01 7.087784839999999864e-01 8.815214000000000383e-02 2.006069920000000395e-01 1.275026719999999836e-01 1.357190999999999814e-01 1.266031380000000039e-01 2.260370359999999967e-01 3.805608980000000363e-01 5.729977099999998824e-01
1.686059280000000160e-01 1.541417660000000134e-01 6.333891080000000340e-01 3.427128620000000070e-01 1.530587059999999888e-01 1.570582339999999910e-01 4.415809859999999532e-01 3.107206639999999798e-01 6.592799879999999835e-01 4.463959100000000069e-01 7.745269020000000726e-01 2.954621659999999705e-01 0.000000000000000000e+00 2.711491999999999791e-01 1.373887920000000096e-01 9.014813599999998983e-02 7.444799599999998851e-02 8.653415200000000307e-02 9.810636600000000040e-02 1.721699640000000087e-01 6.771760060000000525e-01 5.460093200000000202e-01
1.353084620000000182e-01 1.179056220000000155e-01 2.748731839999999926e-01 5.763100480000000747e-01 1.302186580000000149e-01 1.270045959999999974e-01 2.331679240000000264e-01 4.763134980000000018e-01 4.307105900000000043e-01 7.397581499999998922e-01 2.855876999999999999e-01 7.087784839999999864e-01 2.711491999999999791e-01 0.000000000000000000e+00 5.452352600000000965e-02 1.820270459999999979e-01 9.588426800000000860e-02 1.128818279999999896e-01 1.068859860000000161e-01 1.993800020000000006e-01 3.618481699999999690e-01 5.385408520000000143e-01
8.705488200000000010e-02 6.935541800000000201e-02 1.872396180000000243e-01 8.379346000000001404e-02 9.322078599999999993e-02 9.097312800000000033e-02 6.171767719999998736e-01 1.474281060000000032e-01 1.642064779999999891e-01 1.172769859999999997e-01 1.529383799999999849e-01 8.815214000000000383e-02 1.373887920000000096e-01 5.452352600000000965e-02 0.000000000000000000e+00 1.731232980000000088e-01 1.624061659999999907e-01 1.552215220000000007e-01 1.701991239999999794e-01 3.072514679999999720e-01 1.420795619999999926e-01 1.247356340000000119e-01
1.070231199999999994e-01 9.268068599999999824e-02 1.049635680000000210e-01 1.692742100000000360e-01 1.045870320000000103e-01 9.911100600000000149e-02 3.243853239999999749e-01 5.181114759999999597e-01 1.478956120000000096e-01 2.054461879999999740e-01 9.129584999999999784e-02 2.006069920000000395e-01 9.014813599999998983e-02 1.820270459999999979e-01 1.731232980000000088e-01 0.000000000000000000e+00 7.502902599999999866e-02 1.584332999999999991e-01 1.642974359999999912e-01 1.903034600000000076e-01 1.097374299999999969e-01 1.694458500000000090e-01
7.691937599999999764e-02 9.196027799999999253e-02 7.475617599999999363e-02 1.074987359999999975e-01 9.014919399999998806e-02 7.101248799999999861e-02 1.672440739999999926e-01 1.107371140000000115e-01 8.068394800000000533e-02 9.939196000000000142e-02 1.004325040000000058e-01 1.275026719999999836e-01 7.444799599999998851e-02 9.588426800000000860e-02 1.624061659999999907e-01 7.502902599999999866e-02 0.000000000000000000e+00 1.365786299999999787e-01 8.777796039999999911e-01 1.963143860000000074e-01 1.023606039999999939e-01 1.261158039999999980e-01
1.323057360000000071e-01 1.353684140000000202e-01 1.257326059999999968e-01 1.739404299999999792e-01 1.183801939999999941e-01 1.393744499999999831e-01 1.302596680000000229e-01 1.546607499999999857e-01 1.035713359999999861e-01 1.215256580000000086e-01 1.033126040000000023e-01 1.357190999999999814e-01 8.653415200000000307e-02 1.128818279999999896e-01 1.552215220000000007e-01 1.584332999999999991e-01 1.365786299999999787e-01 0.000000000000000000e+00 1.350031159999999786e-01 6.873877119999999286e-01 1.413213940000000446e-01 1.397467859999999840e-01
7.772930799999999696e-02 9.514656600000001574e-02 9.386894400000000971e-02 1.270025399999999971e-01 9.683977000000000557e-02 7.324877199999998978e-02 1.632068600000000091e-01 2.255970399999999709e-01 1.159518300000000057e-01 1.221461080000000032e-01 1.063582279999999852e-01 1.266031380000000039e-01 9.810636600000000040e-02 1.068859860000000161e-01 1.701991239999999794e-01 1.642974359999999912e-01 8.777796039999999911e-01 1.350031159999999786e-01 0.000000000000000000e+00 1.976095859999999760e-01 1.229973240000000051e-01 1.394858860000000034e-01
1.309620439999999997e-01 1.172584200000000021e-01 1.579629479999999919e-01 2.018798719999999880e-01 1.340560379999999885e-01 1.287490619999999975e-01 4.189757359999999875e-01 2.891139479999999540e-01 2.260573739999999776e-01 2.530243699999999984e-01 1.903400379999999892e-01 2.260370359999999967e-01 1.721699640000000087e-01 1.993800020000000006e-01 3.072514679999999720e-01 1.903034600000000076e-01 1.963143860000000074e-01 6.873877119999999286e-01 1.976095859999999760e-01 0.000000000000000000e+00 1.872273279999999984e-01 2.077765799999999885e-01
1.881312879999999799e-01 1.847260880000000383e-01 6.254118739999998677e-01 4.385907079999999958e-01 1.756110019999999605e-01 1.787165520000000007e-01 4.515457219999999827e-01 3.705859519999999963e-01 6.095010579999999845e-01 5.359995720000000352e-01 6.995536479999999724e-01 3.805608980000000363e-01 6.771760060000000525e-01 3.618481699999999690e-01 1.420795619999999926e-01 1.097374299999999969e-01 1.023606039999999939e-01 1.413213940000000446e-01 1.229973240000000051e-01 1.872273279999999984e-01 0.000000000000000000e+00 7.072301659999998824e-01
1.869292040000000155e-01 1.722129359999999831e-01 5.460392400000000368e-01 5.914473840000000759e-01 1.637240540000000077e-01 1.872195779999999699e-01 4.187145300000000292e-01 5.105763199999999724e-01 6.078543459999999898e-01 6.162786080000000055e-01 5.736859979999999748e-01 5.729977099999998824e-01 5.460093200000000202e-01 5.385408520000000143e-01 1.247356340000000119e-01 1.694458500000000090e-01 1.261158039999999980e-01 1.397467859999999840e-01 1.394858860000000034e-01 2.077765799999999885e-01 7.072301659999998824e-01 0.000000000000000000e+00
