0.000000000000000000e+00 1.525981879999999680e-01 1.183490180000000003e-01 3.653041060000000173e-01 1.739006120000000100e-01 6.410024160000000748e-01 9.042813199999999441e-02 6.893577199999999239e-02 1.168422199999999966e-01 6.403416399999999065e-02 6.874505200000000094e-02 9.106013000000000301e-02 9.134523399999999738e-02 1.041888259999999844e-01 8.096552399999999705e-02 1.304213899999999982e-01 6.280490199999999579e-02 9.600744399999999734e-02 6.991015800000001390e-02 7.868908999999998932e-02 1.090105119999999761e-01 6.392845399999999567e-02
1.525981879999999680e-01 0.000000000000000000e+00 1.629536340000000139e-01 1.359427599999999958e-01 6.152232220000000140e-01 1.076253939999999992e-01 8.576716799999999086e-02 9.200828200000001067e-02 8.728806399999999854e-02 9.443366200000000155e-02 1.035294600000000037e-01 8.662321399999999005e-02 8.090938200000000191e-02 9.155502399999999874e-02 7.078654800000000469e-02 1.147999540000000096e-01 1.060363740000000166e-01 7.220158399999999921e-02 8.979383600000000187e-02 9.974143399999998993e-02 9.477246999999999755e-02 8.239696200000000414e-02
1.183490180000000003e-01 1.629536340000000139e-01 0.000000000000000000e+00 1.185269619999999857e-01 1.880463259999999859e-01 7.909504200000001817e-02 1.676610560000000028e-01 2.378826640000000214e-01 1.254944980000000099e-01 6.794690400000000241e-02 5.315326260000000635e-01 8.413597800000000015e-02 4.652704019999999718e-01 8.658175799999999478e-02 9.074355200000000510e-02 1.292899939999999914e-01 2.582221900000000181e-01 2.438722020000000101e-01 2.713913059999999988e-01 2.486778520000000048e-01 3.552389099999999633e-01 2.316219059999999885e-01
3.653041060000000173e-01 1.359427599999999958e-01 1.185269619999999857e-01 0.000000000000000000e+00 1.714099199999999934e-01 3.258587819999999580e-01 1.759106659999999933e-01 1.600309720000000213e-01 1.728103460000000036e-01 1.881238980000000116e-01 8.640591599999999928e-02 4.381427779999998995e-01 1.113920300000000030e-01 3.235750259999999878e-01 1.041031899999999843e-01 9.637395200000001272e-02 1.270802659999999973e-01 1.846096060000000094e-01 1.447608420000000007e-01 1.693152980000000030e-01 1.128365400000000129e-01 2.912082679999999923e-01
1.739006120000000100e-01 6.152232220000000140e-01 1.880463259999999859e-01 1.714099199999999934e-01 0.000000000000000000e+00 2.070383680000000004e-01 9.511299400000000626e-02 7.069207400000000752e-02 5.584925799999999885e-02 7.339990600000001475e-02 9.680178799999999972e-02 7.348646200000000239e-02 7.954791599999999629e-02 7.888480800000000071e-02 8.321698200000000878e-02 8.175139800000000290e-02 8.827010199999998918e-02 9.421006199999999720e-02 8.938697599999997911e-02 1.003173260000000122e-01 8.947738200000000808e-02 9.365201400000000564e-02
6.410024160000000748e-01 1.076253939999999992e-01 7.909504200000001817e-02 3.258587819999999580e-01 2.070383680000000004e-01 0.000000000000000000e+00 7.531915000000000138e-02 5.662853799999999216e-02 6.865946999999998634e-02 6.419732000000000216e-02 7.242178200000000399e-02 5.943711999999999607e-02 7.819947400000000493e-02 8.291081000000000145e-02 6.902130799999998956e-02 1.094883259999999969e-01 8.062897399999999215e-02 9.880105000000000137e-02 8.807685600000000892e-02 8.836719399999999613e-02 1.004198320000000005e-01 7.009353799999999690e-02
9.042813199999999441e-02 8.576716799999999086e-02 1.676610560000000028e-01 1.759106659999999933e-01 9.511299400000000626e-02 7.531915000000000138e-02 0.000000000000000000e+00 6.762158039999999204e-01 1.673343300000000033e-01 2.149753580000000053e-01 7.699276600000000415e-02 1.128032119999999860e-01 1.474344059999999901e-01 1.797324140000000070e-01 3.893169679999999855e-01 1.590434559999999720e-01 5.952182780000000450e-01 6.881019219999999770e-01 6.508004880000000103e-01 6.261626440000001015e-01 2.516316459999999866e-01 2.407337159999999865e-01
6.893577199999999239e-02 9.200828200000001067e-02 2.378826640000000214e-01 1.600309720000000213e-01 7.069207400000000752e-02 5.662853799999999216e-02 6.762158039999999204e-01 0.000000000000000000e+00 1.826307520000000351e-01 2.819981019999999727e-01 1.223439839999999890e-01 1.149890219999999824e-01 1.619615660000000013e-01 1.974243699999999602e-01 2.080343020000000043e-01 3.774850759999999750e-01 6.674687040000000238e-01 6.969632239999999923e-01 7.294110259999999624e-01 6.477958320000000159e-01 2.352591500000000002e-01 2.552089140000000644e-01
1.168422199999999966e-01 8.728806399999999854e-02 1.254944980000000099e-01 1.728103460000000036e-01 5.584925799999999885e-02 6.865946999999998634e-02 1.673343300000000033e-01 1.826307520000000351e-01 0.000000000000000000e+00 7.876578199999999252e-02 9.079788400000000925e-02 1.271002219999999849e-01 2.663921579999999900e-01 1.110512859999999991e-01 1.859650420000000248e-01 7.168985399999999730e-02 1.074008319999999878e-01 1.677818459999999845e-01 1.234890239999999889e-01 1.412945259999999759e-01 7.614142399999998534e-02 1.935999919999999985e-01
6.403416399999999065e-02 9.443366200000000155e-02 6.794690400000000241e-02 1.881238980000000116e-01 7.339990600000001475e-02 6.419732000000000216e-02 2.149753580000000053e-01 2.819981019999999727e-01 7.876578199999999252e-02 0.000000000000000000e+00 1.200316879999999975e-01 2.527930840000000012e-01 1.142496900000000010e-01 5.222085659999999852e-01 7.717311799999999888e-02 1.185335679999999919e-01 2.144494279999999975e-01 2.146690059999999955e-01 2.208952559999999843e-01 2.547490159999999948e-01 1.097741579999999828e-01 1.093845499999999971e-01
6.874505200000000094e-02 1.035294600000000037e-01 5.315326260000000635e-01 8.640591599999999928e-02 9.680178799999999972e-02 7.242178200000000399e-02 7.699276600000000415e-02 1.223439839999999890e-01 9.079788400000000925e-02 1.200316879999999975e-01 0.000000000000000000e+00 9.131160199999999172e-02 5.430149479999999418e-01 1.486848480000000083e-01 1.634228560000000052e-01 9.365563999999999834e-02 1.461669399999999952e-01 1.320678180000000035e-01 1.431533300000000231e-01 1.177669939999999860e-01 4.606690400000000851e-01 2.624738699999999980e-01
9.106013000000000301e-02 8.662321399999999005e-02 8.413597800000000015e-02 4.381427779999998995e-01 7.348646200000000239e-02 5.943711999999999607e-02 1.128032119999999860e-01 1.149890219999999824e-01 1.271002219999999849e-01 2.527930840000000012e-01 9.131160199999999172e-02 0.000000000000000000e+00 7.291532800000000147e-02 2.377174240000000105e-01 8.733715000000000228e-02 7.134302800000000278e-02 1.197749840000000010e-01 1.395257759999999903e-01 1.272252620000000056e-01 1.317661219999999855e-01 8.279258400000000240e-02 2.505509719999999829e-01
9.134523399999999738e-02 8.090938200000000191e-02 4.652704019999999718e-01 1.113920300000000030e-01 7.954791599999999629e-02 7.819947400000000493e-02 1.474344059999999901e-01 1.619615660000000013e-01 2.663921579999999900e-01 1.142496900000000010e-01 5.430149479999999418e-01 7.291532800000000147e-02 0.000000000000000000e+00 1.510797479999999859e-01 2.076080619999999821e-01 8.540876999999999497e-02 1.429023620000000050e-01 1.497438620000000054e-01 1.564440500000000012e-01 1.197021799999999914e-01 4.936765880000000273e-01 1.533635300000000257e-01
1.041888259999999844e-01 9.155502399999999874e-02 8.658175799999999478e-02 3.235750259999999878e-01 7.888480800000000071e-02 8.291081000000000145e-02 1.797324140000000070e-01 1.974243699999999602e-01 1.110512859999999991e-01 5.222085659999999852e-01 1.486848480000000083e-01 2.377174240000000105e-01 1.510797479999999859e-01 0.000000000000000000e+00 9.642375999999999725e-02 1.028523419999999994e-01 1.723935960000000100e-01 2.041919320000000204e-01 1.806658959999999925e-01 1.905525000000000135e-01 1.078331360000000239e-01 1.118375740000000090e-01
8.096552399999999705e-02 7.078654800000000469e-02 9.074355200000000510e-02 1.041031899999999843e-01 8.321698200000000878e-02 6.902130799999998956e-02 3.893169679999999855e-01 2.080343020000000043e-01 1.859650420000000248e-01 7.717311799999999888e-02 1.634228560000000052e-01 8.733715000000000228e-02 2.076080619999999821e-01 9.642375999999999725e-02 0.000000000000000000e+00 3.639199119999999565e-01 9.510640000000000760e-02 3.658639599999999881e-01 3.364660199999999768e-02 1.759735999999999800e-01 1.553924699999999770e-01 1.978312999999999877e-01
1.304213899999999982e-01 1.147999540000000096e-01 1.292899939999999914e-01 9.637395200000001272e-02 8.175139800000000290e-02 1.094883259999999969e-01 1.590434559999999720e-01 3.774850759999999750e-01 7.168985399999999730e-02 1.185335679999999919e-01 9.365563999999999834e-02 7.134302800000000278e-02 8.540876999999999497e-02 1.028523419999999994e-01 3.639199119999999565e-01 0.000000000000000000e+00 1.332372460000000036e-01 3.216700019999999549e-01 1.662519859999999627e-01 2.233499439999999669e-01 7.054683200000000376e-02 1.032238720000000082e-01
6.280490199999999579e-02 1.060363740000000166e-01 2.582221900000000181e-01 1.270802659999999973e-01 8.827010199999998918e-02 8.062897399999999215e-02 5.952182780000000450e-01 6.674687040000000238e-01 1.074008319999999878e-01 2.144494279999999975e-01 1.461669399999999952e-01 1.197749840000000010e-01 1.429023620000000050e-01 1.723935960000000100e-01 9.510640000000000760e-02 1.332372460000000036e-01 0.000000000000000000e+00 4.785732920000000945e-01 9.592634600000000678e-01 5.043873039999999808e-01 2.442205940000000131e-01 1.815691020000000100e-01
9.600744399999999734e-02 7.220158399999999921e-02 2.438722020000000101e-01 1.846096060000000094e-01 9.421006199999999720e-02 9.880105000000000137e-02 6.881019219999999770e-01 6.969632239999999923e-01 1.677818459999999845e-01 2.146690059999999955e-01 1.320678180000000035e-01 1.395257759999999903e-01 1.497438620000000054e-01 2.041919320000000204e-01 3.658639599999999881e-01 3.216700019999999549e-01 4.785732920000000945e-01 0.000000000000000000e+00 5.500186240000000115e-01 8.817607199999999423e-01 2.210653260000000064e-01 2.049174359999999806e-01
6.991015800000001390e-02 8.979383600000000187e-02 2.713913059999999988e-01 1.447608420000000007e-01 8.938697599999997911e-02 8.807685600000000892e-02 6.508004880000000103e-01 7.294110259999999624e-01 1.234890239999999889e-01 2.208952559999999843e-01 1.431533300000000231e-01 1.272252620000000056e-01 1.564440500000000012e-01 1.806658959999999925e-01 3.364660199999999768e-02 1.662519859999999627e-01 9.592634600000000678e-01 5.500186240000000115e-01 0.000000000000000000e+00 5.444347480000000239e-01 2.568012699999999704e-01 2.030109780000000086e-01
7.868908999999998932e-02 9.974143399999998993e-02 2.486778520000000048e-01 1.693152980000000030e-01 1.003173260000000122e-01 8.836719399999999613e-02 6.261626440000001015e-01 6.477958320000000159e-01 1.412945259999999759e-01 2.547490159999999948e-01 1.177669939999999860e-01 1.317661219999999855e-01 1.197021799999999914e-01 1.905525000000000135e-01 1.759735999999999800e-01 2.233499439999999669e-01 5.043873039999999808e-01 8.817607199999999423e-01 5.444347480000000239e-01 0.000000000000000000e+00 2.270537460000000007e-01 1.752105740000000078e-01
1.090105119999999761e-01 9.477246999999999755e-02 3.552389099999999633e-01 1.128365400000000129e-01 8.947738200000000808e-02 1.004198320000000005e-01 2.516316459999999866e-01 2.352591500000000002e-01 7.614142399999998534e-02 1.097741579999999828e-01 4.606690400000000851e-01 8.279258400000000240e-02 4.936765880000000273e-01 1.078331360000000239e-01 1.553924699999999770e-01 7.054683200000000376e-02 2.442205940000000131e-01 2.210653260000000064e-01 2.568012699999999704e-01 2.270537460000000007e-01 0.000000000000000000e+00 2.917725360000000268e-01
6.392845399999999567e-02 8.239696200000000414e-02 2.316219059999999885e-01 2.912082679999999923e-01 9.365201400000000564e-02 7.009353799999999690e-02 2.407337159999999865e-01 2.552089140000000644e-01 1.935999919999999985e-01 1.093845499999999971e-01 2.624738699999999980e-01 2.505509719999999829e-01 1.533635300000000257e-01 1.118375740000000090e-01 1.978312999999999877e-01 1.032238720000000082e-01 1.815691020000000100e-01 2.049174359999999806e-01 2.030109780000000086e-01 1.752105740000000078e-01 2.917725360000000268e-01 0.000000000000000000e+00
