0.000000000000000000e+00 6.422014320000000165e-01 3.723690399999999845e-01 4.246315740000000116e-01 6.876325960000000403e-01 8.817141440000000330e-01 8.489935200000001125e-02 8.324550399999999795e-02 1.270380379999999920e-01 9.418871799999999073e-02 1.180994120000000008e-01 9.598411399999999538e-02 1.355323079999999902e-01 1.015519419999999923e-01 8.806903000000000648e-02 6.329540200000000061e-02 7.808832799999999852e-02 1.041890919999999970e-01 7.384545000000000692e-02 8.437138199999999477e-02 1.234491380000000138e-01 1.331969640000000010e-01
6.422014320000000165e-01 0.000000000000000000e+00 4.472780480000000947e-01 3.476402079999999506e-01 8.220023539999999906e-01 6.251926899999999954e-01 1.102821660000000009e-01 9.813219600000000487e-02 1.100606759999999962e-01 1.232858199999999904e-01 1.334165599999999896e-01 1.090942220000000046e-01 1.427892639999999991e-01 1.152076520000000076e-01 9.764291799999999522e-02 7.104190200000000399e-02 9.633513600000001564e-02 1.296587859999999981e-01 5.983679199999999282e-02 1.180088360000000058e-01 1.195882060000000024e-01 1.118074640000000092e-01
3.723690399999999845e-01 4.472780480000000947e-01 0.000000000000000000e+00 4.350136159999999919e-01 4.515271740000000311e-01 3.747836059999999914e-01 4.026000699999999766e-01 2.516505760000000147e-01 4.858408260000000034e-01 3.768218260000000264e-01 6.101876259999999830e-01 2.364639199999999941e-01 5.997103620000000523e-01 1.689187719999999948e-01 1.923848780000000092e-01 7.712950799999998552e-02 1.712444339999999732e-01 7.986508200000000390e-02 1.725745360000000006e-01 1.305574280000000031e-01 5.831038200000000504e-01 4.824640739999999650e-01
4.246315740000000116e-01 3.476402079999999506e-01 4.350136159999999919e-01 0.000000000000000000e+00 3.713695300000000588e-01 4.182138260000000107e-01 2.753606999999999583e-01 4.377850040000000331e-01 4.104725439999999947e-01 5.318013600000000007e-01 3.111438859999999806e-01 5.633605740000000583e-01 2.852820399999999590e-01 5.158125520000000908e-01 1.259083820000000131e-01 1.714146860000000105e-01 6.516318000000000110e-02 7.949995199999999873e-02 9.809081999999999524e-02 2.375157699999999872e-01 3.913426280000000257e-01 5.122011240000000631e-01
6.876325960000000403e-01 8.220023539999999906e-01 4.515271740000000311e-01 3.713695300000000588e-01 0.000000000000000000e+00 6.999073660000000308e-01 9.861774800000000507e-02 1.067428100000000074e-01 1.146744100000000044e-01 1.175767479999999948e-01 1.367335500000000093e-01 1.169199180000000116e-01 1.490778239999999977e-01 1.206471600000000033e-01 1.192250960000000026e-01 5.190572599999999925e-02 9.351407600000000153e-02 1.183863679999999918e-01 8.397931399999999935e-02 1.169879459999999954e-01 1.243446880000000088e-01 1.263953839999999995e-01
8.817141440000000330e-01 6.251926899999999954e-01 3.747836059999999914e-01 4.182138260000000107e-01 6.999073660000000308e-01 0.000000000000000000e+00 7.037775400000000070e-02 1.002390400000000154e-01 1.262905480000000025e-01 1.125009760000000025e-01 1.268636320000000040e-01 8.874230000000001006e-02 1.434609059999999991e-01 1.048432320000000084e-01 8.504553000000000806e-02 8.554591400000000068e-02 6.747697400000000900e-02 1.207380220000000143e-01 5.766401000000000859e-02 8.711728199999999034e-02 1.069643140000000187e-01 1.410447459999999986e-01
8.489935200000001125e-02 1.102821660000000009e-01 4.026000699999999766e-01 2.753606999999999583e-01 9.861774800000000507e-02 7.037775400000000070e-02 0.000000000000000000e+00 4.590674779999999733e-01 4.513497120000000140e-01 4.157799960000000405e-01 4.902254100000000281e-01 2.857105620000000012e-01 4.388846299999999978e-01 2.390446400000000027e-01 4.922114480000000514e-01 2.419565039999999612e-01 1.510474940000000044e-01 8.261251799999999590e-02 2.362639139999999638e-01 4.123410240000000004e-01 4.183244700000000593e-01 4.105492459999999788e-01
8.324550399999999795e-02 9.813219600000000487e-02 2.516505760000000147e-01 4.377850040000000331e-01 1.067428100000000074e-01 1.002390400000000154e-01 4.590674779999999733e-01 0.000000000000000000e+00 4.310433399999999970e-01 5.003441459999999896e-01 2.952790959999999632e-01 5.216681679999999321e-01 2.512689000000000172e-01 4.372082820000000036e-01 1.308313179999999742e-01 4.308035720000000235e-01 7.121463000000000099e-02 9.443384000000000500e-02 1.765482580000000135e-01 3.673370499999999983e-01 3.221690660000000039e-01 4.703914160000000066e-01
1.270380379999999920e-01 1.100606759999999962e-01 4.858408260000000034e-01 4.104725439999999947e-01 1.146744100000000044e-01 1.262905480000000025e-01 4.513497120000000140e-01 4.310433399999999970e-01 0.000000000000000000e+00 4.621044180000000168e-01 5.371453019999999912e-01 3.849872999999999768e-01 6.171552399999999938e-01 3.128658659999999925e-01 1.755044460000000084e-01 1.260335939999999988e-01 1.438215780000000055e-01 8.746668199999999005e-02 1.865916900000000045e-01 2.208031319999999853e-01 5.805666780000000582e-01 5.643966020000000805e-01
9.418871799999999073e-02 1.232858199999999904e-01 3.768218260000000264e-01 5.318013600000000007e-01 1.175767479999999948e-01 1.125009760000000025e-01 4.157799960000000405e-01 5.003441459999999896e-01 4.621044180000000168e-01 0.000000000000000000e+00 4.561775299999999977e-01 6.283081340000000736e-01 4.102475539999999588e-01 6.829559420000000936e-01 1.043683139999999898e-01 1.969792159999999848e-01 7.536381000000000330e-02 8.427957399999999599e-02 1.405985080000000109e-01 2.749793260000000239e-01 5.011930959999999491e-01 6.123948679999999811e-01
1.180994120000000008e-01 1.334165599999999896e-01 6.101876259999999830e-01 3.111438859999999806e-01 1.367335500000000093e-01 1.268636320000000040e-01 4.902254100000000281e-01 2.952790959999999632e-01 5.371453019999999912e-01 4.561775299999999977e-01 0.000000000000000000e+00 2.573230939999999745e-01 7.586207359999999067e-01 2.004547699999999766e-01 1.694876479999999908e-01 7.084045399999999715e-02 1.188624279999999922e-01 1.113402660000000211e-01 1.645846320000000085e-01 1.766415920000000139e-01 7.082004920000000148e-01 5.634325479999999775e-01
9.598411399999999538e-02 1.090942220000000046e-01 2.364639199999999941e-01 5.633605740000000583e-01 1.169199180000000116e-01 8.874230000000001006e-02 2.857105620000000012e-01 5.216681679999999321e-01 3.849872999999999768e-01 6.283081340000000736e-01 2.573230939999999745e-01 0.000000000000000000e+00 2.253409259999999692e-01 6.935850159999998876e-01 7.442944799999999528e-02 1.748404760000000224e-01 8.093207599999999169e-02 9.666610999999999954e-02 9.966854199999999886e-02 2.499902640000000176e-01 3.276351660000000332e-01 5.270148660000000262e-01
1.355323079999999902e-01 1.427892639999999991e-01 5.997103620000000523e-01 2.852820399999999590e-01 1.490778239999999977e-01 1.434609059999999991e-01 4.388846299999999978e-01 2.512689000000000172e-01 6.171552399999999938e-01 4.102475539999999588e-01 7.586207359999999067e-01 2.253409259999999692e-01 0.000000000000000000e+00 1.771113259999999856e-01 1.539374860000000123e-01 8.548827999999999983e-02 1.153662960000000071e-01 8.026113599999999682e-02 1.498505860000000078e-01 1.440237520000000049e-01 6.374198159999999724e-01 4.853353040000000229e-01
1.015519419999999923e-01 1.152076520000000076e-01 1.689187719999999948e-01 5.158125520000000908e-01 1.206471600000000033e-01 1.048432320000000084e-01 2.390446400000000027e-01 4.372082820000000036e-01 3.128658659999999925e-01 6.829559420000000936e-01 2.004547699999999766e-01 6.935850159999998876e-01 1.771113259999999856e-01 0.000000000000000000e+00 9.148279800000000406e-02 1.687233840000000040e-01 6.792111400000000465e-02 8.693512200000000356e-02 7.999827800000000599e-02 2.481017620000000312e-01 2.351124119999999651e-01 4.438037060000000200e-01
8.806903000000000648e-02 9.764291799999999522e-02 1.923848780000000092e-01 1.259083820000000131e-01 1.192250960000000026e-01 8.504553000000000806e-02 4.922114480000000514e-01 1.308313179999999742e-01 1.755044460000000084e-01 1.043683139999999898e-01 1.694876479999999908e-01 7.442944799999999528e-02 1.539374860000000123e-01 9.148279800000000406e-02 0.000000000000000000e+00 1.374822599999999950e-01 2.078829740000000259e-01 9.806987000000000343e-02 1.494224459999999866e-01 2.681536319999999751e-01 1.206117899999999965e-01 1.480823480000000025e-01
6.329540200000000061e-02 7.104190200000000399e-02 7.712950799999998552e-02 1.714146860000000105e-01 5.190572599999999925e-02 8.554591400000000068e-02 2.419565039999999612e-01 4.308035720000000235e-01 1.260335939999999988e-01 1.969792159999999848e-01 7.084045399999999715e-02 1.748404760000000224e-01 8.548827999999999983e-02 1.687233840000000040e-01 1.374822599999999950e-01 0.000000000000000000e+00 9.252037800000000034e-02 3.212158259999999821e-01 2.000004860000000328e-01 3.503796680000000330e-01 6.918135799999999835e-02 9.615332599999999730e-02
7.808832799999999852e-02 9.633513600000001564e-02 1.712444339999999732e-01 6.516318000000000110e-02 9.351407600000000153e-02 6.747697400000000900e-02 1.510474940000000044e-01 7.121463000000000099e-02 1.438215780000000055e-01 7.536381000000000330e-02 1.188624279999999922e-01 8.093207599999999169e-02 1.153662960000000071e-01 6.792111400000000465e-02 2.078829740000000259e-01 9.252037800000000034e-02 0.000000000000000000e+00 1.146221300000000165e-01 7.963170119999999352e-01 1.447232199999999858e-01 1.245302220000000099e-01 9.686746400000000035e-02
1.041890919999999970e-01 1.296587859999999981e-01 7.986508200000000390e-02 7.949995199999999873e-02 1.183863679999999918e-01 1.207380220000000143e-01 8.261251799999999590e-02 9.443384000000000500e-02 8.746668199999999005e-02 8.427957399999999599e-02 1.113402660000000211e-01 9.666610999999999954e-02 8.026113599999999682e-02 8.693512200000000356e-02 9.806987000000000343e-02 3.212158259999999821e-01 1.146221300000000165e-01 0.000000000000000000e+00 1.129209539999999901e-01 5.486494560000000353e-01 6.191241000000000799e-02 7.837409199999999243e-02
7.384545000000000692e-02 5.983679199999999282e-02 1.725745360000000006e-01 9.809081999999999524e-02 8.397931399999999935e-02 5.766401000000000859e-02 2.362639139999999638e-01 1.765482580000000135e-01 1.865916900000000045e-01 1.405985080000000109e-01 1.645846320000000085e-01 9.966854199999999886e-02 1.498505860000000078e-01 7.999827800000000599e-02 1.494224459999999866e-01 2.000004860000000328e-01 7.963170119999999352e-01 1.129209539999999901e-01 0.000000000000000000e+00 1.922327300000000183e-01 1.506640619999999875e-01 1.172354820000000020e-01
8.437138199999999477e-02 1.180088360000000058e-01 1.305574280000000031e-01 2.375157699999999872e-01 1.169879459999999954e-01 8.711728199999999034e-02 4.123410240000000004e-01 3.673370499999999983e-01 2.208031319999999853e-01 2.749793260000000239e-01 1.766415920000000139e-01 2.499902640000000176e-01 1.440237520000000049e-01 2.481017620000000312e-01 2.681536319999999751e-01 3.503796680000000330e-01 1.447232199999999858e-01 5.486494560000000353e-01 1.922327300000000183e-01 0.000000000000000000e+00 1.496336659999999985e-01 2.043174920000000172e-01
1.234491380000000138e-01 1.195882060000000024e-01 5.831038200000000504e-01 3.913426280000000257e-01 1.243446880000000088e-01 1.069643140000000187e-01 4.183244700000000593e-01 3.221690660000000039e-01 5.805666780000000582e-01 5.011930959999999491e-01 7.082004920000000148e-01 3.276351660000000332e-01 6.374198159999999724e-01 2.351124119999999651e-01 1.206117899999999965e-01 6.918135799999999835e-02 1.245302220000000099e-01 6.191241000000000799e-02 1.506640619999999875e-01 1.496336659999999985e-01 0.000000000000000000e+00 7.274372099999999453e-01
1.331969640000000010e-01 1.118074640000000092e-01 4.824640739999999650e-01 5.122011240000000631e-01 1.263953839999999995e-01 1.410447459999999986e-01 4.105492459999999788e-01 4.703914160000000066e-01 5.643966020000000805e-01 6.123948679999999811e-01 5.634325479999999775e-01 5.270148660000000262e-01 4.853353040000000229e-01 4.438037060000000200e-01 1.480823480000000025e-01 9.615332599999999730e-02 9.686746400000000035e-02 7.837409199999999243e-02 1.172354820000000020e-01 2.043174920000000172e-01 7.274372099999999453e-01 0.000000000000000000e+00
