0.000000000000000000e+00 2.636550699999999914e-01 2.167906620000000228e-01 4.445876859999999264e-01 2.624808800000000275e-01 8.076370760000000093e-01 2.320948379999999978e-01 2.947780340000000221e-01 3.702973499999999696e-01 1.857464460000000095e-01 2.432227680000000336e-01 2.823090360000000132e-01 2.652438099999999688e-01 2.192990039999999641e-01 2.013164759999999942e-01 2.674014839999999671e-01 2.184611619999999588e-01 3.097646319999999842e-01 2.446499999999999786e-01 2.022863779999999889e-01 2.062188379999999877e-01 3.316699340000000551e-01
2.636550699999999914e-01 0.000000000000000000e+00 2.818173339999999749e-01 2.281682660000000085e-01 5.600910160000001081e-01 2.197370160000000072e-01 2.104608920000000105e-01 3.587380800000000147e-01 3.233085079999999945e-01 1.937013299999999771e-01 3.207227080000000230e-01 2.670569360000000225e-01 2.101094439999999786e-01 2.290989580000000192e-01 2.638939839999999704e-01 2.334930019999999773e-01 3.154063420000000062e-01 1.390821279999999993e-01 3.171051839999999844e-01 1.825579119999999889e-01 2.959914579999999296e-01 2.238382459999999907e-01
2.167906620000000228e-01 2.818173339999999749e-01 0.000000000000000000e+00 1.511857360000000150e-01 2.318692860000000078e-01 1.381950180000000028e-01 4.994244359999999716e-01 1.085181299999999904e-01 3.348078620000000116e-01 4.633555900000000394e-01 8.023720979999999781e-01 2.461057080000000341e-01 7.321553840000000202e-01 2.673951279999999819e-01 2.589982299999999960e-01 2.858937040000000263e-01 1.884033179999999863e-01 1.425384560000000078e-01 2.593686419999999826e-01 1.728228840000000099e-01 7.337905319999998843e-01 3.635499560000000074e-01
4.445876859999999264e-01 2.281682660000000085e-01 1.511857360000000150e-01 0.000000000000000000e+00 2.659356880000000034e-01 4.076320100000000446e-01 2.470100500000000088e-01 6.824407180000000572e-01 5.777414320000000547e-01 2.236384059999999840e-01 1.739631000000000094e-01 7.057697339999998709e-01 2.064271280000000153e-01 5.604596199999999362e-01 2.230092079999999866e-01 3.052901959999999582e-01 2.650013239999999826e-01 3.536573159999999993e-01 2.946373139999999835e-01 3.915724580000000121e-01 2.360458840000000114e-01 5.895444679999999327e-01
2.624808800000000275e-01 5.600910160000001081e-01 2.318692860000000078e-01 2.659356880000000034e-01 0.000000000000000000e+00 3.219973259999999726e-01 1.939657280000000039e-01 3.179064380000000134e-01 3.550540780000000507e-01 2.352040960000000014e-01 2.234219319999999898e-01 2.698064839999999576e-01 2.354053859999999943e-01 2.719022139999999754e-01 2.131263680000000105e-01 2.719931260000000295e-01 2.723869279999999726e-01 2.309596379999999949e-01 2.552212440000000138e-01 2.024065559999999875e-01 2.270710100000000176e-01 3.888498659999999885e-01
8.076370760000000093e-01 2.197370160000000072e-01 1.381950180000000028e-01 4.076320100000000446e-01 3.219973259999999726e-01 0.000000000000000000e+00 2.127863959999999888e-01 3.082854979999999911e-01 3.696109819999999768e-01 1.812711939999999966e-01 1.719046719999999806e-01 2.810324940000000216e-01 1.830766659999999990e-01 3.243412520000000243e-01 1.216726920000000128e-01 2.002690579999999998e-01 1.510970359999999901e-01 2.545681459999999952e-01 2.083792579999999839e-01 1.672474160000000099e-01 1.471314820000000079e-01 3.325718540000000001e-01
2.320948379999999978e-01 2.104608920000000105e-01 4.994244359999999716e-01 2.470100500000000088e-01 1.939657280000000039e-01 2.127863959999999888e-01 0.000000000000000000e+00 2.849615560000000047e-01 3.088616000000000139e-01 4.563893580000000227e-01 5.683988599999999503e-01 1.963195980000000118e-01 5.274013539999999889e-01 2.409146620000000016e-01 4.803592380000000217e-01 2.493106139999999582e-01 2.865241700000000225e-01 3.039067560000000001e-01 3.627349320000000099e-01 3.628934520000000608e-01 4.470961299999999805e-01 2.684636240000000118e-01
2.947780340000000221e-01 3.587380800000000147e-01 1.085181299999999904e-01 6.824407180000000572e-01 3.179064380000000134e-01 3.082854979999999911e-01 2.849615560000000047e-01 0.000000000000000000e+00 4.996217579999999714e-01 1.858559080000000141e-01 1.431048939999999825e-01 6.184098459999999298e-01 1.035381959999999990e-01 4.347943519999999396e-01 2.860836920000000005e-01 3.815236580000000433e-01 3.585973720000000253e-01 3.229763860000000042e-01 3.655906060000000402e-01 3.935699400000000070e-01 2.266517700000000024e-01 5.732854620000000789e-01
3.702973499999999696e-01 3.233085079999999945e-01 3.348078620000000116e-01 5.777414320000000547e-01 3.550540780000000507e-01 3.696109819999999768e-01 3.088616000000000139e-01 4.996217579999999714e-01 0.000000000000000000e+00 2.819320499999999896e-01 4.036253799999999781e-01 4.844760059999999591e-01 4.224663739999999779e-01 3.777821840000000764e-01 2.199407079999999848e-01 1.873676739999999841e-01 2.487403300000000095e-01 2.664708500000000369e-01 2.870141019999999932e-01 3.053101000000000287e-01 3.278845659999999884e-01 4.572893920000000167e-01
1.857464460000000095e-01 1.937013299999999771e-01 4.633555900000000394e-01 2.236384059999999840e-01 2.352040960000000014e-01 1.812711939999999966e-01 4.563893580000000227e-01 1.858559080000000141e-01 2.819320499999999896e-01 0.000000000000000000e+00 6.023746500000000115e-01 2.184765600000000418e-01 6.208342919999999543e-01 3.048670160000000462e-01 2.061918320000000193e-01 3.014806859999999977e-01 3.566911879999999924e-01 2.085996880000000053e-01 3.604591620000000551e-01 2.943954579999999988e-01 5.433218520000000495e-01 2.261272159999999920e-01
2.432227680000000336e-01 3.207227080000000230e-01 8.023720979999999781e-01 1.739631000000000094e-01 2.234219319999999898e-01 1.719046719999999806e-01 5.683988599999999503e-01 1.431048939999999825e-01 4.036253799999999781e-01 6.023746500000000115e-01 0.000000000000000000e+00 2.356790840000000387e-01 8.423619920000000594e-01 2.463633080000000031e-01 2.455722939999999688e-01 2.784792639999999486e-01 2.682928359999999790e-01 2.093383959999999822e-01 3.126890439999999716e-01 2.039187520000000087e-01 7.909243239999999009e-01 3.263047940000000091e-01
2.823090360000000132e-01 2.670569360000000225e-01 2.461057080000000341e-01 7.057697339999998709e-01 2.698064839999999576e-01 2.810324940000000216e-01 1.963195980000000118e-01 6.184098459999999298e-01 4.844760059999999591e-01 2.184765600000000418e-01 2.356790840000000387e-01 0.000000000000000000e+00 1.936874600000000057e-01 6.025424380000000690e-01 2.122743659999999921e-01 1.849782339999999914e-01 1.997722520000000113e-01 2.407054740000000026e-01 1.882142520000000263e-01 2.941689900000000191e-01 2.505179459999999914e-01 5.774179040000000374e-01
2.652438099999999688e-01 2.101094439999999786e-01 7.321553840000000202e-01 2.064271280000000153e-01 2.354053859999999943e-01 1.830766659999999990e-01 5.274013539999999889e-01 1.035381959999999990e-01 4.224663739999999779e-01 6.208342919999999543e-01 8.423619920000000594e-01 1.936874600000000057e-01 0.000000000000000000e+00 2.541103160000000027e-01 2.060022019999999954e-01 2.445182679999999831e-01 2.360474680000000380e-01 1.857428379999999934e-01 2.843131300000000250e-01 2.874808260000000226e-01 7.655784759999999523e-01 3.317639159999999920e-01
2.192990039999999641e-01 2.290989580000000192e-01 2.673951279999999819e-01 5.604596199999999362e-01 2.719022139999999754e-01 3.243412520000000243e-01 2.409146620000000016e-01 4.347943519999999396e-01 3.777821840000000764e-01 3.048670160000000462e-01 2.463633080000000031e-01 6.025424380000000690e-01 2.541103160000000027e-01 0.000000000000000000e+00 1.844675940000000125e-01 2.374777339999999959e-01 2.297084179999999698e-01 2.743038600000000105e-01 2.400491520000000156e-01 3.389947700000000008e-01 2.380295119999999987e-01 4.177366499999999871e-01
2.013164759999999942e-01 2.638939839999999704e-01 2.589982299999999960e-01 2.230092079999999866e-01 2.131263680000000105e-01 1.216726920000000128e-01 4.803592380000000217e-01 2.860836920000000005e-01 2.199407079999999848e-01 2.061918320000000193e-01 2.455722939999999688e-01 2.122743659999999921e-01 2.060022019999999954e-01 1.844675940000000125e-01 0.000000000000000000e+00 2.771086779999999972e-01 5.034819419999999601e-01 3.630750239999999684e-01 4.604938100000000034e-01 5.535982980000000442e-01 2.750052580000000302e-01 2.965165220000000046e-01
2.674014839999999671e-01 2.334930019999999773e-01 2.858937040000000263e-01 3.052901959999999582e-01 2.719931260000000295e-01 2.002690579999999998e-01 2.493106139999999582e-01 3.815236580000000433e-01 1.873676739999999841e-01 3.014806859999999977e-01 2.784792639999999486e-01 1.849782339999999914e-01 2.445182679999999831e-01 2.374777339999999959e-01 2.771086779999999972e-01 0.000000000000000000e+00 4.237454539999999659e-01 3.591661419999999660e-01 5.269854840000001150e-01 3.631852299999999700e-01 2.964896600000000437e-01 3.719950319999999477e-01
2.184611619999999588e-01 3.154063420000000062e-01 1.884033179999999863e-01 2.650013239999999826e-01 2.723869279999999726e-01 1.510970359999999901e-01 2.865241700000000225e-01 3.585973720000000253e-01 2.487403300000000095e-01 3.566911879999999924e-01 2.682928359999999790e-01 1.997722520000000113e-01 2.360474680000000380e-01 2.297084179999999698e-01 5.034819419999999601e-01 4.237454539999999659e-01 0.000000000000000000e+00 2.869065160000000003e-01 8.390200699999998957e-01 2.661310719999999685e-01 2.839613740000000441e-01 2.821686680000000114e-01
3.097646319999999842e-01 1.390821279999999993e-01 1.425384560000000078e-01 3.536573159999999993e-01 2.309596379999999949e-01 2.545681459999999952e-01 3.039067560000000001e-01 3.229763860000000042e-01 2.664708500000000369e-01 2.085996880000000053e-01 2.093383959999999822e-01 2.407054740000000026e-01 1.857428379999999934e-01 2.743038600000000105e-01 3.630750239999999684e-01 3.591661419999999660e-01 2.869065160000000003e-01 0.000000000000000000e+00 2.707736760000000187e-01 7.526149880000000403e-01 1.709105000000000207e-01 3.298487799999999526e-01
2.446499999999999786e-01 3.171051839999999844e-01 2.593686419999999826e-01 2.946373139999999835e-01 2.552212440000000138e-01 2.083792579999999839e-01 3.627349320000000099e-01 3.655906060000000402e-01 2.870141019999999932e-01 3.604591620000000551e-01 3.126890439999999716e-01 1.882142520000000263e-01 2.843131300000000250e-01 2.400491520000000156e-01 4.604938100000000034e-01 5.269854840000001150e-01 8.390200699999998957e-01 2.707736760000000187e-01 0.000000000000000000e+00 3.000532300000000041e-01 2.670076439999999884e-01 3.491844000000000059e-01
2.022863779999999889e-01 1.825579119999999889e-01 1.728228840000000099e-01 3.915724580000000121e-01 2.024065559999999875e-01 1.672474160000000099e-01 3.628934520000000608e-01 3.935699400000000070e-01 3.053101000000000287e-01 2.943954579999999988e-01 2.039187520000000087e-01 2.941689900000000191e-01 2.874808260000000226e-01 3.389947700000000008e-01 5.535982980000000442e-01 3.631852299999999700e-01 2.661310719999999685e-01 7.526149880000000403e-01 3.000532300000000041e-01 0.000000000000000000e+00 2.610911120000000141e-01 3.500572619999999802e-01
2.062188379999999877e-01 2.959914579999999296e-01 7.337905319999998843e-01 2.360458840000000114e-01 2.270710100000000176e-01 1.471314820000000079e-01 4.470961299999999805e-01 2.266517700000000024e-01 3.278845659999999884e-01 5.433218520000000495e-01 7.909243239999999009e-01 2.505179459999999914e-01 7.655784759999999523e-01 2.380295119999999987e-01 2.750052580000000302e-01 2.964896600000000437e-01 2.839613740000000441e-01 1.709105000000000207e-01 2.670076439999999884e-01 2.610911120000000141e-01 0.000000000000000000e+00 3.786429940000000105e-01
3.316699340000000551e-01 2.238382459999999907e-01 3.635499560000000074e-01 5.895444679999999327e-01 3.888498659999999885e-01 3.325718540000000001e-01 2.684636240000000118e-01 5.732854620000000789e-01 4.572893920000000167e-01 2.261272159999999920e-01 3.263047940000000091e-01 5.774179040000000374e-01 3.317639159999999920e-01 4.177366499999999871e-01 2.965165220000000046e-01 3.719950319999999477e-01 2.821686680000000114e-01 3.298487799999999526e-01 3.491844000000000059e-01 3.500572619999999802e-01 3.786429940000000105e-01 0.000000000000000000e+00
