0.000000000000000000e+00 6.321809379999999701e-01 5.141191619999999629e-01 5.463310999999999584e-01 6.026582039999999196e-01 7.105361820000000161e-01 4.477855419999999809e-01 3.814270839999999718e-01 5.259731220000001262e-01 5.123415140000000534e-01 5.081765419999999533e-01 4.367589520000000336e-01 4.924812700000000265e-01 4.904170259999999781e-01 4.001328579999999802e-01 4.175789100000000253e-01 3.866816640000000360e-01 4.117023760000000365e-01 3.175267899999999477e-01 4.183257699999999302e-01 4.477269160000000303e-01 3.954723340000000364e-01
6.321809379999999701e-01 0.000000000000000000e+00 4.471314359999999932e-01 4.194507179999999447e-01 7.859040640000001243e-01 6.699073760000000544e-01 4.209677399999999237e-01 3.021731979999999762e-01 5.039725180000000915e-01 4.675028780000000106e-01 4.960703600000000435e-01 2.992811679999999863e-01 4.535384720000000813e-01 3.978883619999999954e-01 4.194483220000000401e-01 3.402464839999999602e-01 2.188826980000000422e-01 4.196907779999999866e-01 2.688544039999999358e-01 3.306243159999999737e-01 4.148056879999999502e-01 2.543037599999999898e-01
5.141191619999999629e-01 4.471314359999999932e-01 0.000000000000000000e+00 7.328289620000000282e-01 4.227027360000000233e-01 5.282787939999999960e-01 7.562120560000000768e-01 6.498750060000000328e-01 8.698160899999999307e-01 8.696966960000001023e-01 8.878380359999999971e-01 6.705036419999998998e-01 8.901998899999998827e-01 7.186117920000000270e-01 5.333686779999999850e-01 5.683671319999999971e-01 4.177311720000000395e-01 5.256045019999999734e-01 5.104945979999999661e-01 5.292189240000000350e-01 8.904817720000000048e-01 4.794913459999999850e-01
5.463310999999999584e-01 4.194507179999999447e-01 7.328289620000000282e-01 0.000000000000000000e+00 3.823237120000000377e-01 4.234835479999999874e-01 6.544093819999999839e-01 7.649387439999999483e-01 7.365275340000000392e-01 7.808002099999999945e-01 6.843033320000000419e-01 7.949671080000000334e-01 6.996351279999999395e-01 7.448794079999999651e-01 4.417858980000000102e-01 5.007703980000000055e-01 3.280977939999999426e-01 4.899904999999999400e-01 4.396100800000000142e-01 4.735401879999999730e-01 6.975219320000000112e-01 6.413087799999999117e-01
6.026582039999999196e-01 7.859040640000001243e-01 4.227027360000000233e-01 3.823237120000000377e-01 0.000000000000000000e+00 5.804459040000000680e-01 3.878185980000000699e-01 3.524941420000000103e-01 4.426267059999999809e-01 4.082932079999999075e-01 4.502294759999999618e-01 3.329909699999999972e-01 4.402082720000000116e-01 4.115823379999999920e-01 3.686239820000000167e-01 3.453980260000000246e-01 2.675794919999999744e-01 4.459152659999999768e-01 2.541876040000000114e-01 3.628083539999999996e-01 4.090421060000000719e-01 2.563864260000000561e-01
7.105361820000000161e-01 6.699073760000000544e-01 5.282787939999999960e-01 4.234835479999999874e-01 5.804459040000000680e-01 0.000000000000000000e+00 4.330859519999999963e-01 3.905427439999999417e-01 5.785733320000000512e-01 4.977773620000000010e-01 5.447519680000000308e-01 3.461039599999999883e-01 5.329021800000000031e-01 4.193534019999999307e-01 4.420357480000000616e-01 3.486397339999999789e-01 3.777644759999999602e-01 3.988334079999999449e-01 2.379397319999999871e-01 4.030526140000000312e-01 4.684977660000000377e-01 2.893022900000000175e-01
4.477855419999999809e-01 4.209677399999999237e-01 7.562120560000000768e-01 6.544093819999999839e-01 3.878185980000000699e-01 4.330859519999999963e-01 0.000000000000000000e+00 5.650679460000000986e-01 7.655476960000000552e-01 7.731199720000000442e-01 7.888540320000000383e-01 6.005674219999999064e-01 7.533176079999999164e-01 6.308936760000000143e-01 4.628476000000000257e-01 4.607572139999999150e-01 3.871322540000000090e-01 5.398354800000000342e-01 4.123770600000000175e-01 5.377944580000000308e-01 7.698507360000000910e-01 4.156899020000000000e-01
3.814270839999999718e-01 3.021731979999999762e-01 6.498750060000000328e-01 7.649387439999999483e-01 3.524941420000000103e-01 3.905427439999999417e-01 5.650679460000000986e-01 0.000000000000000000e+00 6.384040179999999065e-01 7.063407259999999743e-01 6.000470399999999760e-01 7.799618020000000929e-01 6.426853460000000462e-01 6.934163399999999644e-01 4.049632960000000281e-01 4.090602739999999460e-01 3.676896159999999414e-01 4.903060640000000414e-01 4.052616699999999628e-01 3.673124280000000241e-01 6.476745280000000271e-01 5.794184799999999580e-01
5.259731220000001262e-01 5.039725180000000915e-01 8.698160899999999307e-01 7.365275340000000392e-01 4.426267059999999809e-01 5.785733320000000512e-01 7.655476960000000552e-01 6.384040179999999065e-01 0.000000000000000000e+00 9.088585379999999381e-01 9.138774520000000345e-01 6.996624540000000447e-01 8.482257000000000824e-01 6.826598500000000680e-01 5.333156519999999734e-01 5.892149199999999754e-01 3.845504960000000194e-01 6.228462420000000499e-01 5.475753420000000204e-01 5.397099220000000086e-01 8.445461779999998697e-01 5.276936660000000057e-01
5.123415140000000534e-01 4.675028780000000106e-01 8.696966960000001023e-01 7.808002099999999945e-01 4.082932079999999075e-01 4.977773620000000010e-01 7.731199720000000442e-01 7.063407259999999743e-01 9.088585379999999381e-01 0.000000000000000000e+00 8.618199879999999258e-01 7.498163500000000203e-01 8.439326279999999070e-01 7.688165999999999611e-01 4.827952480000000657e-01 5.736568899999999749e-01 3.428868539999999632e-01 5.753412900000000052e-01 5.080375139999999679e-01 5.514504040000000051e-01 8.726655340000000205e-01 5.182306420000000191e-01
5.081765419999999533e-01 4.960703600000000435e-01 8.878380359999999971e-01 6.843033320000000419e-01 4.502294759999999618e-01 5.447519680000000308e-01 7.888540320000000383e-01 6.000470399999999760e-01 9.138774520000000345e-01 8.618199879999999258e-01 0.000000000000000000e+00 6.478724900000000231e-01 9.134738639999999688e-01 6.627842160000000371e-01 5.491229260000000112e-01 5.836826419999999738e-01 3.926663879999999773e-01 5.774395979999999984e-01 4.973722020000000965e-01 5.276962260000001015e-01 9.027976739999999944e-01 4.816612319999998837e-01
4.367589520000000336e-01 2.992811679999999863e-01 6.705036419999998998e-01 7.949671080000000334e-01 3.329909699999999972e-01 3.461039599999999883e-01 6.005674219999999064e-01 7.799618020000000929e-01 6.996624540000000447e-01 7.498163500000000203e-01 6.478724900000000231e-01 0.000000000000000000e+00 6.627068440000000171e-01 6.950028679999999959e-01 3.552733440000000464e-01 5.350301020000001184e-01 3.333738740000000145e-01 4.955972120000000092e-01 4.408972899999999417e-01 4.675379699999999694e-01 6.571371380000000650e-01 6.851763579999999854e-01
4.924812700000000265e-01 4.535384720000000813e-01 8.901998899999998827e-01 6.996351279999999395e-01 4.402082720000000116e-01 5.329021800000000031e-01 7.533176079999999164e-01 6.426853460000000462e-01 8.482257000000000824e-01 8.439326279999999070e-01 9.134738639999999688e-01 6.627068440000000171e-01 0.000000000000000000e+00 6.917650519999999359e-01 5.418780899999999789e-01 5.732440159999999674e-01 3.821086020000000749e-01 5.746098459999999797e-01 4.903649899999999451e-01 5.135549999999999837e-01 8.755104579999999359e-01 4.963903779999999655e-01
4.904170259999999781e-01 3.978883619999999954e-01 7.186117920000000270e-01 7.448794079999999651e-01 4.115823379999999920e-01 4.193534019999999307e-01 6.308936760000000143e-01 6.934163399999999644e-01 6.826598500000000680e-01 7.688165999999999611e-01 6.627842160000000371e-01 6.950028679999999959e-01 6.917650519999999359e-01 0.000000000000000000e+00 4.114775020000000505e-01 4.963786379999999276e-01 3.216084659999999262e-01 4.982779759999999003e-01 3.749263939999999962e-01 4.761925800000000319e-01 7.262964480000000389e-01 5.263630879999999790e-01
4.001328579999999802e-01 4.194483220000000401e-01 5.333686779999999850e-01 4.417858980000000102e-01 3.686239820000000167e-01 4.420357480000000616e-01 4.628476000000000257e-01 4.049632960000000281e-01 5.333156519999999734e-01 4.827952480000000657e-01 5.491229260000000112e-01 3.552733440000000464e-01 5.418780899999999789e-01 4.114775020000000505e-01 0.000000000000000000e+00 3.825442179999999914e-01 4.999368499999999882e-01 3.310210180000000557e-01 4.863744040000000379e-01 5.993523659999999698e-01 5.377781440000000135e-01 3.019624519999999923e-01
4.175789100000000253e-01 3.402464839999999602e-01 5.683671319999999971e-01 5.007703980000000055e-01 3.453980260000000246e-01 3.486397339999999789e-01 4.607572139999999150e-01 4.090602739999999460e-01 5.892149199999999754e-01 5.736568899999999749e-01 5.836826419999999738e-01 5.350301020000001184e-01 5.732440159999999674e-01 4.963786379999999276e-01 3.825442179999999914e-01 0.000000000000000000e+00 3.390109659999999692e-01 5.780420440000000326e-01 5.855680180000000234e-01 4.595598340000000559e-01 5.685746680000000053e-01 4.814616879999999988e-01
3.866816640000000360e-01 2.188826980000000422e-01 4.177311720000000395e-01 3.280977939999999426e-01 2.675794919999999744e-01 3.777644759999999602e-01 3.871322540000000090e-01 3.676896159999999414e-01 3.845504960000000194e-01 3.428868539999999632e-01 3.926663879999999773e-01 3.333738740000000145e-01 3.821086020000000749e-01 3.216084659999999262e-01 4.999368499999999882e-01 3.390109659999999692e-01 0.000000000000000000e+00 3.373574500000000032e-01 6.885248919999999995e-01 3.748259079999999854e-01 4.261374420000000329e-01 2.919212079999999876e-01
4.117023760000000365e-01 4.196907779999999866e-01 5.256045019999999734e-01 4.899904999999999400e-01 4.459152659999999768e-01 3.988334079999999449e-01 5.398354800000000342e-01 4.903060640000000414e-01 6.228462420000000499e-01 5.753412900000000052e-01 5.774395979999999984e-01 4.955972120000000092e-01 5.746098459999999797e-01 4.982779759999999003e-01 3.310210180000000557e-01 5.780420440000000326e-01 3.373574500000000032e-01 0.000000000000000000e+00 4.293843459999999723e-01 6.364557359999999386e-01 5.580563319999999328e-01 4.207571440000000829e-01
3.175267899999999477e-01 2.688544039999999358e-01 5.104945979999999661e-01 4.396100800000000142e-01 2.541876040000000114e-01 2.379397319999999871e-01 4.123770600000000175e-01 4.052616699999999628e-01 5.475753420000000204e-01 5.080375139999999679e-01 4.973722020000000965e-01 4.408972899999999417e-01 4.903649899999999451e-01 3.749263939999999962e-01 4.863744040000000379e-01 5.855680180000000234e-01 6.885248919999999995e-01 4.293843459999999723e-01 0.000000000000000000e+00 4.301281879999999669e-01 4.942605719999999536e-01 4.336989639999999646e-01
4.183257699999999302e-01 3.306243159999999737e-01 5.292189240000000350e-01 4.735401879999999730e-01 3.628083539999999996e-01 4.030526140000000312e-01 5.377944580000000308e-01 3.673124280000000241e-01 5.397099220000000086e-01 5.514504040000000051e-01 5.276962260000001015e-01 4.675379699999999694e-01 5.135549999999999837e-01 4.761925800000000319e-01 5.993523659999999698e-01 4.595598340000000559e-01 3.748259079999999854e-01 6.364557359999999386e-01 4.301281879999999669e-01 0.000000000000000000e+00 5.569943619999999651e-01 3.325016820000000206e-01
4.477269160000000303e-01 4.148056879999999502e-01 8.904817720000000048e-01 6.975219320000000112e-01 4.090421060000000719e-01 4.684977660000000377e-01 7.698507360000000910e-01 6.476745280000000271e-01 8.445461779999998697e-01 8.726655340000000205e-01 9.027976739999999944e-01 6.571371380000000650e-01 8.755104579999999359e-01 7.262964480000000389e-01 5.377781440000000135e-01 5.685746680000000053e-01 4.261374420000000329e-01 5.580563319999999328e-01 4.942605719999999536e-01 5.569943619999999651e-01 0.000000000000000000e+00 4.465531180000000266e-01
3.954723340000000364e-01 2.543037599999999898e-01 4.794913459999999850e-01 6.413087799999999117e-01 2.563864260000000561e-01 2.893022900000000175e-01 4.156899020000000000e-01 5.794184799999999580e-01 5.276936660000000057e-01 5.182306420000000191e-01 4.816612319999998837e-01 6.851763579999999854e-01 4.963903779999999655e-01 5.263630879999999790e-01 3.019624519999999923e-01 4.814616879999999988e-01 2.919212079999999876e-01 4.207571440000000829e-01 4.336989639999999646e-01 3.325016820000000206e-01 4.465531180000000266e-01 0.000000000000000000e+00
