0.000000000000000000e+00 7.820291619999999444e-01 5.626613400000000098e-01 6.452393060000000125e-01 7.536701239999999968e-01 7.468583399999999539e-01 3.246925740000000116e-01 2.725559559999999881e-01 4.188266320000000320e-01 4.267758619999999503e-01 3.591230160000000171e-01 4.061503880000000288e-01 1.934597420000000179e-01 2.187682080000000195e-01 2.130638480000000001e-01 1.739556219999999764e-01 2.628771760000000457e-01 3.129341440000000252e-01 2.415608160000000115e-01 2.566902739999999961e-01 2.371243579999999795e-01 3.406205340000000303e-01
7.820291619999999444e-01 0.000000000000000000e+00 3.586490979999999440e-01 4.515654880000000704e-01 7.978013179999999815e-01 8.163521379999998384e-01 2.518393440000000205e-01 2.871717339999999563e-01 3.002597639999999846e-01 3.679077760000000197e-01 2.313246360000000001e-01 3.412161639999999885e-01 1.716581540000000072e-01 2.477745399999999876e-01 2.109386160000000232e-01 1.629105780000000003e-01 3.161860479999999973e-01 2.960907459999999602e-01 2.425712120000000083e-01 2.768095520000000143e-01 2.695475039999999933e-01 3.734784500000000174e-01
5.626613400000000098e-01 3.586490979999999440e-01 0.000000000000000000e+00 6.591379760000000143e-01 3.536730000000000151e-01 2.934416280000000099e-01 5.572454020000000563e-01 3.308924020000000299e-01 6.946932580000000357e-01 5.620862620000000032e-01 7.590945540000000324e-01 5.241587180000000235e-01 5.992564879999999761e-01 2.575883059999999891e-01 2.908336799999999833e-01 2.243105600000000199e-01 2.368266659999999635e-01 2.912224700000000110e-01 2.649892739999999969e-01 2.094544779999999995e-01 4.695314700000000618e-01 1.517660879999999934e-01
6.452393060000000125e-01 4.515654880000000704e-01 6.591379760000000143e-01 0.000000000000000000e+00 4.352260179999999923e-01 4.311659079999999866e-01 3.187405060000000345e-01 5.582746000000000652e-01 4.965889840000000111e-01 5.510362619999999989e-01 4.079057739999999432e-01 6.681044600000000111e-01 3.777640199999999782e-01 3.257822759999999818e-01 2.612659820000000077e-01 2.593672120000000136e-01 1.740227380000000101e-01 2.930208040000000236e-01 1.866639400000000004e-01 2.900417759999999734e-01 3.211373060000000113e-01 3.133328719999999845e-01
7.536701239999999968e-01 7.978013179999999815e-01 3.536730000000000151e-01 4.352260179999999923e-01 0.000000000000000000e+00 6.659935200000000055e-01 2.427318940000000036e-01 3.026066319999999865e-01 2.888233040000000029e-01 3.549215499999999190e-01 2.156571339999999726e-01 3.606817439999999708e-01 1.263649779999999889e-01 2.119483360000000149e-01 2.103321600000000180e-01 2.100337660000000106e-01 3.005658219999999825e-01 2.605315779999999859e-01 2.897104380000000146e-01 2.318947299999999934e-01 2.519300819999999996e-01 4.206266979999999656e-01
7.468583399999999539e-01 8.163521379999998384e-01 2.934416280000000099e-01 4.311659079999999866e-01 6.659935200000000055e-01 0.000000000000000000e+00 2.055745360000000022e-01 2.785570339999999812e-01 2.912124140000000305e-01 3.518199959999999682e-01 2.273975680000000499e-01 3.428375419999999396e-01 2.069099299999999919e-01 1.778241959999999899e-01 2.083063199999999893e-01 1.794237959999999965e-01 2.650896620000000037e-01 2.588629519999999795e-01 2.220220820000000095e-01 2.758093119999999732e-01 2.392296779999999734e-01 3.440940599999999794e-01
3.246925740000000116e-01 2.518393440000000205e-01 5.572454020000000563e-01 3.187405060000000345e-01 2.427318940000000036e-01 2.055745360000000022e-01 0.000000000000000000e+00 2.723293219999999848e-01 5.963211240000000357e-01 4.954448499999999922e-01 6.692152740000000266e-01 3.594649059999999730e-01 5.881887780000000232e-01 2.359339560000000002e-01 2.122272479999999795e-01 3.430644539999999632e-01 1.886620179999999869e-01 1.915007540000000230e-01 2.426401699999999884e-01 1.993862220000000296e-01 5.615982139999999845e-01 2.636726379999999592e-01
2.725559559999999881e-01 2.871717339999999563e-01 3.308924020000000299e-01 5.582746000000000652e-01 3.026066319999999865e-01 2.785570339999999812e-01 2.723293219999999848e-01 0.000000000000000000e+00 3.400970479999999574e-01 5.674967960000000256e-01 2.955452439999999847e-01 6.249346559999999773e-01 3.480091939999999662e-01 3.937887299999999757e-01 2.941764279999999898e-01 1.306579979999999974e-01 2.693653260000000160e-01 1.990898080000000070e-01 2.244386200000000053e-01 2.846721099999999782e-01 4.299350140000000597e-01 4.217493240000000365e-01
4.188266320000000320e-01 3.002597639999999846e-01 6.946932580000000357e-01 4.965889840000000111e-01 2.888233040000000029e-01 2.912124140000000305e-01 5.963211240000000357e-01 3.400970479999999574e-01 0.000000000000000000e+00 7.099044539999999071e-01 8.575962599999999991e-01 5.734950500000000062e-01 6.485813900000000354e-01 3.119781019999999794e-01 2.732755400000000390e-01 3.350073900000000160e-01 2.327658780000000094e-01 3.053810980000000175e-01 3.030106500000000480e-01 2.806317159999999755e-01 5.957084000000000268e-01 2.385053820000000435e-01
4.267758619999999503e-01 3.679077760000000197e-01 5.620862620000000032e-01 5.510362619999999989e-01 3.549215499999999190e-01 3.518199959999999682e-01 4.954448499999999922e-01 5.674967960000000256e-01 7.099044539999999071e-01 0.000000000000000000e+00 6.761983060000000822e-01 7.660527540000000579e-01 6.489300639999999731e-01 3.538183500000000037e-01 3.641864860000000315e-01 3.973398599999999892e-01 2.549867419999999885e-01 3.567325639999999742e-01 3.485134559999999992e-01 3.370735900000000340e-01 6.724556000000000422e-01 2.882154839999999663e-01
3.591230160000000171e-01 2.313246360000000001e-01 7.590945540000000324e-01 4.079057739999999432e-01 2.156571339999999726e-01 2.273975680000000499e-01 6.692152740000000266e-01 2.955452439999999847e-01 8.575962599999999991e-01 6.761983060000000822e-01 0.000000000000000000e+00 4.886815899999999990e-01 7.317222519999999619e-01 2.664044340000000233e-01 2.852473979999999854e-01 3.152065880000000098e-01 2.316549339999999790e-01 2.577371019999999957e-01 2.997318880000000019e-01 2.403943060000000020e-01 6.568304659999999462e-01 2.167221060000000254e-01
4.061503880000000288e-01 3.412161639999999885e-01 5.241587180000000235e-01 6.681044600000000111e-01 3.606817439999999708e-01 3.428375419999999396e-01 3.594649059999999730e-01 6.249346559999999773e-01 5.734950500000000062e-01 7.660527540000000579e-01 4.886815899999999990e-01 0.000000000000000000e+00 5.021074100000000318e-01 3.544381940000000397e-01 2.889582359999999794e-01 3.728796999999999806e-01 2.163203399999999998e-01 3.741609419999999964e-01 3.189298239999999729e-01 3.765022880000000183e-01 5.512467380000000139e-01 3.793319460000000309e-01
1.934597420000000179e-01 1.716581540000000072e-01 5.992564879999999761e-01 3.777640199999999782e-01 1.263649779999999889e-01 2.069099299999999919e-01 5.881887780000000232e-01 3.480091939999999662e-01 6.485813900000000354e-01 6.489300639999999731e-01 7.317222519999999619e-01 5.021074100000000318e-01 0.000000000000000000e+00 3.373126480000000482e-01 2.969899779999999878e-01 3.155416440000000100e-01 2.267599819999999988e-01 1.938098040000000299e-01 3.376726060000000418e-01 2.550721519999999964e-01 7.066379560000000115e-01 2.977789920000000201e-01
2.187682080000000195e-01 2.477745399999999876e-01 2.575883059999999891e-01 3.257822759999999818e-01 2.119483360000000149e-01 1.778241959999999899e-01 2.359339560000000002e-01 3.937887299999999757e-01 3.119781019999999794e-01 3.538183500000000037e-01 2.664044340000000233e-01 3.544381940000000397e-01 3.373126480000000482e-01 0.000000000000000000e+00 2.335137140000000111e-01 2.452890260000000211e-01 2.672032200000000191e-01 1.238516479999999947e-01 2.340388139999999839e-01 1.855992599999999881e-01 2.480642200000000019e-01 2.174324959999999751e-01
2.130638480000000001e-01 2.109386160000000232e-01 2.908336799999999833e-01 2.612659820000000077e-01 2.103321600000000180e-01 2.083063199999999893e-01 2.122272479999999795e-01 2.941764279999999898e-01 2.732755400000000390e-01 3.641864860000000315e-01 2.852473979999999854e-01 2.889582359999999794e-01 2.969899779999999878e-01 2.335137140000000111e-01 0.000000000000000000e+00 2.173630419999999785e-01 3.494604039999999467e-01 2.223247100000000087e-01 3.406765079999999335e-01 4.130388299999999679e-01 2.714520139999999637e-01 1.920214339999999908e-01
1.739556219999999764e-01 1.629105780000000003e-01 2.243105600000000199e-01 2.593672120000000136e-01 2.100337660000000106e-01 1.794237959999999965e-01 3.430644539999999632e-01 1.306579979999999974e-01 3.350073900000000160e-01 3.973398599999999892e-01 3.152065880000000098e-01 3.728796999999999806e-01 3.155416440000000100e-01 2.452890260000000211e-01 2.173630419999999785e-01 0.000000000000000000e+00 2.077112160000000041e-01 5.401969399999999588e-01 4.692110259999999755e-01 4.489082020000000339e-01 3.506407699999999905e-01 3.200217860000000303e-01
2.628771760000000457e-01 3.161860479999999973e-01 2.368266659999999635e-01 1.740227380000000101e-01 3.005658219999999825e-01 2.650896620000000037e-01 1.886620179999999869e-01 2.693653260000000160e-01 2.327658780000000094e-01 2.549867419999999885e-01 2.316549339999999790e-01 2.163203399999999998e-01 2.267599819999999988e-01 2.672032200000000191e-01 3.494604039999999467e-01 2.077112160000000041e-01 0.000000000000000000e+00 2.759370700000000065e-01 6.938040079999999721e-01 3.481908859999999772e-01 1.646277039999999858e-01 2.688227419999999479e-01
3.129341440000000252e-01 2.960907459999999602e-01 2.912224700000000110e-01 2.930208040000000236e-01 2.605315779999999859e-01 2.588629519999999795e-01 1.915007540000000230e-01 1.990898080000000070e-01 3.053810980000000175e-01 3.567325639999999742e-01 2.577371019999999957e-01 3.741609419999999964e-01 1.938098040000000299e-01 1.238516479999999947e-01 2.223247100000000087e-01 5.401969399999999588e-01 2.759370700000000065e-01 0.000000000000000000e+00 4.989520179999999416e-01 6.425163120000000339e-01 2.622143820000000236e-01 2.916584119999999780e-01
2.415608160000000115e-01 2.425712120000000083e-01 2.649892739999999969e-01 1.866639400000000004e-01 2.897104380000000146e-01 2.220220820000000095e-01 2.426401699999999884e-01 2.244386200000000053e-01 3.030106500000000480e-01 3.485134559999999992e-01 2.997318880000000019e-01 3.189298239999999729e-01 3.376726060000000418e-01 2.340388139999999839e-01 3.406765079999999335e-01 4.692110259999999755e-01 6.938040079999999721e-01 4.989520179999999416e-01 0.000000000000000000e+00 3.363736179999999854e-01 2.827876400000000068e-01 2.889498979999999828e-01
2.566902739999999961e-01 2.768095520000000143e-01 2.094544779999999995e-01 2.900417759999999734e-01 2.318947299999999934e-01 2.758093119999999732e-01 1.993862220000000296e-01 2.846721099999999782e-01 2.806317159999999755e-01 3.370735900000000340e-01 2.403943060000000020e-01 3.765022880000000183e-01 2.550721519999999964e-01 1.855992599999999881e-01 4.130388299999999679e-01 4.489082020000000339e-01 3.481908859999999772e-01 6.425163120000000339e-01 3.363736179999999854e-01 0.000000000000000000e+00 3.087374400000000296e-01 2.650733980000000156e-01
2.371243579999999795e-01 2.695475039999999933e-01 4.695314700000000618e-01 3.211373060000000113e-01 2.519300819999999996e-01 2.392296779999999734e-01 5.615982139999999845e-01 4.299350140000000597e-01 5.957084000000000268e-01 6.724556000000000422e-01 6.568304659999999462e-01 5.512467380000000139e-01 7.066379560000000115e-01 2.480642200000000019e-01 2.714520139999999637e-01 3.506407699999999905e-01 1.646277039999999858e-01 2.622143820000000236e-01 2.827876400000000068e-01 3.087374400000000296e-01 0.000000000000000000e+00 3.614572799999999919e-01
3.406205340000000303e-01 3.734784500000000174e-01 1.517660879999999934e-01 3.133328719999999845e-01 4.206266979999999656e-01 3.440940599999999794e-01 2.636726379999999592e-01 4.217493240000000365e-01 2.385053820000000435e-01 2.882154839999999663e-01 2.167221060000000254e-01 3.793319460000000309e-01 2.977789920000000201e-01 2.174324959999999751e-01 1.920214339999999908e-01 3.200217860000000303e-01 2.688227419999999479e-01 2.916584119999999780e-01 2.889498979999999828e-01 2.650733980000000156e-01 3.614572799999999919e-01 0.000000000000000000e+00
