0.000000000000000000e+00 7.209791360000000759e-01 5.690977960000001001e-01 5.723841320000000454e-01 7.577320979999998540e-01 9.177804679999999049e-01 1.734333579999999819e-01 1.307571240000000024e-01 2.457424040000000254e-01 2.201642839999999879e-01 2.480004739999999985e-01 1.624639200000000117e-01 2.389269340000000352e-01 1.626450620000000069e-01 1.148633899999999819e-01 7.354575799999998886e-02 6.536910399999999732e-02 5.433969400000000782e-02 6.301380399999999271e-02 8.557236599999999693e-02 2.411567980000000055e-01 2.663542800000000543e-01
7.209791360000000759e-01 0.000000000000000000e+00 5.625493099999999691e-01 4.973376980000000502e-01 8.941743820000001008e-01 6.952259939999999583e-01 1.610495820000000244e-01 1.338904459999999963e-01 2.091303220000000351e-01 1.724866899999999981e-01 1.878376420000000269e-01 1.530417980000000067e-01 1.630063500000000221e-01 1.503178820000000138e-01 1.292563540000000177e-01 7.745765000000000289e-02 7.656913000000001301e-02 7.988754800000000267e-02 9.792770199999999148e-02 1.109373659999999956e-01 1.998160040000000193e-01 2.435632400000000142e-01
5.690977960000001001e-01 5.625493099999999691e-01 0.000000000000000000e+00 6.272841940000000172e-01 5.785330679999999282e-01 5.628502579999998812e-01 4.365835980000000172e-01 3.339971139999999838e-01 5.951398680000000718e-01 4.572275460000000402e-01 6.482453400000000032e-01 3.316467220000000049e-01 6.419204960000000071e-01 3.136312840000000657e-01 2.017755699999999874e-01 1.392465620000000182e-01 8.516348599999998270e-02 8.184715600000000424e-02 1.331928099999999948e-01 1.723766699999999819e-01 6.296398319999999549e-01 5.717485359999999739e-01
5.723841320000000454e-01 4.973376980000000502e-01 6.272841940000000172e-01 0.000000000000000000e+00 5.177290620000000176e-01 5.539141960000000253e-01 3.390252880000000357e-01 4.937685619999999664e-01 5.656736660000000194e-01 6.271651159999999114e-01 4.596419980000000516e-01 6.071740519999999641e-01 4.649928519999999565e-01 5.679651580000000255e-01 1.030623140000000160e-01 1.822392899999999982e-01 1.178312140000000036e-01 8.839920400000000900e-02 1.596692779999999978e-01 1.829068719999999981e-01 5.350651260000000020e-01 6.299063560000000006e-01
7.577320979999998540e-01 8.941743820000001008e-01 5.785330679999999282e-01 5.177290620000000176e-01 0.000000000000000000e+00 7.524460900000000674e-01 1.689410039999999780e-01 1.336217080000000057e-01 2.177918360000000164e-01 1.814324939999999997e-01 1.920957640000000022e-01 1.513443539999999865e-01 1.813255500000000020e-01 1.513429779999999891e-01 1.162572960000000100e-01 8.848751600000000217e-02 5.445763799999999571e-02 6.765122599999999486e-02 8.474101199999999057e-02 1.120923259999999921e-01 2.097114019999999912e-01 2.521335259999999967e-01
9.177804679999999049e-01 6.952259939999999583e-01 5.628502579999998812e-01 5.539141960000000253e-01 7.524460900000000674e-01 0.000000000000000000e+00 1.807760439999999968e-01 1.295121659999999841e-01 2.291929979999999811e-01 2.104036699999999871e-01 2.416734140000000031e-01 1.509572020000000125e-01 2.211473279999999764e-01 1.651726199999999922e-01 1.050179819999999820e-01 8.298533599999999288e-02 5.693914399999999709e-02 7.661647999999998682e-02 7.291150600000000093e-02 9.789689199999999925e-02 2.282917059999999831e-01 2.520625340000000048e-01
1.734333579999999819e-01 1.610495820000000244e-01 4.365835980000000172e-01 3.390252880000000357e-01 1.689410039999999780e-01 1.807760439999999968e-01 0.000000000000000000e+00 4.867028239999999784e-01 5.088725579999999749e-01 4.178670480000000187e-01 5.174187439999999860e-01 2.979782659999999916e-01 4.802992380000000172e-01 2.621078279999999872e-01 6.291776479999999783e-01 3.680605680000000324e-01 1.699019420000000002e-01 1.701432420000000001e-01 2.087433999999999956e-01 4.157958660000000140e-01 4.713080219999999931e-01 4.521326019999999946e-01
1.307571240000000024e-01 1.338904459999999963e-01 3.339971139999999838e-01 4.937685619999999664e-01 1.336217080000000057e-01 1.295121659999999841e-01 4.867028239999999784e-01 0.000000000000000000e+00 4.936957519999999877e-01 5.946133640000000886e-01 4.014482039999999752e-01 5.784577600000000430e-01 3.945672179999999973e-01 4.735684000000000005e-01 1.227231740000000182e-01 5.609104119999999138e-01 1.615312699999999768e-01 1.845841700000000196e-01 2.695912180000000213e-01 3.243888280000000179e-01 4.541147640000000041e-01 5.768092859999999211e-01
2.457424040000000254e-01 2.091303220000000351e-01 5.951398680000000718e-01 5.656736660000000194e-01 2.177918360000000164e-01 2.291929979999999811e-01 5.088725579999999749e-01 4.936957519999999877e-01 0.000000000000000000e+00 5.665570840000000441e-01 6.532813120000000584e-01 5.140027820000000469e-01 7.310237000000000540e-01 4.400458819999999993e-01 1.902175419999999895e-01 1.932566619999999957e-01 7.943042799999999737e-02 6.789861599999999497e-02 1.447555700000000001e-01 2.415425459999999691e-01 7.207698900000000242e-01 6.920418219999999732e-01
2.201642839999999879e-01 1.724866899999999981e-01 4.572275460000000402e-01 6.271651159999999114e-01 1.814324939999999997e-01 2.104036699999999871e-01 4.178670480000000187e-01 5.946133640000000886e-01 5.665570840000000441e-01 0.000000000000000000e+00 5.240397799999999551e-01 6.460408440000000585e-01 5.366673760000000293e-01 7.500563160000000007e-01 1.585381159999999789e-01 2.855821760000000209e-01 1.303871739999999946e-01 1.276884920000000145e-01 1.880975699999999917e-01 2.316597620000000468e-01 6.292828040000000289e-01 6.687190320000000465e-01
2.480004739999999985e-01 1.878376420000000269e-01 6.482453400000000032e-01 4.596419980000000516e-01 1.920957640000000022e-01 2.416734140000000031e-01 5.174187439999999860e-01 4.014482039999999752e-01 6.532813120000000584e-01 5.240397799999999551e-01 0.000000000000000000e+00 3.777943940000000334e-01 7.969022260000000468e-01 3.236288760000000098e-01 2.131866479999999786e-01 1.784008239999999856e-01 6.928159400000000190e-02 6.282308800000001303e-02 1.168927260000000024e-01 2.055528139999999726e-01 7.690250900000000778e-01 6.627757779999999821e-01
1.624639200000000117e-01 1.530417980000000067e-01 3.316467220000000049e-01 6.071740519999999641e-01 1.513443539999999865e-01 1.509572020000000125e-01 2.979782659999999916e-01 5.784577600000000430e-01 5.140027820000000469e-01 6.460408440000000585e-01 3.777943940000000334e-01 0.000000000000000000e+00 3.740771779999999547e-01 6.688698100000000091e-01 8.876862200000000536e-02 2.302749659999999976e-01 1.228015480000000104e-01 1.111330279999999948e-01 1.414929520000000329e-01 2.246956780000000098e-01 4.443660559999999538e-01 5.966388799999999826e-01
2.389269340000000352e-01 1.630063500000000221e-01 6.419204960000000071e-01 4.649928519999999565e-01 1.813255500000000020e-01 2.211473279999999764e-01 4.802992380000000172e-01 3.945672179999999973e-01 7.310237000000000540e-01 5.366673760000000293e-01 7.969022260000000468e-01 3.740771779999999547e-01 0.000000000000000000e+00 3.291097379999999850e-01 1.759604460000000203e-01 1.619482339999999965e-01 8.536215199999999670e-02 6.409399200000000241e-02 1.511065739999999935e-01 1.801160639999999924e-01 7.642477700000001040e-01 6.455767900000000115e-01
1.626450620000000069e-01 1.503178820000000138e-01 3.136312840000000657e-01 5.679651580000000255e-01 1.513429779999999891e-01 1.651726199999999922e-01 2.621078279999999872e-01 4.735684000000000005e-01 4.400458819999999993e-01 7.500563160000000007e-01 3.236288760000000098e-01 6.688698100000000091e-01 3.291097379999999850e-01 0.000000000000000000e+00 1.019284840000000136e-01 1.877105719999999922e-01 1.307146299999999983e-01 1.221968619999999894e-01 1.395497579999999960e-01 2.147664920000000033e-01 4.074784560000000444e-01 5.280266399999999916e-01
1.148633899999999819e-01 1.292563540000000177e-01 2.017755699999999874e-01 1.030623140000000160e-01 1.162572960000000100e-01 1.050179819999999820e-01 6.291776479999999783e-01 1.227231740000000182e-01 1.902175419999999895e-01 1.585381159999999789e-01 2.131866479999999786e-01 8.876862200000000536e-02 1.759604460000000203e-01 1.019284840000000136e-01 0.000000000000000000e+00 2.171977560000000196e-01 1.592914879999999811e-01 2.580129180000000355e-01 1.587802359999999913e-01 2.323404259999999888e-01 1.683731739999999866e-01 1.320382240000000096e-01
7.354575799999998886e-02 7.745765000000000289e-02 1.392465620000000182e-01 1.822392899999999982e-01 8.848751600000000217e-02 8.298533599999999288e-02 3.680605680000000324e-01 5.609104119999999138e-01 1.932566619999999957e-01 2.855821760000000209e-01 1.784008239999999856e-01 2.302749659999999976e-01 1.619482339999999965e-01 1.877105719999999922e-01 2.171977560000000196e-01 0.000000000000000000e+00 1.281048739999999797e-01 1.128314859999999947e-01 1.907177360000000266e-01 1.972525100000000198e-01 1.919742140000000319e-01 2.104124940000000055e-01
6.536910399999999732e-02 7.656913000000001301e-02 8.516348599999998270e-02 1.178312140000000036e-01 5.445763799999999571e-02 5.693914399999999709e-02 1.699019420000000002e-01 1.615312699999999768e-01 7.943042799999999737e-02 1.303871739999999946e-01 6.928159400000000190e-02 1.228015480000000104e-01 8.536215199999999670e-02 1.307146299999999983e-01 1.592914879999999811e-01 1.281048739999999797e-01 0.000000000000000000e+00 1.618157659999999998e-01 8.908598100000000297e-01 1.532813399999999882e-01 1.042764500000000066e-01 8.378988599999999398e-02
5.433969400000000782e-02 7.988754800000000267e-02 8.184715600000000424e-02 8.839920400000000900e-02 6.765122599999999486e-02 7.661647999999998682e-02 1.701432420000000001e-01 1.845841700000000196e-01 6.789861599999999497e-02 1.276884920000000145e-01 6.282308800000001303e-02 1.111330279999999948e-01 6.409399200000000241e-02 1.221968619999999894e-01 2.580129180000000355e-01 1.128314859999999947e-01 1.618157659999999998e-01 0.000000000000000000e+00 2.000196800000000330e-01 7.085296979999998745e-01 1.080805580000000071e-01 1.116384599999999949e-01
6.301380399999999271e-02 9.792770199999999148e-02 1.331928099999999948e-01 1.596692779999999978e-01 8.474101199999999057e-02 7.291150600000000093e-02 2.087433999999999956e-01 2.695912180000000213e-01 1.447555700000000001e-01 1.880975699999999917e-01 1.168927260000000024e-01 1.414929520000000329e-01 1.511065739999999935e-01 1.395497579999999960e-01 1.587802359999999913e-01 1.907177360000000266e-01 8.908598100000000297e-01 2.000196800000000330e-01 0.000000000000000000e+00 1.904758320000000116e-01 1.652806360000000363e-01 1.240064940000000088e-01
8.557236599999999693e-02 1.109373659999999956e-01 1.723766699999999819e-01 1.829068719999999981e-01 1.120923259999999921e-01 9.789689199999999925e-02 4.157958660000000140e-01 3.243888280000000179e-01 2.415425459999999691e-01 2.316597620000000468e-01 2.055528139999999726e-01 2.246956780000000098e-01 1.801160639999999924e-01 2.147664920000000033e-01 2.323404259999999888e-01 1.972525100000000198e-01 1.532813399999999882e-01 7.085296979999998745e-01 1.904758320000000116e-01 0.000000000000000000e+00 2.177664319999999820e-01 2.370803980000000255e-01
2.411567980000000055e-01 1.998160040000000193e-01 6.296398319999999549e-01 5.350651260000000020e-01 2.097114019999999912e-01 2.282917059999999831e-01 4.713080219999999931e-01 4.541147640000000041e-01 7.207698900000000242e-01 6.292828040000000289e-01 7.690250900000000778e-01 4.443660559999999538e-01 7.642477700000001040e-01 4.074784560000000444e-01 1.683731739999999866e-01 1.919742140000000319e-01 1.042764500000000066e-01 1.080805580000000071e-01 1.652806360000000363e-01 2.177664319999999820e-01 0.000000000000000000e+00 7.544451879999998223e-01
2.663542800000000543e-01 2.435632400000000142e-01 5.717485359999999739e-01 6.299063560000000006e-01 2.521335259999999967e-01 2.520625340000000048e-01 4.521326019999999946e-01 5.768092859999999211e-01 6.920418219999999732e-01 6.687190320000000465e-01 6.627757779999999821e-01 5.966388799999999826e-01 6.455767900000000115e-01 5.280266399999999916e-01 1.320382240000000096e-01 2.104124940000000055e-01 8.378988599999999398e-02 1.116384599999999949e-01 1.240064940000000088e-01 2.370803980000000255e-01 7.544451879999998223e-01 0.000000000000000000e+00
