0.000000000000000000e+00 9.790597180000000233e-01 5.324048960000000719e-01 6.710857220000000511e-01 9.846198699999998416e-01 9.683274300000001000e-01 9.598755000000000481e-02 6.321117599999999392e-02 3.190933360000000052e-01 3.200905739999999611e-01 2.485523319999999869e-01 1.633439999999999892e-01 4.470887520000000892e-01 1.366956439999999773e-01 8.794243799999998390e-02 5.947041200000000721e-02 8.813713599999997705e-02 6.672965599999999831e-02 8.275063800000001524e-02 6.973004800000000281e-02 3.262677480000000241e-01 3.120588260000000114e-01
9.790597180000000233e-01 0.000000000000000000e+00 5.204495880000000740e-01 6.562593139999999270e-01 9.843121619999999350e-01 9.893834580000000489e-01 1.224547700000000044e-01 8.429799800000001286e-02 3.178208220000000028e-01 3.376255080000000186e-01 2.561985940000000017e-01 1.956109699999999951e-01 4.641664580000000595e-01 1.387232019999999899e-01 1.038131860000000017e-01 7.929477599999999737e-02 1.077260899999999966e-01 8.498502599999999130e-02 1.005386639999999998e-01 8.707634000000000207e-02 3.366755499999999901e-01 3.200696900000000178e-01
5.324048960000000719e-01 5.204495880000000740e-01 0.000000000000000000e+00 6.276896779999999731e-01 5.202106779999999819e-01 5.107538200000000250e-01 4.591128999999999349e-01 4.455954659999999956e-01 6.016436499999999743e-01 2.274248160000000019e-01 5.917562120000000592e-01 1.802134719999999857e-01 2.456189839999999847e-01 2.627245819999999843e-01 4.424293300000000650e-01 4.672570620000000008e-01 4.480586200000000185e-01 4.763289719999999616e-01 4.489574920000000136e-01 4.649871919999999936e-01 2.335068200000000316e-01 2.537449379999999755e-01
6.710857220000000511e-01 6.562593139999999270e-01 6.276896779999999731e-01 0.000000000000000000e+00 6.447701879999999663e-01 6.594043520000001379e-01 2.713542879999999990e-01 2.905474940000000172e-01 3.414404560000000033e-01 1.959004460000000059e-01 2.974900699999999398e-01 1.147844800000000082e-01 1.222887799999999858e-01 2.161648479999999650e-01 2.705783240000000367e-01 2.778479240000000239e-01 2.689807680000000367e-01 2.917088979999999943e-01 2.700718500000000022e-01 2.766209300000000426e-01 2.044610360000000127e-01 2.920240339999999879e-01
9.846198699999998416e-01 9.843121619999999350e-01 5.202106779999999819e-01 6.447701879999999663e-01 0.000000000000000000e+00 9.686742959999999902e-01 1.178715619999999992e-01 9.067861800000001637e-02 3.278453539999999777e-01 3.352145639999999926e-01 2.651150279999999748e-01 1.875311340000000160e-01 4.653752780000000588e-01 1.441338239999999937e-01 9.986891000000000518e-02 8.526111399999999896e-02 1.041849899999999912e-01 9.130396799999999924e-02 9.691913599999998907e-02 9.369568799999999920e-02 3.410829459999999980e-01 3.178028400000000309e-01
9.683274300000001000e-01 9.893834580000000489e-01 5.107538200000000250e-01 6.594043520000001379e-01 9.686742959999999902e-01 0.000000000000000000e+00 1.228380619999999979e-01 7.900164999999999271e-02 3.212713759999999974e-01 3.337051839999999880e-01 2.635663940000000371e-01 1.840764619999999963e-01 4.693499879999999402e-01 1.174394980000000172e-01 1.040412880000000095e-01 7.944587000000000176e-02 1.090720179999999928e-01 8.496384999999999355e-02 1.008364040000000045e-01 8.800600199999999984e-02 3.395416779999999579e-01 2.980892800000000120e-01
9.598755000000000481e-02 1.224547700000000044e-01 4.591128999999999349e-01 2.713542879999999990e-01 1.178715619999999992e-01 1.228380619999999979e-01 0.000000000000000000e+00 9.666553660000000159e-01 4.164992579999999833e-01 1.530014539999999812e-01 5.172048339999999467e-01 2.050393360000000165e-01 5.637299020000000604e-01 2.971391079999999851e-01 9.876521419999999551e-01 9.598026919999999018e-01 9.859830160000001564e-01 9.464408799999999289e-01 9.868605340000000670e-01 9.665136039999999706e-01 6.069645720000000910e-01 2.425730739999999996e-01
6.321117599999999392e-02 8.429799800000001286e-02 4.455954659999999956e-01 2.905474940000000172e-01 9.067861800000001637e-02 7.900164999999999271e-02 9.666553660000000159e-01 0.000000000000000000e+00 4.240099700000000138e-01 1.533252459999999984e-01 5.178520979999998719e-01 2.269783680000000137e-01 5.671375480000000469e-01 3.112325120000000167e-01 9.750019060000001403e-01 9.826938240000000491e-01 9.705658440000000109e-01 9.759686259999998947e-01 9.766810439999999982e-01 9.837376460000000211e-01 6.164012640000000598e-01 2.502223300000000483e-01
3.190933360000000052e-01 3.178208220000000028e-01 6.016436499999999743e-01 3.414404560000000033e-01 3.278453539999999777e-01 3.212713759999999974e-01 4.164992579999999833e-01 4.240099700000000138e-01 0.000000000000000000e+00 2.667869999999999964e-01 8.030756880000000653e-01 2.014762860000000322e-01 2.252433359999999885e-01 1.993498400000000004e-01 4.301770739999999371e-01 4.595996500000000262e-01 4.295123160000000051e-01 4.759029980000000215e-01 4.337442679999999884e-01 4.604690899999999698e-01 2.486959999999999726e-01 2.974988660000000285e-01
3.200905739999999611e-01 3.376255080000000186e-01 2.274248160000000019e-01 1.959004460000000059e-01 3.352145639999999926e-01 3.337051839999999880e-01 1.530014539999999812e-01 1.533252459999999984e-01 2.667869999999999964e-01 0.000000000000000000e+00 2.694455400000000389e-01 7.576737059999999468e-01 2.330030740000000322e-01 4.947374119999999875e-01 1.643408179999999996e-01 1.545165780000000155e-01 1.740639780000000081e-01 1.729353640000000358e-01 1.677552560000000192e-01 1.594975040000000122e-01 2.704235240000000262e-01 3.961710959999999448e-01
2.485523319999999869e-01 2.561985940000000017e-01 5.917562120000000592e-01 2.974900699999999398e-01 2.651150279999999748e-01 2.635663940000000371e-01 5.172048339999999467e-01 5.178520979999998719e-01 8.030756880000000653e-01 2.694455400000000389e-01 0.000000000000000000e+00 1.414860599999999968e-01 3.549884839999999930e-01 2.508332920000000410e-01 5.170689539999999695e-01 5.470650260000000653e-01 5.105009959999999847e-01 5.650840379999999552e-01 5.145979840000000083e-01 5.529138359999999919e-01 3.795997720000000020e-01 3.319023380000000190e-01
1.633439999999999892e-01 1.956109699999999951e-01 1.802134719999999857e-01 1.147844800000000082e-01 1.875311340000000160e-01 1.840764619999999963e-01 2.050393360000000165e-01 2.269783680000000137e-01 2.014762860000000322e-01 7.576737059999999468e-01 1.414860599999999968e-01 0.000000000000000000e+00 2.515527220000000064e-01 7.809901239999998968e-01 1.972062920000000052e-01 1.968978100000000064e-01 1.862994800000000173e-01 1.851692180000000243e-01 1.918811679999999908e-01 1.947481359999999884e-01 2.770438179999999972e-01 2.365175099999999586e-01
4.470887520000000892e-01 4.641664580000000595e-01 2.456189839999999847e-01 1.222887799999999858e-01 4.653752780000000588e-01 4.693499879999999402e-01 5.637299020000000604e-01 5.671375480000000469e-01 2.252433359999999885e-01 2.330030740000000322e-01 3.549884839999999930e-01 2.515527220000000064e-01 0.000000000000000000e+00 3.102047780000000143e-01 5.731094320000000852e-01 5.460562479999999663e-01 5.721036820000000578e-01 5.461957640000000280e-01 5.716983620000000155e-01 5.605227900000000485e-01 7.706327500000000885e-01 4.813972180000000156e-01
1.366956439999999773e-01 1.387232019999999899e-01 2.627245819999999843e-01 2.161648479999999650e-01 1.441338239999999937e-01 1.174394980000000172e-01 2.971391079999999851e-01 3.112325120000000167e-01 1.993498400000000004e-01 4.947374119999999875e-01 2.508332920000000410e-01 7.809901239999998968e-01 3.102047780000000143e-01 0.000000000000000000e+00 3.166919860000000364e-01 3.199434519999999615e-01 3.112264799999999720e-01 3.144769000000000037e-01 3.175278220000000151e-01 3.152081640000000684e-01 3.508628779999999336e-01 2.090959179999999917e-01
8.794243799999998390e-02 1.038131860000000017e-01 4.424293300000000650e-01 2.705783240000000367e-01 9.986891000000000518e-02 1.040412880000000095e-01 9.876521419999999551e-01 9.750019060000001403e-01 4.301770739999999371e-01 1.643408179999999996e-01 5.170689539999999695e-01 1.972062920000000052e-01 5.731094320000000852e-01 3.166919860000000364e-01 0.000000000000000000e+00 9.744031499999998847e-01 9.954167299999999718e-01 9.610879219999999279e-01 9.973974300000000293e-01 9.787939099999999337e-01 6.063617900000000116e-01 2.460148820000000180e-01
5.947041200000000721e-02 7.929477599999999737e-02 4.672570620000000008e-01 2.778479240000000239e-01 8.526111399999999896e-02 7.944587000000000176e-02 9.598026919999999018e-01 9.826938240000000491e-01 4.595996500000000262e-01 1.545165780000000155e-01 5.470650260000000653e-01 1.968978100000000064e-01 5.460562479999999663e-01 3.199434519999999615e-01 9.744031499999998847e-01 0.000000000000000000e+00 9.680724720000000172e-01 9.928882299999999272e-01 9.767323380000000332e-01 9.969658000000001241e-01 5.846061839999999732e-01 2.134763719999999976e-01
8.813713599999997705e-02 1.077260899999999966e-01 4.480586200000000185e-01 2.689807680000000367e-01 1.041849899999999912e-01 1.090720179999999928e-01 9.859830160000001564e-01 9.705658440000000109e-01 4.295123160000000051e-01 1.740639780000000081e-01 5.105009959999999847e-01 1.862994800000000173e-01 5.721036820000000578e-01 3.112264799999999720e-01 9.954167299999999718e-01 9.680724720000000172e-01 0.000000000000000000e+00 9.550167540000000788e-01 9.982173739999999906e-01 9.714393439999998714e-01 6.110134740000000564e-01 2.495256859999999965e-01
6.672965599999999831e-02 8.498502599999999130e-02 4.763289719999999616e-01 2.917088979999999943e-01 9.130396799999999924e-02 8.496384999999999355e-02 9.464408799999999289e-01 9.759686259999998947e-01 4.759029980000000215e-01 1.729353640000000358e-01 5.650840379999999552e-01 1.851692180000000243e-01 5.461957640000000280e-01 3.144769000000000037e-01 9.610879219999999279e-01 9.928882299999999272e-01 9.550167540000000788e-01 0.000000000000000000e+00 9.634332740000000062e-01 9.949805640000001228e-01 5.941158059999999130e-01 2.350358620000000121e-01
8.275063800000001524e-02 1.005386639999999998e-01 4.489574920000000136e-01 2.700718500000000022e-01 9.691913599999998907e-02 1.008364040000000045e-01 9.868605340000000670e-01 9.766810439999999982e-01 4.337442679999999884e-01 1.677552560000000192e-01 5.145979840000000083e-01 1.918811679999999908e-01 5.716983620000000155e-01 3.175278220000000151e-01 9.973974300000000293e-01 9.767323380000000332e-01 9.982173739999999906e-01 9.634332740000000062e-01 0.000000000000000000e+00 9.793119840000000798e-01 6.075926999999999856e-01 2.418199780000000187e-01
6.973004800000000281e-02 8.707634000000000207e-02 4.649871919999999936e-01 2.766209300000000426e-01 9.369568799999999920e-02 8.800600199999999984e-02 9.665136039999999706e-01 9.837376460000000211e-01 4.604690899999999698e-01 1.594975040000000122e-01 5.529138359999999919e-01 1.947481359999999884e-01 5.605227900000000485e-01 3.152081640000000684e-01 9.787939099999999337e-01 9.969658000000001241e-01 9.714393439999998714e-01 9.949805640000001228e-01 9.793119840000000798e-01 0.000000000000000000e+00 5.998509479999999394e-01 2.291942779999999735e-01
3.262677480000000241e-01 3.366755499999999901e-01 2.335068200000000316e-01 2.044610360000000127e-01 3.410829459999999980e-01 3.395416779999999579e-01 6.069645720000000910e-01 6.164012640000000598e-01 2.486959999999999726e-01 2.704235240000000262e-01 3.795997720000000020e-01 2.770438179999999972e-01 7.706327500000000885e-01 3.508628779999999336e-01 6.063617900000000116e-01 5.846061839999999732e-01 6.110134740000000564e-01 5.941158059999999130e-01 6.075926999999999856e-01 5.998509479999999394e-01 0.000000000000000000e+00 6.233006539999998985e-01
3.120588260000000114e-01 3.200696900000000178e-01 2.537449379999999755e-01 2.920240339999999879e-01 3.178028400000000309e-01 2.980892800000000120e-01 2.425730739999999996e-01 2.502223300000000483e-01 2.974988660000000285e-01 3.961710959999999448e-01 3.319023380000000190e-01 2.365175099999999586e-01 4.813972180000000156e-01 2.090959179999999917e-01 2.460148820000000180e-01 2.134763719999999976e-01 2.495256859999999965e-01 2.350358620000000121e-01 2.418199780000000187e-01 2.291942779999999735e-01 6.233006539999998985e-01 0.000000000000000000e+00
