0.000000000000000000e+00 7.179223359999999943e-01 2.008631940000000227e-01 2.761846159999999939e-01 6.852962919999999736e-01 8.721501019999999826e-01 1.005886700000000050e-01 1.070780800000000060e-01 1.581216200000000183e-01 1.700932199999999894e-01 1.500210820000000278e-01 1.448485020000000179e-01 1.571703320000000237e-01 1.018996659999999999e-01 1.502691339999999987e-01 8.848520600000001068e-02 1.546364379999999872e-01 9.397960200000000930e-02 1.675842919999999958e-01 1.374885859999999960e-01 1.217263660000000025e-01 1.153802860000000124e-01
7.179223359999999943e-01 0.000000000000000000e+00 2.170892279999999952e-01 2.731777059999999646e-01 7.311943700000000934e-01 7.289110680000000508e-01 8.377061599999999220e-02 9.543701999999999741e-02 1.641434340000000047e-01 1.509029440000000111e-01 1.678467480000000178e-01 1.326085319999999734e-01 1.766790979999999789e-01 1.273341859999999881e-01 1.101324139999999979e-01 8.636009800000001013e-02 1.208727440000000042e-01 9.609929000000000388e-02 1.112915440000000061e-01 1.066619599999999862e-01 1.149831419999999965e-01 9.497104800000000235e-02
2.008631940000000227e-01 2.170892279999999952e-01 0.000000000000000000e+00 2.468534699999999638e-01 2.352581420000000034e-01 1.676738620000000068e-01 1.586596279999999970e-01 1.461604900000000040e-01 3.922217899999999591e-01 3.242437479999999983e-01 4.665862020000000610e-01 1.677922099999999972e-01 3.891803079999999748e-01 1.348627200000000192e-01 4.983004399999999695e-02 5.579456199999999200e-02 4.909382399999999425e-02 1.194101080000000009e-01 4.337242399999999970e-02 7.075263600000000763e-02 3.886866700000000119e-01 2.850377940000000110e-01
2.761846159999999939e-01 2.731777059999999646e-01 2.468534699999999638e-01 0.000000000000000000e+00 2.202338499999999810e-01 2.720367459999999959e-01 8.631435999999999276e-02 1.467810759999999826e-01 2.639607700000000112e-01 3.055567419999999923e-01 1.574151099999999970e-01 3.323739600000000238e-01 1.474401359999999994e-01 2.414978539999999563e-01 6.517785800000000518e-02 6.385247000000000839e-02 6.093701599999999663e-02 8.210375599999999996e-02 8.769269199999998876e-02 1.033970460000000202e-01 1.356798419999999950e-01 2.020225039999999639e-01
6.852962919999999736e-01 7.311943700000000934e-01 2.352581420000000034e-01 2.202338499999999810e-01 0.000000000000000000e+00 6.620358939999999581e-01 1.169581379999999893e-01 8.415353600000000101e-02 1.156918819999999959e-01 1.304255480000000023e-01 1.413751979999999797e-01 1.308747859999999930e-01 1.581588099999999830e-01 1.126661860000000015e-01 1.204718139999999965e-01 9.476596600000000703e-02 1.284221839999999948e-01 1.024195160000000160e-01 1.487217779999999989e-01 1.245081739999999992e-01 8.156034199999999401e-02 8.575204999999999633e-02
8.721501019999999826e-01 7.289110680000000508e-01 1.676738620000000068e-01 2.720367459999999959e-01 6.620358939999999581e-01 0.000000000000000000e+00 1.228627280000000044e-01 8.350818400000001307e-02 1.566110879999999816e-01 1.668738500000000180e-01 1.829842180000000318e-01 1.459044039999999876e-01 1.785913939999999867e-01 1.217637240000000176e-01 1.374399900000000119e-01 1.048488279999999911e-01 1.607871679999999803e-01 1.046400180000000013e-01 1.570014680000000051e-01 1.336984420000000007e-01 1.306876700000000058e-01 1.262625439999999766e-01
1.005886700000000050e-01 8.377061599999999220e-02 1.586596279999999970e-01 8.631435999999999276e-02 1.169581379999999893e-01 1.228627280000000044e-01 0.000000000000000000e+00 2.463255759999999905e-01 2.168615380000000203e-01 1.905470079999999899e-01 1.934492999999999907e-01 1.146968339999999698e-01 1.538540939999999968e-01 1.071996240000000072e-01 2.661608999999999781e-01 1.406290519999999766e-01 2.256675800000000065e-01 1.577339140000000028e-01 2.952368939999999720e-01 2.879404779999999997e-01 1.422131699999999999e-01 1.199628499999999959e-01
1.070780800000000060e-01 9.543701999999999741e-02 1.461604900000000040e-01 1.467810759999999826e-01 8.415353600000000101e-02 8.350818400000001307e-02 2.463255759999999905e-01 0.000000000000000000e+00 1.903349620000000242e-01 2.999848040000000493e-01 1.596720180000000266e-01 2.042053279999999638e-01 1.340918540000000103e-01 1.497004279999999965e-01 1.408916980000000096e-01 1.961386680000000160e-01 1.376989359999999940e-01 1.176246199999999992e-01 1.590783319999999890e-01 3.053270339999999972e-01 1.308180220000000060e-01 1.379578939999999976e-01
1.581216200000000183e-01 1.641434340000000047e-01 3.922217899999999591e-01 2.639607700000000112e-01 1.156918819999999959e-01 1.566110879999999816e-01 2.168615380000000203e-01 1.903349620000000242e-01 0.000000000000000000e+00 3.730508140000000084e-01 5.465339700000000356e-01 3.775328459999999775e-01 4.945057059999999893e-01 2.135745819999999850e-01 1.340260799999999919e-01 9.469647000000000481e-02 1.011513440000000041e-01 6.373462999999998657e-02 1.173311479999999962e-01 1.355703400000000114e-01 4.007079219999999387e-01 3.535486199999999801e-01
1.700932199999999894e-01 1.509029440000000111e-01 3.242437479999999983e-01 3.055567419999999923e-01 1.304255480000000023e-01 1.668738500000000180e-01 1.905470079999999899e-01 2.999848040000000493e-01 3.730508140000000084e-01 0.000000000000000000e+00 4.427631159999999566e-01 5.252611560000000068e-01 3.482371519999999943e-01 4.334815940000000256e-01 1.467321399999999831e-01 1.147117919999999930e-01 1.211420439999999904e-01 8.914801599999999659e-02 1.412705120000000147e-01 1.638393080000000168e-01 3.876487120000000064e-01 4.334988020000000164e-01
1.500210820000000278e-01 1.678467480000000178e-01 4.665862020000000610e-01 1.574151099999999970e-01 1.413751979999999797e-01 1.829842180000000318e-01 1.934492999999999907e-01 1.596720180000000266e-01 5.465339700000000356e-01 4.427631159999999566e-01 0.000000000000000000e+00 1.793182100000000057e-01 6.359397999999999440e-01 1.359749459999999854e-01 8.942323999999998718e-02 6.240502599999999539e-02 9.626917599999999797e-02 6.429763399999999240e-02 8.266274599999998141e-02 6.149701400000000262e-02 4.613346859999999938e-01 3.109154940000000145e-01
1.448485020000000179e-01 1.326085319999999734e-01 1.677922099999999972e-01 3.323739600000000238e-01 1.308747859999999930e-01 1.459044039999999876e-01 1.146968339999999698e-01 2.042053279999999638e-01 3.775328459999999775e-01 5.252611560000000068e-01 1.793182100000000057e-01 0.000000000000000000e+00 1.660579820000000206e-01 6.322260699999999733e-01 1.124162679999999997e-01 1.166416380000000058e-01 1.192606559999999927e-01 7.914008599999999838e-02 9.320784400000001191e-02 1.157181260000000045e-01 1.580872959999999883e-01 3.005277220000000526e-01
1.571703320000000237e-01 1.766790979999999789e-01 3.891803079999999748e-01 1.474401359999999994e-01 1.581588099999999830e-01 1.785913939999999867e-01 1.538540939999999968e-01 1.340918540000000103e-01 4.945057059999999893e-01 3.482371519999999943e-01 6.359397999999999440e-01 1.660579820000000206e-01 0.000000000000000000e+00 1.335763400000000156e-01 8.371230799999999916e-02 5.605350399999999705e-02 1.237505399999999922e-01 4.885450400000000692e-02 1.086503179999999957e-01 5.201207599999999737e-02 3.108113960000000175e-01 2.240673380000000048e-01
1.018996659999999999e-01 1.273341859999999881e-01 1.348627200000000192e-01 2.414978539999999563e-01 1.126661860000000015e-01 1.217637240000000176e-01 1.071996240000000072e-01 1.497004279999999965e-01 2.135745819999999850e-01 4.334815940000000256e-01 1.359749459999999854e-01 6.322260699999999733e-01 1.335763400000000156e-01 0.000000000000000000e+00 8.954542399999999847e-02 1.033967840000000055e-01 1.094023219999999963e-01 8.961816400000000016e-02 1.106959180000000043e-01 8.277301200000000692e-02 1.159261119999999978e-01 1.790355079999999821e-01
1.502691339999999987e-01 1.101324139999999979e-01 4.983004399999999695e-02 6.517785800000000518e-02 1.204718139999999965e-01 1.374399900000000119e-01 2.661608999999999781e-01 1.408916980000000096e-01 1.340260799999999919e-01 1.467321399999999831e-01 8.942323999999998718e-02 1.124162679999999997e-01 8.371230799999999916e-02 8.954542399999999847e-02 0.000000000000000000e+00 2.523461719999999797e-01 7.456412980000000079e-01 1.169875599999999904e-01 7.226145320000000316e-01 4.878132000000000024e-01 9.404361999999999444e-02 1.249761880000000158e-01
8.848520600000001068e-02 8.636009800000001013e-02 5.579456199999999200e-02 6.385247000000000839e-02 9.476596600000000703e-02 1.048488279999999911e-01 1.406290519999999766e-01 1.961386680000000160e-01 9.469647000000000481e-02 1.147117919999999930e-01 6.240502599999999539e-02 1.166416380000000058e-01 5.605350399999999705e-02 1.033967840000000055e-01 2.523461719999999797e-01 0.000000000000000000e+00 2.820780720000000130e-01 3.976589999999999847e-01 3.451585540000000063e-01 6.323805879999999657e-01 5.925409799999999116e-02 7.457098000000000892e-02
1.546364379999999872e-01 1.208727440000000042e-01 4.909382399999999425e-02 6.093701599999999663e-02 1.284221839999999948e-01 1.607871679999999803e-01 2.256675800000000065e-01 1.376989359999999940e-01 1.011513440000000041e-01 1.211420439999999904e-01 9.626917599999999797e-02 1.192606559999999927e-01 1.237505399999999922e-01 1.094023219999999963e-01 7.456412980000000079e-01 2.820780720000000130e-01 0.000000000000000000e+00 1.594346140000000023e-01 8.101039560000000694e-01 4.084264519999999399e-01 9.610563400000000922e-02 1.085129840000000068e-01
9.397960200000000930e-02 9.609929000000000388e-02 1.194101080000000009e-01 8.210375599999999996e-02 1.024195160000000160e-01 1.046400180000000013e-01 1.577339140000000028e-01 1.176246199999999992e-01 6.373462999999998657e-02 8.914801599999999659e-02 6.429763399999999240e-02 7.914008599999999838e-02 4.885450400000000692e-02 8.961816400000000016e-02 1.169875599999999904e-01 3.976589999999999847e-01 1.594346140000000023e-01 0.000000000000000000e+00 1.628082799999999719e-01 2.178618939999999726e-01 1.048609039999999909e-01 9.911992000000000025e-02
1.675842919999999958e-01 1.112915440000000061e-01 4.337242399999999970e-02 8.769269199999998876e-02 1.487217779999999989e-01 1.570014680000000051e-01 2.952368939999999720e-01 1.590783319999999890e-01 1.173311479999999962e-01 1.412705120000000147e-01 8.266274599999998141e-02 9.320784400000001191e-02 1.086503179999999957e-01 1.106959180000000043e-01 7.226145320000000316e-01 3.451585540000000063e-01 8.101039560000000694e-01 1.628082799999999719e-01 0.000000000000000000e+00 4.870705860000000276e-01 1.137171059999999984e-01 1.224856040000000118e-01
1.374885859999999960e-01 1.066619599999999862e-01 7.075263600000000763e-02 1.033970460000000202e-01 1.245081739999999992e-01 1.336984420000000007e-01 2.879404779999999997e-01 3.053270339999999972e-01 1.355703400000000114e-01 1.638393080000000168e-01 6.149701400000000262e-02 1.157181260000000045e-01 5.201207599999999737e-02 8.277301200000000692e-02 4.878132000000000024e-01 6.323805879999999657e-01 4.084264519999999399e-01 2.178618939999999726e-01 4.870705860000000276e-01 0.000000000000000000e+00 7.747596799999999229e-02 9.061395599999999551e-02
1.217263660000000025e-01 1.149831419999999965e-01 3.886866700000000119e-01 1.356798419999999950e-01 8.156034199999999401e-02 1.306876700000000058e-01 1.422131699999999999e-01 1.308180220000000060e-01 4.007079219999999387e-01 3.876487120000000064e-01 4.613346859999999938e-01 1.580872959999999883e-01 3.108113960000000175e-01 1.159261119999999978e-01 9.404361999999999444e-02 5.925409799999999116e-02 9.610563400000000922e-02 1.048609039999999909e-01 1.137171059999999984e-01 7.747596799999999229e-02 0.000000000000000000e+00 5.836550579999999488e-01
1.153802860000000124e-01 9.497104800000000235e-02 2.850377940000000110e-01 2.020225039999999639e-01 8.575204999999999633e-02 1.262625439999999766e-01 1.199628499999999959e-01 1.379578939999999976e-01 3.535486199999999801e-01 4.334988020000000164e-01 3.109154940000000145e-01 3.005277220000000526e-01 2.240673380000000048e-01 1.790355079999999821e-01 1.249761880000000158e-01 7.457098000000000892e-02 1.085129840000000068e-01 9.911992000000000025e-02 1.224856040000000118e-01 9.061395599999999551e-02 5.836550579999999488e-01 0.000000000000000000e+00
