0.000000000000000000e+00 9.841527219999999243e-01 5.265771759999999801e-01 6.157761299999999771e-01 9.854862199999999683e-01 9.669586159999999930e-01 9.732396799999999681e-02 1.180996219999999874e-01 4.438616659999999881e-01 4.635743800000000081e-01 3.656612399999999985e-01 4.506049500000000596e-01 3.667235200000000250e-01 2.378191400000000399e-01 7.688177799999999784e-02 7.250718599999998737e-02 7.709989000000001813e-02 7.820127200000000223e-02 7.240877599999999414e-02 6.519524799999999731e-02 3.415755719999999940e-01 2.032540879999999994e-01
9.841527219999999243e-01 0.000000000000000000e+00 4.812196379999999496e-01 5.638569760000000652e-01 9.851570000000000604e-01 9.872952019999999829e-01 9.871561599999999215e-02 1.076867760000000118e-01 4.188628660000000004e-01 4.488584340000000283e-01 3.401215180000000116e-01 4.233902939999999449e-01 3.534882099999999694e-01 2.358431360000000088e-01 8.012589000000000516e-02 6.151712399999999248e-02 7.398899800000000027e-02 6.457028800000000346e-02 6.941603999999999830e-02 5.866930399999999157e-02 3.267822299999999514e-01 1.962072360000000071e-01
5.265771759999999801e-01 4.812196379999999496e-01 0.000000000000000000e+00 6.678900779999999981e-01 4.952083440000000225e-01 4.520415299999999692e-01 4.140699700000000094e-01 3.907481460000000184e-01 7.066496799999999467e-01 5.784746519999999226e-01 7.361690180000000083e-01 3.861961699999999498e-01 6.039722739999999757e-01 1.957681440000000050e-01 3.471501780000000315e-01 3.316901660000000085e-01 3.716066379999999891e-01 3.462688500000000169e-01 3.562879440000000231e-01 3.375595200000000018e-01 5.893670520000000579e-01 3.553034780000000059e-01
6.157761299999999771e-01 5.638569760000000652e-01 6.678900779999999981e-01 0.000000000000000000e+00 5.655868560000000267e-01 5.373086080000000209e-01 3.320622599999999980e-01 3.499317279999999974e-01 4.657518919999999452e-01 4.682749280000000347e-01 4.065939900000000162e-01 3.711503360000000251e-01 3.440157400000000143e-01 1.984229600000000093e-01 2.710408120000000198e-01 2.692140499999999825e-01 2.911135919999999766e-01 2.823449180000000003e-01 2.791760260000000216e-01 2.733284300000000111e-01 4.031956300000000271e-01 4.924723880000000387e-01
9.854862199999999683e-01 9.851570000000000604e-01 4.952083440000000225e-01 5.655868560000000267e-01 0.000000000000000000e+00 9.683540980000000520e-01 1.121829619999999972e-01 1.149378139999999993e-01 4.358144979999999391e-01 4.613909259999999790e-01 3.585580499999999615e-01 4.256687319999999386e-01 3.869326079999999557e-01 2.437304339999999958e-01 8.664118999999999293e-02 6.291356600000000410e-02 8.209100799999999309e-02 7.149220399999998976e-02 7.696980999999999962e-02 6.644979399999999259e-02 3.522997179999999839e-01 1.913766620000000029e-01
9.669586159999999930e-01 9.872952019999999829e-01 4.520415299999999692e-01 5.373086080000000209e-01 9.683540980000000520e-01 0.000000000000000000e+00 9.770751800000000709e-02 1.109032699999999982e-01 4.228309319999999927e-01 4.535961320000000407e-01 3.460900580000000337e-01 4.113061699999999155e-01 3.587470019999999815e-01 2.571907039999999922e-01 9.267403600000000130e-02 7.299499400000000748e-02 8.328206200000000392e-02 7.721553399999998846e-02 8.246199800000000857e-02 7.284984800000000871e-02 3.191176340000000389e-01 2.161892199999999598e-01
9.732396799999999681e-02 9.871561599999999215e-02 4.140699700000000094e-01 3.320622599999999980e-01 1.121829619999999972e-01 9.770751800000000709e-02 0.000000000000000000e+00 9.603005900000001205e-01 3.175509360000000059e-01 2.580147000000000412e-01 3.151326540000000120e-01 1.917037979999999808e-01 5.193372080000000501e-01 3.387915119999999614e-01 9.782226520000000258e-01 9.532313220000000475e-01 9.791804379999999863e-01 9.517245559999999438e-01 9.770008399999999815e-01 9.634899479999999850e-01 5.522243960000000618e-01 3.054212840000000151e-01
1.180996219999999874e-01 1.076867760000000118e-01 3.907481460000000184e-01 3.499317279999999974e-01 1.149378139999999993e-01 1.109032699999999982e-01 9.603005900000001205e-01 0.000000000000000000e+00 2.731319700000000017e-01 2.334581659999999947e-01 2.794970479999999702e-01 2.205133999999999705e-01 4.977045099999999889e-01 3.314929719999999413e-01 9.564947379999999555e-01 9.667000599999999721e-01 9.566512859999999341e-01 9.704256199999999888e-01 9.621860439999998516e-01 9.704656180000000854e-01 5.336682959999999865e-01 3.225255879999999742e-01
4.438616659999999881e-01 4.188628660000000004e-01 7.066496799999999467e-01 4.657518919999999452e-01 4.358144979999999391e-01 4.228309319999999927e-01 3.175509360000000059e-01 2.731319700000000017e-01 0.000000000000000000e+00 6.761814939999999385e-01 8.996228019999999992e-01 4.157152100000000017e-01 6.242931739999999508e-01 3.535682940000000052e-01 2.923373779999999811e-01 3.003576620000000252e-01 3.000268240000000253e-01 2.907098320000000014e-01 2.965050080000000698e-01 2.919066539999999876e-01 6.185565920000000162e-01 4.194207979999999836e-01
4.635743800000000081e-01 4.488584340000000283e-01 5.784746519999999226e-01 4.682749280000000347e-01 4.613909259999999790e-01 4.535961320000000407e-01 2.580147000000000412e-01 2.334581659999999947e-01 6.761814939999999385e-01 0.000000000000000000e+00 5.932775859999999124e-01 7.086964640000000815e-01 5.946003679999999347e-01 3.289977739999999651e-01 2.522785859999999714e-01 2.350220580000000337e-01 2.500522259999999330e-01 2.269739219999999946e-01 2.505596639999999597e-01 2.355642420000000070e-01 5.653075599999999312e-01 4.459377540000000195e-01
3.656612399999999985e-01 3.401215180000000116e-01 7.361690180000000083e-01 4.065939900000000162e-01 3.585580499999999615e-01 3.460900580000000337e-01 3.151326540000000120e-01 2.794970479999999702e-01 8.996228019999999992e-01 5.932775859999999124e-01 0.000000000000000000e+00 3.342260080000000189e-01 6.742356480000000207e-01 3.481756960000000345e-01 2.826641259999999600e-01 2.891227479999999850e-01 2.917129799999999551e-01 2.809074280000000146e-01 2.866617100000000140e-01 2.811515660000000194e-01 6.267628819999999656e-01 4.037637240000000460e-01
4.506049500000000596e-01 4.233902939999999449e-01 3.861961699999999498e-01 3.711503360000000251e-01 4.256687319999999386e-01 4.113061699999999155e-01 1.917037979999999808e-01 2.205133999999999705e-01 4.157152100000000017e-01 7.086964640000000815e-01 3.342260080000000189e-01 0.000000000000000000e+00 2.967729920000000132e-01 4.748240860000000341e-01 1.929482080000000099e-01 1.983846340000000041e-01 1.901747039999999722e-01 2.035240320000000214e-01 1.911107959999999717e-01 2.031967640000000019e-01 2.572657400000000205e-01 2.599621520000000019e-01
3.667235200000000250e-01 3.534882099999999694e-01 6.039722739999999757e-01 3.440157400000000143e-01 3.869326079999999557e-01 3.587470019999999815e-01 5.193372080000000501e-01 4.977045099999999889e-01 6.242931739999999508e-01 5.946003679999999347e-01 6.742356480000000207e-01 2.967729920000000132e-01 0.000000000000000000e+00 3.823838520000000241e-01 5.142545199999999372e-01 5.120109000000000465e-01 5.203754540000000706e-01 5.028427919999999274e-01 5.216956839999999929e-01 5.109415999999999958e-01 7.542499499999999468e-01 4.128249219999999831e-01
2.378191400000000399e-01 2.358431360000000088e-01 1.957681440000000050e-01 1.984229600000000093e-01 2.437304339999999958e-01 2.571907039999999922e-01 3.387915119999999614e-01 3.314929719999999413e-01 3.535682940000000052e-01 3.289977739999999651e-01 3.481756960000000345e-01 4.748240860000000341e-01 3.823838520000000241e-01 0.000000000000000000e+00 3.459281220000000046e-01 3.610355359999999902e-01 3.446606460000000149e-01 3.615967180000000392e-01 3.493664539999999930e-01 3.559837519999999866e-01 3.752702520000000264e-01 2.775258379999999692e-01
7.688177799999999784e-02 8.012589000000000516e-02 3.471501780000000315e-01 2.710408120000000198e-01 8.664118999999999293e-02 9.267403600000000130e-02 9.782226520000000258e-01 9.564947379999999555e-01 2.923373779999999811e-01 2.522785859999999714e-01 2.826641259999999600e-01 1.929482080000000099e-01 5.142545199999999372e-01 3.459281220000000046e-01 0.000000000000000000e+00 9.721782140000000405e-01 9.941741660000001923e-01 9.599532840000000178e-01 9.968036239999999992e-01 9.763411160000000644e-01 5.070747620000000122e-01 2.592134640000000045e-01
7.250718599999998737e-02 6.151712399999999248e-02 3.316901660000000085e-01 2.692140499999999825e-01 6.291356600000000410e-02 7.299499400000000748e-02 9.532313220000000475e-01 9.667000599999999721e-01 3.003576620000000252e-01 2.350220580000000337e-01 2.891227479999999850e-01 1.983846340000000041e-01 5.120109000000000465e-01 3.610355359999999902e-01 9.721782140000000405e-01 0.000000000000000000e+00 9.638183359999998867e-01 9.909475479999999559e-01 9.766130079999999491e-01 9.964477720000000094e-01 5.154281579999999696e-01 2.574531079999999861e-01
7.709989000000001813e-02 7.398899800000000027e-02 3.716066379999999891e-01 2.911135919999999766e-01 8.209100799999999309e-02 8.328206200000000392e-02 9.791804379999999863e-01 9.566512859999999341e-01 3.000268240000000253e-01 2.500522259999999330e-01 2.917129799999999551e-01 1.901747039999999722e-01 5.203754540000000706e-01 3.446606460000000149e-01 9.941741660000001923e-01 9.638183359999998867e-01 0.000000000000000000e+00 9.538995359999999923e-01 9.973606000000000416e-01 9.687988360000000521e-01 5.170379000000000502e-01 2.804101280000000362e-01
7.820127200000000223e-02 6.457028800000000346e-02 3.462688500000000169e-01 2.823449180000000003e-01 7.149220399999998976e-02 7.721553399999998846e-02 9.517245559999999438e-01 9.704256199999999888e-01 2.907098320000000014e-01 2.269739219999999946e-01 2.809074280000000146e-01 2.035240320000000214e-01 5.028427919999999274e-01 3.615967180000000392e-01 9.599532840000000178e-01 9.909475479999999559e-01 9.538995359999999923e-01 0.000000000000000000e+00 9.663181159999998382e-01 9.948445140000000686e-01 5.263307340000000778e-01 2.792707799999999407e-01
7.240877599999999414e-02 6.941603999999999830e-02 3.562879440000000231e-01 2.791760260000000216e-01 7.696980999999999962e-02 8.246199800000000857e-02 9.770008399999999815e-01 9.621860439999998516e-01 2.965050080000000698e-01 2.505596639999999597e-01 2.866617100000000140e-01 1.911107959999999717e-01 5.216956839999999929e-01 3.493664539999999930e-01 9.968036239999999992e-01 9.766130079999999491e-01 9.973606000000000416e-01 9.663181159999998382e-01 0.000000000000000000e+00 9.798537680000001249e-01 5.140822419999999671e-01 2.707680559999999792e-01
6.519524799999999731e-02 5.866930399999999157e-02 3.375595200000000018e-01 2.733284300000000111e-01 6.644979399999999259e-02 7.284984800000000871e-02 9.634899479999999850e-01 9.704656180000000854e-01 2.919066539999999876e-01 2.355642420000000070e-01 2.811515660000000194e-01 2.031967640000000019e-01 5.109415999999999958e-01 3.559837519999999866e-01 9.763411160000000644e-01 9.964477720000000094e-01 9.687988360000000521e-01 9.948445140000000686e-01 9.798537680000001249e-01 0.000000000000000000e+00 5.225802280000000355e-01 2.692927600000000199e-01
3.415755719999999940e-01 3.267822299999999514e-01 5.893670520000000579e-01 4.031956300000000271e-01 3.522997179999999839e-01 3.191176340000000389e-01 5.522243960000000618e-01 5.336682959999999865e-01 6.185565920000000162e-01 5.653075599999999312e-01 6.267628819999999656e-01 2.572657400000000205e-01 7.542499499999999468e-01 3.752702520000000264e-01 5.070747620000000122e-01 5.154281579999999696e-01 5.170379000000000502e-01 5.263307340000000778e-01 5.140822419999999671e-01 5.225802280000000355e-01 0.000000000000000000e+00 5.481176100000000329e-01
2.032540879999999994e-01 1.962072360000000071e-01 3.553034780000000059e-01 4.924723880000000387e-01 1.913766620000000029e-01 2.161892199999999598e-01 3.054212840000000151e-01 3.225255879999999742e-01 4.194207979999999836e-01 4.459377540000000195e-01 4.037637240000000460e-01 2.599621520000000019e-01 4.128249219999999831e-01 2.775258379999999692e-01 2.592134640000000045e-01 2.574531079999999861e-01 2.804101280000000362e-01 2.792707799999999407e-01 2.707680559999999792e-01 2.692927600000000199e-01 5.481176100000000329e-01 0.000000000000000000e+00
