0.000000000000000000e+00 6.344141120000000855e-01 4.822462520000000419e-01 3.567014539999999734e-01 5.746874200000000599e-01 7.589599620000000435e-01 3.043334100000000264e-01 3.846882679999999999e-01 4.796744019999999997e-01 4.117134499999999808e-01 4.610021040000000236e-01 3.140231279999999847e-01 4.689427560000000161e-01 3.991223380000000209e-01 3.967962359999999689e-01 2.952327879999999682e-01 4.381901320000000100e-01 1.831887480000000124e-01 4.403348919999999778e-01 3.862450999999999524e-01 4.492758760000000184e-01 3.053962499999999802e-01
6.344141120000000855e-01 0.000000000000000000e+00 4.454767339999999853e-01 3.573340820000000528e-01 7.627529379999999914e-01 6.450935340000000240e-01 3.032494159999999939e-01 4.648717919999999504e-01 4.823061940000000769e-01 3.640372239999999371e-01 4.147073520000000291e-01 3.619104999999999683e-01 4.227698180000000194e-01 4.471281419999999507e-01 2.836711260000000512e-01 4.336267619999999434e-01 3.817333420000000865e-01 2.636139640000000339e-01 3.662248140000000096e-01 3.565452199999999960e-01 4.058037259999999757e-01 3.628126360000000217e-01
4.822462520000000419e-01 4.454767339999999853e-01 0.000000000000000000e+00 5.572088219999999925e-01 4.113889539999999734e-01 4.615238400000000185e-01 6.194913440000000548e-01 5.442931800000000431e-01 7.354946979999998913e-01 6.592789379999999255e-01 8.534466939999999502e-01 5.532286520000000429e-01 8.489778360000000967e-01 5.507321259999999885e-01 4.810038139999999740e-01 3.916225859999999948e-01 4.685869899999999255e-01 2.508124479999999656e-01 4.674119080000000426e-01 4.644204040000000089e-01 8.101986139999999281e-01 4.716154879999999716e-01
3.567014539999999734e-01 3.573340820000000528e-01 5.572088219999999925e-01 0.000000000000000000e+00 3.421740039999999761e-01 3.169202879999999944e-01 4.581013539999999606e-01 6.973706240000000500e-01 6.543083179999999999e-01 6.964269639999999262e-01 5.661634660000000041e-01 7.887125999999999859e-01 5.956770639999999783e-01 6.744567900000000282e-01 4.202988619999999953e-01 4.262849479999999969e-01 3.119813359999999980e-01 3.391798019999999747e-01 2.856595339999999927e-01 4.606124279999999627e-01 5.657799960000000628e-01 5.853300999999999643e-01
5.746874200000000599e-01 7.627529379999999914e-01 4.113889539999999734e-01 3.421740039999999761e-01 0.000000000000000000e+00 5.283179679999999712e-01 3.168831440000000055e-01 3.876855160000000078e-01 4.123058699999999632e-01 3.400203940000000591e-01 3.741389299999999807e-01 2.955701079999999981e-01 3.932797719999999719e-01 3.417175060000000042e-01 3.053272120000000145e-01 3.827058879999999941e-01 3.314361399999999902e-01 2.609483739999999830e-01 3.094227379999999750e-01 3.409207859999999757e-01 3.784632880000000088e-01 3.247156399999999721e-01
7.589599620000000435e-01 6.450935340000000240e-01 4.615238400000000185e-01 3.169202879999999944e-01 5.283179679999999712e-01 0.000000000000000000e+00 3.108797140000000292e-01 3.505723980000000073e-01 5.067206300000000052e-01 4.263063019999999703e-01 4.644260099999999447e-01 2.853518000000000443e-01 4.770975680000000274e-01 4.178626399999999519e-01 3.260982919999999563e-01 3.121475200000000116e-01 3.740956779999999871e-01 2.260836020000000224e-01 3.481328739999999811e-01 3.537393580000000037e-01 4.003961559999999476e-01 3.374382619999999888e-01
3.043334100000000264e-01 3.032494159999999939e-01 6.194913440000000548e-01 4.581013539999999606e-01 3.168831440000000055e-01 3.108797140000000292e-01 0.000000000000000000e+00 3.858560380000000123e-01 5.131875280000000039e-01 5.289400239999999531e-01 6.006905760000000871e-01 4.217268439999999896e-01 6.129280459999999486e-01 4.552598180000000383e-01 3.863149659999999819e-01 3.461661900000000402e-01 3.052861839999999605e-01 2.821280320000000286e-01 2.471058639999999806e-01 3.307314759999999687e-01 5.925610279999999896e-01 4.128432819999999781e-01
3.846882679999999999e-01 4.648717919999999504e-01 5.442931800000000431e-01 6.973706240000000500e-01 3.876855160000000078e-01 3.505723980000000073e-01 3.858560380000000123e-01 0.000000000000000000e+00 6.333248339999999477e-01 6.744530600000000486e-01 5.365424899999999830e-01 7.442538100000000156e-01 5.789318159999999880e-01 4.849694900000000031e-01 3.658027339999999628e-01 4.562962799999999985e-01 3.822865919999999806e-01 3.192331520000000200e-01 3.346455819999999970e-01 4.840605880000000139e-01 5.704622580000000553e-01 5.283695379999999719e-01
4.796744019999999997e-01 4.823061940000000769e-01 7.354946979999998913e-01 6.543083179999999999e-01 4.123058699999999632e-01 5.067206300000000052e-01 5.131875280000000039e-01 6.333248339999999477e-01 0.000000000000000000e+00 7.595965679999999720e-01 8.188413500000001344e-01 6.819670359999999709e-01 7.571079280000000411e-01 6.210687420000000625e-01 5.064072399999999252e-01 4.464232139999999016e-01 5.094716420000000578e-01 3.436344959999999560e-01 4.717356700000000513e-01 4.960278119999999014e-01 6.610951580000000716e-01 6.372846519999999515e-01
4.117134499999999808e-01 3.640372239999999371e-01 6.592789379999999255e-01 6.964269639999999262e-01 3.400203940000000591e-01 4.263063019999999703e-01 5.289400239999999531e-01 6.744530600000000486e-01 7.595965679999999720e-01 0.000000000000000000e+00 7.335475080000000148e-01 7.672191040000000406e-01 7.545258660000000450e-01 5.962081580000000436e-01 5.147146800000000910e-01 4.412025540000000801e-01 4.573277019999998916e-01 2.950541100000000361e-01 3.824127039999999922e-01 4.993225879999999561e-01 7.097472999999998589e-01 5.477265719999999671e-01
4.610021040000000236e-01 4.147073520000000291e-01 8.534466939999999502e-01 5.661634660000000041e-01 3.741389299999999807e-01 4.644260099999999447e-01 6.006905760000000871e-01 5.365424899999999830e-01 8.188413500000001344e-01 7.335475080000000148e-01 0.000000000000000000e+00 5.692056800000000472e-01 8.993385560000000112e-01 5.662224620000000375e-01 5.065660579999999857e-01 3.620062279999999300e-01 5.161599220000000487e-01 2.801534440000000292e-01 4.706016059999999501e-01 4.652033720000000594e-01 7.742959459999999572e-01 4.995790360000000874e-01
3.140231279999999847e-01 3.619104999999999683e-01 5.532286520000000429e-01 7.887125999999999859e-01 2.955701079999999981e-01 2.853518000000000443e-01 4.217268439999999896e-01 7.442538100000000156e-01 6.819670359999999709e-01 7.672191040000000406e-01 5.692056800000000472e-01 0.000000000000000000e+00 6.100334640000000253e-01 6.409729360000000487e-01 4.023071540000000001e-01 4.791511359999999220e-01 3.005633220000000216e-01 3.110355880000000295e-01 3.237564259999999861e-01 4.870428800000000114e-01 6.023515219999999726e-01 6.308260279999999831e-01
4.689427560000000161e-01 4.227698180000000194e-01 8.489778360000000967e-01 5.956770639999999783e-01 3.932797719999999719e-01 4.770975680000000274e-01 6.129280459999999486e-01 5.789318159999999880e-01 7.571079280000000411e-01 7.545258660000000450e-01 8.993385560000000112e-01 6.100334640000000253e-01 0.000000000000000000e+00 5.792506239999999362e-01 4.814871139999999383e-01 4.132096399999999892e-01 4.848089100000000928e-01 2.562816100000000485e-01 4.299009780000000447e-01 4.755205700000000313e-01 8.056432460000000351e-01 4.983205579999999690e-01
3.991223380000000209e-01 4.471281419999999507e-01 5.507321259999999885e-01 6.744567900000000282e-01 3.417175060000000042e-01 4.178626399999999519e-01 4.552598180000000383e-01 4.849694900000000031e-01 6.210687420000000625e-01 5.962081580000000436e-01 5.662224620000000375e-01 6.409729360000000487e-01 5.792506239999999362e-01 0.000000000000000000e+00 4.454023659999999940e-01 3.777375319999999870e-01 3.825333780000000350e-01 2.816713319999999965e-01 3.035424219999999784e-01 4.156356520000000221e-01 5.731089639999999985e-01 4.981980659999999395e-01
3.967962359999999689e-01 2.836711260000000512e-01 4.810038139999999740e-01 4.202988619999999953e-01 3.053272120000000145e-01 3.260982919999999563e-01 3.863149659999999819e-01 3.658027339999999628e-01 5.064072399999999252e-01 5.147146800000000910e-01 5.065660579999999857e-01 4.023071540000000001e-01 4.814871139999999383e-01 4.454023659999999940e-01 0.000000000000000000e+00 3.795830239999999911e-01 5.192586799999999725e-01 2.692193860000000050e-01 4.149171339999999653e-01 5.494841239999999072e-01 5.142667319999999487e-01 2.728236279999999847e-01
2.952327879999999682e-01 4.336267619999999434e-01 3.916225859999999948e-01 4.262849479999999969e-01 3.827058879999999941e-01 3.121475200000000116e-01 3.461661900000000402e-01 4.562962799999999985e-01 4.464232139999999016e-01 4.412025540000000801e-01 3.620062279999999300e-01 4.791511359999999220e-01 4.132096399999999892e-01 3.777375319999999870e-01 3.795830239999999911e-01 0.000000000000000000e+00 3.471212280000000039e-01 4.357663339999999219e-01 4.681653840000000177e-01 2.884991140000000565e-01 3.837820719999999741e-01 3.860777599999999365e-01
4.381901320000000100e-01 3.817333420000000865e-01 4.685869899999999255e-01 3.119813359999999980e-01 3.314361399999999902e-01 3.740956779999999871e-01 3.052861839999999605e-01 3.822865919999999806e-01 5.094716420000000578e-01 4.573277019999998916e-01 5.161599220000000487e-01 3.005633220000000216e-01 4.848089100000000928e-01 3.825333780000000350e-01 5.192586799999999725e-01 3.471212280000000039e-01 0.000000000000000000e+00 3.234113840000000240e-01 8.025832619999999640e-01 3.940989719999999918e-01 4.541990880000000286e-01 2.479508040000000246e-01
1.831887480000000124e-01 2.636139640000000339e-01 2.508124479999999656e-01 3.391798019999999747e-01 2.609483739999999830e-01 2.260836020000000224e-01 2.821280320000000286e-01 3.192331520000000200e-01 3.436344959999999560e-01 2.950541100000000361e-01 2.801534440000000292e-01 3.110355880000000295e-01 2.562816100000000485e-01 2.816713319999999965e-01 2.692193860000000050e-01 4.357663339999999219e-01 3.234113840000000240e-01 0.000000000000000000e+00 3.217774919999999983e-01 5.241731479999999221e-01 2.323252660000000025e-01 3.151004379999999827e-01
4.403348919999999778e-01 3.662248140000000096e-01 4.674119080000000426e-01 2.856595339999999927e-01 3.094227379999999750e-01 3.481328739999999811e-01 2.471058639999999806e-01 3.346455819999999970e-01 4.717356700000000513e-01 3.824127039999999922e-01 4.706016059999999501e-01 3.237564259999999861e-01 4.299009780000000447e-01 3.035424219999999784e-01 4.149171339999999653e-01 4.681653840000000177e-01 8.025832619999999640e-01 3.217774919999999983e-01 0.000000000000000000e+00 3.316964499999999760e-01 4.144837840000000218e-01 2.562606960000000100e-01
3.862450999999999524e-01 3.565452199999999960e-01 4.644204040000000089e-01 4.606124279999999627e-01 3.409207859999999757e-01 3.537393580000000037e-01 3.307314759999999687e-01 4.840605880000000139e-01 4.960278119999999014e-01 4.993225879999999561e-01 4.652033720000000594e-01 4.870428800000000114e-01 4.755205700000000313e-01 4.156356520000000221e-01 5.494841239999999072e-01 2.884991140000000565e-01 3.940989719999999918e-01 5.241731479999999221e-01 3.316964499999999760e-01 0.000000000000000000e+00 4.214389139999999978e-01 4.225557160000000256e-01
4.492758760000000184e-01 4.058037259999999757e-01 8.101986139999999281e-01 5.657799960000000628e-01 3.784632880000000088e-01 4.003961559999999476e-01 5.925610279999999896e-01 5.704622580000000553e-01 6.610951580000000716e-01 7.097472999999998589e-01 7.742959459999999572e-01 6.023515219999999726e-01 8.056432460000000351e-01 5.731089639999999985e-01 5.142667319999999487e-01 3.837820719999999741e-01 4.541990880000000286e-01 2.323252660000000025e-01 4.144837840000000218e-01 4.214389139999999978e-01 0.000000000000000000e+00 3.838910320000000209e-01
3.053962499999999802e-01 3.628126360000000217e-01 4.716154879999999716e-01 5.853300999999999643e-01 3.247156399999999721e-01 3.374382619999999888e-01 4.128432819999999781e-01 5.283695379999999719e-01 6.372846519999999515e-01 5.477265719999999671e-01 4.995790360000000874e-01 6.308260279999999831e-01 4.983205579999999690e-01 4.981980659999999395e-01 2.728236279999999847e-01 3.860777599999999365e-01 2.479508040000000246e-01 3.151004379999999827e-01 2.562606960000000100e-01 4.225557160000000256e-01 3.838910320000000209e-01 0.000000000000000000e+00
