0.000000000000000000e+00 9.882830900000000307e-01 5.117257399999999290e-01 6.874245959999999434e-01 9.876565920000001109e-01 9.788553719999999458e-01 7.067972600000001215e-02 7.812360599999999822e-02 3.142619859999999932e-01 3.907804539999999993e-01 2.329562820000000145e-01 2.715993019999999869e-01 3.455461659999999879e-01 1.506751659999999993e-01 8.542025999999999786e-02 6.746489399999999748e-02 7.604425400000000557e-02 5.972184600000000204e-02 7.737642000000000131e-02 6.783523199999999531e-02 2.981887220000000172e-01 3.679263560000000099e-01
9.882830900000000307e-01 0.000000000000000000e+00 4.896050179999999474e-01 6.702011999999999414e-01 9.879702339999999472e-01 9.933442559999999810e-01 7.082962200000000874e-02 6.484902200000000616e-02 3.252760419999999875e-01 3.913610740000000310e-01 2.480299480000000278e-01 2.613583299999999721e-01 3.490456160000000585e-01 1.595231020000000000e-01 7.255564600000000142e-02 5.485329600000000971e-02 6.996684400000000026e-02 4.748648400000000241e-02 6.877137799999999412e-02 5.622015600000000030e-02 3.143923799999999713e-01 3.817020999999999331e-01
5.117257399999999290e-01 4.896050179999999474e-01 0.000000000000000000e+00 6.254324359999999805e-01 4.915878280000000045e-01 4.876556740000000945e-01 4.946644700000000228e-01 4.898841199999999785e-01 5.195974079999999828e-01 2.571223320000000090e-01 5.666331620000000235e-01 1.997344060000000032e-01 3.870571559999999578e-01 2.187106159999999966e-01 4.752911700000000406e-01 4.923827940000000680e-01 4.883199319999999011e-01 4.960155399999999770e-01 4.856044940000000532e-01 4.826392140000000386e-01 3.710436959999999784e-01 2.324897739999999824e-01
6.874245959999999434e-01 6.702011999999999414e-01 6.254324359999999805e-01 0.000000000000000000e+00 6.604035099999998604e-01 6.668940720000000599e-01 3.573494080000000350e-01 3.824052800000000141e-01 2.860466920000000468e-01 3.316918699999999998e-01 2.218031879999999845e-01 2.009198180000000278e-01 2.303057079999999979e-01 2.346183400000000085e-01 3.514812279999999789e-01 3.660779660000000324e-01 3.598764440000000175e-01 3.720190380000000241e-01 3.564318759999999808e-01 3.583951300000000062e-01 2.575275940000000263e-01 3.126382500000000064e-01
9.876565920000001109e-01 9.879702339999999472e-01 4.915878280000000045e-01 6.604035099999998604e-01 0.000000000000000000e+00 9.779008579999999284e-01 7.558689200000000274e-02 6.948194599999998888e-02 3.268990920000000022e-01 3.827012160000000107e-01 2.544340059999999903e-01 2.563125339999999808e-01 3.605730059999999737e-01 1.498350440000000006e-01 7.903127599999999753e-02 6.059925600000000412e-02 7.688442799999999078e-02 5.265839399999999726e-02 7.233917400000000608e-02 6.081254800000000099e-02 3.081281400000000503e-01 3.650868260000000309e-01
9.788553719999999458e-01 9.933442559999999810e-01 4.876556740000000945e-01 6.668940720000000599e-01 9.779008579999999284e-01 0.000000000000000000e+00 7.414029400000000936e-02 5.840166599999999791e-02 3.336969739999999796e-01 3.875672399999999795e-01 2.572996539999999888e-01 2.571691699999999470e-01 3.573011320000000213e-01 1.679268939999999932e-01 7.038735599999999815e-02 4.003570999999999519e-02 7.457966200000000490e-02 4.324863800000000591e-02 6.817142800000000613e-02 4.958090199999999614e-02 3.242920879999999784e-01 3.865728220000000381e-01
7.067972600000001215e-02 7.082962200000000874e-02 4.946644700000000228e-01 3.573494080000000350e-01 7.558689200000000274e-02 7.414029400000000936e-02 0.000000000000000000e+00 9.749501659999999514e-01 3.769339880000000531e-01 2.105448459999999800e-01 4.163731840000000628e-01 1.831104540000000058e-01 5.535886199999999757e-01 2.301559220000000683e-01 9.909165919999999295e-01 9.709088439999999931e-01 9.908533100000000982e-01 9.637922080000000946e-01 9.911786940000000268e-01 9.773146120000000270e-01 4.732237419999999473e-01 2.097374440000000229e-01
7.812360599999999822e-02 6.484902200000000616e-02 4.898841199999999785e-01 3.824052800000000141e-01 6.948194599999998888e-02 5.840166599999999791e-02 9.749501659999999514e-01 0.000000000000000000e+00 3.680064120000000050e-01 2.188878280000000065e-01 4.116067859999999468e-01 2.148281240000000092e-01 5.567455040000000022e-01 2.230039460000000084e-01 9.753400159999999763e-01 9.845872220000000397e-01 9.761339939999998938e-01 9.777614439999998686e-01 9.808284360000001367e-01 9.849135200000000978e-01 4.921201659999999700e-01 2.315585740000000448e-01
3.142619859999999932e-01 3.252760419999999875e-01 5.195974079999999828e-01 2.860466920000000468e-01 3.268990920000000022e-01 3.336969739999999796e-01 3.769339880000000531e-01 3.680064120000000050e-01 0.000000000000000000e+00 3.632788540000000399e-01 8.007550960000001661e-01 2.013233759999999983e-01 3.923124960000000105e-01 1.929733060000000111e-01 3.717692759999999819e-01 3.965538140000000600e-01 3.767140239999999807e-01 4.137674600000000313e-01 3.771369260000000390e-01 3.980938239999999850e-01 3.881519079999999344e-01 3.558186499999999586e-01
3.907804539999999993e-01 3.913610740000000310e-01 2.571223320000000090e-01 3.316918699999999998e-01 3.827012160000000107e-01 3.875672399999999795e-01 2.105448459999999800e-01 2.188878280000000065e-01 3.632788540000000399e-01 0.000000000000000000e+00 2.459864580000000189e-01 7.546338679999999854e-01 3.795756319999999961e-01 4.416270720000000094e-01 2.186828160000000021e-01 2.136477539999999953e-01 2.220266320000000015e-01 2.225388200000000261e-01 2.168079860000000081e-01 2.149966839999999935e-01 3.257886380000000193e-01 4.007251059999999976e-01
2.329562820000000145e-01 2.480299480000000278e-01 5.666331620000000235e-01 2.218031879999999845e-01 2.544340059999999903e-01 2.572996539999999888e-01 4.163731840000000628e-01 4.116067859999999468e-01 8.007550960000001661e-01 2.459864580000000189e-01 0.000000000000000000e+00 1.403480360000000093e-01 4.031173819999999131e-01 2.543878439999999741e-01 4.036684779999999972e-01 4.296791920000000431e-01 4.121613759999999682e-01 4.389241480000000140e-01 4.130582079999999823e-01 4.281569939999999574e-01 4.305843859999999301e-01 3.268799820000000134e-01
2.715993019999999869e-01 2.613583299999999721e-01 1.997344060000000032e-01 2.009198180000000278e-01 2.563125339999999808e-01 2.571691699999999470e-01 1.831104540000000058e-01 2.148281240000000092e-01 2.013233759999999983e-01 7.546338679999999854e-01 1.403480360000000093e-01 0.000000000000000000e+00 2.222533440000000193e-01 6.861363060000000846e-01 1.895474319999999879e-01 1.997216619999999943e-01 1.904166179999999819e-01 1.998715499999999812e-01 1.916184299999999785e-01 1.961408560000000301e-01 3.052493899999999538e-01 2.692237459999999860e-01
3.455461659999999879e-01 3.490456160000000585e-01 3.870571559999999578e-01 2.303057079999999979e-01 3.605730059999999737e-01 3.573011320000000213e-01 5.535886199999999757e-01 5.567455040000000022e-01 3.923124960000000105e-01 3.795756319999999961e-01 4.031173819999999131e-01 2.222533440000000193e-01 0.000000000000000000e+00 2.370666040000000141e-01 5.493778880000000919e-01 5.550657979999999991e-01 5.515230399999999644e-01 5.654442620000000863e-01 5.540007539999999286e-01 5.600949960000000116e-01 7.442817939999999410e-01 4.332371059999999829e-01
1.506751659999999993e-01 1.595231020000000000e-01 2.187106159999999966e-01 2.346183400000000085e-01 1.498350440000000006e-01 1.679268939999999932e-01 2.301559220000000683e-01 2.230039460000000084e-01 1.929733060000000111e-01 4.416270720000000094e-01 2.543878439999999741e-01 6.861363060000000846e-01 2.370666040000000141e-01 0.000000000000000000e+00 2.142215620000000043e-01 2.294882440000000356e-01 2.203043160000000000e-01 2.322044759999999930e-01 2.197945480000000062e-01 2.340252180000000348e-01 3.401926899999999643e-01 2.972603559999999479e-01
8.542025999999999786e-02 7.255564600000000142e-02 4.752911700000000406e-01 3.514812279999999789e-01 7.903127599999999753e-02 7.038735599999999815e-02 9.909165919999999295e-01 9.753400159999999763e-01 3.717692759999999819e-01 2.186828160000000021e-01 4.036684779999999972e-01 1.895474319999999879e-01 5.493778880000000919e-01 2.142215620000000043e-01 0.000000000000000000e+00 9.740619680000000002e-01 9.956733279999999686e-01 9.633784519999999407e-01 9.971555020000000269e-01 9.791510599999998510e-01 4.619847840000000372e-01 1.981632259999999979e-01
6.746489399999999748e-02 5.485329600000000971e-02 4.923827940000000680e-01 3.660779660000000324e-01 6.059925600000000412e-02 4.003570999999999519e-02 9.709088439999999931e-01 9.845872220000000397e-01 3.965538140000000600e-01 2.136477539999999953e-01 4.296791920000000431e-01 1.997216619999999943e-01 5.550657979999999991e-01 2.294882440000000356e-01 9.740619680000000002e-01 0.000000000000000000e+00 9.725693720000000431e-01 9.932500599999999347e-01 9.795068179999999458e-01 9.965486840000000734e-01 4.839301420000000076e-01 2.180521900000000068e-01
7.604425400000000557e-02 6.996684400000000026e-02 4.883199319999999011e-01 3.598764440000000175e-01 7.688442799999999078e-02 7.457966200000000490e-02 9.908533100000000982e-01 9.761339939999998938e-01 3.767140239999999807e-01 2.220266320000000015e-01 4.121613759999999682e-01 1.904166179999999819e-01 5.515230399999999644e-01 2.203043160000000000e-01 9.956733279999999686e-01 9.725693720000000431e-01 0.000000000000000000e+00 9.631371100000001295e-01 9.985320380000001217e-01 9.770533199999998919e-01 4.687308840000000143e-01 1.987376220000000027e-01
5.972184600000000204e-02 4.748648400000000241e-02 4.960155399999999770e-01 3.720190380000000241e-01 5.265839399999999726e-02 4.324863800000000591e-02 9.637922080000000946e-01 9.777614439999998686e-01 4.137674600000000313e-01 2.225388200000000261e-01 4.389241480000000140e-01 1.998715499999999812e-01 5.654442620000000863e-01 2.322044759999999930e-01 9.633784519999999407e-01 9.932500599999999347e-01 9.631371100000001295e-01 0.000000000000000000e+00 9.695626459999999724e-01 9.956842999999999666e-01 4.986444239999999750e-01 2.415140920000000135e-01
7.737642000000000131e-02 6.877137799999999412e-02 4.856044940000000532e-01 3.564318759999999808e-01 7.233917400000000608e-02 6.817142800000000613e-02 9.911786940000000268e-01 9.808284360000001367e-01 3.771369260000000390e-01 2.168079860000000081e-01 4.130582079999999823e-01 1.916184299999999785e-01 5.540007539999999286e-01 2.197945480000000062e-01 9.971555020000000269e-01 9.795068179999999458e-01 9.985320380000001217e-01 9.695626459999999724e-01 0.000000000000000000e+00 9.831163379999999785e-01 4.685909920000000395e-01 1.991873579999999810e-01
6.783523199999999531e-02 5.622015600000000030e-02 4.826392140000000386e-01 3.583951300000000062e-01 6.081254800000000099e-02 4.958090199999999614e-02 9.773146120000000270e-01 9.849135200000000978e-01 3.980938239999999850e-01 2.149966839999999935e-01 4.281569939999999574e-01 1.961408560000000301e-01 5.600949960000000116e-01 2.340252180000000348e-01 9.791510599999998510e-01 9.965486840000000734e-01 9.770533199999998919e-01 9.956842999999999666e-01 9.831163379999999785e-01 0.000000000000000000e+00 4.855276000000000036e-01 2.232253619999999827e-01
2.981887220000000172e-01 3.143923799999999713e-01 3.710436959999999784e-01 2.575275940000000263e-01 3.081281400000000503e-01 3.242920879999999784e-01 4.732237419999999473e-01 4.921201659999999700e-01 3.881519079999999344e-01 3.257886380000000193e-01 4.305843859999999301e-01 3.052493899999999538e-01 7.442817939999999410e-01 3.401926899999999643e-01 4.619847840000000372e-01 4.839301420000000076e-01 4.687308840000000143e-01 4.986444239999999750e-01 4.685909920000000395e-01 4.855276000000000036e-01 0.000000000000000000e+00 6.654072239999999638e-01
3.679263560000000099e-01 3.817020999999999331e-01 2.324897739999999824e-01 3.126382500000000064e-01 3.650868260000000309e-01 3.865728220000000381e-01 2.097374440000000229e-01 2.315585740000000448e-01 3.558186499999999586e-01 4.007251059999999976e-01 3.268799820000000134e-01 2.692237459999999860e-01 4.332371059999999829e-01 2.972603559999999479e-01 1.981632259999999979e-01 2.180521900000000068e-01 1.987376220000000027e-01 2.415140920000000135e-01 1.991873579999999810e-01 2.232253619999999827e-01 6.654072239999999638e-01 0.000000000000000000e+00
