0.000000000000000000e+00 9.847864080000000575e-01 4.449900720000000698e-01 4.059105019999999509e-01 9.798758360000000556e-01 9.883360199999999818e-01 2.995147960000000276e-01 3.250653979999999499e-01 3.766101620000000261e-01 3.948918179999999500e-01 3.688244399999999756e-01 3.693667699999999554e-01 4.101271020000000211e-01 2.924456160000000193e-01 1.259666899999999923e-01 1.287041200000000052e-01 1.217340179999999855e-01 1.502677119999999977e-01 1.362377720000000070e-01 1.348000159999999947e-01 3.618740240000000163e-01 3.425656100000000204e-01
9.847864080000000575e-01 0.000000000000000000e+00 4.086602199999999629e-01 3.650149859999999857e-01 9.891804480000001565e-01 9.841406860000001533e-01 2.861394600000000121e-01 3.138876460000000201e-01 3.394430179999999853e-01 3.536604340000000235e-01 3.307583280000000459e-01 3.345454099999999320e-01 3.727871200000000274e-01 2.663623419999999742e-01 1.227518319999999913e-01 1.187051580000000051e-01 1.179016519999999957e-01 1.486208179999999879e-01 1.328165339999999861e-01 1.303363240000000034e-01 3.190275940000000254e-01 3.370923879999999651e-01
4.449900720000000698e-01 4.086602199999999629e-01 0.000000000000000000e+00 8.187836360000000369e-01 4.148978079999999791e-01 3.919602739999999974e-01 5.645813860000000739e-01 7.114874459999999123e-01 9.039810139999999716e-01 8.744861879999999976e-01 9.231812799999999930e-01 8.457767219999998698e-01 8.802413360000000964e-01 7.068089060000000146e-01 2.212367959999999856e-01 2.285271820000000231e-01 2.776913380000000098e-01 3.146493039999999630e-01 2.157048500000000035e-01 2.163831399999999738e-01 8.700535640000000015e-01 5.432089540000000216e-01
4.059105019999999509e-01 3.650149859999999857e-01 8.187836360000000369e-01 0.000000000000000000e+00 3.799513359999999729e-01 3.543997060000000365e-01 5.647001859999999374e-01 6.992076139999999773e-01 8.997337699999998772e-01 8.307597140000000380e-01 8.883936000000000055e-01 8.169736780000000920e-01 8.417795979999999068e-01 7.099883080000000124e-01 1.705446420000000241e-01 1.945800860000000132e-01 2.160943599999999853e-01 2.658180459999999745e-01 1.629590760000000083e-01 1.676797260000000012e-01 8.258060879999999937e-01 5.589130480000000789e-01
9.798758360000000556e-01 9.891804480000001565e-01 4.148978079999999791e-01 3.799513359999999729e-01 0.000000000000000000e+00 9.738392539999999320e-01 3.064707599999999532e-01 3.106989500000000293e-01 3.539464279999999796e-01 3.631035479999999982e-01 3.481166299999999825e-01 3.412816300000000025e-01 3.817270340000000206e-01 2.663364719999999908e-01 1.167927780000000137e-01 1.263670279999999924e-01 1.188583779999999868e-01 1.627867439999999832e-01 1.289535559999999970e-01 1.326653539999999853e-01 3.257016179999999705e-01 3.507530039999999794e-01
9.883360199999999818e-01 9.841406860000001533e-01 3.919602739999999974e-01 3.543997060000000365e-01 9.738392539999999320e-01 0.000000000000000000e+00 2.759875999999999996e-01 2.934739379999999898e-01 3.300221119999999786e-01 3.514777679999999682e-01 3.209537199999999979e-01 3.256776499999999852e-01 3.634597000000000522e-01 2.921828340000000024e-01 1.331482719999999842e-01 1.307368859999999966e-01 1.221371559999999967e-01 1.260507999999999906e-01 1.367081300000000110e-01 1.309872719999999879e-01 3.110166919999999835e-01 3.291407100000000030e-01
2.995147960000000276e-01 2.861394600000000121e-01 5.645813860000000739e-01 5.647001859999999374e-01 3.064707599999999532e-01 2.759875999999999996e-01 0.000000000000000000e+00 5.194752719999999879e-01 6.124551419999999524e-01 5.657030140000001150e-01 6.228899199999999858e-01 5.314285079999999661e-01 5.490383280000000754e-01 4.141835520000000104e-01 4.742463840000000208e-01 4.862430979999999847e-01 4.865196860000000068e-01 4.663137840000000089e-01 4.646590400000000232e-01 4.821160799999999469e-01 5.421181440000000240e-01 4.312281399999999820e-01
3.250653979999999499e-01 3.138876460000000201e-01 7.114874459999999123e-01 6.992076139999999773e-01 3.106989500000000293e-01 2.934739379999999898e-01 5.194752719999999879e-01 0.000000000000000000e+00 7.569626599999998984e-01 7.902863680000000723e-01 7.546992860000000247e-01 7.682318259999999510e-01 7.279522439999999150e-01 6.568568599999999869e-01 3.176558379999999682e-01 3.083673999999999582e-01 4.029662400000000311e-01 4.158887639999999664e-01 3.304790139999999599e-01 2.965539459999999572e-01 7.303147739999999999e-01 5.442781780000000014e-01
3.766101620000000261e-01 3.394430179999999853e-01 9.039810139999999716e-01 8.997337699999998772e-01 3.539464279999999796e-01 3.300221119999999786e-01 6.124551419999999524e-01 7.569626599999998984e-01 0.000000000000000000e+00 9.349849259999999385e-01 9.812109059999999383e-01 8.948397459999999359e-01 9.306284339999999489e-01 7.894122679999998615e-01 2.046314539999999904e-01 2.127643060000000141e-01 2.564468100000000250e-01 3.003470040000000285e-01 1.930907420000000096e-01 1.924722060000000068e-01 9.148377660000001077e-01 6.058581379999999905e-01
3.948918179999999500e-01 3.536604340000000235e-01 8.744861879999999976e-01 8.307597140000000380e-01 3.631035479999999982e-01 3.514777679999999682e-01 5.657030140000001150e-01 7.902863680000000723e-01 9.349849259999999385e-01 0.000000000000000000e+00 9.311201700000000248e-01 9.531055059999999912e-01 9.258044059999999131e-01 8.066147300000000575e-01 2.480612959999999867e-01 2.415961659999999733e-01 3.030461420000000183e-01 2.900859339999999897e-01 2.344212400000000029e-01 2.281471820000000039e-01 9.164747020000000299e-01 5.820924560000000358e-01
3.688244399999999756e-01 3.307583280000000459e-01 9.231812799999999930e-01 8.883936000000000055e-01 3.481166299999999825e-01 3.209537199999999979e-01 6.228899199999999858e-01 7.546992860000000247e-01 9.812109059999999383e-01 9.311201700000000248e-01 0.000000000000000000e+00 8.936657780000001328e-01 9.475401180000000423e-01 7.830554160000000596e-01 2.361857740000000427e-01 2.411327739999999942e-01 2.891897179999999845e-01 3.244844500000000354e-01 2.265504260000000269e-01 2.257882319999999776e-01 9.194100420000002050e-01 6.066877960000001124e-01
3.693667699999999554e-01 3.345454099999999320e-01 8.457767219999998698e-01 8.169736780000000920e-01 3.412816300000000025e-01 3.256776499999999852e-01 5.314285079999999661e-01 7.682318259999999510e-01 8.948397459999999359e-01 9.531055059999999912e-01 8.936657780000001328e-01 0.000000000000000000e+00 8.910813739999999816e-01 7.811069579999999624e-01 2.604688960000000053e-01 2.537740519999999722e-01 2.932791299999999990e-01 2.621599099999999960e-01 2.408214899999999992e-01 2.379652879999999970e-01 8.928266060000000781e-01 5.700311260000000546e-01
4.101271020000000211e-01 3.727871200000000274e-01 8.802413360000000964e-01 8.417795979999999068e-01 3.817270340000000206e-01 3.634597000000000522e-01 5.490383280000000754e-01 7.279522439999999150e-01 9.306284339999999489e-01 9.258044059999999131e-01 9.475401180000000423e-01 8.910813739999999816e-01 0.000000000000000000e+00 7.599493819999999511e-01 2.277504640000000136e-01 2.343793600000000088e-01 2.557013680000000400e-01 2.508281860000000085e-01 2.048160820000000104e-01 2.082405559999999656e-01 9.087777240000001200e-01 5.752707240000000111e-01
2.924456160000000193e-01 2.663623419999999742e-01 7.068089060000000146e-01 7.099883080000000124e-01 2.663364719999999908e-01 2.921828340000000024e-01 4.141835520000000104e-01 6.568568599999999869e-01 7.894122679999998615e-01 8.066147300000000575e-01 7.830554160000000596e-01 7.811069579999999624e-01 7.599493819999999511e-01 0.000000000000000000e+00 1.465876559999999829e-01 1.558384500000000172e-01 1.486361419999999989e-01 1.667678599999999900e-01 1.364719899999999875e-01 1.654832260000000110e-01 7.523867479999999386e-01 5.011122780000000221e-01
1.259666899999999923e-01 1.227518319999999913e-01 2.212367959999999856e-01 1.705446420000000241e-01 1.167927780000000137e-01 1.331482719999999842e-01 4.742463840000000208e-01 3.176558379999999682e-01 2.046314539999999904e-01 2.480612959999999867e-01 2.361857740000000427e-01 2.604688960000000053e-01 2.277504640000000136e-01 1.465876559999999829e-01 0.000000000000000000e+00 9.643069420000000003e-01 9.628384060000000355e-01 8.035023819999999040e-01 9.914411779999999785e-01 9.765531739999999683e-01 2.203803760000000445e-01 1.144156240000000074e-01
1.287041200000000052e-01 1.187051580000000051e-01 2.285271820000000231e-01 1.945800860000000132e-01 1.263670279999999924e-01 1.307368859999999966e-01 4.862430979999999847e-01 3.083673999999999582e-01 2.127643060000000141e-01 2.415961659999999733e-01 2.411327739999999942e-01 2.537740519999999722e-01 2.343793600000000088e-01 1.558384500000000172e-01 9.643069420000000003e-01 0.000000000000000000e+00 9.250715480000000213e-01 7.920271700000000026e-01 9.633192459999999624e-01 9.798408939999999623e-01 2.246486139999999965e-01 1.268071600000000021e-01
1.217340179999999855e-01 1.179016519999999957e-01 2.776913380000000098e-01 2.160943599999999853e-01 1.188583779999999868e-01 1.221371559999999967e-01 4.865196860000000068e-01 4.029662400000000311e-01 2.564468100000000250e-01 3.030461420000000183e-01 2.891897179999999845e-01 2.932791299999999990e-01 2.557013680000000400e-01 1.486361419999999989e-01 9.628384060000000355e-01 9.250715480000000213e-01 0.000000000000000000e+00 8.204823839999999535e-01 9.810866160000000225e-01 9.437098919999999946e-01 2.524765800000000615e-01 1.352300119999999828e-01
1.502677119999999977e-01 1.486208179999999879e-01 3.146493039999999630e-01 2.658180459999999745e-01 1.627867439999999832e-01 1.260507999999999906e-01 4.663137840000000089e-01 4.158887639999999664e-01 3.003470040000000285e-01 2.900859339999999897e-01 3.244844500000000354e-01 2.621599099999999960e-01 2.508281860000000085e-01 1.667678599999999900e-01 8.035023819999999040e-01 7.920271700000000026e-01 8.204823839999999535e-01 0.000000000000000000e+00 8.237851559999999074e-01 8.361579860000001307e-01 2.676050279999999670e-01 1.827635620000000183e-01
1.362377720000000070e-01 1.328165339999999861e-01 2.157048500000000035e-01 1.629590760000000083e-01 1.289535559999999970e-01 1.367081300000000110e-01 4.646590400000000232e-01 3.304790139999999599e-01 1.930907420000000096e-01 2.344212400000000029e-01 2.265504260000000269e-01 2.408214899999999992e-01 2.048160820000000104e-01 1.364719899999999875e-01 9.914411779999999785e-01 9.633192459999999624e-01 9.810866160000000225e-01 8.237851559999999074e-01 0.000000000000000000e+00 9.765480340000001203e-01 2.006171000000000204e-01 9.854502400000000883e-02
1.348000159999999947e-01 1.303363240000000034e-01 2.163831399999999738e-01 1.676797260000000012e-01 1.326653539999999853e-01 1.309872719999999879e-01 4.821160799999999469e-01 2.965539459999999572e-01 1.924722060000000068e-01 2.281471820000000039e-01 2.257882319999999776e-01 2.379652879999999970e-01 2.082405559999999656e-01 1.654832260000000110e-01 9.765531739999999683e-01 9.798408939999999623e-01 9.437098919999999946e-01 8.361579860000001307e-01 9.765480340000001203e-01 0.000000000000000000e+00 2.027375000000000149e-01 1.207855780000000046e-01
3.618740240000000163e-01 3.190275940000000254e-01 8.700535640000000015e-01 8.258060879999999937e-01 3.257016179999999705e-01 3.110166919999999835e-01 5.421181440000000240e-01 7.303147739999999999e-01 9.148377660000001077e-01 9.164747020000000299e-01 9.194100420000002050e-01 8.928266060000000781e-01 9.087777240000001200e-01 7.523867479999999386e-01 2.203803760000000445e-01 2.246486139999999965e-01 2.524765800000000615e-01 2.676050279999999670e-01 2.006171000000000204e-01 2.027375000000000149e-01 0.000000000000000000e+00 4.854168099999999764e-01
3.425656100000000204e-01 3.370923879999999651e-01 5.432089540000000216e-01 5.589130480000000789e-01 3.507530039999999794e-01 3.291407100000000030e-01 4.312281399999999820e-01 5.442781780000000014e-01 6.058581379999999905e-01 5.820924560000000358e-01 6.066877960000001124e-01 5.700311260000000546e-01 5.752707240000000111e-01 5.011122780000000221e-01 1.144156240000000074e-01 1.268071600000000021e-01 1.352300119999999828e-01 1.827635620000000183e-01 9.854502400000000883e-02 1.207855780000000046e-01 4.854168099999999764e-01 0.000000000000000000e+00
