0.000000000000000000e+00 1.497493320000000128e-01 2.252936800000000517e-01 3.042546480000000164e-01 1.920734160000000246e-01 7.284512419999999988e-01 2.236128619999999678e-01 1.731163720000000183e-01 2.088844719999999877e-01 1.891539700000000324e-01 2.569802700000000106e-01 2.412801840000000086e-01 1.662262200000000079e-01 2.817187079999999844e-01 2.284728160000000230e-01 1.751834559999999874e-01 1.842263640000000036e-01 1.836798759999999919e-01 2.591071000000000346e-01 2.134053240000000073e-01 2.273983920000000047e-01 2.229111939999999792e-01
1.497493320000000128e-01 0.000000000000000000e+00 3.166810019999999892e-01 3.079641279999999481e-01 7.163717200000000451e-01 1.892372459999999701e-01 2.135940220000000223e-01 2.551081020000000033e-01 2.741723999999999828e-01 2.115513640000000195e-01 2.276309040000000228e-01 3.055814239999999904e-01 2.807746100000000355e-01 2.278075860000000341e-01 2.435523739999999882e-01 2.110030480000000264e-01 1.891211940000000202e-01 1.943460399999999977e-01 1.158615119999999860e-01 1.538371040000000023e-01 3.013591059999999877e-01 2.955759559999999730e-01
2.252936800000000517e-01 3.166810019999999892e-01 0.000000000000000000e+00 2.586177279999999912e-01 2.879223219999999528e-01 2.153514180000000167e-01 4.844434200000000135e-01 2.402999560000000090e-01 4.036246479999999748e-01 6.029828299999999697e-01 8.127367079999998634e-01 2.491894220000000215e-01 7.954437640000000531e-01 1.703617479999999795e-01 2.968832879999999674e-01 2.575123559999999978e-01 2.660016259999999910e-01 1.688338500000000075e-01 2.096311040000000125e-01 1.909305460000000065e-01 7.769895879999999533e-01 4.329534060000000406e-01
3.042546480000000164e-01 3.079641279999999481e-01 2.586177279999999912e-01 0.000000000000000000e+00 3.431410339999999559e-01 2.655433319999999653e-01 2.317320019999999925e-01 6.477620760000000200e-01 5.793386179999999719e-01 2.668125140000000561e-01 1.825856840000000259e-01 7.961207900000000226e-01 2.104612220000000034e-01 5.435162180000000509e-01 1.699971880000000213e-01 2.105866980000000166e-01 2.192441159999999889e-01 2.873750199999999810e-01 1.821073060000000243e-01 2.539866520000000349e-01 1.981214379999999831e-01 5.976825000000000054e-01
1.920734160000000246e-01 7.163717200000000451e-01 2.879223219999999528e-01 3.431410339999999559e-01 0.000000000000000000e+00 1.971422639999999837e-01 2.293459299999999756e-01 2.821050219999999831e-01 2.196165179999999828e-01 2.472633779999999781e-01 2.652784659999999906e-01 2.787692660000000155e-01 3.251979600000000081e-01 2.610815519999999945e-01 2.468495240000000146e-01 1.600906499999999733e-01 2.341179439999999945e-01 1.676276040000000134e-01 1.539485119999999818e-01 1.881707380000000041e-01 3.142232040000000337e-01 2.025575299999999856e-01
7.284512419999999988e-01 1.892372459999999701e-01 2.153514180000000167e-01 2.655433319999999653e-01 1.971422639999999837e-01 0.000000000000000000e+00 1.956041239999999903e-01 1.729540599999999928e-01 1.862398680000000029e-01 2.032956559999999635e-01 2.304607340000000559e-01 2.284738659999999977e-01 2.340055280000000182e-01 3.347069200000000189e-01 2.580942720000000135e-01 1.743884359999999800e-01 2.196081880000000375e-01 1.932284000000000224e-01 2.583130719999999769e-01 2.389032399999999612e-01 1.715398860000000025e-01 1.842900620000000045e-01
2.236128619999999678e-01 2.135940220000000223e-01 4.844434200000000135e-01 2.317320019999999925e-01 2.293459299999999756e-01 1.956041239999999903e-01 0.000000000000000000e+00 2.100217439999999824e-01 2.964303460000000112e-01 5.080464940000000151e-01 5.502051439999998683e-01 1.780894439999999856e-01 5.345499780000000367e-01 2.500997219999999688e-01 3.060067240000000632e-01 2.230019059999999997e-01 2.808304000000000356e-01 1.860266859999999967e-01 3.393258140000000589e-01 3.110699039999999527e-01 4.991622459999999206e-01 2.651331459999999862e-01
1.731163720000000183e-01 2.551081020000000033e-01 2.402999560000000090e-01 6.477620760000000200e-01 2.821050219999999831e-01 1.729540599999999928e-01 2.100217439999999824e-01 0.000000000000000000e+00 4.686559000000000141e-01 3.220211339999999867e-01 2.132489939999999695e-01 6.904855939999998693e-01 1.911828339999999959e-01 5.218129140000000721e-01 2.052423600000000126e-01 2.542126860000000210e-01 1.795078539999999945e-01 2.236505199999999915e-01 1.895892499999999870e-01 3.739123420000000086e-01 2.533133079999999593e-01 5.290338260000000403e-01
2.088844719999999877e-01 2.741723999999999828e-01 4.036246479999999748e-01 5.793386179999999719e-01 2.196165179999999828e-01 1.862398680000000029e-01 2.964303460000000112e-01 4.686559000000000141e-01 0.000000000000000000e+00 3.737559879999999835e-01 3.745388560000000311e-01 5.398808600000000180e-01 3.678659579999999929e-01 4.132777919999999772e-01 1.903362520000000113e-01 2.113823860000000054e-01 1.431358500000000089e-01 3.146322159999999646e-01 1.884300160000000057e-01 2.561658900000000072e-01 3.118283159999999943e-01 4.650727800000000189e-01
1.891539700000000324e-01 2.115513640000000195e-01 6.029828299999999697e-01 2.668125140000000561e-01 2.472633779999999781e-01 2.032956559999999635e-01 5.080464940000000151e-01 3.220211339999999867e-01 3.737559879999999835e-01 0.000000000000000000e+00 6.284347799999999706e-01 2.423995499999999637e-01 6.577961399999999736e-01 2.601132979999999928e-01 2.529145560000000126e-01 1.977995179999999797e-01 1.720589939999999929e-01 1.482157460000000093e-01 1.620107959999999847e-01 2.105479879999999915e-01 6.581895739999999995e-01 2.823408719999999650e-01
2.569802700000000106e-01 2.276309040000000228e-01 8.127367079999998634e-01 1.825856840000000259e-01 2.652784659999999906e-01 2.304607340000000559e-01 5.502051439999998683e-01 2.132489939999999695e-01 3.745388560000000311e-01 6.284347799999999706e-01 0.000000000000000000e+00 1.357932380000000105e-01 8.189366799999999724e-01 1.329399240000000149e-01 3.848899760000000225e-01 3.095022580000000301e-01 2.762138860000000196e-01 1.916454620000000164e-01 2.561398080000000244e-01 2.900972000000000550e-01 7.478270360000000005e-01 4.576068959999999852e-01
2.412801840000000086e-01 3.055814239999999904e-01 2.491894220000000215e-01 7.961207900000000226e-01 2.787692660000000155e-01 2.284738659999999977e-01 1.780894439999999856e-01 6.904855939999998693e-01 5.398808600000000180e-01 2.423995499999999637e-01 1.357932380000000105e-01 0.000000000000000000e+00 1.751052619999999838e-01 5.720454240000000246e-01 1.667877620000000061e-01 2.025950759999999851e-01 1.469822439999999841e-01 3.557816659999999964e-01 1.724594559999999832e-01 2.836447500000000010e-01 2.254409819999999842e-01 6.051138540000000621e-01
1.662262200000000079e-01 2.807746100000000355e-01 7.954437640000000531e-01 2.104612220000000034e-01 3.251979600000000081e-01 2.340055280000000182e-01 5.345499780000000367e-01 1.911828339999999959e-01 3.678659579999999929e-01 6.577961399999999736e-01 8.189366799999999724e-01 1.751052619999999838e-01 0.000000000000000000e+00 1.970413779999999893e-01 3.283948180000000328e-01 2.299261079999999902e-01 2.769974499999999784e-01 1.918810779999999827e-01 2.267135600000000084e-01 1.955738960000000248e-01 7.723441199999999673e-01 3.909952939999999932e-01
2.817187079999999844e-01 2.278075860000000341e-01 1.703617479999999795e-01 5.435162180000000509e-01 2.610815519999999945e-01 3.347069200000000189e-01 2.500997219999999688e-01 5.218129140000000721e-01 4.132777919999999772e-01 2.601132979999999928e-01 1.329399240000000149e-01 5.720454240000000246e-01 1.970413779999999893e-01 0.000000000000000000e+00 2.102272280000000160e-01 2.477839999999999487e-01 2.140663420000000206e-01 3.245263640000000116e-01 2.047220240000000024e-01 1.923850539999999998e-01 2.221013679999999935e-01 4.913733399999999918e-01
2.284728160000000230e-01 2.435523739999999882e-01 2.968832879999999674e-01 1.699971880000000213e-01 2.468495240000000146e-01 2.580942720000000135e-01 3.060067240000000632e-01 2.052423600000000126e-01 1.903362520000000113e-01 2.529145560000000126e-01 3.848899760000000225e-01 1.667877620000000061e-01 3.283948180000000328e-01 2.102272280000000160e-01 0.000000000000000000e+00 3.173999800000000260e-01 5.451652860000000267e-01 2.158004659999999963e-01 5.254087579999999758e-01 5.498285960000000028e-01 3.400344060000000113e-01 2.170301739999999646e-01
1.751834559999999874e-01 2.110030480000000264e-01 2.575123559999999978e-01 2.105866980000000166e-01 1.600906499999999733e-01 1.743884359999999800e-01 2.230019059999999997e-01 2.542126860000000210e-01 2.113823860000000054e-01 1.977995179999999797e-01 3.095022580000000301e-01 2.025950759999999851e-01 2.299261079999999902e-01 2.477839999999999487e-01 3.173999800000000260e-01 0.000000000000000000e+00 3.550902340000000601e-01 4.806247739999999768e-01 4.965009179999999023e-01 4.337775240000000809e-01 2.892918779999999468e-01 2.545502960000000092e-01
1.842263640000000036e-01 1.891211940000000202e-01 2.660016259999999910e-01 2.192441159999999889e-01 2.341179439999999945e-01 2.196081880000000375e-01 2.808304000000000356e-01 1.795078539999999945e-01 1.431358500000000089e-01 1.720589939999999929e-01 2.762138860000000196e-01 1.469822439999999841e-01 2.769974499999999784e-01 2.140663420000000206e-01 5.451652860000000267e-01 3.550902340000000601e-01 0.000000000000000000e+00 2.589746439999999761e-01 8.333497579999999960e-01 3.812984839999999376e-01 3.390321499999999766e-01 1.648583879999999946e-01
1.836798759999999919e-01 1.943460399999999977e-01 1.688338500000000075e-01 2.873750199999999810e-01 1.676276040000000134e-01 1.932284000000000224e-01 1.860266859999999967e-01 2.236505199999999915e-01 3.146322159999999646e-01 1.482157460000000093e-01 1.916454620000000164e-01 3.557816659999999964e-01 1.918810779999999827e-01 3.245263640000000116e-01 2.158004659999999963e-01 4.806247739999999768e-01 2.589746439999999761e-01 0.000000000000000000e+00 2.786708660000000171e-01 6.529653279999999560e-01 1.817130080000000369e-01 3.098895959999999894e-01
2.591071000000000346e-01 1.158615119999999860e-01 2.096311040000000125e-01 1.821073060000000243e-01 1.539485119999999818e-01 2.583130719999999769e-01 3.393258140000000589e-01 1.895892499999999870e-01 1.884300160000000057e-01 1.620107959999999847e-01 2.561398080000000244e-01 1.724594559999999832e-01 2.267135600000000084e-01 2.047220240000000024e-01 5.254087579999999758e-01 4.965009179999999023e-01 8.333497579999999960e-01 2.786708660000000171e-01 0.000000000000000000e+00 4.420422900000000044e-01 2.505846200000000357e-01 1.891485099999999919e-01
2.134053240000000073e-01 1.538371040000000023e-01 1.909305460000000065e-01 2.539866520000000349e-01 1.881707380000000041e-01 2.389032399999999612e-01 3.110699039999999527e-01 3.739123420000000086e-01 2.561658900000000072e-01 2.105479879999999915e-01 2.900972000000000550e-01 2.836447500000000010e-01 1.955738960000000248e-01 1.923850539999999998e-01 5.498285960000000028e-01 4.337775240000000809e-01 3.812984839999999376e-01 6.529653279999999560e-01 4.420422900000000044e-01 0.000000000000000000e+00 2.210907119999999948e-01 2.310186540000000177e-01
2.273983920000000047e-01 3.013591059999999877e-01 7.769895879999999533e-01 1.981214379999999831e-01 3.142232040000000337e-01 1.715398860000000025e-01 4.991622459999999206e-01 2.533133079999999593e-01 3.118283159999999943e-01 6.581895739999999995e-01 7.478270360000000005e-01 2.254409819999999842e-01 7.723441199999999673e-01 2.221013679999999935e-01 3.400344060000000113e-01 2.892918779999999468e-01 3.390321499999999766e-01 1.817130080000000369e-01 2.505846200000000357e-01 2.210907119999999948e-01 0.000000000000000000e+00 4.104360340000000607e-01
2.229111939999999792e-01 2.955759559999999730e-01 4.329534060000000406e-01 5.976825000000000054e-01 2.025575299999999856e-01 1.842900620000000045e-01 2.651331459999999862e-01 5.290338260000000403e-01 4.650727800000000189e-01 2.823408719999999650e-01 4.576068959999999852e-01 6.051138540000000621e-01 3.909952939999999932e-01 4.913733399999999918e-01 2.170301739999999646e-01 2.545502960000000092e-01 1.648583879999999946e-01 3.098895959999999894e-01 1.891485099999999919e-01 2.310186540000000177e-01 4.104360340000000607e-01 0.000000000000000000e+00
