0.000000000000000000e+00 2.955281240000000031e-01 2.520716799999999647e-01 3.109359760000000028e-01 2.337544840000000124e-01 7.898496919999999921e-01 2.519113080000000005e-01 3.016003539999999594e-01 3.128576680000000332e-01 2.475025940000000202e-01 2.376111340000000016e-01 1.604368300000000025e-01 1.773946240000000008e-01 2.876310020000000245e-01 2.228076539999999939e-01 2.343398340000000246e-01 2.420170839999999934e-01 2.187632660000000118e-01 2.595081360000000004e-01 2.651881999999999850e-01 2.050790600000000075e-01 2.229579359999999677e-01
2.955281240000000031e-01 0.000000000000000000e+00 2.452123320000000051e-01 2.459118079999999540e-01 7.252861879999999983e-01 2.775142879999999979e-01 2.899693420000000188e-01 2.582909759999999499e-01 2.465892500000000376e-01 2.111198020000000231e-01 2.639310719999999888e-01 2.664419479999999840e-01 2.527856179999999897e-01 3.005231699999999506e-01 3.070248660000000074e-01 1.252671539999999917e-01 1.783553639999999885e-01 2.868111999999999329e-01 2.022542740000000117e-01 3.108814500000000036e-01 2.562769939999999802e-01 1.971398200000000211e-01
2.520716799999999647e-01 2.452123320000000051e-01 0.000000000000000000e+00 2.639699359999999606e-01 2.113607140000000051e-01 2.399898880000000401e-01 5.619947699999999768e-01 2.870847399999999494e-01 4.969097679999999739e-01 6.639904480000000664e-01 8.547023560000001074e-01 2.821335099999999763e-01 8.237984220000000857e-01 2.595124639999999983e-01 2.556923199999999730e-01 2.751861620000000119e-01 3.195643320000000065e-01 2.639286760000000287e-01 3.957410539999999810e-01 2.385139900000000091e-01 8.169706719999998423e-01 3.206399619999999451e-01
3.109359760000000028e-01 2.459118079999999540e-01 2.639699359999999606e-01 0.000000000000000000e+00 1.754937460000000060e-01 2.038658460000000172e-01 2.444354499999999708e-01 5.736164120000000199e-01 5.462330079999999644e-01 2.941793719999999945e-01 2.257076259999999945e-01 7.522242499999999277e-01 2.168768420000000141e-01 6.125031319999999502e-01 3.034762320000000679e-01 3.019435400000000103e-01 2.458740360000000180e-01 2.670804620000000185e-01 2.583445819999999893e-01 2.612270320000000257e-01 1.845633980000000174e-01 5.425673379999998991e-01
2.337544840000000124e-01 7.252861879999999983e-01 2.113607140000000051e-01 1.754937460000000060e-01 0.000000000000000000e+00 2.529855480000000045e-01 3.482278339999999583e-01 2.099281799999999920e-01 2.911452820000000608e-01 2.096956339999999641e-01 2.507956399999999864e-01 1.737440859999999920e-01 2.286401740000000016e-01 3.282301580000000496e-01 2.813320860000000367e-01 2.195325300000000035e-01 2.743379680000000431e-01 2.557854700000000148e-01 2.942444940000000231e-01 2.378336180000000244e-01 2.139947079999999779e-01 1.511582320000000035e-01
7.898496919999999921e-01 2.775142879999999979e-01 2.399898880000000401e-01 2.038658460000000172e-01 2.529855480000000045e-01 0.000000000000000000e+00 2.887250919999999610e-01 3.005404159999999769e-01 3.277895820000000238e-01 2.600691219999999859e-01 2.597228160000000230e-01 1.527290000000000036e-01 1.900815800000000000e-01 1.985993719999999685e-01 2.665323940000000058e-01 2.585236200000000095e-01 2.716402199999999878e-01 3.350693500000000435e-01 2.747707759999999944e-01 3.377135159999999914e-01 1.979319660000000147e-01 2.050398720000000119e-01
2.519113080000000005e-01 2.899693420000000188e-01 5.619947699999999768e-01 2.444354499999999708e-01 3.482278339999999583e-01 2.887250919999999610e-01 0.000000000000000000e+00 1.536869019999999864e-01 3.144573560000000212e-01 5.705572020000000411e-01 5.890980740000000271e-01 1.703365159999999934e-01 5.565044860000000204e-01 2.457767100000000371e-01 3.800161999999999707e-01 3.483972699999999811e-01 4.008711020000000902e-01 3.342172220000000360e-01 4.388594180000000011e-01 4.294411919999999716e-01 5.209717959999999870e-01 2.754407779999999972e-01
3.016003539999999594e-01 2.582909759999999499e-01 2.870847399999999494e-01 5.736164120000000199e-01 2.099281799999999920e-01 3.005404159999999769e-01 1.536869019999999864e-01 0.000000000000000000e+00 5.256935900000000439e-01 2.617865620000000004e-01 2.258154680000000192e-01 6.318209340000000562e-01 2.704543520000000090e-01 4.136664540000000168e-01 1.704225239999999919e-01 2.464493180000000283e-01 2.977504779999999851e-01 2.533658159999999659e-01 3.585955920000000186e-01 3.279870919999999801e-01 2.312179039999999741e-01 5.474206440000000118e-01
3.128576680000000332e-01 2.465892500000000376e-01 4.969097679999999739e-01 5.462330079999999644e-01 2.911452820000000608e-01 3.277895820000000238e-01 3.144573560000000212e-01 5.256935900000000439e-01 0.000000000000000000e+00 4.826339479999999793e-01 5.275880440000000338e-01 5.219291780000000491e-01 4.359605120000000222e-01 4.265330000000000510e-01 2.397001059999999961e-01 2.437110420000000166e-01 3.217256459999999763e-01 2.096739460000000277e-01 3.685514699999999921e-01 2.524904040000000016e-01 4.003130240000000728e-01 4.132494620000000118e-01
2.475025940000000202e-01 2.111198020000000231e-01 6.639904480000000664e-01 2.941793719999999945e-01 2.096956339999999641e-01 2.600691219999999859e-01 5.705572020000000411e-01 2.617865620000000004e-01 4.826339479999999793e-01 0.000000000000000000e+00 6.414885440000001049e-01 4.086863619999999697e-01 5.975875420000000826e-01 2.071810520000000044e-01 2.207000659999999725e-01 2.776534179999999852e-01 3.184421999999999531e-01 2.581677760000000155e-01 3.825300819999999935e-01 2.923932459999999955e-01 6.534896160000001064e-01 1.734046820000000044e-01
2.376111340000000016e-01 2.639310719999999888e-01 8.547023560000001074e-01 2.257076259999999945e-01 2.507956399999999864e-01 2.597228160000000230e-01 5.890980740000000271e-01 2.258154680000000192e-01 5.275880440000000338e-01 6.414885440000001049e-01 0.000000000000000000e+00 2.155746360000000139e-01 8.153936440000000285e-01 2.132405679999999637e-01 3.124461960000000094e-01 2.813019439999999705e-01 3.402798900000000293e-01 2.095741180000000037e-01 3.942654439999999649e-01 2.055886399999999892e-01 7.993812719999999761e-01 3.140978319999999657e-01
1.604368300000000025e-01 2.664419479999999840e-01 2.821335099999999763e-01 7.522242499999999277e-01 1.737440859999999920e-01 1.527290000000000036e-01 1.703365159999999934e-01 6.318209340000000562e-01 5.219291780000000491e-01 4.086863619999999697e-01 2.155746360000000139e-01 0.000000000000000000e+00 2.463263079999999938e-01 5.132129819999999842e-01 2.616060179999999957e-01 2.563801019999999986e-01 2.271781240000000091e-01 2.314182200000000356e-01 1.990642440000000013e-01 3.067176560000000052e-01 2.524061899999999747e-01 5.559199719999999845e-01
1.773946240000000008e-01 2.527856179999999897e-01 8.237984220000000857e-01 2.168768420000000141e-01 2.286401740000000016e-01 1.900815800000000000e-01 5.565044860000000204e-01 2.704543520000000090e-01 4.359605120000000222e-01 5.975875420000000826e-01 8.153936440000000285e-01 2.463263079999999938e-01 0.000000000000000000e+00 2.315353459999999752e-01 2.617075139999999744e-01 2.959604759999999724e-01 3.747008600000000245e-01 2.607059259999999212e-01 4.000680220000000231e-01 2.226123200000000024e-01 8.451180360000000169e-01 3.303455020000000131e-01
2.876310020000000245e-01 3.005231699999999506e-01 2.595124639999999983e-01 6.125031319999999502e-01 3.282301580000000496e-01 1.985993719999999685e-01 2.457767100000000371e-01 4.136664540000000168e-01 4.265330000000000510e-01 2.071810520000000044e-01 2.132405679999999637e-01 5.132129819999999842e-01 2.315353459999999752e-01 0.000000000000000000e+00 2.757721619999999874e-01 2.873942720000000062e-01 2.297748239999999886e-01 2.198191800000000029e-01 2.624554660000000261e-01 2.917635199999999984e-01 2.577228480000000044e-01 4.300335819999999698e-01
2.228076539999999939e-01 3.070248660000000074e-01 2.556923199999999730e-01 3.034762320000000679e-01 2.813320860000000367e-01 2.665323940000000058e-01 3.800161999999999707e-01 1.704225239999999919e-01 2.397001059999999961e-01 2.207000659999999725e-01 3.124461960000000094e-01 2.616060179999999957e-01 2.617075139999999744e-01 2.757721619999999874e-01 0.000000000000000000e+00 3.272859520000000466e-01 3.692363379999999973e-01 4.227958159999999910e-01 3.434890240000000317e-01 5.406386839999999250e-01 2.465012259999999900e-01 2.398777440000000039e-01
2.343398340000000246e-01 1.252671539999999917e-01 2.751861620000000119e-01 3.019435400000000103e-01 2.195325300000000035e-01 2.585236200000000095e-01 3.483972699999999811e-01 2.464493180000000283e-01 2.437110420000000166e-01 2.776534179999999852e-01 2.813019439999999705e-01 2.563801019999999986e-01 2.959604759999999724e-01 2.873942720000000062e-01 3.272859520000000466e-01 0.000000000000000000e+00 3.324348460000000061e-01 4.505274860000000325e-01 5.168531720000000274e-01 3.190683319999999545e-01 2.948326520000000284e-01 3.509179459999999251e-01
2.420170839999999934e-01 1.783553639999999885e-01 3.195643320000000065e-01 2.458740360000000180e-01 2.743379680000000431e-01 2.716402199999999878e-01 4.008711020000000902e-01 2.977504779999999851e-01 3.217256459999999763e-01 3.184421999999999531e-01 3.402798900000000293e-01 2.271781240000000091e-01 3.747008600000000245e-01 2.297748239999999886e-01 3.692363379999999973e-01 3.324348460000000061e-01 0.000000000000000000e+00 2.346876779999999552e-01 7.651233700000000804e-01 2.678062339999999764e-01 3.505337940000000096e-01 3.117207499999999909e-01
2.187632660000000118e-01 2.868111999999999329e-01 2.639286760000000287e-01 2.670804620000000185e-01 2.557854700000000148e-01 3.350693500000000435e-01 3.342172220000000360e-01 2.533658159999999659e-01 2.096739460000000277e-01 2.581677760000000155e-01 2.095741180000000037e-01 2.314182200000000356e-01 2.607059259999999212e-01 2.198191800000000029e-01 4.227958159999999910e-01 4.505274860000000325e-01 2.346876779999999552e-01 0.000000000000000000e+00 2.143399280000000129e-01 7.291426919999999257e-01 2.561582180000000486e-01 2.977314839999999907e-01
2.595081360000000004e-01 2.022542740000000117e-01 3.957410539999999810e-01 2.583445819999999893e-01 2.942444940000000231e-01 2.747707759999999944e-01 4.388594180000000011e-01 3.585955920000000186e-01 3.685514699999999921e-01 3.825300819999999935e-01 3.942654439999999649e-01 1.990642440000000013e-01 4.000680220000000231e-01 2.624554660000000261e-01 3.434890240000000317e-01 5.168531720000000274e-01 7.651233700000000804e-01 2.143399280000000129e-01 0.000000000000000000e+00 2.397485659999999963e-01 3.781579660000000120e-01 3.586334840000000024e-01
2.651881999999999850e-01 3.108814500000000036e-01 2.385139900000000091e-01 2.612270320000000257e-01 2.378336180000000244e-01 3.377135159999999914e-01 4.294411919999999716e-01 3.279870919999999801e-01 2.524904040000000016e-01 2.923932459999999955e-01 2.055886399999999892e-01 3.067176560000000052e-01 2.226123200000000024e-01 2.917635199999999984e-01 5.406386839999999250e-01 3.190683319999999545e-01 2.678062339999999764e-01 7.291426919999999257e-01 2.397485659999999963e-01 0.000000000000000000e+00 2.695357899999999973e-01 2.513576780000000288e-01
2.050790600000000075e-01 2.562769939999999802e-01 8.169706719999998423e-01 1.845633980000000174e-01 2.139947079999999779e-01 1.979319660000000147e-01 5.209717959999999870e-01 2.312179039999999741e-01 4.003130240000000728e-01 6.534896160000001064e-01 7.993812719999999761e-01 2.524061899999999747e-01 8.451180360000000169e-01 2.577228480000000044e-01 2.465012259999999900e-01 2.948326520000000284e-01 3.505337940000000096e-01 2.561582180000000486e-01 3.781579660000000120e-01 2.695357899999999973e-01 0.000000000000000000e+00 2.902998159999999883e-01
2.229579359999999677e-01 1.971398200000000211e-01 3.206399619999999451e-01 5.425673379999998991e-01 1.511582320000000035e-01 2.050398720000000119e-01 2.754407779999999972e-01 5.474206440000000118e-01 4.132494620000000118e-01 1.734046820000000044e-01 3.140978319999999657e-01 5.559199719999999845e-01 3.303455020000000131e-01 4.300335819999999698e-01 2.398777440000000039e-01 3.509179459999999251e-01 3.117207499999999909e-01 2.977314839999999907e-01 3.586334840000000024e-01 2.513576780000000288e-01 2.902998159999999883e-01 0.000000000000000000e+00
