0.000000000000000000e+00 6.954092120000000543e-01 7.266230900000000270e-01 7.097044379999999375e-01 6.265670060000000374e-01 6.914220020000000355e-01 4.487965499999999608e-01 4.878449179999999608e-01 5.744520039999999605e-01 5.794933039999998758e-01 5.405194979999999871e-01 5.162597759999999480e-01 5.272457360000000204e-01 3.616010980000000097e-01 2.855310380000000148e-01 3.477780160000000231e-01 3.928707200000000066e-01 4.339269339999999309e-01 2.495470379999999988e-01 3.288951179999999863e-01 4.292212160000000165e-01 3.186738539999999231e-01
6.954092120000000543e-01 0.000000000000000000e+00 5.228793259999999776e-01 4.812575139999999974e-01 7.134533859999999672e-01 7.862935139999999157e-01 3.323901980000000256e-01 3.649949499999999847e-01 3.998075480000000126e-01 4.097130339999999760e-01 3.757821700000000265e-01 3.390288220000000630e-01 3.452731099999999942e-01 2.704951359999999694e-01 2.434052759999999760e-01 2.284265480000000070e-01 2.778563079999999963e-01 3.562950340000000660e-01 2.175958919999999852e-01 2.965759479999999781e-01 2.740329559999999942e-01 3.304092180000000045e-01
7.266230900000000270e-01 5.228793259999999776e-01 0.000000000000000000e+00 8.124150139999999354e-01 4.469824560000000280e-01 5.019859980000000999e-01 7.075425660000000949e-01 6.045943400000000079e-01 8.268781459999999806e-01 8.066881059999999604e-01 8.542008060000000347e-01 6.735728639999999379e-01 8.341037140000000516e-01 4.896302060000000123e-01 4.427058220000000266e-01 4.649221060000000572e-01 4.790250399999999575e-01 4.438617120000000194e-01 3.303806759999999842e-01 4.251160780000000083e-01 7.392757279999999653e-01 3.670702820000000255e-01
7.097044379999999375e-01 4.812575139999999974e-01 8.124150139999999354e-01 0.000000000000000000e+00 4.304004940000000223e-01 4.795362440000000004e-01 6.111432640000000749e-01 7.572538500000000061e-01 8.030493700000000956e-01 8.303571499999999883e-01 7.142139100000000074e-01 7.956166520000000908e-01 7.124037020000001386e-01 5.688274279999999683e-01 3.440750699999999829e-01 5.626564820000000688e-01 3.779548140000000278e-01 4.759919260000000096e-01 3.825847119999999935e-01 4.534528239999999211e-01 6.504372320000000318e-01 5.073260160000000463e-01
6.265670060000000374e-01 7.134533859999999672e-01 4.469824560000000280e-01 4.304004940000000223e-01 0.000000000000000000e+00 6.301505840000000136e-01 3.172915499999999778e-01 3.439111400000000041e-01 4.270996219999999566e-01 3.927069780000000399e-01 3.942523639999999663e-01 3.442803779999999980e-01 3.464205619999999874e-01 2.876532440000000301e-01 2.609482599999999874e-01 1.941964719999999811e-01 2.670385039999999544e-01 2.652339979999999708e-01 2.357281360000000048e-01 2.634088560000000245e-01 2.761708680000000138e-01 3.098514820000000114e-01
6.914220020000000355e-01 7.862935139999999157e-01 5.019859980000000999e-01 4.795362440000000004e-01 6.301505840000000136e-01 0.000000000000000000e+00 2.967939720000000170e-01 3.604158140000000565e-01 3.987756239999999952e-01 3.954930799999999413e-01 3.555131139999999634e-01 3.218100779999999994e-01 3.205437819999999993e-01 2.455579279999999809e-01 3.023062320000000081e-01 2.608784680000000300e-01 2.988961299999999821e-01 3.674486060000000109e-01 2.348512079999999780e-01 2.996357040000000027e-01 2.222346500000000058e-01 3.953390500000000252e-01
4.487965499999999608e-01 3.323901980000000256e-01 7.075425660000000949e-01 6.111432640000000749e-01 3.172915499999999778e-01 2.967939720000000170e-01 0.000000000000000000e+00 5.386582220000000198e-01 7.111380659999999576e-01 6.780849719999999525e-01 7.535076000000000551e-01 6.175885859999998839e-01 7.395232280000000324e-01 5.197460779999999447e-01 3.013437980000000516e-01 4.223584039999999651e-01 3.610967919999999998e-01 4.196439240000000015e-01 3.139789739999999663e-01 3.226156619999999142e-01 7.163534799999999869e-01 3.890804179999999834e-01
4.878449179999999608e-01 3.649949499999999847e-01 6.045943400000000079e-01 7.572538500000000061e-01 3.439111400000000041e-01 3.604158140000000565e-01 5.386582220000000198e-01 0.000000000000000000e+00 7.080882940000000625e-01 7.877789440000000365e-01 5.857008479999998851e-01 8.225434079999999204e-01 5.862317640000000996e-01 5.554186580000000095e-01 2.647431259999999953e-01 4.402972159999999358e-01 3.094597340000000418e-01 4.008712879999999923e-01 3.133997760000000188e-01 3.329915259999999821e-01 5.634117200000000603e-01 4.830908879999999961e-01
5.744520039999999605e-01 3.998075480000000126e-01 8.268781459999999806e-01 8.030493700000000956e-01 4.270996219999999566e-01 3.987756239999999952e-01 7.111380659999999576e-01 7.080882940000000625e-01 0.000000000000000000e+00 8.669015239999999789e-01 8.918053919999999746e-01 7.704530920000000060e-01 8.427998420000001323e-01 5.341265820000000719e-01 4.446564379999999872e-01 5.110362060000001039e-01 4.648916259999998912e-01 4.470587260000000174e-01 3.958144779999999696e-01 4.109531940000000216e-01 7.695001059999999615e-01 4.260338020000000725e-01
5.794933039999998758e-01 4.097130339999999760e-01 8.066881059999999604e-01 8.303571499999999883e-01 3.927069780000000399e-01 3.954930799999999413e-01 6.780849719999999525e-01 7.877789440000000365e-01 8.669015239999999789e-01 0.000000000000000000e+00 7.988238020000000272e-01 8.510116079999999750e-01 7.920972800000000147e-01 5.335045180000000942e-01 3.902654239999999719e-01 5.792927320000000879e-01 3.998700040000000011e-01 4.367619579999999502e-01 3.548753580000000296e-01 4.361873479999999748e-01 7.882895739999998819e-01 4.426774199999999881e-01
5.405194979999999871e-01 3.757821700000000265e-01 8.542008060000000347e-01 7.142139100000000074e-01 3.942523639999999663e-01 3.555131139999999634e-01 7.535076000000000551e-01 5.857008479999998851e-01 8.918053919999999746e-01 7.988238020000000272e-01 0.000000000000000000e+00 6.767683519999999620e-01 9.118804059999998657e-01 5.148848839999999871e-01 4.774779760000000262e-01 4.683952759999999715e-01 4.765746680000000346e-01 4.012244340000000742e-01 3.996289059999999504e-01 4.185801159999999466e-01 8.266185719999998849e-01 3.762965699999999414e-01
5.162597759999999480e-01 3.390288220000000630e-01 6.735728639999999379e-01 7.956166520000000908e-01 3.442803779999999980e-01 3.218100779999999994e-01 6.175885859999998839e-01 8.225434079999999204e-01 7.704530920000000060e-01 8.510116079999999750e-01 6.767683519999999620e-01 0.000000000000000000e+00 7.009416179999999885e-01 5.584872659999999822e-01 3.115966299999999856e-01 6.017587180000000258e-01 2.959225600000000012e-01 4.512411479999999808e-01 3.761182060000000105e-01 3.936789860000000085e-01 6.714260160000000699e-01 4.977554080000000103e-01
5.272457360000000204e-01 3.452731099999999942e-01 8.341037140000000516e-01 7.124037020000001386e-01 3.464205619999999874e-01 3.205437819999999993e-01 7.395232280000000324e-01 5.862317640000000996e-01 8.427998420000001323e-01 7.920972800000000147e-01 9.118804059999998657e-01 7.009416179999999885e-01 0.000000000000000000e+00 5.330086099999999938e-01 4.490380479999999674e-01 4.794068459999999976e-01 4.367842020000000103e-01 3.606696999999999820e-01 3.623814579999999896e-01 4.190818619999999717e-01 8.602863499999999775e-01 3.603397259999999713e-01
3.616010980000000097e-01 2.704951359999999694e-01 4.896302060000000123e-01 5.688274279999999683e-01 2.876532440000000301e-01 2.455579279999999809e-01 5.197460779999999447e-01 5.554186580000000095e-01 5.341265820000000719e-01 5.335045180000000942e-01 5.148848839999999871e-01 5.584872659999999822e-01 5.330086099999999938e-01 0.000000000000000000e+00 2.764904959999999745e-01 4.681135519999999883e-01 3.628631760000000095e-01 3.816912119999999464e-01 3.430260039999999955e-01 3.975518859999999655e-01 5.725085559999999463e-01 4.185530359999999339e-01
2.855310380000000148e-01 2.434052759999999760e-01 4.427058220000000266e-01 3.440750699999999829e-01 2.609482599999999874e-01 3.023062320000000081e-01 3.013437980000000516e-01 2.647431259999999953e-01 4.446564379999999872e-01 3.902654239999999719e-01 4.774779760000000262e-01 3.115966299999999856e-01 4.490380479999999674e-01 2.764904959999999745e-01 0.000000000000000000e+00 3.108624940000000447e-01 5.150414859999999928e-01 2.983886960000000088e-01 3.950989340000000127e-01 6.087189100000000019e-01 4.247039820000000354e-01 3.728123420000000743e-01
3.477780160000000231e-01 2.284265480000000070e-01 4.649221060000000572e-01 5.626564820000000688e-01 1.941964719999999811e-01 2.608784680000000300e-01 4.223584039999999651e-01 4.402972159999999358e-01 5.110362060000001039e-01 5.792927320000000879e-01 4.683952759999999715e-01 6.017587180000000258e-01 4.794068459999999976e-01 4.681135519999999883e-01 3.108624940000000447e-01 0.000000000000000000e+00 2.947451920000000447e-01 5.565139020000000603e-01 4.515916299999999661e-01 3.911597839999999549e-01 4.879621939999999602e-01 4.481196919999999584e-01
3.928707200000000066e-01 2.778563079999999963e-01 4.790250399999999575e-01 3.779548140000000278e-01 2.670385039999999544e-01 2.988961299999999821e-01 3.610967919999999998e-01 3.094597340000000418e-01 4.648916259999998912e-01 3.998700040000000011e-01 4.765746680000000346e-01 2.959225600000000012e-01 4.367842020000000103e-01 3.628631760000000095e-01 5.150414859999999928e-01 2.947451920000000447e-01 0.000000000000000000e+00 3.800404760000000159e-01 6.745450859999999604e-01 4.387219040000000514e-01 4.000855939999999333e-01 3.551548720000000103e-01
4.339269339999999309e-01 3.562950340000000660e-01 4.438617120000000194e-01 4.759919260000000096e-01 2.652339979999999708e-01 3.674486060000000109e-01 4.196439240000000015e-01 4.008712879999999923e-01 4.470587260000000174e-01 4.367619579999999502e-01 4.012244340000000742e-01 4.512411479999999808e-01 3.606696999999999820e-01 3.816912119999999464e-01 2.983886960000000088e-01 5.565139020000000603e-01 3.800404760000000159e-01 0.000000000000000000e+00 3.580557800000000457e-01 5.320084339999999745e-01 2.996675460000000069e-01 5.045766440000000186e-01
2.495470379999999988e-01 2.175958919999999852e-01 3.303806759999999842e-01 3.825847119999999935e-01 2.357281360000000048e-01 2.348512079999999780e-01 3.139789739999999663e-01 3.133997760000000188e-01 3.958144779999999696e-01 3.548753580000000296e-01 3.996289059999999504e-01 3.761182060000000105e-01 3.623814579999999896e-01 3.430260039999999955e-01 3.950989340000000127e-01 4.515916299999999661e-01 6.745450859999999604e-01 3.580557800000000457e-01 0.000000000000000000e+00 3.889021060000000807e-01 3.431912040000000275e-01 4.193738220000000072e-01
3.288951179999999863e-01 2.965759479999999781e-01 4.251160780000000083e-01 4.534528239999999211e-01 2.634088560000000245e-01 2.996357040000000027e-01 3.226156619999999142e-01 3.329915259999999821e-01 4.109531940000000216e-01 4.361873479999999748e-01 4.185801159999999466e-01 3.936789860000000085e-01 4.190818619999999717e-01 3.975518859999999655e-01 6.087189100000000019e-01 3.911597839999999549e-01 4.387219040000000514e-01 5.320084339999999745e-01 3.889021060000000807e-01 0.000000000000000000e+00 4.185933000000000570e-01 4.126056520000000449e-01
4.292212160000000165e-01 2.740329559999999942e-01 7.392757279999999653e-01 6.504372320000000318e-01 2.761708680000000138e-01 2.222346500000000058e-01 7.163534799999999869e-01 5.634117200000000603e-01 7.695001059999999615e-01 7.882895739999998819e-01 8.266185719999998849e-01 6.714260160000000699e-01 8.602863499999999775e-01 5.725085559999999463e-01 4.247039820000000354e-01 4.879621939999999602e-01 4.000855939999999333e-01 2.996675460000000069e-01 3.431912040000000275e-01 4.185933000000000570e-01 0.000000000000000000e+00 3.510161220000000415e-01
3.186738539999999231e-01 3.304092180000000045e-01 3.670702820000000255e-01 5.073260160000000463e-01 3.098514820000000114e-01 3.953390500000000252e-01 3.890804179999999834e-01 4.830908879999999961e-01 4.260338020000000725e-01 4.426774199999999881e-01 3.762965699999999414e-01 4.977554080000000103e-01 3.603397259999999713e-01 4.185530359999999339e-01 3.728123420000000743e-01 4.481196919999999584e-01 3.551548720000000103e-01 5.045766440000000186e-01 4.193738220000000072e-01 4.126056520000000449e-01 3.510161220000000415e-01 0.000000000000000000e+00
