0.000000000000000000e+00 7.284533920000000329e-01 2.691140180000000104e-01 3.996096579999999787e-01 7.464819939999999265e-01 9.182760460000001235e-01 1.100573400000000035e-01 9.465707399999999383e-02 1.502096040000000243e-01 1.332806659999999921e-01 1.655517620000000190e-01 1.327311099999999855e-01 1.653210140000000161e-01 1.685601220000000067e-01 9.073030399999999773e-02 1.464090920000000184e-01 1.582596399999999792e-01 1.449579740000000172e-01 1.523613239999999647e-01 1.524426499999999851e-01 1.424837519999999913e-01 1.428591640000000107e-01
7.284533920000000329e-01 0.000000000000000000e+00 2.473787399999999859e-01 3.228291239999999673e-01 8.426365260000000523e-01 7.272247899999999543e-01 1.368776079999999840e-01 9.728857599999998773e-02 1.413272139999999788e-01 1.386428559999999810e-01 1.674204880000000062e-01 1.405937319999999990e-01 1.444718260000000254e-01 1.546041780000000088e-01 1.022531099999999943e-01 1.346693139999999844e-01 1.319810159999999788e-01 1.303936940000000044e-01 1.287658960000000186e-01 1.227311320000000067e-01 1.258708119999999986e-01 1.107671179999999839e-01
2.691140180000000104e-01 2.473787399999999859e-01 0.000000000000000000e+00 3.701733440000000153e-01 2.678493899999999650e-01 2.412412660000000098e-01 1.799280879999999860e-01 1.788969499999999990e-01 5.248894760000000215e-01 4.523345660000000490e-01 6.087729419999999836e-01 2.588733120000000221e-01 5.897749740000000074e-01 2.195752980000000021e-01 8.741573799999999284e-02 1.045971320000000093e-01 8.999550800000000184e-02 1.041182260000000082e-01 7.024467800000000484e-02 6.496546799999999844e-02 5.287108239999999126e-01 4.124673380000000167e-01
3.996096579999999787e-01 3.228291239999999673e-01 3.701733440000000153e-01 0.000000000000000000e+00 2.895527860000000064e-01 4.009148820000000280e-01 8.425389800000000762e-02 2.069539779999999829e-01 3.755956120000000231e-01 3.841170180000000323e-01 2.598166759999999686e-01 4.605323460000000368e-01 2.382764279999999846e-01 3.900438740000000126e-01 9.296010799999998575e-02 1.156982119999999947e-01 1.274739380000000089e-01 6.896352999999999511e-02 9.371776400000000895e-02 8.260001799999999728e-02 2.612907039999999848e-01 3.663986519999999913e-01
7.464819939999999265e-01 8.426365260000000523e-01 2.678493899999999650e-01 2.895527860000000064e-01 0.000000000000000000e+00 7.330190380000000117e-01 1.353397639999999735e-01 8.387992800000000637e-02 1.290747959999999916e-01 1.117933819999999967e-01 1.478387339999999717e-01 1.409916680000000144e-01 1.275638920000000121e-01 1.789790159999999908e-01 8.525996399999999364e-02 1.392462240000000018e-01 1.316107699999999880e-01 1.174697420000000020e-01 1.365937039999999825e-01 1.482369979999999809e-01 1.222868499999999886e-01 1.078581440000000030e-01
9.182760460000001235e-01 7.272247899999999543e-01 2.412412660000000098e-01 4.009148820000000280e-01 7.330190380000000117e-01 0.000000000000000000e+00 1.040106380000000164e-01 1.018975239999999893e-01 1.625616219999999890e-01 1.433738340000000056e-01 1.834071779999999763e-01 1.420175920000000258e-01 1.614923139999999979e-01 1.775170220000000243e-01 8.786342800000000730e-02 1.285895160000000148e-01 1.625572319999999960e-01 1.485848220000000053e-01 1.557919680000000029e-01 1.520238660000000075e-01 1.425064119999999990e-01 1.516179099999999946e-01
1.100573400000000035e-01 1.368776079999999840e-01 1.799280879999999860e-01 8.425389800000000762e-02 1.353397639999999735e-01 1.040106380000000164e-01 0.000000000000000000e+00 3.019685579999999980e-01 2.403589360000000230e-01 1.457830860000000062e-01 1.733969820000000051e-01 1.326503440000000034e-01 1.725821919999999954e-01 1.007714899999999913e-01 4.567084200000000038e-01 3.296878839999999866e-01 3.940158999999999745e-01 2.312385899999999661e-01 4.474133919999999653e-01 4.698084039999999573e-01 1.937946880000000205e-01 1.878357340000000042e-01
9.465707399999999383e-02 9.728857599999998773e-02 1.788969499999999990e-01 2.069539779999999829e-01 8.387992800000000637e-02 1.018975239999999893e-01 3.019685579999999980e-01 0.000000000000000000e+00 2.765026359999999683e-01 3.111239599999999772e-01 1.597801540000000076e-01 2.675540920000000211e-01 1.459008519999999975e-01 1.790119099999999963e-01 2.248515620000000048e-01 3.142877819999999600e-01 2.739603700000000086e-01 2.107224280000000172e-01 3.011431019999999958e-01 4.479439760000000215e-01 1.325293120000000102e-01 2.142325019999999913e-01
1.502096040000000243e-01 1.413272139999999788e-01 5.248894760000000215e-01 3.755956120000000231e-01 1.290747959999999916e-01 1.625616219999999890e-01 2.403589360000000230e-01 2.765026359999999683e-01 0.000000000000000000e+00 4.579301539999999227e-01 6.377311500000000244e-01 4.044263080000000121e-01 6.426871019999998991e-01 3.013642819999999833e-01 1.232662100000000011e-01 8.564502400000000015e-02 8.708519600000000360e-02 9.318733599999999562e-02 8.993221199999999749e-02 1.585424259999999863e-01 5.591554999999999165e-01 5.025136000000000047e-01
1.332806659999999921e-01 1.386428559999999810e-01 4.523345660000000490e-01 3.841170180000000323e-01 1.117933819999999967e-01 1.433738340000000056e-01 1.457830860000000062e-01 3.111239599999999772e-01 4.579301539999999227e-01 0.000000000000000000e+00 5.640695719999999636e-01 5.004207120000000453e-01 5.097598079999998699e-01 5.420627040000000063e-01 7.578946200000000188e-02 1.042293000000000108e-01 5.495696799999999493e-02 6.459579600000001087e-02 7.889299800000000584e-02 6.604021399999998598e-02 4.924669259999999715e-01 4.843944379999999827e-01
1.655517620000000190e-01 1.674204880000000062e-01 6.087729419999999836e-01 2.598166759999999686e-01 1.478387339999999717e-01 1.834071779999999763e-01 1.733969820000000051e-01 1.597801540000000076e-01 6.377311500000000244e-01 5.640695719999999636e-01 0.000000000000000000e+00 3.053414339999999672e-01 8.129233680000000906e-01 2.819096219999999708e-01 7.727804000000000617e-02 1.367312640000000190e-01 1.142071560000000041e-01 9.167086400000000468e-02 9.366553400000000862e-02 9.071167600000000497e-02 6.445859760000000049e-01 4.743477280000000240e-01
1.327311099999999855e-01 1.405937319999999990e-01 2.588733120000000221e-01 4.605323460000000368e-01 1.409916680000000144e-01 1.420175920000000258e-01 1.326503440000000034e-01 2.675540920000000211e-01 4.044263080000000121e-01 5.004207120000000453e-01 3.053414339999999672e-01 0.000000000000000000e+00 2.594742120000000374e-01 6.654955540000000447e-01 1.084640280000000179e-01 1.279902119999999921e-01 1.216955540000000113e-01 9.938248200000000809e-02 1.176730440000000044e-01 1.232870179999999982e-01 2.556913379999999902e-01 4.271647419999999862e-01
1.653210140000000161e-01 1.444718260000000254e-01 5.897749740000000074e-01 2.382764279999999846e-01 1.275638920000000121e-01 1.614923139999999979e-01 1.725821919999999954e-01 1.459008519999999975e-01 6.426871019999998991e-01 5.097598079999998699e-01 8.129233680000000906e-01 2.594742120000000374e-01 0.000000000000000000e+00 2.185476140000000012e-01 9.253203599999999807e-02 1.058512980000000103e-01 9.425489800000000362e-02 9.175341800000000325e-02 7.286317999999999961e-02 7.079731799999999797e-02 5.679125519999999039e-01 4.098848659999999589e-01
1.685601220000000067e-01 1.546041780000000088e-01 2.195752980000000021e-01 3.900438740000000126e-01 1.789790159999999908e-01 1.775170220000000243e-01 1.007714899999999913e-01 1.790119099999999963e-01 3.013642819999999833e-01 5.420627040000000063e-01 2.819096219999999708e-01 6.654955540000000447e-01 2.185476140000000012e-01 0.000000000000000000e+00 8.177414399999999306e-02 1.280499700000000129e-01 1.194722260000000008e-01 9.160388599999999548e-02 1.201463379999999914e-01 1.099202079999999915e-01 2.014376399999999734e-01 2.794028940000000683e-01
9.073030399999999773e-02 1.022531099999999943e-01 8.741573799999999284e-02 9.296010799999998575e-02 8.525996399999999364e-02 8.786342800000000730e-02 4.567084200000000038e-01 2.248515620000000048e-01 1.232662100000000011e-01 7.578946200000000188e-02 7.727804000000000617e-02 1.084640280000000179e-01 9.253203599999999807e-02 8.177414399999999306e-02 0.000000000000000000e+00 4.388539500000000482e-01 7.691418620000000095e-01 2.925360919999999698e-01 7.263515939999999338e-01 6.054695720000000669e-01 9.503174600000000027e-02 9.492813399999998347e-02
1.464090920000000184e-01 1.346693139999999844e-01 1.045971320000000093e-01 1.156982119999999947e-01 1.392462240000000018e-01 1.285895160000000148e-01 3.296878839999999866e-01 3.142877819999999600e-01 8.564502400000000015e-02 1.042293000000000108e-01 1.367312640000000190e-01 1.279902119999999921e-01 1.058512980000000103e-01 1.280499700000000129e-01 4.388539500000000482e-01 0.000000000000000000e+00 4.967735779999999934e-01 5.687368640000000086e-01 5.531056599999999435e-01 6.685317540000002001e-01 7.504803600000001240e-02 6.884138200000000651e-02
1.582596399999999792e-01 1.319810159999999788e-01 8.999550800000000184e-02 1.274739380000000089e-01 1.316107699999999880e-01 1.625572319999999960e-01 3.940158999999999745e-01 2.739603700000000086e-01 8.708519600000000360e-02 5.495696799999999493e-02 1.142071560000000041e-01 1.216955540000000113e-01 9.425489800000000362e-02 1.194722260000000008e-01 7.691418620000000095e-01 4.967735779999999934e-01 0.000000000000000000e+00 3.669776660000000357e-01 9.047993319999999562e-01 6.269568899999999889e-01 1.105724040000000130e-01 1.052903960000000083e-01
1.449579740000000172e-01 1.303936940000000044e-01 1.041182260000000082e-01 6.896352999999999511e-02 1.174697420000000020e-01 1.485848220000000053e-01 2.312385899999999661e-01 2.107224280000000172e-01 9.318733599999999562e-02 6.459579600000001087e-02 9.167086400000000468e-02 9.938248200000000809e-02 9.175341800000000325e-02 9.160388599999999548e-02 2.925360919999999698e-01 5.687368640000000086e-01 3.669776660000000357e-01 0.000000000000000000e+00 3.912620980000000026e-01 5.189341360000001568e-01 7.003083999999999698e-02 6.477373000000000158e-02
1.523613239999999647e-01 1.287658960000000186e-01 7.024467800000000484e-02 9.371776400000000895e-02 1.365937039999999825e-01 1.557919680000000029e-01 4.474133919999999653e-01 3.011431019999999958e-01 8.993221199999999749e-02 7.889299800000000584e-02 9.366553400000000862e-02 1.176730440000000044e-01 7.286317999999999961e-02 1.201463379999999914e-01 7.263515939999999338e-01 5.531056599999999435e-01 9.047993319999999562e-01 3.912620980000000026e-01 0.000000000000000000e+00 6.728843540000001289e-01 8.682040399999998992e-02 8.062019800000000402e-02
1.524426499999999851e-01 1.227311320000000067e-01 6.496546799999999844e-02 8.260001799999999728e-02 1.482369979999999809e-01 1.520238660000000075e-01 4.698084039999999573e-01 4.479439760000000215e-01 1.585424259999999863e-01 6.604021399999998598e-02 9.071167600000000497e-02 1.232870179999999982e-01 7.079731799999999797e-02 1.099202079999999915e-01 6.054695720000000669e-01 6.685317540000002001e-01 6.269568899999999889e-01 5.189341360000001568e-01 6.728843540000001289e-01 0.000000000000000000e+00 5.648353600000000085e-02 1.066056739999999836e-01
1.424837519999999913e-01 1.258708119999999986e-01 5.287108239999999126e-01 2.612907039999999848e-01 1.222868499999999886e-01 1.425064119999999990e-01 1.937946880000000205e-01 1.325293120000000102e-01 5.591554999999999165e-01 4.924669259999999715e-01 6.445859760000000049e-01 2.556913379999999902e-01 5.679125519999999039e-01 2.014376399999999734e-01 9.503174600000000027e-02 7.504803600000001240e-02 1.105724040000000130e-01 7.003083999999999698e-02 8.682040399999998992e-02 5.648353600000000085e-02 0.000000000000000000e+00 7.048041439999999103e-01
1.428591640000000107e-01 1.107671179999999839e-01 4.124673380000000167e-01 3.663986519999999913e-01 1.078581440000000030e-01 1.516179099999999946e-01 1.878357340000000042e-01 2.142325019999999913e-01 5.025136000000000047e-01 4.843944379999999827e-01 4.743477280000000240e-01 4.271647419999999862e-01 4.098848659999999589e-01 2.794028940000000683e-01 9.492813399999998347e-02 6.884138200000000651e-02 1.052903960000000083e-01 6.477373000000000158e-02 8.062019800000000402e-02 1.066056739999999836e-01 7.048041439999999103e-01 0.000000000000000000e+00
