0.000000000000000000e+00 4.108088619999999969e-01 2.573925639999999904e-01 2.976879119999999990e-01 2.841490879999999941e-01 8.184767059999999983e-01 2.844090879999999766e-01 2.524272160000000098e-01 2.519778780000000440e-01 2.473959320000000128e-01 1.889206399999999730e-01 2.640676359999999945e-01 1.994676759999999827e-01 3.502198799999999834e-01 2.703153400000000151e-01 2.848332640000000304e-01 3.395284899999999606e-01 2.864102259999999900e-01 2.894565620000000283e-01 2.248950359999999926e-01 2.588049200000000494e-01 2.791783640000000122e-01
4.108088619999999969e-01 0.000000000000000000e+00 2.510635179999999855e-01 2.055405319999999703e-01 6.169201760000000423e-01 4.223677319999999957e-01 1.768031059999999877e-01 2.543074200000000062e-01 2.715799319999999684e-01 2.684277940000000529e-01 1.831070739999999808e-01 2.861183019999999910e-01 1.188543239999999973e-01 2.274151699999999998e-01 2.112414000000000236e-01 2.608536240000000062e-01 2.849596540000000067e-01 2.593077739999999909e-01 2.336070220000000253e-01 1.363541800000000193e-01 2.861185099999999926e-01 2.461351759999999833e-01
2.573925639999999904e-01 2.510635179999999855e-01 0.000000000000000000e+00 2.662957340000000062e-01 2.566224320000000114e-01 2.566842440000000058e-01 4.830084780000000189e-01 2.553262740000000197e-01 3.708385739999999764e-01 4.622799480000000516e-01 6.085293499999999689e-01 2.935580439999999625e-01 5.730804980000000493e-01 2.490105999999999986e-01 2.159914019999999990e-01 2.176366879999999671e-01 2.724357979999999513e-01 1.755034900000000120e-01 1.996070920000000137e-01 1.666102479999999886e-01 5.875891859999999856e-01 2.924517560000000072e-01
2.976879119999999990e-01 2.055405319999999703e-01 2.662957340000000062e-01 0.000000000000000000e+00 1.401957380000000142e-01 3.089606460000000054e-01 1.879732440000000115e-01 4.579628500000000324e-01 4.969015680000000157e-01 4.489782240000000368e-01 3.385330960000000333e-01 6.196317479999999822e-01 2.717277000000000164e-01 4.460808479999999743e-01 2.621797199999999495e-01 2.597889580000000143e-01 3.450203159999999936e-01 2.993024900000000321e-01 3.156221940000000226e-01 2.663805840000000313e-01 2.813674879999999989e-01 4.970399579999999484e-01
2.841490879999999941e-01 6.169201760000000423e-01 2.566224320000000114e-01 1.401957380000000142e-01 0.000000000000000000e+00 2.706255220000000072e-01 2.095776380000000105e-01 1.305212079999999997e-01 1.896503800000000073e-01 2.052928980000000014e-01 1.951509740000000048e-01 2.063350659999999837e-01 1.888384800000000030e-01 2.625981039999999433e-01 2.923212160000000504e-01 2.391236799999999774e-01 1.524723440000000096e-01 2.425674599999999848e-01 1.472012100000000268e-01 1.907429780000000075e-01 2.461361839999999801e-01 2.142980120000000377e-01
8.184767059999999983e-01 4.223677319999999957e-01 2.566842440000000058e-01 3.089606460000000054e-01 2.706255220000000072e-01 0.000000000000000000e+00 2.716229199999999899e-01 2.465485900000000119e-01 2.495077959999999762e-01 1.997555940000000363e-01 1.489326679999999903e-01 2.696028959999999808e-01 1.583018399999999715e-01 3.158951140000000324e-01 2.513206940000000111e-01 2.677589320000000050e-01 3.057231420000000588e-01 3.149290880000000237e-01 2.607096439999999626e-01 2.206585660000000004e-01 2.327582940000000045e-01 2.736441399999999802e-01
2.844090879999999766e-01 1.768031059999999877e-01 4.830084780000000189e-01 1.879732440000000115e-01 2.095776380000000105e-01 2.716229199999999899e-01 0.000000000000000000e+00 2.201755040000000219e-01 3.053855540000000035e-01 3.117361680000000357e-01 4.660551299999999841e-01 1.985923539999999987e-01 4.105301759999999689e-01 2.219738580000000516e-01 3.011603299999999761e-01 2.134329719999999708e-01 2.639496080000000022e-01 2.311836259999999754e-01 3.053025219999999651e-01 2.646654599999999635e-01 3.592126059999999899e-01 2.578062360000000219e-01
2.524272160000000098e-01 2.543074200000000062e-01 2.553262740000000197e-01 4.579628500000000324e-01 1.305212079999999997e-01 2.465485900000000119e-01 2.201755040000000219e-01 0.000000000000000000e+00 4.397682079999999938e-01 4.227921139999999411e-01 2.556231180000000380e-01 6.178194399999999975e-01 2.417794699999999963e-01 3.988538039999999785e-01 2.223117220000000172e-01 1.511070219999999797e-01 3.330044560000000042e-01 2.067713419999999969e-01 2.500316319999999481e-01 3.199479200000000523e-01 3.876894040000000152e-01 3.429810460000000116e-01
2.519778780000000440e-01 2.715799319999999684e-01 3.708385739999999764e-01 4.969015680000000157e-01 1.896503800000000073e-01 2.495077959999999762e-01 3.053855540000000035e-01 4.397682079999999938e-01 0.000000000000000000e+00 3.910361259999999839e-01 4.629723920000000104e-01 5.576220139999999992e-01 3.911822900000000436e-01 2.823949559999999748e-01 1.081797840000000149e-01 2.432627679999999903e-01 3.304021360000000129e-01 3.650572040000000240e-01 2.860601159999999754e-01 1.965834720000000091e-01 3.468335339999999434e-01 4.119049379999999982e-01
2.473959320000000128e-01 2.684277940000000529e-01 4.622799480000000516e-01 4.489782240000000368e-01 2.052928980000000014e-01 1.997555940000000363e-01 3.117361680000000357e-01 4.227921139999999411e-01 3.910361259999999839e-01 0.000000000000000000e+00 4.951628020000000130e-01 4.423625039999999342e-01 4.909478919999999968e-01 4.187359679999999029e-01 3.308860439999999903e-01 3.104603040000000203e-01 3.270907399999999354e-01 2.418849559999999843e-01 3.591984279999999585e-01 4.233481460000000363e-01 5.568884160000000527e-01 2.339516180000000001e-01
1.889206399999999730e-01 1.831070739999999808e-01 6.085293499999999689e-01 3.385330960000000333e-01 1.951509740000000048e-01 1.489326679999999903e-01 4.660551299999999841e-01 2.556231180000000380e-01 4.629723920000000104e-01 4.951628020000000130e-01 0.000000000000000000e+00 2.794704900000000158e-01 7.949688940000000370e-01 2.261997559999999741e-01 1.826224000000000180e-01 1.876411779999999918e-01 3.307190260000000270e-01 2.058979520000000230e-01 2.779512080000000052e-01 2.652762999999999649e-01 6.665933419999999776e-01 2.961943459999999972e-01
2.640676359999999945e-01 2.861183019999999910e-01 2.935580439999999625e-01 6.196317479999999822e-01 2.063350659999999837e-01 2.696028959999999808e-01 1.985923539999999987e-01 6.178194399999999975e-01 5.576220139999999992e-01 4.423625039999999342e-01 2.794704900000000158e-01 0.000000000000000000e+00 2.580382659999999606e-01 4.741359920000000061e-01 2.438314599999999999e-01 3.069841199999999715e-01 3.369929199999999736e-01 3.731280279999999450e-01 3.041840699999999731e-01 2.754882959999999659e-01 3.491990739999999982e-01 4.616418559999999616e-01
1.994676759999999827e-01 1.188543239999999973e-01 5.730804980000000493e-01 2.717277000000000164e-01 1.888384800000000030e-01 1.583018399999999715e-01 4.105301759999999689e-01 2.417794699999999963e-01 3.911822900000000436e-01 4.909478919999999968e-01 7.949688940000000370e-01 2.580382659999999606e-01 0.000000000000000000e+00 2.361236800000000302e-01 2.550325920000000024e-01 1.859026119999999949e-01 2.693771799999999939e-01 1.942620580000000152e-01 2.512061780000000022e-01 2.566095080000000417e-01 5.599333039999999651e-01 2.809619079999999824e-01
3.502198799999999834e-01 2.274151699999999998e-01 2.490105999999999986e-01 4.460808479999999743e-01 2.625981039999999433e-01 3.158951140000000324e-01 2.219738580000000516e-01 3.988538039999999785e-01 2.823949559999999748e-01 4.187359679999999029e-01 2.261997559999999741e-01 4.741359920000000061e-01 2.361236800000000302e-01 0.000000000000000000e+00 2.766210399999999847e-01 2.570993819999999874e-01 2.930019400000000163e-01 1.912354980000000038e-01 3.456298039999999849e-01 3.025570700000000390e-01 2.296716480000000060e-01 4.016338919999999924e-01
2.703153400000000151e-01 2.112414000000000236e-01 2.159914019999999990e-01 2.621797199999999495e-01 2.923212160000000504e-01 2.513206940000000111e-01 3.011603299999999761e-01 2.223117220000000172e-01 1.081797840000000149e-01 3.308860439999999903e-01 1.826224000000000180e-01 2.438314599999999999e-01 2.550325920000000024e-01 2.766210399999999847e-01 0.000000000000000000e+00 2.937714599999999843e-01 2.575679700000000349e-01 2.234787199999999918e-01 3.124963119999999983e-01 5.213861260000000053e-01 2.151357839999999688e-01 1.721105759999999874e-01
2.848332640000000304e-01 2.608536240000000062e-01 2.176366879999999671e-01 2.597889580000000143e-01 2.391236799999999774e-01 2.677589320000000050e-01 2.134329719999999708e-01 1.511070219999999797e-01 2.432627679999999903e-01 3.104603040000000203e-01 1.876411779999999918e-01 3.069841199999999715e-01 1.859026119999999949e-01 2.570993819999999874e-01 2.937714599999999843e-01 0.000000000000000000e+00 4.003573119999999652e-01 2.700575680000000256e-01 4.830198959999999486e-01 2.992623660000000019e-01 1.902247140000000170e-01 3.131649459999999996e-01
3.395284899999999606e-01 2.849596540000000067e-01 2.724357979999999513e-01 3.450203159999999936e-01 1.524723440000000096e-01 3.057231420000000588e-01 2.639496080000000022e-01 3.330044560000000042e-01 3.304021360000000129e-01 3.270907399999999354e-01 3.307190260000000270e-01 3.369929199999999736e-01 2.693771799999999939e-01 2.930019400000000163e-01 2.575679700000000349e-01 4.003573119999999652e-01 0.000000000000000000e+00 3.404119099999999842e-01 7.950737099999998225e-01 2.764736120000000352e-01 2.329539820000000039e-01 2.657071420000000073e-01
2.864102259999999900e-01 2.593077739999999909e-01 1.755034900000000120e-01 2.993024900000000321e-01 2.425674599999999848e-01 3.149290880000000237e-01 2.311836259999999754e-01 2.067713419999999969e-01 3.650572040000000240e-01 2.418849559999999843e-01 2.058979520000000230e-01 3.731280279999999450e-01 1.942620580000000152e-01 1.912354980000000038e-01 2.234787199999999918e-01 2.700575680000000256e-01 3.404119099999999842e-01 0.000000000000000000e+00 3.554925400000000235e-01 4.052774639999999762e-01 2.521288099999999810e-01 2.106495180000000078e-01
2.894565620000000283e-01 2.336070220000000253e-01 1.996070920000000137e-01 3.156221940000000226e-01 1.472012100000000268e-01 2.607096439999999626e-01 3.053025219999999651e-01 2.500316319999999481e-01 2.860601159999999754e-01 3.591984279999999585e-01 2.779512080000000052e-01 3.041840699999999731e-01 2.512061780000000022e-01 3.456298039999999849e-01 3.124963119999999983e-01 4.830198959999999486e-01 7.950737099999998225e-01 3.554925400000000235e-01 0.000000000000000000e+00 3.199141140000000272e-01 1.781655759999999922e-01 2.426687020000000139e-01
2.248950359999999926e-01 1.363541800000000193e-01 1.666102479999999886e-01 2.663805840000000313e-01 1.907429780000000075e-01 2.206585660000000004e-01 2.646654599999999635e-01 3.199479200000000523e-01 1.965834720000000091e-01 4.233481460000000363e-01 2.652762999999999649e-01 2.754882959999999659e-01 2.566095080000000417e-01 3.025570700000000390e-01 5.213861260000000053e-01 2.992623660000000019e-01 2.764736120000000352e-01 4.052774639999999762e-01 3.199141140000000272e-01 0.000000000000000000e+00 2.615702780000000449e-01 2.184283780000000341e-01
2.588049200000000494e-01 2.861185099999999926e-01 5.875891859999999856e-01 2.813674879999999989e-01 2.461361839999999801e-01 2.327582940000000045e-01 3.592126059999999899e-01 3.876894040000000152e-01 3.468335339999999434e-01 5.568884160000000527e-01 6.665933419999999776e-01 3.491990739999999982e-01 5.599333039999999651e-01 2.296716480000000060e-01 2.151357839999999688e-01 1.902247140000000170e-01 2.329539820000000039e-01 2.521288099999999810e-01 1.781655759999999922e-01 2.615702780000000449e-01 0.000000000000000000e+00 2.961094199999999566e-01
2.791783640000000122e-01 2.461351759999999833e-01 2.924517560000000072e-01 4.970399579999999484e-01 2.142980120000000377e-01 2.736441399999999802e-01 2.578062360000000219e-01 3.429810460000000116e-01 4.119049379999999982e-01 2.339516180000000001e-01 2.961943459999999972e-01 4.616418559999999616e-01 2.809619079999999824e-01 4.016338919999999924e-01 1.721105759999999874e-01 3.131649459999999996e-01 2.657071420000000073e-01 2.106495180000000078e-01 2.426687020000000139e-01 2.184283780000000341e-01 2.961094199999999566e-01 0.000000000000000000e+00
