0.000000000000000000e+00 9.733246343044581195e-02 2.012097679139969730e-01 1.941038086211408775e-01 3.620668584168745818e-01 6.807984065487351910e-02 3.664064687165047296e-01 6.617939440681623597e-02 2.742532747869140808e-01 1.618674762678934675e-01 4.144653303941369521e-02 9.327569857536976983e-02 9.978480827151359200e-02 8.516852340120940890e-02 4.663109824057496966e-01 2.755756714573328048e-01 5.725288080716021133e-01 1.988071192343325300e-01 2.767496409905122884e-02 1.839611837154315477e-01 1.317582036014629809e-01 2.867215145527306497e-01 2.375083321365192568e-01 2.723929888230457452e-01 2.391718513244224242e-01 1.840234353966507114e-02 1.451483666816459073e-01 2.146105033802800099e-01 3.507497711616596736e-01 6.264237336377643794e-01 2.754718177782098931e-01 3.213760535546981156e-01 5.804809379136673941e-01 2.706228614077248462e-01 1.184257948615445311e-01 5.097355943020288882e-02 2.999841251156416810e-02 2.405848380905913075e-01 6.473676727943469822e-02 3.261558455813676760e-01 9.621444167310903850e-02 2.434269644883381156e-01 3.455607325918764183e-01 4.288962676903908949e-02 1.392882851791981957e-01 3.297630617119445828e-01 1.300649382320453740e-01 2.256247660510706798e-01 1.125284225663280985e-01 3.928688921020783709e-01 9.378426192153879737e-02 6.738841472754926454e-02 5.822630343192552321e-02 1.147267269987032184e-01 6.665130336250295329e-02 2.011188253452872721e-01 1.035518425230098905e-01 2.000179765890040817e-01 1.126759833317555609e-01 1.999437056540217042e-02 8.426540001938848112e-02 6.837195627905043316e-02 2.652615960274146145e-01 1.710665322672561550e-01 1.810255147306006063e-01 2.526561388394658048e-01 
9.733246343044581195e-02 0.000000000000000000e+00 4.089302393675148806e-01 8.055944922996123581e-02 1.361424695950278763e-01 3.840086609166518811e-02 1.609199499329667937e-01 7.501199764504447309e-02 1.646732053415463914e-01 6.121116035089878976e-02 7.440883187528526954e-02 2.210367939193109421e-01 8.855149860031928666e-02 2.082440720801553014e-01 1.015143096279491480e-01 2.020617078422069779e-01 5.508966133324045417e-02 5.056751194053480530e-02 1.187720646741504404e-01 5.678947252841554799e-02 8.190490558313588687e-02 2.639741801245576794e-02 3.478775640994339891e-01 1.405913964327590304e-01 3.993270977120755988e-02 3.430946015368527280e-01 1.696676654161057007e-01 7.044111655302566222e-01 6.651382806006053694e-02 1.413668457880250251e-01 2.134291436166376940e-02 1.061907092712086470e-01 8.720527906209822600e-02 2.988842130931652213e-02 5.702468148710220230e-01 6.165861730864121565e-02 1.657112691057537335e-01 1.098964889377103821e-01 4.421896197457277772e-02 6.726886389232374086e-02 3.882443799139090324e-02 6.699483818241752653e-02 1.055668880379287689e-01 2.292433053204137247e-02 2.735235432598855931e-01 1.269269868726013162e-01 2.892367064190801140e-01 3.622112143166938969e-02 8.959066692119348196e-02 2.528995317314036359e-02 1.717565572674740471e-01 1.491098645982473214e-01 5.953908953948233718e-02 1.508416386893493555e-01 7.106636531053579786e-02 1.987739057361383177e-01 3.999658672005734772e-02 1.434169601253816595e-01 1.296924488726853841e-01 2.032826014118383484e-01 4.490674083759759738e-01 1.350730168734421699e-01 5.005459215937829720e-02 6.191792601770598758e-02 1.170246424596932538e-01 6.590072641918498508e-02 
2.012097679139969730e-01 4.089302393675148806e-01 0.000000000000000000e+00 2.076534385182220860e-02 3.192648955299460800e-01 1.552000572951374169e-01 2.868517795062283660e-01 7.734666133218016937e-02 3.758315579365920089e-01 2.066242948887050956e-01 8.861324162240354074e-02 1.587463477777204535e-01 6.136114719485970953e-02 1.506497807928872945e-01 3.453162726448416042e-01 4.071492764680952892e-01 1.146363675734598797e-01 2.355907853024687970e-01 9.163566404915444996e-02 2.284559132847165455e-02 2.299141897577960253e-02 2.970805725239491490e-01 4.649288468795728657e-01 3.917726487948418601e-01 1.040249816224555063e-01 4.698215998498125878e-02 1.229781532148860740e-01 5.355532250918136894e-01 1.691402962967748502e-01 2.992623717531522898e-01 1.712688535075440055e-01 2.927309358365672298e-01 1.188069850101116237e-01 1.689007466764900003e-02 5.749541987747782551e-02 2.563018420489924787e-01 2.380551714440380662e-02 1.942547006441655349e-03 1.058877594629403784e-01 3.110451604612258711e-02 6.251344474113627869e-02 2.687480073073458472e-02 7.857648946833917236e-02 6.082368738352653126e-02 1.313006206953276911e-01 2.155145189015121934e-02 2.031399110971384425e-01 3.636050113024249381e-02 1.009411263193529251e-01 3.798663844185026783e-02 1.298817954709154399e-01 3.123433788499059907e-02 2.001199177593864301e-02 2.154546175477818973e-02 8.829625568390438162e-02 1.800669767406287980e-01 5.422228145141919087e-02 2.147628274530265918e-02 1.259156839141522266e-01 7.968118052904755999e-02 9.157287863183161125e-02 1.143364680710135806e-01 5.535351976491479503e-02 5.090839762801864510e-02 3.198114580000160911e-02 6.197751336269047284e-02 
1.941038086211408775e-01 8.055944922996123581e-02 2.076534385182220860e-02 0.000000000000000000e+00 1.031152329704821541e-01 2.010424051828209671e-02 1.061443984353483833e-01 3.426536199652720494e-01 6.382500577792003804e-02 4.837049599105811004e-01 5.398409267563325509e-01 2.363259451259732899e-02 6.180163775367886192e-01 5.148376024491546632e-02 5.330721396735438322e-02 4.348066772273008473e-02 1.066175173276884547e-01 1.212136505580357626e-01 1.152501239801241723e-01 1.439768703331606170e-01 9.099560573821688925e-01 1.368573767887058812e-01 1.620702172390654783e-02 2.617340666833022772e-02 6.380374764584763048e-01 7.330304675074161835e-02 8.930490696637648218e-02 3.795317424668034206e-02 5.270243584225771105e-01 6.495151238533172777e-02 6.111193754339483419e-02 3.706620594246946149e-02 3.560800064116705771e-02 1.605795158132257983e-01 1.004537952836516979e-01 2.144877498287476800e-02 4.857754721372970486e-01 1.197319521931921732e-01 7.659048557043507399e-02 3.468600629005657437e-02 7.482544637804564025e-02 1.048218304785514532e-01 3.389890318876516706e-01 1.330623913030007377e-01 2.370956739718425160e-02 3.555266029682931928e-01 1.863109698106255388e-02 1.671410234080219770e-01 3.843428067822531047e-02 1.526712384065475048e-01 8.703751339561834402e-03 8.640430740137784726e-02 1.892981290982763062e-02 5.261353046111718612e-01 2.858319647230358682e-02 1.073291478160127814e-02 1.841796801670777389e-02 3.968983553447870127e-01 7.447804735778401630e-02 9.125442819518289617e-02 7.443834446814735772e-02 8.453422638496804753e-02 1.670764042963734652e-01 8.196728038131838312e-02 1.599916845140149091e-01 1.298352097512925352e-01 
3.620668584168745818e-01 1.361424695950278763e-01 3.192648955299460800e-01 1.031152329704821541e-01 0.000000000000000000e+00 1.806441520049773819e-01 8.712446539908503818e-01 1.134504243239746607e-01 6.840295490257125577e-01 3.043686567950711352e-01 5.679491231074531438e-02 1.795598524937780938e-01 3.485226871673943044e-02 1.194946948017262117e-01 4.884196188209881662e-01 3.778771435861910111e-01 5.769397996798989459e-01 3.265797457837242568e-02 1.070678685325219537e-01 1.514211601618489222e-01 1.153429326394675436e-01 2.455318796943883330e-01 4.270981507489298723e-01 3.267638727723090608e-01 2.152248186951780662e-01 2.039655632991637935e-01 2.671134139292343224e-01 2.771137957630790405e-01 2.172850564188507083e-01 3.609085894455557608e-01 5.800913884055215741e-02 5.894999779860256028e-01 1.435655778769157065e-01 1.536924834283077135e-01 1.063133659075573417e-01 6.698279165953802128e-02 1.305613634898835328e-02 1.553065478172520608e-01 9.792004119247756100e-02 2.133189289278860923e-01 6.288319225731706097e-02 1.603165851782263895e-01 2.963843011476999245e-01 4.930277846069847092e-02 4.068757873296432320e-02 1.919150798325384988e-01 7.109199818442642205e-02 1.847226005376680913e-01 1.964614123255226386e-01 2.549520593214675279e-01 1.130836633282778364e-01 4.701900331233942881e-02 5.974095424970360391e-02 6.658965788811911646e-02 9.509920693323986596e-02 2.836569810611993536e-01 1.005123197710939276e-01 1.583385905285509543e-01 6.737938685610837808e-02 1.605455077001362654e-02 6.305089266981439566e-02 1.153922284761999123e-01 1.520386208845483089e-01 7.494552971961973564e-02 8.454937380255382606e-02 1.270553989607308421e-01 
6.807984065487351910e-02 3.840086609166518811e-02 1.552000572951374169e-01 2.010424051828209671e-02 1.806441520049773819e-01 0.000000000000000000e+00 1.733502132321451117e-01 3.284752924873310387e-02 1.150232511961080673e-01 8.492766693316637638e-02 1.700009613170758507e-02 3.777668142569562404e-01 2.606725401247430088e-02 5.083025289589030438e-01 1.772025459866705399e-01 9.896854765246335117e-02 1.203446570940259613e-01 1.910894712129538597e-01 1.744889368921681005e-01 2.352910763864487012e-02 2.829791709008711020e-02 4.416104982168786441e-02 1.543879317767440640e-01 4.691249629862734305e-02 3.505096282511938055e-02 5.607827054750926798e-01 1.885594682267923428e-01 6.535314274587830652e-02 4.250813766902219321e-02 5.495622709650991450e-02 5.895781869656462060e-02 2.753695988871904810e-01 2.198362978700127077e-02 4.718991802614613124e-02 3.088073785800297261e-02 2.166103738476469198e-01 4.431758109856284711e-03 2.802412440772143395e-02 5.063862545348861710e-01 7.238988305114826827e-02 1.675931805038190225e-02 1.398777976934665324e-01 7.469639382366083380e-02 6.326106485520287259e-02 1.412287279523976036e-01 2.576297785516228414e-02 3.375180336812826365e-01 1.227820970232350456e-01 8.368012854391794486e-02 5.678251868919981932e-02 2.183450787948270910e-01 2.173587550901641130e-01 1.907473614977119383e-02 1.431346424094763134e-02 1.199256104369927217e-01 1.332561264491751163e-01 1.309013618077306818e-01 3.817191659475358684e-02 4.414961127663617479e-01 2.323735600395503142e-01 5.425896276100299759e-02 1.020127362488028600e-01 6.323059062020490451e-02 1.066182288904972408e-01 6.042584767186123806e-02 6.033562062416294308e-02 
3.664064687165047296e-01 1.609199499329667937e-01 2.868517795062283660e-01 1.061443984353483833e-01 8.712446539908503818e-01 1.733502132321451117e-01 0.000000000000000000e+00 1.768175674714332346e-01 6.891015204885304613e-01 2.517345984614342003e-01 2.908146270305598732e-02 3.085792775439948343e-01 2.845435825863505686e-02 2.378615844619892949e-01 3.868492578710752694e-01 3.138768382968758486e-01 5.857540336142854631e-01 8.941715768793458141e-02 1.348631469214579826e-01 7.027546709756567200e-02 1.184923484668140986e-01 1.756691793210623243e-01 3.574943997084860103e-01 2.568991240924969888e-01 2.083156396443994196e-01 1.575718372655632582e-01 1.544419096923766443e-01 2.304185817634225586e-01 2.609852446397109560e-01 2.813597273742669547e-01 5.500783641738944685e-02 4.581013156894333527e-01 1.039932432956238856e-01 1.693750796621354970e-01 1.128115239923437874e-01 7.160554084694041588e-02 1.185720773596541169e-02 1.865330851731182571e-01 8.967282726874781229e-02 2.526964490469799096e-01 5.201316432503993309e-02 2.007144668867299475e-01 2.580234719652990116e-01 6.331670246150447601e-02 8.611874341605804672e-02 2.048138790749531035e-01 7.008905501118967152e-02 2.127724435302601191e-01 1.591452372705255969e-01 2.892169435356022889e-01 1.216569341954027439e-01 5.051680399394656296e-02 9.591867403565373928e-02 6.710742567250539692e-02 7.324523329712888386e-02 2.373748600775906492e-01 8.177898460353656696e-02 1.502825605803995990e-01 5.468779920040221787e-02 4.732093200643990027e-02 7.179884593053027786e-02 9.421360611913184857e-02 1.388893120330246256e-01 5.525678704111845058e-02 1.111341440660300189e-01 1.058159070135205465e-01 
6.617939440681623597e-02 7.501199764504447309e-02 7.734666133218016937e-02 3.426536199652720494e-01 1.134504243239746607e-01 3.284752924873310387e-02 1.768175674714332346e-01 0.000000000000000000e+00 9.248728178348526729e-02 4.442692378951911270e-01 4.630423996985517099e-01 9.231534665242119297e-02 4.272669284772098730e-01 9.311734233276429407e-02 3.789090473148496591e-02 1.248143829068246169e-01 4.618629562067739364e-02 4.810121766329089610e-02 1.574889337255574728e-01 4.762194551729765496e-02 4.569961957359712224e-01 5.853867472282198170e-02 1.370411478399370664e-01 7.980586018589799768e-02 4.589773433570293881e-01 3.186312931417292077e-02 9.284849136054681984e-02 8.103920567647915352e-03 4.960304920596983469e-01 6.901286140596470109e-02 1.799195854716220122e-01 8.395022900287156531e-02 1.180259487442635730e-01 2.085658852164493648e-01 2.950229113075271414e-02 4.596273005953240703e-02 1.164164695438162228e-01 2.084455605993674743e-01 1.888829044848463340e-02 1.201845338831436377e-01 7.960140172191533525e-02 1.598442334159339284e-01 6.371545945045510584e-02 1.091818508499186741e-01 9.317867458517603563e-02 2.172206184762196998e-02 1.330581591073279890e-01 1.294789903032780298e-01 1.311576989043908986e-02 2.406449668449986423e-01 2.334123895141075947e-02 1.943059903806552621e-02 4.686634256490677941e-02 1.088733905419171505e-01 5.849748546983342401e-02 2.900191590211718615e-02 5.612080942920645577e-02 1.028501291071012291e-01 7.621336043865513388e-02 2.783475483159388725e-02 1.152879327533088555e-02 1.524460646200727180e-02 1.951545270459080217e-01 1.350634650348365717e-01 1.903201271737444411e-01 1.923543098890080627e-01 
2.742532747869140808e-01 1.646732053415463914e-01 3.758315579365920089e-01 6.382500577792003804e-02 6.840295490257125577e-01 1.150232511961080673e-01 6.891015204885304613e-01 9.248728178348526729e-02 0.000000000000000000e+00 2.458847384536679559e-01 5.795079228845278346e-02 3.667893418932680616e-01 1.037638123493606589e-02 2.222120308838690661e-01 5.294174369971501593e-01 3.365634410424223066e-01 3.252056527979984013e-01 1.415661357959919209e-01 3.398752268472552407e-01 7.743234988513157668e-02 6.244227218622616649e-02 2.466475557018573683e-01 3.911391811295561460e-01 3.127081643856498006e-01 1.543745172692573275e-01 2.315366324309187651e-01 2.155850515608471740e-01 2.965687479856334852e-01 1.569338666286666517e-01 3.234466856521587830e-01 1.448246685863801564e-01 4.060032105946481673e-01 7.509755257550217167e-02 6.271173656328031532e-02 1.077022958553744275e-01 7.422746496406983086e-02 5.556795777882653220e-02 1.381198100109782556e-01 8.969989822666793455e-02 1.805434782251897352e-01 7.531245578051540268e-02 1.692153812980489169e-01 2.717957813412067991e-01 5.139920132835188588e-02 1.286164653561749915e-01 2.062899060394088602e-01 9.220265244016481732e-02 1.267128779620508572e-01 1.661186692268499521e-01 1.646563653101666969e-01 1.074647689747614543e-01 1.000862427995484055e-01 1.262616093898907832e-01 1.264535235939538427e-01 5.963109808024508879e-02 2.388730944687585955e-01 6.987713734175726721e-02 1.965160468519458747e-01 7.357437219789039751e-02 4.219764720581050538e-02 9.047767589807317878e-02 9.148534624021248396e-02 5.488843179018860347e-02 3.058387484917607368e-02 3.851259063662586246e-02 3.649109436941644358e-02 
1.618674762678934675e-01 6.121116035089878976e-02 2.066242948887050956e-01 4.837049599105811004e-01 3.043686567950711352e-01 8.492766693316637638e-02 2.517345984614342003e-01 4.442692378951911270e-01 2.458847384536679559e-01 0.000000000000000000e+00 3.500986186290443447e-01 5.789384206385615045e-02 4.640644622632836835e-01 8.689268843160227740e-02 1.789430065231367162e-01 4.627979730065940878e-01 1.531238166992531236e-01 5.511650720423882238e-02 1.330602893420562705e-01 1.567629835224619295e-01 5.239109502934794493e-01 3.929657011794717159e-01 5.245363753396503625e-01 3.543457242324631884e-01 8.214936276533976178e-01 1.511634971912513281e-01 2.419924992462881563e-01 2.020683889711215875e-01 6.290696270037388071e-01 1.384977829310926056e-01 2.493550298908178697e-01 1.624010588220418938e-01 3.721157837414616060e-02 2.534199555219542321e-01 3.235224304788526101e-02 4.760545628343614000e-02 2.529923715400979045e-01 3.609638371078107699e-01 1.509727584916149556e-01 1.176746457829967729e-01 1.326602020344451738e-01 2.651128523061475062e-01 5.164991119047744883e-01 1.034918478252311730e-01 7.606233691852494483e-02 2.031889432023192277e-01 1.293227037734820117e-01 2.640383144353141698e-01 3.609217957438483060e-01 3.396474464552811101e-01 7.400486483226401124e-02 1.387455149742882476e-01 1.863651658204737785e-02 2.896540988538234829e-01 2.197462030465409666e-01 4.024444222225517787e-01 2.247372274686588733e-01 4.871763638781532180e-01 1.111318364701586459e-01 2.104834736112965177e-01 1.057219525036407481e-01 2.549089385632052340e-01 3.354942736732786090e-01 9.113307612712653882e-02 3.939845082179038727e-01 2.801755516521956535e-01 
4.144653303941369521e-02 7.440883187528526954e-02 8.861324162240354074e-02 5.398409267563325509e-01 5.679491231074531438e-02 1.700009613170758507e-02 2.908146270305598732e-02 4.630423996985517099e-01 5.795079228845278346e-02 3.500986186290443447e-01 0.000000000000000000e+00 6.034197075244663450e-02 6.155659097266922286e-01 7.103991015521783636e-02 6.258797279725199225e-02 5.881512697093645159e-02 9.636304499502053311e-02 1.654500492161327108e-01 8.620250215131966542e-02 1.245045357926550245e-01 6.180011187258882543e-01 4.983958453601214367e-02 2.949556016222346783e-02 4.700585756619609507e-02 4.239078796561296936e-01 3.618736607192573479e-02 7.644674614739126184e-02 5.784346281266256745e-02 3.446367021429329602e-01 3.898287767754445715e-02 2.083336907561881002e-01 9.455619571951023872e-02 3.498859211854623424e-02 1.109757139381230967e-01 6.658329902639788245e-02 7.143979679168156738e-02 1.904090782660258774e-01 1.645753445922120972e-01 4.794840649621718437e-02 1.787925820841039515e-01 4.152555031479135406e-02 1.726567174756716283e-01 1.791331145517241208e-01 7.294428615553674722e-02 7.444592473580227861e-03 4.992679998821467763e-02 1.082368063491662667e-02 1.536144248269038504e-01 4.759480401278921163e-02 1.992450165841774812e-01 7.553477788951312721e-02 7.862783130841716206e-02 6.231328260347035464e-02 2.082586977111896831e-01 3.929636906916500472e-02 2.643902810978322054e-02 2.540201389440539109e-02 1.832204195334274088e-01 3.491247338485617413e-02 3.879821780294430422e-02 7.140291270197404727e-02 2.584415673398027247e-02 8.425755169329494920e-02 5.634754511671746791e-02 1.884740849560221643e-01 5.638935764370468784e-02 
9.327569857536976983e-02 2.210367939193109421e-01 1.587463477777204535e-01 2.363259451259732899e-02 1.795598524937780938e-01 3.777668142569562404e-01 3.085792775439948343e-01 9.231534665242119297e-02 3.667893418932680616e-01 5.789384206385615045e-02 6.034197075244663450e-02 0.000000000000000000e+00 5.644893169149727691e-02 8.355024922988134595e-01 9.288998972358024353e-02 6.373659922569421821e-02 8.060548235666536998e-02 2.342432128707269134e-01 4.661480954073514704e-01 1.036254141725150568e-01 3.357613619130064148e-02 1.217732224472442837e-01 5.412727644941234956e-02 1.018027286806636456e-01 5.618988454200175148e-02 3.514427066225907503e-01 8.045445441570833744e-02 1.614159085527502036e-01 6.275982676707726748e-02 8.368470618237990044e-02 3.536785986940840787e-02 1.047859669023275819e-01 1.101791915367139330e-01 3.472834725767880160e-02 1.757171099409606252e-01 1.977992341741520166e-01 6.218440873666209595e-02 3.255338301830158765e-02 3.932561105485319897e-01 4.428437800138679270e-02 2.722526531304009581e-02 6.648326503046632363e-02 3.330291729638355791e-02 6.786492417655042020e-02 2.328006835388391968e-02 6.524578418655002654e-02 4.086748994814052294e-01 6.324319953445968479e-02 2.109324711032199012e-02 6.828672159960638699e-02 2.753214900133835186e-01 4.517223181397649057e-02 2.016595944049763556e-01 5.579556301077008215e-03 4.771652534679172997e-02 5.281117599302064675e-02 5.432208892529683669e-02 3.011974154175747417e-02 3.231837699131479003e-01 5.233592822804710581e-02 8.195706335725774783e-02 5.441595287060434910e-02 6.024356695193883865e-02 4.968085927407861480e-02 4.161918965367689127e-02 4.538396623317909884e-02 
9.978480827151359200e-02 8.855149860031928666e-02 6.136114719485970953e-02 6.180163775367886192e-01 3.485226871673943044e-02 2.606725401247430088e-02 2.845435825863505686e-02 4.272669284772098730e-01 1.037638123493606589e-02 4.640644622632836835e-01 6.155659097266922286e-01 5.644893169149727691e-02 0.000000000000000000e+00 1.000154785918710015e-01 1.259312393225811844e-01 4.255786918862895785e-02 1.602293350234698655e-01 1.833698132028485084e-01 1.775123325279329423e-01 1.997563369552422807e-01 7.443232354361606351e-01 8.841547370839024367e-02 1.284544916851155551e-02 3.543738288722513008e-02 4.824839571830193963e-01 6.026626759489294577e-02 9.982755388799660623e-02 4.614789316267967068e-02 3.528324839394426093e-01 1.646653071955577197e-01 2.175277377206097373e-01 1.263279667791655791e-01 1.793979198915795770e-01 3.101742076455374919e-01 1.210634691048918105e-01 3.727770125832714082e-02 2.911698483302705975e-01 1.990816661085513806e-01 6.629909445656352596e-02 2.004250045488725485e-01 9.818113810072465197e-02 2.797399951370732607e-01 1.242931773710326121e-01 7.683651157859963492e-03 3.271684253364978007e-02 1.245624313034404268e-01 4.193250992293296592e-02 3.389186211027549467e-01 5.622309408923528706e-02 3.569830035990630424e-01 4.325543121593652951e-02 1.473550712108900873e-01 2.394668214832763875e-02 3.083877833524447110e-01 5.737352260873163079e-02 7.883733683499029310e-02 6.541928852917580639e-02 1.834069481492290044e-01 5.198148971729135009e-02 7.526016769348560509e-02 8.638935363707038462e-02 3.501433651302941069e-02 3.255719807957631051e-01 1.984035594919948686e-01 2.650483079881104653e-01 3.037686406902335157e-01 
8.516852340120940890e-02 2.082440720801553014e-01 1.506497807928872945e-01 5.148376024491546632e-02 1.194946948017262117e-01 5.083025289589030438e-01 2.378615844619892949e-01 9.311734233276429407e-02 2.222120308838690661e-01 8.689268843160227740e-02 7.103991015521783636e-02 8.355024922988134595e-01 1.000154785918710015e-01 0.000000000000000000e+00 3.654104061149545529e-02 6.764561628459958564e-02 8.319652184503090186e-02 3.217564807713263475e-01 2.738775711022648496e-01 1.968082850996387134e-01 5.506637661943584311e-02 1.750571979545877122e-01 4.223845854642720166e-02 1.348491075980961518e-01 7.852049436275354566e-02 4.089218286251859458e-01 1.146981952785169484e-01 1.161215708589099366e-01 6.776775533599598000e-02 1.148936330294231950e-01 5.259854061497681865e-02 6.204450433292086481e-02 1.202162650636960928e-01 5.164117663979391620e-02 1.726778159511968003e-01 2.360557258285463367e-01 1.275018985613652622e-01 2.849156345185161268e-02 4.952698814130539473e-01 7.151653573284257048e-02 3.525771164325233742e-02 7.779113930489554851e-02 6.721375531512067958e-02 8.056604122961766312e-02 2.590970344906132761e-01 7.524694573168394518e-02 5.904120384168777269e-01 7.860207743982193518e-02 3.282190744741013411e-02 5.480768916436879606e-02 2.733253711501658079e-01 2.371501129257689300e-01 1.115489413013028008e-01 1.004239531932139690e-01 5.895770536904256648e-02 3.337487417726107269e-02 5.045736226910446653e-02 8.297849420688363509e-02 4.648203287224982327e-01 4.158069552136795660e-02 6.690488057998007776e-02 8.950925930781740425e-02 7.093535092949575238e-02 6.595711392527239814e-02 5.455683532529109064e-02 7.046408802555484407e-02 
4.663109824057496966e-01 1.015143096279491480e-01 3.453162726448416042e-01 5.330721396735438322e-02 4.884196188209881662e-01 1.772025459866705399e-01 3.868492578710752694e-01 3.789090473148496591e-02 5.294174369971501593e-01 1.789430065231367162e-01 6.258797279725199225e-02 9.288998972358024353e-02 1.259312393225811844e-01 3.654104061149545529e-02 0.000000000000000000e+00 3.437251478540934713e-01 5.052114402360438072e-01 8.909093128930321848e-02 4.711534481474904945e-02 1.476893712724963725e-01 3.468201847401645999e-02 3.092677774677149993e-01 3.745635589643527830e-01 3.569354859641653555e-01 1.233738703391846353e-01 2.029103655841824339e-01 3.452518183131878526e-01 2.734992584801023141e-01 1.356388846726758746e-01 7.554565269384519999e-01 9.662415126860389447e-02 6.597657205651322743e-01 4.432342435620503784e-01 1.650413142454829341e-01 1.085297068202025761e-01 4.577018284447054164e-02 5.011832471051218957e-02 1.554845317921424441e-01 7.404409391579291899e-02 2.985360557161378936e-01 1.241521890877108486e-01 2.467763820639546080e-01 3.623225412332904960e-01 7.704200886591343334e-02 1.057538066608040422e-01 2.705232597100185044e-01 2.306595587535030176e-02 2.404542715733103131e-01 1.703096322527684892e-01 3.156299356911099752e-01 3.880377943849570854e-02 8.525975738364199863e-02 5.060559980314170009e-02 1.133302937279410533e-01 8.051337761769691848e-02 2.816003536330849988e-01 1.050411201677795281e-01 2.204107184733334612e-01 4.758694915017440408e-02 2.285673069523827192e-02 1.018087906098379264e-01 1.418625119420730274e-01 2.012806457348938760e-01 1.912648896788881614e-01 1.230799877934799641e-01 2.197760473232866496e-01 
2.755756714573328048e-01 2.020617078422069779e-01 4.071492764680952892e-01 4.348066772273008473e-02 3.778771435861910111e-01 9.896854765246335117e-02 3.138768382968758486e-01 1.248143829068246169e-01 3.365634410424223066e-01 4.627979730065940878e-01 5.881512697093645159e-02 6.373659922569421821e-02 4.255786918862895785e-02 6.764561628459958564e-02 3.437251478540934713e-01 0.000000000000000000e+00 2.242119253070260498e-01 4.170122026845250046e-02 4.497028350499090998e-02 3.711863084505143823e-02 1.498529835704304029e-02 5.157136668781259203e-01 8.551276950036761360e-01 7.634208540136985244e-01 2.433582967543119480e-01 5.169931921560553395e-02 1.282455119336971816e-01 4.654998264232385052e-01 2.685062037090867326e-01 3.604382123693879447e-01 6.490658654969858055e-02 3.283738683380948431e-01 2.419471228516259786e-01 5.343975674531596665e-02 1.442054426259912203e-01 8.372953440680717951e-02 2.303590980887054371e-02 1.538378970435911042e-01 7.569012390396374912e-02 6.988518847565630687e-02 7.532690717122174362e-02 1.224060216822304009e-01 3.104470719363324749e-01 1.382208143413171490e-02 5.050296341559485508e-02 1.513841817215793445e-02 5.340006912647560916e-02 9.056229216719000052e-02 5.491103860761766819e-01 9.639641712201420243e-02 4.897513361899064749e-02 6.793178576001772384e-02 4.405181706724880381e-02 1.761529836891284964e-02 3.120740613889397830e-01 5.803425169059742705e-01 3.156450783380586045e-01 1.799941343846503672e-01 1.836969411951317951e-02 1.682756021427414816e-01 1.940991859808319786e-01 2.734121915088955634e-01 1.054514849057740927e-01 4.030652086237095783e-02 1.892097068166864460e-01 8.482373425341371842e-02 
5.725288080716021133e-01 5.508966133324045417e-02 1.146363675734598797e-01 1.066175173276884547e-01 5.769397996798989459e-01 1.203446570940259613e-01 5.857540336142854631e-01 4.618629562067739364e-02 3.252056527979984013e-01 1.531238166992531236e-01 9.636304499502053311e-02 8.060548235666536998e-02 1.602293350234698655e-01 8.319652184503090186e-02 5.052114402360438072e-01 2.242119253070260498e-01 0.000000000000000000e+00 9.266951232298624441e-02 1.118422173423995331e-01 1.376711456018584467e-01 1.135050652561293977e-01 1.271208014474213832e-01 2.199834393632677521e-01 1.788567834062583239e-01 1.860394985942227242e-01 8.635486959426048881e-02 2.157214028527236205e-01 9.421514752702896123e-02 2.578450731626474313e-01 5.027343663407620733e-01 1.637643103925855437e-01 4.367003573858497800e-01 4.154624587014080217e-01 3.408527902519347674e-01 8.871043290900966494e-02 5.474718623056456374e-02 3.488502814607940400e-02 2.589430816520430501e-01 4.362352297140677237e-02 4.171338413431551762e-01 1.355688093836556751e-01 3.370017313485058064e-01 3.652829134258912536e-01 6.702438192697839081e-02 1.301600819336614367e-01 3.180766630382386717e-01 1.122605518117802820e-01 3.828687411843901822e-01 1.599467672348108549e-01 5.286316607736324391e-01 1.162413832887840698e-01 1.604177876048421547e-01 4.149065107248346707e-02 6.021450837166179848e-02 1.511422819730578737e-01 2.510803601004792940e-01 1.620973794623840614e-01 1.767524748486232755e-01 3.470581939003448274e-02 2.463988785273786217e-02 6.606994005492303201e-02 1.533572956748714688e-01 3.489253240023830194e-01 2.100050036237552376e-01 2.231610732437085132e-01 3.346550553518031768e-01 
1.988071192343325300e-01 5.056751194053480530e-02 2.355907853024687970e-01 1.212136505580357626e-01 3.265797457837242568e-02 1.910894712129538597e-01 8.941715768793458141e-02 4.810121766329089610e-02 1.415661357959919209e-01 5.511650720423882238e-02 1.654500492161327108e-01 2.342432128707269134e-01 1.833698132028485084e-01 3.217564807713263475e-01 8.909093128930321848e-02 4.170122026845250046e-02 9.266951232298624441e-02 0.000000000000000000e+00 7.293088495589467035e-02 4.816682642634148581e-01 1.150032311805562479e-01 6.024936362310828047e-02 9.108291300822146663e-02 4.586990321956640332e-02 9.458630591628183759e-02 2.144320384723424622e-01 3.434856142342488511e-02 5.359976839934374460e-02 2.019989089500886376e-02 9.658294742475651007e-02 1.813695535179562501e-01 9.010840034713828162e-02 2.574081289046558085e-01 8.033160462470738047e-03 1.622088888188501776e-01 1.686816758748471978e-01 1.290558270485674119e-01 8.005428269253088425e-02 1.826512300963409885e-01 3.828892446596083438e-02 5.417964141178874954e-02 4.619490025746234713e-02 1.543061081200452489e-01 3.457445069015244871e-02 2.710846116091008007e-01 1.079287665203117197e-01 3.267791215279905459e-01 4.034323023156991678e-02 5.838828683726578206e-02 7.901248701949802056e-02 2.147985211773097980e-01 9.599641238489299566e-02 1.481880224977317750e-01 1.311064394253638743e-01 2.495791559943959931e-02 5.267795839962198523e-02 5.509230563371556727e-02 1.603184939039047074e-01 3.387600603614476236e-01 1.024062373856359509e-01 1.357732738682864704e-01 4.426470350024021977e-02 6.850043674586885067e-02 1.269297766394209340e-02 2.814361092700904537e-02 7.609425310359423100e-02 
2.767496409905122884e-02 1.187720646741504404e-01 9.163566404915444996e-02 1.152501239801241723e-01 1.070678685325219537e-01 1.744889368921681005e-01 1.348631469214579826e-01 1.574889337255574728e-01 3.398752268472552407e-01 1.330602893420562705e-01 8.620250215131966542e-02 4.661480954073514704e-01 1.775123325279329423e-01 2.738775711022648496e-01 4.711534481474904945e-02 4.497028350499090998e-02 1.118422173423995331e-01 7.293088495589467035e-02 0.000000000000000000e+00 3.445555658194436321e-01 1.170756119042917209e-01 1.759454913091030442e-02 2.763190877756755565e-02 7.340578749344763010e-02 1.282201113682970572e-01 2.740165946890241178e-01 2.424175150950477475e-01 1.211489760259389509e-01 9.496897038626542220e-02 1.901101975939190891e-01 2.014633049813664423e-01 1.381855169202915734e-01 2.532666239942888420e-01 1.665265974352557465e-01 6.571527166565302447e-02 8.255448195362574682e-02 7.219236028180227305e-02 3.375312101693241085e-02 1.651670314705343257e-01 8.721990248281950853e-02 8.552465761565491986e-02 3.980652339019431080e-02 2.517444777783760940e-02 2.320214077282618803e-02 1.135654647774522324e-01 2.696328134979324859e-02 1.953530976687578580e-01 1.361425139490762548e-01 5.405214984453629579e-02 1.247677871285161610e-01 1.871188979391678608e-01 1.618978049972819022e-01 2.453045655716589724e-01 7.733160842836762916e-02 6.777538556138336390e-02 3.899917131971076395e-02 7.359360849349134981e-02 6.790209958043486038e-02 1.248770801196501523e-01 4.521449267166785524e-02 1.107981882894925295e-02 9.007079289821011414e-02 1.680695476538636157e-01 1.346693619748000059e-01 9.345435841876652272e-02 1.695671031379074323e-01 
1.839611837154315477e-01 5.678947252841554799e-02 2.284559132847165455e-02 1.439768703331606170e-01 1.514211601618489222e-01 2.352910763864487012e-02 7.027546709756567200e-02 4.762194551729765496e-02 7.743234988513157668e-02 1.567629835224619295e-01 1.245045357926550245e-01 1.036254141725150568e-01 1.997563369552422807e-01 1.968082850996387134e-01 1.476893712724963725e-01 3.711863084505143823e-02 1.376711456018584467e-01 4.816682642634148581e-01 3.445555658194436321e-01 0.000000000000000000e+00 1.539280955643045901e-01 1.907140185350590933e-01 1.590474643006225403e-02 4.394687071319793026e-02 1.504777893264274968e-01 5.519830525961662987e-02 5.494805313218354970e-01 2.127240628989805760e-02 1.256368124987013446e-01 6.515614947593266482e-02 2.350325835811443165e-01 3.876409322780856315e-02 6.514266045516269033e-02 1.449114352126523175e-01 5.732824485255878094e-02 6.146952521047173434e-02 1.718826363657434964e-01 1.287322162373938095e-01 7.017098538492205079e-03 2.300417038805478015e-02 7.361814857134960088e-02 6.400872450858460794e-02 8.678458219027578024e-02 3.025817986550826538e-02 2.069881101762542364e-01 8.782575549959252548e-02 1.304158155540818265e-01 5.345292310600076313e-02 3.733061470844564050e-02 1.715230591169972577e-02 1.503970779374748101e-01 1.263015423697445294e-01 2.619261963047718744e-01 1.570623471428171380e-01 4.489979265381692508e-02 2.636786140276772480e-02 3.448443662480547151e-02 1.311629064631561759e-01 1.226165268147828141e-01 3.680619912649581854e-02 9.344689980453213529e-02 5.143676461217838031e-02 1.209543889837324387e-01 1.550147955932897892e-01 1.591703585867368029e-02 1.544460064957755008e-01 
1.317582036014629809e-01 8.190490558313588687e-02 2.299141897577960253e-02 9.099560573821688925e-01 1.153429326394675436e-01 2.829791709008711020e-02 1.184923484668140986e-01 4.569961957359712224e-01 6.244227218622616649e-02 5.239109502934794493e-01 6.180011187258882543e-01 3.357613619130064148e-02 7.443232354361606351e-01 5.506637661943584311e-02 3.468201847401645999e-02 1.498529835704304029e-02 1.135050652561293977e-01 1.150032311805562479e-01 1.170756119042917209e-01 1.539280955643045901e-01 0.000000000000000000e+00 1.330199628778459819e-01 2.713646715506215154e-02 9.643989801556816094e-03 6.348309822958232429e-01 8.663557720074432922e-02 1.053676559010540553e-01 5.447213556752538571e-02 5.685158597351664955e-01 2.544344534348504452e-02 1.283842507871244820e-01 4.787574673053619084e-02 2.946879715223548260e-02 1.951774365347778983e-01 1.145018134656060338e-01 2.138987694234160616e-02 3.937479581264475281e-01 1.465950877326777924e-01 8.983391810751494011e-02 3.774730439734133580e-02 3.221352669115098294e-02 1.368795950612024248e-01 2.857380839361348124e-01 1.031809595454260542e-01 1.668335832471795621e-02 3.151597658874334407e-01 3.518180364286242062e-02 1.922899172717884575e-01 3.395155110445489260e-02 1.870726944528743607e-01 3.226428357522503204e-02 9.341313273307938481e-02 2.987967401467793091e-02 4.536610043732712816e-01 1.177885145238197206e-02 2.074586181167617852e-02 7.404154221417854134e-03 3.067364146535015990e-01 9.138645791271116092e-02 8.716357588783395227e-02 7.608198223239012736e-02 4.208922221739621466e-02 2.115445333657038629e-01 1.131702572548962532e-01 1.917876272060167475e-01 1.790842111419589100e-01 
2.867215145527306497e-01 2.639741801245576794e-02 2.970805725239491490e-01 1.368573767887058812e-01 2.455318796943883330e-01 4.416104982168786441e-02 1.756691793210623243e-01 5.853867472282198170e-02 2.466475557018573683e-01 3.929657011794717159e-01 4.983958453601214367e-02 1.217732224472442837e-01 8.841547370839024367e-02 1.750571979545877122e-01 3.092677774677149993e-01 5.157136668781259203e-01 1.271208014474213832e-01 6.024936362310828047e-02 1.759454913091030442e-02 1.907140185350590933e-01 1.330199628778459819e-01 0.000000000000000000e+00 4.943150436216768862e-01 7.197085318721706537e-01 2.769243160810941351e-01 4.597940285763583990e-02 2.963086756402253386e-01 1.670512368521661906e-01 3.378276640461423397e-01 3.259292578302998566e-01 2.638471526208237550e-01 2.215059634009560463e-01 1.334175648732968678e-01 1.465298829102206213e-01 1.340972052617240250e-02 5.832160921547441257e-02 1.913088208169163307e-01 8.111204873450564290e-02 6.344802158583588703e-02 7.103129124760458601e-02 6.447683833530555575e-02 9.871908187983430283e-02 2.043196304560751519e-01 1.398887549517303583e-02 7.755122972495401279e-02 4.405526059961260843e-02 9.647894872786916265e-02 1.468697536550078730e-01 1.469884291482850824e-01 1.422186525366043452e-01 3.101634207719354899e-02 1.817909250153143252e-01 5.902174610801242532e-02 1.633859111729066838e-01 9.541254917593241722e-03 2.095061850458710961e-01 2.348625115420876347e-02 2.033915869377077024e-01 5.694603566116354654e-02 1.069762490749415901e-01 2.049942347438841322e-02 2.128636221426003991e-02 1.502625814786107128e-01 1.042557222180020143e-01 1.836001664060601390e-01 1.574598145467716037e-01 
2.375083321365192568e-01 3.478775640994339891e-01 4.649288468795728657e-01 1.620702172390654783e-02 4.270981507489298723e-01 1.543879317767440640e-01 3.574943997084860103e-01 1.370411478399370664e-01 3.911391811295561460e-01 5.245363753396503625e-01 2.949556016222346783e-02 5.412727644941234956e-02 1.284544916851155551e-02 4.223845854642720166e-02 3.745635589643527830e-01 8.551276950036761360e-01 2.199834393632677521e-01 9.108291300822146663e-02 2.763190877756755565e-02 1.590474643006225403e-02 2.713646715506215154e-02 4.943150436216768862e-01 0.000000000000000000e+00 6.839483598954506638e-01 2.805771785214435932e-01 9.285878263934151111e-02 1.867328295379012959e-01 5.747117138195388941e-01 2.551895471963510076e-01 3.388839805814302664e-01 1.532687754666757218e-01 3.716075672338831626e-01 1.592974352785673509e-01 1.237287453013922733e-01 2.810961222049322972e-01 1.356177785379184264e-01 4.785886412936286166e-02 2.512699320505670242e-01 1.636000685930426302e-01 1.106937330352330828e-01 5.127813809156704650e-02 1.872390736067625905e-01 3.214847830379872762e-01 2.161012816815445492e-02 1.266123335135627692e-01 4.180755017908240057e-02 1.889016155671913444e-01 1.451738878093430662e-01 5.769081380865413999e-01 1.464400838154243933e-01 4.320907976062569877e-02 4.665629340562164884e-02 2.025066694888322943e-02 4.694632845691559808e-02 3.181625967114612430e-01 6.736443405179548538e-01 3.360323191934408427e-01 1.885585007355255749e-01 5.613260031920701970e-02 1.581872817112806584e-01 3.202298800747907515e-01 2.377906826981054933e-01 2.076243777911963573e-01 3.717696146896130177e-02 2.978218331864907475e-01 1.707509910069973658e-01 
2.723929888230457452e-01 1.405913964327590304e-01 3.917726487948418601e-01 2.617340666833022772e-02 3.267638727723090608e-01 4.691249629862734305e-02 2.568991240924969888e-01 7.980586018589799768e-02 3.127081643856498006e-01 3.543457242324631884e-01 4.700585756619609507e-02 1.018027286806636456e-01 3.543738288722513008e-02 1.348491075980961518e-01 3.569354859641653555e-01 7.634208540136985244e-01 1.788567834062583239e-01 4.586990321956640332e-02 7.340578749344763010e-02 4.394687071319793026e-02 9.643989801556816094e-03 7.197085318721706537e-01 6.839483598954506638e-01 0.000000000000000000e+00 1.483213718534793779e-01 2.181533057447172450e-02 2.154244752626714721e-01 3.599757130706507380e-01 1.948522214009099918e-01 3.798556223705624180e-01 1.366441345816470365e-01 2.970305123193192065e-01 2.274808214267651507e-01 6.748092463526528251e-02 8.819174501120209675e-02 4.027049598736261865e-02 8.050879828891660539e-02 8.826603697065586729e-02 3.894717966067642173e-02 3.628628066100538646e-02 2.845158131962052805e-02 6.776810425275783811e-02 2.018110716871852894e-01 2.770546859775296217e-02 4.069767809723409679e-02 1.247103623714475307e-02 5.147514720851040226e-02 6.957600021912170585e-02 2.557785774524784506e-01 8.624955259513249206e-02 3.733718232822266780e-02 1.299101795872950882e-01 3.851932871622412019e-02 6.566758647684618755e-02 7.208573288137502810e-02 3.226368417779864606e-01 3.845636473334963779e-02 1.500838938953200086e-01 7.779492714935327957e-02 7.594947903660552446e-02 6.536594220474768735e-02 1.501092970491605949e-01 8.487225282574996366e-02 4.370764001273548527e-02 1.490206827858822081e-01 9.141700069525919570e-02 
