1.000000 0.061899 0.166642 0.105318 0.248597 -0.070173 0.229882 0.088875 0.210020 0.116595 0.111702 -0.074295 0.001923 -0.046010 0.425345 0.188313 0.379178 0.104513 -0.024051 -0.051226 0.062058 0.221140 0.167767 0.206755 0.155013 0.024546 -0.009067 0.095380 0.127310 0.648465 0.143906 0.263494 0.563985 0.060424 0.035513 0.057083 0.074312 0.079294 -0.035565 0.045702 -0.042172 0.024045 0.151094 0.027233 -0.068809 0.119446 -0.041670 0.037055 0.081881 0.131738 0.042364 0.008144 0.065808 0.104208 0.042545 0.115356 0.070496 0.094243 -0.009466 0.004582 0.068128 0.099400 0.056226 0.030042 0.047212 0.065404 
0.061899 1.000000 0.227113 0.138521 0.184548 0.038342 0.102322 0.158051 0.170084 0.105797 0.067426 0.240116 0.116798 0.196708 0.073777 0.155006 0.098233 -0.007247 0.111534 0.031275 0.151455 0.151267 0.216358 0.127408 0.135227 0.125161 0.154395 0.617820 0.115131 0.094013 0.027268 0.079500 0.124090 0.171521 0.558206 0.139237 0.124370 0.121111 0.055391 0.083798 0.151123 0.149019 0.154381 0.052327 0.291677 0.138092 0.343139 0.164130 0.108704 -0.002928 0.087332 0.139303 0.126965 0.123355 0.071393 0.202228 0.079603 0.121487 0.049781 0.111422 0.380850 0.110077 0.127172 0.151850 0.090311 0.140487 
0.166642 0.227113 1.000000 -0.006779 0.238535 0.120902 0.201655 0.015962 0.246269 0.243634 -0.029268 0.087198 -0.050718 0.124255 0.182732 0.436519 0.065546 0.152336 -0.034488 0.013273 -0.012496 0.302378 0.492133 0.385316 0.120143 0.019694 0.063435 0.509286 0.114174 0.182771 0.114417 0.177350 0.144955 -0.041101 0.030830 0.023633 0.010119 0.069823 0.098331 0.053424 0.041433 0.050340 0.064041 -0.002360 0.066953 0.085469 0.140284 0.062391 0.162922 0.048304 0.038895 0.040650 0.033060 0.007808 0.170364 0.228287 0.175916 -0.036504 0.137300 0.153876 0.039647 0.058020 -0.015549 0.031674 0.121124 0.012832 
0.105318 0.138521 -0.006779 1.000000 0.285957 -0.090006 0.227236 0.280621 0.257124 0.337979 0.467499 0.099502 0.540759 0.074467 0.022454 0.117366 0.184138 0.161900 0.067850 0.093331 0.919698 0.173124 0.102165 0.082198 0.574295 -0.017293 0.023427 0.081255 0.508803 -0.000754 -0.009946 0.028163 0.069549 0.087900 0.114183 -0.000348 0.458005 0.103155 -0.012431 0.098840 0.186186 0.043119 0.298748 0.280347 0.091728 0.289321 0.118411 0.094629 0.142901 0.061479 0.082288 0.065784 0.097390 0.472716 0.124791 0.150208 0.119193 0.326377 0.005660 0.095178 0.122990 0.160072 0.022175 0.154624 0.065529 0.015585 
0.248597 0.184548 0.238535 0.285957 1.000000 0.015196 0.818790 0.128726 0.729291 0.277575 0.099338 0.141246 0.088527 0.152005 0.446517 0.332846 0.614613 0.093109 -0.019322 0.070458 0.219496 0.258724 0.392472 0.265410 0.241344 0.125249 0.047973 0.280347 0.188968 0.281861 0.076721 0.512029 0.159642 0.080787 0.191687 0.085199 0.218238 0.108999 0.097632 0.143525 0.134491 0.113702 0.387930 0.085510 0.125099 0.199708 0.208097 0.139058 0.208082 0.109449 0.059855 0.138341 -0.017470 0.205907 0.194280 0.342842 0.172851 0.268317 0.094375 0.066285 0.208879 0.238369 0.036703 0.140359 0.115951 0.052523 
-0.070173 0.038342 0.120902 -0.090006 0.015196 1.000000 -0.049222 -0.171372 -0.050529 0.089130 -0.165700 -0.025363 -0.138207 0.153828 0.117963 -0.045600 0.053570 0.044854 -0.042092 0.003874 -0.149576 0.003665 0.025870 -0.019232 0.043484 0.442049 0.124475 0.089915 -0.067930 -0.018751 0.043855 0.159214 -0.034804 -0.027891 0.061911 0.149484 0.027423 0.041084 0.398371 0.097268 0.020387 0.070770 0.047509 -0.008533 0.060556 0.110868 0.124059 0.033913 0.026881 0.053009 0.020654 0.145971 -0.017236 0.062411 0.022675 0.076579 0.069604 0.071727 0.295437 0.063375 0.020548 -0.001595 0.001205 -0.083832 0.046525 0.037367 
0.229882 0.102322 0.201655 0.227236 0.818790 -0.049222 1.000000 0.122951 0.639711 0.163623 0.164222 0.222440 0.201873 0.203190 0.398005 0.229377 0.597167 0.161191 -0.018520 0.067709 0.197421 0.210081 0.278435 0.192195 0.164559 0.057289 -0.015455 0.169740 0.168335 0.267179 0.097330 0.499598 0.136746 0.078109 0.168408 0.094355 0.138358 0.120205 0.050127 0.216294 0.127569 0.161173 0.246444 0.126729 0.058699 0.172599 0.121835 0.135265 0.147008 0.243538 0.088273 0.067729 0.013769 0.137912 0.149268 0.247974 0.123126 0.169678 0.040604 0.035885 0.202313 0.211692 0.064941 0.176720 0.143526 0.110601 
0.088875 0.158051 0.015962 0.280621 0.128726 -0.171372 0.122951 1.000000 0.140310 0.350466 0.281286 0.176013 0.368974 0.105731 0.026508 0.089705 0.032881 0.119817 0.076606 0.099625 0.372926 0.068808 0.079129 -0.007768 0.368004 -0.040890 0.056308 0.025243 0.425712 0.091384 0.161537 0.015546 0.173014 0.164316 0.130948 0.001427 0.091078 0.071214 -0.024990 0.071925 0.117818 0.048476 0.074505 0.163183 0.096392 0.088394 0.116250 0.099690 0.046479 0.139273 -0.003708 0.048122 0.072863 0.054959 0.048538 0.041494 0.033647 0.059045 0.034328 0.100652 0.060342 0.055128 0.182831 0.162328 0.075495 0.147477 
0.210020 0.170084 0.246269 0.257124 0.729291 -0.050529 0.639711 0.140310 1.000000 0.219481 0.112768 0.239884 0.085798 0.108219 0.465182 0.300464 0.381199 0.134404 0.082363 0.106154 0.221058 0.331546 0.346535 0.301748 0.184167 0.129298 0.048996 0.266051 0.224913 0.230071 0.142186 0.351240 0.104702 0.036335 0.194085 0.027543 0.121108 0.057971 0.074691 0.122925 0.078695 0.060226 0.273948 0.112627 0.120814 0.172241 0.167369 0.085098 0.114042 0.077563 0.094907 0.105635 0.051927 0.130358 0.059107 0.247238 0.007851 0.142815 0.108757 0.086347 0.194725 0.144257 0.024139 0.111440 0.117134 0.042798 
0.116595 0.105797 0.243634 0.337979 0.277575 0.089130 0.163623 0.350466 0.219481 1.000000 0.150264 0.114187 0.259843 0.146523 0.140388 0.401736 0.146210 0.061665 0.117033 0.161928 0.327045 0.330918 0.477559 0.299657 0.795907 0.110549 0.194093 0.220948 0.471810 0.129274 0.147802 0.084704 0.162952 0.109870 0.083834 0.038486 0.141795 0.249597 0.115598 0.150319 0.110380 0.189943 0.357310 0.150227 0.095412 0.115534 0.147498 0.217903 0.254221 0.253118 0.116831 0.039259 0.046295 0.151977 0.144654 0.319692 0.160288 0.317651 0.115176 0.167603 0.125815 0.138059 0.211362 0.047326 0.274471 0.154337 
0.111702 0.067426 -0.029268 0.467499 0.099338 -0.165700 0.164222 0.281286 0.112768 0.150264 1.000000 0.084164 0.512714 0.075204 0.016092 0.017908 0.101258 0.165476 -0.011187 0.064374 0.557972 0.075914 -0.042199 -0.000275 0.323979 -0.106555 -0.067514 -0.008119 0.282469 0.043544 0.101533 -0.010580 0.105444 0.078857 0.020155 -0.054732 0.172451 -0.016379 -0.114069 0.104048 0.135824 0.035955 0.101761 0.229974 -0.068803 0.167022 -0.033666 0.067883 -0.053483 0.068000 0.120726 0.008435 0.081930 0.229159 -0.048801 -0.086541 -0.078167 0.103381 -0.113607 -0.021760 0.004228 0.047523 -0.030249 0.116503 -0.008277 -0.025294 
-0.074295 0.240116 0.087198 0.099502 0.141246 -0.025363 0.222440 0.176013 0.239884 0.114187 0.084164 1.000000 0.097565 0.794350 -0.030638 0.061206 0.057744 0.174120 0.274303 0.134129 0.132090 0.074122 0.049869 0.094757 0.136552 0.139969 0.101120 0.164139 0.174559 -0.024932 -0.000804 0.019740 0.030207 0.055252 0.214079 0.085461 0.081189 0.097369 0.208054 0.046766 0.004534 0.030843 0.030791 0.063074 0.128299 0.023305 0.273347 0.051161 0.014559 0.062563 0.190466 0.115414 0.089572 0.037461 0.025310 0.018763 -0.030614 0.018642 0.218927 0.068601 0.103796 0.024090 0.067376 0.048193 0.061338 0.073401 
0.001923 0.116798 -0.050718 0.540759 0.088527 -0.138207 0.201873 0.368974 0.085798 0.259843 0.512714 0.097565 1.000000 0.085293 0.021735 0.059524 0.107021 0.197823 0.085670 0.097602 0.705944 0.054866 0.038982 -0.014246 0.348490 -0.093890 -0.034538 0.058057 0.316130 0.040004 0.010383 0.039475 0.096559 0.218928 0.101808 0.000418 0.175725 0.148437 -0.042980 0.144361 0.166366 0.165649 0.064363 0.268028 0.074166 0.129013 0.053728 0.241372 0.096278 0.211255 0.080791 0.090630 0.118176 0.194053 0.047580 0.086821 0.062290 0.075322 0.018646 0.055224 0.156982 0.060372 0.147472 0.183351 0.124134 0.124818 
-0.046010 0.196708 0.124255 0.074467 0.152005 0.153828 0.203190 0.105731 0.108219 0.146523 0.075204 0.794350 0.085293 1.000000 -0.006985 0.088863 0.092955 0.190808 0.148439 0.168078 0.090014 0.084152 0.087067 0.119006 0.147748 0.263397 0.136798 0.135504 0.147959 0.015796 -0.007423 0.051006 0.044886 0.044648 0.192972 0.152782 0.120464 0.090768 0.288446 0.075341 0.053030 0.041323 0.063403 0.056374 0.161907 0.055207 0.429951 0.045584 0.086197 0.062112 0.161705 0.159922 0.033468 0.085839 0.043735 0.081644 0.025912 0.072740 0.339471 0.020501 0.094953 0.049687 0.057298 0.007991 0.058463 0.072546 
0.425345 0.073777 0.182732 0.022454 0.446517 0.117963 0.398005 0.026508 0.465182 0.140388 0.016092 -0.030638 0.021735 -0.006985 1.000000 0.262321 0.412008 0.044642 -0.048888 0.045372 -0.032856 0.281269 0.270532 0.257489 0.120170 0.095397 0.110480 0.173651 0.083297 0.698693 0.029863 0.640590 0.220052 0.031664 0.131974 0.129534 0.087782 0.030279 0.068578 0.129802 0.027538 0.108766 0.311586 -0.004304 0.088490 0.154461 0.064315 0.093622 0.103654 0.082160 0.027629 0.099356 0.022332 0.103555 0.119728 0.235997 0.127132 0.196249 0.059824 0.111888 0.171108 0.198321 0.005243 0.083185 -0.019923 0.039736 
0.188313 0.155006 0.436519 0.117366 0.332846 -0.045600 0.229377 0.089705 0.300464 0.401736 0.017908 0.061206 0.059524 0.088863 0.262321 1.000000 0.043335 0.035791 -0.003628 0.087124 0.070278 0.514936 0.884381 0.770722 0.177719 -0.062841 0.024061 0.510635 0.152976 0.289614 0.056434 0.247975 0.201635 0.032671 0.074399 0.018210 0.020868 0.065840 -0.020194 0.040646 0.024790 0.082576 0.159334 0.054029 0.005468 0.044633 0.041998 0.105086 0.614636 0.058500 0.020629 0.008299 0.006220 0.026763 0.414995 0.571756 0.414522 0.045058 -0.018637 0.124603 0.182066 0.248542 0.081229 0.041102 0.149415 0.044196 
0.379178 0.098233 0.065546 0.184138 0.614613 0.053570 0.597167 0.032881 0.381199 0.146210 0.101258 0.057744 0.107021 0.092955 0.412008 0.043335 1.000000 0.070288 -0.005910 0.059060 0.143701 0.151046 0.055711 0.068881 0.184975 0.175697 0.095666 0.020411 0.070634 0.278680 0.014802 0.344903 0.139529 0.167896 0.128811 0.133956 0.149174 0.126129 0.073274 0.241286 0.118028 0.161240 0.386865 0.062165 -0.023997 0.290677 0.038380 0.157467 0.073948 0.262881 0.112640 0.103421 0.073120 0.215331 0.088172 0.158569 0.094515 0.292765 0.043225 0.027868 0.182352 0.201401 0.136575 0.136075 0.112134 0.202362 
0.104513 -0.007247 0.152336 0.161900 0.093109 0.044854 0.161191 0.119817 0.134404 0.061665 0.165476 0.174120 0.197823 0.190808 0.044642 0.035791 0.070288 1.000000 0.116065 0.328026 0.155973 0.060669 0.033636 0.020504 0.080007 0.110119 0.031434 -0.043405 0.139998 -0.015783 0.099769 0.089184 0.055594 0.065080 0.032095 0.050922 -0.005296 0.170976 0.069300 0.166943 0.195312 0.132146 0.041485 0.191559 0.120928 0.141103 0.182078 0.088151 0.021894 0.127631 0.161124 0.063793 0.190315 0.070664 0.012073 -0.003682 -0.022124 0.092191 0.260922 0.112065 0.014064 0.114074 0.033883 0.076108 0.109027 0.046598 
-0.024051 0.111534 -0.034488 0.067850 -0.019322 -0.042092 -0.018520 0.076606 0.082363 0.117033 -0.011187 0.274303 0.085670 0.148439 -0.048888 -0.003628 -0.005910 0.116065 1.000000 0.336500 0.061662 0.031355 0.007058 -0.006488 0.113513 0.147029 0.115958 0.051864 0.095511 0.041782 0.071899 0.080364 0.094312 0.051167 0.057686 0.051379 0.077247 0.087201 0.088902 0.029209 0.003106 0.047372 0.021353 0.023525 0.062710 0.006763 0.102434 0.080156 0.023816 -0.028975 0.209114 0.043363 0.170082 0.050065 0.026838 0.040220 0.024906 0.030287 0.058943 0.091669 0.072115 -0.048818 0.098537 0.050935 0.046202 0.107875 
-0.051226 0.031275 0.013273 0.093331 0.070458 0.003874 0.067709 0.099625 0.106154 0.161928 0.064374 0.134129 0.097602 0.168078 0.045372 0.087124 0.059060 0.328026 0.336500 1.000000 0.087629 0.143080 0.101866 0.117239 0.151171 0.066302 0.406474 0.056248 0.158330 -0.065965 0.086093 0.014312 -0.108559 -0.005811 0.051575 0.063190 0.017688 0.134488 0.018308 0.036645 0.062375 0.014985 0.076749 0.063956 0.050778 0.008038 0.035725 -0.013532 0.082398 0.019461 0.044329 -0.043210 0.096936 0.033881 0.064101 0.117090 0.063287 0.083906 0.049882 0.092126 0.078792 0.041714 0.043311 -0.008422 0.072085 0.060525 
0.062058 0.151455 -0.012496 0.919698 0.219496 -0.149576 0.197421 0.372926 0.221058 0.327045 0.557972 0.132090 0.705944 0.090014 -0.032856 0.070278 0.143701 0.155973 0.061662 0.087629 1.000000 0.133943 0.050646 0.033616 0.538072 -0.067062 0.021855 0.075626 0.534472 -0.019269 0.015517 -0.044029 0.080756 0.102111 0.114510 -0.037515 0.347127 0.084810 -0.056812 0.086507 0.158252 0.025008 0.204274 0.304097 0.090598 0.239600 0.100436 0.091825 0.089053 0.070512 0.090897 0.086820 0.104257 0.376975 0.052328 0.092545 0.048379 0.207702 0.028057 0.065190 0.122920 0.090871 0.028888 0.148031 0.028993 0.019634 
0.221140 0.151267 0.302378 0.173124 0.258724 0.003665 0.210081 0.068808 0.331546 0.330918 0.075914 0.074122 0.054866 0.084152 0.281269 0.514936 0.151046 0.060669 0.031355 0.143080 0.133943 1.000000 0.447919 0.772940 0.261105 0.042168 0.190179 0.202189 0.306812 0.294377 0.134736 0.182737 0.178484 0.044917 0.095253 0.054578 0.108309 0.060405 -0.005890 0.116049 0.066502 0.092368 0.181345 0.055928 0.035802 0.153571 0.044162 0.089845 0.168681 0.105099 0.042241 0.040816 0.039221 0.126864 0.095919 0.210471 0.092789 0.154585 0.033869 0.148220 0.048650 0.169471 0.065337 0.010357 0.135507 0.058670 
0.167767 0.216358 0.492133 0.102165 0.392472 0.025870 0.278435 0.079129 0.346535 0.477559 -0.042199 0.049869 0.038982 0.087067 0.270532 0.884381 0.055711 0.033636 0.007058 0.101866 0.050646 0.447919 1.000000 0.654521 0.175434 -0.030511 0.043128 0.614199 0.100446 0.265956 0.101223 0.261919 0.166800 0.040921 0.190227 0.078359 0.045877 0.189806 0.052804 0.059304 0.041299 0.132105 0.165476 0.021126 0.086460 0.043750 0.134903 0.125463 0.601788 0.078563 -0.000358 0.035638 -0.037907 0.028974 0.383898 0.698821 0.417118 0.030751 0.029059 0.163229 0.323272 0.150557 0.106283 0.075505 0.248436 0.072983 
0.206755 0.127408 0.385316 0.082198 0.265410 -0.019232 0.192195 -0.007768 0.301748 0.299657 -0.000275 0.094757 -0.014246 0.119006 0.257489 0.770722 0.068881 0.020504 -0.006488 0.117239 0.033616 0.772940 0.654521 1.000000 0.142783 0.018612 0.140395 0.330148 0.161270 0.308266 0.063234 0.201527 0.208403 0.046249 0.064312 -0.008344 0.059774 0.029675 0.005212 0.063537 0.021364 0.066087 0.108125 0.055341 0.011541 0.097749 0.027516 0.091978 0.316982 0.058263 0.055705 0.036091 0.044670 0.074940 0.182433 0.314078 0.176015 0.061938 0.018693 0.140339 0.099545 0.194304 0.090690 0.010466 0.093789 0.060166 
0.155013 0.135227 0.120143 0.574295 0.241344 0.043484 0.164559 0.368004 0.184167 0.795907 0.323979 0.136552 0.348490 0.147748 0.120170 0.177719 0.184975 0.080007 0.113513 0.151171 0.538072 0.261105 0.175434 0.142783 1.000000 0.086273 0.190755 0.104290 0.694443 0.115739 0.100847 0.071715 0.149816 0.049416 0.107214 0.032393 0.269317 0.113220 0.088341 0.132456 0.110566 0.092464 0.348278 0.218162 0.039975 0.182595 0.068440 0.130362 0.099616 0.129738 0.117298 0.013188 0.052551 0.255574 0.087049 0.123151 0.087333 0.388510 0.060520 0.108025 0.101856 0.113485 0.078906 0.053437 0.109935 0.071483 
0.024546 0.125161 0.019694 -0.017293 0.125249 0.442049 0.057289 -0.040890 0.129298 0.110549 -0.106555 0.139969 -0.093890 0.263397 0.095397 -0.062841 0.175697 0.110119 0.147029 0.066302 -0.067062 0.042168 -0.030511 0.018612 0.086273 1.000000 0.236321 0.000336 -0.029673 0.019378 0.199276 0.082596 0.059505 0.084080 0.065257 0.103045 0.088327 0.028006 0.521387 0.083307 0.029440 0.096577 0.120692 -0.004136 0.173766 0.114177 0.229862 0.078034 -0.035220 -0.037149 0.227816 0.138815 0.097753 0.108409 -0.040605 0.006737 -0.037524 0.131540 0.616504 -0.024492 0.006601 0.034895 0.056139 -0.038920 0.048069 0.081880 
-0.009067 0.154395 0.063435 0.023427 0.047973 0.124475 -0.015455 0.056308 0.048996 0.194093 -0.067514 0.101120 -0.034538 0.136798 0.110480 0.024061 0.095666 0.031434 0.115958 0.406474 0.021855 0.190179 0.043128 0.140395 0.190755 0.236321 1.000000 0.080713 0.140521 0.027082 0.202310 -0.002707 0.035847 0.001565 0.067969 0.120431 -0.000035 -0.018806 0.113134 0.021452 -0.028627 -0.041405 0.098023 0.033527 0.006475 0.036841 0.008222 -0.058590 -0.015479 -0.043815 0.035395 0.048189 0.047157 0.011248 0.008152 0.038479 0.009926 0.097368 0.079417 0.087429 0.021304 -0.001197 0.033847 -0.065043 -0.018903 0.037392 
0.095380 0.617820 0.509286 0.081255 0.280347 0.089915 0.169740 0.025243 0.266051 0.220948 -0.008119 0.164139 0.058057 0.135504 0.173651 0.510635 0.020411 -0.043405 0.051864 0.056248 0.075626 0.202189 0.614199 0.330148 0.104290 0.000336 0.080713 1.000000 0.045079 0.159349 0.002355 0.179255 0.133490 0.077018 0.313108 0.081431 0.050415 0.113480 0.069563 -0.006576 0.032037 0.076153 0.127780 -0.019869 0.206402 0.032856 0.240736 0.093658 0.354850 -0.009107 0.011704 0.088749 0.023683 0.019886 0.201947 0.467053 0.260782 0.023044 0.025281 0.124038 0.332694 0.042962 0.063458 0.114622 0.142151 0.067018 
0.127310 0.115131 0.114174 0.508803 0.188968 -0.067930 0.168335 0.425712 0.224913 0.471810 0.282469 0.174559 0.316130 0.147959 0.083297 0.152976 0.070634 0.139998 0.095511 0.158330 0.534472 0.306812 0.100446 0.161270 0.694443 -0.029673 0.140521 0.045079 1.000000 0.085398 0.065780 0.022148 0.105423 0.037535 0.140420 0.018190 0.152031 0.026776 -0.061250 0.155441 0.060615 0.030035 0.096735 0.255444 0.062598 0.166650 0.095163 0.044326 0.013603 0.107028 0.111607 0.007433 0.085237 0.150907 0.033697 0.008951 -0.000144 0.109870 0.035042 0.050852 0.066976 0.062042 0.025126 0.038215 0.018887 0.008558 
0.648465 0.094013 0.182771 -0.000754 0.281861 -0.018751 0.267179 0.091384 0.230071 0.129274 0.043544 -0.024932 0.040004 0.015796 0.698693 0.289614 0.278680 -0.015783 0.041782 -0.065965 -0.019269 0.294377 0.265956 0.308266 0.115739 0.019378 0.027082 0.159349 0.085398 1.000000 0.089311 0.515023 0.708369 0.095889 0.114767 0.120674 0.076711 0.010844 -0.025840 0.055719 -0.006938 0.077920 0.198055 0.021647 0.024132 0.054413 0.015332 0.120318 0.122739 0.071396 0.036271 0.088762 0.032324 0.058149 0.081971 0.193749 0.117883 0.128658 0.029209 0.028053 0.173687 0.162606 0.092265 0.102586 -0.011886 0.103463 
0.143906 0.027268 0.114417 -0.009946 0.076721 0.043855 0.097330 0.161537 0.142186 0.147802 0.101533 -0.000804 0.010383 -0.007423 0.029863 0.056434 0.014802 0.099769 0.071899 0.086093 0.015517 0.134736 0.101223 0.063234 0.100847 0.199276 0.202310 0.002355 0.065780 0.089311 1.000000 0.082363 0.286537 0.050783 0.033909 -0.087510 -0.029858 -0.025388 0.148540 0.098549 0.049376 0.024309 0.039162 0.062918 -0.037817 0.101742 -0.028394 0.015699 -0.070117 0.089867 -0.043867 0.073594 0.058184 -0.005000 -0.087095 -0.037576 -0.102360 0.032394 0.101081 0.050449 -0.058084 0.047927 0.042126 0.023580 0.036314 0.052759 
0.263494 0.079500 0.177350 0.028163 0.512029 0.159214 0.499598 0.015546 0.351240 0.084704 -0.010580 0.019740 0.039475 0.051006 0.640590 0.247975 0.344903 0.089184 0.080364 0.014312 -0.044029 0.182737 0.261919 0.201527 0.071715 0.082596 -0.002707 0.179255 0.022148 0.515023 0.082363 1.000000 0.229331 0.073800 0.168667 0.160081 0.081109 0.056778 0.131489 0.145794 0.052876 0.113827 0.264898 0.044575 0.048605 0.096892 0.079726 0.135851 0.196592 0.118840 0.047818 0.169566 0.072796 0.061655 0.212166 0.295708 0.238015 0.175318 0.071830 0.097536 0.198305 0.205576 0.068960 0.105025 0.027653 0.112440 
0.563985 0.124090 0.144955 0.069549 0.159642 -0.034804 0.136746 0.173014 0.104702 0.162952 0.105444 0.030207 0.096559 0.044886 0.220052 0.201635 0.139529 0.055594 0.094312 -0.108559 0.080756 0.178484 0.166800 0.208403 0.149816 0.059505 0.035847 0.133490 0.105423 0.708369 0.286537 0.229331 1.000000 0.178227 0.095449 0.045767 0.066846 0.041803 0.029979 0.098845 0.042419 0.131054 0.138392 0.072481 0.020887 0.064813 0.077189 0.206591 0.127412 0.190518 0.070416 0.075132 0.044010 0.052448 0.061187 0.130919 0.102650 0.121436 0.094974 -0.012684 0.094901 0.153911 0.197365 0.127676 0.062316 0.176745 
0.060424 0.171521 -0.041101 0.087900 0.080787 -0.027891 0.078109 0.164316 0.036335 0.109870 0.078857 0.055252 0.218928 0.044648 0.031664 0.032671 0.167896 0.065080 0.051167 -0.005811 0.102111 0.044917 0.040921 0.046249 0.049416 0.084080 0.001565 0.077018 0.037535 0.095889 0.050783 0.073800 0.178227 1.000000 0.072095 0.095587 0.202533 0.276141 -0.009843 0.277098 0.167648 0.510776 0.063540 0.091065 0.077994 0.147700 0.079017 0.665868 0.031834 0.301477 0.126691 0.080017 0.103298 0.155533 0.057375 0.043982 0.121669 0.106263 0.046537 0.040783 0.126708 0.072747 0.782005 0.347914 0.279733 0.485575 
0.035513 0.558206 0.030830 0.114183 0.191687 0.061911 0.168408 0.130948 0.194085 0.083834 0.020155 0.214079 0.101808 0.192972 0.131974 0.074399 0.128811 0.032095 0.057686 0.051575 0.114510 0.095253 0.190227 0.064312 0.107214 0.065257 0.067969 0.313108 0.140420 0.114767 0.033909 0.168667 0.095449 0.072095 1.000000 0.364942 0.113392 0.076364 0.018854 0.081039 0.076276 0.111263 0.130119 0.116933 0.184861 0.110083 0.230420 0.099509 0.113764 -0.024215 0.024821 0.150061 0.033058 0.119927 0.097196 0.280295 0.088569 0.096450 0.070260 0.286156 0.773459 0.118664 0.074871 0.167889 0.047206 0.132217 
0.057083 0.139237 0.023633 -0.000348 0.085199 0.149484 0.094355 0.001427 0.027543 0.038486 -0.054732 0.085461 0.000418 0.152782 0.129534 0.018210 0.133956 0.050922 0.051379 0.063190 -0.037515 0.054578 0.078359 -0.008344 0.032393 0.103045 0.120431 0.081431 0.018190 0.120674 -0.087510 0.160081 0.045767 0.095587 0.364942 1.000000 0.103875 0.103189 0.061650 0.017184 0.005747 0.112125 0.151414 0.043746 0.081137 0.017769 0.111115 0.060238 0.233750 -0.054531 0.113322 0.068063 0.018339 0.087631 0.146954 0.359065 0.258763 0.145551 0.019503 -0.020278 0.404131 0.053940 0.052309 0.045861 0.097783 0.076199 
0.074312 0.124370 0.010119 0.458005 0.218238 0.027423 0.138358 0.091078 0.121108 0.141795 0.172451 0.081189 0.175725 0.120464 0.087782 0.020868 0.149174 -0.005296 0.077247 0.017688 0.347127 0.108309 0.045877 0.059774 0.269317 0.088327 -0.000035 0.050415 0.152031 0.076711 -0.029858 0.081109 0.066846 0.202533 0.113392 0.103875 1.000000 0.098678 0.100666 0.073800 0.165584 0.071872 0.348599 0.153529 0.179227 0.409893 0.169592 0.132431 0.093857 -0.034414 0.057953 0.086111 0.081607 0.850772 0.073811 0.122824 0.121259 0.507961 0.037301 0.074636 0.127581 0.179014 0.096802 0.158559 0.006275 0.094025 
0.079294 0.121111 0.069823 0.103155 0.108999 0.041084 0.120205 0.071214 0.057971 0.249597 -0.016379 0.097369 0.148437 0.090768 0.030279 0.065840 0.126129 0.170976 0.087201 0.134488 0.084810 0.060405 0.189806 0.029675 0.113220 0.028006 -0.018806 0.113480 0.026776 0.010844 -0.025388 0.056778 0.041803 0.276141 0.076364 0.103189 0.098678 1.000000 0.108751 0.343658 0.272517 0.465353 0.126506 0.164908 0.218267 0.171239 0.180983 0.338025 0.138486 0.462160 0.145485 -0.037074 0.095430 0.103287 0.127390 0.252001 0.227313 0.145600 0.114697 0.120396 0.147301 0.080437 0.244769 0.179816 0.735146 0.197158 
-0.035565 0.055391 0.098331 -0.012431 0.097632 0.398371 0.050127 -0.024990 0.074691 0.115598 -0.114069 0.208054 -0.042980 0.288446 0.068578 -0.020194 0.073274 0.069300 0.088902 0.018308 -0.056812 -0.005890 0.052804 0.005212 0.088341 0.521387 0.113134 0.069563 -0.061250 -0.025840 0.148540 0.131489 0.029979 -0.009843 0.018854 0.061650 0.100666 0.108751 1.000000 0.046409 0.020054 0.092429 0.130756 -0.003821 0.119017 0.071310 0.253796 0.099152 0.001235 -0.003640 0.091562 0.127272 0.018053 0.059535 -0.008450 0.093499 0.000922 0.129551 0.576527 0.093445 0.019995 -0.015125 -0.016964 -0.073784 0.187098 -0.021797 
0.045702 0.083798 0.053424 0.098840 0.143525 0.097268 0.216294 0.071925 0.122925 0.150319 0.104048 0.046766 0.144361 0.075341 0.129802 0.040646 0.241286 0.166943 0.029209 0.036645 0.086507 0.116049 0.059304 0.063537 0.132456 0.083307 0.021452 -0.006576 0.155441 0.055719 0.098549 0.145794 0.098845 0.277098 0.081039 0.017184 0.073800 0.343658 0.046409 1.000000 0.263399 0.675933 0.116047 0.447261 0.014847 0.623893 0.082395 0.459802 0.015639 0.590481 0.105291 -0.012793 0.021504 0.204505 0.056030 0.018376 0.063082 0.147996 0.050025 0.088456 0.107494 0.144990 0.150772 0.111893 0.375043 0.078774 
-0.042172 0.151123 0.041433 0.186186 0.134491 0.020387 0.127569 0.117818 0.078695 0.110380 0.135824 0.004534 0.166366 0.053030 0.027538 0.024790 0.118028 0.195312 0.003106 0.062375 0.158252 0.066502 0.041299 0.021364 0.110566 0.029440 -0.028627 0.032037 0.060615 -0.006938 0.049376 0.052876 0.042419 0.167648 0.076276 0.005747 0.165584 0.272517 0.020054 0.263399 1.000000 0.222608 0.383984 0.254416 0.121001 0.401778 0.096526 0.174153 0.061724 0.083154 0.144230 0.099116 0.161926 0.283971 0.057815 0.060789 0.054893 0.429706 0.015250 0.109929 0.084945 0.370281 0.095149 0.172738 0.222154 0.079420 
0.024045 0.149019 0.050340 0.043119 0.113702 0.070770 0.161173 0.048476 0.060226 0.189943 0.035955 0.030843 0.165649 0.041323 0.108766 0.082576 0.161240 0.132146 0.047372 0.014985 0.025008 0.092368 0.132105 0.066087 0.092464 0.096577 -0.041405 0.076153 0.030035 0.077920 0.024309 0.113827 0.131054 0.510776 0.111263 0.112125 0.071872 0.465353 0.092429 0.675933 0.222608 1.000000 0.085379 0.185902 0.073453 0.287148 0.116195 0.837579 0.056286 0.558815 0.041173 -0.066296 0.027604 0.115115 0.081335 0.125305 0.134634 0.107153 0.077823 0.111007 0.142102 0.083081 0.392573 0.137537 0.439108 0.183169 
0.151094 0.154381 0.064041 0.298748 0.387930 0.047509 0.246444 0.074505 0.273948 0.357310 0.101761 0.030791 0.064363 0.063403 0.311586 0.159334 0.386865 0.041485 0.021353 0.076749 0.204274 0.181345 0.165476 0.108125 0.348278 0.120692 0.098023 0.127780 0.096735 0.198055 0.039162 0.264898 0.138392 0.063540 0.130119 0.151414 0.348599 0.126506 0.130756 0.116047 0.383984 0.085379 1.000000 0.084045 0.183722 0.452823 0.164826 0.118479 0.287416 -0.039888 0.085899 0.154106 0.077212 0.466663 0.264249 0.389993 0.233535 0.864088 0.058161 0.204956 0.177902 0.537375 -0.045377 0.159630 0.056479 0.029121 
0.027233 0.052327 -0.002360 0.280347 0.085510 -0.008533 0.126729 0.163183 0.112627 0.150227 0.229974 0.063074 0.268028 0.056374 -0.004304 0.054029 0.062165 0.191559 0.023525 0.063956 0.304097 0.055928 0.021126 0.055341 0.218162 -0.004136 0.033527 -0.019869 0.255444 0.021647 0.062918 0.044575 0.072481 0.091065 0.116933 0.043746 0.153529 0.164908 -0.003821 0.447261 0.254416 0.185902 0.084045 1.000000 -0.031158 0.426897 -0.024566 0.130806 0.011319 0.184345 0.108199 0.022976 0.067968 0.308179 0.003754 -0.002838 0.010427 0.156475 0.024417 0.084968 0.101292 0.102200 0.024868 0.095014 0.166971 0.024575 
-0.068809 0.291677 0.066953 0.091728 0.125099 0.060556 0.058699 0.096392 0.120814 0.095412 -0.068803 0.128299 0.074166 0.161907 0.088490 0.005468 -0.023997 0.120928 0.062710 0.050778 0.090598 0.035802 0.086460 0.011541 0.039975 0.173766 0.006475 0.206402 0.062598 0.024132 -0.037817 0.048605 0.020887 0.077994 0.184861 0.081137 0.179227 0.218267 0.119017 0.014847 0.121001 0.073453 0.183722 -0.031158 1.000000 0.154498 0.733791 0.086400 0.073489 -0.005069 0.112475 0.354606 0.052658 0.177081 0.039466 0.106139 0.051309 0.182104 0.340506 0.076589 0.148123 0.097731 0.089034 0.139861 0.095569 0.086045 
0.119446 0.138092 0.085469 0.289321 0.199708 0.110868 0.172599 0.088394 0.172241 0.115534 0.167022 0.023305 0.129013 0.055207 0.154461 0.044633 0.290677 0.141103 0.006763 0.008038 0.239600 0.153571 0.043750 0.097749 0.182595 0.114177 0.036841 0.032856 0.166650 0.054413 0.101742 0.096892 0.064813 0.147700 0.110083 0.017769 0.409893 0.171239 0.071310 0.623893 0.401778 0.287148 0.452823 0.426897 0.154498 1.000000 0.146383 0.171045 0.062768 0.204308 0.138107 0.091153 0.103590 0.685583 0.118661 0.056697 0.088514 0.490752 0.064508 0.150828 0.099056 0.280200 0.000242 0.146834 0.164706 0.012506 
-0.041670 0.343139 0.140284 0.118411 0.208097 0.124059 0.121835 0.116250 0.167369 0.147498 -0.033666 0.273347 0.053728 0.429951 0.064315 0.041998 0.038380 0.182078 0.102434 0.035725 0.100436 0.044162 0.134903 0.027516 0.068440 0.229862 0.008222 0.240736 0.095163 0.015332 -0.028394 0.079726 0.077189 0.079017 0.230420 0.111115 0.169592 0.180983 0.253796 0.082395 0.096526 0.116195 0.164826 -0.024566 0.733791 0.146383 1.000000 0.121804 0.118575 0.012401 0.069616 0.249305 0.001202 0.142588 0.095555 0.161318 0.086375 0.132704 0.448790 0.062321 0.151692 0.094607 0.080079 0.106906 0.135429 0.070965 
0.037055 0.164130 0.062391 0.094629 0.139058 0.033913 0.135265 0.099690 0.085098 0.217903 0.067883 0.051161 0.241372 0.045584 0.093622 0.105086 0.157467 0.088151 0.080156 -0.013532 0.091825 0.089845 0.125463 0.091978 0.130362 0.078034 -0.058590 0.093658 0.044326 0.120318 0.015699 0.135851 0.206591 0.665868 0.099509 0.060238 0.132431 0.338025 0.099152 0.459802 0.174153 0.837579 0.118479 0.130806 0.086400 0.171045 0.121804 1.000000 0.065724 0.464610 0.096597 -0.013651 0.045034 0.119355 0.085879 0.136839 0.140189 0.112295 0.102041 0.159734 0.145768 0.082976 0.592687 0.180319 0.372043 0.351001 
0.081881 0.108704 0.162922 0.142901 0.208082 0.026881 0.147008 0.046479 0.114042 0.254221 -0.053483 0.014559 0.096278 0.086197 0.103654 0.614636 0.073948 0.021894 0.023816 0.082398 0.089053 0.168681 0.601788 0.316982 0.099616 -0.035220 -0.015479 0.354850 0.013603 0.122739 -0.070117 0.196592 0.127412 0.031834 0.113764 0.233750 0.093857 0.138486 0.001235 0.015639 0.061724 0.056286 0.287416 0.011319 0.073489 0.062768 0.118575 0.065724 1.000000 -0.007336 0.009839 0.040072 -0.022292 0.095460 0.728084 0.858114 0.791157 0.177906 0.019108 0.078387 0.341176 0.348811 0.067386 0.065938 0.140341 0.076586 
0.131738 -0.002928 0.048304 0.061479 0.109449 0.053009 0.243538 0.139273 0.077563 0.253118 0.068000 0.062563 0.211255 0.062112 0.082160 0.058500 0.262881 0.127631 -0.028975 0.019461 0.070512 0.105099 0.078563 0.058263 0.129738 -0.037149 -0.043815 -0.009107 0.107028 0.071396 0.089867 0.118840 0.190518 0.301477 -0.024215 -0.054531 -0.034414 0.462160 -0.003640 0.590481 0.083154 0.558815 -0.039888 0.184345 -0.005069 0.204308 0.012401 0.464610 -0.007336 1.000000 0.096408 -0.008860 0.038640 0.003151 -0.006979 -0.003342 0.032985 -0.005428 -0.022675 0.109818 -0.050870 0.065656 0.362285 0.077661 0.449684 0.269686 
0.042364 0.087332 0.038895 0.082288 0.059855 0.020654 0.088273 -0.003708 0.094907 0.116831 0.120726 0.190466 0.080791 0.161705 0.027629 0.020629 0.112640 0.161124 0.209114 0.044329 0.090897 0.042241 -0.000358 0.055705 0.117298 0.227816 0.035395 0.011704 0.111607 0.036271 -0.043867 0.047818 0.070416 0.126691 0.024821 0.113322 0.057953 0.145485 0.091562 0.105291 0.144230 0.041173 0.085899 0.108199 0.112475 0.138107 0.069616 0.096597 0.009839 0.096408 1.000000 0.130286 0.499979 0.088840 -0.013158 0.009881 -0.009972 0.131711 0.143115 0.040026 0.098297 0.137097 0.100345 0.114260 0.150048 0.104575 
0.008144 0.139303 0.040650 0.065784 0.138341 0.145971 0.067729 0.048122 0.105635 0.039259 0.008435 0.115414 0.090630 0.159922 0.099356 0.008299 0.103421 0.063793 0.043363 -0.043210 0.086820 0.040816 0.035638 0.036091 0.013188 0.138815 0.048189 0.088749 0.007433 0.088762 0.073594 0.169566 0.075132 0.080017 0.150061 0.068063 0.086111 -0.037074 0.127272 -0.012793 0.099116 -0.066296 0.154106 0.022976 0.354606 0.091153 0.249305 -0.013651 0.040072 -0.008860 0.130286 1.000000 0.196242 0.105884 -0.010575 0.067645 0.041408 0.122260 0.291253 0.092122 0.121067 0.099077 0.104123 0.092592 0.013110 0.109398 
0.065808 0.126965 0.033060 0.097390 -0.017470 -0.017236 0.013769 0.072863 0.051927 0.046295 0.081930 0.089572 0.118176 0.033468 0.022332 0.006220 0.073120 0.190315 0.170082 0.096936 0.104257 0.039221 -0.037907 0.044670 0.052551 0.097753 0.047157 0.023683 0.085237 0.032324 0.058184 0.072796 0.044010 0.103298 0.033058 0.018339 0.081607 0.095430 0.018053 0.021504 0.161926 0.027604 0.077212 0.067968 0.052658 0.103590 0.001202 0.045034 -0.022292 0.038640 0.499979 0.196242 1.000000 0.115593 -0.045877 -0.046095 -0.053110 0.120435 0.027489 0.153941 0.041505 0.113616 0.133589 0.186781 0.042222 0.167662 
0.104208 0.123355 0.007808 0.472716 0.205907 0.062411 0.137912 0.054959 0.130358 0.151977 0.229159 0.037461 0.194053 0.085839 0.103555 0.026763 0.215331 0.070664 0.050065 0.033881 0.376975 0.126864 0.028974 0.074940 0.255574 0.108409 0.011248 0.019886 0.150907 0.058149 -0.005000 0.061655 0.052448 0.155533 0.119927 0.087631 0.850772 0.103287 0.059535 0.204505 0.283971 0.115115 0.466663 0.308179 0.177081 0.685583 0.142588 0.119355 0.095460 0.003151 0.088840 0.105884 0.115593 1.000000 0.092446 0.099455 0.112942 0.625205 0.048482 0.104902 0.113560 0.268630 0.032847 0.155040 0.018245 0.059397 
0.042545 0.071393 0.170364 0.124791 0.194280 0.022675 0.149268 0.048538 0.059107 0.144654 -0.048801 0.025310 0.047580 0.043735 0.119728 0.414995 0.088172 0.012073 0.026838 0.064101 0.052328 0.095919 0.383898 0.182433 0.087049 -0.040605 0.008152 0.201947 0.033697 0.081971 -0.087095 0.212166 0.061187 0.057375 0.097196 0.146954 0.073811 0.127390 -0.008450 0.056030 0.057815 0.081335 0.264249 0.003754 0.039466 0.118661 0.095555 0.085879 0.728084 -0.006979 -0.013158 -0.010575 -0.045877 0.092446 1.000000 0.616328 0.868173 0.185665 -0.022709 0.196146 0.152747 0.501746 0.044607 0.119944 0.094713 0.054364 
0.115356 0.202228 0.228287 0.150208 0.342842 0.076579 0.247974 0.041494 0.247238 0.319692 -0.086541 0.018763 0.086821 0.081644 0.235997 0.571756 0.158569 -0.003682 0.040220 0.117090 0.092545 0.210471 0.698821 0.314078 0.123151 0.006737 0.038479 0.467053 0.008951 0.193749 -0.037576 0.295708 0.130919 0.043982 0.280295 0.359065 0.122824 0.252001 0.093499 0.018376 0.060789 0.125305 0.389993 -0.002838 0.106139 0.056697 0.161318 0.136839 0.858114 -0.003342 0.009881 0.067645 -0.046095 0.099455 0.616328 1.000000 0.719045 0.206259 0.047981 0.169869 0.497125 0.262408 0.060177 0.106251 0.229014 0.080599 
0.070496 0.079603 0.175916 0.119193 0.172851 0.069604 0.123126 0.033647 0.007851 0.160288 -0.078167 -0.030614 0.062290 0.025912 0.127132 0.414522 0.094515 -0.022124 0.024906 0.063287 0.048379 0.092789 0.417118 0.176015 0.087333 -0.037524 0.009926 0.260782 -0.000144 0.117883 -0.102360 0.238015 0.102650 0.121669 0.088569 0.258763 0.121259 0.227313 0.000922 0.063082 0.054893 0.134634 0.233535 0.010427 0.051309 0.088514 0.086375 0.140189 0.791157 0.032985 -0.009972 0.041408 -0.053110 0.112942 0.868173 0.719045 1.000000 0.180702 -0.011988 0.209212 0.214456 0.376389 0.127217 0.140273 0.183829 0.130286 
0.094243 0.121487 -0.036504 0.326377 0.268317 0.071727 0.169678 0.059045 0.142815 0.317651 0.103381 0.018642 0.075322 0.072740 0.196249 0.045058 0.292765 0.092191 0.030287 0.083906 0.207702 0.154585 0.030751 0.061938 0.388510 0.131540 0.097368 0.023044 0.109870 0.128658 0.032394 0.175318 0.121436 0.106263 0.096450 0.145551 0.507961 0.145600 0.129551 0.147996 0.429706 0.107153 0.864088 0.156475 0.182104 0.490752 0.132704 0.112295 0.177906 -0.005428 0.131711 0.122260 0.120435 0.625205 0.185665 0.206259 0.180702 1.000000 0.046790 0.191221 0.100997 0.572922 0.005974 0.162914 0.058192 0.066016 
-0.009466 0.049781 0.137300 0.005660 0.094375 0.295437 0.040604 0.034328 0.108757 0.115176 -0.113607 0.218927 0.018646 0.339471 0.059824 -0.018637 0.043225 0.260922 0.058943 0.049882 0.028057 0.033869 0.029059 0.018693 0.060520 0.616504 0.079417 0.025281 0.035042 0.029209 0.101081 0.071830 0.094974 0.046537 0.070260 0.019503 0.037301 0.114697 0.576527 0.050025 0.015250 0.077823 0.058161 0.024417 0.340506 0.064508 0.448790 0.102041 0.019108 -0.022675 0.143115 0.291253 0.027489 0.048482 -0.022709 0.047981 -0.011988 0.046790 1.000000 0.028738 0.017095 -0.023468 0.037551 -0.048123 0.063961 0.031309 
0.004582 0.111422 0.153876 0.095178 0.066285 0.063375 0.035885 0.100652 0.086347 0.167603 -0.021760 0.068601 0.055224 0.020501 0.111888 0.124603 0.027868 0.112065 0.091669 0.092126 0.065190 0.148220 0.163229 0.140339 0.108025 -0.024492 0.087429 0.124038 0.050852 0.028053 0.050449 0.097536 -0.012684 0.040783 0.286156 -0.020278 0.074636 0.120396 0.093445 0.088456 0.109929 0.111007 0.204956 0.084968 0.076589 0.150828 0.062321 0.159734 0.078387 0.109818 0.040026 0.092122 0.153941 0.104902 0.196146 0.169869 0.209212 0.191221 0.028738 1.000000 0.208995 0.229544 0.063251 0.187735 0.071621 0.095201 
0.068128 0.380850 0.039647 0.122990 0.208879 0.020548 0.202313 0.060342 0.194725 0.125815 0.004228 0.103796 0.156982 0.094953 0.171108 0.182066 0.182352 0.014064 0.072115 0.078792 0.122920 0.048650 0.323272 0.099545 0.101856 0.006601 0.021304 0.332694 0.066976 0.173687 -0.058084 0.198305 0.094901 0.126708 0.773459 0.404131 0.127581 0.147301 0.019995 0.107494 0.084945 0.142102 0.177902 0.101292 0.148123 0.099056 0.151692 0.145768 0.341176 -0.050870 0.098297 0.121067 0.041505 0.113560 0.152747 0.497125 0.214456 0.100997 0.017095 0.208995 1.000000 0.077686 0.109628 0.191753 0.126191 0.131801 
0.099400 0.110077 0.058020 0.160072 0.238369 -0.001595 0.211692 0.055128 0.144257 0.138059 0.047523 0.024090 0.060372 0.049687 0.198321 0.248542 0.201401 0.114074 -0.048818 0.041714 0.090871 0.169471 0.150557 0.194304 0.113485 0.034895 -0.001197 0.042962 0.062042 0.162606 0.047927 0.205576 0.153911 0.072747 0.118664 0.053940 0.179014 0.080437 -0.015125 0.144990 0.370281 0.083081 0.537375 0.102200 0.097731 0.280200 0.094607 0.082976 0.348811 0.065656 0.137097 0.099077 0.113616 0.268630 0.501746 0.262408 0.376389 0.572922 -0.023468 0.229544 0.077686 1.000000 -0.015979 0.187722 0.052513 0.036700 
0.056226 0.127172 -0.015549 0.022175 0.036703 0.001205 0.064941 0.182831 0.024139 0.211362 -0.030249 0.067376 0.147472 0.057298 0.005243 0.081229 0.136575 0.033883 0.098537 0.043311 0.028888 0.065337 0.106283 0.090690 0.078906 0.056139 0.033847 0.063458 0.025126 0.092265 0.042126 0.068960 0.197365 0.782005 0.074871 0.052309 0.096802 0.244769 -0.016964 0.150772 0.095149 0.392573 -0.045377 0.024868 0.089034 0.000242 0.080079 0.592687 0.067386 0.362285 0.100345 0.104123 0.133589 0.032847 0.044607 0.060177 0.127217 0.005974 0.037551 0.063251 0.109628 -0.015979 1.000000 0.392233 0.286554 0.803636 
0.030042 0.151850 0.031674 0.154624 0.140359 -0.083832 0.176720 0.162328 0.111440 0.047326 0.116503 0.048193 0.183351 0.007991 0.083185 0.041102 0.136075 0.076108 0.050935 -0.008422 0.148031 0.010357 0.075505 0.010466 0.053437 -0.038920 -0.065043 0.114622 0.038215 0.102586 0.023580 0.105025 0.127676 0.347914 0.167889 0.045861 0.158559 0.179816 -0.073784 0.111893 0.172738 0.137537 0.159630 0.095014 0.139861 0.146834 0.106906 0.180319 0.065938 0.077661 0.114260 0.092592 0.186781 0.155040 0.119944 0.106251 0.140273 0.162914 -0.048123 0.187735 0.191753 0.187722 0.392233 1.000000 0.067231 0.590249 
0.047212 0.090311 0.121124 0.065529 0.115951 0.046525 0.143526 0.075495 0.117134 0.274471 -0.008277 0.061338 0.124134 0.058463 -0.019923 0.149415 0.112134 0.109027 0.046202 0.072085 0.028993 0.135507 0.248436 0.093789 0.109935 0.048069 -0.018903 0.142151 0.018887 -0.011886 0.036314 0.027653 0.062316 0.279733 0.047206 0.097783 0.006275 0.735146 0.187098 0.375043 0.222154 0.439108 0.056479 0.166971 0.095569 0.164706 0.135429 0.372043 0.140341 0.449684 0.150048 0.013110 0.042222 0.018245 0.094713 0.229014 0.183829 0.058192 0.063961 0.071621 0.126191 0.052513 0.286554 0.067231 1.000000 0.142671 
0.065404 0.140487 0.012832 0.015585 0.052523 0.037367 0.110601 0.147477 0.042798 0.154337 -0.025294 0.073401 0.124818 0.072546 0.039736 0.044196 0.202362 0.046598 0.107875 0.060525 0.019634 0.058670 0.072983 0.060166 0.071483 0.081880 0.037392 0.067018 0.008558 0.103463 0.052759 0.112440 0.176745 0.485575 0.132217 0.076199 0.094025 0.197158 -0.021797 0.078774 0.079420 0.183169 0.029121 0.024575 0.086045 0.012506 0.070965 0.351001 0.076586 0.269686 0.104575 0.109398 0.167662 0.059397 0.054364 0.080599 0.130286 0.066016 0.031309 0.095201 0.131801 0.036700 0.803636 0.590249 0.142671 1.000000 
