0.000000000000000000e+00 9.012949280682297851e-03 1.769787094456333129e-02 1.360533591589996663e-02 1.144972586263453065e-02 1.719801933800902891e-02 4.389321920054983436e-03 6.576172698730064180e-03 2.129055436667239357e-02 2.296193317608834824e-03 1.373029881753854396e-02 2.019712897733485363e-02 5.857636014308251898e-03 1.551102016588825142e-02 1.463627985441821877e-02 4.389321920054983436e-03 4.233118293006763941e-03 1.232446617410456330e-02 1.888501851012980640e-02 2.514878395476342985e-03 9.231634358549805144e-03 8.856745653634076620e-03 4.701729174151424162e-03 1.827582436464174603e-03 5.638950936440743737e-03 1.001265249379090609e-02 6.888579952826504905e-03 7.950764616754401812e-03 3.108452178259579236e-03 3.733266686452459387e-03 4.233118293006763941e-03 3.233415079898155266e-03 1.921304612693106734e-03 3.920711038910323215e-03 8.138208969212265206e-03 8.825504928224432721e-03 8.075727518392977408e-03 1.279307705524922352e-02 4.826692075789999758e-03 2.967868913916181257e-04 1.104359643230915823e-02 5.670191661850388504e-03 2.077508239741326663e-03 1.077805026632718422e-03 1.101235570689951433e-02 3.452100157765663428e-03 1.435511332573142368e-02 1.827582436464174603e-03 2.858526374982427176e-03 7.325950108561521228e-03 1.921304612693106734e-03 5.888876739717896665e-03 4.233118293006763941e-03 2.171230415970258794e-03 4.170636842187475275e-03 4.920414252018931456e-03 7.419672284790452925e-03 5.139099329886439617e-03 3.202174354488511367e-03 2.171230415970258794e-03 1.265249379090582467e-03 1.608897358596666658e-03 5.420265858573236444e-03 4.201877567597119174e-03 7.388431559380809026e-03 1.007513394461019389e-02 
9.012949280682297851e-03 0.000000000000000000e+00 3.514581608584951226e-03 2.108748965150970996e-03 9.981411768381262192e-03 7.888283165935112279e-03 1.269935487902029009e-02 2.358674768428123056e-03 7.982005342164045711e-03 1.519861291179181242e-02 6.513691247910776382e-03 3.108452178259579236e-03 3.795748137271747619e-03 2.202471141379902693e-03 8.950467829863010052e-03 1.890063887283462618e-03 1.351161373967103493e-02 2.269638701010637596e-02 6.076321092175760059e-03 2.750745872319155377e-02 8.278792233555663620e-04 4.701729174151424162e-03 1.063746700198378581e-02 1.098111498148987043e-02 1.373029881753854396e-02 7.794560989706180582e-03 1.560474234211718311e-02 1.869757415767193953e-02 5.420265858573236444e-03 1.216826254705634207e-02 1.109045752042362321e-03 4.889173526609287557e-03 1.151220731345381845e-02 1.035630047329699072e-02 8.294412596260484702e-03 1.169965166591168185e-02 1.416766897327355855e-02 3.389618706946375196e-03 2.483637670066699086e-03 1.619831612490042066e-02 9.981411768381262192e-03 2.016588825192520973e-02 2.313375716584139055e-02 7.482153735609740723e-03 5.670191661850388504e-03 2.532060794451647043e-02 1.510489073556287899e-02 2.197785032568456282e-02 6.982302129055436603e-03 1.282431778065886742e-02 1.201205892000812257e-02 5.232821506115372182e-03 1.702619534825598573e-03 6.404348708977022084e-04 2.639841297114919015e-03 8.200690420031553005e-03 2.452396944657054753e-03 1.494868710851465950e-02 4.514284821693559900e-03 1.327730829909870482e-03 3.920711038910323215e-03 7.341570471266342310e-04 1.157468876427310625e-02 2.327434043018478723e-03 1.796341711054530704e-03 1.410518752245427075e-02 
1.769787094456333129e-02 3.514581608584951226e-03 0.000000000000000000e+00 1.391774316999640736e-02 7.638357362657961086e-03 3.702025961042815488e-03 1.046564301223074306e-03 4.326840469235695638e-03 8.169449694621909105e-03 2.044705478061200482e-02 1.020009684624876949e-02 2.702322747934207247e-03 3.905090676205501482e-04 1.546415907777378643e-03 3.592683422109061407e-04 3.639544510223527256e-03 1.632327902653899626e-02 2.997547603055342874e-02 1.704181571096080941e-02 3.119386432152954428e-02 9.419078711007670274e-03 1.023133757165841339e-02 6.732376325778284543e-03 2.639841297114919015e-03 2.488323778878145584e-02 8.606819850356925428e-03 9.762726690513753164e-03 6.638654149549352845e-03 1.157468876427310625e-02 4.545525547103203799e-03 8.513097674127993730e-03 3.202174354488511367e-03 6.170043268404692624e-03 1.507365001015323509e-02 7.138505756103656966e-03 1.210578109623705427e-02 2.796044924163138944e-03 6.107561817585403958e-03 1.265249379090582467e-03 7.888283165935112279e-03 1.310548430934566251e-02 1.376153954294818786e-02 2.122807291585310577e-02 8.169449694621909105e-03 2.202471141379902693e-03 1.597963104703291337e-02 6.404348708977022084e-04 1.732298223964760450e-02 1.348037301426139103e-02 8.263171870850840803e-03 1.765100985644886588e-03 1.515175182367734527e-03 2.764804198753495045e-03 4.764210624970711960e-03 7.794560989706180582e-03 5.795154563488964100e-03 8.919227104453366153e-03 1.960355519455161608e-02 5.201580780705728282e-03 6.076321092175760059e-03 5.607710211031099838e-03 5.779534200784141934e-04 1.657320482981614745e-02 1.210578109623705427e-02 3.592683422109061407e-04 1.063746700198378581e-02 
1.360533591589996663e-02 2.108748965150970996e-03 1.391774316999640736e-02 0.000000000000000000e+00 1.119980005935737773e-02 1.091863353067058263e-02 8.981708555272653952e-03 1.260563270279135839e-02 1.997844389946734633e-02 1.985348099782877074e-02 3.264655805307799166e-03 1.554226089129789531e-02 3.389618706946375196e-03 1.960355519455161608e-02 1.144972586263453065e-02 2.639841297114919015e-03 2.608600571705275116e-03 1.769787094456333129e-02 1.238694762492385110e-02 3.592683422109061407e-04 3.389618706946375196e-03 1.202767928271294452e-03 4.670488448741779396e-03 1.109045752042362321e-03 1.526109436261110022e-02 1.760414876833439959e-02 7.794560989706180582e-03 9.528421249941423921e-04 9.793967415923397063e-03 1.391774316999640736e-02 2.952248551211359307e-03 8.575579124947281529e-03 1.733860260235242689e-03 6.357487620862556019e-03 4.639247723332135497e-03 9.606523063465533668e-03 4.670488448741779396e-03 1.451131695277964317e-02 4.732969899561068061e-03 3.545822333994595559e-03 6.638654149549352845e-03 7.653977725362782385e-04 5.467126946687701858e-04 6.451209797091488583e-03 1.116855933394773383e-02 2.608600571705275116e-03 1.876005560849123080e-02 9.544041612646245870e-03 2.108748965150970996e-03 1.234008653680938568e-03 1.016885612083912559e-02 5.826395288898607999e-03 1.296490104500226583e-03 1.796341711054530704e-03 7.419672284790452925e-03 4.139396116777831376e-03 4.545525547103203799e-03 1.483934456958090628e-03 2.157172089535918866e-02 1.129352223558631116e-02 1.046564301223074306e-03 2.077508239741326663e-03 1.234008653680938568e-03 6.091941454880582009e-04 1.407394679704462685e-02 1.921304612693106734e-03 
1.144972586263453065e-02 9.981411768381262192e-03 7.638357362657961086e-03 1.119980005935737773e-02 0.000000000000000000e+00 2.639841297114919015e-03 1.546415907777378643e-03 5.732673112669676302e-03 6.107561817585403958e-03 4.358081194645339537e-03 1.929114794045517708e-02 1.640138084006310558e-03 5.295302956934659980e-03 4.264359018416407840e-03 2.967868913916181257e-04 5.982598915946828362e-03 1.198081819459847867e-02 4.358081194645339537e-03 1.718239897530420685e-04 8.794264202814788822e-03 9.544041612646245870e-03 2.358674768428123056e-03 8.856745653634076620e-03 6.638654149549352845e-03 2.921007825801714974e-03 1.157468876427310625e-02 2.764804198753495045e-03 1.282431778065886742e-02 6.982302129055436603e-03 1.093425389337540399e-04 3.280276168012621332e-04 2.139989690560614895e-03 1.983786063512394966e-03 2.482075633796216804e-02 1.279307705524922352e-02 2.639841297114919015e-03 5.545228760211812040e-03 1.744794514128618010e-02 2.546119120885986884e-03 2.344616441993782954e-02 5.201580780705728282e-03 2.154048016994954476e-02 3.545822333994595559e-03 2.015026788922038865e-03 8.294412596260484702e-03 3.452100157765663428e-03 5.982598915946828362e-03 2.494571923960074364e-02 1.148096658804417455e-02 1.907246286258766979e-02 2.827285649572783277e-03 1.327730829909870482e-03 2.046267514331682764e-03 5.467126946687701858e-04 1.151220731345381845e-02 1.804151892406941765e-02 4.920414252018931456e-03 2.452396944657054753e-03 7.825801715115824481e-03 4.295599743826051739e-03 1.241818835033349500e-02 1.091863353067058263e-02 1.404270607163498295e-02 1.126228151017666552e-02 1.979099954700948294e-02 1.241818835033349500e-02 
1.719801933800902891e-02 7.888283165935112279e-03 3.702025961042815488e-03 1.091863353067058263e-02 2.639841297114919015e-03 0.000000000000000000e+00 1.054374482575485411e-02 1.104359643230915823e-02 3.702025961042815488e-03 2.343054405723300835e-04 4.233118293006763941e-03 9.419078711007670274e-03 3.139692903669223135e-03 1.394898389540605126e-02 8.013246067573689610e-03 8.591199487652103695e-04 2.572673737484184459e-02 1.722926006341867280e-02 8.450616223308705932e-03 1.265249379090582467e-03 1.016885612083912559e-02 1.182461456755025918e-02 2.389915493837766955e-03 5.014136428247864020e-03 1.113731860853808993e-02 4.045673940548899679e-03 3.577063059404239458e-03 2.827285649572783277e-03 5.139099329886439617e-03 1.435511332573142368e-02 2.163420234617847993e-02 1.483934456958090628e-03 2.022836970274449753e-02 2.229025757978100181e-02 8.169449694621909105e-03 4.529905184398381633e-04 6.576172698730064180e-03 5.795154563488964100e-03 4.295599743826051739e-03 2.279010918633530766e-02 5.451506583982880343e-03 1.794779674784048595e-02 1.622955685031006456e-02 9.044190006091941750e-03 5.326543682344303879e-03 1.363657664130961053e-02 3.764507411862103286e-03 1.407394679704462685e-02 6.045080366766116160e-03 1.604211249785220117e-02 8.731782751995501024e-03 3.295896530717443065e-03 4.483044096283916001e-03 1.562036270482200715e-05 7.575875911838673288e-03 7.810181352411003236e-05 9.075430731501585649e-03 9.387837985598026375e-03 9.528421249941423921e-04 2.233711866789547026e-03 7.029163217169902235e-04 2.030647151626860760e-04 8.887986379043722254e-03 5.295302956934659980e-03 5.982598915946828362e-03 3.702025961042815488e-03 
4.389321920054983436e-03 1.269935487902029009e-02 1.046564301223074306e-03 8.981708555272653952e-03 1.546415907777378643e-03 1.054374482575485411e-02 0.000000000000000000e+00 6.857339227416861006e-03 1.093425389337540399e-04 3.295896530717443065e-03 2.238397975600993350e-02 3.764507411862103286e-03 5.357784407753947778e-03 1.796341711054530704e-03 2.296193317608834824e-03 4.920414252018931456e-03 5.920117465127540564e-03 5.545228760211812040e-03 2.858526374982427176e-03 6.419969071681844684e-03 1.444883550196035538e-02 5.763913838079320201e-03 5.732673112669676302e-03 6.295006170043268220e-03 3.327137256127087397e-03 1.140286477452006437e-03 1.140286477452006437e-03 2.639841297114919015e-03 3.295896530717443065e-03 1.890063887283462618e-03 4.108155391368187477e-03 4.920414252018931456e-03 2.421156219247410854e-03 1.385526171917711956e-02 1.073118917821271751e-02 2.889767100392071075e-03 7.388431559380809026e-03 1.391774316999640736e-02 2.264952592199190925e-03 3.764507411862103286e-03 3.452100157765663428e-03 1.891625923553945030e-02 2.358674768428123056e-03 9.575282338055889769e-03 1.235570689951420720e-02 6.357487620862556019e-03 1.429263187491213588e-02 1.069994845280307361e-02 6.701135600368640644e-03 6.576172698730064180e-03 6.451209797091488583e-03 2.983489276621003206e-03 2.077508239741326663e-03 5.670191661850388504e-03 1.157468876427310625e-02 7.638357362657961086e-03 7.888283165935112279e-03 3.295896530717443065e-03 1.390212280729158497e-03 1.045002264952592241e-02 1.157468876427310625e-02 1.104359643230915823e-02 5.920117465127540564e-03 1.171527202861650553e-03 1.851012980521407614e-02 3.764507411862103286e-03 
6.576172698730064180e-03 2.358674768428123056e-03 4.326840469235695638e-03 1.260563270279135839e-02 5.732673112669676302e-03 1.104359643230915823e-02 6.857339227416861006e-03 0.000000000000000000e+00 4.764210624970711960e-03 4.529905184398381633e-04 1.738546369046689230e-02 1.952545338102750850e-03 1.073118917821271751e-02 4.982895702838220121e-03 1.182461456755025918e-02 5.467126946687701858e-04 5.467126946687701858e-04 1.201205892000812257e-02 3.514581608584951226e-03 1.194957746918883477e-02 1.557350161670753921e-02 1.952545338102750850e-03 7.653977725362782385e-04 7.029163217169902235e-04 7.732079538886892783e-03 1.341789156344210324e-02 6.170043268404692624e-03 6.013839641356472261e-03 1.119980005935737773e-02 1.088739280526093874e-02 1.038754119870663462e-02 9.106671456911229548e-03 3.295896530717443065e-03 3.264655805307799166e-03 1.546415907777378643e-03 1.104359643230915823e-02 1.066870772739342971e-02 5.982598915946828362e-03 3.905090676205501482e-04 3.577063059404239458e-03 3.202174354488511367e-03 6.107561817585403958e-03 3.889470313500679316e-03 9.106671456911229548e-03 1.640138084006310558e-03 6.138802542995048725e-03 7.044783579874724401e-03 6.669894874958996744e-03 5.638950936440743737e-03 1.546415907777378643e-03 1.219950327246598597e-02 1.577656633187022543e-03 5.107858604476795718e-03 1.304300285852637471e-02 5.451506583982880343e-03 9.169152907730517346e-03 1.244942907574313889e-02 3.045970727440291004e-03 6.763617051187928442e-03 8.200690420031553005e-03 2.296193317608834824e-03 4.295599743826051739e-03 2.030647151626860760e-04 1.671378809415954673e-03 2.952248551211359307e-03 5.014136428247864020e-03 
2.129055436667239357e-02 7.982005342164045711e-03 8.169449694621909105e-03 1.997844389946734633e-02 6.107561817585403958e-03 3.702025961042815488e-03 1.093425389337540399e-04 4.764210624970711960e-03 0.000000000000000000e+00 2.983489276621003206e-03 1.638576047735828406e-02 7.700838813477248884e-03 3.858229588091035417e-03 9.700245239694465366e-03 1.694809353473187771e-02 4.389321920054983436e-03 1.860385198144300783e-02 1.569846451834611481e-02 1.610459394867148897e-02 2.547681157156469339e-02 1.369905809212890006e-02 9.950171042971618293e-03 6.201283993814336523e-03 3.170933629078867035e-03 1.213702182164669817e-02 1.413642824786391465e-02 1.635451975194864016e-02 9.762726690513753164e-03 1.313672503475530641e-02 1.676064918227401085e-02 2.827285649572783277e-03 6.513691247910776382e-03 8.825504928224432721e-03 2.628907043221543477e-02 7.513394461019384622e-03 4.576766272512847698e-03 5.482747309392524242e-03 2.541433012074540213e-02 3.733266686452459387e-03 2.378981239944391590e-02 3.358377981536731297e-03 2.700760711663724792e-02 1.079367062903200530e-02 1.063746700198378581e-02 6.013839641356472261e-03 1.207454037082741037e-02 6.451209797091488583e-03 2.778862525187834887e-02 1.351161373967103493e-02 2.154048016994954476e-02 3.951951764319967114e-03 4.670488448741779396e-03 9.216013995844983845e-04 1.219950327246598597e-02 8.044486792983333509e-03 1.432387260032177978e-02 5.076617879067151819e-03 4.982895702838220121e-03 2.827285649572783277e-03 8.731782751995501024e-03 2.202471141379902693e-03 6.919820678236148805e-03 1.763538949374404349e-02 4.670488448741779396e-03 2.191536887486527502e-02 9.856448866742686596e-03 
2.296193317608834824e-03 1.519861291179181242e-02 2.044705478061200482e-02 1.985348099782877074e-02 4.358081194645339537e-03 2.343054405723300835e-04 3.295896530717443065e-03 4.529905184398381633e-04 2.983489276621003206e-03 0.000000000000000000e+00 1.101235570689951433e-02 4.358081194645339537e-03 1.591714959621362557e-02 4.451803370874272102e-03 1.435511332573142368e-02 7.044783579874724401e-03 9.387837985598026375e-03 1.045002264952592241e-02 1.390212280729158497e-03 6.888579952826504905e-03 2.216529467814242621e-02 7.294709383151876461e-03 1.554226089129789531e-02 3.577063059404239458e-03 2.388353457567284760e-02 3.702025961042815488e-03 5.451506583982880343e-03 1.229322544869491940e-02 2.671082022524562914e-03 1.091863353067058263e-02 1.301176213311673081e-02 3.045970727440291004e-03 6.857339227416861006e-03 1.866633343226229563e-02 3.795748137271747619e-03 1.248066980115278279e-02 3.920711038910323215e-03 1.819772255111763715e-02 6.201283993814336523e-03 1.804151892406941765e-02 8.887986379043722254e-03 1.829144472734656884e-02 6.076321092175760059e-03 3.795748137271747619e-03 1.109045752042362321e-03 8.200690420031553005e-03 5.607710211031099838e-03 1.604211249785220117e-02 1.796341711054530704e-03 1.972851809619019514e-02 3.108452178259579236e-03 3.139692903669223135e-03 9.106671456911229548e-03 5.638950936440743737e-03 6.482450522501132482e-03 1.827582436464174603e-03 7.966384979459223544e-04 7.341570471266342310e-04 4.842312438494821708e-04 4.701729174151424162e-03 4.264359018416407840e-03 2.202471141379902693e-03 1.210578109623705427e-02 5.763913838079320201e-03 8.544338399537637629e-03 7.544635186429028521e-03 
1.373029881753854396e-02 6.513691247910776382e-03 1.020009684624876949e-02 3.264655805307799166e-03 1.929114794045517708e-02 4.233118293006763941e-03 2.238397975600993350e-02 1.738546369046689230e-02 1.638576047735828406e-02 1.101235570689951433e-02 0.000000000000000000e+00 5.545228760211812040e-03 1.198081819459847867e-02 1.045002264952592241e-02 1.454255767818928707e-02 2.514878395476342985e-03 4.545525547103203799e-03 1.494868710851465950e-02 1.515175182367734527e-03 7.107265030694013067e-03 1.179337384214061528e-02 1.765100985644886588e-03 7.763320264296536682e-03 8.591199487652103695e-04 3.233415079898155266e-03 1.541729798965931972e-02 9.216013995844983845e-04 4.670488448741779396e-03 9.356597260188380741e-03 2.225901685437135791e-02 1.379278026835783176e-02 5.638950936440743737e-03 8.138208969212265206e-03 4.420562645464627335e-03 3.608303784813883357e-03 9.669004514284821467e-03 1.163717021509239405e-02 1.819772255111763715e-02 6.045080366766116160e-03 2.546119120885986884e-03 1.638576047735828406e-02 6.451209797091488583e-03 1.515175182367734527e-03 1.073118917821271751e-02 1.985348099782877074e-02 7.653977725362782385e-04 2.463331198550430465e-02 3.858229588091035417e-03 3.951951764319967114e-03 5.607710211031099838e-03 5.670191661850388504e-03 1.890063887283462618e-03 1.466752057982786440e-02 9.262875083959449043e-03 5.232821506115372182e-03 8.419375497899062033e-03 4.358081194645339537e-03 5.326543682344303879e-03 1.204329964541776647e-02 6.263765444633624321e-03 3.639544510223527256e-03 6.263765444633624321e-03 7.107265030694013067e-03 3.264655805307799166e-03 7.982005342164045711e-03 1.079367062903200530e-02 
2.019712897733485363e-02 3.108452178259579236e-03 2.702322747934207247e-03 1.554226089129789531e-02 1.640138084006310558e-03 9.419078711007670274e-03 3.764507411862103286e-03 1.952545338102750850e-03 7.700838813477248884e-03 4.358081194645339537e-03 5.545228760211812040e-03 0.000000000000000000e+00 6.763617051187928442e-03 1.076242990362236140e-02 5.045377153657507920e-03 3.170933629078867035e-03 1.126228151017666552e-02 1.913494431340695759e-02 1.691685280932223381e-02 1.822896327652728105e-02 1.488620565769537170e-02 4.701729174151424162e-03 1.858823161873818719e-03 6.388728346272200785e-03 1.194957746918883477e-02 1.421453006138802613e-03 3.577063059404239458e-03 1.358971555319514598e-03 1.307424358393601861e-02 1.048126337493556631e-02 6.919820678236148805e-03 7.450913010200096824e-03 8.044486792983333509e-03 4.920414252018931456e-03 1.890063887283462618e-03 6.357487620862556019e-03 3.592683422109061407e-04 1.410518752245427075e-02 4.920414252018931456e-03 2.591418172729970798e-02 8.591199487652103695e-04 1.860385198144300783e-02 7.341570471266342310e-04 4.670488448741779396e-03 1.051250410034521021e-02 1.810400037488870545e-02 8.513097674127993730e-03 8.231931145441196904e-03 3.545822333994595559e-03 1.716677861259938501e-02 6.716755963073462159e-04 3.233415079898155266e-03 7.076024305284368300e-03 9.950171042971618293e-03 3.139692903669223135e-03 3.389618706946375196e-03 6.716755963073462159e-04 2.889767100392071075e-03 1.327730829909870482e-03 3.764507411862103286e-03 5.154719692591261783e-04 7.825801715115824481e-03 4.389321920054983436e-03 3.077211452849935337e-03 1.007513394461019389e-02 1.140286477452006437e-03 
5.857636014308251898e-03 3.795748137271747619e-03 3.905090676205501482e-04 3.389618706946375196e-03 5.295302956934659980e-03 3.139692903669223135e-03 5.357784407753947778e-03 1.073118917821271751e-02 3.858229588091035417e-03 1.591714959621362557e-02 1.198081819459847867e-02 6.763617051187928442e-03 0.000000000000000000e+00 1.672940845686436695e-02 9.294115809369092943e-03 5.154719692591261783e-04 8.200690420031553005e-03 1.045002264952592241e-02 2.030647151626860760e-04 4.483044096283916001e-03 7.450913010200096824e-03 3.420859432356019095e-03 6.388728346272200785e-03 4.264359018416407840e-03 1.704181571096080941e-02 1.023133757165841339e-02 6.857339227416861006e-03 1.390212280729158497e-03 5.389025133163591677e-03 8.231931145441196904e-03 1.109045752042362321e-03 3.795748137271747619e-03 2.327434043018478723e-03 2.796044924163138944e-03 4.139396116777831376e-03 4.686108811446601806e-05 1.829144472734656884e-02 1.632327902653899626e-02 8.419375497899062033e-03 6.045080366766116160e-03 6.013839641356472261e-03 5.467126946687701858e-04 2.952248551211359307e-03 5.545228760211812040e-03 9.762726690513753164e-03 1.202767928271294452e-03 1.754166731751511180e-02 9.762726690513753164e-03 2.389915493837766955e-03 1.483934456958090628e-03 1.132476296099595506e-02 4.483044096283916001e-03 8.575579124947281529e-03 1.616707539949077677e-02 5.420265858573236444e-03 3.264655805307799166e-03 3.108452178259579236e-03 1.562036270482200715e-05 9.918930317561974394e-03 1.098111498148987043e-02 4.920414252018931456e-03 4.358081194645339537e-03 8.278792233555663620e-04 5.670191661850388504e-03 4.795451350380355859e-03 4.014433215139255780e-03 
1.551102016588825142e-02 2.202471141379902693e-03 1.546415907777378643e-03 1.960355519455161608e-02 4.264359018416407840e-03 1.394898389540605126e-02 1.796341711054530704e-03 4.982895702838220121e-03 9.700245239694465366e-03 4.451803370874272102e-03 1.045002264952592241e-02 1.076242990362236140e-02 1.672940845686436695e-02 0.000000000000000000e+00 2.639841297114919015e-03 2.546119120885986884e-03 1.323044721098423984e-02 1.738546369046689230e-02 1.426139114950249198e-02 1.023133757165841339e-02 1.616707539949077677e-02 1.360533591589996663e-02 4.420562645464627335e-03 1.301176213311673081e-02 9.137912182320873447e-03 4.389321920054983436e-03 3.014730002030647105e-03 2.108748965150970996e-03 1.438635405114106758e-02 9.606523063465533668e-03 6.638654149549352845e-03 7.794560989706180582e-03 1.138724441181524286e-02 9.731485965104109265e-03 4.326840469235695638e-03 1.390212280729158497e-03 1.733860260235242689e-03 7.013542854465080502e-03 4.639247723332135497e-03 2.307127571502210275e-02 2.139989690560614895e-03 1.488620565769537170e-02 8.419375497899062033e-03 1.733860260235242689e-03 1.273059560442993572e-02 1.601087177244255727e-02 6.451209797091488583e-03 1.719801933800902891e-02 3.077211452849935337e-03 1.551102016588825142e-02 1.608897358596666658e-03 5.826395288898607999e-03 1.265249379090582467e-03 9.075430731501585649e-03 1.718239897530420685e-04 4.701729174151424162e-03 4.014433215139255780e-03 4.139396116777831376e-03 1.718239897530420685e-04 4.326840469235695638e-03 3.014730002030647105e-03 2.702322747934207247e-03 3.795748137271747619e-03 1.952545338102750850e-03 2.702322747934207247e-03 2.389915493837766955e-03 
1.463627985441821877e-02 8.950467829863010052e-03 3.592683422109061407e-04 1.144972586263453065e-02 2.967868913916181257e-04 8.013246067573689610e-03 2.296193317608834824e-03 1.182461456755025918e-02 1.694809353473187771e-02 1.435511332573142368e-02 1.454255767818928707e-02 5.045377153657507920e-03 9.294115809369092943e-03 2.639841297114919015e-03 0.000000000000000000e+00 4.295599743826051739e-03 1.679188990768365475e-02 1.213702182164669817e-02 8.356894047079772500e-03 5.763913838079320201e-03 1.248066980115278279e-02 1.382402099376747566e-02 1.718239897530420685e-04 4.358081194645339537e-03 2.050953623143129262e-02 2.202471141379902693e-03 7.919523891344756178e-03 4.014433215139255780e-03 2.235273903060028960e-02 2.328996079288961005e-02 5.045377153657507920e-03 3.264655805307799166e-03 1.269935487902029009e-02 1.216826254705634207e-02 9.637763788875177567e-03 3.233415079898155266e-03 2.358674768428123056e-03 7.982005342164045711e-03 2.030647151626860760e-04 1.851012980521407614e-02 6.982302129055436603e-03 1.485496493228572780e-02 1.265249379090582467e-03 3.264655805307799166e-03 1.109045752042362321e-03 3.826988862681391518e-03 2.608600571705275116e-03 2.000968462487699023e-02 9.918930317561974394e-03 1.066870772739342971e-02 2.764804198753495045e-03 6.138802542995048725e-03 1.983786063512394966e-03 6.013839641356472261e-03 1.694809353473187771e-02 5.951358190537184463e-03 1.713553788718974111e-02 6.404348708977022084e-04 2.577359846295630783e-03 8.638060575766569327e-03 6.091941454880582009e-04 7.857042440525468380e-03 1.054374482575485411e-02 4.608006997922491597e-03 1.608897358596666658e-03 4.451803370874272102e-03 
4.389321920054983436e-03 1.890063887283462618e-03 3.639544510223527256e-03 2.639841297114919015e-03 5.982598915946828362e-03 8.591199487652103695e-04 4.920414252018931456e-03 5.467126946687701858e-04 4.389321920054983436e-03 7.044783579874724401e-03 2.514878395476342985e-03 3.170933629078867035e-03 5.154719692591261783e-04 2.546119120885986884e-03 4.295599743826051739e-03 0.000000000000000000e+00 1.219950327246598597e-02 2.639841297114919015e-03 8.075727518392977408e-03 1.563598306752682701e-02 4.326840469235695638e-03 5.154719692591261783e-04 4.295599743826051739e-03 2.233711866789547026e-03 1.241818835033349500e-02 6.451209797091488583e-03 8.700542026585857125e-03 7.419672284790452925e-03 3.733266686452459387e-03 2.655461659819741181e-04 2.671082022524562914e-03 1.921304612693106734e-03 7.388431559380809026e-03 2.088442493634702288e-02 6.669894874958996744e-03 8.903606741748543770e-04 6.607413424139708946e-03 8.138208969212265206e-03 7.888283165935112279e-03 1.966603664537090387e-02 9.669004514284821467e-03 2.856964338711944981e-02 5.420265858573236444e-03 4.732969899561068061e-03 7.982005342164045711e-03 1.179337384214061528e-02 1.323044721098423984e-02 2.425842328058857439e-02 1.718239897530420685e-04 1.113731860853808993e-02 1.073118917821271751e-02 1.341789156344210324e-02 1.407394679704462685e-02 2.967868913916181257e-04 7.357190833971165127e-03 5.920117465127540564e-03 4.701729174151424162e-03 4.982895702838220121e-03 1.776035239538261909e-02 4.108155391368187477e-03 3.905090676205501482e-04 8.325653321670128601e-03 1.216826254705634207e-02 8.278792233555663620e-04 1.404270607163498295e-02 5.389025133163591677e-03 
4.233118293006763941e-03 1.351161373967103493e-02 1.632327902653899626e-02 2.608600571705275116e-03 1.198081819459847867e-02 2.572673737484184459e-02 5.920117465127540564e-03 5.467126946687701858e-04 1.860385198144300783e-02 9.387837985598026375e-03 4.545525547103203799e-03 1.126228151017666552e-02 8.200690420031553005e-03 1.323044721098423984e-02 1.679188990768365475e-02 1.219950327246598597e-02 0.000000000000000000e+00 1.577656633187022543e-03 1.254315125197207059e-02 6.794857776597572341e-03 1.796341711054530704e-03 1.921304612693106734e-03 1.013761539542948169e-02 3.826988862681391518e-03 5.701432387260032403e-03 1.385526171917711956e-02 4.233118293006763941e-03 2.132179509208203746e-02 7.388431559380809026e-03 9.856448866742686596e-03 3.202174354488511367e-03 7.888283165935112279e-03 5.545228760211812040e-03 1.238694762492385110e-02 1.210578109623705427e-02 5.014136428247864020e-03 1.363657664130961053e-02 1.326168793639388374e-02 5.513988034802168141e-03 1.144972586263453065e-02 6.013839641356472261e-03 1.076242990362236140e-02 4.951654977428576222e-03 1.035630047329699072e-02 8.388134772489416399e-03 3.280276168012621332e-04 1.407394679704462685e-02 1.135600368640559896e-02 6.357487620862556019e-03 1.035630047329699072e-02 9.356597260188380741e-03 3.295896530717443065e-03 7.076024305284368300e-03 8.950467829863010052e-03 9.044190006091941750e-03 8.481856948718349831e-03 9.840828504037862912e-04 9.731485965104109265e-03 4.326840469235695638e-03 1.015323575813430407e-03 1.004389321920054999e-02 6.045080366766116160e-03 4.514284821693559900e-03 8.903606741748543770e-04 9.700245239694465366e-03 6.404348708977022084e-04 
1.232446617410456330e-02 2.269638701010637596e-02 2.997547603055342874e-02 1.769787094456333129e-02 4.358081194645339537e-03 1.722926006341867280e-02 5.545228760211812040e-03 1.201205892000812257e-02 1.569846451834611481e-02 1.045002264952592241e-02 1.494868710851465950e-02 1.913494431340695759e-02 1.045002264952592241e-02 1.738546369046689230e-02 1.213702182164669817e-02 2.639841297114919015e-03 1.577656633187022543e-03 0.000000000000000000e+00 2.307127571502210275e-02 1.913494431340695759e-02 1.872881488308158343e-02 1.076242990362236140e-02 1.013761539542948169e-02 1.257439197738171449e-02 9.606523063465533668e-03 9.544041612646245870e-03 5.357784407753947778e-03 2.316499789125103445e-02 4.045673940548899679e-03 6.170043268404692624e-03 6.170043268404692624e-03 1.390212280729158497e-03 9.216013995844983845e-04 1.494868710851465950e-02 1.171527202861650553e-03 7.825801715115824481e-03 3.420859432356019095e-03 4.233118293006763941e-03 2.452396944657054753e-03 2.077508239741326663e-03 5.732673112669676302e-03 4.732969899561068061e-03 8.981708555272653952e-03 3.014730002030647105e-03 5.670191661850388504e-03 2.514878395476342985e-03 1.682313063309330212e-02 5.795154563488964100e-03 7.513394461019384622e-03 4.201877567597119174e-03 1.858823161873818719e-03 4.889173526609287557e-03 4.889173526609287557e-03 1.702619534825598573e-03 2.827285649572783277e-03 8.731782751995501024e-03 5.014136428247864020e-03 9.419078711007670274e-03 1.822896327652728105e-02 8.513097674127993730e-03 8.278792233555663620e-04 7.607116637248317187e-03 1.260563270279135839e-02 3.014730002030647105e-03 1.921304612693106734e-03 1.188709601836954698e-02 
1.888501851012980640e-02 6.076321092175760059e-03 1.704181571096080941e-02 1.238694762492385110e-02 1.718239897530420685e-04 8.450616223308705932e-03 2.858526374982427176e-03 3.514581608584951226e-03 1.610459394867148897e-02 1.390212280729158497e-03 1.515175182367734527e-03 1.691685280932223381e-02 2.030647151626860760e-04 1.426139114950249198e-02 8.356894047079772500e-03 8.075727518392977408e-03 1.254315125197207059e-02 2.307127571502210275e-02 0.000000000000000000e+00 3.159999375185491843e-02 4.514284821693559900e-03 4.170636842187475275e-03 1.248066980115278279e-02 7.482153735609740723e-03 1.429263187491213588e-02 5.513988034802168141e-03 1.626079757571970846e-02 1.013761539542948169e-02 9.231634358549805144e-03 1.876005560849123080e-02 1.154344803886346235e-02 2.139989690560614895e-03 1.688561208391258991e-02 1.007513394461019389e-02 1.016885612083912559e-02 1.069994845280307361e-02 1.519861291179181242e-02 1.038754119870663462e-02 9.793967415923397063e-03 2.188412814945563112e-02 3.983192489729611881e-03 8.794264202814788822e-03 5.763913838079320201e-03 1.776035239538261909e-02 3.858229588091035417e-03 2.125931364126274967e-02 3.826988862681391518e-03 9.700245239694465366e-03 1.234008653680938568e-03 1.007513394461019389e-02 3.077211452849935337e-03 1.410518752245427075e-02 5.139099329886439617e-03 1.669816773145472305e-02 3.577063059404239458e-03 8.278792233555663620e-04 3.858229588091035417e-03 1.013761539542948169e-02 4.576766272512847698e-03 8.638060575766569327e-03 2.858526374982427176e-03 6.170043268404692624e-03 4.701729174151424162e-03 4.451803370874272102e-03 2.702322747934207247e-03 1.983786063512394966e-03 
2.514878395476342985e-03 2.750745872319155377e-02 3.119386432152954428e-02 3.592683422109061407e-04 8.794264202814788822e-03 1.265249379090582467e-03 6.419969071681844684e-03 1.194957746918883477e-02 2.547681157156469339e-02 6.888579952826504905e-03 7.107265030694013067e-03 1.822896327652728105e-02 4.483044096283916001e-03 1.023133757165841339e-02 5.763913838079320201e-03 1.563598306752682701e-02 6.794857776597572341e-03 1.913494431340695759e-02 3.159999375185491843e-02 0.000000000000000000e+00 6.138802542995048725e-03 3.764507411862103286e-03 1.672940845686436695e-02 5.857636014308251898e-03 5.201580780705728282e-03 3.280276168012621332e-04 1.269935487902029009e-02 3.028788328464987120e-02 4.889173526609287557e-03 1.358971555319514598e-03 7.200987206922944764e-03 1.140286477452006437e-03 6.669894874958996744e-03 7.794560989706180582e-03 3.202174354488511367e-03 1.210578109623705427e-02 2.202471141379902693e-03 5.795154563488964100e-03 5.014136428247864020e-03 9.450319436417314173e-03 5.170340055296084383e-03 5.763913838079320201e-03 3.358377981536731297e-03 2.655461659819741181e-04 1.671378809415954673e-03 4.389321920054983436e-03 9.731485965104109265e-03 9.856448866742686596e-03 3.389618706946375196e-03 2.046267514331682764e-03 6.794857776597572341e-03 1.413642824786391465e-02 1.382402099376747566e-02 5.467126946687701858e-04 1.608897358596666658e-03 4.764210624970711960e-03 1.405832643433980610e-04 1.765100985644886588e-03 1.452693731548446512e-03 7.888283165935112279e-03 5.888876739717896665e-03 2.233711866789547026e-03 1.010637467001983779e-02 1.157468876427310625e-02 5.326543682344303879e-03 7.638357362657961086e-03 
9.231634358549805144e-03 8.278792233555663620e-04 9.419078711007670274e-03 3.389618706946375196e-03 9.544041612646245870e-03 1.016885612083912559e-02 1.444883550196035538e-02 1.557350161670753921e-02 1.369905809212890006e-02 2.216529467814242621e-02 1.179337384214061528e-02 1.488620565769537170e-02 7.450913010200096824e-03 1.616707539949077677e-02 1.248066980115278279e-02 4.326840469235695638e-03 1.796341711054530704e-03 1.872881488308158343e-02 4.514284821693559900e-03 6.138802542995048725e-03 0.000000000000000000e+00 2.296193317608834824e-03 6.794857776597572341e-03 3.327137256127087397e-03 1.785407457161155426e-02 1.591714959621362557e-02 6.045080366766116160e-03 2.389915493837766955e-03 3.795748137271747619e-03 1.257439197738171449e-02 1.390212280729158497e-03 9.012949280682297851e-03 2.764804198753495045e-03 3.014730002030647105e-03 5.951358190537184463e-03 4.420562645464627335e-03 8.356894047079772500e-03 1.822896327652728105e-02 7.575875911838673288e-03 4.529905184398381633e-04 9.106671456911229548e-03 4.545525547103203799e-03 2.796044924163138944e-03 9.216013995844983845e-04 1.082491135444165094e-02 1.702619534825598573e-03 1.697933426014152161e-02 2.639841297114919015e-03 2.655461659819741181e-04 3.295896530717443065e-03 8.263171870850840803e-03 4.889173526609287557e-03 4.670488448741779396e-03 6.045080366766116160e-03 4.076914665958543578e-03 5.763913838079320201e-03 1.234008653680938568e-03 1.405832643433980610e-04 1.638576047735828406e-02 1.357409519049032273e-02 1.452693731548446512e-03 6.513691247910776382e-03 1.483934456958090628e-03 7.669598088067604985e-03 9.762726690513753164e-03 1.077805026632718422e-03 
8.856745653634076620e-03 4.701729174151424162e-03 1.023133757165841339e-02 1.202767928271294452e-03 2.358674768428123056e-03 1.182461456755025918e-02 5.763913838079320201e-03 1.952545338102750850e-03 9.950171042971618293e-03 7.294709383151876461e-03 1.765100985644886588e-03 4.701729174151424162e-03 3.420859432356019095e-03 1.360533591589996663e-02 1.382402099376747566e-02 5.154719692591261783e-04 1.921304612693106734e-03 1.076242990362236140e-02 4.170636842187475275e-03 3.764507411862103286e-03 2.296193317608834824e-03 0.000000000000000000e+00 4.201877567597119174e-03 6.451209797091488583e-03 4.576766272512847698e-03 4.389321920054983436e-03 3.639544510223527256e-03 1.562036270482200715e-05 2.702322747934207247e-03 2.041581405520236092e-02 7.513394461019384622e-03 5.576469485621455939e-03 2.363360877239569641e-02 2.044705478061200482e-02 1.577656633187022543e-03 2.343054405723300835e-04 5.920117465127540564e-03 1.373029881753854396e-02 5.779534200784141934e-04 9.106671456911229548e-03 5.154719692591261783e-04 5.154719692591261783e-04 8.700542026585857125e-03 6.388728346272200785e-03 9.262875083959449043e-03 1.504240928474359119e-02 6.170043268404692624e-03 5.513988034802168141e-03 3.327137256127087397e-03 3.826988862681391518e-03 3.670785235633171589e-03 3.045970727440291004e-03 1.722926006341867280e-02 6.201283993814336523e-03 7.076024305284368300e-03 2.921007825801714974e-03 1.671378809415954673e-03 9.575282338055889769e-03 2.889767100392071075e-03 4.217497930301941558e-04 7.653977725362782385e-04 1.020009684624876949e-02 9.294115809369092943e-03 7.966384979459223544e-04 1.244942907574313889e-02 2.655461659819741181e-04 
4.701729174151424162e-03 1.063746700198378581e-02 6.732376325778284543e-03 4.670488448741779396e-03 8.856745653634076620e-03 2.389915493837766955e-03 5.732673112669676302e-03 7.653977725362782385e-04 6.201283993814336523e-03 1.554226089129789531e-02 7.763320264296536682e-03 1.858823161873818719e-03 6.388728346272200785e-03 4.420562645464627335e-03 1.718239897530420685e-04 4.295599743826051739e-03 1.013761539542948169e-02 1.013761539542948169e-02 1.248066980115278279e-02 1.672940845686436695e-02 6.794857776597572341e-03 4.201877567597119174e-03 0.000000000000000000e+00 5.607710211031099838e-03 1.535481653884003192e-02 1.057498555116449801e-02 1.013761539542948169e-02 1.101235570689951433e-02 4.483044096283916001e-03 5.467126946687701858e-04 2.296193317608834824e-03 1.390212280729158497e-03 6.295006170043268220e-03 1.810400037488870545e-02 3.608303784813883357e-03 2.655461659819741181e-04 7.763320264296536682e-03 2.608600571705275116e-03 1.207454037082741037e-02 1.851012980521407614e-02 1.119980005935737773e-02 2.360236804698605251e-02 7.544635186429028521e-03 8.278792233555663620e-04 1.032505974788734508e-02 1.188709601836954698e-02 1.001265249379090609e-02 1.841640762898514444e-02 2.671082022524562914e-03 6.638654149549352845e-03 1.107483715771880213e-02 9.700245239694465366e-03 1.491744638310501560e-02 1.890063887283462618e-03 7.107265030694013067e-03 1.765100985644886588e-03 4.670488448741779396e-03 1.796341711054530704e-03 1.547977944047860752e-02 2.046267514331682764e-03 3.905090676205501482e-04 1.013761539542948169e-02 1.182461456755025918e-02 3.592683422109061407e-04 1.054374482575485411e-02 7.857042440525468380e-03 
1.827582436464174603e-03 1.098111498148987043e-02 2.639841297114919015e-03 1.109045752042362321e-03 6.638654149549352845e-03 5.014136428247864020e-03 6.295006170043268220e-03 7.029163217169902235e-04 3.170933629078867035e-03 3.577063059404239458e-03 8.591199487652103695e-04 6.388728346272200785e-03 4.264359018416407840e-03 1.301176213311673081e-02 4.358081194645339537e-03 2.233711866789547026e-03 3.826988862681391518e-03 1.257439197738171449e-02 7.482153735609740723e-03 5.857636014308251898e-03 3.327137256127087397e-03 6.451209797091488583e-03 5.607710211031099838e-03 0.000000000000000000e+00 3.077211452849935337e-03 2.421156219247410854e-03 5.951358190537184463e-03 1.163717021509239405e-02 7.107265030694013067e-03 6.076321092175760059e-03 2.108748965150970996e-03 7.263468657742232562e-03 1.476124275605679610e-02 2.110311001421453017e-02 1.358971555319514598e-03 1.952545338102750850e-03 1.057498555116449801e-02 1.301176213311673081e-02 1.013761539542948169e-02 1.562036270482200715e-05 2.858526374982427176e-03 1.023133757165841339e-02 1.327730829909870482e-03 2.358674768428123056e-03 6.982302129055436603e-03 9.356597260188380741e-03 7.825801715115824481e-03 1.235570689951420720e-02 5.826395288898607999e-03 4.295599743826051739e-03 1.358971555319514598e-03 1.148096658804417455e-02 1.829144472734656884e-02 1.157468876427310625e-02 6.076321092175760059e-03 3.420859432356019095e-03 2.827285649572783277e-03 4.139396116777831376e-03 1.041878192411627851e-02 2.030647151626860760e-04 6.716755963073462159e-04 1.151220731345381845e-02 1.269935487902029009e-02 7.794560989706180582e-03 1.344913228885174714e-02 5.045377153657507920e-03 
