0.000000000000000000e+00 9.387251456507816894e-03 9.527825937553691983e-04 1.604111022601252545e-02 5.170017025131593696e-03 2.322602814613498184e-02 2.128922418505849526e-02 1.173015947393905335e-02 2.591256267278946659e-02 3.982943629633100939e-03 3.753338643924839652e-02 1.719694484794526829e-02 1.607234899957827798e-02 4.264092591724848516e-03 1.619730409384127420e-02 4.982584383737094155e-03 9.168580041547568296e-03 4.843571841369508080e-02 2.967683488746231894e-04 1.575996126392077701e-02 2.185152210924199215e-02 1.057432485200631052e-02 7.809693391437452423e-05 4.545241553816596961e-03 1.354200834075254198e-02 1.935242022398200520e-02 3.358168158318104637e-03 2.232010371272823840e-02 1.397935117067303917e-02 4.668634709401309202e-02 3.250394389516267357e-02 8.699998438061322045e-03 4.087593521078362185e-02 1.004326570138856269e-02 3.637755181731565368e-02 3.628383549661839957e-02 1.963356918607375365e-02 4.759227152741983546e-02 3.278509285725442202e-02 1.126157787045280537e-02 4.303141058682036224e-02 5.107539478000093849e-03 2.328850569326648343e-02 2.207019352420223901e-02 4.982584383737094155e-03 3.028599097199443854e-02 1.041813098417756177e-02 3.422207644127891329e-02 5.763553722880839641e-03 1.685331833872202173e-02 5.099729784608656585e-02 4.842009902691220258e-04 1.572872249035502795e-02 7.106820986208081149e-03 1.457288786842228512e-02 2.241382003342548904e-02 2.769317276603720443e-02 3.233213064055105376e-03 1.073051871983505927e-02 1.094919013479530787e-02 1.844649579057526176e-02 3.545600799712603311e-03 8.262655608140824851e-03 4.434343907658185036e-02 2.389766177779860477e-03 2.191399965637349026e-02 
9.387251456507816894e-03 0.000000000000000000e+00 3.206660106524217985e-02 5.763553722880839641e-03 1.854021211127251240e-02 3.420645705449604050e-03 1.116786154975555646e-02 1.660340815019602234e-02 1.519766333973728185e-02 2.019586711025725054e-02 5.794792496446589565e-03 1.188635334176780210e-02 2.928635021789044446e-02 9.512206550770816588e-03 3.201974290489355453e-03 1.344829202005529308e-02 6.763194476984833725e-03 1.666588569732752392e-02 8.668759664495571254e-03 1.088671258766380802e-02 2.139855989253861956e-03 3.733033441107101984e-03 2.947378285928494573e-02 9.262296362244818934e-03 9.449729003639316741e-03 3.077019196226356192e-03 1.379191852927854137e-02 1.729066116864251892e-02 1.671274385767614837e-03 6.700716929853333878e-03 3.514362026146853387e-03 2.909891757649594665e-02 1.697827343298502142e-02 3.170735516923605529e-03 1.519766333973728185e-02 9.074863720850319393e-03 3.514362026146853387e-03 8.949908626587319699e-03 1.390125423675866393e-03 1.401058994423878996e-02 3.108257969792106116e-03 1.051184730487481067e-02 1.963356918607375365e-02 3.668993955297315118e-02 4.607719100948096808e-03 3.612764162878965429e-02 4.982584383737094155e-03 6.388329194195835510e-03 2.766193399247145537e-02 4.701435421645346578e-03 1.397935117067303917e-02 4.014182403198849995e-03 2.702153913437358411e-03 2.897396248223294696e-02 1.307342673726629573e-02 2.784936663386595318e-02 1.204254720959655085e-02 5.170017025131593696e-03 3.920466082501601092e-03 5.576121081486340968e-03 5.638598628617840815e-03 2.453805663589647343e-02 2.233572309951111293e-03 1.358886650110116686e-03 2.967683488746231894e-04 6.669478156287583955e-03 
9.527825937553691983e-04 3.206660106524217985e-02 0.000000000000000000e+00 5.076300704434343926e-03 2.327288630648360630e-03 1.466660418911953576e-02 5.888508817143839336e-03 1.494775315121128420e-02 1.015260140886868829e-03 8.637520890929822198e-03 1.088671258766380802e-02 8.903050466238695681e-04 1.827468253596363805e-03 1.132405541758430521e-02 3.014541649094856345e-03 5.763553722880839641e-03 1.963356918607375365e-02 8.075222966746325309e-03 2.281992408978023371e-02 1.319838183152929369e-02 1.654093060306452423e-02 9.637161645033816282e-03 8.949908626587319699e-03 1.591615513174952923e-02 4.232853818159099460e-03 9.074863720850319393e-03 2.297611795760898593e-02 5.919747590709588392e-03 1.013698202208581332e-02 1.369820220858129073e-02 3.237898880089967735e-02 1.094919013479530787e-02 5.466785374006216018e-04 1.279227777517454728e-02 1.513518579260578201e-02 1.416678381206753871e-02 2.889586554831857085e-03 2.516283210721147190e-02 1.044936975774331082e-02 1.297971041656904509e-02 1.682207956515627267e-02 2.641238304984146190e-02 9.543445324336567379e-03 1.766552645143151801e-02 1.983662121425112772e-03 6.013463911406838162e-03 1.557252862252627920e-02 2.756821767177420474e-02 1.561938678287490417e-05 2.047701607234899898e-02 1.244865126595129899e-02 1.591615513174952923e-02 1.719694484794526829e-02 4.326570138856348363e-03 1.810286928135201520e-02 1.397935117067303917e-02 2.697468097402495879e-02 6.294612873498586607e-03 2.478796682442247282e-02 2.497539946581697062e-02 4.795151742342595481e-03 1.263608390734579680e-02 7.825312778220327656e-03 6.575761835590335051e-03 5.763553722880839641e-03 8.325133155272324698e-03 
1.604111022601252545e-02 5.763553722880839641e-03 5.076300704434343926e-03 0.000000000000000000e+00 2.160161192071599276e-02 1.413554503850178792e-02 1.422926135919903856e-02 5.638598628617840815e-03 3.481561313902815924e-02 2.421004951345609967e-03 2.631866672914421473e-02 5.701076175749339794e-03 6.346156849882073070e-02 8.856192305890070796e-03 2.909891757649594665e-02 1.507270824547428216e-02 1.140215235149868089e-03 7.606641363260078191e-03 2.514721272042859737e-03 1.641597550880152454e-02 5.977539321806225880e-02 1.166768192680755351e-02 1.757181013073426737e-02 6.107180232104087933e-03 8.450088249535322657e-03 3.134810927322993074e-02 1.960233041250800459e-02 2.753697889820845568e-02 4.701435421645346578e-03 1.835277946987801112e-02 3.420645705449604050e-03 4.232853818159099460e-03 2.766193399247145537e-02 1.526014088686878170e-02 4.357808912422098287e-03 6.919388344813582475e-03 9.137341267981819240e-03 2.556893616356622004e-02 2.107055277009824493e-02 3.216031738593942702e-02 1.857145088483826145e-02 4.406229011449010191e-02 2.275744654264873559e-02 1.988347937459975304e-02 1.463536541555378497e-02 1.722818362151102081e-02 1.563500616965778078e-02 2.716211361541946007e-02 1.038689221061181098e-02 4.701435421645346578e-03 3.291004795151742518e-02 2.157037314715024370e-02 1.922746512971900551e-02 3.108257969792106116e-03 2.952064101963356932e-03 9.949549380691313782e-03 1.697827343298502142e-02 2.202333536385361369e-03 2.666229323836746129e-02 4.888868063039845252e-03 3.431579276197616740e-02 1.869640597910126115e-02 3.219155615950517607e-02 7.653499523608703076e-04 3.181669087671618046e-02 3.128563172609843263e-02 
5.170017025131593696e-03 1.854021211127251240e-02 2.327288630648360630e-03 2.160161192071599276e-02 0.000000000000000000e+00 2.670915139871608487e-03 4.246911266263686535e-02 7.575402589694328268e-03 1.501023069834278231e-02 1.451041032129078527e-02 3.264451837620854866e-03 2.475672805085672376e-02 1.405744810458741409e-04 6.325851647064336530e-03 1.860268965840401051e-02 8.637520890929822198e-03 5.627665057869828125e-02 5.544882307920591044e-03 1.551005107539477935e-02 1.046498914452618535e-03 2.947378285928494573e-02 1.107414522905830756e-02 1.772800399856301612e-02 7.481686268997079364e-03 1.358886650110116686e-03 6.044702684972588086e-03 1.538509598113178140e-02 3.462818049763366490e-02 7.013104665510832246e-03 2.441310154163347720e-02 1.060556362557205957e-02 6.716336316636208623e-04 1.894631616762726053e-02 1.257360636021429869e-02 2.139855989253861956e-03 5.982225137841088239e-03 9.356012682942067837e-03 1.969604673320525523e-02 2.147665682645299307e-02 7.606641363260078191e-03 1.526014088686878170e-02 2.003967324242850179e-02 9.699639192165316129e-03 2.110179154366399745e-02 2.441310154163347720e-02 2.655295753088733742e-04 2.563141371069771815e-02 1.144901051184730491e-02 1.732189994220826798e-02 1.647845305593302265e-02 1.447917154772503621e-02 1.358886650110116686e-03 7.669118910391578038e-03 1.351076956718679292e-02 8.450088249535322657e-03 2.556893616356622004e-02 6.138419005669836989e-03 1.957109163894225554e-02 2.506911578651422126e-02 4.763912968776845558e-03 3.637755181731565368e-02 2.613123408774971346e-02 2.675600955906471193e-02 8.262655608140824851e-03 1.191759211533355116e-02 3.125439295253268357e-02 
2.322602814613498184e-02 3.420645705449604050e-03 1.466660418911953576e-02 1.413554503850178792e-02 2.670915139871608487e-03 0.000000000000000000e+00 6.357090420630086454e-03 1.625978164097277578e-02 3.514362026146853387e-03 1.266732268091154759e-02 1.807163050778626268e-02 2.528778720147447159e-02 2.019586711025725054e-02 5.982225137841088239e-03 2.503787701294847221e-02 1.688455711228777079e-02 2.733392687003108334e-03 2.694344220045920973e-02 4.234415756837386219e-02 4.437467785014760635e-02 2.525654842790871907e-02 1.046498914452618535e-03 8.903050466238695681e-04 1.310466551083204478e-02 9.574684097902316435e-03 8.949908626587319699e-03 3.028599097199443854e-02 6.419567967761585434e-03 1.922746512971900551e-02 2.263249144838573590e-02 1.785295909282601581e-02 6.091560845321212321e-04 1.750933258360276926e-02 1.335457569935804244e-02 2.125798541149274620e-02 2.010215078956000337e-02 2.014900894990862695e-03 1.041813098417756177e-02 1.357324711431829103e-02 1.966480795963950617e-02 8.856192305890070796e-03 1.866516720553551209e-02 5.076300704434343926e-03 6.544523062024585128e-03 8.418849475969573601e-03 1.460412664198803591e-02 6.544523062024585128e-03 2.010215078956000337e-02 3.826749761804351755e-03 1.579120003748652953e-02 3.862674351404964124e-02 2.057073239304624962e-02 2.422566890023897593e-02 1.233931555847117426e-03 1.326085937866079353e-02 1.404182871780453902e-02 2.091435890226949618e-02 2.139855989253861956e-03 8.168939287443574213e-03 1.722818362151102081e-02 2.381956484388422779e-02 1.201130843603080180e-02 5.607359855052090891e-03 4.389047685987848210e-03 5.107539478000093849e-03 6.091560845321212321e-04 
2.128922418505849526e-02 1.116786154975555646e-02 5.888508817143839336e-03 1.422926135919903856e-02 4.246911266263686535e-02 6.357090420630086454e-03 0.000000000000000000e+00 1.354200834075254198e-02 1.635349796167002642e-02 2.713087484185370754e-02 1.452602970807366023e-03 1.391687362354153933e-02 1.394811239710729012e-02 1.226121862455679945e-02 2.920825328397607008e-03 1.785295909282601581e-02 4.093841275791512690e-02 1.729066116864251892e-02 1.123033909688705631e-02 1.619730409384127420e-02 9.168580041547568296e-03 4.545241553816596961e-03 1.191759211533355116e-02 1.247989003951704805e-02 3.631507427018415557e-02 2.216390984489948965e-02 2.094559767583524523e-02 1.126157787045280537e-02 8.231416834575074060e-03 2.922387267075894635e-02 2.841166455804945007e-02 5.357449666526092370e-03 2.631866672914421473e-02 1.966480795963950617e-02 3.857988535370101245e-03 1.700951220655077048e-02 1.077737688018368459e-03 3.062961748121768857e-02 1.054308607844055973e-02 2.700591974759071132e-02 2.616247286131546598e-02 2.716211361541946007e-02 1.076175749340080832e-02 3.481561313902815924e-02 5.576121081486340968e-03 2.310107305187198215e-02 1.138653296471580506e-02 4.100089030504662502e-02 2.510035456007997032e-02 3.389406931883854127e-03 2.116426909079549556e-02 1.098042890836105692e-02 1.004326570138856269e-02 1.251112881308279884e-02 2.375708729675272968e-02 3.703356606219639774e-02 5.705761991784202847e-02 9.949549380691313782e-03 6.981865891945082322e-03 1.557252862252627920e-02 4.034487606016588096e-02 4.607719100948096808e-03 2.528778720147447159e-02 2.163285069428174182e-02 9.605922871468065491e-03 2.358527404214110553e-03 
1.173015947393905335e-02 1.660340815019602234e-02 1.494775315121128420e-02 5.638598628617840815e-03 7.575402589694328268e-03 1.625978164097277578e-02 1.354200834075254198e-02 0.000000000000000000e+00 5.196569982662480741e-02 5.763553722880839641e-03 6.258688283897974325e-02 3.456570295050215985e-02 2.057073239304624962e-02 1.194883088889930195e-02 7.751901660340815292e-02 1.279227777517454728e-02 4.045421176764599919e-03 1.772800399856301612e-02 7.669118910391578038e-03 1.432297767989628746e-02 2.795870234134607748e-03 7.106820986208081149e-03 1.472908173625103560e-02 1.285475532230604713e-02 1.219874107742529960e-02 3.634631304374990463e-02 2.082064258157224901e-02 2.394451993814722748e-02 1.710322852724802112e-02 2.556893616356622004e-02 1.732189994220826798e-02 2.639676366305858998e-03 2.132046295862424432e-02 1.494775315121128420e-02 2.591256267278946659e-02 1.379191852927854137e-02 2.987988691563969040e-02 6.418006029083297981e-02 1.297971041656904509e-02 3.578401511956640774e-02 5.483966699467378997e-02 2.725582993611670723e-02 3.565906002530340457e-02 7.106820986208081149e-03 4.982584383737094155e-03 5.630788935226403030e-02 1.452602970807366023e-03 1.104290645549255677e-02 2.959873795354794543e-02 1.985224060103400398e-02 3.334739078143791891e-02 2.577198819174359151e-03 7.028724052293706774e-04 3.972010058885087902e-02 2.139855989253861956e-03 1.441669400059353637e-02 1.685331833872202173e-02 1.800915296065476456e-02 3.514362026146853387e-03 1.904003248832450770e-02 2.869281352014119851e-02 8.293894381706573907e-03 2.421004951345609967e-03 3.722099870359089901e-02 8.231416834575074060e-03 3.856426596691813619e-02 
2.591256267278946659e-02 1.519766333973728185e-02 1.015260140886868829e-03 3.481561313902815924e-02 1.501023069834278231e-02 3.514362026146853387e-03 1.635349796167002642e-02 5.196569982662480741e-02 0.000000000000000000e+00 1.494775315121128420e-02 4.406229011449010191e-02 2.046139668556612619e-03 3.889227308935851168e-03 7.887790325351827503e-03 2.072692626087499837e-02 3.545600799712603311e-03 5.419927213657592217e-03 1.866516720553551209e-02 1.700951220655077048e-02 1.185511456820205305e-02 2.525654842790871907e-02 1.700951220655077048e-02 6.138419005669836989e-03 1.154272683254455381e-02 2.728706870968245629e-02 6.263374099932836683e-03 2.766193399247145537e-02 1.376067975571279058e-02 2.639676366305858998e-03 2.447557908876497532e-02 1.529137966043453076e-02 8.106461740312076100e-03 2.510035456007997032e-02 6.607000609156084107e-03 1.327647876544366763e-03 5.982225137841088239e-03 2.007091201599425084e-02 2.616247286131546598e-02 2.950502163285069479e-02 1.185511456820205305e-02 3.931399653249613435e-02 1.919622635615325645e-02 1.163644315324180445e-02 6.899083141995845936e-02 1.608796838636115207e-03 3.233213064055105376e-03 9.637161645033816282e-03 3.469065804476516302e-02 1.541633475469753045e-02 1.360448588788404183e-02 2.613123408774971346e-02 8.575043343798322351e-03 2.007091201599425084e-02 7.341111787951204925e-04 2.794308295456320382e-02 1.857145088483826145e-02 4.306264936038611130e-02 1.526014088686878170e-02 7.075582212642332093e-03 2.466301173015947312e-02 2.813051559595770162e-02 1.004326570138856269e-02 3.826749761804351755e-03 2.197647720350499184e-02 2.202333536385361369e-03 2.253877512768848526e-02 
3.982943629633100939e-03 2.019586711025725054e-02 8.637520890929822198e-03 2.421004951345609967e-03 1.451041032129078527e-02 1.266732268091154759e-02 2.713087484185370754e-02 5.763553722880839641e-03 1.494775315121128420e-02 0.000000000000000000e+00 5.232494572263092676e-03 1.060556362557205957e-02 4.599909407556659197e-02 5.482404760789091197e-03 9.106102494416068449e-03 1.169892070037330256e-02 4.084469643721787280e-02 2.625618918201271315e-02 2.578760757852646690e-02 9.730877965731065185e-03 2.344469956109523218e-02 7.294253627602580690e-03 1.796229480030614098e-03 9.324773909376317046e-03 1.629102041453852484e-02 4.045421176764599919e-03 7.825312778220327656e-03 3.358168158318104637e-03 2.547521984286896940e-02 8.856192305890070796e-03 6.856910797682082628e-03 4.170376271027599613e-03 4.607719100948096808e-03 3.087952766974368449e-02 1.638473673523577548e-02 1.622854286740702673e-02 3.483123252581103464e-03 3.795510988238601831e-03 9.840213673211189050e-04 3.893913124970713874e-02 1.733751932899114468e-03 3.653374568514439896e-02 2.894272370866719790e-02 1.182387579463630226e-02 4.217234431376223956e-04 1.098042890836105692e-02 7.653499523608703076e-04 3.169173578245318423e-02 5.451165987223341274e-03 2.545960045608609227e-03 7.169298533339580996e-03 1.966480795963950617e-02 3.003608078346844262e-02 4.576480327382346884e-03 1.889945800727863435e-03 9.012386173718819546e-03 2.545960045608609227e-03 7.512925042562829288e-03 8.325133155272324698e-03 1.796229480030614098e-03 2.278868531621448465e-02 7.325492401168329747e-03 2.294487918404323340e-02 1.719694484794526829e-02 1.622854286740702673e-02 1.429173890633053667e-02 
3.753338643924839652e-02 5.794792496446589565e-03 1.088671258766380802e-02 2.631866672914421473e-02 3.264451837620854866e-03 1.807163050778626268e-02 1.452602970807366023e-03 6.258688283897974325e-02 4.406229011449010191e-02 5.232494572263092676e-03 0.000000000000000000e+00 1.035565343704606192e-02 3.420645705449604050e-03 7.856551551786076712e-03 4.187557596488761941e-02 1.515080517938865654e-03 3.077019196226356192e-03 1.554128984896053015e-02 7.341111787951204925e-04 2.030520281773737440e-04 3.191040719741342763e-02 3.264451837620854866e-03 7.606641363260078191e-03 1.079299626696655912e-02 7.919029098917576559e-03 1.719694484794526829e-02 1.582243881105227859e-02 3.553410493104040835e-02 1.613482654670977609e-02 3.019227465129719137e-02 1.082423504053230817e-02 2.733392687003108334e-03 1.338581447292379323e-02 1.607234899957827798e-02 1.604111022601252545e-02 9.918310607125564726e-03 4.184433719132187035e-02 5.996282585945676008e-02 6.638239382721834031e-03 2.213267107133374059e-02 8.407915905221560737e-02 2.653733814410446160e-02 2.222638739203098776e-02 6.471111944145073458e-02 5.638598628617840815e-03 1.688455711228777079e-02 6.091560845321212321e-04 3.920466082501601092e-03 6.357090420630086454e-03 2.925511144432469540e-02 2.672477078549896287e-02 7.325492401168329747e-03 8.824953532324321739e-03 2.478796682442247282e-02 7.138059759773831073e-03 3.465941927119941396e-02 1.335457569935804244e-02 8.543804570232573295e-03 5.919747590709588392e-03 2.063320994017774773e-02 3.077019196226356192e-03 8.278274994923699379e-04 1.452602970807366023e-03 3.943895162675913058e-02 1.179263702107055320e-02 5.170017025131593696e-03 
1.719694484794526829e-02 1.188635334176780210e-02 8.903050466238695681e-04 5.701076175749339794e-03 2.475672805085672376e-02 2.528778720147447159e-02 1.391687362354153933e-02 3.456570295050215985e-02 2.046139668556612619e-03 1.060556362557205957e-02 1.035565343704606192e-02 0.000000000000000000e+00 3.233213064055105376e-03 4.857629289474095328e-03 1.357324711431829103e-02 2.200771597707074090e-02 9.262296362244818934e-03 8.106461740312076100e-03 8.575043343798322351e-03 2.044577729878324993e-02 8.903050466238695681e-04 8.075222966746325309e-03 2.394451993814722748e-02 5.950986364275338315e-03 5.263733345828842600e-03 2.581884635209221596e-02 1.757181013073426737e-02 6.294612873498586607e-03 7.294253627602580690e-03 1.276103900160879649e-02 3.315995814004342457e-02 1.963356918607375365e-02 5.732314949315089718e-03 1.841525701700951270e-02 1.854021211127251240e-02 3.284757040438592707e-02 3.006731955703419168e-02 2.639676366305858998e-03 1.591615513174952923e-02 1.226121862455679945e-02 1.063680239913781037e-02 8.606282117364073142e-03 4.206300860628212068e-02 1.897755494119300959e-02 1.807163050778626268e-02 2.600627899348671723e-02 1.438545522702778731e-02 3.451884479015353974e-03 1.041813098417756177e-02 6.575761835590335051e-03 1.282351654874029634e-02 3.451884479015353974e-03 2.278868531621448465e-02 2.944254408571919321e-02 2.733392687003108334e-03 1.438545522702778731e-02 1.185511456820205305e-02 2.500663823938272315e-02 1.276103900160879649e-02 8.903050466238695681e-04 1.760304890430001643e-02 2.038329975165175181e-02 6.357090420630086454e-03 7.762835231088827809e-03 4.201615044593349536e-03 3.795510988238601831e-03 
1.607234899957827798e-02 2.928635021789044446e-02 1.827468253596363805e-03 6.346156849882073070e-02 1.405744810458741409e-04 2.019586711025725054e-02 1.394811239710729012e-02 2.057073239304624962e-02 3.889227308935851168e-03 4.599909407556659197e-02 3.420645705449604050e-03 3.233213064055105376e-03 0.000000000000000000e+00 6.731955703419083802e-03 2.975493182137669418e-02 6.919388344813582475e-03 2.858347781266107595e-03 1.213626353029380149e-02 8.418849475969573601e-03 5.107539478000093849e-03 5.180950595879605519e-02 5.576121081486340968e-03 9.043624947284570337e-03 5.263733345828842600e-03 6.617934179904097491e-02 1.841525701700951270e-02 2.888024616153569979e-02 9.980788154257064573e-03 7.965887259266201227e-04 7.387969948299829594e-03 2.522530965434297001e-02 1.390125423675866393e-03 1.144901051184730491e-02 8.325133155272324698e-03 1.038689221061181098e-02 4.763912968776845558e-03 1.716570607437951923e-02 4.509316964215984852e-02 7.731596457523077885e-03 1.266732268091154759e-02 4.059478624869187341e-02 1.151148805897880475e-02 3.693984974149915057e-02 1.791543663995751393e-02 7.169298533339580996e-03 2.421004951345609967e-03 3.608078346844102724e-03 1.604111022601252545e-02 1.405744810458741409e-04 2.784936663386595318e-02 2.644362182340721443e-02 1.650969182949877517e-02 6.169657779235586913e-03 1.169892070037330256e-02 2.916139512362744476e-02 9.168580041547568296e-03 1.013698202208581332e-02 7.762835231088827809e-03 2.431938522093622657e-02 7.356731174734079670e-03 7.544163816128579211e-03 1.963356918607375365e-02 1.519766333973728185e-02 1.379191852927854137e-02 2.510035456007997032e-02 3.881417615544413557e-02 
4.264092591724848516e-03 9.512206550770816588e-03 1.132405541758430521e-02 8.856192305890070796e-03 6.325851647064336530e-03 5.982225137841088239e-03 1.226121862455679945e-02 1.194883088889930195e-02 7.887790325351827503e-03 5.482404760789091197e-03 7.856551551786076712e-03 4.857629289474095328e-03 6.731955703419083802e-03 0.000000000000000000e+00 5.451165987223341274e-03 9.324773909376317046e-03 1.463536541555378497e-02 9.762116739296815976e-03 3.358168158318104637e-03 6.856910797682082628e-03 1.889945800727863435e-03 2.172656701497899245e-02 2.428814644737047751e-02 1.327647876544366763e-03 1.546319291504615577e-03 2.663105446480171223e-02 1.782172031926026676e-02 2.046139668556612619e-03 1.660340815019602234e-02 6.981865891945082322e-03 1.171454008715617796e-03 1.841525701700951270e-02 8.903050466238695681e-04 5.107539478000093849e-03 6.950627118379332399e-03 2.889586554831857085e-03 2.744326257751120851e-02 5.919747590709588392e-03 1.023069834278306223e-02 1.327647876544366763e-03 1.260484513378004774e-02 1.015260140886868829e-03 3.406588257345016801e-02 2.138294050575574243e-02 1.860268965840401051e-02 1.272980022804304744e-02 1.394811239710729012e-02 4.826390515908345405e-03 6.419567967761585434e-03 6.669478156287583955e-03 1.057432485200631052e-02 8.918669853021570643e-03 5.154397638348718952e-04 2.166408946784749087e-02 4.576480327382346884e-03 1.310466551083204478e-02 1.129281664401855616e-02 1.791543663995751393e-02 2.125798541149274620e-02 1.344829202005529308e-02 1.046498914452618535e-03 9.324773909376317046e-03 8.856192305890070796e-03 9.012386173718819546e-03 7.981506646049076406e-03 4.264092591724848516e-03 
1.619730409384127420e-02 3.201974290489355453e-03 3.014541649094856345e-03 2.909891757649594665e-02 1.860268965840401051e-02 2.503787701294847221e-02 2.920825328397607008e-03 7.751901660340815292e-02 2.072692626087499837e-02 9.106102494416068449e-03 4.187557596488761941e-02 1.357324711431829103e-02 2.975493182137669418e-02 5.451165987223341274e-03 0.000000000000000000e+00 1.082423504053230817e-02 4.732674195211095634e-03 3.247270512159692452e-02 6.638239382721834031e-03 7.512925042562829288e-03 4.287521671899161002e-02 1.073051871983505927e-02 1.338581447292379323e-02 2.702153913437358411e-03 2.119550786436124462e-02 1.257360636021429869e-02 1.191759211533355116e-02 3.959514549458788280e-02 3.389406931883854127e-03 3.200412351811068173e-02 1.032441466348031113e-02 5.607359855052090891e-03 3.009855833059994074e-02 2.338222201396373059e-02 3.962638426815363185e-02 2.319478937256923279e-02 2.116426909079549556e-02 4.184433719132187035e-02 1.988347937459975304e-02 4.201615044593349536e-03 5.627665057869828125e-02 2.025834465738875212e-02 1.301094919013479588e-02 6.614810302547521892e-02 2.171094762819611879e-03 3.437827030910766551e-02 1.157396560611030460e-02 3.172297455601893329e-02 1.671274385767614837e-03 5.638598628617840815e-03 4.846695718726082985e-02 1.198006966246505101e-02 2.920825328397607008e-03 1.669712447089327298e-02 7.294253627602580690e-03 2.185152210924199215e-02 3.081705012261218637e-02 6.638239382721834031e-03 3.701794667541352495e-03 2.175780578854474151e-02 6.825672024116333572e-03 1.466660418911953576e-02 2.194523842993923932e-02 4.449963294441060258e-02 7.887790325351827503e-03 1.379191852927854137e-02 
4.982584383737094155e-03 1.344829202005529308e-02 5.763553722880839641e-03 1.507270824547428216e-02 8.637520890929822198e-03 1.688455711228777079e-02 1.785295909282601581e-02 1.279227777517454728e-02 3.545600799712603311e-03 1.169892070037330256e-02 1.515080517938865654e-03 2.200771597707074090e-02 6.919388344813582475e-03 9.324773909376317046e-03 1.082423504053230817e-02 0.000000000000000000e+00 2.366337097605547904e-02 5.732314949315089718e-03 2.734954625681395787e-02 1.421364197241616317e-03 1.051184730487481067e-02 1.889945800727863435e-03 1.132405541758430521e-02 1.401058994423878996e-02 1.608796838636115207e-03 3.097324399044093513e-02 8.137700513877825156e-03 7.653499523608703076e-04 1.782172031926026676e-02 2.030520281773737440e-04 1.660340815019602234e-02 1.854021211127251240e-02 9.231057588679068143e-03 3.291004795151742518e-02 3.287880917795167612e-02 2.108617215688112032e-03 1.641597550880152454e-02 2.488168314511972345e-02 4.920106836605595176e-03 1.885259984693000990e-02 1.472908173625103560e-02 1.869640597910126115e-02 8.699998438061322045e-03 3.139496743357855606e-03 4.763912968776845558e-03 5.201255798697342753e-03 5.451165987223341274e-03 3.359730096996391829e-02 1.073051871983505927e-02 1.588491635818377670e-02 2.263249144838573590e-02 2.216390984489948965e-02 1.241741249238554820e-02 1.019945956921731317e-02 3.381597238492416863e-02 1.472908173625103560e-02 3.506552332755415863e-02 2.389766177779860477e-03 8.200178061009325003e-03 1.388563484997579027e-02 2.296049857082611140e-03 5.466785374006216018e-04 4.888868063039845252e-03 2.725582993611670723e-02 1.069927994626931021e-02 1.444793277415928716e-02 
9.168580041547568296e-03 6.763194476984833725e-03 1.963356918607375365e-02 1.140215235149868089e-03 5.627665057869828125e-02 2.733392687003108334e-03 4.093841275791512690e-02 4.045421176764599919e-03 5.419927213657592217e-03 4.084469643721787280e-02 3.077019196226356192e-03 9.262296362244818934e-03 2.858347781266107595e-03 1.463536541555378497e-02 4.732674195211095634e-03 2.366337097605547904e-02 0.000000000000000000e+00 1.019945956921731317e-02 1.007450447495431348e-02 9.168580041547568296e-03 1.082423504053230817e-02 4.217234431376223956e-04 5.590178529590928563e-02 2.119550786436124462e-02 2.078940380800649648e-02 1.894631616762726053e-02 1.382315730284429042e-02 1.554128984896053015e-02 8.168939287443574213e-03 5.055995501616606519e-02 1.219874107742529960e-02 2.483482498477109814e-03 4.115708417287537030e-02 2.847414210518095165e-02 2.014900894990862695e-03 1.138653296471580506e-02 1.983662121425112772e-03 1.226121862455679945e-02 2.038329975165175181e-02 3.959514549458788280e-02 9.262296362244818934e-03 4.449963294441060258e-02 1.829030192274651301e-02 2.734954625681395787e-02 1.885259984693000990e-02 1.733751932899114468e-03 1.675960201802477109e-02 3.784577417490589402e-02 1.972728550677100429e-02 2.160161192071599276e-02 1.210502475672805070e-02 9.840213673211189050e-04 4.607719100948096808e-03 5.263733345828842600e-03 3.701794667541352495e-03 3.734595379785389524e-02 2.909891757649594665e-02 1.577558065070365284e-03 1.604111022601252545e-02 4.514002780250847037e-03 3.653374568514439896e-02 1.950861409181075395e-02 2.506911578651422126e-02 2.733392687003108334e-03 1.132405541758430521e-02 3.087952766974368449e-02 
4.843571841369508080e-02 1.666588569732752392e-02 8.075222966746325309e-03 7.606641363260078191e-03 5.544882307920591044e-03 2.694344220045920973e-02 1.729066116864251892e-02 1.772800399856301612e-02 1.866516720553551209e-02 2.625618918201271315e-02 1.554128984896053015e-02 8.106461740312076100e-03 1.213626353029380149e-02 9.762116739296815976e-03 3.247270512159692452e-02 5.732314949315089718e-03 1.019945956921731317e-02 0.000000000000000000e+00 2.653733814410446160e-02 3.800196804273463930e-02 8.606282117364073142e-03 4.096965153148087596e-02 1.198006966246505101e-02 2.316355059900348373e-02 2.781812786030020412e-02 1.491651437764553341e-02 6.502350717710822514e-02 8.699998438061322045e-03 1.969604673320525523e-02 3.500304578042266052e-02 1.385439607641003948e-02 1.885259984693000990e-02 2.182028333567623962e-02 3.815816191056339152e-02 1.722818362151102081e-02 1.210502475672805070e-02 1.897755494119300959e-02 1.913374880902175834e-02 1.832154069631226206e-02 2.057073239304624962e-02 2.306983427830623309e-02 2.014900894990862695e-03 3.326929384752354713e-03 2.253877512768848526e-02 1.357324711431829103e-02 4.670196648079596655e-03 1.694703465941927237e-02 4.295331365290598440e-03 7.341111787951204925e-04 1.847773456414101081e-02 4.093841275791512690e-02 1.535385720756603060e-02 4.221920247411086596e-02 9.637161645033816282e-03 3.857988535370101245e-03 5.045061930868594002e-03 2.238258125985973651e-02 1.608796838636115207e-03 4.576480327382346884e-03 2.967683488746231894e-04 2.213267107133374059e-02 5.482404760789091197e-03 4.531184105712009885e-02 4.559299001921184730e-02 1.358886650110116686e-03 1.472908173625103560e-02 
2.967683488746231894e-04 8.668759664495571254e-03 2.281992408978023371e-02 2.514721272042859737e-03 1.551005107539477935e-02 4.234415756837386219e-02 1.123033909688705631e-02 7.669118910391578038e-03 1.700951220655077048e-02 2.578760757852646690e-02 7.341111787951204925e-04 8.575043343798322351e-03 8.418849475969573601e-03 3.358168158318104637e-03 6.638239382721834031e-03 2.734954625681395787e-02 1.007450447495431348e-02 2.653733814410446160e-02 0.000000000000000000e+00 1.866516720553551209e-02 4.982584383737094155e-03 1.472908173625103560e-02 4.076659950330349842e-03 5.013823157302844079e-03 5.154397638348718952e-04 1.804039173422051362e-02 6.013463911406838162e-03 4.857629289474095328e-03 2.608437592740109074e-03 6.419567967761585434e-03 9.730877965731065185e-03 2.316355059900348373e-02 5.482404760789091197e-03 1.310466551083204478e-02 2.306983427830623309e-02 5.170017025131593696e-03 7.669118910391578038e-03 2.475672805085672376e-02 1.816534682848351331e-02 1.560376739609202999e-02 1.985224060103400398e-02 2.057073239304624962e-02 1.132405541758430521e-02 2.519407088077722096e-02 2.639676366305858998e-03 8.668759664495571254e-03 8.231416834575074060e-03 3.000484200990269010e-02 1.077737688018368459e-03 1.222997985099105039e-02 1.616606532027552515e-02 3.241022757446542640e-02 7.950267872483325615e-03 7.075582212642332093e-03 1.561938678287490417e-05 3.857988535370101245e-03 5.763553722880839641e-03 1.544757352826328124e-02 6.919388344813582475e-03 1.188635334176780210e-02 9.637161645033816282e-03 1.073051871983505927e-02 1.347953079362104213e-02 1.763428767786576548e-02 1.388563484997579027e-02 1.322962060509504448e-02 
1.575996126392077701e-02 1.088671258766380802e-02 1.319838183152929369e-02 1.641597550880152454e-02 1.046498914452618535e-03 4.437467785014760635e-02 1.619730409384127420e-02 1.432297767989628746e-02 1.185511456820205305e-02 9.730877965731065185e-03 2.030520281773737440e-04 2.044577729878324993e-02 5.107539478000093849e-03 6.856910797682082628e-03 7.512925042562829288e-03 1.421364197241616317e-03 9.168580041547568296e-03 3.800196804273463930e-02 1.866516720553551209e-02 0.000000000000000000e+00 5.466785374006216018e-04 1.816534682848351331e-02 1.466660418911953576e-02 2.967683488746231894e-04 2.360089342892398093e-02 3.878293738187838652e-02 5.774487293628852158e-02 2.788060540743170571e-02 3.201974290489355453e-03 5.170017025131593696e-03 1.107414522905830756e-02 2.238258125985973651e-02 2.077378442122362109e-03 1.416678381206753871e-02 2.600627899348671723e-02 8.887431079455819852e-03 5.419927213657592217e-03 5.052871624260031613e-02 2.681848710619621004e-02 9.762116739296815976e-03 4.857629289474095328e-03 8.075222966746325309e-03 2.069568748730924931e-02 2.928635021789044446e-02 2.400699748527872907e-02 1.235493494525405009e-02 1.135529419115005600e-02 7.794074004654576865e-03 2.778688908673445507e-02 2.522530965434297001e-02 2.107055277009824493e-02 9.262296362244818934e-03 6.856910797682082628e-03 3.170735516923605529e-03 2.077378442122362109e-03 7.575402589694328268e-03 1.319838183152929369e-02 2.952064101963356932e-03 3.331615200787216985e-02 3.631507427018415557e-02 3.531543351608015802e-02 9.527825937553691983e-04 1.394811239710729012e-02 1.101166768192680771e-02 1.582243881105227859e-02 1.513518579260578201e-02 
2.185152210924199215e-02 2.139855989253861956e-03 1.654093060306452423e-02 5.977539321806225880e-02 2.947378285928494573e-02 2.525654842790871907e-02 9.168580041547568296e-03 2.795870234134607748e-03 2.525654842790871907e-02 2.344469956109523218e-02 3.191040719741342763e-02 8.903050466238695681e-04 5.180950595879605519e-02 1.889945800727863435e-03 4.287521671899161002e-02 1.051184730487481067e-02 1.082423504053230817e-02 8.606282117364073142e-03 4.982584383737094155e-03 5.466785374006216018e-04 0.000000000000000000e+00 1.035565343704606192e-02 2.275744654264873559e-02 3.764272214672851908e-03 3.200412351811068173e-02 1.094919013479530787e-02 2.441310154163347720e-02 2.210143229776798807e-02 8.012745419614825462e-03 8.075222966746325309e-03 1.113662277618980741e-02 1.561938678287490417e-05 1.001202692782281363e-02 1.888383862049575895e-02 9.324773909376317046e-03 1.016822079565156238e-02 2.150789560001874212e-02 3.784577417490589402e-02 2.653733814410446160e-02 1.422926135919903856e-02 2.891148493510144885e-02 3.278509285725442202e-02 3.315995814004342457e-02 1.507270824547428216e-02 1.566624494322352984e-02 2.072692626087499837e-02 1.922746512971900551e-02 2.257001390125423779e-02 1.463536541555378497e-02 2.778688908673445507e-02 2.922387267075894635e-02 1.519766333973728185e-02 1.394811239710729012e-02 1.885259984693000990e-02 1.483841744373115947e-03 1.088671258766380802e-02 1.358886650110116686e-03 1.766552645143151801e-02 3.668993955297315118e-02 4.420286459553598134e-03 6.075941458538338009e-03 1.671274385767614837e-03 3.206660106524217985e-02 1.725942239507676987e-02 3.100448276400668418e-02 4.300017181325461318e-02 
1.057432485200631052e-02 3.733033441107101984e-03 9.637161645033816282e-03 1.166768192680755351e-02 1.107414522905830756e-02 1.046498914452618535e-03 4.545241553816596961e-03 7.106820986208081149e-03 1.700951220655077048e-02 7.294253627602580690e-03 3.264451837620854866e-03 8.075222966746325309e-03 5.576121081486340968e-03 2.172656701497899245e-02 1.073051871983505927e-02 1.889945800727863435e-03 4.217234431376223956e-04 4.096965153148087596e-02 1.472908173625103560e-02 1.816534682848351331e-02 1.035565343704606192e-02 0.000000000000000000e+00 7.856551551786076712e-03 3.670555893975602571e-03 1.838401824344376365e-02 1.904003248832450770e-02 5.982225137841088239e-03 1.538509598113178140e-02 3.259766021585992768e-02 4.685816034862471589e-05 4.076659950330349842e-03 1.132405541758430521e-02 1.335457569935804244e-02 1.322962060509504448e-02 2.108617215688112032e-03 1.316714305796354463e-02 1.679084079159052362e-02 3.128563172609843263e-02 1.972728550677100429e-02 1.635349796167002642e-02 2.972369304781094165e-02 7.512925042562829288e-03 2.413195257954172876e-02 1.015260140886868829e-03 7.887790325351827503e-03 2.472548927729097470e-02 1.622854286740702673e-02 7.762835231088827809e-03 2.577198819174359151e-03 2.202333536385361369e-03 3.703356606219639774e-02 7.965887259266201227e-04 9.043624947284570337e-03 7.387969948299829594e-03 3.269137653655717485e-02 6.107180232104087933e-03 4.638957874513846731e-03 2.920825328397607008e-03 2.619371163488121504e-02 2.452243724911359890e-03 8.043984193180576253e-03 1.785295909282601581e-02 2.560017493713196909e-02 4.549927369851459319e-02 3.378473361135841957e-02 1.738437748933976956e-02 
7.809693391437452423e-05 2.947378285928494573e-02 8.949908626587319699e-03 1.757181013073426737e-02 1.772800399856301612e-02 8.903050466238695681e-04 1.191759211533355116e-02 1.472908173625103560e-02 6.138419005669836989e-03 1.796229480030614098e-03 7.606641363260078191e-03 2.394451993814722748e-02 9.043624947284570337e-03 2.428814644737047751e-02 1.338581447292379323e-02 1.132405541758430521e-02 5.590178529590928563e-02 1.198006966246505101e-02 4.076659950330349842e-03 1.466660418911953576e-02 2.275744654264873559e-02 7.856551551786076712e-03 0.000000000000000000e+00 1.483841744373115947e-03 6.856910797682082628e-03 2.466301173015947312e-02 8.575043343798322351e-03 1.738437748933976956e-02 6.950627118379332399e-03 1.394811239710729012e-02 3.904846695718726347e-04 1.135529419115005600e-02 1.229245739812255024e-02 2.941130531215344415e-02 5.999406463302250914e-02 2.172656701497899245e-02 3.295690611186604790e-03 1.513518579260578201e-02 1.510394701904003295e-02 2.788060540743170571e-02 6.669478156287583955e-03 3.544038861034316118e-02 9.199818815113319087e-03 1.104290645549255677e-02 7.169298533339580996e-03 2.191399965637349026e-02 2.556893616356622004e-02 3.062961748121768857e-02 9.793355512862565032e-03 3.077019196226356192e-03 3.764272214672851908e-03 1.316714305796354463e-02 1.405744810458741409e-04 3.639317120409852648e-03 3.865798228761539029e-02 1.113662277618980741e-02 2.756821767177420474e-02 2.353841588179247934e-02 8.918669853021570643e-03 3.103572153757243324e-02 2.422566890023897593e-02 8.418849475969573601e-03 1.479155928338253372e-02 2.639676366305858998e-03 4.420286459553598134e-03 1.952423347859363065e-03 
4.545241553816596961e-03 9.262296362244818934e-03 1.591615513174952923e-02 6.107180232104087933e-03 7.481686268997079364e-03 1.310466551083204478e-02 1.247989003951704805e-02 1.285475532230604713e-02 1.154272683254455381e-02 9.324773909376317046e-03 1.079299626696655912e-02 5.950986364275338315e-03 5.263733345828842600e-03 1.327647876544366763e-03 2.702153913437358411e-03 1.401058994423878996e-02 2.119550786436124462e-02 2.316355059900348373e-02 5.013823157302844079e-03 2.967683488746231894e-04 3.764272214672851908e-03 3.670555893975602571e-03 1.483841744373115947e-03 0.000000000000000000e+00 1.263608390734579680e-02 1.379191852927854137e-02 3.764272214672851908e-03 1.276103900160879649e-02 9.668400418599565338e-03 7.762835231088827809e-03 1.198006966246505101e-02 1.294847164300329603e-02 2.421004951345609967e-03 1.438545522702778731e-02 2.091435890226949618e-02 2.291364041047748434e-02 2.608437592740109074e-03 2.264811083516861216e-03 7.794074004654576865e-03 2.425690767380472498e-02 2.766193399247145537e-02 4.685816034862471589e-05 2.296049857082611140e-03 1.226121862455679945e-02 3.139496743357855606e-03 1.132405541758430521e-02 5.576121081486340968e-03 1.672836324445902204e-02 3.982943629633100939e-03 1.953985286537650648e-02 1.379191852927854137e-02 8.824953532324321739e-03 1.561938678287490417e-05 3.795510988238601831e-03 3.340986832856941702e-02 1.889945800727863435e-03 1.282351654874029634e-02 1.483841744373115947e-03 3.451884479015353974e-03 8.387610702403822810e-03 3.139496743357855606e-03 1.338581447292379323e-02 1.452602970807366023e-03 7.356731174734079670e-03 3.269137653655717485e-02 8.543804570232573295e-03 
