1.000000 -0.011334 0.056452 0.215077 0.129242 0.002273 0.144349 -0.018918 0.014631 0.113455 0.045818 0.104822 0.040245 0.072575 0.226628 0.187403 0.409031 0.015194 0.040831 0.036596 0.193032 0.123926 0.071348 0.177911 0.211760 0.021647 0.086715 0.036505 0.329977 0.486666 0.166080 0.162645 0.523244 0.196552 0.029900 0.035402 0.043288 0.042734 0.084245 0.148216 0.051237 0.123488 0.216697 0.104553 0.038589 0.273071 0.029795 0.095132 0.046459 0.229218 0.037436 0.042264 0.178731 0.113644 0.065926 0.010240 0.012051 0.101586 0.063378 0.044922 0.018494 0.046656 0.132177 0.080272 0.096743 0.101450 
-0.011334 1.000000 0.369407 -0.068003 0.117676 0.053922 0.131192 -0.022300 0.158622 -0.002253 -0.065291 0.048795 0.003693 0.110781 0.101418 0.187006 0.060068 0.123187 -0.036064 0.068204 -0.056650 0.051948 0.361504 0.133365 -0.015642 0.175347 0.047068 0.747017 -0.073707 0.100027 0.028814 0.070699 0.072506 0.056895 0.600112 0.096394 -0.059517 0.077099 0.072047 0.090064 0.060959 0.120469 0.035685 0.055237 0.114377 0.006162 0.164823 0.126759 0.155868 0.053347 0.028918 0.052687 0.062254 -0.050005 0.117397 0.252267 0.128977 0.011282 0.092107 0.122478 0.477230 0.112757 0.069018 0.014491 0.171786 0.066304 
0.056452 0.369407 1.000000 0.098448 0.135572 0.126637 0.122275 0.002020 0.220114 0.145584 -0.045304 0.125579 0.037074 0.167584 0.223749 0.266795 0.082406 0.099808 0.086030 -0.097409 0.072667 0.200129 0.388890 0.223228 0.140337 0.009725 -0.025772 0.474584 0.131564 0.233202 -0.015348 0.190354 0.000827 0.001283 0.125905 0.210769 0.028881 0.023862 -0.023644 0.059779 0.081487 0.024669 0.094778 0.006424 0.087326 0.084638 0.092680 0.035350 0.132538 0.092366 0.105703 0.040740 -0.044048 0.048879 0.079515 0.169394 0.107164 0.117216 0.038838 -0.079448 0.147939 0.073861 0.020822 0.050999 0.026250 0.033442 
0.215077 -0.068003 0.098448 1.000000 0.076235 0.102887 0.038974 0.139646 0.001816 0.424564 0.326239 0.054009 0.523981 0.079473 0.119557 0.063681 0.043659 0.029018 0.047106 0.087238 0.934742 -0.032962 0.059684 -0.036352 0.617397 0.107483 -0.018880 -0.045538 0.426462 0.105186 -0.029734 0.081316 0.028738 0.162108 -0.017458 0.034680 0.406232 0.038375 0.137267 0.056497 0.082933 0.044471 0.217549 0.084359 0.029540 0.260021 0.019400 0.082995 0.113635 0.118279 -0.040177 0.178140 -0.016323 0.436600 0.044930 -0.002906 0.001238 0.270346 0.135983 0.069069 -0.027820 -0.000399 0.155771 0.065994 -0.017050 0.116267 
0.129242 0.117676 0.135572 0.076235 1.000000 0.072853 0.882175 -0.065334 0.610983 0.200407 0.032414 0.119240 -0.024924 0.117606 0.303643 0.176228 0.489742 0.058029 0.095530 0.035210 0.073327 0.072119 0.232506 0.094547 0.184095 0.125119 0.061834 0.176034 0.157329 0.224952 0.024959 0.472410 0.098525 0.037611 0.086530 0.083997 -0.022403 -0.036383 0.120437 0.212920 0.090953 0.128103 0.329608 0.127283 0.074195 0.212277 0.088244 0.099049 0.101179 0.071365 0.052535 0.002694 0.046948 0.051109 0.067626 0.134347 0.058624 0.150652 0.097877 -0.003649 0.096596 0.093029 0.023595 0.094112 -0.004291 0.073167 
0.002273 0.053922 0.126637 0.102887 0.072853 1.000000 0.081229 -0.013108 -0.003000 0.062433 -0.067762 0.174579 0.070598 0.369398 -0.015669 -0.018074 0.088095 0.171109 0.151567 0.019956 0.077126 0.063565 0.031835 -0.023053 0.092266 0.464138 0.062666 0.035148 0.020396 -0.067426 0.123926 0.126284 0.000715 -0.034567 0.095487 0.138579 0.085882 -0.002855 0.458506 0.017395 0.097039 0.058087 0.109289 -0.060743 0.152882 0.034973 0.262655 0.096605 0.118511 0.045855 0.031011 0.131626 -0.021007 0.070082 0.091859 0.093696 0.099750 0.095048 0.382629 0.107755 0.033327 0.051000 0.035839 0.041707 0.006523 0.065884 
0.144349 0.131192 0.122275 0.038974 0.882175 0.081229 1.000000 -0.076864 0.591871 0.119255 0.041173 0.158929 -0.043929 0.134089 0.171263 0.153029 0.499123 0.027969 0.080483 -0.033330 0.021823 0.037558 0.194621 0.114805 0.128051 0.095397 -0.013620 0.178805 0.109178 0.175398 0.018456 0.321870 0.134947 0.035378 0.095616 0.082957 -0.052920 -0.012111 0.110441 0.278742 0.092792 0.141790 0.269336 0.144228 0.081183 0.238989 0.068354 0.115094 0.075992 0.113095 0.100990 -0.007542 0.043690 0.032647 0.055465 0.094943 0.032539 0.115818 0.107611 0.004727 0.107312 0.069980 0.022352 0.077092 -0.009231 0.086843 
-0.018918 -0.022300 0.002020 0.139646 -0.065334 -0.013108 -0.076864 1.000000 -0.064622 0.235462 0.248023 -0.031050 0.262797 -0.019418 -0.030777 0.038562 -0.026770 -0.009084 -0.018706 -0.012233 0.228788 0.013407 0.048608 0.068837 0.217981 -0.052444 -0.047957 -0.082411 0.161471 -0.039646 0.007289 -0.028111 -0.042658 0.101500 -0.012614 0.075028 0.092415 0.091911 -0.057478 0.051596 0.018513 0.034061 0.083386 0.031455 0.066901 0.070108 0.068270 0.041404 0.130467 0.100185 0.100447 0.046199 0.042750 0.082412 0.082758 0.114317 0.102892 0.095540 -0.016350 0.044304 0.054465 0.017418 0.123201 0.047867 0.079907 0.114974 
0.014631 0.158622 0.220114 0.001816 0.610983 -0.003000 0.591871 -0.064622 1.000000 0.114102 0.046738 0.223858 -0.082272 0.081175 0.393871 0.142602 0.174377 0.066032 0.208085 0.007870 -0.015663 0.077565 0.228131 0.107187 0.087788 0.154562 0.094338 0.201656 0.096502 0.161334 -0.016722 0.245124 0.020369 -0.013540 0.134182 0.053276 -0.055063 0.014606 0.007862 0.214424 0.093924 0.109429 0.188660 0.119020 0.044903 0.149709 0.003184 0.059630 0.105583 0.098609 0.055421 -0.055375 -0.000589 -0.017368 0.053197 0.168753 0.035675 0.095008 -0.010464 0.001009 0.180754 0.077675 -0.064178 -0.021201 0.011472 -0.034210 
0.113455 -0.002253 0.145584 0.424564 0.200407 0.062433 0.119255 0.235462 0.114102 1.000000 0.216534 0.111702 0.378901 0.137343 0.119278 0.308293 0.080512 0.164019 0.096973 0.146676 0.481458 0.203716 0.388548 0.129430 0.796276 0.103815 0.014787 0.074092 0.516241 0.125208 0.110364 0.074707 0.071146 0.242651 -0.039037 -0.009858 0.149874 0.245510 0.147526 0.116424 0.017351 0.212122 0.439431 0.092097 0.092688 0.155991 0.113509 0.200705 0.306196 0.267310 0.083319 0.125809 0.023304 0.196578 0.133770 0.245542 0.124937 0.407323 0.143602 0.139255 0.041569 0.061600 0.376608 0.173919 0.178234 0.286801 
0.045818 -0.065291 -0.045304 0.326239 0.032414 -0.067762 0.041173 0.248023 0.046738 0.216534 1.000000 0.011411 0.508888 0.014939 0.043269 0.045658 -0.006279 -0.049830 -0.038478 0.037806 0.449973 0.000871 0.066795 0.001079 0.231165 0.049288 -0.035397 -0.024325 0.133713 0.081854 0.083974 0.010895 0.082234 0.102655 0.019262 0.012478 0.063196 0.071585 -0.019050 0.070158 0.011510 0.046775 0.117886 -0.001402 0.000298 0.026759 -0.049029 0.061458 0.098110 0.090804 -0.002108 0.094813 0.025572 0.070304 0.011403 0.083803 0.046346 0.054804 -0.030792 0.079058 0.023794 -0.036199 0.095744 0.054537 -0.007859 0.113312 
0.104822 0.048795 0.125579 0.054009 0.119240 0.174579 0.158929 -0.031050 0.223858 0.111702 0.011411 1.000000 -0.015640 0.769764 0.018355 0.073249 0.070388 0.144874 0.300134 0.043480 0.009472 0.167334 0.080970 0.110337 0.140461 0.127109 0.076445 0.022115 0.119046 0.028479 0.095932 0.084429 0.062215 -0.016920 0.090122 0.067707 -0.008076 -0.032248 0.154998 0.071376 0.019326 0.050366 0.052205 0.089771 0.092591 0.092968 0.163424 0.073154 0.049805 0.065283 0.089903 0.038302 0.053909 0.016508 0.065921 0.045836 0.030504 0.053047 0.138086 0.136578 0.057877 0.019929 0.084104 0.008420 -0.065557 0.087785 
0.040245 0.003693 0.037074 0.523981 -0.024924 0.070598 -0.043929 0.262797 -0.082272 0.378901 0.508888 -0.015640 1.000000 0.057878 0.066355 0.035882 -0.016903 0.032456 0.062405 0.075515 0.691952 -0.009035 0.074236 -0.024629 0.386562 0.045624 -0.020269 -0.021677 0.146484 0.052021 0.035339 0.053201 0.014952 0.240315 0.061544 0.032682 0.195192 0.119176 0.120419 0.006459 -0.010160 0.084963 0.112762 0.033785 0.046029 0.031456 0.031393 0.176026 0.129259 0.189514 0.031003 0.219796 0.016013 0.175289 0.080769 0.073157 0.067801 0.135469 0.063493 0.154502 0.079966 0.024165 0.284977 0.119436 0.121899 0.271322 
0.072575 0.110781 0.167584 0.079473 0.117606 0.369398 0.134089 -0.019418 0.081175 0.137343 0.014939 0.769764 0.057878 1.000000 0.004161 0.098415 0.131092 0.193647 0.124995 0.023226 0.057611 0.232241 0.105354 0.136978 0.153628 0.171482 0.067728 0.066942 0.122334 0.000727 0.161148 0.054242 0.042062 -0.035479 0.155685 0.110167 0.028671 -0.010928 0.325906 0.081054 0.061517 0.057746 0.113076 0.060990 0.204705 0.073737 0.481804 0.070626 0.061759 0.094630 0.086432 0.187698 -0.004811 0.017448 0.035885 0.056492 0.042908 0.098469 0.303427 0.068238 0.117514 0.050824 0.071144 0.026710 -0.063790 0.110374 
0.226628 0.101418 0.223749 0.119557 0.303643 -0.015669 0.171263 -0.030777 0.393871 0.119278 0.043269 0.018355 0.066355 0.004161 1.000000 0.165879 0.330239 -0.008702 -0.002764 -0.002377 0.126352 0.149620 0.197283 0.139331 0.116243 0.120938 0.183141 0.098750 0.106548 0.715833 0.000805 0.542596 0.178604 0.027919 0.144006 0.108761 -0.053798 0.032657 -0.032130 0.152813 0.038996 0.115066 0.218034 0.051418 0.067477 0.169977 0.029547 0.110725 0.096123 0.168919 -0.118845 0.015843 -0.097905 0.007018 -0.003015 0.170984 0.053067 0.056298 0.026842 -0.014087 0.124694 -0.032789 0.034729 0.095751 0.072222 0.041683 
0.187403 0.187006 0.266795 0.063681 0.176228 -0.018074 0.153029 0.038562 0.142602 0.308293 0.045658 0.073249 0.035882 0.098415 0.165879 1.000000 0.094883 0.033431 0.074442 -0.022485 0.063527 0.424965 0.838567 0.757325 0.109602 0.059230 0.069548 0.359636 0.145110 0.319424 0.116708 0.175556 0.257479 0.083704 0.126790 0.057717 0.028900 0.040944 0.009085 0.096131 -0.036915 0.054172 0.156149 0.190411 0.094249 0.122057 0.050018 0.025387 0.424730 0.113477 0.091686 0.075124 0.137328 0.102150 0.135078 0.433809 0.096546 0.113147 0.031247 -0.054120 0.161265 0.098662 0.132616 0.084331 0.073376 0.095504 
0.409031 0.060068 0.082406 0.043659 0.489742 0.088095 0.499123 -0.026770 0.174377 0.080512 -0.006279 0.070388 -0.016903 0.131092 0.330239 0.094883 1.000000 0.001070 0.001236 0.025825 0.039807 0.090866 0.072008 0.091308 0.144815 0.121460 0.070178 0.064823 0.183740 0.385287 0.078356 0.300794 0.265092 0.195764 0.114157 0.116568 -0.004208 0.066556 0.117614 0.335854 0.164858 0.203532 0.416694 0.070325 0.125957 0.350970 0.129064 0.234611 0.078793 0.348545 0.012467 0.011326 0.070878 0.114022 0.083190 0.140546 0.108415 0.183247 0.165507 0.083419 0.077588 0.061432 0.161125 0.143485 0.097477 0.176696 
0.015194 0.123187 0.099808 0.029018 0.058029 0.171109 0.027969 -0.009084 0.066032 0.164019 -0.049830 0.144874 0.032456 0.193647 -0.008702 0.033431 0.001070 1.000000 0.073021 0.328561 0.038937 0.065861 0.023512 -0.018400 0.138146 0.195370 0.059539 0.090141 0.139422 -0.020658 0.077240 0.051685 0.070478 -0.013052 0.094839 0.076595 0.019825 -0.011674 0.226266 0.024050 0.006124 0.010179 0.085632 0.070259 0.107188 0.090148 0.185542 0.020024 0.083717 0.018044 0.072258 0.115405 0.038105 0.041903 -0.034451 0.031519 0.005227 0.096022 0.253840 0.105977 0.077755 -0.060368 0.067140 -0.000788 -0.007598 0.037120 
0.040831 -0.036064 0.086030 0.047106 0.095530 0.151567 0.080483 -0.018706 0.208085 0.096973 -0.038478 0.300134 0.062405 0.124995 -0.002764 0.074442 0.001236 0.073021 1.000000 0.266652 0.030868 0.095065 0.086443 0.097725 0.094369 0.173869 0.186273 0.023254 0.010547 0.041162 0.162539 0.129733 0.131326 -0.082501 0.005031 0.068054 0.080564 -0.019390 0.176251 0.143869 0.139524 -0.010359 0.105563 0.019234 0.043661 0.203118 0.057540 -0.041584 0.043756 0.081561 -0.003479 0.047346 0.045106 0.099176 -0.025753 0.027161 0.001099 0.145139 0.096438 0.010459 0.010288 0.064575 -0.025012 0.069200 0.056219 0.020653 
0.036596 0.068204 -0.097409 0.087238 0.035210 0.019956 -0.033330 -0.012233 0.007870 0.146676 0.037806 0.043480 0.075515 0.023226 -0.002377 -0.022485 0.025825 0.328561 0.266652 1.000000 0.104791 0.036754 0.010712 -0.094330 0.123127 0.081575 0.406155 0.008141 0.071402 -0.027369 0.245909 -0.015358 0.011921 0.106753 0.056828 -0.008956 0.116690 0.095766 0.113226 0.064630 0.046719 0.120491 0.089474 0.097664 0.094141 0.110911 0.066191 0.130956 0.124315 0.068335 -0.004884 0.018037 0.095166 0.155504 0.068816 0.096829 0.106566 0.152202 0.055751 0.157804 0.037220 0.071687 0.089895 0.039869 0.112060 -0.000564 
0.193032 -0.056650 0.072667 0.934742 0.073327 0.077126 0.021823 0.228788 -0.015663 0.481458 0.449973 0.009472 0.691952 0.057611 0.126352 0.063527 0.039807 0.038937 0.030868 0.104791 1.000000 -0.024127 0.072163 -0.052644 0.617461 0.112671 -0.029035 -0.042312 0.446251 0.103033 0.000812 0.080452 0.020375 0.176568 -0.022544 0.012869 0.312798 0.072246 0.136976 0.029658 0.038082 0.054961 0.203038 0.053373 0.010488 0.201070 0.013005 0.109920 0.127114 0.112554 -0.020431 0.167846 -0.016349 0.357084 0.066582 0.005950 0.020984 0.217165 0.130960 0.106826 -0.025697 -0.003147 0.196586 0.072312 0.031025 0.154725 
0.123926 0.051948 0.200129 -0.032962 0.072119 0.063565 0.037558 0.013407 0.077565 0.203716 0.000871 0.167334 -0.009035 0.232241 0.149620 0.424965 0.090866 0.065861 0.095065 0.036754 -0.024127 1.000000 0.348261 0.636654 0.064309 0.102690 0.242999 0.023298 0.209803 0.241624 0.281798 0.110359 0.132013 0.116142 0.041297 -0.047653 0.030934 0.061729 0.108639 0.074579 -0.083941 0.119727 0.080716 0.178937 0.180483 0.047271 0.198206 0.083184 0.065568 0.103051 0.133093 0.122101 0.059601 0.054186 0.050431 0.099587 0.039047 0.100795 0.069633 -0.055811 0.059664 -0.021552 0.119607 0.066534 0.107468 0.051789 
0.071348 0.361504 0.388890 0.059684 0.232506 0.031835 0.194621 0.048608 0.228131 0.388548 0.066795 0.080970 0.074236 0.105354 0.197283 0.838567 0.072008 0.023512 0.086443 0.010712 0.072163 0.348261 1.000000 0.601255 0.140025 0.039633 0.059909 0.556645 0.099680 0.266524 0.099771 0.181521 0.158988 0.086812 0.278763 0.088785 0.033673 0.162661 0.005162 0.108437 -0.015911 0.142158 0.204913 0.118432 0.087759 0.083292 0.074150 0.104123 0.470894 0.132570 0.025954 0.032552 0.067986 0.076426 0.151788 0.617341 0.136272 0.142648 -0.011714 -0.036835 0.305935 0.108524 0.157932 0.086330 0.183263 0.091083 
0.177911 0.133365 0.223228 -0.036352 0.094547 -0.023053 0.114805 0.068837 0.107187 0.129430 0.001079 0.110337 -0.024629 0.136978 0.139331 0.757325 0.091308 -0.018400 0.097725 -0.094330 -0.052644 0.636654 0.601255 1.000000 -0.013656 0.008085 0.126260 0.213302 0.076576 0.317401 0.106994 0.139890 0.233386 0.076617 0.099459 0.066282 0.022231 0.015737 -0.021592 0.107172 0.007533 0.052743 0.074906 0.188358 0.128277 0.105923 0.078400 0.046344 0.109190 0.117994 0.085012 0.130158 0.120549 0.064865 -0.000865 0.162354 -0.046579 0.091193 0.032761 -0.140911 0.145265 0.046493 0.098944 0.059704 0.043638 0.079988 
0.211760 -0.015642 0.140337 0.617397 0.184095 0.092266 0.128051 0.217981 0.087788 0.796276 0.231165 0.140461 0.386562 0.153628 0.116243 0.109602 0.144815 0.138146 0.094369 0.123127 0.617461 0.064309 0.140025 -0.013656 1.000000 0.085833 -0.049445 0.018005 0.685853 0.143706 0.013991 0.084382 0.069962 0.178127 -0.061473 0.004616 0.167647 0.080811 0.157097 0.089897 0.091026 0.112964 0.375524 0.123422 0.040930 0.222466 0.069475 0.116883 0.197287 0.138524 0.083185 0.130870 0.000779 0.234979 0.095624 0.119659 0.108112 0.392642 0.149524 0.094271 -0.008646 0.020192 0.226768 0.108300 0.001048 0.154208 
0.021647 0.175347 0.009725 0.107483 0.125119 0.464138 0.095397 -0.052444 0.154562 0.103815 0.049288 0.127109 0.045624 0.171482 0.120938 0.059230 0.121460 0.195370 0.173869 0.081575 0.112671 0.102690 0.039633 0.008085 0.085833 1.000000 0.235038 0.048423 0.061236 0.059913 0.247797 0.107239 0.121739 -0.064189 0.109392 0.065781 0.051912 -0.031030 0.577087 -0.004843 0.093458 -0.008891 0.179100 -0.037633 0.077131 0.096064 0.218680 -0.008102 0.111174 -0.003167 0.101276 0.102830 0.036342 0.066221 0.085497 0.046516 0.060276 0.144002 0.627228 0.187446 0.088338 0.059925 -0.022653 0.042877 0.013460 0.035715 
0.086715 0.047068 -0.025772 -0.018880 0.061834 0.062666 -0.013620 -0.047957 0.094338 0.014787 -0.035397 0.076445 -0.020269 0.067728 0.183141 0.069548 0.070178 0.059539 0.186273 0.406155 -0.029035 0.242999 0.059909 0.126260 -0.049445 0.235038 1.000000 -0.032242 -0.079845 0.090355 0.350624 0.084627 0.131385 -0.047797 0.047337 0.059926 0.037076 0.023369 0.157684 0.050987 0.047876 0.058528 0.027627 0.075780 0.080506 0.074580 0.088266 0.019065 0.038846 0.038115 -0.120246 0.047256 0.034908 0.036355 0.015006 0.040538 0.004538 0.053506 0.105287 0.072980 0.063297 0.024876 -0.010571 0.070606 0.068510 -0.000146 
0.036505 0.747017 0.474584 -0.045538 0.176034 0.035148 0.178805 -0.082411 0.201656 0.074092 -0.024325 0.022115 -0.021677 0.066942 0.098750 0.359636 0.064823 0.090141 0.023254 0.008141 -0.042312 0.023298 0.556645 0.213302 0.018005 0.048423 -0.032242 1.000000 -0.019944 0.150758 0.021450 0.120906 0.132399 0.043263 0.485582 0.120872 -0.020388 0.059732 -0.037113 0.094985 0.084526 0.074819 0.092375 0.042773 0.021401 0.041384 0.062225 0.077745 0.209553 0.071635 0.014255 0.003390 0.050313 -0.010319 0.043184 0.343278 0.067039 0.064009 -0.011290 -0.002641 0.404404 0.133256 0.010015 -0.016026 0.079320 -0.014476 
0.329977 -0.073707 0.131564 0.426462 0.157329 0.020396 0.109178 0.161471 0.096502 0.516241 0.133713 0.119046 0.146484 0.122334 0.106548 0.145110 0.183740 0.139422 0.010547 0.071402 0.446251 0.209803 0.099680 0.076576 0.685853 0.061236 -0.079845 -0.019944 1.000000 0.156771 0.065459 0.065574 0.077878 0.171095 -0.115547 -0.009813 0.072284 -0.026044 0.112276 0.067419 0.088486 0.057685 0.221421 0.057363 -0.018000 0.198792 0.013163 0.076703 0.113450 0.082532 0.141189 0.059124 0.050568 0.157113 0.095284 0.048953 0.110217 0.186847 0.138643 0.000767 -0.091857 0.029014 0.143812 -0.020454 -0.015947 0.039114 
0.486666 0.100027 0.233202 0.105186 0.224952 -0.067426 0.175398 -0.039646 0.161334 0.125208 0.081854 0.028479 0.052021 0.000727 0.715833 0.319424 0.385287 -0.020658 0.041162 -0.027369 0.103033 0.241624 0.266524 0.317401 0.143706 0.059913 0.090355 0.150758 0.156771 1.000000 0.102358 0.507964 0.616745 0.113219 0.094677 0.080767 -0.032883 0.036695 -0.004364 0.187285 0.067025 0.103294 0.254294 0.125854 0.109487 0.216549 0.063348 0.079266 0.073032 0.220302 -0.104812 0.038715 -0.030387 0.033131 0.011081 0.149463 0.027879 0.093411 0.051743 -0.046903 0.055978 0.036578 0.096535 0.148130 0.087411 0.120427 
0.166080 0.028814 -0.015348 -0.029734 0.024959 0.123926 0.018456 0.007289 -0.016722 0.110364 0.083974 0.095932 0.035339 0.161148 0.000805 0.116708 0.078356 0.077240 0.162539 0.245909 0.000812 0.281798 0.099771 0.106994 0.013991 0.247797 0.350624 0.021450 0.065459 0.102358 1.000000 0.034008 0.412784 0.029989 0.046669 0.004508 0.064669 0.002632 0.261735 0.034851 0.050026 0.036462 0.046570 0.051663 0.035784 0.034926 0.131235 0.031391 0.067071 0.130187 -0.025372 0.061210 0.132281 0.045110 0.037213 0.012910 0.009356 0.052220 0.202117 0.049983 -0.001237 0.014932 0.100297 0.115509 0.066288 0.193622 
0.162645 0.070699 0.190354 0.081316 0.472410 0.126284 0.321870 -0.028111 0.245124 0.074707 0.010895 0.084429 0.053201 0.054242 0.542596 0.175556 0.300794 0.051685 0.129733 -0.015358 0.080452 0.110359 0.181521 0.139890 0.084382 0.107239 0.084627 0.120906 0.065574 0.507964 0.034008 1.000000 0.228428 -0.027166 0.054899 0.141575 0.052965 -0.061156 0.020803 0.128930 0.061901 -0.027377 0.246460 0.093425 0.100245 0.151788 0.039407 -0.028936 0.136210 0.128672 -0.065042 0.052752 -0.041100 0.083324 0.079295 0.179469 0.110296 0.082749 0.008909 -0.013267 0.048325 0.035971 0.002230 0.201077 0.005416 0.085509 
0.523244 0.072506 0.000827 0.028738 0.098525 0.000715 0.134947 -0.042658 0.020369 0.071146 0.082234 0.062215 0.014952 0.042062 0.178604 0.257479 0.265092 0.070478 0.131326 0.011921 0.020375 0.132013 0.158988 0.233386 0.069962 0.121739 0.131385 0.132399 0.077878 0.616745 0.412784 0.228428 1.000000 0.149896 0.105996 0.047498 0.068533 0.009191 0.112304 0.165074 0.116638 0.043117 0.237044 0.123501 0.089612 0.219259 0.113222 0.057494 0.079862 0.268320 -0.067043 0.085662 0.150154 0.105612 -0.016314 0.111672 -0.023218 0.131339 0.138874 -0.002030 0.071632 0.034150 0.153763 0.170018 0.091754 0.260713 
0.196552 0.056895 0.001283 0.162108 0.037611 -0.034567 0.035378 0.101500 -0.013540 0.242651 0.102655 -0.016920 0.240315 -0.035479 0.027919 0.083704 0.195764 -0.013052 -0.082501 0.106753 0.176568 0.116142 0.086812 0.076617 0.178127 -0.064189 -0.047797 0.043263 0.171095 0.113219 0.029989 -0.027166 0.149896 1.000000 0.115536 -0.027699 0.148391 0.252404 -0.020058 0.244694 0.032959 0.466050 0.086723 0.118468 0.071786 0.096953 0.038034 0.616970 0.071685 0.493112 0.064746 0.128090 0.134292 0.165070 0.095703 0.062159 0.100887 0.086994 -0.015879 0.095888 0.084881 0.024731 0.713992 0.256462 0.319077 0.420012 
0.029900 0.600112 0.125905 -0.017458 0.086530 0.095487 0.095616 -0.012614 0.134182 -0.039037 0.019262 0.090122 0.061544 0.155685 0.144006 0.126790 0.114157 0.094839 0.005031 0.056828 -0.022544 0.041297 0.278763 0.099459 -0.061473 0.109392 0.047337 0.485582 -0.115547 0.094677 0.046669 0.054899 0.105996 0.115536 1.000000 0.452333 -0.008254 0.124277 0.145983 0.152347 0.091615 0.198817 0.068363 0.033488 0.166153 0.069071 0.180253 0.197950 0.170451 0.150676 -0.078499 0.134659 -0.012028 -0.002551 0.008841 0.348928 0.112616 0.008493 0.123199 0.084765 0.815393 0.056465 0.047908 0.043929 0.209104 0.084124 
0.035402 0.096394 0.210769 0.034680 0.083997 0.138579 0.082957 0.075028 0.053276 -0.009858 0.012478 0.067707 0.032682 0.110167 0.108761 0.057717 0.116568 0.076595 0.068054 -0.008956 0.012869 -0.047653 0.088785 0.066282 0.004616 0.065781 0.059926 0.120872 -0.009813 0.080767 0.004508 0.141575 0.047498 -0.027699 0.452333 1.000000 0.052272 0.078231 0.129408 0.128064 0.134593 0.128455 0.048523 0.038988 0.136614 0.063573 0.154299 0.132162 0.202228 0.105724 -0.004454 0.080313 -0.124416 0.027735 0.032382 0.270949 0.208265 -0.008332 0.111839 -0.022925 0.415318 -0.006848 -0.023719 0.080150 0.104800 0.070647 
0.043288 -0.059517 0.028881 0.406232 -0.022403 0.085882 -0.052920 0.092415 -0.055063 0.149874 0.063196 -0.008076 0.195192 0.028671 -0.053798 0.028900 -0.004208 0.019825 0.080564 0.116690 0.312798 0.030934 0.033673 0.022231 0.167647 0.051912 0.037076 -0.020388 0.072284 -0.032883 0.064669 0.052965 0.068533 0.148391 -0.008254 0.052272 1.000000 -0.000832 0.087948 0.039681 0.225899 -0.028921 0.204608 0.185363 0.127817 0.312738 0.083419 0.048554 0.062931 0.160099 0.050057 0.151426 0.076668 0.857015 -0.030590 0.021673 0.010163 0.495275 0.078427 0.025803 -0.053100 0.112704 0.096152 0.068228 -0.016744 0.118714 
0.042734 0.077099 0.023862 0.038375 -0.036383 -0.002855 -0.012111 0.091911 0.014606 0.245510 0.071585 -0.032248 0.119176 -0.010928 0.032657 0.040944 0.066556 -0.011674 -0.019390 0.095766 0.072246 0.061729 0.162661 0.015737 0.080811 -0.031030 0.023369 0.059732 -0.026044 0.036695 0.002632 -0.061156 0.009191 0.252404 0.124277 0.078231 -0.000832 1.000000 -0.005612 0.171895 -0.038181 0.450158 0.111987 0.047196 0.190880 0.008449 0.098167 0.260890 0.226044 0.413410 -0.020476 0.046588 0.005895 0.003734 0.162256 0.312801 0.191186 0.075517 0.038458 0.115963 0.158756 0.017410 0.201352 0.061811 0.646861 0.064342 
0.084245 0.072047 -0.023644 0.137267 0.120437 0.458506 0.110441 -0.057478 0.007862 0.147526 -0.019050 0.154998 0.120419 0.325906 -0.032130 0.009085 0.117614 0.226266 0.176251 0.113226 0.136976 0.108639 0.005162 -0.021592 0.157097 0.577087 0.157684 -0.037113 0.112276 -0.004364 0.261735 0.020803 0.112304 -0.020058 0.145983 0.129408 0.087948 -0.005612 1.000000 -0.006738 0.072125 0.062208 0.150932 -0.037077 0.216905 0.103624 0.469647 0.034209 0.080929 -0.025715 0.075176 0.181380 0.041776 0.108093 0.035102 0.028812 0.040030 0.145633 0.688501 0.250864 0.093822 0.001669 0.016638 0.001703 0.149776 0.030748 
0.148216 0.090064 0.059779 0.056497 0.212920 0.017395 0.278742 0.051596 0.214424 0.116424 0.070158 0.071376 0.006459 0.081054 0.152813 0.096131 0.335854 0.024050 0.143869 0.064630 0.029658 0.074579 0.108437 0.107172 0.089897 -0.004843 0.050987 0.094985 0.067419 0.187285 0.034851 0.128930 0.165074 0.244694 0.152347 0.128064 0.039681 0.171895 -0.006738 1.000000 0.166333 0.592395 0.226225 0.324917 0.149770 0.593951 0.093732 0.409392 0.084068 0.602606 0.067715 0.081639 -0.016152 0.113454 -0.000730 0.082883 0.018994 0.113218 0.013415 -0.035187 0.172055 0.024383 0.146202 0.057741 0.210129 0.061859 
0.051237 0.060959 0.081487 0.082933 0.090953 0.097039 0.092792 0.018513 0.093924 0.017351 0.011510 0.019326 -0.010160 0.061517 0.038996 -0.036915 0.164858 0.006124 0.139524 0.046719 0.038082 -0.083941 -0.015911 0.007533 0.091026 0.093458 0.047876 0.084526 0.088486 0.067025 0.050026 0.061901 0.116638 0.032959 0.091615 0.134593 0.225899 -0.038181 0.072125 0.166333 1.000000 0.092845 0.414265 0.049967 0.117778 0.311959 0.105736 0.096225 0.009481 0.142557 -0.015537 0.048561 -0.005610 0.272702 -0.075774 0.016314 -0.039634 0.474689 0.092101 -0.045208 0.026601 0.320216 0.023077 0.091116 -0.034353 0.046551 
0.123488 0.120469 0.024669 0.044471 0.128103 0.058087 0.141790 0.034061 0.109429 0.212122 0.046775 0.050366 0.084963 0.057746 0.115066 0.054172 0.203532 0.010179 -0.010359 0.120491 0.054961 0.119727 0.142158 0.052743 0.112964 -0.008891 0.058528 0.074819 0.057685 0.103294 0.036462 -0.027377 0.043117 0.466050 0.198817 0.128455 -0.028921 0.450158 0.062208 0.592395 0.092845 1.000000 0.109295 0.132548 0.213147 0.196281 0.144067 0.760213 0.117777 0.507139 0.066718 0.077867 0.012926 0.006676 0.111570 0.166416 0.158173 0.056675 0.037895 0.133366 0.189375 0.039104 0.391768 0.107436 0.436422 0.158537 
0.216697 0.035685 0.094778 0.217549 0.329608 0.109289 0.269336 0.083386 0.188660 0.439431 0.117886 0.052205 0.112762 0.113076 0.218034 0.156149 0.416694 0.085632 0.105563 0.089474 0.203038 0.080716 0.204913 0.074906 0.375524 0.179100 0.027627 0.092375 0.221421 0.254294 0.046570 0.246460 0.237044 0.086723 0.068363 0.048523 0.204608 0.111987 0.150932 0.226225 0.414265 0.109295 1.000000 0.101046 0.173193 0.464252 0.167393 0.127558 0.288484 0.235256 0.021291 0.035672 0.001272 0.340559 0.112192 0.324703 0.097729 0.796141 0.127364 0.115489 0.105338 0.366116 0.148313 0.217958 0.071681 0.196373 
0.104553 0.055237 0.006424 0.084359 0.127283 -0.060743 0.144228 0.031455 0.119020 0.092097 -0.001402 0.089771 0.033785 0.060990 0.051418 0.190411 0.070325 0.070259 0.019234 0.097664 0.053373 0.178937 0.118432 0.188358 0.123422 -0.037633 0.075780 0.042773 0.057363 0.125854 0.051663 0.093425 0.123501 0.118468 0.033488 0.038988 0.185363 0.047196 -0.037077 0.324917 0.049967 0.132548 0.101046 1.000000 0.101318 0.377071 0.029910 0.093366 0.137958 0.109106 0.112133 0.183721 0.093095 0.306111 0.033257 0.103927 -0.011207 0.221950 0.002102 -0.131289 0.116567 0.066838 0.045489 0.060188 0.068238 0.041854 
0.038589 0.114377 0.087326 0.029540 0.074195 0.152882 0.081183 0.066901 0.044903 0.092688 0.000298 0.092591 0.046029 0.204705 0.067477 0.094249 0.125957 0.107188 0.043661 0.094141 0.010488 0.180483 0.087759 0.128277 0.040930 0.077131 0.080506 0.021401 -0.018000 0.109487 0.035784 0.100245 0.089612 0.071786 0.166153 0.136614 0.127817 0.190880 0.216905 0.149770 0.117778 0.213147 0.173193 0.101318 1.000000 0.123064 0.671541 0.123108 0.135958 0.175324 0.020165 0.382266 0.071714 0.110424 0.028195 0.118450 0.045578 0.159677 0.306485 0.076659 0.177023 0.115677 0.015387 0.082456 0.109472 0.022611 
0.273071 0.006162 0.084638 0.260021 0.212277 0.034973 0.238989 0.070108 0.149709 0.155991 0.026759 0.092968 0.031456 0.073737 0.169977 0.122057 0.350970 0.090148 0.203118 0.110911 0.201070 0.047271 0.083292 0.105923 0.222466 0.096064 0.074580 0.041384 0.198792 0.216549 0.034926 0.151788 0.219259 0.096953 0.069071 0.063573 0.312738 0.008449 0.103624 0.593951 0.311959 0.196281 0.464252 0.377071 0.123064 1.000000 0.076369 0.101914 0.103220 0.314372 0.107303 0.083258 0.034802 0.568925 -0.017006 0.050123 -0.029741 0.453774 0.189188 -0.047988 0.100611 0.057825 0.054600 0.058127 0.043933 0.077239 
0.029795 0.164823 0.092680 0.019400 0.088244 0.262655 0.068354 0.068270 0.003184 0.113509 -0.049029 0.163424 0.031393 0.481804 0.029547 0.050018 0.129064 0.185542 0.057540 0.066191 0.013005 0.198206 0.074150 0.078400 0.069475 0.218680 0.088266 0.062225 0.013163 0.063348 0.131235 0.039407 0.113222 0.038034 0.180253 0.154299 0.083419 0.098167 0.469647 0.093732 0.105736 0.144067 0.167393 0.029910 0.671541 0.076369 1.000000 0.069982 0.084738 0.115604 -0.000081 0.247686 -0.046225 0.044301 -0.012994 0.092981 0.043147 0.132114 0.471614 0.065638 0.175298 0.093212 0.028840 0.087184 0.093950 0.045660 
0.095132 0.126759 0.035350 0.082995 0.099049 0.096605 0.115094 0.041404 0.059630 0.200705 0.061458 0.073154 0.176026 0.070626 0.110725 0.025387 0.234611 0.020024 -0.041584 0.130956 0.109920 0.083184 0.104123 0.046344 0.116883 -0.008102 0.019065 0.077745 0.076703 0.079266 0.031391 -0.028936 0.057494 0.616970 0.197950 0.132162 0.048554 0.260890 0.034209 0.409392 0.096225 0.760213 0.127558 0.093366 0.123108 0.101914 0.069982 1.000000 0.086019 0.501635 0.042566 0.147787 0.019229 0.059260 0.119555 0.119377 0.168837 0.070938 0.031597 0.222480 0.161348 0.028269 0.628022 0.122709 0.408804 0.322549 
0.046459 0.155868 0.132538 0.113635 0.101179 0.118511 0.075992 0.130467 0.105583 0.306196 0.098110 0.049805 0.129259 0.061759 0.096123 0.424730 0.078793 0.083717 0.043756 0.124315 0.127114 0.065568 0.470894 0.109190 0.197287 0.111174 0.038846 0.209553 0.113450 0.073032 0.067071 0.136210 0.079862 0.071685 0.170451 0.202228 0.062931 0.226044 0.080929 0.084068 0.009481 0.117777 0.288484 0.137958 0.135958 0.103220 0.084738 0.086019 1.000000 0.114638 0.085208 -0.000665 0.007756 0.116327 0.602651 0.827538 0.681805 0.188297 0.078592 0.212713 0.291522 0.269594 0.123397 0.122421 0.189383 0.100742 
0.229218 0.053347 0.092366 0.118279 0.071365 0.045855 0.113095 0.100185 0.098609 0.267310 0.090804 0.065283 0.189514 0.094630 0.168919 0.113477 0.348545 0.018044 0.081561 0.068335 0.112554 0.103051 0.132570 0.117994 0.138524 -0.003167 0.038115 0.071635 0.082532 0.220302 0.130187 0.128672 0.268320 0.493112 0.150676 0.105724 0.160099 0.413410 -0.025715 0.602606 0.142557 0.507139 0.235256 0.109106 0.175324 0.314372 0.115604 0.501635 0.114638 1.000000 0.020709 0.118617 0.017937 0.171673 0.041476 0.114081 0.037844 0.172708 0.022512 0.081575 0.146999 0.053385 0.409107 0.135214 0.379861 0.259982 
0.037436 0.028918 0.105703 -0.040177 0.052535 0.031011 0.100990 0.100447 0.055421 0.083319 -0.002108 0.089903 0.031003 0.086432 -0.118845 0.091686 0.012467 0.072258 -0.003479 -0.004884 -0.020431 0.133093 0.025954 0.085012 0.083185 0.101276 -0.120246 0.014255 0.141189 -0.104812 -0.025372 -0.065042 -0.067043 0.064746 -0.078499 -0.004454 0.050057 -0.020476 0.075176 0.067715 -0.015537 0.066718 0.021291 0.112133 0.020165 0.107303 -0.000081 0.042566 0.085208 0.020709 1.000000 -0.033705 0.380437 0.082249 0.086368 0.015758 0.108563 0.108916 0.016195 0.064361 0.017895 0.039546 0.010642 0.027150 -0.005369 -0.017166 
0.042264 0.052687 0.040740 0.178140 0.002694 0.131626 -0.007542 0.046199 -0.055375 0.125809 0.094813 0.038302 0.219796 0.187698 0.015843 0.075124 0.011326 0.115405 0.047346 0.018037 0.167846 0.122101 0.032552 0.130158 0.130870 0.102830 0.047256 0.003390 0.059124 0.038715 0.061210 0.052752 0.085662 0.128090 0.134659 0.080313 0.151426 0.046588 0.181380 0.081639 0.048561 0.077867 0.035672 0.183721 0.382266 0.083258 0.247686 0.147787 -0.000665 0.118617 -0.033705 1.000000 0.171606 0.130057 -0.068902 -0.033104 -0.062491 0.109704 0.313353 -0.022791 0.167361 -0.038772 0.187132 0.113902 0.093034 0.210981 
0.178731 0.062254 -0.044048 -0.016323 0.046948 -0.021007 0.043690 0.042750 -0.000589 0.023304 0.025572 0.053909 0.016013 -0.004811 -0.097905 0.137328 0.070878 0.038105 0.045106 0.095166 -0.016349 0.059601 0.067986 0.120549 0.000779 0.036342 0.034908 0.050313 0.050568 -0.030387 0.132281 -0.041100 0.150154 0.134292 -0.012028 -0.124416 0.076668 0.005895 0.041776 -0.016152 -0.005610 0.012926 0.001272 0.093095 0.071714 0.034802 -0.046225 0.019229 0.007756 0.017937 0.380437 0.171606 1.000000 0.083245 -0.022282 -0.009430 -0.033399 0.045748 0.053059 0.181088 0.020083 -0.003225 0.119606 0.223425 -0.002738 0.146413 
0.113644 -0.050005 0.048879 0.436600 0.051109 0.070082 0.032647 0.082412 -0.017368 0.196578 0.070304 0.016508 0.175289 0.017448 0.007018 0.102150 0.114022 0.041903 0.099176 0.155504 0.357084 0.054186 0.076426 0.064865 0.234979 0.066221 0.036355 -0.010319 0.157113 0.033131 0.045110 0.083324 0.105612 0.165070 -0.002551 0.027735 0.857015 0.003734 0.108093 0.113454 0.272702 0.006676 0.340559 0.306111 0.110424 0.568925 0.044301 0.059260 0.116327 0.171673 0.082249 0.130057 0.083245 1.000000 0.028839 0.046310 0.032340 0.619396 0.132014 0.009724 -0.038706 0.130217 0.122255 0.105062 -0.012478 0.149645 
0.065926 0.117397 0.079515 0.044930 0.067626 0.091859 0.055465 0.082758 0.053197 0.133770 0.011403 0.065921 0.080769 0.035885 -0.003015 0.135078 0.083190 -0.034451 -0.025753 0.068816 0.066582 0.050431 0.151788 -0.000865 0.095624 0.085497 0.015006 0.043184 0.095284 0.011081 0.037213 0.079295 -0.016314 0.095703 0.008841 0.032382 -0.030590 0.162256 0.035102 -0.000730 -0.075774 0.111570 0.112192 0.033257 0.028195 -0.017006 -0.012994 0.119555 0.602651 0.041476 0.086368 -0.068902 -0.022282 0.028839 1.000000 0.440263 0.803625 0.056021 0.053057 0.279666 0.035323 0.392137 0.129950 0.171977 0.138952 0.102218 
0.010240 0.252267 0.169394 -0.002906 0.134347 0.093696 0.094943 0.114317 0.168753 0.245542 0.083803 0.045836 0.073157 0.056492 0.170984 0.433809 0.140546 0.031519 0.027161 0.096829 0.005950 0.099587 0.617341 0.162354 0.119659 0.046516 0.040538 0.343278 0.048953 0.149463 0.012910 0.179469 0.111672 0.062159 0.348928 0.270949 0.021673 0.312801 0.028812 0.082883 0.016314 0.166416 0.324703 0.103927 0.118450 0.050123 0.092981 0.119377 0.827538 0.114081 0.015758 -0.033104 -0.009430 0.046310 0.440263 1.000000 0.597106 0.161214 -0.007753 0.141390 0.422207 0.173228 0.080909 0.067446 0.288006 0.032535 
0.012051 0.128977 0.107164 0.001238 0.058624 0.099750 0.032539 0.102892 0.035675 0.124937 0.046346 0.030504 0.067801 0.042908 0.053067 0.096546 0.108415 0.005227 0.001099 0.106566 0.020984 0.039047 0.136272 -0.046579 0.108112 0.060276 0.004538 0.067039 0.110217 0.027879 0.009356 0.110296 -0.023218 0.100887 0.112616 0.208265 0.010163 0.191186 0.040030 0.018994 -0.039634 0.158173 0.097729 -0.011207 0.045578 -0.029741 0.043147 0.168837 0.681805 0.037844 0.108563 -0.062491 -0.033399 0.032340 0.803625 0.597106 1.000000 0.025328 0.051326 0.277347 0.148812 0.191481 0.152222 0.133051 0.216945 0.108368 
0.101586 0.011282 0.117216 0.270346 0.150652 0.095048 0.115818 0.095540 0.095008 0.407323 0.054804 0.053047 0.135469 0.098469 0.056298 0.113147 0.183247 0.096022 0.145139 0.152202 0.217165 0.100795 0.142648 0.091193 0.392642 0.144002 0.053506 0.064009 0.186847 0.093411 0.052220 0.082749 0.131339 0.086994 0.008493 -0.008332 0.495275 0.075517 0.145633 0.113218 0.474689 0.056675 0.796141 0.221950 0.159677 0.453774 0.132114 0.070938 0.188297 0.172708 0.108916 0.109704 0.045748 0.619396 0.056021 0.161214 0.025328 1.000000 0.132661 0.077130 0.054011 0.441889 0.141718 0.174587 0.033229 0.179006 
0.063378 0.092107 0.038838 0.135983 0.097877 0.382629 0.107611 -0.016350 -0.010464 0.143602 -0.030792 0.138086 0.063493 0.303427 0.026842 0.031247 0.165507 0.253840 0.096438 0.055751 0.130960 0.069633 -0.011714 0.032761 0.149524 0.627228 0.105287 -0.011290 0.138643 0.051743 0.202117 0.008909 0.138874 -0.015879 0.123199 0.111839 0.078427 0.038458 0.688501 0.013415 0.092101 0.037895 0.127364 0.002102 0.306485 0.189188 0.471614 0.031597 0.078592 0.022512 0.016195 0.313353 0.053059 0.132014 0.053057 -0.007753 0.051326 0.132661 1.000000 0.211276 0.114168 0.029876 0.052238 0.028302 0.063204 0.095146 
0.044922 0.122478 -0.079448 0.069069 -0.003649 0.107755 0.004727 0.044304 0.001009 0.139255 0.079058 0.136578 0.154502 0.068238 -0.014087 -0.054120 0.083419 0.105977 0.010459 0.157804 0.106826 -0.055811 -0.036835 -0.140911 0.094271 0.187446 0.072980 -0.002641 0.000767 -0.046903 0.049983 -0.013267 -0.002030 0.095888 0.084765 -0.022925 0.025803 0.115963 0.250864 -0.035187 -0.045208 0.133366 0.115489 -0.131289 0.076659 -0.047988 0.065638 0.222480 0.212713 0.081575 0.064361 -0.022791 0.181088 0.009724 0.279666 0.141390 0.277347 0.077130 0.211276 1.000000 0.055953 0.159900 0.234218 0.132006 0.197406 0.163978 
0.018494 0.477230 0.147939 -0.027820 0.096596 0.033327 0.107312 0.054465 0.180754 0.041569 0.023794 0.057877 0.079966 0.117514 0.124694 0.161265 0.077588 0.077755 0.010288 0.037220 -0.025697 0.059664 0.305935 0.145265 -0.008646 0.088338 0.063297 0.404404 -0.091857 0.055978 -0.001237 0.048325 0.071632 0.084881 0.815393 0.415318 -0.053100 0.158756 0.093822 0.172055 0.026601 0.189375 0.105338 0.116567 0.177023 0.100611 0.175298 0.161348 0.291522 0.146999 0.017895 0.167361 0.020083 -0.038706 0.035323 0.422207 0.148812 0.054011 0.114168 0.055953 1.000000 0.011923 0.044607 0.075207 0.169422 0.093045 
0.046656 0.112757 0.073861 -0.000399 0.093029 0.051000 0.069980 0.017418 0.077675 0.061600 -0.036199 0.019929 0.024165 0.050824 -0.032789 0.098662 0.061432 -0.060368 0.064575 0.071687 -0.003147 -0.021552 0.108524 0.046493 0.020192 0.059925 0.024876 0.133256 0.029014 0.036578 0.014932 0.035971 0.034150 0.024731 0.056465 -0.006848 0.112704 0.017410 0.001669 0.024383 0.320216 0.039104 0.366116 0.066838 0.115677 0.057825 0.093212 0.028269 0.269594 0.053385 0.039546 -0.038772 -0.003225 0.130217 0.392137 0.173228 0.191481 0.441889 0.029876 0.159900 0.011923 1.000000 0.026998 0.115921 0.014792 0.043573 
0.132177 0.069018 0.020822 0.155771 0.023595 0.035839 0.022352 0.123201 -0.064178 0.376608 0.095744 0.084104 0.284977 0.071144 0.034729 0.132616 0.161125 0.067140 -0.025012 0.089895 0.196586 0.119607 0.157932 0.098944 0.226768 -0.022653 -0.010571 0.010015 0.143812 0.096535 0.100297 0.002230 0.153763 0.713992 0.047908 -0.023719 0.096152 0.201352 0.016638 0.146202 0.023077 0.391768 0.148313 0.045489 0.015387 0.054600 0.028840 0.628022 0.123397 0.409107 0.010642 0.187132 0.119606 0.122255 0.129950 0.080909 0.152222 0.141718 0.052238 0.234218 0.044607 0.026998 1.000000 0.367151 0.332178 0.761812 
0.080272 0.014491 0.050999 0.065994 0.094112 0.041707 0.077092 0.047867 -0.021201 0.173919 0.054537 0.008420 0.119436 0.026710 0.095751 0.084331 0.143485 -0.000788 0.069200 0.039869 0.072312 0.066534 0.086330 0.059704 0.108300 0.042877 0.070606 -0.016026 -0.020454 0.148130 0.115509 0.201077 0.170018 0.256462 0.043929 0.080150 0.068228 0.061811 0.001703 0.057741 0.091116 0.107436 0.217958 0.060188 0.082456 0.058127 0.087184 0.122709 0.122421 0.135214 0.027150 0.113902 0.223425 0.105062 0.171977 0.067446 0.133051 0.174587 0.028302 0.132006 0.075207 0.115921 0.367151 1.000000 0.001792 0.583469 
0.096743 0.171786 0.026250 -0.017050 -0.004291 0.006523 -0.009231 0.079907 0.011472 0.178234 -0.007859 -0.065557 0.121899 -0.063790 0.072222 0.073376 0.097477 -0.007598 0.056219 0.112060 0.031025 0.107468 0.183263 0.043638 0.001048 0.013460 0.068510 0.079320 -0.015947 0.087411 0.066288 0.005416 0.091754 0.319077 0.209104 0.104800 -0.016744 0.646861 0.149776 0.210129 -0.034353 0.436422 0.071681 0.068238 0.109472 0.043933 0.093950 0.408804 0.189383 0.379861 -0.005369 0.093034 -0.002738 -0.012478 0.138952 0.288006 0.216945 0.033229 0.063204 0.197406 0.169422 0.014792 0.332178 0.001792 1.000000 0.120066 
0.101450 0.066304 0.033442 0.116267 0.073167 0.065884 0.086843 0.114974 -0.034210 0.286801 0.113312 0.087785 0.271322 0.110374 0.041683 0.095504 0.176696 0.037120 0.020653 -0.000564 0.154725 0.051789 0.091083 0.079988 0.154208 0.035715 -0.000146 -0.014476 0.039114 0.120427 0.193622 0.085509 0.260713 0.420012 0.084124 0.070647 0.118714 0.064342 0.030748 0.061859 0.046551 0.158537 0.196373 0.041854 0.022611 0.077239 0.045660 0.322549 0.100742 0.259982 -0.017166 0.210981 0.146413 0.149645 0.102218 0.032535 0.108368 0.179006 0.095146 0.163978 0.093045 0.043573 0.761812 0.583469 0.120066 1.000000 
