1.000000 -0.075180 -0.015260 0.240636 0.059164 -0.003458 0.068317 -0.044839 0.005918 0.111447 0.161240 -0.051892 0.061869 -0.018855 0.360417 0.010699 0.408146 0.189306 0.023804 0.156567 0.164699 0.116555 -0.040410 0.068681 0.243523 -0.024740 0.109636 -0.112621 0.296792 0.577541 0.051571 0.177532 0.503749 0.029556 0.130306 0.125730 0.130385 0.158565 0.062804 0.126282 0.095710 0.021799 0.273754 0.047835 0.094099 0.249972 0.094433 0.003952 0.024389 0.188128 0.101803 0.052853 0.119049 0.137701 0.096644 0.092866 0.075799 0.164445 0.114839 0.000611 0.017416 0.022566 -0.003102 0.052858 0.112260 -0.003770 
-0.075180 1.000000 0.367789 0.161007 0.106090 0.019978 0.137797 0.043873 0.158867 0.031918 0.095729 0.256728 0.115157 0.272129 0.054930 0.067646 0.055262 0.047213 0.129993 0.064234 0.158460 0.020920 0.226492 0.036714 0.035429 0.234689 0.121691 0.705013 0.060126 0.028165 0.005782 -0.014491 -0.025529 0.108145 0.524267 0.028954 0.174868 0.028827 0.079203 0.070397 0.100384 0.080736 0.012583 0.150842 0.185637 0.064983 0.305207 0.124316 0.055159 0.010181 0.096227 0.118979 0.102416 0.151053 0.016910 0.064977 -0.012693 0.135513 0.027338 0.109214 0.411014 0.079729 0.123628 0.028660 0.075133 0.125442 
-0.015260 0.367789 1.000000 0.018298 0.246237 0.184363 0.234875 0.013159 0.321518 0.051775 0.011045 0.228975 0.036141 0.221134 0.333655 0.180565 0.035614 0.171692 0.206105 0.068849 0.016733 0.062724 0.276407 0.135482 0.026286 0.178535 0.027190 0.492388 0.033086 0.160027 0.010338 0.218233 -0.006474 0.043806 0.095932 0.046011 0.050836 -0.040696 0.132794 0.041861 0.004703 0.079673 -0.045338 -0.028444 0.167066 -0.076836 0.242657 0.054423 0.028842 0.002892 0.076960 0.089793 0.014002 -0.008699 0.058553 0.059805 0.040945 0.022218 0.200580 0.066618 0.069263 0.015708 0.032168 0.023965 0.060620 0.027822 
0.240636 0.161007 0.018298 1.000000 0.031005 0.032767 0.017130 0.097625 0.018135 0.441865 0.476620 0.065205 0.497003 0.109630 0.088647 -0.012753 0.152773 0.107025 0.012478 0.067493 0.921978 0.118436 -0.006905 0.031001 0.633354 0.020748 0.093915 0.092520 0.430475 0.121328 0.022358 0.065018 0.094105 0.014615 0.184466 0.084287 0.528561 0.096219 0.039152 -0.014002 0.072942 0.037099 0.330962 0.054250 0.048286 0.224417 0.069515 0.016388 0.093463 0.025816 0.086399 0.036786 0.066036 0.508549 0.154347 0.107738 0.103514 0.380579 0.019086 0.134726 0.160059 0.143308 0.046045 0.050601 0.081760 0.014230 
0.059164 0.106090 0.246237 0.031005 1.000000 0.081919 0.873936 0.033010 0.725994 0.213700 0.020647 0.236191 0.052637 0.188734 0.401558 0.293799 0.449522 0.127856 0.145978 0.119119 0.043702 0.157086 0.356161 0.156739 0.110948 0.077586 0.120039 0.247539 0.102187 0.149570 0.049552 0.485446 -0.044731 -0.006704 0.121509 0.046611 0.116652 0.000100 0.042426 0.163658 0.123865 0.060736 0.193910 0.039066 0.066559 0.130953 0.114930 0.075616 0.133573 0.111051 0.238429 -0.032799 0.150806 0.083957 0.043157 0.219643 0.051247 0.095128 0.058283 0.119337 0.101371 0.125908 -0.063959 0.007030 -0.015685 -0.034235 
-0.003458 0.019978 0.184363 0.032767 0.081919 1.000000 0.062172 0.033676 0.032003 0.048172 0.051107 0.154372 0.112904 0.266529 0.127190 0.071624 0.049649 0.134627 0.194257 0.073128 0.049598 0.066953 0.091925 0.066857 0.050331 0.396073 0.131000 0.028354 0.031465 0.052981 -0.034999 0.198219 0.016192 -0.000928 0.061981 0.082217 0.075735 -0.036883 0.318224 0.043682 0.060418 0.023596 0.028109 -0.066827 0.092569 -0.005528 0.214681 -0.028480 0.047875 0.002412 0.086865 0.110943 0.004809 0.048063 0.069902 0.074499 0.065817 0.004890 0.266044 0.131739 0.017177 0.084036 -0.061231 0.018088 -0.028301 -0.035378 
0.068317 0.137797 0.234875 0.017130 0.873936 0.062172 1.000000 0.069516 0.692608 0.168875 -0.006923 0.312760 0.032449 0.237693 0.318205 0.234753 0.505913 0.112876 0.142315 0.099812 0.026211 0.153734 0.290984 0.153774 0.103333 0.085118 0.058970 0.242161 0.148073 0.123099 0.061816 0.374557 -0.045232 0.046027 0.133869 0.091378 0.139441 0.028430 0.060000 0.231163 0.163845 0.098120 0.182798 0.031210 0.112631 0.159457 0.161061 0.126932 0.111815 0.180615 0.256527 0.018521 0.177518 0.108341 0.020682 0.172896 0.030602 0.114923 0.100567 0.122318 0.093147 0.128214 -0.002398 0.021417 0.015612 0.006622 
-0.044839 0.043873 0.013159 0.097625 0.033010 0.033676 0.069516 1.000000 0.056025 0.376910 0.246233 0.057254 0.247906 0.039477 0.069263 0.122134 0.048190 -0.033582 0.144108 0.001842 0.230583 0.157080 0.128679 0.142415 0.335808 0.021103 0.061809 0.113218 0.390164 0.051591 0.155305 0.048275 0.073130 0.165884 0.062223 -0.054335 0.146733 0.089543 -0.031922 0.007142 0.032393 0.085374 0.084648 -0.007144 0.085883 0.002203 0.032301 0.077758 0.064948 0.145294 0.056901 0.082927 0.139077 0.104811 0.025529 0.082688 0.056938 0.094452 -0.061426 0.117805 0.082706 0.052677 0.186851 0.149277 0.067446 0.192052 
0.005918 0.158867 0.321518 0.018135 0.725994 0.032003 0.692608 0.056025 1.000000 0.146382 0.007304 0.349587 0.022006 0.176577 0.454120 0.202647 0.195120 0.187685 0.293463 0.123210 0.026174 0.133764 0.262615 0.131805 0.078564 0.121976 0.068065 0.295494 0.081711 0.149564 0.105474 0.326799 -0.035655 0.049358 0.052324 -0.032293 0.111367 -0.021884 0.027754 0.142836 0.126305 0.142560 0.141311 0.007500 0.166722 0.109487 0.157154 0.136539 0.090172 0.074513 0.218906 0.021684 0.168742 0.080954 0.028555 0.114456 0.009934 0.101042 0.052269 0.109083 0.045647 0.098980 0.006648 0.039072 -0.000457 0.003374 
0.111447 0.031918 0.051775 0.441865 0.213700 0.048172 0.168875 0.376910 0.146382 1.000000 0.280301 0.130552 0.398877 0.144869 0.171827 0.388681 0.221472 0.114371 0.120307 0.132513 0.484681 0.311409 0.424188 0.238151 0.820573 0.042778 0.179004 0.160775 0.567152 0.124475 0.229910 0.177573 0.158835 0.142431 0.130622 0.058798 0.326295 0.194535 0.086622 0.029148 0.129821 0.112734 0.452195 0.032124 0.063420 0.091302 0.053275 0.122376 0.258393 0.251674 0.069564 0.087218 0.152094 0.288155 0.150757 0.314492 0.152605 0.412107 0.066988 0.221745 0.158284 0.186807 0.168497 0.108127 0.177115 0.158659 
0.161240 0.095729 0.011045 0.476620 0.020647 0.051107 -0.006923 0.246233 0.007304 0.280301 1.000000 0.064360 0.477049 0.084960 0.102089 -0.012478 0.105637 0.129582 0.036512 0.037648 0.561120 0.026006 0.001255 0.017644 0.351640 0.026517 0.098400 0.086154 0.297890 0.130644 0.073651 0.080799 0.056298 -0.052265 0.177567 0.064903 0.205837 0.109271 0.015647 -0.054820 0.005010 -0.028905 0.242834 0.049176 0.034052 0.066597 0.057239 -0.048956 0.022147 0.049464 0.031743 0.040978 0.081277 0.202508 0.061095 0.093576 0.045144 0.224253 -0.025741 0.097136 0.107502 0.112383 0.005010 0.083905 0.084876 -0.007023 
-0.051892 0.256728 0.228975 0.065205 0.236191 0.154372 0.312760 0.057254 0.349587 0.130552 0.064360 1.000000 0.123804 0.797638 0.119555 0.071163 0.098174 0.136160 0.292899 0.033264 0.089689 0.028883 0.113400 0.055712 0.092252 0.108251 0.119509 0.221248 0.090449 0.051811 -0.005104 0.129754 0.004461 0.125160 0.223585 0.132659 0.130185 0.021835 0.182251 0.104095 0.160033 0.148632 0.129008 0.096418 0.129621 0.015323 0.302439 0.208694 0.034887 0.097386 0.157658 0.073806 0.146854 0.135749 0.102386 0.040977 0.024680 0.179939 0.131652 0.126651 0.146157 0.181316 0.110097 0.117902 0.039602 0.086391 
0.061869 0.115157 0.036141 0.497003 0.052637 0.112904 0.032449 0.247906 0.022006 0.398877 0.477049 0.123804 1.000000 0.185774 0.061471 -0.014059 0.131498 0.181011 0.065023 0.114741 0.672891 0.012472 -0.004803 -0.047919 0.395918 0.042931 0.113374 0.012785 0.220785 0.074704 0.144285 0.109909 0.082417 0.128917 0.116764 0.000287 0.232647 0.161345 0.062528 -0.028598 -0.032947 0.043692 0.165608 -0.047123 0.060783 0.002251 0.078047 0.086116 0.037705 0.146280 0.032131 0.125504 0.070391 0.195692 0.094246 0.080563 0.064243 0.143682 0.041637 0.188496 0.098575 0.094761 0.196417 0.182577 0.175225 0.203146 
-0.018855 0.272129 0.221134 0.109630 0.188734 0.266529 0.237693 0.039477 0.176577 0.144869 0.084960 0.797638 0.185774 1.000000 0.081086 0.100569 0.139796 0.184508 0.126553 0.081403 0.146120 0.107023 0.154661 0.105432 0.091471 0.211644 0.171873 0.190152 0.093751 0.049534 -0.003806 0.114400 -0.005095 0.074970 0.297498 0.189370 0.162214 0.041737 0.295346 0.092398 0.114280 0.063317 0.108662 0.104067 0.192794 0.023241 0.512134 0.127955 0.049879 0.067774 0.172013 0.176674 0.086982 0.144597 0.087220 0.077153 0.029024 0.156861 0.283803 0.137567 0.215978 0.155904 0.065333 0.133850 0.075405 0.058992 
0.360417 0.054930 0.333655 0.088647 0.401558 0.127190 0.318205 0.069263 0.454120 0.171827 0.102089 0.119555 0.061471 0.081086 1.000000 0.247994 0.392817 0.193699 0.148955 0.123381 0.088266 0.217242 0.289019 0.200307 0.134763 0.028112 0.196155 0.209981 0.174039 0.709926 0.014866 0.642593 0.277397 0.055201 0.108712 0.050898 0.106537 0.027096 0.061356 0.192678 0.118752 0.107883 0.230007 0.058231 0.054959 0.166543 0.059541 0.075833 0.069567 0.154243 0.058813 0.039445 0.087047 0.130536 0.027611 0.203612 0.021607 0.133678 0.013416 0.067964 0.111575 0.054539 -0.014451 0.068651 0.085128 0.021831 
0.010699 0.067646 0.180565 -0.012753 0.293799 0.071624 0.234753 0.122134 0.202647 0.388681 -0.012478 0.071163 -0.014059 0.100569 0.247994 1.000000 0.163010 0.134231 0.113673 0.103708 -0.004734 0.360201 0.866214 0.664249 0.108621 0.034333 0.063553 0.387928 0.157975 0.185402 0.010576 0.259820 0.099345 0.017326 0.112328 0.066565 0.013786 0.021498 0.087642 0.031905 0.088722 0.055275 0.220873 -0.019986 0.055381 0.019536 0.091687 0.053430 0.500330 0.016053 0.101976 0.009342 0.085749 -0.007738 0.202403 0.562543 0.207869 0.073882 0.057366 0.093078 0.165840 0.120778 -0.001503 0.025942 -0.002338 0.035147 
0.408146 0.055262 0.035614 0.152773 0.449522 0.049649 0.505913 0.048190 0.195120 0.221472 0.105637 0.098174 0.131498 0.139796 0.392817 0.163010 1.000000 0.097220 0.047196 0.093726 0.160106 0.149290 0.185658 0.078333 0.201084 0.011118 0.161028 0.109406 0.232736 0.307391 0.075644 0.299310 0.226545 0.187161 0.212932 0.185101 0.125428 0.147095 0.056310 0.336223 0.160849 0.171388 0.336120 0.118954 0.046323 0.242941 0.107179 0.156816 0.102798 0.408331 0.156749 0.066453 0.127178 0.140436 0.027053 0.194483 0.047529 0.201048 0.083064 0.101993 0.177042 0.150832 0.134578 0.142415 0.090775 0.157430 
0.189306 0.047213 0.171692 0.107025 0.127856 0.134627 0.112876 -0.033582 0.187685 0.114371 0.129582 0.136160 0.181011 0.184508 0.193699 0.134231 0.097220 1.000000 0.067809 0.410211 0.107863 0.134412 0.123514 0.179199 0.139525 0.180077 0.097294 0.123379 0.095718 0.177493 0.178264 0.158266 0.225213 0.057643 0.166564 0.106689 0.149699 0.064247 0.082854 0.080936 0.055806 0.101611 0.076480 0.045516 0.156398 0.092695 0.250005 0.053436 0.081632 0.089229 0.045918 0.084450 0.036660 0.097499 0.110572 0.086752 0.101887 0.080181 0.271849 0.096313 0.047533 0.091323 0.013124 -0.039361 0.069403 -0.059705 
0.023804 0.129993 0.206105 0.012478 0.145978 0.194257 0.142315 0.144108 0.293463 0.120307 0.036512 0.292899 0.065023 0.126553 0.148955 0.113673 0.047196 0.067809 1.000000 0.226096 0.030295 0.086188 0.127148 0.090078 0.091394 0.184143 0.132111 0.193930 0.049173 0.167547 0.045944 0.130058 0.156662 0.160593 0.097282 0.034241 0.129289 0.015638 0.122576 0.099264 0.139480 0.163850 0.049119 0.094931 0.119535 0.039695 0.156173 0.138466 0.086775 0.094526 0.100135 0.075897 0.135505 0.122653 0.110943 0.104933 0.110119 0.113279 0.029793 0.088634 0.082238 0.067613 0.116393 0.072332 0.018924 0.099633 
0.156567 0.064234 0.068849 0.067493 0.119119 0.073128 0.099812 0.001842 0.123210 0.132513 0.037648 0.033264 0.114741 0.081403 0.123381 0.103708 0.093726 0.410211 0.226096 1.000000 0.045658 0.115610 0.080156 0.060205 0.130548 0.151537 0.460733 0.041182 0.091199 0.147081 0.106114 0.021754 0.146205 0.034597 0.117601 0.077971 0.128017 0.030754 0.038179 0.104995 0.084396 0.140937 0.103456 0.100499 0.144521 0.090543 0.133589 0.102895 0.064743 0.072044 0.009838 0.048054 0.043068 0.093701 0.087283 0.052521 0.042548 0.116285 0.124626 0.112204 0.033217 0.085869 0.124250 0.077056 0.019745 0.098233 
0.164699 0.158460 0.016733 0.921978 0.043702 0.049598 0.026211 0.230583 0.026174 0.484681 0.561120 0.089689 0.672891 0.146120 0.088266 -0.004734 0.160106 0.107863 0.030295 0.045658 1.000000 0.112616 0.007449 0.037666 0.616243 0.010877 0.119815 0.099136 0.464027 0.099198 0.061162 0.074745 0.071171 0.029104 0.167008 0.046785 0.421197 0.138241 0.016152 -0.025663 0.010830 0.040693 0.278688 0.027719 0.052756 0.179158 0.067533 0.017343 0.088047 0.058641 0.053430 0.061296 0.074179 0.410713 0.154697 0.111957 0.093336 0.285702 -0.006989 0.158377 0.147531 0.137901 0.074534 0.078653 0.126928 0.032704 
0.116555 0.020920 0.062724 0.118436 0.157086 0.066953 0.153734 0.157080 0.133764 0.311409 0.026006 0.028883 0.012472 0.107023 0.217242 0.360201 0.149290 0.134412 0.086188 0.115610 0.112616 1.000000 0.295949 0.680225 0.222134 0.029113 0.195222 0.066383 0.318655 0.215167 0.168172 0.162303 0.128517 0.086965 0.137463 0.127282 0.182350 0.020373 0.010727 0.058176 0.130796 0.051337 0.165762 0.045851 0.099668 0.066256 0.046126 0.053467 0.125398 0.003325 0.037537 0.035875 0.105125 0.143699 0.095113 0.160403 0.086742 0.150226 0.037292 0.121757 0.107526 0.084155 0.044733 0.115193 0.011055 0.092707 
-0.040410 0.226492 0.276407 -0.006905 0.356161 0.091925 0.290984 0.128679 0.262615 0.424188 0.001255 0.113400 -0.004803 0.154661 0.289019 0.866214 0.185658 0.123514 0.127148 0.080156 0.007449 0.295949 1.000000 0.533111 0.117194 0.073425 0.072676 0.570517 0.124744 0.150444 0.021905 0.275462 0.009483 0.040746 0.212703 0.076047 0.056147 0.099519 0.115449 0.059034 0.087382 0.083661 0.209020 0.049365 0.085790 0.002319 0.180017 0.077806 0.514441 0.045514 0.097280 0.050565 0.085553 0.030308 0.183695 0.681214 0.210233 0.097915 0.063176 0.086534 0.303949 0.119683 0.054004 0.031690 0.128732 0.064127 
0.068681 0.036714 0.135482 0.031001 0.156739 0.066857 0.153774 0.142415 0.131805 0.238151 0.017644 0.055712 -0.047919 0.105432 0.200307 0.664249 0.078333 0.179199 0.090078 0.060205 0.037666 0.680225 0.533111 1.000000 0.085040 0.020757 0.040913 0.201474 0.203164 0.221427 0.057721 0.222626 0.144338 0.074322 0.108484 0.076059 0.049091 0.022768 0.015013 0.033717 0.063085 0.031493 0.086102 0.002712 0.071858 0.012898 0.060328 0.048841 0.228787 -0.013431 0.046491 -0.005782 0.084683 0.004389 0.131372 0.244240 0.084721 0.027743 0.062354 0.084170 0.107608 0.072067 0.001887 0.064231 0.003673 0.038852 
0.243523 0.035429 0.026286 0.633354 0.110948 0.050331 0.103333 0.335808 0.078564 0.820573 0.351640 0.092252 0.395918 0.091471 0.134763 0.108621 0.201084 0.139525 0.091394 0.130548 0.616243 0.222134 0.117194 0.085040 1.000000 0.006350 0.145773 0.052065 0.736735 0.153005 0.172140 0.106593 0.186920 0.091750 0.129973 0.053434 0.455115 0.075131 0.022661 0.003145 0.167923 0.049230 0.436722 0.045604 0.036033 0.189865 0.018194 0.031634 0.115571 0.139291 0.092183 0.050683 0.177293 0.415277 0.106405 0.141562 0.085881 0.478765 0.027534 0.161822 0.112025 0.164843 0.077800 0.123588 0.040158 0.077424 
-0.024740 0.234689 0.178535 0.020748 0.077586 0.396073 0.085118 0.021103 0.121976 0.042778 0.026517 0.108251 0.042931 0.211644 0.028112 0.034333 0.011118 0.180077 0.184143 0.151537 0.010877 0.029113 0.073425 0.020757 0.006350 1.000000 0.203421 0.129039 -0.053340 -0.005918 0.044667 -0.043146 0.003647 0.025643 0.201183 0.137701 0.144509 -0.057312 0.492273 -0.029307 0.080950 -0.041306 0.080634 0.077369 0.064752 -0.030342 0.245579 -0.028753 0.032360 -0.080944 0.141991 0.068183 -0.006988 0.111141 0.016203 0.049226 0.027476 0.099258 0.588591 0.137695 0.122263 0.045459 0.054000 0.022984 -0.028968 0.100228 
0.109636 0.121691 0.027190 0.093915 0.120039 0.131000 0.058970 0.061809 0.068065 0.179004 0.098400 0.119509 0.113374 0.171873 0.196155 0.063553 0.161028 0.097294 0.132111 0.460733 0.119815 0.195222 0.072676 0.040913 0.145773 0.203421 1.000000 0.020576 0.147316 0.098488 0.193574 0.086043 0.061124 0.005683 0.122383 0.071949 0.055922 0.081936 0.042944 0.084429 0.099760 0.133126 0.106572 0.131168 0.007694 0.026297 0.052441 0.092010 0.039289 0.042666 0.049723 0.038945 0.073988 0.049184 0.051482 0.085161 0.028844 0.075577 0.027002 0.160630 0.089234 0.048269 0.089046 0.140404 0.084559 0.089988 
-0.112621 0.705013 0.492388 0.092520 0.247539 0.028354 0.242161 0.113218 0.295494 0.160775 0.086154 0.221248 0.012785 0.190152 0.209981 0.387928 0.109406 0.123379 0.193930 0.041182 0.099136 0.066383 0.570517 0.201474 0.052065 0.129039 0.020576 1.000000 0.065886 0.053788 0.021609 0.142299 -0.046160 0.083565 0.357412 -0.016214 0.110752 0.038689 0.068098 0.100965 0.016147 0.125938 0.014687 0.134342 0.122986 0.013842 0.245980 0.112275 0.157025 0.055714 0.077683 0.058702 0.060177 0.085647 0.043546 0.244851 0.028623 0.062650 -0.005999 0.035669 0.318633 0.026538 0.084149 0.000092 0.096732 0.081507 
0.296792 0.060126 0.033086 0.430475 0.102187 0.031465 0.148073 0.390164 0.081711 0.567152 0.297890 0.090449 0.220785 0.093751 0.174039 0.157975 0.232736 0.095718 0.049173 0.091199 0.464027 0.318655 0.124744 0.203164 0.736735 -0.053340 0.147316 0.065886 1.000000 0.190239 0.110159 0.079516 0.143013 0.037052 0.126462 0.049561 0.319250 -0.010309 0.002311 0.063686 0.093084 -0.021098 0.317326 0.062884 0.092530 0.226296 0.071797 -0.033432 0.121390 0.089921 0.091678 0.075164 0.202842 0.316164 0.081222 0.131594 0.052621 0.294979 -0.018340 0.059933 0.128196 0.150235 0.005068 0.150234 -0.035361 0.034322 
0.577541 0.028165 0.160027 0.121328 0.149570 0.052981 0.123099 0.051591 0.149564 0.124475 0.130644 0.051811 0.074704 0.049534 0.709926 0.185402 0.307391 0.177493 0.167547 0.147081 0.099198 0.215167 0.150444 0.221427 0.153005 -0.005918 0.098488 0.053788 0.190239 1.000000 -0.050653 0.498049 0.707113 0.090847 0.157499 0.028723 0.100401 0.112893 0.075201 0.115532 0.062942 0.059693 0.171388 0.049033 0.115469 0.095187 0.121495 0.040552 0.087884 0.158639 -0.027740 0.106133 0.105286 0.102678 0.104177 0.179375 0.107035 0.122660 0.105705 0.083836 0.090861 0.049413 0.060522 0.081082 0.136144 0.096971 
0.051571 0.005782 0.010338 0.022358 0.049552 -0.034999 0.061816 0.155305 0.105474 0.229910 0.073651 -0.005104 0.144285 -0.003806 0.014866 0.010576 0.075644 0.178264 0.045944 0.106114 0.061162 0.168172 0.021905 0.057721 0.172140 0.044667 0.193574 0.021609 0.110159 -0.050653 1.000000 -0.066724 0.175013 0.130231 0.061935 0.048579 0.033790 0.205621 0.011171 0.135739 0.024616 0.166184 -0.034216 0.039837 0.033785 -0.032746 0.020250 0.156717 -0.048440 0.249556 0.016535 -0.007122 0.032892 -0.005089 0.050821 -0.066485 0.027222 -0.020211 -0.021022 0.092218 0.000454 0.043202 0.122926 0.101659 0.139281 0.141778 
0.177532 -0.014491 0.218233 0.065018 0.485446 0.198219 0.374557 0.048275 0.326799 0.177573 0.080799 0.129754 0.109909 0.114400 0.642593 0.259820 0.299310 0.158266 0.130058 0.021754 0.074745 0.162303 0.275462 0.222626 0.106593 -0.043146 0.086043 0.142299 0.079516 0.498049 -0.066724 1.000000 0.200929 0.020878 0.005489 -0.065197 0.045058 -0.005491 0.031349 0.093290 0.067233 0.014583 0.224010 -0.015182 -0.041227 0.089829 -0.023429 0.041036 0.091917 0.097610 0.086166 0.006929 0.079204 0.067845 0.083816 0.219525 0.099154 0.099172 0.010760 0.109754 0.005284 0.059360 -0.086591 0.008149 0.046236 -0.039512 
0.503749 -0.025529 -0.006474 0.094105 -0.044731 0.016192 -0.045232 0.073130 -0.035655 0.158835 0.056298 0.004461 0.082417 -0.005095 0.277397 0.099345 0.226545 0.225213 0.156662 0.146205 0.071171 0.128517 0.009483 0.144338 0.186920 0.003647 0.061124 -0.046160 0.143013 0.707113 0.175013 0.200929 1.000000 0.142998 0.148796 0.008583 0.086550 0.186119 0.074318 0.116455 -0.016541 0.095715 0.113856 0.066022 0.124935 0.045501 0.122252 0.055062 0.087790 0.262277 -0.114499 0.112003 0.025374 0.060801 0.143839 0.110384 0.178972 0.110395 0.132034 0.105116 0.066994 0.066924 0.141880 0.080510 0.178850 0.179789 
0.029556 0.108145 0.043806 0.014615 -0.006704 -0.000928 0.046027 0.165884 0.049358 0.142431 -0.052265 0.125160 0.128917 0.074970 0.055201 0.017326 0.187161 0.057643 0.160593 0.034597 0.029104 0.086965 0.040746 0.074322 0.091750 0.025643 0.005683 0.083565 0.037052 0.090847 0.130231 0.020878 0.142998 1.000000 0.070811 0.038477 0.092032 0.228574 0.121558 0.246407 0.029915 0.463464 -0.016082 0.032197 0.064843 -0.039666 0.071396 0.642103 -0.027293 0.427165 0.082083 0.061045 0.067271 0.074661 0.009232 -0.013355 -0.001555 0.056089 0.024739 0.110721 0.022543 0.066630 0.717690 0.346564 0.253559 0.465823 
0.130306 0.524267 0.095932 0.184466 0.121509 0.061981 0.133869 0.062223 0.052324 0.130622 0.177567 0.223585 0.116764 0.297498 0.108712 0.112328 0.212932 0.166564 0.097282 0.117601 0.167008 0.137463 0.212703 0.108484 0.129973 0.201183 0.122383 0.357412 0.126462 0.157499 0.061935 0.005489 0.148796 0.070811 1.000000 0.432326 0.224812 0.105847 0.055039 0.072343 0.088239 0.079038 0.070074 0.227857 0.183703 0.104855 0.339713 0.098683 0.096174 0.078152 0.103256 0.146102 0.128427 0.201471 0.036844 0.176803 0.063086 0.167645 0.101368 0.239910 0.761048 0.105636 0.063195 -0.004070 0.079459 0.086781 
0.125730 0.028954 0.046011 0.084287 0.046611 0.082217 0.091378 -0.054335 -0.032293 0.058798 0.064903 0.132659 0.000287 0.189370 0.050898 0.066565 0.185101 0.106689 0.034241 0.077971 0.046785 0.127282 0.076047 0.076059 0.053434 0.137701 0.071949 -0.016214 0.049561 0.028723 0.048579 -0.065197 0.008583 0.038477 0.432326 1.000000 0.130914 0.090785 0.071644 0.075976 0.161996 0.105897 0.114316 0.080450 0.076796 0.089121 0.142603 0.082572 0.105409 0.076326 0.149174 0.065322 0.084292 0.140168 0.082176 0.173046 0.115788 0.114182 0.055743 0.057760 0.357045 0.100335 0.039563 0.047868 0.010026 0.056203 
0.130385 0.174868 0.050836 0.528561 0.116652 0.075735 0.139441 0.146733 0.111367 0.326295 0.205837 0.130185 0.232647 0.162214 0.106537 0.013786 0.125428 0.149699 0.129289 0.128017 0.421197 0.182350 0.056147 0.049091 0.455115 0.144509 0.055922 0.110752 0.319250 0.100401 0.033790 0.045058 0.086550 0.092032 0.224812 0.130914 1.000000 0.059691 0.071041 0.043427 0.243632 0.006377 0.319736 0.124764 0.086439 0.296864 0.139384 -0.019516 0.101680 0.034660 0.127025 0.077326 0.160466 0.852023 0.054488 0.110999 0.090268 0.573707 0.038757 0.132880 0.181309 0.182841 0.008313 0.039073 -0.008263 0.022303 
0.158565 0.028827 -0.040696 0.096219 0.000100 -0.036883 0.028430 0.089543 -0.021884 0.194535 0.109271 0.021835 0.161345 0.041737 0.027096 0.021498 0.147095 0.064247 0.015638 0.030754 0.138241 0.020373 0.099519 0.022768 0.075131 -0.057312 0.081936 0.038689 -0.010309 0.112893 0.205621 -0.005491 0.186119 0.228574 0.105847 0.090785 0.059691 1.000000 0.044000 0.295484 0.065209 0.450450 0.073564 0.067774 0.192325 0.091452 0.169208 0.263502 0.087749 0.502518 0.036811 0.159059 0.129307 0.033051 0.181553 0.189367 0.152313 0.067687 0.091529 0.118541 0.055462 0.135966 0.219282 0.105651 0.697858 0.118867 
0.062804 0.079203 0.132794 0.039152 0.042426 0.318224 0.060000 -0.031922 0.027754 0.086622 0.015647 0.182251 0.062528 0.295346 0.061356 0.087642 0.056310 0.082854 0.122576 0.038179 0.016152 0.010727 0.115449 0.015013 0.022661 0.492273 0.042944 0.068098 0.002311 0.075201 0.011171 0.031349 0.074318 0.121558 0.055039 0.071644 0.071041 0.044000 1.000000 0.047515 0.073703 0.057156 0.131141 0.094986 0.154954 -0.038805 0.338209 0.076701 0.070114 0.050381 0.069415 0.102811 -0.076550 0.065909 0.017310 0.134591 0.043558 0.063536 0.578601 0.125686 0.073338 0.060070 0.067223 0.012283 0.100728 0.041730 
0.126282 0.070397 0.041861 -0.014002 0.163658 0.043682 0.231163 0.007142 0.142836 0.029148 -0.054820 0.104095 -0.028598 0.092398 0.192678 0.031905 0.336223 0.080936 0.099264 0.104995 -0.025663 0.058176 0.059034 0.033717 0.003145 -0.029307 0.084429 0.100965 0.063686 0.115532 0.135739 0.093290 0.116455 0.246407 0.072343 0.075976 0.043427 0.295484 0.047515 1.000000 0.125273 0.542144 0.068086 0.282193 0.126264 0.514533 0.195489 0.365768 -0.036814 0.576455 0.085918 0.001172 0.011243 0.125518 -0.005927 0.009991 -0.024388 0.067858 -0.019017 0.088292 0.059328 0.131136 0.178231 0.087105 0.297344 0.110683 
0.095710 0.100384 0.004703 0.072942 0.123865 0.060418 0.163845 0.032393 0.126305 0.129821 0.005010 0.160033 -0.032947 0.114280 0.118752 0.088722 0.160849 0.055806 0.139480 0.084396 0.010830 0.130796 0.087382 0.063085 0.167923 0.080950 0.099760 0.016147 0.093084 0.062942 0.024616 0.067233 -0.016541 0.029915 0.088239 0.161996 0.243632 0.065209 0.073703 0.125273 1.000000 0.133318 0.457631 0.147345 0.058763 0.279707 0.044429 0.116049 0.131299 0.019321 0.284632 0.070236 0.225100 0.259244 0.075490 0.135727 0.048364 0.511534 0.046593 0.085788 0.065746 0.439305 0.014675 0.164361 -0.061405 0.065136 
0.021799 0.080736 0.079673 0.037099 0.060736 0.023596 0.098120 0.085374 0.142560 0.112734 -0.028905 0.148632 0.043692 0.063317 0.107883 0.055275 0.171388 0.101611 0.163850 0.140937 0.040693 0.051337 0.083661 0.031493 0.049230 -0.041306 0.133126 0.125938 -0.021098 0.059693 0.166184 0.014583 0.095715 0.463464 0.079038 0.105897 0.006377 0.450450 0.057156 0.542144 0.133318 1.000000 0.017343 0.111362 0.209667 0.168920 0.141054 0.763861 0.053781 0.423664 0.008564 -0.029446 0.048120 0.052627 0.150266 0.063140 0.089346 0.013569 -0.003036 0.180928 0.042331 0.118770 0.373161 0.171874 0.393295 0.163782 
0.273754 0.012583 -0.045338 0.330962 0.193910 0.028109 0.182798 0.084648 0.141311 0.452195 0.242834 0.129008 0.165608 0.108662 0.230007 0.220873 0.336120 0.076480 0.049119 0.103456 0.278688 0.165762 0.209020 0.086102 0.436722 0.080634 0.106572 0.014687 0.317326 0.171388 -0.034216 0.224010 0.113856 -0.016082 0.070074 0.114316 0.319736 0.073564 0.131141 0.068086 0.457631 0.017343 1.000000 0.100991 0.046232 0.424049 0.000645 -0.020527 0.350974 0.034629 0.200411 0.029436 0.179097 0.405979 0.216445 0.432186 0.223037 0.803151 0.075604 0.160951 0.098209 0.492902 -0.078239 0.131793 -0.023885 -0.038863 
0.047835 0.150842 -0.028444 0.054250 0.039066 -0.066827 0.031210 -0.007144 0.007500 0.032124 0.049176 0.096418 -0.047123 0.104067 0.058231 -0.019986 0.118954 0.045516 0.094931 0.100499 0.027719 0.045851 0.049365 0.002712 0.045604 0.077369 0.131168 0.134342 0.062884 0.049033 0.039837 -0.015182 0.066022 0.032197 0.227857 0.080450 0.124764 0.067774 0.094986 0.282193 0.147345 0.111362 0.100991 1.000000 0.057904 0.392565 0.150987 0.058501 0.006071 0.006557 0.077763 0.010462 0.060902 0.301604 0.035436 0.062805 0.026644 0.149800 -0.003797 0.151846 0.196581 0.111611 0.063459 0.148017 0.002187 0.101542 
0.094099 0.185637 0.167066 0.048286 0.066559 0.092569 0.112631 0.085883 0.166722 0.063420 0.034052 0.129621 0.060783 0.192794 0.054959 0.055381 0.046323 0.156398 0.119535 0.144521 0.052756 0.099668 0.085790 0.071858 0.036033 0.064752 0.007694 0.122986 0.092530 0.115469 0.033785 -0.041227 0.124935 0.064843 0.183703 0.076796 0.086439 0.192325 0.154954 0.126264 0.058763 0.209667 0.046232 0.057904 1.000000 0.064222 0.718301 0.064743 0.054831 0.067465 -0.018229 0.312561 0.111118 0.070744 0.042686 0.069781 0.019242 0.090797 0.259756 0.073178 0.157735 0.062310 0.054012 0.038753 0.182090 0.012981 
0.249972 0.064983 -0.076836 0.224417 0.130953 -0.005528 0.159457 0.002203 0.109487 0.091302 0.066597 0.015323 0.002251 0.023241 0.166543 0.019536 0.242941 0.092695 0.039695 0.090543 0.179158 0.066256 0.002319 0.012898 0.189865 -0.030342 0.026297 0.013842 0.226296 0.095187 -0.032746 0.089829 0.045501 -0.039666 0.104855 0.089121 0.296864 0.091452 -0.038805 0.514533 0.279707 0.168920 0.424049 0.392565 0.064222 1.000000 0.105114 0.023008 0.022207 0.080359 0.157662 -0.002669 0.086886 0.583757 -0.002516 0.063249 -0.014133 0.411284 -0.061512 0.069501 0.047927 0.135277 -0.098927 -0.020169 0.058499 -0.082283 
0.094433 0.305207 0.242657 0.069515 0.114930 0.214681 0.161061 0.032301 0.157154 0.053275 0.057239 0.302439 0.078047 0.512134 0.059541 0.091687 0.107179 0.250005 0.156173 0.133589 0.067533 0.046126 0.180017 0.060328 0.018194 0.245579 0.052441 0.245980 0.071797 0.121495 0.020250 -0.023429 0.122252 0.071396 0.339713 0.142603 0.139384 0.169208 0.338209 0.195489 0.044429 0.141054 0.000645 0.150987 0.718301 0.105114 1.000000 0.067255 0.073030 0.073267 0.029720 0.285861 0.060350 0.102350 0.025892 0.131196 0.035206 0.063587 0.458168 0.114616 0.271273 0.061608 0.037040 0.044288 0.217307 0.016445 
0.003952 0.124316 0.054423 0.016388 0.075616 -0.028480 0.126932 0.077758 0.136539 0.122376 -0.048956 0.208694 0.086116 0.127955 0.075833 0.053430 0.156816 0.053436 0.138466 0.102895 0.017343 0.053467 0.077806 0.048841 0.031634 -0.028753 0.092010 0.112275 -0.033432 0.040552 0.156717 0.041036 0.055062 0.642103 0.098683 0.082572 -0.019516 0.263502 0.076701 0.365768 0.116049 0.763861 -0.020527 0.058501 0.064743 0.023008 0.067255 1.000000 0.072188 0.422119 0.043049 0.018578 0.022913 -0.012419 0.119511 0.048661 0.082605 -0.040510 -0.037546 0.226724 0.081921 0.068982 0.641206 0.217100 0.372232 0.379384 
0.024389 0.055159 0.028842 0.093463 0.133573 0.047875 0.111815 0.064948 0.090172 0.258393 0.022147 0.034887 0.037705 0.049879 0.069567 0.500330 0.102798 0.081632 0.086775 0.064743 0.088047 0.125398 0.514441 0.228787 0.115571 0.032360 0.039289 0.157025 0.121390 0.087884 -0.048440 0.091917 0.087790 -0.027293 0.096174 0.105409 0.101680 0.087749 0.070114 -0.036814 0.131299 0.053781 0.350974 0.006071 0.054831 0.022207 0.073030 0.072188 1.000000 -0.003256 0.053638 0.086815 0.077268 0.090864 0.612360 0.846759 0.711970 0.155227 0.037833 0.118990 0.278750 0.311531 0.064565 0.003439 0.066214 0.065203 
0.188128 0.010181 0.002892 0.025816 0.111051 0.002412 0.180615 0.145294 0.074513 0.251674 0.049464 0.097386 0.146280 0.067774 0.154243 0.016053 0.408331 0.089229 0.094526 0.072044 0.058641 0.003325 0.045514 -0.013431 0.139291 -0.080944 0.042666 0.055714 0.089921 0.158639 0.249556 0.097610 0.262277 0.427165 0.078152 0.076326 0.034660 0.502518 0.050381 0.576455 0.019321 0.423664 0.034629 0.006557 0.067465 0.080359 0.073267 0.422119 -0.003256 1.000000 0.002005 0.130987 0.040372 -0.003388 0.025736 0.008537 0.003361 0.053429 -0.001054 0.124272 0.057810 0.130936 0.418195 0.119238 0.455539 0.251601 
0.101803 0.096227 0.076960 0.086399 0.238429 0.086865 0.256527 0.056901 0.218906 0.069564 0.031743 0.157658 0.032131 0.172013 0.058813 0.101976 0.156749 0.045918 0.100135 0.009838 0.053430 0.037537 0.097280 0.046491 0.092183 0.141991 0.049723 0.077683 0.091678 -0.027740 0.016535 0.086166 -0.114499 0.082083 0.103256 0.149174 0.127025 0.036811 0.069415 0.085918 0.284632 0.008564 0.200411 0.077763 -0.018229 0.157662 0.029720 0.043049 0.053638 0.002005 1.000000 0.011110 0.441545 0.123690 0.090240 0.111417 0.093228 0.202234 0.046176 0.103644 0.067139 0.186860 -0.013737 0.169840 -0.097116 0.025990 
0.052853 0.118979 0.089793 0.036786 -0.032799 0.110943 0.018521 0.082927 0.021684 0.087218 0.040978 0.073806 0.125504 0.176674 0.039445 0.009342 0.066453 0.084450 0.075897 0.048054 0.061296 0.035875 0.050565 -0.005782 0.050683 0.068183 0.038945 0.058702 0.075164 0.106133 -0.007122 0.006929 0.112003 0.061045 0.146102 0.065322 0.077326 0.159059 0.102811 0.001172 0.070236 -0.029446 0.029436 0.010462 0.312561 -0.002669 0.285861 0.018578 0.086815 0.130987 0.011110 1.000000 0.203382 0.035711 0.055451 0.116244 0.106070 0.062231 0.198755 0.026921 0.179116 0.053256 0.233594 0.068661 0.170779 0.223927 
0.119049 0.102416 0.014002 0.066036 0.150806 0.004809 0.177518 0.139077 0.168742 0.152094 0.081277 0.146854 0.070391 0.086982 0.087047 0.085749 0.127178 0.036660 0.135505 0.043068 0.074179 0.105125 0.085553 0.084683 0.177293 -0.006988 0.073988 0.060177 0.202842 0.105286 0.032892 0.079204 0.025374 0.067271 0.128427 0.084292 0.160466 0.129307 -0.076550 0.011243 0.225100 0.048120 0.179097 0.060902 0.111118 0.086886 0.060350 0.022913 0.077268 0.040372 0.441545 0.203382 1.000000 0.119921 0.127491 0.090784 0.084521 0.189322 0.021433 0.209389 0.044017 0.196980 0.049262 0.273338 -0.030077 0.135169 
0.137701 0.151053 -0.008699 0.508549 0.083957 0.048063 0.108341 0.104811 0.080954 0.288155 0.202508 0.135749 0.195692 0.144597 0.130536 -0.007738 0.140436 0.097499 0.122653 0.093701 0.410713 0.143699 0.030308 0.004389 0.415277 0.111141 0.049184 0.085647 0.316164 0.102678 -0.005089 0.067845 0.060801 0.074661 0.201471 0.140168 0.852023 0.033051 0.065909 0.125518 0.259244 0.052627 0.405979 0.301604 0.070744 0.583757 0.102350 -0.012419 0.090864 -0.003388 0.123690 0.035711 0.119921 1.000000 0.042431 0.110215 0.053370 0.620378 -0.020719 0.103538 0.143008 0.158711 -0.002523 0.046267 -0.030071 0.023120 
0.096644 0.016910 0.058553 0.154347 0.043157 0.069902 0.020682 0.025529 0.028555 0.150757 0.061095 0.102386 0.094246 0.087220 0.027611 0.202403 0.027053 0.110572 0.110943 0.087283 0.154697 0.095113 0.183695 0.131372 0.106405 0.016203 0.051482 0.043546 0.081222 0.104177 0.050821 0.083816 0.143839 0.009232 0.036844 0.082176 0.054488 0.181553 0.017310 -0.005927 0.075490 0.150266 0.216445 0.035436 0.042686 -0.002516 0.025892 0.119511 0.612360 0.025736 0.090240 0.055451 0.127491 0.042431 1.000000 0.500351 0.817392 0.057862 0.064566 0.230942 0.008955 0.368258 0.093165 0.160664 0.112630 0.078656 
0.092866 0.064977 0.059805 0.107738 0.219643 0.074499 0.172896 0.082688 0.114456 0.314492 0.093576 0.040977 0.080563 0.077153 0.203612 0.562543 0.194483 0.086752 0.104933 0.052521 0.111957 0.160403 0.681214 0.244240 0.141562 0.049226 0.085161 0.244851 0.131594 0.179375 -0.066485 0.219525 0.110384 -0.013355 0.176803 0.173046 0.110999 0.189367 0.134591 0.009991 0.135727 0.063140 0.432186 0.062805 0.069781 0.063249 0.131196 0.048661 0.846759 0.008537 0.111417 0.116244 0.090784 0.110215 0.500351 1.000000 0.639475 0.200695 0.051403 0.107478 0.364494 0.265489 0.039589 0.048570 0.153886 0.056491 
0.075799 -0.012693 0.040945 0.103514 0.051247 0.065817 0.030602 0.056938 0.009934 0.152605 0.045144 0.024680 0.064243 0.029024 0.021607 0.207869 0.047529 0.101887 0.110119 0.042548 0.093336 0.086742 0.210233 0.084721 0.085881 0.027476 0.028844 0.028623 0.052621 0.107035 0.027222 0.099154 0.178972 -0.001555 0.063086 0.115788 0.090268 0.152313 0.043558 -0.024388 0.048364 0.089346 0.223037 0.026644 0.019242 -0.014133 0.035206 0.082605 0.711970 0.003361 0.093228 0.106070 0.084521 0.053370 0.817392 0.639475 1.000000 0.059738 0.095425 0.227963 0.126138 0.207032 0.090131 0.074574 0.090531 0.094991 
0.164445 0.135513 0.022218 0.380579 0.095128 0.004890 0.114923 0.094452 0.101042 0.412107 0.224253 0.179939 0.143682 0.156861 0.133678 0.073882 0.201048 0.080181 0.113279 0.116285 0.285702 0.150226 0.097915 0.027743 0.478765 0.099258 0.075577 0.062650 0.294979 0.122660 -0.020211 0.099172 0.110395 0.056089 0.167645 0.114182 0.573707 0.067687 0.063536 0.067858 0.511534 0.013569 0.803151 0.149800 0.090797 0.411284 0.063587 -0.040510 0.155227 0.053429 0.202234 0.062231 0.189322 0.620378 0.057862 0.200695 0.059738 1.000000 0.055565 0.150589 0.146384 0.492742 -0.033678 0.083492 -0.032230 -0.022865 
0.114839 0.027338 0.200580 0.019086 0.058283 0.266044 0.100567 -0.061426 0.052269 0.066988 -0.025741 0.131652 0.041637 0.283803 0.013416 0.057366 0.083064 0.271849 0.029793 0.124626 -0.006989 0.037292 0.063176 0.062354 0.027534 0.588591 0.027002 -0.005999 -0.018340 0.105705 -0.021022 0.010760 0.132034 0.024739 0.101368 0.055743 0.038757 0.091529 0.578601 -0.019017 0.046593 -0.003036 0.075604 -0.003797 0.259756 -0.061512 0.458168 -0.037546 0.037833 -0.001054 0.046176 0.198755 0.021433 -0.020719 0.064566 0.051403 0.095425 0.055565 1.000000 0.102003 0.036293 0.043506 0.019375 -0.032422 0.056255 0.009892 
0.000611 0.109214 0.066618 0.134726 0.119337 0.131739 0.122318 0.117805 0.109083 0.221745 0.097136 0.126651 0.188496 0.137567 0.067964 0.093078 0.101993 0.096313 0.088634 0.112204 0.158377 0.121757 0.086534 0.084170 0.161822 0.137695 0.160630 0.035669 0.059933 0.083836 0.092218 0.109754 0.105116 0.110721 0.239910 0.057760 0.132880 0.118541 0.125686 0.088292 0.085788 0.180928 0.160951 0.151846 0.073178 0.069501 0.114616 0.226724 0.118990 0.124272 0.103644 0.026921 0.209389 0.103538 0.230942 0.107478 0.227963 0.150589 0.102003 1.000000 0.133824 0.184441 0.164228 0.161140 0.106255 0.124222 
0.017416 0.411014 0.069263 0.160059 0.101371 0.017177 0.093147 0.082706 0.045647 0.158284 0.107502 0.146157 0.098575 0.215978 0.111575 0.165840 0.177042 0.047533 0.082238 0.033217 0.147531 0.107526 0.303949 0.107608 0.112025 0.122263 0.089234 0.318633 0.128196 0.090861 0.000454 0.005284 0.066994 0.022543 0.761048 0.357045 0.181309 0.055462 0.073338 0.059328 0.065746 0.042331 0.098209 0.196581 0.157735 0.047927 0.271273 0.081921 0.278750 0.057810 0.067139 0.179116 0.044017 0.143008 0.008955 0.364494 0.126138 0.146384 0.036293 0.133824 1.000000 0.097138 0.085027 0.001377 0.043662 0.121004 
0.022566 0.079729 0.015708 0.143308 0.125908 0.084036 0.128214 0.052677 0.098980 0.186807 0.112383 0.181316 0.094761 0.155904 0.054539 0.120778 0.150832 0.091323 0.067613 0.085869 0.137901 0.084155 0.119683 0.072067 0.164843 0.045459 0.048269 0.026538 0.150235 0.049413 0.043202 0.059360 0.066924 0.066630 0.105636 0.100335 0.182841 0.135966 0.060070 0.131136 0.439305 0.118770 0.492902 0.111611 0.062310 0.135277 0.061608 0.068982 0.311531 0.130936 0.186860 0.053256 0.196980 0.158711 0.368258 0.265489 0.207032 0.492742 0.043506 0.184441 0.097138 1.000000 0.046614 0.187191 0.040834 0.023547 
-0.003102 0.123628 0.032168 0.046045 -0.063959 -0.061231 -0.002398 0.186851 0.006648 0.168497 0.005010 0.110097 0.196417 0.065333 -0.014451 -0.001503 0.134578 0.013124 0.116393 0.124250 0.074534 0.044733 0.054004 0.001887 0.077800 0.054000 0.089046 0.084149 0.005068 0.060522 0.122926 -0.086591 0.141880 0.717690 0.063195 0.039563 0.008313 0.219282 0.067223 0.178231 0.014675 0.373161 -0.078239 0.063459 0.054012 -0.098927 0.037040 0.641206 0.064565 0.418195 -0.013737 0.233594 0.049262 -0.002523 0.093165 0.039589 0.090131 -0.033678 0.019375 0.164228 0.085027 0.046614 1.000000 0.429493 0.360847 0.813152 
0.052858 0.028660 0.023965 0.050601 0.007030 0.018088 0.021417 0.149277 0.039072 0.108127 0.083905 0.117902 0.182577 0.133850 0.068651 0.025942 0.142415 -0.039361 0.072332 0.077056 0.078653 0.115193 0.031690 0.064231 0.123588 0.022984 0.140404 0.000092 0.150234 0.081082 0.101659 0.008149 0.080510 0.346564 -0.004070 0.047868 0.039073 0.105651 0.012283 0.087105 0.164361 0.171874 0.131793 0.148017 0.038753 -0.020169 0.044288 0.217100 0.003439 0.119238 0.169840 0.068661 0.273338 0.046267 0.160664 0.048570 0.074574 0.083492 -0.032422 0.161140 0.001377 0.187191 0.429493 1.000000 0.075325 0.588015 
0.112260 0.075133 0.060620 0.081760 -0.015685 -0.028301 0.015612 0.067446 -0.000457 0.177115 0.084876 0.039602 0.175225 0.075405 0.085128 -0.002338 0.090775 0.069403 0.018924 0.019745 0.126928 0.011055 0.128732 0.003673 0.040158 -0.028968 0.084559 0.096732 -0.035361 0.136144 0.139281 0.046236 0.178850 0.253559 0.079459 0.010026 -0.008263 0.697858 0.100728 0.297344 -0.061405 0.393295 -0.023885 0.002187 0.182090 0.058499 0.217307 0.372232 0.066214 0.455539 -0.097116 0.170779 -0.030077 -0.030071 0.112630 0.153886 0.090531 -0.032230 0.056255 0.106255 0.043662 0.040834 0.360847 0.075325 1.000000 0.175567 
-0.003770 0.125442 0.027822 0.014230 -0.034235 -0.035378 0.006622 0.192052 0.003374 0.158659 -0.007023 0.086391 0.203146 0.058992 0.021831 0.035147 0.157430 -0.059705 0.099633 0.098233 0.032704 0.092707 0.064127 0.038852 0.077424 0.100228 0.089988 0.081507 0.034322 0.096971 0.141778 -0.039512 0.179789 0.465823 0.086781 0.056203 0.022303 0.118867 0.041730 0.110683 0.065136 0.163782 -0.038863 0.101542 0.012981 -0.082283 0.016445 0.379384 0.065203 0.251601 0.025990 0.223927 0.135169 0.023120 0.078656 0.056491 0.094991 -0.022865 0.009892 0.124222 0.121004 0.023547 0.813152 0.588015 0.175567 1.000000 
