0.000000000000000000e+00 1.076757244259688301e-01 1.223149712306682985e-01 1.816242102300578420e-01 3.142690892140475589e-01 5.847710348677211817e-02 3.977816649720364306e-01 1.408889752138712259e-01 2.420365866894133300e-01 1.077519873339109063e-01 7.537921848891437904e-02 1.735559049386337094e-02 1.435005775576073395e-01 3.430228081641330945e-02 5.257433432935235684e-01 2.527918170672843745e-01 5.506179226460172771e-01 2.369989538287229081e-01 8.680929208305963873e-02 1.629780278270230864e-01 9.255249505319514125e-02 2.683142875158593399e-01 2.049380301057001641e-01 2.484249236218352141e-01 2.013176782697619349e-01 8.462068240684091081e-02 8.133639199765911598e-02 1.669935800707125773e-01 2.498936489402558137e-01 6.677211614869859035e-01 2.761354362932333384e-01 3.316155004981300447e-01 6.325619907452589841e-01 2.570118230971233375e-01 1.341194433513636930e-01 8.781689139338798300e-02 1.186493389576145779e-01 2.366622017885746110e-01 3.177556661820264694e-02 3.000333384272051429e-01 1.671614904991996220e-01 2.456549980990016535e-01 3.782543527782091797e-01 4.026569406912482857e-02 1.467877512776966931e-01 3.436773467616461852e-01 1.441123921007967934e-01 2.089552716416473443e-01 1.519301358340073849e-01 3.868140007675176517e-01 1.147680560972380720e-01 1.076922730154296209e-01 4.050292023164538818e-02 1.926403132659760264e-01 9.267429687846003017e-02 2.080183119859058127e-01 1.042261290957963160e-01 2.644908342131427337e-01 1.121857511047818501e-01 2.493244777677108143e-02 1.180208173082472473e-01 1.228833294886657462e-01 2.287936471211453326e-01 1.864690160924691031e-01 1.854901020386757471e-01 2.339729147101160811e-01 
1.076757244259688301e-01 0.000000000000000000e+00 3.814133309776598368e-01 1.298728590952720474e-01 1.981022979851968790e-01 5.038820533725587442e-02 2.316081383982132313e-01 3.501819172620473930e-02 2.213660262665460010e-01 7.016438628965092350e-02 1.503952013892345951e-01 3.225316651156538983e-01 1.358729930778221351e-01 2.867896988400326919e-01 1.465034613919883599e-01 1.870006857531248956e-01 1.843314945436147489e-02 3.581248800121852871e-02 1.232187591729405757e-01 4.747192832744632357e-02 1.458870797083565152e-01 3.892622799991473509e-02 3.707401605714321646e-01 5.550065577885857082e-02 2.565240552254080889e-02 2.587429045714221276e-01 2.569730990000230197e-01 7.121871984623209251e-01 2.825063402771236729e-02 1.580521788800401672e-01 8.078858273150094083e-02 2.093258679370614272e-01 1.174313356511810652e-01 8.359717614978735833e-02 6.209825452637641741e-01 1.332543985327758196e-01 1.812917814406920514e-01 1.125578508607474187e-01 4.736610239744728362e-02 6.498033429747704370e-02 3.633399397059841607e-02 5.790465726928092222e-02 3.511738153633513909e-02 7.496974391430204221e-02 3.166122565926984267e-01 8.568061245736363629e-02 3.804546908986461973e-01 2.681855610213877000e-02 1.439071586579123985e-01 4.093999043848459141e-02 2.055853850158723684e-01 1.467881295176781953e-01 8.385119890780667884e-02 1.786839950986706949e-01 4.355037972481975300e-02 2.793088803480063276e-01 6.292112384412269777e-02 1.282799471530360613e-01 3.993633217948106690e-02 1.526281087767674960e-01 5.026378880771237290e-01 2.076231606362671234e-01 3.769964273485359313e-02 4.819730780479643262e-02 1.109020343289829763e-01 2.105614970586687507e-02 
1.223149712306682985e-01 3.814133309776598368e-01 0.000000000000000000e+00 8.133296880219735570e-03 3.059455871907610924e-01 2.496257405731431012e-01 2.715632275620051272e-01 1.226643478027962947e-01 3.866639617206018009e-01 3.140955070544992345e-01 1.015262487966853006e-01 1.801997276568148565e-01 6.102391226965399318e-02 1.873483312016506752e-01 3.473137908203922097e-01 4.136887178241281937e-01 7.432762364872330663e-02 2.899784214996945497e-01 1.021026999735888952e-01 6.604933422445595503e-02 2.637279652460761820e-02 3.015039060692880080e-01 4.966350841971365893e-01 3.624103515781057494e-01 2.178420030576657951e-01 1.629896890477864901e-01 7.459444292063419080e-02 5.612355703892059067e-01 2.211247188350709270e-01 2.512379435313754628e-01 2.286585498557716367e-01 2.886921147527553577e-01 5.695758403109382750e-02 2.600922859196635323e-02 4.371612225177463895e-02 1.491440988342512541e-01 3.617915107494586169e-02 1.412466139393203091e-01 2.673456119445691281e-01 7.256889527353507785e-02 1.616170302063151681e-02 8.611410574438273235e-02 1.427092928384075254e-01 7.689426912258177059e-03 2.187977880514369311e-01 4.631252191241468780e-02 2.930857911454597953e-01 5.032935145708446190e-02 1.616532061605938375e-01 1.073833893740284290e-01 1.295644572249305404e-01 1.290161852128235420e-01 8.038044437255277563e-02 4.696594169084199882e-02 1.649001507714439041e-01 2.518032341393278695e-01 1.439035628886156104e-01 7.934375289542854037e-02 2.953100807945274742e-01 1.286895819626144299e-01 1.141787146526005749e-02 6.859837110202512966e-02 5.403700376594932492e-02 3.592886985296192548e-02 1.441168057882719622e-01 5.515265331742028043e-02 
1.816242102300578420e-01 1.298728590952720474e-01 8.133296880219735570e-03 0.000000000000000000e+00 6.812892990888226585e-02 2.921447374603985264e-02 3.358748517896727181e-02 3.875826660468498774e-01 7.049808593731006490e-02 4.631767142973886031e-01 5.465554577703382044e-01 5.802878675079575083e-02 6.184681028409633186e-01 9.398640150419923511e-02 7.579470735766637157e-02 3.089925235068773438e-02 9.641112767739103140e-02 1.351201481165252571e-01 1.079696041452877370e-01 1.648191200672279033e-01 9.142709101887791512e-01 1.690973758599749188e-01 2.970623467831309122e-02 7.185167626629432314e-02 6.185687560474799618e-01 4.129654155588024372e-02 9.128170581919239912e-02 5.612687131140997598e-02 5.384394806074851436e-01 7.741760883251336267e-02 7.735108479770183565e-02 2.322236032009320980e-02 3.821165081918871664e-02 1.648979346211354724e-01 1.360793885850767049e-01 4.803347065307683045e-02 5.683631699018725225e-01 6.464570577530227846e-02 7.981086072306561863e-02 7.286716227093709142e-02 7.254497602096679487e-02 7.792410027760338087e-02 3.228779229050852684e-01 1.585395219450314308e-01 5.474705922158012994e-02 3.637365927990027781e-01 9.002309094430106795e-02 1.473497367758425380e-01 4.284607944881541758e-02 1.348972679868910562e-01 7.558236690671475688e-02 8.449727215084480714e-02 4.772822370839165801e-02 5.775316968939948614e-01 4.428515423608141849e-02 4.214635897101066953e-02 4.602172528730439499e-02 4.187860923449369666e-01 1.382340226207950072e-02 9.336450286937714171e-02 9.763152071227104711e-02 1.788688575192275976e-01 1.671361263006727882e-01 6.601636593036719347e-02 1.054512171487241579e-01 1.596802777054871225e-01 
3.142690892140475589e-01 1.981022979851968790e-01 3.059455871907610924e-01 6.812892990888226585e-02 0.000000000000000000e+00 1.872303890455928321e-01 8.283441734953639335e-01 9.963756430642943529e-02 7.305845673709677746e-01 3.203520368166702381e-01 2.724143058727194686e-02 2.570731622029005514e-01 5.448093176077177524e-02 1.452258560457161118e-01 5.318478448233519007e-01 3.873665055437383042e-01 6.081960249594982049e-01 4.529848363200401906e-02 1.375003637410756041e-01 8.516140057168111732e-02 6.045461294496889959e-02 2.405277403106498291e-01 4.590193724956085908e-01 3.062261436638412659e-01 2.324366664172078101e-01 2.236425856247873378e-01 1.803927938108338680e-01 3.386422922066399943e-01 1.738737074611160782e-01 3.395579417547817114e-01 1.031811770832766623e-01 5.913559110404762453e-01 1.179021334543341598e-01 1.482058875127494624e-01 2.398433218641928821e-01 2.080436241989652713e-01 5.383658400799264804e-02 4.265614306465456695e-02 1.820362092174815094e-01 1.790454168848877037e-01 1.020365835272449423e-01 1.323460876857756041e-01 4.016539203941274505e-01 3.058479766212020973e-02 3.619120073782523817e-02 1.963627976442379186e-01 6.520844952476852197e-02 1.751707371484567122e-01 2.725338735994668471e-01 2.029280741008526179e-01 1.266803650706236906e-01 8.794664939979496276e-02 3.040010136785793043e-02 1.069187705577806236e-01 1.327152942591900142e-01 3.814416767753689985e-01 1.647816485881247461e-01 2.480282275151575455e-01 1.004064283165995025e-01 6.123242482028205813e-02 2.438039352034682694e-01 1.646623950365783684e-01 1.181750027366967187e-01 1.174494689422161398e-01 9.653745483525131427e-03 1.568918915441255002e-01 
5.847710348677211817e-02 5.038820533725587442e-02 2.496257405731431012e-01 2.921447374603985264e-02 1.872303890455928321e-01 0.000000000000000000e+00 1.560912441811376228e-01 2.522318828911131183e-02 1.372878536628407697e-01 1.639245003106791776e-01 1.684104256327232166e-02 2.342498617828121799e-01 5.203042142621858851e-02 3.753776974132992383e-01 2.402661782433240245e-01 1.642143744964256469e-01 1.218934074628531677e-01 1.903872798075514627e-01 1.500482029305811316e-01 4.429902926518759082e-02 1.336214180946978559e-02 1.080740363420932548e-01 2.066208564663057079e-01 1.223748582854565919e-01 1.151763608693434776e-01 5.576070015630213428e-01 1.806681333893964680e-01 1.370470520817206050e-01 6.142822235735425490e-02 9.254394576628628688e-02 1.135366639144133327e-01 2.839856792059978763e-01 2.283758701399485336e-02 1.335092656726337250e-02 4.384460571610161728e-02 2.486068466061314153e-01 4.710838297644807243e-02 1.284475243677042910e-01 5.267005339348248549e-01 5.769822327223781550e-02 3.918754285909719498e-02 1.403559070661109520e-01 1.139163406221651159e-01 3.583210097535603766e-02 1.764199137425537245e-01 4.251138961704187952e-02 2.822868719256290126e-01 1.015673816939777346e-01 1.265917986839972253e-01 1.196724920411987164e-01 1.707493565922268974e-01 2.511376417388856419e-01 1.178635086372267216e-01 2.032500219794216786e-02 1.524988819009318874e-01 1.915331801685667135e-01 1.758828806418815116e-01 9.026432913263698898e-02 4.327654991602459811e-01 2.774408968650211027e-01 1.437240757520471916e-02 1.247977334545249395e-01 2.026959348547871173e-02 1.310598657431374381e-01 1.433628543708254655e-01 6.112871975192597784e-02 
3.977816649720364306e-01 2.316081383982132313e-01 2.715632275620051272e-01 3.358748517896727181e-02 8.283441734953639335e-01 1.560912441811376228e-01 0.000000000000000000e+00 6.678452884426402947e-02 6.825632345174353910e-01 1.785913851283589260e-01 1.140170264100869024e-01 3.467743533069525541e-01 2.269237151507099148e-01 2.524183213405336579e-01 5.071593236699569740e-01 3.036262415264652237e-01 6.490606354756475183e-01 1.050865026159907567e-01 7.772173237641161192e-02 8.993113355636801753e-03 4.029061055758274140e-02 1.790183809244737523e-01 3.704516656746241754e-01 2.445232450058871521e-01 1.482379461636678941e-01 1.690360351124750582e-01 6.611576792833837035e-02 2.815715351634955899e-01 1.608381521438821404e-01 3.698466084648197039e-01 3.196297472391864541e-02 5.384357604472457259e-01 1.841280931883662042e-01 2.461023510311142470e-01 2.478203661281130343e-01 1.750363790651620899e-01 2.853293091604007167e-02 1.354590958883878926e-01 1.414251862253830816e-01 3.020206007383964830e-01 1.187544120133720849e-01 2.550609393764995403e-01 3.515159153670918135e-01 6.636807682501186245e-02 8.351299744288596949e-02 2.430998255181077428e-01 5.103925637638551810e-02 2.919273558014673919e-01 2.254298886688059222e-01 3.495833509787020232e-01 1.665337776042184748e-01 1.015694253333388614e-01 4.800163221885168918e-02 7.481067447694912664e-02 9.917409159021230158e-02 3.225544232200040495e-01 1.264443401482447382e-01 2.023047260008475068e-01 8.906680764686199236e-02 2.464637424494565271e-02 2.258152912306234938e-01 1.285270816868026855e-01 1.988209231174152269e-01 1.418475921621119018e-01 1.059707768707001257e-01 2.144508376824157958e-01 
1.408889752138712259e-01 3.501819172620473930e-02 1.226643478027962947e-01 3.875826660468498774e-01 9.963756430642943529e-02 2.522318828911131183e-02 6.678452884426402947e-02 0.000000000000000000e+00 9.522266994705529120e-02 4.509813175015110476e-01 4.452162418786261844e-01 8.820504942004221693e-02 4.889339739962467180e-01 5.869323573694860269e-02 1.013957147554566951e-01 1.240176212244275822e-01 5.520175256288156057e-02 4.348403239719985519e-02 1.985450566446194387e-01 6.393769404451769833e-02 4.881962501179267222e-01 1.102146182515938017e-01 1.511726372779293170e-01 1.161742175961861800e-01 4.871561844424727172e-01 1.060364690445286251e-01 8.158308989288623470e-02 3.771754116560402381e-02 5.143731397372071079e-01 1.399734668142261496e-01 2.293722793185617448e-01 1.069072130410702731e-01 2.156638920353865507e-01 2.136115001659837087e-01 8.659331296108825626e-02 6.008684566152708989e-02 1.615803693845906386e-01 1.798627624334242781e-01 6.731666332947097708e-02 1.461632966962983782e-01 1.323716280497458930e-01 1.797290255364834277e-01 4.938149811856464705e-02 9.374544683354067709e-02 5.914759069304238032e-02 6.053392049872146491e-02 1.017083236887934145e-01 1.700055832026115266e-01 1.358043999805049265e-02 2.940867420768448759e-01 1.717427177303413460e-02 7.689889269657387838e-02 7.882329930688052044e-02 1.096408106354026246e-01 3.201086110761912351e-02 3.304176302586857294e-02 3.973489246980111550e-02 9.823958653320900847e-02 9.338247023117493550e-02 5.030025198216128701e-02 7.567780550369163084e-02 3.997580531364893636e-02 2.492105294692134043e-01 1.672604245022030200e-01 1.951856358348184328e-01 2.516251752970558586e-01 
2.420365866894133300e-01 2.213660262665460010e-01 3.866639617206018009e-01 7.049808593731006490e-02 7.305845673709677746e-01 1.372878536628407697e-01 6.825632345174353910e-01 9.522266994705529120e-02 0.000000000000000000e+00 2.939376660200557212e-01 9.767691939585071426e-02 4.054801433754298134e-01 4.920258509772468952e-02 2.282128038556212601e-01 5.915186321729809515e-01 3.661192315426738397e-01 3.564531243978159569e-01 1.613937122413499348e-01 3.083513688402214625e-01 1.068646869616124429e-02 6.099459651484021722e-02 2.464866651649829377e-01 4.425386586285107726e-01 3.234017177678371602e-01 1.929311011378460894e-01 2.845866080639478657e-01 1.446802839134720131e-01 3.692601865111003190e-01 1.483359119196012987e-01 3.158017949733576413e-01 1.486537372157000769e-01 4.700386492614077594e-01 7.603727442676457005e-02 7.650329053963768333e-02 2.226425223883346793e-01 1.590672873367737772e-01 7.786339737717275222e-02 3.581364957944041527e-02 2.100497180806693842e-01 1.392981766493718021e-01 8.101189348459023054e-02 1.088032815147844251e-01 3.596731528811665246e-01 2.479305414612945069e-02 2.169145274100967372e-02 1.796531854001069684e-01 1.346555536204969150e-01 1.364521661097909955e-01 2.498367587952557145e-01 1.634565746327701075e-01 1.263502893091721091e-01 1.636997218386590167e-02 6.548870298113843025e-02 1.091320799014091347e-01 1.142943069187892513e-01 3.409707128042769320e-01 1.290443657298127600e-01 2.292758497729540379e-01 1.625423403058782190e-01 3.691608685614890251e-02 2.211119519491691332e-01 1.423455081321705340e-01 5.073172351901242966e-02 6.784594012795906737e-02 4.488950446068562528e-02 8.533422588309431955e-02 
1.077519873339109063e-01 7.016438628965092350e-02 3.140955070544992345e-01 4.631767142973886031e-01 3.203520368166702381e-01 1.639245003106791776e-01 1.785913851283589260e-01 4.509813175015110476e-01 2.939376660200557212e-01 0.000000000000000000e+00 3.186573906660944422e-01 2.263154866433434928e-02 4.364681336795668276e-01 7.139891169277162719e-02 2.189238105527803457e-01 5.480635108130587074e-01 1.529022498104737060e-01 2.336917728827581434e-02 1.483790787097680752e-01 1.437284067045457858e-01 4.863400222360004244e-01 4.041208654201541850e-01 6.121449312573665757e-01 4.151357318708963628e-01 8.318996844976478400e-01 2.041077344283024897e-01 2.365042879804623299e-01 3.095044049367756678e-01 6.082148478937382530e-01 1.388652077230847215e-01 2.966435488124091746e-01 1.809993644414366054e-01 5.684609404341218336e-02 2.618843880596270490e-01 5.099130314790865925e-02 1.209644042658358648e-01 2.579901674907855158e-01 4.233618286684082133e-01 2.522638203803839185e-01 1.456090891873990656e-01 1.035449909264692520e-01 3.083028452185460067e-01 5.159058799517159954e-01 7.881992296853609914e-02 1.302013968921257869e-01 1.412637672280400158e-01 1.146023579648502155e-01 2.894516015690671851e-01 4.149135208215095627e-01 3.857035215725872490e-01 1.217378832561394064e-01 5.070724140392593449e-02 1.022057529736472292e-01 2.858678384667692751e-01 3.071519038212587316e-01 4.722642934293233563e-01 3.105300676198383125e-01 4.841563831165370813e-01 1.578477579624179561e-01 2.482531933445686345e-01 2.062446463790471862e-01 2.800218254049750555e-01 3.578910838553517881e-01 5.883552672346233081e-02 4.330982509806588499e-01 2.888255132844769202e-01 
7.537921848891437904e-02 1.503952013892345951e-01 1.015262487966853006e-01 5.465554577703382044e-01 2.724143058727194686e-02 1.684104256327232166e-02 1.140170264100869024e-01 4.452162418786261844e-01 9.767691939585071426e-02 3.186573906660944422e-01 0.000000000000000000e+00 6.813980288466969792e-02 6.202182120420253186e-01 7.921452681508847626e-02 1.080966294804997369e-01 3.161435433356626218e-02 6.079268520273137244e-02 1.614743402471352229e-01 1.119271240182522914e-01 1.183474113140746409e-01 6.171313997492624548e-01 4.123302362835198909e-02 3.675918751679430746e-02 1.293024179205841048e-02 4.057437184226567184e-01 4.549370751051051015e-02 3.366305828693166857e-02 1.042410553167803788e-01 3.235690561005915566e-01 8.716573593111838492e-02 2.205471791853219621e-01 1.311847891621635565e-01 6.561921088959632442e-02 1.410253899302067737e-01 1.120573226459649074e-01 1.929623996938578667e-02 2.233543498541343542e-01 1.010899325578290403e-01 4.450802548771592287e-02 1.391029300528420498e-01 2.784648474784618549e-02 1.406698085063441406e-01 1.597832496293533078e-01 6.868549082258279537e-02 4.525755658191539521e-02 8.141931605259289384e-02 5.921452616668863855e-02 1.562120064285775212e-01 2.644677794261722156e-02 1.842696180548182017e-01 3.098984205124008864e-02 8.699975563273418255e-02 1.456200139702466291e-02 2.422417565154257879e-01 2.739972282118077057e-02 3.584734997736391260e-02 2.606030453276759681e-02 1.855083448241313659e-01 1.286249939515286128e-02 6.644568119370093673e-02 8.788139238214986992e-02 6.841551989233798925e-02 1.310253119583625891e-01 6.786959454950551585e-02 1.171376295276731622e-01 1.195510609177088956e-01 
1.735559049386337094e-02 3.225316651156538983e-01 1.801997276568148565e-01 5.802878675079575083e-02 2.570731622029005514e-01 2.342498617828121799e-01 3.467743533069525541e-01 8.820504942004221693e-02 4.054801433754298134e-01 2.263154866433434928e-02 6.813980288466969792e-02 0.000000000000000000e+00 3.749558787464071785e-02 8.269544886863710031e-01 1.187186771096093579e-01 2.244012817407842891e-02 2.628845358709011940e-02 1.995914221784935716e-01 4.339475506846927622e-01 9.592649929868299341e-02 4.836226542869839079e-02 1.021967264049574720e-01 9.947986383847903791e-02 5.002714849410638126e-02 6.004002692596490526e-02 3.288116300056430075e-01 1.756756763476961525e-01 2.121275186879093277e-01 4.958548943964388028e-02 5.980167238255845036e-02 5.635614020151255565e-02 1.731970915070678851e-01 7.831866868402211079e-02 4.286324823427011682e-02 2.984866540270192381e-01 2.031626607647284699e-01 6.331002183865058752e-02 4.864061482831813499e-02 3.189495703372654534e-01 3.905696445679249229e-02 6.548222546546413059e-02 6.001541885564472961e-02 5.323305205497140535e-02 9.635370379790463014e-02 6.896000637139790279e-02 2.459442316603041231e-02 4.032334423940747703e-01 6.665563677817674948e-02 3.701870493700443188e-02 1.397759452813354675e-01 2.742387735497061052e-01 6.937447419519389424e-02 1.812431027878237955e-01 5.849583504491268765e-02 4.165839083978806895e-02 1.148247638998990267e-01 2.406995904802786135e-02 2.445164965678641930e-02 2.971847729723131604e-01 6.760771514058915022e-02 1.480950727277136059e-01 1.002760036103535757e-01 1.457088563946239666e-02 4.194048441474190064e-02 4.016196309245182589e-02 2.243972776697727295e-02 
1.435005775576073395e-01 1.358729930778221351e-01 6.102391226965399318e-02 6.184681028409633186e-01 5.448093176077177524e-02 5.203042142621858851e-02 2.269237151507099148e-01 4.889339739962467180e-01 4.920258509772468952e-02 4.364681336795668276e-01 6.202182120420253186e-01 3.749558787464071785e-02 0.000000000000000000e+00 9.329528897769846785e-02 1.561511751902125988e-01 2.049901959484692893e-02 2.144205007408219454e-01 1.595272425067343347e-01 1.841202095072712597e-01 1.411530056892603413e-01 7.478517987170857362e-01 5.395242554284579439e-02 1.936719712061027443e-02 8.029346497718335002e-03 4.492622317275394295e-01 3.188814493559625346e-02 3.823889634992718584e-02 8.085502790009425900e-02 3.366825645254741262e-01 1.864029569732636726e-01 1.622987867441055276e-01 1.666220554863906134e-01 1.734162666410441755e-01 3.401662959158394672e-01 1.374135913257692465e-01 7.575580670725828858e-02 2.940984206814351576e-01 1.748699822242040791e-01 4.670908028370240883e-02 1.890221846129445105e-01 1.116638727434590417e-01 2.724719002869459006e-01 1.031827545063811052e-01 6.437369473908784168e-02 2.402160920935068542e-02 1.055656271757389880e-01 8.558285697287360341e-03 3.246090386081072476e-01 5.840170125274297963e-02 3.503769363564979145e-01 7.491701273968312536e-02 1.709658385790676360e-01 3.510126206716288749e-02 3.109513110272558167e-01 4.266788658844977017e-02 9.278806550589877022e-02 8.226933375106543211e-02 1.749456745106859890e-01 2.290015342274766968e-02 5.091301068178866879e-02 1.065867994828355869e-01 3.282221744773358707e-02 3.359308302672082136e-01 2.039709789157824471e-01 2.280968948125683682e-01 3.339475103658159361e-01 
3.430228081641330945e-02 2.867896988400326919e-01 1.873483312016506752e-01 9.398640150419923511e-02 1.452258560457161118e-01 3.753776974132992383e-01 2.524183213405336579e-01 5.869323573694860269e-02 2.282128038556212601e-01 7.139891169277162719e-02 7.921452681508847626e-02 8.269544886863710031e-01 9.329528897769846785e-02 0.000000000000000000e+00 4.510723286243708413e-02 6.536603546142845389e-02 5.251372400375454302e-02 3.043124943646722258e-01 2.282888457459582021e-01 1.976548072382330323e-01 8.200416702391161161e-02 1.578736083856127348e-01 5.767208967003495390e-02 1.047029187397275074e-01 1.067004182483325958e-01 3.939812995790396011e-01 1.993330643723322526e-01 1.533896882073158829e-01 8.949261459089137560e-02 8.761405014982120987e-02 8.115670832402933910e-02 1.149169905918912826e-01 9.360695267032395628e-02 7.439183967717151458e-02 2.702536007908855620e-01 2.247076168681901853e-01 1.384603763174130364e-01 1.561038712258724405e-02 3.912313283878999237e-01 1.321553246744655574e-02 6.843575987586901499e-02 2.416098779569982730e-02 4.322045176052649595e-02 8.366170605234704571e-02 2.501597313835887681e-01 5.541098873051365087e-02 5.614595457755436891e-01 6.641239439052612492e-02 1.261003046078013057e-03 1.055173167962505237e-01 2.896126543726276759e-01 2.260177736734533538e-01 1.239132320071999471e-01 1.371571629604654008e-01 5.931047561397635726e-02 8.064575967492536301e-02 3.175132932959364579e-02 1.126629755590725368e-01 4.397113735368738952e-01 8.348555906679304417e-02 1.077548414672826887e-01 1.584988456976652582e-01 6.245277099266329651e-02 4.124388872306065240e-02 4.647201009859126125e-02 5.318418355606475273e-02 
5.257433432935235684e-01 1.465034613919883599e-01 3.473137908203922097e-01 7.579470735766637157e-02 5.318478448233519007e-01 2.402661782433240245e-01 5.071593236699569740e-01 1.013957147554566951e-01 5.915186321729809515e-01 2.189238105527803457e-01 1.080966294804997369e-01 1.187186771096093579e-01 1.561511751902125988e-01 4.510723286243708413e-02 0.000000000000000000e+00 3.513865059744961106e-01 5.184917107676910719e-01 5.562743435247525375e-02 3.592401769343610274e-02 1.319426206000590962e-01 4.211792107768489585e-02 3.162689731694406370e-01 3.771422758567807842e-01 3.550486802266240582e-01 1.821692282372010807e-01 1.678942751064028682e-01 2.918859183131883861e-01 3.172138918157738074e-01 1.331115212667201841e-01 7.409671902963810286e-01 7.688678842142065983e-02 6.729429137541967920e-01 4.186353136571999700e-01 1.709145167956499234e-01 1.663752707189508628e-01 1.114225330105844958e-01 1.128108303999132006e-01 1.285540814793665887e-01 1.665434940065133040e-01 2.579311276519501428e-01 1.419997859731898238e-01 1.898299200158415356e-01 4.063186146779660390e-01 6.620868971315328755e-02 5.957182294821922186e-02 2.670394772261650007e-01 3.398542613516000038e-02 1.783380484870349669e-01 2.224481460504527663e-01 2.784770199511288902e-01 7.238646597356986068e-02 1.677284062364526041e-01 5.246063377345044215e-02 1.527001006618790013e-01 1.424138302472201800e-01 3.236544129161886829e-01 1.512206697865943195e-01 2.762719263519474167e-01 7.939010338390922739e-02 7.448945199800803552e-02 1.648944356276135503e-01 1.840964176668033192e-01 1.727270266591076076e-01 1.778797661450153555e-01 9.612861699686707506e-02 2.114918459161136133e-01 
2.527918170672843745e-01 1.870006857531248956e-01 4.136887178241281937e-01 3.089925235068773438e-02 3.873665055437383042e-01 1.642143744964256469e-01 3.036262415264652237e-01 1.240176212244275822e-01 3.661192315426738397e-01 5.480635108130587074e-01 3.161435433356626218e-02 2.244012817407842891e-02 2.049901959484692893e-02 6.536603546142845389e-02 3.513865059744961106e-01 0.000000000000000000e+00 2.416795373582655837e-01 4.307025332416861141e-02 2.129127685372216028e-02 2.221536651201264437e-02 4.019390596902045615e-02 5.788477830913659750e-01 8.419524750405756874e-01 7.371897515426493186e-01 3.823804133944533890e-01 9.287230031156339105e-02 1.691840262135318740e-01 4.919973458127843147e-01 3.468486959135209102e-01 3.309456630701854141e-01 1.082874024991878625e-01 3.155040648390792235e-01 1.860244795560362374e-01 1.185868260344881131e-01 1.427459256329809689e-01 1.818901435347412276e-01 5.997106351123490664e-02 2.448527717125720538e-01 1.819691454656474916e-01 1.214120140848465451e-01 9.184396045243775619e-02 1.941377149890934628e-01 3.887243017923523447e-01 2.711723854815945023e-02 5.583232214699702239e-02 2.904570132889116446e-02 4.752460924587093710e-02 1.831818517903406607e-01 6.383486192648463176e-01 1.903835375921506812e-01 6.186071971827875743e-02 3.668815699742389302e-02 5.652847695391161054e-02 5.464603653925407395e-02 4.406311325362236020e-01 6.272386983173936503e-01 4.321769647987045437e-01 2.737386443531850122e-01 5.876612462496871858e-02 2.376886731454088963e-01 2.897291425239243434e-01 3.080570616566406517e-01 1.967376791005537029e-01 2.451769825392826826e-02 2.940469277596215458e-01 1.528183983395897949e-01 
5.506179226460172771e-01 1.843314945436147489e-02 7.432762364872330663e-02 9.641112767739103140e-02 6.081960249594982049e-01 1.218934074628531677e-01 6.490606354756475183e-01 5.520175256288156057e-02 3.564531243978159569e-01 1.529022498104737060e-01 6.079268520273137244e-02 2.628845358709011940e-02 2.144205007408219454e-01 5.251372400375454302e-02 5.184917107676910719e-01 2.416795373582655837e-01 0.000000000000000000e+00 1.164358785019670162e-01 7.432388992216165668e-02 1.311068791593680838e-01 5.018420182499340465e-02 1.704356506127726323e-01 2.276763399040019342e-01 1.884558288999655107e-01 1.907952623452532914e-01 9.404018775114042494e-02 1.908660147161995446e-01 1.006452709087740510e-01 1.813763523831922186e-01 4.715546317781186270e-01 7.518901644398306994e-02 4.339407598796994892e-01 3.695091409045798692e-01 3.284687430503214212e-01 1.019577660921994894e-01 1.423173992032324697e-01 9.667129429529819351e-02 1.921578125929628289e-01 1.153539204307953148e-01 3.796733869252360005e-01 2.218592767570684299e-01 3.232482398391789413e-01 4.510285184315061535e-01 9.993529832800646107e-02 1.650806108556153173e-01 3.498363501995989666e-01 1.496478709808568563e-01 3.279121561809849039e-01 2.085519303721731499e-01 4.285685811024182446e-01 1.479826737817506455e-01 1.735429169865874977e-01 4.781969564712010290e-02 1.750868144040251817e-01 1.569981936760790897e-01 2.794558515936009235e-01 1.630836018356684181e-01 2.896353729780419273e-01 1.806376106290340580e-02 8.703620166358051746e-02 1.291387645057965328e-01 2.387478224009945971e-01 3.021334399091127887e-01 2.490280815466231201e-01 1.702480892717306571e-01 3.359309227729168068e-01 
2.369989538287229081e-01 3.581248800121852871e-02 2.899784214996945497e-01 1.351201481165252571e-01 4.529848363200401906e-02 1.903872798075514627e-01 1.050865026159907567e-01 4.348403239719985519e-02 1.613937122413499348e-01 2.336917728827581434e-02 1.614743402471352229e-01 1.995914221784935716e-01 1.595272425067343347e-01 3.043124943646722258e-01 5.562743435247525375e-02 4.307025332416861141e-02 1.164358785019670162e-01 0.000000000000000000e+00 1.063217444059608024e-01 5.248217293748271839e-01 1.295143839182442691e-01 2.220051442404520278e-02 7.735726257863347055e-02 3.993716554859733092e-02 9.749735265099611359e-02 2.563727451185741080e-01 9.372157467047943780e-02 2.246563707263450962e-02 4.330865666391656849e-02 1.038945448502488766e-01 1.650244876951315054e-01 1.022514956096879368e-01 2.917279905529467920e-01 1.973951047351856641e-02 1.604758932447172826e-01 1.359942867847017955e-01 8.001365105879472417e-02 1.252259982718649522e-01 2.283039217020337297e-01 3.327153940432311940e-02 1.129151047653787453e-02 5.038951786641675951e-02 1.381263631825122573e-01 4.852418724546144618e-02 2.989231331414283765e-01 9.952769559252808151e-02 3.678493059028007939e-01 2.084321282262059302e-02 5.220852472856235549e-02 9.138729147500362915e-02 1.490977434636067689e-01 1.183784508584322659e-01 1.123644060084217355e-01 1.142344994108490663e-01 4.437742896270106818e-02 5.427140934551707985e-02 3.317172484079152633e-02 1.314795525772474438e-01 3.979852763173900576e-01 1.132760851091294263e-01 1.318708064714515515e-01 4.477357202066901271e-02 2.386469151447631262e-02 4.001697765988073557e-02 5.239521774433684304e-02 2.415981542110941932e-02 
8.680929208305963873e-02 1.232187591729405757e-01 1.021026999735888952e-01 1.079696041452877370e-01 1.375003637410756041e-01 1.500482029305811316e-01 7.772173237641161192e-02 1.985450566446194387e-01 3.083513688402214625e-01 1.483790787097680752e-01 1.119271240182522914e-01 4.339475506846927622e-01 1.841202095072712597e-01 2.282888457459582021e-01 3.592401769343610274e-02 2.129127685372216028e-02 7.432388992216165668e-02 1.063217444059608024e-01 0.000000000000000000e+00 3.660790037723783419e-01 1.230478366012753011e-01 3.021372388354192501e-02 7.387495590792557409e-02 5.556511904893506049e-02 1.262741496548855646e-01 3.077336302242605348e-01 1.553137962385922888e-01 1.493166277964095845e-01 1.006009236634443083e-01 2.118378381995949244e-01 2.487737388538732997e-01 1.552995330083870584e-01 2.579592881221833278e-01 1.054414390866206669e-01 1.324384889807997678e-01 1.288991282436113828e-01 2.933476262659616418e-02 1.981263647445514336e-02 2.002846202373528284e-01 1.111841184997816867e-01 1.481832429773075610e-01 7.087377025620557325e-02 4.422975772388013788e-02 8.126407832308336909e-02 3.759551403604046577e-02 9.668609847285575265e-02 1.736850891370470551e-01 8.862061163348688986e-02 1.064455670710582127e-02 1.007144191838991593e-01 1.150853437049084577e-01 1.023292879126608129e-01 1.470334166609947868e-01 4.684838101625081463e-02 2.626518502703951291e-02 4.834193935080607907e-02 9.557177405212674212e-03 4.715615264065724926e-02 1.709034845614323117e-01 4.509369282829694958e-02 9.483689681425809537e-02 9.699216812754080097e-02 1.424374221531724827e-01 1.136092475561278625e-01 1.281081125032722534e-01 1.394575827495138920e-01 
1.629780278270230864e-01 4.747192832744632357e-02 6.604933422445595503e-02 1.648191200672279033e-01 8.516140057168111732e-02 4.429902926518759082e-02 8.993113355636801753e-03 6.393769404451769833e-02 1.068646869616124429e-02 1.437284067045457858e-01 1.183474113140746409e-01 9.592649929868299341e-02 1.411530056892603413e-01 1.976548072382330323e-01 1.319426206000590962e-01 2.221536651201264437e-02 1.311068791593680838e-01 5.248217293748271839e-01 3.660790037723783419e-01 0.000000000000000000e+00 1.457966680451496522e-01 1.073998210151498184e-01 1.770210055332772231e-02 2.612676658910801156e-02 1.760826288489485691e-01 1.934476925435984346e-02 5.005606537457617522e-01 4.333292519103811719e-02 1.316184751462050884e-01 4.492700625244515356e-02 2.456461803900134300e-01 6.085617687585596729e-03 4.088865981676378936e-02 7.950571770152901896e-02 5.102818610723908882e-02 3.110778419835595263e-02 8.650097479193732952e-02 5.520243017097815202e-02 2.870613359762651945e-02 4.607611569276272301e-02 1.266359499763261565e-01 1.214308324779615582e-02 8.608555996234242003e-02 6.316349214026512060e-02 1.699061903221016356e-01 6.325889866755804447e-02 1.790225380463265070e-01 5.135107088651005847e-02 6.483413970992811526e-02 4.486141902680002014e-02 8.735445791804562210e-02 4.409454914774929568e-02 1.173232942702046588e-01 8.636629929836538155e-02 4.959461003210380303e-02 2.534532770512062938e-02 5.456990330510206461e-02 9.237090889748848788e-02 1.345557899574468530e-01 8.525158017031835012e-02 1.010256055213991540e-02 6.564434497389459722e-02 1.080656113407639368e-01 7.133772649813500955e-02 5.730996755505366608e-02 9.903849891163976626e-02 
9.255249505319514125e-02 1.458870797083565152e-01 2.637279652460761820e-02 9.142709101887791512e-01 6.045461294496889959e-02 1.336214180946978559e-02 4.029061055758274140e-02 4.881962501179267222e-01 6.099459651484021722e-02 4.863400222360004244e-01 6.171313997492624548e-01 4.836226542869839079e-02 7.478517987170857362e-01 8.200416702391161161e-02 4.211792107768489585e-02 4.019390596902045615e-02 5.018420182499340465e-02 1.295143839182442691e-01 1.230478366012753011e-01 1.457966680451496522e-01 0.000000000000000000e+00 1.437431806280878854e-01 3.385452475976829384e-02 6.265577272554245791e-02 5.950234833777781063e-01 4.612403163177074272e-02 8.018900341834829526e-02 7.373915997947537437e-02 5.421719131923361523e-01 3.274113188129854773e-02 1.181845101625145500e-01 5.367570838289247720e-02 3.455347637727903404e-02 2.021845533540149731e-01 1.400251800248489831e-01 5.389708985768793675e-02 4.761059114090542277e-01 9.572311755400784994e-02 7.672623406448117467e-02 6.362588086142613453e-02 2.352577305863426393e-02 1.191719162329477749e-01 2.634588060325042114e-01 1.405457238554548849e-01 3.989132407023361637e-02 3.115774552332618019e-01 6.969678444324721445e-02 1.834993033319405331e-01 3.847071759880897612e-02 1.876647221267642163e-01 6.830624112142463789e-02 1.017319557111929923e-01 3.631761826057835346e-02 5.024979713586882335e-01 4.982521202754280204e-02 4.884877986440756131e-02 5.038763030160471612e-02 3.266043814584267402e-01 1.869515420632216277e-02 8.700406210823609376e-02 9.933240249855347648e-02 1.388797987540310030e-01 2.106202789606219650e-01 8.953919162685158861e-02 1.426555371957885787e-01 2.004812042033958241e-01 
2.683142875158593399e-01 3.892622799991473509e-02 3.015039060692880080e-01 1.690973758599749188e-01 2.405277403106498291e-01 1.080740363420932548e-01 1.790183809244737523e-01 1.102146182515938017e-01 2.464866651649829377e-01 4.041208654201541850e-01 4.123302362835198909e-02 1.021967264049574720e-01 5.395242554284579439e-02 1.578736083856127348e-01 3.162689731694406370e-01 5.788477830913659750e-01 1.704356506127726323e-01 2.220051442404520278e-02 3.021372388354192501e-02 1.073998210151498184e-01 1.437431806280878854e-01 0.000000000000000000e+00 4.796786596654125101e-01 8.047179695677685318e-01 3.618858331502996517e-01 8.287839526495902054e-02 3.120286170774432266e-01 1.797579176820811586e-01 4.294770082795179023e-01 3.336027868562237986e-01 2.736330079640810764e-01 2.251119164183325860e-01 1.298383679832804671e-01 2.259683645289490561e-01 1.420893863499764383e-02 1.072801620917433196e-01 1.843819083695561467e-01 1.375056219570933158e-01 1.745828222258113127e-01 1.332562929132451446e-01 3.578918776357161574e-02 1.442701394154571604e-01 2.451270970574025432e-01 3.209409167571387195e-02 8.805493895621284428e-02 3.277426339828857366e-02 1.066780324741569835e-01 2.067783635685022103e-01 2.610500960833353479e-01 2.189160787407746500e-01 2.986995823858757879e-02 1.188037529802365017e-01 3.687220055072058106e-02 1.439169925486463719e-01 1.435449847865872264e-01 2.913414423481785476e-01 1.266079301856449790e-01 2.452035651249252490e-01 4.846193197682024945e-02 1.770399130771246610e-01 3.929787072309865598e-02 1.386376787014941270e-01 2.356993047124511798e-01 7.003655081254923920e-02 2.443318454478349278e-01 1.727873402722929497e-01 
2.049380301057001641e-01 3.707401605714321646e-01 4.966350841971365893e-01 2.970623467831309122e-02 4.590193724956085908e-01 2.066208564663057079e-01 3.704516656746241754e-01 1.511726372779293170e-01 4.425386586285107726e-01 6.121449312573665757e-01 3.675918751679430746e-02 9.947986383847903791e-02 1.936719712061027443e-02 5.767208967003495390e-02 3.771422758567807842e-01 8.419524750405756874e-01 2.276763399040019342e-01 7.735726257863347055e-02 7.387495590792557409e-02 1.770210055332772231e-02 3.385452475976829384e-02 4.796786596654125101e-01 0.000000000000000000e+00 6.188066525963583642e-01 4.013757937446347235e-01 1.192723294830987657e-01 1.690902737340318485e-01 6.553123629969911379e-01 3.015497697929928056e-01 3.052560970833848586e-01 1.918535871234867962e-01 3.639393800763994768e-01 1.115695124116355130e-01 1.325049503275460283e-01 3.253503604835180640e-01 2.551526935785530803e-01 2.049349354548532509e-02 3.626396371582866762e-01 2.368399691151024944e-01 1.712812921019830903e-01 6.245591286833129113e-02 2.564548145274576640e-01 4.048691398954325504e-01 5.626828060276816562e-02 1.509148558887443980e-01 5.641514742718855419e-02 1.903935620638768644e-01 2.072158949082723023e-01 6.489106961961380593e-01 2.276840454957300142e-01 8.782692830342210544e-02 2.270349649695785690e-02 8.247597589188733480e-02 2.550851111974335172e-02 4.397726175430970441e-01 7.457194327374535581e-01 4.644215043734374326e-01 2.694883254236534742e-01 1.068948832385029218e-01 2.242732837312662875e-01 4.543753043867895247e-01 2.399435085013653657e-01 2.391640296976808300e-01 1.647301232510545860e-02 3.840652989000565287e-01 1.800258291768031260e-01 
2.484249236218352141e-01 5.550065577885857082e-02 3.624103515781057494e-01 7.185167626629432314e-02 3.062261436638412659e-01 1.223748582854565919e-01 2.445232450058871521e-01 1.161742175961861800e-01 3.234017177678371602e-01 4.151357318708963628e-01 1.293024179205841048e-02 5.002714849410638126e-02 8.029346497718335002e-03 1.047029187397275074e-01 3.550486802266240582e-01 7.371897515426493186e-01 1.884558288999655107e-01 3.993716554859733092e-02 5.556511904893506049e-02 2.612676658910801156e-02 6.265577272554245791e-02 8.047179695677685318e-01 6.188066525963583642e-01 0.000000000000000000e+00 2.947165272780855605e-01 7.068862033708418757e-02 2.767271811013989891e-01 3.145764685693993590e-01 3.144227917228783475e-01 3.632969805256907603e-01 1.861204319828519971e-01 2.994628221887900565e-01 1.852598371047239068e-01 1.892090852332414253e-01 7.631366611761972174e-02 1.017681528469638469e-01 1.232286151661595303e-01 1.396418386833308545e-01 1.739187766482424014e-01 1.088100772316216852e-01 2.504561775892734377e-02 1.406283207416633152e-01 2.602564829977934702e-01 3.115672970963406785e-02 4.827213191244632967e-02 3.757184737426906562e-02 5.503735348370619035e-02 1.843679539219042485e-01 3.478296762453726432e-01 1.806143043382686941e-01 1.357478632386880865e-02 9.215023749430953370e-02 3.869021432468040117e-02 8.376361202974341724e-02 2.041231660061713360e-01 3.691769321307962759e-01 1.416102234615437550e-01 2.244477538829937335e-01 5.790142524849301031e-02 1.373152290391350672e-01 1.108029878393156364e-01 2.218585795953047779e-01 2.269098424995212859e-01 7.279181964100998881e-02 2.432415385422830312e-01 1.785289925346737749e-01 
