1.000000 0.063695 0.080118 0.089566 0.070764 0.101504 0.134017 0.052481 0.032121 0.077870 -0.028280 -0.040215 -0.095711 -0.025471 0.200987 0.116450 0.293960 0.116693 -0.079301 0.076949 0.026772 0.102973 0.086262 0.045627 0.146638 -0.018139 0.095490 0.117279 0.229068 0.451572 0.020948 0.089769 0.431748 0.022849 0.051847 -0.015347 -0.015767 0.036302 -0.080094 0.063682 0.021045 0.063282 0.173934 -0.001375 -0.069217 0.088361 -0.110381 0.048793 0.157323 0.055499 0.052315 -0.015252 0.024142 -0.013527 0.160554 0.119703 0.143358 0.081098 -0.081998 -0.001287 0.068409 0.018742 0.077929 0.076013 -0.038997 0.107239 
0.063695 1.000000 0.302304 0.127605 0.011728 0.059553 0.062136 -0.008192 0.048179 0.176498 0.059290 0.082400 0.003732 0.076977 0.122933 0.191869 0.077138 0.017869 0.010684 0.104512 0.101943 0.047825 0.289843 0.126595 0.194412 0.150628 0.269843 0.741133 0.143028 0.103014 0.008285 0.013104 0.046288 -0.003209 0.534432 0.081330 0.056764 0.089364 -0.046493 0.054621 -0.017078 0.110534 0.067923 -0.018404 0.128054 0.054313 0.112520 0.075609 0.106917 0.086476 0.036649 0.020791 0.050141 0.076395 0.081466 0.088692 0.042702 0.113347 -0.034217 0.122256 0.433312 0.039253 0.064603 0.041748 0.034284 0.067867 
0.080118 0.302304 1.000000 0.162571 0.096783 0.107832 0.062144 -0.007296 0.250947 0.176310 0.080786 0.054195 -0.008427 0.042817 0.277926 0.426585 -0.054792 0.086655 -0.016511 -0.036820 0.122665 0.227462 0.412978 0.386482 0.142937 0.013902 0.004862 0.507687 0.075140 0.184670 0.066416 0.081326 0.087436 0.081839 0.063093 0.038087 0.101582 0.001916 -0.039049 0.041426 0.072477 0.106972 0.080369 -0.029210 0.066354 0.094951 0.071545 0.093595 0.109125 0.038976 0.027375 0.070791 0.002692 0.121644 0.039795 0.084996 0.013639 0.112992 0.046699 0.131913 0.100510 0.074264 0.101075 0.105027 -0.026110 0.043067 
0.089566 0.127605 0.162571 1.000000 0.028169 -0.036431 0.027096 0.187462 0.069430 0.348420 0.489039 -0.018808 0.401780 -0.016984 0.000814 0.030910 -0.009887 0.049472 0.029042 -0.047548 0.915566 0.051535 0.046116 0.038647 0.564683 -0.029652 -0.049676 0.112005 0.395618 0.015477 -0.007951 -0.085074 0.042795 0.004678 0.049678 -0.017215 0.320033 -0.015728 -0.101136 0.068370 -0.013597 -0.003947 0.152075 -0.024799 0.016823 0.200910 0.004095 0.013529 -0.008267 0.030577 -0.096643 0.088593 -0.007602 0.324074 -0.043553 -0.023689 -0.042779 0.240345 0.008444 0.058601 0.036368 -0.010356 0.018813 0.065413 0.028819 0.038866 
0.070764 0.011728 0.096783 0.028169 1.000000 0.058498 0.817015 0.007401 0.709152 0.089597 0.026263 0.091321 -0.018906 0.028025 0.385443 0.110263 0.400723 -0.052825 0.053178 -0.045088 0.015453 0.048987 0.224840 0.083461 0.007737 0.135036 0.053808 0.047038 -0.010595 0.199419 0.001622 0.494724 0.077994 -0.015296 0.004562 -0.071159 0.070869 0.014629 0.142941 0.098499 -0.011152 0.031092 0.212773 0.079346 0.015870 0.134326 0.038069 0.046454 0.016139 0.110994 -0.001283 -0.043274 0.009570 0.060798 0.004739 0.157975 0.027978 0.094935 0.110233 -0.039545 0.000661 0.052647 0.036789 0.041857 -0.047414 0.104433 
0.101504 0.059553 0.107832 -0.036431 0.058498 1.000000 -0.026505 -0.082263 0.145989 0.025937 -0.085681 0.059946 -0.087022 0.156908 0.227135 0.037874 -0.012488 0.049337 0.046375 -0.004056 -0.085135 0.039412 0.053986 0.041470 0.001734 0.483226 0.088183 0.066256 0.001081 0.176735 0.141511 0.092604 0.104584 0.032564 0.077560 -0.045311 0.005501 0.043692 0.260565 0.065743 0.051584 0.099689 0.080266 0.020556 0.092995 -0.003178 0.103873 0.021344 -0.019854 0.004276 0.126601 0.081981 0.136282 -0.032199 -0.023957 0.031715 -0.010688 0.053156 0.326146 0.099650 0.096678 0.001303 -0.011005 -0.040728 0.025786 0.019176 
0.134017 0.062136 0.062144 0.027096 0.817015 -0.026505 1.000000 0.104216 0.602928 0.079078 0.079951 0.229342 0.060342 0.128852 0.303668 0.049895 0.494431 -0.026927 0.063057 0.017170 0.042066 -0.003881 0.165278 -0.002334 0.046635 0.073117 0.049939 0.022843 0.041550 0.131858 0.040493 0.393605 0.086424 -0.012742 0.026767 -0.024821 0.041446 0.018604 0.086862 0.102102 0.029281 0.035753 0.155563 0.076025 -0.003993 0.156643 0.008996 0.060855 0.003868 0.155663 0.022178 -0.042649 0.037355 0.068324 0.029146 0.114786 0.026110 0.060872 0.037576 -0.065631 0.019855 0.037819 0.044273 0.048863 -0.058171 0.100405 
0.052481 -0.008192 -0.007296 0.187462 0.007401 -0.082263 0.104216 1.000000 -0.002001 0.309203 0.284471 0.016406 0.194416 0.031138 0.049597 -0.055285 0.113377 0.006421 -0.088061 -0.003331 0.270738 -0.088159 -0.044703 -0.084182 0.369072 0.055339 -0.016481 -0.032945 0.342478 0.051745 0.003722 -0.003267 0.061559 0.055165 0.011006 -0.028571 -0.021330 0.086348 0.051615 0.089151 0.046475 0.060260 0.019630 -0.043953 -0.018615 0.071321 0.020865 0.096574 -0.034488 0.190433 -0.108128 -0.036818 -0.104040 -0.015552 -0.017724 -0.064554 -0.022685 0.052486 0.037785 0.019779 0.033223 0.034477 0.150380 0.011619 0.163280 0.118476 
0.032121 0.048179 0.250947 0.069430 0.709152 0.145989 0.602928 -0.002001 1.000000 0.089788 0.015722 0.288977 -0.018563 0.091371 0.526863 0.168165 0.065669 -0.051627 0.264929 -0.026701 0.046577 0.134454 0.259939 0.166430 0.020600 0.180371 0.066832 0.155276 0.007948 0.198412 0.062142 0.377719 0.040344 -0.034799 0.033224 -0.023825 0.072809 -0.004061 0.133798 0.088137 -0.072331 0.025797 0.034889 0.053737 0.001937 0.107067 0.032391 0.020243 0.018328 0.061044 -0.022903 -0.024123 -0.043806 0.060991 -0.025276 0.095411 -0.000300 0.004168 0.090017 -0.043148 0.064867 -0.017770 0.032429 0.004409 -0.044405 0.078203 
0.077870 0.176498 0.176310 0.348420 0.089597 0.025937 0.079078 0.309203 0.089788 1.000000 0.146690 0.076204 0.130651 0.107634 0.125300 0.248975 0.125456 0.086014 -0.008344 0.044126 0.354959 0.116930 0.330234 0.120321 0.837514 0.103196 0.146513 0.168314 0.569522 0.065651 0.062143 0.011235 0.030859 0.046204 0.110193 -0.064505 0.043996 0.273368 0.045806 0.073804 -0.001314 0.163375 0.372334 -0.094228 -0.016377 0.071685 0.076943 0.129209 0.159824 0.267699 -0.022972 -0.033020 -0.030575 0.041522 0.066119 0.139530 0.042472 0.385947 0.107286 0.191994 0.080894 0.142108 0.220128 0.043259 0.276568 0.158723 
-0.028280 0.059290 0.080786 0.489039 0.026263 -0.085681 0.079951 0.284471 0.015722 0.146690 1.000000 0.024436 0.422376 -0.008356 -0.024338 -0.040483 0.017073 0.088044 0.026941 0.030279 0.548319 -0.047100 -0.010808 -0.004784 0.276747 -0.065169 -0.012680 0.034909 0.125307 -0.019933 -0.062283 -0.019587 0.021754 -0.023635 0.022220 -0.074937 0.040895 -0.061485 -0.092397 -0.020122 0.020860 -0.042290 0.021768 -0.081836 -0.024298 0.024149 -0.033008 -0.009858 -0.053754 -0.000611 -0.082786 0.039643 0.008088 0.081814 -0.057224 -0.093230 -0.062729 0.118858 -0.021278 0.000124 0.026482 0.029369 -0.019298 0.072896 0.013149 0.034489 
-0.040215 0.082400 0.054195 -0.018808 0.091321 0.059946 0.229342 0.016406 0.288977 0.076204 0.024436 1.000000 0.051414 0.785003 0.047415 -0.040335 -0.021203 0.129841 0.455157 0.155056 0.026581 -0.069185 0.013996 -0.084764 0.078715 0.171887 0.111125 0.014814 0.084049 -0.075035 0.007375 0.007750 -0.032390 -0.019700 0.078455 0.034285 -0.016104 0.030208 0.168583 0.045461 -0.062457 0.053107 -0.028463 0.064834 -0.020956 0.065980 0.248732 0.015954 0.021391 0.050353 0.085320 0.024984 0.117859 0.019255 0.039825 0.030877 0.057050 -0.065409 0.129413 0.023355 0.014316 -0.035729 0.043179 0.033897 0.010675 0.056134 
-0.095711 0.003732 -0.008427 0.401780 -0.018906 -0.087022 0.060342 0.194416 -0.018563 0.130651 0.422376 0.051414 1.000000 0.054099 -0.070035 -0.073491 0.048134 0.008069 0.031228 0.001905 0.609990 -0.041859 -0.047587 -0.063973 0.194676 -0.086388 -0.104198 -0.004404 0.018983 -0.005886 -0.051915 -0.003274 0.010621 0.045999 -0.015642 -0.017280 -0.004357 -0.051043 -0.119221 -0.022243 -0.028819 -0.038438 -0.112697 -0.102698 -0.080971 0.032470 -0.075635 0.084921 -0.022919 0.019003 0.007082 0.041923 -0.001951 -0.001727 -0.017572 -0.029523 -0.024772 -0.078860 -0.110379 -0.025315 -0.022355 -0.057984 0.045005 0.045242 0.040253 0.027659 
-0.025471 0.076977 0.042817 -0.016984 0.028025 0.156908 0.128852 0.031138 0.091371 0.107634 -0.008356 0.785003 0.054099 1.000000 -0.079488 -0.048577 -0.036983 0.184304 0.173131 0.176393 0.036540 -0.053494 -0.000594 -0.080963 0.109370 0.255948 0.094049 -0.008436 0.115867 -0.106667 -0.018521 -0.076956 -0.066046 -0.048881 0.067180 0.085799 -0.035169 0.050093 0.256941 0.071442 -0.072418 0.049092 -0.024924 0.044769 0.148479 0.053970 0.519906 0.013490 -0.023200 0.058725 0.120771 0.105800 0.095767 -0.016025 0.002055 -0.000325 0.011756 -0.056973 0.289265 0.015818 0.018991 -0.002827 0.021134 0.020314 0.043200 0.031092 
0.200987 0.122933 0.277926 0.000814 0.385443 0.227135 0.303668 0.049597 0.526863 0.125300 -0.024338 0.047415 -0.070035 -0.079488 1.000000 0.194847 0.237558 -0.075457 0.101903 0.002559 -0.043720 0.126650 0.241262 0.147814 0.065499 0.048054 0.107104 0.206539 -0.010378 0.713201 0.023414 0.654530 0.295678 0.094083 0.092152 -0.067478 0.050843 0.073056 -0.036648 0.214965 0.059177 0.165879 0.148614 0.048314 -0.073086 0.126299 -0.115706 0.099310 0.126743 0.201610 0.028512 -0.041803 -0.069322 0.021427 0.043986 0.147374 0.090703 0.101800 -0.069872 -0.004890 0.119118 0.042904 0.145169 0.057704 -0.016556 0.174630 
0.116450 0.191869 0.426585 0.030910 0.110263 0.037874 0.049895 -0.055285 0.168165 0.248975 -0.040483 -0.040335 -0.073491 -0.048577 0.194847 1.000000 0.037321 0.026306 -0.028683 -0.029350 -0.020356 0.406908 0.870546 0.718012 0.089391 -0.056912 0.056844 0.485399 0.100326 0.247999 0.071930 0.113793 0.171071 0.032282 0.120043 0.083249 0.037347 0.036835 -0.043476 0.018094 0.041676 0.086160 0.126198 -0.041549 -0.038380 -0.023895 -0.019259 0.123300 0.491091 0.063433 0.005883 -0.037184 -0.020010 0.006959 0.207216 0.486861 0.191694 0.113317 -0.048070 0.107431 0.135532 0.158067 0.068478 0.042616 0.041555 0.034769 
0.293960 0.077138 -0.054792 -0.009887 0.400723 -0.012488 0.494431 0.113377 0.065669 0.125456 0.017073 -0.021203 0.048134 -0.036983 0.237558 0.037321 1.000000 -0.021467 0.012122 0.097755 0.020455 -0.104233 0.087320 -0.069295 0.114813 0.025958 0.205837 0.019083 0.121100 0.235483 0.118893 0.247557 0.222556 0.064668 0.023650 0.010345 0.016862 0.100314 0.019693 0.146167 0.144151 0.156637 0.386696 0.057713 -0.002341 0.165947 -0.053108 0.195691 0.191519 0.230004 0.111326 -0.010884 0.035826 0.052360 0.183607 0.251232 0.163021 0.209492 -0.069539 -0.077251 0.021360 0.135275 0.160468 0.072114 0.061474 0.222498 
0.116693 0.017869 0.086655 0.049472 -0.052825 0.049337 -0.026927 0.006421 -0.051627 0.086014 0.088044 0.129841 0.008069 0.184304 -0.075457 0.026306 -0.021467 1.000000 0.007431 0.369715 0.066159 -0.041597 -0.000103 -0.007941 0.134416 0.027718 -0.000933 0.043502 0.082228 -0.068306 0.007930 -0.009758 0.079497 -0.024108 0.034907 -0.022061 -0.067762 0.050150 -0.004212 -0.058682 -0.038907 -0.081024 0.047986 -0.004576 -0.022606 -0.010397 0.045423 -0.055403 -0.013823 0.015297 0.070343 0.049438 0.089413 -0.041810 -0.062750 -0.053101 -0.048301 0.065157 0.169913 0.025960 0.033803 -0.031903 -0.025484 -0.026044 -0.036066 -0.037738 
-0.079301 0.010684 -0.016511 0.029042 0.053178 0.046375 0.063057 -0.088061 0.264929 -0.008344 0.026941 0.455157 0.031228 0.173131 0.101903 -0.028683 0.012122 0.007431 1.000000 0.252772 0.026577 -0.028719 0.014353 -0.029970 0.006184 0.087933 0.073883 0.044812 0.015666 0.031798 0.016772 0.015778 0.021643 0.004358 0.058584 0.033584 0.062972 0.022145 0.093956 0.053501 -0.053389 0.040011 -0.007268 0.062450 -0.013466 0.094290 0.035953 0.022938 0.002334 0.004972 0.079509 0.084440 0.130243 0.082965 0.002052 0.037384 0.021084 0.007177 0.005316 0.011929 -0.011389 -0.093410 0.045331 -0.008300 0.030326 0.082849 
0.076949 0.104512 -0.036820 -0.047548 -0.045088 -0.004056 0.017170 -0.003331 -0.026701 0.044126 0.030279 0.155056 0.001905 0.176393 0.002559 -0.029350 0.097755 0.369715 0.252772 1.000000 -0.003802 -0.020945 -0.013782 -0.020897 0.046660 -0.077578 0.437922 0.060326 0.077687 0.000295 0.006425 -0.007555 -0.027819 -0.044636 0.055355 -0.044449 0.003348 0.050856 -0.043516 -0.005698 -0.027108 0.010856 0.012351 0.048122 -0.020043 -0.019098 0.016892 0.026058 -0.066104 0.026452 0.059812 0.030041 0.088798 0.016077 -0.059494 -0.039017 -0.079631 0.023356 -0.127329 -0.001932 0.023336 -0.056095 0.023036 -0.050119 0.027842 0.005637 
0.026772 0.101943 0.122665 0.915566 0.015453 -0.085135 0.042066 0.270738 0.046577 0.354959 0.548319 0.026581 0.609990 0.036540 -0.043720 -0.020356 0.020455 0.066159 0.026577 -0.003802 1.000000 -0.000763 0.014894 -0.017379 0.531126 -0.055592 -0.078130 0.091947 0.387605 -0.026373 -0.046135 -0.092703 -0.005262 -0.056888 0.028717 -0.039603 0.200112 -0.036413 -0.135761 0.038654 -0.071342 -0.030611 0.059097 -0.055857 -0.024696 0.182696 -0.003076 0.007671 -0.024968 0.020998 -0.115217 0.048677 -0.049590 0.233200 -0.053893 -0.039865 -0.061048 0.110241 -0.031028 0.011626 0.010134 -0.049814 -0.009694 0.027651 0.025663 0.005696 
0.102973 0.047825 0.227462 0.051535 0.048987 0.039412 -0.003881 -0.088159 0.134454 0.116930 -0.047100 -0.069185 -0.041859 -0.053494 0.126650 0.406908 -0.104233 -0.041597 -0.028719 -0.020945 -0.000763 1.000000 0.363857 0.721724 0.047968 0.000645 0.105210 0.111932 0.162175 0.172866 0.137554 -0.013963 0.071236 0.049183 0.072028 0.074718 0.117689 -0.000552 0.016373 0.042768 -0.054385 0.025734 -0.032323 -0.047052 0.012052 -0.010272 -0.023604 0.061376 0.054105 0.106524 -0.013323 0.059842 0.029544 0.027077 -0.022990 0.075557 -0.031764 0.045211 -0.006939 0.068377 0.099679 0.002527 0.117177 0.068272 0.044201 0.085795 
0.086262 0.289843 0.412978 0.046116 0.224840 0.053986 0.165278 -0.044703 0.259939 0.330234 -0.010808 0.013996 -0.047587 -0.000594 0.241262 0.870546 0.087320 -0.000103 0.014353 -0.013782 0.014894 0.363857 1.000000 0.611874 0.116678 -0.018092 0.063293 0.542635 0.126318 0.226068 0.020611 0.141987 0.085881 0.041997 0.176562 0.017513 0.058560 0.156374 -0.011502 0.070256 0.010001 0.156290 0.125598 -0.009574 -0.013332 0.013145 0.043659 0.162182 0.530801 0.139479 0.008243 -0.000498 -0.009853 0.037091 0.228966 0.617054 0.243294 0.105687 -0.014693 0.080391 0.168942 0.110343 0.122294 0.023429 0.149440 0.058836 
0.045627 0.126595 0.386482 0.038647 0.083461 0.041470 -0.002334 -0.084182 0.166430 0.120321 -0.004784 -0.084764 -0.063973 -0.080963 0.147814 0.718012 -0.069295 -0.007941 -0.029970 -0.020897 -0.017379 0.721724 0.611874 1.000000 0.008500 -0.036306 0.059630 0.316696 0.002016 0.208417 0.054188 0.060565 0.103794 0.110287 0.070117 0.071116 0.070325 0.005955 -0.058925 0.018357 -0.043599 0.036097 -0.003231 -0.024291 -0.041665 -0.007729 -0.055977 0.096367 0.157934 0.069805 0.004097 -0.023964 -0.048802 0.036913 0.009366 0.159142 -0.017391 0.078434 -0.044018 0.038363 0.080904 0.084842 0.135563 0.085742 0.022248 0.119254 
0.146638 0.194412 0.142937 0.564683 0.007737 0.001734 0.046635 0.369072 0.020600 0.837514 0.276747 0.078715 0.194676 0.109370 0.065499 0.089391 0.114813 0.134416 0.006184 0.046660 0.531126 0.047968 0.116678 0.008500 1.000000 0.079763 0.109599 0.128609 0.696255 0.060683 0.043714 -0.040866 0.094537 -0.024990 0.118526 -0.000155 0.145904 0.149226 0.008907 0.076547 0.020511 0.081661 0.300113 -0.030422 -0.003164 0.137965 0.058564 0.036975 0.054377 0.176360 -0.031480 0.021805 -0.018485 0.134710 0.011888 0.013400 0.016436 0.387712 0.094955 0.100877 0.101766 0.045614 0.093583 0.028125 0.170399 0.100148 
-0.018139 0.150628 0.013902 -0.029652 0.135036 0.483226 0.073117 0.055339 0.180371 0.103196 -0.065169 0.171887 -0.086388 0.255948 0.048054 -0.056912 0.025958 0.027718 0.087933 -0.077578 -0.055592 0.000645 -0.018092 -0.036306 0.079763 1.000000 0.183931 -0.003939 0.109519 -0.077415 0.227483 -0.037446 -0.033676 0.018914 0.047261 0.000451 -0.009092 0.085043 0.597683 0.037819 -0.024382 0.024277 0.097036 -0.050718 0.120299 0.035128 0.307944 0.031958 0.035977 0.001743 0.195793 0.065868 0.093761 -0.023737 0.076216 0.067390 0.112952 0.025347 0.743462 0.105313 0.081422 0.021210 0.061504 -0.012524 0.040980 0.068269 
0.095490 0.269843 0.004862 -0.049676 0.053808 0.088183 0.049939 -0.016481 0.066832 0.146513 -0.012680 0.111125 -0.104198 0.094049 0.107104 0.056844 0.205837 -0.000933 0.073883 0.437922 -0.078130 0.105210 0.063293 0.059630 0.109599 0.183931 1.000000 0.126922 0.160585 0.020616 0.147882 -0.028123 -0.043789 -0.014716 0.102883 -0.016952 0.076919 0.101535 0.162058 -0.003482 0.035976 0.090683 0.160443 0.023521 0.074704 -0.025911 0.065487 0.086930 0.057332 0.029510 0.009144 0.021837 0.000704 0.063464 0.061035 0.040381 0.053956 0.182163 0.018410 0.088042 0.123583 0.146273 0.060634 0.009569 0.063702 0.054826 
0.117279 0.741133 0.507687 0.112005 0.047038 0.066256 0.022843 -0.032945 0.155276 0.168314 0.034909 0.014814 -0.004404 -0.008436 0.206539 0.485399 0.019083 0.043502 0.044812 0.060326 0.091947 0.111932 0.542635 0.316696 0.128609 -0.003939 0.126922 1.000000 0.107366 0.200572 -0.003654 0.076011 0.110245 -0.010200 0.326735 0.019308 0.106447 0.036354 -0.109915 0.048515 -0.022003 0.112161 0.063733 -0.016611 0.010314 0.055811 0.041617 0.115457 0.229206 0.071194 -0.021349 -0.030361 -0.000022 0.108562 0.074617 0.202621 0.032857 0.112966 -0.094001 0.071543 0.271188 0.041713 0.039047 0.039730 0.021717 0.034292 
0.229068 0.143028 0.075140 0.395618 -0.010595 0.001081 0.041550 0.342478 0.007948 0.569522 0.125307 0.084049 0.018983 0.115867 -0.010378 0.100326 0.121100 0.082228 0.015666 0.077687 0.387605 0.162175 0.126318 0.002016 0.696255 0.109519 0.160585 0.107366 1.000000 0.035617 0.052237 -0.124490 0.082548 -0.082695 0.100800 -0.005304 0.047792 0.074026 0.022199 0.016382 -0.007651 0.051681 0.159265 -0.067200 0.034193 0.003646 0.115444 0.032843 0.082906 0.112591 -0.082345 -0.018167 -0.012003 0.034228 0.052406 0.081513 0.060914 0.143791 0.103703 0.092443 0.072135 -0.005747 0.003639 0.002894 0.120755 -0.005306 
0.451572 0.103014 0.184670 0.015477 0.199419 0.176735 0.131858 0.051745 0.198412 0.065651 -0.019933 -0.075035 -0.005886 -0.106667 0.713201 0.247999 0.235483 -0.068306 0.031798 0.000295 -0.026373 0.172866 0.226068 0.208417 0.060683 -0.077415 0.020616 0.200572 0.035617 1.000000 -0.038758 0.532220 0.697217 0.160369 0.140392 0.000740 0.025475 0.032072 -0.142904 0.182485 0.087517 0.176246 0.136241 0.007238 -0.100985 0.075244 -0.165577 0.157365 0.160204 0.200762 0.001038 -0.029756 -0.051824 0.001807 0.104339 0.191636 0.176629 0.094844 -0.179498 0.037788 0.144662 0.030573 0.182088 0.110593 0.028442 0.222475 
0.020948 0.008285 0.066416 -0.007951 0.001622 0.141511 0.040493 0.003722 0.062142 0.062143 -0.062283 0.007375 -0.051915 -0.018521 0.023414 0.071930 0.118893 0.007930 0.016772 0.006425 -0.046135 0.137554 0.020611 0.054188 0.043714 0.227483 0.147882 -0.003654 0.052237 -0.038758 1.000000 -0.000215 0.289299 0.106228 0.027076 0.071626 0.028222 0.086164 0.163647 0.080316 0.091214 0.011244 0.112843 0.018202 0.043648 0.100548 0.000543 0.060052 0.110730 0.153998 0.089227 0.059640 0.094444 0.053969 0.048057 0.035601 0.031199 0.118329 0.123640 0.078299 0.096202 0.065930 0.187387 0.140528 0.130578 0.199878 
0.089769 0.013104 0.081326 -0.085074 0.494724 0.092604 0.393605 -0.003267 0.377719 0.011235 -0.019587 0.007750 -0.003274 -0.076956 0.654530 0.113793 0.247557 -0.009758 0.015778 -0.007555 -0.092703 -0.013963 0.141987 0.060565 -0.040866 -0.037446 -0.028123 0.076011 -0.124490 0.532220 -0.000215 1.000000 0.327063 0.064047 0.060687 -0.029919 -0.014893 0.029055 -0.026772 0.120666 0.059782 0.066910 0.097991 0.045291 -0.101742 0.053968 -0.131201 0.060691 0.066102 0.199454 -0.022275 -0.070400 -0.071772 -0.026957 0.032256 0.129766 0.081720 0.049524 -0.088366 -0.032963 0.028667 0.066524 0.117537 0.102798 -0.036569 0.182937 
0.431748 0.046288 0.087436 0.042795 0.077994 0.104584 0.086424 0.061559 0.040344 0.030859 0.021754 -0.032390 0.010621 -0.066046 0.295678 0.171071 0.222556 0.079497 0.021643 -0.027819 -0.005262 0.071236 0.085881 0.103794 0.094537 -0.033676 -0.043789 0.110245 0.082548 0.697217 0.289299 0.327063 1.000000 0.207630 0.129308 0.081848 0.049158 0.085074 -0.031999 0.154658 0.183485 0.156382 0.163665 0.025027 -0.070079 0.081606 -0.123889 0.183388 0.172321 0.280993 0.018533 -0.013772 0.014118 0.039393 0.138804 0.170647 0.184652 0.134047 -0.093647 0.070494 0.150954 0.047068 0.258627 0.168585 0.145309 0.289616 
0.022849 -0.003209 0.081839 0.004678 -0.015296 0.032564 -0.012742 0.055165 -0.034799 0.046204 -0.023635 -0.019700 0.045999 -0.048881 0.094083 0.032282 0.064668 -0.024108 0.004358 -0.044636 -0.056888 0.049183 0.041997 0.110287 -0.024990 0.018914 -0.014716 -0.010200 -0.082695 0.160369 0.106228 0.064047 0.207630 1.000000 0.033157 0.005429 0.078187 0.183978 0.009932 0.284188 0.113298 0.361974 0.090464 0.025590 0.027512 0.097396 0.024354 0.414481 0.001369 0.319096 -0.026739 0.049939 -0.023955 0.084231 0.000918 0.008260 0.013276 0.117573 -0.005286 -0.010788 0.051506 -0.001160 0.615367 0.358924 0.195124 0.405880 
0.051847 0.534432 0.063093 0.049678 0.004562 0.077560 0.026767 0.011006 0.033224 0.110193 0.022220 0.078455 -0.015642 0.067180 0.092152 0.120043 0.023650 0.034907 0.058584 0.055355 0.028717 0.072028 0.176562 0.070117 0.118526 0.047261 0.102883 0.326735 0.100800 0.140392 0.027076 0.060687 0.129308 0.033157 1.000000 0.423517 0.074125 0.118328 -0.007905 0.049613 -0.036225 0.152809 0.004494 0.047315 0.146750 0.050601 0.062651 0.108926 0.146468 0.063975 -0.032010 0.105239 0.063730 0.106784 0.110100 0.188744 0.115222 0.065505 0.029330 0.197659 0.844778 0.015772 0.063772 0.003993 0.179207 0.075152 
-0.015347 0.081330 0.038087 -0.017215 -0.071159 -0.045311 -0.024821 -0.028571 -0.023825 -0.064505 -0.074937 0.034285 -0.017280 0.085799 -0.067478 0.083249 0.010345 -0.022061 0.033584 -0.044449 -0.039603 0.074718 0.017513 0.071116 -0.000155 0.000451 -0.016952 0.019308 -0.005304 0.000740 0.071626 -0.029919 0.081848 0.005429 0.423517 1.000000 0.085964 -0.047898 0.035852 -0.002811 0.087126 -0.025458 0.006438 0.131773 0.142509 0.046653 0.153737 0.011460 0.139307 -0.009702 0.150955 0.099749 0.030421 0.076783 0.061024 0.149080 0.138929 0.061898 -0.017536 0.003854 0.415994 0.094274 0.008421 0.054744 0.015626 0.055532 
-0.015767 0.056764 0.101582 0.320033 0.070869 0.005501 0.041446 -0.021330 0.072809 0.043996 0.040895 -0.016104 -0.004357 -0.035169 0.050843 0.037347 0.016862 -0.067762 0.062972 0.003348 0.200112 0.117689 0.058560 0.070325 0.145904 -0.009092 0.076919 0.106447 0.047792 0.025475 0.028222 -0.014893 0.049158 0.078187 0.074125 0.085964 1.000000 0.044776 0.007764 0.072532 0.185067 -0.016503 0.150084 0.264751 0.061487 0.286671 0.050967 -0.062012 0.030054 0.021041 0.004943 0.096850 0.069109 0.816005 0.040167 0.099475 0.055010 0.338894 0.004975 0.013801 0.140408 0.106619 0.028721 0.112310 -0.008684 0.073424 
0.036302 0.089364 0.001916 -0.015728 0.014629 0.043692 0.018604 0.086348 -0.004061 0.273368 -0.061485 0.030208 -0.051043 0.050093 0.073056 0.036835 0.100314 0.050150 0.022145 0.050856 -0.036413 -0.000552 0.156374 0.005955 0.149226 0.085043 0.101535 0.036354 0.074026 0.032072 0.086164 0.029055 0.085074 0.183978 0.118328 -0.047898 0.044776 1.000000 0.047982 0.367463 0.032222 0.518110 0.063561 0.086596 0.070414 0.069092 0.112305 0.307575 0.186416 0.521388 -0.035722 0.022393 -0.024647 0.027489 0.263717 0.247331 0.258777 0.059223 0.073984 -0.012894 0.102107 0.051810 0.299352 0.092136 0.692704 0.214240 
-0.080094 -0.046493 -0.039049 -0.101136 0.142941 0.260565 0.086862 0.051615 0.133798 0.045806 -0.092397 0.168583 -0.119221 0.256941 -0.036648 -0.043476 0.019693 -0.004212 0.093956 -0.043516 -0.135761 0.016373 -0.011502 -0.058925 0.008907 0.597683 0.162058 -0.109915 0.022199 -0.142904 0.163647 -0.026772 -0.031999 0.009932 -0.007905 0.035852 0.007764 0.047982 1.000000 0.070544 0.020662 0.044463 0.118443 0.014134 0.216224 0.062267 0.430175 0.065015 0.025458 0.062287 0.087159 0.136829 0.065838 -0.000450 0.068891 0.070302 0.073983 0.056008 0.717813 0.174817 -0.006303 0.096144 0.084489 -0.001445 0.107599 0.069675 
0.063682 0.054621 0.041426 0.068370 0.098499 0.065743 0.102102 0.089151 0.088137 0.073804 -0.020122 0.045461 -0.022243 0.071442 0.214965 0.018094 0.146167 -0.058682 0.053501 -0.005698 0.038654 0.042768 0.070256 0.018357 0.076547 0.037819 -0.003482 0.048515 0.016382 0.182485 0.080316 0.120666 0.154658 0.284188 0.049613 -0.002811 0.072532 0.367463 0.070544 1.000000 0.082205 0.663164 0.120976 0.267458 0.081199 0.501590 0.133126 0.374515 0.065582 0.624607 -0.000201 0.015193 -0.040106 0.116005 0.039451 0.084303 0.056044 0.111048 0.017051 -0.076293 0.009891 0.009785 0.202257 0.029648 0.289903 0.089311 
0.021045 -0.017078 0.072477 -0.013597 -0.011152 0.051584 0.029281 0.046475 -0.072331 -0.001314 0.020860 -0.062457 -0.028819 -0.072418 0.059177 0.041676 0.144151 -0.038907 -0.053389 -0.027108 -0.071342 -0.054385 0.010001 -0.043599 0.020511 -0.024382 0.035976 -0.022003 -0.007651 0.087517 0.091214 0.059782 0.183485 0.113298 -0.036225 0.087126 0.185067 0.032222 0.020662 0.082205 1.000000 0.025815 0.425721 0.118487 0.046803 0.300122 -0.016588 -0.002305 0.057662 0.030805 0.101853 0.089023 0.053568 0.262753 0.035781 0.054887 0.039570 0.456086 -0.008433 0.103688 0.031899 0.327041 0.045162 0.153289 -0.023172 0.098167 
0.063282 0.110534 0.106972 -0.003947 0.031092 0.099689 0.035753 0.060260 0.025797 0.163375 -0.042290 0.053107 -0.038438 0.049092 0.165879 0.086160 0.156637 -0.081024 0.040011 0.010856 -0.030611 0.025734 0.156290 0.036097 0.081661 0.024277 0.090683 0.112161 0.051681 0.176246 0.011244 0.066910 0.156382 0.361974 0.152809 -0.025458 -0.016503 0.518110 0.044463 0.663164 0.025815 1.000000 0.064270 0.132207 0.142478 0.159057 0.122255 0.756835 0.146358 0.496905 -0.062882 -0.010257 -0.083712 -0.003511 0.142029 0.180683 0.177504 0.064825 -0.001121 0.007478 0.088734 -0.044978 0.342618 0.000649 0.452518 0.110911 
0.173934 0.067923 0.080369 0.152075 0.212773 0.080266 0.155563 0.019630 0.034889 0.372334 0.021768 -0.028463 -0.112697 -0.024924 0.148614 0.126198 0.386696 0.047986 -0.007268 0.012351 0.059097 -0.032323 0.125598 -0.003231 0.300113 0.097036 0.160443 0.063733 0.159265 0.136241 0.112843 0.097991 0.163665 0.090464 0.004494 0.006438 0.150084 0.063561 0.118443 0.120976 0.425721 0.064270 1.000000 0.021546 0.033880 0.403628 -0.021720 0.059901 0.204331 0.072937 0.047134 0.011564 0.036136 0.257858 0.169388 0.234108 0.112714 0.806117 0.066336 0.185713 0.015366 0.450924 0.039565 0.132856 0.006152 0.089995 
-0.001375 -0.018404 -0.029210 -0.024799 0.079346 0.020556 0.076025 -0.043953 0.053737 -0.094228 -0.081836 0.064834 -0.102698 0.044769 0.048314 -0.041549 0.057713 -0.004576 0.062450 0.048122 -0.055857 -0.047052 -0.009574 -0.024291 -0.030422 -0.050718 0.023521 -0.016611 -0.067200 0.007238 0.018202 0.045291 0.025027 0.025590 0.047315 0.131773 0.264751 0.086596 0.014134 0.267458 0.118487 0.132207 0.021546 1.000000 0.087683 0.364110 0.059954 0.039438 -0.008539 0.057959 0.040592 0.120401 0.056240 0.409254 0.056982 0.074348 0.066153 0.081379 -0.015905 -0.091334 0.061550 0.004014 -0.018368 -0.022936 0.038105 -0.009430 
-0.069217 0.128054 0.066354 0.016823 0.015870 0.092995 -0.003993 -0.018615 0.001937 -0.016377 -0.024298 -0.020956 -0.080971 0.148479 -0.073086 -0.038380 -0.002341 -0.022606 -0.013466 -0.020043 -0.024696 0.012052 -0.013332 -0.041665 -0.003164 0.120299 0.074704 0.010314 0.034193 -0.100985 0.043648 -0.101742 -0.070079 0.027512 0.146750 0.142509 0.061487 0.070414 0.216224 0.081199 0.046803 0.142478 0.033880 0.087683 1.000000 0.059645 0.704747 0.017264 0.024799 -0.007528 -0.008072 0.411267 0.038947 0.087462 0.105330 0.016270 0.042683 0.053022 0.258028 0.064758 0.134215 0.001820 0.001731 0.125943 0.113471 0.008546 
0.088361 0.054313 0.094951 0.200910 0.134326 -0.003178 0.156643 0.071321 0.107067 0.071685 0.024149 0.065980 0.032470 0.053970 0.126299 -0.023895 0.165947 -0.010397 0.094290 -0.019098 0.182696 -0.010272 0.013145 -0.007729 0.137965 0.035128 -0.025911 0.055811 0.003646 0.075244 0.100548 0.053968 0.081606 0.097396 0.050601 0.046653 0.286671 0.069092 0.062267 0.501590 0.300122 0.159057 0.403628 0.364110 0.059645 1.000000 0.092307 0.080418 -0.042935 0.210757 0.054038 0.116287 0.035719 0.560615 -0.022000 -0.028016 -0.007817 0.392323 0.040667 -0.024718 0.049232 0.058572 0.091304 0.044322 0.029282 0.082351 
-0.110381 0.112520 0.071545 0.004095 0.038069 0.103873 0.008996 0.020865 0.032391 0.076943 -0.033008 0.248732 -0.075635 0.519906 -0.115706 -0.019259 -0.053108 0.045423 0.035953 0.016892 -0.003076 -0.023604 0.043659 -0.055977 0.058564 0.307944 0.065487 0.041617 0.115444 -0.165577 0.000543 -0.131201 -0.123889 0.024354 0.062651 0.153737 0.050967 0.112305 0.430175 0.133126 -0.016588 0.122255 -0.021720 0.059954 0.704747 0.092307 1.000000 0.030768 -0.009056 0.063494 0.030886 0.288048 0.042272 0.058683 0.014179 0.014123 0.024945 -0.004266 0.485958 0.047068 0.017263 -0.029606 0.054201 0.107656 0.163867 0.047220 
0.048793 0.075609 0.093595 0.013529 0.046454 0.021344 0.060855 0.096574 0.020243 0.129209 -0.009858 0.015954 0.084921 0.013490 0.099310 0.123300 0.195691 -0.055403 0.022938 0.026058 0.007671 0.061376 0.162182 0.096367 0.036975 0.031958 0.086930 0.115457 0.032843 0.157365 0.060052 0.060691 0.183388 0.414481 0.108926 0.011460 -0.062012 0.307575 0.065015 0.374515 -0.002305 0.756835 0.059901 0.039438 0.017264 0.080418 0.030768 1.000000 0.137998 0.363981 -0.011777 0.006685 -0.037336 -0.062989 0.139795 0.164464 0.170775 0.017498 -0.023775 0.065657 0.076473 -0.039480 0.536093 0.038106 0.417950 0.229202 
0.157323 0.106917 0.109125 -0.008267 0.016139 -0.019854 0.003868 -0.034488 0.018328 0.159824 -0.053754 0.021391 -0.022919 -0.023200 0.126743 0.491091 0.191519 -0.013823 0.002334 -0.066104 -0.024968 0.054105 0.530801 0.157934 0.054377 0.035977 0.057332 0.229206 0.082906 0.160204 0.110730 0.066102 0.172321 0.001369 0.146468 0.139307 0.030054 0.186416 0.025458 0.065582 0.057662 0.146358 0.204331 -0.008539 0.024799 -0.042935 -0.009056 0.137998 1.000000 0.123628 0.072554 0.036924 -0.005566 0.000691 0.716806 0.849154 0.745759 0.065242 0.029399 -0.004801 0.249427 0.183087 0.097154 0.065128 0.167732 0.071623 
0.055499 0.086476 0.038976 0.030577 0.110994 0.004276 0.155663 0.190433 0.061044 0.267699 -0.000611 0.050353 0.019003 0.058725 0.201610 0.063433 0.230004 0.015297 0.004972 0.026452 0.020998 0.106524 0.139479 0.069805 0.176360 0.001743 0.029510 0.071194 0.112591 0.200762 0.153998 0.199454 0.280993 0.319096 0.063975 -0.009702 0.021041 0.521388 0.062287 0.624607 0.030805 0.496905 0.072937 0.057959 -0.007528 0.210757 0.063494 0.363981 0.123628 1.000000 -0.060013 0.031094 -0.034955 0.013711 0.073598 0.108169 0.091881 0.067483 -0.020977 0.044917 0.049413 0.022108 0.439424 0.085608 0.520116 0.324540 
0.052315 0.036649 0.027375 -0.096643 -0.001283 0.126601 0.022178 -0.108128 -0.022903 -0.022972 -0.082786 0.085320 0.007082 0.120771 0.028512 0.005883 0.111326 0.070343 0.079509 0.059812 -0.115217 -0.013323 0.008243 0.004097 -0.031480 0.195793 0.009144 -0.021349 -0.082345 0.001038 0.089227 -0.022275 0.018533 -0.026739 -0.032010 0.150955 0.004943 -0.035722 0.087159 -0.000201 0.101853 -0.062882 0.047134 0.040592 -0.008072 0.054038 0.030886 -0.011777 0.072554 -0.060013 1.000000 0.090182 0.470596 -0.031015 0.105153 0.087055 0.084683 -0.018132 0.135921 0.075488 0.028229 0.022872 0.032730 0.045268 -0.072003 0.041445 
-0.015252 0.020791 0.070791 0.088593 -0.043274 0.081981 -0.042649 -0.036818 -0.024123 -0.033020 0.039643 0.024984 0.041923 0.105800 -0.041803 -0.037184 -0.010884 0.049438 0.084440 0.030041 0.048677 0.059842 -0.000498 -0.023964 0.021805 0.065868 0.021837 -0.030361 -0.018167 -0.029756 0.059640 -0.070400 -0.013772 0.049939 0.105239 0.099749 0.096850 0.022393 0.136829 0.015193 0.089023 -0.010257 0.011564 0.120401 0.411267 0.116287 0.288048 0.006685 0.036924 0.031094 0.090182 1.000000 0.241671 0.113385 0.050592 0.064824 0.047451 0.013378 0.213676 0.008693 0.115290 -0.088982 0.086443 0.042771 0.149150 0.129854 
0.024142 0.050141 0.002692 -0.007602 0.009570 0.136282 0.037355 -0.104040 -0.043806 -0.030575 0.008088 0.117859 -0.001951 0.095767 -0.069322 -0.020010 0.035826 0.089413 0.130243 0.088798 -0.049590 0.029544 -0.009853 -0.048802 -0.018485 0.093761 0.000704 -0.000022 -0.012003 -0.051824 0.094444 -0.071772 0.014118 -0.023955 0.063730 0.030421 0.069109 -0.024647 0.065838 -0.040106 0.053568 -0.083712 0.036136 0.056240 0.038947 0.035719 0.042272 -0.037336 -0.005566 -0.034955 0.470596 0.241671 1.000000 0.043758 -0.022361 0.023441 0.000399 0.015207 0.109646 0.147317 0.085572 0.006300 0.000483 0.107564 -0.034592 0.014390 
-0.013527 0.076395 0.121644 0.324074 0.060798 -0.032199 0.068324 -0.015552 0.060991 0.041522 0.081814 0.019255 -0.001727 -0.016025 0.021427 0.006959 0.052360 -0.041810 0.082965 0.016077 0.233200 0.027077 0.037091 0.036913 0.134710 -0.023737 0.063464 0.108562 0.034228 0.001807 0.053969 -0.026957 0.039393 0.084231 0.106784 0.076783 0.816005 0.027489 -0.000450 0.116005 0.262753 -0.003511 0.257858 0.409254 0.087462 0.560615 0.058683 -0.062989 0.000691 0.013711 -0.031015 0.113385 0.043758 1.000000 0.063729 0.047299 0.062289 0.459299 0.005498 0.017887 0.164524 0.078266 0.041456 0.117416 -0.018768 0.096336 
0.160554 0.081466 0.039795 -0.043553 0.004739 -0.023957 0.029146 -0.017724 -0.025276 0.066119 -0.057224 0.039825 -0.017572 0.002055 0.043986 0.207216 0.183607 -0.062750 0.002052 -0.059494 -0.053893 -0.022990 0.228966 0.009366 0.011888 0.076216 0.061035 0.074617 0.052406 0.104339 0.048057 0.032256 0.138804 0.000918 0.110100 0.061024 0.040167 0.263717 0.068891 0.039451 0.035781 0.142029 0.169388 0.056982 0.105330 -0.022000 0.014179 0.139795 0.716806 0.073598 0.105153 0.050592 -0.022361 0.063729 1.000000 0.628856 0.814257 0.002763 0.072531 0.050861 0.150712 0.275860 0.087641 0.168025 0.209115 0.088461 
0.119703 0.088692 0.084996 -0.023689 0.157975 0.031715 0.114786 -0.064554 0.095411 0.139530 -0.093230 0.030877 -0.029523 -0.000325 0.147374 0.486861 0.251232 -0.053101 0.037384 -0.039017 -0.039865 0.075557 0.617054 0.159142 0.013400 0.067390 0.040381 0.202621 0.081513 0.191636 0.035601 0.129766 0.170647 0.008260 0.188744 0.149080 0.099475 0.247331 0.070302 0.084303 0.054887 0.180683 0.234108 0.074348 0.016270 -0.028016 0.014123 0.164464 0.849154 0.108169 0.087055 0.064824 0.023441 0.047299 0.628856 1.000000 0.731724 0.045897 0.041968 0.020946 0.242871 0.140950 0.057216 0.055776 0.246352 0.035595 
0.143358 0.042702 0.013639 -0.042779 0.027978 -0.010688 0.026110 -0.022685 -0.000300 0.042472 -0.062729 0.057050 -0.024772 0.011756 0.090703 0.191694 0.163021 -0.048301 0.021084 -0.079631 -0.061048 -0.031764 0.243294 -0.017391 0.016436 0.112952 0.053956 0.032857 0.060914 0.176629 0.031199 0.081720 0.184652 0.013276 0.115222 0.138929 0.055010 0.258777 0.073983 0.056044 0.039570 0.177504 0.112714 0.066153 0.042683 -0.007817 0.024945 0.170775 0.745759 0.091881 0.084683 0.047451 0.000399 0.062289 0.814257 0.731724 1.000000 -0.034391 0.083359 0.049923 0.185361 0.100039 0.084171 0.125221 0.232847 0.063795 
0.081098 0.113347 0.112992 0.240345 0.094935 0.053156 0.060872 0.052486 0.004168 0.385947 0.118858 -0.065409 -0.078860 -0.056973 0.101800 0.113317 0.209492 0.065157 0.007177 0.023356 0.110241 0.045211 0.105687 0.078434 0.387712 0.025347 0.182163 0.112966 0.143791 0.094844 0.118329 0.049524 0.134047 0.117573 0.065505 0.061898 0.338894 0.059223 0.056008 0.111048 0.456086 0.064825 0.806117 0.081379 0.053022 0.392323 -0.004266 0.017498 0.065242 0.067483 -0.018132 0.013378 0.015207 0.459299 0.002763 0.045897 -0.034391 1.000000 0.038936 0.160786 0.092268 0.457588 0.060782 0.093722 -0.005218 0.117042 
-0.081998 -0.034217 0.046699 0.008444 0.110233 0.326146 0.037576 0.037785 0.090017 0.107286 -0.021278 0.129413 -0.110379 0.289265 -0.069872 -0.048070 -0.069539 0.169913 0.005316 -0.127329 -0.031028 -0.006939 -0.014693 -0.044018 0.094955 0.743462 0.018410 -0.094001 0.103703 -0.179498 0.123640 -0.088366 -0.093647 -0.005286 0.029330 -0.017536 0.004975 0.073984 0.717813 0.017051 -0.008433 -0.001121 0.066336 -0.015905 0.258028 0.040667 0.485958 -0.023775 0.029399 -0.020977 0.135921 0.213676 0.109646 0.005498 0.072531 0.041968 0.083359 0.038936 1.000000 0.143013 0.023009 0.019203 0.002845 -0.013543 0.046432 0.001535 
-0.001287 0.122256 0.131913 0.058601 -0.039545 0.099650 -0.065631 0.019779 -0.043148 0.191994 0.000124 0.023355 -0.025315 0.015818 -0.004890 0.107431 -0.077251 0.025960 0.011929 -0.001932 0.011626 0.068377 0.080391 0.038363 0.100877 0.105313 0.088042 0.071543 0.092443 0.037788 0.078299 -0.032963 0.070494 -0.010788 0.197659 0.003854 0.013801 -0.012894 0.174817 -0.076293 0.103688 0.007478 0.185713 -0.091334 0.064758 -0.024718 0.047068 0.065657 -0.004801 0.044917 0.075488 0.008693 0.147317 0.017887 0.050861 0.020946 0.049923 0.160786 0.143013 1.000000 0.142057 0.209870 0.032228 0.067065 0.090645 -0.017169 
0.068409 0.433312 0.100510 0.036368 0.000661 0.096678 0.019855 0.033223 0.064867 0.080894 0.026482 0.014316 -0.022355 0.018991 0.119118 0.135532 0.021360 0.033803 -0.011389 0.023336 0.010134 0.099679 0.168942 0.080904 0.101766 0.081422 0.123583 0.271188 0.072135 0.144662 0.096202 0.028667 0.150954 0.051506 0.844778 0.415994 0.140408 0.102107 -0.006303 0.009891 0.031899 0.088734 0.015366 0.061550 0.134215 0.049232 0.017263 0.076473 0.249427 0.049413 0.028229 0.115290 0.085572 0.164524 0.150712 0.242871 0.185361 0.092268 0.023009 0.142057 1.000000 0.042502 0.073053 -0.002899 0.124401 0.067147 
0.018742 0.039253 0.074264 -0.010356 0.052647 0.001303 0.037819 0.034477 -0.017770 0.142108 0.029369 -0.035729 -0.057984 -0.002827 0.042904 0.158067 0.135275 -0.031903 -0.093410 -0.056095 -0.049814 0.002527 0.110343 0.084842 0.045614 0.021210 0.146273 0.041713 -0.005747 0.030573 0.065930 0.066524 0.047068 -0.001160 0.015772 0.094274 0.106619 0.051810 0.096144 0.009785 0.327041 -0.044978 0.450924 0.004014 0.001820 0.058572 -0.029606 -0.039480 0.183087 0.022108 0.022872 -0.088982 0.006300 0.078266 0.275860 0.140950 0.100039 0.457588 0.019203 0.209870 0.042502 1.000000 -0.026402 0.139613 -0.028231 0.041022 
0.077929 0.064603 0.101075 0.018813 0.036789 -0.011005 0.044273 0.150380 0.032429 0.220128 -0.019298 0.043179 0.045005 0.021134 0.145169 0.068478 0.160468 -0.025484 0.045331 0.023036 -0.009694 0.117177 0.122294 0.135563 0.093583 0.061504 0.060634 0.039047 0.003639 0.182088 0.187387 0.117537 0.258627 0.615367 0.063772 0.008421 0.028721 0.299352 0.084489 0.202257 0.045162 0.342618 0.039565 -0.018368 0.001731 0.091304 0.054201 0.536093 0.097154 0.439424 0.032730 0.086443 0.000483 0.041456 0.087641 0.057216 0.084171 0.060782 0.002845 0.032228 0.073053 -0.026402 1.000000 0.429893 0.406873 0.814221 
0.076013 0.041748 0.105027 0.065413 0.041857 -0.040728 0.048863 0.011619 0.004409 0.043259 0.072896 0.033897 0.045242 0.020314 0.057704 0.042616 0.072114 -0.026044 -0.008300 -0.050119 0.027651 0.068272 0.023429 0.085742 0.028125 -0.012524 0.009569 0.039730 0.002894 0.110593 0.140528 0.102798 0.168585 0.358924 0.003993 0.054744 0.112310 0.092136 -0.001445 0.029648 0.153289 0.000649 0.132856 -0.022936 0.125943 0.044322 0.107656 0.038106 0.065128 0.085608 0.045268 0.042771 0.107564 0.117416 0.168025 0.055776 0.125221 0.093722 -0.013543 0.067065 -0.002899 0.139613 0.429893 1.000000 0.089857 0.594206 
-0.038997 0.034284 -0.026110 0.028819 -0.047414 0.025786 -0.058171 0.163280 -0.044405 0.276568 0.013149 0.010675 0.040253 0.043200 -0.016556 0.041555 0.061474 -0.036066 0.030326 0.027842 0.025663 0.044201 0.149440 0.022248 0.170399 0.040980 0.063702 0.021717 0.120755 0.028442 0.130578 -0.036569 0.145309 0.195124 0.179207 0.015626 -0.008684 0.692704 0.107599 0.289903 -0.023172 0.452518 0.006152 0.038105 0.113471 0.029282 0.163867 0.417950 0.167732 0.520116 -0.072003 0.149150 -0.034592 -0.018768 0.209115 0.246352 0.232847 -0.005218 0.046432 0.090645 0.124401 -0.028231 0.406873 0.089857 1.000000 0.293776 
