0.000000000000000000e+00 1.924291610969931180e-03 3.378527255901405736e-04 5.435022107319652587e-04 8.857617110037163330e-03 8.798860114282356509e-03 2.423726074885790890e-03 2.893782040924247623e-03 1.423388222160200910e-02 7.241799726779969693e-03 6.448580284090074145e-03 1.573218561334958909e-02 1.655478355391688805e-02 1.602597059212362493e-02 8.886995607914567608e-03 8.064397667347268650e-03 1.678981153693611533e-02 8.593210629140531770e-03 3.084742277127370549e-04 2.805646547292036958e-03 6.360444790457863914e-03 1.587907810273660875e-02 2.658754057905019473e-03 4.259882192223511839e-04 3.540108994227125251e-03 1.226552286381597280e-02 3.275702513330493258e-03 2.805646547292036958e-03 1.840562892019331070e-02 2.525081892562833219e-02 2.717511053659826294e-03 6.007902815929021256e-03 2.445759948293843578e-02 8.211290156734286569e-03 8.093776165224672928e-03 8.622589127017936048e-03 5.684739339277582876e-03 4.392085432671827619e-03 5.479089854135758136e-03 3.481351998472317997e-03 8.769481616404953966e-03 9.298294578198217086e-03 4.847452149771582213e-04 1.158981741263569176e-02 1.411636823009239546e-02 2.482483070640598144e-03 1.479207368127267649e-02 1.919884836288320712e-02 4.215814445407406290e-03 3.775136977246353401e-03 1.101693670402632223e-03 4.509599424181441260e-03 6.331066292580460504e-03 8.710724620650145411e-03 3.716379981491546147e-03 6.125416807438635765e-03 8.372871895060005542e-04 2.599997062150212219e-03 1.120789694022944656e-02 6.610162022415794420e-04 9.474565565462637548e-03 6.566094275599688654e-03 2.069715175463078538e-02 6.889257752251127034e-03 6.536715777722285244e-03 1.573218561334958909e-02 
1.924291610969931180e-03 0.000000000000000000e+00 2.893782040924247623e-03 9.827107539991480206e-03 8.828238612159760787e-03 4.186435947530002880e-03 1.160450666157439477e-03 6.360444790457863914e-03 8.299425650366495932e-03 4.333328436917020798e-03 4.803384402955477098e-03 3.481351998472317997e-03 1.561467162183997545e-02 2.335590581253580659e-03 7.065528739515548363e-03 1.017964951452032286e-02 5.038412385974705247e-03 1.542371138563685328e-03 4.303949939039616521e-03 9.841796788930181478e-04 1.258868634046741118e-02 2.306212083376176815e-03 5.596603845645371778e-03 2.188698091866562740e-03 1.267682183409962228e-02 4.597734917813652358e-03 3.510730496349721841e-03 3.598865989981932072e-03 7.006771743760741543e-03 5.479089854135758136e-03 1.640789106452987187e-02 8.211290156734286569e-03 5.141237128545617400e-04 2.717511053659826294e-03 1.424857147054071037e-03 6.477958781967478423e-03 1.737738149448418701e-02 3.128810023943475772e-03 9.033888097301585526e-03 1.366100151299263999e-03 5.479089854135758136e-03 1.512992640686281701e-03 2.835025045169440368e-03 2.394347577008387479e-03 4.333328436917020798e-03 6.712986764986706573e-03 6.272309296825653684e-03 7.506206207676601252e-03 5.126547879606915478e-03 3.128810023943475772e-03 1.160450666157439477e-03 8.505075135508320672e-03 4.362706934794424209e-03 1.117851844235204228e-02 1.385196174919576390e-02 4.068921956020388371e-03 5.655360841400179465e-03 1.279433582560923592e-02 2.790957298353335361e-04 5.067790883852108658e-03 1.483614142808878074e-03 6.712986764986706573e-03 1.191298088928713014e-02 1.748020623705509851e-03 5.567225347767968367e-03 6.272309296825653684e-03 
3.378527255901405736e-04 2.893782040924247623e-03 0.000000000000000000e+00 9.445187067585235005e-03 7.094907237392951774e-03 7.197731979963864794e-04 1.059094848480397234e-02 1.347004127678951696e-02 5.567225347767968367e-03 1.983048606724738001e-03 1.232427985957077962e-02 6.037281313806424667e-03 1.770054497113562539e-02 1.042936674647825185e-03 3.378527255901405736e-04 1.599659209424622239e-02 2.688132555782422883e-03 1.659885130073299403e-03 1.238303685532558644e-02 5.141237128545617400e-04 1.435139621311162274e-02 6.801122258618916804e-03 1.085535496570060390e-02 8.446318139753513851e-03 4.333328436917020798e-03 5.435022107319652587e-04 3.334459509085300512e-03 4.450842428426634440e-03 7.153664233147759462e-03 5.332197364748740218e-03 4.450842428426634440e-03 1.194235938716453442e-02 1.141354642537127130e-02 1.341128428103471014e-02 6.154795305316039175e-03 3.922029466633371320e-03 6.624851271354495474e-03 7.976262173715057552e-03 6.977393245883338133e-03 5.273440368993933397e-03 8.798860114282356509e-03 6.066659811683828944e-03 7.036150241638144953e-03 8.886995607914567608e-03 7.535584705554004663e-03 1.953670108847334590e-03 5.332197364748740218e-03 2.658754057905019473e-03 1.173670990202270968e-02 1.332314878740250078e-02 5.831631828664600795e-03 5.361575862626143628e-03 1.056156998692656807e-02 4.406774681610529161e-05 2.369375853812594537e-02 1.720111050721976481e-02 2.287116059755864642e-02 7.241799726779969693e-03 1.395478649176667627e-03 1.150168191900348066e-02 5.978524318051617846e-03 1.388134024707316644e-02 7.594341701308812351e-03 2.498641244473170236e-02 9.533322561217444369e-03 9.680215050604462287e-03 
5.435022107319652587e-04 9.827107539991480206e-03 9.445187067585235005e-03 0.000000000000000000e+00 1.308812080438327176e-02 3.275702513330493258e-03 9.797729042114075929e-03 1.326439179164769222e-02 3.628244487859335916e-03 6.595472773477092064e-03 1.784743746052264504e-02 5.361575862626143628e-03 6.801122258618916804e-03 6.477958781967478423e-03 9.033888097301585526e-03 2.482483070640598144e-03 1.983048606724738001e-03 6.125416807438635765e-03 1.277964657667053552e-03 1.395478649176667627e-03 2.845307519426531692e-02 2.923160538801651033e-03 2.306212083376176815e-03 6.948014748005934722e-03 7.183042731025162872e-03 1.837625042231590816e-02 1.050281299117176124e-02 4.186435947530002880e-03 1.185422389353232332e-02 7.124285735270356051e-03 1.126665393598425338e-02 4.245192943284809700e-03 5.302818866871336807e-03 8.710724620650145411e-03 5.479089854135758136e-03 1.189829164034842887e-03 1.270620033197702656e-02 1.129603243386165592e-02 3.980786462388178140e-03 1.217738737018376170e-02 5.067790883852108658e-03 1.185422389353232332e-02 6.610162022415794420e-04 3.275702513330493258e-03 3.011296032433861698e-03 5.728807086093687774e-04 9.063266595178988069e-03 1.775930196689043394e-02 2.717511053659826294e-03 1.590845660061401129e-02 1.276495732773183338e-02 1.176608839990011396e-02 1.806777619460316888e-03 8.270047152489093389e-03 7.418070714044391022e-03 6.022592064867722961e-04 4.568356419936248948e-03 1.620224157938804713e-02 1.176608839990011396e-02 2.364969079130984069e-03 5.655360841400179465e-03 9.327673076075619629e-03 1.158981741263569176e-02 1.219207661912246514e-03 1.458642419613085175e-02 1.185422389353232332e-02 
8.857617110037163330e-03 8.828238612159760787e-03 7.094907237392951774e-03 1.308812080438327176e-02 0.000000000000000000e+00 3.363838006962703922e-03 1.067908397843618171e-02 5.038412385974705247e-03 4.039543458142984961e-03 1.188360239140972760e-02 1.219207661912246514e-03 8.666656873834040729e-04 1.405761123433758863e-02 3.158188521820879183e-03 5.097169381729512068e-03 1.029716350602993651e-02 1.003275702513330495e-02 1.561467162183997545e-02 1.088473346357800645e-02 1.366100151299263999e-03 1.576156411122699164e-02 1.041467749753955015e-02 1.728924600085197591e-02 7.976262173715057552e-03 4.862141398710283918e-03 2.453104572763194734e-03 2.746889551537229704e-03 2.453104572763194734e-03 7.359313718289584201e-03 1.062032698268137489e-02 1.454235644931474664e-03 1.417512522584720228e-02 1.329377028952509650e-02 2.128472171217885706e-02 1.659885130073299403e-03 3.980786462388178140e-03 2.835025045169440368e-03 1.743613849023899556e-02 1.138416792749386702e-02 1.470393818764046540e-02 1.147230342112607812e-02 1.338190578315730760e-02 1.042936674647825185e-03 4.950276892342494149e-03 1.106100445084242864e-02 2.776268049414633548e-03 5.390954360503547038e-03 2.034460978010194446e-02 7.359313718289584201e-03 1.505648016216930805e-02 2.137285720581106815e-02 3.775136977246353401e-03 5.038412385974705247e-03 2.923160538801651033e-03 9.151402088811199168e-03 1.718642125828106441e-03 2.276833585498773405e-03 8.534453633385724949e-03 6.419201786212670735e-03 1.194235938716453442e-02 4.362706934794424209e-03 8.886995607914567608e-03 1.843500741807071325e-02 6.889257752251127034e-03 2.413443600628699739e-02 2.087342274189520758e-02 
8.798860114282356509e-03 4.186435947530002880e-03 7.197731979963864794e-04 3.275702513330493258e-03 3.363838006962703922e-03 0.000000000000000000e+00 7.799991186450637090e-03 7.153664233147759462e-03 4.832762900832880508e-03 4.627113415691055769e-03 5.435022107319652587e-04 1.806777619460316888e-03 3.598865989981932072e-03 7.653098697063619171e-03 2.188698091866562740e-03 7.888126680082848188e-03 1.028247425709123426e-04 3.334459509085300512e-03 3.966097213449476110e-04 6.125416807438635765e-03 7.124285735270356051e-03 3.070053028188668518e-03 6.477958781967478423e-03 3.158188521820879183e-03 8.975131101546778706e-03 2.453104572763194734e-03 8.563832131263129227e-03 2.688132555782422883e-03 4.656491913568459179e-03 4.098300453897791781e-03 4.245192943284809700e-03 6.448580284090074145e-03 9.548011810156146291e-04 5.728807086093687774e-04 2.394347577008387479e-03 1.924291610969931180e-03 9.327673076075619629e-03 2.129941096111755919e-03 5.067790883852108658e-03 9.841796788930181478e-04 4.685870411445862589e-03 4.553667170997547026e-04 2.952539036679054443e-03 6.125416807438635765e-03 9.268916080320812809e-03 1.194235938716453442e-02 1.205987337867414806e-02 2.629375560027615629e-03 1.602597059212362493e-02 1.512992640686281701e-03 1.020902801239772541e-02 5.831631828664600795e-03 3.672312234675440923e-04 1.446891020462123811e-02 4.832762900832880508e-03 1.220676586806116598e-02 5.714117837154986286e-03 1.109038294871983119e-02 1.244179385108039500e-02 4.774005905078073687e-03 2.482483070640598144e-03 3.540108994227125251e-03 2.203387340805264716e-04 5.185304875361723166e-03 7.564963203431408940e-03 1.630506632195895776e-03 
2.423726074885790890e-03 1.160450666157439477e-03 1.059094848480397234e-02 9.797729042114075929e-03 1.067908397843618171e-02 7.799991186450637090e-03 0.000000000000000000e+00 1.047343449329435870e-02 2.049150226948896064e-02 3.099431526066072362e-03 7.065528739515548363e-03 2.401692201477738375e-02 5.831631828664600795e-03 1.796495145203225868e-02 6.389823288335267325e-03 3.951407964510774730e-03 2.178415617609471763e-02 7.829369684328039633e-03 5.185304875361723166e-03 4.406774681610529161e-05 4.862141398710283918e-03 4.157057449652599469e-03 2.717511053659826294e-03 3.070053028188668518e-03 1.388134024707316644e-02 1.417512522584720228e-02 4.245192943284809700e-03 3.187567019698283027e-03 1.176608839990011396e-02 4.480220926304037850e-03 1.156043891475828922e-02 2.805646547292036958e-03 1.599659209424622239e-02 8.446318139753513851e-03 6.624851271354495474e-03 1.035592050178474333e-02 6.125416807438635765e-03 3.084742277127370549e-04 2.746889551537229704e-03 1.571749636441088739e-03 1.370506925980874598e-02 9.268916080320812809e-03 2.599997062150212219e-03 2.394347577008387479e-03 1.890506338410917128e-02 8.064397667347268650e-03 9.915243033623691304e-03 1.869941389896734654e-02 3.099431526066072362e-03 8.622589127017936048e-03 1.176608839990011396e-02 7.300556722534776513e-03 1.101693670402632223e-03 6.683608267109302295e-03 1.307343155544456962e-03 1.307343155544456962e-03 2.570618564272808809e-03 1.129603243386165592e-02 9.768350544236673386e-03 4.538977922058845538e-03 7.711855692818425992e-03 9.327673076075619629e-03 1.197173788504193696e-02 1.737738149448418701e-02 1.079659796994579708e-02 2.835025045169440368e-03 
2.893782040924247623e-03 6.360444790457863914e-03 1.347004127678951696e-02 1.326439179164769222e-02 5.038412385974705247e-03 7.153664233147759462e-03 1.047343449329435870e-02 0.000000000000000000e+00 8.505075135508320672e-03 1.902257737561878492e-02 5.596603845645371778e-03 1.219207661912246514e-03 5.861010326542004205e-03 2.511861568518001554e-03 8.857617110037163330e-03 1.928698385651541475e-02 1.302936380862846494e-02 9.268916080320812809e-03 8.387561143998707031e-03 4.421463930549231029e-03 5.978524318051617846e-03 2.592652437680861496e-02 1.637851256665246585e-02 1.523275114943373025e-02 1.728924600085197591e-02 9.386430071830426450e-03 2.423726074885790890e-03 1.777399121582913478e-03 1.784743746052264504e-02 1.012089251876551604e-02 4.744627407200669410e-03 8.769481616404953966e-03 9.885864535746287027e-03 1.015027101664291859e-02 1.131072168280035850e-03 1.042936674647825185e-03 1.258868634046741118e-02 1.542371138563685328e-03 1.320563479589288540e-02 1.299998531075106066e-02 5.802253330787196517e-03 3.804515475123756811e-03 1.411636823009239546e-02 1.512992640686281701e-03 8.079086916285970355e-04 8.960441852608075916e-04 4.039543458142984961e-03 1.160450666157439477e-03 3.216945517575686437e-03 1.402823273646018436e-02 9.254226831382111104e-04 3.716379981491546147e-03 6.360444790457863914e-03 1.131072168280035850e-03 1.894913113092527553e-03 2.864403543046844212e-03 6.654229769231898885e-03 1.681919003481352134e-02 3.334459509085300512e-03 9.841796788930181478e-04 1.059094848480397234e-02 1.141354642537127130e-02 3.628244487859335916e-03 1.277964657667053552e-03 2.306212083376176815e-03 1.571749636441088739e-03 
1.423388222160200910e-02 8.299425650366495932e-03 5.567225347767968367e-03 3.628244487859335916e-03 4.039543458142984961e-03 4.832762900832880508e-03 2.049150226948896064e-02 8.505075135508320672e-03 0.000000000000000000e+00 3.863272470878564065e-03 9.063266595178988069e-03 7.271178224657373103e-03 4.920898394465090739e-03 5.155926377484318888e-03 1.864065690321253799e-02 1.100224745508762182e-02 2.034460978010194446e-02 6.771743760741513393e-03 4.803384402955477098e-03 1.953670108847334590e-03 7.491516958737899981e-04 1.217738737018376170e-02 1.718642125828106441e-03 1.454235644931474664e-03 2.511861568518001554e-03 1.307343155544456962e-03 5.302818866871336807e-03 6.022592064867722961e-04 8.093776165224672928e-03 1.890506338410917128e-02 7.359313718289584201e-03 1.718642125828106441e-03 2.413443600628699739e-02 1.468924893870176444e-05 4.480220926304037850e-03 5.728807086093687774e-04 4.744627407200669410e-03 1.322032404483158884e-04 8.828238612159760787e-03 3.892650968755967476e-03 3.187567019698283027e-03 5.435022107319652587e-04 1.009151402088811177e-02 1.336721653421860589e-03 2.129941096111755919e-03 6.918636250128531312e-03 4.568356419936248948e-03 2.276833585498773405e-03 1.689263627950702814e-03 5.214683373239126576e-03 1.502710166429190551e-02 4.215814445407406290e-03 2.125534321430145104e-02 4.274571441162213110e-03 2.453104572763194734e-03 6.316377043641758149e-04 1.894913113092527553e-03 4.186435947530002880e-03 5.861010326542004205e-03 7.711855692818425992e-03 3.451973500594914587e-03 1.865534615215124143e-03 3.128810023943475772e-03 1.689263627950702814e-03 3.451973500594914587e-03 6.889257752251127034e-03 
7.241799726779969693e-03 4.333328436917020798e-03 1.983048606724738001e-03 6.595472773477092064e-03 1.188360239140972760e-02 4.627113415691055769e-03 3.099431526066072362e-03 1.902257737561878492e-02 3.863272470878564065e-03 0.000000000000000000e+00 2.159319593989159330e-03 7.124285735270356051e-03 1.699546102207794007e-02 8.387561143998707031e-03 1.299998531075106066e-02 2.378189403175815647e-02 2.218076589743966584e-03 7.594341701308812351e-03 1.424857147054071037e-03 1.454235644931474664e-03 1.479207368127267649e-02 9.474565565462637548e-03 2.137285720581106815e-02 3.099431526066072362e-03 1.023840651027512968e-02 1.825873643080629452e-02 4.685870411445862589e-03 5.890388824419407615e-03 2.790957298353335361e-04 1.924291610969931180e-03 7.344624469350882387e-05 9.092645093056392347e-03 4.303949939039616521e-03 1.223614436593857026e-02 4.979655390219898427e-03 1.189829164034842887e-03 8.916374105791970150e-03 4.538977922058845538e-03 9.768350544236673386e-03 1.640789106452987187e-02 8.593210629140531770e-03 1.064970548055877916e-02 6.903947001189829607e-04 1.322032404483158884e-04 1.983048606724738001e-03 4.744627407200669410e-03 1.114913994447463974e-02 1.611410608575583603e-02 8.886995607914567608e-03 1.972766132467647024e-02 2.451635647869324433e-02 9.298294578198217086e-03 2.335590581253580659e-03 3.158188521820879183e-03 5.655360841400179465e-03 7.770612688573233680e-03 7.212421228902566282e-03 1.323501329377028968e-02 1.235365835744818390e-02 1.424857147054071037e-03 1.160450666157439477e-03 1.470393818764046540e-02 2.495703394685429635e-02 5.332197364748740218e-03 9.474565565462637548e-03 2.674912231737591392e-02 
6.448580284090074145e-03 4.803384402955477098e-03 1.232427985957077962e-02 1.784743746052264504e-02 1.219207661912246514e-03 5.435022107319652587e-04 7.065528739515548363e-03 5.596603845645371778e-03 9.063266595178988069e-03 2.159319593989159330e-03 0.000000000000000000e+00 7.799991186450637090e-03 7.946883675837655009e-03 6.448580284090074145e-03 3.128810023943475772e-03 3.040674530311265108e-03 4.891519896587687329e-03 7.858748182205443911e-03 7.829369684328039633e-03 3.775136977246353401e-03 6.771743760741513393e-03 1.865534615215124143e-03 8.372871895060005542e-04 6.948014748005934722e-03 6.654229769231898885e-03 9.254226831382111104e-04 1.248586159789649925e-03 1.601128134318492366e-03 7.785301937511935168e-04 1.909602362031229258e-04 1.106100445084242864e-02 2.952539036679054443e-03 5.390954360503547038e-03 4.774005905078073687e-03 3.305081011207897101e-03 6.477958781967478423e-03 1.150168191900348066e-02 4.656491913568459179e-03 1.229490136169337708e-02 6.801122258618916804e-03 4.553667170997547026e-04 2.864403543046844212e-03 1.273557882985442910e-02 6.771743760741513393e-03 6.096038309561232355e-03 5.390954360503547038e-03 1.748020623705509851e-03 6.066659811683828944e-03 2.541240066395405398e-03 5.420332858380951316e-03 5.420332858380951316e-03 1.003275702513330495e-02 8.093776165224672928e-03 1.079659796994579708e-02 3.128810023943475772e-03 1.042936674647825185e-03 7.183042731025162872e-03 1.156043891475828922e-02 1.894913113092527553e-03 5.728807086093687774e-04 3.040674530311265108e-03 1.277964657667053552e-03 8.534453633385724949e-03 8.769481616404953966e-03 9.180780586688603445e-03 8.064397667347268650e-03 
1.573218561334958909e-02 3.481351998472317997e-03 6.037281313806424667e-03 5.361575862626143628e-03 8.666656873834040729e-04 1.806777619460316888e-03 2.401692201477738375e-02 1.219207661912246514e-03 7.271178224657373103e-03 7.124285735270356051e-03 7.799991186450637090e-03 0.000000000000000000e+00 6.889257752251127034e-03 1.029716350602993651e-02 1.825873643080629452e-02 2.100562598234352076e-03 1.626099857514285221e-02 4.803384402955477098e-03 1.924291610969931180e-03 5.802253330787196517e-03 6.301687794703057094e-03 4.406774681610529161e-05 1.924291610969931180e-03 9.533322561217444369e-03 3.628244487859335916e-03 1.219207661912246514e-03 3.951407964510774730e-03 1.689263627950702814e-03 1.131072168280035850e-03 1.646664806028467695e-02 2.159319593989159330e-03 4.362706934794424209e-03 2.272426810817163023e-02 6.419201786212670735e-03 7.153664233147759462e-03 5.155926377484318888e-03 6.903947001189829607e-04 8.622589127017936048e-03 2.952539036679054443e-03 5.890388824419407615e-03 8.240668654611689112e-03 7.418070714044391022e-03 3.540108994227125251e-03 2.306212083376176815e-03 8.064397667347268650e-03 1.072315172525228812e-03 4.392085432671827619e-03 3.393216504840107332e-03 1.006213552301070922e-02 1.402823273646018436e-02 1.746551698811639811e-02 5.772874832909793107e-03 1.925760535863801221e-02 4.186435947530002880e-03 1.909602362031229258e-04 1.200111638291934124e-02 7.153664233147759462e-03 4.010164960265581550e-03 9.298294578198217086e-03 1.748020623705509851e-03 5.861010326542004205e-03 5.302818866871336807e-03 6.830500756496320214e-03 1.542371138563685328e-03 6.154795305316039175e-03 7.418070714044391022e-03 
1.655478355391688805e-02 1.561467162183997545e-02 1.770054497113562539e-02 6.801122258618916804e-03 1.405761123433758863e-02 3.598865989981932072e-03 5.831631828664600795e-03 5.861010326542004205e-03 4.920898394465090739e-03 1.699546102207794007e-02 7.946883675837655009e-03 6.889257752251127034e-03 0.000000000000000000e+00 4.715248909323265999e-03 5.831631828664600795e-03 1.543840063457555499e-02 2.010958179708271371e-02 1.323501329377028968e-02 6.903947001189829607e-04 4.392085432671827619e-03 1.131072168280035850e-03 1.573218561334958909e-02 1.799432994990966123e-02 1.896382037986397637e-02 1.244179385108039500e-02 1.555591462608516863e-02 8.681346122772742868e-03 1.176608839990011396e-02 5.390954360503547038e-03 1.109038294871983119e-02 1.370506925980874598e-02 4.010164960265581550e-03 7.065528739515548363e-03 1.194235938716453442e-02 1.512992640686281701e-03 8.975131101546778706e-03 3.040674530311265108e-03 8.593210629140531770e-03 6.154795305316039175e-03 1.432201771523422019e-02 5.567225347767968367e-03 9.856486037868884484e-03 1.366100151299263999e-03 4.245192943284809700e-03 2.364969079130984069e-03 9.298294578198217086e-03 6.859879254373723624e-03 1.332314878740250078e-02 2.364969079130984069e-03 2.049150226948896064e-02 2.654347283223408918e-02 8.740103118527549689e-03 1.579094260910439765e-02 4.157057449652599469e-03 5.435022107319652587e-04 4.950276892342494149e-03 5.596603845645371778e-03 1.009151402088811177e-02 4.127678951775196059e-03 2.394347577008387479e-03 5.890388824419407615e-03 1.015027101664291859e-02 1.379320475344095707e-02 8.005640671592461829e-03 6.331066292580460504e-03 1.819997943505148597e-02 
1.602597059212362493e-02 2.335590581253580659e-03 1.042936674647825185e-03 6.477958781967478423e-03 3.158188521820879183e-03 7.653098697063619171e-03 1.796495145203225868e-02 2.511861568518001554e-03 5.155926377484318888e-03 8.387561143998707031e-03 6.448580284090074145e-03 1.029716350602993651e-02 4.715248909323265999e-03 0.000000000000000000e+00 1.394009724282797499e-02 1.865534615215124143e-03 1.214800887230635916e-02 2.423726074885790890e-03 7.065528739515548363e-03 6.742365262864109983e-03 8.328804148243900210e-03 3.275702513330493258e-03 3.011296032433861698e-03 1.953670108847334590e-03 4.685870411445862589e-03 1.696608252420053753e-02 3.070053028188668518e-03 5.435022107319652587e-04 1.983048606724738001e-03 1.114913994447463974e-02 1.252992934471260436e-02 2.071184100356948665e-03 1.238303685532558644e-02 1.781805896264523903e-02 1.132541093173906020e-02 8.416939641876111308e-03 1.590845660061401129e-02 1.082597646782319963e-02 5.655360841400179465e-03 3.481351998472317997e-03 1.277964657667053552e-03 1.806777619460316888e-03 5.479089854135758136e-03 1.748020623705509851e-03 1.164857440839049858e-02 1.461580269400825603e-02 8.093776165224672928e-03 2.482483070640598144e-03 1.836156117337720516e-03 1.615817383257194071e-04 3.070053028188668518e-03 1.490958767278229014e-02 1.426326071947941337e-02 1.041467749753955015e-02 5.567225347767968367e-03 1.050281299117176124e-02 1.432201771523422019e-02 1.924291610969931180e-03 1.411636823009239546e-02 9.268916080320812809e-03 1.082597646782319963e-02 3.510730496349721841e-03 1.305874230650586922e-02 7.888126680082848188e-03 1.512992640686281701e-03 9.738972046359269108e-03 
8.886995607914567608e-03 7.065528739515548363e-03 3.378527255901405736e-04 9.033888097301585526e-03 5.097169381729512068e-03 2.188698091866562740e-03 6.389823288335267325e-03 8.857617110037163330e-03 1.864065690321253799e-02 1.299998531075106066e-02 3.128810023943475772e-03 1.825873643080629452e-02 5.831631828664600795e-03 1.394009724282797499e-02 0.000000000000000000e+00 1.344066277891211442e-02 3.833893973001160655e-03 4.259882192223511839e-04 7.241799726779969693e-03 6.037281313806424667e-03 6.859879254373723624e-03 1.834687192443850215e-02 9.621458054849655467e-03 1.347004127678951696e-02 1.432201771523422019e-02 7.418070714044391022e-03 2.482483070640598144e-03 2.570618564272808809e-03 1.867003540108994400e-02 6.316377043641758149e-04 1.305874230650586922e-02 9.548011810156146291e-04 3.481351998472317997e-03 7.711855692818425992e-03 9.680215050604462287e-03 7.799991186450637090e-03 1.582032110698180019e-02 3.378527255901405736e-04 2.247455087621369994e-03 9.357051573953023907e-03 3.158188521820879183e-03 4.450842428426634440e-03 7.888126680082848188e-03 9.357051573953023907e-03 4.480220926304037850e-03 6.610162022415794420e-04 2.129941096111755919e-03 1.483614142808878074e-03 5.390954360503547038e-03 1.584969960485920273e-02 6.066659811683828944e-03 7.183042731025162872e-03 1.020902801239772541e-02 1.317625629801548286e-02 6.918636250128531312e-03 2.790957298353335361e-04 6.948014748005934722e-03 1.308812080438327176e-02 5.332197364748740218e-03 6.022592064867722961e-04 9.151402088811199168e-03 4.127678951775196059e-03 4.891519896587687329e-03 1.042936674647825185e-03 9.548011810156146291e-04 8.828238612159760787e-03 
8.064397667347268650e-03 1.017964951452032286e-02 1.599659209424622239e-02 2.482483070640598144e-03 1.029716350602993651e-02 7.888126680082848188e-03 3.951407964510774730e-03 1.928698385651541475e-02 1.100224745508762182e-02 2.378189403175815647e-02 3.040674530311265108e-03 2.100562598234352076e-03 1.543840063457555499e-02 1.865534615215124143e-03 1.344066277891211442e-02 0.000000000000000000e+00 5.949145820174214436e-03 7.564963203431408940e-03 5.861010326542004205e-03 8.211290156734286569e-03 6.507337279844881833e-03 1.308812080438327176e-02 1.282371432348664020e-02 8.828238612159760787e-03 1.878754939259955764e-02 1.601128134318492366e-03 1.689263627950702814e-03 2.658754057905019473e-03 1.185422389353232332e-02 1.023840651027512968e-02 8.211290156734286569e-03 8.960441852608075916e-04 1.035592050178474333e-02 5.728807086093687774e-04 2.159319593989159330e-03 6.595472773477092064e-03 2.188698091866562740e-03 2.746889551537229704e-03 9.092645093056392347e-03 4.362706934794424209e-03 4.303949939039616521e-03 1.571749636441088739e-03 8.152533160979479748e-03 2.394347577008387479e-03 2.805646547292036958e-03 4.303949939039616521e-03 4.950276892342494149e-03 1.153106041688088494e-02 7.785301937511935168e-04 1.909602362031229258e-04 4.186435947530002880e-03 8.798860114282356509e-03 7.418070714044391022e-03 3.922029466633371320e-03 3.863272470878564065e-03 3.378527255901405736e-04 2.599997062150212219e-03 1.571749636441088739e-03 7.770612688573233680e-03 4.068921956020388371e-03 1.512992640686281701e-03 2.394347577008387479e-03 8.446318139753513851e-03 8.666656873834040729e-04 3.951407964510774730e-03 7.888126680082848188e-03 
1.678981153693611533e-02 5.038412385974705247e-03 2.688132555782422883e-03 1.983048606724738001e-03 1.003275702513330495e-02 1.028247425709123426e-04 2.178415617609471763e-02 1.302936380862846494e-02 2.034460978010194446e-02 2.218076589743966584e-03 4.891519896587687329e-03 1.626099857514285221e-02 2.010958179708271371e-02 1.214800887230635916e-02 3.833893973001160655e-03 5.949145820174214436e-03 0.000000000000000000e+00 2.776268049414633548e-03 6.610162022415794420e-04 5.141237128545617400e-04 5.537846849890564957e-03 6.771743760741513393e-03 5.772874832909793107e-03 4.480220926304037850e-03 7.623720199186215761e-03 1.305874230650586922e-02 1.226552286381597280e-02 7.212421228902566282e-03 8.475696637630918129e-03 7.917505177960250731e-03 1.153106041688088494e-02 2.188698091866562740e-03 3.305081011207897101e-03 5.949145820174214436e-03 6.859879254373723624e-03 1.420450372372460655e-02 4.950276892342494149e-03 8.886995607914567608e-03 6.566094275599688654e-03 2.658754057905019473e-03 1.091411196145541072e-02 4.186435947530002880e-03 2.306212083376176815e-03 8.505075135508320672e-03 1.379320475344095707e-02 1.696608252420053753e-02 1.003275702513330495e-02 1.006213552301070922e-02 1.601128134318492366e-03 1.144292492324867384e-02 1.158981741263569176e-02 3.040674530311265108e-03 1.322032404483158884e-04 1.601128134318492366e-03 6.536715777722285244e-03 1.468924893870176444e-05 1.806777619460316888e-03 7.036150241638144953e-03 9.548011810156146291e-04 6.507337279844881833e-03 7.447449211921794432e-03 7.300556722534776513e-03 8.828238612159760787e-03 9.474565565462637548e-03 1.029716350602993651e-02 5.861010326542004205e-03 
8.593210629140531770e-03 1.542371138563685328e-03 1.659885130073299403e-03 6.125416807438635765e-03 1.561467162183997545e-02 3.334459509085300512e-03 7.829369684328039633e-03 9.268916080320812809e-03 6.771743760741513393e-03 7.594341701308812351e-03 7.858748182205443911e-03 4.803384402955477098e-03 1.323501329377028968e-02 2.423726074885790890e-03 4.259882192223511839e-04 7.564963203431408940e-03 2.776268049414633548e-03 0.000000000000000000e+00 8.666656873834040729e-04 7.770612688573233680e-03 1.291184981711885130e-02 2.012427104602141845e-03 5.141237128545617400e-04 7.799991186450637090e-03 7.770612688573233680e-03 2.218076589743966584e-03 1.248586159789649925e-03 3.128810023943475772e-03 2.629375560027615629e-03 6.977393245883338133e-03 4.450842428426634440e-03 5.214683373239126576e-03 9.548011810156146291e-04 3.804515475123756811e-03 4.480220926304037850e-03 6.125416807438635765e-03 8.740103118527549689e-03 3.040674530311265108e-03 2.394347577008387479e-03 1.615817383257194071e-04 1.630506632195895776e-03 6.022592064867722961e-04 7.271178224657373103e-03 4.597734917813652358e-03 7.770612688573233680e-03 1.244179385108039500e-02 4.979655390219898427e-03 9.841796788930181478e-04 4.010164960265581550e-03 2.570618564272808809e-03 8.211290156734286569e-03 1.949263334165723949e-02 1.067908397843618171e-02 1.129603243386165592e-02 1.079659796994579708e-02 2.247455087621369994e-03 6.477958781967478423e-03 3.540108994227125251e-03 2.835025045169440368e-03 2.129941096111755919e-03 7.917505177960250731e-03 4.509599424181441260e-03 7.271178224657373103e-03 1.953670108847334590e-03 3.040674530311265108e-03 2.746889551537229704e-03 
3.084742277127370549e-04 4.303949939039616521e-03 1.238303685532558644e-02 1.277964657667053552e-03 1.088473346357800645e-02 3.966097213449476110e-04 5.185304875361723166e-03 8.387561143998707031e-03 4.803384402955477098e-03 1.424857147054071037e-03 7.829369684328039633e-03 1.924291610969931180e-03 6.903947001189829607e-04 7.065528739515548363e-03 7.241799726779969693e-03 5.861010326542004205e-03 6.610162022415794420e-04 8.666656873834040729e-04 0.000000000000000000e+00 6.316377043641758149e-04 2.394347577008387479e-03 1.420450372372460655e-02 5.155926377484318888e-03 1.111976144659723546e-02 6.022592064867722961e-04 1.167795290626790286e-02 6.903947001189829607e-04 1.101693670402632223e-03 3.951407964510774730e-03 3.804515475123756811e-03 3.863272470878564065e-03 1.424857147054071037e-03 1.909602362031229258e-04 6.889257752251127034e-03 9.063266595178988069e-03 7.388692216166987611e-03 7.888126680082848188e-03 4.862141398710283918e-03 1.335252728527990332e-02 1.542371138563685328e-03 4.303949939039616521e-03 1.777399121582913478e-03 1.279433582560923592e-02 1.038529899966214760e-02 1.659885130073299403e-03 8.710724620650145411e-03 7.388692216166987611e-03 7.183042731025162872e-03 5.655360841400179465e-03 5.449711356258354726e-03 2.335590581253580659e-03 2.247455087621369994e-03 1.219207661912246514e-03 1.981579681830868134e-02 6.448580284090074145e-03 9.797729042114075929e-03 6.448580284090074145e-03 1.558529312396257117e-02 1.441015320886643129e-02 1.512992640686281701e-03 1.189829164034842887e-03 1.297060681287365812e-02 1.079659796994579708e-02 1.117851844235204228e-02 2.497172319579300174e-04 1.235365835744818390e-02 
2.805646547292036958e-03 9.841796788930181478e-04 5.141237128545617400e-04 1.395478649176667627e-03 1.366100151299263999e-03 6.125416807438635765e-03 4.406774681610529161e-05 4.421463930549231029e-03 1.953670108847334590e-03 1.454235644931474664e-03 3.775136977246353401e-03 5.802253330787196517e-03 4.392085432671827619e-03 6.742365262864109983e-03 6.037281313806424667e-03 8.211290156734286569e-03 5.141237128545617400e-04 7.770612688573233680e-03 6.316377043641758149e-04 0.000000000000000000e+00 2.688132555782422883e-03 7.741234190695829402e-03 6.771743760741513393e-03 8.211290156734286569e-03 5.141237128545617400e-04 1.109038294871983119e-02 4.685870411445862589e-03 1.454235644931474664e-03 4.480220926304037850e-03 8.358182646121304488e-03 3.569487492104528661e-03 7.491516958737899981e-04 3.833893973001160655e-03 5.097169381729512068e-03 4.553667170997547026e-04 3.687001483614142736e-03 7.124285735270356051e-03 1.424857147054071037e-03 6.507337279844881833e-03 1.367569076193134170e-02 1.865534615215124143e-03 1.264744333622221974e-02 8.416939641876111308e-03 4.068921956020388371e-03 3.011296032433861698e-03 8.740103118527549689e-03 8.005640671592461829e-03 2.981917534556458287e-03 9.386430071830426450e-03 5.743496335032389696e-03 5.420332858380951316e-03 5.390954360503547038e-03 9.445187067585235005e-03 2.049150226948896064e-02 1.270620033197702656e-02 8.446318139753513851e-03 1.429263921735681592e-02 8.534453633385724949e-03 1.161919591051309604e-02 1.718642125828106441e-03 1.366100151299263999e-03 7.329935220412179923e-03 4.685870411445862589e-03 9.092645093056392347e-03 1.101693670402632223e-03 6.742365262864109983e-03 
6.360444790457863914e-03 1.258868634046741118e-02 1.435139621311162274e-02 2.845307519426531692e-02 1.576156411122699164e-02 7.124285735270356051e-03 4.862141398710283918e-03 5.978524318051617846e-03 7.491516958737899981e-04 1.479207368127267649e-02 6.771743760741513393e-03 6.301687794703057094e-03 1.131072168280035850e-03 8.328804148243900210e-03 6.859879254373723624e-03 6.507337279844881833e-03 5.537846849890564957e-03 1.291184981711885130e-02 2.394347577008387479e-03 2.688132555782422883e-03 0.000000000000000000e+00 8.622589127017936048e-03 7.594341701308812351e-03 8.563832131263129227e-03 9.621458054849655467e-03 1.767116647325822285e-02 5.802253330787196517e-03 9.004509599424181249e-03 7.917505177960250731e-03 2.599997062150212219e-03 2.247455087621369994e-03 4.480220926304037850e-03 3.099431526066072362e-03 7.976262173715057552e-03 1.659885130073299403e-03 6.272309296825653684e-03 1.235365835744818390e-02 1.523275114943373025e-02 7.858748182205443911e-03 1.317625629801548286e-02 2.893782040924247623e-03 9.445187067585235005e-03 4.259882192223511839e-04 7.770612688573233680e-03 3.084742277127370549e-04 5.714117837154986286e-03 6.007902815929021256e-03 1.687794703056832643e-02 2.893782040924247623e-03 1.661354054967169661e-02 1.270620033197702656e-02 5.038412385974705247e-03 6.683608267109302295e-03 7.065528739515548363e-03 8.181911658856882291e-03 3.187567019698283027e-03 4.597734917813652358e-03 1.631975557089766077e-02 7.682477194941022582e-03 3.158188521820879183e-03 1.777399121582913478e-03 1.012089251876551604e-02 1.205987337867414806e-02 1.571749636441088739e-03 1.147230342112607812e-02 1.241241535320299072e-02 
1.587907810273660875e-02 2.306212083376176815e-03 6.801122258618916804e-03 2.923160538801651033e-03 1.041467749753955015e-02 3.070053028188668518e-03 4.157057449652599469e-03 2.592652437680861496e-02 1.217738737018376170e-02 9.474565565462637548e-03 1.865534615215124143e-03 4.406774681610529161e-05 1.573218561334958909e-02 3.275702513330493258e-03 1.834687192443850215e-02 1.308812080438327176e-02 6.771743760741513393e-03 2.012427104602141845e-03 1.420450372372460655e-02 7.741234190695829402e-03 8.622589127017936048e-03 0.000000000000000000e+00 7.829369684328039633e-03 1.836156117337720516e-03 1.806777619460316888e-03 1.160450666157439477e-03 1.630506632195895776e-03 2.790957298353335361e-04 8.079086916285970355e-04 2.002144630345050608e-02 2.483951995534468271e-02 1.042936674647825185e-03 2.013896029496011972e-02 2.688132555782422883e-03 2.100562598234352076e-03 2.394347577008387479e-03 2.923160538801651033e-03 5.714117837154986286e-03 3.451973500594914587e-03 5.141237128545617400e-04 8.181911658856882291e-03 6.801122258618916804e-03 1.088473346357800645e-02 6.595472773477092064e-03 6.566094275599688654e-03 5.655360841400179465e-03 2.805646547292036958e-03 1.013558176770421775e-03 5.802253330787196517e-03 2.952539036679054443e-03 5.919767322296811025e-03 6.536715777722285244e-03 1.101693670402632223e-03 3.598865989981932072e-03 1.026778500815253396e-02 1.111976144659723546e-02 1.141354642537127130e-02 1.564405011971737799e-02 6.903947001189829607e-04 2.688132555782422883e-03 7.212421228902566282e-03 1.996268930769569752e-02 7.124285735270356051e-03 1.185422389353232332e-02 7.271178224657373103e-03 6.272309296825653684e-03 
2.658754057905019473e-03 5.596603845645371778e-03 1.085535496570060390e-02 2.306212083376176815e-03 1.728924600085197591e-02 6.477958781967478423e-03 2.717511053659826294e-03 1.637851256665246585e-02 1.718642125828106441e-03 2.137285720581106815e-02 8.372871895060005542e-04 1.924291610969931180e-03 1.799432994990966123e-02 3.011296032433861698e-03 9.621458054849655467e-03 1.282371432348664020e-02 5.772874832909793107e-03 5.141237128545617400e-04 5.155926377484318888e-03 6.771743760741513393e-03 7.594341701308812351e-03 7.829369684328039633e-03 0.000000000000000000e+00 4.480220926304037850e-03 1.411636823009239546e-02 1.028247425709123426e-04 3.672312234675440923e-04 4.010164960265581550e-03 1.347004127678951696e-02 4.891519896587687329e-03 9.621458054849655467e-03 6.154795305316039175e-03 1.059094848480397234e-02 4.274571441162213110e-03 2.203387340805264716e-04 8.358182646121304488e-03 4.406774681610529161e-05 1.454235644931474664e-03 5.743496335032389696e-03 3.378527255901405736e-04 2.423726074885790890e-03 1.424857147054071037e-03 2.129941096111755919e-03 2.893782040924247623e-03 1.131072168280035850e-03 5.949145820174214436e-03 2.981917534556458287e-03 8.446318139753513851e-03 2.012427104602141845e-03 2.835025045169440368e-03 1.219207661912246514e-03 4.538977922058845538e-03 3.672312234675440923e-04 4.259882192223511839e-04 5.596603845645371778e-03 6.903947001189829607e-04 4.891519896587687329e-03 3.275702513330493258e-03 4.656491913568459179e-03 5.155926377484318888e-03 1.571749636441088739e-03 6.154795305316039175e-03 5.302818866871336807e-03 2.394347577008387479e-03 1.189829164034842887e-03 3.363838006962703922e-03 
4.259882192223511839e-04 2.188698091866562740e-03 8.446318139753513851e-03 6.948014748005934722e-03 7.976262173715057552e-03 3.158188521820879183e-03 3.070053028188668518e-03 1.523275114943373025e-02 1.454235644931474664e-03 3.099431526066072362e-03 6.948014748005934722e-03 9.533322561217444369e-03 1.896382037986397637e-02 1.953670108847334590e-03 1.347004127678951696e-02 8.828238612159760787e-03 4.480220926304037850e-03 7.799991186450637090e-03 1.111976144659723546e-02 8.211290156734286569e-03 8.563832131263129227e-03 1.836156117337720516e-03 4.480220926304037850e-03 0.000000000000000000e+00 8.079086916285970355e-04 7.197731979963864794e-04 8.666656873834040729e-04 1.909602362031229258e-04 8.975131101546778706e-03 5.978524318051617846e-03 1.261806483834481546e-02 7.476827709799197842e-03 9.503944063340041826e-03 1.302936380862846494e-02 4.010164960265581550e-03 6.389823288335267325e-03 9.254226831382111104e-04 1.009151402088811177e-02 2.071184100356948665e-03 4.568356419936248948e-03 7.124285735270356051e-03 4.245192943284809700e-03 1.009151402088811177e-02 8.299425650366495932e-03 7.741234190695829402e-03 1.983048606724738001e-03 2.629375560027615629e-03 5.802253330787196517e-03 6.419201786212670735e-03 1.079659796994579708e-02 5.479089854135758136e-03 6.022592064867722961e-04 4.010164960265581550e-03 6.360444790457863914e-03 1.570280711547218655e-02 1.123727543810684910e-02 1.156043891475828922e-02 1.267682183409962228e-02 1.101693670402632223e-03 5.508468352013161547e-03 8.622589127017936048e-03 1.705421801783274863e-02 5.449711356258354726e-03 1.540902213669815071e-02 8.299425650366495932e-03 4.509599424181441260e-03 
