1.000000 0.198780 0.072955 0.103712 0.179458 -0.053159 0.323150 0.463907 0.318972 0.198454 0.218250 0.078862 0.184704 -0.039584 0.259144 0.216335 0.352027 0.193349 0.282661 0.264736 0.148032 0.198969 0.205580 0.186022 0.165761 0.063144 0.287418 0.119941 0.206400 0.493327 0.779466 0.163508 0.662335 0.248317 0.186572 0.043680 0.133101 0.127478 0.021113 0.209151 0.279172 0.192047 0.377912 0.035236 0.136595 0.178814 0.057517 0.212009 0.243867 0.184086 0.131903 0.132024 0.132186 0.027486 0.124396 0.254028 0.154848 0.334034 -0.013819 0.125867 0.198987 0.248087 0.254678 0.239669 0.127609 0.257132 
0.198780 1.000000 0.253477 0.122219 0.144453 0.014449 0.112163 0.180374 0.137689 0.139091 0.081722 0.094768 0.061789 0.085699 0.104406 0.125583 0.134205 0.142672 0.167097 0.210216 0.079018 0.081468 0.214742 0.138574 0.167345 0.168206 0.295042 0.747238 0.280334 0.132865 0.227351 0.052437 0.174647 0.094519 0.580191 0.134485 0.122277 0.091576 0.000087 0.051686 0.178088 0.077755 0.158397 0.147193 0.107000 0.141779 0.115785 0.034238 0.102526 0.057036 0.189143 0.164170 0.185419 0.075268 0.192417 0.124169 0.095140 0.159808 0.050910 0.139127 0.349474 0.152480 0.071174 0.123033 -0.005160 0.096950 
0.072955 0.253477 1.000000 0.130281 0.072308 0.179581 0.005331 0.185081 0.080930 0.197205 0.134671 0.052256 0.170581 0.097697 0.066565 0.199520 0.004854 0.274912 0.054329 0.095780 0.128607 0.144144 0.357789 0.414689 0.188157 0.100838 0.137726 0.210997 0.201338 0.069398 0.156960 0.019726 0.117673 0.122924 0.151550 0.234607 0.047949 0.112755 0.044960 0.103434 0.014331 0.074126 0.007289 0.094043 0.150634 0.065906 0.224626 0.096232 0.034597 0.110378 -0.033646 0.115984 0.107655 0.063245 0.113102 0.075399 0.099558 0.077940 0.220355 0.048278 0.076361 0.130270 0.098672 0.134205 0.084219 0.085025 
0.103712 0.122219 0.130281 1.000000 0.167349 -0.015259 0.106387 0.276174 0.111622 0.311172 0.337421 0.088646 0.505263 0.041573 0.071114 0.017536 0.196387 0.231871 0.095572 0.197477 0.868721 0.116136 0.068581 0.144503 0.602644 0.031243 0.127255 0.165818 0.361537 0.089005 0.116170 0.086097 0.081498 0.083211 0.109651 0.077731 0.567438 -0.008057 -0.059233 0.009446 0.156020 0.015189 0.225740 0.092949 0.047244 0.224594 0.029579 -0.071966 0.002060 -0.016097 0.082188 -0.001365 0.080598 0.293965 0.086210 0.014803 0.045550 0.342305 0.042711 0.046045 0.112446 0.249312 0.035485 0.090724 -0.071644 0.034578 
0.179458 0.144453 0.072308 0.167349 1.000000 -0.001630 0.520551 0.124473 0.551167 0.098076 0.188291 0.216021 0.150994 0.003321 0.403873 0.172399 0.561286 0.234436 0.128121 0.220403 0.202243 0.113161 0.244368 0.158716 0.168407 0.211456 0.225082 0.151993 0.151796 0.406723 0.095330 0.681546 0.210640 0.144249 0.117039 0.119995 0.165303 0.133984 0.092286 0.140357 0.125613 0.154514 0.340977 0.172138 0.151598 0.173257 0.103888 0.063115 0.184859 0.163046 0.154451 0.131964 0.106198 0.121803 0.133359 0.274084 0.177454 0.297803 0.155472 0.010412 0.110748 0.232766 0.155927 0.165083 0.026609 0.177647 
-0.053159 0.014449 0.179581 -0.015259 -0.001630 1.000000 0.056020 -0.031308 0.071729 -0.028843 -0.014095 0.103532 0.018538 0.278396 0.101315 -0.037266 0.019911 0.051487 0.056338 -0.050205 -0.042631 -0.027251 -0.019340 -0.001881 -0.022084 0.558540 0.015365 0.018224 -0.012053 0.000024 -0.018677 0.129208 -0.038644 0.038255 -0.002717 0.123120 0.009980 0.061130 0.490178 0.061916 -0.078451 0.100648 -0.032785 0.044313 0.043506 -0.028426 0.169826 0.050010 -0.058478 0.031163 0.099237 -0.017688 -0.030192 -0.019289 -0.085996 0.005143 0.017820 -0.036052 0.495250 0.019288 0.149162 -0.015441 -0.009985 0.010845 0.181874 0.009025 
0.323150 0.112163 0.005331 0.106387 0.520551 0.056020 1.000000 0.038282 0.790325 0.126861 0.079592 0.161500 0.171710 0.018169 0.655338 0.079844 0.748978 0.125854 0.089928 0.078424 0.125898 0.107593 0.114050 0.072430 0.108710 0.097913 0.116841 0.086326 0.148771 0.432136 0.149914 0.518085 0.295156 0.224275 0.121036 0.098158 0.145176 0.093209 0.054479 0.331599 0.130452 0.266373 0.383671 0.124135 0.121336 0.258141 0.074606 0.285912 0.120577 0.318984 0.141157 0.104764 0.001766 0.124325 0.039096 0.174741 0.158417 0.263285 0.123468 -0.017195 0.086115 0.201071 0.228240 0.147798 0.075364 0.286012 
0.463907 0.180374 0.185081 0.276174 0.124473 -0.031308 0.038282 1.000000 0.058665 0.416994 0.454385 0.053037 0.345159 -0.000919 0.032043 0.165802 0.110261 0.319080 0.217058 0.249773 0.327516 0.235880 0.219574 0.287305 0.499849 0.069100 0.312203 0.128828 0.377484 0.175624 0.472016 0.098954 0.324037 0.267743 0.198172 0.080520 0.279339 0.192857 -0.028418 0.111483 0.349019 0.137068 0.281011 0.238567 0.148280 0.279956 0.123405 0.111415 0.181890 0.076718 0.149457 0.145690 0.179698 0.201454 0.199285 0.193701 0.139705 0.337686 0.065948 0.188290 0.193014 0.271832 0.228931 0.274722 0.082554 0.203054 
0.318972 0.137689 0.080930 0.111622 0.551167 0.071729 0.790325 0.058665 1.000000 0.168478 0.112152 0.192510 0.198420 0.017245 0.840802 0.170418 0.557286 0.174134 0.062388 0.097146 0.137754 0.141098 0.176275 0.094541 0.153225 0.166558 0.179385 0.055124 0.163496 0.432232 0.117385 0.511200 0.251414 0.154172 0.134180 0.051417 0.215303 0.072003 0.062109 0.226429 0.153320 0.189191 0.313093 0.165104 0.093598 0.266293 0.084257 0.185042 0.134100 0.264899 0.104436 0.071972 -0.017373 0.201753 0.080576 0.152693 0.125818 0.252803 0.108601 0.008831 0.122673 0.219186 0.145112 0.156135 0.015432 0.210607 
0.198454 0.139091 0.197205 0.311172 0.098076 -0.028843 0.126861 0.416994 0.168478 1.000000 0.260457 0.055276 0.497846 -0.026775 0.154164 0.357964 0.129068 0.156772 0.060160 0.159387 0.315958 0.371220 0.439388 0.349477 0.767095 0.023150 0.135644 0.101383 0.465864 0.124373 0.160354 0.058019 0.204436 0.317206 0.141014 0.085365 0.230642 0.339211 -0.016651 0.412955 0.189753 0.359184 0.125022 0.196500 0.176335 0.239360 0.164705 0.317769 0.148902 0.476322 0.003455 0.073864 0.058081 0.220204 0.131306 0.155101 0.027549 0.239813 0.057290 0.074744 0.136313 0.123057 0.400626 0.281340 0.225311 0.430613 
0.218250 0.081722 0.134671 0.337421 0.188291 -0.014095 0.079592 0.454385 0.112152 0.260457 1.000000 0.090754 0.531975 0.029010 0.075077 0.102202 0.142510 0.205921 0.150815 0.167528 0.520558 0.110834 0.126480 0.131250 0.445993 -0.009258 0.142591 0.051789 0.278304 0.207572 0.198208 0.103413 0.204544 0.136474 0.087851 0.054922 0.241233 0.104488 -0.077845 0.047885 0.224515 0.076489 0.230150 0.175514 0.141080 0.152788 0.084787 0.056931 0.112901 0.056364 0.065350 0.104457 0.140414 0.153169 0.166185 0.111767 0.132419 0.285835 0.019745 0.091600 0.142964 0.285522 0.133143 0.112565 0.033716 0.134193 
0.078862 0.094768 0.052256 0.088646 0.216021 0.103532 0.161500 0.053037 0.192510 0.055276 0.090754 1.000000 0.072035 0.680893 0.142882 0.070520 0.147902 0.174973 0.300377 0.195069 0.095338 0.070942 0.103928 0.050739 0.055417 0.248977 0.031328 0.055032 0.058462 0.196828 0.001008 0.188615 0.109148 0.070552 0.221076 0.087116 0.114979 0.073677 0.167925 0.056264 0.006887 0.067589 0.005093 0.070124 0.071748 0.073604 0.195057 0.001115 0.076609 0.097688 0.153405 0.035953 0.129775 0.091575 0.029937 0.093417 0.047089 0.060511 0.130773 0.063687 0.079736 0.051260 0.139397 0.145311 -0.009807 0.104097 
0.184704 0.061789 0.170581 0.505263 0.150994 0.018538 0.171710 0.345159 0.198420 0.497846 0.531975 0.072035 1.000000 0.008801 0.211670 0.120645 0.136296 0.210885 0.088508 0.194044 0.690625 0.192544 0.140772 0.198216 0.502000 0.004538 0.081709 0.053787 0.256073 0.164222 0.195366 0.088565 0.210742 0.181632 0.077864 0.038457 0.279945 0.126633 -0.058005 0.212736 0.224286 0.198288 0.198738 0.163562 0.132118 0.270120 0.089160 0.159432 0.024716 0.206738 0.037263 0.092564 0.084305 0.231893 0.091583 0.038277 0.018978 0.251528 0.068679 -0.015826 0.103396 0.195354 0.175669 0.168509 0.039068 0.195627 
-0.039584 0.085699 0.097697 0.041573 0.003321 0.278396 0.018169 -0.000919 0.017245 -0.026775 0.029010 0.680893 0.008801 1.000000 0.026338 0.025620 0.051386 0.172164 0.138338 0.055701 0.016915 -0.009816 0.015782 -0.001716 0.006462 0.315878 0.037606 0.045895 0.071131 0.057221 -0.028641 0.009387 0.074653 0.080156 0.129407 0.057488 0.049390 -0.011110 0.247573 -0.016638 -0.043649 0.013408 -0.017913 -0.025270 0.157441 -0.000439 0.421645 -0.007900 0.069626 0.014388 0.110865 -0.018210 0.059763 -0.006322 0.006482 0.043856 0.024535 -0.014349 0.296099 0.091682 0.114101 0.020686 0.067560 0.087353 0.014155 0.025380 
0.259144 0.104406 0.066565 0.071114 0.403873 0.101315 0.655338 0.032043 0.840802 0.154164 0.075077 0.142882 0.211670 0.026338 1.000000 0.142190 0.513622 0.156101 0.102285 0.103298 0.089724 0.121870 0.123339 0.068212 0.096923 0.119808 0.128368 0.005901 0.112746 0.497385 0.099380 0.541646 0.314475 0.126048 0.138447 0.088791 0.164459 0.128042 0.075938 0.286419 0.104966 0.248860 0.325271 0.133095 0.051603 0.277736 0.040922 0.310474 0.157542 0.342291 0.112948 0.094408 0.005646 0.169394 0.110394 0.164296 0.180290 0.233999 0.075962 0.006548 0.159519 0.197941 0.163223 0.112858 0.077436 0.256660 
0.216335 0.125583 0.199520 0.017536 0.172399 -0.037266 0.079844 0.165802 0.170418 0.357964 0.102202 0.070520 0.120645 0.025620 0.142190 1.000000 0.103077 0.099674 0.100113 0.184602 0.021501 0.604005 0.761229 0.550286 0.293838 0.095951 0.202583 0.100227 0.246827 0.159499 0.193676 0.121598 0.155156 0.142407 0.145501 0.112425 0.032078 0.152894 0.010053 0.160072 0.145164 0.123353 0.092642 0.090406 0.133430 0.033141 0.147487 0.100744 0.526715 0.177871 0.058751 0.082748 0.098268 0.017323 0.242493 0.485178 0.203458 0.188157 0.071607 0.075999 0.242381 0.127066 0.109851 0.173936 0.112289 0.093379 
0.352027 0.134205 0.004854 0.196387 0.561286 0.019911 0.748978 0.110261 0.557286 0.129068 0.142510 0.147902 0.136296 0.051386 0.513622 0.103077 1.000000 0.177043 0.156081 0.150428 0.191335 0.129244 0.130144 0.132047 0.151766 0.076515 0.197656 0.139543 0.210280 0.453948 0.189905 0.522549 0.382314 0.316034 0.153611 0.106503 0.137093 0.165536 0.077603 0.327067 0.140165 0.286127 0.450114 0.129793 0.107976 0.269481 0.057510 0.294927 0.189037 0.363082 0.174810 0.108423 0.039259 0.095741 0.140032 0.228757 0.232466 0.283710 0.071212 0.032689 0.157605 0.174681 0.320277 0.192285 0.098347 0.353759 
0.193349 0.142672 0.274912 0.231871 0.234436 0.051487 0.125854 0.319080 0.174134 0.156772 0.205921 0.174973 0.210885 0.172164 0.156101 0.099674 0.177043 1.000000 0.068458 0.558481 0.222834 0.138773 0.151456 0.165177 0.223990 0.216326 0.155952 0.079105 0.205984 0.285831 0.160166 0.156461 0.262190 0.165713 0.188149 0.087978 0.112010 0.180749 0.053127 0.113122 0.166116 0.102022 0.128002 0.138875 0.237086 0.201924 0.252376 0.049543 0.033218 0.147786 0.223457 0.181070 0.196178 0.077538 0.077017 0.065192 0.103055 0.150309 0.352087 0.108642 0.097256 0.141441 0.066966 0.186153 0.047988 0.071533 
0.282661 0.167097 0.054329 0.095572 0.128121 0.056338 0.089928 0.217058 0.062388 0.060160 0.150815 0.300377 0.088508 0.138338 0.102285 0.100113 0.156081 0.068458 1.000000 0.381311 0.106036 0.125825 0.133495 0.074607 0.068299 0.136058 0.154600 0.163564 0.144661 0.206181 0.246379 0.096495 0.286026 0.072435 0.119204 0.168213 0.124478 0.099888 0.066264 0.056524 0.152618 0.092891 0.173379 0.128303 0.065706 0.126437 0.091885 0.090165 0.144176 0.026787 0.089954 0.158044 0.228453 0.115637 0.128697 0.222395 0.184503 0.201943 0.052517 0.123374 0.048865 0.142291 0.080335 0.110503 0.138979 0.065635 
0.264736 0.210216 0.095780 0.197477 0.220403 -0.050205 0.078424 0.249773 0.097146 0.159387 0.167528 0.195069 0.194044 0.055701 0.103298 0.184602 0.150428 0.558481 0.381311 1.000000 0.199104 0.164949 0.176426 0.132677 0.187695 0.059056 0.157169 0.169102 0.170195 0.165610 0.269858 0.095677 0.202943 0.147283 0.202699 0.055426 0.137236 0.159528 -0.011444 0.129415 0.226751 0.163984 0.169668 0.081280 0.177001 0.165039 0.100142 0.085479 0.117894 0.111751 0.225477 0.197365 0.263958 0.095175 0.155958 0.115676 0.164865 0.245652 0.133441 0.195130 0.173336 0.149283 0.036212 0.141187 0.076344 0.029486 
0.148032 0.079018 0.128607 0.868721 0.202243 -0.042631 0.125898 0.327516 0.137754 0.315958 0.520558 0.095338 0.690625 0.016915 0.089724 0.021501 0.191335 0.222834 0.106036 0.199104 1.000000 0.162285 0.093050 0.159468 0.553043 -0.011519 0.092708 0.125551 0.297777 0.163975 0.158307 0.100153 0.141957 0.094878 0.063068 0.059509 0.476858 -0.002379 -0.105216 0.006145 0.204565 0.017582 0.253597 0.107769 0.077365 0.245782 0.026890 -0.076074 0.019754 -0.000398 0.051331 0.037143 0.108961 0.305138 0.090261 0.033159 0.042046 0.307544 -0.001049 0.003224 0.081376 0.231014 0.046076 0.100481 -0.073527 0.055531 
0.198969 0.081468 0.144144 0.116136 0.113161 -0.027251 0.107593 0.235880 0.141098 0.371220 0.110834 0.070942 0.192544 -0.009816 0.121870 0.604005 0.129244 0.138773 0.125825 0.164949 0.162285 1.000000 0.450405 0.639597 0.290289 0.025375 0.156420 0.092013 0.403492 0.130798 0.144342 0.127988 0.116151 0.189798 0.119462 0.123912 0.125799 0.136232 -0.008653 0.186650 0.202205 0.138380 0.130536 0.161853 0.064515 0.212277 0.067248 0.106339 0.183795 0.217698 0.101481 0.025164 0.120523 0.133756 0.217431 0.210434 0.174723 0.176184 0.036665 0.120247 0.152727 0.124565 0.107870 0.089496 0.136004 0.124741 
0.205580 0.214742 0.357789 0.068581 0.244368 -0.019340 0.114050 0.219574 0.176275 0.439388 0.126480 0.103928 0.140772 0.015782 0.123339 0.761229 0.130144 0.151456 0.133495 0.176426 0.093050 0.450405 1.000000 0.570895 0.294756 0.106021 0.152384 0.089389 0.229141 0.191573 0.166488 0.137946 0.154167 0.150966 0.188096 0.176178 0.021134 0.269421 0.059218 0.288736 0.087669 0.224022 0.065601 0.103579 0.184423 0.039173 0.242816 0.199068 0.409146 0.280155 -0.006696 0.025292 0.063438 0.032557 0.181015 0.585140 0.207190 0.142164 0.123703 -0.003277 0.117408 0.118531 0.210445 0.186084 0.219594 0.201790 
0.186022 0.138574 0.414689 0.144503 0.158716 -0.001881 0.072430 0.287305 0.094541 0.349477 0.131250 0.050739 0.198216 -0.001716 0.068212 0.550286 0.132047 0.165177 0.074607 0.132677 0.159468 0.639597 0.570895 1.000000 0.253557 0.044268 0.211426 0.079396 0.237767 0.163943 0.183923 0.098860 0.201902 0.260217 0.183033 0.135830 0.115593 0.143707 -0.011834 0.206116 0.181366 0.207767 0.144835 0.149458 0.103174 0.173202 0.096958 0.169707 0.125609 0.193332 0.132392 0.019843 0.047653 0.099782 0.194301 0.162767 0.155343 0.186501 0.047176 0.059430 0.140953 0.174387 0.240486 0.205220 0.076283 0.214625 
0.165761 0.167345 0.188157 0.602644 0.168407 -0.022084 0.108710 0.499849 0.153225 0.767095 0.445993 0.055417 0.502000 0.006462 0.096923 0.293838 0.151766 0.223990 0.068299 0.187695 0.553043 0.290289 0.294756 0.253557 1.000000 0.038171 0.194659 0.173422 0.665014 0.112493 0.172355 0.097681 0.166226 0.233870 0.149212 0.111215 0.407652 0.211659 -0.048565 0.209969 0.244508 0.217469 0.238349 0.232188 0.196862 0.238351 0.159587 0.152990 0.188516 0.199762 0.059647 0.123789 0.115611 0.242723 0.156312 0.166617 0.055165 0.378384 0.077394 0.118721 0.176616 0.269237 0.221503 0.229742 0.090127 0.202893 
0.063144 0.168206 0.100838 0.031243 0.211456 0.558540 0.097913 0.069100 0.166558 0.023150 -0.009258 0.248977 0.004538 0.315878 0.119808 0.095951 0.076515 0.216326 0.136058 0.059056 -0.011519 0.025375 0.106021 0.044268 0.038171 1.000000 0.208940 0.120317 0.032387 0.110270 0.024249 0.217302 0.095435 0.060907 0.058640 0.210711 0.120292 0.116301 0.593521 0.045571 -0.005120 0.083018 0.070547 0.052510 0.022440 0.037582 0.228354 -0.028058 0.043120 0.033173 0.217555 -0.074676 -0.014593 0.049970 0.018263 0.150125 0.093256 0.084722 0.606552 0.045306 0.161894 0.068340 0.019404 0.077043 0.156015 0.019705 
0.287418 0.295042 0.137726 0.127255 0.225082 0.015365 0.116841 0.312203 0.179385 0.135644 0.142591 0.031328 0.081709 0.037606 0.128368 0.202583 0.197656 0.155952 0.154600 0.157169 0.092708 0.156420 0.152384 0.211426 0.194659 0.208940 1.000000 0.332204 0.197713 0.112583 0.321405 0.234927 0.228362 0.076064 0.160461 0.116353 0.086225 0.104563 -0.006860 -0.023183 0.170358 0.052543 0.170752 0.045619 0.054727 0.050234 0.065447 0.014419 0.259180 -0.006532 0.143000 0.074052 0.156873 -0.026044 0.220161 0.207740 0.193001 0.198982 0.012069 0.151396 0.200557 0.184102 0.036379 0.151787 0.064237 0.037348 
0.119941 0.747238 0.210997 0.165818 0.151993 0.018224 0.086326 0.128828 0.055124 0.101383 0.051789 0.055032 0.053787 0.045895 0.005901 0.100227 0.139543 0.079105 0.163564 0.169102 0.125551 0.092013 0.089389 0.079396 0.173422 0.120317 0.332204 1.000000 0.222937 0.028318 0.174616 0.058433 0.084850 0.066982 0.270555 0.131602 0.129608 0.044624 -0.019735 0.016213 0.120510 0.054012 0.128947 0.111252 0.100905 0.089030 0.057045 -0.023425 0.113783 -0.006441 0.080045 0.185638 0.195754 0.055200 0.207443 0.091244 0.128830 0.138478 0.025452 0.053809 0.224433 0.118033 0.016710 0.097517 0.022647 0.027298 
0.206400 0.280334 0.201338 0.361537 0.151796 -0.012053 0.148771 0.377484 0.163496 0.465864 0.278304 0.058462 0.256073 0.071131 0.112746 0.246827 0.210280 0.205984 0.144661 0.170195 0.297777 0.403492 0.229141 0.237767 0.665014 0.032387 0.197713 0.222937 1.000000 0.141230 0.187465 0.101862 0.184497 0.169248 0.292368 0.164455 0.204701 0.204574 -0.011870 0.154796 0.238813 0.144722 0.206277 0.209730 0.147172 0.216100 0.147603 0.132450 0.186997 0.195774 0.129411 0.107603 0.131840 0.133186 0.173039 0.194393 0.133121 0.231029 0.090353 0.159464 0.292806 0.225225 0.155123 0.073644 0.138342 0.156431 
0.493327 0.132865 0.069398 0.089005 0.406723 0.000024 0.432136 0.175624 0.432232 0.124373 0.207572 0.196828 0.164222 0.057221 0.497385 0.159499 0.453948 0.285831 0.206181 0.165610 0.163975 0.130798 0.191573 0.163943 0.112493 0.110270 0.112583 0.028318 0.141230 1.000000 0.260770 0.337488 0.801134 0.206567 0.181729 0.090415 0.107912 0.190260 0.000632 0.257664 0.205809 0.202141 0.419363 0.127609 0.144673 0.203961 0.091494 0.178880 0.179464 0.304322 0.190920 0.087523 0.085598 0.100398 0.086519 0.263598 0.191454 0.281031 0.081702 -0.039846 0.110019 0.261215 0.259870 0.231593 0.125771 0.292553 
0.779466 0.227351 0.156960 0.116170 0.095330 -0.018677 0.149914 0.472016 0.117385 0.160354 0.198208 0.001008 0.195366 -0.028641 0.099380 0.193676 0.189905 0.160166 0.246379 0.269858 0.158307 0.144342 0.166488 0.183923 0.172355 0.024249 0.321405 0.174616 0.187465 0.260770 1.000000 0.127591 0.542257 0.218427 0.153096 0.077075 0.116321 0.099394 -0.005421 0.126493 0.272167 0.148515 0.328049 0.091576 0.119013 0.172025 0.035808 0.139821 0.253743 0.065556 0.093506 0.211647 0.159977 0.035275 0.158389 0.243987 0.167424 0.339219 -0.003021 0.097880 0.142889 0.267532 0.201371 0.227729 0.055494 0.162412 
0.163508 0.052437 0.019726 0.086097 0.681546 0.129208 0.518085 0.098954 0.511200 0.058019 0.103413 0.188615 0.088565 0.009387 0.541646 0.121598 0.522549 0.156461 0.096495 0.095677 0.100153 0.127988 0.137946 0.098860 0.097681 0.217302 0.234927 0.058433 0.101862 0.337488 0.127591 1.000000 0.171930 0.122985 0.059118 0.141515 0.160949 0.081032 0.208623 0.117167 0.007696 0.137209 0.309520 0.202959 0.025330 0.193776 0.021236 0.100669 0.179138 0.153000 0.140659 0.144563 0.080244 0.131659 0.086825 0.236881 0.191219 0.245880 0.176319 0.029783 0.141754 0.197859 0.141279 0.094835 -0.008561 0.193923 
0.662335 0.174647 0.117673 0.081498 0.210640 -0.038644 0.295156 0.324037 0.251414 0.204436 0.204544 0.109148 0.210742 0.074653 0.314475 0.155156 0.382314 0.262190 0.286026 0.202943 0.141957 0.116151 0.154167 0.201902 0.166226 0.095435 0.228362 0.084850 0.184497 0.801134 0.542257 0.171930 1.000000 0.258995 0.169898 0.062632 0.087459 0.147995 -0.014913 0.252754 0.277339 0.219965 0.453754 0.080649 0.107569 0.210148 0.089769 0.234384 0.255611 0.265478 0.169218 0.112535 0.076011 0.035759 0.170622 0.270040 0.233973 0.317914 0.048575 0.027087 0.152921 0.283443 0.315021 0.294268 0.157248 0.348783 
0.248317 0.094519 0.122924 0.083211 0.144249 0.038255 0.224275 0.267743 0.154172 0.317206 0.136474 0.070552 0.181632 0.080156 0.126048 0.142407 0.316034 0.165713 0.072435 0.147283 0.094878 0.189798 0.150966 0.260217 0.233870 0.060907 0.076064 0.066982 0.169248 0.206567 0.218427 0.122985 0.258995 1.000000 0.095896 0.211018 0.098678 0.118033 0.077559 0.265354 0.276236 0.320782 0.219329 0.095835 0.096213 0.137259 0.089429 0.269416 0.101180 0.198651 0.196852 0.052965 0.112880 0.070442 0.178123 0.094601 0.183970 0.184023 0.080231 0.115404 0.083188 0.145179 0.748647 0.679653 0.050346 0.604857 
0.186572 0.580191 0.151550 0.109651 0.117039 -0.002717 0.121036 0.198172 0.134180 0.141014 0.087851 0.221076 0.077864 0.129407 0.138447 0.145501 0.153611 0.188149 0.119204 0.202699 0.063068 0.119462 0.188096 0.183033 0.149212 0.058640 0.160461 0.270555 0.292368 0.181729 0.153096 0.059118 0.169898 0.095896 1.000000 0.268390 0.146160 0.060979 0.009490 0.052241 0.152694 0.103698 0.100750 0.139404 0.063709 0.154467 0.122545 0.117020 0.092865 0.102507 0.163489 0.088323 0.222059 0.118764 0.118346 0.169985 0.085927 0.171943 0.079562 0.369789 0.574960 0.181576 0.082008 0.114926 -0.014503 0.067956 
0.043680 0.134485 0.234607 0.077731 0.119995 0.123120 0.098158 0.080520 0.051417 0.085365 0.054922 0.087116 0.038457 0.057488 0.088791 0.112425 0.106503 0.087978 0.168213 0.055426 0.059509 0.123912 0.176178 0.135830 0.111215 0.210711 0.116353 0.131602 0.164455 0.090415 0.077075 0.141515 0.062632 0.211018 0.268390 1.000000 0.079964 0.168487 0.227460 0.146670 0.121058 0.209789 0.091942 0.156135 0.117009 0.070018 0.173856 0.149281 0.174466 0.097507 0.157109 0.087219 0.203324 0.056875 0.120481 0.350651 0.366760 0.156009 0.189938 0.089164 0.126290 0.184467 0.162199 0.116134 0.207106 0.128376 
0.133101 0.122277 0.047949 0.567438 0.165303 0.009980 0.145176 0.279339 0.215303 0.230642 0.241233 0.114979 0.279945 0.049390 0.164459 0.032078 0.137093 0.112010 0.124478 0.137236 0.476858 0.125799 0.021134 0.115593 0.407652 0.120292 0.086225 0.129608 0.204701 0.107912 0.116321 0.160949 0.087459 0.098678 0.146160 0.079964 1.000000 -0.007622 -0.047912 -0.008576 0.136620 0.010613 0.405725 0.283139 0.007353 0.457031 0.020099 -0.062993 0.054499 -0.013534 0.071295 0.003034 0.101428 0.759536 0.127492 0.050563 0.111420 0.636478 0.066809 0.146693 0.156540 0.503242 0.045968 0.206170 -0.051273 0.073773 
0.127478 0.091576 0.112755 -0.008057 0.133984 0.061130 0.093209 0.192857 0.072003 0.339211 0.104488 0.073677 0.126633 -0.011110 0.128042 0.152894 0.165536 0.180749 0.099888 0.159528 -0.002379 0.136232 0.269421 0.143707 0.211659 0.116301 0.104563 0.044624 0.204574 0.190260 0.099394 0.081032 0.147995 0.118033 0.060979 0.168487 -0.007622 1.000000 0.122471 0.562160 0.107882 0.535331 -0.016867 0.178620 0.266852 0.046584 0.207401 0.374752 0.035300 0.615641 0.053051 0.108522 0.111646 0.072329 0.134421 0.159940 0.118679 0.088109 0.204144 0.058159 0.055094 0.036419 0.240292 0.116289 0.647006 0.175564 
0.021113 0.000087 0.044960 -0.059233 0.092286 0.490178 0.054479 -0.028418 0.062109 -0.016651 -0.077845 0.167925 -0.058005 0.247573 0.075938 0.010053 0.077603 0.053127 0.066264 -0.011444 -0.105216 -0.008653 0.059218 -0.011834 -0.048565 0.593521 -0.006860 -0.019735 -0.011870 0.000632 -0.005421 0.208623 -0.014913 0.077559 0.009490 0.227460 -0.047912 0.122471 1.000000 0.129240 -0.100550 0.172133 -0.015305 -0.001709 0.106389 -0.035378 0.273239 0.079274 0.057817 0.086157 0.098909 -0.069739 -0.073058 -0.043818 -0.020465 0.132511 0.063006 -0.049722 0.611154 0.122031 0.182766 -0.069475 0.035559 0.000110 0.187760 0.026518 
0.209151 0.051686 0.103434 0.009446 0.140357 0.061916 0.331599 0.111483 0.226429 0.412955 0.047885 0.056264 0.212736 -0.016638 0.286419 0.160072 0.327067 0.113122 0.056524 0.129415 0.006145 0.186650 0.288736 0.206116 0.209969 0.045571 -0.023183 0.016213 0.154796 0.257664 0.126493 0.117167 0.252754 0.265354 0.052241 0.146670 -0.008576 0.562160 0.129240 1.000000 0.088161 0.795083 0.090918 0.051376 0.263148 0.162652 0.192719 0.685725 0.024173 0.765511 0.034760 0.050081 -0.041986 0.004145 0.050866 0.132654 0.070819 0.100718 0.162637 -0.015761 0.019046 0.025036 0.397461 0.091600 0.582856 0.412013 
0.279172 0.178088 0.014331 0.156020 0.125613 -0.078451 0.130452 0.349019 0.153320 0.189753 0.224515 0.006887 0.224286 -0.043649 0.104966 0.145164 0.140165 0.166116 0.152618 0.226751 0.204565 0.202205 0.087669 0.181366 0.244508 -0.005120 0.170358 0.120510 0.238813 0.205809 0.272167 0.007696 0.277339 0.276236 0.152694 0.121058 0.136620 0.107882 -0.100550 0.088161 1.000000 0.047221 0.282000 0.321762 0.149745 0.271289 0.086867 0.005802 0.132191 0.105383 0.124960 0.168300 0.134582 0.189869 0.171111 0.089106 0.110468 0.351083 -0.008623 0.143386 0.125522 0.306563 0.115080 0.258956 0.081548 0.130348 
0.192047 0.077755 0.074126 0.015189 0.154514 0.100648 0.266373 0.137068 0.189191 0.359184 0.076489 0.067589 0.198288 0.013408 0.248860 0.123353 0.286127 0.102022 0.092891 0.163984 0.017582 0.138380 0.224022 0.207767 0.217469 0.083018 0.052543 0.054012 0.144722 0.202141 0.148515 0.137209 0.219965 0.320782 0.103698 0.209789 0.010613 0.535331 0.172133 0.795083 0.047221 1.000000 0.045452 0.053497 0.289132 0.050037 0.196112 0.789184 0.064158 0.505579 0.112562 0.093663 0.073073 -0.009104 0.071687 0.133583 0.109846 0.078055 0.174578 0.053540 0.071690 0.046517 0.434474 0.134932 0.528232 0.373756 
0.377912 0.158397 0.007289 0.225740 0.340977 -0.032785 0.383671 0.281011 0.313093 0.125022 0.230150 0.005093 0.198738 -0.017913 0.325271 0.092642 0.450114 0.128002 0.173379 0.169668 0.253597 0.130536 0.065601 0.144835 0.238349 0.070547 0.170752 0.128947 0.206277 0.419363 0.328049 0.309520 0.453754 0.219329 0.100750 0.091942 0.405725 -0.016867 -0.015305 0.090918 0.282000 0.045452 1.000000 0.167189 0.069374 0.521364 0.017717 0.090033 0.350829 0.069209 0.138561 0.148073 0.111276 0.355416 0.199889 0.319012 0.314945 0.773154 0.022207 0.025224 0.142937 0.531751 0.170975 0.237942 -0.026736 0.255480 
0.035236 0.147193 0.094043 0.092949 0.172138 0.044313 0.124135 0.238567 0.165104 0.196500 0.175514 0.070124 0.163562 -0.025270 0.133095 0.090406 0.129793 0.138875 0.128303 0.081280 0.107769 0.161853 0.103579 0.149458 0.232188 0.052510 0.045619 0.111252 0.209730 0.127609 0.091576 0.202959 0.080649 0.095835 0.139404 0.156135 0.283139 0.178620 -0.001709 0.051376 0.321762 0.053497 0.167189 1.000000 0.050020 0.499421 0.066651 -0.009971 0.063378 0.116511 0.117426 0.098759 0.108332 0.587123 0.160712 0.104366 0.157924 0.307779 0.069470 0.130826 0.148454 0.283846 0.057525 0.116161 0.056438 0.070310 
0.136595 0.107000 0.150634 0.047244 0.151598 0.043506 0.121336 0.148280 0.093598 0.176335 0.141080 0.071748 0.132118 0.157441 0.051603 0.133430 0.107976 0.237086 0.065706 0.177001 0.077365 0.064515 0.184423 0.103174 0.196862 0.022440 0.054727 0.100905 0.147172 0.144673 0.119013 0.025330 0.107569 0.096213 0.063709 0.117009 0.007353 0.266852 0.106389 0.263148 0.149745 0.289132 0.069374 0.050020 1.000000 0.053502 0.807907 0.150185 0.099697 0.147752 0.006971 0.461767 0.095022 0.025357 0.016532 0.109401 0.063212 0.077211 0.346876 -0.066190 -0.005019 0.057343 0.075588 0.047654 0.237420 0.061389 
0.178814 0.141779 0.065906 0.224594 0.173257 -0.028426 0.258141 0.279956 0.266293 0.239360 0.152788 0.073604 0.270120 -0.000439 0.277736 0.033141 0.269481 0.201924 0.126437 0.165039 0.245782 0.212277 0.039173 0.173202 0.238351 0.037582 0.050234 0.089030 0.216100 0.203961 0.172025 0.193776 0.210148 0.137259 0.154467 0.070018 0.457031 0.046584 -0.035378 0.162652 0.271289 0.050037 0.521364 0.499421 0.053502 1.000000 0.037873 0.054666 0.099062 0.178461 0.094767 0.103132 0.095426 0.658126 0.141293 0.074309 0.197594 0.444537 0.031646 0.094177 0.084248 0.253130 0.090298 0.151601 0.038095 0.171764 
0.057517 0.115785 0.224626 0.029579 0.103888 0.169826 0.074606 0.123405 0.084257 0.164705 0.084787 0.195057 0.089160 0.421645 0.040922 0.147487 0.057510 0.252376 0.091885 0.100142 0.026890 0.067248 0.242816 0.096958 0.159587 0.228354 0.065447 0.057045 0.147603 0.091494 0.035808 0.021236 0.089769 0.089429 0.122545 0.173856 0.020099 0.207401 0.273239 0.192719 0.086867 0.196112 0.017717 0.066651 0.807907 0.037873 1.000000 0.129404 0.100367 0.121850 -0.013170 0.185830 0.016121 0.044690 0.011564 0.177219 0.095715 0.038249 0.468357 -0.037611 0.033554 0.037220 0.048248 0.051750 0.269520 0.031525 
0.212009 0.034238 0.096232 -0.071966 0.063115 0.050010 0.285912 0.111415 0.185042 0.317769 0.056931 0.001115 0.159432 -0.007900 0.310474 0.100744 0.294927 0.049543 0.090165 0.085479 -0.076074 0.106339 0.199068 0.169707 0.152990 -0.028058 0.014419 -0.023425 0.132450 0.178880 0.139821 0.100669 0.234384 0.269416 0.117020 0.149281 -0.062993 0.374752 0.079274 0.685725 0.005802 0.789184 0.090033 -0.009971 0.150185 0.054666 0.129404 1.000000 0.084296 0.542061 0.043959 0.057891 0.038184 -0.074725 0.056019 0.118413 0.121134 0.063736 0.070300 0.149791 0.116258 0.069711 0.468589 0.136738 0.514376 0.469955 
0.243867 0.102526 0.034597 0.002060 0.184859 -0.058478 0.120577 0.181890 0.134100 0.148902 0.112901 0.076609 0.024716 0.069626 0.157542 0.526715 0.189037 0.033218 0.144176 0.117894 0.019754 0.183795 0.409146 0.125609 0.188516 0.043120 0.259180 0.113783 0.186997 0.179464 0.253743 0.179138 0.255611 0.101180 0.092865 0.174466 0.054499 0.035300 0.057817 0.024173 0.132191 0.064158 0.350829 0.063378 0.099697 0.099062 0.100367 0.084296 1.000000 0.007176 0.091645 0.079154 0.096643 0.038370 0.440191 0.780071 0.576947 0.347061 0.012085 0.075786 0.312541 0.263980 0.104263 0.196193 0.037141 0.123207 
0.184086 0.057036 0.110378 -0.016097 0.163046 0.031163 0.318984 0.076718 0.264899 0.476322 0.056364 0.097688 0.206738 0.014388 0.342291 0.177871 0.363082 0.147786 0.026787 0.111751 -0.000398 0.217698 0.280155 0.193332 0.199762 0.033173 -0.006532 -0.006441 0.195774 0.304322 0.065556 0.153000 0.265478 0.198651 0.102507 0.097507 -0.013534 0.615641 0.086157 0.765511 0.105383 0.505579 0.069209 0.116511 0.147752 0.178461 0.121850 0.542061 0.007176 1.000000 0.021044 0.058890 -0.001798 0.072106 0.077619 0.077611 0.038691 0.108311 0.146364 0.047537 0.076549 0.048021 0.380950 0.103448 0.537650 0.438912 
0.131903 0.189143 -0.033646 0.082188 0.154451 0.099237 0.141157 0.149457 0.104436 0.003455 0.065350 0.153405 0.037263 0.110865 0.112948 0.058751 0.174810 0.223457 0.089954 0.225477 0.051331 0.101481 -0.006696 0.132392 0.059647 0.217555 0.143000 0.080045 0.129411 0.190920 0.093506 0.140659 0.169218 0.196852 0.163489 0.157109 0.071295 0.053051 0.098909 0.034760 0.124960 0.112562 0.138561 0.117426 0.006971 0.094767 -0.013170 0.043959 0.091645 0.021044 1.000000 0.095892 0.325528 0.026406 0.152754 0.096442 0.187477 0.137157 0.054855 0.174615 0.227492 0.172836 0.182718 0.147132 0.015926 0.193990 
0.132024 0.164170 0.115984 -0.001365 0.131964 -0.017688 0.104764 0.145690 0.071972 0.073864 0.104457 0.035953 0.092564 -0.018210 0.094408 0.082748 0.108423 0.181070 0.158044 0.197365 0.037143 0.025164 0.025292 0.019843 0.123789 -0.074676 0.074052 0.185638 0.107603 0.087523 0.211647 0.144563 0.112535 0.052965 0.088323 0.087219 0.003034 0.108522 -0.069739 0.050081 0.168300 0.093663 0.148073 0.098759 0.461767 0.103132 0.185830 0.057891 0.079154 0.058890 0.095892 1.000000 0.413447 0.076261 0.107794 0.049041 0.065606 0.120409 0.117585 -0.030842 0.027770 0.082890 0.082830 0.103195 -0.009755 0.130709 
0.132186 0.185419 0.107655 0.080598 0.106198 -0.030192 0.001766 0.179698 -0.017373 0.058081 0.140414 0.129775 0.084305 0.059763 0.005646 0.098268 0.039259 0.196178 0.228453 0.263958 0.108961 0.120523 0.063438 0.047653 0.115611 -0.014593 0.156873 0.195754 0.131840 0.085598 0.159977 0.080244 0.076011 0.112880 0.222059 0.203324 0.101428 0.111646 -0.073058 -0.041986 0.134582 0.073073 0.111276 0.108332 0.095022 0.095426 0.016121 0.038184 0.096643 -0.001798 0.325528 0.413447 1.000000 0.076265 0.178599 0.137291 0.171499 0.178300 -0.039207 0.258942 0.121456 0.191724 0.094122 0.222022 0.045738 0.084452 
0.027486 0.075268 0.063245 0.293965 0.121803 -0.019289 0.124325 0.201454 0.201753 0.220204 0.153169 0.091575 0.231893 -0.006322 0.169394 0.017323 0.095741 0.077538 0.115637 0.095175 0.305138 0.133756 0.032557 0.099782 0.242723 0.049970 -0.026044 0.055200 0.133186 0.100398 0.035275 0.131659 0.035759 0.070442 0.118764 0.056875 0.759536 0.072329 -0.043818 0.004145 0.189869 -0.009104 0.355416 0.587123 0.025357 0.658126 0.044690 -0.074725 0.038370 0.072106 0.026406 0.076261 0.076265 1.000000 0.132052 0.026785 0.129607 0.502545 0.058020 0.085573 0.128027 0.353685 0.040487 0.164991 -0.015489 0.084711 
0.124396 0.192417 0.113102 0.086210 0.133359 -0.085996 0.039096 0.199285 0.080576 0.131306 0.166185 0.029937 0.091583 0.006482 0.110394 0.242493 0.140032 0.077017 0.128697 0.155958 0.090261 0.217431 0.181015 0.194301 0.156312 0.018263 0.220161 0.207443 0.173039 0.086519 0.158389 0.086825 0.170622 0.178123 0.118346 0.120481 0.127492 0.134421 -0.020465 0.050866 0.171111 0.071687 0.199889 0.160712 0.016532 0.141293 0.011564 0.056019 0.440191 0.077619 0.152754 0.107794 0.178599 0.132052 1.000000 0.383425 0.716520 0.204192 -0.022342 0.196233 0.295744 0.177928 0.121787 0.177241 0.081841 0.159492 
0.254028 0.124169 0.075399 0.014803 0.274084 0.005143 0.174741 0.193701 0.152693 0.155101 0.111767 0.093417 0.038277 0.043856 0.164296 0.485178 0.228757 0.065192 0.222395 0.115676 0.033159 0.210434 0.585140 0.162767 0.166617 0.150125 0.207740 0.091244 0.194393 0.263598 0.243987 0.236881 0.270040 0.094601 0.169985 0.350651 0.050563 0.159940 0.132511 0.132654 0.089106 0.133583 0.319012 0.104366 0.109401 0.074309 0.177219 0.118413 0.780071 0.077611 0.096442 0.049041 0.137291 0.026785 0.383425 1.000000 0.624654 0.281853 0.108504 -0.017515 0.179329 0.226107 0.115109 0.125883 0.173788 0.132785 
0.154848 0.095140 0.099558 0.045550 0.177454 0.017820 0.158417 0.139705 0.125818 0.027549 0.132419 0.047089 0.018978 0.024535 0.180290 0.203458 0.232466 0.103055 0.184503 0.164865 0.042046 0.174723 0.207190 0.155343 0.055165 0.093256 0.193001 0.128830 0.133121 0.191454 0.167424 0.191219 0.233973 0.183970 0.085927 0.366760 0.111420 0.118679 0.063006 0.070819 0.110468 0.109846 0.314945 0.157924 0.063212 0.197594 0.095715 0.121134 0.576947 0.038691 0.187477 0.065606 0.171499 0.129607 0.716520 0.624654 1.000000 0.235947 0.060617 0.157964 0.279000 0.193278 0.131157 0.107885 0.155069 0.167968 
0.334034 0.159808 0.077940 0.342305 0.297803 -0.036052 0.263285 0.337686 0.252803 0.239813 0.285835 0.060511 0.251528 -0.014349 0.233999 0.188157 0.283710 0.150309 0.201943 0.245652 0.307544 0.176184 0.142164 0.186501 0.378384 0.084722 0.198982 0.138478 0.231029 0.281031 0.339219 0.245880 0.317914 0.184023 0.171943 0.156009 0.636478 0.088109 -0.049722 0.100718 0.351083 0.078055 0.773154 0.307779 0.077211 0.444537 0.038249 0.063736 0.347061 0.108311 0.137157 0.120409 0.178300 0.502545 0.204192 0.281853 0.235947 1.000000 0.065333 0.123346 0.209812 0.766447 0.118783 0.245172 0.011623 0.144157 
-0.013819 0.050910 0.220355 0.042711 0.155472 0.495250 0.123468 0.065948 0.108601 0.057290 0.019745 0.130773 0.068679 0.296099 0.075962 0.071607 0.071212 0.352087 0.052517 0.133441 -0.001049 0.036665 0.123703 0.047176 0.077394 0.606552 0.012069 0.025452 0.090353 0.081702 -0.003021 0.176319 0.048575 0.080231 0.079562 0.189938 0.066809 0.204144 0.611154 0.162637 -0.008623 0.174578 0.022207 0.069470 0.346876 0.031646 0.468357 0.070300 0.012085 0.146364 0.054855 0.117585 -0.039207 0.058020 -0.022342 0.108504 0.060617 0.065333 1.000000 0.047109 0.122004 0.026689 0.017263 0.044914 0.144139 0.020753 
0.125867 0.139127 0.048278 0.046045 0.010412 0.019288 -0.017195 0.188290 0.008831 0.074744 0.091600 0.063687 -0.015826 0.091682 0.006548 0.075999 0.032689 0.108642 0.123374 0.195130 0.003224 0.120247 -0.003277 0.059430 0.118721 0.045306 0.151396 0.053809 0.159464 -0.039846 0.097880 0.029783 0.027087 0.115404 0.369789 0.089164 0.146693 0.058159 0.122031 -0.015761 0.143386 0.053540 0.025224 0.130826 -0.066190 0.094177 -0.037611 0.149791 0.075786 0.047537 0.174615 -0.030842 0.258942 0.085573 0.196233 -0.017515 0.157964 0.123346 0.047109 1.000000 0.542783 0.151327 0.050986 0.110311 0.134257 0.040596 
0.198987 0.349474 0.076361 0.112446 0.110748 0.149162 0.086115 0.193014 0.122673 0.136313 0.142964 0.079736 0.103396 0.114101 0.159519 0.242381 0.157605 0.097256 0.048865 0.173336 0.081376 0.152727 0.117408 0.140953 0.176616 0.161894 0.200557 0.224433 0.292806 0.110019 0.142889 0.141754 0.152921 0.083188 0.574960 0.126290 0.156540 0.055094 0.182766 0.019046 0.125522 0.071690 0.142937 0.148454 -0.005019 0.084248 0.033554 0.116258 0.312541 0.076549 0.227492 0.027770 0.121456 0.128027 0.295744 0.179329 0.279000 0.209812 0.122004 0.542783 1.000000 0.210185 0.042032 0.054159 0.086692 0.057469 
0.248087 0.152480 0.130270 0.249312 0.232766 -0.015441 0.201071 0.271832 0.219186 0.123057 0.285522 0.051260 0.195354 0.020686 0.197941 0.127066 0.174681 0.141441 0.142291 0.149283 0.231014 0.124565 0.118531 0.174387 0.269237 0.068340 0.184102 0.118033 0.225225 0.261215 0.267532 0.197859 0.283443 0.145179 0.181576 0.184467 0.503242 0.036419 -0.069475 0.025036 0.306563 0.046517 0.531751 0.283846 0.057343 0.253130 0.037220 0.069711 0.263980 0.048021 0.172836 0.082890 0.191724 0.353685 0.177928 0.226107 0.193278 0.766447 0.026689 0.151327 0.210185 1.000000 0.094432 0.202932 0.030814 0.115258 
0.254678 0.071174 0.098672 0.035485 0.155927 -0.009985 0.228240 0.228931 0.145112 0.400626 0.133143 0.139397 0.175669 0.067560 0.163223 0.109851 0.320277 0.066966 0.080335 0.036212 0.046076 0.107870 0.210445 0.240486 0.221503 0.019404 0.036379 0.016710 0.155123 0.259870 0.201371 0.141279 0.315021 0.748647 0.082008 0.162199 0.045968 0.240292 0.035559 0.397461 0.115080 0.434474 0.170975 0.057525 0.075588 0.090298 0.048248 0.468589 0.104263 0.380950 0.182718 0.082830 0.094122 0.040487 0.121787 0.115109 0.131157 0.118783 0.017263 0.050986 0.042032 0.094432 1.000000 0.582870 0.137738 0.879897 
0.239669 0.123033 0.134205 0.090724 0.165083 0.010845 0.147798 0.274722 0.156135 0.281340 0.112565 0.145311 0.168509 0.087353 0.112858 0.173936 0.192285 0.186153 0.110503 0.141187 0.100481 0.089496 0.186084 0.205220 0.229742 0.077043 0.151787 0.097517 0.073644 0.231593 0.227729 0.094835 0.294268 0.679653 0.114926 0.116134 0.206170 0.116289 0.000110 0.091600 0.258956 0.134932 0.237942 0.116161 0.047654 0.151601 0.051750 0.136738 0.196193 0.103448 0.147132 0.103195 0.222022 0.164991 0.177241 0.125883 0.107885 0.245172 0.044914 0.110311 0.054159 0.202932 0.582870 1.000000 0.013211 0.473993 
0.127609 -0.005160 0.084219 -0.071644 0.026609 0.181874 0.075364 0.082554 0.015432 0.225311 0.033716 -0.009807 0.039068 0.014155 0.077436 0.112289 0.098347 0.047988 0.138979 0.076344 -0.073527 0.136004 0.219594 0.076283 0.090127 0.156015 0.064237 0.022647 0.138342 0.125771 0.055494 -0.008561 0.157248 0.050346 -0.014503 0.207106 -0.051273 0.647006 0.187760 0.582856 0.081548 0.528232 -0.026736 0.056438 0.237420 0.038095 0.269520 0.514376 0.037141 0.537650 0.015926 -0.009755 0.045738 -0.015489 0.081841 0.173788 0.155069 0.011623 0.144139 0.134257 0.086692 0.030814 0.137738 0.013211 1.000000 0.151218 
0.257132 0.096950 0.085025 0.034578 0.177647 0.009025 0.286012 0.203054 0.210607 0.430613 0.134193 0.104097 0.195627 0.025380 0.256660 0.093379 0.353759 0.071533 0.065635 0.029486 0.055531 0.124741 0.201790 0.214625 0.202893 0.019705 0.037348 0.027298 0.156431 0.292553 0.162412 0.193923 0.348783 0.604857 0.067956 0.128376 0.073773 0.175564 0.026518 0.412013 0.130348 0.373756 0.255480 0.070310 0.061389 0.171764 0.031525 0.469955 0.123207 0.438912 0.193990 0.130709 0.084452 0.084711 0.159492 0.132785 0.167968 0.144157 0.020753 0.040596 0.057469 0.115258 0.879897 0.473993 0.151218 1.000000 
