1.000000 0.285609 0.210063 0.143102 0.174884 0.145179 0.507000 0.552473 0.486035 0.372491 0.225270 0.109844 0.332755 0.154615 0.612352 0.263679 0.392711 0.241442 0.326649 0.339409 0.196869 0.210531 0.274465 0.194770 0.287586 0.157432 0.492208 0.277462 0.231911 0.777495 0.835193 0.257935 0.801897 0.472674 0.163118 0.117150 0.133436 0.162227 0.086784 0.304669 0.361957 0.274732 0.316993 0.204752 0.088339 0.250364 0.133689 0.316012 0.293222 0.303603 0.166068 0.161574 0.251556 0.134456 0.330194 0.253260 0.301330 0.335686 0.060116 0.258307 0.231756 0.319299 0.437246 0.409036 0.178338 0.414239 
0.285609 1.000000 0.235310 0.259767 0.148050 0.117741 0.158874 0.285060 0.171238 0.223809 0.170912 0.324249 0.208084 0.373021 0.186821 0.146982 0.195762 0.062604 0.188917 0.152683 0.210685 0.097583 0.324623 0.134877 0.230137 0.144520 0.296235 0.849409 0.253280 0.254004 0.235738 0.184560 0.251411 0.213154 0.663709 0.127051 0.241772 0.179012 0.168942 0.112983 0.206509 0.105597 0.162457 0.171806 0.369193 0.207888 0.449021 0.138480 0.174853 0.148775 0.217876 0.259099 0.252424 0.170134 0.202534 0.252473 0.149354 0.229523 0.050466 0.234634 0.451461 0.276596 0.174164 0.247764 0.094547 0.135746 
0.210063 0.235310 1.000000 0.047385 0.108408 0.151301 0.069456 0.220445 0.048222 0.273519 0.194520 0.130877 0.163879 0.159767 0.071965 0.366017 0.064470 0.259707 0.180388 0.195784 0.095423 0.306723 0.472173 0.579566 0.151789 0.181585 0.184648 0.277477 0.145447 0.151989 0.227986 0.100909 0.209395 0.216073 0.104629 0.209888 0.006217 0.126406 0.166196 0.133100 0.146995 0.155741 0.107221 0.087215 0.246749 0.078037 0.224732 0.164665 0.138296 0.099668 0.245704 0.180652 0.186963 0.027258 0.175069 0.184759 0.115065 0.111826 0.185947 0.237219 0.143429 0.127878 0.153230 0.225212 0.154454 0.184002 
0.143102 0.259767 0.047385 1.000000 0.245926 0.030764 0.104919 0.325758 0.161958 0.325411 0.404322 0.171549 0.560340 0.163320 0.143086 0.141073 0.290096 0.084325 0.085647 0.128065 0.862757 0.079265 0.158036 0.071972 0.581610 0.029414 0.177634 0.268930 0.588491 0.155639 0.055170 0.147979 0.123082 0.141097 0.183571 0.159095 0.585062 0.130906 0.053720 0.026104 0.260416 0.051326 0.338194 0.225588 0.077206 0.281410 0.118183 0.152570 0.171376 0.035284 0.081253 0.077123 0.055275 0.336916 0.159412 0.233147 0.158196 0.367412 -0.021406 0.076824 0.151906 0.315071 0.078410 0.130492 0.045811 0.023561 
0.174884 0.148050 0.108408 0.245926 1.000000 0.099701 0.331951 0.201205 0.444148 0.063670 0.193204 0.210670 0.180407 0.080110 0.358409 0.221614 0.663821 0.057682 0.106320 0.123845 0.239659 0.146153 0.274928 0.160191 0.134078 0.166760 0.123764 0.135838 0.157969 0.344515 0.139703 0.678607 0.201720 0.180815 0.149044 0.110318 0.247699 0.147829 0.262376 0.090214 0.214187 0.072115 0.298788 0.178387 -0.018766 0.228697 0.028418 0.109080 0.232746 0.173663 0.158057 0.099725 0.115106 0.227150 0.171897 0.291109 0.199306 0.208917 0.081416 0.197886 0.164407 0.202274 0.170661 0.176430 0.066997 0.195367 
0.145179 0.117741 0.151301 0.030764 0.099701 1.000000 0.086917 0.105030 0.064834 0.156963 0.125948 0.041168 0.116128 0.134716 0.087264 0.109333 0.059302 0.226482 0.175615 0.143707 0.077622 0.163921 0.062605 0.147747 0.102772 0.489658 0.207653 0.099071 0.074478 0.125416 0.110265 0.133196 0.153750 0.169200 0.164046 0.049325 0.083696 0.082339 0.430042 0.151018 0.139708 0.120470 0.119943 0.119109 0.062821 0.162273 0.086583 0.149909 0.099834 0.077772 0.123208 0.146454 0.180130 0.122249 0.068253 0.050359 0.057886 0.116326 0.414418 0.266282 0.244527 0.131596 0.149884 0.148704 0.097921 0.138853 
0.507000 0.158874 0.069456 0.104919 0.331951 0.086917 1.000000 0.247998 0.886546 0.130836 0.145622 0.175709 0.238793 0.141836 0.833129 0.156456 0.521265 0.095343 0.170954 0.123815 0.128710 0.097159 0.159435 0.074675 0.102413 0.088485 0.237016 0.134929 0.070206 0.547173 0.350416 0.534704 0.432187 0.343038 0.108638 0.078438 0.149995 0.127963 0.089822 0.462544 0.158832 0.420149 0.303785 0.148159 -0.034041 0.214902 -0.003800 0.344158 0.173595 0.277086 0.170508 0.038365 0.133639 0.161892 0.178924 0.185125 0.168180 0.234991 -0.034863 0.122946 0.130350 0.217199 0.354959 0.231922 0.114240 0.369112 
0.552473 0.285060 0.220445 0.325758 0.201205 0.105030 0.247998 1.000000 0.226893 0.482072 0.514900 0.186512 0.510356 0.195766 0.317883 0.292739 0.282052 0.267230 0.336403 0.395763 0.427910 0.205783 0.307430 0.195596 0.552322 0.167463 0.357358 0.286000 0.433522 0.402589 0.493996 0.215664 0.432593 0.394492 0.262822 0.132690 0.124213 0.178752 0.157052 0.133162 0.387795 0.169963 0.307332 0.197634 0.142962 0.202765 0.142182 0.267963 0.345706 0.141599 0.132188 0.300389 0.261516 0.115165 0.326603 0.329072 0.281395 0.309802 0.157338 0.289225 0.314223 0.281120 0.328705 0.376126 0.160031 0.261136 
0.486035 0.171238 0.048222 0.161958 0.444148 0.064834 0.886546 0.226893 1.000000 0.112549 0.126553 0.164993 0.158650 0.119817 0.901145 0.146249 0.583617 0.056623 0.097242 0.049674 0.158376 0.058626 0.137706 0.053554 0.110115 0.102035 0.201736 0.143501 0.089180 0.560596 0.310811 0.519540 0.403041 0.294702 0.121512 0.027967 0.162415 0.150600 0.095543 0.397447 0.164691 0.341152 0.308450 0.113872 -0.051812 0.202384 -0.013235 0.278653 0.170383 0.309691 0.152147 -0.011258 0.102208 0.130453 0.157692 0.168286 0.142268 0.225184 -0.024185 0.119688 0.136764 0.211525 0.316520 0.206358 0.105916 0.324334 
0.372491 0.223809 0.273519 0.325411 0.063670 0.156963 0.130836 0.482072 0.112549 1.000000 0.264819 0.148353 0.543579 0.107676 0.166592 0.362471 0.123942 0.185400 0.163302 0.238686 0.365816 0.258265 0.424936 0.292626 0.704777 0.074467 0.247880 0.211415 0.382407 0.250793 0.351370 0.063699 0.311873 0.378079 0.213301 0.125182 0.189428 0.310196 0.095336 0.232223 0.267390 0.313522 0.202735 0.270596 0.207107 0.119854 0.207262 0.308403 0.233505 0.309054 0.169593 0.114949 0.185322 0.182771 0.225881 0.261520 0.150449 0.250647 0.042695 0.266406 0.256064 0.242377 0.400884 0.367263 0.248806 0.385656 
0.225270 0.170912 0.194520 0.404322 0.193204 0.125948 0.145622 0.514900 0.126553 0.264819 1.000000 0.232348 0.540005 0.184597 0.192266 0.175079 0.229191 0.214935 0.254811 0.253856 0.575938 0.179506 0.249746 0.200331 0.316267 0.192299 0.226495 0.193552 0.309445 0.210113 0.186154 0.119520 0.223703 0.164692 0.161695 0.123645 0.209948 0.179130 0.156351 0.191875 0.242764 0.104069 0.285549 0.307614 0.163744 0.257747 0.162610 0.165725 0.222508 0.146637 0.098110 0.128473 0.131038 0.191416 0.177864 0.249765 0.194506 0.181295 0.125309 0.179586 0.184904 0.176860 0.147373 0.158154 0.157959 0.154829 
0.109844 0.324249 0.130877 0.171549 0.210670 0.041168 0.175709 0.186512 0.164993 0.148353 0.232348 1.000000 0.217389 0.760300 0.112959 0.066750 0.131002 0.168789 0.381448 0.270514 0.207802 0.081369 0.152890 0.110777 0.145051 0.288349 0.158873 0.276034 0.124845 0.118663 0.104195 0.219014 0.116784 0.120632 0.356221 0.258891 0.183580 0.167877 0.140958 0.114666 0.078824 0.044117 0.139397 0.182291 0.096401 0.123367 0.186857 0.132869 0.138015 0.184299 0.186698 0.162126 0.032618 0.183533 0.163783 0.241709 0.137123 0.104770 0.111645 0.108864 0.230505 0.119500 0.115561 0.148397 0.081743 0.129549 
0.332755 0.208084 0.163879 0.560340 0.180407 0.116128 0.238793 0.510356 0.158650 0.543579 0.540005 0.217389 1.000000 0.218925 0.208010 0.146872 0.190206 0.174010 0.203924 0.251867 0.772758 0.101069 0.223205 0.085509 0.513959 0.125401 0.282185 0.226968 0.343905 0.293194 0.279983 0.172798 0.365304 0.324500 0.150769 0.137328 0.357506 0.197587 0.115958 0.152655 0.300141 0.205153 0.248947 0.324286 0.134390 0.220242 0.161132 0.294098 0.235621 0.161445 0.065421 0.169159 0.161237 0.309303 0.233645 0.315818 0.231467 0.233543 0.099433 0.205057 0.166009 0.233811 0.268648 0.277553 0.138135 0.217080 
0.154615 0.373021 0.159767 0.163320 0.080110 0.134716 0.141836 0.195766 0.119817 0.107676 0.184597 0.760300 0.218925 1.000000 0.122356 0.073199 0.070849 0.188206 0.314978 0.158523 0.179404 0.066871 0.116651 0.081849 0.100143 0.340074 0.212009 0.300659 0.098051 0.147009 0.105895 0.134445 0.185639 0.059865 0.353375 0.202899 0.153561 0.066434 0.117733 0.080956 0.031818 0.001792 0.038233 0.113068 0.172384 0.055776 0.380826 0.063775 0.167748 0.090937 0.146056 0.150509 -0.010899 0.121727 0.181616 0.202789 0.151840 0.091920 0.218150 0.078310 0.242303 0.136857 0.062713 0.072054 0.029057 0.079760 
0.612352 0.186821 0.071965 0.143086 0.358409 0.087264 0.833129 0.317883 0.901145 0.166592 0.192266 0.112959 0.208010 0.122356 1.000000 0.168479 0.551877 0.096105 0.232998 0.125131 0.143894 0.102482 0.180551 0.073863 0.154122 0.112823 0.282915 0.149717 0.101565 0.663713 0.395383 0.476507 0.504376 0.352030 0.113802 0.046413 0.140708 0.160387 0.120577 0.417338 0.244450 0.344146 0.292975 0.154573 -0.018028 0.246627 0.015240 0.319142 0.202126 0.282776 0.163468 0.049652 0.148054 0.158352 0.183955 0.185627 0.170656 0.263726 0.007589 0.160291 0.142917 0.243661 0.358667 0.257325 0.133406 0.356450 
0.263679 0.146982 0.366017 0.141073 0.221614 0.109333 0.156456 0.292739 0.146249 0.362471 0.175079 0.066750 0.146872 0.073199 0.168479 1.000000 0.213924 0.110378 0.167627 0.168583 0.131702 0.550561 0.782483 0.605523 0.393605 0.112410 0.179035 0.152334 0.341275 0.259192 0.258736 0.149835 0.230289 0.248579 0.176912 0.200632 0.182706 0.256496 0.098857 0.146279 0.228477 0.135381 0.218241 0.158617 0.056971 0.146006 0.098078 0.147489 0.537863 0.203385 0.205163 0.051605 0.173815 0.114432 0.346272 0.501826 0.288862 0.290408 0.018336 0.235313 0.260577 0.289675 0.252309 0.277872 0.276533 0.240353 
0.392711 0.195762 0.064470 0.290096 0.663821 0.059302 0.521265 0.282052 0.583617 0.123942 0.229191 0.131002 0.190206 0.070849 0.551877 0.213924 1.000000 0.085829 0.137087 0.096378 0.269330 0.067445 0.204055 0.101135 0.156257 0.094786 0.173673 0.195042 0.202239 0.554395 0.204574 0.558958 0.407808 0.259692 0.134778 0.065181 0.264730 0.247726 0.169601 0.245199 0.199052 0.230154 0.381518 0.193775 0.027029 0.251282 0.038625 0.171630 0.201515 0.366704 0.135061 0.100425 0.121980 0.221947 0.235064 0.229758 0.256625 0.338339 0.042368 0.199000 0.207521 0.302127 0.279593 0.179326 0.135227 0.302445 
0.241442 0.062604 0.259707 0.084325 0.057682 0.226482 0.095343 0.267230 0.056623 0.185400 0.214935 0.168789 0.174010 0.188206 0.096105 0.110378 0.085829 1.000000 0.209809 0.615428 0.117743 0.149061 0.068476 0.187719 0.113025 0.160169 0.200383 0.058009 0.063874 0.224129 0.242854 0.043806 0.346441 0.272276 0.186142 0.185552 0.119410 0.093577 0.171769 0.159892 0.233452 0.150852 0.244327 0.167497 0.134687 0.118854 0.137108 0.217150 0.205042 0.131803 0.205870 0.148718 0.206162 0.096665 0.170653 0.163930 0.140215 0.239551 0.207470 0.204880 0.165857 0.243730 0.230604 0.241169 0.124379 0.211350 
0.326649 0.188917 0.180388 0.085647 0.106320 0.175615 0.170954 0.336403 0.097242 0.163302 0.254811 0.381448 0.203924 0.314978 0.232998 0.167627 0.137087 0.209809 1.000000 0.602734 0.107682 0.155344 0.190042 0.137138 0.210132 0.322672 0.324688 0.162628 0.150701 0.241588 0.298672 0.137334 0.262505 0.151642 0.155421 0.128708 0.127800 0.081619 0.118036 0.101626 0.254428 0.007820 0.145811 0.182977 0.024603 0.238247 0.084646 0.099704 0.200730 0.066243 0.136930 0.178361 0.186073 0.207994 0.160827 0.198044 0.154640 0.189554 0.075685 0.174689 0.161938 0.205296 0.094168 0.192583 0.058676 0.069851 
0.339409 0.152683 0.195784 0.128065 0.123845 0.143707 0.123815 0.395763 0.049674 0.238686 0.253856 0.270514 0.251867 0.158523 0.125131 0.168583 0.096378 0.615428 0.602734 1.000000 0.185300 0.182930 0.188742 0.180007 0.211955 0.157545 0.360812 0.109817 0.122508 0.219191 0.423964 0.122054 0.261516 0.260046 0.231755 0.164986 0.171392 0.101958 0.080026 0.095768 0.320967 0.092956 0.233172 0.220775 0.109198 0.202457 0.081072 0.172520 0.214768 0.110392 0.181665 0.229594 0.247450 0.203954 0.199158 0.214812 0.150637 0.257035 0.071515 0.215246 0.238315 0.271369 0.187028 0.279436 0.099066 0.146224 
0.196869 0.210685 0.095423 0.862757 0.239659 0.077622 0.128710 0.427910 0.158376 0.365816 0.575938 0.207802 0.772758 0.179404 0.143894 0.131702 0.269330 0.117743 0.107682 0.185300 1.000000 0.088176 0.187423 0.100440 0.518867 0.102918 0.215883 0.227815 0.467759 0.200928 0.116557 0.126549 0.198162 0.199480 0.173291 0.153388 0.477489 0.155662 0.104403 0.087825 0.268888 0.116245 0.361810 0.241585 0.121352 0.292196 0.143278 0.230238 0.195127 0.087192 0.064874 0.109154 0.102395 0.307803 0.177450 0.270986 0.195952 0.298982 0.071856 0.147563 0.167873 0.260826 0.142859 0.161419 0.091108 0.104082 
0.210531 0.097583 0.306723 0.079265 0.146153 0.163921 0.097159 0.205783 0.058626 0.258265 0.179506 0.081369 0.101069 0.066871 0.102482 0.550561 0.067445 0.149061 0.155344 0.182930 0.088176 1.000000 0.445338 0.760964 0.274007 0.075000 0.144817 0.163514 0.296159 0.142139 0.216539 0.063010 0.151967 0.247718 0.132435 0.098908 0.121786 0.154731 0.025197 0.148652 0.236966 0.163634 0.135900 0.186063 0.014227 0.173084 0.056656 0.228419 0.246755 0.205080 0.162851 0.055785 0.089978 0.154033 0.161981 0.212926 0.115502 0.128065 0.002723 0.131733 0.185725 0.164270 0.248676 0.263385 0.202168 0.255319 
0.274465 0.324623 0.472173 0.158036 0.274928 0.062605 0.159435 0.307430 0.137706 0.424936 0.249746 0.152890 0.223205 0.116651 0.180551 0.782483 0.204055 0.068476 0.190042 0.188742 0.187423 0.445338 1.000000 0.559290 0.275035 0.106004 0.206069 0.222786 0.218017 0.248092 0.240579 0.259837 0.229612 0.238768 0.295887 0.182473 0.207529 0.369439 0.150162 0.216511 0.240189 0.206389 0.193973 0.216789 0.210854 0.194350 0.271209 0.178254 0.468082 0.237518 0.224116 0.108197 0.195141 0.165673 0.343983 0.627650 0.283006 0.227246 -0.007163 0.247854 0.219494 0.268184 0.250776 0.264991 0.381877 0.246478 
0.194770 0.134877 0.579566 0.071972 0.160191 0.147747 0.074675 0.195596 0.053554 0.292626 0.200331 0.110777 0.085509 0.081849 0.073863 0.605523 0.101135 0.187719 0.137138 0.180007 0.100440 0.760964 0.559290 1.000000 0.213344 0.164824 0.150131 0.125173 0.233638 0.146333 0.177259 0.087809 0.171951 0.279017 0.157900 0.113730 0.069941 0.217265 0.092210 0.159908 0.203094 0.195345 0.147224 0.126566 0.128980 0.135801 0.136715 0.247109 0.172932 0.218708 0.230630 0.073646 0.105321 0.090023 0.174139 0.189742 0.114015 0.105373 0.054480 0.196636 0.195234 0.145838 0.261031 0.266862 0.249558 0.306448 
0.287586 0.230137 0.151789 0.581610 0.134078 0.102772 0.102413 0.552322 0.110115 0.704777 0.316267 0.145051 0.513959 0.100143 0.154122 0.393605 0.156257 0.113025 0.210132 0.211955 0.518867 0.274007 0.275035 0.213344 1.000000 0.028736 0.243769 0.281168 0.730620 0.204829 0.273171 0.080330 0.219472 0.287098 0.220445 0.134612 0.326210 0.171670 0.077482 0.096310 0.303281 0.119652 0.280610 0.191734 0.027841 0.170599 0.046221 0.206429 0.297116 0.163651 0.098418 0.125799 0.160642 0.207007 0.227172 0.278343 0.195482 0.406192 0.000397 0.217148 0.288917 0.308909 0.249406 0.305254 0.172631 0.172764 
0.157432 0.144520 0.181585 0.029414 0.166760 0.489658 0.088485 0.167463 0.102035 0.074467 0.192299 0.288349 0.125401 0.340074 0.112823 0.112410 0.094786 0.160169 0.322672 0.157545 0.102918 0.075000 0.106004 0.164824 0.028736 1.000000 0.229404 0.059565 0.048100 0.132124 0.084880 0.136453 0.182494 0.187543 0.098817 0.133944 0.013788 0.147183 0.517081 0.178442 0.144714 0.165594 0.074097 0.103587 0.090777 0.089248 0.180529 0.145298 0.054424 0.096946 0.165171 0.124567 0.183233 0.056005 0.037970 0.065978 0.043619 0.040912 0.589394 0.199024 0.083465 0.058630 0.178042 0.107510 0.092095 0.239144 
0.492208 0.296235 0.184648 0.177634 0.123764 0.207653 0.237016 0.357358 0.201736 0.247880 0.226495 0.158873 0.282185 0.212009 0.282915 0.179035 0.173673 0.200383 0.324688 0.360812 0.215883 0.144817 0.206069 0.150131 0.243769 0.229404 1.000000 0.329290 0.188439 0.393436 0.480192 0.260299 0.481061 0.380958 0.185118 0.205904 0.136286 0.177406 0.152633 0.227647 0.312380 0.251953 0.221551 0.207741 0.064368 0.224451 0.058405 0.248922 0.254311 0.190397 0.117052 0.192482 0.220793 0.152306 0.274596 0.265173 0.264708 0.184630 0.071113 0.267699 0.194365 0.179003 0.347823 0.384002 0.229217 0.315681 
0.277462 0.849409 0.277477 0.268930 0.135838 0.099071 0.134929 0.286000 0.143501 0.211415 0.193552 0.276034 0.226968 0.300659 0.149717 0.152334 0.195042 0.058009 0.162628 0.109817 0.227815 0.163514 0.222786 0.125173 0.281168 0.059565 0.329290 1.000000 0.290256 0.250705 0.251105 0.140146 0.265239 0.180036 0.413904 0.127487 0.258357 0.141274 0.128024 0.078025 0.198846 0.060171 0.216316 0.176777 0.272258 0.202528 0.307738 0.116884 0.219103 0.135894 0.121868 0.222603 0.212933 0.180188 0.195609 0.211770 0.144977 0.252170 0.055950 0.198384 0.316704 0.249598 0.138713 0.236279 0.053934 0.091980 
0.231911 0.253280 0.145447 0.588491 0.157969 0.074478 0.070206 0.433522 0.089180 0.382407 0.309445 0.124845 0.343905 0.098051 0.101565 0.341275 0.202239 0.063874 0.150701 0.122508 0.467759 0.296159 0.218017 0.233638 0.730620 0.048100 0.188439 0.290256 1.000000 0.149377 0.201539 0.086330 0.174408 0.215407 0.216804 0.146097 0.250583 0.113662 0.039987 0.053813 0.233805 0.088433 0.231619 0.187794 0.090402 0.192888 0.094603 0.172230 0.231638 0.059571 0.092111 0.153980 0.068433 0.198522 0.184854 0.220114 0.169558 0.278674 0.010752 0.095811 0.284926 0.237146 0.149702 0.265707 0.084526 0.081271 
0.777495 0.254004 0.151989 0.155639 0.344515 0.125416 0.547173 0.402589 0.560596 0.250793 0.210113 0.118663 0.293194 0.147009 0.663713 0.259192 0.554395 0.224129 0.241588 0.219191 0.200928 0.142139 0.248092 0.146333 0.204829 0.132124 0.393436 0.250705 0.149377 1.000000 0.539362 0.390203 0.884432 0.387616 0.172298 0.144660 0.173332 0.209152 0.109090 0.343277 0.294893 0.260293 0.361996 0.197472 0.059237 0.277769 0.097640 0.235561 0.327461 0.364163 0.151625 0.111300 0.227110 0.173891 0.296895 0.302253 0.337036 0.334949 0.048060 0.239839 0.196307 0.308129 0.402639 0.308136 0.217903 0.407185 
0.835193 0.235738 0.227986 0.055170 0.139703 0.110265 0.350416 0.493996 0.310811 0.351370 0.186154 0.104195 0.279983 0.105895 0.395383 0.258736 0.204574 0.242854 0.298672 0.423964 0.116557 0.216539 0.240579 0.177259 0.273171 0.084880 0.480192 0.251105 0.201539 0.539362 1.000000 0.164434 0.631968 0.407413 0.119106 0.108667 0.093135 0.072052 0.029397 0.208165 0.300355 0.209838 0.254486 0.162330 0.108624 0.142418 0.111733 0.244003 0.283600 0.193082 0.164140 0.190952 0.245356 0.066320 0.299080 0.221715 0.253895 0.293732 0.023423 0.221740 0.203205 0.275719 0.340686 0.409653 0.119861 0.306730 
0.257935 0.184560 0.100909 0.147979 0.678607 0.133196 0.534704 0.215664 0.519540 0.063699 0.119520 0.219014 0.172798 0.134445 0.476507 0.149835 0.558958 0.043806 0.137334 0.122054 0.126549 0.063010 0.259837 0.087809 0.080330 0.136453 0.260299 0.140146 0.086330 0.390203 0.164434 1.000000 0.282885 0.274585 0.148875 0.130886 0.191432 0.171768 0.296822 0.188573 0.244055 0.169534 0.232526 0.166695 -0.030190 0.195439 0.026513 0.177778 0.217537 0.179250 0.218108 0.140415 0.181210 0.204872 0.209080 0.332263 0.223070 0.213455 0.069566 0.224356 0.129747 0.216780 0.266776 0.246613 0.109332 0.267701 
0.801897 0.251411 0.209395 0.123082 0.201720 0.153750 0.432187 0.432593 0.403041 0.311873 0.223703 0.116784 0.365304 0.185639 0.504376 0.230289 0.407808 0.346441 0.262505 0.261516 0.198162 0.151967 0.229612 0.171951 0.219472 0.182494 0.481061 0.265239 0.174408 0.884432 0.631968 0.282885 1.000000 0.437492 0.142391 0.134913 0.132225 0.192971 0.137695 0.350728 0.328647 0.293133 0.340056 0.215296 0.092549 0.251414 0.133012 0.293730 0.336827 0.352058 0.159219 0.145520 0.248412 0.151679 0.337106 0.282098 0.368600 0.312504 0.083049 0.282190 0.208563 0.282267 0.439611 0.347345 0.222712 0.446502 
0.472674 0.213154 0.216073 0.141097 0.180815 0.169200 0.343038 0.394492 0.294702 0.378079 0.164692 0.120632 0.324500 0.059865 0.352030 0.248579 0.259692 0.272276 0.151642 0.260046 0.199480 0.247718 0.238768 0.279017 0.287098 0.187543 0.380958 0.180036 0.215407 0.387616 0.407413 0.274585 0.437492 1.000000 0.209394 0.129395 0.176132 0.239187 0.278302 0.450508 0.563400 0.543137 0.388742 0.230727 0.136402 0.313219 0.101596 0.740594 0.254315 0.297591 0.255319 0.304523 0.515501 0.218423 0.282902 0.274840 0.208118 0.318259 0.232505 0.463853 0.279288 0.281431 0.901979 0.825631 0.243801 0.755737 
0.163118 0.663709 0.104629 0.183571 0.149044 0.164046 0.108638 0.262822 0.121512 0.213301 0.161695 0.356221 0.150769 0.353375 0.113802 0.176912 0.134778 0.186142 0.155421 0.231755 0.173291 0.132435 0.295887 0.157900 0.220445 0.098817 0.185118 0.413904 0.216804 0.172298 0.119106 0.148875 0.142391 0.209394 1.000000 0.239519 0.179487 0.102219 0.127193 0.081414 0.138548 0.069528 0.113792 0.137532 0.251260 0.148556 0.335904 0.140291 0.201492 0.116738 0.189979 0.209999 0.231823 0.126365 0.273355 0.341668 0.182576 0.198406 0.044693 0.447174 0.735867 0.280255 0.171770 0.240152 0.071086 0.117239 
0.117150 0.127051 0.209888 0.159095 0.110318 0.049325 0.078438 0.132690 0.027967 0.125182 0.123645 0.258891 0.137328 0.202899 0.046413 0.200632 0.065181 0.185552 0.128708 0.164986 0.153388 0.098908 0.182473 0.113730 0.134612 0.133944 0.205904 0.127487 0.146097 0.144660 0.108667 0.130886 0.134913 0.129395 0.239519 1.000000 0.164402 0.083542 0.080695 0.002217 0.127779 -0.009808 0.202014 0.114787 0.099433 0.108647 0.108924 -0.003536 0.267741 -0.000809 0.302700 0.152709 0.155316 0.111123 0.191292 0.440025 0.408356 0.119667 0.012622 0.135342 0.140847 0.143891 0.068717 0.255252 0.081615 0.089984 
0.133436 0.241772 0.006217 0.585062 0.247699 0.083696 0.149995 0.124213 0.162415 0.189428 0.209948 0.183580 0.357506 0.153561 0.140708 0.182706 0.264730 0.119410 0.127800 0.171392 0.477489 0.121786 0.207529 0.069941 0.326210 0.013788 0.136286 0.258357 0.250583 0.173332 0.093135 0.191432 0.132225 0.176132 0.179487 0.164402 1.000000 0.095714 0.046222 0.110413 0.349733 0.037081 0.420741 0.428242 0.026389 0.571543 0.120526 0.125752 0.220087 0.084135 0.063692 0.026397 0.064766 0.753532 0.185511 0.281513 0.140345 0.586281 -0.076541 0.109072 0.104707 0.625110 0.112571 0.188430 0.074668 0.073199 
0.162227 0.179012 0.126406 0.130906 0.147829 0.082339 0.127963 0.178752 0.150600 0.310196 0.179130 0.167877 0.197587 0.066434 0.160387 0.256496 0.247726 0.093577 0.081619 0.101958 0.155662 0.154731 0.369439 0.217265 0.171670 0.147183 0.177406 0.141274 0.113662 0.209152 0.072052 0.171768 0.192971 0.239187 0.102219 0.083542 0.095714 1.000000 0.238890 0.402895 0.116832 0.415996 0.089893 0.139793 0.268980 0.093216 0.214804 0.258980 0.221717 0.707408 0.073383 0.189905 0.169084 0.057070 0.178582 0.325909 0.136883 0.058701 0.132340 0.167166 0.141373 0.059872 0.358936 0.157978 0.760766 0.304673 
0.086784 0.168942 0.166196 0.053720 0.262376 0.430042 0.089822 0.157052 0.095543 0.095336 0.156351 0.140958 0.115958 0.117733 0.120577 0.098857 0.169601 0.171769 0.118036 0.080026 0.104403 0.025197 0.150162 0.092210 0.077482 0.517081 0.152633 0.128024 0.039987 0.109090 0.029397 0.296822 0.137695 0.278302 0.127193 0.080695 0.046222 0.238890 1.000000 0.111295 0.231113 0.112839 0.205276 0.086207 0.078984 0.107543 0.109755 0.190262 0.168102 0.089264 0.153602 0.215962 0.319152 0.065973 0.162210 0.208615 0.197434 0.204829 0.608071 0.442503 0.230814 0.148836 0.243825 0.193411 0.152216 0.232405 
0.304669 0.112983 0.133100 0.026104 0.090214 0.151018 0.462544 0.133162 0.397447 0.232223 0.191875 0.114666 0.152655 0.080956 0.417338 0.146279 0.245199 0.159892 0.101626 0.095768 0.087825 0.148652 0.216511 0.159908 0.096310 0.178442 0.227647 0.078025 0.053813 0.343277 0.208165 0.188573 0.350728 0.450508 0.081414 0.002217 0.110413 0.402895 0.111295 1.000000 0.229165 0.782127 0.243862 0.213852 0.126315 0.284161 0.119795 0.554510 0.141927 0.535087 0.122311 0.090901 0.183241 0.112233 0.124955 0.119592 0.032907 0.153426 0.098877 0.196831 0.114849 0.099796 0.564399 0.277040 0.532778 0.601946 
0.361957 0.206509 0.146995 0.260416 0.214187 0.139708 0.158832 0.387795 0.164691 0.267390 0.242764 0.078824 0.300141 0.031818 0.244450 0.228477 0.199052 0.233452 0.254428 0.320967 0.268888 0.236966 0.240189 0.203094 0.303281 0.144714 0.312380 0.198846 0.233805 0.294893 0.300355 0.244055 0.328647 0.563400 0.138548 0.127779 0.349733 0.116832 0.231113 0.229165 1.000000 0.167357 0.437296 0.436443 0.140746 0.483774 0.142451 0.433289 0.317775 0.129603 0.254354 0.304772 0.337847 0.418064 0.272569 0.285419 0.195146 0.505971 0.133743 0.293186 0.193389 0.468259 0.444811 0.543018 0.164090 0.382068 
0.274732 0.105597 0.155741 0.051326 0.072115 0.120470 0.420149 0.169963 0.341152 0.313522 0.104069 0.044117 0.205153 0.001792 0.344146 0.135381 0.230154 0.150852 0.007820 0.092956 0.116245 0.163634 0.206389 0.195345 0.119652 0.165594 0.251953 0.060171 0.088433 0.260293 0.209838 0.169534 0.293133 0.543137 0.069528 -0.009808 0.037081 0.415996 0.112839 0.782127 0.167357 1.000000 0.180884 0.143598 0.169489 0.159775 0.105802 0.722117 0.087642 0.438713 0.105924 0.091598 0.212869 0.071747 0.095372 0.074078 0.006908 0.093532 0.102166 0.209735 0.146863 0.056540 0.616899 0.283632 0.482628 0.581127 
0.316993 0.162457 0.107221 0.338194 0.298788 0.119943 0.303785 0.307332 0.308450 0.202735 0.285549 0.139397 0.248947 0.038233 0.292975 0.218241 0.381518 0.244327 0.145811 0.233172 0.361810 0.135900 0.193973 0.147224 0.280610 0.074097 0.221551 0.216316 0.231619 0.361996 0.254486 0.232526 0.340056 0.388742 0.113792 0.202014 0.420741 0.089893 0.205276 0.243862 0.437296 0.180884 1.000000 0.228511 0.040212 0.564294 0.013476 0.302631 0.378105 0.058689 0.133587 0.167932 0.246709 0.368971 0.382209 0.407266 0.421280 0.706896 0.083183 0.211669 0.187493 0.459370 0.313963 0.378878 0.043934 0.332893 
0.204752 0.171806 0.087215 0.225588 0.178387 0.119109 0.148159 0.197634 0.113872 0.270596 0.307614 0.182291 0.324286 0.113068 0.154573 0.158617 0.193775 0.167497 0.182977 0.220775 0.241585 0.186063 0.216789 0.126566 0.191734 0.103587 0.207741 0.176777 0.187794 0.197472 0.162330 0.166695 0.215296 0.230727 0.137532 0.114787 0.428242 0.139793 0.086207 0.213852 0.436443 0.143598 0.228511 1.000000 0.188370 0.525336 0.195757 0.217122 0.219688 0.202171 0.140757 0.206966 0.182349 0.657497 0.128034 0.209904 0.082785 0.290948 0.059655 0.189839 0.128389 0.330784 0.203469 0.259617 0.105107 0.221712 
0.088339 0.369193 0.246749 0.077206 -0.018766 0.062821 -0.034041 0.142962 -0.051812 0.207107 0.163744 0.096401 0.134390 0.172384 -0.018028 0.056971 0.027029 0.134687 0.024603 0.109198 0.121352 0.014227 0.210854 0.128980 0.027841 0.090777 0.064368 0.272258 0.090402 0.059237 0.108624 -0.030190 0.092549 0.136402 0.251260 0.099433 0.026389 0.268980 0.078984 0.126315 0.140746 0.169489 0.040212 0.188370 1.000000 0.103417 0.839916 0.098003 0.049674 0.129604 0.136835 0.568120 0.176409 0.065816 0.072929 0.110735 0.032545 0.003545 0.317906 0.088507 0.149535 0.080748 0.124326 0.118401 0.212000 0.131585 
0.250364 0.207888 0.078037 0.281410 0.228697 0.162273 0.214902 0.202765 0.202384 0.119854 0.257747 0.123367 0.220242 0.055776 0.246627 0.146006 0.251282 0.118854 0.238247 0.202457 0.292196 0.173084 0.194350 0.135801 0.170599 0.089248 0.224451 0.202528 0.192888 0.277769 0.142418 0.195439 0.251414 0.313219 0.148556 0.108647 0.571543 0.093216 0.107543 0.284161 0.483774 0.159775 0.564294 0.525336 0.103417 1.000000 0.123407 0.271317 0.201076 0.080156 0.121472 0.189205 0.230921 0.772251 0.191144 0.209237 0.146006 0.438964 0.056707 0.200946 0.137243 0.346514 0.254984 0.323987 0.125522 0.279401 
0.133689 0.449021 0.224732 0.118183 0.028418 0.086583 -0.003800 0.142182 -0.013235 0.207262 0.162610 0.186857 0.161132 0.380826 0.015240 0.098078 0.038625 0.137108 0.084646 0.081072 0.143278 0.056656 0.271209 0.136715 0.046221 0.180529 0.058405 0.307738 0.094603 0.097640 0.111733 0.026513 0.133012 0.101596 0.335904 0.108924 0.120526 0.214804 0.109755 0.119795 0.142451 0.105802 0.013476 0.195757 0.839916 0.123407 1.000000 0.071583 0.075561 0.133200 0.119072 0.311237 0.100904 0.115021 0.080513 0.162947 0.043527 0.018525 0.322331 0.098754 0.182140 0.129443 0.104844 0.094729 0.207182 0.130945 
0.316012 0.138480 0.164665 0.152570 0.109080 0.149909 0.344158 0.267963 0.278653 0.308403 0.165725 0.132869 0.294098 0.063775 0.319142 0.147489 0.171630 0.217150 0.099704 0.172520 0.230238 0.228419 0.178254 0.247109 0.206429 0.145298 0.248922 0.116884 0.172230 0.235561 0.244003 0.177778 0.293730 0.740594 0.140291 -0.003536 0.125752 0.258980 0.190262 0.554510 0.433289 0.722117 0.302631 0.217122 0.098003 0.271317 0.071583 1.000000 0.137175 0.271728 0.171853 0.155742 0.294045 0.184769 0.136979 0.142053 0.077668 0.226285 0.167830 0.261272 0.212637 0.156039 0.701591 0.432224 0.234708 0.608899 
0.293222 0.174853 0.138296 0.171376 0.232746 0.099834 0.173595 0.345706 0.170383 0.233505 0.222508 0.138015 0.235621 0.167748 0.202126 0.537863 0.201515 0.205042 0.200730 0.214768 0.195127 0.246755 0.468082 0.172932 0.297116 0.054424 0.254311 0.219103 0.231638 0.327461 0.283600 0.217537 0.336827 0.254315 0.201492 0.267741 0.220087 0.221717 0.168102 0.141927 0.317775 0.087642 0.378105 0.219688 0.049674 0.201076 0.075561 0.137175 1.000000 0.143959 0.147826 0.217081 0.242314 0.163748 0.597848 0.795788 0.622564 0.438513 0.098529 0.264278 0.295547 0.365444 0.237794 0.314013 0.204290 0.163269 
0.303603 0.148775 0.099668 0.035284 0.173663 0.077772 0.277086 0.141599 0.309691 0.309054 0.146637 0.184299 0.161445 0.090937 0.282776 0.203385 0.366704 0.131803 0.066243 0.110392 0.087192 0.205080 0.237518 0.218708 0.163651 0.096946 0.190397 0.135894 0.059571 0.364163 0.193082 0.179250 0.352058 0.297591 0.116738 -0.000809 0.084135 0.707408 0.089264 0.535087 0.129603 0.438713 0.058689 0.202171 0.129604 0.080156 0.133200 0.271728 0.143959 1.000000 0.100460 0.069994 0.093740 0.068897 0.117498 0.136992 0.021964 0.044352 0.041602 0.164367 0.173322 0.065497 0.460015 0.152106 0.613844 0.456641 
0.166068 0.217876 0.245704 0.081253 0.158057 0.123208 0.170508 0.132188 0.152147 0.169593 0.098110 0.186698 0.065421 0.146056 0.163468 0.205163 0.135061 0.205870 0.136930 0.181665 0.064874 0.162851 0.224116 0.230630 0.098418 0.165171 0.117052 0.121868 0.092111 0.151625 0.164140 0.218108 0.159219 0.255319 0.189979 0.302700 0.063692 0.073383 0.153602 0.122311 0.254354 0.105924 0.133587 0.140757 0.136835 0.121472 0.119072 0.171853 0.147826 0.100460 1.000000 0.212800 0.418205 0.085298 0.095061 0.180416 0.061991 0.156644 0.018400 0.213981 0.188414 0.187808 0.197296 0.280990 0.073549 0.229979 
0.161574 0.259099 0.180652 0.077123 0.099725 0.146454 0.038365 0.300389 -0.011258 0.114949 0.128473 0.162126 0.169159 0.150509 0.049652 0.051605 0.100425 0.148718 0.178361 0.229594 0.109154 0.055785 0.108197 0.073646 0.125799 0.124567 0.192482 0.222603 0.153980 0.111300 0.190952 0.140415 0.145520 0.304523 0.209999 0.152709 0.026397 0.189905 0.215962 0.090901 0.304772 0.091598 0.167932 0.206966 0.568120 0.189205 0.311237 0.155742 0.217081 0.069994 0.212800 1.000000 0.468381 0.116723 0.226619 0.217764 0.191893 0.144216 0.375965 0.207748 0.209835 0.144141 0.233997 0.338799 0.115550 0.194056 
0.251556 0.252424 0.186963 0.055275 0.115106 0.180130 0.133639 0.261516 0.102208 0.185322 0.131038 0.032618 0.161237 -0.010899 0.148054 0.173815 0.121980 0.206162 0.186073 0.247450 0.102395 0.089978 0.195141 0.105321 0.160642 0.183233 0.220793 0.212933 0.068433 0.227110 0.245356 0.181210 0.248412 0.515501 0.231823 0.155316 0.064766 0.169084 0.319152 0.183241 0.337847 0.212869 0.246709 0.182349 0.176409 0.230921 0.100904 0.294045 0.242314 0.093740 0.418205 0.468381 1.000000 0.081561 0.218759 0.281819 0.180776 0.214534 0.315836 0.559732 0.212021 0.156598 0.429454 0.527583 0.136561 0.323755 
0.134456 0.170134 0.027258 0.336916 0.227150 0.122249 0.161892 0.115165 0.130453 0.182771 0.191416 0.183533 0.309303 0.121727 0.158352 0.114432 0.221947 0.096665 0.207994 0.203954 0.307803 0.154033 0.165673 0.090023 0.207007 0.056005 0.152306 0.180188 0.198522 0.173891 0.066320 0.204872 0.151679 0.218423 0.126365 0.111123 0.753532 0.057070 0.065973 0.112233 0.418064 0.071747 0.368971 0.657497 0.065816 0.772251 0.115021 0.184769 0.163748 0.068897 0.085298 0.116723 0.081561 1.000000 0.149129 0.198788 0.098650 0.429045 -0.040054 0.125221 0.086523 0.427489 0.155791 0.225703 0.039652 0.142990 
0.330194 0.202534 0.175069 0.159412 0.171897 0.068253 0.178924 0.326603 0.157692 0.225881 0.177864 0.163783 0.233645 0.181616 0.183955 0.346272 0.235064 0.170653 0.160827 0.199158 0.177450 0.161981 0.343983 0.174139 0.227172 0.037970 0.274596 0.195609 0.184854 0.296895 0.299080 0.209080 0.337106 0.282902 0.273355 0.191292 0.185511 0.178582 0.162210 0.124955 0.272569 0.095372 0.382209 0.128034 0.072929 0.191144 0.080513 0.136979 0.597848 0.117498 0.095061 0.226619 0.218759 0.149129 1.000000 0.580083 0.775051 0.378876 0.096094 0.376207 0.411676 0.371913 0.204505 0.332429 0.170237 0.161693 
0.253260 0.252473 0.184759 0.233147 0.291109 0.050359 0.185125 0.329072 0.168286 0.261520 0.249765 0.241709 0.315818 0.202789 0.185627 0.501826 0.229758 0.163930 0.198044 0.214812 0.270986 0.212926 0.627650 0.189742 0.278343 0.065978 0.265173 0.211770 0.220114 0.302253 0.221715 0.332263 0.282098 0.274840 0.341668 0.440025 0.281513 0.325909 0.208615 0.119592 0.285419 0.074078 0.407266 0.209904 0.110735 0.209237 0.162947 0.142053 0.795788 0.136992 0.180416 0.217764 0.281819 0.198788 0.580083 1.000000 0.677841 0.363164 0.062579 0.275101 0.226693 0.324816 0.224570 0.324743 0.267076 0.156741 
0.301330 0.149354 0.115065 0.158196 0.199306 0.057886 0.168180 0.281395 0.142268 0.150449 0.194506 0.137123 0.231467 0.151840 0.170656 0.288862 0.256625 0.140215 0.154640 0.150637 0.195952 0.115502 0.283006 0.114015 0.195482 0.043619 0.264708 0.144977 0.169558 0.337036 0.253895 0.223070 0.368600 0.208118 0.182576 0.408356 0.140345 0.136883 0.197434 0.032907 0.195146 0.006908 0.421280 0.082785 0.032545 0.146006 0.043527 0.077668 0.622564 0.021964 0.061991 0.191893 0.180776 0.098650 0.775051 0.677841 1.000000 0.335506 0.077021 0.253107 0.279011 0.257728 0.132821 0.236644 0.114604 0.105703 
0.335686 0.229523 0.111826 0.367412 0.208917 0.116326 0.234991 0.309802 0.225184 0.250647 0.181295 0.104770 0.233543 0.091920 0.263726 0.290408 0.338339 0.239551 0.189554 0.257035 0.298982 0.128065 0.227246 0.105373 0.406192 0.040912 0.184630 0.252170 0.278674 0.334949 0.293732 0.213455 0.312504 0.318259 0.198406 0.119667 0.586281 0.058701 0.204829 0.153426 0.505971 0.093532 0.706896 0.290948 0.003545 0.438964 0.018525 0.226285 0.438513 0.044352 0.156644 0.144216 0.214534 0.429045 0.378876 0.363164 0.335506 1.000000 0.014507 0.278122 0.287873 0.813625 0.236603 0.269632 0.023732 0.195583 
0.060116 0.050466 0.185947 -0.021406 0.081416 0.414418 -0.034863 0.157338 -0.024185 0.042695 0.125309 0.111645 0.099433 0.218150 0.007589 0.018336 0.042368 0.207470 0.075685 0.071515 0.071856 0.002723 -0.007163 0.054480 0.000397 0.589394 0.071113 0.055950 0.010752 0.048060 0.023423 0.069566 0.083049 0.232505 0.044693 0.012622 -0.076541 0.132340 0.608071 0.098877 0.133743 0.102166 0.083183 0.059655 0.317906 0.056707 0.322331 0.167830 0.098529 0.041602 0.018400 0.375965 0.315836 -0.040054 0.096094 0.062579 0.077021 0.014507 1.000000 0.263792 0.079492 -0.006825 0.198884 0.141090 0.040784 0.197516 
0.258307 0.234634 0.237219 0.076824 0.197886 0.266282 0.122946 0.289225 0.119688 0.266406 0.179586 0.108864 0.205057 0.078310 0.160291 0.235313 0.199000 0.204880 0.174689 0.215246 0.147563 0.131733 0.247854 0.196636 0.217148 0.199024 0.267699 0.198384 0.095811 0.239839 0.221740 0.224356 0.282190 0.463853 0.447174 0.135342 0.109072 0.167166 0.442503 0.196831 0.293186 0.209735 0.211669 0.189839 0.088507 0.200946 0.098754 0.261272 0.264278 0.164367 0.213981 0.207748 0.559732 0.125221 0.376207 0.275101 0.253107 0.278122 0.263792 1.000000 0.591509 0.284502 0.399024 0.462038 0.189448 0.329856 
0.231756 0.451461 0.143429 0.151906 0.164407 0.244527 0.130350 0.314223 0.136764 0.256064 0.184904 0.230505 0.166009 0.242303 0.142917 0.260577 0.207521 0.165857 0.161938 0.238315 0.167873 0.185725 0.219494 0.195234 0.288917 0.083465 0.194365 0.316704 0.284926 0.196307 0.203205 0.129747 0.208563 0.279288 0.735867 0.140847 0.104707 0.141373 0.230814 0.114849 0.193389 0.146863 0.187493 0.128389 0.149535 0.137243 0.182140 0.212637 0.295547 0.173322 0.188414 0.209835 0.212021 0.086523 0.411676 0.226693 0.279011 0.287873 0.079492 0.591509 1.000000 0.327266 0.249325 0.291349 0.147410 0.187398 
0.319299 0.276596 0.127878 0.315071 0.202274 0.131596 0.217199 0.281120 0.211525 0.242377 0.176860 0.119500 0.233811 0.136857 0.243661 0.289675 0.302127 0.243730 0.205296 0.271369 0.260826 0.164270 0.268184 0.145838 0.308909 0.058630 0.179003 0.249598 0.237146 0.308129 0.275719 0.216780 0.282267 0.281431 0.280255 0.143891 0.625110 0.059872 0.148836 0.099796 0.468259 0.056540 0.459370 0.330784 0.080748 0.346514 0.129443 0.156039 0.365444 0.065497 0.187808 0.144141 0.156598 0.427489 0.371913 0.324816 0.257728 0.813625 -0.006825 0.284502 0.327266 1.000000 0.207277 0.276472 0.036300 0.166024 
0.437246 0.174164 0.153230 0.078410 0.170661 0.149884 0.354959 0.328705 0.316520 0.400884 0.147373 0.115561 0.268648 0.062713 0.358667 0.252309 0.279593 0.230604 0.094168 0.187028 0.142859 0.248676 0.250776 0.261031 0.249406 0.178042 0.347823 0.138713 0.149702 0.402639 0.340686 0.266776 0.439611 0.901979 0.171770 0.068717 0.112571 0.358936 0.243825 0.564399 0.444811 0.616899 0.313963 0.203469 0.124326 0.254984 0.104844 0.701591 0.237794 0.460015 0.197296 0.233997 0.429454 0.155791 0.204505 0.224570 0.132821 0.236603 0.198884 0.399024 0.249325 0.207277 1.000000 0.697201 0.360455 0.899835 
0.409036 0.247764 0.225212 0.130492 0.176430 0.148704 0.231922 0.376126 0.206358 0.367263 0.158154 0.148397 0.277553 0.072054 0.257325 0.277872 0.179326 0.241169 0.192583 0.279436 0.161419 0.263385 0.264991 0.266862 0.305254 0.107510 0.384002 0.236279 0.265707 0.308136 0.409653 0.246613 0.347345 0.825631 0.240152 0.255252 0.188430 0.157978 0.193411 0.277040 0.543018 0.283632 0.378878 0.259617 0.118401 0.323987 0.094729 0.432224 0.314013 0.152106 0.280990 0.338799 0.527583 0.225703 0.332429 0.324743 0.236644 0.269632 0.141090 0.462038 0.291349 0.276472 0.697201 1.000000 0.195684 0.585050 
0.178338 0.094547 0.154454 0.045811 0.066997 0.097921 0.114240 0.160031 0.105916 0.248806 0.157959 0.081743 0.138135 0.029057 0.133406 0.276533 0.135227 0.124379 0.058676 0.099066 0.091108 0.202168 0.381877 0.249558 0.172631 0.092095 0.229217 0.053934 0.084526 0.217903 0.119861 0.109332 0.222712 0.243801 0.071086 0.081615 0.074668 0.760766 0.152216 0.532778 0.164090 0.482628 0.043934 0.105107 0.212000 0.125522 0.207182 0.234708 0.204290 0.613844 0.073549 0.115550 0.136561 0.039652 0.170237 0.267076 0.114604 0.023732 0.040784 0.189448 0.147410 0.036300 0.360455 0.195684 1.000000 0.334367 
0.414239 0.135746 0.184002 0.023561 0.195367 0.138853 0.369112 0.261136 0.324334 0.385656 0.154829 0.129549 0.217080 0.079760 0.356450 0.240353 0.302445 0.211350 0.069851 0.146224 0.104082 0.255319 0.246478 0.306448 0.172764 0.239144 0.315681 0.091980 0.081271 0.407185 0.306730 0.267701 0.446502 0.755737 0.117239 0.089984 0.073199 0.304673 0.232405 0.601946 0.382068 0.581127 0.332893 0.221712 0.131585 0.279401 0.130945 0.608899 0.163269 0.456641 0.229979 0.194056 0.323755 0.142990 0.161693 0.156741 0.105703 0.195583 0.197516 0.329856 0.187398 0.166024 0.899835 0.585050 0.334367 1.000000 
