1.000000 0.214613 0.231933 0.292679 0.220766 0.168487 0.440028 0.504878 0.496062 0.317251 0.254134 0.182475 0.296941 0.129329 0.432648 0.227661 0.248942 0.286130 0.297532 0.363895 0.272985 0.281655 0.284517 0.235506 0.232158 0.281368 0.393532 0.165035 0.213092 0.645527 0.769968 0.232883 0.722402 0.401235 0.270158 0.250536 0.246344 0.220367 0.212035 0.225548 0.320427 0.203536 0.456970 0.282240 0.204075 0.348829 0.246593 0.197448 0.309108 0.207951 0.261524 0.194077 0.343304 0.220419 0.245812 0.319981 0.227021 0.366901 0.263616 0.279601 0.230666 0.352149 0.394946 0.447824 0.200823 0.371243 
0.214613 1.000000 0.390245 0.276500 0.202815 0.218713 0.160518 0.305860 0.162347 0.277389 0.298171 0.183212 0.274468 0.209740 0.149272 0.286305 0.150019 0.243118 0.212014 0.239466 0.237989 0.332651 0.371324 0.291558 0.314618 0.373766 0.496677 0.839307 0.428607 0.199177 0.301069 0.224918 0.263331 0.363673 0.679433 0.191357 0.276112 0.202306 0.265577 0.179182 0.273551 0.154508 0.284886 0.223315 0.283129 0.253450 0.295214 0.234016 0.356781 0.211724 0.272147 0.224552 0.315671 0.222714 0.370896 0.294441 0.231837 0.328956 0.225635 0.395049 0.585173 0.363631 0.369214 0.390529 0.203353 0.367136 
0.231933 0.390245 1.000000 0.239335 0.175173 0.274410 0.121545 0.297357 0.138548 0.272623 0.293606 0.130899 0.287707 0.191381 0.124896 0.397317 0.078285 0.417196 0.189666 0.269794 0.221501 0.319327 0.519168 0.469087 0.238700 0.227856 0.278678 0.371382 0.224041 0.175718 0.285756 0.189768 0.244468 0.240973 0.282420 0.271561 0.248875 0.158346 0.248003 0.114160 0.185391 0.133264 0.205188 0.160619 0.192141 0.157600 0.311448 0.157277 0.326972 0.165573 0.214267 0.156450 0.202009 0.185534 0.276715 0.299469 0.227853 0.269634 0.314232 0.316404 0.365346 0.259757 0.261931 0.288681 0.179622 0.234336 
0.292679 0.276500 0.239335 1.000000 0.233603 0.139830 0.217386 0.427409 0.250451 0.480104 0.452392 0.162995 0.589379 0.173110 0.235303 0.218420 0.212965 0.251457 0.220676 0.254916 0.883584 0.223179 0.314526 0.228476 0.646660 0.188045 0.232980 0.198310 0.535574 0.231213 0.279469 0.265115 0.251073 0.283133 0.296828 0.168793 0.677838 0.248677 0.190193 0.205130 0.306214 0.252017 0.327687 0.302055 0.253248 0.293158 0.244886 0.271980 0.263448 0.241761 0.181307 0.210426 0.281722 0.486258 0.301671 0.283223 0.181463 0.432816 0.181269 0.275291 0.260341 0.310636 0.276642 0.301210 0.193296 0.253401 
0.220766 0.202815 0.175173 0.233603 1.000000 0.111622 0.446693 0.187410 0.530113 0.210261 0.181507 0.275161 0.160456 0.164559 0.407274 0.300499 0.623633 0.192631 0.200567 0.313987 0.198057 0.253512 0.321210 0.222522 0.250529 0.233086 0.260398 0.196194 0.257940 0.336940 0.224331 0.612230 0.205628 0.213902 0.175327 0.130361 0.220328 0.153408 0.191698 0.245246 0.183362 0.186226 0.419767 0.172248 0.152684 0.158379 0.168202 0.176424 0.307608 0.250142 0.177726 0.083944 0.125990 0.185555 0.170285 0.333317 0.162847 0.331280 0.131888 0.142875 0.217846 0.250492 0.218539 0.172972 0.186062 0.245605 
0.168487 0.218713 0.274410 0.139830 0.111622 1.000000 0.135717 0.105913 0.116331 0.179532 0.203485 0.244560 0.182775 0.287823 0.080701 0.112629 0.068372 0.230595 0.143525 0.116389 0.145262 0.079118 0.158856 0.121341 0.168850 0.624808 0.182926 0.125640 0.099928 0.119041 0.157515 0.224711 0.165376 0.185541 0.225363 0.122150 0.133640 0.122726 0.537876 0.129250 0.118240 0.116793 0.130035 0.169721 0.229686 0.161437 0.269165 0.094711 0.090653 0.208103 0.244376 0.238451 0.236477 0.152811 0.089779 0.098044 0.062365 0.153759 0.496931 0.257396 0.306570 0.125385 0.201935 0.222456 0.224947 0.184214 
0.440028 0.160518 0.121545 0.217386 0.446693 0.135717 1.000000 0.132661 0.829300 0.208989 0.151708 0.172877 0.219357 0.145294 0.734894 0.120012 0.671280 0.160109 0.101660 0.181112 0.171299 0.140039 0.125455 0.104460 0.157766 0.161736 0.151872 0.132689 0.188536 0.461991 0.223709 0.506736 0.321626 0.289635 0.138862 0.085583 0.187837 0.185713 0.122172 0.414012 0.126433 0.312746 0.410551 0.179674 0.156803 0.217872 0.139882 0.317707 0.190102 0.348957 0.166852 0.113068 0.189860 0.164855 0.203021 0.176302 0.176204 0.253970 0.151479 0.100721 0.139906 0.249484 0.351272 0.223926 0.150670 0.382821 
0.504878 0.305860 0.297357 0.427409 0.187410 0.105913 0.132661 1.000000 0.184660 0.474704 0.545877 0.223330 0.453936 0.206238 0.195457 0.237650 0.095854 0.345774 0.290693 0.410785 0.431383 0.273022 0.344448 0.233027 0.510647 0.180154 0.371750 0.218109 0.364441 0.268435 0.508556 0.263383 0.374900 0.432934 0.361131 0.280987 0.333424 0.222739 0.212830 0.128935 0.451266 0.180316 0.328210 0.281276 0.244950 0.292987 0.286920 0.186953 0.315003 0.139389 0.257149 0.245679 0.366096 0.275035 0.289605 0.331773 0.239218 0.354143 0.177505 0.360852 0.321173 0.364122 0.371361 0.446878 0.180370 0.284731 
0.496062 0.162347 0.138548 0.250451 0.530113 0.116331 0.829300 0.184660 1.000000 0.246541 0.127382 0.173397 0.196114 0.134041 0.858426 0.135460 0.624678 0.165791 0.145383 0.221209 0.209839 0.147207 0.162304 0.090913 0.234179 0.188607 0.174579 0.146581 0.240485 0.520967 0.253374 0.471390 0.340727 0.265351 0.163846 0.143746 0.264157 0.198534 0.135970 0.362661 0.156792 0.271742 0.464611 0.198226 0.173120 0.251579 0.175645 0.274295 0.240495 0.333192 0.143778 0.122544 0.182107 0.205456 0.201347 0.260316 0.193452 0.304864 0.177673 0.129323 0.150546 0.285905 0.299331 0.238079 0.151982 0.322761 
0.317251 0.277389 0.272623 0.480104 0.210261 0.179532 0.208989 0.474704 0.246541 1.000000 0.357004 0.155570 0.542808 0.180403 0.246343 0.381347 0.158383 0.264242 0.201032 0.307539 0.425306 0.364313 0.384015 0.296232 0.768307 0.244875 0.320717 0.246266 0.478977 0.246152 0.300858 0.202310 0.307520 0.380451 0.262565 0.202775 0.375239 0.387344 0.275628 0.398033 0.249529 0.390848 0.293288 0.231605 0.246712 0.236242 0.273074 0.375490 0.325273 0.467847 0.206544 0.175834 0.209066 0.321877 0.241566 0.240795 0.201384 0.349150 0.222593 0.275992 0.320804 0.309180 0.465263 0.364909 0.276395 0.432165 
0.254134 0.298171 0.293606 0.452392 0.181507 0.203485 0.151708 0.545877 0.127382 0.357004 1.000000 0.180880 0.609529 0.105550 0.126454 0.234500 0.109092 0.261281 0.148789 0.278740 0.535908 0.261680 0.342884 0.224443 0.415615 0.147390 0.204732 0.230816 0.315941 0.109258 0.299879 0.246350 0.183643 0.283369 0.312721 0.196106 0.313718 0.244071 0.172803 0.143419 0.299105 0.125662 0.218587 0.316361 0.177116 0.202952 0.178671 0.142414 0.256304 0.217790 0.251939 0.203864 0.341925 0.280136 0.256494 0.322280 0.230059 0.271541 0.130909 0.338948 0.256804 0.262520 0.247489 0.308213 0.230039 0.238044 
0.182475 0.183212 0.130899 0.162995 0.275161 0.244560 0.172877 0.223330 0.173397 0.155570 0.180880 1.000000 0.162699 0.699688 0.132659 0.183304 0.060675 0.179268 0.379103 0.315264 0.155395 0.204874 0.205969 0.212734 0.163912 0.388436 0.218433 0.126102 0.133807 0.156672 0.107298 0.264143 0.095562 0.130479 0.201159 0.111918 0.126049 0.127614 0.265010 0.073965 0.143038 0.114196 0.117336 0.236297 0.133860 0.135677 0.258107 0.102178 0.134562 0.158327 0.208555 0.116248 0.156166 0.173776 0.072921 0.177754 0.064520 0.108134 0.201813 0.152068 0.162302 0.086023 0.132460 0.134892 0.122569 0.126800 
0.296941 0.274468 0.287707 0.589379 0.160456 0.182775 0.219357 0.453936 0.196114 0.542808 0.609529 0.162699 1.000000 0.140176 0.204203 0.196719 0.076791 0.227676 0.192909 0.234138 0.728296 0.230801 0.272174 0.172744 0.466414 0.178526 0.213889 0.225239 0.335566 0.164441 0.309785 0.179883 0.245899 0.324968 0.263210 0.132678 0.400484 0.265945 0.187172 0.281507 0.289364 0.273688 0.228914 0.246212 0.159797 0.234341 0.192612 0.282671 0.266809 0.279445 0.185050 0.169864 0.282763 0.348579 0.273476 0.258875 0.184687 0.293383 0.147126 0.350282 0.285844 0.271457 0.334691 0.293686 0.193974 0.273961 
0.129329 0.209740 0.191381 0.173110 0.164559 0.287823 0.145294 0.206238 0.134041 0.180403 0.105550 0.699688 0.140176 1.000000 0.104465 0.217771 0.046668 0.238573 0.265558 0.210253 0.154533 0.172644 0.214075 0.181852 0.213216 0.431000 0.194321 0.185688 0.204910 0.082427 0.111005 0.143783 0.100556 0.171200 0.176527 0.085074 0.140802 0.122682 0.276787 0.103904 0.145098 0.125672 0.142364 0.187603 0.255641 0.215902 0.543948 0.147250 0.184038 0.122184 0.178642 0.112896 0.121594 0.190651 0.131199 0.150388 0.096233 0.148506 0.354493 0.177888 0.201079 0.113056 0.152671 0.180392 0.153783 0.118955 
0.432648 0.149272 0.124896 0.235303 0.407274 0.080701 0.734894 0.195457 0.858426 0.246343 0.126454 0.132659 0.204203 0.104465 1.000000 0.114197 0.618232 0.186791 0.236300 0.223061 0.210537 0.162636 0.140357 0.120435 0.201554 0.153629 0.167862 0.116638 0.228520 0.578939 0.209354 0.532621 0.408288 0.295110 0.167173 0.097737 0.216405 0.208554 0.132876 0.406029 0.168068 0.318305 0.465506 0.193457 0.208646 0.277742 0.188384 0.337348 0.222414 0.374514 0.135399 0.165789 0.196789 0.173510 0.216345 0.229623 0.184003 0.279862 0.174882 0.126224 0.154027 0.270147 0.320890 0.219989 0.186565 0.355291 
0.227661 0.286305 0.397317 0.218420 0.300499 0.112629 0.120012 0.237650 0.135460 0.381347 0.234500 0.183304 0.196719 0.217771 0.114197 1.000000 0.099075 0.217863 0.190594 0.274018 0.165138 0.679059 0.814379 0.676075 0.366685 0.259700 0.307947 0.282157 0.319351 0.226927 0.354636 0.252232 0.265195 0.259943 0.293606 0.243113 0.212026 0.152023 0.304847 0.097349 0.193066 0.116713 0.214146 0.084490 0.189426 0.117696 0.254857 0.143439 0.628464 0.130490 0.254169 0.126058 0.247554 0.145956 0.328964 0.513948 0.277134 0.289087 0.249667 0.293212 0.378482 0.277229 0.288469 0.370722 0.193681 0.311788 
0.248942 0.150019 0.078285 0.212965 0.623633 0.068372 0.671280 0.095854 0.624678 0.158383 0.109092 0.060675 0.076791 0.046668 0.618232 0.099075 1.000000 0.191270 0.071913 0.185959 0.160561 0.076689 0.096580 0.069203 0.153865 0.079301 0.129780 0.137862 0.205304 0.458422 0.130788 0.543387 0.279563 0.241341 0.131585 0.067371 0.133939 0.167862 0.045607 0.407357 0.158656 0.306229 0.435607 0.148610 0.158357 0.123378 0.094256 0.300137 0.213538 0.396238 0.169948 0.062251 0.111662 0.097657 0.166758 0.229787 0.172997 0.249402 0.061127 0.036842 0.096416 0.198492 0.289408 0.153828 0.163526 0.362048 
0.286130 0.243118 0.417196 0.251457 0.192631 0.230595 0.160109 0.345774 0.165791 0.264242 0.261281 0.179268 0.227676 0.238573 0.186791 0.217863 0.191270 1.000000 0.222509 0.649280 0.252682 0.159847 0.308671 0.227176 0.250648 0.305999 0.254190 0.209300 0.173328 0.313051 0.250414 0.222262 0.315426 0.328813 0.358706 0.283167 0.155147 0.310909 0.229550 0.204492 0.288205 0.162548 0.295642 0.217823 0.338839 0.218174 0.374800 0.145932 0.295427 0.282236 0.263028 0.214075 0.235096 0.156663 0.263479 0.344973 0.259302 0.211765 0.404539 0.302348 0.308081 0.198200 0.309317 0.339657 0.274645 0.318620 
0.297532 0.212014 0.189666 0.220676 0.200567 0.143525 0.101660 0.290693 0.145383 0.201032 0.148789 0.379103 0.192909 0.265558 0.236300 0.190594 0.071913 0.222509 1.000000 0.482140 0.182493 0.276796 0.190562 0.251866 0.213661 0.303715 0.321578 0.171442 0.271633 0.313323 0.323542 0.171959 0.411245 0.206640 0.256082 0.158681 0.145911 0.154827 0.151910 0.139228 0.252245 0.147021 0.225216 0.212201 0.155195 0.205143 0.182462 0.157718 0.193623 0.127071 0.197469 0.220263 0.237096 0.162917 0.163998 0.168975 0.103080 0.205248 0.156447 0.241062 0.273072 0.250173 0.181515 0.271107 0.162619 0.196741 
0.363895 0.239466 0.269794 0.254916 0.313987 0.116389 0.181112 0.410785 0.221209 0.307539 0.278740 0.315264 0.234138 0.210253 0.223061 0.274018 0.185959 0.649280 0.482140 1.000000 0.214748 0.284107 0.323078 0.353889 0.275384 0.222768 0.371612 0.211187 0.192218 0.276804 0.368637 0.243894 0.306779 0.361028 0.337224 0.222193 0.165055 0.255146 0.188425 0.207421 0.341697 0.199338 0.295476 0.253490 0.303554 0.160102 0.281192 0.170625 0.307236 0.247386 0.272670 0.210361 0.267143 0.132911 0.258032 0.302334 0.268185 0.235473 0.263319 0.263147 0.319097 0.263370 0.321267 0.388005 0.235250 0.321016 
0.272985 0.237989 0.221501 0.883584 0.198057 0.145262 0.171299 0.431383 0.209839 0.425306 0.535908 0.155395 0.728296 0.154533 0.210537 0.165138 0.160561 0.252682 0.182493 0.214748 1.000000 0.216252 0.267157 0.183039 0.539102 0.158373 0.201082 0.178817 0.402433 0.203648 0.260450 0.228056 0.229776 0.259605 0.262670 0.130897 0.581108 0.241079 0.172232 0.194615 0.291472 0.221620 0.278566 0.295867 0.228093 0.291853 0.230374 0.247603 0.243850 0.227477 0.148273 0.206212 0.258688 0.473204 0.273576 0.271627 0.167719 0.343911 0.168036 0.288591 0.233001 0.256693 0.247422 0.244385 0.181332 0.205073 
0.281655 0.332651 0.319327 0.223179 0.253512 0.079118 0.140039 0.273022 0.147207 0.364313 0.261680 0.204874 0.230801 0.172644 0.162636 0.679059 0.076689 0.159847 0.276796 0.284107 0.216252 1.000000 0.512668 0.669694 0.360915 0.271515 0.316224 0.386079 0.437698 0.221287 0.359047 0.289669 0.293512 0.259352 0.285290 0.291074 0.153527 0.153349 0.267012 0.087177 0.247591 0.102317 0.218570 0.107277 0.175929 0.129577 0.218370 0.149119 0.423026 0.139702 0.222902 0.135903 0.222606 0.124357 0.276019 0.337490 0.244591 0.254780 0.175290 0.284477 0.353632 0.255554 0.278734 0.310244 0.217710 0.267352 
0.284517 0.371324 0.519168 0.314526 0.321210 0.158856 0.125455 0.344448 0.162304 0.384015 0.342884 0.205969 0.272174 0.214075 0.140357 0.814379 0.096580 0.308671 0.190562 0.323078 0.267157 0.512668 1.000000 0.674238 0.303516 0.242855 0.298645 0.248753 0.245373 0.240605 0.389611 0.249239 0.270350 0.301797 0.368765 0.251303 0.303451 0.276017 0.318063 0.151114 0.222832 0.137970 0.243307 0.213106 0.255900 0.240869 0.341455 0.177362 0.588825 0.195401 0.299297 0.169402 0.281609 0.254929 0.341282 0.665692 0.273376 0.299200 0.262571 0.303183 0.350644 0.276068 0.343672 0.390090 0.282148 0.351036 
0.235506 0.291558 0.469087 0.228476 0.222522 0.121341 0.104460 0.233027 0.090913 0.296232 0.224443 0.212734 0.172744 0.181852 0.120435 0.676075 0.069203 0.227176 0.251866 0.353889 0.183039 0.669694 0.674238 1.000000 0.192530 0.193102 0.324420 0.242601 0.181393 0.172406 0.316592 0.236656 0.249692 0.250863 0.294936 0.194490 0.184345 0.233245 0.274868 0.155018 0.221286 0.184051 0.156848 0.140780 0.202754 0.163219 0.227663 0.223507 0.333364 0.225737 0.240180 0.147408 0.236954 0.162961 0.252374 0.298197 0.193991 0.195018 0.217796 0.290887 0.320124 0.201174 0.285036 0.316426 0.275930 0.320243 
0.232158 0.314618 0.238700 0.646660 0.250529 0.168850 0.157766 0.510647 0.234179 0.768307 0.415615 0.163912 0.466414 0.213216 0.201554 0.366685 0.153865 0.250648 0.213661 0.275384 0.539102 0.360915 0.303516 0.192530 1.000000 0.275292 0.322862 0.288099 0.717004 0.194772 0.248651 0.253440 0.253930 0.321886 0.285949 0.206127 0.478152 0.197443 0.260460 0.197786 0.263496 0.241003 0.355189 0.153146 0.211024 0.188402 0.247811 0.279885 0.347326 0.252302 0.195297 0.197368 0.227662 0.297713 0.257727 0.247389 0.183843 0.505270 0.207184 0.272653 0.335162 0.389569 0.319575 0.361087 0.176697 0.274271 
0.281368 0.373766 0.227856 0.188045 0.233086 0.624808 0.161736 0.180154 0.188607 0.244875 0.147390 0.388436 0.178526 0.431000 0.153629 0.259700 0.079301 0.305999 0.303715 0.222768 0.158373 0.271515 0.242855 0.193102 0.275292 1.000000 0.355091 0.264784 0.238978 0.240834 0.307643 0.247123 0.344590 0.334326 0.269591 0.225011 0.209049 0.203294 0.641617 0.179372 0.239130 0.194360 0.289258 0.185122 0.218350 0.278257 0.339163 0.216691 0.263076 0.201948 0.398282 0.241315 0.300166 0.214614 0.232107 0.222280 0.186819 0.300160 0.645221 0.307285 0.353576 0.256409 0.308804 0.349437 0.248947 0.297536 
0.393532 0.496677 0.278678 0.232980 0.260398 0.182926 0.151872 0.371750 0.174579 0.320717 0.204732 0.218433 0.213889 0.194321 0.167862 0.307947 0.129780 0.254190 0.321578 0.371612 0.201082 0.316224 0.298645 0.324420 0.322862 0.355091 1.000000 0.481350 0.302093 0.259818 0.484600 0.318130 0.447857 0.349101 0.344337 0.155858 0.241244 0.166932 0.212103 0.119439 0.310189 0.127181 0.351555 0.171960 0.156551 0.223698 0.176566 0.169270 0.382360 0.174527 0.280741 0.234834 0.357525 0.181283 0.287964 0.262609 0.208726 0.369044 0.211744 0.323201 0.382969 0.378751 0.340065 0.432822 0.166095 0.323614 
0.165035 0.839307 0.371382 0.198310 0.196194 0.125640 0.132689 0.218109 0.146581 0.246266 0.230816 0.126102 0.225239 0.185688 0.116638 0.282157 0.137862 0.209300 0.171442 0.211187 0.178817 0.386079 0.248753 0.242601 0.288099 0.264784 0.481350 1.000000 0.428846 0.156147 0.243631 0.178469 0.219581 0.257619 0.441950 0.187074 0.199399 0.152293 0.145548 0.159551 0.208809 0.119563 0.234692 0.137445 0.171126 0.151062 0.200812 0.175596 0.350404 0.165050 0.190999 0.137589 0.211451 0.151391 0.332790 0.248734 0.244328 0.259545 0.138066 0.309886 0.450615 0.282989 0.258553 0.285867 0.183114 0.273059 
0.213092 0.428607 0.224041 0.535574 0.257940 0.099928 0.188536 0.364441 0.240485 0.478977 0.315941 0.133807 0.335566 0.204910 0.228520 0.319351 0.205304 0.173328 0.271633 0.192218 0.402433 0.437698 0.245373 0.181393 0.717004 0.238978 0.302093 0.428846 1.000000 0.202175 0.249472 0.263439 0.256082 0.299222 0.386640 0.207303 0.365885 0.146919 0.168418 0.210866 0.267891 0.208400 0.329909 0.182108 0.229374 0.232283 0.262591 0.287030 0.320356 0.224285 0.167132 0.171273 0.208206 0.264768 0.306133 0.235892 0.186036 0.400476 0.144323 0.290447 0.401285 0.334808 0.286387 0.326086 0.193678 0.291612 
0.645527 0.199177 0.175718 0.231213 0.336940 0.119041 0.461991 0.268435 0.520967 0.246152 0.109258 0.156672 0.164441 0.082427 0.578939 0.226927 0.458422 0.313051 0.313323 0.276804 0.203648 0.221287 0.240605 0.172406 0.194772 0.240834 0.259818 0.156147 0.202175 1.000000 0.431613 0.335940 0.818092 0.348703 0.247148 0.218503 0.206409 0.211304 0.127957 0.275209 0.244186 0.191498 0.488603 0.210216 0.207721 0.253239 0.200739 0.196091 0.356244 0.296944 0.231553 0.142817 0.271707 0.190532 0.235084 0.353461 0.181764 0.314679 0.211928 0.141126 0.181612 0.350183 0.366858 0.366686 0.208799 0.405138 
0.769968 0.301069 0.285756 0.279469 0.224331 0.157515 0.223709 0.508556 0.253374 0.300858 0.299879 0.107298 0.309785 0.111005 0.209354 0.354636 0.130788 0.250414 0.323542 0.368637 0.260450 0.359047 0.389611 0.316592 0.248651 0.307643 0.484600 0.243631 0.249472 0.431613 1.000000 0.190512 0.674840 0.403881 0.330464 0.255922 0.238972 0.208077 0.246792 0.157464 0.316691 0.157772 0.455674 0.236950 0.183760 0.311736 0.223234 0.174739 0.419556 0.167164 0.275519 0.216861 0.370685 0.203070 0.323672 0.385055 0.287613 0.431649 0.249101 0.367044 0.327582 0.443797 0.392496 0.507282 0.220272 0.379657 
0.232883 0.224918 0.189768 0.265115 0.612230 0.224711 0.506736 0.263383 0.471390 0.202310 0.246350 0.264143 0.179883 0.143783 0.532621 0.252232 0.543387 0.222262 0.171959 0.243894 0.228056 0.289669 0.249239 0.236656 0.253440 0.247123 0.318130 0.178469 0.263439 0.335940 0.190512 1.000000 0.221273 0.279038 0.206858 0.089753 0.179746 0.137393 0.339477 0.219862 0.235237 0.194094 0.353056 0.176003 0.179883 0.144456 0.157699 0.205489 0.260276 0.267505 0.292833 0.145653 0.229464 0.147015 0.227240 0.250414 0.154206 0.252686 0.208059 0.252709 0.293754 0.223013 0.309274 0.234070 0.160392 0.332073 
0.722402 0.263331 0.244468 0.251073 0.205628 0.165376 0.321626 0.374900 0.340727 0.307520 0.183643 0.095562 0.245899 0.100556 0.408288 0.265195 0.279563 0.315426 0.411245 0.306779 0.229776 0.293512 0.270350 0.249692 0.253930 0.344590 0.447857 0.219581 0.256082 0.818092 0.674840 0.221273 1.000000 0.423179 0.287039 0.243446 0.208802 0.188896 0.169259 0.241291 0.340146 0.180392 0.550725 0.201760 0.180316 0.325530 0.227379 0.198607 0.409087 0.236264 0.244270 0.203945 0.359093 0.183875 0.305725 0.361152 0.285066 0.431288 0.256764 0.252909 0.274028 0.438373 0.413354 0.477945 0.202484 0.448125 
0.401235 0.363673 0.240973 0.283133 0.213902 0.185541 0.289635 0.432934 0.265351 0.380451 0.283369 0.130479 0.324968 0.171200 0.295110 0.259943 0.241341 0.328813 0.206640 0.361028 0.259605 0.259352 0.301797 0.250863 0.321886 0.334326 0.349101 0.257619 0.299222 0.348703 0.403881 0.279038 0.423179 1.000000 0.333717 0.215808 0.258194 0.244233 0.258629 0.296912 0.509875 0.396907 0.448774 0.289066 0.211447 0.322398 0.240715 0.505454 0.352075 0.287171 0.333816 0.243429 0.379523 0.239929 0.334413 0.277538 0.200624 0.396161 0.230600 0.407555 0.313355 0.378908 0.828139 0.763463 0.194137 0.671586 
0.270158 0.679433 0.282420 0.296828 0.175327 0.225363 0.138862 0.361131 0.163846 0.262565 0.312721 0.201159 0.263210 0.176527 0.167173 0.293606 0.131585 0.358706 0.256082 0.337224 0.262670 0.285290 0.368765 0.294936 0.285949 0.269591 0.344337 0.441950 0.386640 0.247148 0.330464 0.206858 0.287039 0.333717 1.000000 0.374737 0.274687 0.192426 0.255856 0.150735 0.269081 0.137851 0.285843 0.244299 0.339381 0.258538 0.314832 0.175900 0.340629 0.216929 0.225309 0.293391 0.363069 0.218841 0.322308 0.364923 0.256787 0.308826 0.308012 0.516436 0.751332 0.352054 0.328855 0.392440 0.180255 0.341434 
0.250536 0.191357 0.271561 0.168793 0.130361 0.122150 0.085583 0.280987 0.143746 0.202775 0.196106 0.111918 0.132678 0.085074 0.097737 0.243113 0.067371 0.283167 0.158681 0.222193 0.130897 0.291074 0.251303 0.194490 0.206127 0.225011 0.155858 0.187074 0.207303 0.218503 0.255922 0.089753 0.243446 0.215808 0.374737 1.000000 0.186994 0.199531 0.201415 0.101748 0.227078 0.101157 0.211156 0.132440 0.245460 0.161605 0.242350 0.066819 0.340775 0.145278 0.246258 0.288936 0.294626 0.146807 0.253683 0.438809 0.429941 0.198896 0.171569 0.238679 0.270283 0.200170 0.163873 0.267616 0.203976 0.203840 
0.246344 0.276112 0.248875 0.677838 0.220328 0.133640 0.187837 0.333424 0.264157 0.375239 0.313718 0.126049 0.400484 0.140802 0.216405 0.212026 0.133939 0.155147 0.145911 0.165055 0.581108 0.153527 0.303451 0.184345 0.478152 0.209049 0.241244 0.199399 0.365885 0.206409 0.238972 0.179746 0.208802 0.258194 0.274687 0.186994 1.000000 0.196248 0.212903 0.145595 0.328700 0.144021 0.433653 0.407450 0.233616 0.515517 0.244212 0.193959 0.295267 0.183142 0.202369 0.251605 0.254337 0.801595 0.301419 0.281460 0.160144 0.624398 0.192744 0.232366 0.268247 0.563032 0.232338 0.285966 0.165990 0.232883 
0.220367 0.202306 0.158346 0.248677 0.153408 0.122726 0.185713 0.222739 0.198534 0.387344 0.244071 0.127614 0.265945 0.122682 0.208554 0.152023 0.167862 0.310909 0.154827 0.255146 0.241079 0.153349 0.276017 0.233245 0.197443 0.203294 0.166932 0.152293 0.146919 0.211304 0.208077 0.137393 0.188896 0.244233 0.192426 0.199531 0.196248 1.000000 0.203803 0.482561 0.241042 0.472044 0.178486 0.300249 0.391743 0.186134 0.347777 0.392114 0.177145 0.644095 0.210417 0.247727 0.308697 0.236800 0.238683 0.268418 0.186705 0.200475 0.238079 0.306165 0.182706 0.226237 0.334211 0.257038 0.667021 0.302695 
0.212035 0.265577 0.248003 0.190193 0.191698 0.537876 0.122172 0.212830 0.135970 0.275628 0.172803 0.265010 0.187172 0.276787 0.132876 0.304847 0.045607 0.229550 0.151910 0.188425 0.172232 0.267012 0.318063 0.274868 0.260460 0.641617 0.212103 0.145548 0.168418 0.127957 0.246792 0.339477 0.169259 0.258629 0.255856 0.201415 0.212903 0.203803 1.000000 0.170366 0.172311 0.226859 0.228982 0.149852 0.211640 0.238211 0.330506 0.224375 0.255661 0.170595 0.306083 0.166095 0.248370 0.194364 0.275790 0.242602 0.220784 0.230533 0.634989 0.411348 0.442751 0.206364 0.275408 0.294421 0.323220 0.262274 
0.225548 0.179182 0.114160 0.205130 0.245246 0.129250 0.414012 0.128935 0.362661 0.398033 0.143419 0.073965 0.281507 0.103904 0.406029 0.097349 0.407357 0.204492 0.139228 0.207421 0.194615 0.087177 0.151114 0.155018 0.197786 0.179372 0.119439 0.159551 0.210866 0.275209 0.157464 0.219862 0.241291 0.296912 0.150735 0.101748 0.145595 0.482561 0.170366 1.000000 0.194085 0.756671 0.232922 0.187520 0.313536 0.269153 0.283293 0.614377 0.141711 0.696765 0.123684 0.129137 0.166119 0.157975 0.104725 0.133100 0.083836 0.166279 0.166940 0.121213 0.138235 0.130383 0.335117 0.177438 0.548243 0.383490 
0.320427 0.273551 0.185391 0.306214 0.183362 0.118240 0.126433 0.451266 0.156792 0.249529 0.299105 0.143038 0.289364 0.145098 0.168068 0.193066 0.158656 0.288205 0.252245 0.341697 0.291472 0.247591 0.222832 0.221286 0.263496 0.239130 0.310189 0.208809 0.267891 0.244186 0.316691 0.235237 0.340146 0.509875 0.269081 0.227078 0.328700 0.241042 0.172311 0.194085 1.000000 0.175365 0.464490 0.502031 0.200267 0.433951 0.197767 0.244180 0.313122 0.250008 0.286193 0.251956 0.339904 0.355612 0.306109 0.269412 0.215675 0.477343 0.149255 0.308576 0.283577 0.428491 0.369468 0.457132 0.229699 0.325073 
0.203536 0.154508 0.133264 0.252017 0.186226 0.116793 0.312746 0.180316 0.271742 0.390848 0.125662 0.114196 0.273688 0.125672 0.318305 0.116713 0.306229 0.162548 0.147021 0.199338 0.221620 0.102317 0.137970 0.184051 0.241003 0.194360 0.127181 0.119563 0.208400 0.191498 0.157772 0.194094 0.180392 0.396907 0.137851 0.101157 0.144021 0.472044 0.226859 0.756671 0.175365 1.000000 0.197630 0.177950 0.284254 0.184660 0.261430 0.842086 0.139822 0.480041 0.174685 0.094970 0.177223 0.160973 0.070738 0.071123 0.031984 0.182773 0.159250 0.196097 0.141245 0.100246 0.410929 0.254455 0.463297 0.347505 
0.456970 0.284886 0.205188 0.327687 0.419767 0.130035 0.410551 0.328210 0.464611 0.293288 0.218587 0.117336 0.228914 0.142364 0.465506 0.214146 0.435607 0.295642 0.225216 0.295476 0.278566 0.218570 0.243307 0.156848 0.355189 0.289258 0.351555 0.234692 0.329909 0.488603 0.455674 0.353056 0.550725 0.448774 0.285843 0.211156 0.433653 0.178486 0.228982 0.232922 0.464490 0.197630 1.000000 0.314823 0.204035 0.584615 0.242382 0.241665 0.469346 0.200384 0.189385 0.226053 0.290648 0.387230 0.389528 0.435191 0.342416 0.796928 0.251212 0.230759 0.300214 0.612753 0.377904 0.445571 0.193075 0.410234 
0.282240 0.223315 0.160619 0.302055 0.172248 0.169721 0.179674 0.281276 0.198226 0.231605 0.316361 0.236297 0.246212 0.187603 0.193457 0.084490 0.148610 0.217823 0.212201 0.253490 0.295867 0.107277 0.213106 0.140780 0.153146 0.185122 0.171960 0.137445 0.182108 0.210216 0.236950 0.176003 0.201760 0.289066 0.244299 0.132440 0.407450 0.300249 0.149852 0.187520 0.502031 0.177950 0.314823 1.000000 0.253735 0.548921 0.233087 0.236578 0.199425 0.274134 0.154793 0.222721 0.224167 0.616131 0.222640 0.254939 0.168595 0.308837 0.171445 0.226826 0.239496 0.302356 0.238640 0.257472 0.200266 0.235034 
0.204075 0.283129 0.192141 0.253248 0.152684 0.229686 0.156803 0.244950 0.173120 0.246712 0.177116 0.133860 0.159797 0.255641 0.208646 0.189426 0.158357 0.338839 0.155195 0.303554 0.228093 0.175929 0.255900 0.202754 0.211024 0.218350 0.156551 0.171126 0.229374 0.207721 0.183760 0.179883 0.180316 0.211447 0.339381 0.245460 0.233616 0.391743 0.211640 0.313536 0.200267 0.284254 0.204035 0.253735 1.000000 0.218230 0.801794 0.166429 0.177407 0.290444 0.210728 0.554860 0.364267 0.218910 0.203266 0.202653 0.176652 0.175234 0.435677 0.238678 0.232130 0.188981 0.209666 0.260337 0.361709 0.249001 
0.348829 0.253450 0.157600 0.293158 0.158379 0.161437 0.217872 0.292987 0.251579 0.236242 0.202952 0.135677 0.234341 0.215902 0.277742 0.117696 0.123378 0.218174 0.205143 0.160102 0.291853 0.129577 0.240869 0.163219 0.188402 0.278257 0.223698 0.151062 0.232283 0.253239 0.311736 0.144456 0.325530 0.322398 0.258538 0.161605 0.515517 0.186134 0.238211 0.269153 0.433951 0.184660 0.584615 0.548921 0.218230 1.000000 0.288624 0.265840 0.192944 0.207696 0.174309 0.292183 0.273341 0.700042 0.183857 0.216053 0.104069 0.485229 0.265083 0.219713 0.237598 0.375262 0.268489 0.306277 0.244762 0.310005 
0.246593 0.295214 0.311448 0.244886 0.168202 0.269165 0.139882 0.286920 0.175645 0.273074 0.178671 0.258107 0.192612 0.543948 0.188384 0.254857 0.094256 0.374800 0.182462 0.281192 0.230374 0.218370 0.341455 0.227663 0.247811 0.339163 0.176566 0.200812 0.262591 0.200739 0.223234 0.157699 0.227379 0.240715 0.314832 0.242350 0.244212 0.347777 0.330506 0.283293 0.197767 0.261430 0.242382 0.233087 0.801794 0.288624 1.000000 0.206494 0.237980 0.239123 0.176652 0.318428 0.276048 0.242285 0.213624 0.272116 0.198933 0.224698 0.519058 0.274813 0.252397 0.204635 0.210028 0.254158 0.403887 0.217249 
0.197448 0.234016 0.157277 0.271980 0.176424 0.094711 0.317707 0.186953 0.274295 0.375490 0.142414 0.102178 0.282671 0.147250 0.337348 0.143439 0.300137 0.145932 0.157718 0.170625 0.247603 0.149119 0.177362 0.223507 0.279885 0.216691 0.169270 0.175596 0.287030 0.196091 0.174739 0.205489 0.198607 0.505454 0.175900 0.066819 0.193959 0.392114 0.224375 0.614377 0.244180 0.842086 0.241665 0.236578 0.166429 0.265840 0.206494 1.000000 0.156797 0.478832 0.174087 0.086996 0.159990 0.210992 0.121348 0.088125 0.036924 0.222823 0.137679 0.248359 0.180654 0.169859 0.569432 0.296301 0.420534 0.505790 
0.309108 0.356781 0.326972 0.263448 0.307608 0.090653 0.190102 0.315003 0.240495 0.325273 0.256304 0.134562 0.266809 0.184038 0.222414 0.628464 0.213538 0.295427 0.193623 0.307236 0.243850 0.423026 0.588825 0.333364 0.347326 0.263076 0.382360 0.350404 0.320356 0.356244 0.419556 0.260276 0.409087 0.352075 0.340629 0.340775 0.295267 0.177145 0.255661 0.141711 0.313122 0.139822 0.469346 0.199425 0.177407 0.192944 0.237980 0.156797 1.000000 0.156409 0.281046 0.141218 0.313033 0.215639 0.597893 0.823544 0.606484 0.463518 0.179441 0.324736 0.415771 0.451195 0.331633 0.460052 0.221794 0.341654 
0.207951 0.211724 0.165573 0.241761 0.250142 0.208103 0.348957 0.139389 0.333192 0.467847 0.217790 0.158327 0.279445 0.122184 0.374514 0.130490 0.396238 0.282236 0.127071 0.247386 0.227477 0.139702 0.195401 0.225737 0.252302 0.201948 0.174527 0.165050 0.224285 0.296944 0.167164 0.267505 0.236264 0.287171 0.216929 0.145278 0.183142 0.644095 0.170595 0.696765 0.250008 0.480041 0.200384 0.274134 0.290444 0.207696 0.239123 0.478832 0.156409 1.000000 0.158797 0.179798 0.197273 0.217920 0.167170 0.145924 0.099439 0.182680 0.191428 0.222232 0.226113 0.225056 0.413565 0.205980 0.587061 0.452876 
0.261524 0.272147 0.214267 0.181307 0.177726 0.244376 0.166852 0.257149 0.143778 0.206544 0.251939 0.208555 0.185050 0.178642 0.135399 0.254169 0.169948 0.263028 0.197469 0.272670 0.148273 0.222902 0.299297 0.240180 0.195297 0.398282 0.280741 0.190999 0.167132 0.231553 0.275519 0.292833 0.244270 0.333816 0.225309 0.246258 0.202369 0.210417 0.306083 0.123684 0.286193 0.174685 0.189385 0.154793 0.210728 0.174309 0.176652 0.174087 0.281046 0.158797 1.000000 0.253084 0.499860 0.169816 0.259338 0.253482 0.157024 0.245533 0.300032 0.303843 0.279075 0.259045 0.324531 0.408708 0.196390 0.340362 
0.194077 0.224552 0.156450 0.210426 0.083944 0.238451 0.113068 0.245679 0.122544 0.175834 0.203864 0.116248 0.169864 0.112896 0.165789 0.126058 0.062251 0.214075 0.220263 0.210361 0.206212 0.135903 0.169402 0.147408 0.197368 0.241315 0.234834 0.137589 0.171273 0.142817 0.216861 0.145653 0.203945 0.243429 0.293391 0.288936 0.251605 0.247727 0.166095 0.129137 0.251956 0.094970 0.226053 0.222721 0.554860 0.292183 0.318428 0.086996 0.141218 0.179798 0.253084 1.000000 0.533646 0.238206 0.179001 0.175842 0.143994 0.245115 0.370065 0.286921 0.238797 0.250770 0.218294 0.365426 0.132205 0.311688 
0.343304 0.315671 0.202009 0.281722 0.125990 0.236477 0.189860 0.366096 0.182107 0.209066 0.341925 0.156166 0.282763 0.121594 0.196789 0.247554 0.111662 0.235096 0.237096 0.267143 0.258688 0.222606 0.281609 0.236954 0.227662 0.300166 0.357525 0.211451 0.208206 0.271707 0.370685 0.229464 0.359093 0.379523 0.363069 0.294626 0.254337 0.308697 0.248370 0.166119 0.339904 0.177223 0.290648 0.224167 0.364267 0.273341 0.276048 0.159990 0.313033 0.197273 0.499860 0.533646 1.000000 0.196843 0.270461 0.281369 0.192441 0.353367 0.360907 0.538717 0.328107 0.354719 0.378075 0.581180 0.252148 0.416756 
0.220419 0.222714 0.185534 0.486258 0.185555 0.152811 0.164855 0.275035 0.205456 0.321877 0.280136 0.173776 0.348579 0.190651 0.173510 0.145956 0.097657 0.156663 0.162917 0.132911 0.473204 0.124357 0.254929 0.162961 0.297713 0.214614 0.181283 0.151391 0.264768 0.190532 0.203070 0.147015 0.183875 0.239929 0.218841 0.146807 0.801595 0.236800 0.194364 0.157975 0.355612 0.160973 0.387230 0.616131 0.218910 0.700042 0.242285 0.210992 0.215639 0.217920 0.169816 0.238206 0.196843 1.000000 0.234119 0.230347 0.131018 0.491750 0.178973 0.216583 0.226342 0.404223 0.209886 0.206330 0.178864 0.214821 
0.245812 0.370896 0.276715 0.301671 0.170285 0.089779 0.203021 0.289605 0.201347 0.241566 0.256494 0.072921 0.273476 0.131199 0.216345 0.328964 0.166758 0.263479 0.163998 0.258032 0.273576 0.276019 0.341282 0.252374 0.257727 0.232107 0.287964 0.332790 0.306133 0.235084 0.323672 0.227240 0.305725 0.334413 0.322308 0.253683 0.301419 0.238683 0.275790 0.104725 0.306109 0.070738 0.389528 0.222640 0.203266 0.183857 0.213624 0.121348 0.597893 0.167170 0.259338 0.179001 0.270461 0.234119 1.000000 0.563186 0.746154 0.348809 0.180445 0.417209 0.462937 0.440632 0.279330 0.347166 0.205588 0.276163 
0.319981 0.294441 0.299469 0.283223 0.333317 0.098044 0.176302 0.331773 0.260316 0.240795 0.322280 0.177754 0.258875 0.150388 0.229623 0.513948 0.229787 0.344973 0.168975 0.302334 0.271627 0.337490 0.665692 0.298197 0.247389 0.222280 0.262609 0.248734 0.235892 0.353461 0.385055 0.250414 0.361152 0.277538 0.364923 0.438809 0.281460 0.268418 0.242602 0.133100 0.269412 0.071123 0.435191 0.254939 0.202653 0.216053 0.272116 0.088125 0.823544 0.145924 0.253482 0.175842 0.281369 0.230347 0.563186 1.000000 0.657387 0.358988 0.178606 0.286630 0.302962 0.337507 0.257788 0.336240 0.275095 0.286026 
0.227021 0.231837 0.227853 0.181463 0.162847 0.062365 0.176204 0.239218 0.193452 0.201384 0.230059 0.064520 0.184687 0.096233 0.184003 0.277134 0.172997 0.259302 0.103080 0.268185 0.167719 0.244591 0.273376 0.193991 0.183843 0.186819 0.208726 0.244328 0.186036 0.181764 0.287613 0.154206 0.285066 0.200624 0.256787 0.429941 0.160144 0.186705 0.220784 0.083836 0.215675 0.031984 0.342416 0.168595 0.176652 0.104069 0.198933 0.036924 0.606484 0.099439 0.157024 0.143994 0.192441 0.131018 0.746154 0.657387 1.000000 0.231737 0.165605 0.293271 0.325587 0.260514 0.179403 0.223348 0.170023 0.224342 
0.366901 0.328956 0.269634 0.432816 0.331280 0.153759 0.253970 0.354143 0.304864 0.349150 0.271541 0.108134 0.293383 0.148506 0.279862 0.289087 0.249402 0.211765 0.205248 0.235473 0.343911 0.254780 0.299200 0.195018 0.505270 0.300160 0.369044 0.259545 0.400476 0.314679 0.431649 0.252686 0.431288 0.396161 0.308826 0.198896 0.624398 0.200475 0.230533 0.166279 0.477343 0.182773 0.796928 0.308837 0.175234 0.485229 0.224698 0.222823 0.463518 0.182680 0.245533 0.245115 0.353367 0.491750 0.348809 0.358988 0.231737 1.000000 0.227978 0.320191 0.374664 0.786991 0.334787 0.439722 0.188185 0.322190 
0.263616 0.225635 0.314232 0.181269 0.131888 0.496931 0.151479 0.177505 0.177673 0.222593 0.130909 0.201813 0.147126 0.354493 0.174882 0.249667 0.061127 0.404539 0.156447 0.263319 0.168036 0.175290 0.262571 0.217796 0.207184 0.645221 0.211744 0.138066 0.144323 0.211928 0.249101 0.208059 0.256764 0.230600 0.308012 0.171569 0.192744 0.238079 0.634989 0.166940 0.149255 0.159250 0.251212 0.171445 0.435677 0.265083 0.519058 0.137679 0.179441 0.191428 0.300032 0.370065 0.360907 0.178973 0.180445 0.178606 0.165605 0.227978 1.000000 0.356156 0.340495 0.187461 0.250089 0.315601 0.212648 0.295221 
0.279601 0.395049 0.316404 0.275291 0.142875 0.257396 0.100721 0.360852 0.129323 0.275992 0.338948 0.152068 0.350282 0.177888 0.126224 0.293212 0.036842 0.302348 0.241062 0.263147 0.288591 0.284477 0.303183 0.290887 0.272653 0.307285 0.323201 0.309886 0.290447 0.141126 0.367044 0.252709 0.252909 0.407555 0.516436 0.238679 0.232366 0.306165 0.411348 0.121213 0.308576 0.196097 0.230759 0.226826 0.238678 0.219713 0.274813 0.248359 0.324736 0.222232 0.303843 0.286921 0.538717 0.216583 0.417209 0.286630 0.293271 0.320191 0.356156 1.000000 0.646723 0.356442 0.377350 0.481780 0.330835 0.363820 
0.230666 0.585173 0.365346 0.260341 0.217846 0.306570 0.139906 0.321173 0.150546 0.320804 0.256804 0.162302 0.285844 0.201079 0.154027 0.378482 0.096416 0.308081 0.273072 0.319097 0.233001 0.353632 0.350644 0.320124 0.335162 0.353576 0.382969 0.450615 0.401285 0.181612 0.327582 0.293754 0.274028 0.313355 0.751332 0.270283 0.268247 0.182706 0.442751 0.138235 0.283577 0.141245 0.300214 0.239496 0.232130 0.237598 0.252397 0.180654 0.415771 0.226113 0.279075 0.238797 0.328107 0.226342 0.462937 0.302962 0.325587 0.374664 0.340495 0.646723 1.000000 0.398380 0.308506 0.367713 0.231695 0.312591 
0.352149 0.363631 0.259757 0.310636 0.250492 0.125385 0.249484 0.364122 0.285905 0.309180 0.262520 0.086023 0.271457 0.113056 0.270147 0.277229 0.198492 0.198200 0.250173 0.263370 0.256693 0.255554 0.276068 0.201174 0.389569 0.256409 0.378751 0.282989 0.334808 0.350183 0.443797 0.223013 0.438373 0.378908 0.352054 0.200170 0.563032 0.226237 0.206364 0.130383 0.428491 0.100246 0.612753 0.302356 0.188981 0.375262 0.204635 0.169859 0.451195 0.225056 0.259045 0.250770 0.354719 0.404223 0.440632 0.337507 0.260514 0.786991 0.187461 0.356442 0.398380 1.000000 0.349672 0.462108 0.195127 0.341792 
0.394946 0.369214 0.261931 0.276642 0.218539 0.201935 0.351272 0.371361 0.299331 0.465263 0.247489 0.132460 0.334691 0.152671 0.320890 0.288469 0.289408 0.309317 0.181515 0.321267 0.247422 0.278734 0.343672 0.285036 0.319575 0.308804 0.340065 0.258553 0.286387 0.366858 0.392496 0.309274 0.413354 0.828139 0.328855 0.163873 0.232338 0.334211 0.275408 0.335117 0.369468 0.410929 0.377904 0.238640 0.209666 0.268489 0.210028 0.569432 0.331633 0.413565 0.324531 0.218294 0.378075 0.209886 0.279330 0.257788 0.179403 0.334787 0.250089 0.377350 0.308506 0.349672 1.000000 0.704072 0.231934 0.885511 
0.447824 0.390529 0.288681 0.301210 0.172972 0.222456 0.223926 0.446878 0.238079 0.364909 0.308213 0.134892 0.293686 0.180392 0.219989 0.370722 0.153828 0.339657 0.271107 0.388005 0.244385 0.310244 0.390090 0.316426 0.361087 0.349437 0.432822 0.285867 0.326086 0.366686 0.507282 0.234070 0.477945 0.763463 0.392440 0.267616 0.285966 0.257038 0.294421 0.177438 0.457132 0.254455 0.445571 0.257472 0.260337 0.306277 0.254158 0.296301 0.460052 0.205980 0.408708 0.365426 0.581180 0.206330 0.347166 0.336240 0.223348 0.439722 0.315601 0.481780 0.367713 0.462108 0.704072 1.000000 0.223177 0.644595 
0.200823 0.203353 0.179622 0.193296 0.186062 0.224947 0.150670 0.180370 0.151982 0.276395 0.230039 0.122569 0.193974 0.153783 0.186565 0.193681 0.163526 0.274645 0.162619 0.235250 0.181332 0.217710 0.282148 0.275930 0.176697 0.248947 0.166095 0.183114 0.193678 0.208799 0.220272 0.160392 0.202484 0.194137 0.180255 0.203976 0.165990 0.667021 0.323220 0.548243 0.229699 0.463297 0.193075 0.200266 0.361709 0.244762 0.403887 0.420534 0.221794 0.587061 0.196390 0.132205 0.252148 0.178864 0.205588 0.275095 0.170023 0.188185 0.212648 0.330835 0.231695 0.195127 0.231934 0.223177 1.000000 0.285255 
0.371243 0.367136 0.234336 0.253401 0.245605 0.184214 0.382821 0.284731 0.322761 0.432165 0.238044 0.126800 0.273961 0.118955 0.355291 0.311788 0.362048 0.318620 0.196741 0.321016 0.205073 0.267352 0.351036 0.320243 0.274271 0.297536 0.323614 0.273059 0.291612 0.405138 0.379657 0.332073 0.448125 0.671586 0.341434 0.203840 0.232883 0.302695 0.262274 0.383490 0.325073 0.347505 0.410234 0.235034 0.249001 0.310005 0.217249 0.505790 0.341654 0.452876 0.340362 0.311688 0.416756 0.214821 0.276163 0.286026 0.224342 0.322190 0.295221 0.363820 0.312591 0.341792 0.885511 0.644595 0.285255 1.000000 
