0.000000000000000000e+00 1.143571001780092078e-01 3.987153355417599049e-02 1.209903935291414268e-01 4.164191197327034993e-02 1.643101418692244353e-01 2.330081134876188509e-01 5.908613335325069160e-01 2.016661715181792547e-01 2.943781032989735702e-01 2.091658800232064908e-01 4.318768102686727089e-02 4.399590702732356640e-01 1.522797074326139866e-01 6.012627105854890797e-01 1.001680408285129664e-01 3.160326470801453347e-01 2.851906814311452876e-02 1.610490114677819162e-01 6.794821534370044935e-02 1.308687087117911263e-01 2.019799270528386537e-01 4.835967611092448215e-02 6.165983603183387146e-02 2.997796139380911051e-01 7.570180794949418757e-02 6.004302662024754711e-02 1.170390594442002191e-01 7.519160581240010022e-02 8.213244512917827755e-01 6.449607537056045725e-01 3.673049965971881825e-01 7.243163287391773952e-01 3.843622837786941360e-01 3.797713312521307921e-02 1.719321479721538926e-01 1.116171407822999645e-01 2.036755012322895853e-01 2.280503343023159574e-02 1.541777774691294178e-01 3.004474072088331171e-01 1.720108954399059975e-01 3.819584793720934845e-01 2.090164497569116098e-01 1.560839814803897108e-01 3.044499030611752532e-01 4.062221181369304879e-02 3.174128147037328929e-01 1.894685960743748843e-01 2.852887422538676887e-01 8.379498820868798437e-02 2.004439630924504112e-01 9.727892710999104520e-02 1.699826241441170505e-01 2.824122549233807344e-01 2.058358197073905937e-01 2.081605482813100594e-01 3.542329416041870016e-01 2.328508890462608824e-02 1.506798209795430499e-01 2.219872306482933988e-02 3.183367757486632033e-01 4.114444629245715412e-01 3.349842966060063154e-01 2.604872425332327990e-01 4.308689544576014274e-01 
1.143571001780092078e-01 0.000000000000000000e+00 3.810968135831632742e-01 9.407695286498873877e-03 2.925893515440655332e-02 2.461988387820064073e-01 8.443460080746929830e-02 9.618798299233397020e-02 7.209224814243046786e-02 4.284035170515638341e-02 1.056530982512505351e-01 3.386354440885849804e-01 6.645141176051244658e-02 4.622176225283264328e-01 9.599157820395977370e-02 4.484874705196197769e-02 1.759424026981277756e-01 3.944199630517935401e-02 1.338965735632343668e-01 1.948820218155932968e-02 5.425437662016714679e-02 1.412291518715294014e-01 1.964213284404262849e-01 4.534380630215572444e-02 9.613704172816274485e-02 3.182350581550511537e-01 3.452890569190926184e-01 8.378639715830252799e-01 3.330335664557331210e-01 7.271726835622037421e-02 6.447440787507616178e-02 4.478895450381779886e-02 3.340160619745295018e-02 8.737013622514232247e-02 5.943687721717083594e-01 2.242075475476521668e-02 9.989418238878353118e-02 1.509707250025033864e-01 2.649800789353434216e-01 1.920530160106738715e-01 4.924749022478803334e-02 1.310328984320047463e-01 3.324655674208069206e-02 1.744947017950795876e-01 2.533301017312813985e-01 5.672929086687395622e-02 3.530398581637764766e-01 1.349331292883770850e-01 3.642988235399047953e-02 6.357039288667599986e-02 3.201862310577391901e-01 1.621393493880830539e-01 1.719918688936928342e-01 1.197409119369811231e-01 2.217624852560388660e-01 1.435042065156237612e-01 7.424798066139040587e-02 1.016776075182574263e-01 1.114378182283149582e-01 1.488129761221499703e-01 4.746905290103771158e-01 1.228272919542320041e-01 1.478012597480436174e-01 6.837317777319815160e-02 1.293860274559525125e-01 1.943179584881955524e-01 
3.987153355417599049e-02 3.810968135831632742e-01 0.000000000000000000e+00 1.375221477035073504e-02 1.765542409586241535e-01 1.761399111298223852e-01 6.854741879253557248e-03 7.394780955881551099e-02 9.585812789373088227e-02 2.540348771314119292e-01 3.809435647318976537e-03 1.102609697316129372e-01 1.257624879099521718e-02 1.745754988814471054e-01 4.670878354149447798e-02 3.067112609390261757e-01 6.611855394638149752e-02 3.195198673199213801e-01 4.413294254032807534e-02 1.428319477469725540e-01 4.659675806767519385e-02 1.147478197863992799e-01 5.166491457525863584e-01 4.274553943063444383e-01 1.208622305465165830e-01 1.513341697030910482e-01 8.968040392006898509e-02 4.560914814577746168e-01 6.536734551548908922e-02 4.286893599904589153e-02 5.553949176404534074e-03 1.793223512998379232e-01 9.431113443310461253e-02 1.417674355732177760e-01 7.621841668267034797e-02 2.896206364573187253e-01 2.362046072492430399e-02 1.621279393496469212e-01 1.236362669286828753e-01 1.784324410839877306e-01 5.206941130072723772e-02 2.901945778557771805e-01 6.166818021409396777e-02 6.934744916569061945e-02 1.321042333990544160e-01 4.600128762952718220e-02 1.859197902979545791e-01 2.817359152995517757e-01 1.233073703187014813e-01 1.531373096011307555e-01 3.326663880325202438e-01 8.463996148948001175e-02 1.663669717994948338e-01 4.354229146255333971e-02 1.320136019495446178e-01 1.576746508966101745e-01 3.058347119169243719e-02 1.210254446712995258e-01 2.175107927778468508e-01 1.993637278833334803e-01 1.210257430561602482e-01 1.963963079464664807e-01 2.316434280902856246e-01 1.319258579610571580e-01 2.541264928410535973e-01 2.469312798989233282e-01 
1.209903935291414268e-01 9.407695286498873877e-03 1.375221477035073504e-02 0.000000000000000000e+00 1.342772532616259007e-01 5.731923117599944245e-02 9.707143783834476514e-02 3.398016836210550617e-01 1.893083167103958367e-02 5.452219648637419702e-01 4.150862796795806164e-01 6.281388303984666854e-02 5.617868494285765957e-01 6.591149304327610647e-02 8.139153670239300531e-02 1.681396847562058317e-01 1.248824795114947539e-01 1.114564692438322208e-01 5.923488335632631080e-02 6.075693350821102096e-02 8.836761471761198639e-01 7.268945092956953513e-02 1.769712147698378757e-01 9.436449384148325181e-02 7.074236550086340225e-01 4.918335950282190505e-02 3.987226882847068332e-02 6.876077961304088992e-02 2.702882373748571321e-01 2.890809667127542185e-02 3.568218423237693587e-02 7.031685583489394147e-03 3.911503187657938002e-02 2.084053900750859889e-01 3.785062203645599144e-02 5.258290156042556146e-02 5.256916767125617840e-01 1.272078854084812138e-01 3.986951483117284062e-02 1.051627706326988265e-01 4.458645714469888083e-02 7.315508415659330299e-02 2.418002410073896713e-01 8.586028753418849246e-02 1.003411959840515150e-01 1.515381392409270722e-01 9.957625328384726859e-02 1.086476985435242543e-01 1.246472693130842718e-01 1.958486882547115504e-01 6.701792251939819867e-02 4.599258257467519345e-02 2.023398673683533128e-02 3.614783961064013673e-01 6.318140325337325003e-02 1.344083207212166398e-01 6.101197258729418316e-02 3.068697120935647837e-01 5.809781899858990073e-02 2.406669763192811201e-02 6.274379812019870162e-02 9.866977111024136105e-02 1.505039296565018891e-01 1.038631788241506093e-01 5.240453372795968873e-02 1.270012543204963318e-01 
4.164191197327034993e-02 2.925893515440655332e-02 1.765542409586241535e-01 1.342772532616259007e-01 0.000000000000000000e+00 2.930423792879470468e-02 6.751091308561587567e-01 9.984880742769321194e-02 4.865225309074369120e-01 1.203137494616310921e-01 1.398094612462134345e-01 2.849257420810855090e-01 5.333099153204753223e-02 3.473713987660882740e-02 2.919404109092166993e-02 2.234469854832022429e-01 5.883379101869289363e-01 3.564848174089547267e-02 2.520425558044961031e-02 5.999390426054121428e-02 1.394037135569606012e-01 1.332310227874476394e-01 3.217012446474966092e-01 2.514315405133284997e-01 1.051171518789946885e-01 9.523810588203512895e-02 6.142618259934859437e-02 8.094371921608964349e-02 8.958874543961976855e-02 9.627764209677598661e-02 1.129029601077381068e-01 4.539943339993401938e-01 5.120414357636395020e-02 1.886227845232028855e-01 4.661246652640377297e-02 1.246361024853728378e-01 5.381933440076658304e-02 5.535204147638773248e-02 9.825793712247593570e-02 7.290777513587855252e-02 5.950729771590970718e-02 7.574589063517599141e-02 2.048652461473278175e-01 1.671411052102343142e-01 1.166845300879272157e-01 3.726543479238286077e-02 1.093739593604575039e-01 1.030612450743096653e-01 1.852072211769129617e-01 1.407025654033678963e-01 5.203377630016567390e-02 3.622110403464479794e-02 5.367428938438102010e-02 1.127935767537887046e-01 1.540078662500807272e-01 2.461635399256107415e-01 1.612367640759181375e-01 9.115855547249020197e-02 4.490687806332373244e-02 1.113813543645788273e-01 4.185473963037204120e-02 6.955138875112383545e-02 1.706312716463876944e-01 1.088363714047015790e-01 4.220841745293341107e-02 1.912261987426093213e-01 
1.643101418692244353e-01 2.461988387820064073e-01 1.761399111298223852e-01 5.731923117599944245e-02 2.930423792879470468e-02 0.000000000000000000e+00 3.389485455768471989e-02 1.612804714873576073e-01 1.168682843831366641e-01 2.309457249906293405e-02 6.480626407477046991e-02 6.634912748349883205e-02 1.390391509903738110e-01 1.407635119216290864e-01 2.357256207517689495e-01 7.276651378644040380e-02 3.894158209037984486e-02 2.452154182806315919e-01 1.499356042275137579e-01 4.687716037689310805e-02 4.801708626990807555e-02 9.591845948628481555e-02 9.841211825774465183e-02 8.115885972117353742e-02 1.579439253092789278e-02 2.980594804898518135e-01 3.366586549114149451e-01 2.519520601156849948e-01 8.323060688184218125e-02 5.525384594734775862e-02 3.884107593088721722e-02 3.116443998558693362e-01 3.200084936332012880e-02 8.802289876724034290e-02 2.311600634114663322e-01 1.280148315672784698e-01 3.174330864103207250e-02 1.596095942795042189e-02 6.299183849886886843e-01 1.003102263401071254e-02 7.768970808076368362e-02 1.962584329159786922e-01 2.922167904753043832e-02 1.010433665968126365e-01 2.221747053674190397e-01 1.998163514673130872e-02 2.170234382408912643e-01 1.049422194343272857e-01 3.866226922265223603e-02 6.803752130403258047e-02 1.337157500464513371e-01 1.169382848914212181e-01 4.584987534731629899e-02 6.371111656236698451e-02 1.740800101449673509e-01 3.595019115004557259e-02 8.697071119525248695e-02 1.226649682197843289e-01 4.901498540496724843e-01 2.610930101539163384e-01 2.678953877480022561e-01 1.835279754263905438e-01 8.873639161138664744e-02 9.635677719910057393e-02 1.436023865616390116e-01 1.128708387145641451e-01 
2.330081134876188509e-01 8.443460080746929830e-02 6.854741879253557248e-03 9.707143783834476514e-02 6.751091308561587567e-01 3.389485455768471989e-02 0.000000000000000000e+00 4.884492144201862257e-02 6.813588518404064542e-01 1.268691681749962996e-01 4.117505934803940976e-02 3.212785882337105270e-01 2.863104331880323983e-01 3.391161989545068284e-02 3.548360028623212536e-01 1.316606127254334180e-01 8.088757074009922388e-01 2.164556024625527084e-02 7.828377133569158416e-03 6.213730109712616023e-02 1.083595727839133105e-01 3.249918399458224388e-02 1.599883877300105894e-01 1.120390699407566304e-01 4.444871232132907579e-02 7.221465595617965194e-02 2.036576737996107292e-02 5.386881475736696179e-02 7.431551546226214389e-02 3.180614571202418084e-01 2.028117749379179657e-01 5.661891652459650759e-01 2.623006165858666194e-01 3.949950322094623600e-01 7.207318645906846122e-02 2.711956561715841985e-01 2.437005637715416312e-02 9.700222337241919124e-02 2.099524946345762422e-01 1.259260404121429755e-01 1.336102279476444055e-01 1.222086425835844509e-01 3.254076556280736665e-01 5.611175927911053740e-02 1.271080070871989931e-01 1.588578417615004734e-01 1.391741660243900058e-01 3.811586853066179503e-01 2.258251310097754705e-01 3.294258206912523690e-01 1.132165844328601179e-01 6.039991373674252761e-02 1.411605977177327609e-01 5.015801211112846242e-02 2.538519146127020121e-01 2.983638776784959812e-01 2.401428735484367749e-01 1.537206728033733150e-01 5.227925396499175092e-02 1.187053825129363721e-01 9.633268738320599489e-02 8.526809476636837415e-02 3.860933846455127938e-01 2.119051810169545191e-01 1.548477639072679268e-01 4.411951525240402905e-01 
5.908613335325069160e-01 9.618798299233397020e-02 7.394780955881551099e-02 3.398016836210550617e-01 9.984880742769321194e-02 1.612804714873576073e-01 4.884492144201862257e-02 0.000000000000000000e+00 1.229687690476787415e-01 4.112038921941632008e-01 4.241340248769809307e-01 4.331633779374127052e-02 4.752927622390133999e-01 3.805745791486152274e-02 3.710144987204015421e-01 3.243153491351750961e-02 8.232015391854657915e-02 1.102730556752375968e-01 7.492401056996945974e-02 7.142862596716639811e-02 3.238652650419520107e-01 1.210430906202451251e-01 1.314975712123572782e-01 5.142654595489103836e-02 5.278513810860507860e-01 4.938442796794323408e-02 6.913417393174116354e-02 1.453374223878681204e-01 2.547161092824676287e-01 3.576796838201857787e-01 4.402717397784814968e-01 1.688118333414120875e-01 3.170614811382980736e-01 3.204504910986217814e-01 5.049496185188347142e-02 1.367273084059601740e-01 6.940806865944065818e-02 1.677597852239946508e-01 7.244113625681347646e-02 9.542932525214216366e-02 2.970916966826301908e-01 1.007776215802837216e-01 1.884966263889829852e-01 2.031400873014252983e-01 2.335679099318547502e-01 2.079961958684826140e-01 1.424300650049406813e-01 2.162581667546396580e-01 6.371705449447351288e-02 2.138361112935235897e-01 3.979990829277161440e-02 1.931562436851513298e-01 1.133306157583907625e-01 3.787394583798584652e-02 1.750419565567048474e-01 4.127567174705822073e-02 9.400143972256311264e-02 1.938932795989574132e-01 9.756180965639818514e-02 9.420293650727339096e-02 4.174131342765814712e-02 2.407358288870808938e-01 3.144080644236568745e-01 2.888896943453270194e-01 1.919845715488419924e-01 2.911670114084120575e-01 
2.016661715181792547e-01 7.209224814243046786e-02 9.585812789373088227e-02 1.893083167103958367e-02 4.865225309074369120e-01 1.168682843831366641e-01 6.813588518404064542e-01 1.229687690476787415e-01 0.000000000000000000e+00 5.483637111604081765e-02 1.827028753460841204e-01 3.808280371245812423e-01 2.241605860573590014e-01 3.664213713575560638e-02 5.629287427290939894e-01 1.302267421355788601e-01 4.988223650954590194e-01 1.736043859788122257e-02 1.717679105407932116e-01 2.714119596912524177e-02 2.796132946741770528e-02 1.010256337808056182e-01 1.991056703421114071e-01 1.675973903037420998e-01 6.701633524417366372e-02 1.965611235683799030e-01 1.074745693099529165e-01 2.737666291353969134e-02 5.428734537806792493e-02 2.875706701351404271e-01 1.112329672842106848e-01 5.026059013898669381e-01 2.299992897497371291e-01 2.633445588788609903e-01 1.226132999374402871e-01 3.164996696398593157e-01 4.322431745283361604e-02 3.907793144175020217e-02 3.077947525515222216e-01 4.881117952468397997e-02 1.056021174584515082e-01 2.752806664273938289e-02 2.821975577469446050e-01 8.071733710735018441e-02 2.389655965647004623e-02 1.471586866176805009e-01 1.926633279190649584e-02 2.894326158652833492e-01 2.457147814195543845e-01 1.583628946846042940e-01 1.046296901855892497e-01 1.075753692526614791e-01 1.357511092070435299e-01 5.562618280430160767e-02 2.143257880990681041e-01 3.587760992211384559e-01 2.402837950626612040e-01 1.377024944716847277e-01 1.894391526810655091e-01 4.125803633444966728e-02 1.700951462113454715e-01 3.457364782985798690e-02 2.840878739955125520e-01 1.631225844885425824e-01 1.763735062324137126e-02 3.343397251891633282e-01 
2.943781032989735702e-01 4.284035170515638341e-02 2.540348771314119292e-01 5.452219648637419702e-01 1.203137494616310921e-01 2.309457249906293405e-02 1.268691681749962996e-01 4.112038921941632008e-01 5.483637111604081765e-02 0.000000000000000000e+00 2.738887610661351335e-01 1.264194853699047438e-01 6.152461441440163492e-01 1.444325621278222671e-01 2.236532735241493763e-01 4.328443283493806359e-01 1.032719335039403996e-01 7.029518928532922650e-02 1.665578696249396529e-02 3.377473673313638458e-02 4.847176769827037379e-01 3.481934348396760193e-01 4.936745404973489348e-01 3.919504507625911627e-01 7.855273117582454168e-01 1.069834615325600674e-01 1.129130100000759612e-01 1.485326820769979350e-01 4.229730030125229412e-01 1.811771695916893632e-01 1.000064132205643885e-01 3.693587925961489687e-02 2.341917121375435284e-01 4.294887543594714807e-01 9.817671575782210835e-02 1.229275450228538985e-01 4.192052739396962546e-01 3.447064330444938318e-01 2.395755836049109563e-02 3.064187775897918575e-01 5.001587532483735277e-02 3.367692913121174692e-01 1.076003738827639583e-01 6.006665039371120868e-02 7.835477484916224256e-02 7.540874820313787918e-02 8.578601931118673418e-02 3.791180459516990675e-01 2.037533808340945551e-01 5.617195539403927462e-01 2.512771283745832696e-01 6.348515827447891169e-02 5.322678507492571015e-02 3.576183341241536140e-01 1.529639447704831401e-01 1.968019331843714192e-01 6.920938594500485042e-02 2.961673109810009641e-01 3.284672798370085606e-02 6.294831715081328216e-02 5.262636176858408177e-02 1.600361098348861977e-01 4.382749245383277814e-01 2.887347043274223757e-01 3.291489376092083807e-01 4.356214964885005703e-01 
2.091658800232064908e-01 1.056530982512505351e-01 3.809435647318976537e-03 4.150862796795806164e-01 1.398094612462134345e-01 6.480626407477046991e-02 4.117505934803940976e-02 4.241340248769809307e-01 1.827028753460841204e-01 2.738887610661351335e-01 0.000000000000000000e+00 7.160893803314630213e-02 4.673744818697984638e-01 7.523748450819660316e-02 3.171670516450004196e-01 1.403353681473234471e-01 1.581386257651674065e-01 1.304926787539632538e-01 6.673547395103339441e-02 9.332415212490281775e-02 5.052021056717775904e-01 3.743390378458715667e-02 9.340519748520333121e-02 7.327697302849454919e-02 4.903312891387598405e-01 1.492918800357104225e-01 5.054614534227557660e-02 3.789505938132781832e-02 2.730869085062199719e-01 1.385717216119237982e-01 4.569315300514183165e-02 1.071082331494769696e-01 1.013659138038172786e-01 1.214502941292666671e-01 1.422348242104665705e-01 1.459628097878558906e-01 1.516982761629930565e-01 5.896742268461060282e-02 6.428398403696762575e-02 1.368498026258577194e-01 1.494547633215859983e-01 2.984178288813989222e-02 9.667147482568880235e-02 2.784505398467826964e-01 3.147006623355126376e-01 7.542743355224984514e-02 2.582967738054205986e-01 1.199517305000303985e-01 2.301955534316009813e-02 2.618237825387014633e-02 4.845910696478988866e-02 2.319113735359346062e-01 8.480767379091946889e-02 3.322681947690232090e-02 6.679940661277140868e-02 5.629190189330268018e-02 6.018746064486737296e-02 6.726637112326754042e-02 1.457925119475611819e-01 7.836443812426918676e-02 1.340179934360362923e-01 2.952387559551051741e-02 1.350947217357150454e-01 9.947838285642555956e-02 2.788727991830067601e-02 8.326748039805022261e-02 
4.318768102686727089e-02 3.386354440885849804e-01 1.102609697316129372e-01 6.281388303984666854e-02 2.849257420810855090e-01 6.634912748349883205e-02 3.212785882337105270e-01 4.331633779374127052e-02 3.808280371245812423e-01 1.264194853699047438e-01 7.160893803314630213e-02 0.000000000000000000e+00 1.517621006481928991e-01 6.543066663461685195e-01 1.446171241079723668e-01 1.977350914783298011e-02 1.163007947737070419e-01 1.489711683752285576e-01 4.781665799143597906e-01 1.632558748734234955e-01 6.473349828385659144e-02 1.718594919929253284e-01 1.057318656348333191e-01 6.989288974785602682e-02 8.710335425314107149e-02 6.121232083312431183e-01 1.321951098775582534e-01 3.076677710122885934e-01 1.308512617313950521e-01 3.138163233810433578e-02 6.054526469648888187e-02 1.677617197377807845e-01 1.073792563498112002e-01 1.421854827218136386e-01 4.126914784107867384e-01 3.240350569175361461e-01 9.169450060679876224e-02 4.718259194302261428e-02 1.620266494139940006e-01 2.123640303821927589e-02 3.808040307129591240e-02 7.499910398793714628e-02 2.508689069027478791e-01 1.260523510779685552e-01 5.449849911221337634e-02 2.515298542029384410e-02 1.726469235079682862e-01 6.227377306505185034e-02 1.527162781068728825e-01 1.363502893113323622e-01 1.754289458749299091e-01 6.429559107981203114e-02 7.832253884400766641e-02 1.098984001532549160e-01 2.136740045092048734e-01 2.933314585747268666e-01 1.728869568227090203e-01 6.258225343141035624e-02 1.109674872467336648e-01 9.699891607266916682e-02 3.096476333305020479e-01 7.541178351245456102e-02 1.748550848251073653e-01 1.286096123448477457e-01 9.912839605026227408e-02 2.484345203334069607e-01 
4.399590702732356640e-01 6.645141176051244658e-02 1.257624879099521718e-02 5.617868494285765957e-01 5.333099153204753223e-02 1.390391509903738110e-01 2.863104331880323983e-01 4.752927622390133999e-01 2.241605860573590014e-01 6.152461441440163492e-01 4.673744818697984638e-01 1.517621006481928991e-01 0.000000000000000000e+00 9.662056333596454050e-02 3.813521306021140367e-01 4.311441363507756419e-02 2.314205775398786580e-01 1.304223192782896501e-01 4.913194928471616846e-02 1.006514674835693318e-01 6.438109381015657551e-01 7.418715982991830327e-02 5.272394625620511338e-02 8.584449790384718684e-03 6.152919915795568295e-01 9.418357781855860034e-02 1.103735681797480828e-01 9.500342731313066169e-02 1.985194179242653068e-01 2.962260167520501253e-01 1.805125924789748315e-01 2.801561158230423954e-01 2.514984345354532302e-01 3.837605521658047358e-01 5.180534436020384215e-02 1.054071965900368613e-01 3.771359832849746629e-01 2.190314667339372523e-01 1.369019268005108314e-01 1.837138342094124799e-01 1.246637565477267950e-01 1.574614150370634569e-01 3.535242016606699594e-02 6.933203077110448864e-02 9.609771774669964572e-02 9.527899885814886116e-03 7.809998126978667798e-02 2.996264500816946397e-01 2.264171416745273252e-02 4.135746257035902151e-01 1.145456862987845326e-01 1.109295398843190977e-01 7.193452694524868352e-02 2.748121160127115492e-01 1.588569026542089035e-01 2.671009927795240171e-02 7.184715316623756232e-02 1.012283381541991961e-01 8.699438121787991807e-02 9.776226868119812508e-02 3.324806356576710115e-02 2.360270501776131138e-02 3.497185818404823787e-01 1.914911465290034809e-01 1.809873690749757014e-01 3.491839208908900094e-01 
1.522797074326139866e-01 4.622176225283264328e-01 1.745754988814471054e-01 6.591149304327610647e-02 3.473713987660882740e-02 1.407635119216290864e-01 3.391161989545068284e-02 3.805745791486152274e-02 3.664213713575560638e-02 1.444325621278222671e-01 7.523748450819660316e-02 6.543066663461685195e-01 9.662056333596454050e-02 0.000000000000000000e+00 7.981242413721074958e-02 1.831019494048113649e-01 1.745289062155814530e-01 8.455390266017302758e-02 3.224623791026821618e-01 1.682008498906552643e-02 8.131814132182847710e-02 1.269782122507212840e-01 5.020759302767630050e-02 1.494652619643767610e-01 1.406073089021406541e-01 8.014707055849319417e-01 1.665655575398597432e-01 2.885659194671177930e-01 2.619546802292677667e-01 2.092590830858952200e-01 9.257058143881351231e-02 9.501912931241450477e-02 1.156055766694781273e-01 2.999726157917438282e-02 3.558644405127251997e-01 1.103673855557887884e-01 1.657733984813321571e-01 6.071384761482610803e-02 1.681660732112754686e-01 5.045590694755076183e-02 6.431954668740191838e-02 7.140954216669577470e-02 6.121876476444376020e-02 1.684958778136954882e-01 3.024679212185690247e-01 6.955251821823010827e-02 4.818150277407261539e-01 8.920103158701270241e-02 1.308725131140469899e-01 1.128073753145908825e-01 1.443498576669073330e-01 3.996003119624267491e-02 2.912651414888552462e-02 1.856437196801826450e-01 5.998866431931186571e-02 2.560069726005021612e-02 1.031261828927044766e-01 1.584212058910587362e-01 2.528393711743824879e-01 2.212941040053582539e-02 1.801357006748797729e-01 1.680595453953054319e-01 6.614942819005149854e-02 3.306913028453525860e-02 1.108516737077109848e-01 8.057422891195169246e-02 
6.012627105854890797e-01 9.599157820395977370e-02 4.670878354149447798e-02 8.139153670239300531e-02 2.919404109092166993e-02 2.357256207517689495e-01 3.548360028623212536e-01 3.710144987204015421e-01 5.629287427290939894e-01 2.236532735241493763e-01 3.171670516450004196e-01 1.446171241079723668e-01 3.813521306021140367e-01 7.981242413721074958e-02 0.000000000000000000e+00 6.177028615129648986e-02 3.435026971743838642e-01 3.338915653219948904e-02 3.052546956688327248e-02 2.147184721086773523e-02 8.774249302279314711e-02 5.053484664096576789e-02 9.006844474810994650e-02 1.203181010594253364e-01 2.311524874678172470e-01 5.507253889076081654e-02 2.399748880815390228e-01 8.797703535928336205e-02 2.781537999521308674e-02 6.330066918375220064e-01 2.529185433161696972e-01 5.424852703871467785e-01 5.249591958054441454e-01 2.971725140512819219e-01 9.949947177884964356e-02 2.468821556055571520e-01 1.213583980994176331e-01 8.029283529495080673e-02 1.746024333936880002e-01 7.311748661065939348e-02 1.817950109627476385e-01 1.581783721793377229e-01 2.676833451969503064e-01 2.109111917044430851e-01 1.666590534548296199e-01 2.688999966034488764e-01 1.052750742933381695e-01 3.385979557734401513e-01 1.755806027309224915e-01 2.272313502365060078e-01 7.722294001138596542e-02 2.373194594056047269e-01 1.394411267975236013e-01 1.732702353382616633e-01 2.070433237650741165e-01 2.547171271502167156e-01 1.832230158606918402e-01 2.079327553589466748e-01 1.164517704033171397e-01 6.662076781572695561e-02 1.019939019561227206e-01 1.215937897699156250e-01 3.396611187727691106e-01 2.203942729495013131e-01 1.425235659293179746e-01 3.683318716084224009e-01 
1.001680408285129664e-01 4.484874705196197769e-02 3.067112609390261757e-01 1.681396847562058317e-01 2.234469854832022429e-01 7.276651378644040380e-02 1.316606127254334180e-01 3.243153491351750961e-02 1.302267421355788601e-01 4.328443283493806359e-01 1.403353681473234471e-01 1.977350914783298011e-02 4.311441363507756419e-02 1.831019494048113649e-01 6.177028615129648986e-02 0.000000000000000000e+00 1.550531382657223956e-01 7.588658415383667255e-02 1.465607779695592833e-02 3.262647924724820098e-02 1.032137996390174173e-01 4.906726241994703863e-01 7.862817275474554002e-01 7.696672637355215230e-01 4.004819660386337854e-01 2.065025262725173338e-01 1.330787628256921151e-01 1.020626222180968656e-01 5.174332158490912992e-01 1.284481802882382062e-01 2.043651126644238925e-01 2.488239732181531660e-01 4.734003507755742829e-02 2.826829092416511258e-01 5.030498937727353320e-02 5.160313543097671402e-02 9.869620051943360506e-02 1.751272982083197371e-01 3.466836835466406003e-02 1.431674295239469541e-01 1.016059458526515358e-01 2.904215094479523640e-01 9.584035945952833202e-02 1.342422282259209676e-01 1.872607724527446393e-01 9.478011081518568359e-02 1.895872128517522570e-01 2.740663326046528514e-01 5.735203598745967080e-01 2.396677744042335356e-01 6.239203566118537575e-02 1.139448054123676779e-01 5.999177729360466449e-02 5.334163201769492185e-02 1.112268181898035807e-02 4.427444964940140393e-01 3.499896566045130886e-01 2.243499895230455232e-01 1.173822750575378160e-01 1.109297244363363633e-01 3.337822366199110630e-02 1.287600959731702854e-01 3.349967636723207853e-01 3.298506263094816982e-01 2.723972462992043653e-01 2.880763327476148494e-01 
3.160326470801453347e-01 1.759424026981277756e-01 6.611855394638149752e-02 1.248824795114947539e-01 5.883379101869289363e-01 3.894158209037984486e-02 8.088757074009922388e-01 8.232015391854657915e-02 4.988223650954590194e-01 1.032719335039403996e-01 1.581386257651674065e-01 1.163007947737070419e-01 2.314205775398786580e-01 1.745289062155814530e-01 3.435026971743838642e-01 1.550531382657223956e-01 0.000000000000000000e+00 1.450524876074047453e-01 8.398636844788794076e-02 2.751617061524224903e-02 1.489846030911069208e-01 3.528046389414447870e-02 1.708627075118185901e-01 1.320044094573128712e-01 1.241976039771887710e-02 9.977329571386917006e-02 7.194881242985037839e-02 1.260044297872850994e-01 1.195838162167944946e-01 3.975306035723112363e-01 2.154404381060331664e-01 5.529604879647226356e-01 3.660793814536615343e-01 4.061059327602719038e-01 4.331881077576894140e-02 2.035718897822628159e-01 5.045192848542245923e-02 1.941925554733212322e-01 1.160323168692578288e-01 2.301493622416937168e-01 1.313338350013363853e-01 2.106065227823949726e-01 3.460684010848808501e-01 6.411127799982259401e-02 1.853797108464027288e-01 1.845501776961830098e-01 2.362335658656170290e-01 3.835759937420321619e-01 2.151716055354066515e-01 3.424890943701927593e-01 1.193444930448522567e-01 3.004727639659666300e-02 1.026857024667807844e-01 4.895707638184974148e-02 2.756362767721340923e-01 2.570282049489108211e-01 2.201403781803348003e-01 1.860243235479077106e-01 6.146143905036284549e-02 1.604005611013051003e-01 3.962719134080910227e-02 1.123275821747115322e-01 4.046095741015077185e-01 2.362770555724931776e-01 2.259722312061203386e-01 4.537290209129318796e-01 
2.851906814311452876e-02 3.944199630517935401e-02 3.195198673199213801e-01 1.114564692438322208e-01 3.564848174089547267e-02 2.452154182806315919e-01 2.164556024625527084e-02 1.102730556752375968e-01 1.736043859788122257e-02 7.029518928532922650e-02 1.304926787539632538e-01 1.489711683752285576e-01 1.304223192782896501e-01 8.455390266017302758e-02 3.338915653219948904e-02 7.588658415383667255e-02 1.450524876074047453e-01 0.000000000000000000e+00 2.613501101614357225e-01 6.523111503870733241e-01 1.248526055283255415e-01 2.743781050845276459e-01 6.300800726670000018e-02 1.718183480791083406e-01 9.410151383670070646e-02 8.491999180304059258e-02 3.379891741519571585e-02 1.388712813228170084e-01 1.446844052287362022e-02 1.410849444157946109e-01 9.271083539509464289e-02 9.579924795342292798e-02 3.118226667062586333e-01 7.723114115433575566e-02 3.066656866428048023e-01 2.363668818088203727e-01 3.365952033501055929e-02 6.691091512710090061e-02 2.641460927864246466e-01 9.666487382654434524e-02 1.058780183080466064e-01 1.195452298407679581e-01 1.887510980337799293e-01 4.578964009132219237e-02 2.775328955047189350e-01 6.082306297408469203e-02 2.779125345994092888e-01 1.128498268891799522e-01 9.266069367521083400e-02 6.539450791882304992e-02 2.429905722497381626e-01 2.050098985578064081e-01 1.942461795134966529e-01 3.634886589665179552e-02 1.547818397557586267e-01 1.562226601509004720e-01 1.056004260474640577e-01 3.345139961013113977e-02 3.657874750715965906e-01 1.066720490721873027e-01 3.059398499499120794e-01 1.493407631994983220e-01 1.395787355024223630e-01 8.349541731886697682e-02 5.029996365566948707e-02 1.955909450551990836e-01 
1.610490114677819162e-01 1.338965735632343668e-01 4.413294254032807534e-02 5.923488335632631080e-02 2.520425558044961031e-02 1.499356042275137579e-01 7.828377133569158416e-03 7.492401056996945974e-02 1.717679105407932116e-01 1.665578696249396529e-02 6.673547395103339441e-02 4.781665799143597906e-01 4.913194928471616846e-02 3.224623791026821618e-01 3.052546956688327248e-02 1.465607779695592833e-02 8.398636844788794076e-02 2.613501101614357225e-01 0.000000000000000000e+00 5.889673207764798413e-01 5.823182694858532182e-02 9.836034167503548975e-02 3.327132388780788125e-02 8.550289345457071088e-02 8.789689015802930327e-02 3.633332111866658942e-01 1.045042367322037286e-01 2.008514360183812353e-01 2.546782307177064206e-02 2.282553987958864106e-01 1.123843013506624633e-01 1.479629540452465086e-01 1.560201320602423725e-01 4.394936346593128484e-02 2.012747504657004249e-01 1.306230625283233138e-01 8.804345174583025346e-02 2.270227734203035183e-02 1.167974913562322276e-01 2.528760468649013035e-02 1.321402300984577394e-01 6.745304525973427889e-02 7.197812645241702389e-02 1.383434036943640144e-01 6.969723308077085955e-02 1.259517464497794670e-01 8.764647831055917548e-02 7.823526991662566044e-02 9.250655973088714457e-02 5.272352386497103360e-02 1.830643301463638351e-01 2.380839733845913631e-01 1.537697113877252997e-01 1.159165369174537386e-01 8.165126361989538673e-02 1.252101998462249455e-01 7.091964894861313429e-02 9.650579447879838180e-02 7.747974317995856564e-02 5.017580085493258957e-02 1.856813781259488982e-01 1.612952618278275796e-01 1.858928474655104773e-02 1.728497791377176657e-02 1.188899373528165132e-01 3.756268132000618876e-02 
6.794821534370044935e-02 1.948820218155932968e-02 1.428319477469725540e-01 6.075693350821102096e-02 5.999390426054121428e-02 4.687716037689310805e-02 6.213730109712616023e-02 7.142862596716639811e-02 2.714119596912524177e-02 3.377473673313638458e-02 9.332415212490281775e-02 1.632558748734234955e-01 1.006514674835693318e-01 1.682008498906552643e-02 2.147184721086773523e-02 3.262647924724820098e-02 2.751617061524224903e-02 6.523111503870733241e-01 5.889673207764798413e-01 0.000000000000000000e+00 6.675279569450602579e-02 8.806964283200724442e-02 2.836342365117004022e-02 8.486247540617963825e-02 1.165919748802687200e-01 3.351326962977441148e-02 2.496464396889337967e-01 1.165956095887562410e-01 1.184264615311050178e-01 8.301887467941757026e-02 2.054195382415239801e-01 5.219672733047758112e-02 5.018587750802255137e-02 4.369041144298754092e-02 2.063085314361531031e-01 1.411887928112241786e-01 1.615609150641555275e-02 6.177420298160804513e-02 4.661932239173759152e-02 6.579437682923597319e-02 1.441390817649822742e-01 3.138998219613560459e-02 5.258562193476091357e-02 4.653888198445346042e-02 1.050535894098568873e-01 3.895452150682953557e-02 5.905921432438890339e-02 1.260473045716618487e-02 7.397069232936656635e-02 5.069643332285998782e-02 1.787036835164844406e-01 1.632731938107531700e-01 1.556714576142572415e-01 1.770496934930641461e-02 8.249125206639959518e-02 1.063052262775228962e-01 5.345304620800765683e-02 4.727859483981555061e-02 1.087633245406830207e-01 5.579145774229223725e-02 2.014418505659589520e-01 1.498725338130607598e-01 2.898674732171510615e-02 1.409560641024667528e-02 3.773562537272124456e-02 5.447525187149031278e-02 
1.308687087117911263e-01 5.425437662016714679e-02 4.659675806767519385e-02 8.836761471761198639e-01 1.394037135569606012e-01 4.801708626990807555e-02 1.083595727839133105e-01 3.238652650419520107e-01 2.796132946741770528e-02 4.847176769827037379e-01 5.052021056717775904e-01 6.473349828385659144e-02 6.438109381015657551e-01 8.131814132182847710e-02 8.774249302279314711e-02 1.032137996390174173e-01 1.489846030911069208e-01 1.248526055283255415e-01 5.823182694858532182e-02 6.675279569450602579e-02 0.000000000000000000e+00 4.885422534273901191e-02 9.096077511460476384e-02 2.910106313155080143e-02 6.465328642113447044e-01 7.100903058144775182e-02 5.367672996428730914e-02 2.487584340861923038e-02 2.529372878629121968e-01 5.944499680718972473e-02 7.575308508096592619e-02 2.006964954469621365e-02 6.435745032264761356e-02 1.343763137938419061e-01 3.299756324642010713e-02 5.025879128820103653e-02 5.569848174725701151e-01 1.231837572117975566e-01 4.838374488514013416e-02 8.613751576499337204e-02 3.591779001967361495e-02 4.779864800122092527e-02 2.820670091628044163e-01 2.498112595121898191e-02 1.244301037687031847e-01 1.916561378653796333e-01 1.293161610126120631e-01 5.762178914653663664e-02 1.071418940347502735e-01 2.044098019924333598e-01 3.292311361540966458e-02 5.990576059156238475e-02 2.189031517700866861e-02 4.114841087612943205e-01 2.979234659885803688e-02 1.100306238530395914e-01 5.717211877047260332e-02 3.125929732738008671e-01 6.774421584948728259e-02 3.297131700813835803e-02 3.975891831507161189e-02 1.283303987657994361e-01 9.264773356829836271e-02 2.827580385192141055e-02 4.820028009568522870e-02 6.093370570632229005e-02 
2.019799270528386537e-01 1.412291518715294014e-01 1.147478197863992799e-01 7.268945092956953513e-02 1.332310227874476394e-01 9.591845948628481555e-02 3.249918399458224388e-02 1.210430906202451251e-01 1.010256337808056182e-01 3.481934348396760193e-01 3.743390378458715667e-02 1.718594919929253284e-01 7.418715982991830327e-02 1.269782122507212840e-01 5.053484664096576789e-02 4.906726241994703863e-01 3.528046389414447870e-02 2.743781050845276459e-01 9.836034167503548975e-02 8.806964283200724442e-02 4.885422534273901191e-02 0.000000000000000000e+00 4.242039583013168524e-01 6.561561502323413064e-01 2.860220130194660038e-01 1.151335750026246801e-01 3.691234881767445630e-01 1.261322550744253534e-01 5.299129058198395192e-01 2.030295658575327344e-01 1.858343366633813665e-01 1.309517498642170097e-01 3.477784683674299271e-01 3.207671417628288335e-01 1.071649851523222424e-01 9.724957447925094978e-02 4.716841998363728583e-02 1.162178230237796844e-01 1.389409311890784093e-01 9.888072973688503964e-02 1.903877049297381663e-01 1.847352351618850863e-01 2.671323695909848528e-01 1.245619193014810278e-01 5.469159724458271671e-02 2.062104496122073860e-01 3.043884351672874328e-02 2.136757551126142740e-01 5.045095926983648310e-02 1.766084612485871452e-01 9.273910307455761337e-02 3.098160209118327665e-02 3.172080879226796268e-02 9.985400940950105164e-02 3.294305371510997116e-01 4.753247718887538414e-03 1.243179786249245106e-01 1.329543155861230008e-01 7.258350681810969707e-02 1.027090789836440643e-01 1.085522785033908172e-01 1.532162911566298247e-01 3.645711566490925648e-01 3.866801068119535278e-01 2.004780312618997251e-01 3.929678116502873242e-01 
4.835967611092448215e-02 1.964213284404262849e-01 5.166491457525863584e-01 1.769712147698378757e-01 3.217012446474966092e-01 9.841211825774465183e-02 1.599883877300105894e-01 1.314975712123572782e-01 1.991056703421114071e-01 4.936745404973489348e-01 9.340519748520333121e-02 1.057318656348333191e-01 5.272394625620511338e-02 5.020759302767630050e-02 9.006844474810994650e-02 7.862817275474554002e-01 1.708627075118185901e-01 6.300800726670000018e-02 3.327132388780788125e-02 2.836342365117004022e-02 9.096077511460476384e-02 4.242039583013168524e-01 0.000000000000000000e+00 7.627596058316299388e-01 3.788869753676484819e-01 4.756766334892497533e-02 1.034588337784569656e-01 3.442084039814818364e-01 3.426738241588875855e-01 1.137186179460827895e-01 7.057653818078704622e-02 3.123858304796117147e-01 4.015975469467460146e-02 2.936707492969111710e-01 9.165282313552416960e-02 4.146385524952393709e-02 8.860923661933164941e-02 2.881254518347340920e-01 5.254510179318628432e-02 2.587084936888749409e-01 8.873450808569648129e-02 4.083896749546203631e-01 1.358303231593662175e-01 1.481671931668953335e-01 1.123897643001191132e-01 8.485195265569502043e-02 8.418949225749176868e-02 3.652607105539844023e-01 5.123716329217166132e-01 2.963909771401031512e-01 1.848868096997406951e-01 5.958807599864931331e-02 5.223598666833968035e-02 7.186610645236771178e-02 4.111049594765409099e-02 5.282511181861685445e-01 3.291441871795809937e-01 2.093950189925669614e-01 5.990652037729742030e-02 1.354544011786466273e-01 8.941768640488065301e-02 1.285044807722783289e-01 3.742295172995567798e-01 3.015280280726237994e-01 3.959087031780718635e-01 3.318474473801804048e-01 
6.165983603183387146e-02 4.534380630215572444e-02 4.274553943063444383e-01 9.436449384148325181e-02 2.514315405133284997e-01 8.115885972117353742e-02 1.120390699407566304e-01 5.142654595489103836e-02 1.675973903037420998e-01 3.919504507625911627e-01 7.327697302849454919e-02 6.989288974785602682e-02 8.584449790384718684e-03 1.494652619643767610e-01 1.203181010594253364e-01 7.696672637355215230e-01 1.320044094573128712e-01 1.718183480791083406e-01 8.550289345457071088e-02 8.486247540617963825e-02 2.910106313155080143e-02 6.561561502323413064e-01 7.627596058316299388e-01 0.000000000000000000e+00 3.139671401068661605e-01 1.583963772411783599e-01 2.062296786040813401e-01 1.565522426538989986e-01 4.450560378743073642e-01 9.752925463491007863e-02 6.483086070524592126e-02 3.003523964396989654e-01 2.202064196099756677e-02 2.572119464437200298e-01 4.676853764094878602e-02 1.034221994268425121e-01 3.453919086528369625e-02 1.333051091136639721e-01 4.471557315622832346e-02 1.356340119524023780e-01 1.217336856471603612e-01 2.556339299735846948e-01 3.183286057538839420e-02 1.276715252842381410e-01 9.832818779853208513e-02 1.087415496275911941e-01 8.981037152286819314e-02 2.582716047522183311e-01 2.807515056880501292e-01 1.836024856503307989e-01 1.573125703664839115e-01 3.198110324780037428e-02 2.295311726050589321e-02 3.558322836330794076e-02 2.240255742808014983e-01 2.606048809346255823e-01 4.861352645053939464e-02 9.431435946005133075e-02 4.499775839756409157e-02 2.907649367459701900e-02 7.268992157026868406e-02 7.382139999903303273e-02 3.249237878471661345e-01 2.904777357551378003e-01 2.390419575332873581e-01 3.208816239854135888e-01 
