0.000000000000000000e+00 2.349019812080120270e-02 4.615982280929502996e-02 1.065260032594131552e-02 1.894170258549185068e-02 1.272475322197234027e-01 2.512034897848350878e-01 5.762104377951530187e-01 1.846656465352382870e-01 3.086446354988625074e-01 2.393494999613163254e-01 2.683605251383491472e-02 5.323979597379294715e-01 2.831672305643795004e-02 4.812793917553073175e-01 1.265742766457285673e-01 3.565329738714645980e-01 2.107931359066847130e-02 1.779472495635208984e-01 1.435531537233044330e-01 8.438707914933495091e-02 2.037421755151209157e-01 4.831428870313890511e-02 4.710189378081548750e-02 1.624827755117911610e-01 4.528533375894167740e-03 1.367202311428883377e-02 3.529967316888400763e-02 2.426904088910745300e-02 7.180342436533130313e-01 6.274290904520645196e-01 2.622202673389170124e-01 6.632632251656161992e-01 2.634808511972272504e-01 8.909567245044962280e-02 1.368380151813612389e-01 5.326156013666031447e-02 1.099753893710580799e-01 4.786022237119337552e-02 4.726662853284706312e-02 1.779456492484647601e-01 3.246431370764753244e-02 3.714312706111547735e-01 1.602624472012176976e-02 8.114799303563977051e-02 2.895758206931376422e-01 3.263471331015983107e-02 1.817593412095808991e-01 2.008057942349436020e-01 2.800422183951858934e-01 6.291887548589703005e-02 1.570005878221874818e-01 1.199527262975023240e-01 5.981051432928420619e-02 2.817406350638409496e-01 2.090134348084446980e-01 2.223479354061312085e-01 2.396527073499767624e-01 6.060225663409273683e-02 9.480023066203462079e-02 6.545062427811512706e-02 1.927004350232600360e-01 3.041941310594510894e-01 2.949344334465723860e-01 1.657681392158930345e-01 3.414882570003037743e-01 
2.349019812080120270e-02 0.000000000000000000e+00 4.616478824204313658e-01 7.575420048019766359e-03 1.082048441232277974e-01 8.471387452856736500e-02 4.163283136954054608e-02 1.654518293250131777e-02 9.229048911878062755e-02 8.637416880467693736e-03 1.462259362956856434e-01 2.239836990441113895e-01 6.053322775999455535e-02 2.612257319584259663e-01 1.772645973231390046e-02 7.256505796946141618e-02 6.389493349275246481e-02 5.397528168890823597e-02 4.849516022585039637e-02 5.330536251153646793e-03 6.066183479382182553e-02 1.372378780282918799e-02 2.521210640516652335e-01 2.024111467001329379e-01 5.931868325006271064e-02 5.347958328388002780e-02 2.448891024715696141e-01 7.728385093168544939e-01 2.039828593912267340e-01 6.771459419331429808e-02 7.398955127414161281e-02 8.230774800955489856e-02 8.713928078336394267e-02 1.316346809743442203e-01 6.114608279170251626e-01 5.862077332100021354e-02 2.397741479062727790e-02 2.312189983046050168e-01 1.451444264804330198e-01 2.319071062187696985e-01 3.225418110897674412e-02 1.746333652876736753e-01 5.367358153752965766e-02 1.219523015885401324e-01 1.623765373191361494e-01 9.205112026160880423e-02 2.010885065058625742e-01 1.287264603166633214e-01 6.436432175092268726e-02 9.827758914846189409e-02 3.025522568766184084e-01 1.062779702009197247e-01 1.091111065294907839e-01 4.101325766273549583e-02 1.841015159923195255e-01 2.165889867028703841e-01 6.377955117970695968e-03 4.265864391417418383e-02 1.229371042325588109e-01 1.033416446307488523e-01 4.120622115939413521e-01 5.700348942034108579e-02 2.049191597065040671e-01 1.180312836989794861e-01 2.126972181466293410e-01 1.883352597119603011e-01 
4.615982280929502996e-02 4.616478824204313658e-01 0.000000000000000000e+00 5.387626759433130491e-02 8.164608859552938136e-02 2.976248588372126247e-01 7.947701472922086632e-03 1.571330390712051550e-02 1.946994162619513913e-01 8.675503509954159143e-02 1.421905010257611401e-01 3.284557763268370900e-01 7.026080122171926567e-02 3.596344122385056741e-01 1.347846643631618047e-01 1.869353020857257575e-01 1.122672758219325773e-01 2.275703052846959618e-01 1.217886047944284206e-01 6.195000814474944939e-02 1.168896591621790965e-01 1.500433482302232502e-01 3.612132717453444553e-01 4.051866978272398723e-01 2.900702238960452262e-02 2.863141856193831547e-01 9.370271305677035922e-02 5.217953906294957589e-01 1.614701108572616228e-01 6.195226940058104481e-02 4.538126322553587971e-02 1.622814994163308544e-01 8.969378165703510014e-03 1.265534676194133568e-01 9.980044856828575173e-02 1.663279407201478377e-01 2.802152197708143722e-02 1.195924600640384389e-01 1.814982369595897482e-01 1.427854404327250082e-01 4.661819377643323936e-03 2.201264592783723772e-01 2.840904235052341131e-02 9.566528384144691241e-03 2.284113537126854498e-01 8.471616334641010604e-02 3.149495694722977968e-01 1.803801969292512519e-01 8.774281420992416369e-02 1.729382328748540198e-01 1.515966981358382870e-01 4.200653225738806840e-02 1.524998892256778510e-02 1.600460446363799385e-03 1.589171300198078118e-01 1.741546526972836406e-01 4.190368208571167846e-02 3.630497731981370546e-02 2.647450396734223332e-01 3.903196420287371321e-02 2.827762097370786071e-02 9.115122361811762997e-02 2.110774767962793896e-01 1.311058693058728686e-01 1.864350243761495329e-01 2.040798566210365594e-01 
1.065260032594131552e-02 7.575420048019766359e-03 5.387626759433130491e-02 0.000000000000000000e+00 2.207625323936494299e-01 2.623365676017712020e-02 2.260654162542837797e-01 1.895388710482767414e-01 1.393444394506564848e-02 5.365794758786111007e-01 2.850025746864968124e-01 3.301151281303581209e-02 3.777810464670451895e-01 5.044531588088648627e-02 8.500037666535290026e-02 1.384377768042681089e-01 1.928452191445993447e-01 1.001345580313520722e-01 4.771670607146758641e-02 1.113147632764386052e-01 8.572810134169069896e-01 3.066052871106060909e-02 1.600960848291402006e-01 1.964865358327789677e-02 7.447775966717893326e-01 1.702572048865693202e-02 9.261112739439122943e-02 3.551123525513983498e-02 1.666603845918234461e-01 6.002789488096751253e-02 8.046443372534326649e-03 8.500524979448026430e-02 8.875632150005084708e-02 1.513271674698989655e-01 4.394872530966444785e-02 1.509947107110587959e-02 4.973498101599648225e-01 1.565582792062066575e-01 3.261562511916674123e-02 1.333509062011662971e-01 2.272123494453869019e-02 6.807360968825040826e-02 2.957511283301911265e-01 5.472968516085485735e-02 4.494846701110135484e-02 9.727309625447533303e-02 4.696546007298189884e-02 9.109216973694982122e-02 1.101136613141660420e-01 2.475876297377367641e-01 9.183644319960725805e-03 5.926910060042313994e-02 8.621117608110535208e-03 3.307877850984821677e-01 5.564818581922542640e-02 1.235354394747332080e-01 4.085713628051466928e-02 3.683726107543414674e-01 7.039573472892868278e-02 6.344587461335587930e-02 5.821230728074432148e-02 1.685797610341990826e-01 1.268199983195254787e-01 7.312674861615645061e-02 1.100425713371678410e-01 1.062876221642724411e-01 
1.894170258549185068e-02 1.082048441232277974e-01 8.164608859552938136e-02 2.207625323936494299e-01 0.000000000000000000e+00 1.205342264205634499e-02 6.617334846458077235e-01 4.032728061725940338e-02 4.436293842418143618e-01 1.618495194833511619e-01 1.993842133796737970e-01 1.186050289487948356e-01 1.624974268882610831e-02 6.065450802865476193e-02 3.099175510289219060e-02 2.444950695741384961e-01 4.682540260743223159e-01 1.650872661924077944e-01 8.374090435663461562e-02 7.790313086421522815e-02 2.265761399259480779e-01 1.503289920265324653e-01 3.474664184178902770e-01 2.224690926570584426e-01 1.834853869718429953e-01 1.121793005498320089e-01 1.012953037722779948e-01 1.345450881298710932e-01 6.892824080034870571e-02 5.381731078530626461e-02 1.888483811204796220e-02 5.219417427355215189e-01 4.112717949219441005e-02 1.957375273664671567e-01 2.054021756027498147e-01 1.790262363168991233e-01 8.520980434688675553e-02 3.120403984853944643e-02 9.661162741178840052e-02 2.481777111512045025e-02 1.920892764312107925e-01 6.465673697366690342e-02 3.180724055467843425e-01 5.183057818627086200e-02 5.294226507563582623e-02 7.565211305255553631e-02 1.589774894160885660e-02 5.986588533509257931e-02 2.530618212536945300e-01 3.588648877076866528e-02 8.097974083122333466e-02 2.538831228885810726e-02 4.274115924317533483e-02 5.033432126380620042e-02 1.363439767008692571e-01 3.558672058019418660e-01 1.945012106939257857e-01 1.950424557417859139e-01 1.948518626018969774e-02 9.760854056493838138e-02 2.297020616598688392e-01 1.159042633651243132e-01 1.471168763681295621e-01 1.220871096406691697e-01 1.939902624330904282e-02 2.006051668423868284e-01 
1.272475322197234027e-01 8.471387452856736500e-02 2.976248588372126247e-01 2.623365676017712020e-02 1.205342264205634499e-02 0.000000000000000000e+00 2.146045892593215904e-02 3.583701829929099997e-02 6.436353542616493617e-02 6.472185887831721773e-02 6.906379361345142687e-02 3.860715097689754738e-01 9.890504937820888964e-02 4.178386545862762813e-01 1.560859115537525377e-01 1.843889579283995717e-01 2.105213305768725840e-02 2.929810162012850827e-01 2.169557426623499874e-01 2.695275729280601634e-02 5.110684319266088627e-02 1.047768830678458274e-01 2.135507413302300261e-01 1.572341795759205907e-01 1.957066415489451539e-02 5.593265818526584887e-01 3.249850647732939746e-01 3.477883704738454068e-02 6.333993009630713156e-02 5.322751247485857373e-02 6.572212737722850362e-02 2.512288901232624383e-01 4.404040566711895852e-03 2.313158487477111683e-02 6.795034065288352298e-02 1.363529818611243227e-01 1.750352340788342148e-02 4.521336958068216533e-02 5.729662627452998258e-01 8.030490212921211068e-02 1.755252856388392693e-02 2.323763867052911491e-01 7.303801060550904611e-02 6.812436694376644564e-02 3.975347316469808878e-01 3.227939127312814960e-02 4.412558188725595465e-01 1.248371969553173783e-01 1.848816743053938449e-01 1.193221294000519350e-01 1.476664728042277053e-01 1.475373807202134124e-01 3.612041269403107758e-03 1.856830082841094687e-02 1.459056059927663351e-01 2.016516199487412841e-01 1.676681157837023317e-01 8.967402256293770246e-02 5.251469220002888960e-01 2.202953675048308635e-01 2.404817371496939180e-02 1.041577337854533020e-01 6.083336438800663291e-03 5.296164314398677658e-02 1.993874616848532455e-01 2.377190663158756934e-02 
2.512034897848350878e-01 4.163283136954054608e-02 7.947701472922086632e-03 2.260654162542837797e-01 6.617334846458077235e-01 2.146045892593215904e-02 0.000000000000000000e+00 2.191039384880931820e-02 5.321823137896062317e-01 1.523378907544943248e-02 9.863959862084394070e-02 1.656331191848089968e-01 2.494386534824858670e-01 1.014447537089902540e-01 2.124971175668312340e-01 1.829522406831062264e-01 7.545054722996401564e-01 1.040103567385726596e-01 8.080920156314203018e-02 3.063398527128020563e-02 2.099529157508219501e-01 7.339044648834525120e-02 2.520391689584402517e-01 1.134138815866558153e-01 1.284965727484738418e-01 1.452797057913064183e-01 7.783280008548347506e-02 2.083627193542885933e-02 6.989926225990604480e-02 2.516361916405197574e-01 8.593120773873581808e-02 5.801767291082878808e-01 2.212977021404787803e-01 3.240530015646007067e-01 1.842449762336098029e-01 2.712362911520270203e-01 8.302544132867113735e-02 2.761489444719217833e-03 2.163448727037295682e-01 1.443907167857372970e-02 1.907559580065649740e-01 3.387496747558825516e-02 4.248974927684808223e-01 2.491834447428441929e-02 1.493211725237239551e-02 2.151660523456269958e-01 5.037972019029966775e-02 2.752670807364448469e-01 2.847259661343086723e-01 2.491695133612064350e-01 1.620518366555113998e-01 6.949155281413636753e-02 1.177953717262471972e-01 6.125566101698122490e-02 2.756679487241073812e-01 3.844438400923481103e-01 2.909669654669016503e-01 2.283121862167313554e-01 1.108311388300261824e-01 1.134112962618787357e-01 2.245225772407539733e-01 1.071671391673848506e-01 3.676800472014303267e-01 2.182910467899971119e-01 7.879184521415812104e-02 4.323370034688867047e-01 
5.762104377951530187e-01 1.654518293250131777e-02 1.571330390712051550e-02 1.895388710482767414e-01 4.032728061725940338e-02 3.583701829929099997e-02 2.191039384880931820e-02 0.000000000000000000e+00 1.350482616714472339e-01 4.068455900875428966e-01 3.272068245468430225e-01 5.257021915521314925e-02 4.546092249811142239e-01 3.343295676543222433e-02 2.407868063970312889e-01 3.391250627034179260e-02 6.181433721457744307e-02 6.289467532476679390e-02 6.826610913246074219e-02 1.158752431072762601e-01 2.573703870233943758e-01 7.460181153803938092e-02 8.023102938021814401e-02 1.512489023943728098e-02 3.779150428049686816e-01 3.276205762433923030e-02 9.012523652424173082e-02 7.859191352488446858e-02 1.530824565083737376e-01 3.108107878588627915e-01 4.333925729787485581e-01 5.435010870444585696e-02 3.276181751246753926e-01 1.978707390401796273e-01 3.524105112368625115e-02 7.778188689169490688e-02 4.622700360201421887e-02 1.618299499773722672e-01 2.619437566538117615e-02 1.209700805180237149e-01 1.438022087692494844e-01 5.433657709166386796e-02 1.664325714197195383e-01 4.464721802732688621e-02 3.781353017051334447e-02 1.358900604235208642e-01 1.873218336917560276e-02 8.985603511606984894e-02 6.414045081584403285e-02 2.118351442736952361e-01 4.940087093549453551e-02 5.792705383655102902e-02 5.974374898146828788e-02 4.676160616440926121e-02 1.861064185849895525e-01 4.649992257993160183e-02 1.011665702160477881e-01 1.046438621318628581e-01 2.629546680322132624e-02 2.128671362949325144e-02 9.694318597908225046e-03 1.172671194550507501e-01 1.877265597702646727e-01 2.157662250678581695e-01 1.401331627510671030e-01 2.122546274682665934e-01 
1.846656465352382870e-01 9.229048911878062755e-02 1.946994162619513913e-01 1.393444394506564848e-02 4.436293842418143618e-01 6.436353542616493617e-02 5.321823137896062317e-01 1.350482616714472339e-01 0.000000000000000000e+00 1.589477093741314961e-02 7.416295397010765067e-02 3.100536744973102499e-01 1.502702596334319352e-01 1.469738800035791937e-01 5.365408222839821439e-01 2.812919329511268107e-01 3.908502680387624939e-01 1.153819625638731750e-01 1.210225706646933796e-01 1.018261462739049050e-01 9.892445872272920271e-03 2.055574162785743508e-01 3.656109565506833747e-01 3.013127058708288675e-01 1.799167076878783328e-02 2.859703734183376422e-01 2.316985654802232730e-01 1.831451816531835808e-01 7.374575048410268729e-02 3.165757921257036922e-01 2.832861318419657715e-02 4.861699012374365303e-01 2.627827017829836853e-01 1.716482702426523066e-01 2.114965566929488117e-01 2.799691488538942896e-01 4.525402360083062570e-02 7.534514262292815734e-02 2.749712983000430211e-01 3.325400893270611530e-02 8.666735327063503080e-02 5.451010164479298814e-02 2.878776768934849795e-01 1.919759050558694433e-02 4.142286764485535178e-02 1.023693883936758753e-01 6.101715140512715269e-02 1.553281519698880841e-01 3.425399625240511670e-01 1.331603763176176791e-01 1.477413057136966468e-01 5.734438855713521604e-02 2.898215908058842175e-02 2.911618031774021453e-02 1.973980293108341388e-01 4.368980598172349517e-01 3.136001712763202276e-01 1.305878764238317391e-01 1.889975717587800974e-01 1.054340166739285156e-01 3.034604854304057686e-01 5.047628961339633430e-02 2.144108458417968432e-01 1.105332850558212177e-01 6.186727794780796236e-02 2.809391471857609068e-01 
3.086446354988625074e-01 8.637416880467693736e-03 8.675503509954159143e-02 5.365794758786111007e-01 1.618495194833511619e-01 6.472185887831721773e-02 1.523378907544943248e-02 4.068455900875428966e-01 1.589477093741314961e-02 0.000000000000000000e+00 2.424422854518215875e-01 6.444656583599876754e-02 5.915520586005351689e-01 7.279499043039147632e-02 1.689353022267668647e-01 4.042783653278194667e-01 6.794662196455335257e-02 2.649042815416453173e-02 8.843496892890037597e-02 1.399455987251271294e-01 5.090957805023564875e-01 3.054073651371636000e-01 4.587489291421638637e-01 2.966937057754669427e-01 7.996544496002498947e-01 3.914223406245950776e-02 2.787153863824315403e-01 1.088934036946613004e-01 4.224689069016820397e-01 2.522008575430702559e-01 2.090078786459622640e-01 3.654911580507484020e-02 3.200793175020854031e-01 3.985535062825080188e-01 7.812857099009322404e-02 1.054755768672055588e-01 4.560423355981025328e-01 3.970001264910376082e-01 4.010636621412482644e-02 3.303632205947035216e-01 4.274485467314708548e-02 2.887286639199769800e-01 2.020339449002235555e-01 1.005067757382628463e-01 5.135922120572749411e-02 1.196527163604979918e-02 4.662483232005866507e-02 3.280657973762025059e-01 2.315967988978604453e-01 6.488352093370756135e-01 1.573207040434855819e-01 1.559619914558521558e-01 1.786702227239154658e-02 4.024896259775829765e-01 2.614511512946313121e-01 2.443713487942520968e-01 5.489672835793749095e-02 3.958353230368926168e-01 2.944502733812403086e-02 1.750626871829833453e-01 3.016990409828921443e-02 2.031557470455488679e-01 4.523957352048554315e-01 2.904962524811374180e-01 3.856031620585314013e-01 4.385703341709774605e-01 
2.393494999613163254e-01 1.462259362956856434e-01 1.421905010257611401e-01 2.850025746864968124e-01 1.993842133796737970e-01 6.906379361345142687e-02 9.863959862084394070e-02 3.272068245468430225e-01 7.416295397010765067e-02 2.424422854518215875e-01 0.000000000000000000e+00 4.582077324295782961e-02 5.042494863832756025e-01 7.382958207514159210e-02 2.621187882366058375e-01 3.481889730298116242e-02 9.245777666453813826e-02 1.029316702965360486e-01 5.512547266243483790e-02 1.213927206131788783e-01 4.828674361017776251e-01 1.090584447699244064e-01 4.661382699785329015e-02 1.212944728973278513e-01 3.322851295270691230e-01 4.332429930337445417e-02 7.780067376061537698e-02 1.139355718692503794e-01 1.462305196123275253e-01 2.059744254309525124e-01 4.509439306300653399e-02 7.503534482342338018e-03 1.974706340570656637e-01 4.450742229679314349e-02 9.066572301743799911e-02 3.704931040830337224e-02 1.148427031936645332e-01 3.597952430404349061e-02 1.378456105066068124e-02 4.025006050411304714e-02 1.005616932865796981e-01 2.113462107593114606e-02 8.790932455440143845e-02 1.407298351498008082e-01 1.115767502217201723e-01 3.200082037535854212e-02 9.830690767192318269e-02 1.782285147814404239e-02 3.695015062377352000e-02 4.476607202153980863e-02 9.296520649575173989e-02 1.146960359855345724e-01 9.137474893039113089e-02 5.642151566875949764e-02 1.128512083633321540e-02 6.255868065253383792e-02 3.637719238130381061e-02 4.975111852768003551e-02 6.142139387701253672e-02 3.921727221512438799e-02 7.059815462491414451e-02 3.827843110351338701e-02 3.446991998160738729e-02 5.000504149898254633e-03 4.111701784184040864e-02 3.599601606638918455e-02 
2.683605251383491472e-02 2.239836990441113895e-01 3.284557763268370900e-01 3.301151281303581209e-02 1.186050289487948356e-01 3.860715097689754738e-01 1.656331191848089968e-01 5.257021915521314925e-02 3.100536744973102499e-01 6.444656583599876754e-02 4.582077324295782961e-02 0.000000000000000000e+00 8.900780631315327596e-02 8.541584917952440570e-01 9.601189246897484653e-02 1.983270153866984256e-02 2.724083265823118438e-02 1.707575404688349008e-01 4.957026488730170155e-01 5.019448153275939128e-02 6.649526464467840625e-02 6.020279902350495621e-02 1.172164741587054942e-01 6.833106853370503331e-02 7.492675540853657723e-02 6.846387701617309141e-01 2.668212189285984817e-02 2.308933904487902034e-01 1.523648160825544218e-01 8.010616132513867504e-02 3.620469366353833846e-02 1.145471510960733297e-01 5.899668373725524412e-02 4.284607073393805615e-02 2.498526298151983183e-01 2.026427064250544974e-01 7.147035377583715876e-02 6.350090193467221311e-02 4.157387030509976378e-01 2.186696702036894716e-02 2.474530133849056970e-02 8.874613422043740874e-02 1.829343959710040893e-02 8.917023587479840085e-02 3.032221916841279508e-01 1.146102860295283576e-01 5.140766587447274105e-01 7.023722944833336174e-03 6.360460865886710669e-02 1.307155849991875445e-02 2.468848237911527022e-01 7.674298576301891162e-03 5.782049544755473586e-02 9.571587064298953118e-02 1.561878292886238473e-01 1.558636834032524066e-01 6.983602468643652916e-02 4.634000857627466885e-02 3.810116568768309731e-01 6.064449752497086746e-03 2.073258793988618509e-01 6.059867984141544678e-02 9.386533969759815188e-02 5.362136211442578709e-02 1.316465021406050540e-01 1.326635071880122307e-01 
5.323979597379294715e-01 6.053322775999455535e-02 7.026080122171926567e-02 3.777810464670451895e-01 1.624974268882610831e-02 9.890504937820888964e-02 2.494386534824858670e-01 4.546092249811142239e-01 1.502702596334319352e-01 5.915520586005351689e-01 5.042494863832756025e-01 8.900780631315327596e-02 0.000000000000000000e+00 1.035625246273689098e-01 3.177510830785277851e-01 2.535083005084463187e-02 2.754237533815847017e-01 1.184105473758452348e-01 1.176004987950548392e-01 1.927944845840146582e-01 5.237973474038558619e-01 1.905446822120383799e-02 2.319293601031575253e-02 3.860987047808170369e-02 5.088200792692163521e-01 7.037938448774759548e-02 6.595102361317588258e-02 1.717742274251105386e-02 1.668495028062308705e-01 3.807479110421613799e-01 2.606726534174642063e-01 2.342668874450351824e-01 3.760295731159721266e-01 3.683013157783999181e-01 8.354139045799001406e-02 1.217366469329984879e-01 3.002557729622208904e-01 2.127159495497444319e-01 1.129808346595522206e-01 1.518129892536062009e-01 1.129576796617165479e-01 1.069899271254934475e-01 6.156881447650170563e-02 4.623813768715344386e-02 1.033216276948231566e-01 8.945629269946148154e-02 1.066163295922758353e-01 2.674863021645071393e-01 9.126758708193612180e-02 4.314501715405414384e-01 6.360177233972540145e-02 1.736283565081457869e-01 1.212897585516805044e-01 2.400255389863289457e-01 2.457845552453281346e-01 1.199426628767819858e-01 1.447469403764356510e-01 6.104569346791925005e-02 1.234407905836956698e-01 2.230965266224221866e-02 5.749493916419632505e-02 1.173008397875944034e-02 3.688406882472946013e-01 2.449396748215386665e-01 2.322781628228730577e-01 3.752408052620812562e-01 
2.831672305643795004e-02 2.612257319584259663e-01 3.596344122385056741e-01 5.044531588088648627e-02 6.065450802865476193e-02 4.178386545862762813e-01 1.014447537089902540e-01 3.343295676543222433e-02 1.469738800035791937e-01 7.279499043039147632e-02 7.382958207514159210e-02 8.541584917952440570e-01 1.035625246273689098e-01 0.000000000000000000e+00 1.419155918205012787e-02 3.830366563590721640e-02 7.792113274589346217e-02 2.938214046578748739e-01 3.646940661707809284e-01 9.584341859386412421e-02 9.578463220692243207e-02 6.389916381770337217e-02 7.697893264227100019e-02 5.179038886585073803e-02 1.097356911258601797e-01 7.086557335487707610e-01 7.255971831145549555e-02 2.254136885682637981e-01 1.946795872462873944e-01 1.158138886337232581e-01 5.137260480782063904e-02 3.644959798881173413e-02 9.845409580315739317e-02 1.147370838874645430e-02 2.277793452375412309e-01 1.848406651607721329e-01 1.000948327882199701e-01 9.435856966681584190e-02 4.374587532416771563e-01 8.099138734350123936e-02 2.032889981897671033e-02 1.158056692497367035e-01 5.842975137461674240e-02 8.108151890512871329e-02 5.200336363999469302e-01 1.505300073197358979e-01 7.157853658448619649e-01 1.141254448028139121e-02 1.801905265599086300e-02 2.079376155743459242e-02 2.246917402332572200e-01 1.518944882868161761e-01 1.559149780544397124e-02 1.126400684869538760e-01 1.290818725148145107e-01 9.406591051815621496e-02 1.358872061425240273e-02 8.694050636877659333e-02 4.886764236372833636e-01 4.912107627794894127e-02 1.610617005825272507e-01 1.077284834404287905e-01 6.555044120400523033e-02 3.223814885228813709e-02 1.551940080586458048e-01 8.060057027172645716e-02 
4.812793917553073175e-01 1.772645973231390046e-02 1.347846643631618047e-01 8.500037666535290026e-02 3.099175510289219060e-02 1.560859115537525377e-01 2.124971175668312340e-01 2.407868063970312889e-01 5.365408222839821439e-01 1.689353022267668647e-01 2.621187882366058375e-01 9.601189246897484653e-02 3.177510830785277851e-01 1.419155918205012787e-02 0.000000000000000000e+00 1.651133903751032250e-01 3.677456957985568153e-01 8.583884307730146879e-02 3.785835298573463764e-02 2.332232712783868789e-02 1.173800169234721913e-01 2.271004780273960799e-02 1.665764030790048977e-01 1.850860702346608100e-01 1.079833167365468055e-01 9.456075342140189688e-02 3.171604966604968934e-01 5.199430304152839050e-02 5.545747951479792354e-02 6.465831277630265106e-01 1.701993778315658290e-01 4.477934350832408206e-01 5.769481783436932743e-01 1.360908326402678614e-01 1.077864856111729747e-01 1.703552255678571492e-01 5.139593313601925617e-02 1.460174260439436010e-02 1.327924809767111469e-01 2.890612010346348126e-02 2.885661896647298205e-02 8.145319224163803662e-02 2.633364492350354080e-01 4.324745304760600068e-02 2.908391032565496234e-02 2.408078821491320409e-01 2.012252789036022074e-02 2.236278073034220770e-01 2.354139987575026849e-01 2.518142213470372370e-01 7.641103380325463268e-02 7.924896785718686665e-02 8.069702862522734610e-02 6.707419241823996126e-02 1.945778983068430779e-01 2.703062226656643974e-01 2.412785519193602068e-01 1.226697437435953913e-01 1.074906452365324283e-01 1.003670375542657783e-01 1.412565119821203585e-01 6.267352224282167483e-02 2.464071386697197774e-01 1.367921240197723376e-01 6.384180336344984219e-02 2.803222428691945489e-01 
1.265742766457285673e-01 7.256505796946141618e-02 1.869353020857257575e-01 1.384377768042681089e-01 2.444950695741384961e-01 1.843889579283995717e-01 1.829522406831062264e-01 3.391250627034179260e-02 2.812919329511268107e-01 4.042783653278194667e-01 3.481889730298116242e-02 1.983270153866984256e-02 2.535083005084463187e-02 3.830366563590721640e-02 1.651133903751032250e-01 0.000000000000000000e+00 1.570823749769025002e-01 8.246355960876496083e-02 5.133203248012558478e-02 2.233768000626756497e-02 8.071065381159778229e-02 4.466620368150590603e-01 8.047873077120403229e-01 6.784122912399105365e-01 3.554242968258950475e-01 6.509306002098409760e-02 3.578672757189794162e-01 1.584070446875474880e-01 5.277761793696893466e-01 1.433689805167826514e-01 1.341674476094258384e-01 3.041969946425656657e-01 8.028621970095321803e-02 1.434774606966558175e-01 3.645597143412015323e-02 2.796019077422452759e-02 1.409830129048121328e-01 2.177186053464660875e-01 1.831846410899854727e-01 1.809450995545166807e-01 3.825315391970306872e-02 2.868602361009490731e-01 2.368950291029544852e-01 1.901957244599543351e-02 8.731163765856841952e-02 3.245051826999421213e-02 5.771771119356036012e-02 1.927992967615129449e-01 5.911281199443844114e-01 2.639591948537569621e-01 2.424921059067125864e-02 1.509459414083109408e-01 3.234119444829258727e-02 9.991727541171072091e-02 1.038616095409193862e-01 5.542673488198587295e-01 2.730869670947622119e-01 3.080022580452756453e-01 9.169026976879336710e-02 2.836677222882115768e-01 1.456907287984741950e-01 1.660475340667954824e-01 2.185452550469619004e-01 2.070565184334238196e-01 2.964178852925243857e-01 1.797141661430039783e-01 
3.565329738714645980e-01 6.389493349275246481e-02 1.122672758219325773e-01 1.928452191445993447e-01 4.682540260743223159e-01 2.105213305768725840e-02 7.545054722996401564e-01 6.181433721457744307e-02 3.908502680387624939e-01 6.794662196455335257e-02 9.245777666453813826e-02 2.724083265823118438e-02 2.754237533815847017e-01 7.792113274589346217e-02 3.677456957985568153e-01 1.570823749769025002e-01 0.000000000000000000e+00 2.172820021984211425e-01 1.984211821227862549e-01 4.782084709605460143e-02 1.796426413236336950e-01 2.352715011676336995e-02 1.703593109754779900e-01 5.450503977278597229e-02 1.161270507909687860e-01 2.339456449642129260e-02 1.411270682636297236e-01 8.616276102431666417e-02 1.079194847063008611e-01 4.013642652094457919e-01 1.180328073935379973e-01 6.003887094585187434e-01 4.120944415397235217e-01 3.667228768753525991e-01 1.057127582925662529e-01 2.144174861527034792e-01 1.079781589207704645e-01 6.968224160970989955e-02 1.095402887499421357e-01 8.606125713812191880e-02 2.020680176486671642e-01 1.658110294865840773e-01 5.140653771273253625e-01 3.615004175040280321e-02 8.017093526057585129e-02 3.326886096217048783e-01 8.181115014860841639e-02 3.787921531871165648e-01 2.635608429302601086e-01 3.578352626260000169e-01 1.519824992354855131e-01 1.071296658639912247e-01 1.383007743752985297e-01 1.018489275418392320e-01 3.139930065516789437e-01 3.288104930623200750e-01 2.817362745133548674e-01 2.730854154506048848e-01 1.148783276593878799e-02 1.395222887384762467e-01 1.368612479128292758e-01 1.437289167663251543e-01 4.554676308129738116e-01 2.706260100466363339e-01 1.772417327339943782e-01 5.184785076579623286e-01 
2.107931359066847130e-02 5.397528168890823597e-02 2.275703052846959618e-01 1.001345580313520722e-01 1.650872661924077944e-01 2.929810162012850827e-01 1.040103567385726596e-01 6.289467532476679390e-02 1.153819625638731750e-01 2.649042815416453173e-02 1.029316702965360486e-01 1.707575404688349008e-01 1.184105473758452348e-01 2.938214046578748739e-01 8.583884307730146879e-02 8.246355960876496083e-02 2.172820021984211425e-01 0.000000000000000000e+00 2.129291465513956025e-02 5.576626397968502680e-01 1.152135297345083798e-01 3.200861154551296606e-01 7.213890812667644870e-02 1.381332990123155247e-01 8.441151538543559263e-02 2.939202197967577534e-01 9.663621630236972349e-02 1.363961082062966068e-01 6.555365808033199182e-02 1.932513708626657778e-01 6.652038224754759643e-02 7.046820816004907562e-02 2.781507279808872468e-01 1.222243655166283111e-01 2.378143350835425218e-01 1.354937419496651529e-01 4.234890312992733302e-02 8.412508451269237741e-02 2.693681176821799417e-01 1.270021623747733808e-01 2.671904891980628194e-02 1.640329789990079001e-01 1.463732759794441063e-01 8.104865340439419696e-02 3.651473299938534645e-01 9.571447612381622783e-02 3.857803733715368666e-01 1.449356001921341397e-01 4.202801970510026269e-02 1.664043924704171340e-01 1.594096018994944075e-01 1.259408769308685283e-01 8.527732818262971637e-02 5.971174525193319489e-03 1.326147362275010566e-01 5.541353875850665855e-02 6.538359830895643099e-02 2.043185130094126931e-02 3.950766830519600870e-01 3.395148507135290622e-02 1.930401177187164585e-01 2.496838836536839634e-02 1.850574070266682303e-01 1.175630540144979030e-01 1.104088253147271909e-01 2.129581202140990170e-01 
1.779472495635208984e-01 4.849516022585039637e-02 1.217886047944284206e-01 4.771670607146758641e-02 8.374090435663461562e-02 2.169557426623499874e-01 8.080920156314203018e-02 6.826610913246074219e-02 1.210225706646933796e-01 8.843496892890037597e-02 5.512547266243483790e-02 4.957026488730170155e-01 1.176004987950548392e-01 3.646940661707809284e-01 3.785835298573463764e-02 5.133203248012558478e-02 1.984211821227862549e-01 2.129291465513956025e-02 0.000000000000000000e+00 4.886806104211415813e-01 3.001003921937236973e-02 5.481369963634424858e-02 1.776335328269376679e-02 5.854229919034131813e-02 6.178013259665716267e-02 4.260828319842155376e-01 2.061827361753629240e-01 1.401506121417799844e-01 8.533785420714788683e-02 3.169911324014100251e-01 1.843022917493531421e-01 1.984085019862071864e-01 3.353637500218740741e-01 5.785101973483902649e-02 9.331662925454085877e-02 5.620117659198505672e-02 4.592026207151902323e-02 3.090587158449834004e-02 1.492650204148546489e-01 1.960748678040415832e-02 4.893126042233562206e-02 5.175636519421266540e-02 1.174944825095073087e-01 9.280400801473069616e-02 8.926038250296995658e-02 1.901543032117724574e-01 2.361826180707355394e-01 8.151469704305101815e-02 3.979090763283577026e-02 1.448098314664207353e-01 1.066932610379043994e-01 1.478024319959949096e-01 1.407708015386594513e-01 8.021248433482400242e-02 2.003864672059574303e-02 3.572598074900797810e-02 4.670402277830323912e-02 8.048852175202622639e-02 1.620778140769463804e-01 8.124377482030346875e-02 9.745746098511781641e-02 7.574885598492835104e-02 6.665352497575643964e-02 5.061228086879043103e-02 1.421419056174157147e-01 6.838380735409395339e-02 
1.435531537233044330e-01 5.330536251153646793e-03 6.195000814474944939e-02 1.113147632764386052e-01 7.790313086421522815e-02 2.695275729280601634e-02 3.063398527128020563e-02 1.158752431072762601e-01 1.018261462739049050e-01 1.399455987251271294e-01 1.213927206131788783e-01 5.019448153275939128e-02 1.927944845840146582e-01 9.584341859386412421e-02 2.332232712783868789e-02 2.233768000626756497e-02 4.782084709605460143e-02 5.576626397968502680e-01 4.886806104211415813e-01 0.000000000000000000e+00 1.108103628032605092e-01 4.570195610264245201e-02 2.581284384961383613e-02 6.035788949175208834e-02 1.630288733732372375e-01 1.402638067582467028e-02 2.325328711705943741e-01 1.287660645310738372e-01 1.731812932562387664e-02 1.265248459175530860e-01 2.861275850958551192e-01 2.072052979170571282e-02 1.231716408536815965e-01 2.220958113980264076e-02 1.088919760518764768e-01 5.143169858982070408e-02 1.657605708461350191e-02 2.618472372736357912e-02 5.984898335158996691e-02 5.690169235138442527e-02 4.588719551582265410e-02 2.863732827283453283e-02 2.089750151288686381e-02 7.825532678830758593e-02 1.914332778995381512e-01 5.421217033317739936e-02 1.461437467855083716e-01 5.638240017171949718e-03 1.591035820973780296e-02 4.078738121097762181e-02 1.152806432402190412e-01 1.636403783898678077e-01 1.477784123016446238e-01 1.444053747879462182e-02 1.775092270848344436e-02 2.507411266714769035e-02 3.218904171329781821e-02 1.218485061069223170e-02 1.333334553484140095e-01 3.736426188075500643e-02 9.929415999373907009e-02 3.998070696329780738e-02 1.766236493274322972e-02 2.277162319022726922e-02 5.834673064636854145e-02 2.565697055007165606e-02 
8.438707914933495091e-02 6.066183479382182553e-02 1.168896591621790965e-01 8.572810134169069896e-01 2.265761399259480779e-01 5.110684319266088627e-02 2.099529157508219501e-01 2.573703870233943758e-01 9.892445872272920271e-03 5.090957805023564875e-01 4.828674361017776251e-01 6.649526464467840625e-02 5.237973474038558619e-01 9.578463220692243207e-02 1.173800169234721913e-01 8.071065381159778229e-02 1.796426413236336950e-01 1.152135297345083798e-01 3.001003921937236973e-02 1.108103628032605092e-01 0.000000000000000000e+00 7.688656941255318789e-02 7.834540347256575832e-02 5.310697130287432566e-02 6.906768791316679756e-01 5.637291135182277702e-02 9.170928730554306352e-02 3.747198020531343488e-02 1.706205513028024867e-01 9.258472964070665889e-02 3.217557971885112028e-02 7.822625862164805932e-02 1.145717280803558585e-01 1.141910113987652242e-01 1.045400197629779877e-02 2.411170356112336474e-02 4.907696143857927518e-01 1.313124000808369163e-01 4.381612091195785652e-02 1.074356444259411958e-01 4.267465649988801818e-02 5.328241243319135900e-02 2.800887522426068199e-01 1.586670745987111067e-02 8.051824643090270406e-02 1.353750448310171162e-01 9.296077036529541704e-02 7.798888105154444528e-02 7.439235836163823889e-02 2.193588758556481166e-01 1.435374119019266342e-02 8.109705708627937271e-02 2.430349330418708417e-02 3.558414859830755228e-01 4.336654794391704010e-02 7.065957323433673387e-02 3.537707955196262716e-02 3.196987081248494622e-01 9.489013167904139512e-02 7.559577332698755314e-02 2.456921488121039526e-02 1.705655790670560779e-01 1.028895149524945429e-01 4.965309989028261067e-02 9.362731399645563002e-02 7.799215663548937638e-02 
2.037421755151209157e-01 1.372378780282918799e-02 1.500433482302232502e-01 3.066052871106060909e-02 1.503289920265324653e-01 1.047768830678458274e-01 7.339044648834525120e-02 7.460181153803938092e-02 2.055574162785743508e-01 3.054073651371636000e-01 1.090584447699244064e-01 6.020279902350495621e-02 1.905446822120383799e-02 6.389916381770337217e-02 2.271004780273960799e-02 4.466620368150590603e-01 2.352715011676336995e-02 3.200861154551296606e-01 5.481369963634424858e-02 4.570195610264245201e-02 7.688656941255318789e-02 0.000000000000000000e+00 4.837168478645458847e-01 6.223209952501823627e-01 1.458119396330030959e-01 1.541683625703886562e-01 3.896176426304157059e-01 1.989877220674709721e-02 4.058191930447205831e-01 2.095388182509893005e-01 3.007705088609090027e-01 1.245489784302389047e-01 3.188461826243838559e-01 2.222004961907654563e-01 1.253210000889868614e-01 9.612120462646035757e-02 1.494776784335013174e-02 1.660424177084042774e-01 1.967478563478983755e-01 1.108644555990928593e-01 1.496757880162862264e-01 1.654401115756393426e-01 1.441337982831601972e-01 1.076554439406418769e-02 1.953946212136289592e-02 1.967729843498823294e-01 7.855218683105365252e-02 1.718247806679736311e-01 8.909396121132710789e-02 2.608535253608793569e-01 8.900274851153990030e-02 1.160133815899220683e-01 4.760494877988655227e-02 2.782303356023546614e-02 2.762819001245335748e-01 1.299943015916695532e-01 9.306304253003355731e-02 2.497482054402166973e-02 1.733221914801394981e-01 5.500553304313719749e-02 5.499611849603052577e-02 8.317116717351040467e-02 2.938779376998658099e-01 3.023358701882243316e-01 2.387172623666593829e-01 3.126147505902213131e-01 
4.831428870313890511e-02 2.521210640516652335e-01 3.612132717453444553e-01 1.600960848291402006e-01 3.474664184178902770e-01 2.135507413302300261e-01 2.520391689584402517e-01 8.023102938021814401e-02 3.656109565506833747e-01 4.587489291421638637e-01 4.661382699785329015e-02 1.172164741587054942e-01 2.319293601031575253e-02 7.697893264227100019e-02 1.665764030790048977e-01 8.047873077120403229e-01 1.703593109754779900e-01 7.213890812667644870e-02 1.776335328269376679e-02 2.581284384961383613e-02 7.834540347256575832e-02 4.837168478645458847e-01 0.000000000000000000e+00 7.461621164363230196e-01 3.434959115518417816e-01 1.572174542404496944e-01 3.639413220116883285e-01 3.534094986894861234e-01 3.998365322332921301e-01 1.125202173503621478e-01 1.717102860463196393e-02 3.656248400905474094e-01 3.667018439375859667e-02 1.773923694462846978e-01 1.807723811055532426e-01 8.362526208694123775e-02 1.149426251887640110e-01 3.405648023968843030e-01 2.026338747683572028e-01 2.898250643448725405e-01 9.249903930590636092e-03 3.790218268949955838e-01 2.257343618320040157e-01 2.084274242099962496e-02 3.322746153811412251e-02 8.106662790017769848e-02 5.134419235665464015e-02 2.579823300247003903e-01 5.822578689827699883e-01 3.624381017328470178e-01 9.601188075152182477e-02 1.259790851074228113e-01 1.005046909193015904e-02 8.645435422443664697e-02 1.212316269729134810e-01 6.747299916219766658e-01 3.126727239451584373e-01 2.717790414407372235e-01 1.334733881732534655e-01 2.705323588198298990e-01 2.734013623448346975e-01 1.391027911171253129e-01 2.875381439669047468e-01 2.128418452641107628e-01 4.086747473823756360e-01 2.350497855570548023e-01 
4.710189378081548750e-02 2.024111467001329379e-01 4.051866978272398723e-01 1.964865358327789677e-02 2.224690926570584426e-01 1.572341795759205907e-01 1.134138815866558153e-01 1.512489023943728098e-02 3.013127058708288675e-01 2.966937057754669427e-01 1.212944728973278513e-01 6.833106853370503331e-02 3.860987047808170369e-02 5.179038886585073803e-02 1.850860702346608100e-01 6.784122912399105365e-01 5.450503977278597229e-02 1.381332990123155247e-01 5.854229919034131813e-02 6.035788949175208834e-02 5.310697130287432566e-02 6.223209952501823627e-01 7.461621164363230196e-01 0.000000000000000000e+00 1.792141751669460437e-01 1.083602852596388527e-01 3.555495141925156255e-01 3.106936789962128631e-01 3.349055365527945360e-01 1.174290363597630393e-01 1.987299309097604466e-02 2.813297773229771481e-01 3.357192335609932715e-02 1.652317925191688075e-01 3.430398218773385299e-02 9.360839094096159996e-02 2.754825652342955331e-02 1.910983091379150345e-01 1.599123026049188157e-01 1.678416197686349309e-01 6.317285128095503910e-02 2.650152541232545511e-01 5.328376820478061826e-02 4.622109718310309784e-02 3.695147889133430785e-02 1.218507032884005026e-01 3.113323256908386363e-02 2.086320185589750908e-01 2.726389485671419921e-01 2.516858824389153759e-01 8.588359571100799561e-02 1.212061094707181375e-01 7.326890937148018701e-02 6.323856059103686450e-03 2.306219852213445276e-01 3.549534645452341319e-01 2.230665961994411639e-02 1.239045586180006209e-01 1.189983994143042484e-01 1.112887053843484991e-01 5.868667739682538464e-02 8.090870481897491362e-02 2.743206166724650452e-01 2.302209492025524273e-01 2.675386562197509255e-01 2.582068739931261958e-01 
