1.000000000000000000e+00 8.803913975791292923e-02 2.132691575844893883e-01 1.365961767266343496e-01 3.879743834836803518e-01 4.321658795636888484e-01 4.408706069754639856e-01 2.791359540094909275e-01 2.461789277973055190e-01 1.758091286359449168e-01 2.985370558282282594e-01 1.371621101004177334e-01 4.055609868962236630e-01 2.110420568824364629e-01 9.197636457428493006e-02 3.128924381192318971e-01 2.793701963912317288e-01 2.495925537173605546e-01 1.695976484097332926e-01 2.780381530071270313e-01 1.893917362733150422e-01 6.988264454003312309e-02 1.682176941824991001e-01 1.163031428711338577e-01 2.980713311414707675e-02 2.040416744079842082e-01 3.165050086547777641e-01 4.349198831744270910e-01 7.129996970243770993e-02 1.822347852588766248e-01 1.394908971272069698e-01 2.434914409925615086e-01 3.808309983969981882e-02 4.922889445680957432e-01 1.761851679055204956e-01 9.605254431682690164e-02 2.379763689773501112e-01 3.576051392754150404e-01 3.135847470927042302e-01 3.232914851713552529e-01 2.539979837222600678e-01 1.817718599981228145e-01 3.298736679280999673e-01 4.399036341784020587e-01 1.840190345378169556e-01 3.256881154234436693e-01 2.744858352793611567e-01 3.589790650166903574e-01 1.873856765930697332e-01 1.830767149070265665e-01 2.012979057172705755e-01 3.543038337291780082e-01 1.691834981110024172e-01 1.983024884680695821e-01 4.187985863748872606e-01 1.117183418798542577e-01 2.160474365683318076e-01 2.476231969181269810e-01 1.043617289376494728e-01 2.485263291211226300e-01 3.530039972890605671e-01 2.144707028382254466e-01 1.255582715669670835e-01 2.043794463467906719e-01 2.905897163981741582e-01 1.574346457852028869e-01
8.803913975791292923e-02 1.000000000000000000e+00 1.820699471006355097e-01 2.090625720994008507e-01 3.913117031452990058e-01 1.789123772945610535e-01 1.970968944014648838e-01 1.961968943131321697e-01 1.082885831291151707e-01 1.111322897264679366e-01 1.772726848713526010e-02 5.063322667738952010e-01 2.892182960894114085e-01 2.832943726302522558e-01 7.541775128120592475e-02 2.445296040546676430e-01 3.550349023683509464e-01 2.769933193368975810e-01 2.560488168952567214e-02 2.309900698657703644e-01 1.503491100091988997e-01 3.880272672217556784e-01 1.910126404331437266e-01 4.390581187946179798e-02 2.096329279490564135e-01 2.795612355811913918e-01 2.472343663088081012e-01 2.592259761436709886e-01 1.715647114441539167e-01 3.820825262981075721e-01 3.283385010604507603e-01 4.148798684910642853e-01 8.313520039740698864e-02 3.042115514893419803e-01 1.268857444566008352e-01 1.447161341530155965e-01 3.473708785203786231e-01 4.864363549351403138e-01 3.262587888552082593e-01 1.074346760004026985e-01 1.036505229740049411e-01 1.435005003235504395e-01 1.232614684836862845e-01 1.500600799227116144e-01 1.331007168546241570e-01 4.550327599576718951e-01 1.478685105881448469e-01 8.066080253076908513e-02 1.711485495024373527e-01 4.259230728594983195e-01 3.070794802933570211e-01 2.054014505872686358e-01 2.977184224525132872e-01 9.653360927083907972e-02 2.314811247120178717e-01 3.637732399347094470e-01 4.418873494133513935e-01 2.639932532806094634e-01 1.716116080215318307e-01 3.851349094456173461e-01 3.694922399573355443e-01 2.695723156047975522e-01 2.080380327448282107e-01 2.602116648836608204e-01 3.325191416982734571e-01 2.440024138676793741e-01
2.132691575844893883e-01 1.820699471006355097e-01 1.000000000000000000e+00 2.749603474524981439e-01 1.687177060107101501e-01 5.773522840583321381e-02 4.201390051266636755e-02 1.377875465357573589e-02 2.646682529561186770e-01 1.862267050936039503e-01 1.158682083057089723e-01 4.243526349464163960e-01 4.251402165427874136e-02 1.172181936886919768e-01 3.002813015302024935e-01 1.421424272298759950e-01 5.440626704488227272e-02 3.391616166955409017e-01 1.441606063556050144e-01 3.021570330187523523e-01 6.126407620607228488e-02 1.443854592541043147e-01 1.646371155615263815e-01 3.159917490926596462e-01 3.141918000889032392e-01 1.582496332452297538e-01 1.603707147833545801e-02 1.248513468419099048e-01 1.020664265394822939e-01 1.604258655541657419e-01 2.335133873090756707e-01 6.501813012716881057e-02 8.255147743944690752e-02 2.553936123732515884e-01 1.721936932346108395e-01 1.120874638137587670e-01 1.477442950028536872e-01 6.230934841678022890e-02 1.929407520080421989e-01 2.107537780303064268e-01 3.155544303477450518e-01 1.776200888637609610e-01 1.987118351044644682e-01 2.541912704845037396e-01 2.134000219145870125e-01 1.504142087216487657e-02 9.714583254657634115e-02 1.995718423926401419e-01 8.393032094949748334e-02 1.386413095044421728e-01 3.818873544384060459e-01 3.615005698518392596e-01 2.137558642013760168e-01 2.617071853458662334e-01 1.756492707507376072e-01 7.784311571241618599e-02 2.003379538637206081e-01 3.363403542466820717e-01 1.537071530289729482e-01 2.107570701319484152e-01 1.302969994229749851e-01 3.168450977325195650e-01 8.437626837631954924e-02 2.373476432304925110e-01 2.375683212567937519e-01 1.328292202518304710e-01
1.365961767266343496e-01 2.090625720994008507e-01 2.749603474524981439e-01 1.000000000000000000e+00 1.121123184587326932e-01 3.557497667496333227e-01 2.016208858229023571e-01 2.763960634109261516e-01 1.416535992135866673e-01 2.639832957439943728e-01 3.179771860723957788e-01 3.306321890402517116e-01 1.536843716321056874e-01 3.305138014803991053e-01 4.431167092770572635e-01 1.359923558084108752e-01 7.812569538468278063e-02 4.801864084493691620e-01 2.154992995043613913e-01 5.023994995177471362e-02 3.134364091815838860e-01 1.489759221995826666e-01 4.056058631462498010e-01 7.699612013584125614e-02 2.599069211168639204e-01 2.628321109581489567e-01 1.320104526869924910e-01 2.490123725344781658e-01 2.839875057313976936e-01 3.447676458708412994e-01 3.376867511158647139e-01 2.428831080034668521e-01 3.980332382312929962e-01 7.564896457443237576e-02 2.392245240000649698e-01 2.959038897013497871e-01 1.647862668074923098e-01 2.174136657581055565e-01 1.553535206609503727e-01 1.581330199800309311e-01 1.044215280146459784e-01 3.553160370679702140e-01 2.177209287693032125e-01 1.488193978307518761e-01 1.443904635833289651e-01 1.140316551924787508e-01 1.914112634249110489e-01 2.149484181247223735e-01 2.531608190746332254e-01 2.017297550263989214e-01 1.110500140398017754e-01 1.306115394100650917e-01 6.345586455961761685e-02 5.708040487908449395e-02 3.420479021249079876e-01 3.980933097574030910e-01 2.304739273736630678e-01 2.029017594343752173e-01 1.776485819905643526e-01 2.093281206895900304e-01 2.556502365041096181e-01 3.587112203463272420e-01 3.245621808238497441e-01 3.895255419275512471e-02 2.704183918480668747e-01 3.872770865412578090e-01
3.879743834836803518e-01 3.913117031452990058e-01 1.687177060107101501e-01 1.121123184587326932e-01 1.000000000000000000e+00 3.416754343497006574e-01 7.885201471875310508e-01 3.910012921806299002e-01 9.640153034951720601e-02 3.135300758430257378e-02 2.040710748478053727e-01 4.474813867181443583e-01 6.408666545655707925e-01 4.661424390197863032e-01 2.450552993858101380e-01 3.156870526821485834e-01 3.908777763577453990e-01 1.677218581334353475e-01 2.360698956446687091e-01 1.762533657546104249e-01 3.333644076209734131e-01 2.825768739620676540e-01 2.397670041240614891e-01 1.464774081137473205e-01 6.780781607745207940e-02 3.859406504130100668e-01 4.312637832072427346e-01 1.124847773596039657e-01 2.717929971560470448e-01 5.866597557745466540e-01 4.111185134733419400e-01 3.410401251642826148e-01 2.172943943923094923e-01 3.723162367376586790e-01 3.349354115714207047e-01 2.478548227864973696e-01 2.875974616486203228e-01 6.041231568243617955e-01 3.333753704804710005e-01 1.488027615312356167e-01 3.865462877046787482e-01 3.042840148189420169e-01 1.863688020972764647e-01 5.072507421178874543e-01 3.678510838115726655e-01 2.877401377453491782e-01 4.201108235775508626e-01 2.541459309620660578e-01 4.064603212256886478e-01 5.702884400375887175e-01 1.253465839242660085e-01 6.600017598499419158e-02 2.387521858765632998e-01 5.054824597300233702e-01 2.212103572029763821e-01 1.274274027215186733e-01 4.804634774924277929e-01 4.226063591592299495e-01 2.624480512449963721e-01 2.619477825000517401e-01 1.879616146999370796e-01 3.124989197357778692e-01 3.835102074035198205e-01 3.950514302662029298e-01 3.268119271211744614e-01 3.698049056956289049e-01
4.321658795636888484e-01 1.789123772945610535e-01 5.773522840583321381e-02 3.557497667496333227e-01 3.416754343497006574e-01 1.000000000000000000e+00 3.858628642044037993e-01 4.185649234744767688e-01 2.786031418463760234e-01 3.533419738703844626e-01 7.958395209361114608e-02 3.881822512401471026e-01 2.473882657019829123e-01 4.166305514480912464e-01 2.377362919314169321e-01 2.015296360350679605e-01 3.331642970740635867e-01 7.655370088087758151e-02 5.805267937945800261e-02 1.684782334548312610e-01 2.684038228435600137e-01 2.620671270733053171e-01 3.305289388602415945e-01 1.839996026614958424e-01 2.016802030480947527e-01 1.713401644580689331e-01 3.388019630703439922e-01 8.889872875901812244e-02 2.719944832950025801e-02 3.665387686781350074e-01 1.400897009071840338e-01 3.545456445055493733e-01 1.425693408441487675e-01 3.928185156631632813e-01 2.307801522236554992e-01 1.934953779500377669e-01 3.395754334913411721e-01 2.221075822131629296e-01 3.793688794847346335e-01 1.646755155349752531e-01 1.887116963668704073e-01 2.924028864018536900e-01 2.446065575700810402e-01 3.701270261587090160e-01 9.862530731779652060e-02 2.782935651499583996e-01 1.925487482751445101e-01 8.737430896789658008e-02 2.414907082131662885e-01 1.434636518065282307e-01 1.275544039032017740e-01 1.678266086678102398e-01 4.224443164274546691e-02 1.685922099877867064e-01 7.907709056224711264e-02 3.190360076972214021e-01 3.253767636918621919e-01 1.694371500425629895e-01 1.958201762270725399e-01 1.957998412450949466e-01 3.188248568713513698e-01 3.281576479325446494e-01 7.695373165285382400e-02 1.891030262660810812e-01 1.039783177962690097e-01 4.622886456084634443e-01
4.408706069754639856e-01 1.970968944014648838e-01 4.201390051266636755e-02 2.016208858229023571e-01 7.885201471875310508e-01 3.858628642044037993e-01 1.000000000000000000e+00 4.831116712984594996e-01 1.058542362335523068e-01 1.861500127228988555e-01 1.259830033844843988e-01 3.762031687938702240e-01 6.744888570523802640e-01 5.072794751830279614e-01 1.531405534150138414e-01 3.298858506416676994e-01 2.205193245438799576e-01 1.133776598482870018e-01 1.929769983892358765e-01 1.563142445547014148e-01 1.740651224412277098e-01 2.843477484378600373e-01 2.197630663901708747e-01 9.999132560583624818e-02 5.608489823418544296e-02 2.380760879993657764e-01 3.873123628037591915e-01 1.010965488788329592e-01 3.351634671474808536e-01 4.839895774097062175e-01 1.978665025227839824e-01 1.558363656097305483e-01 1.694057957205507836e-01 3.289687164641567074e-01 2.368549997640733151e-01 2.727661948437994921e-01 1.636301326430394942e-01 3.889899020863790691e-01 1.694331945200165668e-01 3.187238596346386038e-02 2.910184101151370717e-01 3.372104299749437706e-01 3.034454950602761270e-01 4.660725681208559013e-01 2.146711655818029918e-01 7.691718972952754640e-02 4.317794852263260319e-01 3.291238684791788494e-01 3.752356249714481340e-01 3.232077056637802648e-01 2.711722409184884053e-01 1.733598760032079023e-01 2.909852120702826062e-01 3.963834684009434062e-01 2.413324357832837830e-01 6.636559909258718526e-02 3.060423834383315111e-01 2.791067854183052477e-01 3.131023155722984508e-01 2.342402816730929926e-01 1.890642411827320180e-01 2.753588270526083903e-01 2.841078979054765252e-01 3.403581686390971806e-01 2.308929888646434336e-01 1.895787205338685388e-01
2.791359540094909275e-01 1.961968943131321697e-01 1.377875465357573589e-02 2.763960634109261516e-01 3.910012921806299002e-01 4.185649234744767688e-01 4.831116712984594996e-01 1.000000000000000000e+00 2.181344814099743235e-01 1.927001318584759815e-01 1.352706767101748420e-01 2.760581200073454200e-01 3.790434888233746857e-01 4.973760416169681897e-01 1.865279642885254441e-01 2.084495329372973715e-01 1.676696960005889248e-01 1.186371391891639787e-01 2.656979320155615776e-01 2.537576590270261279e-01 7.318591421714032430e-02 3.908682091799987046e-01 1.953288372645632931e-01 1.271198477986149877e-01 1.034532502243251245e-01 2.245894420965005855e-01 2.957450230861430884e-01 1.663739126077669328e-01 3.597669061992219142e-01 5.228524593515231356e-01 3.991020117672153950e-02 3.378700543943746193e-01 1.880703189107476858e-01 1.238723545794247621e-01 1.007018440296700429e-01 1.626889974250659843e-01 1.673306301967059651e-01 3.022426547752375403e-01 1.161782154156904695e-01 1.817785417453949004e-01 2.021409312683461468e-01 2.748499237713702414e-01 3.852421985681282468e-01 3.122198470988288288e-01 2.117428550398094966e-01 1.296120141448216800e-01 1.384136489870137487e-01 6.925960660307094174e-02 3.306697260867477173e-01 3.773878324722660382e-01 5.313997591638169177e-02 9.266622867455319434e-02 6.258467714576457230e-02 1.104336192609923911e-01 3.871635557902779190e-02 2.262103556688723760e-01 2.562111330168478918e-01 1.010292507750570751e-01 1.941366614972622751e-01 4.707234057046957854e-01 2.486990101720865098e-01 1.734018822536405324e-02 2.665331211341736006e-01 3.868208816195294886e-01 3.297877941205464292e-01 1.016670092026450839e-01
2.461789277973055190e-01 1.082885831291151707e-01 2.646682529561186770e-01 1.416535992135866673e-01 9.640153034951720601e-02 2.786031418463760234e-01 1.058542362335523068e-01 2.181344814099743235e-01 1.000000000000000000e+00 9.937699114861589522e-02 2.111140790503531206e-01 1.514684123452545439e-01 1.787293020455176795e-01 1.510699302704757996e-01 4.395354185684865467e-01 4.024031909219378395e-02 1.059936114155104331e-01 5.119788717605020661e-02 1.031296169040165633e-01 3.790169752733170694e-01 2.542675944377560948e-01 2.459063610772122543e-01 2.696979543865202777e-01 3.633700085011445924e-01 2.007871477480810962e-01 3.536440016170229184e-01 1.715872119344041546e-01 3.204598033478152641e-01 2.065482710313073789e-01 1.406700403546022604e-01 2.092508586710787044e-01 1.567688939388658109e-01 3.671414440281424718e-01 2.673472467854122736e-01 3.705050749219679362e-01 9.124922502224236398e-02 1.461808462955810906e-01 9.324068723254122504e-02 2.363725159106758178e-01 3.835796136402190304e-01 1.892645008149236308e-01 1.714510134087259274e-01 1.795252792378049245e-01 2.366926454827406393e-02 3.223700030503248715e-01 5.179211893229469094e-02 1.497136027900451694e-01 2.456448294090030904e-01 3.637987587135843026e-01 8.018956435378209180e-02 1.935416993015499076e-01 2.025916245271478788e-01 3.140903393159113488e-01 2.067248165251457104e-01 7.081416572052109948e-02 6.245116840243836870e-02 3.549287115885693678e-02 1.080328975590764545e-01 1.667487027731453242e-01 2.097200820555032985e-01 1.866695090244655797e-01 3.049778244432502228e-01 1.224031941307966997e-01 4.342117097507354195e-01 3.372528382402905089e-01 8.584261702384114734e-02
1.758091286359449168e-01 1.111322897264679366e-01 1.862267050936039503e-01 2.639832957439943728e-01 3.135300758430257378e-02 3.533419738703844626e-01 1.861500127228988555e-01 1.927001318584759815e-01 9.937699114861589522e-02 1.000000000000000000e+00 1.069009081408171758e-03 6.550839385789727909e-02 4.347179801134175292e-02 1.627101534492921275e-01 2.174482711045328254e-01 2.534012770571770212e-01 1.880182751683386055e-01 3.221516226115753168e-01 1.318004910937627949e-01 1.178934032470431992e-01 3.343994745168331617e-01 1.301035669229851366e-01 3.066572750678937531e-01 1.951899168173993337e-01 1.334161774460690397e-01 6.320713685853610042e-02 1.221194212393929279e-01 1.125923883435635403e-01 2.413238319546049532e-02 5.807488206689163240e-02 2.766357782441548618e-01 1.361542465500990284e-01 3.387767466209673506e-01 6.290433690242877574e-02 1.204449409103332119e-01 4.595249649404808401e-01 1.455263368696848858e-01 5.337347628254051485e-02 1.654255521752261843e-02 4.056728098732013260e-02 8.663703320805526964e-02 1.112643937050614845e-01 1.612463496833517473e-01 3.188569307955961274e-01 1.129030594634279905e-01 1.383639998167887908e-01 1.338352735449963304e-01 2.089981536467871992e-01 1.818848869656926048e-01 2.003265516114386968e-01 2.494887001119254211e-01 2.767471133193205590e-01 2.153787255914655918e-01 1.611255052359599760e-01 3.367182596214826629e-01 1.783733922950395123e-01 1.847791656473923849e-01 2.683738110803121080e-01 9.966906089851323980e-02 7.279736211092451004e-02 1.447736173956617189e-01 1.327307329580686979e-01 3.380412515723497102e-01 9.525856803629403902e-02 8.621588986668950183e-02 1.383012236230022618e-01
2.985370558282282594e-01 1.772726848713526010e-02 1.158682083057089723e-01 3.179771860723957788e-01 2.040710748478053727e-01 7.958395209361114608e-02 1.259830033844843988e-01 1.352706767101748420e-01 2.111140790503531206e-01 1.069009081408171758e-03 1.000000000000000000e+00 9.785552323303400857e-02 1.006851501135486715e-01 3.118546151989892157e-01 1.387416891040481604e-01 2.061549865464115949e-01 8.042848827674026202e-02 5.583109029423156261e-02 8.693907683898918770e-02 2.005403544947064742e-01 3.374606426065495102e-01 2.437014087236599735e-01 2.408064741230582229e-01 1.547652175101934813e-01 1.482763339624164067e-01 1.840474314783840382e-01 2.477705666447576893e-01 2.924384495881292567e-01 2.278957071859588346e-01 3.161748988399284976e-01 7.996247724140131963e-02 2.548646500056148678e-01 8.801727395847187829e-02 3.345512663085850602e-01 9.044235141309872605e-02 1.749845604828288992e-01 9.189381857203549053e-02 1.186980156260337843e-01 3.304287036196965066e-01 2.278277457766229308e-01 2.414873259237149683e-01 3.300658727997487496e-01 1.653315632716569061e-01 1.125902066471812096e-01 1.672039567763667356e-01 9.613951378623185329e-02 5.504472985007946573e-02 2.562400990982209303e-01 3.121415356462788754e-02 2.937319238939165578e-01 1.965573061221788931e-01 1.995867857274823964e-01 1.565629847865267765e-01 1.327709518530348631e-01 2.221702486630528772e-01 1.846760658931858312e-01 8.957356541240807379e-02 3.056148668569211649e-02 1.511515377919704084e-01 1.498388548013637467e-01 2.899471037881956037e-01 1.188964429868888673e-01 8.979271048038989234e-02 5.128890283446316256e-02 1.678901778600445094e-01 8.873915041532728920e-02
1.371621101004177334e-01 5.063322667738952010e-01 4.243526349464163960e-01 3.306321890402517116e-01 4.474813867181443583e-01 3.881822512401471026e-01 3.762031687938702240e-01 2.760581200073454200e-01 1.514684123452545439e-01 6.550839385789727909e-02 9.785552323303400857e-02 1.000000000000000000e+00 3.252765173690578826e-01 3.824829596725930481e-01 2.136953822972041672e-01 4.921113216329026097e-02 2.456003209573236756e-01 3.398419010306633625e-01 1.046132947147622866e-01 1.110937759445346090e-01 3.260158087506786484e-01 3.140362884349643391e-01 2.783381754599620894e-01 2.141454602784681471e-01 9.124014723419497652e-02 3.358815509126720222e-01 4.455724540385151422e-01 1.861930110623039036e-01 3.010150645770558464e-01 4.598775177455589613e-01 2.698339958105037684e-01 2.340161703899000800e-01 1.894503795798226919e-01 2.196049509595052185e-01 6.828873185696524017e-02 1.388377174981069995e-01 3.065566820345749788e-01 2.828491372010200067e-01 1.678399644018811476e-01 2.152441565589320593e-01 1.882727010192613570e-01 2.540795671169341352e-01 1.779808594295822222e-01 3.244855116715025245e-01 3.174487863483038130e-01 1.683045472966585576e-01 1.769045372054737497e-01 2.184934374092471071e-02 3.696821348422942299e-01 1.976208889751843167e-01 2.246368268459391915e-01 8.033900515504223405e-02 8.823520532921931558e-02 2.072637115494626592e-01 1.028892600878318769e-01 2.325871629496202575e-01 3.262538589529336286e-01 1.241849294962622668e-01 1.970992955709572336e-01 3.234155024561974900e-01 3.289858768487121665e-01 2.518872478988479768e-01 1.950796697197754448e-01 3.107532446346922828e-01 1.036236463866532093e-01 3.410939163562587972e-01
4.055609868962236630e-01 2.892182960894114085e-01 4.251402165427874136e-02 1.536843716321056874e-01 6.408666545655707925e-01 2.473882657019829123e-01 6.744888570523802640e-01 3.790434888233746857e-01 1.787293020455176795e-01 4.347179801134175292e-02 1.006851501135486715e-01 3.252765173690578826e-01 1.000000000000000000e+00 3.925837793544488807e-01 1.334824456273398796e-01 3.700007131801413274e-01 2.804232938324237034e-01 1.987012824035416236e-01 2.583938106063072837e-01 1.234846259121338830e-01 2.494353226993040462e-01 2.776087097702918949e-01 3.412272298342227672e-01 9.269681144550072360e-02 8.137780502576139052e-02 1.797184701681808217e-01 2.427262248792165511e-01 2.636200191875742727e-01 2.703542779760594317e-01 3.402814417814749581e-01 1.983772960016489950e-01 1.571927880218738638e-01 2.637855957170739257e-02 2.926949450284320187e-01 4.580151054323543525e-01 2.843586813861267992e-01 2.792982460666022515e-01 4.052810367824414839e-01 1.275074164389453646e-01 2.338425738773359241e-01 3.266868146872263234e-01 2.107834858421180346e-01 2.199143894156372903e-01 4.579857344069959146e-01 1.295574458302045651e-01 1.892756281164275911e-01 2.582703159278808558e-01 3.090328996460833255e-01 4.390442019990307698e-01 2.760525994725539500e-01 1.052471379178802763e-01 1.652037398838198112e-01 1.831985655751227349e-01 4.343718219266908820e-01 3.913845884964926580e-01 8.789214357183397497e-02 3.067753429028368117e-01 3.737415694191076887e-01 1.623000070207980539e-01 1.781860854814028283e-01 3.193925937064722165e-01 2.194219701012925516e-01 1.804229896723642534e-01 3.084349110719520337e-01 2.672327524024713519e-01 1.158052932462078494e-01
2.110420568824364629e-01 2.832943726302522558e-01 1.172181936886919768e-01 3.305138014803991053e-01 4.661424390197863032e-01 4.166305514480912464e-01 5.072794751830279614e-01 4.973760416169681897e-01 1.510699302704757996e-01 1.627101534492921275e-01 3.118546151989892157e-01 3.824829596725930481e-01 3.925837793544488807e-01 1.000000000000000000e+00 1.710700273507628488e-01 3.993564900134971563e-01 3.010457367188517641e-01 2.273589132322405559e-01 2.785181222007561130e-01 7.258026107246454139e-02 9.808394602151698782e-02 4.937082590860139564e-01 3.082715829946181540e-01 8.973259328481658637e-02 2.601382227229033228e-01 1.917287324544922900e-01 3.668311700625335736e-01 2.482768690066766426e-01 4.247559847227492386e-02 5.674916819801831824e-01 4.402040127285481580e-02 3.552997091045281275e-01 1.906704040753743612e-01 1.171555262533004321e-01 2.687031779015665034e-01 2.204375277290422652e-01 3.883707306339256871e-01 3.629721947099210366e-01 2.990984254458694536e-01 1.637998092782243509e-01 1.620481163850567563e-01 3.041103715838212596e-01 5.634386834150184598e-01 2.747381945025446637e-01 1.560355577653433634e-01 2.370996142394465878e-01 2.516147530358340823e-01 1.863291663604238202e-01 4.829270431506773598e-01 4.654727280051086380e-01 2.473315093137712362e-02 1.007130235345185393e-01 1.445850967569395351e-01 1.172915037174765834e-01 2.251387882757404646e-01 3.493576515636531710e-01 3.461980564501144775e-01 2.317035831409248459e-01 1.839902645798097980e-01 3.352555954583958386e-01 1.540912427345767499e-01 2.323031158134497287e-01 1.186171069927760696e-01 1.835390551094170375e-01 2.126896257678052571e-01 2.195067485954201314e-01
9.197636457428493006e-02 7.541775128120592475e-02 3.002813015302024935e-01 4.431167092770572635e-01 2.450552993858101380e-01 2.377362919314169321e-01 1.531405534150138414e-01 1.865279642885254441e-01 4.395354185684865467e-01 2.174482711045328254e-01 1.387416891040481604e-01 2.136953822972041672e-01 1.334824456273398796e-01 1.710700273507628488e-01 1.000000000000000000e+00 3.661884702631306582e-02 2.195889784538669343e-01 2.861536475713468142e-01 2.509970025521269799e-01 1.749969572817080266e-01 4.554540320297983391e-01 4.449353818076824674e-02 4.655779284163611975e-01 2.205022103247190057e-01 1.547310358691516285e-01 2.899217477987429126e-01 1.803571191566305174e-02 7.846655819908196494e-02 7.763252981349108572e-02 8.890062998757546076e-02 3.148582867466543506e-02 1.530587843280480920e-01 5.877765737861506690e-01 2.828711848404988349e-01 2.316631360829173036e-01 3.311985419319871671e-01 1.224297915704807282e-01 1.170217025132084532e-01 2.848116370179462065e-01 1.173791987958985178e-01 2.655820270088152246e-01 1.126530401251830127e-01 1.525681172964231114e-01 2.192021963641270776e-01 1.572506874773936525e-01 2.170672841243488360e-01 1.512774504245592289e-01 1.860700964437586868e-01 4.892010378373067292e-01 1.732937752499831841e-01 1.109448423647737964e-01 1.784954917912165984e-01 8.862221473648013159e-02 2.853393279096420043e-01 1.599522662898620329e-01 1.831230046566784120e-01 3.104936670177990340e-02 2.289260065518019804e-01 1.573897706985465106e-01 1.898871865110647317e-01 2.106784539886644714e-01 2.877129728835419176e-01 2.201693296998262217e-01 9.266208299395622960e-02 2.584272666711150412e-01 2.626250134684984250e-01
3.128924381192318971e-01 2.445296040546676430e-01 1.421424272298759950e-01 1.359923558084108752e-01 3.156870526821485834e-01 2.015296360350679605e-01 3.298858506416676994e-01 2.084495329372973715e-01 4.024031909219378395e-02 2.534012770571770212e-01 2.061549865464115949e-01 4.921113216329026097e-02 3.700007131801413274e-01 3.993564900134971563e-01 3.661884702631306582e-02 1.000000000000000000e+00 3.807195016596860437e-01 1.573259528208153235e-01 2.217757893995588314e-01 1.010291769034901282e-01 1.559419422361918266e-02 1.879518657652660407e-01 9.080783427268748764e-02 3.260848089429785324e-02 2.779401467371199197e-01 3.283456147764307054e-01 1.416685191717403369e-01 1.834560907651632544e-01 2.667390963143913551e-01 4.219523217544072224e-01 5.666731110905516566e-02 3.724100896057285226e-01 1.360012796022294912e-01 2.209290648093374942e-01 3.436493370100374145e-01 2.060557173273733500e-01 1.770986575536005192e-01 2.496297062264505040e-01 1.136749655477228421e-01 1.298666499538201347e-01 2.637551187960104904e-01 3.408270426650174545e-01 2.287064073742927084e-01 3.788842275322042430e-01 2.925005125721277244e-01 2.928641169110206000e-01 4.217980950049479150e-01 8.675022910935256681e-02 2.634078102033559077e-01 3.879631003726302652e-01 9.643189217581220329e-02 1.130351857428702755e-01 7.190965129732497518e-02 3.417183236348568798e-01 6.691206387197007333e-02 2.412853236426162618e-01 2.521560725913554735e-01 1.917824117568528997e-01 1.156539726490683484e-01 1.555315909364300420e-01 1.434621987206012861e-01 4.666323005818950875e-02 9.249361183781384943e-02 8.242398209269181930e-02 1.366224492279965452e-01 1.762340659098651507e-01
2.793701963912317288e-01 3.550349023683509464e-01 5.440626704488227272e-02 7.812569538468278063e-02 3.908777763577453990e-01 3.331642970740635867e-01 2.205193245438799576e-01 1.676696960005889248e-01 1.059936114155104331e-01 1.880182751683386055e-01 8.042848827674026202e-02 2.456003209573236756e-01 2.804232938324237034e-01 3.010457367188517641e-01 2.195889784538669343e-01 3.807195016596860437e-01 1.000000000000000000e+00 2.193987851956621660e-01 1.278685666001210253e-01 3.023396135779967686e-01 6.009863187066383922e-02 3.395983481297051854e-01 1.414179695424692962e-01 2.684982037600699978e-01 3.396426977841773831e-01 5.671135731403206259e-01 3.487448937229473134e-01 2.585352480889626103e-01 9.214708755981855515e-02 4.035795576350016955e-01 2.896054860955326604e-01 5.406318935694480743e-01 1.774631858862435463e-01 2.308099564228332234e-01 4.429948894235820611e-01 1.196364216264505509e-01 3.482756977150768263e-01 4.702086806117287132e-01 3.204248342305887065e-01 1.854275360781048321e-01 1.112040508948322626e-01 3.549515888772090677e-01 1.646498138120791321e-01 5.164499583426035434e-01 4.632063339954374803e-01 4.738851499833485748e-01 3.304481608734089471e-01 1.135604010247727585e-01 1.677510519716161330e-01 3.964554066999290693e-01 1.948490004036693146e-01 2.541042982911215775e-01 1.489351191423857468e-01 3.044990850927909443e-01 1.240802830409174079e-01 2.165786582930161741e-01 5.685085632385034060e-01 3.476962830248633840e-01 3.865771432483267600e-01 3.366127094575221967e-01 1.084597757967127873e-01 1.108601633111033907e-01 2.243571939372055735e-01 2.223339695756224033e-01 2.078064716796109990e-01 3.549358058603118149e-01
2.495925537173605546e-01 2.769933193368975810e-01 3.391616166955409017e-01 4.801864084493691620e-01 1.677218581334353475e-01 7.655370088087758151e-02 1.133776598482870018e-01 1.186371391891639787e-01 5.119788717605020661e-02 3.221516226115753168e-01 5.583109029423156261e-02 3.398419010306633625e-01 1.987012824035416236e-01 2.273589132322405559e-01 2.861536475713468142e-01 1.573259528208153235e-01 2.193987851956621660e-01 1.000000000000000000e+00 2.819024735734761977e-01 9.757441120721863093e-02 3.102348490339962295e-01 1.348956260818654773e-01 2.616876838045139042e-01 1.266351629718157415e-02 1.449069043237278531e-01 1.230151311650205664e-01 1.292596875577074200e-01 9.790711124512736785e-02 1.372125482881138281e-01 2.731493142856589729e-01 1.944905018047451695e-01 1.828580669321352992e-01 3.383277144880450504e-01 7.488553819259495536e-02 1.306034971283909774e-01 3.432962073110614742e-01 1.796339468762706282e-01 2.243684824792878119e-01 1.329063505692586467e-01 1.001180150433090138e-01 1.498015048920472159e-01 2.325793671967525678e-01 1.827204939805581463e-01 1.751256117514548016e-01 2.344548528414703778e-02 1.456225171211666669e-01 2.260554245144295038e-01 2.278662555558699510e-01 2.287414520795625628e-01 9.585695120531004254e-02 5.072096139197500297e-02 5.163999954867971171e-02 2.010005811647847251e-01 1.267052569399721718e-01 4.492187647014371787e-01 3.892349186232423319e-01 2.731775705463398429e-01 1.495083582945720135e-01 1.750988353544127019e-01 2.926174789952556421e-01 2.056913156944507881e-01 3.835373227485640579e-01 7.231498868648940370e-02 1.932791227750120244e-01 1.356237937376520708e-01 1.271846939404135957e-01
1.695976484097332926e-01 2.560488168952567214e-02 1.441606063556050144e-01 2.154992995043613913e-01 2.360698956446687091e-01 5.805267937945800261e-02 1.929769983892358765e-01 2.656979320155615776e-01 1.031296169040165633e-01 1.318004910937627949e-01 8.693907683898918770e-02 1.046132947147622866e-01 2.583938106063072837e-01 2.785181222007561130e-01 2.509970025521269799e-01 2.217757893995588314e-01 1.278685666001210253e-01 2.819024735734761977e-01 1.000000000000000000e+00 2.093957322100173102e-01 1.635227692166522084e-01 3.767727016460639122e-01 2.831293357032430014e-01 3.264645918304643901e-01 9.368205090152868786e-02 2.400171287180648261e-01 1.811578081456716172e-01 1.386855237847333666e-01 1.774482816705238719e-01 2.436724145473753989e-01 5.581564955547339835e-02 2.773244105733571607e-01 2.157289102442227768e-01 2.075193789970953828e-01 9.554646160182880821e-02 1.650442166736769689e-01 2.090083171067643464e-01 3.628256740584419049e-01 3.661953306186360030e-02 7.358528091638380508e-02 8.362204310892890069e-02 3.581467961924214571e-01 2.870582085314377085e-01 1.147929551906310547e-01 1.017096360430762014e-01 1.949440484400781770e-01 1.244819196028834896e-01 1.198266321741417451e-01 2.765743403007256407e-01 4.053025294995887262e-01 1.196649659608106514e-01 3.990224305665800442e-01 4.175654218373034410e-01 3.221754670964077083e-01 1.118602272954374172e-01 1.816736165097538602e-01 2.480131899576821231e-01 1.567113230498471121e-01 1.423058277281244177e-01 2.283405417313261743e-01 1.134560414406849543e-01 1.131597980253981200e-01 3.997518989168319936e-01 3.612896406642048253e-01 2.822806774282339282e-01 8.047894530219411313e-02
2.780381530071270313e-01 2.309900698657703644e-01 3.021570330187523523e-01 5.023994995177471362e-02 1.762533657546104249e-01 1.684782334548312610e-01 1.563142445547014148e-01 2.537576590270261279e-01 3.790169752733170694e-01 1.178934032470431992e-01 2.005403544947064742e-01 1.110937759445346090e-01 1.234846259121338830e-01 7.258026107246454139e-02 1.749969572817080266e-01 1.010291769034901282e-01 3.023396135779967686e-01 9.757441120721863093e-02 2.093957322100173102e-01 1.000000000000000000e+00 1.444780511703269155e-01 4.602026139326940296e-02 2.004635798929735591e-01 2.364869354359109554e-01 2.144863294185018754e-01 7.560930504614749026e-02 8.976415882095553633e-02 2.774556758412257129e-01 1.523050687257822555e-01 6.561987756225189095e-02 1.283872249652842079e-01 3.520531762512078000e-01 6.517739949989639903e-02 1.618300031358206881e-01 8.135558954169820611e-02 2.175251737496935733e-01 3.957944960540702994e-01 3.281897239403896438e-01 1.404609326464006103e-01 3.658428129191413358e-01 2.817735433151841162e-01 1.593657457546991951e-01 2.166439117641880477e-02 2.971164922068119107e-01 1.585129544648400945e-01 2.234778405584034455e-01 9.881306721562918560e-02 1.681945378124644758e-02 5.248899697681010806e-02 2.455007005857623992e-01 1.680074429447726836e-01 3.815087339173423020e-01 1.237654053436672841e-01 1.550193860882515540e-01 2.845778230598000613e-01 2.171261687315834132e-01 1.329932158374949047e-01 3.831169960747953795e-01 2.452646701346462843e-01 2.837451662053143142e-01 1.669020785927606276e-01 1.070879623041559453e-01 2.213919997969599485e-01 1.730017466002812532e-01 2.802580975185706702e-01 4.262750231246237309e-02
1.893917362733150422e-01 1.503491100091988997e-01 6.126407620607228488e-02 3.134364091815838860e-01 3.333644076209734131e-01 2.684038228435600137e-01 1.740651224412277098e-01 7.318591421714032430e-02 2.542675944377560948e-01 3.343994745168331617e-01 3.374606426065495102e-01 3.260158087506786484e-01 2.494353226993040462e-01 9.808394602151698782e-02 4.554540320297983391e-01 1.559419422361918266e-02 6.009863187066383922e-02 3.102348490339962295e-01 1.635227692166522084e-01 1.444780511703269155e-01 1.000000000000000000e+00 1.223602299911390329e-01 3.669936955452439697e-01 1.407058732985639049e-01 9.055874803543594032e-02 1.499614024798811562e-01 2.593934715940642843e-01 2.765342378643597110e-01 2.404082529367345678e-01 1.407616123018695098e-01 2.328035949344794686e-01 1.823228301437431753e-01 4.973816972699788841e-01 1.525946201932286417e-01 7.627667988190053872e-02 2.994705366519965217e-01 3.741183627907889719e-01 5.746187330162162016e-02 1.926502722620555552e-01 7.732562578115612095e-02 1.904798338945906389e-01 1.502423438214949836e-01 9.276611176736725140e-02 1.087036857018177788e-01 8.023330981885612445e-02 5.365287745116957552e-02 1.792226357199254161e-01 1.004108670532257996e-01 5.241414432262915257e-01 9.275307995152998197e-02 2.301325353225997239e-01 2.656342056850451508e-02 3.102995370233049832e-01 1.137423676329907540e-01 1.581917372390267418e-01 3.443116037229654869e-01 5.825011085670777494e-02 1.684405674990514523e-01 1.181673279053397918e-01 2.032097225497820625e-01 4.438160247322898155e-01 2.689924519778710277e-01 5.283762896827521871e-01 1.319931525199876665e-01 1.532466575299352429e-01 5.040559002387356990e-01
6.988264454003312309e-02 3.880272672217556784e-01 1.443854592541043147e-01 1.489759221995826666e-01 2.825768739620676540e-01 2.620671270733053171e-01 2.843477484378600373e-01 3.908682091799987046e-01 2.459063610772122543e-01 1.301035669229851366e-01 2.437014087236599735e-01 3.140362884349643391e-01 2.776087097702918949e-01 4.937082590860139564e-01 4.449353818076824674e-02 1.879518657652660407e-01 3.395983481297051854e-01 1.348956260818654773e-01 3.767727016460639122e-01 4.602026139326940296e-02 1.223602299911390329e-01 1.000000000000000000e+00 3.440455824136769425e-01 1.885861454879977361e-01 3.327149647502019580e-01 4.672834475711753477e-01 5.261587661148549033e-01 3.857349207145691627e-01 8.029918814693798312e-02 5.323283373836029675e-01 1.648799110174238580e-01 4.462404311781289490e-01 7.909120297852262338e-02 1.107183901959556266e-01 1.995234019151361782e-01 1.676520755813393215e-01 4.595738866458021210e-01 3.354649802313352525e-01 2.330838273219072720e-01 2.483632115258332662e-01 8.277639247312106041e-02 3.154950737337082201e-01 2.516539517995221575e-01 1.552279824942089381e-01 2.439044527490306091e-01 1.393328578495329761e-01 1.431738266740577581e-01 1.746285078228353438e-01 2.894429259371205654e-01 4.798269950704776021e-01 1.994166348037342829e-01 1.772344798169788183e-01 2.637654344304823928e-01 1.607098449738056656e-01 9.019325271371339547e-02 3.760395248686252412e-01 4.124550730954080202e-01 5.029480833377795307e-02 1.027294235466651995e-01 3.944004028549332741e-01 3.510532398972932011e-01 1.887955494079498475e-01 2.943226984407624203e-01 5.611377775357621056e-01 1.147314256647169739e-01 2.890836789911126470e-01
1.682176941824991001e-01 1.910126404331437266e-01 1.646371155615263815e-01 4.056058631462498010e-01 2.397670041240614891e-01 3.305289388602415945e-01 2.197630663901708747e-01 1.953288372645632931e-01 2.696979543865202777e-01 3.066572750678937531e-01 2.408064741230582229e-01 2.783381754599620894e-01 3.412272298342227672e-01 3.082715829946181540e-01 4.655779284163611975e-01 9.080783427268748764e-02 1.414179695424692962e-01 2.616876838045139042e-01 2.831293357032430014e-01 2.004635798929735591e-01 3.669936955452439697e-01 3.440455824136769425e-01 1.000000000000000000e+00 1.867570751983736455e-01 1.944747040782683900e-01 2.499547048546539932e-02 1.981486896454700830e-01 1.950792662859024695e-01 2.747411368187531733e-01 2.294678744361495215e-01 1.286326654006623715e-01 5.929820000831774462e-02 2.845876143585183149e-01 1.754499690017791436e-01 2.337983373464045389e-01 2.546599527395130846e-01 1.316464015995768844e-01 6.073174250006170560e-02 5.198497071852190565e-01 1.391543714922187092e-01 3.464048646922562175e-02 1.383565460350089649e-01 2.425770518428983502e-01 1.669545965799958953e-01 1.270755037088974471e-01 2.056738847766096112e-01 2.239979129117314338e-01 1.279071221275465964e-01 4.592654118088754234e-01 2.341790653798374311e-01 3.128774627670148911e-01 2.672132369890147241e-01 1.583273363399337053e-01 1.077869975162774469e-01 3.810085368266037942e-01 3.169222978389139578e-01 2.514268038374055658e-01 2.576593823553282592e-01 1.587341639773929836e-01 3.159749476189380180e-02 4.981997919262188823e-01 5.613340321160644741e-01 3.023040385681105002e-01 9.170923724887623807e-02 2.181357719815929797e-01 1.991708272147708347e-01
1.163031428711338577e-01 4.390581187946179798e-02 3.159917490926596462e-01 7.699612013584125614e-02 1.464774081137473205e-01 1.839996026614958424e-01 9.999132560583624818e-02 1.271198477986149877e-01 3.633700085011445924e-01 1.951899168173993337e-01 1.547652175101934813e-01 2.141454602784681471e-01 9.269681144550072360e-02 8.973259328481658637e-02 2.205022103247190057e-01 3.260848089429785324e-02 2.684982037600699978e-01 1.266351629718157415e-02 3.264645918304643901e-01 2.364869354359109554e-01 1.407058732985639049e-01 1.885861454879977361e-01 1.867570751983736455e-01 1.000000000000000000e+00 2.927411738775169137e-01 1.313990395589040572e-01 7.247940888842557827e-02 2.293074426649114594e-01 2.555043826112590177e-01 7.845207462962440481e-02 1.639013910109362870e-01 7.988890807914110492e-02 1.181232043713549701e-01 1.434868631047409582e-01 2.019192206575544032e-02 2.131127808879531016e-01 1.577042037422698439e-01 1.474806841011302994e-01 3.461493597847912773e-01 1.270036217029487935e-01 1.469095854875447082e-01 2.103819318702448982e-01 8.799332954902143455e-02 1.127916275724067247e-01 6.922501363870160740e-02 1.657600801120360720e-02 2.257680926215946404e-01 2.257670367172562587e-01 1.297770662778184592e-01 1.012096010201675028e-01 2.851446510867077788e-01 1.115732326801864051e-02 4.068596825557673768e-01 6.669404466838893542e-02 6.407116605091475736e-02 7.953462657204549147e-02 2.298784574795352253e-01 1.447508242642748244e-01 1.289203438404750712e-01 1.544809571823781980e-01 1.810352481928545476e-01 1.410498571321610606e-01 2.374123370067637573e-01 3.129632957975094776e-01 3.077095817312011095e-01 9.182267293203721925e-02
