1.000000000000000000e+00 1.339938002313124377e-01 2.730268096415611190e-01 4.079594700097661786e-01 2.306041080681119904e-01 4.614997960980603553e-01 2.424908586552210199e-01 2.967192864531963403e-01 2.549681000962705779e-01 2.888967083520939116e-01 3.398730096680269153e-01 3.534439813480281800e-01 3.793955294942775724e-01 1.942892722382137116e-01 2.750126906532497362e-01 4.547877180603492886e-01 2.005240415176178237e-01 1.830773216166796946e-01 1.869049345552642183e-01 1.407928598524373354e-01 2.401133284592359418e-01 2.943178810674642598e-01 2.749169308225704600e-01 3.283236248385635325e-01 3.553994542049999095e-01 3.773313637285793387e-01 3.709729028541084439e-01 2.179623658236381489e-01 3.186566058157476178e-01 3.661541853467272789e-01 2.298304128791150702e-01 3.009879792365675044e-01 1.815581016141923909e-01 2.044602804608990632e-01 2.558028158270417851e-01 3.926717604827567043e-01 4.017013076964888185e-01 3.097086713852139628e-01 1.770765580468981193e-01 4.344470535154744129e-01 2.691719549604609241e-01 2.808552058199780266e-01 3.342206945334213475e-01 2.927947678358957528e-01 2.675554502262857959e-01 2.386312806211629556e-01 4.109143402376792542e-01 2.516979135255131284e-01 2.422465401061572043e-01 2.817360007071420536e-01 1.705296038925945834e-01 3.497678103052033194e-01 2.867736000678386965e-01 1.895794406054323034e-01 2.113927505042743626e-01 3.853886692380767975e-01 3.705684279824005278e-01 3.130688441115124787e-01 3.581914245238955186e-01 3.366992232033479970e-01 2.549766097725710834e-01 2.886023732082825255e-01 2.788418794252198740e-01 7.494278229696615945e-02 3.517766082702710184e-01 2.418730288699674769e-01
1.339938002313124377e-01 1.000000000000000000e+00 1.445154635316798220e-01 1.169770132015521547e-01 2.519761808793606339e-01 2.421625418720888823e-01 2.312406062850409227e-01 2.680215896167499889e-01 3.719715637102839478e-01 1.728982041411766257e-01 1.668717521875219267e-01 2.834564717495773323e-01 2.197992626968042762e-01 1.607476610071519596e-01 1.478424928086888579e-01 2.173978511650938583e-01 9.221688146576387246e-02 1.335945144713520383e-01 1.625687553757989290e-01 2.109894671994682891e-01 1.608293564190971803e-01 2.552994432707040851e-01 1.124934348596125094e-01 2.124638423208116689e-01 8.996729411033783930e-02 2.877889808928725257e-01 2.134398276510224290e-01 1.635400172596859492e-01 2.008709156804227014e-01 1.389008940393509084e-01 1.712510697938503523e-01 2.225948406436963345e-01 2.470790755744594058e-01 2.608069650087261881e-01 1.054400554426255243e-01 2.397081129922518650e-01 1.775757099450759879e-01 3.261058028921543506e-01 1.302983357090565786e-01 1.699993479066393975e-01 1.099071692191341681e-01 9.023916938256895670e-02 1.430622047160465260e-01 1.890950449617902762e-01 2.578024293895658792e-01 1.736022485655603631e-01 1.902466509421767982e-01 1.535504777240383478e-01 1.993463767766914252e-01 2.066271763418716378e-01 1.724312058856279362e-01 2.045182447805168890e-01 1.009126267511621516e-01 1.599757342995514198e-01 2.240585820646967541e-01 1.630978502029786781e-01 2.773301716772489378e-01 1.990353560119964005e-01 1.958683108821751839e-01 1.045544400815424241e-01 1.058599389455915363e-01 1.585833938763638318e-01 2.051392371434934692e-01 1.912887605226890053e-01 3.098824455024883351e-01 3.968626767365504016e-01
2.730268096415611190e-01 1.445154635316798220e-01 1.000000000000000000e+00 1.712791830446757646e-01 2.411109313752839434e-01 2.237395190416187063e-01 2.647471927399606684e-01 3.718406741839841989e-01 2.773026834573483201e-01 2.494564369389068725e-01 2.687170697351009552e-01 2.638685244151304232e-01 1.130628384134645392e-01 1.597982519520826095e-01 2.232752038015949625e-01 3.422865338892736586e-01 3.483456670960556334e-01 1.273253544778269186e-01 3.331570663374173180e-01 2.513592265339402720e-01 2.491277526554816213e-01 3.498665832124433495e-01 2.389287661979854760e-01 2.162262963987115483e-01 1.716381715514997131e-01 8.303532775421666734e-02 3.949191445477753248e-01 2.009610457030596709e-01 2.237272006774470023e-01 1.662438169445350500e-01 1.631072077663551778e-01 1.625759648963193971e-01 2.816384703029975456e-01 1.369136522250820054e-01 2.351070128558298278e-01 2.632143010107751979e-01 3.523969996047179309e-01 1.638820059693278097e-01 1.510186557353798420e-01 4.124218082077169556e-01 2.197709897011386193e-01 2.236685985483473638e-01 1.079454838331193600e-01 3.167334621822416318e-01 1.802557650883099549e-01 8.795496967243787712e-02 3.234027937588881962e-01 2.323016450861745685e-01 3.812164791827102883e-01 1.111900189512883275e-01 2.116701157515025189e-01 1.671426581947010603e-01 1.143944480420505949e-01 1.577024808264054501e-01 1.152057259296376812e-01 1.305460776579098758e-01 3.008626610904477361e-01 3.202924949224641993e-01 2.822296160393834019e-01 2.882369812501095474e-01 2.888550169264870737e-01 3.190027457237424868e-01 2.650715349253217612e-01 1.992180502452917112e-01 2.058506298346639007e-01 1.830632042188520270e-01
4.079594700097661786e-01 1.169770132015521547e-01 1.712791830446757646e-01 1.000000000000000000e+00 3.001491923176753396e-01 4.485467684585703885e-01 1.440402877542081017e-01 3.226254334307216420e-01 1.788104239745733348e-01 3.341182677935284895e-01 2.307890103906050649e-01 2.861785662694964483e-01 3.438857468924508831e-01 2.719012908297739894e-01 1.463284860048205682e-01 3.137722218817662889e-01 2.424507624206261591e-01 2.270146789254176012e-01 2.448829339080284273e-01 1.418485375431351170e-01 2.050878938130569207e-01 2.105208268933340676e-01 3.364407998140843681e-01 3.009200926942822152e-01 4.858562301777391013e-01 2.576706358457589996e-01 2.683937212145242057e-01 2.809034030081142275e-01 1.097490172617273246e-01 1.715266663447361228e-01 2.255752647941054456e-01 3.990625529150975126e-01 3.259978939837078205e-01 2.543024281417549659e-01 2.597634323598726480e-01 2.398171100514685794e-01 2.429048008301755157e-01 1.992694919259115349e-01 3.069478293464463770e-01 2.827891409938222966e-01 3.310794725911268555e-01 2.759738254044086792e-01 3.825861918558414176e-01 4.185465215324748467e-01 3.252261868616040386e-01 4.417070029396864550e-01 4.317320015588501647e-01 3.167200533871727952e-01 2.934207709361544292e-01 3.691475343747032678e-01 2.597747534362738753e-01 2.974844611321812993e-01 2.488262505189255125e-01 1.818203845951664177e-01 4.557377758041708526e-01 3.264464725691914593e-01 4.918663823398995438e-01 2.705277576085303171e-01 2.263767481018677807e-01 2.001567835270122164e-01 3.103001382443527079e-01 2.604295281484887425e-01 2.503299884814818022e-01 1.021872641121889663e-01 2.794018410715192746e-01 2.829708751273222744e-01
2.306041080681119904e-01 2.519761808793606339e-01 2.411109313752839434e-01 3.001491923176753396e-01 1.000000000000000000e+00 2.805508445074690327e-01 2.452453358895111124e-01 2.597323069132143059e-01 2.449385928397512235e-01 2.668186123217172745e-01 2.992139980259712617e-01 1.918217694723536038e-01 2.710038465777991901e-01 1.290683400231449063e-01 7.801733137184710398e-02 1.937854968420026358e-01 2.956502761018898195e-01 2.029318921529121578e-01 1.933514155222632591e-01 6.785218018636772486e-02 2.619868017327252052e-01 2.641432627879994333e-01 3.005947400231625544e-01 1.870379500532763917e-01 1.531179674558613701e-01 1.760690010705514008e-01 3.056992400391279618e-01 3.221075809470367313e-01 2.602363593872796810e-01 2.317200449383947092e-01 4.435801668481457183e-01 3.006640665165783433e-01 2.463306224640728070e-01 1.621150204643193871e-01 2.159483374351076346e-01 2.113064476054055119e-01 2.435064896896418918e-01 4.340569232940597599e-01 2.743285120461167459e-01 2.916317873242770808e-01 1.022613271888128117e-01 3.002418754206843121e-01 3.219195755484004495e-01 8.209679490597564244e-02 3.127903546013468539e-01 3.420128874868555435e-01 1.506689482620442444e-01 2.351716215429532908e-01 1.635141858976536522e-01 3.092761301203613145e-01 3.275445794993082083e-01 3.140283393981667115e-01 2.676648642274519485e-01 1.983759566263022245e-01 3.538364332154457781e-01 2.974518652035029742e-01 1.568582322343711755e-01 3.571216095917651989e-01 1.730310223846797391e-01 3.079501725968865067e-01 3.235894295310837721e-01 3.310157005898642923e-01 3.625935758106407780e-01 2.880551011458872268e-01 2.305530387462118025e-01 2.227689915911143514e-01
4.614997960980603553e-01 2.421625418720888823e-01 2.237395190416187063e-01 4.485467684585703885e-01 2.805508445074690327e-01 1.000000000000000000e+00 2.412835144531658149e-01 3.530785458071438176e-01 2.009383187330931464e-01 3.689562193474614782e-01 3.461859801259551395e-01 1.981937986498945592e-01 2.175281225605562585e-01 2.236121489495885850e-01 2.985521883874675542e-01 3.598548336765077793e-01 2.777248820463009138e-01 3.260862612068507471e-01 1.812553009525770809e-01 2.419023207115325036e-01 3.180020521544820733e-01 3.336076106350750470e-01 2.661393890067522139e-01 3.655785680034067120e-01 2.372750093687443773e-01 1.501659713966401744e-01 3.816784326908008174e-01 2.609589248563734531e-01 4.118729826273492822e-01 1.785489269010025748e-01 3.331658256885645097e-01 3.531602482428919387e-01 3.612004283292581941e-01 3.140429985406682500e-01 1.860078982676475201e-01 2.296378226628479902e-01 1.187623409406328434e-01 4.334463655259328529e-01 3.040978322044644022e-01 2.863934785821262152e-01 3.302194051204250802e-01 3.769563817379787407e-01 3.810487554143615618e-01 3.304868001621450446e-01 3.584953266423165363e-01 3.151841596434019621e-01 4.051659615127103375e-01 2.299612196377218143e-01 2.601467258506425795e-01 3.073292660406566901e-01 2.213958066522891122e-01 2.741985765012273646e-01 2.123492478007260598e-01 1.536038159523127888e-01 4.211963788123355701e-01 2.299682241272846817e-01 3.338130586742362182e-01 3.045565788555754105e-01 2.228233174582799903e-01 2.716447250103244948e-01 2.689951335380070807e-01 2.842500805648172091e-01 1.942830971042660559e-01 1.571288840808267584e-01 9.348767600320109783e-02 3.332333438752752008e-01
2.424908586552210199e-01 2.312406062850409227e-01 2.647471927399606684e-01 1.440402877542081017e-01 2.452453358895111124e-01 2.412835144531658149e-01 1.000000000000000000e+00 2.737410199597206661e-01 2.138171793283123456e-01 1.149117948326899424e-01 3.038296539865434354e-01 3.062326147044234226e-01 1.061360096130710695e-01 2.044741911291634295e-01 2.029031032700074899e-01 3.151723639594560256e-01 7.474215337026754447e-02 2.089828690114348408e-01 3.103178552172843885e-01 2.395900451155931754e-01 1.843833239815381719e-01 8.423851793295689117e-02 3.413980947324800619e-01 2.582983830729139174e-01 2.090052198231304725e-01 2.395485671482312229e-01 2.146812367191450466e-01 1.920472964873030375e-01 2.545496873555144757e-01 2.406374074657329221e-01 1.733656249937801097e-01 2.716246521583211559e-01 2.139094700955401773e-01 1.252930160029373796e-01 2.050654618509417382e-01 2.296687132009156140e-01 3.070705641243495210e-01 2.499993493343192208e-01 1.968540444526901967e-01 2.089802941934361391e-01 1.479002881761543597e-01 1.836433235329006930e-01 1.421667102077403821e-01 1.905560967161923636e-01 2.540269676089421114e-01 2.658944682188177366e-01 3.424513502716269309e-01 1.740508531003260029e-01 2.257012900006971634e-01 1.944519481747606637e-01 3.275555104877483359e-01 2.118939156484397346e-01 1.202534493694790152e-01 1.916020374642642132e-01 2.838585525333838233e-01 3.363700080670400938e-01 1.555253569223980226e-01 2.815672650980768355e-01 1.440941596205634334e-01 2.791933390026659079e-01 1.418400725927623229e-01 2.140734126436564522e-01 2.093565645892133953e-01 2.563690195486398871e-01 1.485349546879863314e-01 3.079374044025637858e-01
2.967192864531963403e-01 2.680215896167499889e-01 3.718406741839841989e-01 3.226254334307216420e-01 2.597323069132143059e-01 3.530785458071438176e-01 2.737410199597206661e-01 1.000000000000000000e+00 4.081995287361149805e-01 2.544135514396738129e-01 2.607735421492024530e-01 2.194318319954696728e-01 2.870817846333389989e-01 1.741435916531108297e-01 2.914528414799280598e-01 3.265142517234931319e-01 2.075200847412256577e-01 2.960196087324201142e-01 3.585151664584546038e-01 3.227199362113677417e-01 1.817111397265958883e-01 1.624933295830335023e-01 3.175566694718245930e-01 1.308489868164786629e-01 2.803393448961071233e-01 2.289506147426880189e-01 3.790861709354913511e-01 1.474923690825666323e-01 2.785936718353354546e-01 2.634839800380740504e-01 3.728465158472394902e-01 3.672101292727682487e-01 2.629388400810558357e-01 2.049870719026308241e-01 2.178916686781229572e-01 2.953276927894021298e-01 2.221008865325966031e-01 3.029589182789196311e-01 2.114620252662335886e-01 3.058569479505579558e-01 2.720059579571919572e-01 2.257899739821596086e-01 1.369817879835956986e-01 4.450190179875934682e-01 4.496597514404284679e-01 2.422991405625838923e-01 3.088007544901247847e-01 2.636089847601706948e-01 3.228197098508848173e-01 2.587085002577201309e-01 3.728925189731859824e-01 2.224022435117722074e-01 3.620626425579486218e-01 3.212443747856099097e-01 4.242387398584649416e-01 3.399953611709123358e-01 3.593351326501253995e-01 3.297313541038405238e-01 1.434403980121210509e-01 2.652932407351028532e-01 2.107131281903137365e-01 1.756360785488648990e-01 2.528850482996709004e-01 1.709440717068180793e-01 4.443803712018883356e-01 2.448363161365345597e-01
2.549681000962705779e-01 3.719715637102839478e-01 2.773026834573483201e-01 1.788104239745733348e-01 2.449385928397512235e-01 2.009383187330931464e-01 2.138171793283123456e-01 4.081995287361149805e-01 1.000000000000000000e+00 3.276503000465220694e-01 3.743735345325695518e-01 1.809152950921032732e-01 1.817976620485034223e-01 2.762448361435307365e-01 1.327942394627067424e-01 4.582046483733541731e-01 1.269979305323405694e-01 3.173750350345265203e-01 1.927180231325103799e-01 2.853427930642797872e-01 3.086136891167403085e-01 2.571804105673876073e-01 3.099460846964259275e-01 1.412648003241234462e-01 2.763367539131974526e-01 2.155107329319391474e-01 1.423841501358078521e-01 3.107273247079596068e-01 2.546429754387035116e-01 3.508606608320071207e-01 4.601332936102772164e-01 3.107870790552414442e-01 4.331465849749293051e-01 2.424710955689840519e-01 2.559437975678739430e-01 3.114928029434458900e-01 1.137879106916173388e-01 2.868314432697760541e-01 1.575838289332633924e-01 2.763630055701868371e-01 2.120936857738959236e-01 2.061744480418188918e-01 3.192098388594792890e-01 1.828141951510168783e-01 2.748039293604156441e-01 3.349626561570562822e-01 2.745877858683642980e-01 1.948217422271804611e-01 1.912601864443363997e-01 3.175564893434514868e-01 4.326568443304188993e-01 2.035957457686997651e-01 1.869334620579544692e-01 3.234188189582423156e-01 3.051823186378114228e-01 3.520531881363286320e-01 2.487637108580981193e-01 2.412507521276531786e-01 2.414104863949286806e-01 1.737902178859898616e-01 1.889182314574990862e-01 2.330357110959750400e-01 3.260840373367238088e-01 2.543226344815048279e-01 2.183291426118867951e-01 3.248489243474694810e-01
2.888967083520939116e-01 1.728982041411766257e-01 2.494564369389068725e-01 3.341182677935284895e-01 2.668186123217172745e-01 3.689562193474614782e-01 1.149117948326899424e-01 2.544135514396738129e-01 3.276503000465220694e-01 1.000000000000000000e+00 3.708505450322628350e-01 2.764872382461644462e-01 3.093776199565855256e-01 2.582735552794022116e-01 3.181239042290659458e-01 1.327276856703916152e-01 3.179108627841240042e-01 2.531504515055789661e-01 3.829070272721243340e-01 2.216998528732269658e-01 3.062731423013474452e-01 1.837068412732482947e-01 2.869504993321220776e-01 1.996248424964354728e-01 2.813701302098046142e-01 1.755989795480359661e-01 2.883845850241638642e-01 3.925156823294193020e-01 2.901732419797090623e-01 2.698946876241732906e-01 3.558891979101049818e-01 3.487156617556944616e-01 2.534426013796819976e-01 2.522155708970262311e-01 2.711188403799985047e-01 1.456751297136919809e-01 3.987833804681258920e-01 2.080946192718233778e-01 1.714891402370802842e-01 3.243873890270743132e-01 3.414381590058803706e-01 3.046162726249067032e-01 2.897053352089989930e-01 3.595501799526731324e-01 2.693840060834134520e-01 4.021851923518646732e-01 2.472270259644961943e-01 3.810063665247412912e-01 4.218799214320249069e-01 3.776645792785944811e-01 2.308618331548805691e-01 3.724676075220157978e-01 3.456986204685397190e-01 3.147051920208245868e-01 2.658345397674123367e-01 3.188629906962293092e-01 1.757383348514466315e-01 3.707240674739366026e-01 1.348526226866026689e-01 2.768738101228943593e-01 3.240085148521347769e-01 4.252219843074745986e-01 4.004637598255441633e-01 2.872704909251985184e-01 2.860850973001970443e-01 2.196185142284644565e-01
3.398730096680269153e-01 1.668717521875219267e-01 2.687170697351009552e-01 2.307890103906050649e-01 2.992139980259712617e-01 3.461859801259551395e-01 3.038296539865434354e-01 2.607735421492024530e-01 3.743735345325695518e-01 3.708505450322628350e-01 1.000000000000000000e+00 2.191784564998151552e-01 1.146568248562849918e-01 2.657277281069015396e-01 2.899655684148149115e-01 2.937260562941813591e-01 1.034526198347292536e-01 3.001429078500068015e-01 2.826771644941438733e-01 1.489272820644955142e-01 2.380712142057460901e-01 2.651475059389361011e-01 8.202278305084881316e-02 2.099320692492303020e-01 3.259094194257505794e-01 1.361419872574381462e-01 1.920357790619610372e-01 3.402372353069500477e-01 2.337538754023097409e-01 2.542695478903179707e-01 3.135333992703154826e-01 1.299774960997228113e-01 1.651175674838283036e-01 2.333494584819661433e-01 3.226685524164277785e-01 1.207509221974712998e-01 2.879291055199418303e-01 2.737062168976249210e-01 2.278061710508811899e-01 2.480985386832937623e-01 9.429722980526895892e-02 2.649430752630513863e-01 3.582641889091296439e-01 3.620215098957135225e-01 3.175695636918085540e-01 3.536422399285253926e-01 2.410386915410455966e-01 2.532554904771370796e-01 3.593355961961831602e-01 1.794826951337595289e-01 3.620502818512578713e-01 3.270413624519199480e-01 2.276073259206972677e-01 3.131154107690132249e-01 2.746355679082956858e-01 2.740648211969414216e-01 1.616179781466143828e-01 2.616537009058211294e-01 2.077444535317311547e-01 2.890012549667110853e-01 2.479389537881377670e-01 2.093335954495644247e-01 3.160250273428411583e-01 2.256557002881963148e-01 1.528074927072609057e-01 3.044105737134178424e-01
3.534439813480281800e-01 2.834564717495773323e-01 2.638685244151304232e-01 2.861785662694964483e-01 1.918217694723536038e-01 1.981937986498945592e-01 3.062326147044234226e-01 2.194318319954696728e-01 1.809152950921032732e-01 2.764872382461644462e-01 2.191784564998151552e-01 1.000000000000000000e+00 3.455944681454412581e-01 1.237920169680840760e-01 2.384452025892696281e-01 1.809291553782622075e-01 3.054647874426272836e-01 3.176966022187585059e-01 1.383816253385707074e-01 4.713654249350924808e-01 2.651154375484565673e-01 2.436844075312999403e-01 2.909516801930318586e-01 1.513147675507121037e-01 1.156522186982581468e-01 3.018939101281064574e-01 3.221701063391358977e-01 2.011541978778069728e-01 3.809378521872147094e-01 1.632904922349218413e-01 2.663023929313039218e-01 2.691746280209791342e-01 3.614409245341040355e-01 1.091393480734285382e-01 3.117437959581710327e-01 2.590472895734638459e-01 2.998942017188772069e-01 3.019785847085831310e-01 2.080621658223403558e-01 2.618885845756004360e-01 2.498948184062814160e-01 2.879989436412213055e-01 2.533860663943573455e-01 1.817201306098971403e-01 3.283201246205769142e-01 1.476341279711918530e-01 3.641850894030366215e-01 4.224062781623263430e-01 3.056601596420530087e-01 1.564274220740736188e-01 1.911502945200725667e-01 1.698051245897801431e-01 9.441340896881222911e-02 1.689371818842532180e-01 2.729520208183320307e-01 1.999580611131381302e-01 2.436398927754763188e-01 2.772977939110999879e-01 2.531072617002185776e-01 1.878905090947942391e-01 1.301006551082970752e-01 3.125270766163943392e-01 3.013565645322848208e-01 1.528898403661810290e-01 2.047937323381548991e-01 3.321516563294962809e-01
3.793955294942775724e-01 2.197992626968042762e-01 1.130628384134645392e-01 3.438857468924508831e-01 2.710038465777991901e-01 2.175281225605562585e-01 1.061360096130710695e-01 2.870817846333389989e-01 1.817976620485034223e-01 3.093776199565855256e-01 1.146568248562849918e-01 3.455944681454412581e-01 1.000000000000000000e+00 2.251210579138024637e-01 8.682595912843488195e-02 1.805451952715808606e-01 3.014423173907724851e-01 2.043300179497710700e-01 1.703641912087344723e-01 2.730357581987826743e-01 4.868701976620505578e-02 1.548295016369710120e-01 3.235622533248216914e-01 1.070480032889927074e-01 2.028235717730749732e-01 2.000387827034414978e-01 1.812951595177612896e-01 3.147829562532922232e-01 2.214027671168480316e-01 1.995378318749321811e-01 2.806185164657498121e-01 2.232233234554449053e-01 2.882827268178649316e-01 1.573652720809079475e-01 3.860214323055822794e-01 1.815606865412388859e-01 2.320814339084272260e-01 2.341168890375784351e-01 2.136190620967146903e-01 1.630846312290138711e-01 2.951032602394075832e-01 3.224574340984791010e-01 3.005752888797692535e-01 1.499087971974062961e-01 2.047936956786360063e-01 2.393868031138232655e-01 6.273303590479782643e-02 3.541502079659862301e-01 2.265506884921061337e-01 2.163754890794490904e-01 1.766007545077659113e-01 1.512342337772368261e-01 3.325520019903597801e-01 1.303594893475388261e-01 1.579378522220871439e-01 2.616141520410483756e-01 2.896658118812041049e-01 2.003532104495853727e-01 2.784874384599019814e-01 6.296634633340009168e-02 2.204795256273827664e-01 3.240655286408736790e-01 2.508698310681835020e-01 1.921486760454521325e-01 2.143808201238319722e-01 1.831166989716160320e-01
1.942892722382137116e-01 1.607476610071519596e-01 1.597982519520826095e-01 2.719012908297739894e-01 1.290683400231449063e-01 2.236121489495885850e-01 2.044741911291634295e-01 1.741435916531108297e-01 2.762448361435307365e-01 2.582735552794022116e-01 2.657277281069015396e-01 1.237920169680840760e-01 2.251210579138024637e-01 1.000000000000000000e+00 1.884157810837117641e-01 2.072937124500893180e-01 2.364213652110971897e-01 2.770722993455573269e-01 2.925766705891256758e-01 2.214514832486699225e-01 1.848720794263337686e-01 3.433627535908648776e-01 2.035912750903301760e-01 1.782219227140849904e-01 3.497868440486209263e-01 1.686880950214406649e-01 1.927763352667018482e-01 1.658840542543795760e-01 1.485925599538479580e-01 1.964928892691213957e-01 2.000832634862495796e-01 3.292642424883911456e-01 3.300065773526904556e-01 1.909006392350767189e-01 1.596457702166410308e-01 2.946868734543909296e-01 5.957323393207462903e-02 1.492879651235635707e-01 2.535162478325066471e-01 2.882248185035447552e-01 3.164064640350707780e-01 2.597975954648224506e-01 3.523883360440489554e-01 1.795517045967385261e-01 3.129616430128538407e-01 3.379967505782965342e-01 1.705544178890198437e-01 1.285135647787177260e-01 8.215224715210424355e-02 3.024371514860544341e-01 2.226795479234396913e-01 2.408395303152748301e-01 2.144972049337722231e-01 2.241108671610336500e-01 2.852802752754102222e-01 2.021695660061727517e-01 2.606628294282397063e-01 2.272878148935462417e-01 3.317126927823554894e-01 2.376301073887259752e-01 6.037310717850209035e-02 3.168986689577774074e-01 1.954981194090256447e-01 2.545747220414348866e-01 2.839591979108994635e-01 3.380357840425478599e-01
2.750126906532497362e-01 1.478424928086888579e-01 2.232752038015949625e-01 1.463284860048205682e-01 7.801733137184710398e-02 2.985521883874675542e-01 2.029031032700074899e-01 2.914528414799280598e-01 1.327942394627067424e-01 3.181239042290659458e-01 2.899655684148149115e-01 2.384452025892696281e-01 8.682595912843488195e-02 1.884157810837117641e-01 1.000000000000000000e+00 1.080320487965795162e-01 1.497736341017589512e-01 4.282397559012263155e-01 1.308826411911441223e-01 3.476550703363970873e-01 2.127249328319600341e-01 2.960291509023516010e-01 9.480024214265884985e-02 2.185805661955810830e-01 1.790770231419240577e-01 1.924610925275401785e-01 2.349673029147772985e-01 2.572728631470841409e-01 2.355581757331840498e-01 2.232782797147043752e-01 1.424509058845427889e-01 1.239429575996442712e-01 2.631508015470836459e-01 3.991228123921712889e-01 1.421260948655554968e-01 4.081562657367312497e-01 4.074803410684901817e-01 1.894851401462616658e-01 1.554105168493269129e-01 2.697884595204057545e-01 1.269368905878426323e-01 3.252479152697584364e-01 3.430062942523141034e-01 4.063632233803806115e-01 2.365275908843176844e-01 1.987259340015510023e-01 3.103300293293520529e-01 1.913591643440573919e-01 4.110295633306618734e-01 2.284991770755759322e-01 1.673965334121236270e-01 3.833728191360802895e-01 1.696492984932894688e-01 2.059548834378521487e-01 1.799298705268509990e-01 1.671919661106380239e-01 2.035592105791333428e-01 8.461953709160638382e-02 2.529776353620682983e-01 3.753397851942346652e-01 1.584186023976491553e-01 2.741272315568913376e-01 3.221636435091264072e-01 2.042788739322469183e-01 2.051562944592962567e-01 1.373796548499085501e-01
4.547877180603492886e-01 2.173978511650938583e-01 3.422865338892736586e-01 3.137722218817662889e-01 1.937854968420026358e-01 3.598548336765077793e-01 3.151723639594560256e-01 3.265142517234931319e-01 4.582046483733541731e-01 1.327276856703916152e-01 2.937260562941813591e-01 1.809291553782622075e-01 1.805451952715808606e-01 2.072937124500893180e-01 1.080320487965795162e-01 1.000000000000000000e+00 2.437159436383691258e-01 3.159322260361691059e-01 2.878520887503093761e-01 2.511932391276703869e-01 2.590433167457818486e-01 2.758782947521744022e-01 2.955499155968772662e-01 2.579606596317914891e-01 2.862413462532382713e-01 1.987741293823742095e-01 1.084105609181023472e-01 3.139701124010593758e-01 2.169884234580257976e-01 3.665908584452015062e-01 3.170584352746282919e-01 2.376522603207806006e-01 2.976002585852606241e-01 4.327557026397421680e-01 1.222449327474096209e-01 2.578737278528989152e-01 2.279432655459187329e-01 3.130675907210599407e-01 1.860756346243667425e-01 1.642408336024116788e-01 1.246689345764362966e-01 1.445320186917256611e-01 3.780346368748054298e-01 1.291226499942083605e-01 2.748415774892893904e-01 1.054663193534669807e-01 3.008632998948481685e-01 4.213873203127103950e-02 1.650833199310168808e-01 2.135247836754594064e-01 2.956267112005083186e-01 1.614180161245820089e-01 1.768195992300806429e-01 1.950196949966939153e-01 3.328723837322554724e-01 3.269994261955882497e-01 2.572727105097784017e-01 2.393308094643011030e-01 1.221911252710120577e-01 2.861412178345295598e-01 2.724541703567425754e-01 1.402591237714294892e-01 1.956637858613069214e-01 2.640801441409587058e-01 2.920717138430417026e-01 2.724063016714874386e-01
2.005240415176178237e-01 9.221688146576387246e-02 3.483456670960556334e-01 2.424507624206261591e-01 2.956502761018898195e-01 2.777248820463009138e-01 7.474215337026754447e-02 2.075200847412256577e-01 1.269979305323405694e-01 3.179108627841240042e-01 1.034526198347292536e-01 3.054647874426272836e-01 3.014423173907724851e-01 2.364213652110971897e-01 1.497736341017589512e-01 2.437159436383691258e-01 1.000000000000000000e+00 3.068227234502763912e-01 1.730405054802487408e-01 2.837950566767641902e-01 1.779410015777547760e-01 2.166368476098992080e-01 3.132202229387258119e-01 2.098629750052990739e-01 2.650639072794343520e-01 2.813035952658820560e-01 1.216251975504861749e-01 2.659728932225063902e-01 2.626772355903784217e-01 1.836142948456981894e-01 1.629597184255143771e-01 2.232126619267101875e-01 3.322080342206090720e-01 3.058737286085236318e-01 4.066213940412792827e-01 1.461333992773586887e-01 3.598366839583351240e-01 1.924225608460624071e-01 3.516908041789142403e-01 1.737056438259688695e-01 2.623966931376181533e-01 2.319937495771084990e-01 3.981735299221229596e-01 2.925503003937406366e-01 2.003072227484595236e-01 2.233984641130627447e-01 1.877388826304670910e-01 3.101258393611188158e-01 1.497981560886254004e-01 1.238192399297303320e-01 1.882401728636647342e-01 3.830163717320332895e-01 1.333747406609207542e-01 9.024188355187925947e-02 1.732914030940980732e-01 1.668546550111106308e-01 2.598426290196997335e-01 1.900106328173719605e-01 2.401484293542333615e-01 2.929247316063626760e-01 3.086856089130480818e-01 1.605063246395508625e-01 3.700451603518086774e-01 2.368814228130692312e-01 6.974153035930255595e-02 1.485189515007466765e-01
1.830773216166796946e-01 1.335945144713520383e-01 1.273253544778269186e-01 2.270146789254176012e-01 2.029318921529121578e-01 3.260862612068507471e-01 2.089828690114348408e-01 2.960196087324201142e-01 3.173750350345265203e-01 2.531504515055789661e-01 3.001429078500068015e-01 3.176966022187585059e-01 2.043300179497710700e-01 2.770722993455573269e-01 4.282397559012263155e-01 3.159322260361691059e-01 3.068227234502763912e-01 1.000000000000000000e+00 2.151014211149351318e-01 3.651947787135780832e-01 2.371017439939536176e-01 4.709036655825552531e-01 3.599078903110417005e-01 2.587176504973617286e-01 2.799915447451354900e-01 2.925178159615732243e-01 2.422395798340650219e-01 2.967835811662617451e-01 3.206084106997449390e-01 2.446434812318357133e-01 2.994414760541048715e-01 2.715945832711011976e-01 3.030116216248370242e-01 3.619556096822951208e-01 1.688644065636618619e-01 3.830921277215391663e-01 4.542213879940099064e-01 4.096334284057148167e-01 4.067099162628005637e-01 2.300481229173115261e-01 2.429583907183353875e-01 4.681023396821600846e-01 3.741851641115872540e-01 4.004673073870487210e-01 2.280419774327502869e-01 1.454957812933894146e-01 3.300942940155062733e-01 3.199796351135671957e-01 3.433060146384749323e-01 1.932475088397372920e-01 2.129974282101060601e-01 4.575751383460853194e-01 2.914748022946103134e-01 1.831748697969614037e-01 1.980311364601338164e-01 3.349692994426757275e-01 3.858816456079258161e-01 1.682214112458826072e-01 2.439185330591102097e-01 2.805094686249778868e-01 1.610158698680405620e-01 3.154243839657142057e-01 3.099223173151390287e-01 2.125981229318055221e-01 1.980182742191187728e-01 2.271420639433848754e-01
1.869049345552642183e-01 1.625687553757989290e-01 3.331570663374173180e-01 2.448829339080284273e-01 1.933514155222632591e-01 1.812553009525770809e-01 3.103178552172843885e-01 3.585151664584546038e-01 1.927180231325103799e-01 3.829070272721243340e-01 2.826771644941438733e-01 1.383816253385707074e-01 1.703641912087344723e-01 2.925766705891256758e-01 1.308826411911441223e-01 2.878520887503093761e-01 1.730405054802487408e-01 2.151014211149351318e-01 1.000000000000000000e+00 1.639957121842527954e-01 3.212994710830614498e-01 1.542746483436167049e-01 1.120786443280908373e-01 1.786079998644556910e-01 2.236467608591175826e-01 1.631187347161048296e-01 1.528472518680217551e-01 1.761854156542632388e-01 2.875249802514009412e-01 2.537621581119789971e-01 2.262981369595337133e-01 1.990916516376515233e-01 2.761423749556589091e-01 9.464970117080037659e-02 9.528695696850780772e-02 2.495146767060212878e-01 2.279527135706357899e-01 2.995109519854127766e-01 2.523803063898503174e-01 1.589600537913851697e-01 2.386906630326280920e-01 1.361981082029494750e-01 1.789910605645289865e-01 1.426010677308339747e-01 2.597691443367857733e-01 1.474546675388275774e-01 1.693019881750153222e-01 1.621482401826361552e-01 2.766711769976493152e-01 3.282449292894006332e-01 1.367631728393804424e-01 1.088785071332447341e-01 2.345871357259234902e-01 2.848342314789610308e-01 1.849841241394145075e-01 1.071466667957411273e-01 3.508596349643158807e-01 2.109504374837115059e-01 1.698443249689494117e-01 2.299365869081640423e-01 2.250662210754878489e-01 2.058419422846277103e-01 2.830316198278552964e-01 1.143385991946914426e-01 3.077849042069709107e-01 2.700842363209230435e-01
1.407928598524373354e-01 2.109894671994682891e-01 2.513592265339402720e-01 1.418485375431351170e-01 6.785218018636772486e-02 2.419023207115325036e-01 2.395900451155931754e-01 3.227199362113677417e-01 2.853427930642797872e-01 2.216998528732269658e-01 1.489272820644955142e-01 4.713654249350924808e-01 2.730357581987826743e-01 2.214514832486699225e-01 3.476550703363970873e-01 2.511932391276703869e-01 2.837950566767641902e-01 3.651947787135780832e-01 1.639957121842527954e-01 1.000000000000000000e+00 2.278122000581193629e-01 2.538860931938163867e-01 1.915505966114333380e-01 2.053012310199311130e-01 2.745030935290166396e-01 1.961698326308962126e-01 3.169008446720857353e-01 2.186169660133037151e-01 2.706592794533934088e-01 1.519833708123104754e-01 2.194283283782305083e-01 1.319828891298020501e-01 2.505437726217590866e-01 4.462940305083205050e-01 2.506662381291651087e-01 2.891562792702433438e-01 1.841364192556673163e-01 2.674514801286531074e-01 2.516456741848923651e-01 2.515341215150604381e-01 1.309376036152432032e-01 3.233437625856466768e-01 2.297440979502925196e-01 3.085111365729238386e-01 2.633417754205792383e-01 1.783711420213442700e-01 3.799468025645053038e-01 3.432389598859691970e-01 2.593186824772927834e-01 1.882903063249697639e-01 2.853085375036958360e-01 2.627059430921749317e-01 1.917740196437943134e-01 2.026198510485850701e-01 2.599992157502896695e-01 3.363264698241411610e-01 1.753987579780492134e-01 2.174287355367925390e-01 2.643288586520459171e-01 2.279289120843976946e-01 1.713646569408061038e-01 3.168668386301450313e-01 2.431159859798508183e-01 1.067113959800027878e-01 2.586335968245178640e-01 3.077859061395592510e-01
2.401133284592359418e-01 1.608293564190971803e-01 2.491277526554816213e-01 2.050878938130569207e-01 2.619868017327252052e-01 3.180020521544820733e-01 1.843833239815381719e-01 1.817111397265958883e-01 3.086136891167403085e-01 3.062731423013474452e-01 2.380712142057460901e-01 2.651154375484565673e-01 4.868701976620505578e-02 1.848720794263337686e-01 2.127249328319600341e-01 2.590433167457818486e-01 1.779410015777547760e-01 2.371017439939536176e-01 3.212994710830614498e-01 2.278122000581193629e-01 1.000000000000000000e+00 1.458917971009461301e-01 1.784612420012459677e-01 1.637914097314710771e-01 1.693374533547525318e-01 1.935296601816782480e-01 3.054212911835120225e-01 3.625079145889382737e-01 2.854226224220937080e-01 2.088943958294686987e-01 3.906492998347743661e-01 2.070394327121514721e-01 1.588979227071261047e-01 2.790367408789015125e-01 1.657838596187197200e-01 3.319158899426847831e-01 2.853154649915977670e-01 2.892349809605510025e-01 1.292849077026879401e-01 1.910376767376279483e-01 1.602968253941348675e-01 2.335251739872599153e-01 3.067895385109254969e-01 2.613219568178773433e-01 1.248238178658879483e-01 2.425798015802432261e-01 2.688343573804816145e-01 1.641952702777993434e-01 4.277275943194374097e-01 2.290550845391153834e-01 2.979658847545975653e-01 2.687829940311869947e-01 1.894251326938462821e-01 1.785983413092274985e-01 1.711307730452902853e-01 1.111219888866042949e-01 1.618355491746320263e-01 1.612039785981990991e-01 1.963413497438658006e-01 2.925274544584747227e-01 2.712186090586741205e-01 1.950395255559931873e-01 3.266227199623898403e-01 2.017599258641246118e-01 2.861915544958468227e-01 2.256911528116880283e-01
2.943178810674642598e-01 2.552994432707040851e-01 3.498665832124433495e-01 2.105208268933340676e-01 2.641432627879994333e-01 3.336076106350750470e-01 8.423851793295689117e-02 1.624933295830335023e-01 2.571804105673876073e-01 1.837068412732482947e-01 2.651475059389361011e-01 2.436844075312999403e-01 1.548295016369710120e-01 3.433627535908648776e-01 2.960291509023516010e-01 2.758782947521744022e-01 2.166368476098992080e-01 4.709036655825552531e-01 1.542746483436167049e-01 2.538860931938163867e-01 1.458917971009461301e-01 1.000000000000000000e+00 2.657651032128305335e-01 3.115243427938177989e-01 2.814385807499609760e-01 3.022339374446266769e-01 2.834817632090890771e-01 2.266795170129727865e-01 3.807592333867810819e-01 2.163205027496467037e-01 2.563954188144031421e-01 1.535987598006184618e-01 3.865977370682807113e-01 2.912334108161320767e-01 2.907108421179949165e-01 4.606419494697903128e-01 3.266733839507731663e-01 2.969035771868651086e-01 2.442070164685092859e-01 1.863699780701025266e-01 2.631358815338872836e-01 2.768174454310789456e-01 4.600875740645982148e-01 4.516529532504081623e-01 3.056197279156055435e-01 1.347291141513466406e-01 2.688555105203513929e-01 1.936246411620799468e-01 1.770102244990212348e-01 2.265592855132755878e-01 1.123541711672014221e-01 2.375456678332692750e-01 1.963916516898437936e-01 1.503487433228718473e-01 3.213730676528032126e-01 2.850834892049529112e-01 3.059014130704477141e-01 1.297366224678797308e-01 3.516254736431587702e-01 1.909096941462184449e-01 1.374464944146760459e-01 4.091286442802959389e-01 2.597721129275213370e-01 1.612380409848332419e-01 3.131723873454028695e-01 2.085123458816451891e-01
2.749169308225704600e-01 1.124934348596125094e-01 2.389287661979854760e-01 3.364407998140843681e-01 3.005947400231625544e-01 2.661393890067522139e-01 3.413980947324800619e-01 3.175566694718245930e-01 3.099460846964259275e-01 2.869504993321220776e-01 8.202278305084881316e-02 2.909516801930318586e-01 3.235622533248216914e-01 2.035912750903301760e-01 9.480024214265884985e-02 2.955499155968772662e-01 3.132202229387258119e-01 3.599078903110417005e-01 1.120786443280908373e-01 1.915505966114333380e-01 1.784612420012459677e-01 2.657651032128305335e-01 1.000000000000000000e+00 3.623726885128538688e-01 2.961516499020372395e-01 2.259768168930454957e-01 3.283664614470346299e-01 2.451120889453562435e-01 2.096026581767780339e-01 2.102395486827132731e-01 2.162189101522281054e-01 3.403179912829986109e-01 3.157254370561362600e-01 2.285863641271975721e-01 2.752793294368901522e-01 2.501786177604277683e-01 1.386143270080154866e-01 2.039337121583418566e-01 3.168869643878277631e-01 3.369476936625194763e-01 2.596600799020057360e-01 2.181700248202386450e-01 2.188825072718733888e-01 2.176975962146296129e-01 9.744957281023160223e-02 2.126549819828536803e-01 1.657279134681500787e-01 3.457063256713682753e-01 2.121024523159123210e-01 1.084988347803504255e-01 2.129235043922532711e-01 2.957777786198241832e-01 2.797847052798542178e-01 2.929174093380586541e-01 2.500072589024718295e-01 3.235487362906390718e-01 3.723798708280518510e-01 3.327131202705546631e-01 3.044470465131692283e-01 2.693110406670642942e-01 3.735915083464518283e-01 3.084330175904416715e-01 2.128590415279305037e-01 3.522529873041902460e-01 2.067051530503702939e-01 2.074693351150280751e-01
3.283236248385635325e-01 2.124638423208116689e-01 2.162262963987115483e-01 3.009200926942822152e-01 1.870379500532763917e-01 3.655785680034067120e-01 2.582983830729139174e-01 1.308489868164786629e-01 1.412648003241234462e-01 1.996248424964354728e-01 2.099320692492303020e-01 1.513147675507121037e-01 1.070480032889927074e-01 1.782219227140849904e-01 2.185805661955810830e-01 2.579606596317914891e-01 2.098629750052990739e-01 2.587176504973617286e-01 1.786079998644556910e-01 2.053012310199311130e-01 1.637914097314710771e-01 3.115243427938177989e-01 3.623726885128538688e-01 1.000000000000000000e+00 2.379590782058691734e-01 3.072031376629221766e-01 2.996820108810659966e-01 1.230536132909299529e-01 3.639081525057951128e-01 3.153397718029254948e-01 3.098644921682431885e-01 2.235459567169105766e-01 3.217538053649062757e-01 1.723156283393185717e-01 3.103804651469149745e-01 2.353401302407082396e-01 2.894758867488143039e-01 2.692240498787688008e-01 2.650486570681243048e-01 1.971375664508467906e-01 2.133845173630624925e-01 1.833194573637657587e-01 2.278447075803679001e-01 2.024272004225104449e-01 1.635779085509765640e-01 1.441447462688214831e-01 2.057591331203612317e-01 2.467925139096901477e-01 7.845738827566106632e-02 1.696037305418647834e-01 1.290397179633070712e-01 3.879133521924421624e-01 1.635442197174337697e-01 2.013604930108987556e-01 3.038143650300949572e-01 2.977230047655426981e-01 2.328518882846372096e-01 2.968458223683765329e-01 2.610573447299983085e-01 2.441658071880116465e-01 1.007797152070452062e-01 3.406239823192538374e-01 2.454549894658826781e-01 1.663345791996101442e-01 1.468862929005008144e-01 2.087695417398290065e-01
