1.000000000000000000e+00 9.349132287723435630e-02 1.844496603602902574e-01 1.545912210681456012e-01 1.462052367235088801e-01 1.420093554629232591e-01 2.637664102912923858e-01 1.652529587877827888e-01 1.227887489148924011e-01 1.431005996605795028e-01 1.309978248677735324e-01 2.211144611896642131e-01 2.358229785165159853e-01 2.597067436408095897e-01 8.259430590944426276e-02 2.032282988591057327e-01 1.315895922670635987e-01 3.066452560654583381e-01 2.428653969074897889e-01 1.507902722792505701e-01 1.592855911283470038e-01 1.375269614616341785e-01 5.678650656874315028e-02 1.379858204228022189e-01 1.639523944835312164e-01 2.015919353641758005e-01 1.990332538231256443e-01 2.434542420207770064e-01 2.835186337853504157e-01 1.876713784636373505e-01 1.362439431601011330e-01 1.811299796039829990e-01 1.754251309966057826e-01 5.086994981455432441e-02 8.458087718872524252e-02 1.724950076052052528e-01 2.483999014867409039e-01 1.716939241274157979e-01 1.530348188951116406e-01 2.797109946037227290e-01 1.631262121058591752e-01 2.756177482416934943e-01 9.531136921277802432e-02 1.563732019858490307e-01 3.861318137003129092e-01 1.900213521491593005e-01 2.766251593490158811e-01 1.447420991354488318e-01 1.299828246797460618e-01 1.332104575130235724e-01 1.701843905034342019e-01 2.224118309117373848e-01 1.686000566510008070e-01 1.390000823989379075e-01 1.888605437142470977e-01 1.877713751285099986e-01 2.734050576353955209e-01 9.500965567292850300e-02 2.029983523202350537e-01 1.608142915071054668e-01 1.274724195229753332e-01 3.354779142623400823e-01 1.236630210560235033e-01 1.873962453862365041e-01 2.914133766601150199e-01 2.510360534187093817e-01
9.349132287723435630e-02 1.000000000000000000e+00 1.636013465461939598e-01 1.478082312609455273e-01 1.837769201509640571e-01 1.583672559745828434e-01 2.721213007181196297e-01 2.348697429381765289e-01 1.802609295614873708e-01 1.666037757018364873e-01 1.436180831269850966e-01 2.943651942638567109e-01 1.470020324679713331e-01 1.757346723806278432e-01 1.787217529945447081e-01 2.194725371113301071e-01 1.399197823975972255e-01 1.810633717977054857e-01 1.669454053052192022e-01 1.635136242400768158e-01 1.481210178894236673e-01 1.555046572295367691e-01 2.804271899515218824e-01 1.681798883117305299e-01 1.185296466907515833e-01 7.143303370490095006e-02 7.709904081721272173e-02 1.957138977661601054e-01 4.907769511740683877e-02 9.427394722626768198e-02 2.472771503748676103e-01 1.210131429546930093e-01 1.839246993119412754e-01 2.034266281496439066e-01 1.458443039307220357e-01 2.635699213471167646e-01 2.116806625206448245e-01 1.794715306507454478e-01 9.310829669513237539e-02 1.638275487442006351e-01 2.179340186075759134e-01 7.252174163406337193e-02 1.183908736325677974e-01 2.026185644044260492e-01 1.137070364312282311e-01 1.596658923418889930e-01 1.315309204889132388e-01 1.941042899754914230e-01 2.981392792249161205e-01 1.587482501872273244e-01 2.344502877979329769e-01 5.930601292015187653e-02 1.761028602971806412e-01 2.008503806328657271e-01 1.519510385219782211e-01 2.592028875016145761e-01 1.695508028445741888e-01 1.879463947905852805e-01 1.762535633063271601e-01 5.650899041260992739e-02 1.129717764467527419e-01 2.957066414010838806e-01 2.128162904233857344e-01 1.130950821948525364e-01 9.653743661373032081e-02 1.709193998560647187e-01
1.844496603602902574e-01 1.636013465461939598e-01 1.000000000000000000e+00 1.342281340511189414e-01 1.556376816216401560e-01 1.907758681823540081e-01 1.553747637003737025e-01 1.749650001041921921e-01 1.577562082640409646e-01 8.541990522771053529e-02 2.163962732069383832e-01 1.311250899444029172e-01 1.319620330103879746e-01 1.327862220183107511e-01 2.630428374704890104e-01 2.574836673614603333e-01 1.384459037014262872e-01 8.922668238928045670e-02 2.314346764446227334e-01 2.451313949068531506e-01 8.946852939418055428e-02 2.306309528298726153e-01 2.501308452764420265e-01 1.630565567973634722e-01 4.138787992106204849e-02 1.532928547244808148e-01 2.699367680838522521e-01 6.245956159917345762e-02 2.171922075120175932e-01 2.464802942707527977e-01 1.445120861976929572e-01 2.219239765248365304e-01 1.362498758345494221e-01 1.105469012289477249e-01 9.849588459945590735e-02 3.608412694808759147e-01 2.976051763589965815e-01 9.883306392605729906e-02 1.422455085482756398e-01 1.451804253863795691e-01 5.106336183350879826e-02 1.213988344049132528e-01 9.030129850166573879e-02 3.109068355366755299e-01 1.268822472332541140e-01 2.050872976978432849e-01 1.883644700558772256e-01 1.789438468523611714e-01 1.319931165037087906e-01 8.480706887730975196e-02 2.161481250268348364e-01 1.706105288009499565e-01 5.132508096358334715e-02 1.360392258482239769e-01 1.555296931315050535e-01 1.693686336754890998e-01 1.212822303550482317e-01 1.793711129059888387e-01 2.689403718041123992e-01 2.244237480330171508e-01 1.465596155607744311e-01 2.586242198019604865e-01 1.590656573603556612e-01 2.728368184228551763e-01 1.717155029509676578e-01 6.741617882397794859e-02
1.545912210681456012e-01 1.478082312609455273e-01 1.342281340511189414e-01 1.000000000000000000e+00 2.915234906312903496e-01 1.477008103415798079e-01 1.607577218300394462e-01 1.016558041626116488e-01 1.446216494260792462e-01 4.480989220700857395e-02 2.260576893155469835e-01 1.657781630502260239e-01 2.023406446228532829e-01 1.681768221264576257e-01 2.094028326978986942e-01 1.559307423085732058e-01 8.007797110970672760e-02 1.783820783233363017e-01 1.357701411815235015e-01 1.656367704534054131e-01 1.352424590641664315e-01 1.423134382867036474e-01 3.074009832292918798e-01 8.513495831502163047e-02 2.062264122193891991e-01 2.002047817214913095e-01 7.923977638184925842e-02 3.399592831615733113e-01 1.077822523863088411e-01 1.344953590861683312e-01 1.706519189883812238e-01 1.487623095333394929e-01 1.237809438788670530e-01 3.204949373641981514e-01 2.026621975203358739e-01 7.968186897999918195e-02 9.978697845205299066e-02 9.466242400199710583e-02 1.349671470445741317e-01 1.281233068342157999e-01 1.898133467601840207e-01 1.960869555711282908e-01 2.520365202057626708e-01 3.060785022405713152e-01 9.690397351408328031e-02 1.769695703761307026e-01 2.638331692572999931e-01 2.404744128231859346e-01 2.356290993964076652e-01 1.712521875337532085e-01 8.721788554624265721e-02 2.381961229818742587e-01 2.214371150296235435e-01 2.526334812403285834e-01 1.536204121352274521e-01 5.944351029560941690e-02 3.003196376923158439e-01 2.224463607031562651e-01 1.277065286187187843e-01 2.621645547678101984e-01 1.239557945196249900e-01 2.466825979772188648e-01 2.159039270410281208e-01 1.399381935855421866e-01 2.351252691315199317e-01 1.623025205762053114e-01
1.462052367235088801e-01 1.837769201509640571e-01 1.556376816216401560e-01 2.915234906312903496e-01 1.000000000000000000e+00 1.972703380776175686e-01 1.427407004248422151e-01 1.934139845505963018e-01 1.235899774330671275e-01 2.237172893004062968e-01 3.044757444576302596e-01 1.976772440227551053e-01 1.402072863762094113e-01 1.499304929173420620e-01 2.848524964268808746e-01 1.887343385144903962e-01 1.154086087547475103e-01 1.748851129318637343e-01 2.309466182528857048e-01 1.621588489076473683e-01 2.168051428345242337e-01 3.617061868688492554e-01 2.142006389971865543e-01 8.374988923362298998e-02 1.163793982469017996e-01 2.271171902855080860e-01 1.940569477377162844e-01 1.756589054841256881e-01 1.892974734417234295e-01 1.513775204802468022e-01 2.311305961803381548e-01 1.778173798979202358e-01 1.253114640530993695e-01 1.090377246425474900e-01 1.358887504685115655e-01 1.713270745255187910e-01 7.722171414890845187e-02 1.267151027276816055e-01 6.128919316457108468e-02 1.325467171910273967e-01 9.201289894192395125e-02 1.988742093317169557e-01 1.873066329457984680e-01 1.056710565764818893e-01 1.430385171699380675e-01 1.333347560387413977e-01 1.985631109956814966e-01 3.151649776420126781e-01 1.525841547730181491e-01 2.297148187427628385e-01 1.391066596345407747e-01 2.469386167252778375e-01 3.253975801958459146e-01 1.808142498554056177e-01 1.914948350260713972e-01 1.822804833565039861e-01 9.740937411948921709e-02 1.657757697667781027e-01 1.517549894820653666e-01 1.351577271296852401e-01 2.579977370911594736e-01 2.006095998048343654e-01 1.816950969771934099e-01 1.574224964238130353e-01 2.069751396612638517e-01 2.221216777958143485e-01
1.420093554629232591e-01 1.583672559745828434e-01 1.907758681823540081e-01 1.477008103415798079e-01 1.972703380776175686e-01 1.000000000000000000e+00 9.319442144168940678e-02 1.203001072154535750e-01 1.431151075482601231e-01 3.025527003889819655e-01 1.570929631962488526e-01 1.098232661430373763e-01 1.596710947846728124e-01 1.345471158469126460e-01 1.902812469923070848e-01 1.291983910743823849e-01 1.231279345483186627e-01 1.341704281528052767e-01 1.743517280792435120e-01 1.937198718327174662e-01 1.361955369175765762e-01 1.574367979706067233e-01 1.597158766687440945e-01 2.288989772541324408e-01 8.344161847389487685e-02 1.343117792089611462e-01 1.684485264420003958e-01 1.592075291767001688e-01 2.650870132634970400e-01 1.394442767588787158e-01 1.542003951091905911e-01 8.211543059914293285e-02 2.558600130765078529e-01 1.846911146273340354e-01 4.915278410675216064e-02 1.281070429558517909e-01 1.077517321969071046e-01 9.342081508519145538e-02 9.649816041418672607e-02 2.762455908696984652e-01 2.858313867540064890e-01 1.772684043628754424e-01 1.164448566152858910e-01 1.759536511853585505e-01 1.969528836888774781e-01 1.448575433028103654e-01 2.009305992960861986e-01 1.154856758895373980e-01 1.503910915325173958e-01 1.491305545837114943e-01 2.958599556027990268e-02 1.306749409648592652e-01 2.904311743748442809e-01 2.781721832996722488e-01 2.497756315425165297e-01 1.245501947261486719e-01 1.898969738410881403e-01 2.476440248340871231e-01 2.493792609866347931e-01 2.445549430161614024e-01 1.102959718526803912e-01 1.657312788027153205e-01 2.391960807688451873e-01 1.353769564566469630e-01 1.737103554309106235e-01 1.955908359693131482e-01
2.637664102912923858e-01 2.721213007181196297e-01 1.553747637003737025e-01 1.607577218300394462e-01 1.427407004248422151e-01 9.319442144168940678e-02 1.000000000000000000e+00 2.517997888113329141e-01 1.942387161717685773e-01 1.822419832264723372e-01 2.672841690886138544e-01 1.728104465876916240e-01 1.267992099245657533e-01 8.592438539365115924e-02 1.256870813702412881e-01 2.551562569471903519e-01 2.402679338009977850e-01 1.410419816238300816e-01 2.265660962920888477e-01 1.684565806513383945e-01 2.126300217068430309e-01 1.174815539784639651e-01 2.158029586950702683e-01 1.530956953698570933e-01 1.910237219621615523e-01 1.843762869770398383e-01 1.523206557957482721e-01 1.088322735098266325e-01 1.279400376652198024e-01 1.022580470405903413e-01 1.849642883453817555e-01 2.501514344075421725e-01 9.820755483512109973e-02 5.581359118733161123e-02 1.493079741305280705e-01 2.764746411785040103e-01 1.667454624276386299e-01 1.613591058491936348e-01 1.033488284323149237e-01 1.780322079098521082e-01 7.439087495550668339e-02 1.293739158114514398e-01 2.490588120587222121e-01 2.481214688420702030e-01 2.196932529896831743e-01 2.191209184237505880e-01 2.295790408763751511e-01 1.970965365022768201e-01 1.250298868316176981e-01 1.394560389642012233e-01 1.614189389214399084e-01 1.953781260081796367e-01 2.089665820715305711e-01 1.286813358614310177e-01 2.773503124457264435e-01 1.261473255554368955e-01 1.406224176355570510e-01 2.006554355293081460e-01 2.128256071392364834e-01 1.996433853376398115e-01 2.328809709942060713e-01 2.674289660774470390e-01 8.945008738146636995e-02 1.830636715696242756e-01 1.999933340830309936e-01 9.960738775381695886e-02
1.652529587877827888e-01 2.348697429381765289e-01 1.749650001041921921e-01 1.016558041626116488e-01 1.934139845505963018e-01 1.203001072154535750e-01 2.517997888113329141e-01 1.000000000000000000e+00 1.495721824750477769e-01 7.450727185389427465e-02 1.694838931918635216e-01 8.462477126913020564e-02 1.710255934216340645e-01 1.163005520752826982e-01 1.482487682501233139e-01 1.899129123890112014e-01 1.804981533192598908e-01 1.213459972175448820e-01 2.270578581280801589e-01 1.961021705298950368e-01 2.119218004205296324e-01 1.985267791876141885e-01 1.881588473448666532e-01 1.907479544292063622e-01 1.313156379566000898e-01 8.757016128858452486e-02 2.170956680191253596e-01 5.790930474239353726e-02 2.079596951391461113e-01 1.316017767185030107e-01 2.611093914485953515e-01 2.247155799715743196e-01 1.691601598316438415e-01 1.282072218698980803e-01 1.163508301326082184e-01 2.485802425042306363e-01 2.057404215199600539e-01 1.733033907779175098e-01 1.072500520259111190e-01 1.541851830147332458e-01 2.574342395370180503e-01 2.308319881648489003e-01 1.579045607598653644e-01 5.074879479502236029e-02 1.952850057782891668e-01 2.223166026240589177e-01 1.950061292146824388e-01 1.307508017188687144e-01 1.500350390072164586e-01 2.841113787016359971e-01 8.964453351612383658e-02 2.053490319643947459e-01 1.551076290037661787e-01 1.032238037548918741e-01 1.790838756523767950e-01 1.841905530064344432e-01 1.309476351539060057e-01 8.694602456034875027e-02 1.917117505861126170e-01 1.433931558457283706e-01 1.044896926336691123e-01 2.085068028620092884e-01 1.880198797068875494e-01 1.986216307131640768e-01 2.514818903575476439e-01 1.671775650524967571e-01
1.227887489148924011e-01 1.802609295614873708e-01 1.577562082640409646e-01 1.446216494260792462e-01 1.235899774330671275e-01 1.431151075482601231e-01 1.942387161717685773e-01 1.495721824750477769e-01 1.000000000000000000e+00 1.890547531838962791e-01 1.432641013413439857e-01 1.064714684888662249e-01 1.311741117693887571e-01 2.436075369976862803e-01 1.034924852844378296e-01 1.921917961513747997e-01 9.492596384698154255e-02 1.784505801314075213e-01 2.005424363681994060e-01 1.672742316845231003e-01 2.270495362911682524e-01 1.889609311110846124e-01 1.061839690974285683e-01 1.697940127076032757e-01 2.196347578395329847e-01 1.939045202530347289e-01 5.402019358824117212e-02 2.072531839761590500e-01 8.218767504717844341e-02 1.722160675098450000e-01 2.591360882125576248e-01 2.986702374076657396e-01 2.794840732891565871e-01 1.618460501429448140e-01 1.939032080092359667e-01 2.314452314631800789e-01 2.419806348161916976e-01 8.509868611059348553e-02 1.117141640442551875e-01 1.770082398368012788e-02 1.996989233474971981e-01 2.379132331285124524e-01 1.271522938926642199e-01 7.360192951374254500e-02 8.996688003220361385e-02 2.161273651245083638e-01 1.233972667608811691e-01 6.956371393922139434e-02 7.969378932224935319e-02 1.954458925735236829e-01 1.770796990643564994e-01 2.269228379272164586e-01 1.332253203154240562e-01 1.895519718520006502e-01 1.647746599724884131e-01 8.903445153899361419e-02 1.644363515947112053e-01 1.394086324665498311e-01 2.867678180888191819e-01 1.725076579354751227e-01 1.004878595156138421e-01 6.003471708827777531e-02 2.247254980290393500e-01 1.159117202379782718e-01 9.667566477118602619e-02 7.804089945855609278e-02
1.431005996605795028e-01 1.666037757018364873e-01 8.541990522771053529e-02 4.480989220700857395e-02 2.237172893004062968e-01 3.025527003889819655e-01 1.822419832264723372e-01 7.450727185389427465e-02 1.890547531838962791e-01 1.000000000000000000e+00 2.223966473226034468e-01 9.887156979926299549e-02 1.072769727665164041e-01 1.918636710221964803e-01 4.424467783798701620e-02 2.175722010024975228e-01 1.985489319006862319e-01 1.228105915872931969e-01 1.182342717465440229e-01 1.062652582104307297e-01 1.108610254277088703e-01 2.179484614320018054e-01 1.938872069343348103e-01 1.897404944600150078e-01 5.886450446087447552e-02 1.398299720900953447e-01 1.737744863337608858e-01 2.563862262395827374e-01 2.037659939158801281e-01 1.370427310253155007e-01 7.142847509433014608e-02 9.409663582591588915e-02 1.907808340491836674e-01 1.406787371391366448e-01 1.958972102583652897e-01 9.317935535180069118e-02 2.721696410897924689e-01 1.056960286589499476e-01 9.664472893118716823e-02 2.091188173120540339e-01 7.585456159455815361e-02 9.802643480752579186e-02 2.528982240934243841e-01 1.377836941913828384e-01 1.607680385652823785e-01 2.331149251500355957e-01 1.651621301552083643e-01 1.836478308297267992e-01 2.076037248441682803e-01 2.054125867518670767e-01 2.062919198728979664e-01 2.428952421920199667e-01 2.217098432886304704e-01 1.265295933843021969e-01 8.006384083581025157e-02 1.430253054375716926e-01 1.207217349861769984e-01 5.064498076018831424e-02 1.655056474195312211e-01 9.505849992818890537e-02 3.036150760410311067e-01 1.397316802703399974e-01 8.206813114965408329e-02 9.888419088280402114e-02 2.144593979096629244e-01 1.045612530284235620e-01
1.309978248677735324e-01 1.436180831269850966e-01 2.163962732069383832e-01 2.260576893155469835e-01 3.044757444576302596e-01 1.570929631962488526e-01 2.672841690886138544e-01 1.694838931918635216e-01 1.432641013413439857e-01 2.223966473226034468e-01 1.000000000000000000e+00 1.457242117502720591e-01 1.342828172683924182e-01 1.861622778053677318e-01 1.371809477336476124e-01 8.670551350319491424e-02 1.963685023531898666e-01 1.412376087948864489e-01 3.310027758717379864e-01 1.066806790656972675e-01 2.140730275238218461e-01 1.277762137395382080e-01 1.373674508473342326e-01 1.161951599655164369e-01 1.117781634614932185e-01 2.190727379263785746e-01 1.375614766724904681e-01 2.392582438994660457e-02 1.233942353245747053e-01 1.615139293818807498e-01 1.994315092621507524e-01 1.025853329645135537e-01 1.822540902198016566e-01 1.221456711758288349e-01 1.139996374727183515e-01 1.266661256221034426e-01 2.019618372274122331e-01 2.017345628335951990e-01 1.668342094620498539e-01 1.010643297298146337e-01 1.061514861746795796e-01 1.009448944434162415e-01 2.755988669544905401e-01 1.740227668198866540e-01 1.926551850534420074e-01 1.501744339181253218e-01 2.050130385507651920e-01 1.500266260526501860e-01 1.338847321669147106e-01 3.249381317704801153e-02 2.304870185832029739e-01 3.128119827005079734e-01 1.768235280295053502e-01 1.696868155832756964e-01 1.888701384274623918e-01 1.408145789752696109e-01 1.381157767567906536e-01 2.021385310552296921e-01 1.229873339175032165e-01 9.941699082598015602e-02 1.691666848952275148e-01 2.276302651237361308e-01 1.835648836871448530e-01 1.237224262922743123e-01 2.077762838633990805e-01 2.703051272060263965e-01
2.211144611896642131e-01 2.943651942638567109e-01 1.311250899444029172e-01 1.657781630502260239e-01 1.976772440227551053e-01 1.098232661430373763e-01 1.728104465876916240e-01 8.462477126913020564e-02 1.064714684888662249e-01 9.887156979926299549e-02 1.457242117502720591e-01 1.000000000000000000e+00 1.550391158487196275e-01 2.150566548361610986e-01 1.231337736024787077e-01 1.506640540350512592e-01 1.225283717434574593e-01 2.308829263630370887e-01 6.345163947744345001e-02 1.525833175417338483e-01 5.802604768219382647e-02 1.788972167894194443e-01 1.152008237204652785e-01 1.227819370099573065e-01 1.025154089820899395e-01 1.462644678542568411e-01 1.451845347932599894e-01 1.244383367387240230e-01 1.054245864923747389e-01 1.912262210179023203e-01 1.894459088117392831e-01 2.062390898176254261e-01 2.703221709717936183e-01 1.417348219950876620e-01 1.788728638389437964e-01 7.795029815545635732e-02 1.400124680745048478e-01 5.074927199811422873e-02 1.697734589921490456e-01 7.917328701147602343e-02 2.272445719764446537e-01 1.454436747517947603e-01 2.403346656541525406e-01 1.486578178326488364e-01 1.828135192232105688e-01 1.880211302577582122e-01 6.631849152678796766e-02 2.054250189104893376e-01 2.137569148980118516e-01 1.226789499441725828e-01 1.581603832586066516e-01 1.491689865279925142e-01 1.647776471582430013e-01 6.620882799355870540e-02 2.271707625860237834e-01 1.455473309328372822e-01 3.507973870531129468e-02 2.183853617978296913e-01 1.905665471380765252e-01 1.103776823731705131e-01 2.024914072315987523e-01 2.043451604823783296e-01 1.531223489256510750e-01 1.428768838952896858e-01 1.974102445617030854e-01 5.023304181533067014e-02
2.358229785165159853e-01 1.470020324679713331e-01 1.319620330103879746e-01 2.023406446228532829e-01 1.402072863762094113e-01 1.596710947846728124e-01 1.267992099245657533e-01 1.710255934216340645e-01 1.311741117693887571e-01 1.072769727665164041e-01 1.342828172683924182e-01 1.550391158487196275e-01 1.000000000000000000e+00 1.314350280760669398e-01 9.924148408291014190e-02 9.749656348001117800e-02 7.667073020227989366e-02 1.358943883625433890e-01 2.191627901446590310e-01 1.877644149466636270e-01 1.132592547442459463e-01 2.743069897630655632e-02 1.653443172499822478e-01 1.269887547731715083e-01 1.111363409923103590e-01 1.572646154526070039e-01 1.202422674688114201e-01 1.680058962620987195e-01 2.506836279054733829e-01 1.931500268755260152e-01 1.626221055953186168e-01 1.327533328938402812e-01 1.399021136502546225e-01 2.078149786265565124e-01 2.858542327147463036e-01 1.704173661726704481e-01 1.540519168379392567e-01 1.562733382792394488e-01 9.224600875223444574e-02 2.310707283233624509e-01 1.406820667366169841e-01 1.012699474714390951e-01 2.028824400511753945e-01 3.074023751448123343e-01 3.108495927689491900e-01 1.434812693889836177e-01 8.509618185926889899e-02 2.063905734909265433e-01 1.890988704762729122e-01 1.986209090871857708e-01 1.642639295085819295e-01 7.947962295187754878e-02 2.407496349538311153e-01 1.307506829471756782e-01 2.126372176400189995e-01 1.204270766574227075e-01 2.832036275277906023e-01 1.049131248532628735e-01 1.557464714078470314e-01 1.226102194512278254e-01 1.675421784901039990e-01 1.641017615515640016e-01 1.887955287640510071e-01 1.724968161145000733e-01 2.389566323584263463e-01 2.772045955613837709e-01
2.597067436408095897e-01 1.757346723806278432e-01 1.327862220183107511e-01 1.681768221264576257e-01 1.499304929173420620e-01 1.345471158469126460e-01 8.592438539365115924e-02 1.163005520752826982e-01 2.436075369976862803e-01 1.918636710221964803e-01 1.861622778053677318e-01 2.150566548361610986e-01 1.314350280760669398e-01 1.000000000000000000e+00 1.055800366097151277e-01 2.606377355557564224e-01 5.680098850812236727e-02 1.902601683896175677e-01 1.191490886889304129e-01 9.580247001976500976e-02 1.612825744753912660e-01 9.206895271710346940e-02 2.146529024138019992e-01 1.248235775430890926e-01 1.294514116295163719e-01 1.664775400818992723e-01 1.837509715556642220e-01 1.464298028075870228e-01 1.033463908701154343e-01 1.360085772408574367e-01 2.713401792160895498e-01 2.027973431282394379e-01 1.915511965914087622e-01 8.453083198981251045e-02 1.481164813586718088e-01 1.035842620765171640e-01 1.302766259318056119e-01 1.349280928594808471e-01 1.675417418185858320e-01 2.522970771942508739e-01 1.108819427007372571e-01 1.238004626391237956e-01 7.500108010238783207e-02 1.542292553098252861e-01 1.416308676450728221e-01 2.184288702339012012e-01 1.961955739159552126e-01 2.830092608625757178e-01 1.552546604000911157e-01 1.342078314849035614e-01 1.042697512198551835e-01 2.196429320712692812e-01 1.540204580680932522e-01 9.934895920348975340e-02 1.481697659022908897e-01 9.194795597719843117e-02 7.670951959891400551e-02 2.708249342694929451e-01 2.303955607373234793e-01 1.263573767831397687e-01 2.307264880178100941e-01 2.338801890411099094e-01 2.175876052056987531e-01 1.334331500645581092e-01 1.767341041109719291e-01 1.090551240437897251e-01
8.259430590944426276e-02 1.787217529945447081e-01 2.630428374704890104e-01 2.094028326978986942e-01 2.848524964268808746e-01 1.902812469923070848e-01 1.256870813702412881e-01 1.482487682501233139e-01 1.034924852844378296e-01 4.424467783798701620e-02 1.371809477336476124e-01 1.231337736024787077e-01 9.924148408291014190e-02 1.055800366097151277e-01 1.000000000000000000e+00 1.137277027779925176e-01 1.780659981875167275e-01 2.206963544393009125e-01 3.266890397718222872e-01 1.949286700352962365e-01 1.805857516720898726e-01 7.329547209021600174e-02 1.463852696406770515e-01 1.654159558662605112e-01 1.359704815984235649e-01 1.518246317150785951e-01 2.029428080075106333e-01 1.294583548664332284e-01 6.192327265935053393e-02 1.599202835490412533e-01 2.046815438659397579e-01 1.619271315353675855e-01 6.817945189916420345e-02 1.180388222737283610e-01 2.707487903944440499e-01 2.208602368068675048e-01 1.386142167340738141e-01 1.195469700640073574e-01 1.689403541950384446e-01 1.282121821686362517e-01 1.833166857022317242e-01 2.046816932529861022e-01 1.217622052176217384e-01 1.646421642964237819e-01 4.994926042856577542e-02 6.737845542288611878e-02 1.829121548177750078e-01 1.928572539114358775e-01 2.322513353352538001e-01 1.158418166973709668e-01 8.187570312372183245e-02 2.001770362580105322e-01 1.872619928430655500e-01 2.817538554434680376e-01 1.092589380044904079e-01 1.298245167608710893e-01 1.081984042443729227e-01 1.154973340919736580e-01 2.078942661528694336e-01 1.719324322478522349e-01 1.752795372573217603e-01 2.213522345505716249e-01 2.437165158411822574e-01 9.486334528176890157e-02 1.365143974734339127e-01 1.251521416602786041e-01
2.032282988591057327e-01 2.194725371113301071e-01 2.574836673614603333e-01 1.559307423085732058e-01 1.887343385144903962e-01 1.291983910743823849e-01 2.551562569471903519e-01 1.899129123890112014e-01 1.921917961513747997e-01 2.175722010024975228e-01 8.670551350319491424e-02 1.506640540350512592e-01 9.749656348001117800e-02 2.606377355557564224e-01 1.137277027779925176e-01 1.000000000000000000e+00 1.778038496368458121e-01 1.823611887866516401e-01 1.501520913483182507e-01 1.960741907541184992e-01 3.264736996248179812e-01 2.450409688445353007e-01 2.401384879624702262e-01 2.066601267284881305e-01 1.599491439052113106e-01 9.202901433693844169e-02 1.975289870811541282e-01 1.237868190031630872e-01 1.600722667290077339e-01 2.000368019350085014e-01 1.251596284982074980e-01 2.055353558314353402e-01 1.727939213476255009e-01 1.480976712248881222e-01 1.424782537850441955e-01 2.363094040703321297e-01 1.263923523128679116e-01 1.384163808378896243e-01 1.448883965049319045e-01 1.131511766610787673e-01 1.366335477615926441e-01 1.478712938602730897e-01 1.289149539874238637e-01 2.155382064610204262e-01 4.388194151672887566e-02 2.409246562099187638e-01 1.510976516122445878e-01 1.688417313688537480e-01 1.849336367456658192e-01 1.279771107815491915e-01 9.760083515063688875e-02 1.218536334751832151e-01 1.135731773177483528e-01 1.300034173940014803e-01 9.146593947659394097e-02 1.423004999894595113e-01 1.743063784884631429e-01 1.635851669400369413e-01 1.218513238563355139e-01 7.302843244452043858e-02 2.772911785375532512e-01 1.602042243646798758e-01 2.817546504121470896e-01 1.688874771313425838e-01 1.662085627761923645e-01 2.826321876137883882e-01
1.315895922670635987e-01 1.399197823975972255e-01 1.384459037014262872e-01 8.007797110970672760e-02 1.154086087547475103e-01 1.231279345483186627e-01 2.402679338009977850e-01 1.804981533192598908e-01 9.492596384698154255e-02 1.985489319006862319e-01 1.963685023531898666e-01 1.225283717434574593e-01 7.667073020227989366e-02 5.680098850812236727e-02 1.780659981875167275e-01 1.778038496368458121e-01 1.000000000000000000e+00 1.862538960414174827e-01 1.840875857487179190e-01 2.108479554429020242e-01 1.577310598857979418e-01 2.425681433503473067e-02 8.329254239440325724e-02 1.879303430672285835e-01 1.182124173051715688e-01 1.236100186119000743e-01 1.698614520979289944e-01 2.099323541776093316e-01 2.852456716171559714e-01 1.766298654968355142e-01 2.219895708953448232e-01 2.206203856943141361e-01 1.358766046304806796e-01 2.472454110777650704e-01 1.329510146061624598e-01 1.814556674650575907e-01 3.115479841938424421e-01 2.288722895245303146e-01 1.566021016412144362e-01 1.542149119316925943e-01 2.405872459275763542e-01 1.901607779187195479e-01 1.983816559022135717e-01 1.604103207114233876e-01 1.933582898912552528e-01 8.533816347814501824e-02 2.289659764759091609e-01 1.579985740149670581e-01 1.790625554563583521e-01 1.236933842365667557e-01 1.078028147237546502e-01 8.130674214604860506e-02 2.023876887322083873e-01 2.027123416791764277e-01 8.879498495683244008e-02 2.239647531254061186e-01 2.693385166664536978e-01 1.727972566322875103e-01 8.058366529018481939e-02 1.158962579730770381e-01 2.449552183441734143e-01 1.530139946450924104e-01 1.307449910808805849e-01 1.781245677000979355e-01 1.188748400804800209e-01 1.841803654066200835e-01
3.066452560654583381e-01 1.810633717977054857e-01 8.922668238928045670e-02 1.783820783233363017e-01 1.748851129318637343e-01 1.341704281528052767e-01 1.410419816238300816e-01 1.213459972175448820e-01 1.784505801314075213e-01 1.228105915872931969e-01 1.412376087948864489e-01 2.308829263630370887e-01 1.358943883625433890e-01 1.902601683896175677e-01 2.206963544393009125e-01 1.823611887866516401e-01 1.862538960414174827e-01 1.000000000000000000e+00 1.528977558187673558e-01 9.624783365635700139e-02 2.341031317331285777e-01 2.823630997494768202e-01 1.193097424441755122e-01 2.479879104235890863e-01 1.849369989954236515e-01 1.845512468244717430e-01 2.201705950350033580e-01 1.287123375970603556e-01 2.569166357721084371e-01 1.651656712953455397e-01 1.809936912231452366e-01 4.153847610202918844e-02 1.102614638657343493e-01 1.864020348941523020e-01 5.329783722371582433e-02 1.453790951530589126e-01 1.476849088524837261e-01 2.234310986988632119e-01 2.633900017171025842e-01 1.590347276458790593e-01 1.690271462670865643e-01 2.312638362807741821e-01 9.276867130681511198e-02 2.242279840537921842e-01 1.824198403503022314e-01 8.430548393255793416e-02 2.082405728136235423e-01 3.569708667731130713e-01 2.028393664966592347e-01 2.887996862104414975e-01 1.459470988326297403e-01 1.832974361798493101e-01 1.147103050463627039e-01 1.396690936174992403e-01 9.745450303242120249e-02 1.971088492192517028e-01 2.158544833942039332e-01 2.576683256080699036e-01 1.373862019205555063e-01 1.457280422007317944e-01 1.956570087219769438e-01 1.230870016304687481e-01 1.080355198700917452e-01 1.326280098095031224e-01 2.438405331364916773e-01 2.450556933199700138e-01
2.428653969074897889e-01 1.669454053052192022e-01 2.314346764446227334e-01 1.357701411815235015e-01 2.309466182528857048e-01 1.743517280792435120e-01 2.265660962920888477e-01 2.270578581280801589e-01 2.005424363681994060e-01 1.182342717465440229e-01 3.310027758717379864e-01 6.345163947744345001e-02 2.191627901446590310e-01 1.191490886889304129e-01 3.266890397718222872e-01 1.501520913483182507e-01 1.840875857487179190e-01 1.528977558187673558e-01 1.000000000000000000e+00 7.545330818947068585e-02 9.497441436997842990e-02 1.212257733570330787e-01 8.641282791019390397e-02 1.397491361774257645e-01 2.530054885913584073e-01 1.872356765813600332e-01 1.547491300839052841e-01 1.905804679593162965e-01 1.509612873789681342e-01 2.022780651089342019e-01 1.660515083795659486e-01 1.154086343717857788e-01 1.148645654600825294e-01 2.443548017436066866e-01 1.188383518848314113e-01 1.056616580832620833e-01 9.581243274048570346e-02 7.075511233130572786e-02 2.039778929009865849e-01 1.016164992038529058e-01 1.216176560818030411e-01 1.071518129835950378e-01 2.778154419282616860e-01 3.754972252865402399e-02 1.550535773231062064e-01 1.006959537846616182e-01 2.458947657030592371e-01 2.886952675821088388e-01 2.140595472224873230e-01 1.414969464969644264e-01 1.673356941057465019e-01 2.482765777860285461e-01 2.768658267771464399e-01 3.917823336382573740e-01 1.461763655642938087e-01 2.197945481046402194e-01 1.173471252002778464e-01 1.187700459229120153e-01 1.318617992295731400e-01 1.408888168678884001e-01 1.461449113793169274e-01 1.097960941180996519e-01 8.558927632758776827e-02 1.108284683828928696e-01 1.819298890557753401e-01 1.111765920963550397e-01
1.507902722792505701e-01 1.635136242400768158e-01 2.451313949068531506e-01 1.656367704534054131e-01 1.621588489076473683e-01 1.937198718327174662e-01 1.684565806513383945e-01 1.961021705298950368e-01 1.672742316845231003e-01 1.062652582104307297e-01 1.066806790656972675e-01 1.525833175417338483e-01 1.877644149466636270e-01 9.580247001976500976e-02 1.949286700352962365e-01 1.960741907541184992e-01 2.108479554429020242e-01 9.624783365635700139e-02 7.545330818947068585e-02 1.000000000000000000e+00 2.872613940357968687e-01 1.756463693034144846e-01 2.458878455835216692e-01 2.152344071413961335e-01 8.654745076365327749e-02 1.436895968144374369e-01 2.847075920404865679e-01 1.636500838830221016e-01 1.783039332190717863e-01 1.009229344471181955e-01 2.042238480809599466e-01 1.459253121745208159e-01 2.142680939233775894e-01 1.489489114185765795e-01 9.710918294635295656e-02 3.147813105685013380e-01 1.070966317836073295e-01 2.227183473974089778e-01 1.339645166720472291e-01 1.227226166540812125e-01 1.757596120136177276e-01 1.018285554233990808e-01 7.970329186878873096e-02 1.638610047366982903e-01 4.515718596707832266e-02 8.954253259226992168e-02 8.092345216903758243e-02 6.514118082529096743e-02 1.797494940636206462e-01 1.206616983136117038e-01 8.119852541622557540e-02 7.468141961850319199e-02 8.584003413823396156e-02 1.294480124279103195e-01 1.192096585100781703e-01 2.087447484963682043e-01 1.183116558810406033e-01 2.856922303617474568e-01 7.547788683621445283e-02 2.140305848804885946e-01 1.907549948796549710e-01 1.563474099236430714e-01 1.301572608705120482e-01 1.788999123830630200e-01 1.613559918887187139e-01 1.356409791359088068e-01
1.592855911283470038e-01 1.481210178894236673e-01 8.946852939418055428e-02 1.352424590641664315e-01 2.168051428345242337e-01 1.361955369175765762e-01 2.126300217068430309e-01 2.119218004205296324e-01 2.270495362911682524e-01 1.108610254277088703e-01 2.140730275238218461e-01 5.802604768219382647e-02 1.132592547442459463e-01 1.612825744753912660e-01 1.805857516720898726e-01 3.264736996248179812e-01 1.577310598857979418e-01 2.341031317331285777e-01 9.497441436997842990e-02 2.872613940357968687e-01 1.000000000000000000e+00 1.248038331314257343e-01 1.719450719448613052e-01 2.118884940716624643e-01 1.075955952933254078e-01 7.924838765578387512e-02 2.364777223397681039e-01 1.827730061752424195e-01 1.520152612142184334e-01 1.902309821818313762e-01 1.111391760033612897e-01 1.633743253742268309e-01 1.321031916853780686e-01 1.485646803012820594e-01 2.150181503638304292e-01 1.299299470739271323e-01 1.738181626554529680e-01 2.600268315089642734e-01 1.201054061581081217e-01 1.197642078323961912e-01 1.370645587422087142e-01 1.663409764216603470e-01 2.649916036021494059e-01 8.493196297987751220e-02 1.125363146937327918e-01 2.203037320222715756e-01 1.620787556706979049e-01 1.133498995459495395e-01 2.226589913321250502e-01 1.986200310589427698e-01 9.543692238627676794e-02 1.517288307324973773e-01 1.741006212214765148e-01 9.243909105912903601e-02 5.081581302180432358e-02 1.299915820693717528e-01 1.324603985589299926e-01 2.244215113158087305e-01 1.278404644889845621e-01 1.174214956784753461e-01 3.254249440965064633e-01 2.160157437529908186e-01 2.731901330407581208e-01 1.998778786177972666e-01 1.940651540479546577e-01 2.376940749184025259e-01
1.375269614616341785e-01 1.555046572295367691e-01 2.306309528298726153e-01 1.423134382867036474e-01 3.617061868688492554e-01 1.574367979706067233e-01 1.174815539784639651e-01 1.985267791876141885e-01 1.889609311110846124e-01 2.179484614320018054e-01 1.277762137395382080e-01 1.788972167894194443e-01 2.743069897630655632e-02 9.206895271710346940e-02 7.329547209021600174e-02 2.450409688445353007e-01 2.425681433503473067e-02 2.823630997494768202e-01 1.212257733570330787e-01 1.756463693034144846e-01 1.248038331314257343e-01 1.000000000000000000e+00 1.366316125211673171e-01 1.002598912545408227e-01 2.477674788375902604e-01 2.994866890805337745e-01 2.065388306722772960e-01 1.199232668633291032e-01 2.099409206343076928e-01 1.508899807412713567e-01 1.261558644754184333e-01 1.402515899293144408e-01 2.235079156915655840e-01 1.778295578678876221e-01 1.074757692195537628e-01 9.159316227939066912e-02 1.698040089017811560e-01 7.539794061513736823e-02 8.482647135833686070e-02 1.574803173457144934e-01 2.158326328627716006e-01 1.718279433903438513e-01 1.289813113350058438e-01 1.223361925916947451e-01 1.847220146293557241e-01 6.611089088975334593e-02 1.585437808273517379e-01 1.576819597131467188e-01 1.696102295124514714e-01 2.286173305097364827e-01 1.567555777215398349e-01 1.412856592830233626e-01 1.283427473679062958e-01 1.314543206398023634e-01 2.243792035160642462e-01 8.916674229587290279e-02 2.592225566915882240e-01 1.608511586037271734e-01 1.736133829922650862e-01 1.166244460034514679e-01 1.309817229668391869e-01 9.845001432354757998e-02 1.314433408640765522e-01 1.157965032478280309e-01 1.080044254794335912e-01 1.680285237640982698e-01
5.678650656874315028e-02 2.804271899515218824e-01 2.501308452764420265e-01 3.074009832292918798e-01 2.142006389971865543e-01 1.597158766687440945e-01 2.158029586950702683e-01 1.881588473448666532e-01 1.061839690974285683e-01 1.938872069343348103e-01 1.373674508473342326e-01 1.152008237204652785e-01 1.653443172499822478e-01 2.146529024138019992e-01 1.463852696406770515e-01 2.401384879624702262e-01 8.329254239440325724e-02 1.193097424441755122e-01 8.641282791019390397e-02 2.458878455835216692e-01 1.719450719448613052e-01 1.366316125211673171e-01 1.000000000000000000e+00 1.163344500518262714e-01 1.164076784940869247e-01 1.194018172139325318e-01 2.099101133476038716e-01 1.290922732124851480e-01 1.539233112082459276e-01 2.056014368225460021e-01 2.053688723213411560e-01 1.772592072993098011e-01 9.998902998683982524e-02 1.641429694779425463e-01 1.402843951568773506e-01 2.066868013558491590e-01 1.455977237223018694e-01 1.735594855363056799e-01 1.364704170360802604e-01 1.049113118507931375e-01 2.632330252466275056e-01 1.850768298630607878e-01 1.407708724668858269e-01 2.462837240861003307e-01 1.187539779985695709e-01 1.609392998148528875e-01 1.207193092664654438e-01 3.036024633127033523e-01 1.801947268978664196e-01 2.200399109956343024e-01 1.628474598986602850e-01 2.140884988491355001e-01 1.638864982725516395e-01 2.287161349324205450e-01 1.630398844633971223e-01 7.601019051602334042e-02 1.431729999437337253e-01 9.719845415954149470e-02 2.709062324947049682e-01 1.568440572036668423e-01 2.294381190088217171e-01 2.041047340000660126e-01 1.061533677341773563e-01 2.486847443857355122e-01 1.454155125243523361e-01 1.480414570579216826e-01
1.379858204228022189e-01 1.681798883117305299e-01 1.630565567973634722e-01 8.513495831502163047e-02 8.374988923362298998e-02 2.288989772541324408e-01 1.530956953698570933e-01 1.907479544292063622e-01 1.697940127076032757e-01 1.897404944600150078e-01 1.161951599655164369e-01 1.227819370099573065e-01 1.269887547731715083e-01 1.248235775430890926e-01 1.654159558662605112e-01 2.066601267284881305e-01 1.879303430672285835e-01 2.479879104235890863e-01 1.397491361774257645e-01 2.152344071413961335e-01 2.118884940716624643e-01 1.002598912545408227e-01 1.163344500518262714e-01 1.000000000000000000e+00 1.274649530532782626e-01 9.283279161915461430e-02 1.713940354582649817e-01 1.597552256537356774e-01 2.985220732223903273e-01 1.431443816719153717e-01 2.289899401453227568e-01 2.084686497116017834e-01 6.931402040211755156e-02 1.266788804364443188e-01 1.081056923763293598e-01 2.001333279149257738e-01 2.800121125790520082e-01 2.242794854797781068e-01 1.713706429226400929e-01 1.285841179754903807e-01 2.481355060827287184e-01 1.310727684824121442e-01 1.239828558007117359e-01 5.918155954273984776e-02 2.316525299108291580e-01 1.726664226882504705e-01 1.429618622534774564e-01 9.047285089235974909e-02 1.158491819041154725e-01 9.447568722655939888e-02 1.736791030008272840e-01 2.136614456706469323e-01 2.078712006953252200e-01 1.713738290057325031e-01 1.646063781083038080e-01 3.619558617164692071e-01 1.389448616015860338e-01 2.126974781616821630e-01 7.780414234297083897e-02 1.307468570059557023e-01 1.694075181669758012e-01 1.973734502190335749e-01 2.615769307209541150e-01 1.367271742254500544e-01 8.035853954351934725e-02 2.462560487893083738e-01
