0.000000000000000000e+00 1.534999999999999976e-01 2.015000000000000124e-01 1.089999999999999997e-01 1.140000000000000041e-01 3.724999999999999839e-02 1.301249999999999907e-01 1.032500000000000084e-01 1.002500000000000058e-01 1.172499999999999931e-01 1.252500000000000002e-01 2.283749999999999947e-01 1.295000000000000040e-01 1.386249999999999982e-01 1.067499999999999977e-01 1.657500000000000084e-01 1.538749999999999840e-01 3.185000000000000053e-01 3.427499999999999991e-01 2.162499999999999978e-01 9.500000000000000111e-02 4.900000000000000189e-02 6.375000000000000111e-02 3.562500000000000389e-02 3.899999999999999994e-02 1.465000000000000191e-01 2.302500000000000102e-01 1.280000000000000027e-01 1.218749999999999972e-01 2.099999999999999922e-01 9.450000000000000067e-02 1.184999999999999942e-01 8.924999999999999600e-02 6.475000000000000200e-02 5.799999999999999600e-02 9.249999999999999889e-02 1.267500000000000016e-01 1.229999999999999982e-01 8.749999999999999445e-02 1.906250000000000167e-01 7.799999999999999989e-02 2.675000000000000155e-01 9.149999999999999800e-02 2.104999999999999927e-01 1.442499999999999893e-01 1.072499999999999981e-01 3.235000000000000098e-01 7.199999999999999456e-02 3.200000000000000067e-02 8.537500000000000644e-02 5.050000000000000322e-02 3.312500000000000167e-02 1.055000000000000104e-01 6.825000000000000511e-02 2.375000000000000028e-02 1.392499999999999849e-01 7.224999999999999478e-02 5.949999999999999734e-02 2.284999999999999809e-01 1.243749999999999994e-01 1.229999999999999982e-01 2.844999999999999751e-01 1.709999999999999853e-01 1.975000000000000089e-01 3.967499999999999916e-01 1.074999999999999983e-01
1.534999999999999976e-01 0.000000000000000000e+00 1.084999999999999992e-01 1.297500000000000042e-01 2.112499999999999933e-01 1.610000000000000042e-01 1.869999999999999996e-01 1.009999999999999926e-01 1.227499999999999980e-01 7.774999999999999967e-02 1.980000000000000093e-01 1.737500000000000155e-01 1.317500000000000060e-01 3.899999999999999994e-02 1.847499999999999976e-01 2.419999999999999929e-01 1.544999999999999984e-01 1.415000000000000147e-01 2.200000000000000011e-01 4.250000000000000305e-02 1.252500000000000002e-01 1.499999999999999944e-02 1.592500000000000027e-01 9.525000000000000133e-02 5.600000000000000117e-02 8.650000000000000744e-02 5.675000000000000183e-02 1.265000000000000013e-01 2.825000000000000080e-02 8.100000000000000255e-02 2.593750000000000222e-01 1.222499999999999976e-01 2.670000000000000151e-01 7.649999999999999856e-02 1.747499999999999887e-01 2.532500000000000306e-01 1.977500000000000091e-01 1.194999999999999951e-01 5.699999999999999512e-02 4.499999999999999833e-02 1.537499999999999978e-01 8.337500000000000466e-02 1.232499999999999984e-01 1.275000000000000022e-01 3.450000000000000289e-02 1.917500000000000038e-01 1.363749999999999962e-01 2.270000000000000073e-01 8.449999999999999178e-02 8.899999999999999578e-02 9.825000000000000400e-02 3.699999999999999817e-02 6.575000000000000289e-02 2.117499999999999938e-01 1.280000000000000027e-01 1.464999999999999913e-01 1.059999999999999970e-01 1.759999999999999898e-01 1.767500000000000182e-01 5.774999999999999578e-02 1.682500000000000107e-01 5.862500000000000350e-02 2.649999999999999925e-02 1.070000000000000118e-01 7.649999999999999856e-02 1.545000000000000262e-01
2.015000000000000124e-01 1.084999999999999992e-01 0.000000000000000000e+00 1.776250000000000051e-01 1.575000000000000011e-01 7.524999999999999745e-02 6.450000000000000178e-02 1.208749999999999963e-01 1.473750000000000060e-01 6.900000000000000577e-02 7.925000000000000100e-02 3.749999999999999861e-02 1.280000000000000027e-01 2.122499999999999942e-01 2.612499999999999822e-01 2.731250000000000067e-01 1.094999999999999862e-01 1.282500000000000029e-01 2.596249999999999947e-01 2.081250000000000044e-01 7.500000000000001110e-02 2.316249999999999976e-01 1.789999999999999925e-01 1.822499999999999953e-01 2.825000000000000080e-02 9.299999999999999933e-02 1.167500000000000066e-01 2.875000000000000125e-02 2.687500000000000444e-01 1.341249999999999942e-01 1.400000000000000133e-01 1.209999999999999964e-01 6.149999999999999911e-02 1.131250000000000033e-01 1.367500000000000104e-01 1.880000000000000004e-01 2.063750000000000029e-01 9.775000000000000355e-02 8.500000000000000611e-02 2.317500000000000115e-01 8.999999999999999320e-03 9.550000000000000155e-02 7.900000000000000078e-02 2.463750000000000107e-01 6.124999999999999889e-02 1.925000000000000044e-01 1.892500000000000016e-01 1.249999999999999896e-02 3.650000000000000466e-02 8.024999999999998801e-02 1.467499999999999916e-01 6.075000000000000538e-02 5.700000000000000205e-02 4.662499999999999978e-02 1.416250000000000009e-01 2.097499999999999920e-01 4.137500000000000205e-02 1.932500000000000051e-01 2.114999999999999936e-01 6.750000000000000444e-02 1.839999999999999969e-01 1.360000000000000098e-01 1.789999999999999925e-01 2.561249999999999916e-01 1.226250000000000118e-01 7.987500000000000155e-02
1.089999999999999997e-01 1.297500000000000042e-01 1.776250000000000051e-01 0.000000000000000000e+00 2.871249999999999636e-01 1.849999999999999978e-01 1.417499999999999871e-01 1.037499999999999881e-02 3.362500000000000211e-02 4.325000000000000372e-02 3.899999999999999994e-02 2.135000000000000231e-01 1.290000000000000036e-01 1.135000000000000037e-01 1.837499999999999967e-01 2.136250000000000093e-01 9.537500000000000144e-02 2.379999999999999893e-01 8.125000000000000278e-02 1.381249999999999978e-01 1.209999999999999964e-01 9.124999999999999778e-02 1.849999999999999908e-02 9.199999999999999845e-02 9.500000000000000111e-02 7.100000000000000755e-02 6.149999999999999911e-02 4.090000000000000302e-01 7.299999999999999545e-02 1.774999999999999911e-01 2.370000000000000162e-01 2.875000000000000125e-02 1.167499999999999927e-01 3.087499999999999967e-02 1.665000000000000091e-01 7.325000000000000955e-02 1.477499999999999925e-01 3.275000000000000133e-02 1.794999999999999929e-01 1.140000000000000041e-01 1.699999999999999845e-01 1.775000000000000189e-01 9.637499999999998845e-02 2.201250000000000151e-01 9.337499999999999967e-02 9.274999999999999911e-02 9.675000000000000266e-02 2.171250000000000124e-01 1.192499999999999949e-01 1.970000000000000084e-01 8.350000000000000477e-02 1.425000000000000155e-01 2.225000000000000241e-02 2.393750000000000044e-01 1.897500000000000020e-01 2.812499999999999722e-02 2.267500000000000071e-01 1.179999999999999938e-01 1.217499999999999971e-01 2.129999999999999671e-01 2.324999999999999983e-02 3.469999999999999751e-01 9.299999999999999933e-02 1.438750000000000029e-01 2.582499999999999796e-01 1.498750000000000082e-01
1.140000000000000041e-01 2.112499999999999933e-01 1.575000000000000011e-01 2.871249999999999636e-01 0.000000000000000000e+00 2.487499999999999711e-01 1.022499999999999937e-01 9.312499999999999944e-02 9.237499999999999878e-02 1.539999999999999980e-01 7.975000000000000144e-02 1.277500000000000024e-01 1.372500000000000109e-01 1.477499999999999925e-01 1.862499999999999989e-01 2.578750000000000209e-01 2.187500000000000000e-01 2.017499999999999849e-01 2.561249999999999916e-01 2.118750000000000078e-01 1.862499999999999989e-01 1.938749999999999918e-01 1.885000000000000009e-01 4.075000000000000150e-02 9.375000000000000000e-02 8.549999999999999267e-02 1.957500000000000073e-01 7.500000000000001110e-02 1.822499999999999953e-01 1.593749999999999889e-01 2.625000000000000111e-01 1.684999999999999831e-01 9.575000000000000178e-02 1.243749999999999994e-01 9.650000000000000244e-02 1.667500000000000093e-01 1.038749999999999951e-01 1.604999999999999760e-01 1.549999999999999989e-02 1.357499999999999818e-01 9.349999999999999978e-02 1.862499999999999989e-01 2.297500000000000098e-01 1.101250000000000007e-01 9.174999999999999822e-02 1.217499999999999971e-01 1.725000000000000144e-01 1.385000000000000120e-01 9.675000000000000266e-02 1.145000000000000046e-01 1.184999999999999942e-01 1.967500000000000082e-01 3.599999999999999867e-01 1.903750000000000164e-01 2.453750000000000098e-01 2.060000000000000164e-01 9.662499999999998868e-02 2.750000000000000014e-02 9.500000000000001499e-03 1.532499999999999973e-01 1.872499999999999998e-01 1.464999999999999913e-01 1.990000000000000102e-01 7.537499999999999756e-02 1.216249999999999970e-01 2.278750000000000220e-01
3.724999999999999839e-02 1.610000000000000042e-01 7.524999999999999745e-02 1.849999999999999978e-01 2.487499999999999711e-01 0.000000000000000000e+00 2.350000000000000006e-02 1.503750000000000087e-01 1.234999999999999987e-01 2.131250000000000089e-01 1.981249999999999956e-01 1.044999999999999957e-01 5.874999999999999667e-02 1.144999999999999907e-01 1.537499999999999978e-01 1.174999999999999933e-01 7.574999999999999789e-02 1.077499999999999986e-01 1.445000000000000173e-01 9.324999999999999956e-02 6.174999999999999933e-02 6.650000000000000355e-02 6.775000000000000466e-02 1.554999999999999993e-01 7.450000000000001066e-02 1.457499999999999907e-01 6.762500000000000455e-02 1.063749999999999973e-01 2.462499999999999967e-01 1.689999999999999836e-01 1.620000000000000051e-01 4.424999999999999767e-02 8.500000000000000611e-02 1.859999999999999987e-01 4.249999999999999611e-02 1.050000000000000100e-01 1.522500000000000242e-01 5.624999999999999445e-02 1.275000000000000022e-01 1.400000000000000029e-02 1.985000000000000098e-01 1.182499999999999940e-01 4.549999999999999878e-02 1.882500000000000007e-01 1.922499999999999765e-01 1.156250000000000056e-01 1.905000000000000027e-01 5.887499999999999678e-02 7.012499999999999289e-02 1.547499999999999987e-01 1.462499999999999911e-02 1.651249999999999940e-01 2.015000000000000124e-01 1.819999999999999951e-01 1.570000000000000007e-01 1.764999999999999902e-01 1.042499999999999954e-01 1.778750000000000053e-01 2.173749999999999849e-01 1.098750000000000004e-01 7.724999999999999922e-02 2.253749999999999920e-01 1.676249999999999962e-01 1.682500000000000107e-01 1.853750000000000120e-01 9.825000000000000400e-02
1.301249999999999907e-01 1.869999999999999996e-01 6.450000000000000178e-02 1.417499999999999871e-01 1.022499999999999937e-01 2.350000000000000006e-02 0.000000000000000000e+00 1.110000000000000014e-01 2.155000000000000249e-01 1.012500000000000067e-01 1.370000000000000107e-01 6.937499999999999223e-02 1.107500000000000012e-01 6.012499999999999789e-02 2.042499999999999871e-01 2.934999999999999831e-01 2.593750000000000222e-01 1.182499999999999940e-01 1.257500000000000007e-01 2.127499999999999947e-01 2.515000000000000013e-01 1.632500000000000062e-01 1.434999999999999887e-01 1.330000000000000071e-01 1.990000000000000102e-01 1.499999999999999944e-01 4.524999999999999856e-02 1.217499999999999971e-01 1.232499999999999984e-01 5.049999999999999628e-02 1.960000000000000075e-01 2.522499999999999742e-01 1.495000000000000218e-01 6.425000000000000155e-02 1.325000000000000067e-01 1.847499999999999976e-01 9.750000000000000333e-02 1.255000000000000004e-01 3.049999999999999933e-02 8.787499999999999478e-02 7.724999999999999922e-02 8.849999999999999534e-02 2.500000000000000000e-01 2.300000000000000100e-01 1.077499999999999986e-01 1.724999999999999867e-01 1.262500000000000011e-01 8.449999999999999178e-02 4.350000000000000394e-02 1.611249999999999905e-01 1.174999999999999933e-01 8.375000000000000500e-02 2.372500000000000164e-01 1.042500000000000093e-01 1.892499999999999738e-01 1.030000000000000082e-01 4.925000000000000211e-02 9.400000000000000022e-02 1.882500000000000007e-01 1.357500000000000095e-01 2.052499999999999880e-01 2.697499999999999898e-01 2.124999999999999806e-02 1.398749999999999993e-01 1.744999999999999885e-01 9.950000000000000511e-02
1.032500000000000084e-01 1.009999999999999926e-01 1.208749999999999963e-01 1.037499999999999881e-02 9.312499999999999944e-02 1.503750000000000087e-01 1.110000000000000014e-01 0.000000000000000000e+00 1.338749999999999940e-01 4.549999999999999878e-02 1.822499999999999953e-01 1.282500000000000029e-01 1.087499999999999994e-01 5.674999999999999489e-02 2.750000000000000014e-02 1.116250000000000020e-01 2.500000000000000139e-02 1.282500000000000029e-01 1.592500000000000027e-01 8.587500000000000688e-02 1.822500000000000231e-01 1.272500000000000020e-01 2.072499999999999898e-01 1.347499999999999809e-01 8.750000000000000833e-02 5.099999999999999672e-02 1.522499999999999964e-01 5.475000000000000006e-02 9.600000000000000200e-02 1.355000000000000093e-01 2.489999999999999991e-01 2.272500000000000075e-01 1.335000000000000075e-01 1.646249999999999936e-01 2.500000000000000139e-02 1.702499999999999847e-01 1.549999999999999989e-01 1.157499999999999918e-01 1.127500000000000030e-01 1.487499999999999933e-01 5.000000000000000278e-02 2.887499999999999512e-01 1.342500000000000082e-01 7.562499999999999778e-02 1.970000000000000084e-01 2.377500000000000169e-01 1.365000000000000102e-01 5.675000000000000183e-02 1.424999999999999878e-02 2.580000000000000071e-01 4.299999999999999656e-02 1.915000000000000036e-01 1.570000000000000007e-01 1.006249999999999922e-01 9.750000000000000333e-02 1.506250000000000089e-01 1.307500000000000051e-01 8.624999999999999334e-02 2.615000000000000102e-01 1.275000000000000022e-01 6.575000000000000289e-02 1.957499999999999796e-01 1.022500000000000075e-01 1.991249999999999964e-01 2.674999999999999600e-01 1.453749999999999765e-01
1.002500000000000058e-01 1.227499999999999980e-01 1.473750000000000060e-01 3.362500000000000211e-02 9.237499999999999878e-02 1.234999999999999987e-01 2.155000000000000249e-01 1.338749999999999940e-01 0.000000000000000000e+00 1.408750000000000002e-01 3.675000000000000488e-02 1.437499999999999889e-01 1.004999999999999921e-01 2.320000000000000118e-01 1.507499999999999951e-01 8.662500000000000755e-02 9.500000000000000111e-02 6.062499999999999833e-02 1.660000000000000087e-01 9.862500000000000433e-02 1.898749999999999882e-01 6.500000000000000569e-03 1.189999999999999947e-01 2.767499999999999960e-01 1.450000000000000178e-01 2.352500000000000147e-01 4.750000000000000056e-02 1.943750000000000200e-01 5.649999999999999467e-02 1.057500000000000107e-01 8.175000000000000322e-02 1.689999999999999836e-01 1.672500000000000098e-01 1.460000000000000187e-01 5.200000000000000455e-02 1.487500000000000211e-01 1.819999999999999951e-01 6.124999999999999889e-02 7.724999999999999922e-02 2.524999999999999814e-02 3.799999999999999906e-02 1.562500000000000000e-01 7.324999999999999567e-02 8.637500000000000733e-02 9.550000000000000155e-02 3.375000000000000222e-02 8.175000000000000322e-02 8.599999999999999312e-02 8.187500000000000333e-02 2.625000000000000111e-01 1.305000000000000049e-01 2.139999999999999958e-01 1.449999999999999900e-01 1.871249999999999858e-01 2.602499999999999813e-01 9.587499999999998801e-02 1.322500000000000064e-01 2.021249999999999991e-01 3.369999999999999662e-01 8.974999999999999645e-02 1.345000000000000084e-01 5.924999999999999711e-02 1.752500000000000169e-01 1.146250000000000047e-01 1.949999999999999997e-02 6.375000000000000458e-03
1.172499999999999931e-01 7.774999999999999967e-02 6.900000000000000577e-02 4.325000000000000372e-02 1.539999999999999980e-01 2.131250000000000089e-01 1.012500000000000067e-01 4.549999999999999878e-02 1.408750000000000002e-01 0.000000000000000000e+00 2.273749999999999938e-01 9.224999999999999867e-02 9.900000000000000466e-02 2.007499999999999840e-01 6.199999999999999956e-02 1.025000000000000078e-01 1.854999999999999982e-01 1.621250000000000191e-01 1.180000000000000077e-01 5.550000000000000072e-02 3.962500000000000050e-02 1.684999999999999831e-01 2.012499999999999845e-01 2.035000000000000142e-01 3.225000000000000089e-02 1.022500000000000075e-01 2.163750000000000118e-01 1.155000000000000054e-01 1.010000000000000064e-01 1.447499999999999898e-01 9.425000000000000044e-02 6.875000000000000555e-02 1.827500000000000235e-01 7.762499999999999956e-02 1.430000000000000160e-01 9.074999999999999734e-02 1.027499999999999941e-01 2.099999999999999784e-02 3.275000000000000133e-02 8.074999999999998845e-02 7.125000000000000777e-02 4.649999999999999967e-02 1.562500000000000000e-01 1.824999999999999956e-01 1.415000000000000147e-01 1.343749999999999944e-01 1.580000000000000016e-01 1.101250000000000007e-01 1.380000000000000115e-01 2.042499999999999871e-01 1.841249999999999831e-01 2.376249999999999751e-01 1.897500000000000020e-01 9.299999999999999933e-02 1.042499999999999954e-01 1.700000000000000122e-02 8.974999999999999645e-02 2.350000000000000006e-02 7.212499999999999467e-02 6.312500000000000056e-02 2.147499999999999964e-01 3.987500000000000072e-02 6.412500000000000144e-02 5.825000000000000316e-02 2.406250000000000056e-01 8.149999999999998912e-02
1.252500000000000002e-01 1.980000000000000093e-01 7.925000000000000100e-02 3.899999999999999994e-02 7.975000000000000144e-02 1.981249999999999956e-01 1.370000000000000107e-01 1.822499999999999953e-01 3.675000000000000488e-02 2.273749999999999938e-01 0.000000000000000000e+00 1.112500000000000017e-01 4.250000000000000305e-02 1.952500000000000069e-01 1.519999999999999962e-01 4.050000000000000128e-02 4.299999999999999656e-02 1.357500000000000095e-01 2.904999999999999805e-01 5.000000000000000104e-03 9.950000000000000511e-02 1.222499999999999976e-01 1.017500000000000071e-01 1.257500000000000007e-01 1.287500000000000033e-01 2.305000000000000104e-01 9.987500000000000544e-02 1.312500000000000125e-02 1.824999999999999886e-02 1.972499999999999809e-01 1.917500000000000038e-01 1.480000000000000204e-01 9.625000000000000222e-02 7.274999999999999523e-02 9.349999999999999978e-02 9.849999999999999034e-02 2.660000000000000142e-01 5.525000000000000050e-02 7.524999999999999745e-02 1.709999999999999853e-01 7.749999999999999944e-02 1.107500000000000012e-01 2.252500000000000058e-01 1.656250000000000222e-01 7.749999999999999944e-02 8.712499999999999412e-02 2.477499999999999980e-01 1.218749999999999972e-01 6.987499999999999267e-02 5.099999999999999672e-02 1.673749999999999960e-01 2.037500000000000075e-02 7.174999999999999434e-02 1.749999999999999889e-01 9.999999999999999167e-02 1.542499999999999982e-01 5.424999999999999961e-02 2.128749999999999809e-01 1.098750000000000004e-01 1.066249999999999976e-01 1.640000000000000069e-01 1.938749999999999918e-01 1.206249999999999961e-01 1.327499999999999791e-01 1.016249999999999931e-01 1.864999999999999991e-01
2.283749999999999947e-01 1.737500000000000155e-01 3.749999999999999861e-02 2.135000000000000231e-01 1.277500000000000024e-01 1.044999999999999957e-01 6.937499999999999223e-02 1.282500000000000029e-01 1.437499999999999889e-01 9.224999999999999867e-02 1.112500000000000017e-01 0.000000000000000000e+00 1.273750000000000160e-01 2.441250000000000087e-01 5.424999999999999961e-02 7.749999999999999944e-02 1.808750000000000080e-01 1.375000000000000007e-02 8.175000000000000322e-02 8.212500000000000355e-02 6.450000000000000178e-02 1.152499999999999913e-01 1.303749999999999909e-01 9.124999999999999778e-02 1.117499999999999882e-01 1.621249999999999913e-01 4.950000000000000233e-02 9.324999999999999956e-02 9.450000000000000067e-02 1.285000000000000031e-01 1.312500000000000056e-01 8.000000000000000167e-02 2.892500000000000071e-01 7.425000000000001044e-02 1.626250000000000195e-01 2.850000000000000103e-02 1.557499999999999996e-01 2.637500000000000261e-02 2.065000000000000169e-01 1.095000000000000001e-01 1.782499999999999918e-01 1.285000000000000031e-01 2.710000000000000187e-01 1.074999999999999845e-01 1.312500000000000056e-01 1.912499999999999756e-01 4.574999999999999900e-02 1.129999999999999893e-01 1.859999999999999987e-01 1.468750000000000056e-01 1.102500000000000008e-01 1.399999999999999856e-01 1.335000000000000075e-01 8.899999999999999578e-02 6.224999999999999978e-02 9.625000000000000222e-02 6.700000000000000400e-02 2.239999999999999769e-01 2.017499999999999849e-01 1.189999999999999947e-01 2.426250000000000073e-01 1.402500000000000135e-01 1.262500000000000011e-01 1.172499999999999931e-01 3.950000000000000039e-02 4.374999999999999722e-02
1.295000000000000040e-01 1.317500000000000060e-01 1.280000000000000027e-01 1.290000000000000036e-01 1.372500000000000109e-01 5.874999999999999667e-02 1.107500000000000012e-01 1.087499999999999994e-01 1.004999999999999921e-01 9.900000000000000466e-02 4.250000000000000305e-02 1.273750000000000160e-01 0.000000000000000000e+00 1.305000000000000049e-01 8.700000000000000788e-02 4.574999999999999900e-02 1.347500000000000087e-01 1.797500000000000209e-01 1.720000000000000140e-01 1.133750000000000036e-01 8.175000000000000322e-02 5.925000000000000405e-02 7.537499999999999756e-02 6.450000000000000178e-02 7.900000000000000078e-02 1.553749999999999853e-01 3.024999999999999911e-02 1.205000000000000099e-01 2.409999999999999920e-01 1.885000000000000009e-01 8.149999999999998912e-02 1.437499999999999889e-01 2.575000000000000205e-02 2.080000000000000182e-01 2.143749999999999822e-01 1.607500000000000040e-01 1.661249999999999949e-01 9.362499999999999989e-02 8.000000000000000167e-03 2.016249999999999987e-01 1.562500000000000000e-01 1.617500000000000049e-01 2.732499999999999929e-01 2.934999999999999831e-01 2.139999999999999958e-01 1.965000000000000080e-01 7.575000000000001177e-02 2.459999999999999964e-01 1.752500000000000169e-01 1.975000000000000089e-01 1.687500000000000111e-01 1.032499999999999946e-01 7.774999999999999967e-02 1.322500000000000064e-01 1.457499999999999907e-01 1.182499999999999940e-01 1.615000000000000047e-01 5.924999999999999711e-02 1.549999999999999989e-01 1.360000000000000098e-01 1.523749999999999827e-01 1.985000000000000098e-01 2.040000000000000147e-01 2.247499999999999776e-01 1.250000000000000000e-01 3.202500000000000346e-01
1.386249999999999982e-01 3.899999999999999994e-02 2.122499999999999942e-01 1.135000000000000037e-01 1.477499999999999925e-01 1.144999999999999907e-01 6.012499999999999789e-02 5.674999999999999489e-02 2.320000000000000118e-01 2.007499999999999840e-01 1.952500000000000069e-01 2.441250000000000087e-01 1.305000000000000049e-01 0.000000000000000000e+00 7.175000000000000822e-02 3.385000000000000231e-01 4.587499999999999911e-02 1.872499999999999998e-01 1.509999999999999953e-01 9.475000000000000089e-02 5.225000000000000477e-02 5.875000000000000361e-02 2.437499999999999667e-01 8.025000000000000189e-02 1.427500000000000158e-01 7.050000000000000711e-02 1.832499999999999962e-01 5.699999999999999512e-02 1.542499999999999982e-01 9.425000000000000044e-02 2.715000000000000191e-01 1.464999999999999913e-01 1.466250000000000053e-01 4.950000000000000233e-02 1.857499999999999984e-01 1.380000000000000115e-01 8.500000000000000611e-02 7.499999999999999722e-02 4.987500000000000266e-02 2.688750000000000306e-01 1.118750000000000022e-01 7.100000000000000755e-02 7.275000000000000910e-02 8.500000000000000611e-02 6.725000000000000422e-02 1.335000000000000075e-01 2.070000000000000173e-01 1.107500000000000012e-01 1.312500000000000056e-01 1.191249999999999948e-01 1.425000000000000155e-01 2.109999999999999931e-01 1.262500000000000011e-01 1.017499999999999932e-01 1.837499999999999967e-01 3.500000000000000333e-02 6.850000000000000533e-02 3.559999999999999831e-01 1.006249999999999922e-01 5.899999999999999689e-02 1.212499999999999967e-01 1.310000000000000053e-01 1.747500000000000164e-01 1.312500000000000056e-01 1.702500000000000124e-01 1.007500000000000062e-01
1.067499999999999977e-01 1.847499999999999976e-01 2.612499999999999822e-01 1.837499999999999967e-01 1.862499999999999989e-01 1.537499999999999978e-01 2.042499999999999871e-01 2.750000000000000014e-02 1.507499999999999951e-01 6.199999999999999956e-02 1.519999999999999962e-01 5.424999999999999961e-02 8.700000000000000788e-02 7.175000000000000822e-02 0.000000000000000000e+00 1.079999999999999849e-01 1.804999999999999938e-01 1.935000000000000053e-01 3.522500000000000075e-01 6.950000000000000622e-02 7.925000000000000100e-02 8.199999999999998956e-02 1.469999999999999918e-01 1.907500000000000029e-01 1.272500000000000020e-01 2.179999999999999716e-01 1.195000000000000090e-01 1.107500000000000012e-01 4.374999999999999722e-02 1.217499999999999971e-01 6.800000000000000488e-02 1.949999999999999789e-01 7.950000000000000122e-02 6.750000000000000444e-02 2.362500000000000155e-01 2.545000000000000040e-01 1.632500000000000062e-01 1.691249999999999976e-01 5.675000000000000183e-02 1.197500000000000092e-01 1.244999999999999996e-01 2.230000000000000038e-01 1.528750000000000109e-01 1.229999999999999982e-01 2.800000000000000058e-02 2.299999999999999961e-02 4.250000000000000305e-02 1.142499999999999905e-01 1.915000000000000036e-01 1.037500000000000089e-01 1.205000000000000099e-01 7.275000000000000910e-02 1.645000000000000073e-01 1.807499999999999940e-01 9.475000000000000089e-02 1.419999999999999873e-01 7.525000000000001132e-02 3.500000000000000333e-02 2.210000000000000020e-01 1.389999999999999847e-01 1.955000000000000071e-01 1.402500000000000135e-01 1.672500000000000098e-01 5.274999999999999828e-02 1.207499999999999962e-01 6.049999999999999822e-02
1.657500000000000084e-01 2.419999999999999929e-01 2.731250000000000067e-01 2.136250000000000093e-01 2.578750000000000209e-01 1.174999999999999933e-01 2.934999999999999831e-01 1.116250000000000020e-01 8.662500000000000755e-02 1.025000000000000078e-01 4.050000000000000128e-02 7.749999999999999944e-02 4.574999999999999900e-02 3.385000000000000231e-01 1.079999999999999849e-01 0.000000000000000000e+00 1.457499999999999907e-01 5.874999999999999667e-02 9.700000000000000289e-02 1.818750000000000089e-01 2.762499999999999956e-01 1.537499999999999978e-01 3.662500000000000200e-01 1.752500000000000169e-01 1.912499999999999964e-02 7.850000000000000033e-02 2.262500000000000067e-01 1.007500000000000062e-01 1.352500000000000091e-01 2.104999999999999927e-01 3.350000000000000200e-02 2.651249999999999996e-01 1.679999999999999827e-01 1.161250000000000060e-01 2.015000000000000124e-01 5.274999999999999828e-02 7.549999999999999767e-02 1.070000000000000118e-01 1.512499999999999956e-01 1.422499999999999876e-01 1.382500000000000118e-01 1.787500000000000200e-01 1.712500000000000133e-01 2.837500000000000092e-02 1.524999999999999967e-02 2.780000000000000249e-01 1.877500000000000002e-01 2.377500000000000169e-01 2.072500000000000175e-01 1.212499999999999967e-01 9.675000000000000266e-02 1.007500000000000062e-01 1.224999999999999978e-01 1.218750000000000111e-01 5.650000000000000161e-02 4.537499999999999867e-02 1.552499999999999991e-01 2.900000000000000147e-02 1.340000000000000080e-01 8.924999999999999600e-02 1.302500000000000047e-01 5.225000000000000477e-02 1.165000000000000063e-01 1.953750000000000209e-01 3.200000000000000067e-02 1.581250000000000155e-01
1.538749999999999840e-01 1.544999999999999984e-01 1.094999999999999862e-01 9.537500000000000144e-02 2.187500000000000000e-01 7.574999999999999789e-02 2.593750000000000222e-01 2.500000000000000139e-02 9.500000000000000111e-02 1.854999999999999982e-01 4.299999999999999656e-02 1.808750000000000080e-01 1.347500000000000087e-01 4.587499999999999911e-02 1.804999999999999938e-01 1.457499999999999907e-01 0.000000000000000000e+00 9.900000000000000466e-02 2.655000000000000138e-01 6.899999999999999190e-02 2.799999999999999711e-02 8.149999999999998912e-02 1.277500000000000024e-01 4.824999999999999428e-02 7.674999999999999878e-02 1.772499999999999909e-01 6.199999999999999956e-02 1.834999999999999964e-01 7.224999999999999478e-02 1.310000000000000053e-01 5.050000000000000322e-02 2.525000000000000022e-01 6.224999999999999978e-02 2.822500000000000009e-01 1.224999999999999978e-01 1.457499999999999907e-01 3.077500000000000235e-01 2.877500000000000058e-01 8.224999999999998979e-02 8.737499999999999434e-02 1.582500000000000018e-01 1.017500000000000071e-01 1.343749999999999944e-01 1.327499999999999791e-01 1.983749999999999958e-01 5.550000000000000072e-02 1.514999999999999958e-01 1.696249999999999980e-01 5.100000000000000366e-02 2.271250000000000213e-01 1.132499999999999896e-01 4.250000000000000305e-02 9.024999999999999689e-02 1.317500000000000060e-01 7.075000000000000733e-02 1.112500000000000017e-01 2.702499999999999902e-01 1.504999999999999949e-01 4.975000000000000255e-02 1.352500000000000091e-01 2.444999999999999951e-01 9.299999999999999933e-02 4.775000000000000078e-02 2.119999999999999940e-01 8.200000000000000344e-02 5.575000000000000094e-02
3.185000000000000053e-01 1.415000000000000147e-01 1.282500000000000029e-01 2.379999999999999893e-01 2.017499999999999849e-01 1.077499999999999986e-01 1.182499999999999940e-01 1.282500000000000029e-01 6.062499999999999833e-02 1.621250000000000191e-01 1.357500000000000095e-01 1.375000000000000007e-02 1.797500000000000209e-01 1.872499999999999998e-01 1.935000000000000053e-01 5.874999999999999667e-02 9.900000000000000466e-02 0.000000000000000000e+00 1.647500000000000075e-01 1.807500000000000218e-01 1.702500000000000124e-01 6.375000000000000111e-02 7.674999999999999878e-02 1.346249999999999947e-01 9.374999999999999653e-03 7.599999999999999811e-02 9.725000000000000311e-02 1.466250000000000053e-01 2.049999999999999878e-01 1.784999999999999920e-01 1.082499999999999851e-01 3.550000000000000377e-02 1.280000000000000027e-01 1.683749999999999969e-01 4.050000000000000128e-02 7.075000000000000733e-02 7.449999999999999678e-02 2.567500000000000338e-01 3.255000000000000115e-01 1.514999999999999958e-01 1.277500000000000024e-01 2.159999999999999976e-01 5.349999999999999895e-02 2.367499999999999882e-01 1.863750000000000129e-01 4.700000000000000011e-02 2.613750000000000240e-01 2.734999999999999654e-01 1.088749999999999996e-01 2.195000000000000284e-01 2.849999999999999756e-02 8.899999999999999578e-02 3.799999999999999906e-02 2.059999999999999887e-01 9.675000000000000266e-02 1.784999999999999920e-01 1.910000000000000031e-01 2.348750000000000004e-01 4.000000000000000083e-02 1.534999999999999976e-01 1.204999999999999960e-01 1.517499999999999960e-01 1.192499999999999949e-01 1.544999999999999984e-01 1.107500000000000012e-01 2.075000000000000178e-01
3.427499999999999991e-01 2.200000000000000011e-01 2.596249999999999947e-01 8.125000000000000278e-02 2.561249999999999916e-01 1.445000000000000173e-01 1.257500000000000007e-01 1.592500000000000027e-01 1.660000000000000087e-01 1.180000000000000077e-01 2.904999999999999805e-01 8.175000000000000322e-02 1.720000000000000140e-01 1.509999999999999953e-01 3.522500000000000075e-01 9.700000000000000289e-02 2.655000000000000138e-01 1.647500000000000075e-01 0.000000000000000000e+00 6.625000000000000333e-02 1.734999999999999876e-01 1.436250000000000027e-01 7.224999999999999478e-02 1.650000000000000078e-01 1.244999999999999996e-01 2.025000000000000133e-01 7.774999999999999967e-02 8.624999999999999334e-02 1.880000000000000004e-01 1.053749999999999964e-01 1.022500000000000075e-01 1.287500000000000033e-01 1.074999999999999983e-01 1.590000000000000024e-01 8.500000000000000611e-02 3.475000000000000311e-02 1.416250000000000009e-01 7.599999999999999811e-02 8.299999999999999045e-02 1.270000000000000018e-01 1.032499999999999946e-01 1.002499999999999919e-01 2.394999999999999907e-01 6.250000000000000000e-02 2.297500000000000098e-01 9.575000000000000178e-02 2.347500000000000142e-01 2.350000000000000144e-01 2.157499999999999973e-01 1.759999999999999898e-01 1.784999999999999920e-01 1.325000000000000067e-01 2.830000000000000293e-01 3.912499999999999867e-01 2.008749999999999980e-01 1.841249999999999831e-01 8.237500000000000377e-02 9.199999999999999845e-02 1.059999999999999970e-01 1.687500000000000111e-01 1.295000000000000040e-01 9.174999999999999822e-02 5.199999999999999761e-02 3.549999999999999684e-02 1.356249999999999956e-01 6.725000000000000422e-02
2.162499999999999978e-01 4.250000000000000305e-02 2.081250000000000044e-01 1.381249999999999978e-01 2.118750000000000078e-01 9.324999999999999956e-02 2.127499999999999947e-01 8.587500000000000688e-02 9.862500000000000433e-02 5.550000000000000072e-02 5.000000000000000104e-03 8.212500000000000355e-02 1.133750000000000036e-01 9.475000000000000089e-02 6.950000000000000622e-02 1.818750000000000089e-01 6.899999999999999190e-02 1.807500000000000218e-01 6.625000000000000333e-02 0.000000000000000000e+00 2.027500000000000135e-01 2.115000000000000213e-01 1.916249999999999898e-01 1.617500000000000049e-01 7.950000000000000122e-02 1.811250000000000082e-01 1.617500000000000049e-01 1.557499999999999996e-01 1.789999999999999925e-01 1.375000000000000111e-01 2.367500000000000160e-01 1.335000000000000075e-01 1.637500000000000067e-01 4.562499999999999889e-02 1.296249999999999902e-01 2.419999999999999929e-01 9.450000000000000067e-02 2.308749999999999969e-01 1.244999999999999996e-01 6.912500000000000588e-02 7.300000000000000933e-02 5.525000000000000050e-02 2.524999999999999814e-02 2.151250000000000107e-01 2.950000000000000192e-02 8.974999999999999645e-02 7.000000000000000666e-02 8.449999999999999178e-02 2.234999999999999765e-01 4.599999999999999922e-02 1.037500000000000089e-01 5.199999999999999761e-02 7.300000000000000933e-02 1.958749999999999936e-01 8.699999999999999400e-02 1.121250000000000024e-01 6.749999999999999924e-03 1.122499999999999887e-01 1.074999999999999983e-01 1.444999999999999896e-01 2.298749999999999960e-01 4.500000000000000527e-02 1.975000000000000019e-02 1.466250000000000053e-01 1.655000000000000082e-01 2.258749999999999925e-01
9.500000000000000111e-02 1.252500000000000002e-01 7.500000000000001110e-02 1.209999999999999964e-01 1.862499999999999989e-01 6.174999999999999933e-02 2.515000000000000013e-01 1.822500000000000231e-01 1.898749999999999882e-01 3.962500000000000050e-02 9.950000000000000511e-02 6.450000000000000178e-02 8.175000000000000322e-02 5.225000000000000477e-02 7.925000000000000100e-02 2.762499999999999956e-01 2.799999999999999711e-02 1.702500000000000124e-01 1.734999999999999876e-01 2.027500000000000135e-01 0.000000000000000000e+00 9.324999999999999956e-02 1.244999999999999996e-01 9.462500000000000078e-02 1.191250000000000087e-01 7.574999999999999789e-02 5.724999999999999534e-02 1.251250000000000140e-01 1.390000000000000124e-01 7.950000000000000122e-02 1.442499999999999893e-01 8.550000000000000655e-02 4.549999999999999878e-02 1.811249999999999805e-01 2.042500000000000149e-01 1.545000000000000262e-01 1.779999999999999916e-01 1.774999999999999911e-01 1.237499999999999989e-01 1.382500000000000118e-01 1.645000000000000073e-01 2.042499999999999871e-01 1.702500000000000124e-01 1.189999999999999947e-01 6.037499999999999811e-02 1.542499999999999982e-01 1.406250000000000000e-01 6.925000000000000600e-02 1.261249999999999871e-01 7.975000000000000144e-02 1.219999999999999973e-01 4.249999999999999611e-02 2.022500000000000131e-01 6.024999999999999800e-02 4.825000000000000122e-02 8.749999999999999445e-02 1.719999999999999862e-01 1.893750000000000155e-01 8.774999999999999467e-02 1.570000000000000007e-01 2.695000000000000173e-01 1.495000000000000218e-01 1.355000000000000093e-01 4.674999999999999989e-02 8.799999999999999489e-02 1.824999999999999956e-01
4.900000000000000189e-02 1.499999999999999944e-02 2.316249999999999976e-01 9.124999999999999778e-02 1.938749999999999918e-01 6.650000000000000355e-02 1.632500000000000062e-01 1.272500000000000020e-01 6.500000000000000569e-03 1.684999999999999831e-01 1.222499999999999976e-01 1.152499999999999913e-01 5.925000000000000405e-02 5.875000000000000361e-02 8.199999999999998956e-02 1.537499999999999978e-01 8.149999999999998912e-02 6.375000000000000111e-02 1.436250000000000027e-01 2.115000000000000213e-01 9.324999999999999956e-02 0.000000000000000000e+00 1.499999999999999944e-01 9.800000000000000377e-02 1.470000000000000195e-01 2.417499999999999927e-01 4.825000000000000122e-02 6.174999999999999933e-02 6.975000000000000644e-02 7.837500000000000022e-02 4.912500000000000200e-02 2.300000000000000100e-01 2.284999999999999809e-01 1.257500000000000007e-01 1.077499999999999986e-01 1.152500000000000052e-01 2.076250000000000040e-01 1.325000000000000067e-01 2.925000000000000169e-02 5.674999999999999489e-02 2.304999999999999827e-01 1.499999999999999944e-01 1.522499999999999964e-01 1.647500000000000075e-01 1.452499999999999902e-01 9.224999999999999867e-02 1.395000000000000129e-01 3.074999999999999956e-02 1.975000000000000089e-01 2.382500000000000173e-01 1.814999999999999947e-01 1.079999999999999988e-01 9.324999999999999956e-02 7.549999999999999767e-02 1.771250000000000047e-01 3.612499999999999739e-02 1.526250000000000107e-01 1.747499999999999887e-01 1.145000000000000046e-01 7.925000000000000100e-02 1.477499999999999925e-01 1.050000000000000100e-01 5.400000000000000633e-02 6.400000000000000133e-02 2.137499999999999817e-02 1.055000000000000104e-01
6.375000000000000111e-02 1.592500000000000027e-01 1.789999999999999925e-01 1.849999999999999908e-02 1.885000000000000009e-01 6.775000000000000466e-02 1.434999999999999887e-01 2.072499999999999898e-01 1.189999999999999947e-01 2.012499999999999845e-01 1.017500000000000071e-01 1.303749999999999909e-01 7.537499999999999756e-02 2.437499999999999667e-01 1.469999999999999918e-01 3.662500000000000200e-01 1.277500000000000024e-01 7.674999999999999878e-02 7.224999999999999478e-02 1.916249999999999898e-01 1.244999999999999996e-01 1.499999999999999944e-01 0.000000000000000000e+00 8.450000000000000566e-02 1.887499999999999734e-01 1.778750000000000053e-01 1.537499999999999978e-01 1.262500000000000011e-01 2.100000000000000200e-01 1.244999999999999996e-01 2.515000000000000013e-01 1.454999999999999905e-01 5.024999999999999606e-02 7.800000000000001377e-02 1.686249999999999971e-01 9.349999999999999978e-02 2.624999999999999903e-02 1.926249999999999907e-01 6.425000000000000155e-02 1.398749999999999993e-01 3.332499999999999907e-01 1.155000000000000054e-01 1.465000000000000191e-01 1.307500000000000051e-01 1.925000000000000322e-02 9.650000000000000244e-02 8.075000000000000233e-02 1.317500000000000060e-01 4.800000000000000100e-02 1.882500000000000007e-01 1.415000000000000147e-01 2.344999999999999862e-01 2.224999999999999895e-02 1.247499999999999998e-01 7.375000000000000999e-02 6.775000000000000466e-02 1.099999999999999867e-01 4.500000000000000527e-03 1.670000000000000095e-01 8.924999999999999600e-02 1.026249999999999940e-01 1.637500000000000067e-01 1.302500000000000047e-01 3.057500000000000218e-01 1.412500000000000144e-01 1.350000000000000089e-01
3.562500000000000389e-02 9.525000000000000133e-02 1.822499999999999953e-01 9.199999999999999845e-02 4.075000000000000150e-02 1.554999999999999993e-01 1.330000000000000071e-01 1.347499999999999809e-01 2.767499999999999960e-01 2.035000000000000142e-01 1.257500000000000007e-01 9.124999999999999778e-02 6.450000000000000178e-02 8.025000000000000189e-02 1.907500000000000029e-01 1.752500000000000169e-01 4.824999999999999428e-02 1.346249999999999947e-01 1.650000000000000078e-01 1.617500000000000049e-01 9.462500000000000078e-02 9.800000000000000377e-02 8.450000000000000566e-02 0.000000000000000000e+00 1.151250000000000051e-01 5.899999999999999689e-02 1.559999999999999998e-01 1.139999999999999902e-01 1.146250000000000047e-01 1.834999999999999964e-01 7.274999999999999523e-02 2.830000000000000293e-01 6.925000000000000600e-02 7.224999999999999478e-02 1.202499999999999958e-01 1.340000000000000080e-01 1.857499999999999984e-01 8.724999999999999423e-02 8.174999999999998934e-02 1.365000000000000102e-01 2.200000000000000011e-01 1.764999999999999902e-01 9.625000000000000222e-02 5.075000000000000344e-02 1.641249999999999931e-01 2.250000000000000056e-01 7.512500000000001121e-02 6.250000000000000000e-02 2.974999999999999867e-02 5.449999999999999983e-02 1.580000000000000016e-01 9.837499999999999023e-02 1.910000000000000031e-01 1.930000000000000049e-01 1.204999999999999960e-01 6.825000000000000511e-02 1.897500000000000020e-01 1.882499999999999729e-01 9.249999999999999889e-02 8.737500000000000822e-02 1.727499999999999869e-01 1.085000000000000131e-01 1.832499999999999962e-01 1.239999999999999991e-01 4.649999999999999967e-02 1.779999999999999916e-01
