0.000000000000000000e+00 2.119999999999999940e-01 1.832499999999999962e-01 5.084999999999999520e-01 4.789999999999999813e-01 3.500000000000000073e-03 4.465000000000000080e-01 3.704999999999999960e-01 3.927499999999999880e-01 1.149999999999999981e-02 1.769999999999999907e-01 2.424999999999999933e-01 2.859999999999999765e-01 2.119999999999999940e-01 4.739999999999999769e-01 7.199999999999999456e-02 4.739999999999999769e-01 3.574999999999999845e-01 8.649999999999999356e-02 6.625000000000000333e-02 3.534999999999999809e-01 2.897500000000000075e-01 1.869999999999999996e-01 1.514999999999999958e-01 1.695000000000000118e-01 2.625000000000000111e-01 5.575000000000000094e-02 2.424999999999999933e-01 7.599999999999999811e-02 6.747499999999999609e-01 2.660000000000000142e-01 4.329999999999999960e-01 5.050000000000000322e-02 1.660000000000000087e-01 1.105000000000000010e-01 6.095000000000000417e-01 3.694999999999999951e-01 1.464999999999999913e-01 3.785000000000000031e-01 6.425000000000000155e-02 5.899999999999999689e-02 1.050000000000000065e-02 1.750000000000000167e-02 1.069999999999999979e-01 1.915000000000000036e-01 1.590000000000000024e-01 1.049999999999999961e-01 1.534999999999999976e-01 4.699999999999999734e-01 5.620000000000000551e-01 5.200000000000000178e-01 1.199999999999999956e-01 1.507499999999999951e-01 8.125000000000000278e-02 3.494999999999999774e-01 2.025000000000000133e-01 5.087500000000000355e-01 2.949999999999999845e-01 7.249999999999999500e-02 4.264999999999999902e-01 2.044999999999999873e-01 1.787499999999999922e-01 2.215000000000000024e-01 2.290000000000000091e-01 1.605000000000000038e-01 1.145000000000000046e-01
2.119999999999999940e-01 0.000000000000000000e+00 3.820000000000000062e-01 1.529999999999999971e-01 3.830000000000000071e-01 4.685000000000000275e-01 5.210000000000000187e-01 5.700000000000000205e-02 1.449999999999999900e-01 3.260000000000000120e-01 2.790000000000000258e-01 1.059999999999999970e-01 2.144999999999999962e-01 1.570000000000000007e-01 1.935000000000000053e-01 1.700000000000000122e-02 1.905000000000000027e-01 2.530000000000000027e-01 4.984999999999999987e-01 1.920000000000000040e-01 3.995000000000000218e-01 1.900000000000000022e-01 7.975000000000000144e-02 4.279999999999999916e-01 3.500000000000000073e-03 5.750000000000000250e-02 2.169999999999999984e-01 1.849999999999999908e-02 9.725000000000000311e-02 3.699999999999999956e-01 1.554999999999999993e-01 1.059999999999999970e-01 5.735000000000000098e-01 2.220000000000000029e-01 3.840000000000000080e-01 3.780000000000000027e-01 1.187499999999999944e-01 1.000000000000000021e-02 3.450000000000000289e-02 1.590000000000000024e-01 5.510000000000000453e-01 4.540000000000000147e-01 3.574999999999999845e-01 1.069999999999999979e-01 1.400000000000000029e-02 2.280000000000000082e-01 3.295000000000000151e-01 3.089999999999999969e-01 4.299999999999999933e-01 1.885000000000000009e-01 2.205000000000000016e-01 1.570000000000000007e-01 2.424999999999999933e-01 8.799999999999999489e-02 4.000000000000000083e-03 2.800000000000000058e-02 2.530000000000000027e-01 1.439999999999999891e-01 2.924999999999999822e-01 2.914999999999999813e-01 1.199999999999999956e-01 1.824999999999999956e-01 3.950000000000000178e-01 9.900000000000000466e-02 2.924999999999999822e-01 3.825000000000000067e-01
1.832499999999999962e-01 3.820000000000000062e-01 0.000000000000000000e+00 3.247499999999999831e-01 1.174999999999999933e-01 4.649999999999999967e-02 9.650000000000000244e-02 5.249999999999999806e-02 3.975000000000000061e-02 6.199999999999999956e-01 7.549999999999999767e-02 2.000000000000000042e-02 3.624999999999999750e-02 3.799999999999999906e-02 1.739999999999999880e-01 2.260000000000000064e-01 6.099999999999999867e-01 1.127500000000000030e-01 2.144999999999999962e-01 5.687499999999999778e-01 2.800000000000000058e-02 1.327500000000000069e-01 3.494999999999999774e-01 1.019999999999999934e-01 4.020000000000000240e-01 1.095000000000000001e-01 6.250000000000000347e-03 5.675000000000000044e-01 3.649999999999999772e-02 6.975000000000000644e-02 4.894999999999999907e-01 1.015000000000000069e-01 6.172499999999999654e-01 9.500000000000000111e-02 2.335000000000000131e-01 2.114999999999999936e-01 8.034999999999999920e-01 4.274999999999999911e-01 3.494999999999999774e-01 1.677500000000000102e-01 1.502499999999999947e-01 1.920000000000000040e-01 4.809999999999999831e-01 2.225000000000000033e-01 1.262500000000000011e-01 1.819999999999999951e-01 7.699999999999999900e-02 3.112500000000000266e-01 5.500000000000000028e-02 1.395000000000000129e-01 3.385000000000000231e-01 2.344999999999999862e-01 9.032499999999999973e-01 4.630000000000000226e-01 2.000000000000000042e-02 3.190000000000000058e-01 1.924999999999999975e-02 4.390000000000000013e-01 2.300000000000000100e-01 3.664999999999999925e-01 1.194999999999999951e-01 5.677499999999999769e-01 6.055000000000000382e-01 1.960000000000000075e-01 3.850000000000000089e-01 4.675000000000000266e-01
5.084999999999999520e-01 1.529999999999999971e-01 3.247499999999999831e-01 0.000000000000000000e+00 2.630000000000000115e-01 2.814999999999999725e-01 2.720000000000000195e-01 2.525000000000000022e-01 1.534999999999999976e-01 3.689999999999999947e-01 5.800000000000000294e-02 2.447499999999999953e-01 2.512499999999999734e-01 9.800000000000000377e-02 3.659999999999999920e-01 1.439999999999999891e-01 5.650000000000000161e-02 3.047500000000000209e-01 9.500000000000000111e-02 2.810000000000000275e-01 3.649999999999999772e-02 1.799999999999999933e-01 2.149999999999999967e-01 3.524999999999999661e-02 1.414999999999999869e-01 8.350000000000000477e-02 5.999999999999999778e-02 1.814999999999999947e-01 8.899999999999999578e-02 1.514999999999999958e-01 2.832500000000000018e-01 2.800000000000000058e-02 5.397499999999999520e-01 3.549999999999999684e-02 2.154999999999999971e-01 3.089999999999999969e-01 2.999999999999999889e-01 7.199999999999999734e-01 3.150000000000000022e-02 3.955000000000000182e-01 3.832499999999999796e-01 8.200000000000000344e-02 4.560000000000000164e-01 3.995000000000000218e-01 2.442499999999999949e-01 4.784999999999999809e-01 1.915000000000000036e-01 1.277500000000000024e-01 2.235000000000000042e-01 9.299999999999999933e-02 3.210000000000000075e-01 9.800000000000000377e-02 3.965000000000000191e-01 6.250000000000000347e-03 1.660000000000000087e-01 1.677500000000000102e-01 2.655000000000000138e-01 5.815000000000000169e-01 7.000000000000000146e-03 1.695000000000000118e-01 3.539999999999999813e-01 7.079999999999999627e-01 2.444999999999999951e-01 2.812500000000000000e-01 4.525000000000000133e-01 3.895000000000000129e-01
4.789999999999999813e-01 3.830000000000000071e-01 1.174999999999999933e-01 2.630000000000000115e-01 0.000000000000000000e+00 2.520000000000000018e-01 3.175000000000000044e-01 9.575000000000000178e-02 3.885000000000000120e-01 6.630000000000000338e-01 2.692499999999999893e-01 3.250000000000000111e-01 2.535000000000000031e-01 1.365000000000000102e-01 2.727499999999999925e-01 1.527499999999999969e-01 5.444999999999999840e-01 3.500000000000000073e-03 2.159999999999999976e-01 2.184999999999999998e-01 1.390000000000000124e-01 1.000000000000000021e-02 1.125000000000000028e-01 2.384999999999999898e-01 3.514999999999999791e-01 5.467499999999999583e-01 1.859999999999999987e-01 1.524999999999999967e-01 5.825000000000000316e-02 1.890000000000000013e-01 9.600000000000000200e-02 1.177499999999999936e-01 2.300000000000000100e-01 2.030000000000000138e-01 2.949999999999999845e-02 1.484999999999999931e-01 2.635000000000000120e-01 1.862499999999999989e-01 4.375000000000000000e-01 2.810000000000000275e-01 4.449999999999999789e-02 2.000000000000000042e-02 5.399999999999999939e-02 3.624999999999999889e-01 3.024999999999999911e-01 3.985000000000000209e-01 2.109999999999999931e-01 2.050000000000000086e-02 1.019999999999999934e-01 5.525000000000000050e-02 5.004999999999999449e-01 5.899999999999999689e-02 7.199999999999999456e-02 2.605000000000000093e-01 5.805000000000000160e-01 7.649999999999999856e-02 2.715000000000000191e-01 1.135000000000000037e-01 2.349999999999999867e-01 8.450000000000000566e-02 4.949999999999999956e-01 2.444999999999999951e-01 2.335000000000000131e-01 1.160000000000000059e-01 1.050000000000000065e-02 2.567499999999999782e-01
3.500000000000000073e-03 4.685000000000000275e-01 4.649999999999999967e-02 2.814999999999999725e-01 2.520000000000000018e-01 0.000000000000000000e+00 2.762499999999999956e-01 2.750000000000000014e-02 2.900000000000000147e-02 3.609999999999999876e-01 1.512499999999999956e-01 4.435000000000000053e-01 8.799999999999999489e-02 2.247500000000000053e-01 2.074999999999999900e-01 2.315000000000000113e-01 5.477499999999999591e-01 1.365000000000000102e-01 5.649999999999999467e-01 6.065000000000000391e-01 1.607500000000000040e-01 4.749999999999999778e-01 2.650000000000000133e-01 1.900000000000000022e-01 6.179999999999999938e-01 3.225000000000000089e-02 2.000000000000000042e-02 1.809999999999999942e-01 3.500000000000000333e-02 4.354999999999999982e-01 2.549999999999999836e-02 8.799999999999999489e-02 5.064999999999999503e-01 1.360000000000000098e-01 3.549999999999999684e-02 4.150000000000000216e-02 6.524999999999999689e-01 5.775000000000000272e-02 1.300000000000000044e-01 9.750000000000000333e-02 2.000000000000000111e-01 1.194999999999999951e-01 9.650000000000000244e-02 6.300000000000000044e-02 6.400000000000000133e-02 1.099999999999999936e-02 3.817499999999999782e-01 6.300000000000000044e-02 4.545000000000000151e-01 2.225000000000000033e-01 6.499999999999999702e-03 8.050000000000000211e-02 5.845000000000000195e-01 3.825000000000000067e-01 3.454999999999999738e-01 3.469999999999999751e-01 1.265000000000000013e-01 1.044999999999999957e-01 3.780000000000000027e-01 2.190000000000000002e-01 3.230000000000000093e-01 2.994999999999999885e-01 3.639999999999999902e-01 1.774999999999999911e-01 4.899999999999999911e-01 3.649999999999999911e-01
4.465000000000000080e-01 5.210000000000000187e-01 9.650000000000000244e-02 2.720000000000000195e-01 3.175000000000000044e-01 2.762499999999999956e-01 0.000000000000000000e+00 4.524999999999999856e-02 3.765000000000000013e-01 5.240000000000000213e-01 3.152499999999999747e-01 3.285000000000000142e-01 3.235000000000000098e-01 2.942500000000000115e-01 3.280000000000000138e-01 3.385000000000000231e-01 6.069999999999999840e-01 6.499999999999999702e-03 2.675000000000000155e-01 3.739999999999999991e-01 9.349999999999999978e-02 2.469999999999999973e-01 1.157500000000000057e-01 1.350000000000000089e-01 3.504999999999999782e-01 4.702500000000000013e-01 2.310000000000000109e-01 2.575000000000000067e-01 2.900000000000000147e-02 1.255000000000000004e-01 1.885000000000000009e-01 1.705000000000000127e-01 1.655000000000000082e-01 1.224999999999999978e-01 1.000000000000000056e-01 8.649999999999999356e-02 3.739999999999999991e-01 3.092500000000000249e-01 2.272500000000000075e-01 2.469999999999999973e-01 4.950000000000000233e-02 4.599999999999999922e-02 3.200000000000000067e-02 3.220000000000000084e-01 1.234999999999999987e-01 3.357499999999999929e-01 2.600000000000000089e-01 8.500000000000000611e-02 4.624999999999999944e-02 1.937500000000000056e-01 4.162500000000000089e-01 6.124999999999999889e-02 6.550000000000000266e-02 3.059999999999999942e-01 5.967500000000000027e-01 6.000000000000000125e-03 4.015000000000000235e-01 9.700000000000000289e-02 3.524999999999999800e-01 5.650000000000000161e-02 3.940000000000000169e-01 1.680000000000000104e-01 1.015000000000000069e-01 2.335000000000000131e-01 8.025000000000000189e-02 2.500000000000000139e-02
3.704999999999999960e-01 5.700000000000000205e-02 5.249999999999999806e-02 2.525000000000000022e-01 9.575000000000000178e-02 2.750000000000000014e-02 4.524999999999999856e-02 0.000000000000000000e+00 4.050000000000000128e-02 3.644999999999999907e-01 2.114999999999999936e-01 1.549999999999999989e-02 1.000000000000000021e-03 1.665000000000000091e-01 1.150000000000000050e-01 4.100000000000000172e-02 2.117499999999999938e-01 2.354999999999999871e-01 6.149999999999999911e-02 1.710000000000000131e-01 1.675000000000000100e-02 3.135000000000000009e-01 1.307500000000000051e-01 2.665000000000000147e-01 5.000000000000000104e-04 2.750000000000000222e-01 1.140000000000000041e-01 1.095000000000000001e-01 1.827499999999999958e-01 1.965000000000000080e-01 1.724999999999999867e-01 9.850000000000000422e-02 4.850000000000000144e-02 1.199999999999999956e-01 6.800000000000000488e-02 1.204999999999999960e-01 1.400000000000000029e-02 3.860000000000000098e-01 8.724999999999999423e-02 4.625000000000000222e-01 1.400000000000000029e-02 2.005000000000000115e-01 2.210000000000000020e-01 2.290000000000000091e-01 1.764999999999999902e-01 2.582499999999999796e-01 3.425000000000000266e-02 1.160000000000000059e-01 3.007500000000000173e-01 1.034999999999999948e-01 2.317500000000000115e-01 1.062499999999999972e-01 1.824999999999999956e-01 3.044999999999999929e-01 1.282500000000000029e-01 1.635000000000000064e-01 7.599999999999999811e-02 1.340000000000000080e-01 2.084999999999999909e-01 2.164999999999999980e-01 1.270000000000000018e-01 3.200000000000000067e-01 8.250000000000000389e-02 9.850000000000000422e-02 2.192500000000000004e-01 5.000000000000000104e-04
3.927499999999999880e-01 1.449999999999999900e-01 3.975000000000000061e-02 1.534999999999999976e-01 3.885000000000000120e-01 2.900000000000000147e-02 3.765000000000000013e-01 4.050000000000000128e-02 0.000000000000000000e+00 3.494999999999999774e-01 1.350000000000000089e-01 2.352499999999999869e-01 2.484999999999999987e-01 7.199999999999999456e-02 2.489999999999999991e-01 2.500000000000000052e-03 1.864999999999999991e-01 5.199999999999999761e-02 2.404999999999999916e-01 1.072499999999999981e-01 8.300000000000000433e-02 5.775000000000000272e-02 5.000000000000000104e-04 6.499999999999999702e-03 2.394999999999999907e-01 3.069999999999999951e-01 1.782499999999999918e-01 2.535000000000000031e-01 3.039999999999999925e-01 4.802500000000000102e-01 8.749999999999999445e-02 4.319999999999999951e-01 1.069999999999999979e-01 2.665000000000000147e-01 6.600000000000000311e-02 2.909999999999999809e-01 2.469999999999999973e-01 2.109999999999999931e-01 2.299999999999999961e-02 1.622500000000000053e-01 3.024999999999999911e-01 1.409999999999999865e-01 1.600000000000000033e-01 3.330000000000000182e-01 3.509999999999999787e-01 3.275000000000000133e-01 2.300000000000000100e-01 1.764999999999999902e-01 3.130000000000000004e-01 2.849999999999999756e-01 4.000000000000000083e-02 2.340000000000000135e-01 7.774999999999999967e-02 2.075000000000000108e-02 9.750000000000000333e-02 3.464999999999999747e-01 5.374999999999999917e-02 1.100000000000000006e-01 2.550000000000000044e-01 4.655000000000000249e-01 4.794999999999999818e-01 2.174999999999999850e-02 1.524999999999999967e-01 6.650000000000000355e-02 6.550000000000000266e-02 2.030000000000000138e-01
1.149999999999999981e-02 3.260000000000000120e-01 6.199999999999999956e-01 3.689999999999999947e-01 6.630000000000000338e-01 3.609999999999999876e-01 5.240000000000000213e-01 3.644999999999999907e-01 3.494999999999999774e-01 0.000000000000000000e+00 3.589999999999999858e-01 4.030000000000000249e-01 4.704999999999999738e-01 3.350000000000000200e-01 3.664999999999999925e-01 2.469999999999999973e-01 5.220000000000000195e-01 1.330000000000000071e-01 5.364999999999999769e-01 1.990000000000000102e-01 1.350000000000000089e-01 2.894999999999999796e-01 2.545000000000000040e-01 1.779999999999999916e-01 6.500000000000000222e-02 3.950000000000000039e-02 2.039999999999999869e-01 1.069999999999999979e-01 1.705000000000000127e-01 2.520000000000000018e-01 4.000000000000000083e-03 2.340000000000000135e-01 3.474999999999999756e-01 8.125000000000000278e-02 2.285000000000000087e-01 5.442500000000000115e-01 1.905000000000000027e-01 1.610000000000000042e-01 1.799999999999999864e-02 9.349999999999999978e-02 4.047499999999999987e-01 9.750000000000000333e-02 4.590000000000000191e-01 1.252500000000000002e-01 1.239999999999999991e-01 1.325000000000000067e-01 5.020000000000000018e-01 1.054999999999999966e-01 1.645000000000000073e-01 1.340000000000000080e-01 2.404999999999999916e-01 2.535000000000000031e-01 7.000000000000000666e-02 2.179999999999999993e-01 2.484999999999999987e-01 6.950000000000000622e-02 3.689999999999999947e-01 3.227499999999999813e-01 5.879999999999999671e-01 4.610000000000000209e-01 2.255000000000000060e-01 9.800000000000000377e-02 3.937499999999999889e-01 4.834999999999999853e-01 2.974999999999999867e-01 6.900000000000000577e-02
1.769999999999999907e-01 2.790000000000000258e-01 7.549999999999999767e-02 5.800000000000000294e-02 2.692499999999999893e-01 1.512499999999999956e-01 3.152499999999999747e-01 2.114999999999999936e-01 1.350000000000000089e-01 3.589999999999999858e-01 0.000000000000000000e+00 3.930000000000000160e-01 4.139999999999999791e-01 1.047499999999999959e-01 2.677499999999999880e-01 4.067500000000000004e-01 4.842500000000000138e-01 1.779999999999999916e-01 4.339999999999999969e-01 6.850000000000000533e-02 2.307500000000000107e-01 1.350000000000000089e-01 9.049999999999999711e-02 2.250000000000000056e-01 2.879999999999999782e-01 9.500000000000000111e-02 2.335000000000000131e-01 1.875000000000000000e-01 8.500000000000000611e-03 1.549999999999999989e-02 6.620000000000000329e-01 1.522499999999999964e-01 2.649999999999999925e-02 9.650000000000000244e-02 3.145000000000000018e-01 1.275000000000000022e-01 1.365000000000000102e-01 9.900000000000000466e-02 3.155000000000000027e-01 1.824999999999999956e-01 1.585000000000000020e-01 3.569999999999999840e-01 1.034999999999999948e-01 1.275000000000000022e-01 2.999999999999999889e-02 1.724999999999999867e-01 1.212499999999999967e-01 3.375000000000000222e-01 3.500000000000000333e-02 1.000000000000000056e-01 2.959999999999999853e-01 2.969999999999999862e-01 1.285000000000000031e-01 1.670000000000000095e-01 3.649999999999999772e-02 9.500000000000000111e-02 3.529999999999999805e-01 3.765000000000000013e-01 1.630000000000000060e-01 8.450000000000000566e-02 1.130000000000000032e-01 3.899999999999999994e-02 6.750000000000000444e-02 2.805000000000000271e-01 7.349999999999999589e-02 2.467499999999999971e-01
2.424999999999999933e-01 1.059999999999999970e-01 2.000000000000000042e-02 2.447499999999999953e-01 3.250000000000000111e-01 4.435000000000000053e-01 3.285000000000000142e-01 1.549999999999999989e-02 2.352499999999999869e-01 4.030000000000000249e-01 3.930000000000000160e-01 0.000000000000000000e+00 7.149999999999999412e-02 2.039999999999999869e-01 3.694999999999999951e-01 2.025000000000000133e-01 3.325000000000000178e-01 1.859999999999999987e-01 3.589999999999999858e-01 7.155000000000000249e-01 2.735000000000000209e-01 2.979999999999999871e-01 3.350000000000000200e-01 3.475000000000000311e-02 6.564999999999999725e-01 5.650000000000000161e-02 9.149999999999999800e-02 1.750000000000000167e-02 2.000000000000000042e-03 4.319999999999999951e-01 4.975000000000000255e-02 1.115000000000000019e-01 6.300000000000000044e-01 2.545000000000000040e-01 1.325000000000000067e-01 3.699999999999999817e-02 5.514999999999999902e-01 1.330000000000000071e-01 2.169999999999999984e-01 2.595000000000000084e-01 1.715000000000000135e-01 2.149999999999999828e-02 3.235000000000000098e-01 2.735000000000000209e-01 1.140000000000000041e-01 1.724999999999999867e-01 3.544999999999999818e-01 2.400000000000000050e-02 3.094999999999999973e-01 2.570000000000000062e-01 3.250000000000000111e-01 8.599999999999999312e-02 6.925000000000000044e-01 3.305000000000000160e-01 1.019999999999999934e-01 2.552499999999999769e-01 2.964999999999999858e-01 1.620000000000000051e-01 3.589999999999999858e-01 1.620000000000000051e-01 1.310000000000000053e-01 5.380000000000000338e-01 4.655000000000000249e-01 9.224999999999999867e-02 4.560000000000000164e-01 5.090000000000000080e-01
2.859999999999999765e-01 2.144999999999999962e-01 3.624999999999999750e-02 2.512499999999999734e-01 2.535000000000000031e-01 8.799999999999999489e-02 3.235000000000000098e-01 1.000000000000000021e-03 2.484999999999999987e-01 4.704999999999999738e-01 4.139999999999999791e-01 7.149999999999999412e-02 0.000000000000000000e+00 5.750000000000000250e-02 2.750000000000000014e-02 2.205000000000000016e-01 4.944999999999999951e-01 2.224999999999999895e-02 8.749999999999999445e-02 4.099999999999999756e-01 1.750000000000000167e-02 1.794999999999999929e-01 2.059999999999999887e-01 2.169999999999999984e-01 3.380000000000000226e-01 1.875000000000000000e-01 7.699999999999999900e-02 2.230000000000000038e-01 6.049999999999999822e-02 1.844999999999999973e-01 3.310000000000000164e-01 1.234999999999999987e-01 4.827500000000000124e-01 8.200000000000000344e-02 2.275000000000000078e-01 8.000000000000000167e-02 5.584999999999999964e-01 5.000000000000000278e-02 1.945000000000000062e-01 2.215000000000000024e-01 2.212500000000000022e-01 1.600000000000000033e-02 1.110000000000000014e-01 4.050000000000000128e-02 7.875000000000000056e-02 3.500000000000000333e-02 7.399999999999999634e-02 1.657500000000000084e-01 1.239999999999999991e-01 1.695000000000000118e-01 6.950000000000000622e-02 1.784999999999999920e-01 4.839999999999999858e-01 3.322499999999999898e-01 2.765000000000000235e-01 6.400000000000000133e-02 8.250000000000000389e-02 1.549999999999999989e-01 1.615000000000000047e-01 8.849999999999999534e-02 2.560000000000000053e-01 2.340000000000000135e-01 1.300000000000000044e-01 2.444999999999999951e-01 2.459999999999999964e-01 8.300000000000000433e-02
2.119999999999999940e-01 1.570000000000000007e-01 3.799999999999999906e-02 9.800000000000000377e-02 1.365000000000000102e-01 2.247500000000000053e-01 2.942500000000000115e-01 1.665000000000000091e-01 7.199999999999999456e-02 3.350000000000000200e-01 1.047499999999999959e-01 2.039999999999999869e-01 5.750000000000000250e-02 0.000000000000000000e+00 7.099999999999999367e-02 9.600000000000000200e-02 5.075000000000000344e-02 2.864999999999999769e-01 2.875000000000000125e-02 5.000000000000000104e-03 1.162500000000000061e-01 4.189999999999999836e-01 3.205000000000000071e-01 3.210000000000000075e-01 4.902500000000000191e-01 1.247499999999999998e-01 1.799999999999999864e-02 3.669999999999999929e-01 2.690000000000000169e-01 8.000000000000000167e-02 7.299999999999999545e-02 9.249999999999999889e-02 5.600000000000000117e-02 4.274999999999999911e-01 2.814999999999999725e-01 1.370000000000000107e-01 2.034999999999999865e-01 3.437500000000000000e-01 1.900000000000000022e-01 3.400000000000000244e-02 1.424999999999999878e-01 1.504999999999999949e-01 1.032499999999999946e-01 1.675000000000000100e-01 1.844999999999999973e-01 1.200000000000000025e-02 3.774999999999999883e-02 5.550000000000000072e-02 1.690000000000000113e-01 6.149999999999999911e-02 3.109999999999999987e-01 9.149999999999999800e-02 1.695000000000000118e-01 1.715000000000000135e-01 3.340000000000000191e-01 6.750000000000000444e-02 3.190000000000000058e-01 1.859999999999999987e-01 1.580000000000000016e-01 3.325000000000000178e-01 2.520000000000000018e-01 2.154999999999999971e-01 4.395000000000000018e-01 3.125000000000000000e-01 5.915000000000000258e-01 6.885000000000000009e-01
4.739999999999999769e-01 1.935000000000000053e-01 1.739999999999999880e-01 3.659999999999999920e-01 2.727499999999999925e-01 2.074999999999999900e-01 3.280000000000000138e-01 1.150000000000000050e-01 2.489999999999999991e-01 3.664999999999999925e-01 2.677499999999999880e-01 3.694999999999999951e-01 2.750000000000000014e-02 7.099999999999999367e-02 0.000000000000000000e+00 1.459999999999999909e-01 2.999999999999999889e-01 2.869999999999999774e-01 1.499999999999999944e-01 2.044999999999999873e-01 2.479999999999999982e-01 8.949999999999999623e-02 3.310000000000000164e-01 1.000000000000000021e-02 3.722500000000000253e-01 3.917499999999999871e-01 7.299999999999999545e-02 1.034999999999999948e-01 4.649999999999999967e-02 5.334999999999999742e-01 3.624999999999999889e-01 5.030000000000000027e-01 3.574999999999999845e-01 6.400000000000000133e-02 3.722500000000000253e-01 2.240000000000000047e-01 3.430000000000000271e-01 3.222499999999999809e-01 1.957500000000000073e-01 1.920000000000000040e-01 4.950000000000000233e-02 2.649999999999999925e-02 1.199999999999999956e-01 2.510000000000000009e-01 1.400000000000000133e-01 1.950000000000000067e-01 1.754999999999999893e-01 7.349999999999999589e-02 3.430000000000000271e-01 4.959999999999999964e-01 6.525000000000000244e-02 7.250000000000000368e-03 2.220000000000000029e-01 3.524999999999999800e-01 6.275000000000000022e-02 8.699999999999999400e-02 1.285000000000000031e-01 1.270000000000000018e-01 1.867499999999999993e-01 4.309999999999999942e-01 4.645000000000000240e-01 5.550000000000000072e-02 2.100000000000000130e-02 1.950000000000000067e-01 5.700000000000000205e-02 3.390000000000000235e-01
7.199999999999999456e-02 1.700000000000000122e-02 2.260000000000000064e-01 1.439999999999999891e-01 1.527499999999999969e-01 2.315000000000000113e-01 3.385000000000000231e-01 4.100000000000000172e-02 2.500000000000000052e-03 2.469999999999999973e-01 4.067500000000000004e-01 2.025000000000000133e-01 2.205000000000000016e-01 9.600000000000000200e-02 1.459999999999999909e-01 0.000000000000000000e+00 1.640000000000000069e-01 1.130000000000000032e-01 2.459999999999999964e-01 2.225000000000000033e-01 3.549999999999999822e-01 1.429999999999999882e-01 3.024999999999999911e-01 3.965000000000000191e-01 2.467499999999999971e-01 2.574999999999999858e-02 3.549999999999999822e-01 1.064999999999999974e-01 2.434999999999999942e-01 3.709999999999999964e-01 5.099999999999999672e-02 1.310000000000000053e-01 2.864999999999999769e-01 5.299999999999999850e-02 2.817500000000000004e-01 1.524999999999999967e-01 4.299999999999999933e-01 3.925000000000000017e-02 3.175000000000000044e-02 2.859999999999999765e-01 4.660000000000000253e-01 3.390000000000000235e-01 3.335000000000000187e-01 6.000000000000000125e-03 1.200000000000000025e-02 9.099999999999999756e-02 3.029999999999999916e-01 8.999999999999999667e-02 2.305000000000000104e-01 8.949999999999999623e-02 8.225000000000000366e-02 3.452500000000000013e-01 3.890000000000000124e-01 2.879999999999999782e-01 7.724999999999999922e-02 3.220000000000000084e-01 1.529999999999999971e-01 2.500000000000000139e-02 3.097500000000000253e-01 4.950000000000000233e-02 7.349999999999999589e-02 2.434999999999999942e-01 1.299999999999999940e-02 2.999999999999999889e-02 3.109999999999999987e-01 1.059999999999999970e-01
4.739999999999999769e-01 1.905000000000000027e-01 6.099999999999999867e-01 5.650000000000000161e-02 5.444999999999999840e-01 5.477499999999999591e-01 6.069999999999999840e-01 2.117499999999999938e-01 1.864999999999999991e-01 5.220000000000000195e-01 4.842500000000000138e-01 3.325000000000000178e-01 4.944999999999999951e-01 5.075000000000000344e-02 2.999999999999999889e-01 1.640000000000000069e-01 0.000000000000000000e+00 2.074999999999999900e-01 2.464999999999999969e-01 3.980000000000000204e-01 2.750000000000000014e-02 2.164999999999999980e-01 4.424999999999999767e-02 3.694999999999999951e-01 1.544999999999999984e-01 6.024999999999999800e-02 2.954999999999999849e-01 3.000000000000000062e-03 1.165000000000000063e-01 3.014999999999999902e-01 1.089999999999999997e-01 1.700000000000000122e-02 3.880000000000000115e-01 1.910000000000000031e-01 1.750000000000000167e-02 4.759999999999999787e-01 2.379999999999999893e-01 2.624999999999999903e-02 1.477499999999999925e-01 3.739999999999999991e-01 4.530000000000000138e-01 2.249999999999999917e-02 3.135000000000000009e-01 3.004999999999999893e-01 3.079999999999999960e-01 3.067500000000000226e-01 3.614999999999999880e-01 5.999999999999999778e-02 5.525000000000000050e-02 1.117500000000000021e-01 1.375000000000000007e-02 5.874999999999999667e-02 4.700000000000000011e-02 8.500000000000000611e-02 1.822499999999999953e-01 8.699999999999999400e-02 2.114999999999999936e-01 3.494999999999999774e-01 4.869999999999999885e-01 5.450000000000000400e-01 4.279999999999999916e-01 2.089999999999999913e-01 2.829999999999999738e-01 9.499999999999999764e-03 1.047499999999999959e-01 2.030000000000000138e-01
3.574999999999999845e-01 2.530000000000000027e-01 1.127500000000000030e-01 3.047500000000000209e-01 3.500000000000000073e-03 1.365000000000000102e-01 6.499999999999999702e-03 2.354999999999999871e-01 5.199999999999999761e-02 1.330000000000000071e-01 1.779999999999999916e-01 1.859999999999999987e-01 2.224999999999999895e-02 2.864999999999999769e-01 2.869999999999999774e-01 1.130000000000000032e-01 2.074999999999999900e-01 0.000000000000000000e+00 2.899999999999999800e-01 7.005000000000000115e-01 1.010000000000000064e-01 4.234999999999999876e-01 5.504999999999999893e-01 1.414999999999999869e-01 3.689999999999999947e-01 8.150000000000000300e-02 5.160000000000000142e-01 3.145000000000000018e-01 3.749999999999999861e-02 4.179999999999999827e-01 1.255000000000000004e-01 1.549999999999999989e-02 4.532499999999999862e-01 2.285000000000000087e-01 2.320000000000000118e-01 3.395000000000000240e-01 6.919999999999999485e-01 3.689999999999999947e-01 2.780000000000000249e-01 4.495000000000000107e-01 4.607499999999999929e-01 1.900000000000000022e-01 3.255000000000000115e-01 4.035000000000000253e-01 5.072499999999999787e-01 3.469999999999999751e-01 1.044999999999999957e-01 1.072499999999999981e-01 1.390000000000000124e-01 5.650000000000000161e-02 1.360000000000000098e-01 3.584999999999999853e-01 7.385000000000000453e-01 1.162500000000000061e-01 2.050000000000000086e-02 1.500000000000000031e-03 4.850000000000000144e-02 3.915000000000000147e-01 2.725000000000000200e-01 4.555000000000000160e-01 1.559999999999999998e-01 6.594999999999999751e-01 4.734999999999999765e-01 5.999999999999999778e-02 4.864999999999999880e-01 5.410000000000000364e-01
8.649999999999999356e-02 4.984999999999999987e-01 2.144999999999999962e-01 9.500000000000000111e-02 2.159999999999999976e-01 5.649999999999999467e-01 2.675000000000000155e-01 6.149999999999999911e-02 2.404999999999999916e-01 5.364999999999999769e-01 4.339999999999999969e-01 3.589999999999999858e-01 8.749999999999999445e-02 2.875000000000000125e-02 1.499999999999999944e-01 2.459999999999999964e-01 2.464999999999999969e-01 2.899999999999999800e-01 0.000000000000000000e+00 9.449999999999999512e-01 6.450000000000000178e-02 1.099999999999999936e-02 1.890000000000000013e-01 1.549999999999999989e-02 4.592499999999999916e-01 1.000000000000000021e-03 2.834999999999999742e-01 3.400000000000000244e-01 5.899999999999999689e-02 2.000000000000000111e-01 6.550000000000000266e-02 2.850000000000000103e-02 5.140000000000000124e-01 2.320000000000000118e-01 3.749999999999999861e-02 4.850000000000000144e-02 4.992500000000000271e-01 2.354999999999999871e-01 6.250000000000000000e-02 2.344999999999999862e-01 4.109999999999999765e-01 0.000000000000000000e+00 4.894999999999999907e-01 3.155000000000000027e-01 2.235000000000000042e-01 1.307500000000000051e-01 3.875000000000000111e-01 2.800000000000000058e-02 8.125000000000000278e-02 1.255000000000000004e-01 2.074999999999999900e-01 1.950000000000000067e-01 7.249999999999999778e-01 3.024999999999999911e-01 1.100000000000000006e-01 3.064999999999999947e-01 2.800000000000000058e-02 4.249999999999999889e-01 5.474999999999999867e-01 1.600000000000000033e-02 5.750000000000000250e-02 6.620000000000000329e-01 3.099999999999999978e-01 2.149999999999999828e-02 4.522499999999999853e-01 3.474999999999999756e-01
6.625000000000000333e-02 1.920000000000000040e-01 5.687499999999999778e-01 2.810000000000000275e-01 2.184999999999999998e-01 6.065000000000000391e-01 3.739999999999999991e-01 1.710000000000000131e-01 1.072499999999999981e-01 1.990000000000000102e-01 6.850000000000000533e-02 7.155000000000000249e-01 4.099999999999999756e-01 5.000000000000000104e-03 2.044999999999999873e-01 2.225000000000000033e-01 3.980000000000000204e-01 7.005000000000000115e-01 9.449999999999999512e-01 0.000000000000000000e+00 7.000000000000000666e-02 7.962500000000000133e-01 7.900000000000000078e-02 4.714999999999999747e-01 4.645000000000000240e-01 1.970000000000000084e-01 8.197499999999999787e-01 9.900000000000000466e-02 4.150000000000000216e-02 2.082499999999999907e-01 2.785000000000000253e-01 1.834999999999999964e-01 1.804999999999999938e-01 2.457499999999999962e-01 1.890000000000000013e-01 9.600000000000000200e-02 1.260000000000000009e-01 2.775000000000000244e-01 3.649999999999999772e-02 3.325000000000000178e-02 6.554999999999999716e-01 3.824999999999999928e-02 2.680000000000000160e-01 1.005000000000000060e-01 1.360000000000000098e-01 1.839999999999999969e-01 6.300000000000000044e-02 6.850000000000000533e-02 3.320000000000000173e-01 1.479999999999999927e-01 8.450000000000000566e-02 5.234999999999999654e-01 2.292500000000000093e-01 2.207500000000000018e-01 8.500000000000000611e-03 4.055000000000000271e-01 7.524999999999999745e-02 5.304999999999999716e-01 2.015000000000000124e-01 9.850000000000000422e-02 1.414999999999999869e-01 3.022500000000000187e-01 3.639999999999999902e-01 3.500000000000000073e-03 1.869999999999999996e-01 2.459999999999999964e-01
3.534999999999999809e-01 3.995000000000000218e-01 2.800000000000000058e-02 3.649999999999999772e-02 1.390000000000000124e-01 1.607500000000000040e-01 9.349999999999999978e-02 1.675000000000000100e-02 8.300000000000000433e-02 1.350000000000000089e-01 2.307500000000000107e-01 2.735000000000000209e-01 1.750000000000000167e-02 1.162500000000000061e-01 2.479999999999999982e-01 3.549999999999999822e-01 2.750000000000000014e-02 1.010000000000000064e-01 6.450000000000000178e-02 7.000000000000000666e-02 0.000000000000000000e+00 6.000000000000000125e-03 6.567499999999999449e-01 1.400000000000000029e-02 1.514999999999999958e-01 5.475000000000000006e-02 7.599999999999999811e-02 1.100000000000000006e-01 1.739999999999999880e-01 2.299999999999999961e-02 1.499999999999999944e-01 1.405000000000000138e-01 1.305000000000000049e-01 1.000000000000000021e-02 4.189999999999999836e-01 3.410000000000000253e-01 1.675000000000000100e-01 7.492499999999999716e-01 1.474999999999999922e-02 3.360000000000000209e-01 9.600000000000000200e-02 3.360000000000000209e-01 1.059999999999999970e-01 4.425000000000000044e-01 3.940000000000000169e-01 5.547499999999999654e-01 3.840000000000000080e-01 3.225000000000000089e-01 3.357499999999999929e-01 3.032500000000000195e-01 9.224999999999999867e-02 3.357499999999999929e-01 4.515000000000000124e-01 2.359999999999999876e-01 3.532500000000000084e-01 2.210000000000000020e-01 8.500000000000000611e-03 4.244999999999999885e-01 3.860000000000000098e-01 5.969999999999999751e-01 6.950000000000000622e-02 6.205000000000000515e-01 5.450000000000000400e-01 1.330000000000000071e-01 1.427499999999999880e-01 5.154999999999999583e-01
2.897500000000000075e-01 1.900000000000000022e-01 1.327500000000000069e-01 1.799999999999999933e-01 1.000000000000000021e-02 4.749999999999999778e-01 2.469999999999999973e-01 3.135000000000000009e-01 5.775000000000000272e-02 2.894999999999999796e-01 1.350000000000000089e-01 2.979999999999999871e-01 1.794999999999999929e-01 4.189999999999999836e-01 8.949999999999999623e-02 1.429999999999999882e-01 2.164999999999999980e-01 4.234999999999999876e-01 1.099999999999999936e-02 7.962500000000000133e-01 6.000000000000000125e-03 0.000000000000000000e+00 5.494999999999999885e-01 3.069999999999999951e-01 3.950000000000000178e-01 2.510000000000000009e-01 5.357499999999999485e-01 3.709999999999999964e-01 5.050000000000000322e-02 3.702500000000000235e-01 1.110000000000000014e-01 7.950000000000000122e-02 3.810000000000000053e-01 1.054999999999999966e-01 3.514999999999999791e-01 5.829999999999999627e-01 6.730000000000000426e-01 5.749999999999999556e-01 3.549999999999999684e-02 3.157499999999999751e-01 3.265000000000000124e-01 2.030000000000000138e-01 5.220000000000000195e-01 3.770000000000000018e-01 4.334999999999999964e-01 4.495000000000000107e-01 9.750000000000000333e-02 2.700000000000000178e-01 1.400000000000000029e-02 3.500000000000000073e-03 1.625000000000000056e-01 4.879999999999999893e-01 7.162500000000000533e-01 7.975000000000000144e-02 3.099999999999999978e-02 1.340000000000000080e-01 1.725000000000000144e-02 6.544999999999999707e-01 5.999999999999999778e-02 4.899999999999999911e-01 2.310000000000000109e-01 8.537500000000000089e-01 3.930000000000000160e-01 1.849999999999999908e-02 3.310000000000000164e-01 3.945000000000000173e-01
1.869999999999999996e-01 7.975000000000000144e-02 3.494999999999999774e-01 2.149999999999999967e-01 1.125000000000000028e-01 2.650000000000000133e-01 1.157500000000000057e-01 1.307500000000000051e-01 5.000000000000000104e-04 2.545000000000000040e-01 9.049999999999999711e-02 3.350000000000000200e-01 2.059999999999999887e-01 3.205000000000000071e-01 3.310000000000000164e-01 3.024999999999999911e-01 4.424999999999999767e-02 5.504999999999999893e-01 1.890000000000000013e-01 7.900000000000000078e-02 6.567499999999999449e-01 5.494999999999999885e-01 0.000000000000000000e+00 5.600000000000000533e-01 1.170000000000000068e-01 3.499999999999999778e-01 2.800000000000000266e-01 6.400000000000000133e-02 1.165000000000000063e-01 2.230000000000000038e-01 2.725000000000000200e-01 2.109999999999999931e-01 1.179999999999999938e-01 6.870000000000000551e-01 7.049999999999999600e-01 3.225000000000000089e-01 4.385000000000000009e-01 4.430000000000000049e-01 7.197500000000000009e-01 1.270000000000000018e-01 1.494999999999999940e-01 6.670000000000000373e-01 3.920000000000000151e-01 2.179999999999999993e-01 2.359999999999999876e-01 2.037499999999999867e-01 5.467499999999999583e-01 5.080000000000000071e-01 6.792500000000000204e-01 3.317499999999999893e-01 3.642500000000000182e-01 5.374999999999999917e-02 2.720000000000000195e-01 3.335000000000000187e-01 8.525000000000000633e-02 5.949999999999999734e-02 5.490000000000000435e-01 6.500000000000000222e-01 5.779999999999999583e-01 9.199999999999999845e-02 1.494999999999999940e-01 3.995000000000000218e-01 4.309999999999999942e-01 5.050000000000000322e-02 6.592500000000000027e-01 1.965000000000000080e-01
1.514999999999999958e-01 4.279999999999999916e-01 1.019999999999999934e-01 3.524999999999999661e-02 2.384999999999999898e-01 1.900000000000000022e-01 1.350000000000000089e-01 2.665000000000000147e-01 6.499999999999999702e-03 1.779999999999999916e-01 2.250000000000000056e-01 3.475000000000000311e-02 2.169999999999999984e-01 3.210000000000000075e-01 1.000000000000000021e-02 3.965000000000000191e-01 3.694999999999999951e-01 1.414999999999999869e-01 1.549999999999999989e-02 4.714999999999999747e-01 1.400000000000000029e-02 3.069999999999999951e-01 5.600000000000000533e-01 0.000000000000000000e+00 4.174999999999999822e-01 1.885000000000000009e-01 1.209999999999999964e-01 3.474999999999999756e-01 1.650000000000000078e-02 6.975000000000000644e-02 1.992500000000000104e-01 7.249999999999999500e-02 3.325000000000000178e-01 1.365000000000000102e-01 3.350000000000000200e-01 2.700000000000000178e-01 4.974999999999999978e-01 3.415000000000000258e-01 1.380000000000000115e-01 2.695000000000000173e-01 3.390000000000000235e-01 3.200000000000000067e-02 2.484999999999999987e-01 1.635000000000000064e-01 4.689999999999999725e-01 1.315000000000000058e-01 2.999999999999999889e-02 4.100000000000000172e-02 1.549999999999999989e-01 6.500000000000000222e-02 9.400000000000000022e-02 4.859999999999999876e-01 6.840000000000000524e-01 2.854999999999999760e-01 2.015000000000000124e-01 1.327500000000000069e-01 1.360000000000000098e-01 3.544999999999999818e-01 1.799999999999999864e-02 5.220000000000000195e-01 1.179999999999999938e-01 4.395000000000000018e-01 1.829999999999999960e-01 3.817499999999999782e-01 3.039999999999999925e-01 2.200000000000000011e-01
