1.000000000000000000e+00 3.759165540443862863e-01 1.569267752437928931e-01 4.876778451907926581e-01 4.558718873720357667e-01 5.109719856488796619e-02 4.118078337863999017e-01 3.167453820378025586e-01 3.861457169803804712e-01 8.048602946464754326e-02 1.297165979652493972e-01 2.662784950070314349e-01 3.032258969366188883e-01 1.873511618968134174e-01 5.134927610463795311e-01 3.239382833043550347e-01 4.172817785079150354e-01 2.850602444535172419e-01 7.549341189922785522e-02 1.464911420901254813e-01 3.004341266634542040e-01 2.946012927354006439e-01 2.165686767026716864e-01 2.210483726154370554e-01 1.827847320992192492e-01 2.548749283203464167e-01 8.393403981753118359e-02 1.790230208494788255e-01 1.892301404810068088e-01 5.714914750412579680e-01 2.357140902181811548e-01 3.715608301840426786e-01 3.318705539846380503e-01 3.028426354079777338e-01 2.060936407110633140e-01 5.361407985668721343e-01 2.712571280764142778e-01 2.562253095628252986e-01 4.077517666413943420e-01 3.971570178843631949e-01 1.550651138128558149e-01 1.130475794133690565e-01 2.674170983825501779e-01 4.394231573182805772e-01 2.662888988380800459e-01 4.165086675576256114e-01 9.928120193912430558e-02 1.648759070961649253e-01 4.325785882590583165e-01 5.117409162752276641e-01 5.655937600403597720e-01 1.146871783896711988e-01 3.225288371108398500e-01 7.285441088790396702e-02 5.280002380568862286e-01 1.348670914006306620e-01 5.296248322871429659e-01 2.424786673099358636e-01 1.035377959031813927e-01 3.234211351359346787e-01 2.867995430289286274e-01 2.992007486545130712e-01 4.390372323757937845e-01 3.338147387941655664e-01 3.686161083776152703e-01 5.712955995548344434e-01
3.759165540443862863e-01 1.000000000000000000e+00 3.053743147931956003e-01 1.698463147477484725e-01 4.108621427802827131e-01 3.200648928384850489e-01 4.237533147547888901e-01 4.470200284158180187e-02 2.761445321164547884e-01 3.708763461133705031e-01 2.177657838428767867e-01 1.400775073064927656e-01 3.802167464953642440e-01 7.191459809999078967e-02 4.553056506803271342e-01 7.247563491541147984e-01 4.886294753409874958e-01 1.776992217995959633e-01 3.467108977881834808e-01 3.704880199993676460e-01 5.192870801329437791e-01 2.414120300454674350e-01 2.437159856960903759e-01 4.286189115225728097e-01 1.872348517727584205e-01 1.579383332575362564e-01 2.364003724745964430e-01 2.995633907153001929e-01 2.344164220536019416e-01 4.482304554223425774e-01 1.240794804600625217e-01 1.314759248793643809e-01 4.420091766432061031e-01 1.966193790765535243e-01 2.508644515465554559e-01 1.953602605504992373e-01 2.545731578635641035e-01 2.023470216696931501e-01 2.418562356678810032e-01 9.996688249804472348e-02 4.714920354121006629e-01 4.148037261269687526e-01 2.674257061042007999e-01 3.343940696963074721e-01 7.126318636544540230e-02 2.626102009580011387e-01 3.421804317418687402e-01 3.117659022190426565e-01 3.085782436146238816e-01 2.042725711455024018e-01 3.482740447720530930e-01 2.325279396633232187e-01 2.237832580133430893e-01 3.494546949859962948e-01 5.180898979148114147e-01 2.325820439112030458e-01 4.089582647248790614e-01 3.988751129066367418e-02 2.662045040602440404e-01 1.997516239537019123e-01 4.462230156999730246e-02 1.189609825222006229e-01 3.782797275515382696e-01 6.099787126069484700e-01 2.845590756917797393e-01 3.385504478160787922e-01
1.569267752437928931e-01 3.053743147931956003e-01 1.000000000000000000e+00 4.734028742943626189e-01 3.393060450946828177e-01 5.551306395289964390e-01 3.505191141098620289e-01 2.556083318740912658e-01 2.259326455078323193e-01 5.223682374323295186e-01 5.186501573435559759e-02 4.790580052157543678e-01 4.933518140009255926e-01 1.580547450842066104e-01 2.450375062751947164e-01 1.626346071081445077e-01 4.238410048211017078e-01 5.776321468698609740e-01 6.793966828587190143e-01 4.150738014224611416e-01 2.808284525290359879e-01 5.428179723838710835e-01 2.826893671703769595e-01 5.909087978344079728e-01 3.542941535762542116e-01 1.411339403414834937e-01 4.101962828353179491e-01 4.167490739760982277e-01 3.482388173225903910e-02 1.310612357050252030e-01 4.262992873890966705e-01 3.931445897805509460e-01 4.936303516796031188e-01 2.320407999151467560e-01 3.127223914682233374e-01 1.469250813761918961e-01 6.283153306605451238e-01 5.141100969132588183e-01 3.566740120298363403e-01 1.731220499874463470e-01 5.213761728750629931e-01 1.575272370015696199e-01 6.977870267705867935e-01 1.503439534644137321e-01 1.252083942588912147e-01 2.078446113541702056e-01 2.352606625048979383e-01 2.480098931981943311e-01 2.916383007325520915e-01 1.868877402441209701e-01 1.922933052525982456e-01 1.533208329206513232e-01 6.365128166289458767e-01 4.686399044121607460e-01 1.210956386876427537e-01 2.136057679449945845e-01 3.916457905313095594e-02 6.682193771325235510e-01 2.250062533153741329e-01 3.304731636269572781e-01 9.552484144642038599e-02 7.299168384510145158e-01 4.472438459775294750e-01 1.554563141048957986e-01 2.630047192990105365e-01 3.666731251705236394e-01
4.876778451907926581e-01 1.698463147477484725e-01 4.734028742943626189e-01 1.000000000000000000e+00 1.433776504391836848e-01 2.720786143709353899e-01 1.639829223220557186e-01 5.073508939966868692e-01 1.395134948277723941e-01 3.397481010530297163e-01 2.693308400279470494e-01 3.116565075203959201e-01 2.637042117159565935e-01 8.843491832900919614e-02 3.701794531236726749e-01 2.248334717232398361e-01 5.569549062513223098e-02 3.556928414782994374e-01 3.034204366868656910e-01 2.473497984687559881e-01 2.308973876357790778e-01 4.301362660764179724e-01 1.667451187790570943e-01 6.193857137101222571e-02 3.343772402169827851e-01 1.470762058762884184e-01 1.994901280617211448e-01 1.214029171814710872e-01 1.406530431827642813e-01 3.583563362396515184e-01 4.329478293698824087e-01 3.594781186628790426e-01 5.110911423804738174e-01 9.311444680332525703e-02 1.990717892051709903e-01 2.328140812655178082e-01 5.615415742715201830e-01 5.092160543108912307e-01 1.701945233817463432e-01 3.586144648133549606e-01 2.694648950925708220e-01 2.288562077177340170e-01 3.114151472024345169e-01 2.856754317170666080e-01 2.431186678163007875e-01 3.828293746906776818e-01 1.472984617723503420e-01 2.836547287035756093e-01 2.606392489318544725e-01 3.973448510336534123e-01 2.568972460102037503e-01 5.748745525600636175e-02 3.683687006350838122e-01 1.967762449762711086e-01 2.066450637045261773e-01 1.805580532499840851e-01 4.479162439372749160e-01 4.456819865290836957e-01 1.539940345301509805e-01 1.392997539935233176e-01 2.662518514566215577e-01 5.076662463153720495e-01 3.296106679090206604e-01 2.575272852556806380e-01 3.049441687092764863e-01 3.334704150906306341e-01
4.558718873720357667e-01 4.108621427802827131e-01 3.393060450946828177e-01 1.433776504391836848e-01 1.000000000000000000e+00 4.882471451014041564e-01 9.223341654802116318e-01 6.680430553276245353e-02 5.851536049841067344e-01 5.253432887340695467e-01 3.281663491802060406e-01 3.381371960112316000e-01 6.462721517896596879e-01 2.166383624313743539e-01 5.768612268112784935e-01 3.962541767423413130e-01 5.664830120994220897e-01 1.767527477483810117e-01 3.860823485226779206e-01 2.024126581379556977e-01 2.487990840170225537e-01 1.720951314566784018e-01 1.345565007816237058e-01 2.880337490055472904e-01 2.671128333111772446e-01 4.956151464458623535e-01 2.954447513737369913e-01 1.641641965545396487e-01 4.146116003813286183e-02 3.199225759560617166e-01 1.455307728238353637e-01 1.254973345010833574e-01 3.074970223385307122e-01 2.080885055407644402e-01 1.698988156585130305e-01 6.185002957059508866e-01 2.607740906703601147e-01 1.506999118837736851e-01 3.743469864675036396e-01 2.485439510994097434e-01 3.546461243314228962e-01 1.469767477957446555e-01 2.362348356593365062e-01 2.575058602829343735e-01 2.673965530284123648e-01 2.941595162924444118e-01 2.904003863306351407e-01 1.870662423780581340e-01 1.822193789410903597e-01 4.427357685246179897e-01 5.702483573715187992e-01 2.195703840735637735e-01 1.569597437192950598e-02 2.409255769603385888e-01 5.106728564196458819e-01 2.304659486071615471e-01 4.344074559211726916e-01 3.056253505816411420e-01 2.784629723964190950e-01 4.338235089475949713e-01 4.831608536754689598e-01 1.875226237719294642e-01 2.359185555031181603e-01 3.577388082435729588e-01 1.277912898782588846e-01 2.147523477800647729e-01
5.109719856488796619e-02 3.200648928384850489e-01 5.551306395289964390e-01 2.720786143709353899e-01 4.882471451014041564e-01 1.000000000000000000e+00 5.873070869298835373e-01 6.254545359364037382e-02 4.074531063928668595e-01 3.489248250461938761e-01 2.881147552827005853e-01 7.403132618114630636e-01 4.223755997467509293e-01 1.250368823449627409e-01 3.051088445226163293e-01 3.340951520968966637e-01 5.034556540189949470e-01 6.553228322929363081e-01 7.845824714348837992e-01 6.246709491738083875e-01 1.443890080167443135e-01 5.566176083316637380e-01 2.913129469726529197e-01 5.144898624617838534e-01 4.714047275801402370e-01 1.215633159155991988e-01 7.233876904027075616e-01 2.011832857700981136e-01 7.359209309141138966e-02 2.575760335429634340e-01 9.017497685720406164e-02 1.774237495286253852e-01 3.405538033383943564e-01 1.189463181105666900e-01 3.414282300217308386e-01 1.454176393673773660e-01 5.685593685212623205e-01 4.093252931648657111e-01 6.243225788031653289e-02 7.792223080362309373e-02 4.610142742644472991e-01 1.417363658229734424e-01 4.453288895735125763e-01 1.051692615845761791e-01 2.848820448226659086e-02 6.803628123792575255e-02 4.679235108876410587e-01 1.654070652419890597e-01 4.059234734846673409e-01 1.563617274717551686e-01 1.552686807131715696e-01 1.692920848282471746e-01 4.403462034508998091e-01 3.927761992771109378e-01 2.175296942172859904e-01 3.532521076326505249e-01 1.525369546608880411e-01 6.550918113267787390e-01 3.268604287665472508e-01 1.296687141455406256e-01 2.165674973397478387e-01 5.934808253633632180e-01 2.822002517906404551e-01 2.052087553745652881e-01 3.215032381088509528e-01 3.098618953317970326e-01
4.118078337863999017e-01 4.237533147547888901e-01 3.505191141098620289e-01 1.639829223220557186e-01 9.223341654802116318e-01 5.873070869298835373e-01 1.000000000000000000e+00 9.430507893148613874e-02 5.496827239366074425e-01 4.490941109966853917e-01 3.617756138677555300e-01 3.759636169275374362e-01 6.529752577279819281e-01 2.481000139033380791e-01 5.721783399316017205e-01 4.350616442353652524e-01 6.099054722293388853e-01 2.638833326612852193e-01 4.725474427419422696e-01 3.581069077504779874e-01 2.757800625505571479e-01 2.370306994691580016e-01 1.692982385225347275e-02 2.963347910614305136e-01 2.805686414445083821e-01 3.818876140861162116e-01 4.015680462793516092e-01 1.882496044213361197e-01 3.734997151929445730e-02 2.870034478116746390e-01 1.795980019594963784e-01 1.066223119090039390e-01 2.431098115501713064e-01 1.496547191062976567e-01 2.681187619548142109e-01 5.103997088961855777e-01 3.534265951755123369e-01 2.580846019415710679e-01 3.160643335208738747e-01 2.498618489347791682e-01 4.361737795185952060e-01 1.766902008409921843e-01 2.147481556542139847e-01 2.726108132258175942e-01 1.721630530426912775e-01 2.854095996304983340e-01 3.083803280992019058e-01 2.223193809229328799e-01 7.150111760460010901e-02 4.146299714326682206e-01 4.946598399117517197e-01 7.914715284026958841e-02 9.164982203241453518e-02 3.001213398500957030e-01 4.763895564623912282e-01 9.408922776043179836e-02 4.303624009566066611e-01 3.904100208157676999e-01 3.113404645166272244e-01 3.790461397991977677e-01 3.918957915447888740e-01 2.270893013063911559e-01 1.751469178420629325e-01 3.456077271629497405e-01 3.526858836039106770e-02 1.111271050323418830e-01
3.167453820378025586e-01 4.470200284158180187e-02 2.556083318740912658e-01 5.073508939966868692e-01 6.680430553276245353e-02 6.254545359364037382e-02 9.430507893148613874e-02 1.000000000000000000e+00 1.338776806089718718e-01 3.175540235229509234e-01 2.307735935633470903e-01 1.465588385032563258e-02 4.980026188817230498e-02 2.134203509287171674e-01 4.423562986803942360e-02 1.760510771547097730e-01 2.527195849659956139e-01 1.465995859103834120e-01 1.055629979588626616e-01 1.761737773045064237e-01 1.064109606036510447e-01 2.265444781612182823e-01 1.849875116113729179e-01 2.214667242918779422e-01 1.606778780618744740e-01 2.161444681358685449e-01 6.535938360142902470e-02 1.012718998264907910e-01 2.096062075447903961e-01 3.528868691476737540e-01 2.253893048090317153e-01 2.296650243762943244e-01 1.078707682238871368e-01 1.112638950013089822e-01 1.515869726150243790e-01 1.806906206626781308e-01 2.854241516004948354e-01 2.806224575934815335e-01 1.701478738321848816e-01 3.442542279605545485e-01 1.224175330200475281e-01 2.287406012800934640e-01 2.752817217292545249e-01 2.013234175251568669e-01 1.908081903374970190e-01 2.453249343024763163e-01 1.196592635770376140e-01 3.267362590139359368e-01 2.177609838982918766e-01 3.201116514286967973e-01 1.392378857768172551e-01 7.279004435370105275e-02 1.631612909451509164e-01 2.100490343350815969e-01 1.076627442384670702e-01 2.161095285971567914e-01 2.878309273279470171e-01 1.329156472139071954e-01 1.770439308257184263e-01 1.499210261121570464e-01 1.356955486464456739e-01 2.715410416308660091e-01 1.501028093104583017e-01 1.038568404121061189e-01 2.273382725220707279e-01 5.342465376114909070e-02
3.861457169803804712e-01 2.761445321164547884e-01 2.259326455078323193e-01 1.395134948277723941e-01 5.851536049841067344e-01 4.074531063928668595e-01 5.496827239366074425e-01 1.338776806089718718e-01 1.000000000000000000e+00 3.261654538503382939e-01 1.106876595839719202e-01 2.853123467288745108e-01 3.862446588404236381e-01 8.819151547877210340e-02 5.109508933059768720e-01 1.782205659852436619e-01 4.972584008237778685e-01 1.085593543861537030e-01 2.992461880797002149e-01 1.050148780160596457e-01 2.321935605417792814e-01 1.539672243962169340e-01 8.361077313352278939e-02 1.821368571375381884e-01 2.167068260920808898e-01 5.508980745362922482e-01 2.904784303471065754e-01 2.025242429896621787e-01 1.664230050450656861e-01 4.646240850940699940e-01 1.501456517236639809e-01 3.859360046383140119e-01 1.009570227359649353e-01 2.842843291421838225e-01 2.509043199277915526e-01 4.051246342023954172e-01 2.259619626316182461e-01 3.006678365639777750e-01 1.939945503313129926e-01 1.745756385068402972e-01 2.521273451246420216e-01 1.329955941774117190e-01 3.418704591428598505e-01 2.799984194336038179e-01 2.445840922155432806e-01 3.115049849622298361e-01 1.985125618526314140e-01 2.314488423686999197e-01 2.673134692286638914e-01 2.293709834685895288e-01 4.749237127176314521e-01 2.330535078515796610e-01 2.053876388376666418e-01 6.897017688342073349e-02 4.759227241600665348e-01 2.732982312249203072e-01 4.474834569462267653e-01 2.161427537725049974e-01 2.812247986441879788e-01 3.321155688334260780e-01 3.987252902619441985e-01 2.959883802759902816e-01 2.003499460498938123e-01 3.216360588320046343e-01 1.171836444364641044e-01 1.984041872436311527e-01
8.048602946464754326e-02 3.708763461133705031e-01 5.223682374323295186e-01 3.397481010530297163e-01 5.253432887340695467e-01 3.489248250461938761e-01 4.490941109966853917e-01 3.175540235229509234e-01 3.261654538503382939e-01 1.000000000000000000e+00 3.206687268748690256e-01 3.178595319892353888e-01 3.835416436711896471e-01 2.145342832113953657e-01 3.120291826739941543e-01 2.008317909447797645e-01 5.388613554893737501e-01 1.430906992221958607e-01 4.186390433322652038e-01 1.930162977433995120e-01 1.416822754720604705e-01 1.931379107801647621e-01 1.868517985138232473e-01 1.670487053078012207e-01 2.782933212782671140e-01 2.671418829507987147e-01 2.338651368209430648e-01 7.986610093850508851e-02 1.462761342538498044e-01 2.083322187426235039e-01 9.175092087474447100e-02 1.693106618210002134e-01 4.852134010803895170e-01 7.074438486671517923e-02 1.411003060871167947e-01 4.812718409353898275e-01 2.497614906928194989e-01 1.549453921365515352e-01 4.901529044987429362e-01 1.294871065094551355e-01 3.196418685758044553e-01 5.200341804871664447e-02 4.429708863918087602e-01 9.012133706153986623e-02 1.979401512024496768e-01 1.188158219976552521e-01 3.640099544377810581e-01 1.324662323198513292e-01 2.254683795681682312e-01 1.085886701436329649e-01 3.727221734166116240e-01 2.101745911541620104e-01 1.682264841353156015e-01 3.098261041758285095e-01 2.246048254127095967e-01 3.109812773456285817e-01 2.495120844994765663e-01 1.745640366485823325e-01 4.707628341807981176e-01 3.835945234057933639e-01 2.525787865343428473e-01 3.129668723632388350e-01 1.768197745170466129e-01 3.763784348682050473e-01 2.122429029526214650e-01 9.682166965202856912e-02
1.297165979652493972e-01 2.177657838428767867e-01 5.186501573435559759e-02 2.693308400279470494e-01 3.281663491802060406e-01 2.881147552827005853e-01 3.617756138677555300e-01 2.307735935633470903e-01 1.106876595839719202e-01 3.206687268748690256e-01 1.000000000000000000e+00 4.321574805673922270e-01 2.938021271737502049e-01 2.167351715193843176e-01 2.325407652991025864e-01 3.471702556413563956e-01 4.357051792846645677e-01 1.377322170636044729e-01 3.412391401796022739e-01 2.203575330924487652e-01 1.907528625090603447e-01 8.160824503906019545e-02 1.707687931879232623e-01 1.940685161385556079e-01 4.056936564902048348e-01 1.256551477675034723e-01 1.598281075856837763e-01 1.639664623726122816e-01 4.102674941289001787e-01 7.237511235734415960e-02 4.390036359718159087e-01 1.219061816681871607e-01 2.180299647020059461e-01 1.432862229840790591e-01 2.507788832828124481e-01 1.052580929068214766e-01 1.377307570116551860e-01 1.083685518861213504e-01 3.179779384084762683e-01 3.359947765112156759e-01 1.856384915915832434e-01 3.082198261128108463e-01 1.512249834736835441e-01 1.231711188445180627e-01 2.435268816654435897e-01 1.130694768580167986e-01 3.651467322365585799e-01 2.788979824810348673e-01 7.231286709310237593e-02 1.158919528354282330e-01 3.297560266784160254e-01 2.357313384171431381e-01 1.519563473638347317e-01 1.530990163923234282e-01 2.114001621656574903e-01 1.115556014069492563e-01 4.025929270116823666e-01 2.435566094247662017e-01 4.112507840750587729e-01 3.577589648416989454e-01 2.308920200458219052e-01 2.502139340027703315e-02 1.752363867594842473e-01 4.238469485864989617e-01 2.017863496520220373e-02 1.706507364284282069e-01
2.662784950070314349e-01 1.400775073064927656e-01 4.790580052157543678e-01 3.116565075203959201e-01 3.381371960112316000e-01 7.403132618114630636e-01 3.759636169275374362e-01 1.465588385032563258e-02 2.853123467288745108e-01 3.178595319892353888e-01 4.321574805673922270e-01 1.000000000000000000e+00 3.997425226465934345e-01 1.405974438816328942e-01 3.107613925209005146e-01 2.580462292716754202e-01 3.786597821299651501e-01 5.502245712158756463e-01 7.582226347424927404e-01 5.966882537962755473e-01 2.202102171930561125e-01 5.644907440923593311e-01 3.080157932249230623e-01 3.184290705220126361e-01 6.236329975676581094e-01 2.102940431949725519e-01 6.448787551928212292e-01 9.338006613033182635e-02 1.284491569756223972e-01 4.082541771611556958e-01 2.378682973643032605e-01 3.085881066458752153e-01 4.424526810459960546e-01 2.352812063735889303e-01 3.362323608867973102e-01 3.090262558041990265e-02 5.002867726243941382e-01 4.014354265397585553e-01 2.046163876500009249e-01 1.995010398252669570e-01 4.798359152897181956e-01 1.151380527625307376e-01 4.625811559334300771e-01 3.095161009641861360e-01 1.962945111875343818e-01 1.733938640388720254e-01 2.702080950730506581e-01 9.179109328712056759e-02 4.562012979473664687e-01 2.285213976512448786e-01 2.376280513494527513e-01 2.461478348425361617e-01 5.895285658232952697e-01 4.442334527150310075e-01 5.246986140669500365e-02 3.676921511803197817e-01 2.760299306248330531e-01 6.465574291704583310e-01 3.429985168167929421e-01 1.460370218477088644e-01 2.230153778796660768e-01 5.793893252930808480e-01 3.346323286645691009e-01 1.824917783556917195e-01 3.970197441872975186e-01 4.002180358860529252e-01
3.032258969366188883e-01 3.802167464953642440e-01 4.933518140009255926e-01 2.637042117159565935e-01 6.462721517896596879e-01 4.223755997467509293e-01 6.529752577279819281e-01 4.980026188817230498e-02 3.862446588404236381e-01 3.835416436711896471e-01 2.938021271737502049e-01 3.997425226465934345e-01 1.000000000000000000e+00 8.045567624342601920e-02 4.129821423747556119e-01 4.688848085413491740e-01 5.265188657689074958e-01 2.533661417037200159e-01 4.562586238338534050e-01 2.721965431398636892e-01 5.366238625550655283e-02 3.158859725008425490e-01 1.218990882867498071e-01 3.207166253265053557e-01 2.469498910567468619e-01 2.174858496823347254e-01 2.679643779100164824e-01 2.191292668118053066e-01 2.021053105701542119e-01 2.580619416853462411e-01 2.034896041155717650e-01 1.353334803470425951e-01 3.898282794797542916e-01 1.179397530572367236e-01 3.447432499184139298e-01 3.142439628288886677e-01 4.397273629828410968e-01 2.801937894246072647e-01 1.822309398832991645e-01 1.895967693675099097e-01 5.126241448417337976e-01 2.483641332509874955e-01 2.956467775786028596e-01 8.597985117901199570e-02 4.047200738318695173e-02 1.003374917259760787e-02 1.651938381584149018e-01 3.193010423902992168e-01 1.118584912394824105e-01 2.527632320152965462e-01 4.114718693745918476e-01 1.618145607042240364e-01 3.572263959374979980e-01 3.596187189220731439e-01 3.452020399195639966e-01 9.163215181109332641e-02 1.732780395613239821e-01 4.740250966182965042e-01 1.869214247130833451e-01 2.713007024115813848e-01 2.349429920435082697e-01 3.075430854513847012e-01 2.661923903247537249e-02 2.566070213040184678e-01 1.552477596634745938e-01 1.262973259085413691e-01
1.873511618968134174e-01 7.191459809999078967e-02 1.580547450842066104e-01 8.843491832900919614e-02 2.166383624313743539e-01 1.250368823449627409e-01 2.481000139033380791e-01 2.134203509287171674e-01 8.819151547877210340e-02 2.145342832113953657e-01 2.167351715193843176e-01 1.405974438816328942e-01 8.045567624342601920e-02 1.000000000000000000e+00 1.338362796810706745e-01 8.438179621227002991e-02 1.229493983773831817e-01 3.003435144541342083e-01 9.373961513971941495e-02 1.200669293140894101e-01 6.136250290891559489e-02 2.582902601052832758e-01 3.095396119532988211e-01 2.793416147540501160e-01 3.300043457084843590e-01 1.538995851150473659e-01 4.146414570072765038e-02 2.278773527509509178e-01 3.408900639374636832e-01 1.329607278052600261e-01 1.237614280389022631e-01 5.784246954268470325e-02 3.850551475351458863e-02 5.007525826628246302e-01 3.810730148260538797e-01 3.534555853092123390e-01 2.291063620377224719e-01 2.351176134463144052e-01 1.092359328462749052e-01 1.676909002126796555e-01 1.759370579904289411e-01 2.541584756239622100e-01 2.074249503735222516e-02 2.005438940811521131e-01 1.943377935075047691e-01 2.852693739232526129e-02 2.157674094565418255e-01 2.887833849419770282e-01 3.139517608758450318e-01 8.105302709819853235e-02 2.515237422808137557e-01 1.438377884643306237e-01 1.417451898053711246e-01 1.274706545376986799e-01 2.825554706226683366e-01 4.204370963006834327e-01 3.734445964832008302e-01 2.504513606226378974e-01 1.566983386973945513e-01 3.016154489811053718e-01 2.130356790381379428e-01 1.881066506575995723e-01 2.994583926495771320e-01 3.771666629649473301e-01 4.187075605122598798e-01 4.815604388357505039e-01
5.134927610463795311e-01 4.553056506803271342e-01 2.450375062751947164e-01 3.701794531236726749e-01 5.768612268112784935e-01 3.051088445226163293e-01 5.721783399316017205e-01 4.423562986803942360e-02 5.109508933059768720e-01 3.120291826739941543e-01 2.325407652991025864e-01 3.107613925209005146e-01 4.129821423747556119e-01 1.338362796810706745e-01 1.000000000000000000e+00 5.302626510847018304e-01 5.090941532706226846e-01 2.571722355054961717e-01 2.932963232184225277e-01 1.247438857646128441e-01 3.719370936117246673e-01 2.504463472316090789e-01 2.143076614446121075e-01 5.290994214676161822e-02 3.282430525501591756e-01 4.097878761133104675e-01 1.926225979253451126e-01 2.833980961091638884e-01 2.067578606931241014e-01 4.913483228963754779e-01 3.037963914231087692e-01 3.996451540620570841e-01 4.375558362519619826e-01 7.979051573108889017e-02 3.935250668333131197e-01 3.015988823940534691e-01 3.326553633655996434e-01 3.668919511328422867e-01 4.092166801255114894e-01 3.453437895442276750e-01 4.885334185603139590e-01 2.627784501951987428e-01 3.060757375033032468e-01 3.193753301031830305e-01 6.523848400198245523e-02 2.847641229031229737e-01 2.129890924547082620e-01 1.386437436628127906e-01 2.934873223425651934e-01 4.606862995480856537e-01 6.133907597464735018e-01 3.530119285536199164e-02 2.500801535146249255e-01 3.179588253291236177e-01 3.535444074610292198e-01 1.126026777726155115e-01 5.162959350895814925e-01 2.387773310734301047e-01 1.802421866389138927e-01 4.035333904097733737e-01 3.056006112255382212e-01 2.652601665938303932e-01 1.798288931864870932e-01 5.064984828704386377e-01 2.059067947531903198e-01 3.386229456325049458e-01
3.239382833043550347e-01 7.247563491541147984e-01 1.626346071081445077e-01 2.248334717232398361e-01 3.962541767423413130e-01 3.340951520968966637e-01 4.350616442353652524e-01 1.760510771547097730e-01 1.782205659852436619e-01 2.008317909447797645e-01 3.471702556413563956e-01 2.580462292716754202e-01 4.688848085413491740e-01 8.438179621227002991e-02 5.302626510847018304e-01 1.000000000000000000e+00 4.503766594778978449e-01 2.531062915747602782e-01 3.748859005725693749e-01 3.916619016305162293e-01 2.814242685593196236e-01 3.119937432743107308e-01 3.590404063378665467e-01 3.558784657810699081e-01 1.568661453740201051e-01 1.112281338314302093e-01 2.698042742655470949e-01 2.104682918931664315e-01 3.393027775959250869e-01 3.316710615511498372e-01 1.433990400040984492e-01 1.913178739543099638e-01 3.323023043205410310e-01 3.026128915597506297e-01 4.214448921744490262e-01 1.049767938930586259e-01 3.375682416230775806e-01 2.266506270374039345e-01 1.111122792179991964e-01 2.008715932784068958e-01 4.083915470533498460e-01 5.751243510079452337e-01 3.088044050681259534e-01 3.365973314898887403e-02 2.757195299243052622e-01 1.544722992674272544e-01 3.410587811367895017e-01 5.540870887401372347e-01 1.545170464150653622e-01 9.287618255320555238e-02 2.362044507504209578e-01 3.817418062324381967e-01 3.011650519470038811e-01 3.105594570930394482e-01 3.770757387798533422e-01 4.007591560035266842e-01 1.844299566765433551e-01 1.913933224919897036e-01 2.927414013245798197e-01 7.908547966039242150e-02 1.415676640896589844e-01 1.813639601582882066e-01 2.122911976457408090e-01 4.932864519489205124e-01 2.926072898964954816e-01 2.493173523647054246e-01
4.172817785079150354e-01 4.886294753409874958e-01 4.238410048211017078e-01 5.569549062513223098e-02 5.664830120994220897e-01 5.034556540189949470e-01 6.099054722293388853e-01 2.527195849659956139e-01 4.972584008237778685e-01 5.388613554893737501e-01 4.357051792846645677e-01 3.786597821299651501e-01 5.265188657689074958e-01 1.229493983773831817e-01 5.090941532706226846e-01 4.503766594778978449e-01 1.000000000000000000e+00 2.235640575782057438e-01 4.987245697093956598e-01 3.106450480402074832e-01 2.829910522948176355e-01 2.541580305377943438e-01 9.385867876052281233e-02 3.763110311559830223e-01 2.192269504965255744e-01 4.031956665195343126e-01 3.666001905841213548e-01 2.518320690153239005e-01 1.547769077692079109e-01 2.816280002766284873e-01 1.693113566311038043e-01 3.954984709047711794e-02 2.362143992731414177e-01 1.221309252966846920e-01 8.951784646931186529e-02 4.815941820250149719e-01 2.072233863047480418e-01 1.566850337256432968e-01 4.194963602954575599e-01 3.152478748049199475e-01 4.318207618944021053e-01 2.418059104733196740e-01 2.903483653402376130e-01 3.079293738150385429e-01 2.735587469706292629e-01 2.351984973300769721e-01 2.940644405558218710e-01 2.149184963329835441e-01 9.008553748826030050e-02 2.005473565942402780e-01 4.323910510469753388e-01 1.473686676406173734e-01 1.041960953713742394e-01 3.591693226178636067e-01 3.669406449756529853e-01 1.389677249254817615e-01 4.303347280994416213e-01 3.312613712230747520e-01 4.418234448814595261e-01 4.675670111217176128e-01 3.269389462313070926e-01 2.049217983400153653e-01 1.936469968050117674e-01 4.322155362741608164e-01 6.086880841135852704e-02 1.898408805130509525e-01
2.850602444535172419e-01 1.776992217995959633e-01 5.776321468698609740e-01 3.556928414782994374e-01 1.767527477483810117e-01 6.553228322929363081e-01 2.638833326612852193e-01 1.465995859103834120e-01 1.085593543861537030e-01 1.430906992221958607e-01 1.377322170636044729e-01 5.502245712158756463e-01 2.533661417037200159e-01 3.003435144541342083e-01 2.571722355054961717e-01 2.531062915747602782e-01 2.235640575782057438e-01 1.000000000000000000e+00 6.621783950689531517e-01 6.251543880100055572e-01 2.597614508209308837e-01 7.955254342389858069e-01 4.832504722024675847e-01 5.500030866048200018e-01 4.394376375588411876e-01 1.734123464035100537e-01 6.546736339188714560e-01 2.393838841908153270e-01 6.151824655071145426e-02 3.419053183291024811e-01 3.399326546937566085e-01 2.445158154067599010e-01 3.649689517459648314e-01 4.275336732521786143e-01 4.358765563137873555e-01 3.019951406527520699e-01 5.991055177198630899e-01 4.896383168783725592e-01 3.030602094872368313e-01 2.622286382864539855e-01 5.705871005537315188e-01 2.508385714555038115e-01 5.028718403962240124e-01 3.821660576111003960e-01 3.957665298254081088e-01 2.706191276779277843e-01 1.647040428763546782e-01 1.210063693130153245e-01 3.359406656911411715e-01 3.407579622471859637e-01 2.267159685114511491e-01 3.671604929979055409e-01 5.809282423061715717e-01 3.395154998228057663e-01 1.438904395918002843e-01 2.704704155569888080e-01 2.055974493783448709e-01 6.907264544865308054e-01 1.685793797412285244e-01 3.842777531594339102e-01 1.030161936931352079e-01 6.764159012666612902e-01 5.159529315359628887e-01 1.740944533248619530e-01 4.675062419349041987e-01 4.483885913694988790e-01
7.549341189922785522e-02 3.467108977881834808e-01 6.793966828587190143e-01 3.034204366868656910e-01 3.860823485226779206e-01 7.845824714348837992e-01 4.725474427419422696e-01 1.055629979588626616e-01 2.992461880797002149e-01 4.186390433322652038e-01 3.412391401796022739e-01 7.582226347424927404e-01 4.562586238338534050e-01 9.373961513971941495e-02 2.932963232184225277e-01 3.748859005725693749e-01 4.987245697093956598e-01 6.621783950689531517e-01 1.000000000000000000e+00 7.470012887279182667e-01 4.729408156097401894e-02 6.073227121788494776e-01 1.349737303107606257e-01 4.906577063251244541e-01 5.470930770419014655e-01 4.732617472503299061e-02 6.695363421050615216e-01 2.969337116360735163e-01 2.001510903036479994e-01 2.669204740365880291e-01 1.950055952924212299e-01 2.678117293285171563e-01 3.544527323854026468e-01 1.993280733750780465e-01 2.595331313590449329e-01 1.511520121180469356e-01 4.608500743799628374e-01 3.498169720276229633e-01 7.986605511400431123e-02 1.126143307907192387e-01 6.041862278817392573e-01 4.528330580514924875e-02 5.250283224526097747e-01 2.089213009099835094e-01 1.816294515916558605e-01 1.040794144157895645e-01 3.878444473526742597e-01 1.521835518875483927e-02 3.695533858569703400e-01 1.456626475791995001e-01 1.874009648339418077e-01 2.437384858455585168e-01 5.770213119158060788e-01 4.219455855514487319e-01 8.578222487283668207e-02 4.064722937072617337e-01 9.137544384793179486e-02 6.454701124511139643e-01 4.000607654460114904e-01 2.123025445816279499e-01 1.631320756700322949e-01 6.141100383858932865e-01 3.435251292373924792e-01 1.376526445435772850e-01 3.905759913700797559e-01 2.704884550076916971e-01
1.464911420901254813e-01 3.704880199993676460e-01 4.150738014224611416e-01 2.473497984687559881e-01 2.024126581379556977e-01 6.246709491738083875e-01 3.581069077504779874e-01 1.761737773045064237e-01 1.050148780160596457e-01 1.930162977433995120e-01 2.203575330924487652e-01 5.966882537962755473e-01 2.721965431398636892e-01 1.200669293140894101e-01 1.247438857646128441e-01 3.916619016305162293e-01 3.106450480402074832e-01 6.251543880100055572e-01 7.470012887279182667e-01 1.000000000000000000e+00 3.215548233983762938e-02 5.860724045898815238e-01 1.224027069090123238e-01 4.049444091947810298e-01 3.498302055682050438e-01 1.643034474347353779e-01 7.210817914225617908e-01 3.641815406074426775e-01 1.395645881454295190e-01 1.881075525900836043e-01 1.480800704664555767e-01 1.284516439710530478e-01 2.457472685991277106e-01 2.218779113581418050e-01 1.599667030145671409e-01 6.058621211924074962e-02 4.211058384983298875e-01 2.942996814350498092e-01 1.558210382524671811e-01 1.024216073589372111e-01 5.277340657471946139e-01 7.667978282130770429e-02 3.083569314121640259e-01 2.286764075930819151e-01 3.699425010570689953e-01 1.368141252580763467e-01 3.266679238836420196e-01 1.261160323204489342e-01 2.721325619198032841e-01 1.628717057300040072e-01 1.699071677191717755e-01 4.430260883123506854e-01 4.184893676514169214e-01 3.072845210595515630e-01 2.419205235890788674e-01 3.593424542107812036e-01 1.551093568041116699e-01 5.209159493182438094e-01 3.848450924921202887e-01 1.570505581069812640e-01 1.449615112751211077e-01 4.587358168663059343e-01 3.000832518708083096e-01 1.433158307889736416e-01 4.691713237560986016e-01 2.606929900177576975e-01
3.004341266634542040e-01 5.192870801329437791e-01 2.808284525290359879e-01 2.308973876357790778e-01 2.487990840170225537e-01 1.443890080167443135e-01 2.757800625505571479e-01 1.064109606036510447e-01 2.321935605417792814e-01 1.416822754720604705e-01 1.907528625090603447e-01 2.202102171930561125e-01 5.366238625550655283e-02 6.136250290891559489e-02 3.719370936117246673e-01 2.814242685593196236e-01 2.829910522948176355e-01 2.597614508209308837e-01 4.729408156097401894e-02 3.215548233983762938e-02 1.000000000000000000e+00 2.494332806614260600e-01 4.949374381286435476e-01 1.006759999644276926e-01 3.909000451566514989e-01 1.122402200828803848e-01 1.747766315587087615e-01 1.526801527355988730e-01 1.942170126846768374e-01 3.562123674391851069e-01 4.169918180523473072e-01 2.350113276998817280e-01 2.539701419350006706e-01 2.580113503788571405e-01 3.886963418389036695e-01 2.810049277776074383e-01 3.391891822153774161e-01 5.486092669972089109e-01 5.708845488806005841e-01 2.706927748628958352e-01 1.886945724650071765e-01 2.831224388745886000e-01 2.274519637682788364e-01 4.322499688999907885e-01 3.113385968539041926e-01 4.145705265268728179e-01 2.970539307664851747e-01 2.468716924635527554e-01 3.715248763717997060e-01 3.965873312287750974e-01 3.666886936704977784e-01 3.122007438629532117e-01 4.151192940288928046e-01 2.600569165861013055e-01 3.533256635161801662e-01 2.122721066034294057e-01 4.679909656386969652e-01 3.031367784031925305e-01 3.718019190441420041e-01 4.637742696554688071e-01 1.713500209817587494e-01 4.263299953591554448e-01 4.093716405553206039e-01 2.759727516749518328e-01 2.689644413479885809e-01 4.150010883783563642e-01
2.946012927354006439e-01 2.414120300454674350e-01 5.428179723838710835e-01 4.301362660764179724e-01 1.720951314566784018e-01 5.566176083316637380e-01 2.370306994691580016e-01 2.265444781612182823e-01 1.539672243962169340e-01 1.931379107801647621e-01 8.160824503906019545e-02 5.644907440923593311e-01 3.158859725008425490e-01 2.582902601052832758e-01 2.504463472316090789e-01 3.119937432743107308e-01 2.541580305377943438e-01 7.955254342389858069e-01 6.073227121788494776e-01 5.860724045898815238e-01 2.494332806614260600e-01 1.000000000000000000e+00 4.402864508341914340e-01 4.632323881376820829e-01 4.574903005618767282e-01 2.031296474505284999e-01 5.453744426034209392e-01 3.910848842071209530e-01 8.851016229461280971e-02 3.921698079144522175e-01 4.182520527084719886e-01 3.472909375667703746e-01 3.151752086897158245e-01 3.225269180270360914e-01 3.912348980497083462e-01 4.148016930610307074e-01 6.923013819437994210e-01 5.468829964388117748e-01 2.963229451540250747e-01 2.226957548436801215e-01 4.564814561344525679e-01 1.852802990689945972e-01 5.150648989451763748e-01 3.293182871722976635e-01 3.563352138726327278e-01 3.486099752885516434e-01 1.040185102969706926e-01 2.090574446888262827e-01 2.885496090889405063e-01 3.111864113014722877e-01 1.614640760935613928e-01 4.238470037565001958e-01 6.229490803756400075e-01 2.701366588225774246e-01 8.745812652024116673e-02 2.229578907923129572e-01 2.123174640442649919e-01 6.537621686777186358e-01 3.645920397824198994e-02 4.086044554590442801e-01 1.868269753998016147e-01 7.373950932496373678e-01 5.191408685615713781e-01 2.685793617709741898e-01 3.646453381634735535e-01 3.980079188464281659e-01
2.165686767026716864e-01 2.437159856960903759e-01 2.826893671703769595e-01 1.667451187790570943e-01 1.345565007816237058e-01 2.913129469726529197e-01 1.692982385225347275e-02 1.849875116113729179e-01 8.361077313352278939e-02 1.868517985138232473e-01 1.707687931879232623e-01 3.080157932249230623e-01 1.218990882867498071e-01 3.095396119532988211e-01 2.143076614446121075e-01 3.590404063378665467e-01 9.385867876052281233e-02 4.832504722024675847e-01 1.349737303107606257e-01 1.224027069090123238e-01 4.949374381286435476e-01 4.402864508341914340e-01 1.000000000000000000e+00 3.392601932622967831e-01 2.837504244093771999e-01 3.302687117650703330e-01 2.842136196995125319e-01 2.710199920898090920e-01 2.113221984341099868e-01 1.658746966000946566e-01 2.356987344279398433e-01 1.776524953877814672e-01 8.484566958083310240e-02 6.138770788159000347e-01 6.656502729302339327e-01 4.235612427768228327e-01 5.266481750126628114e-01 4.704186757365348415e-01 5.467353749136564245e-01 1.159735552961620453e-01 2.504616015841871768e-01 6.306712224277011281e-01 3.953221257382559251e-01 2.953446852240650955e-01 2.995545864664143632e-01 2.893744055586110475e-01 4.546295459802152106e-01 6.503047970624127316e-01 5.150873512886068317e-01 3.495813065929642138e-01 2.689527931135953787e-01 3.356650964082146804e-01 4.780235795734628090e-01 2.947254419580926377e-01 1.305224175714823354e-01 4.658592685870048822e-01 3.891054198928722285e-01 5.018320211829069288e-01 5.221437970893086922e-01 6.495153253952379302e-01 2.071991210455073340e-01 4.337984852285851622e-01 6.220184274241442601e-01 7.687535107292123304e-02 5.210475599935316948e-01 7.260016925800277798e-01
2.210483726154370554e-01 4.286189115225728097e-01 5.909087978344079728e-01 6.193857137101222571e-02 2.880337490055472904e-01 5.144898624617838534e-01 2.963347910614305136e-01 2.214667242918779422e-01 1.821368571375381884e-01 1.670487053078012207e-01 1.940685161385556079e-01 3.184290705220126361e-01 3.207166253265053557e-01 2.793416147540501160e-01 5.290994214676161822e-02 3.558784657810699081e-01 3.763110311559830223e-01 5.500030866048200018e-01 4.906577063251244541e-01 4.049444091947810298e-01 1.006759999644276926e-01 4.632323881376820829e-01 3.392601932622967831e-01 1.000000000000000000e+00 2.267136135902720340e-01 2.558901884009554539e-01 3.826299392398196386e-01 3.290882204254884091e-01 7.796374597146438212e-02 4.741008141228478245e-02 3.379410599128106485e-01 1.516992414186624505e-01 2.423655993027913902e-01 2.247988177868330828e-01 3.054626193584076832e-01 2.460689016748275892e-01 4.713298935348221308e-01 4.552315096510405334e-01 3.827646473966019869e-01 1.732500958923275935e-01 4.860597989727038493e-01 8.955343984492267206e-02 4.762322823852054854e-01 2.057092187230889213e-01 3.580834052347079965e-01 2.654342359867794543e-01 1.998097710399593038e-02 6.353135956065014689e-02 2.973546322378641249e-01 2.599064816263329525e-01 1.201598512432117821e-01 4.782379239142912630e-01 5.415256136960037159e-01 5.002581772398000393e-01 1.338889190232269988e-01 2.585190862533459089e-01 9.020183672323589530e-02 5.105728878302381313e-01 2.913014689510970076e-02 4.291389853516086039e-01 1.245986069503763061e-01 5.321134176477856359e-01 2.940503769081403984e-01 3.178963280963113536e-01 3.496882254923074362e-01 2.882286287817565351e-01
