1.000000000000000000e+00 2.219059990443486841e-01 9.268131266608253815e-02 1.245245478569344671e-01 1.231502599960783428e-01 2.560351749803649879e-01 2.064007851894122669e-01 1.154144319259298446e-01 3.994781736600648836e-01 1.132417237403392229e-01 9.392097875366514637e-02 7.282136601844160784e-02 9.948928014734213787e-02 5.468302341948853840e-02 3.347824573805351367e-01 1.411307220124302653e-01 1.477653017847343209e-01 1.330693667818585446e-01 1.497468643947110489e-01 9.644377460166299321e-02 1.564384852817475025e-01 1.084896014841243289e-01 2.818500849307449541e-02 1.548011773336655517e-01 6.690605618942702115e-02 1.308470917107902309e-01 7.904818867005866667e-02 2.478966860743974376e-01 1.560372123694971358e-01 9.736322786267462281e-02 3.078981467088458546e-01 3.550510584184859431e-01 3.498050073234801327e-01 7.884300007638486707e-02 2.092691843851290923e-01 2.880768681970094502e-01 2.100894648897752293e-01 5.745780819048860316e-02 1.979075428635900802e-01 8.251666796187423492e-02 6.953835906052800719e-02 1.231778424475814676e-01 1.660849218960117613e-01 2.856820680534069568e-01 3.231858853942718574e-02 6.609854111281561473e-02 7.201764241849516190e-02 1.394877386842453826e-01 3.305179379046276761e-02 1.354889110233272187e-01 2.552040383576587024e-01 2.152220180998082877e-01 2.712389203475882860e-01 1.646973885560924777e-01 3.150619340513162725e-01 1.831849714236524207e-01 3.473038047563390962e-01 2.105538197321340510e-01 2.559130160393854325e-01 2.396931938980044197e-01 1.488802432227371575e-01 2.006199620744228418e-01 1.949612233561913155e-01 4.115263902530594264e-01 3.186583178279256412e-01 1.319175942102934207e-01
2.219059990443486841e-01 1.000000000000000000e+00 3.599233387506730053e-01 1.193065222271925130e-01 3.418357393760795282e-01 4.673818679221539152e-02 3.821758537399077560e-01 2.467782771297149375e-02 1.284339421452438124e-01 3.074799578329994176e-01 1.571697513141415148e-01 1.238986839454109257e-01 1.958406437248624843e-01 1.495537832638285658e-01 4.266549662038278123e-01 5.168701940289410768e-01 2.950316154907076105e-01 3.305187318449254730e-01 2.440744103142453714e-01 2.864232132473055192e-01 1.723787048841704250e-01 2.035722919093562733e-01 2.272741375166589251e-01 3.938390593111762983e-01 1.557940568499005807e-01 8.568317137753531099e-02 2.595557416171872522e-01 2.513601869308542125e-01 2.837828469479383164e-01 2.946830862187976297e-01 7.292590339408447364e-02 2.512003132744224376e-01 3.361864633115237422e-01 3.196108682464914308e-01 2.256164220815319310e-01 2.122656102341232420e-01 1.594199325324128780e-01 1.337004949296172751e-01 1.733374498828584853e-01 1.563963758729673414e-01 5.195854749626523938e-01 3.673131831852108342e-01 1.522632694678178467e-01 2.386156097733492243e-01 8.190553292970036148e-02 1.122505211549443549e-01 1.912887175537229534e-01 2.785752191374235576e-01 2.193516641602264727e-01 1.829991626704211838e-01 2.631326748350938938e-01 7.426215102701547166e-02 1.686145846493999900e-01 1.324943921970925531e-01 3.379275950235404169e-01 3.629943711495834946e-01 4.296329908323389679e-01 9.856295074462076422e-02 1.750357993314780036e-01 2.708797315173559483e-01 1.782735226758050406e-01 8.339748619613442104e-02 3.634253320439218005e-01 4.184873720704921363e-01 4.054674407196235952e-01 2.415819250995659140e-01
9.268131266608253815e-02 3.599233387506730053e-01 1.000000000000000000e+00 2.478430101569704669e-01 1.250811386268593228e-01 1.850740820193661762e-01 2.253189850497089586e-01 1.785424946672795610e-01 1.536931846966394510e-01 3.432718477089622411e-01 1.026832074423646712e-01 2.346245003583718181e-01 7.685716400254408165e-02 1.623181765680036803e-01 1.488680484249297609e-01 1.572285804048595137e-01 1.754383862509486247e-01 5.311897064300658000e-01 3.495281903906267695e-01 1.459874730265863230e-01 1.179092548409601260e-01 5.367480190193519851e-01 2.363438896438358749e-01 5.816742280062353609e-01 1.738790755341821925e-01 1.169961285155014657e-01 3.733872951995732548e-01 2.669893854498175401e-01 8.499819444516035563e-03 9.569176480304045218e-02 4.438391284918711821e-01 2.930364628192136389e-01 2.441703008998937774e-01 8.847487118959310171e-02 2.799203159676839636e-01 1.179841122691410171e-01 2.106933629794176255e-01 2.693194084859042436e-01 2.239378206753952216e-01 1.136614765714722003e-01 3.630746502626866490e-01 1.547503614587162069e-01 3.288718558155780403e-01 1.793704909731855535e-01 4.087077995107358391e-02 1.114046446686261654e-01 2.194500999363038218e-01 2.771015949771599707e-01 7.206864679660644757e-02 7.395843810634211701e-02 1.629606321630181764e-01 1.027874045609109971e-01 2.970200689840627462e-01 1.426654363999934894e-01 1.212231404484055974e-01 1.944460918197193355e-01 6.999187434631105875e-02 4.869780216539898454e-01 1.589022721283389339e-01 3.105275138976333338e-01 1.215647031799530209e-01 6.060254154589079789e-01 2.730494179575190250e-01 1.372862804206071985e-01 6.326061808355097626e-02 1.439149419116493300e-01
1.245245478569344671e-01 1.193065222271925130e-01 2.478430101569704669e-01 1.000000000000000000e+00 1.367971223352694998e-01 2.136407532272412424e-01 1.357654826885774657e-01 1.879347995304483376e-01 8.450468337050218159e-02 5.782062797301463358e-02 2.748403496685938863e-01 4.566646691172679406e-02 1.546833507656151241e-01 1.779198023518999416e-01 1.482359479580412642e-01 2.083336764180996337e-01 1.498466360637404904e-01 1.124205115163842833e-01 2.680957092448015278e-01 1.251683750605613044e-01 2.026310784672860910e-01 2.376796903384105486e-01 2.100211015152944338e-01 9.902877847759239405e-02 1.503219550793505888e-01 1.293563354358711892e-01 5.596794200103338141e-02 1.943056635552379563e-01 4.931788609655760741e-02 2.102390650236869440e-01 1.466394846091984283e-01 1.155630662852959178e-01 2.031949084434900854e-01 1.353475775708678774e-01 1.654736140423166135e-01 3.345909290845243134e-01 3.637761095021356805e-01 1.326896409364979046e-01 1.058561518784019301e-01 7.559708994355845979e-02 1.444562224580932808e-01 2.161872428377883404e-01 1.815278305582282981e-01 1.009145656702869348e-01 2.946236547916278314e-01 2.614478546486671551e-01 1.033132866469316097e-01 1.640188259261316228e-01 3.303053420927605510e-02 5.549104636538054747e-02 2.527745075704946887e-01 1.391311776543695533e-01 9.309660055632103248e-02 3.661489139914457791e-01 1.584016793436538728e-01 2.488811129632032271e-01 3.001503610901340435e-01 1.292742227595026772e-01 3.416921920944795410e-01 1.415918745007426482e-01 9.842496506878241694e-03 2.563220898720912078e-01 3.041438958826240269e-01 1.270345597823459849e-01 1.859367819753157125e-01 4.461933433692769069e-02
1.231502599960783428e-01 3.418357393760795282e-01 1.250811386268593228e-01 1.367971223352694998e-01 1.000000000000000000e+00 2.468978050629715704e-01 8.156925624667945574e-01 1.615941256920437885e-01 2.515256319919332295e-01 2.237420651335502719e-01 3.704991812836033738e-01 1.188292723010598573e-01 1.276910655894987479e-01 2.996917806396697248e-01 5.215536701353019611e-01 2.865949589227290151e-01 4.752464309475094018e-01 2.102150538647146460e-01 1.359487899347407436e-01 2.241570264916990241e-01 1.567352389913902466e-01 4.458133876128894668e-02 1.564248762773043644e-01 1.731991611299010803e-01 1.816573495147353612e-01 4.218866201314639963e-01 2.666617261859752785e-01 1.619693965557803816e-01 1.116148471902891209e-01 3.145531207825675857e-01 1.143643223534139691e-01 1.393011750675748894e-01 1.918671781872127724e-01 1.911086002903081560e-01 1.702709784836837492e-01 3.304641122536857156e-01 1.255175450509860569e-01 2.266138738344969372e-01 1.398260359727813984e-01 2.517001022208475991e-01 3.696055995291365193e-01 2.114274666080138282e-02 3.956545309963899887e-02 1.918061466659280456e-01 1.445341525806786986e-01 2.043196546665037583e-01 1.040446519023536243e-01 1.850496221303985500e-01 9.277322897639592170e-02 9.889082654117312132e-02 3.216270674924920359e-01 1.348650457463679286e-01 1.211812131952599986e-01 9.049013729370805614e-02 4.004405651037660774e-01 1.319625262086902284e-01 2.169464163205121754e-01 1.370482494382563032e-01 2.243368869634308482e-01 3.551142184960949244e-01 2.970209285851906911e-01 1.261884974879153576e-01 2.262639583483529448e-01 8.668048104537487419e-02 1.669898016575934174e-01 2.710924256112434150e-01
2.560351749803649879e-01 4.673818679221539152e-02 1.850740820193661762e-01 2.136407532272412424e-01 2.468978050629715704e-01 1.000000000000000000e+00 2.345189741633147418e-01 9.341387397477424193e-02 1.587068923225625483e-01 9.154959377125926334e-02 3.150215501537630969e-01 1.326164911062532314e-01 8.987620886126082564e-02 6.029766989927367593e-01 7.842664788475801896e-02 9.093699098054351670e-02 3.531812296712744104e-01 1.716223728415279814e-01 1.662919085373693318e-01 6.210453904655753588e-02 3.095793648648560437e-01 2.299020531539428258e-01 1.319647378907358726e-01 5.557891748471863874e-02 3.090305238405957958e-02 6.596586935707186017e-01 1.430296208771341671e-01 2.289600357329736879e-01 1.958892366686481590e-01 2.277042919951152156e-01 6.727521817584898589e-02 1.419918976416803813e-01 1.769525272422748374e-01 7.499610219328697869e-02 2.306391060302562246e-01 1.830526194011115326e-01 2.021132239983762513e-01 5.245473357541209358e-01 3.827913175367451126e-01 4.579067983254115348e-01 1.697882758301509087e-01 1.539472957182340396e-01 2.358491443833447276e-01 3.237602358132213864e-01 1.141874254918733428e-01 2.521857715061083249e-01 3.408040021788758533e-01 2.867750509500009426e-01 1.391423196249580996e-01 2.435286206193900960e-01 3.012443589580902081e-01 7.144237608265678607e-02 2.065585803932742937e-01 6.979878787308853305e-02 1.488566625519710251e-01 2.109212563655099848e-01 1.085238493309856889e-01 3.316297819793102564e-01 1.681830651539705790e-01 1.576207851532294701e-01 8.756806470560050959e-02 5.538137226263348950e-02 1.736491801673767654e-01 1.946096117506040390e-01 2.403279514484810975e-01 1.313961969839138599e-01
2.064007851894122669e-01 3.821758537399077560e-01 2.253189850497089586e-01 1.357654826885774657e-01 8.156925624667945574e-01 2.345189741633147418e-01 1.000000000000000000e+00 2.714584866584400791e-01 3.692879957881174957e-01 1.282615296753850942e-01 3.338632245194931292e-01 1.776357555753888262e-01 3.723096859894685362e-02 2.697065835616220819e-01 5.792569941985880044e-01 3.302706605221851222e-01 4.295495868259328054e-01 3.268236365833895873e-01 1.975735156372640799e-01 2.390368122210445589e-01 1.312114631493725980e-01 1.524896290821792233e-01 1.311073577519127342e-01 2.011743502400018258e-01 1.322804794359670189e-01 4.214029307236546451e-01 3.126016661794744356e-01 8.015768335850588511e-02 2.399524771448791893e-01 3.656392717489020394e-01 1.234311625768409471e-01 1.047715588838541018e-01 6.603737946963435246e-02 6.611079638529888947e-02 1.881579288920811888e-01 3.173780381352491742e-01 1.434605659499296193e-01 2.523253286487061597e-01 1.839101575757747242e-01 2.426833096184867755e-01 4.540324390580187108e-01 1.019009213359091254e-01 7.954282675089771604e-02 2.009838102127510795e-01 9.103998504188816343e-02 1.204695950164154372e-01 3.167882216970607789e-02 2.440181913190176688e-01 9.068771847205017722e-02 4.239336396887666281e-02 3.745388520186366810e-01 5.293535743936443605e-02 1.331037233989081359e-01 9.087256594955563094e-02 4.839448838550214904e-01 1.033465681697921662e-01 2.770171752579432822e-01 2.449787720708127836e-01 2.919580501058331445e-01 3.518151398266142205e-01 2.994792637730800955e-01 8.478900532968459969e-02 2.182930647305250382e-01 9.277393778448631001e-02 1.533627397063666853e-01 2.572065738625237130e-01
1.154144319259298446e-01 2.467782771297149375e-02 1.785424946672795610e-01 1.879347995304483376e-01 1.615941256920437885e-01 9.341387397477424193e-02 2.714584866584400791e-01 1.000000000000000000e+00 1.382075888608386705e-01 1.190046268723142647e-01 3.171691308416804134e-01 9.528418784843013800e-02 1.148518743711955670e-01 1.339199743777630923e-02 1.495153543658858941e-01 2.109316507652525541e-01 3.427310235403884797e-01 2.135129654651365672e-01 1.012918041767334604e-01 2.050340261265501951e-01 9.197262895184110665e-02 3.603925743442671359e-01 3.970258969137837601e-01 2.555576361752237569e-01 2.113009186429601061e-01 4.665619081896123233e-02 1.352524868263891289e-01 1.566610807556707563e-01 2.174579438377250706e-01 2.639384451965250955e-01 3.321429749055501146e-01 1.924097104941707159e-01 1.179411155063145450e-01 2.115472997422863377e-01 1.933926402713030679e-01 1.336761160648989588e-01 2.170874627671276758e-01 1.827377071999780056e-01 1.048048744995515869e-01 3.443351581947452500e-01 1.311138590128378967e-01 3.630070156645725521e-01 1.173231637302903640e-01 1.721602937087690632e-01 1.755736204134273892e-01 1.657455174572679268e-01 1.263456543759038098e-01 3.698520203717133303e-01 1.283364122412260500e-01 1.887023521656075453e-01 6.950194169686220447e-02 8.406112908023381791e-02 5.058350589352525462e-02 5.197197991704571862e-02 2.926180845400930264e-01 2.478352093725488259e-01 2.211729306441651000e-01 1.979860327419092070e-01 1.395803765463179968e-01 6.818400117474629485e-02 1.681223779015649789e-01 2.620043617818038073e-01 4.928662840995877426e-02 1.937176395481118585e-01 2.233053450273918550e-01 1.669225693437707825e-01
3.994781736600648836e-01 1.284339421452438124e-01 1.536931846966394510e-01 8.450468337050218159e-02 2.515256319919332295e-01 1.587068923225625483e-01 3.692879957881174957e-01 1.382075888608386705e-01 1.000000000000000000e+00 2.341366133472956301e-01 2.920028025046571551e-01 8.099000213940006632e-02 1.634964918105242526e-01 2.735686448159541651e-01 1.836523327205269174e-01 2.747613811993976363e-01 3.174916025962349897e-01 2.104801729217051220e-01 1.968180718013108343e-01 1.058638337269867113e-01 2.575188542390497437e-01 1.962717720335071248e-01 1.069888093299037474e-01 4.040306351216116365e-02 5.476095287144612522e-02 1.015674686971499013e-01 1.433892750154380502e-01 2.921532197738505032e-01 1.070964737470730122e-01 5.673975725947623117e-01 1.222481057567641333e-01 5.184704283100273203e-01 2.208848271355118853e-01 5.448528109962031546e-02 2.633042567029083569e-01 2.785968986100732514e-01 2.458711622604473901e-01 1.374893433996285941e-01 1.487293598550460116e-01 1.585214687355021856e-01 1.836512203119285980e-01 2.112423177440281297e-01 8.192961121790073853e-02 2.868852783027394104e-01 7.486654456367711208e-02 1.251201298139441032e-01 7.639874598958650009e-02 2.730271263281180971e-01 2.837285636939453348e-01 2.010989042032923224e-01 1.741912001009024713e-01 3.649394815496231209e-02 2.700177737182757887e-01 2.874564926646467344e-01 4.728050062834682765e-01 8.614989064457585777e-02 1.707380237204194628e-01 1.434223870477916440e-01 7.520254203503182189e-02 2.575065071045027354e-01 3.323403883856405616e-01 3.543575760355794357e-01 2.946192999540226953e-01 3.789486484827180313e-01 1.882221048580289546e-01 3.216087847439945691e-01
1.132417237403392229e-01 3.074799578329994176e-01 3.432718477089622411e-01 5.782062797301463358e-02 2.237420651335502719e-01 9.154959377125926334e-02 1.282615296753850942e-01 1.190046268723142647e-01 2.341366133472956301e-01 1.000000000000000000e+00 3.175654454189524301e-01 7.853923096065258680e-02 9.063479337911314535e-03 3.039898334959739157e-01 1.074271707874201037e-01 8.433388763343792338e-02 3.854121728377537526e-01 5.238882938003827650e-02 1.428077854461313190e-01 1.902550851391574815e-01 2.381439900727309045e-01 1.647748922559641449e-01 2.717606065100099388e-01 1.115927922815216355e-01 4.873896214828388751e-01 2.487406722597027275e-01 1.438547989845566921e-01 1.281146400810206365e-01 1.346108864101061842e-01 1.923727628882346830e-01 3.796660828367506152e-02 1.293464816205265322e-01 2.458281313971158455e-01 2.163048319111648132e-01 4.574781322356986091e-01 1.468086693067622295e-01 1.312001928300141895e-01 1.143234101288689297e-01 2.179372275052154917e-01 1.109372555898615054e-01 1.511339825821729488e-01 1.756189274680777790e-01 2.551025702524858385e-01 1.863192028146210821e-01 2.042256904000422368e-01 5.502075591935402105e-02 8.872333310804082773e-02 2.468469576215210348e-01 1.149712250674708031e-01 2.065958505605222928e-01 1.588073200342863811e-01 1.612189413191708887e-01 3.021223162382157268e-01 1.152764342691020988e-01 2.291689346540496941e-01 4.153675601320318544e-01 2.060166349601791069e-01 4.042096997280247850e-02 3.743148765401821398e-02 2.852785453430240481e-01 8.284575098805414817e-02 2.659538379703117461e-01 7.814801058408231416e-02 2.420823959221035382e-01 4.036583393368979866e-01 2.384191770711585057e-01
9.392097875366514637e-02 1.571697513141415148e-01 1.026832074423646712e-01 2.748403496685938863e-01 3.704991812836033738e-01 3.150215501537630969e-01 3.338632245194931292e-01 3.171691308416804134e-01 2.920028025046571551e-01 3.175654454189524301e-01 1.000000000000000000e+00 2.534783974778644922e-01 2.342709671596252541e-01 3.956170920617133047e-01 2.024066812815306649e-01 8.142445669112514939e-02 7.635771872790567683e-01 3.135326440731613373e-01 2.636906823279135115e-02 2.860981129588355820e-01 2.075717938692411557e-01 1.791782625231097548e-01 2.631615630411193174e-01 7.050893094433323405e-02 3.061801501423636052e-01 4.421742085291881508e-01 1.281764688484191839e-01 2.374175245329444572e-01 2.034539686190778296e-01 5.607649958619428943e-02 8.837974938118177415e-02 1.331320592543800904e-02 3.224417869170113082e-01 1.225162281395105468e-01 1.296451844919448981e-01 3.398747304418077431e-02 9.054723322615752801e-02 2.703379312214646557e-01 5.186596069526726999e-02 2.876055129713824821e-01 2.480974558640574867e-01 2.950281332503971732e-01 2.342484371333438675e-01 1.935733989279877221e-01 1.385088963990671884e-01 8.458370500268561076e-02 2.473975028439850399e-01 1.060424891429926908e-01 2.050832493364378173e-01 3.112535055621215019e-01 1.756141733382024228e-01 9.755960523726672773e-02 2.130397683822842225e-01 1.089704415005897514e-01 1.622597326435188669e-01 5.983509696722871807e-02 2.060873328840395480e-01 2.339062941329310419e-01 2.135428644993247471e-01 1.544154596284255665e-01 1.028677702884940176e-01 1.950192235524208506e-01 9.494543365701099691e-02 2.883644270502319640e-01 1.170796790209705229e-01 7.219899681106510536e-02
7.282136601844160784e-02 1.238986839454109257e-01 2.346245003583718181e-01 4.566646691172679406e-02 1.188292723010598573e-01 1.326164911062532314e-01 1.776357555753888262e-01 9.528418784843013800e-02 8.099000213940006632e-02 7.853923096065258680e-02 2.534783974778644922e-01 1.000000000000000000e+00 8.907244220893739683e-02 1.989788723971124551e-01 1.656312667610719824e-01 1.003335130741673104e-01 3.265729049361735803e-01 2.133683611905527466e-01 2.350820657140527403e-01 1.816784483315575793e-01 1.628171243956347547e-01 1.631661625550583916e-01 1.426754464990028226e-01 2.263799234699418461e-01 1.742516438761953779e-01 1.731632199491144053e-01 1.763126889891366844e-01 6.613854537152322188e-02 1.248256456292444194e-01 1.308664743136545294e-01 2.207259846065760533e-01 3.476827748218688230e-01 2.675186259064261107e-01 1.082023066336339073e-01 1.555380133541596765e-01 1.311101236663573533e-01 1.619201783253777782e-02 2.963018201733556567e-01 1.524529952833848234e-01 1.516961232277840022e-01 2.679515884949262849e-01 5.951716127207488244e-02 1.738379366393351111e-01 1.381197792286658899e-01 9.714239642391410412e-02 1.191019130694511569e-01 3.104284933686011008e-02 5.733630866709386875e-02 4.346662978145833522e-02 1.683309176560858489e-01 1.414212061794172526e-01 3.055313634408832746e-01 2.268172734164716764e-01 1.104563533134409747e-01 1.395334225473248424e-01 1.255222848334443773e-02 1.123283956469761091e-01 2.636418197763570337e-01 2.062879619522227370e-01 9.436542700406272410e-02 8.171194666470610324e-02 1.680291897521559163e-01 7.639332907690361829e-02 1.914671384351349093e-01 1.491657885303727948e-01 6.432068617979480596e-02
9.948928014734213787e-02 1.958406437248624843e-01 7.685716400254408165e-02 1.546833507656151241e-01 1.276910655894987479e-01 8.987620886126082564e-02 3.723096859894685362e-02 1.148518743711955670e-01 1.634964918105242526e-01 9.063479337911314535e-03 2.342709671596252541e-01 8.907244220893739683e-02 1.000000000000000000e+00 1.305228715474893442e-01 1.640478199660513337e-01 2.260572077333261598e-01 1.807263453538888731e-01 6.501743207361428134e-02 2.194606847887911605e-01 1.161332304854139630e-01 1.253231251690510861e-01 4.945423511798587024e-02 1.090601087156191640e-01 9.873779881869651498e-02 2.288245601552316502e-02 1.820702228656204680e-01 7.452464760273377897e-02 2.058181157846579179e-01 5.805179626300042972e-02 4.345054142387994034e-02 1.033251706305222534e-01 2.382895718479224323e-01 1.360963863068395119e-01 1.021021006396817810e-01 1.296174867187451785e-01 1.066360813617821535e-01 5.473051810669838507e-02 3.042292459243213232e-01 1.342255624892346177e-01 4.088294088131053106e-01 1.136785424880585316e-01 7.400589291119216706e-02 1.970297562508744882e-01 9.949741625764807473e-02 1.423977197959430119e-01 5.329017320783134559e-02 1.203621905148079957e-01 1.028967945209584844e-01 2.029353320248661885e-01 3.891360129920067856e-01 9.550728140731994109e-02 2.142699869633503673e-01 1.488017991332476475e-01 2.808350476753957992e-01 1.751784127096477905e-01 1.283345633441690392e-01 7.105208527097754689e-02 1.033127507861748562e-01 4.066464922277324839e-02 8.665551536272224353e-02 9.584493478364763952e-02 5.204677132487078861e-02 8.184180413439290369e-02 1.336797042125181800e-01 1.274976627833472320e-01 5.947337191492701319e-02
5.468302341948853840e-02 1.495537832638285658e-01 1.623181765680036803e-01 1.779198023518999416e-01 2.996917806396697248e-01 6.029766989927367593e-01 2.697065835616220819e-01 1.339199743777630923e-02 2.735686448159541651e-01 3.039898334959739157e-01 3.956170920617133047e-01 1.989788723971124551e-01 1.305228715474893442e-01 1.000000000000000000e+00 9.768534047223122185e-02 2.856107746890200194e-01 4.253290013696876537e-01 2.820247638076619490e-01 5.640985180445041991e-02 1.940067934467480659e-01 1.543031397675392602e-01 1.998498803026390602e-01 1.194345870695808082e-01 5.251352034993034962e-02 3.159290463677638106e-01 8.359282848870299709e-01 7.355588936071402739e-02 1.368528984242634861e-01 3.454582520019469638e-02 2.597968354725025408e-01 1.437624241207693665e-01 1.293962557137744718e-01 1.190896062766560320e-01 2.491894624827053206e-01 1.848747437437796015e-01 2.882675216878595736e-01 4.676713411322500763e-02 3.718217215079601123e-01 4.331584000129801160e-01 2.211001735624196773e-01 3.028308858666978187e-01 9.388268946860532649e-02 2.998317366804929551e-01 4.397034949432791495e-01 9.827702850840804027e-02 1.259856501438037513e-01 3.323659135988094593e-01 2.347878488167136068e-01 1.913976571602323540e-01 3.880006821753603785e-01 4.124487865671487841e-01 1.167197628396348524e-01 3.541275350358699670e-01 1.047113982977315449e-01 2.580007467827026280e-01 3.234848451205119546e-01 2.114514898650293184e-01 3.011173737828448660e-01 3.269280113670308685e-01 1.460390790724260257e-01 9.791348870922528258e-02 2.118072295120149717e-01 2.048890629147482878e-01 4.314607181248094059e-01 2.603064311441793954e-01 4.295770266352803568e-01
3.347824573805351367e-01 4.266549662038278123e-01 1.488680484249297609e-01 1.482359479580412642e-01 5.215536701353019611e-01 7.842664788475801896e-02 5.792569941985880044e-01 1.495153543658858941e-01 1.836523327205269174e-01 1.074271707874201037e-01 2.024066812815306649e-01 1.656312667610719824e-01 1.640478199660513337e-01 9.768534047223122185e-02 1.000000000000000000e+00 4.135201695704182057e-01 3.323936146741967579e-01 3.153255040805422738e-01 2.544608453504036971e-01 1.682005953191127445e-01 1.331012154106915313e-01 2.214078460491273326e-01 2.867308507416947982e-01 3.788481351485311482e-02 1.166167811360272616e-01 3.064713173158901127e-01 1.401543643443296794e-01 3.855363713714330398e-01 2.649009479301452363e-01 2.374788191097963186e-01 3.577044370270272000e-01 4.930706007016459336e-01 3.860176031994071444e-01 1.100577020383946142e-01 2.300652457853326061e-01 3.699699350732618131e-01 1.279799515763776763e-01 2.147989529100282347e-01 1.146154759668902706e-01 1.964863345350623958e-01 3.712362191195587857e-01 2.092733733888247627e-01 2.751768333722426907e-01 2.824709657222793102e-01 4.815722936725760212e-02 2.003058893756231029e-01 1.877269790682342399e-01 1.180598402596406971e-01 1.102852604491075389e-01 8.846840290977071863e-02 5.026647568704488700e-01 1.009024684607131572e-01 2.539101081436429541e-01 1.672307272371862386e-01 2.389670066798148251e-01 8.642190733963064919e-02 4.732531315062894484e-01 1.619118197788925462e-01 1.643400367285133001e-01 5.105935621839816640e-01 2.017387551312999905e-01 2.071301557670740257e-01 1.410816303582878573e-01 4.057604591987046261e-01 1.161685995422390566e-01 1.885627837563454701e-01
1.411307220124302653e-01 5.168701940289410768e-01 1.572285804048595137e-01 2.083336764180996337e-01 2.865949589227290151e-01 9.093699098054351670e-02 3.302706605221851222e-01 2.109316507652525541e-01 2.747613811993976363e-01 8.433388763343792338e-02 8.142445669112514939e-02 1.003335130741673104e-01 2.260572077333261598e-01 2.856107746890200194e-01 4.135201695704182057e-01 1.000000000000000000e+00 4.091541188998125411e-02 3.730000558946800493e-01 2.864638276259122707e-01 2.157293073936550898e-01 4.390406259489663954e-02 1.581178807723058743e-01 3.812940563757108992e-01 1.873756686654459991e-01 6.946924183684857756e-02 3.193117251153238523e-01 2.865868876484727878e-01 1.169827247632495848e-01 4.258415684694063508e-01 1.314693284121629113e-01 9.217530377590257840e-02 1.809468158117432113e-01 3.427242799847470267e-01 4.872840826837325778e-01 2.532820899738177922e-01 2.467709400315463708e-01 1.809488436096471919e-01 2.856907885326126148e-02 1.461170321370992564e-01 1.279433911393152157e-01 4.387448386625729113e-01 4.426648752162086198e-01 2.059000855729270218e-01 1.841269427950467386e-01 8.390648968856120882e-02 7.344498015241275601e-02 6.384396470021289072e-02 4.173520000495720694e-01 1.461021184010704299e-01 1.795242642420232237e-01 1.892981126484774845e-01 3.065959737902024806e-01 2.269641618284882478e-01 7.419850953849495279e-02 1.331424356181267754e-01 3.214852445988728991e-01 1.132858643399296816e-01 2.110751662928395667e-01 2.869202143023359408e-01 1.118494809365183362e-01 1.356414203673778629e-01 9.100000724508607031e-02 2.312568491598070708e-01 2.706939146694474774e-01 2.532725370187842162e-01 4.070051480882870831e-01
1.477653017847343209e-01 2.950316154907076105e-01 1.754383862509486247e-01 1.498466360637404904e-01 4.752464309475094018e-01 3.531812296712744104e-01 4.295495868259328054e-01 3.427310235403884797e-01 3.174916025962349897e-01 3.854121728377537526e-01 7.635771872790567683e-01 3.265729049361735803e-01 1.807263453538888731e-01 4.253290013696876537e-01 3.323936146741967579e-01 4.091541188998125411e-02 1.000000000000000000e+00 2.175589578327525309e-01 1.243184884574925902e-01 3.089994609912828372e-01 1.340910272505176914e-01 8.617915193671193963e-02 1.599806525516069555e-01 2.179938257330878981e-01 3.452199562083353435e-01 4.668141282396353064e-01 1.038335149226135151e-01 2.614717630903609646e-01 1.402570354915481377e-01 1.290894155933846321e-01 4.235124593932361459e-02 7.685132264161780025e-02 4.059258056367650580e-01 8.931306625371392138e-02 1.151723232360909871e-01 1.901466121778951357e-01 1.654750811706368618e-01 3.466382808166785789e-01 9.512025689487070557e-02 3.731663504565044809e-01 3.305622828863039042e-01 2.760335303760314551e-01 1.111951291897402272e-01 2.078726394819424006e-01 6.805519157687787979e-02 1.522886417196005482e-01 1.742155652233522145e-01 1.011438845419728311e-01 1.119693949671261013e-01 2.653666768852363522e-01 2.657962898326988177e-01 1.383566932887474732e-01 3.304316295748471188e-01 1.746077358994105877e-01 1.689092102943702545e-01 5.574697074154146004e-02 2.210991565974044504e-01 2.096624928047260139e-01 2.247422013814509845e-01 2.090132234694721536e-01 3.401203880792701140e-02 1.780960471894288133e-01 7.965164305196907601e-02 3.090813608125859702e-01 1.611481797893914159e-01 2.508490223789846540e-01
1.330693667818585446e-01 3.305187318449254730e-01 5.311897064300658000e-01 1.124205115163842833e-01 2.102150538647146460e-01 1.716223728415279814e-01 3.268236365833895873e-01 2.135129654651365672e-01 2.104801729217051220e-01 5.238882938003827650e-02 3.135326440731613373e-01 2.133683611905527466e-01 6.501743207361428134e-02 2.820247638076619490e-01 3.153255040805422738e-01 3.730000558946800493e-01 2.175589578327525309e-01 1.000000000000000000e+00 3.650815587803299955e-01 3.342763935139487774e-01 1.092404839896970736e-01 6.754664194212468553e-01 4.362801924624798988e-01 5.696122762322681776e-01 1.827423691983629805e-01 2.328889817762173076e-01 6.861003033437335086e-01 3.276080185046486015e-01 1.434516574287708623e-01 1.216357311752802040e-01 3.411761964247321810e-01 2.322150519896104826e-01 1.088897492257638877e-01 2.755387395472477796e-01 2.026180216518330968e-01 1.060027202312231881e-01 1.883549073471665891e-01 2.075688394253642211e-01 4.980995200204276635e-02 1.255532989404477273e-01 5.589511116049352690e-01 1.825387753195066021e-01 1.393760049317452065e-01 2.096043006581024548e-01 1.876291159690785526e-01 1.423938305659206427e-01 3.460712712687145226e-02 2.047697209036826171e-01 1.482405543240742640e-01 1.732481767207936507e-01 3.229768402141821038e-01 1.883580182193953234e-01 4.019009869272439639e-01 1.877557347679475741e-01 1.065254108049917547e-01 2.123648411689577353e-01 1.941279363785776424e-01 4.159004604637602243e-01 2.019802189031275341e-01 3.178612312197811041e-01 1.468166523883482899e-01 4.590050659142821954e-01 1.644095587034442030e-01 1.324647629778586688e-01 2.918205079990104367e-01 2.331011426842867496e-01
1.497468643947110489e-01 2.440744103142453714e-01 3.495281903906267695e-01 2.680957092448015278e-01 1.359487899347407436e-01 1.662919085373693318e-01 1.975735156372640799e-01 1.012918041767334604e-01 1.968180718013108343e-01 1.428077854461313190e-01 2.636906823279135115e-02 2.350820657140527403e-01 2.194606847887911605e-01 5.640985180445041991e-02 2.544608453504036971e-01 2.864638276259122707e-01 1.243184884574925902e-01 3.650815587803299955e-01 1.000000000000000000e+00 2.487153861663715382e-01 2.938307652381421109e-01 4.132817024245583615e-01 1.162883843308025120e-02 3.519658736857130821e-01 1.197684886532514731e-01 1.635219025098807455e-01 3.147923963578230788e-01 2.727482516315507879e-02 8.884425671699151816e-02 1.854153584001528576e-01 2.108424788395803773e-01 3.929074260264358576e-01 1.551634180692591791e-01 4.706097725483363026e-02 1.699329922988208341e-01 7.025290905595958646e-02 3.206042964007426166e-01 2.909321056245166015e-01 1.056348790642418628e-01 1.596497994379745267e-01 1.574509017508329001e-01 1.583896078799011398e-01 2.434555709624698638e-01 1.491434305533236027e-01 5.193031361579630162e-02 1.217654877114267287e-01 8.535637664012209191e-02 4.365798920954989948e-02 1.629671009963520878e-01 7.060991280585879326e-02 1.099446346230268934e-01 1.038425549638211931e-01 1.453883334079928702e-01 2.183770740382057207e-01 1.088011903573088413e-01 3.055505621651747883e-01 2.135450529761626429e-02 1.381255656652570218e-01 4.425175952954509689e-02 9.026314324354159369e-02 1.225530845589624523e-01 3.178991154485953374e-01 1.104131669000633503e-01 1.948724996959353695e-01 8.737708399114781088e-02 1.993335722763143192e-01
9.644377460166299321e-02 2.864232132473055192e-01 1.459874730265863230e-01 1.251683750605613044e-01 2.241570264916990241e-01 6.210453904655753588e-02 2.390368122210445589e-01 2.050340261265501951e-01 1.058638337269867113e-01 1.902550851391574815e-01 2.860981129588355820e-01 1.816784483315575793e-01 1.161332304854139630e-01 1.940067934467480659e-01 1.682005953191127445e-01 2.157293073936550898e-01 3.089994609912828372e-01 3.342763935139487774e-01 2.487153861663715382e-01 1.000000000000000000e+00 2.581725173695930686e-01 2.888963761848656886e-01 1.763091786027938812e-01 2.916127652620401078e-01 2.494013528207947583e-01 2.510008660695304816e-01 3.751358162401882135e-01 7.961835953085370787e-02 2.596882547789016726e-01 2.781286161647172211e-02 1.031645990984082495e-01 1.026626110007559933e-01 4.525778439673992792e-02 1.073681141610654810e-01 1.859873822155075074e-01 4.070273657415510865e-02 2.357099598076510816e-01 2.128846031361792124e-01 1.870552685385802605e-02 6.285562725191687350e-02 3.618975249791783200e-01 1.723720805038888859e-01 1.704162221296248378e-02 1.886346898847899578e-01 1.091551547585329768e-01 1.443997443123506141e-01 7.416444586715884024e-02 1.895921379811747465e-01 1.117560242639426688e-01 2.717496968430167525e-01 1.356149405557409982e-01 1.417198639164922169e-01 3.557988561592212995e-01 2.424497304100412531e-01 1.113477209687006864e-01 1.987755696734274935e-01 1.186766362067854519e-01 1.767878645671200621e-01 2.070390856844037120e-01 1.193422284264675087e-01 1.563873717214839809e-01 9.722965285766614618e-02 1.033187403755354838e-01 1.231885281219899653e-01 2.114447474576622299e-01 3.888102662038419449e-02
1.564384852817475025e-01 1.723787048841704250e-01 1.179092548409601260e-01 2.026310784672860910e-01 1.567352389913902466e-01 3.095793648648560437e-01 1.312114631493725980e-01 9.197262895184110665e-02 2.575188542390497437e-01 2.381439900727309045e-01 2.075717938692411557e-01 1.628171243956347547e-01 1.253231251690510861e-01 1.543031397675392602e-01 1.331012154106915313e-01 4.390406259489663954e-02 1.340910272505176914e-01 1.092404839896970736e-01 2.938307652381421109e-01 2.581725173695930686e-01 1.000000000000000000e+00 1.839127526210391772e-01 1.697702350461671450e-01 6.942599678316919987e-02 1.418789061018232434e-01 2.304329484150007268e-01 1.052819911808375170e-01 8.279187781869296048e-02 2.887057394312350644e-01 1.830164718454890260e-01 1.558280646427246396e-01 2.731696806837325409e-01 1.333786213986696591e-02 1.422069444692437012e-01 7.578173922367607840e-02 2.125489645349853685e-01 1.377674530135893638e-01 2.815334069974329556e-01 2.139495427725549848e-01 2.629902029752671511e-01 1.612487245152059434e-01 6.120777065072047218e-02 6.335383511685047098e-02 1.823794215109491579e-01 7.269895699998622784e-02 9.747967074858340797e-02 1.848268718382529707e-01 1.052215049701738514e-01 1.487423409770118610e-01 3.003879203340301118e-01 1.442596102519331791e-01 9.061939640038373101e-02 2.257288411258880079e-01 7.719656659607791738e-02 1.605256696879315825e-01 2.200562153663157272e-01 1.669697168842929624e-01 1.787167845212586925e-01 7.031575945458512500e-02 1.163645573917941739e-01 8.059021192936147160e-02 2.394530480121497829e-01 1.099431931427205938e-01 1.240064564061939129e-01 7.121517751034264765e-02 1.113720268799492930e-01
1.084896014841243289e-01 2.035722919093562733e-01 5.367480190193519851e-01 2.376796903384105486e-01 4.458133876128894668e-02 2.299020531539428258e-01 1.524896290821792233e-01 3.603925743442671359e-01 1.962717720335071248e-01 1.647748922559641449e-01 1.791782625231097548e-01 1.631661625550583916e-01 4.945423511798587024e-02 1.998498803026390602e-01 2.214078460491273326e-01 1.581178807723058743e-01 8.617915193671193963e-02 6.754664194212468553e-01 4.132817024245583615e-01 2.888963761848656886e-01 1.839127526210391772e-01 1.000000000000000000e+00 4.322607149239834357e-01 4.339629559242591528e-01 2.655165510650298044e-01 8.136699798457151800e-02 4.517588994586365647e-01 2.337222477948366628e-01 1.401776832696633168e-01 4.385616196658572163e-01 4.241092275927422217e-01 1.833057608754619372e-01 7.238819214388113321e-02 3.025716577952365927e-01 2.826102790748390436e-01 3.734174588209762113e-01 2.817814947596415931e-01 3.903282845235349630e-01 1.233435445746229320e-01 2.174765679102233507e-01 2.988874854260190617e-01 1.441690907298514845e-01 3.178792242784648225e-01 1.379534293084641317e-01 1.350524663856098595e-01 1.772959297073860296e-01 8.304275006623199062e-02 3.015410167065724067e-01 8.697630137537734618e-02 2.459843234781844135e-01 1.921147937652785964e-01 1.330970692622631679e-01 2.826118189511795942e-01 9.891272917935443887e-02 1.573802337761485703e-01 1.001244685924939787e-01 1.805077366435247355e-01 4.823860318689679461e-01 7.028084900964776116e-02 3.486927867156583982e-01 1.643157956058895752e-01 6.660868402787364362e-01 2.250817809586501683e-01 3.152971250053807073e-01 1.616135544127274559e-01 3.222158533786699808e-01
2.818500849307449541e-02 2.272741375166589251e-01 2.363438896438358749e-01 2.100211015152944338e-01 1.564248762773043644e-01 1.319647378907358726e-01 1.311073577519127342e-01 3.970258969137837601e-01 1.069888093299037474e-01 2.717606065100099388e-01 2.631615630411193174e-01 1.426754464990028226e-01 1.090601087156191640e-01 1.194345870695808082e-01 2.867308507416947982e-01 3.812940563757108992e-01 1.599806525516069555e-01 4.362801924624798988e-01 1.162883843308025120e-02 1.763091786027938812e-01 1.697702350461671450e-01 4.322607149239834357e-01 1.000000000000000000e+00 2.710562451346072987e-01 9.772754977089613548e-02 1.235861988781954274e-01 2.405248489341189899e-01 3.372207064130591792e-01 3.066119273547543433e-01 1.952347266749973054e-01 2.065968264193659698e-01 2.793945329226366625e-01 1.008875511875892972e-01 6.792989134641247428e-01 5.113557115007707488e-01 2.705033322403687102e-01 1.754221491031477120e-01 3.137110413311811619e-01 1.013262783046090382e-01 8.313028660093992050e-02 3.089702692155154029e-01 6.336055687629397193e-01 1.408939046530512801e-02 1.905496687392127797e-01 1.366959634223085529e-01 1.317952787805360404e-01 1.618847910229253284e-01 6.164240728865507668e-01 2.612481518589790386e-01 3.399985575676954808e-01 2.325390073381159717e-01 1.987213056664667854e-01 3.782270403171252848e-01 7.047671492913175351e-02 2.328952930533980184e-02 4.006510696126491800e-01 2.515594442781701745e-01 3.940485150680903548e-01 4.939049979395979673e-01 5.811602146948408043e-01 2.075253387609035938e-01 3.073128464509983226e-01 4.836100143927854478e-01 1.283995049434606683e-01 5.399752441906010558e-01 5.704071398006242966e-01
1.548011773336655517e-01 3.938390593111762983e-01 5.816742280062353609e-01 9.902877847759239405e-02 1.731991611299010803e-01 5.557891748471863874e-02 2.011743502400018258e-01 2.555576361752237569e-01 4.040306351216116365e-02 1.115927922815216355e-01 7.050893094433323405e-02 2.263799234699418461e-01 9.873779881869651498e-02 5.251352034993034962e-02 3.788481351485311482e-02 1.873756686654459991e-01 2.179938257330878981e-01 5.696122762322681776e-01 3.519658736857130821e-01 2.916127652620401078e-01 6.942599678316919987e-02 4.339629559242591528e-01 2.710562451346072987e-01 1.000000000000000000e+00 1.677094165138419690e-01 1.280996875459323447e-01 4.352798403022758444e-01 3.780427194497026910e-01 4.548041368420923519e-02 8.438645767007772747e-02 3.658817925502615420e-01 1.815458679513100859e-01 2.622827339387183709e-01 1.344630292653357928e-01 1.956432317609055338e-01 1.477640739480004239e-01 1.748814778735227893e-01 1.797255712168610575e-01 2.276991844317931002e-01 3.009139479805647555e-02 4.115742031058233774e-01 7.571029538952307736e-02 2.300307345116718305e-01 1.400668309857363847e-01 5.365407579866108417e-02 6.926709269574944650e-02 5.099308782594453443e-02 8.483341824339125925e-02 6.896981937749421809e-02 1.745117630505464978e-01 1.372273730733850061e-01 1.534935141201543563e-01 4.136861332555830661e-01 1.026000452774847166e-01 2.120717981867277779e-01 1.344409156365966862e-01 3.849787007027518498e-02 4.093785694101841899e-01 7.329917164030308463e-02 3.337813382427782249e-01 4.730684366256862616e-02 5.033981701658594154e-01 2.159232280288264916e-01 2.338721832703905268e-01 2.550392425604719460e-01 1.704514804965344132e-01
