0.000000000000000000e+00 1.047499999999999959e-01 8.625000000000000722e-02 7.350000000000000977e-02 2.017499999999999849e-01 1.907499999999999751e-01 1.159999999999999920e-01 1.499999999999999944e-01 8.824999999999999512e-02 9.400000000000000022e-02 3.225000000000000089e-02 6.375000000000000111e-02 1.360000000000000098e-01 1.649999999999999800e-01 1.147500000000000048e-01 1.664999999999999813e-01 1.292500000000000038e-01 6.550000000000000266e-02 3.427499999999999991e-01 9.049999999999999711e-02 5.462499999999999994e-02 3.275000000000000133e-02 1.732500000000000151e-01 1.444999999999999896e-01 1.534999999999999976e-01 2.682499999999999885e-01 7.487499999999999711e-02 6.275000000000000022e-02 1.376249999999999973e-01 1.752500000000000169e-01 6.837500000000000522e-02 1.423750000000000016e-01 7.925000000000000100e-02 7.900000000000000078e-02 1.417499999999999871e-01 5.525000000000000050e-02 1.992499999999999827e-01 1.162500000000000061e-01 2.147499999999999964e-01 1.499999999999999944e-01 2.377500000000000169e-01 1.077499999999999986e-01 1.352500000000000091e-01 5.075000000000000344e-02 9.124999999999999778e-02 1.605000000000000038e-01 1.485000000000000209e-01 1.610000000000000042e-01 1.552499999999999991e-01 1.669999999999999818e-01 1.967500000000000082e-01 4.050000000000000128e-02 6.325000000000000067e-02 2.035000000000000142e-01 4.537499999999999867e-02 2.737499999999999933e-01 1.719999999999999862e-01 2.220000000000000029e-01 1.093750000000000000e-01 1.643749999999999933e-01 7.649999999999999856e-02 1.598749999999999893e-01 1.930000000000000049e-01 6.500000000000000222e-02 2.107499999999999929e-01 8.512500000000000622e-02
1.047499999999999959e-01 0.000000000000000000e+00 1.072499999999999981e-01 1.496250000000000080e-01 1.729999999999999871e-01 1.577500000000000013e-01 1.705000000000000127e-01 9.475000000000000089e-02 1.626250000000000195e-01 1.468750000000000056e-01 1.377499999999999836e-01 2.762499999999999956e-01 1.547499999999999987e-01 1.435000000000000164e-01 2.468750000000000111e-01 2.215000000000000024e-01 3.562500000000000389e-02 3.675000000000000488e-01 1.003749999999999920e-01 8.924999999999999600e-02 1.162500000000000061e-01 1.857499999999999984e-01 2.222500000000000031e-01 1.543750000000000122e-01 1.311249999999999916e-01 1.712499999999999856e-01 1.335000000000000075e-01 4.499999999999999833e-02 9.050000000000001099e-02 1.654999999999999805e-01 1.064999999999999974e-01 7.512499999999999734e-02 1.992500000000000104e-01 1.977499999999999813e-01 1.619999999999999774e-01 1.285000000000000031e-01 1.310000000000000053e-01 1.450000000000000178e-01 4.725000000000000033e-02 2.546249999999999902e-01 4.300000000000000350e-02 1.512499999999999956e-01 8.524999999999999245e-02 1.942499999999999782e-01 8.262500000000000400e-02 2.412500000000000200e-01 1.152500000000000052e-01 1.257500000000000007e-01 2.507500000000000284e-01 1.875000000000000278e-02 8.250000000000000389e-02 1.332500000000000073e-01 2.402499999999999913e-01 2.497499999999999998e-01 4.175000000000000239e-02 1.130000000000000032e-01 7.150000000000000799e-02 1.326249999999999929e-01 1.834999999999999964e-01 1.177500000000000074e-01 3.575000000000000400e-02 5.850000000000000339e-02 7.925000000000000100e-02 3.462500000000000022e-01 9.199999999999999845e-02 1.502499999999999947e-01
8.625000000000000722e-02 1.072499999999999981e-01 0.000000000000000000e+00 1.956249999999999933e-01 4.287500000000000339e-02 2.249999999999999917e-02 1.432499999999999885e-01 1.437499999999999889e-01 4.512500000000000538e-02 5.400000000000000633e-02 3.289999999999999591e-01 5.700000000000000205e-02 9.249999999999999889e-02 1.365000000000000102e-01 7.925000000000000100e-02 1.340000000000000080e-01 7.150000000000000799e-02 4.975000000000000255e-02 2.337499999999999856e-01 1.476250000000000062e-01 1.734999999999999876e-01 1.714999999999999858e-01 1.084999999999999992e-01 1.243750000000000133e-01 1.377499999999999836e-01 2.889999999999999791e-01 1.200000000000000025e-02 3.525000000000000355e-02 8.000000000000000167e-02 5.924999999999999711e-02 1.214999999999999969e-01 4.449999999999999789e-02 9.174999999999999822e-02 1.253750000000000142e-01 2.533750000000000169e-01 1.652500000000000080e-01 7.199999999999999456e-02 1.000000000000000021e-03 1.512499999999999956e-01 5.250000000000000500e-02 2.222500000000000031e-01 1.827500000000000235e-01 1.311249999999999916e-01 2.925000000000000169e-02 6.375000000000000111e-02 2.800000000000000266e-01 4.046250000000000124e-01 6.400000000000000133e-02 1.447499999999999898e-01 2.075000000000000178e-01 2.999999999999999889e-01 5.875000000000000361e-02 1.355000000000000093e-01 1.224999999999999978e-01 2.807499999999999996e-01 1.758750000000000036e-01 1.554999999999999993e-01 1.199999999999999956e-01 2.475000000000000117e-02 1.630000000000000060e-01 2.264999999999999791e-01 8.624999999999999334e-02 7.449999999999999678e-02 1.867499999999999993e-01 8.075000000000000233e-02 1.191249999999999948e-01
7.350000000000000977e-02 1.496250000000000080e-01 1.956249999999999933e-01 0.000000000000000000e+00 2.245000000000000051e-01 7.649999999999999856e-02 2.112499999999999933e-01 2.220000000000000029e-01 1.282500000000000029e-01 3.125000000000000000e-02 5.312499999999999861e-02 5.625000000000000139e-02 9.725000000000000311e-02 1.302500000000000047e-01 4.424999999999999767e-02 1.237499999999999989e-01 1.652500000000000080e-01 2.359999999999999876e-01 1.823750000000000093e-01 1.168750000000000067e-01 1.505000000000000226e-01 1.604999999999999760e-01 1.704999999999999849e-01 6.825000000000000511e-02 1.156250000000000056e-01 1.665000000000000091e-01 8.325000000000000455e-02 7.324999999999999567e-02 3.749999999999999861e-02 1.872499999999999998e-01 1.035000000000000087e-01 1.178749999999999937e-01 1.310000000000000053e-01 5.712500000000000216e-02 1.681250000000000244e-01 9.249999999999999889e-02 1.529999999999999971e-01 7.050000000000000711e-02 7.174999999999999434e-02 1.487499999999999933e-01 1.515000000000000235e-01 1.685000000000000109e-01 2.357500000000000151e-01 5.575000000000000788e-02 2.661250000000000004e-01 1.280000000000000027e-01 1.131250000000000033e-01 1.120000000000000023e-01 1.385000000000000120e-01 1.072500000000000120e-01 1.287500000000000033e-01 1.320000000000000062e-01 1.947499999999999787e-01 2.024999999999999717e-02 1.654999999999999805e-01 2.543750000000000178e-01 3.099999999999999978e-02 8.887500000000000955e-02 2.292499999999999816e-01 1.415000000000000147e-01 2.522499999999999742e-01 3.125000000000000000e-02 1.487499999999999933e-01 1.509999999999999953e-01 3.849999999999999950e-02 2.238749999999999907e-01
2.017499999999999849e-01 1.729999999999999871e-01 4.287500000000000339e-02 2.245000000000000051e-01 0.000000000000000000e+00 9.800000000000000377e-02 9.825000000000000400e-02 1.315000000000000058e-01 9.049999999999999711e-02 2.075000000000000178e-01 1.962499999999999800e-01 9.324999999999999956e-02 1.565000000000000002e-01 5.724999999999999534e-02 1.617500000000000049e-01 2.225000000000000033e-01 8.549999999999999267e-02 9.187499999999999833e-02 4.200000000000000261e-02 2.690000000000000169e-01 7.637499999999999845e-02 7.799999999999999989e-02 6.949999999999999234e-02 1.716249999999999998e-01 1.739999999999999880e-01 2.260000000000000064e-01 1.019999999999999934e-01 8.225000000000000366e-02 3.627500000000000169e-01 7.674999999999999878e-02 3.325000000000000178e-02 9.425000000000000044e-02 2.154999999999999971e-01 1.380000000000000115e-01 1.957500000000000073e-01 8.849999999999999534e-02 3.675000000000000488e-02 2.954999999999999849e-01 2.662499999999999867e-01 1.382500000000000118e-01 1.499999999999999944e-02 1.480000000000000204e-01 1.396249999999999991e-01 8.162500000000000311e-02 1.087499999999999856e-01 1.397499999999999853e-01 1.362500000000000100e-01 1.562500000000000000e-01 4.154999999999999805e-01 4.200000000000000261e-02 1.632500000000000062e-01 3.874999999999999972e-02 1.680000000000000104e-01 3.049999999999999933e-02 1.332500000000000073e-01 1.647500000000000075e-01 5.899999999999999689e-02 7.099999999999999367e-02 1.849999999999999908e-02 2.115000000000000213e-01 7.437499999999999667e-02 2.060000000000000164e-01 6.750000000000000444e-02 8.924999999999999600e-02 2.237500000000000044e-01 5.875000000000000361e-02
1.907499999999999751e-01 1.577500000000000013e-01 2.249999999999999917e-02 7.649999999999999856e-02 9.800000000000000377e-02 0.000000000000000000e+00 1.910000000000000031e-01 1.097500000000000003e-01 1.694999999999999840e-01 5.574999999999999400e-02 8.974999999999999645e-02 7.300000000000000933e-02 1.665000000000000091e-01 8.075000000000000233e-02 3.175000000000000044e-01 2.607500000000000373e-01 9.450000000000000067e-02 8.549999999999999267e-02 1.774999999999999911e-01 1.152499999999999913e-01 2.280000000000000082e-01 1.828750000000000098e-01 1.946249999999999925e-01 2.897500000000000075e-01 9.199999999999999845e-02 1.107500000000000012e-01 6.300000000000000044e-02 6.912499999999999201e-02 1.572500000000000009e-01 1.804999999999999938e-01 9.024999999999999689e-02 5.175000000000000433e-02 1.027500000000000080e-01 2.127499999999999947e-01 1.367500000000000104e-01 7.862500000000000044e-02 1.147500000000000048e-01 1.617500000000000049e-01 1.907499999999999751e-01 1.252500000000000002e-01 7.225000000000000866e-02 1.542499999999999982e-01 2.954999999999999849e-01 1.727500000000000147e-01 9.324999999999999956e-02 2.536249999999999893e-01 1.250000000000000000e-01 1.261250000000000149e-01 1.186249999999999943e-01 2.101250000000000062e-01 1.549999999999999989e-01 1.318749999999999922e-01 2.572499999999999787e-01 1.486250000000000071e-01 3.350000000000000200e-02 1.733750000000000013e-01 3.587500000000000411e-02 2.561249999999999916e-01 1.051249999999999962e-01 1.345000000000000084e-01 3.067500000000000226e-01 1.679999999999999827e-01 6.737500000000000433e-02 2.332500000000000129e-01 1.426250000000000018e-01 1.074999999999999983e-01
1.159999999999999920e-01 1.705000000000000127e-01 1.432499999999999885e-01 2.112499999999999933e-01 9.825000000000000400e-02 1.910000000000000031e-01 0.000000000000000000e+00 1.202500000000000097e-01 6.400000000000000133e-02 4.750000000000000056e-02 1.789999999999999925e-01 5.600000000000000117e-02 1.175000000000000072e-01 8.275000000000000411e-02 1.030000000000000082e-01 7.699999999999999900e-02 2.812500000000000000e-01 1.285000000000000031e-01 1.809999999999999942e-01 1.159999999999999920e-01 8.649999999999999356e-02 3.400000000000000244e-02 1.836249999999999827e-01 1.325000000000000067e-01 1.537499999999999978e-01 1.960000000000000075e-01 2.927500000000000102e-01 1.949999999999999997e-02 7.599999999999999811e-02 1.098750000000000004e-01 1.166250000000000064e-01 1.992499999999999827e-01 1.645000000000000073e-01 1.237499999999999989e-01 1.482499999999999929e-01 1.491250000000000075e-01 1.762499999999999900e-01 7.299999999999999545e-02 1.362500000000000100e-01 1.049999999999999961e-01 1.199999999999999956e-01 8.812500000000000888e-02 2.057499999999999885e-01 1.030000000000000082e-01 2.454999999999999960e-01 1.290000000000000036e-01 7.724999999999999922e-02 5.550000000000000072e-02 1.250000000000000069e-02 1.330000000000000071e-01 1.687499999999999833e-01 1.467499999999999916e-01 1.408750000000000002e-01 1.189999999999999947e-01 1.175000000000000072e-01 7.524999999999999745e-02 1.192499999999999949e-01 1.120000000000000023e-01 2.809999999999999720e-01 7.175000000000000822e-02 4.275000000000000328e-02 9.749999999999999986e-03 2.052500000000000158e-01 3.187499999999999778e-01 5.650000000000000161e-02 2.002499999999999836e-01
1.499999999999999944e-01 9.475000000000000089e-02 1.437499999999999889e-01 2.220000000000000029e-01 1.315000000000000058e-01 1.097500000000000003e-01 1.202500000000000097e-01 0.000000000000000000e+00 3.624999999999999750e-02 1.410000000000000142e-01 2.147499999999999964e-01 1.419999999999999873e-01 1.981249999999999956e-01 9.800000000000000377e-02 4.524999999999999856e-02 9.575000000000000178e-02 1.172499999999999931e-01 6.700000000000000400e-02 1.297500000000000042e-01 5.824999999999999623e-02 9.349999999999999978e-02 9.675000000000000266e-02 1.517499999999999960e-01 2.975000000000000214e-02 1.827499999999999958e-01 5.674999999999999489e-02 1.577500000000000013e-01 5.937499999999999722e-02 1.407499999999999862e-01 6.700000000000000400e-02 1.554999999999999993e-01 3.799999999999999906e-02 1.087499999999999994e-01 1.262500000000000011e-01 1.862499999999999989e-01 1.087499999999999856e-01 1.437499999999999889e-01 1.219999999999999973e-01 8.424999999999999156e-02 9.575000000000000178e-02 1.018750000000000072e-01 1.549999999999999989e-01 1.827499999999999958e-01 5.550000000000000072e-02 1.152499999999999913e-01 1.945000000000000062e-01 2.710000000000000187e-01 9.875000000000000444e-02 1.005000000000000060e-01 1.040000000000000091e-01 1.475000000000000200e-01 1.405000000000000138e-01 3.450000000000000289e-02 4.599999999999999922e-02 9.049999999999999711e-02 7.749999999999999944e-02 1.927500000000000047e-01 2.949999999999999845e-02 1.265000000000000013e-01 2.135000000000000231e-01 3.150000000000000022e-02 6.400000000000000133e-02 2.060000000000000164e-01 2.123749999999999805e-01 1.664999999999999813e-01 5.349999999999999895e-02
8.824999999999999512e-02 1.626250000000000195e-01 4.512500000000000538e-02 1.282500000000000029e-01 9.049999999999999711e-02 1.694999999999999840e-01 6.400000000000000133e-02 3.624999999999999750e-02 0.000000000000000000e+00 1.575000000000000011e-01 6.587500000000000300e-02 1.985000000000000098e-01 8.299999999999999045e-02 1.507499999999999951e-01 1.809999999999999942e-01 9.174999999999999822e-02 5.999999999999999778e-02 1.494999999999999940e-01 1.908750000000000169e-01 3.737499999999999850e-02 2.074999999999999900e-01 9.675000000000000266e-02 1.487499999999999933e-01 1.144999999999999907e-01 7.862500000000000044e-02 9.199999999999999845e-02 7.749999999999999944e-02 2.210000000000000020e-01 5.650000000000000161e-02 1.762500000000000178e-01 7.274999999999999523e-02 1.053749999999999964e-01 2.675000000000000155e-01 1.387500000000000018e-02 4.937500000000000222e-02 1.372499999999999831e-01 7.350000000000000977e-02 5.500000000000000028e-02 1.092499999999999999e-01 9.550000000000000155e-02 1.499999999999999944e-01 1.992500000000000104e-01 1.390000000000000124e-01 1.087499999999999994e-01 6.337500000000000078e-02 2.384999999999999898e-01 4.837500000000000133e-02 1.529999999999999971e-01 2.817500000000000004e-01 3.400000000000000244e-02 1.197499999999999953e-01 2.332500000000000129e-01 1.752499999999999891e-01 2.750000000000000222e-01 1.199999999999999956e-01 1.743750000000000022e-01 1.282500000000000029e-01 8.912500000000000977e-02 1.202500000000000097e-01 1.332499999999999796e-01 4.199999999999999567e-02 1.734999999999999876e-01 5.275000000000000522e-02 1.807499999999999940e-01 2.132499999999999951e-01 8.912500000000000977e-02
9.400000000000000022e-02 1.468750000000000056e-01 5.400000000000000633e-02 3.125000000000000000e-02 2.075000000000000178e-01 5.574999999999999400e-02 4.750000000000000056e-02 1.410000000000000142e-01 1.575000000000000011e-01 0.000000000000000000e+00 1.788750000000000062e-01 2.997499999999999609e-01 8.150000000000000300e-02 8.037500000000000200e-02 1.336249999999999938e-01 1.216249999999999970e-01 2.313749999999999973e-01 6.550000000000000266e-02 2.400000000000000050e-02 2.684999999999999609e-01 1.219999999999999973e-01 3.500000000000000333e-02 5.000000000000000278e-02 6.462500000000000189e-02 8.724999999999999423e-02 2.117499999999999938e-01 1.590000000000000024e-01 6.900000000000000577e-02 1.001249999999999918e-01 8.749999999999999445e-02 1.014999999999999930e-01 2.622499999999999831e-01 6.950000000000000622e-02 1.754999999999999893e-01 6.350000000000000089e-02 1.077499999999999986e-01 8.362500000000000488e-02 1.084999999999999992e-01 1.460000000000000187e-01 8.287500000000000422e-02 1.582500000000000018e-01 2.037499999999999867e-01 5.725000000000000228e-02 6.387500000000000122e-02 8.275000000000000411e-02 2.036250000000000004e-01 4.875000000000000167e-02 1.956249999999999933e-01 4.624999999999999944e-02 4.274999999999999634e-02 2.230000000000000038e-01 2.092499999999999916e-01 1.147500000000000048e-01 1.462499999999999911e-01 2.737500000000000003e-02 5.250000000000000500e-02 6.400000000000000133e-02 1.885000000000000009e-01 1.549999999999999989e-01 3.049999999999999933e-02 1.920000000000000040e-01 1.177499999999999936e-01 6.400000000000000133e-02 1.411250000000000004e-01 1.352499999999999813e-01 2.072499999999999898e-01
3.225000000000000089e-02 1.377499999999999836e-01 3.289999999999999591e-01 5.312499999999999861e-02 1.962499999999999800e-01 8.974999999999999645e-02 1.789999999999999925e-01 2.147499999999999964e-01 6.587500000000000300e-02 1.788750000000000062e-01 0.000000000000000000e+00 7.125000000000000777e-02 7.774999999999999967e-02 1.084999999999999992e-01 4.787500000000000089e-02 1.512499999999999956e-01 1.531250000000000111e-01 3.849999999999999950e-02 7.937500000000000111e-02 6.825000000000000511e-02 1.494999999999999940e-01 1.139999999999999902e-01 1.355000000000000093e-01 2.433749999999999802e-01 7.537499999999999756e-02 1.774999999999999911e-01 1.839999999999999969e-01 8.050000000000000211e-02 1.127500000000000030e-01 1.575000000000000011e-02 3.799999999999999906e-02 1.091249999999999998e-01 9.925000000000000488e-02 1.244999999999999996e-01 8.525000000000000633e-02 6.275000000000000022e-02 7.000000000000000666e-02 1.300000000000000044e-01 2.800000000000000266e-01 4.987500000000000266e-02 2.060000000000000164e-01 2.142499999999999960e-01 5.125000000000000389e-02 1.725000000000000144e-02 1.528749999999999831e-01 1.824999999999999956e-01 1.507499999999999951e-01 2.100000000000000200e-01 1.610000000000000042e-01 9.450000000000000067e-02 4.725000000000000033e-02 6.850000000000000533e-02 7.000000000000000666e-02 7.324999999999999567e-02 1.747499999999999887e-01 7.325000000000000955e-02 2.747499999999999942e-01 1.516250000000000098e-01 9.099999999999999756e-02 1.582500000000000018e-01 1.140000000000000041e-01 2.047499999999999876e-01 2.707499999999999907e-01 7.800000000000001377e-02 8.599999999999999312e-02 6.875000000000000555e-02
6.375000000000000111e-02 2.762499999999999956e-01 5.700000000000000205e-02 5.625000000000000139e-02 9.324999999999999956e-02 7.300000000000000933e-02 5.600000000000000117e-02 1.419999999999999873e-01 1.985000000000000098e-01 2.997499999999999609e-01 7.125000000000000777e-02 0.000000000000000000e+00 2.357500000000000151e-01 1.674999999999999822e-01 2.069999999999999896e-01 6.224999999999999978e-02 3.425000000000000266e-02 9.049999999999999711e-02 6.625000000000000333e-02 1.932500000000000051e-01 9.349999999999999978e-02 2.260000000000000064e-01 1.737500000000000155e-02 2.005000000000000115e-01 9.725000000000000311e-02 1.752500000000000169e-01 1.632500000000000062e-01 1.260000000000000009e-01 6.949999999999999234e-02 1.023749999999999938e-01 2.561249999999999916e-01 9.149999999999999800e-02 2.217500000000000027e-01 1.715000000000000135e-01 1.902500000000000024e-01 1.138750000000000040e-01 1.737500000000000155e-01 2.750000000000000014e-02 9.675000000000000266e-02 9.400000000000000022e-02 1.402499999999999858e-01 1.061249999999999971e-01 9.850000000000000422e-02 8.025000000000000189e-02 1.524999999999999967e-01 2.190000000000000002e-01 5.299999999999999850e-02 1.729999999999999871e-01 1.752500000000000169e-01 2.149999999999999967e-01 1.389999999999999847e-01 2.874999999999999778e-02 3.062499999999999944e-02 1.935000000000000053e-01 9.450000000000000067e-02 3.275000000000000133e-02 1.132500000000000034e-01 1.552499999999999991e-01 5.550000000000000072e-02 1.540000000000000258e-01 2.270000000000000073e-01 1.807500000000000218e-01 9.425000000000000044e-02 1.829999999999999960e-01 7.399999999999999634e-02 1.987500000000000100e-01
1.360000000000000098e-01 1.547499999999999987e-01 9.249999999999999889e-02 9.725000000000000311e-02 1.565000000000000002e-01 1.665000000000000091e-01 1.175000000000000072e-01 1.981249999999999956e-01 8.299999999999999045e-02 8.150000000000000300e-02 7.774999999999999967e-02 2.357500000000000151e-01 0.000000000000000000e+00 9.974999999999999145e-02 2.954999999999999849e-01 1.982500000000000095e-01 9.750000000000000333e-02 1.144999999999999907e-01 2.227500000000000036e-01 1.532500000000000251e-01 1.349999999999999985e-02 5.050000000000000322e-02 2.172499999999999987e-01 6.049999999999999822e-02 1.112500000000000017e-01 4.349999999999999700e-02 8.400000000000000522e-02 7.250000000000000888e-02 6.550000000000000266e-02 1.262500000000000011e-01 1.130000000000000032e-01 1.212499999999999967e-01 1.750000000000000167e-01 1.447499999999999898e-01 4.149999999999999523e-02 2.850000000000000103e-02 1.567500000000000004e-01 1.060000000000000109e-01 9.500000000000000111e-02 1.288749999999999896e-01 1.486250000000000071e-01 8.974999999999999645e-02 2.472499999999999976e-01 1.724999999999999867e-01 1.449999999999999900e-01 1.017500000000000071e-01 4.499999999999999833e-02 3.625000000000000444e-01 1.127500000000000030e-01 8.500000000000000611e-02 3.400000000000000244e-02 1.360000000000000098e-01 6.625000000000000333e-02 1.459999999999999909e-01 1.549999999999999989e-02 1.087500000000000133e-01 2.247500000000000053e-01 1.457499999999999907e-01 6.024999999999999800e-02 2.037500000000000144e-01 1.262500000000000011e-01 1.313749999999999918e-01 1.331249999999999933e-01 5.187500000000000444e-02 8.075000000000000233e-02 9.600000000000000200e-02
1.649999999999999800e-01 1.435000000000000164e-01 1.365000000000000102e-01 1.302500000000000047e-01 5.724999999999999534e-02 8.075000000000000233e-02 8.275000000000000411e-02 9.800000000000000377e-02 1.507499999999999951e-01 8.037500000000000200e-02 1.084999999999999992e-01 1.674999999999999822e-01 9.974999999999999145e-02 0.000000000000000000e+00 1.187500000000000083e-01 8.287500000000000422e-02 7.574999999999999789e-02 2.124999999999999944e-01 2.117499999999999938e-01 5.824999999999999623e-02 4.124999999999999500e-02 7.499999999999999722e-02 6.300000000000000044e-02 1.532499999999999973e-01 5.149999999999999717e-02 2.299999999999999961e-02 4.937500000000000222e-02 7.674999999999999878e-02 1.658749999999999947e-01 2.195000000000000007e-01 1.244999999999999996e-01 1.300000000000000044e-01 5.675000000000000183e-02 8.550000000000000655e-02 5.525000000000000050e-02 1.652500000000000080e-01 1.846249999999999836e-01 9.612500000000000211e-02 1.970000000000000084e-01 9.600000000000000200e-02 2.667499999999999871e-01 1.817500000000000226e-01 1.380000000000000115e-01 2.233749999999999902e-01 1.999999999999999833e-01 1.161249999999999921e-01 2.667500000000000426e-01 1.113750000000000018e-01 3.849999999999999950e-02 1.400000000000000133e-01 1.021250000000000074e-01 5.600000000000000117e-02 1.061249999999999971e-01 1.084999999999999992e-01 1.371249999999999969e-01 1.310000000000000053e-01 6.850000000000000533e-02 1.062500000000000111e-01 1.727500000000000147e-01 8.299999999999999045e-02 6.875000000000000555e-02 6.174999999999999933e-02 2.982500000000000151e-01 9.037499999999999700e-02 1.695000000000000118e-01 1.077499999999999986e-01
1.147500000000000048e-01 2.468750000000000111e-01 7.925000000000000100e-02 4.424999999999999767e-02 1.617500000000000049e-01 3.175000000000000044e-01 1.030000000000000082e-01 4.524999999999999856e-02 1.809999999999999942e-01 1.336249999999999938e-01 4.787500000000000089e-02 2.069999999999999896e-01 2.954999999999999849e-01 1.187500000000000083e-01 0.000000000000000000e+00 1.607500000000000040e-01 9.274999999999999911e-02 1.041249999999999953e-01 1.892500000000000016e-01 1.521250000000000102e-01 5.849999999999999645e-02 1.757500000000000173e-01 8.075000000000000233e-02 6.912499999999999201e-02 7.225000000000000866e-02 1.467499999999999916e-01 3.150000000000000022e-01 1.665000000000000091e-01 1.212499999999999967e-01 8.150000000000000300e-02 1.849999999999999978e-01 1.499999999999999944e-02 7.524999999999999745e-02 1.457499999999999907e-01 1.282500000000000029e-01 7.950000000000000122e-02 2.850000000000000103e-02 2.897500000000000075e-01 4.849999999999999450e-02 2.606249999999999956e-01 2.749999999999999667e-02 1.655000000000000082e-01 1.237499999999999989e-01 1.194999999999999951e-01 1.857499999999999984e-01 6.875000000000000555e-02 1.142499999999999905e-01 7.825000000000000011e-02 1.972499999999999809e-01 2.162499999999999978e-01 4.499999999999999833e-02 1.597500000000000031e-01 1.847499999999999976e-01 1.862499999999999989e-01 4.250000000000000305e-02 3.225000000000000089e-02 7.724999999999999922e-02 4.975000000000000255e-02 2.502499999999999725e-01 1.842499999999999971e-01 8.350000000000000477e-02 2.344999999999999862e-01 1.425000000000000155e-01 2.144999999999999962e-01 3.712499999999999828e-02 1.440000000000000169e-01
1.664999999999999813e-01 2.215000000000000024e-01 1.340000000000000080e-01 1.237499999999999989e-01 2.225000000000000033e-01 2.607500000000000373e-01 7.699999999999999900e-02 9.575000000000000178e-02 9.174999999999999822e-02 1.216249999999999970e-01 1.512499999999999956e-01 6.224999999999999978e-02 1.982500000000000095e-01 8.287500000000000422e-02 1.607500000000000040e-01 0.000000000000000000e+00 9.825000000000000400e-02 2.209999999999999742e-01 6.275000000000000022e-02 1.077500000000000124e-01 2.035000000000000142e-01 9.875000000000000444e-02 7.574999999999999789e-02 1.750000000000000167e-02 2.227500000000000036e-01 1.682500000000000107e-01 8.999999999999999667e-02 7.624999999999999833e-02 1.223750000000000115e-01 2.187500000000000000e-01 7.425000000000001044e-02 1.084999999999999992e-01 1.260000000000000009e-01 1.267500000000000016e-01 2.622499999999999831e-01 5.924999999999999711e-02 8.012500000000000178e-02 6.600000000000000311e-02 6.275000000000000022e-02 1.064999999999999974e-01 1.975000000000000089e-01 1.612500000000000044e-01 7.699999999999999900e-02 1.901249999999999885e-01 1.567500000000000004e-01 1.141250000000000042e-01 1.099999999999999936e-02 3.437500000000000278e-02 9.775000000000000355e-02 2.119999999999999940e-01 9.700000000000000289e-02 2.724999999999999645e-01 1.802499999999999936e-01 1.117499999999999882e-01 1.566250000000000142e-01 2.859999999999999765e-01 5.949999999999999734e-02 6.775000000000000466e-02 1.049999999999999961e-01 1.917500000000000038e-01 3.302499999999999880e-01 8.000000000000000167e-02 7.699999999999999900e-02 6.487500000000000211e-02 6.600000000000000311e-02 2.700000000000000178e-01
1.292500000000000038e-01 3.562500000000000389e-02 7.150000000000000799e-02 1.652500000000000080e-01 8.549999999999999267e-02 9.450000000000000067e-02 2.812500000000000000e-01 1.172499999999999931e-01 5.999999999999999778e-02 2.313749999999999973e-01 1.531250000000000111e-01 3.425000000000000266e-02 9.750000000000000333e-02 7.574999999999999789e-02 9.274999999999999911e-02 9.825000000000000400e-02 0.000000000000000000e+00 1.196250000000000091e-01 2.715000000000000191e-01 1.431250000000000022e-01 1.704999999999999849e-01 2.642499999999999849e-01 1.745000000000000162e-01 3.273750000000000271e-01 1.467499999999999916e-01 3.114999999999999991e-01 1.657500000000000084e-01 1.657500000000000084e-01 7.824999999999998623e-02 1.734999999999999876e-01 8.699999999999999400e-02 4.474999999999999811e-02 7.549999999999999767e-02 6.475000000000000200e-02 1.722500000000000142e-01 1.862499999999999989e-01 2.999999999999999889e-02 8.500000000000000611e-03 2.227500000000000036e-01 1.088749999999999996e-01 2.727500000000000480e-01 6.750000000000000791e-03 1.864999999999999991e-01 1.482499999999999929e-01 1.494999999999999940e-01 2.884999999999999787e-01 2.402500000000000191e-01 1.592500000000000027e-01 5.249999999999999806e-02 6.275000000000000022e-02 8.550000000000000655e-02 5.974999999999999756e-02 2.200000000000000011e-01 1.592500000000000027e-01 1.997499999999999831e-01 1.447499999999999898e-01 1.312500000000000056e-01 4.524999999999999856e-02 1.047500000000000098e-01 1.529999999999999971e-01 1.157499999999999918e-01 2.642499999999999849e-01 2.354999999999999871e-01 6.625000000000000333e-02 8.487500000000000600e-02 1.347500000000000087e-01
6.550000000000000266e-02 3.675000000000000488e-01 4.975000000000000255e-02 2.359999999999999876e-01 9.187499999999999833e-02 8.549999999999999267e-02 1.285000000000000031e-01 6.700000000000000400e-02 1.494999999999999940e-01 6.550000000000000266e-02 3.849999999999999950e-02 9.049999999999999711e-02 1.144999999999999907e-01 2.124999999999999944e-01 1.041249999999999953e-01 2.209999999999999742e-01 1.196250000000000091e-01 0.000000000000000000e+00 3.175000000000000044e-02 3.076249999999999818e-01 1.576250000000000151e-01 2.177499999999999991e-01 5.225000000000000477e-02 1.582500000000000018e-01 9.675000000000000266e-02 1.422499999999999876e-01 1.424999999999999878e-01 1.105000000000000010e-01 1.074999999999999914e-02 3.275000000000000133e-02 1.292500000000000038e-01 2.259999999999999787e-01 1.275000000000000022e-01 1.097500000000000142e-01 1.149999999999999911e-01 1.137500000000000039e-01 1.990000000000000102e-01 9.049999999999999711e-02 1.402499999999999858e-01 1.405000000000000138e-01 9.625000000000000222e-02 2.585000000000000075e-01 2.774999999999999689e-01 1.453750000000000042e-01 6.375000000000000111e-02 1.487499999999999933e-01 3.127500000000000280e-01 1.872499999999999998e-01 5.174999999999999739e-02 9.525000000000000133e-02 2.462500000000000244e-01 1.882500000000000284e-01 2.464999999999999969e-01 1.462499999999999911e-01 5.224999999999999784e-02 1.849999999999999908e-02 9.125000000000001166e-02 8.999999999999999667e-02 1.585000000000000020e-01 1.492499999999999938e-01 7.137499999999999400e-02 1.532499999999999973e-01 6.050000000000000516e-02 1.709999999999999853e-01 2.706250000000000044e-01 1.192499999999999949e-01
3.427499999999999991e-01 1.003749999999999920e-01 2.337499999999999856e-01 1.823750000000000093e-01 4.200000000000000261e-02 1.774999999999999911e-01 1.809999999999999942e-01 1.297500000000000042e-01 1.908750000000000169e-01 2.400000000000000050e-02 7.937500000000000111e-02 6.625000000000000333e-02 2.227500000000000036e-01 2.117499999999999938e-01 1.892500000000000016e-01 6.275000000000000022e-02 2.715000000000000191e-01 3.175000000000000044e-02 0.000000000000000000e+00 7.050000000000000711e-02 1.922500000000000042e-01 1.102500000000000008e-01 2.302500000000000102e-01 1.717500000000000138e-01 1.828750000000000098e-01 1.704999999999999849e-01 1.440000000000000169e-01 2.110000000000000209e-01 2.119999999999999940e-01 2.217500000000000027e-01 1.217499999999999971e-01 2.546249999999999902e-01 5.100000000000000366e-02 1.590000000000000024e-01 1.632500000000000062e-01 1.819999999999999951e-01 5.849999999999999645e-02 1.165000000000000063e-01 2.017499999999999849e-01 3.000000000000000062e-03 9.349999999999999978e-02 2.105000000000000204e-01 1.437500000000000167e-01 2.329999999999999849e-01 1.023750000000000077e-01 1.622500000000000053e-01 1.105000000000000010e-01 1.265000000000000013e-01 1.090000000000000135e-01 4.700000000000000011e-02 1.322500000000000064e-01 1.179999999999999938e-01 1.717500000000000138e-01 1.007500000000000062e-01 1.095000000000000001e-01 1.255000000000000004e-01 1.045000000000000095e-01 1.928750000000000187e-01 1.395000000000000129e-01 1.102500000000000008e-01 1.514999999999999958e-01 2.217500000000000027e-01 1.277500000000000024e-01 5.700000000000000205e-02 2.400000000000000050e-02 3.250000000000000111e-02
9.049999999999999711e-02 8.924999999999999600e-02 1.476250000000000062e-01 1.168750000000000067e-01 2.690000000000000169e-01 1.152499999999999913e-01 1.159999999999999920e-01 5.824999999999999623e-02 3.737499999999999850e-02 2.684999999999999609e-01 6.825000000000000511e-02 1.932500000000000051e-01 1.532500000000000251e-01 5.824999999999999623e-02 1.521250000000000102e-01 1.077500000000000124e-01 1.431250000000000022e-01 3.076249999999999818e-01 7.050000000000000711e-02 0.000000000000000000e+00 9.900000000000000466e-02 5.799999999999999600e-02 1.285000000000000031e-01 1.174999999999999933e-01 1.059999999999999970e-01 1.977499999999999813e-01 1.014999999999999930e-01 1.157500000000000057e-01 1.345000000000000084e-01 1.187499999999999944e-01 1.684999999999999831e-01 2.040000000000000147e-01 4.074999999999999456e-02 2.463750000000000107e-01 1.416250000000000009e-01 2.299999999999999961e-02 6.124999999999999889e-02 2.112499999999999933e-01 4.324999999999999678e-02 1.040000000000000091e-01 1.032500000000000084e-01 2.379999999999999893e-01 7.624999999999999833e-02 1.769999999999999907e-01 1.212499999999999967e-01 1.507499999999999951e-01 8.237500000000000377e-02 7.724999999999999922e-02 1.759999999999999898e-01 7.200000000000000844e-02 1.114999999999999880e-01 4.225000000000000283e-02 1.077499999999999986e-01 1.864999999999999991e-01 2.394999999999999907e-01 9.462500000000000078e-02 2.489999999999999991e-01 2.375000000000000028e-02 1.375000000000000180e-02 1.487499999999999933e-01 8.274999999999999023e-02 1.372500000000000109e-01 1.375000000000000111e-01 8.600000000000000699e-02 1.456250000000000044e-01 2.328749999999999987e-01
5.462499999999999994e-02 1.162500000000000061e-01 1.734999999999999876e-01 1.505000000000000226e-01 7.637499999999999845e-02 2.280000000000000082e-01 8.649999999999999356e-02 9.349999999999999978e-02 2.074999999999999900e-01 1.219999999999999973e-01 1.494999999999999940e-01 9.349999999999999978e-02 1.349999999999999985e-02 4.124999999999999500e-02 5.849999999999999645e-02 2.035000000000000142e-01 1.704999999999999849e-01 1.576250000000000151e-01 1.922500000000000042e-01 9.900000000000000466e-02 0.000000000000000000e+00 7.249999999999999500e-02 1.549999999999999989e-02 1.492499999999999938e-01 3.574999999999999706e-02 5.375000000000000611e-02 6.337500000000000078e-02 5.000000000000000278e-02 1.412499999999999867e-01 3.674999999999999795e-02 1.775000000000000189e-02 5.150000000000000411e-02 6.174999999999999933e-02 4.150000000000000216e-02 1.242499999999999993e-01 9.625000000000000222e-02 5.475000000000000006e-02 8.124999999999998890e-02 1.775000000000000189e-02 1.534999999999999976e-01 5.924999999999999711e-02 1.017500000000000071e-01 1.462500000000000189e-01 9.237499999999999878e-02 1.315000000000000058e-01 1.312500000000000056e-01 2.024999999999999717e-02 1.192499999999999949e-01 1.610000000000000042e-01 2.327499999999999847e-01 1.585000000000000020e-01 1.017500000000000071e-01 1.972499999999999809e-01 6.450000000000000178e-02 1.219999999999999973e-01 1.300000000000000044e-01 2.020000000000000129e-01 1.340000000000000080e-01 6.300000000000000044e-02 1.059999999999999970e-01 2.098750000000000060e-01 1.167499999999999927e-01 1.809999999999999942e-01 1.009999999999999926e-01 4.100000000000000172e-02 1.398749999999999993e-01
3.275000000000000133e-02 1.857499999999999984e-01 1.714999999999999858e-01 1.604999999999999760e-01 7.799999999999999989e-02 1.828750000000000098e-01 3.400000000000000244e-02 9.675000000000000266e-02 9.675000000000000266e-02 3.500000000000000333e-02 1.139999999999999902e-01 2.260000000000000064e-01 5.050000000000000322e-02 7.499999999999999722e-02 1.757500000000000173e-01 9.875000000000000444e-02 2.642499999999999849e-01 2.177499999999999991e-01 1.102500000000000008e-01 5.799999999999999600e-02 7.249999999999999500e-02 0.000000000000000000e+00 1.508749999999999813e-01 1.029999999999999943e-01 9.850000000000000422e-02 2.084999999999999909e-01 2.337500000000000133e-01 5.962499999999999745e-02 8.974999999999999645e-02 1.020000000000000073e-01 9.900000000000000466e-02 2.074999999999999900e-01 5.449999999999999289e-02 1.229999999999999982e-01 1.947500000000000064e-01 1.096250000000000002e-01 1.492499999999999938e-01 6.725000000000000422e-02 2.267500000000000071e-01 1.520000000000000240e-01 1.789999999999999925e-01 1.779999999999999916e-01 1.652500000000000080e-01 3.899999999999999994e-02 1.920000000000000040e-01 1.073749999999999982e-01 5.024999999999999606e-02 1.393749999999999989e-01 9.437500000000000056e-02 1.513749999999999818e-01 1.335000000000000075e-01 6.187499999999999944e-02 1.242499999999999993e-01 1.080000000000000127e-01 1.084999999999999992e-01 1.719999999999999862e-01 2.473749999999999838e-01 5.987500000000000461e-02 1.357500000000000095e-01 2.625000000000000111e-01 7.724999999999999922e-02 1.295000000000000040e-01 1.383749999999999980e-01 1.702500000000000124e-01 1.471250000000000058e-01 3.094999999999999973e-01
1.732500000000000151e-01 2.222500000000000031e-01 1.084999999999999992e-01 1.704999999999999849e-01 6.949999999999999234e-02 1.946249999999999925e-01 1.836249999999999827e-01 1.517499999999999960e-01 1.487499999999999933e-01 5.000000000000000278e-02 1.355000000000000093e-01 1.737500000000000155e-02 2.172499999999999987e-01 6.300000000000000044e-02 8.075000000000000233e-02 7.574999999999999789e-02 1.745000000000000162e-01 5.225000000000000477e-02 2.302500000000000102e-01 1.285000000000000031e-01 1.549999999999999989e-02 1.508749999999999813e-01 0.000000000000000000e+00 1.509999999999999953e-01 1.280000000000000027e-01 1.192499999999999949e-01 8.749999999999999098e-03 1.646250000000000213e-01 9.575000000000000178e-02 4.337499999999999689e-02 9.662500000000000255e-02 1.297500000000000042e-01 2.177499999999999991e-01 1.627500000000000058e-01 6.300000000000000044e-02 1.154999999999999916e-01 9.274999999999999911e-02 1.260000000000000009e-01 3.225000000000000089e-02 1.062499999999999972e-01 2.172499999999999987e-01 1.783750000000000058e-01 1.774999999999999911e-01 1.399999999999999856e-01 4.225000000000000283e-02 8.662500000000000755e-02 8.075000000000000233e-02 9.737500000000000322e-02 1.073749999999999982e-01 1.223749999999999977e-01 2.174999999999999989e-01 3.662500000000000477e-02 7.462499999999999689e-02 1.612500000000000044e-01 1.187499999999999944e-01 9.324999999999999956e-02 4.937499999999999528e-02 7.337499999999999578e-02 1.017500000000000071e-01 1.622500000000000053e-01 1.177500000000000074e-01 2.347500000000000142e-01 2.221249999999999891e-01 7.524999999999999745e-02 2.662500000000000283e-02 1.717500000000000138e-01
1.444999999999999896e-01 1.543750000000000122e-01 1.243750000000000133e-01 6.825000000000000511e-02 1.716249999999999998e-01 2.897500000000000075e-01 1.325000000000000067e-01 2.975000000000000214e-02 1.144999999999999907e-01 6.462500000000000189e-02 2.433749999999999802e-01 2.005000000000000115e-01 6.049999999999999822e-02 1.532499999999999973e-01 6.912499999999999201e-02 1.750000000000000167e-02 3.273750000000000271e-01 1.582500000000000018e-01 1.717500000000000138e-01 1.174999999999999933e-01 1.492499999999999938e-01 1.029999999999999943e-01 1.509999999999999953e-01 0.000000000000000000e+00 2.199999999999999872e-02 6.849999999999999145e-02 7.100000000000000755e-02 9.150000000000001188e-02 1.434999999999999887e-01 7.900000000000000078e-02 4.925000000000000211e-02 4.900000000000000189e-02 1.607500000000000040e-01 1.610000000000000042e-01 1.747500000000000164e-01 1.527499999999999969e-01 1.265000000000000013e-01 4.424999999999999767e-02 1.340000000000000080e-01 2.341249999999999998e-01 1.652500000000000080e-01 1.592500000000000027e-01 2.718749999999999778e-01 9.224999999999999867e-02 1.572500000000000009e-01 1.942499999999999782e-01 2.450000000000000094e-02 1.257500000000000007e-01 8.025000000000000189e-02 8.700000000000000788e-02 5.824999999999999623e-02 1.110000000000000014e-01 9.525000000000000133e-02 5.099999999999999672e-02 1.325000000000000067e-01 1.804999999999999938e-01 7.975000000000000144e-02 1.162499999999999922e-01 2.540000000000000036e-01 3.800000000000000600e-02 6.350000000000000089e-02 5.299999999999999850e-02 1.197499999999999953e-01 1.149999999999999911e-01 1.475000000000000200e-01 1.139999999999999902e-01
