1.000000000000000000e+00 1.191247758846529087e-01 1.041269970618883545e-01 1.333496139447294671e-01 2.134880119227778872e-01 1.682429435673012952e-01 1.482640874754376781e-01 2.048655722784399891e-01 8.446144004327546528e-02 1.444152337618091475e-01 1.313751827377703796e-01 8.969030584536694106e-02 1.761873532831758349e-01 1.747101354343582880e-01 1.245939444725935458e-01 1.662591961983289623e-01 2.167701268972752615e-01 1.042774600784401318e-01 2.906533654446049608e-01 3.422154834319136862e-02 1.037453381646741279e-01 6.612435891346857275e-02 2.666763296147203199e-01 1.138212234385479749e-01 1.646887313094883287e-01 2.352600284446677015e-01 1.218680617870459004e-01 4.677672301509443187e-02 1.919672100244492197e-01 1.925737991488744028e-01 1.262449659557676462e-01 2.004395845852280922e-01 1.461285920617493850e-01 8.714082246732407500e-02 1.722182971273801266e-01 2.100412217750619037e-01 2.565551558765977180e-01 1.639328378325499158e-01 1.884160168742778363e-01 1.737613749972083954e-01 2.014818710989434158e-01 1.147115110327769638e-01 1.721507092354808144e-01 6.204092184550032141e-02 8.736642894935381376e-02 2.371530625626951938e-01 1.242066478471653967e-01 1.693128462504384646e-01 1.272207109637042977e-01 2.603929597299452503e-01 1.116953432802550994e-01 1.420819392012547255e-01 9.996019339240549972e-02 2.620635786861711947e-01 1.718187233456009155e-01 2.569080463700377792e-01 1.532840141921479882e-01 1.998829723821702320e-01 1.384016900478450829e-01 1.723952057116656666e-01 7.709383499417296615e-02 1.449989833225709956e-01 1.747237053414875396e-01 8.038996916050963892e-02 1.822680010033099762e-01 9.217294298410178000e-02
1.191247758846529087e-01 1.000000000000000000e+00 7.289286710465442409e-02 1.384130330050493685e-01 2.379565720809896368e-01 1.795879572780950673e-01 1.976457525577187402e-01 1.360145115670611804e-01 1.960600884679412903e-01 1.344470414093585364e-01 2.276455797693208161e-01 2.039251744241266928e-01 1.617845246872371689e-01 1.544333861153024956e-01 1.602964719165630991e-01 2.157736413187355817e-01 1.345158757677293315e-01 2.974358444591868045e-01 1.200284945036824702e-01 7.351461246567894681e-02 1.756543595728081719e-01 2.326628646761507713e-01 2.139571790563968845e-01 1.776859673009204554e-01 1.100781189919758096e-01 2.258563109112314005e-01 1.243850415594652259e-01 4.322696382829743084e-02 1.167811984068646558e-01 1.787368744507639440e-01 1.592181425205846934e-01 1.167827428579850529e-01 1.897644085162777938e-01 2.035889985185322382e-01 2.537122016832094040e-01 1.992638574338612412e-01 1.248599128991630669e-01 1.320733879854192883e-01 1.113598337225751023e-01 2.114495081448326541e-01 6.699032092547135830e-02 1.035660430253571573e-01 1.117610336387544756e-01 1.596786024079225041e-01 1.040017865326317847e-01 1.725428738698923659e-01 1.822095256927762641e-01 1.071027168302729066e-01 1.679259028780266949e-01 7.291046103030726644e-02 1.662371599173384507e-01 1.227072543845979108e-01 1.875434819223472382e-01 2.485604329930560796e-01 1.178724347894530011e-01 1.654963868610221378e-01 1.508607244683233262e-01 1.290654226230732726e-01 1.702383025406898065e-01 2.207190476755604147e-01 4.590831972540480865e-02 9.912978508329700622e-02 1.547696008741585860e-01 3.491665287493389558e-01 2.158139877827126019e-01 1.354418149361400481e-01
1.041269970618883545e-01 7.289286710465442409e-02 1.000000000000000000e+00 2.848527200425117201e-01 1.640810295359367288e-01 1.255957193677184613e-01 1.720489649731883064e-01 1.746850329309946881e-01 1.170179685941969694e-01 7.508920550417147455e-02 2.923864279931541188e-01 8.084012618379693427e-02 9.423582202548344555e-02 1.384641264719305709e-01 1.560895940608831023e-01 1.740301459377932014e-01 2.295111444347247842e-01 1.829172141693121145e-01 2.053574428339164926e-01 1.772996264669528255e-01 1.878238031948827880e-01 1.785638030987819480e-01 2.203374409253372468e-01 1.598773693286622000e-01 1.547450130725818718e-01 2.054262454117574133e-01 1.042093008984653901e-01 9.565640855549942256e-02 1.943978144088734927e-01 8.297774418872354285e-02 1.632112637579453962e-01 1.339483743829669171e-01 1.063566844448706472e-01 2.022315454941554513e-01 2.104497003393302756e-01 1.140947557927086964e-01 9.348682924227975921e-02 8.566846587113192968e-02 1.158643990809974655e-01 7.622943370689741482e-02 2.398229441957243357e-01 1.581864800548432315e-01 9.781985341045237869e-02 2.189608112761662340e-01 1.298626936524983622e-01 2.331602983892778758e-01 3.423902371937046496e-01 1.481544738812866635e-01 2.109939734473412210e-01 1.933642826236831036e-01 2.605708242261954299e-01 8.854433614301289446e-02 2.626869148394476716e-01 2.106058631712230955e-01 3.214561829562695983e-01 1.931114946853665360e-01 1.366827803592041701e-01 1.523935807194615744e-01 5.352083080262451387e-02 1.814915169116090299e-01 2.219440177763852551e-01 1.061514341838802750e-01 1.221580775265559415e-01 1.441446363950070197e-01 1.423128411713324160e-01 8.408505027992255187e-02
1.333496139447294671e-01 1.384130330050493685e-01 2.848527200425117201e-01 1.000000000000000000e+00 1.664765252463498157e-01 8.961961826153269639e-02 1.218600395200411524e-01 2.137188034002307502e-01 1.642017147279251077e-01 1.264750813926600048e-01 1.642142180476183766e-01 1.408263827249985334e-01 1.505158965378253777e-01 8.043768084268657081e-02 5.591546536114357091e-02 1.489568065846003930e-01 1.945676153693111643e-01 1.736237964758003960e-01 1.370456356486257632e-01 1.500625775128824890e-01 2.025830462883694838e-01 2.152168771163149585e-01 9.123994096584747693e-02 7.502034372023810849e-02 1.410080200742692136e-01 1.340829766702996972e-01 2.051242020181937020e-01 1.848986158435482197e-01 1.553902968964298859e-01 1.383332039084416154e-01 1.722746435756524752e-01 2.362434823461937450e-01 2.591931540137067391e-01 8.541233164626700625e-02 1.629666196784244070e-01 1.399984866067804645e-01 2.016087826845316400e-01 1.581840951855341126e-01 6.039932957259167706e-02 1.184881416583471181e-01 1.645390583771049187e-01 2.535315808253285064e-01 1.834705183601221257e-01 1.675473296305810822e-01 3.282867839298166945e-01 1.531907887017714964e-01 2.515612960907899209e-01 2.110160312026667095e-01 1.580544003962919830e-01 2.447676438898331863e-01 1.133577342872944815e-01 1.389429279288612595e-01 1.963842400596523263e-01 1.191009334009638099e-01 1.659058655477514965e-01 2.469299985347926663e-01 1.786830757471553621e-01 9.624980007010616734e-02 2.153661466922036360e-01 1.682809752517396285e-01 2.049643587353916496e-01 7.888809757761659769e-02 1.001190690170612740e-01 2.383575073441356051e-01 1.510450123555308888e-01 1.566293004263228372e-01
2.134880119227778872e-01 2.379565720809896368e-01 1.640810295359367288e-01 1.664765252463498157e-01 1.000000000000000000e+00 1.538192134242419573e-01 9.746659237250425434e-02 1.215752359345751432e-01 1.136930277879343726e-01 2.183559372604955140e-01 2.808599069791402059e-01 7.705820536081564587e-02 1.470592698325241809e-01 1.510932834711546935e-01 1.358201520222074854e-01 2.346748034516604187e-01 8.847630534443390316e-02 1.964481309423180000e-01 1.219663943419647956e-01 2.025155753644183321e-01 9.105535375120871189e-02 1.569194357633045822e-01 7.965854372181158105e-02 1.233747084550916723e-01 1.563620861661841333e-01 2.409968564629783594e-01 7.480765251936692672e-02 7.795794325396827873e-02 2.841183116160019284e-01 1.335448880001856575e-01 8.886098022063639024e-02 9.044499444365082519e-02 2.201076828754208736e-01 1.168493584745315117e-01 1.919514477917856343e-01 1.323143881165252944e-01 1.854440052947477907e-02 2.054881013754888686e-01 1.868444078275480202e-01 1.334595162434497606e-01 6.740229759574267732e-02 1.925961930770297426e-01 9.240538107295449832e-02 7.580322708270362253e-02 8.876746800287275974e-02 1.182396512620718515e-01 1.162923957573028522e-01 1.425790135833964190e-01 2.782569769773142188e-01 1.274408222313099248e-01 9.125181270120895360e-02 3.142551264196452587e-02 2.288111949435672754e-01 1.378769394492813105e-01 1.414905281752995847e-01 1.771586704467585927e-01 6.631290735002232095e-02 1.312172519179660712e-01 7.789120299553110860e-02 3.057829726064275055e-01 8.276891458413268565e-02 9.286499656778082756e-02 1.122943588273720428e-01 1.579113057036770629e-01 2.547641243600494154e-01 1.475561406944025100e-01
1.682429435673012952e-01 1.795879572780950673e-01 1.255957193677184613e-01 8.961961826153269639e-02 1.538192134242419573e-01 1.000000000000000000e+00 1.252077248296608325e-01 1.484403386718659290e-01 1.799312368041343924e-01 1.466106646088678189e-01 1.286683812443899511e-01 1.845381097886165112e-01 1.522629685945416644e-01 1.787450836471303761e-01 2.014011521365133839e-01 2.851901283596073311e-01 1.013757041816383958e-01 9.561005956415202789e-02 1.140941384775737838e-01 6.699017777830078291e-02 2.307523478093576885e-01 2.238276046602283853e-01 1.714311049238714801e-01 2.857889829652673908e-01 5.476737348288603091e-02 2.195725867608466220e-01 1.148563813291633429e-01 1.166524642829751546e-01 1.148495342072377995e-01 2.265192416193953506e-01 1.450685182143549579e-01 1.383159015909603828e-01 1.043692929045514223e-01 1.620347982683906785e-01 1.878145466280366771e-01 2.339265486981916831e-01 2.025388534146397856e-01 1.795797931988883933e-01 1.465968117470481114e-01 1.903055468343437528e-01 4.914395346121050445e-02 2.246847311408225467e-01 2.837268242431626453e-01 1.604453506385066786e-01 1.540091988008108759e-01 1.798063246462652254e-01 9.757422427416831412e-02 1.720500124114987539e-01 1.429051780063489985e-01 2.099988459115941231e-01 1.177246277161480004e-01 1.551285818654126458e-01 2.472923398317413146e-01 1.568018278382657948e-01 8.619504475103141605e-02 1.796695770339549747e-01 9.528496461962385200e-02 2.052932228903980305e-01 1.401660443648450050e-01 2.381119211169746286e-01 3.203711281038965630e-01 1.405396434876773348e-01 9.683095102177252667e-02 2.005673245384181347e-01 2.329316661425543111e-01 9.241936703153708077e-02
1.482640874754376781e-01 1.976457525577187402e-01 1.720489649731883064e-01 1.218600395200411524e-01 9.746659237250425434e-02 1.252077248296608325e-01 1.000000000000000000e+00 2.622454525486760391e-01 1.556823360217859387e-01 9.529378115165347551e-02 1.447378962690522020e-01 1.125414240609628191e-01 1.403837961331305673e-01 7.661118008790877842e-02 1.259409254163832981e-01 1.059360850242890839e-01 2.697270955969701123e-01 1.532926404128744924e-01 1.731202846078744861e-01 6.543206378802172984e-02 1.650630723483371698e-01 5.311668612225016461e-02 1.645792185581921863e-01 1.753537518258467820e-01 1.278466450680352251e-01 2.169543941350971228e-01 2.237753846203608954e-01 1.153719607565521776e-01 6.060204854082301001e-02 1.409308701499447924e-01 1.937642903335471956e-01 1.508792215834687811e-01 1.444256584823622458e-01 1.198198953192824989e-01 2.277937334408574044e-01 1.921107436659071355e-01 1.649718099171663954e-01 6.722834473303826441e-02 1.448166140542568869e-01 1.524464287877554947e-01 1.806749089937787489e-01 9.806759085798075204e-02 1.816205332079661172e-01 1.709058786568815880e-01 2.318962898258482563e-01 1.123825163297380858e-01 1.303128859021266683e-01 1.284288627200782518e-01 2.865367001582230788e-02 1.160572454238122664e-01 1.455075917449967782e-01 1.782078268177546276e-01 1.661975043060327506e-01 1.208710632245250660e-01 2.163006995503264362e-01 1.345945786511485165e-01 9.978377497678642127e-02 1.781578401310565662e-01 2.537160687891019117e-01 1.723475723532106318e-01 1.016907946294353660e-01 1.111171179549894500e-01 2.025040527136849899e-01 2.570029942351856334e-01 1.961813054837477921e-01 1.875887456283228671e-01
2.048655722784399891e-01 1.360145115670611804e-01 1.746850329309946881e-01 2.137188034002307502e-01 1.215752359345751432e-01 1.484403386718659290e-01 2.622454525486760391e-01 1.000000000000000000e+00 9.787141411257332946e-02 1.446982710126905602e-01 1.310423125784536125e-01 1.230024318275694944e-01 1.490391416665068636e-01 9.904292378462523083e-02 1.129835908324041405e-01 1.451379759805089265e-01 1.004115072581380497e-01 1.405961623258082660e-01 1.252467682603224386e-01 1.095870509663021963e-01 1.060991955879868054e-01 6.362982869528038821e-02 1.596014807399279978e-01 6.546839379360309963e-02 2.008638112736916281e-01 1.120395853376410233e-01 1.278641342241102485e-01 1.735517980338175392e-01 1.366822575467760426e-01 7.552102583325695506e-02 1.587073532548618771e-01 1.591629100783554240e-01 1.228975569491336239e-01 1.089430330547073722e-01 2.352250030944585402e-01 1.901457512723948584e-01 2.040185406023611314e-01 1.667178331697817262e-01 1.283822698491342007e-01 1.885721527931297214e-01 2.134461598459204135e-01 1.434717117446994705e-01 1.509519407801442892e-01 6.001473387909633805e-02 1.373295265466731863e-01 2.134973092897199942e-01 2.205112464578022902e-01 1.786727636116957341e-01 9.747594375896498353e-02 1.710946975543931048e-01 1.193207088036353364e-01 2.037533471117586870e-01 6.077478633072319614e-02 1.062053763251261385e-01 1.609617096639709422e-01 1.804708186036616258e-01 1.979625078762843327e-01 1.159973118135823322e-01 1.494143306862699139e-01 1.977478839526351506e-01 9.791133231362425526e-02 7.991974318092603946e-02 2.107905201995213806e-01 1.629122898268658137e-01 1.307255918820986462e-01 8.876513145394392124e-02
8.446144004327546528e-02 1.960600884679412903e-01 1.170179685941969694e-01 1.642017147279251077e-01 1.136930277879343726e-01 1.799312368041343924e-01 1.556823360217859387e-01 9.787141411257332946e-02 1.000000000000000000e+00 1.524953577144572692e-01 9.761023219688172436e-02 1.479948331539971962e-01 1.252184566300187374e-01 1.879634790650046572e-01 2.240404573326216231e-01 1.165393615909012942e-01 1.175163086322962014e-01 1.366931478308423542e-01 1.382335112345786932e-01 1.084846163760637139e-01 2.290403358208885076e-01 1.653019587498953391e-01 2.053261080253609705e-01 1.079006481158941433e-01 1.353250739758853349e-01 1.670646258888200120e-01 9.442715401597388813e-02 2.222507795928048702e-01 6.098537807229842400e-02 1.248985364275728427e-01 9.525630677925304990e-02 1.919587430937487460e-01 2.424179523386255086e-01 5.094427037211572695e-02 6.707988883600746188e-02 1.452505877079510177e-01 1.382355507246083581e-01 9.772976302179925412e-02 2.050128971935888944e-01 9.884592066550827727e-02 1.220300219580967294e-01 1.662383850442167299e-01 1.344481394898551230e-01 1.460172449840564379e-01 5.184922001755618015e-02 2.108890057354655956e-01 1.275503345755829021e-01 1.671325353308907857e-01 2.429140558864135158e-01 9.555772935272660584e-02 1.463979886682761911e-01 1.509036463845621068e-01 1.721386807868033608e-01 1.994857246707856802e-01 1.605287109044144234e-01 1.855870530456190104e-01 2.433632120772551977e-01 1.303723198887771217e-01 1.323349528487834104e-01 7.747346273039773523e-02 1.478291430741800749e-01 1.092411417095949938e-01 7.001621040295458176e-02 1.396318133363510516e-01 3.137866974987091329e-01 5.547800452197199084e-02
1.444152337618091475e-01 1.344470414093585364e-01 7.508920550417147455e-02 1.264750813926600048e-01 2.183559372604955140e-01 1.466106646088678189e-01 9.529378115165347551e-02 1.446982710126905602e-01 1.524953577144572692e-01 1.000000000000000000e+00 1.545351949963982008e-01 2.116330015267430531e-01 1.170337541886546651e-01 1.648672605394589374e-01 1.754986315072757375e-01 1.046286353192829588e-01 1.452513227194499879e-01 7.354278108088085908e-02 5.676210747634494180e-02 2.538823311865855414e-01 1.052423918605924491e-01 1.083153932172791767e-01 4.548333587782804610e-02 1.506824433212672620e-01 1.337337199290306589e-01 2.038111849450087165e-01 1.402277764071255262e-01 8.097711629340723083e-02 7.654989933773995170e-02 6.266534519373231915e-02 9.877894548644683415e-02 2.154905585634475929e-01 1.724716927235133423e-01 1.430093654175215445e-01 2.118550668389595493e-01 1.343599096397733172e-01 1.140544878042999977e-01 2.692874622131155582e-01 1.174902490873504513e-01 1.078133446312353194e-01 1.667366730711594136e-01 1.628194821914609181e-01 9.083991313102926513e-02 1.704460774937946177e-01 1.424018197616293557e-01 2.697790415108222151e-01 7.637175962148382014e-02 1.600644079922630136e-01 7.563524093047892249e-02 1.255646313589909302e-01 1.750741557770558732e-01 1.552600215980145248e-01 1.054310738175040646e-01 2.254248118780009247e-01 1.368437691661390510e-01 1.586579533101338257e-01 1.681631945002322048e-01 2.203462752790206758e-01 1.738576904904824971e-01 1.095756351919070504e-01 1.961112488931378572e-01 1.309421075651323318e-01 6.037068499818937922e-02 1.650110478791098068e-01 1.065666122041171171e-01 2.243687085822421434e-01
1.313751827377703796e-01 2.276455797693208161e-01 2.923864279931541188e-01 1.642142180476183766e-01 2.808599069791402059e-01 1.286683812443899511e-01 1.447378962690522020e-01 1.310423125784536125e-01 9.761023219688172436e-02 1.545351949963982008e-01 1.000000000000000000e+00 1.128385529869470327e-01 7.198628381709273882e-02 9.361367906455252130e-02 1.464284166456688852e-01 1.429373035223547306e-01 1.666652214612982519e-01 8.734125668940212472e-02 1.221021583953722095e-01 1.829170331119628901e-01 1.631963582855014971e-01 1.068812259399985892e-01 9.486475144679359928e-02 1.615597084418316232e-01 4.257905790385407840e-02 1.482204197257410150e-01 1.787194285405972194e-01 1.096434779291351608e-01 1.664486595660594759e-01 1.585990515190210948e-01 1.145728211185493145e-01 1.838067992727970834e-01 1.077451360919973455e-01 2.290426733313060681e-01 1.865930289317908053e-01 1.479254008736894388e-01 4.690387632306147747e-02 1.916738063006437343e-01 2.509372141749598994e-01 1.074720869504467435e-01 1.725283067047240493e-01 1.656643571919153013e-01 1.337334302739478231e-01 7.145334070474268495e-02 1.422435691122927726e-01 3.188040172673721750e-01 1.619129975371920716e-01 2.512015421057336440e-01 1.224624378333660779e-01 1.787254738693645484e-01 2.300194810627767261e-01 1.064527133099179707e-01 8.096312830720264753e-02 8.851648072627818498e-02 1.275140153487659966e-01 8.466289615442837424e-02 2.244987990827954638e-01 1.364338112881934573e-01 1.051428079952801964e-01 1.574742411650353613e-01 1.674213269015024652e-01 1.570972252761390908e-01 2.271634734644065179e-01 2.740564503942792829e-01 1.714980105881664385e-01 9.995502637137290702e-02
8.969030584536694106e-02 2.039251744241266928e-01 8.084012618379693427e-02 1.408263827249985334e-01 7.705820536081564587e-02 1.845381097886165112e-01 1.125414240609628191e-01 1.230024318275694944e-01 1.479948331539971962e-01 2.116330015267430531e-01 1.128385529869470327e-01 1.000000000000000000e+00 2.619696758403992631e-01 1.289616344677828041e-01 1.448121772942671526e-01 1.221692882379880191e-01 7.680449316246086566e-02 8.154209567344170018e-02 7.491807295573944814e-02 2.343104613838946360e-01 8.465412309124659140e-02 1.405695224023708612e-01 1.512599449395700124e-01 1.502245078425821501e-01 7.738993693671958329e-02 1.215334176400667821e-01 2.241381769112060218e-01 1.798688419071481359e-01 9.227475615051383695e-02 1.688805770075337276e-01 2.005583883563249736e-01 8.427826482322106627e-02 2.079260569060142894e-01 1.640398679326212916e-01 1.819301514786352270e-01 1.488590902076141753e-01 1.930956209742574758e-01 2.034089930116061429e-01 1.120447295879543892e-01 1.656628185582279533e-01 1.603100673433059953e-01 1.096984944020987507e-01 1.028591350829626550e-01 1.807466357934293388e-01 1.251801061440206975e-01 2.323256446296782518e-01 9.139772798679207666e-02 1.792799185729095357e-01 1.507332927042316639e-01 2.045345671566949908e-01 1.090432078049713149e-01 2.898109951233903137e-01 7.363346196987274883e-02 2.402181182244993995e-01 1.198090322331528262e-01 8.083069650131681494e-02 1.042071576093309554e-01 1.336623796070081083e-01 6.777772836067175177e-02 1.210372919010027914e-01 2.188649122388221513e-01 1.821343231744525781e-01 1.335888944132970213e-01 1.569485216012000139e-01 1.781962749684136149e-01 1.724862358623930891e-01
1.761873532831758349e-01 1.617845246872371689e-01 9.423582202548344555e-02 1.505158965378253777e-01 1.470592698325241809e-01 1.522629685945416644e-01 1.403837961331305673e-01 1.490391416665068636e-01 1.252184566300187374e-01 1.170337541886546651e-01 7.198628381709273882e-02 2.619696758403992631e-01 1.000000000000000000e+00 1.056433051223902436e-01 2.104121155745385940e-01 1.491407750472839577e-01 1.422978823604933718e-01 1.488546912704172276e-01 2.336775026727396787e-01 1.988676643064649086e-01 2.192494620939564598e-01 1.292439935104402471e-01 1.931012689891323797e-01 1.198938510352860476e-01 1.589703428831767962e-01 4.397639929500762879e-02 7.199651099738584026e-02 4.120608228846429216e-02 1.447048637587236564e-01 1.994078670878349779e-01 1.003696032254192683e-01 9.006616155981531091e-02 1.719520480619217140e-01 1.769595141622232470e-01 1.568602322412689654e-01 1.669958825237222722e-01 2.301292116495818330e-01 9.310103458384154373e-02 9.745094229944199771e-02 1.165960849257429571e-01 1.439231038294525589e-01 1.085529074594454163e-01 2.217432869421677721e-01 1.891117768323830606e-01 8.922712887747807908e-02 1.254660496622968247e-01 7.644852183508379917e-02 2.792427408396782607e-01 1.876101164182004677e-01 7.307272216778828988e-02 1.732063362838161535e-01 1.102837128933217975e-01 8.917088928039257345e-02 1.831131386570894470e-01 2.339467948723608082e-01 1.648676877743505964e-01 1.733924304477152400e-01 1.361182497733432473e-01 1.224905329849831082e-01 3.022688320180960675e-01 7.989086692824226565e-02 1.404547339541432072e-01 1.746384479526048861e-01 9.945612360370284510e-02 5.272230719516149411e-02 1.260260551808308205e-01
1.747101354343582880e-01 1.544333861153024956e-01 1.384641264719305709e-01 8.043768084268657081e-02 1.510932834711546935e-01 1.787450836471303761e-01 7.661118008790877842e-02 9.904292378462523083e-02 1.879634790650046572e-01 1.648672605394589374e-01 9.361367906455252130e-02 1.289616344677828041e-01 1.056433051223902436e-01 1.000000000000000000e+00 1.588150433592112054e-01 1.400273809230611899e-01 1.186477519292493399e-01 1.908404158949142115e-01 1.553037837136997668e-01 1.404065130175680132e-01 5.256840687142923241e-02 1.510452331634988821e-01 6.270247145373503139e-02 1.638684683614795023e-01 1.298944772506629153e-01 2.025153440561665574e-01 5.018181959808550030e-02 7.961289588593199740e-02 1.321902434257051506e-01 2.089736123041161242e-01 2.296512306579842067e-01 2.058713767082209767e-01 1.770879968683947703e-01 1.734812384775890615e-01 4.371426227730856873e-02 2.207914459764810933e-01 1.680568527023538761e-01 1.096864459740270747e-01 1.792468451442086053e-01 2.401814408020270797e-01 1.505393867745186687e-01 2.233406716004801285e-01 1.363055159029439023e-01 2.320775995779356671e-01 1.434582978150358290e-01 1.640701270279808499e-01 2.202319819421823810e-01 1.485901842346570856e-01 1.102313645829692129e-01 1.053749395496310637e-01 1.241159425628159119e-01 7.550113431184535262e-02 2.242767560223606071e-01 1.372701849197150992e-01 1.628042827831791550e-01 1.406029050987945006e-01 1.109086259287095505e-01 1.316638736583909675e-01 1.852234049969067042e-01 1.227142003169739704e-01 2.453410423103827634e-02 8.892957354318781205e-02 2.120829073418568633e-01 1.358082079015269228e-01 1.574767293083997877e-01 1.279243851178837599e-01
1.245939444725935458e-01 1.602964719165630991e-01 1.560895940608831023e-01 5.591546536114357091e-02 1.358201520222074854e-01 2.014011521365133839e-01 1.259409254163832981e-01 1.129835908324041405e-01 2.240404573326216231e-01 1.754986315072757375e-01 1.464284166456688852e-01 1.448121772942671526e-01 2.104121155745385940e-01 1.588150433592112054e-01 1.000000000000000000e+00 1.527327682096719652e-01 1.661381783795498612e-01 1.446470210667888667e-01 2.232145161480493245e-01 1.855255162119503753e-01 1.158475258153525977e-01 2.047698066763298796e-01 1.037977961605871802e-01 5.686043410604837284e-02 6.632289408143504650e-02 1.305014801258099488e-01 3.206732932869412189e-01 1.545643494141285545e-01 1.612550354411232956e-01 1.769318826044800064e-01 1.456497955404938149e-01 1.690009494687693958e-01 1.053204265620626690e-01 1.341800458354756587e-01 1.069548306414321859e-01 1.130468917688850078e-01 6.076707412098378280e-02 2.263688803764200008e-01 1.359273083276931193e-01 2.419575189218706457e-01 9.945733542562797125e-02 1.919202245928175177e-01 1.080470453340909159e-01 1.525911177618050618e-01 1.891057825879235432e-01 1.161120625769805903e-01 1.612590137228266385e-01 1.915682597937762854e-01 1.383708148441805952e-01 1.942335283445462135e-01 4.984621544296391482e-02 2.799562557063044466e-01 2.540529675620899486e-01 2.684428339486223392e-01 5.676608462886780643e-02 1.414746176076791817e-01 1.786819747756752674e-01 1.150985759119945440e-01 1.920364789959917717e-01 2.244399481775546934e-01 9.827967520345062824e-02 1.846185307445509793e-01 1.375180400940343439e-01 1.547789403415146536e-01 1.168798735058998034e-01 1.188019358690621530e-01
1.662591961983289623e-01 2.157736413187355817e-01 1.740301459377932014e-01 1.489568065846003930e-01 2.346748034516604187e-01 2.851901283596073311e-01 1.059360850242890839e-01 1.451379759805089265e-01 1.165393615909012942e-01 1.046286353192829588e-01 1.429373035223547306e-01 1.221692882379880191e-01 1.491407750472839577e-01 1.400273809230611899e-01 1.527327682096719652e-01 1.000000000000000000e+00 1.757171357848582582e-01 1.631277306772787594e-01 1.279875086677747520e-01 1.063878857439286424e-01 3.279578451022445162e-01 1.322496630399696282e-01 5.426357403519278810e-02 1.454980899899633862e-01 2.468793459130845802e-01 1.468081120163905740e-01 9.728765567816524684e-02 7.644407593687239932e-02 1.901680282124337817e-01 1.743218261369846034e-01 1.782533259220438482e-01 1.061841684208957859e-01 1.294672564637134315e-01 9.853548367419490139e-02 2.421940523818659208e-01 1.461625540022948866e-01 9.563438540566161772e-02 1.971087882381266088e-01 1.069742506610353583e-01 1.472002068389139384e-01 1.791193929962396070e-01 1.608506203732336381e-01 2.073230143380660750e-01 1.573256969766589630e-01 2.185424382605277160e-01 9.714078138573738197e-02 4.432558714092676294e-02 1.299971044085553584e-01 7.527753886636262548e-02 2.833846756499286412e-01 1.645368058723461480e-01 2.511269498825627888e-01 2.891893830879384564e-01 1.947201696387228786e-01 1.494456952190501842e-01 2.688551434601504919e-01 1.062391140414390006e-01 1.085858248272051907e-01 1.182884383770445164e-01 1.584052610524084859e-01 3.439188738381043775e-01 1.528558239584686951e-01 8.906700968731874613e-02 2.328802013131855142e-01 5.380330058873347698e-02 2.145761354054865344e-01
2.167701268972752615e-01 1.345158757677293315e-01 2.295111444347247842e-01 1.945676153693111643e-01 8.847630534443390316e-02 1.013757041816383958e-01 2.697270955969701123e-01 1.004115072581380497e-01 1.175163086322962014e-01 1.452513227194499879e-01 1.666652214612982519e-01 7.680449316246086566e-02 1.422978823604933718e-01 1.186477519292493399e-01 1.661381783795498612e-01 1.757171357848582582e-01 1.000000000000000000e+00 1.167660881300090214e-01 1.960806056361660277e-01 1.811678514564145082e-01 1.963604155775455773e-01 2.745847472670971401e-01 1.611033122410499840e-01 2.524366798002064538e-01 1.453566439522255560e-01 3.008053650688785607e-01 1.729928962993086961e-01 1.556111401445145759e-01 7.130271454237299689e-02 1.475676302284515407e-01 9.689152302672082717e-02 9.087482996319340423e-02 1.262072202869835014e-01 2.102834758704488771e-01 1.790640494540746419e-01 1.672734050611956180e-01 1.607346586492008900e-01 6.843917199421546693e-02 2.454600647794297208e-01 1.695763065822587512e-01 2.483232459611855458e-01 6.500266958737062339e-02 1.998487850213304662e-01 2.795674453342824606e-01 1.456091102241045543e-01 2.530931511968897984e-01 1.870844921909249892e-01 1.585924482316829753e-01 8.092889155214852415e-02 1.706500497806947014e-01 1.268184133544610626e-01 1.129978301152570058e-01 2.158153772901003631e-01 1.424661655173024288e-01 1.904777682128308003e-01 2.471421140318728060e-01 1.017797446330156452e-01 1.601122459213496496e-01 1.316119146138425289e-01 1.408992791766585928e-01 1.722428342823589253e-01 2.217429456039404501e-01 2.560106322286966885e-01 1.306335428752265770e-01 1.960951613383843939e-01 1.054390339279534516e-01
1.042774600784401318e-01 2.974358444591868045e-01 1.829172141693121145e-01 1.736237964758003960e-01 1.964481309423180000e-01 9.561005956415202789e-02 1.532926404128744924e-01 1.405961623258082660e-01 1.366931478308423542e-01 7.354278108088085908e-02 8.734125668940212472e-02 8.154209567344170018e-02 1.488546912704172276e-01 1.908404158949142115e-01 1.446470210667888667e-01 1.631277306772787594e-01 1.167660881300090214e-01 1.000000000000000000e+00 6.287717021489580560e-02 2.153044073856434926e-01 1.664815417901114036e-01 1.899503047753201279e-01 1.350333442933350780e-01 1.236644110534102226e-01 9.196364787124486351e-02 1.058947829085478132e-01 7.446180258830796539e-02 8.908482166690179227e-02 3.197239318836468669e-02 8.977870150311312303e-02 1.704272196969213726e-01 1.838380892070587136e-01 1.381126865485515498e-01 1.814575485524216880e-01 2.619714613281471371e-01 1.409631579080823649e-01 2.149756731251180053e-01 1.093819236531698991e-01 9.854891085044721610e-02 1.025974443209940606e-01 1.763484933694248746e-01 2.124176727397496522e-01 3.108629417260749261e-01 2.040868616945271108e-01 4.739187617228220184e-02 1.292946223654853344e-01 3.207347130171639416e-01 2.045412509565183723e-01 8.748866905467669874e-02 1.056287288026200866e-01 2.348245535455742994e-01 2.946063690292816672e-01 1.931899343556855997e-01 7.652997877400335991e-02 1.457826276198058157e-01 4.382981270872507440e-02 1.311245453802059591e-01 1.386721795910139665e-01 1.848932250630443419e-01 1.520605127235197807e-01 9.085802616699938106e-02 1.459879871892462710e-01 8.543114840362374396e-02 1.527076406282085186e-01 1.849935905517494372e-01 1.398254246296903869e-01
2.906533654446049608e-01 1.200284945036824702e-01 2.053574428339164926e-01 1.370456356486257632e-01 1.219663943419647956e-01 1.140941384775737838e-01 1.731202846078744861e-01 1.252467682603224386e-01 1.382335112345786932e-01 5.676210747634494180e-02 1.221021583953722095e-01 7.491807295573944814e-02 2.336775026727396787e-01 1.553037837136997668e-01 2.232145161480493245e-01 1.279875086677747520e-01 1.960806056361660277e-01 6.287717021489580560e-02 1.000000000000000000e+00 1.097056014913295879e-01 2.080065739085910637e-01 7.106044257343027692e-02 1.628302837301536798e-01 2.964031048372141042e-01 1.467903542047870047e-01 2.024621400816749017e-01 2.203539729102738376e-01 1.712965482397126316e-01 2.287859838236120935e-01 2.574368368176831456e-01 2.115927164999564791e-01 2.809263815061584513e-01 1.081595665879835078e-01 2.747366689102954118e-01 1.411983695594277166e-01 1.949355532633230692e-01 1.458026986459950436e-01 1.335030924300323885e-01 1.738714753973974458e-01 8.130471705576185204e-02 1.281089922345684806e-01 1.670591228877645329e-01 1.603234201303126438e-01 1.730201909959213080e-01 1.141793563860222516e-01 2.098887619429995466e-01 1.469595584895419249e-01 1.580036536975387984e-01 1.252716601158570531e-01 8.776130663177571234e-02 1.116095697152416216e-01 1.955240476175941766e-01 1.602415766379625128e-01 1.257025084328552977e-01 1.464286058796300805e-01 1.262712339194479449e-01 2.238630987546260664e-01 1.730749942311250456e-01 1.220243795107579798e-01 1.212198898890788079e-01 1.442647647308041570e-01 1.451699721590186121e-01 2.018035733197024451e-01 1.148159303083283733e-01 1.014024769352181166e-01 8.651809562677845178e-02
3.422154834319136862e-02 7.351461246567894681e-02 1.772996264669528255e-01 1.500625775128824890e-01 2.025155753644183321e-01 6.699017777830078291e-02 6.543206378802172984e-02 1.095870509663021963e-01 1.084846163760637139e-01 2.538823311865855414e-01 1.829170331119628901e-01 2.343104613838946360e-01 1.988676643064649086e-01 1.404065130175680132e-01 1.855255162119503753e-01 1.063878857439286424e-01 1.811678514564145082e-01 2.153044073856434926e-01 1.097056014913295879e-01 1.000000000000000000e+00 2.060107503574989951e-01 5.590128821478908272e-02 1.136978395996110780e-01 1.217498982152008247e-01 1.072926406751071593e-01 2.151488531787174863e-01 1.379459710526268479e-01 1.190600343182875581e-01 1.589221644513170995e-01 1.641408808855457646e-01 2.496134272116238839e-01 2.061197638433996948e-01 1.056363422705883515e-01 2.657162964008983330e-01 1.599123198133987900e-01 1.092181221961269488e-01 1.621552321248753148e-01 2.305275269659454174e-01 1.329882288855717687e-01 1.866651735750552155e-01 4.381686325524529468e-02 2.733939931228018816e-01 8.701971584557249839e-02 2.078486018348658648e-01 1.748176643226425075e-01 1.298803940270066570e-01 1.770185518207443021e-01 1.516657922814770576e-01 1.901554478869386111e-01 1.233623083622065048e-01 2.086907079659047759e-01 1.469376055654446067e-01 1.631859553524445117e-01 1.736045569734818717e-01 2.480467224372824298e-01 1.008985930701441214e-01 1.959322252041123813e-01 1.672869601056564404e-01 1.488571546324008732e-01 1.454914542264636179e-01 1.388506383323702964e-01 1.152165350115475217e-01 1.590993717066885860e-01 1.514952320538134334e-01 1.091487023803528467e-01 1.789186650983334570e-01
1.037453381646741279e-01 1.756543595728081719e-01 1.878238031948827880e-01 2.025830462883694838e-01 9.105535375120871189e-02 2.307523478093576885e-01 1.650630723483371698e-01 1.060991955879868054e-01 2.290403358208885076e-01 1.052423918605924491e-01 1.631963582855014971e-01 8.465412309124659140e-02 2.192494620939564598e-01 5.256840687142923241e-02 1.158475258153525977e-01 3.279578451022445162e-01 1.963604155775455773e-01 1.664815417901114036e-01 2.080065739085910637e-01 2.060107503574989951e-01 1.000000000000000000e+00 1.335691481003855596e-01 8.473302462353879405e-02 1.976887124764842296e-01 1.827996591157215328e-02 7.282345578753132709e-02 8.360494540535672037e-02 9.273309345941389836e-02 1.213421146058529521e-01 7.855178222425912571e-02 6.993989787786412948e-02 4.609564899757412348e-02 8.247332129341748697e-02 1.212351273201089652e-01 2.159151549105498558e-01 1.102058170912313673e-01 1.056587970421178635e-01 1.730161237533507923e-01 5.421311008811408733e-02 1.669802496809947578e-01 7.590946703450018873e-02 1.251787933301702349e-01 1.987982483524562416e-01 9.949454196546819729e-02 1.648453598686718258e-01 8.711338335555142420e-02 1.636089008802819600e-01 1.184186448889431725e-01 1.412403001853743678e-01 1.954453036674513033e-01 1.266963634008428652e-01 1.064956808119747605e-01 2.337073961141359624e-01 6.817258291360728251e-02 2.071055932784741371e-01 1.827869339761387102e-01 2.148227831154895240e-01 2.204693238340642569e-01 2.422054037604317867e-01 1.004847703267348624e-01 1.983893592644233039e-01 1.219184148229360415e-01 1.652448016656539453e-01 2.182128658240931884e-01 1.193524532161923668e-01 2.094360160262883352e-01
6.612435891346857275e-02 2.326628646761507713e-01 1.785638030987819480e-01 2.152168771163149585e-01 1.569194357633045822e-01 2.238276046602283853e-01 5.311668612225016461e-02 6.362982869528038821e-02 1.653019587498953391e-01 1.083153932172791767e-01 1.068812259399985892e-01 1.405695224023708612e-01 1.292439935104402471e-01 1.510452331634988821e-01 2.047698066763298796e-01 1.322496630399696282e-01 2.745847472670971401e-01 1.899503047753201279e-01 7.106044257343027692e-02 5.590128821478908272e-02 1.335691481003855596e-01 1.000000000000000000e+00 1.018909076475908171e-01 2.484317261020197454e-01 6.315461231661535779e-02 2.419924598518668757e-01 2.155056151456504476e-01 7.017900929396038434e-02 1.107356546965655442e-01 1.122686335503536026e-01 1.059943208116069235e-01 2.363788891491687139e-01 1.052749407115108060e-01 2.045851735836176633e-01 1.976774210027025802e-01 2.869977596508822559e-01 1.753031871458280988e-01 1.590306188504183038e-01 1.786533708255106934e-01 1.563522817633448969e-01 1.794441313445330755e-01 1.360526763927353000e-01 2.259514992072834683e-01 7.530475189836602357e-02 1.637726083507317631e-01 9.073708652384214479e-02 6.845884480567433761e-02 1.713610561810223476e-01 1.544751793563126085e-01 1.277176110214763571e-01 1.431422047970882239e-01 1.373454870249062321e-01 1.318445391945362033e-01 1.064570331518019941e-01 1.655150681651782474e-01 1.482902656895974114e-01 2.837248137587360386e-01 1.198797616106334896e-01 1.004053477720935339e-01 2.625106473783723193e-01 8.115812134912581133e-02 1.486952470395610792e-01 1.379882138111798717e-01 1.759606208082598600e-01 2.203361126537539127e-01 2.274539470109860628e-01
2.666763296147203199e-01 2.139571790563968845e-01 2.203374409253372468e-01 9.123994096584747693e-02 7.965854372181158105e-02 1.714311049238714801e-01 1.645792185581921863e-01 1.596014807399279978e-01 2.053261080253609705e-01 4.548333587782804610e-02 9.486475144679359928e-02 1.512599449395700124e-01 1.931012689891323797e-01 6.270247145373503139e-02 1.037977961605871802e-01 5.426357403519278810e-02 1.611033122410499840e-01 1.350333442933350780e-01 1.628302837301536798e-01 1.136978395996110780e-01 8.473302462353879405e-02 1.018909076475908171e-01 1.000000000000000000e+00 1.640128012853237782e-01 2.248603797460047016e-01 1.648229434047903674e-01 8.004985633393542355e-02 1.605853613125151347e-01 1.086131655676145502e-01 7.735348270211975241e-02 9.495953579588628513e-02 1.977753075306777353e-01 1.895506706728801449e-01 1.109475294632667475e-01 7.038667534756870570e-02 1.899557461248603252e-01 1.505940521569010815e-01 1.384813014263477360e-01 1.470619964839580129e-01 1.080703013384274047e-01 1.597080300040956691e-01 2.029533637783624833e-01 2.564417620887837757e-01 9.504193624747650504e-02 1.029723305641648684e-01 1.905025202243678106e-01 1.395864629558607461e-01 1.127577457381829795e-01 1.408572680145655509e-01 1.429625089380746616e-01 2.153227122058337106e-01 7.332781458637606387e-02 1.895836904139198975e-01 1.590216036604720773e-01 1.205592120024043812e-01 1.324817919152306844e-01 7.839546902667084149e-02 1.610917769023584301e-01 9.886187908581542394e-02 1.395284486656461764e-01 1.111625986301096325e-01 2.719902923594652577e-01 2.020974995869574964e-01 5.337294591987398751e-02 1.569716178284271679e-01 2.179673163039232975e-01
1.138212234385479749e-01 1.776859673009204554e-01 1.598773693286622000e-01 7.502034372023810849e-02 1.233747084550916723e-01 2.857889829652673908e-01 1.753537518258467820e-01 6.546839379360309963e-02 1.079006481158941433e-01 1.506824433212672620e-01 1.615597084418316232e-01 1.502245078425821501e-01 1.198938510352860476e-01 1.638684683614795023e-01 5.686043410604837284e-02 1.454980899899633862e-01 2.524366798002064538e-01 1.236644110534102226e-01 2.964031048372141042e-01 1.217498982152008247e-01 1.976887124764842296e-01 2.484317261020197454e-01 1.640128012853237782e-01 1.000000000000000000e+00 1.933924655547080707e-01 2.076180494714818803e-01 1.851057437920961279e-01 1.073980076708339199e-01 1.133506865043434619e-01 1.293932635775076612e-01 8.173278412319062713e-02 1.732228568473993258e-01 1.379025516255865114e-01 2.370734310382641152e-01 2.093679669301625190e-01 1.229809590359532828e-01 1.448586441175230277e-01 1.136521276562812155e-01 1.952956408324015292e-01 1.934148047095671508e-01 1.572652823105874509e-01 1.614628873084700267e-01 2.306843279717727402e-01 1.565258444707618990e-01 1.559299517837738902e-01 2.548061044032419176e-01 1.128533284344590271e-01 1.532090591864807005e-01 6.430974830348676341e-02 1.122005079823264195e-01 1.028217085617943172e-01 1.490200675385811024e-01 1.986952825624285213e-01 6.455104113438883684e-02 1.393351347032798226e-01 1.688398931686766191e-01 1.564478165403119791e-01 9.408465143204031156e-02 1.932318797020248224e-01 1.358822188697192124e-01 2.014223874472624853e-01 2.049692814369341309e-01 1.537364069858669358e-01 1.196112868773839127e-01 1.347888728895088040e-01 1.083758887501539842e-01
