1.000000000000000000e+00 7.614858498622358030e-02 7.834250633310252399e-02 1.331893360557460937e-01 7.583831528310518155e-02 3.617585021765703512e-01 1.387341627851168546e-01 1.894754362062748554e-01 1.599125209389925528e-01 2.205375668169249626e-01 9.712884119198783583e-02 1.280294984754196119e-01 2.201428775884903544e-01 7.463032874377314996e-02 1.213134551805910843e-01 2.863143241573194997e-01 1.353821623567907639e-01 1.201208726661249782e-01 1.746040714553674378e-01 8.776515182378694102e-02 1.461083920226489419e-01 2.050627493259100098e-01 1.404903329892000230e-01 1.797638495957998017e-01 4.688214052992637632e-02 1.524969859346778089e-01 1.513932524308950200e-01 2.173872991690369849e-01 8.343445350258207882e-02 1.708702539059379633e-01 1.103887456363109587e-01 1.968332656794848437e-02 2.196843609328414104e-01 1.271199296430320924e-01 6.207164808862356692e-02 1.255043237289663050e-01 1.301971845971454655e-01 1.002160506552165209e-01 1.317123471074813368e-01 7.510320782215376689e-02 6.251397376787333482e-02 2.435163642890978697e-01 1.028576544616284089e-01 1.279406969460717136e-01 8.189492124447000920e-02 1.960172505514294339e-01 3.312269853020734234e-02 1.511658324227835304e-01 2.627820292550805265e-02 1.599258290438900221e-01 8.035853367905401723e-02 1.299095910888971861e-01 2.450405535753039377e-01 4.522488974903805109e-02 1.568014482717867975e-01 7.762361594173401713e-02 6.849458162084796908e-02 2.490908888976545513e-02 9.267290711960458893e-02 5.489477307995904720e-02 5.969921969494429437e-02 2.704643592725618911e-02 1.120250927202360025e-01 1.867745625722252445e-01 1.143000089055230262e-01 1.058034815359901321e-01
7.614858498622358030e-02 1.000000000000000000e+00 1.464742707009603073e-01 1.353737862875351305e-01 7.641244486551600212e-02 3.003893380637931085e-02 9.676650911339658434e-02 5.244977204271693977e-02 7.121174574079930375e-02 1.728911389019438180e-02 3.682497415487528264e-02 7.742179813483168749e-02 9.103191986078629228e-02 1.057998236054243923e-01 1.308183856219728713e-01 7.610023297863775793e-02 4.597229398627684233e-02 5.663576655854114100e-02 6.385893415058999101e-02 3.177675775465338415e-02 1.030129327050026411e-01 1.003891563187003927e-01 6.447235563719862228e-02 7.080845364279032828e-02 7.825260471802411577e-02 6.105807590873622848e-02 1.573101210422820639e-01 4.610270582201539402e-02 1.065566996371100084e-01 8.264388688178063436e-02 1.890798517454582717e-01 8.172533281392035942e-02 1.383902742724384301e-02 3.497756502567995335e-02 1.558024513640147712e-01 1.355758807695151003e-01 2.726079197665027057e-02 1.213465308491240430e-01 2.337608532412240037e-02 8.928748403417444135e-02 2.225392379397362064e-01 4.182340157709359824e-02 6.499802094953464893e-02 7.444073443007827307e-02 3.486872194641144757e-02 9.608419638239095242e-03 1.288394324244080402e-01 5.572162602356880989e-02 8.438143104110849835e-02 5.912527415595611457e-02 6.522782642967926703e-02 8.113842782645713791e-02 2.627521510287694761e-02 2.223106849067348068e-02 1.362103193029766124e-01 2.646120499575003310e-02 7.316172001256418533e-02 6.350773453020916448e-02 1.384917724903804714e-01 6.689829258628149367e-02 7.660127722476951784e-02 2.505251059142339365e-01 6.379983130705317584e-02 4.683633361981598409e-02 8.751647808303777976e-02 1.350073757620350590e-01
7.834250633310252399e-02 1.464742707009603073e-01 1.000000000000000000e+00 3.851222277607981026e-02 6.088113098141308133e-02 7.571747378396254113e-02 9.839040327972189970e-02 9.868607912317052533e-02 1.730546313378216738e-01 1.047054075970736825e-01 3.505997802251477335e-02 4.036758489892510599e-02 1.200618737328344177e-01 3.861391963958837881e-02 1.757936717839173602e-01 2.191484420759043372e-02 5.397539886014805777e-02 1.261589215649639439e-01 6.327594310816803125e-02 7.170115603953428063e-02 7.794502168188235935e-02 1.250588469668148794e-01 1.318461585748129938e-01 1.141876078843292452e-01 5.070984856523208517e-02 4.636671912951414315e-02 1.773118221200939079e-02 6.857978733331730747e-02 3.773126903842980578e-02 1.133637964593786490e-01 9.662659016805831558e-02 4.464622494909573774e-02 9.443952783055840905e-02 6.542211083853227693e-02 1.433246191841617279e-01 2.096641544687094239e-01 5.608798537840610499e-02 9.097326016989822073e-02 8.324463777423778132e-02 6.056404020466985699e-02 2.747914865022626010e-02 1.939773664426592409e-02 3.709398382459191262e-02 8.900134395796435727e-02 4.247382557682909815e-02 2.301387396763062559e-02 1.016528702082405006e-01 1.735987519528251963e-02 1.156898219733832195e-01 6.826835723551342994e-02 6.286541353626352857e-02 7.880708412590221867e-02 4.070051360956638414e-02 5.908191690791932127e-02 5.376385249346157802e-02 1.055178009822378554e-01 9.032915774503420814e-02 8.574437225407274821e-02 7.947024385982637273e-02 8.044599551155567907e-02 5.872404249819796612e-02 1.633345222899510452e-01 3.216089940511014655e-02 4.381779017182860225e-02 9.327527000256634337e-02 8.630551536872937968e-02
1.331893360557460937e-01 1.353737862875351305e-01 3.851222277607981026e-02 1.000000000000000000e+00 1.676937355083569225e-01 1.605892328157224047e-01 2.598742543704254948e-01 1.073255045975602257e-01 4.759928714795048921e-02 8.699460363591501877e-02 7.122225246770760854e-02 4.811906763622925132e-02 9.252394333599077425e-02 3.108354826745423835e-02 1.607157775236668362e-01 1.307850846471295125e-01 1.962024021986710776e-01 1.153530567253995276e-01 2.669365962721219065e-01 2.657175417214094337e-01 2.474793040856008708e-01 9.564318110481012658e-02 1.021860823663016254e-01 1.204175120188413217e-01 4.655819594825996027e-02 8.597558662632352744e-02 7.654445445855047325e-02 6.447607518022450968e-02 2.140174653194398813e-01 2.380277714718209980e-01 6.528212488271412095e-02 2.056336987483914011e-02 1.604814405815237488e-01 6.856161610338580570e-02 1.240373776417104945e-01 3.178240822201388455e-02 1.635067070221961627e-01 1.748517888904094209e-01 1.236841067325108456e-01 7.654528118220868538e-02 1.138809107671747561e-01 1.776272178567475379e-01 1.167920530381932331e-01 9.692106052807837602e-02 1.417518484627038056e-01 2.790334266699392440e-01 4.018838044227476120e-02 2.665874708009911137e-02 1.338674353364585345e-01 1.116011723775979930e-01 1.080045360502015078e-01 3.528341449168866939e-01 1.712312855769417344e-02 3.003975773549295014e-01 1.546083345094718398e-01 2.394685877925636919e-01 1.167210243849557405e-01 1.319581714911191583e-01 2.027244371828126612e-01 4.639301371395752188e-02 1.440723812904524392e-01 5.107918538645705303e-02 2.438464388673652339e-01 1.133025689714256962e-01 1.401411441100569311e-01 8.086964827833949265e-02
7.583831528310518155e-02 7.641244486551600212e-02 6.088113098141308133e-02 1.676937355083569225e-01 1.000000000000000000e+00 6.103027973106068399e-02 5.228816581007653674e-01 1.227115235949739619e-01 1.380441350935475708e-01 2.177018808447684917e-01 1.323443094711299062e-01 3.165160557198796742e-01 9.707082078057231722e-02 1.265473828440990267e-01 1.115684472726136689e-01 1.605829346616304831e-01 4.408818230334307087e-01 1.465824147261250709e-01 3.461839015779474837e-01 2.027781477858854597e-02 3.036110394059377549e-01 1.960395298256126240e-01 1.131757737995315732e-01 1.662553113783120928e-01 1.505484895292228953e-01 2.138513907744848674e-01 1.187386563774216336e-01 8.962927241363562170e-02 1.500132360120629282e-01 7.876532713528465457e-02 7.727268478902699078e-02 3.471824938215198331e-01 2.585393997757559625e-01 7.423430092411850700e-02 1.736860232245194535e-01 1.103184613647533452e-01 1.434969880509186224e-01 1.006740741074630269e-01 1.057211983786693343e-01 1.481938895748239615e-01 1.080400474194325444e-01 1.609190525320029486e-01 5.315341626093922356e-02 2.494936170082304172e-01 9.993581521512945320e-02 1.790877405898019525e-01 1.025892140846564188e-01 1.433310076006055200e-01 5.985519367781794164e-02 4.250915555777234900e-02 1.566686313290984178e-01 3.270825132712698036e-01 4.029519831121605722e-02 1.502619953710065681e-01 8.451612561619759045e-02 1.317942598199979554e-01 1.896588491239507013e-01 8.057334131594856563e-02 1.537001876576442883e-01 9.967249591333603165e-02 7.221281277067220783e-02 6.243673269555909122e-02 6.365377272544094078e-02 3.063792750283064192e-01 2.319070092144255302e-01 1.745059123582463623e-01
3.617585021765703512e-01 3.003893380637931085e-02 7.571747378396254113e-02 1.605892328157224047e-01 6.103027973106068399e-02 1.000000000000000000e+00 4.347979997537251839e-02 8.487868897130511348e-02 5.472070651245463518e-02 2.202071331305748003e-01 7.560357904857178957e-02 4.485498813380951050e-02 3.628496620499918057e-01 1.320901166853415964e-01 1.396460030932857310e-01 1.883523979834308137e-01 2.326130018641923702e-01 1.479076017141778276e-01 3.010562481494455378e-01 3.247630351798653364e-02 1.447950771662597780e-01 1.243250604030821382e-01 1.089698740289134909e-01 1.330206774085872234e-01 7.212543559801543047e-02 7.222557856655101305e-02 3.423735838014316940e-02 1.071580043982739844e-01 1.321113306605822824e-01 8.678711114715093045e-02 1.298688819798208549e-01 1.289924357164088931e-01 1.382250735527330299e-01 1.230408120580693127e-01 1.462298993695197169e-01 1.470544110650296166e-01 1.124907890592693471e-01 3.612031546087767220e-01 1.963669220085252076e-01 2.855071376327603105e-01 1.162891961224903625e-01 4.582662305835424194e-02 2.392193825598636636e-01 1.579975901804381300e-01 2.013017747091609688e-01 1.015493378902586341e-01 9.856684369318205463e-02 7.799856812327894684e-02 2.444283039153155035e-01 4.252324995492874349e-01 5.332489132558548145e-02 1.408188272533164309e-01 1.255977547774949354e-01 1.208442370308034780e-01 5.893049554426105924e-02 2.303698328328739886e-01 1.343218998784861951e-01 5.863687443262317889e-02 1.428709911074833860e-01 3.533293684466969065e-02 1.272373021895533383e-02 1.088291705926207609e-01 6.287366025093719946e-02 1.640384768451634556e-01 1.321402250153246860e-01 1.431766449251661022e-01
1.387341627851168546e-01 9.676650911339658434e-02 9.839040327972189970e-02 2.598742543704254948e-01 5.228816581007653674e-01 4.347979997537251839e-02 1.000000000000000000e+00 1.743919355596554865e-01 2.656287569821881300e-01 2.403944913531848304e-01 1.102736831443009713e-01 2.379248000338019531e-01 7.299267713041562855e-02 1.170760909757471990e-01 1.707381329394790370e-01 2.105033464588799419e-01 2.045489465117314998e-01 7.952901395687295150e-02 3.068723470924746288e-01 5.961532386303689673e-02 1.015379654535725484e-01 1.427947152914316453e-01 2.116722259741085979e-02 6.838788803658635285e-02 2.018577806296958654e-01 2.449879976888662270e-01 1.092367204709933093e-01 1.266334216657389600e-01 1.389901486610046200e-01 1.127105020850278361e-01 1.321111066977539439e-01 2.626249434449562936e-01 1.120502163271309137e-01 2.058328080568096741e-01 2.528941853269870976e-01 5.148506240916295856e-02 1.434664538626136410e-01 3.801902807924900651e-02 2.439212062668883255e-02 1.176742700747434034e-01 1.053446306835105623e-01 1.885191878751446004e-01 1.379291655014453499e-01 2.250054250424212421e-01 1.739263920971765090e-02 7.330342217508514779e-02 1.407844500645575592e-01 1.356843130599355018e-01 2.063548866908572199e-01 8.035917239970784276e-02 1.661701429856173862e-01 1.820805875492695902e-01 1.203471829882545585e-01 1.626750886836858534e-02 1.213705676915413784e-01 1.914418946208066574e-01 5.723187157602963732e-02 9.809571679111422915e-02 1.163571054609688488e-01 2.006543821558740559e-01 4.027289597798350274e-02 8.829895546382109106e-02 1.420652940147676124e-01 2.246257662903959895e-01 2.237805563283209176e-01 6.679751449082990677e-02
1.894754362062748554e-01 5.244977204271693977e-02 9.868607912317052533e-02 1.073255045975602257e-01 1.227115235949739619e-01 8.487868897130511348e-02 1.743919355596554865e-01 1.000000000000000000e+00 1.523775441026070099e-01 6.885427304335126064e-02 2.367941505043300587e-01 1.147958603513447584e-01 2.680532446175858813e-02 8.359584031442986174e-02 1.657239248904145423e-01 4.407089738146173497e-02 7.839106315589544627e-02 8.794164242750455995e-02 5.031154938233821372e-02 1.654059703118063995e-01 1.340350430358750455e-01 1.296592642247693938e-01 1.489338656566549512e-01 6.747602535126429046e-02 5.374552179098436577e-02 6.551481592328339820e-02 8.004220463325137369e-02 1.703228570682123466e-01 2.098212259359200360e-01 3.363069134651117814e-02 7.246368969327322829e-02 1.592670727583199997e-01 1.267081993626481551e-01 6.181125840685831874e-02 1.678003239234840682e-01 2.290563070817452571e-02 2.212598937810577870e-01 1.075192573819384878e-01 2.606976063119996190e-01 2.567374751040726877e-01 7.242394292131026923e-02 8.599681379613743903e-02 2.503935291317382350e-01 9.107331561679758714e-02 2.457319393496992799e-01 1.906447067918740912e-01 7.350596271469292398e-02 2.230287050184104336e-02 2.911808508386428129e-01 6.049577902285820097e-02 7.757548958552211438e-02 1.242546838926386205e-01 2.368410423897536476e-01 1.288574818922299248e-01 5.554072147352136224e-02 1.145338729079586615e-01 7.002618239212318740e-02 2.408938867183327628e-02 8.777784446621567094e-02 1.360026498276107818e-02 9.607540286413053521e-02 1.034892785578126334e-01 1.734867147322003977e-01 2.597575471861196528e-02 2.883228925821364197e-02 7.203650858091523168e-02
1.599125209389925528e-01 7.121174574079930375e-02 1.730546313378216738e-01 4.759928714795048921e-02 1.380441350935475708e-01 5.472070651245463518e-02 2.656287569821881300e-01 1.523775441026070099e-01 1.000000000000000000e+00 1.809375471678163205e-01 1.403250954110610571e-01 9.169584591782437011e-02 9.211655564336805602e-02 3.239568562935204454e-01 6.881356218060434571e-02 1.967033289383894878e-01 7.095651191164090155e-02 4.118207516190490469e-02 5.399715414764497123e-02 4.210254587024496453e-02 9.271019049857411043e-02 1.410255508137930602e-01 1.412760995741621228e-01 3.086426537333268952e-02 1.967133520287119020e-01 2.673197789888364651e-01 5.213651521229835384e-02 1.678420111942869331e-01 4.855795232093070013e-02 1.683060729903952668e-01 8.939785875819891703e-02 2.370099043786695892e-01 1.275438489959339894e-01 2.776362745182420766e-01 1.383021616599296733e-01 4.560260928710187928e-02 1.558196897359701016e-01 5.948322862745717560e-02 4.443822303499450621e-02 1.155381222046183709e-01 1.047084691027938275e-01 3.037168557761243948e-01 2.745922362361697400e-01 1.576604506887553381e-01 1.787437882033904302e-01 8.065885182844763357e-02 6.823925159939943363e-02 1.629789839795555140e-01 2.070069750159684585e-01 2.208769292131108897e-02 1.020617402620630915e-01 2.172163532537255692e-01 1.860558585940453591e-01 1.688464406646497384e-01 7.721711207436104951e-02 4.425453372207942965e-02 9.649994690441189571e-02 7.878275215056933234e-02 5.308732898780132992e-02 1.037288913658018369e-01 5.352581393229273454e-02 4.968616699547625387e-02 3.493078673564486425e-01 3.259451943957064612e-02 1.657928058154256312e-01 2.346397946488337771e-01
2.205375668169249626e-01 1.728911389019438180e-02 1.047054075970736825e-01 8.699460363591501877e-02 2.177018808447684917e-01 2.202071331305748003e-01 2.403944913531848304e-01 6.885427304335126064e-02 1.809375471678163205e-01 1.000000000000000000e+00 1.588157220266697145e-01 8.854780831087837034e-02 1.697155660647515218e-01 1.356253407377901732e-01 1.516223376123919941e-01 2.231980704703481755e-01 3.002681147140335849e-01 7.665638851524489428e-02 4.928760512609112188e-02 7.231166579366898883e-02 1.600942881278731300e-01 1.147842737524305962e-01 4.171659317990937532e-02 5.888822518138858014e-02 2.165130392254852043e-01 1.135367463564097151e-01 4.298490895742618223e-02 1.774775187957007005e-01 8.346994917420499926e-02 2.131167016402998327e-01 1.133023559797221025e-01 1.124345031162188174e-01 2.742941245703382491e-01 1.283400207387776493e-01 2.727464467429340234e-01 7.320263377993846410e-02 2.386198419863722608e-01 7.427560131932740839e-02 1.496864726479455454e-01 9.547844604639105226e-02 9.048120859740606259e-02 6.419600649486398303e-02 5.800907835637513638e-02 2.344251282905044642e-01 2.660214138862670441e-01 4.367004625371298521e-02 2.695598654775826011e-02 1.555475081795746062e-01 1.267029635246344835e-02 9.592677504677843414e-02 4.654772755546782159e-02 1.238082487922543828e-01 1.027846028980939908e-01 2.272477060020833828e-01 7.393717911695736611e-02 2.343698341825912190e-01 6.410970530496085118e-02 2.169871296529940208e-01 1.880793342157334180e-01 2.635414673638642249e-02 1.263459369064322269e-01 1.112255090404564717e-01 4.852757852821928258e-02 1.006747212027166577e-01 2.073729396757489907e-01 1.016669395890479055e-01
9.712884119198783583e-02 3.682497415487528264e-02 3.505997802251477335e-02 7.122225246770760854e-02 1.323443094711299062e-01 7.560357904857178957e-02 1.102736831443009713e-01 2.367941505043300587e-01 1.403250954110610571e-01 1.588157220266697145e-01 1.000000000000000000e+00 1.151413230232720651e-02 6.068713427974233021e-02 8.810859321372183084e-02 8.873571643333665049e-02 1.543398034384504958e-01 3.055488724041973136e-01 1.226313132516563265e-01 1.266531112660700398e-01 1.324260099594529172e-01 4.298649117120570406e-02 1.276009721000738451e-01 2.910443829338589528e-02 7.816561124851022224e-02 1.133443287599265881e-01 1.240711098660609163e-01 5.758744706421072002e-02 1.142920647153564673e-01 4.948998244318834200e-02 3.089285425829848761e-02 6.552077020172268618e-02 4.332876848738228398e-02 3.112929845643762003e-02 6.872010079814357131e-02 2.438623057027804464e-01 7.038491169052797647e-02 4.641698045397450734e-02 1.806471215992966617e-01 5.931371862309582632e-02 3.148361722986418032e-01 5.864370877641196522e-02 2.166329289259552315e-01 1.893863821397323288e-01 2.632142452511745945e-01 1.147707095286418094e-01 4.938171132845135813e-02 8.395312525964934713e-02 1.115265810100631999e-01 1.352008098052346063e-01 1.732363707267820241e-01 1.554254539697380866e-01 7.198874701843591128e-02 3.552508017696445058e-02 4.203330766895842230e-02 1.179657953055969211e-01 1.213528922713247998e-01 1.784346903511356830e-01 2.661527014763153676e-01 9.665024380182406227e-02 1.099787926227819707e-01 1.409210687242388182e-01 1.397112351433711375e-01 8.556578383186162762e-02 8.712865850615006402e-02 1.478570658279595440e-01 9.722099706534403918e-02
1.280294984754196119e-01 7.742179813483168749e-02 4.036758489892510599e-02 4.811906763622925132e-02 3.165160557198796742e-01 4.485498813380951050e-02 2.379248000338019531e-01 1.147958603513447584e-01 9.169584591782437011e-02 8.854780831087837034e-02 1.151413230232720651e-02 1.000000000000000000e+00 7.365715197641357903e-02 1.065149468414282458e-01 1.181540342290785667e-01 9.988652449415949541e-02 1.880516205477706926e-01 2.208651834990116650e-02 5.737292820643079966e-02 1.824590316115344002e-01 1.543743731697337640e-01 9.039621266070610450e-02 4.897417266227499510e-02 3.500753076891011117e-02 1.680122335342518550e-02 8.655409331117039362e-02 3.992489271843174814e-02 8.427396318274775477e-02 1.597051767562374935e-01 5.837411228560041715e-02 4.919291655587815226e-02 5.266047108692846201e-01 2.748719100187145895e-02 9.750522536502080617e-02 4.152737241545657876e-02 5.903590029967993591e-02 7.635445149905152606e-02 2.149631759806132636e-01 7.077004102757419868e-02 9.273573651217470459e-02 1.188203558615958944e-01 5.271844987385652936e-02 5.542269764488298722e-02 9.874591550989220146e-02 1.722162637611494573e-01 2.417723002825030998e-01 4.392470131798500294e-02 5.380949169028487883e-02 5.787123039067770813e-02 2.282448289519924123e-01 9.379514891345309968e-02 3.768497014353249241e-01 6.547944776896055807e-02 1.543940645157506897e-01 9.490952516405154471e-02 1.021878490110184612e-01 2.050873616758603843e-02 4.365365928846060006e-02 1.729485554827830673e-01 9.287038482118799287e-02 2.461007119817221547e-02 7.373349551771503363e-02 1.211025807517911168e-01 1.709172564578105291e-01 1.020706515310864232e-01 1.648616654456549480e-01
2.201428775884903544e-01 9.103191986078629228e-02 1.200618737328344177e-01 9.252394333599077425e-02 9.707082078057231722e-02 3.628496620499918057e-01 7.299267713041562855e-02 2.680532446175858813e-02 9.211655564336805602e-02 1.697155660647515218e-01 6.068713427974233021e-02 7.365715197641357903e-02 1.000000000000000000e+00 3.265829690642339800e-02 1.301269079356893177e-01 1.788726336624418545e-01 1.005486602222812331e-01 1.700342209682225159e-01 2.391757699591142428e-01 1.561300803235290691e-01 9.030933710611142862e-02 1.021620040987070849e-01 1.684131213780868386e-01 6.835077927946996146e-02 1.718528035954782970e-02 9.168269799764777739e-02 5.782499576780513600e-02 1.368725588178527353e-01 1.609603464933545003e-01 7.830679212503420528e-02 7.626524688142728714e-02 2.202858936337699358e-01 7.545988067719661130e-02 5.446654567999491964e-02 7.439619472242132991e-02 9.247039061552342343e-02 1.051920893472478857e-01 3.607282353045969114e-01 1.364998728441259856e-01 2.644863754643476117e-01 5.604190032373908281e-02 1.334029336275876221e-01 2.001255893403807995e-01 1.234681342511114999e-01 1.774879132717466779e-01 1.158573463437611306e-01 6.640724223386545999e-02 9.974615397301443698e-02 2.737266023280343075e-01 4.222064957190477807e-01 5.270496417189488025e-02 2.746215580433918335e-01 1.918702153927687171e-02 2.077584905218824718e-01 1.613514607118063660e-01 1.727045924301113811e-01 1.267529789230510961e-01 9.492341156240320654e-02 7.521078542990052018e-02 8.536871707931817377e-02 2.305913136194520097e-01 6.046633304575810969e-02 1.008344886366603355e-01 1.258024935484534368e-01 8.915230026286941056e-02 6.187274756721032609e-02
7.463032874377314996e-02 1.057998236054243923e-01 3.861391963958837881e-02 3.108354826745423835e-02 1.265473828440990267e-01 1.320901166853415964e-01 1.170760909757471990e-01 8.359584031442986174e-02 3.239568562935204454e-01 1.356253407377901732e-01 8.810859321372183084e-02 1.065149468414282458e-01 3.265829690642339800e-02 1.000000000000000000e+00 8.914778943168345793e-02 1.224417862521576250e-01 8.504949934803861245e-02 1.380059020860714414e-01 5.012128270214416537e-02 1.434231849825447214e-02 9.549094410430258861e-02 1.110708630961081654e-02 3.527068181578122547e-02 1.166229850828348069e-01 6.125774257573007864e-02 5.468842394339277213e-01 1.612023479070014975e-01 1.736217396402005286e-02 6.384640672382653481e-02 1.339497716683866468e-01 4.856107164110123192e-02 3.704042711721336478e-02 6.618198876388564633e-02 9.837560751320902075e-02 8.788073551251145143e-02 4.506224989998922764e-02 9.490910336678015646e-02 1.513982009563356879e-01 6.770646438880627282e-02 1.303209783179600234e-01 7.501104783039522217e-02 7.259736612932966848e-02 1.568608943141328038e-01 3.716652772749923922e-02 5.262313106831648796e-02 1.348087363562293917e-01 1.904282136345279430e-01 1.264129659642024006e-01 1.463915552964410172e-01 9.311880613387069072e-02 9.970599484260027345e-02 1.128326307606084405e-01 1.524415170896697425e-01 1.057877179527352274e-01 8.305756006731157548e-02 1.246465259776725898e-01 9.914950804012782892e-02 1.074277653155064349e-01 2.251215937670924816e-01 8.305290417282851223e-02 1.069193420953895718e-01 4.994099154451708128e-02 6.324492437217035801e-02 2.033248965748896686e-01 1.755530495623938703e-01 1.197707560645655672e-01
1.213134551805910843e-01 1.308183856219728713e-01 1.757936717839173602e-01 1.607157775236668362e-01 1.115684472726136689e-01 1.396460030932857310e-01 1.707381329394790370e-01 1.657239248904145423e-01 6.881356218060434571e-02 1.516223376123919941e-01 8.873571643333665049e-02 1.181540342290785667e-01 1.301269079356893177e-01 8.914778943168345793e-02 1.000000000000000000e+00 2.401711788925278354e-02 9.961019339790179450e-02 4.373033420217173339e-02 1.365221422030570841e-01 9.355379871505660472e-02 5.582591584260677975e-02 1.127579556616473133e-01 1.910056948448996539e-01 1.120982139752860346e-01 6.796399781484334379e-02 6.575489594293600082e-02 1.225540007649919966e-01 9.291397711660333292e-02 1.063569395325103389e-01 7.659166860600265248e-02 1.523706432805108368e-01 1.054702126449557076e-01 1.329567463797432791e-01 9.808628316213789666e-02 7.661460375169534820e-02 4.178155887944929453e-02 1.657296927688523824e-01 1.154099342940686362e-01 1.643103911376191939e-01 8.289176858469038400e-02 5.048375239656825025e-02 1.263204032923701259e-01 1.982324076750097974e-01 1.118639590452201460e-01 1.636141435799184640e-01 7.744941274700094247e-02 1.528996428002633856e-01 1.451013469514567389e-01 1.438202190184070250e-01 9.280993772732425151e-02 2.214303297038180268e-02 1.341445751200111558e-01 1.982322826138587513e-01 2.739587755207962272e-01 1.641071836569161224e-01 8.379490343914072770e-02 7.180407865618153307e-02 4.765462087366641175e-02 3.910930883704381161e-02 2.238260704149475089e-02 1.231113941599534280e-02 7.848463334024172178e-02 4.711681464983859952e-02 1.092291384834623569e-01 9.438911975623311135e-02 9.429865366357240153e-02
2.863143241573194997e-01 7.610023297863775793e-02 2.191484420759043372e-02 1.307850846471295125e-01 1.605829346616304831e-01 1.883523979834308137e-01 2.105033464588799419e-01 4.407089738146173497e-02 1.967033289383894878e-01 2.231980704703481755e-01 1.543398034384504958e-01 9.988652449415949541e-02 1.788726336624418545e-01 1.224417862521576250e-01 2.401711788925278354e-02 1.000000000000000000e+00 1.191125791418279622e-01 1.491282944273363276e-01 1.576559053920267850e-01 1.513343199161937269e-01 9.702443439334139386e-02 5.817537507397382152e-02 1.117990673516309902e-01 1.395369456389449203e-01 6.658555779652731987e-02 7.578873911214910331e-02 1.030959027662898958e-01 1.998022441682235362e-01 1.246671261235455797e-01 2.226674466093184757e-01 8.899101433116446414e-02 1.310818425135109877e-01 3.565446815701305699e-02 2.699500437173329437e-01 5.418767240061839879e-02 1.565951814048706092e-01 1.635562135679510462e-02 1.006213453833229160e-01 1.285167801755277561e-01 1.722073610328028748e-01 4.285556578485778811e-02 3.122055801531087305e-01 1.287559435317055800e-01 1.778080593359384898e-01 1.276332066357497852e-01 1.191493667789453037e-01 6.390636291563601967e-02 5.059941527141373352e-02 1.437326895395397985e-01 1.856570071262441668e-01 1.979898743786066839e-01 1.260435483479706020e-01 3.683934601671242509e-02 8.110910966670778488e-02 9.625249459060979118e-02 2.154490277216609684e-01 7.161989347134130324e-02 5.476000529873195632e-02 1.579635277964975826e-01 6.682273748744066433e-02 1.736795594199413983e-01 5.505688196519546024e-02 1.781819855391683083e-01 1.152754348900427162e-01 1.354848646104070409e-01 7.722772980270740939e-02
1.353821623567907639e-01 4.597229398627684233e-02 5.397539886014805777e-02 1.962024021986710776e-01 4.408818230334307087e-01 2.326130018641923702e-01 2.045489465117314998e-01 7.839106315589544627e-02 7.095651191164090155e-02 3.002681147140335849e-01 3.055488724041973136e-01 1.880516205477706926e-01 1.005486602222812331e-01 8.504949934803861245e-02 9.961019339790179450e-02 1.191125791418279622e-01 1.000000000000000000e+00 8.896812284629451728e-02 1.005150443995424525e-01 2.540458572667045681e-02 1.575290087003665129e-01 5.192214462177722339e-02 4.421618722646385863e-02 1.151395481522909103e-01 1.094351378312423129e-01 2.905323401966672381e-01 3.540702341897813965e-02 1.035076011597520912e-01 9.436427907106731405e-02 1.815911237983470483e-01 9.989946733696074277e-02 1.833829201364154116e-01 2.177519280733563323e-01 2.572366818061292901e-02 2.191139452316535341e-01 4.476809795116735297e-02 9.014697698471654808e-02 1.991647834091247460e-01 1.478459254850606752e-01 1.665381065102791158e-01 1.360174222671685362e-01 2.889674250173394632e-01 6.916504632441840272e-02 3.485863520827451878e-01 2.299024467206204347e-01 8.530601505265612838e-02 1.575027412272839988e-01 1.398560687253692647e-01 1.784564839531651848e-01 2.757298363659380080e-01 2.545737786970479477e-01 1.663288567598756318e-01 4.497977736845605590e-03 8.466056425174146860e-02 1.978426971222566055e-01 1.206426176215639745e-01 1.308976936491806076e-01 1.146143867503570529e-01 1.348557909452192394e-01 8.025166310248178780e-02 1.325025954270559192e-01 1.682504393599563997e-02 1.527615003176558961e-01 1.229173644219721251e-01 2.219274444383012024e-01 6.460585328311262143e-02
1.201208726661249782e-01 5.663576655854114100e-02 1.261589215649639439e-01 1.153530567253995276e-01 1.465824147261250709e-01 1.479076017141778276e-01 7.952901395687295150e-02 8.794164242750455995e-02 4.118207516190490469e-02 7.665638851524489428e-02 1.226313132516563265e-01 2.208651834990116650e-02 1.700342209682225159e-01 1.380059020860714414e-01 4.373033420217173339e-02 1.491282944273363276e-01 8.896812284629451728e-02 1.000000000000000000e+00 1.150128688441319630e-01 1.059948255333106604e-01 2.238180845452317214e-02 1.999255179414383965e-01 2.689360471856650503e-01 1.322700267793426310e-01 6.856528190731362750e-03 8.591772111323139893e-02 1.102185728108938528e-01 2.042832122064736078e-01 9.827882192514730830e-02 1.592601894729757661e-01 4.736329656165923913e-02 1.033750189457347396e-01 7.449187979828034156e-02 1.270168706192475183e-01 1.146026706339191847e-01 1.486078113690590397e-01 1.583208306643397664e-02 3.100222246140177385e-02 3.366748262107556455e-02 1.279878361892303196e-01 8.141437669025537727e-02 5.352887764388720993e-02 7.196791357512241638e-02 1.173445092673534723e-01 1.040427299110696646e-01 5.756230722673322253e-02 2.455274644564696407e-02 8.196454417108867130e-02 5.843944950901844293e-02 1.080752903324928849e-01 9.541890373761441335e-02 6.602786620282184715e-02 3.815946101106527932e-02 8.687080620435866374e-02 1.165629641249640858e-01 9.332472023389426496e-02 8.987732324545656681e-02 1.655094306591414210e-01 2.196199176521835064e-02 1.110638008947136129e-01 1.051752802121732333e-01 7.119310680736351538e-02 1.001329507486168613e-01 1.786406062684122165e-01 1.276810783947613936e-01 2.893107648389340453e-02
1.746040714553674378e-01 6.385893415058999101e-02 6.327594310816803125e-02 2.669365962721219065e-01 3.461839015779474837e-01 3.010562481494455378e-01 3.068723470924746288e-01 5.031154938233821372e-02 5.399715414764497123e-02 4.928760512609112188e-02 1.266531112660700398e-01 5.737292820643079966e-02 2.391757699591142428e-01 5.012128270214416537e-02 1.365221422030570841e-01 1.576559053920267850e-01 1.005150443995424525e-01 1.150128688441319630e-01 1.000000000000000000e+00 1.122491642115277521e-01 1.676273652525645808e-01 1.082523664784338646e-01 2.948231574174737385e-02 1.643607078507177410e-01 1.697289396242084858e-01 1.033272886247347117e-01 1.915106001528743829e-01 7.886709059480401240e-02 1.639525632625501161e-01 1.284596115445652276e-01 1.066194987396030525e-01 5.447043101781501306e-02 4.082438159991310517e-02 6.548509737004862274e-02 3.715177493861855640e-02 5.922538285348792619e-02 3.085396009864320721e-01 1.768782521490523674e-01 3.077610869478972222e-01 1.299757116276979430e-01 7.362483330313036867e-02 8.287125393283722996e-02 9.801069028609826761e-02 8.573309204850974863e-02 4.789262298927501188e-02 8.461095562644291301e-02 1.595066401950004376e-01 1.164634626945716123e-01 2.498678447565912120e-01 3.553480304228674447e-01 8.628208701896165900e-02 7.177872597888496076e-02 1.075876701677719316e-01 7.099974742122969196e-02 1.695995680535178074e-01 2.794950930013475054e-01 6.407774918162711941e-02 1.586610494410323480e-01 1.005860734120940375e-01 9.188316084132867878e-02 1.332297195896651187e-01 1.221292427126580427e-01 1.620027183750850086e-01 1.658810234484649204e-01 2.266583201360792554e-01 2.484609139346939111e-01
8.776515182378694102e-02 3.177675775465338415e-02 7.170115603953428063e-02 2.657175417214094337e-01 2.027781477858854597e-02 3.247630351798653364e-02 5.961532386303689673e-02 1.654059703118063995e-01 4.210254587024496453e-02 7.231166579366898883e-02 1.324260099594529172e-01 1.824590316115344002e-01 1.561300803235290691e-01 1.434231849825447214e-02 9.355379871505660472e-02 1.513343199161937269e-01 2.540458572667045681e-02 1.059948255333106604e-01 1.122491642115277521e-01 1.000000000000000000e+00 3.211312244967177154e-01 1.370726395742074277e-01 1.050641287447660333e-01 1.480136026546357286e-01 1.007139908711126297e-01 9.065741770018768964e-02 2.316404491393269163e-02 6.329070792254837263e-02 2.422264647272726057e-01 5.266878576066828799e-02 1.035446909818147493e-01 1.375472039848265327e-01 1.146220141022653155e-01 8.701257185510555270e-02 7.749292071787293457e-02 7.400566136670591599e-02 1.876281228558479564e-01 9.668973207800481140e-02 1.448076288321937521e-01 1.806887576527740902e-02 1.209058725886034830e-01 5.274191395442422853e-02 5.498767413853555830e-02 9.332422553335777138e-02 1.473285262494090642e-01 2.623715447420572611e-01 1.121828746516045638e-01 1.272704007115346148e-01 1.420817161738065215e-01 1.810581759566321502e-01 4.920843489302369894e-02 1.330337220642522633e-01 1.553720425826702889e-01 3.796097253732774179e-01 8.629685298706731011e-02 9.932043263754233853e-02 8.170152343299731668e-02 2.967858683054030652e-02 1.695471133393123275e-01 2.115801267119096774e-02 1.158686159877861804e-01 4.488923111728429505e-02 1.026262964889237822e-01 1.433197156867294098e-01 8.294651226704607971e-02 1.146336131530058394e-01
1.461083920226489419e-01 1.030129327050026411e-01 7.794502168188235935e-02 2.474793040856008708e-01 3.036110394059377549e-01 1.447950771662597780e-01 1.015379654535725484e-01 1.340350430358750455e-01 9.271019049857411043e-02 1.600942881278731300e-01 4.298649117120570406e-02 1.543743731697337640e-01 9.030933710611142862e-02 9.549094410430258861e-02 5.582591584260677975e-02 9.702443439334139386e-02 1.575290087003665129e-01 2.238180845452317214e-02 1.676273652525645808e-01 3.211312244967177154e-01 1.000000000000000000e+00 9.158700587624959977e-02 2.519992362181062706e-01 1.595179902248437809e-01 1.164431101505486316e-01 4.559890064660512138e-02 8.397663666527784010e-02 2.078122461602175119e-01 1.311319713770801865e-01 1.442511057243336392e-01 1.163686449754274127e-01 1.954364349905111375e-01 3.187115591966735439e-01 1.103445048233127335e-01 4.449011832990023424e-02 8.600759771168260681e-02 1.264082597609555991e-01 1.302524546196633624e-02 3.591571784393183808e-01 5.263782060976631566e-02 5.060076857884586443e-02 1.057382475868740984e-01 1.194023970532743784e-01 3.976319348248934932e-02 8.725759898195077635e-02 2.130590878308878111e-01 1.978129917752516620e-01 1.015059777711437294e-01 1.378080129808402846e-02 9.996294682816783683e-02 8.626579005063025885e-02 1.488125931709225469e-01 1.059606614385138756e-01 1.880209936461030296e-01 5.970479229313931796e-02 1.897706106770721823e-01 1.839955605786339765e-01 1.398184744503797317e-01 1.240914580280901430e-01 6.491672281474093753e-02 1.912232934005516083e-01 7.344083162501011119e-02 7.368862676937507072e-02 1.707790607592619692e-01 1.234032340005373346e-01 1.111694440443706106e-01
2.050627493259100098e-01 1.003891563187003927e-01 1.250588469668148794e-01 9.564318110481012658e-02 1.960395298256126240e-01 1.243250604030821382e-01 1.427947152914316453e-01 1.296592642247693938e-01 1.410255508137930602e-01 1.147842737524305962e-01 1.276009721000738451e-01 9.039621266070610450e-02 1.021620040987070849e-01 1.110708630961081654e-02 1.127579556616473133e-01 5.817537507397382152e-02 5.192214462177722339e-02 1.999255179414383965e-01 1.082523664784338646e-01 1.370726395742074277e-01 9.158700587624959977e-02 1.000000000000000000e+00 1.087803183543949309e-01 5.663188174562493182e-02 1.059143949463084156e-01 2.001478198436870345e-02 6.527152072670081018e-02 9.507934799505608769e-02 7.913674395205826106e-02 7.185002823619507373e-02 8.088395075543976243e-02 1.514277500487626882e-01 4.557087136287742146e-02 9.969553175870449202e-02 3.409665651640832879e-02 3.728873851378729232e-02 1.233095414924109401e-01 3.757604931454975455e-02 1.066976863201921366e-01 6.443716197797798306e-02 1.198421573054462841e-01 1.144588269826106175e-01 4.156740822553088577e-02 1.259343464713690020e-01 1.189397254828960110e-01 5.391483055808599795e-02 9.886721247225029041e-02 3.342751251035903232e-02 5.938072371540525224e-02 1.034003394187396757e-01 1.051338938458483419e-01 7.699107089382718760e-02 3.273300309510088213e-02 1.200977322456024260e-01 4.560954787081058365e-02 6.470302801808069937e-02 8.781913892854496806e-02 3.399742116443328632e-02 5.019299601360093649e-02 5.212503267602345419e-02 1.181865940985974417e-01 1.411735876890566066e-01 1.483661862711228019e-01 2.034020661515949513e-01 1.498905626934682322e-01 9.505562717276930251e-02
1.404903329892000230e-01 6.447235563719862228e-02 1.318461585748129938e-01 1.021860823663016254e-01 1.131757737995315732e-01 1.089698740289134909e-01 2.116722259741085979e-02 1.489338656566549512e-01 1.412760995741621228e-01 4.171659317990937532e-02 2.910443829338589528e-02 4.897417266227499510e-02 1.684131213780868386e-01 3.527068181578122547e-02 1.910056948448996539e-01 1.117990673516309902e-01 4.421618722646385863e-02 2.689360471856650503e-01 2.948231574174737385e-02 1.050641287447660333e-01 2.519992362181062706e-01 1.087803183543949309e-01 1.000000000000000000e+00 1.373619383242213055e-01 9.387295744579637891e-02 9.714629029848213804e-02 1.164210886724386107e-01 1.238748552518846163e-01 1.501947681930964340e-01 1.119921550062484422e-01 1.106254650533386036e-01 1.423193856471795526e-01 1.436822328286471891e-02 3.524678385659489321e-01 3.510067516619714278e-01 1.276469218530427441e-01 4.830793503499841712e-02 5.552294838959861284e-02 1.581359127643134355e-01 5.901797359005628990e-02 2.909746845240313365e-02 4.279544253755135919e-01 6.633975095751044881e-02 9.988056004577657021e-02 1.086996166076634462e-01 4.173559785240008035e-02 1.866290039207003926e-01 3.139660842166352439e-01 2.225907484568253603e-01 1.435986361123091082e-01 1.005135996097590301e-01 1.238471132713326733e-01 2.069099944917638170e-02 5.735982439554296319e-02 1.420857470311991666e-01 9.179596462559870551e-02 1.118668781463669389e-02 3.717169619790634816e-02 2.561290690337073017e-01 9.143380562771359632e-02 5.047162798898013891e-02 1.022349983630360531e-01 1.501370721300911704e-01 2.237819956250324260e-01 5.452431237025916200e-02 1.343532639078571511e-01
1.797638495957998017e-01 7.080845364279032828e-02 1.141876078843292452e-01 1.204175120188413217e-01 1.662553113783120928e-01 1.330206774085872234e-01 6.838788803658635285e-02 6.747602535126429046e-02 3.086426537333268952e-02 5.888822518138858014e-02 7.816561124851022224e-02 3.500753076891011117e-02 6.835077927946996146e-02 1.166229850828348069e-01 1.120982139752860346e-01 1.395369456389449203e-01 1.151395481522909103e-01 1.322700267793426310e-01 1.643607078507177410e-01 1.480136026546357286e-01 1.595179902248437809e-01 5.663188174562493182e-02 1.373619383242213055e-01 1.000000000000000000e+00 8.280769665003391566e-02 1.059127084531108764e-01 8.152014982556754497e-02 3.003085114393484467e-01 1.121107932140933960e-01 4.132885842370737778e-02 7.337072809031167098e-02 4.975410279750674958e-02 6.658193651040371364e-02 1.561318781411064893e-01 5.365647134688153463e-02 6.247681529821202256e-02 5.370920383188339947e-02 2.570647520588069668e-01 7.675895372857297061e-02 1.767599490686905250e-01 9.115321881987514807e-02 1.059036801662480709e-01 1.221723188907424401e-01 6.404011959845967716e-02 1.170111910292653823e-01 5.256998500367774524e-02 1.126637037044946471e-01 1.172565186699710826e-01 1.759989765574270226e-01 1.995580784836982202e-01 8.484349793940851314e-02 8.365587689993680964e-02 2.197683107839050465e-01 8.645083099314034014e-02 6.087843924690159586e-02 1.208348695705278170e-01 4.744549129975918211e-02 1.496762703026744690e-01 3.738491406979953247e-02 6.758052296556847638e-02 5.197971879119905880e-02 1.046647791500955327e-01 1.172181478023958390e-01 6.955762538931907490e-02 1.226137474321453980e-01 4.248573522825138671e-02
