0.000000000000000000e+00 2.522499999999999742e-01 1.677500000000000102e-01 1.880000000000000004e-01 1.467499999999999916e-01 1.422499999999999876e-01 4.825000000000000122e-02 2.187500000000000000e-01 1.409999999999999865e-01 2.527500000000000302e-01 1.404999999999999860e-01 8.675000000000000766e-02 1.292500000000000038e-01 1.660000000000000087e-01 1.239999999999999991e-01 1.330000000000000071e-01 8.225000000000000366e-02 1.799999999999999933e-01 2.352500000000000147e-01 6.575000000000000289e-02 8.599999999999999312e-02 2.399999999999999911e-01 1.417499999999999871e-01 1.385000000000000120e-01 1.650000000000000078e-01 1.047500000000000098e-01 2.027500000000000135e-01 1.260000000000000009e-01 6.850000000000000533e-02 2.249999999999999778e-01 1.375000000000000111e-01 1.005000000000000060e-01 1.031249999999999944e-01 1.617500000000000049e-01 2.994999999999999885e-01 1.834999999999999964e-01 1.095000000000000001e-01 1.747499999999999887e-01 7.424999999999999656e-02 8.524999999999999245e-02 9.750000000000000333e-02 1.887499999999999734e-01 1.365000000000000102e-01 1.167500000000000066e-01 9.375000000000000000e-02 1.492499999999999938e-01 1.175000000000000003e-02 6.987499999999999267e-02 1.244999999999999996e-01 9.149999999999999800e-02 2.510000000000000009e-01 1.177499999999999936e-01 2.132499999999999951e-01 1.233750000000000124e-01 2.502499999999999725e-01 1.270000000000000018e-01 2.439999999999999947e-01 1.727500000000000147e-01 2.182499999999999996e-01 1.669999999999999818e-01 9.950000000000000511e-02 2.179999999999999993e-01 1.600000000000000033e-01 1.953749999999999931e-01 1.135000000000000037e-01 1.639999999999999791e-01
2.522499999999999742e-01 0.000000000000000000e+00 1.390000000000000124e-01 7.587499999999999800e-02 2.770000000000000240e-01 1.682500000000000107e-01 3.787500000000000311e-01 2.187500000000000000e-01 2.357499999999999873e-01 7.274999999999999523e-02 2.437499999999999944e-01 9.762499999999998956e-02 3.109999999999999987e-01 2.249999999999999917e-02 2.324999999999999845e-01 3.662500000000000477e-02 2.957499999999999574e-01 1.622500000000000053e-01 3.719999999999999973e-01 3.831249999999999933e-01 1.853749999999999842e-01 1.597500000000000031e-01 1.202499999999999958e-01 4.204999999999999849e-01 1.704999999999999849e-01 6.262500000000000011e-02 7.124999999999999389e-02 7.100000000000000755e-02 3.366250000000000075e-01 8.037500000000000200e-02 2.508750000000000147e-01 1.138749999999999901e-01 2.508750000000000147e-01 1.836250000000000104e-01 4.670000000000000262e-01 2.318749999999999978e-01 2.575000000000000067e-01 2.560000000000000053e-01 1.318749999999999922e-01 2.552499999999999769e-01 1.667500000000000093e-01 2.232500000000000040e-01 1.913749999999999896e-01 1.895000000000000018e-01 3.647500000000000187e-01 2.567499999999999782e-01 2.928749999999999964e-01 2.397500000000000187e-01 2.932500000000000107e-01 2.565000000000000058e-01 4.533749999999999725e-01 1.100000000000000006e-01 1.187500000000000083e-01 1.784999999999999920e-01 4.022499999999999964e-01 6.600000000000000311e-02 2.512499999999999734e-01 2.072499999999999898e-01 2.957500000000000129e-01 2.518750000000000155e-01 1.139999999999999902e-01 2.353750000000000009e-01 2.650000000000000133e-01 2.312500000000000111e-01 4.062500000000000139e-02 2.477500000000000258e-01
1.677500000000000102e-01 1.390000000000000124e-01 0.000000000000000000e+00 1.290000000000000036e-01 5.562500000000000222e-01 2.182499999999999996e-01 1.382499999999999840e-01 1.005000000000000060e-01 2.314999999999999836e-01 9.550000000000000155e-02 1.787500000000000200e-01 4.750000000000000056e-02 1.149999999999999911e-01 1.634999999999999787e-01 2.800000000000000058e-02 1.809999999999999942e-01 2.130000000000000226e-01 1.697500000000000120e-01 1.355000000000000093e-01 1.524999999999999967e-01 2.049999999999999878e-01 1.097499999999999865e-01 4.460000000000000075e-01 3.487500000000000044e-01 2.874999999999999778e-01 1.475000000000000200e-01 1.462499999999999911e-01 2.132499999999999951e-01 8.225000000000000366e-02 1.712500000000000133e-01 3.950000000000000039e-02 1.759999999999999898e-01 1.449999999999999900e-01 1.684999999999999831e-01 8.700000000000000788e-02 2.737499999999999933e-01 1.165000000000000063e-01 1.310000000000000053e-01 1.585000000000000020e-01 9.299999999999999933e-02 3.450000000000000289e-02 7.875000000000000056e-02 1.007500000000000062e-01 7.099999999999999367e-02 2.854999999999999760e-01 2.437499999999999944e-01 4.042499999999999982e-01 2.507499999999999729e-01 8.249999999999999001e-02 7.550000000000001155e-02 1.512499999999999956e-01 1.617500000000000049e-01 1.202499999999999958e-01 7.900000000000000078e-02 1.152499999999999913e-01 2.374999999999999889e-01 9.749999999999998945e-02 2.770000000000000240e-01 2.742499999999999938e-01 3.925000000000000017e-02 9.024999999999999689e-02 1.945000000000000062e-01 3.692499999999999671e-01 9.174999999999999822e-02 1.167500000000000066e-01 1.060000000000000109e-01
1.880000000000000004e-01 7.587499999999999800e-02 1.290000000000000036e-01 0.000000000000000000e+00 9.575000000000000178e-02 1.549999999999999989e-01 9.024999999999999689e-02 2.422500000000000209e-01 3.150000000000000022e-01 1.742500000000000160e-01 2.192500000000000004e-01 2.994999999999999885e-01 1.873750000000000138e-01 8.949999999999999623e-02 2.417499999999999927e-01 1.677500000000000102e-01 9.224999999999999867e-02 7.850000000000000033e-02 3.347499999999999920e-01 1.616249999999999909e-01 1.214999999999999969e-01 1.915000000000000036e-01 2.860000000000000320e-01 1.237499999999999989e-01 4.385000000000000009e-01 2.791249999999999565e-01 5.675000000000000183e-02 1.169999999999999929e-01 1.085000000000000131e-01 2.893749999999999933e-01 1.232499999999999984e-01 9.675000000000000266e-02 1.950000000000000067e-01 2.237500000000000044e-01 3.069999999999999951e-01 1.738750000000000018e-01 1.399999999999999856e-01 1.327500000000000069e-01 3.452500000000000013e-01 2.322500000000000120e-01 1.372499999999999831e-01 1.092499999999999999e-01 6.262500000000000011e-02 5.412499999999999950e-02 1.547499999999999987e-01 1.819999999999999951e-01 2.517500000000000293e-01 2.585000000000000075e-01 2.357500000000000151e-01 5.600000000000000117e-02 1.131250000000000033e-01 2.277499999999999802e-01 2.147499999999999964e-01 1.650000000000000078e-01 1.082499999999999990e-01 2.402499999999999913e-01 2.042500000000000149e-01 1.890000000000000013e-01 4.275000000000000328e-02 3.206249999999999933e-01 1.340000000000000080e-01 2.388750000000000040e-01 1.575000000000000011e-01 2.090000000000000191e-01 1.942500000000000060e-01 1.527499999999999969e-01
1.467499999999999916e-01 2.770000000000000240e-01 5.562500000000000222e-01 9.575000000000000178e-02 0.000000000000000000e+00 9.375000000000000000e-02 1.022499999999999937e-01 2.442500000000000226e-01 1.890000000000000013e-01 3.792499999999999760e-01 1.529999999999999971e-01 1.217499999999999971e-01 1.265000000000000013e-01 1.265000000000000013e-01 1.340000000000000080e-01 3.429999999999999716e-01 1.982499999999999818e-01 4.120000000000000329e-01 3.225000000000000089e-02 8.250000000000000389e-02 8.175000000000000322e-02 4.250000000000000305e-02 9.199999999999999845e-02 1.148750000000000049e-01 2.124999999999999944e-01 2.185000000000000275e-01 5.230000000000000204e-01 3.450000000000000289e-02 2.725000000000000200e-01 1.779999999999999916e-01 1.597500000000000031e-01 1.712500000000000133e-01 2.030000000000000138e-01 1.605000000000000038e-01 1.784999999999999920e-01 9.074999999999999734e-02 2.832500000000000018e-01 4.375000000000000416e-02 1.975000000000000089e-01 2.983750000000000013e-01 3.980000000000000204e-01 1.484999999999999931e-01 1.819999999999999951e-01 1.402499999999999858e-01 9.825000000000000400e-02 1.099999999999999936e-02 1.325000000000000067e-01 2.702499999999999902e-01 9.475000000000000089e-02 8.824999999999999512e-02 2.114999999999999936e-01 3.275000000000000133e-01 1.436250000000000027e-01 1.999999999999999833e-01 2.555000000000000049e-01 1.064999999999999974e-01 2.972500000000000142e-01 1.724999999999999867e-01 1.844999999999999973e-01 2.237500000000000044e-01 3.652499999999999636e-01 9.324999999999999956e-02 6.525000000000000244e-02 1.287500000000000033e-01 3.954999999999999627e-01 2.751250000000000084e-01
1.422499999999999876e-01 1.682500000000000107e-01 2.182499999999999996e-01 1.549999999999999989e-01 9.375000000000000000e-02 0.000000000000000000e+00 8.649999999999999356e-02 1.457499999999999907e-01 9.450000000000000067e-02 1.355000000000000093e-01 2.505000000000000004e-01 2.132499999999999951e-01 7.950000000000000122e-02 1.685000000000000109e-01 6.174999999999999933e-02 6.775000000000000466e-02 1.980000000000000093e-01 1.769999999999999907e-01 3.002500000000000169e-01 2.082499999999999907e-01 1.020000000000000073e-01 2.048750000000000016e-01 1.171250000000000069e-01 2.137499999999999956e-01 3.559999999999999831e-01 1.030000000000000082e-01 7.249999999999999500e-02 2.705000000000000182e-01 1.457499999999999907e-01 1.102500000000000008e-01 9.450000000000000067e-02 2.357500000000000151e-01 1.015000000000000069e-01 8.400000000000000522e-02 9.862500000000000433e-02 1.982499999999999818e-01 2.220000000000000029e-01 3.609999999999999876e-01 3.525000000000000355e-02 8.774999999999999467e-02 1.953749999999999931e-01 3.352499999999999925e-01 1.127500000000000030e-01 5.674999999999999489e-02 2.550000000000000183e-02 2.600000000000000089e-01 4.605000000000000204e-01 2.326249999999999984e-01 2.910000000000000364e-01 2.449999999999999956e-01 2.458750000000000102e-01 2.005000000000000115e-01 9.349999999999999978e-02 1.744999999999999885e-01 2.235000000000000042e-01 1.642499999999999793e-01 2.290000000000000091e-01 3.148750000000000160e-01 1.057499999999999968e-01 2.057499999999999885e-01 1.600000000000000033e-01 1.159999999999999920e-01 7.812500000000000000e-02 7.850000000000000033e-02 6.124999999999999889e-02 3.312499999999999889e-01
4.825000000000000122e-02 3.787500000000000311e-01 1.382499999999999840e-01 9.024999999999999689e-02 1.022499999999999937e-01 8.649999999999999356e-02 0.000000000000000000e+00 9.312499999999999944e-02 3.469999999999999751e-01 3.034999999999999920e-01 1.562500000000000000e-01 2.880000000000000338e-01 7.574999999999999789e-02 1.452499999999999902e-01 5.575000000000000094e-02 4.850000000000000144e-02 2.507499999999999729e-01 1.652500000000000080e-01 1.692500000000000115e-01 2.045000000000000151e-01 1.052500000000000102e-01 1.353749999999999953e-01 3.704999999999999960e-01 2.904999999999999805e-01 3.398749999999999827e-01 1.277500000000000024e-01 1.132500000000000034e-01 8.974999999999999645e-02 6.900000000000000577e-02 3.049999999999999933e-02 1.412499999999999867e-01 2.630000000000000115e-01 2.817500000000000004e-01 1.482499999999999929e-01 2.561249999999999916e-01 1.427499999999999880e-01 9.850000000000000422e-02 2.280000000000000082e-01 7.350000000000000977e-02 7.049999999999999323e-02 3.142499999999999738e-01 6.224999999999999978e-02 3.599999999999999728e-02 1.974999999999999811e-01 1.702500000000000124e-01 9.224999999999999867e-02 6.250000000000000000e-02 6.300000000000000044e-02 6.500000000000000222e-02 2.878749999999999920e-01 2.500000000000000000e-01 2.856250000000000178e-01 4.041249999999999565e-01 7.499999999999999722e-03 1.503749999999999809e-01 6.625000000000000333e-02 9.475000000000000089e-02 1.454999999999999905e-01 1.948750000000000204e-01 1.829999999999999960e-01 2.164999999999999980e-01 2.279999999999999805e-01 3.014999999999999902e-01 1.802499999999999936e-01 6.375000000000000111e-02 2.250000000000000056e-01
2.187500000000000000e-01 2.187500000000000000e-01 1.005000000000000060e-01 2.422500000000000209e-01 2.442500000000000226e-01 1.457499999999999907e-01 9.312499999999999944e-02 0.000000000000000000e+00 4.299999999999999656e-02 1.287500000000000033e-01 1.387500000000000122e-01 1.280000000000000027e-01 1.600000000000000033e-01 1.159999999999999920e-01 3.800000000000000044e-01 3.014999999999999902e-01 2.817500000000000004e-01 2.177499999999999991e-01 1.252500000000000002e-01 3.052500000000000213e-01 9.575000000000000178e-02 3.028750000000000053e-01 4.317500000000000226e-01 2.232499999999999762e-01 1.353749999999999953e-01 3.522500000000000075e-01 6.049999999999999822e-02 3.882499999999999840e-01 8.475000000000000588e-02 1.287500000000000033e-01 2.472499999999999976e-01 2.007499999999999840e-01 1.795000000000000207e-01 1.335000000000000075e-01 4.328750000000000098e-01 2.177499999999999991e-01 2.977500000000000147e-01 1.175000000000000072e-01 1.842499999999999971e-01 5.299999999999999850e-02 6.750000000000000444e-02 3.022500000000000187e-01 1.605000000000000038e-01 8.424999999999999156e-02 2.634999999999999565e-01 2.622499999999999831e-01 2.674999999999999600e-01 1.749999999999999889e-01 1.544999999999999984e-01 2.241249999999999909e-01 3.050000000000000488e-01 1.468750000000000056e-01 1.671249999999999958e-01 1.119999999999999885e-01 1.273750000000000160e-01 7.724999999999999922e-02 8.574999999999999289e-02 3.017500000000000182e-01 2.733750000000000346e-01 1.670000000000000095e-01 1.625000000000000056e-01 1.912500000000000033e-01 3.145000000000000018e-01 7.050000000000000711e-02 4.645000000000000240e-01 1.704999999999999849e-01
1.409999999999999865e-01 2.357499999999999873e-01 2.314999999999999836e-01 3.150000000000000022e-01 1.890000000000000013e-01 9.450000000000000067e-02 3.469999999999999751e-01 4.299999999999999656e-02 0.000000000000000000e+00 1.499999999999999944e-01 5.699999999999999512e-02 1.232499999999999984e-01 8.099999999999998868e-02 2.566249999999999920e-01 3.873750000000000249e-01 6.550000000000000266e-02 1.140000000000000041e-01 1.430000000000000160e-01 2.804999999999999716e-01 5.675000000000000183e-02 7.562499999999999778e-02 2.557499999999999774e-01 1.619999999999999774e-01 1.872499999999999998e-01 1.657500000000000084e-01 1.362500000000000100e-01 3.043750000000000067e-01 2.800000000000000266e-01 1.529999999999999971e-01 1.087499999999999994e-01 1.125000000000000028e-01 1.867499999999999993e-01 2.414999999999999925e-01 6.925000000000000600e-02 5.925000000000000405e-02 1.700000000000000122e-01 1.317500000000000060e-01 1.057500000000000107e-01 2.301249999999999962e-01 2.275000000000000078e-01 1.980000000000000093e-01 3.765000000000000568e-01 2.577500000000000346e-01 1.067499999999999977e-01 1.525000000000000244e-01 1.429999999999999882e-01 2.376250000000000029e-01 1.427499999999999880e-01 2.302500000000000102e-01 2.240000000000000047e-01 8.824999999999999512e-02 1.549999999999999989e-02 1.655000000000000082e-01 7.312500000000000944e-02 1.950000000000000067e-01 2.932500000000000107e-01 1.814999999999999947e-01 8.687499999999999389e-02 2.217500000000000027e-01 1.802500000000000213e-01 7.774999999999999967e-02 1.002500000000000058e-01 1.875000000000000000e-01 1.812499999999999944e-01 9.887500000000000455e-02 1.707500000000000129e-01
2.527500000000000302e-01 7.274999999999999523e-02 9.550000000000000155e-02 1.742500000000000160e-01 3.792499999999999760e-01 1.355000000000000093e-01 3.034999999999999920e-01 1.287500000000000033e-01 1.499999999999999944e-01 0.000000000000000000e+00 1.101250000000000007e-01 4.222500000000000142e-01 4.257499999999999618e-01 2.049999999999999878e-01 1.150000000000000050e-01 2.412500000000000200e-01 2.343750000000000000e-01 1.360000000000000098e-01 1.486250000000000071e-01 1.097500000000000003e-01 1.522499999999999964e-01 2.697499999999999898e-01 1.426250000000000018e-01 9.712499999999998912e-02 1.020000000000000073e-01 1.213750000000000107e-01 4.836249999999999716e-01 9.550000000000000155e-02 2.582499999999999796e-01 1.149999999999999911e-01 1.844999999999999973e-01 1.607500000000000040e-01 6.850000000000000533e-02 1.930000000000000049e-01 3.077500000000000235e-01 2.205000000000000016e-01 1.773750000000000049e-01 1.177500000000000074e-01 2.964999999999999858e-01 5.325000000000000566e-02 1.380000000000000115e-01 2.654999999999999583e-01 1.852499999999999980e-01 4.662499999999999978e-02 8.799999999999999489e-02 2.104999999999999927e-01 1.360000000000000098e-01 2.147499999999999964e-01 1.307500000000000051e-01 7.787499999999999978e-02 1.862500000000000266e-01 3.912500000000000006e-02 2.374999999999999889e-01 7.749999999999999944e-02 1.888750000000000151e-01 6.262500000000000011e-02 1.722500000000000142e-01 5.599999999999999423e-02 2.310000000000000109e-01 1.767500000000000182e-01 3.808750000000000191e-01 3.417499999999999982e-01 3.527500000000000080e-01 1.317500000000000060e-01 1.744999999999999885e-01 1.126250000000000029e-01
1.404999999999999860e-01 2.437499999999999944e-01 1.787500000000000200e-01 2.192500000000000004e-01 1.529999999999999971e-01 2.505000000000000004e-01 1.562500000000000000e-01 1.387500000000000122e-01 5.699999999999999512e-02 1.101250000000000007e-01 0.000000000000000000e+00 1.157499999999999918e-01 3.437500000000000000e-01 9.099999999999999756e-02 8.749999999999999445e-02 9.650000000000000244e-02 1.418750000000000011e-01 1.975000000000000019e-02 1.618750000000000189e-01 2.444999999999999951e-01 1.440000000000000169e-01 1.554999999999999993e-01 3.250000000000000111e-01 1.178749999999999937e-01 1.260000000000000009e-01 1.688749999999999973e-01 1.828750000000000098e-01 2.555000000000000049e-01 1.554999999999999993e-01 3.300000000000000155e-02 2.839999999999999747e-01 3.041249999999999787e-01 1.645000000000000073e-01 1.407500000000000140e-01 2.002500000000000113e-01 7.649999999999999856e-02 1.053749999999999964e-01 4.449999999999999789e-02 2.530000000000000027e-01 1.514999999999999958e-01 1.307500000000000051e-01 2.771250000000000102e-01 7.424999999999999656e-02 5.000000000000000278e-02 1.977499999999999813e-01 1.827499999999999958e-01 2.369999999999999885e-01 2.347499999999999865e-01 1.765000000000000180e-01 3.283749999999999725e-01 6.275000000000000022e-02 2.123749999999999805e-01 9.400000000000000022e-02 8.899999999999999578e-02 8.787499999999999478e-02 2.457499999999999962e-01 2.217500000000000027e-01 3.280000000000000138e-01 1.554999999999999993e-01 6.124999999999999889e-02 2.900000000000000147e-02 1.032500000000000084e-01 2.577499999999999791e-01 1.592500000000000027e-01 2.067499999999999893e-01 2.143749999999999822e-01
8.675000000000000766e-02 9.762499999999998956e-02 4.750000000000000056e-02 2.994999999999999885e-01 1.217499999999999971e-01 2.132499999999999951e-01 2.880000000000000338e-01 1.280000000000000027e-01 1.232499999999999984e-01 4.222500000000000142e-01 1.157499999999999918e-01 0.000000000000000000e+00 2.723749999999999782e-01 1.110000000000000014e-01 2.692499999999999893e-01 2.673749999999999738e-01 1.758750000000000036e-01 1.222499999999999976e-01 1.731250000000000011e-01 1.017500000000000071e-01 1.643749999999999933e-01 1.952499999999999791e-01 1.857499999999999984e-01 1.694999999999999840e-01 1.902500000000000024e-01 1.370000000000000107e-01 2.680000000000000160e-01 6.700000000000000400e-02 2.206249999999999878e-01 2.600000000000000089e-01 2.264999999999999791e-01 1.016249999999999931e-01 2.041250000000000009e-01 2.282500000000000084e-01 1.625000000000000056e-02 9.425000000000000044e-02 1.423750000000000016e-01 2.746250000000000080e-01 9.912500000000000477e-02 3.799999999999999906e-02 2.581249999999999933e-01 1.152499999999999913e-01 1.565000000000000002e-01 1.202500000000000097e-01 1.386249999999999982e-01 2.406250000000000056e-01 1.058749999999999969e-01 2.760000000000000231e-01 2.874999999999999778e-02 3.347499999999999920e-01 6.725000000000000422e-02 2.927499999999999547e-01 1.234999999999999987e-01 1.197500000000000092e-01 2.124999999999999944e-01 1.657500000000000084e-01 8.225000000000000366e-02 3.915000000000000147e-01 5.025000000000000300e-02 7.224999999999999478e-02 1.859999999999999987e-01 1.587500000000000022e-01 2.296250000000000235e-01 2.549999999999999836e-02 8.687499999999999389e-02 2.849999999999999756e-01
1.292500000000000038e-01 3.109999999999999987e-01 1.149999999999999911e-01 1.873750000000000138e-01 1.265000000000000013e-01 7.950000000000000122e-02 7.574999999999999789e-02 1.600000000000000033e-01 8.099999999999998868e-02 4.257499999999999618e-01 3.437500000000000000e-01 2.723749999999999782e-01 0.000000000000000000e+00 2.482499999999999707e-01 1.512499999999999956e-01 3.137500000000000011e-02 1.892500000000000016e-01 1.365000000000000102e-01 2.374999999999999889e-01 2.046250000000000013e-01 1.501250000000000084e-01 1.237499999999999989e-01 4.092500000000000027e-01 3.689999999999999947e-01 9.074999999999999734e-02 1.001250000000000057e-01 1.467499999999999916e-01 1.712500000000000133e-01 7.137499999999999400e-02 7.412499999999999645e-02 2.368750000000000022e-01 1.878750000000000142e-01 4.112500000000000183e-02 1.776250000000000051e-01 5.030000000000000027e-01 1.006249999999999922e-01 7.200000000000000844e-02 4.075000000000000150e-02 9.037499999999999700e-02 1.565000000000000002e-01 3.092500000000000249e-01 1.940000000000000058e-01 9.537500000000000144e-02 8.275000000000000411e-02 1.552499999999999991e-01 6.375000000000000111e-02 1.283749999999999891e-01 8.300000000000000433e-02 2.299999999999999822e-01 5.125000000000000389e-02 3.646249999999999769e-01 3.094999999999999973e-01 2.207500000000000018e-01 4.300000000000000350e-02 1.507499999999999951e-01 4.900000000000000189e-02 2.062499999999999889e-01 1.302500000000000047e-01 1.285000000000000031e-01 2.741250000000000075e-01 1.435000000000000164e-01 3.296250000000000013e-01 3.857500000000000373e-01 1.287500000000000033e-01 3.353749999999999787e-01 2.747499999999999942e-01
1.660000000000000087e-01 2.249999999999999917e-02 1.634999999999999787e-01 8.949999999999999623e-02 1.265000000000000013e-01 1.685000000000000109e-01 1.452499999999999902e-01 1.159999999999999920e-01 2.566249999999999920e-01 2.049999999999999878e-01 9.099999999999999756e-02 1.110000000000000014e-01 2.482499999999999707e-01 0.000000000000000000e+00 2.211250000000000160e-01 1.437499999999999889e-01 1.622500000000000053e-01 8.550000000000000655e-02 1.975000000000000089e-01 6.224999999999999978e-02 1.603749999999999898e-01 3.334999999999999631e-01 2.507500000000000284e-01 3.899999999999999994e-02 2.804999999999999716e-01 3.547500000000000098e-01 1.021249999999999936e-01 3.956250000000000044e-01 5.575000000000000094e-02 3.099999999999999978e-02 3.417499999999999982e-01 2.817500000000000004e-01 3.375000000000000222e-01 2.000000000000000111e-01 1.679999999999999827e-01 9.049999999999999711e-02 2.612499999999999822e-01 3.537500000000000089e-01 3.731249999999999845e-01 2.402500000000000191e-01 2.625000000000000111e-01 1.687500000000000111e-01 1.172499999999999931e-01 1.679999999999999827e-01 1.189999999999999947e-01 3.125000000000000000e-01 7.562499999999999778e-02 1.872499999999999998e-01 1.527499999999999969e-01 1.952500000000000069e-01 1.562500000000000000e-01 2.730000000000000204e-01 2.770000000000000240e-01 2.382499999999999896e-01 1.499999999999999944e-01 1.784999999999999920e-01 2.540000000000000036e-01 6.162499999999999922e-02 2.327500000000000124e-01 1.332500000000000073e-01 1.912500000000000033e-01 5.824999999999999623e-02 5.300000000000000544e-02 1.729999999999999871e-01 3.288749999999999729e-01 1.370000000000000107e-01
1.239999999999999991e-01 2.324999999999999845e-01 2.800000000000000058e-02 2.417499999999999927e-01 1.340000000000000080e-01 6.174999999999999933e-02 5.575000000000000094e-02 3.800000000000000044e-01 3.873750000000000249e-01 1.150000000000000050e-01 8.749999999999999445e-02 2.692499999999999893e-01 1.512499999999999956e-01 2.211250000000000160e-01 0.000000000000000000e+00 1.507499999999999951e-01 2.650000000000000133e-01 4.274999999999999634e-02 1.667500000000000093e-01 2.234999999999999765e-01 1.611250000000000182e-01 9.299999999999999933e-02 4.119999999999999774e-01 2.299999999999999822e-01 2.339999999999999858e-01 1.034999999999999948e-01 1.643749999999999933e-01 1.453750000000000042e-01 8.025000000000000189e-02 1.239999999999999991e-01 2.750000000000000014e-02 1.500000000000000222e-01 8.100000000000000255e-02 2.344999999999999862e-01 2.022499999999999853e-01 2.492500000000000271e-01 9.875000000000000444e-02 1.002500000000000058e-01 5.862499999999999656e-02 3.400000000000000244e-01 2.324999999999999845e-01 2.676250000000000018e-01 1.381249999999999978e-01 1.570000000000000007e-01 9.600000000000000200e-02 2.459999999999999964e-01 1.086249999999999993e-01 1.632500000000000062e-01 1.010000000000000064e-01 7.550000000000001155e-02 2.590000000000000080e-01 1.197500000000000092e-01 1.627500000000000058e-01 2.335000000000000131e-01 1.127500000000000030e-01 2.621249999999999969e-01 1.335000000000000075e-01 2.018749999999999989e-01 4.762499999999999512e-01 2.747499999999999942e-01 1.224999999999999978e-01 4.462500000000000355e-01 3.112500000000000266e-01 1.182500000000000079e-01 1.561249999999999860e-01 1.455000000000000182e-01
1.330000000000000071e-01 3.662500000000000477e-02 1.809999999999999942e-01 1.677500000000000102e-01 3.429999999999999716e-01 6.775000000000000466e-02 4.850000000000000144e-02 3.014999999999999902e-01 6.550000000000000266e-02 2.412500000000000200e-01 9.650000000000000244e-02 2.673749999999999738e-01 3.137500000000000011e-02 1.437499999999999889e-01 1.507499999999999951e-01 0.000000000000000000e+00 2.612499999999999822e-01 1.042499999999999954e-01 1.092499999999999999e-01 2.065000000000000169e-01 2.936249999999999694e-01 5.224999999999999784e-02 3.014999999999999902e-01 3.360000000000000209e-01 4.274999999999999911e-01 2.052500000000000158e-01 1.394999999999999851e-01 9.925000000000000488e-02 9.987499999999999156e-02 4.424999999999999767e-02 5.424999999999999961e-02 1.737500000000000155e-02 2.212499999999999883e-02 1.135000000000000037e-01 3.529999999999999805e-01 1.824999999999999956e-01 1.577500000000000013e-01 3.619999999999999885e-01 2.978750000000000009e-01 2.665000000000000147e-01 1.035000000000000087e-01 3.307499999999999885e-01 7.900000000000000078e-02 2.190000000000000002e-01 1.204999999999999960e-01 2.780000000000000249e-01 1.771250000000000047e-01 9.825000000000000400e-02 2.249999999999999917e-02 7.324999999999999567e-02 8.375000000000000500e-02 4.435000000000000053e-01 3.282500000000000417e-01 1.745000000000000162e-01 2.300000000000000100e-01 3.457500000000000018e-01 1.739999999999999880e-01 5.350000000000000588e-02 2.717499999999999916e-01 4.597499999999999920e-01 1.920000000000000040e-01 7.975000000000000144e-02 2.315000000000000113e-01 1.135000000000000037e-01 1.236249999999999988e-01 1.367499999999999827e-01
8.225000000000000366e-02 2.957499999999999574e-01 2.130000000000000226e-01 9.224999999999999867e-02 1.982499999999999818e-01 1.980000000000000093e-01 2.507499999999999729e-01 2.817500000000000004e-01 1.140000000000000041e-01 2.343750000000000000e-01 1.418750000000000011e-01 1.758750000000000036e-01 1.892500000000000016e-01 1.622500000000000053e-01 2.650000000000000133e-01 2.612499999999999822e-01 0.000000000000000000e+00 1.239999999999999991e-01 9.950000000000000511e-02 2.019999999999999851e-01 1.380000000000000115e-01 2.820000000000000284e-01 2.169999999999999984e-01 1.061249999999999971e-01 8.275000000000000411e-02 1.253750000000000142e-01 6.662500000000000366e-02 2.237500000000000044e-01 3.179999999999999494e-01 1.714999999999999858e-01 3.162499999999999756e-01 1.982500000000000095e-01 2.962500000000000133e-01 1.617500000000000049e-01 6.825000000000000511e-02 1.110000000000000014e-01 2.962500000000000133e-01 9.087499999999999745e-02 2.245000000000000051e-01 2.094999999999999918e-01 2.893749999999999933e-01 1.537499999999999978e-01 2.285000000000000087e-01 2.964999999999999858e-01 1.211250000000000104e-01 3.211249999999999938e-01 5.974999999999999756e-02 1.417500000000000149e-01 4.174999999999999545e-02 8.787499999999999478e-02 2.439999999999999947e-01 8.462500000000000577e-02 1.539999999999999980e-01 2.105000000000000204e-01 2.031250000000000000e-01 1.895000000000000018e-01 2.112499999999999933e-01 1.580000000000000016e-01 1.872499999999999998e-01 1.925000000000000044e-01 1.277500000000000024e-01 4.000000000000000083e-02 1.033749999999999947e-01 2.452499999999999958e-01 2.289999999999999813e-01 1.191250000000000087e-01
1.799999999999999933e-01 1.622500000000000053e-01 1.697500000000000120e-01 7.850000000000000033e-02 4.120000000000000329e-01 1.769999999999999907e-01 1.652500000000000080e-01 2.177499999999999991e-01 1.430000000000000160e-01 1.360000000000000098e-01 1.975000000000000019e-02 1.222499999999999976e-01 1.365000000000000102e-01 8.550000000000000655e-02 4.274999999999999634e-02 1.042499999999999954e-01 1.239999999999999991e-01 0.000000000000000000e+00 2.582499999999999796e-01 3.820000000000000062e-01 1.204999999999999960e-01 4.850000000000000144e-02 3.772499999999999742e-01 2.517500000000000293e-01 3.597500000000000142e-01 1.424999999999999878e-01 2.094999999999999918e-01 2.454999999999999960e-01 1.402499999999999858e-01 1.674999999999999822e-01 1.432500000000000162e-01 2.427500000000000213e-01 2.790000000000000258e-01 2.807499999999999996e-01 2.820000000000000284e-01 2.230000000000000038e-01 1.375000000000000111e-01 1.068749999999999978e-01 4.377499999999999725e-01 5.875000000000000361e-02 1.987499999999999822e-01 1.812500000000000222e-01 2.177499999999999991e-01 1.380000000000000115e-01 4.545000000000000151e-01 1.051250000000000101e-01 1.784999999999999920e-01 2.040000000000000147e-01 1.609999999999999765e-01 4.812499999999999556e-01 2.570000000000000062e-01 1.605000000000000038e-01 1.544999999999999984e-01 1.239999999999999991e-01 1.727500000000000147e-01 1.717499999999999860e-01 1.864999999999999991e-01 5.724999999999999534e-02 1.147499999999999909e-01 1.417499999999999871e-01 1.876250000000000140e-01 1.292500000000000038e-01 3.514999999999999791e-01 2.475000000000000117e-02 1.857499999999999984e-01 6.875000000000000555e-02
2.352500000000000147e-01 3.719999999999999973e-01 1.355000000000000093e-01 3.347499999999999920e-01 3.225000000000000089e-02 3.002500000000000169e-01 1.692500000000000115e-01 1.252500000000000002e-01 2.804999999999999716e-01 1.486250000000000071e-01 1.618750000000000189e-01 1.731250000000000011e-01 2.374999999999999889e-01 1.975000000000000089e-01 1.667500000000000093e-01 1.092499999999999999e-01 9.950000000000000511e-02 2.582499999999999796e-01 0.000000000000000000e+00 2.612499999999999822e-01 1.214999999999999969e-01 1.127499999999999891e-01 3.125000000000000000e-01 2.686250000000000027e-01 1.842500000000000249e-01 1.143750000000000044e-01 1.933750000000000191e-01 1.387499999999999845e-01 1.337499999999999800e-01 1.822499999999999953e-01 2.452499999999999958e-01 1.802499999999999936e-01 1.745000000000000162e-01 1.512499999999999956e-01 3.445000000000000284e-01 1.350000000000000089e-01 2.367499999999999882e-01 5.812500000000000305e-02 2.027499999999999858e-01 3.562500000000000111e-01 1.776249999999999774e-01 1.570000000000000007e-01 1.217499999999999971e-01 1.367499999999999827e-01 1.886249999999999871e-01 2.328749999999999987e-01 2.137499999999999956e-01 1.310000000000000053e-01 3.504999999999999782e-01 2.381250000000000311e-01 3.512499999999999512e-01 2.051250000000000018e-01 1.277500000000000024e-01 2.224999999999999756e-01 1.141250000000000042e-01 1.947500000000000064e-01 3.074999999999999956e-02 2.782499999999999973e-01 1.239999999999999991e-01 1.719999999999999862e-01 1.365000000000000102e-01 1.092499999999999999e-01 1.896249999999999880e-01 1.112500000000000017e-01 3.350000000000000200e-02 7.012500000000000677e-02
6.575000000000000289e-02 3.831249999999999933e-01 1.524999999999999967e-01 1.616249999999999909e-01 8.250000000000000389e-02 2.082499999999999907e-01 2.045000000000000151e-01 3.052500000000000213e-01 5.675000000000000183e-02 1.097500000000000003e-01 2.444999999999999951e-01 1.017500000000000071e-01 2.046250000000000013e-01 6.224999999999999978e-02 2.234999999999999765e-01 2.065000000000000169e-01 2.019999999999999851e-01 3.820000000000000062e-01 2.612499999999999822e-01 0.000000000000000000e+00 2.904999999999999805e-01 2.369999999999999885e-01 3.180000000000000049e-01 3.375000000000000222e-02 1.842499999999999971e-01 1.256249999999999867e-01 3.185000000000000053e-01 2.635000000000000120e-01 1.590000000000000024e-01 2.361249999999999738e-01 2.198749999999999871e-01 2.094999999999999918e-01 2.322500000000000120e-01 3.256249999999999978e-01 1.394999999999999851e-01 1.931250000000000189e-01 1.634999999999999787e-01 1.175000000000000003e-02 2.954999999999999849e-01 8.374999999999999112e-02 7.499999999999999722e-02 1.724999999999999867e-01 4.561250000000000027e-01 1.422499999999999876e-01 1.012500000000000067e-01 1.972500000000000087e-01 1.270000000000000018e-01 2.782499999999999973e-01 1.202499999999999958e-01 2.732499999999999929e-01 1.406250000000000000e-01 9.550000000000000155e-02 6.234999999999999432e-01 2.429999999999999938e-01 2.952500000000000124e-01 1.854999999999999982e-01 1.885000000000000009e-01 2.499999999999999792e-02 2.489999999999999991e-01 2.671250000000000013e-01 3.032500000000000195e-01 6.562500000000000278e-02 2.939999999999999836e-01 1.409999999999999865e-01 2.040000000000000147e-01 3.232499999999999818e-01
8.599999999999999312e-02 1.853749999999999842e-01 2.049999999999999878e-01 1.214999999999999969e-01 8.175000000000000322e-02 1.020000000000000073e-01 1.052500000000000102e-01 9.575000000000000178e-02 7.562499999999999778e-02 1.522499999999999964e-01 1.440000000000000169e-01 1.643749999999999933e-01 1.501250000000000084e-01 1.603749999999999898e-01 1.611250000000000182e-01 2.936249999999999694e-01 1.380000000000000115e-01 1.204999999999999960e-01 1.214999999999999969e-01 2.904999999999999805e-01 0.000000000000000000e+00 1.442499999999999893e-01 2.734999999999999654e-01 9.925000000000000488e-02 3.925000000000000017e-02 2.875000000000000125e-02 3.398749999999999827e-01 1.358749999999999958e-01 2.086250000000000049e-01 1.615000000000000047e-01 3.002500000000000169e-01 2.676250000000000018e-01 1.011250000000000066e-01 6.575000000000000289e-02 1.250000000000000000e-01 1.634999999999999787e-01 9.750000000000000333e-02 1.834999999999999964e-01 2.787499999999999978e-01 2.399999999999999911e-01 1.105000000000000010e-01 2.040000000000000147e-01 1.144999999999999907e-01 2.200000000000000011e-01 1.134999999999999898e-01 1.047500000000000098e-01 1.822499999999999953e-01 3.624999999999999750e-02 9.149999999999999800e-02 1.244999999999999996e-01 1.915000000000000036e-01 3.072500000000000231e-01 1.442499999999999893e-01 1.102500000000000008e-01 1.160000000000000059e-01 5.050000000000000322e-02 2.120000000000000218e-01 7.437499999999999667e-02 1.482499999999999929e-01 2.645000000000000129e-01 1.895000000000000018e-01 2.800000000000000058e-02 2.249999999999999778e-01 8.424999999999999156e-02 2.605000000000000093e-01 1.247499999999999998e-01
2.399999999999999911e-01 1.597500000000000031e-01 1.097499999999999865e-01 1.915000000000000036e-01 4.250000000000000305e-02 2.048750000000000016e-01 1.353749999999999953e-01 3.028750000000000053e-01 2.557499999999999774e-01 2.697499999999999898e-01 1.554999999999999993e-01 1.952499999999999791e-01 1.237499999999999989e-01 3.334999999999999631e-01 9.299999999999999933e-02 5.224999999999999784e-02 2.820000000000000284e-01 4.850000000000000144e-02 1.127499999999999891e-01 2.369999999999999885e-01 1.442499999999999893e-01 0.000000000000000000e+00 1.678749999999999964e-01 2.500000000000000000e-01 2.733750000000000346e-01 1.462499999999999911e-01 1.095000000000000001e-01 6.925000000000000600e-02 3.014999999999999902e-01 1.202499999999999958e-01 1.665000000000000091e-01 8.824999999999999512e-02 5.749999999999999556e-02 1.234999999999999987e-01 1.252500000000000002e-01 1.487499999999999933e-01 5.449999999999999983e-02 3.302500000000000435e-01 2.525000000000000022e-01 1.530000000000000249e-01 2.493749999999999856e-01 2.050000000000000086e-02 2.177499999999999991e-01 2.137499999999999956e-01 1.092500000000000138e-01 1.377499999999999836e-01 1.965000000000000080e-01 1.501250000000000084e-01 2.062499999999999889e-01 1.956249999999999933e-01 3.341250000000000053e-01 3.333750000000000324e-01 1.771250000000000047e-01 1.112500000000000017e-01 1.716249999999999998e-01 2.962500000000000133e-01 3.102500000000000258e-01 6.462500000000000189e-02 1.973749999999999949e-01 1.749999999999999889e-01 1.229999999999999982e-01 6.024999999999999800e-02 5.912499999999999700e-02 3.385000000000000231e-01 1.509999999999999953e-01 1.435000000000000164e-01
1.417499999999999871e-01 1.202499999999999958e-01 4.460000000000000075e-01 2.860000000000000320e-01 9.199999999999999845e-02 1.171250000000000069e-01 3.704999999999999960e-01 4.317500000000000226e-01 1.619999999999999774e-01 1.426250000000000018e-01 3.250000000000000111e-01 1.857499999999999984e-01 4.092500000000000027e-01 2.507500000000000284e-01 4.119999999999999774e-01 3.014999999999999902e-01 2.169999999999999984e-01 3.772499999999999742e-01 3.125000000000000000e-01 3.180000000000000049e-01 2.734999999999999654e-01 1.678749999999999964e-01 0.000000000000000000e+00 1.465000000000000191e-01 1.345000000000000084e-01 1.365000000000000102e-01 2.090000000000000191e-01 1.010000000000000064e-01 1.925000000000000044e-01 4.374999999999999722e-02 2.342499999999999860e-01 2.312500000000000111e-01 1.179999999999999938e-01 1.134999999999999898e-01 8.812499999999999500e-02 9.074999999999999734e-02 2.269999999999999796e-01 1.620000000000000051e-01 3.372499999999999942e-01 2.710000000000000187e-01 7.362499999999999600e-02 2.082499999999999907e-01 1.582500000000000018e-01 1.862499999999999920e-02 9.675000000000000266e-02 1.457499999999999907e-01 2.092499999999999916e-01 2.356250000000000011e-01 3.034999999999999920e-01 1.615000000000000047e-01 1.611250000000000182e-01 1.502499999999999947e-01 2.567500000000000338e-01 1.489999999999999936e-01 1.467499999999999916e-01 2.171250000000000124e-01 2.757499999999999951e-01 1.113750000000000018e-01 2.140000000000000235e-01 2.747499999999999942e-01 2.293749999999999956e-01 1.955000000000000071e-01 1.608749999999999902e-01 2.580000000000000071e-01 3.157499999999999751e-01 3.232499999999999818e-01
1.385000000000000120e-01 4.204999999999999849e-01 3.487500000000000044e-01 1.237499999999999989e-01 1.148750000000000049e-01 2.137499999999999956e-01 2.904999999999999805e-01 2.232499999999999762e-01 1.872499999999999998e-01 9.712499999999998912e-02 1.178749999999999937e-01 1.694999999999999840e-01 3.689999999999999947e-01 3.899999999999999994e-02 2.299999999999999822e-01 3.360000000000000209e-01 1.061249999999999971e-01 2.517500000000000293e-01 2.686250000000000027e-01 3.375000000000000222e-02 9.925000000000000488e-02 2.500000000000000000e-01 1.465000000000000191e-01 0.000000000000000000e+00 2.324999999999999983e-02 3.373749999999999805e-01 2.431250000000000078e-01 3.654999999999999916e-01 1.125000000000000028e-01 1.320000000000000062e-01 1.162499999999999922e-01 3.612500000000000155e-01 2.017499999999999849e-01 1.637500000000000067e-01 1.189999999999999947e-01 1.667500000000000093e-01 1.601249999999999896e-01 1.544999999999999984e-01 1.355000000000000093e-01 1.588749999999999885e-01 1.392500000000000127e-01 1.357500000000000095e-01 2.795000000000000262e-01 1.880000000000000004e-01 9.199999999999999845e-02 1.015000000000000069e-01 2.339999999999999858e-01 1.002500000000000058e-01 1.572500000000000009e-01 3.903750000000000275e-01 1.869999999999999996e-01 4.937500000000000222e-02 9.375000000000000000e-02 1.295000000000000040e-01 4.537499999999999867e-02 2.179999999999999993e-01 2.512500000000000289e-01 1.834999999999999964e-01 3.024999999999999911e-01 1.492499999999999938e-01 1.197499999999999953e-01 1.112499999999999878e-01 2.124999999999999944e-01 2.839999999999999747e-01 2.349999999999999867e-01 5.752500000000000391e-01
