1.000000000000000000e+00 8.421285082671742250e-02 4.680001121321810537e-02 1.383302946903783859e-01 8.822690330970962835e-02 1.359995120142192815e-01 6.134795764738146251e-02 8.523449413831389598e-02 1.452675576422855497e-01 1.728197331405315063e-01 5.482555704321789847e-02 1.073562721118466179e-01 1.096172294683276371e-01 1.467430261333255159e-01 7.582256640014863047e-02 3.652005895679158454e-02 1.336492064355054576e-01 6.098661834649124480e-02 9.009631559453218363e-02 1.125842401106274815e-01 5.943966167963664338e-02 8.918060960105567148e-02 9.568831020230310347e-02 5.774260355459095995e-02 1.155735826473650169e-01 7.918210129030528455e-02 1.345321652174518157e-01 1.724513116889335729e-01 1.891168593579822810e-01 6.378024702179754812e-02 8.257195400644576355e-02 8.451925997614381791e-02 1.979183299237238236e-01 6.457449709100590574e-02 1.144237501868851370e-01 2.181001887263467331e-01 8.518022055103752210e-02 1.705837828282598112e-01 6.890193705405475710e-02 9.013744456430114460e-02 9.441996572884187033e-02 1.153260969011819931e-01 7.445836912331120494e-02 1.575864737944990268e-01 1.436267619064621193e-01 8.840838833785137629e-02 1.074120626601637318e-01 1.767450378410319045e-01 9.135482242721384982e-02 1.307216802820568846e-01 1.548634016317229911e-01 2.498859274079904061e-02 1.458535190064046416e-01 9.597910026932421346e-02 1.263084896456111161e-01 1.270660452811599450e-01 7.864381489865360231e-02 1.489038902518826646e-01 1.113694110742022014e-01 1.526444822944045820e-01 1.568763054930465417e-01 7.004449445946409059e-02 1.105310797771419384e-01 7.542221562134415747e-02 1.809772755255574239e-01 9.571526482641828926e-02
8.421285082671742250e-02 1.000000000000000000e+00 1.331740841524374497e-01 1.343504850363919090e-01 5.266028766191975519e-02 1.038223976409230059e-01 9.755753627382192372e-02 1.443813410388408436e-01 1.206349329407813142e-01 5.763288869430185923e-02 1.072081965256098113e-01 1.486195381155852868e-01 1.148640236767747014e-01 1.590534322951133728e-01 1.149550128976429414e-01 1.030341217471892751e-01 1.021174314591674070e-01 1.013858262559677870e-01 8.345080330959227244e-02 1.055966548248261638e-01 1.210439655273058135e-01 5.288988801276800489e-02 1.112927226614344456e-01 1.297413210468670308e-01 1.136410372175089556e-01 8.013062786846203434e-02 1.054272849863512329e-01 1.041874398484529951e-01 5.963292418685776919e-02 1.236374944618300054e-01 8.803812281845421750e-02 1.439868302094501340e-01 1.135789953866937485e-01 8.273677359558140321e-02 1.356102881111557190e-01 9.778609360387752192e-02 5.587515841150511586e-02 2.484647277663641352e-01 8.982728308995402422e-02 1.080973904996769819e-01 1.603565008970091188e-01 7.742254834406883668e-02 1.356852236919602051e-01 6.461504103094524443e-02 8.414918438522556166e-02 8.887894176311303407e-02 1.595059124224801339e-01 6.655793762205391983e-02 1.262961980389974426e-01 1.519867033810771983e-01 7.455534544433826960e-02 5.414321663299432458e-02 4.021785708492833789e-02 1.300176814178440055e-01 8.925980434257860252e-02 9.197346651079774116e-02 1.230795574143525306e-01 1.294398311871791107e-01 7.617666819629309582e-02 1.035651491450304273e-01 9.783598762470199772e-02 7.302585510250064749e-02 9.748015909291256331e-02 1.009478673435315332e-01 1.215447072474563350e-01 1.157268166591908370e-01
4.680001121321810537e-02 1.331740841524374497e-01 1.000000000000000000e+00 7.033264874739308947e-02 8.137403990243211038e-02 5.777393186181224716e-02 5.750564108050068568e-02 1.098084240651500676e-01 4.600331888568205685e-02 8.395974902986057253e-02 1.246619281081235153e-01 1.007285671056555310e-01 1.875513964266687650e-01 1.204218708755867978e-01 1.063695453405517355e-01 1.355770156271694782e-01 1.033126985898346201e-01 9.049487875377171253e-02 8.140217305343164234e-02 1.065638920167972514e-01 1.593681506889426114e-01 9.542694422044450953e-02 1.319483597480856640e-01 7.802453955075877579e-02 1.080296812473361956e-01 1.568276458631737147e-01 1.098190124020036462e-01 7.295120657787873553e-02 3.749264116136875880e-02 8.617592456393272093e-02 1.208654728209930668e-01 1.012475769998798514e-01 5.770543057788848212e-02 1.486956689181216373e-01 4.452241325270014927e-02 1.808615110068689524e-01 1.125580654331975183e-01 1.152740476646679779e-01 1.513469010914362534e-01 1.124284452096240561e-01 7.727859407187497032e-02 1.387964057993939238e-01 2.093440106822233859e-01 9.981659529576739076e-02 1.256886122089888869e-01 1.748956759749884793e-01 1.087128140302770218e-01 6.329857849468850661e-02 8.390617706653791252e-02 1.934706154559872326e-01 7.852083389711957129e-02 1.336424892812970167e-01 4.211266504538249689e-02 1.295906663528672009e-01 1.136846810610080555e-01 1.838280346033360768e-01 4.671105244106747711e-02 8.396701088487457110e-02 9.403899580673209802e-02 1.289095660938119892e-01 1.060092763047588982e-01 1.256305159830580775e-01 1.851831228550033515e-01 1.541836560606021922e-01 1.382283470147448179e-01 6.558303294498984970e-02
1.383302946903783859e-01 1.343504850363919090e-01 7.033264874739308947e-02 1.000000000000000000e+00 9.180003525105975837e-02 8.540847500378290214e-02 1.768494153891251308e-01 8.843984751561387303e-02 1.179603095295340687e-01 1.478383541261666934e-01 9.309354447086261308e-02 3.106487615752966114e-02 1.695356495561797239e-01 9.438494439828129523e-02 7.543671566116078031e-02 7.987423615264570287e-02 1.207344969498644616e-01 8.170273771769692717e-02 9.779953006118743963e-02 9.422504299780465331e-02 1.222105824498090354e-01 1.180722984945372367e-01 1.369953241947133304e-01 1.424407720735066385e-01 4.100929307677938368e-02 9.913631800798311522e-02 1.436350397470618212e-01 1.636731382972180238e-01 1.651186396533665945e-01 1.173059097228040804e-01 9.025287212218838229e-02 1.005015732113724164e-01 1.412755955697737043e-01 8.460735979968547760e-02 1.233227216932243908e-01 2.089295041861859714e-01 1.327213170708939072e-01 9.949774171448336202e-02 1.012669757507533713e-01 1.864436702863258022e-01 6.176939519980605142e-02 1.187760125305696857e-01 1.149688167642110015e-01 1.379575167365407196e-01 4.958813733399666107e-02 1.179466875988797181e-01 6.351423911605147410e-02 1.427272691783787462e-01 7.822081736044222966e-02 1.414175857452641960e-01 4.745492430954174889e-02 9.974155127486475370e-02 7.106133960431841590e-02 6.477998873493885645e-02 1.887595562556282913e-01 1.498853702771039964e-01 7.245982662100845795e-02 9.912642105266125658e-02 1.092210274412262622e-01 2.669272161952116473e-01 1.333205888523524285e-01 1.186749264445654817e-01 6.025886153985050842e-02 1.176786385447173566e-01 1.182818189143700072e-01 1.285750972412815496e-01
8.822690330970962835e-02 5.266028766191975519e-02 8.137403990243211038e-02 9.180003525105975837e-02 1.000000000000000000e+00 8.793241531344607453e-02 1.827961486176991890e-01 1.901356104858391016e-01 1.313669398201127159e-01 8.449179511343546389e-02 1.031246182574203779e-01 1.097611165610707096e-01 6.051517093892426480e-02 1.310894643246716118e-01 3.917810090695060532e-02 8.437535607329905984e-02 1.837181995652408806e-01 1.159679930347708998e-01 4.168092016030069263e-02 9.031781693200412187e-02 1.193251068452690355e-01 2.042440109533150694e-01 1.431967797881179560e-01 9.427491516139552274e-02 1.254279725747652618e-01 9.602199429110097606e-02 6.751341236981436844e-02 1.782504681554153980e-01 1.585443068222425478e-01 9.826808410277766692e-02 9.326705359082106128e-02 8.721688021101935140e-02 1.573888502194946137e-01 9.509269373415338289e-02 9.815876034076440049e-02 1.201820541764485606e-01 1.378913857571116286e-01 1.426638632536176843e-01 1.376177665928376981e-01 2.194853744172958476e-01 7.883881118055270643e-02 7.620090111369637320e-02 9.083622186193784920e-02 1.040101545331425514e-01 1.520072857083621387e-01 1.446568934168020182e-01 6.298488679820254954e-02 1.261792857745665797e-01 1.125445651419778315e-01 6.560757994854650443e-02 1.302984569036154949e-01 1.003591195373696732e-01 1.046725148851566922e-01 1.026368623448354611e-01 1.082989876654160272e-01 1.066457654011971345e-01 9.555723631530634032e-02 1.205539518518120301e-01 7.481381847438882404e-02 1.391532841891981176e-01 1.827403890407585663e-01 1.425607534886548233e-01 1.155739544418854514e-01 1.324666413927961528e-01 8.818398537759550293e-02 1.237074309703243974e-01
1.359995120142192815e-01 1.038223976409230059e-01 5.777393186181224716e-02 8.540847500378290214e-02 8.793241531344607453e-02 1.000000000000000000e+00 1.565803400759504804e-01 8.477755667022937591e-02 9.289388276819993129e-02 9.723162873676124973e-02 1.358332069465143233e-01 4.509287329304693254e-02 1.108429520696644216e-01 1.191803239128760156e-01 8.626659572498356077e-02 1.076919190218906391e-01 1.000021372485057070e-01 1.361952909109096499e-01 1.066026998335488918e-01 1.740505062623902699e-01 1.359858758940743484e-01 6.982599570363623442e-02 5.490069309444356449e-02 9.096545852552925804e-02 1.554818029471189689e-01 1.404187356312607549e-01 9.338006497454645616e-02 9.702469979024437585e-02 9.694337679907971683e-02 1.033480918455913500e-01 9.308335790571289903e-02 1.196658204581815543e-01 1.126717277098912007e-01 9.526907114043950409e-02 6.920553742451941714e-02 1.576277144686686338e-01 1.040047820544046375e-01 1.092951091470533986e-01 1.180051981541512252e-01 1.044852282063783722e-01 1.743300551688799771e-01 8.655757970052496697e-02 1.000398564499546950e-01 6.358588628857397840e-02 2.324141301806742499e-01 1.295050967054884594e-01 7.067417469451611756e-02 5.961224923943424930e-02 7.969315418489122949e-02 8.998489578897934937e-02 1.297082091769941325e-01 7.045202141315155819e-02 5.229529768155184721e-02 1.103256739734998215e-01 1.465588767313720786e-01 1.197108792453751569e-01 1.164203407738966523e-01 1.339316017975223372e-01 5.914670768129286216e-02 1.349577438404576391e-01 1.001394938084674835e-01 1.641927068611553908e-01 1.090870355574619227e-01 5.569612810476348708e-02 1.187957578441662387e-01 9.486657656308597475e-02
6.134795764738146251e-02 9.755753627382192372e-02 5.750564108050068568e-02 1.768494153891251308e-01 1.827961486176991890e-01 1.565803400759504804e-01 1.000000000000000000e+00 9.219026547447642383e-02 9.686541284679393848e-02 7.871933458631893976e-02 1.877469687019499567e-01 1.632406874151802745e-01 8.550218456171898573e-02 1.673536380604946916e-01 1.186384739450434267e-01 8.519961257457803194e-02 6.613493712195626928e-02 1.114296809742133243e-01 9.556194441452660338e-02 1.151062875066644897e-01 7.190912678542107916e-02 1.024701562496514173e-01 5.196987589976561489e-02 4.814150006771880652e-02 5.664460625099748681e-02 1.724896298463096389e-01 9.438162576988443075e-02 9.201778369720219064e-02 1.079273075994562209e-01 8.162628105759225927e-02 1.385629768771463322e-01 8.299282775873792484e-02 9.354932112189337512e-02 1.280920616941647605e-01 1.542907255998767768e-01 1.442980438437959645e-01 8.627780965501113952e-02 1.142867836123272196e-01 1.843471661325125355e-01 1.188942358550921924e-01 1.084068081882248180e-01 1.880085509947206912e-01 1.175411401209969786e-01 7.990480870291941096e-02 8.479291445856747267e-02 1.049597195895269064e-01 7.144400572619966083e-02 6.997216251715278335e-02 5.646613163402827013e-02 9.555872382933697229e-02 8.355723865497841074e-02 1.210685478565715206e-01 9.440977193906752163e-02 1.638388896767978831e-01 5.520677581703751363e-02 1.302933303013634192e-01 1.510693064471346769e-01 8.728202216044314565e-02 5.036715508482593473e-02 1.031327597777831617e-01 4.094958422578338919e-02 9.402877061707884399e-02 1.649869791060253887e-01 1.133585616464469759e-01 1.157682158838531095e-01 1.101315889881654270e-01
8.523449413831389598e-02 1.443813410388408436e-01 1.098084240651500676e-01 8.843984751561387303e-02 1.901356104858391016e-01 8.477755667022937591e-02 9.219026547447642383e-02 1.000000000000000000e+00 9.833360319420414442e-02 1.031725018369937935e-01 5.904101043748578859e-02 1.033844669189285248e-01 1.983406527990350665e-01 6.045422557760898180e-02 7.579944149642892093e-02 1.117446415150751826e-01 9.585063081831901588e-02 1.837380032766647575e-01 1.183308410673423461e-01 1.027213297844439266e-01 1.027662789046521474e-01 9.483534876784655010e-02 1.095085915601710369e-01 1.750614296035857831e-01 1.064240292145725575e-01 1.775509570778697477e-01 1.581525662750132288e-01 1.223535364325779029e-01 1.205513700189782822e-01 5.673473161872501225e-02 1.176049641571620258e-01 1.898976211808258707e-01 8.008436784897488003e-02 1.016105720154520664e-01 1.001550542062638188e-01 1.562422911191146957e-01 1.091378850108362386e-01 2.225926594496920596e-01 1.716828473928562193e-01 1.110875426996590087e-01 4.526622806849366076e-02 1.378109489748454708e-01 1.104858761006680401e-01 1.081189741589655279e-01 1.086879263524783146e-01 9.961337744771095459e-02 1.859380333700705323e-01 1.300982388656765076e-01 8.075922876965335728e-02 1.073870047233995567e-01 7.254835138252146987e-02 7.671643619730315888e-02 1.149604427366525961e-01 7.220442773573451656e-02 8.688963091366168345e-02 1.487461207927868734e-01 1.557631847606323894e-01 1.184766677046135697e-01 1.162477767135151885e-01 1.111811835385414643e-01 5.189465361828628220e-02 6.574825287032026733e-02 7.574492369943112979e-02 1.519523174441329005e-01 8.619598603201023002e-02 9.592236986514776631e-02
1.452675576422855497e-01 1.206349329407813142e-01 4.600331888568205685e-02 1.179603095295340687e-01 1.313669398201127159e-01 9.289388276819993129e-02 9.686541284679393848e-02 9.833360319420414442e-02 1.000000000000000000e+00 1.679502505617940511e-01 1.277182271423081272e-01 9.482052039764871099e-02 1.407670489770782574e-01 1.805200084824581941e-01 1.074409317105008838e-01 8.702580764314564454e-02 2.028290172018008819e-01 5.278945975713904282e-02 6.215906750031108263e-02 1.702796236707115884e-01 1.033832402711101495e-01 1.425127653143908879e-01 9.529291515269434909e-02 1.462666178864746036e-01 9.038367802965771580e-02 1.461173241655656374e-01 1.287413087913651388e-01 1.072406273664654880e-01 9.059347741114814889e-02 1.491375948937004037e-01 1.210853500581468289e-01 1.479878369964466867e-01 1.443816946059527373e-01 9.164876054325735155e-02 9.616143067067045580e-02 7.849512206312772578e-02 9.381122414020978684e-02 1.514112810531119402e-01 9.048897837880855166e-02 1.147083839938877609e-01 1.889957470096521042e-01 1.331576724053230854e-01 1.066717971421668049e-01 9.764479914014979889e-02 1.053273795062203699e-01 8.376020130772721117e-02 1.117155241869289967e-01 1.067140782982326785e-01 1.111356733458939844e-01 5.504996415277308569e-02 6.866708305228645670e-02 7.249196673907497279e-02 1.051191983235560679e-01 1.584884855028700912e-01 5.161300748288100843e-02 9.531698661104741344e-02 8.167461866179788477e-02 1.502402339965125122e-01 1.410283925648453673e-01 2.172344192996673584e-01 8.940529199787242143e-02 9.872055131909243664e-02 2.272445046587346917e-01 8.111022382069239811e-02 2.376827181705744585e-01 7.332907753706568998e-02
1.728197331405315063e-01 5.763288869430185923e-02 8.395974902986057253e-02 1.478383541261666934e-01 8.449179511343546389e-02 9.723162873676124973e-02 7.871933458631893976e-02 1.031725018369937935e-01 1.679502505617940511e-01 1.000000000000000000e+00 1.195680924322060912e-01 1.250867018222787674e-01 1.144433203864380910e-01 1.378484206408699120e-01 6.859712249219306057e-02 1.848384789654621829e-01 1.491814325982071254e-01 1.271560485283765307e-01 1.065294919874217594e-01 1.440143930833368280e-01 1.935910191863938201e-01 1.975041139287412595e-01 1.289996607223807268e-01 1.467905945037832893e-01 1.214568159053681651e-01 1.104071666574069077e-01 8.262369134786734515e-02 1.194961881510399893e-01 5.701386224856648532e-02 1.594883014313794589e-01 4.047775566658270985e-02 1.286362588171511834e-01 1.294031139031476263e-01 1.829373519370505463e-01 1.206876986792204814e-01 1.369564656148024584e-01 8.733282859416685584e-02 2.077295495510820822e-01 1.661497527438815514e-01 2.194210979711494480e-01 1.735355326646076668e-01 1.085563684775509713e-01 8.417188263438295237e-02 6.799733192042148322e-02 7.642719881150966676e-02 1.326306506879313951e-01 2.054320181719992977e-01 8.441496380223317830e-02 7.895696565018518742e-02 1.212099923801557427e-01 1.030464059874369592e-01 1.214163093984037267e-01 1.388920377083023017e-01 1.797419538760294255e-01 8.485702140589740372e-02 1.097761233808782766e-01 9.829276628621924639e-02 4.685707664357613433e-02 5.467568800646045724e-02 7.114240943094836400e-02 1.217484646795058412e-01 7.019177524010050684e-02 9.529665012629361109e-02 1.300624914757263773e-01 1.701236312611572044e-01 1.563811535078716564e-01
5.482555704321789847e-02 1.072081965256098113e-01 1.246619281081235153e-01 9.309354447086261308e-02 1.031246182574203779e-01 1.358332069465143233e-01 1.877469687019499567e-01 5.904101043748578859e-02 1.277182271423081272e-01 1.195680924322060912e-01 1.000000000000000000e+00 1.279619474542828539e-01 1.263081326177457608e-01 1.234115091264263442e-01 1.041180633345923784e-01 1.327367974259181238e-01 6.004362197510298982e-02 1.449601545943885461e-01 9.158231607131103735e-02 1.701063620666288800e-01 1.066321814801318574e-01 6.924100284691869778e-02 1.473712744585878309e-01 8.077103226745740994e-02 1.584355900955088381e-01 1.685676803172380389e-01 1.612037129005217395e-01 6.376688422284645941e-02 1.123746387059831597e-01 2.049515664068038423e-01 1.241591883033265620e-01 1.787818519169495635e-01 8.059273666262134483e-02 1.552755183232506775e-01 1.196939153885253626e-01 3.152816297715732574e-02 7.633952312933478535e-02 1.153171992099536053e-01 1.250588616479038073e-01 8.485849666376203693e-02 7.370572728531746276e-02 1.031992427667239587e-01 7.076722272228258559e-02 5.914015913430037408e-02 8.391583538302382905e-02 1.042828066664112235e-01 1.286941374106355396e-01 6.925418508681810414e-02 1.055687692793405713e-01 7.863102356810347526e-02 1.395715448094837496e-01 7.778114987739020991e-02 8.507539560235584386e-02 5.131040577138264169e-02 1.262751160049634946e-01 1.575477860426914012e-01 1.479041680376431689e-01 1.951482355809642799e-01 1.248975664893169080e-01 1.102847431687022650e-01 5.969137690191141793e-02 4.192331390847860162e-02 1.499824173173942288e-01 9.223002274288392976e-02 1.247540616197941876e-01 1.173852655651073940e-01
1.073562721118466179e-01 1.486195381155852868e-01 1.007285671056555310e-01 3.106487615752966114e-02 1.097611165610707096e-01 4.509287329304693254e-02 1.632406874151802745e-01 1.033844669189285248e-01 9.482052039764871099e-02 1.250867018222787674e-01 1.279619474542828539e-01 1.000000000000000000e+00 1.609362273099616825e-01 1.115608538639057679e-01 1.258236806772392025e-01 1.193288375213538560e-01 1.195891575623496822e-01 9.570575355924916539e-02 2.209269871111543826e-01 8.100928242767908849e-02 1.527747161735631964e-01 1.194885656808133134e-01 3.639517645093317405e-02 1.147997270530291269e-01 1.589955330511222120e-01 1.415844890954185697e-01 1.225259477851472212e-01 2.482652727853432717e-01 1.223941849838550977e-01 1.725276769114164332e-01 2.128446015195330221e-01 1.404383595155898057e-01 6.255502405705887226e-02 3.521544085297781401e-02 7.516397194065661813e-02 1.050116249903774168e-01 1.062166646282534377e-01 1.030865868235609079e-01 1.682121780563640145e-01 1.463581635758875454e-01 1.116251947392288557e-01 1.852496877487064819e-01 1.742107589615297658e-01 1.167012153113957396e-01 5.503126145536412633e-02 1.553081138426973262e-01 1.248444181688494470e-01 9.454307187221978881e-02 1.088275952504350191e-01 9.700380455857683659e-02 8.933352034878851156e-02 1.790404059354084310e-01 1.220455447946422883e-01 1.647188863431367223e-01 9.159086551229835005e-02 1.003757914008184815e-01 9.965719435722725228e-02 1.160041671660631823e-01 8.272086654068000477e-02 1.118106031742645556e-01 8.931652312138768646e-02 9.479753960324721618e-02 1.484229328539685144e-01 4.314758715523518695e-02 1.349629466339496431e-01 1.002742252513464244e-01
1.096172294683276371e-01 1.148640236767747014e-01 1.875513964266687650e-01 1.695356495561797239e-01 6.051517093892426480e-02 1.108429520696644216e-01 8.550218456171898573e-02 1.983406527990350665e-01 1.407670489770782574e-01 1.144433203864380910e-01 1.263081326177457608e-01 1.609362273099616825e-01 1.000000000000000000e+00 6.001744649969417700e-02 1.086666825833150218e-01 1.640178205165862546e-01 1.752303840991015493e-01 7.988085176417770994e-02 1.642842594294073311e-01 8.869129949942879121e-02 5.176985099698701992e-02 9.509487396308813345e-02 3.483183124930970542e-02 7.364207311530771016e-02 4.000321709127598047e-02 1.075262007982362433e-01 5.177567246440550885e-02 8.735603347167233967e-02 5.760964007855164798e-02 9.874498430226562318e-02 9.169229159375717753e-02 8.717336450516480206e-02 1.126253263106962582e-01 6.719180796690475688e-02 1.360648318094229148e-01 1.671776793751975632e-01 1.311002336226800846e-01 1.216643300427445729e-01 8.567678519435903417e-02 1.597498313423683092e-01 7.205394951994556485e-02 1.422379125287145385e-01 1.129646729175296516e-01 1.213716398274931052e-01 1.072039706972537365e-01 7.766688549897400595e-02 8.045243194641973905e-02 1.082635668955422570e-01 4.651417689769291736e-02 1.680340166426712023e-01 4.677724443705433277e-02 1.262511440291931297e-01 7.232966250294031729e-02 1.311302439004821963e-01 9.735726205451322723e-02 1.290401890815739971e-01 5.533547841457718552e-02 1.113594951252539766e-01 8.683982773745735351e-02 1.594022101117058277e-01 1.449769102354696027e-01 1.653511843928486269e-01 1.113065192454184005e-01 5.808153070246584171e-02 8.679354767215909094e-02 8.374041074705337873e-02
1.467430261333255159e-01 1.590534322951133728e-01 1.204218708755867978e-01 9.438494439828129523e-02 1.310894643246716118e-01 1.191803239128760156e-01 1.673536380604946916e-01 6.045422557760898180e-02 1.805200084824581941e-01 1.378484206408699120e-01 1.234115091264263442e-01 1.115608538639057679e-01 6.001744649969417700e-02 1.000000000000000000e+00 9.890428059015786422e-02 4.570808019985310444e-02 1.014649611787179773e-01 8.540340211655705893e-02 1.021990195600381568e-01 1.261734396403292602e-01 1.538570675752381212e-01 1.072143751400426170e-01 1.841021707717800937e-01 9.280665803149892867e-02 8.587034246830073381e-02 5.895045863512645562e-02 1.965302679520534168e-01 9.279551150801283732e-02 1.492639067392682040e-01 8.184498144745651349e-02 1.238118614820604424e-01 1.032104946737910089e-01 5.995303931416550575e-02 7.647149053040899758e-02 9.598690099991291635e-02 1.849481982317741913e-01 1.705681841735979809e-01 9.391480010943657752e-02 1.803601277486011623e-01 1.141010993735666057e-01 6.163781010699776602e-02 9.146704729108404153e-02 1.685619725299754013e-01 1.392704040091625184e-01 1.261488113891190144e-01 4.199918057202488286e-02 1.060503065280280766e-01 7.209134723345933526e-02 1.031664670539783751e-01 8.637590563590193116e-02 8.577095257265318629e-02 1.558198510921283697e-01 1.108998343262020958e-01 1.730720865773321959e-01 8.774312994221294959e-02 5.508073748176454953e-02 1.057505193962602480e-01 8.366079813417900968e-02 9.961306250795448625e-02 1.585619769809861190e-01 1.139836622321319382e-01 9.779541335637512156e-02 8.085658283884239461e-02 1.164186278108102629e-01 1.041836903002883313e-01 1.749660876615019012e-01
7.582256640014863047e-02 1.149550128976429414e-01 1.063695453405517355e-01 7.543671566116078031e-02 3.917810090695060532e-02 8.626659572498356077e-02 1.186384739450434267e-01 7.579944149642892093e-02 1.074409317105008838e-01 6.859712249219306057e-02 1.041180633345923784e-01 1.258236806772392025e-01 1.086666825833150218e-01 9.890428059015786422e-02 1.000000000000000000e+00 1.302879239482128693e-01 7.194325982494820249e-02 1.680649350589197011e-01 9.383528653477200832e-02 1.120656170845194533e-01 1.441496086409228272e-01 9.183636849191235962e-02 9.057219345907537023e-02 8.282069955095341940e-02 9.856586563359294451e-02 1.105331953198684658e-01 7.447822542169908744e-02 9.385714705265393865e-02 9.958605917310496547e-02 1.584288520003757639e-01 9.928727325469489939e-02 8.349570686876492398e-02 1.125583473745597474e-01 8.831052167366326699e-02 1.234963045202766979e-01 1.145467239312302488e-01 6.075460549858049952e-02 1.038739706848666455e-01 1.287730015846255127e-01 1.808315956400299851e-01 1.267257244900739377e-01 1.000162767105612499e-01 1.577650881015296713e-01 1.455296011751127661e-01 7.854512016002239416e-02 9.171977465411433605e-02 1.496364712222174875e-01 7.237984494221480491e-02 1.655162534107205430e-01 9.676524935813114736e-02 1.300620235805454161e-01 6.198346071146977609e-02 8.480915021065003889e-02 1.858805413631308134e-01 1.100619491097640235e-01 9.227687586181648749e-02 1.870911629230625761e-01 4.009080119390880104e-02 1.054685041280035984e-01 6.122889236534040380e-02 1.295463369689552058e-01 8.154311736837938085e-02 1.403491480231891797e-01 4.314927209174643230e-02 1.255516084425831458e-01 1.020900376836751944e-01
3.652005895679158454e-02 1.030341217471892751e-01 1.355770156271694782e-01 7.987423615264570287e-02 8.437535607329905984e-02 1.076919190218906391e-01 8.519961257457803194e-02 1.117446415150751826e-01 8.702580764314564454e-02 1.848384789654621829e-01 1.327367974259181238e-01 1.193288375213538560e-01 1.640178205165862546e-01 4.570808019985310444e-02 1.302879239482128693e-01 1.000000000000000000e+00 9.571702516057287169e-02 1.996088194805519245e-01 8.743064652963608574e-02 6.421547038700704813e-02 1.603677083558928407e-01 6.447056080020553692e-02 8.249880018451517805e-02 1.069656320597087984e-01 1.391234720719085327e-01 1.832970363167882311e-01 9.627755437602619759e-02 6.980957832912035310e-02 9.212076876291232230e-02 1.582741987140207640e-01 4.660736673593857127e-02 8.250922830642806738e-02 1.031416264383487741e-01 9.475106925152926296e-02 1.407232673623523000e-01 2.168972081193080714e-01 1.492628181098853424e-01 1.017627788468585537e-01 1.057840257415887941e-01 1.284769027295235844e-01 1.240393371377949416e-01 1.703222490001622402e-01 1.430582354289940683e-01 9.896401890243719524e-02 4.644870884448926152e-02 1.307028780555049563e-01 6.931775200175079032e-02 1.179003827400980364e-01 8.554858056440110825e-02 5.345378219032260320e-02 8.422311161419915315e-02 1.406547274046535678e-01 1.193334646535612609e-01 9.213587371499620815e-02 4.966704140435265757e-02 1.744317482437011402e-01 7.736775099149834078e-02 1.089979200882927324e-01 1.444888454348535745e-01 7.394761812101478815e-02 4.256944066576812818e-02 4.261802030430006383e-02 1.214376543866467900e-01 6.917645720238885243e-02 9.230960328041251661e-02 1.672502953483035182e-01
1.336492064355054576e-01 1.021174314591674070e-01 1.033126985898346201e-01 1.207344969498644616e-01 1.837181995652408806e-01 1.000021372485057070e-01 6.613493712195626928e-02 9.585063081831901588e-02 2.028290172018008819e-01 1.491814325982071254e-01 6.004362197510298982e-02 1.195891575623496822e-01 1.752303840991015493e-01 1.014649611787179773e-01 7.194325982494820249e-02 9.571702516057287169e-02 1.000000000000000000e+00 1.527664236176712875e-01 9.188517284731295698e-02 1.249098027276351330e-01 1.181798480835900278e-01 2.066368546212408730e-01 7.607605727659891293e-02 1.113061838891294675e-01 1.173353026441736058e-01 1.616209737812048797e-01 1.164762879008390817e-01 1.314944766087948191e-01 1.054385997381785539e-01 6.481762330527626736e-02 9.271299643588315487e-02 1.128261153120849319e-01 6.537191244718550120e-02 1.418559516343619320e-01 1.281320646479704450e-01 6.911941139862502748e-02 1.002835080286727798e-01 8.003803479771795515e-02 1.466200585895764963e-01 1.823098407324643400e-01 1.301400899022730484e-01 1.300249865079126099e-01 8.318306148812390499e-02 8.524171956129833472e-02 8.157658284817631555e-02 1.166479353143071163e-01 1.772730691559675775e-01 1.295495158857551954e-01 1.326012106258830925e-01 5.803134063825872435e-02 4.244172696447694182e-02 1.276612740690147296e-01 1.270825869656107554e-01 1.248169755570942840e-01 1.078752649825085869e-01 7.769363605612727985e-02 4.126159495689406265e-02 4.606119589881535470e-02 4.246019789327902527e-02 1.203335798832927961e-01 1.541121117949570962e-01 1.234174709298763717e-01 1.393270135057889658e-01 1.438425159899991146e-01 1.543335815757879148e-01 6.611018542349070271e-02
6.098661834649124480e-02 1.013858262559677870e-01 9.049487875377171253e-02 8.170273771769692717e-02 1.159679930347708998e-01 1.361952909109096499e-01 1.114296809742133243e-01 1.837380032766647575e-01 5.278945975713904282e-02 1.271560485283765307e-01 1.449601545943885461e-01 9.570575355924916539e-02 7.988085176417770994e-02 8.540340211655705893e-02 1.680649350589197011e-01 1.996088194805519245e-01 1.527664236176712875e-01 1.000000000000000000e+00 1.003049814519189481e-01 8.979840032749020207e-02 1.102612497144384585e-01 1.122699855133208607e-01 9.113652643252287411e-02 4.440356897320513196e-02 1.240841263101981617e-01 1.154143908176603617e-01 1.347378511806849033e-01 1.125537129466241681e-01 1.177692635811031507e-01 1.600127669466742675e-01 6.980701179842786763e-02 4.593313020655763468e-02 1.274740423383226573e-01 1.471393462610899594e-01 1.497533762880668973e-01 3.249955506634595592e-02 1.259034472763435053e-01 4.536774781147329128e-02 1.150269467031335008e-01 1.244780952197297730e-01 1.446103101304432037e-01 1.182631760175674729e-01 1.978094806188835653e-01 8.461671167869350141e-02 8.714946229540390665e-02 5.036254855877246583e-02 7.666816526160924461e-02 1.344845048534258902e-01 1.745855965319784431e-01 1.325516181739324340e-01 2.995358647245022557e-02 1.153645991001466808e-01 1.464922681591165621e-01 1.365882562744861473e-01 4.265843681748227034e-02 1.769669648163059994e-01 1.290722506853040907e-01 1.190025307731649440e-01 1.341449595630889724e-01 1.476522077227639396e-01 1.101355042504611470e-01 1.049236633446036654e-01 1.161063226123549563e-01 1.603279471268514444e-01 1.101779203612663072e-01 7.071042157278009666e-02
9.009631559453218363e-02 8.345080330959227244e-02 8.140217305343164234e-02 9.779953006118743963e-02 4.168092016030069263e-02 1.066026998335488918e-01 9.556194441452660338e-02 1.183308410673423461e-01 6.215906750031108263e-02 1.065294919874217594e-01 9.158231607131103735e-02 2.209269871111543826e-01 1.642842594294073311e-01 1.021990195600381568e-01 9.383528653477200832e-02 8.743064652963608574e-02 9.188517284731295698e-02 1.003049814519189481e-01 1.000000000000000000e+00 6.299556356322538742e-02 1.367544665073409382e-01 7.325070532047871230e-02 5.374842454613055348e-02 1.042954827265466233e-01 1.539102613743972559e-01 1.151872213630025232e-01 9.006278962343930439e-02 1.783675608357907505e-01 5.934587134726210245e-02 1.001685427727163347e-01 9.158045970326625373e-02 1.298338179672628434e-01 1.726952346559464946e-01 1.707095036240643127e-01 6.052756221467504860e-02 1.338325913696030989e-01 2.310075234400537636e-01 2.005506567812356811e-01 1.274692845393969876e-01 5.951307587983215019e-02 9.944029458227619800e-02 1.100127595054090912e-01 1.633060140012656258e-01 1.314399061227591037e-01 8.628183028150382405e-02 1.103351199144145256e-01 1.441570691144240524e-01 3.833378409109606394e-02 1.371310914388662039e-01 1.134613903117965839e-01 6.948464257931896704e-02 1.006574768765164107e-01 6.444085514214131782e-02 1.922709311584244740e-01 1.457822033664264993e-01 1.125272713281559867e-01 9.941765229106025448e-02 1.791345218474892365e-01 1.019870368237425495e-01 1.313483248345393428e-01 8.904653020952379983e-02 1.344386319753040349e-01 1.055236545393423292e-01 1.199531578635441437e-01 8.046220904861305090e-02 1.082198179310955577e-01
1.125842401106274815e-01 1.055966548248261638e-01 1.065638920167972514e-01 9.422504299780465331e-02 9.031781693200412187e-02 1.740505062623902699e-01 1.151062875066644897e-01 1.027213297844439266e-01 1.702796236707115884e-01 1.440143930833368280e-01 1.701063620666288800e-01 8.100928242767908849e-02 8.869129949942879121e-02 1.261734396403292602e-01 1.120656170845194533e-01 6.421547038700704813e-02 1.249098027276351330e-01 8.979840032749020207e-02 6.299556356322538742e-02 1.000000000000000000e+00 7.894118590746752873e-02 1.070469810515505549e-01 9.131172472474208268e-02 4.967349427670864070e-02 1.656770570481600480e-01 1.019553741344046971e-01 1.021664297404195343e-01 1.114471284990098537e-01 1.007478763593486482e-01 1.569403852530926735e-01 1.584261289269152662e-01 7.390618043700027118e-02 7.378020687362171759e-02 1.101749860807500758e-01 9.101316124661662510e-02 7.973510272787194542e-02 7.346353208579783911e-02 7.548358184198182552e-02 1.270397303540794498e-01 1.379835147480928947e-01 1.692726410081327737e-01 4.728535711781772788e-02 5.259898012563696268e-02 5.487684970749494295e-02 1.331246036198304450e-01 1.193939272058600898e-01 7.804999831103344443e-02 1.198366432073935950e-01 9.918869559041196271e-02 8.576010751450788283e-02 4.354109473691746002e-02 8.474214776017530149e-02 8.285084225151889692e-02 1.732692390000263039e-01 6.920822141309257436e-02 8.395471912805536896e-02 1.014821556913430289e-01 9.980601199470259810e-02 6.935042029939257613e-02 1.529388832929393371e-01 1.052375724452203065e-01 1.199914330122412442e-01 4.911864691778584924e-02 1.453083869345110635e-01 1.232521913250937545e-01 5.536503595688326007e-02
5.943966167963664338e-02 1.210439655273058135e-01 1.593681506889426114e-01 1.222105824498090354e-01 1.193251068452690355e-01 1.359858758940743484e-01 7.190912678542107916e-02 1.027662789046521474e-01 1.033832402711101495e-01 1.935910191863938201e-01 1.066321814801318574e-01 1.527747161735631964e-01 5.176985099698701992e-02 1.538570675752381212e-01 1.441496086409228272e-01 1.603677083558928407e-01 1.181798480835900278e-01 1.102612497144384585e-01 1.367544665073409382e-01 7.894118590746752873e-02 1.000000000000000000e+00 1.658476991207814000e-01 5.679217879853831058e-02 1.474024695722462308e-01 3.604999216079267377e-02 1.083085633017719374e-01 8.687992736111124770e-02 9.490390777651823428e-02 1.196949141718793019e-01 2.594296028492434347e-01 1.462449678232469741e-01 1.267146351750664812e-01 1.690765792192988060e-01 8.915676149969190001e-02 1.362207940818195573e-01 1.077317776456090948e-01 1.590309821710323146e-01 7.475214694553626582e-02 2.211400452010446049e-01 5.036649192700889954e-02 1.289551067569962572e-01 1.365896594274045861e-01 1.186589854139645239e-01 4.770550550338082535e-02 1.387374878552138369e-01 5.577289166854160901e-02 4.475747939386681695e-02 9.084758580333990308e-02 7.120025395051179928e-02 1.570905905056538265e-01 1.472141264992545551e-01 9.770230031450506669e-02 1.174701838319060360e-01 1.231638231913468468e-01 9.672884697870290371e-02 1.089179184408459039e-01 1.333819179401655730e-01 1.902272008954147553e-01 4.373404056409600088e-02 1.166434810754047591e-01 1.032435090108945741e-01 1.437777863412469936e-01 5.465364188404379930e-02 6.150796081534205123e-02 1.634137262562508630e-01 4.590706574959698555e-02
8.918060960105567148e-02 5.288988801276800489e-02 9.542694422044450953e-02 1.180722984945372367e-01 2.042440109533150694e-01 6.982599570363623442e-02 1.024701562496514173e-01 9.483534876784655010e-02 1.425127653143908879e-01 1.975041139287412595e-01 6.924100284691869778e-02 1.194885656808133134e-01 9.509487396308813345e-02 1.072143751400426170e-01 9.183636849191235962e-02 6.447056080020553692e-02 2.066368546212408730e-01 1.122699855133208607e-01 7.325070532047871230e-02 1.070469810515505549e-01 1.658476991207814000e-01 1.000000000000000000e+00 1.281814738298677758e-01 6.972111169438488520e-02 1.094431627331787782e-01 1.192886445002512841e-01 1.221047453458844051e-01 1.364626386731362107e-01 8.808927563395939353e-02 1.231269615710961080e-01 6.143496688074048806e-02 9.682714374753910447e-02 1.559121754356398437e-01 1.657169215636551951e-01 1.254712308971078216e-01 9.922861899829289734e-02 9.967265560609574193e-02 7.317248929211220276e-02 1.146861784946989760e-01 6.260976027942395661e-02 8.085499740694727933e-02 7.786264874733420105e-02 2.139914908489096435e-01 1.245438749078052187e-01 6.402044951888716251e-02 1.496866674533297026e-01 1.000465046072822883e-01 8.469836627518412264e-02 8.056763901940437733e-02 1.035268209987530857e-01 4.643150670060308682e-02 1.613354365987107464e-01 1.748750716310890629e-01 2.550957337554808982e-02 8.620422229773033740e-02 9.731060729322091318e-02 7.188534377534006037e-02 1.179229575540906017e-01 5.588805531013817107e-02 6.875620568570525726e-02 1.262173029006175562e-01 9.629393056406354567e-02 1.232925294594254539e-01 1.255829019486840448e-01 1.479951020705335130e-01 1.102373760502955713e-01
9.568831020230310347e-02 1.112927226614344456e-01 1.319483597480856640e-01 1.369953241947133304e-01 1.431967797881179560e-01 5.490069309444356449e-02 5.196987589976561489e-02 1.095085915601710369e-01 9.529291515269434909e-02 1.289996607223807268e-01 1.473712744585878309e-01 3.639517645093317405e-02 3.483183124930970542e-02 1.841021707717800937e-01 9.057219345907537023e-02 8.249880018451517805e-02 7.607605727659891293e-02 9.113652643252287411e-02 5.374842454613055348e-02 9.131172472474208268e-02 5.679217879853831058e-02 1.281814738298677758e-01 1.000000000000000000e+00 6.192714058712321668e-02 1.228313922124421864e-01 1.696160232794484690e-01 8.151970221309072506e-02 4.024865898538446118e-02 1.771794559968704330e-01 1.432054143291445480e-01 1.548157690823661337e-01 2.269998179409946915e-01 1.379415890962165658e-01 1.254847879017201295e-01 6.785781384346692424e-02 6.654316823259524838e-02 9.896879976317532468e-02 6.172085701380135292e-02 7.233559536100901688e-02 1.689700314220679844e-01 1.009378603709985556e-01 1.336293206382266618e-01 9.850212869624865031e-02 1.530138132559561992e-01 5.716032852150830512e-02 5.762350707678162709e-02 1.076617959910160655e-01 1.385663016862421770e-01 6.319550884940695890e-02 9.738303282019267204e-02 9.480338237221550002e-02 3.267010903924143922e-02 3.252224059675692253e-02 1.025724811911026824e-01 1.384243767387008106e-01 7.992586740834436987e-02 1.713792271989630356e-01 7.926517129773882897e-02 1.172329223970995926e-01 2.054788614109479272e-01 1.201231255792655217e-01 1.411777309428718929e-01 1.479876231087179916e-01 4.038420088502422955e-02 1.743979845960663133e-01 1.729889595250431455e-01
5.774260355459095995e-02 1.297413210468670308e-01 7.802453955075877579e-02 1.424407720735066385e-01 9.427491516139552274e-02 9.096545852552925804e-02 4.814150006771880652e-02 1.750614296035857831e-01 1.462666178864746036e-01 1.467905945037832893e-01 8.077103226745740994e-02 1.147997270530291269e-01 7.364207311530771016e-02 9.280665803149892867e-02 8.282069955095341940e-02 1.069656320597087984e-01 1.113061838891294675e-01 4.440356897320513196e-02 1.042954827265466233e-01 4.967349427670864070e-02 1.474024695722462308e-01 6.972111169438488520e-02 6.192714058712321668e-02 1.000000000000000000e+00 7.260633371819472104e-02 7.244778431023954357e-02 1.547542434256537203e-01 7.098510245526558349e-02 1.078905570031985228e-01 1.747099233497905191e-01 7.019697415914706584e-02 7.685864723907517848e-02 1.051113094236022505e-01 6.351423683831530775e-02 8.559567738524606617e-02 9.333926149382845705e-02 5.779600313492917057e-02 1.447654442348511594e-01 7.954787537336564796e-02 1.392507553359874084e-01 1.748644672944235645e-01 1.149684802086654856e-01 7.663835633365628786e-02 6.508522484874348923e-02 1.110945805092242722e-01 1.060170700906459262e-01 7.467224596922836244e-02 9.566351962528261976e-02 7.037424412684256669e-02 6.603533871437630709e-02 1.112847270937728505e-01 2.272783190462673297e-01 9.228812235877849324e-02 5.191523415281548010e-02 6.962055532631326871e-02 1.464414633654869680e-01 7.535832703315328840e-02 7.083991624013527555e-02 8.521704931946808004e-02 1.165631391381006104e-01 8.834680074067688405e-02 1.334133502757715029e-01 2.049943845071433013e-01 1.172390634475116156e-01 1.211100130069505676e-01 1.139002167318128866e-01
