1.000000000000000000e+00 1.144464863521965359e-01 9.702428700236721826e-02 1.664239353824831791e-01 1.973342880707270458e-02 6.630641466916269156e-02 4.948789561203535692e-02 8.765413171697993000e-02 3.734849561978848681e-02 6.845714782358119921e-02 7.657048263005343525e-02 9.963471774855513219e-02 7.884981001030459680e-02 6.486447831081706972e-02 1.642786368981115075e-01 6.341661941898460442e-02 1.325533438698104499e-02 3.917871225451696748e-02 1.385853550338954077e-01 2.048355357140980715e-01 1.214539549186904530e-02 8.980001709765013385e-02 1.459107294081088968e-01 9.483697769610484329e-02 3.497704084191351898e-02 1.699269694192469954e-02 8.886998131219865649e-02 4.815953065362776203e-02 9.439929318473545827e-02 6.357048423806933857e-02 1.029389148581617563e-01 5.816184269582472255e-02 3.028164782403282296e-02 8.224296893261152930e-02 3.691244975485787061e-02 3.873172160189242846e-02 9.291814538475549889e-02 3.813606305044946881e-02 1.346429811853597225e-01 3.996213400052258530e-02 5.424635076637421283e-02 7.222418473117483972e-02 2.452067205762558516e-02 1.261440352979540103e-01 1.346693328952415503e-01 2.761013888101586655e-01 1.576034219050367891e-01 1.360660373681879254e-01 1.338847850176375920e-01 1.865517385003783724e-01 4.749728588607202845e-02 1.068784023911744513e-01 2.280259352563835107e-01 2.062630362608030843e-01 1.042328628343910796e-01 9.920646970338405091e-02 3.441171656681912827e-02 1.479955973297119864e-01 1.320027159720080501e-01 9.314334899598085415e-02 4.661687213695694249e-02 9.314517201244638944e-02 1.079115946957338174e-01 1.311477826034001815e-01 1.035801569410620820e-01 1.488575517282089977e-01
1.144464863521965359e-01 1.000000000000000000e+00 9.366349345401349391e-02 2.062491188478467186e-02 1.056169136290401600e-01 3.696853876260477317e-02 9.087629190142150482e-02 8.117887969954339089e-02 4.127571454752615443e-02 8.152553137519175097e-02 2.826972476239223916e-02 1.100940608398322113e-01 1.096819743147870070e-02 1.067547554115129693e-01 2.812617340872212643e-02 1.034967047107069049e-01 6.932683036467830739e-02 7.295929954522309413e-02 2.584667021615504046e-02 5.621975352170111712e-02 4.273888688506045919e-02 1.990972769344042520e-02 5.068560476026456874e-02 1.196456231573613527e-01 9.553537495421596248e-02 2.262253054193836266e-01 8.872457980730313887e-02 9.884483345420569389e-02 4.486262658670035763e-02 1.745749078771633572e-02 1.301780574304759464e-01 1.518203867759080998e-02 4.798424531792647163e-02 1.667238802304006340e-01 1.280214715830425287e-01 1.119754931201482340e-01 5.261729122073063175e-02 1.644542961058684249e-01 2.228062795333046048e-02 1.887472428542534553e-01 8.085927368782599989e-02 1.215047974635154321e-01 1.220570296944806232e-01 4.262143516534187132e-02 5.167525122489274175e-02 5.777642778174377908e-02 9.039275959463716204e-02 7.848188156267826843e-02 9.334714051083488340e-02 9.146090282650619352e-02 1.140380973488373528e-01 5.614377443748745644e-02 3.350977488724793396e-02 6.308915011412027929e-02 1.216531610086030307e-01 4.956744083043493343e-02 3.471861842140414045e-02 1.696019836047030216e-01 8.058986151653552144e-02 4.198313740318464909e-02 1.218577104990061361e-01 8.192540813329408922e-02 8.439260602977132278e-03 1.647831318723625982e-01 1.818628333934515506e-01 1.313807589374340612e-01
9.702428700236721826e-02 9.366349345401349391e-02 1.000000000000000000e+00 6.660774078856826486e-02 3.227704518709417769e-02 1.168015050616976053e-01 7.093368182824923152e-02 9.269836616190225975e-02 1.074378217153946075e-01 1.403563200696808511e-01 9.846475222783723780e-02 2.554783514937962741e-01 1.781087300750974489e-01 3.570228848493637447e-02 1.951678050415471266e-01 9.228025484617149998e-02 7.766622079855538263e-02 8.947105542007430246e-02 1.731538230680214618e-01 1.056896229507963414e-01 6.494970443230557722e-02 8.644569321627362801e-02 1.140971329014636160e-01 8.973896979766894655e-02 6.919758335279467543e-02 1.666023414728341062e-02 3.579034041644642283e-02 1.202328626934123235e-01 8.454893100244000037e-02 4.058217849796257048e-02 1.436419590549094238e-01 6.824299027149106911e-02 1.381608794593831568e-01 8.313467287005049666e-02 5.118878495329334116e-02 2.253783134845398495e-01 2.270749212742401157e-01 1.312679834538519330e-01 1.066607375239006783e-01 1.256607368269965497e-01 8.758517352309354298e-02 1.928880837816979998e-01 4.782185121200960981e-02 9.449057556100780297e-02 7.764459967666677287e-02 1.483056062719608492e-01 7.617465610607626614e-02 1.279718782371884744e-01 7.638851491200057686e-02 7.840868091125484385e-02 2.436568335353756984e-02 1.504433379815642013e-01 6.777634896846650159e-02 1.024045188484705715e-01 7.366048915400384700e-02 5.556863627324432758e-02 1.232602625678393127e-01 1.493428996872134817e-01 2.594727254730591626e-02 5.524114771250238781e-02 1.804631261132199904e-01 1.155481669122964961e-01 2.012632281912254267e-02 6.593679706412285124e-02 1.727020145397991646e-01 7.110314281482875420e-02
1.664239353824831791e-01 2.062491188478467186e-02 6.660774078856826486e-02 1.000000000000000000e+00 1.900587516507120656e-01 1.648479385185507295e-01 9.207719120517000866e-02 3.012090301661017946e-02 1.255064186411135319e-01 1.366404210318418744e-01 1.017774516545785768e-01 1.072816141854871230e-01 3.657409320058031821e-02 1.025137214921334611e-01 1.063005589403305529e-01 1.192764870411134742e-01 1.515711517067302450e-01 2.228460569485694320e-01 1.485774649620993102e-03 1.111110060316715109e-01 5.396786209395730560e-02 8.484949077594168554e-02 5.866475697476139506e-02 1.381885370944979374e-01 1.784923149284823873e-01 2.806743149320969910e-02 6.590179819650647530e-02 2.500504985215625670e-02 1.487843408473889517e-01 9.091505077070649588e-02 6.464877809347380211e-02 1.412476531060755103e-01 1.437345149045366199e-01 1.511896001409719081e-01 1.675050285290407420e-02 1.944894355174564271e-01 5.692706984389690750e-02 1.224018704926583823e-01 2.389445004144471335e-02 1.177248829528316637e-01 1.359041976551974770e-02 1.615355643980878331e-01 7.534293718803190820e-02 4.012387434253735646e-02 3.685301341559543697e-02 1.581621128338080440e-01 1.165309220451232058e-01 2.407050069583944740e-01 1.162829568007041070e-01 9.758340163026436864e-02 4.677164565079228176e-02 9.128506905903228941e-02 6.528231878477680494e-02 1.276017576469559434e-01 6.614027089120781688e-02 7.942913242059289336e-02 9.404444619934945737e-02 9.609001150215215614e-02 9.955476557094637691e-02 1.485881886320677969e-01 1.004689962538327375e-01 8.145536365072977847e-02 1.087821845275380173e-01 2.847255554047423143e-02 2.281723653535804586e-01 8.789085199623983269e-02
1.973342880707270458e-02 1.056169136290401600e-01 3.227704518709417769e-02 1.900587516507120656e-01 1.000000000000000000e+00 1.718452685160312132e-01 7.781140372940149597e-01 1.342672767534035250e-01 1.467849295119534603e-01 2.065864855779116771e-01 1.030808121177244907e-01 1.276591286817375659e-01 1.541044977212070455e-01 1.439137448719441381e-01 1.074110761422949201e-01 4.086083413301760947e-02 1.515506916944022453e-01 4.281206482626197241e-02 7.983765535053718998e-02 1.706494074760945001e-01 1.930477167110547787e-01 1.232449571295169549e-01 8.552283310232354496e-02 6.006367025060802001e-02 7.987354949273681171e-02 4.719085204834495145e-02 1.374364624429638138e-01 6.068508989084957922e-02 9.528707117041627928e-02 1.751481487038222540e-01 1.107194568755343334e-01 1.244657877301614812e-01 8.218771948312295073e-02 1.625702600076770477e-01 1.571334994494533455e-01 1.094145050489435805e-01 7.393854106246343372e-02 2.184500818789587018e-01 9.088924113127701265e-02 2.116096866456377013e-01 9.659914536445139699e-02 1.394062765372532375e-01 1.464134847291330595e-02 1.718173978975972571e-01 1.159844060164759577e-01 1.242302599003208413e-01 1.402038801050455863e-01 1.623457740357616558e-02 9.852328309348727664e-02 2.275606557812219211e-01 1.225791088146133828e-01 1.071708649688807441e-01 1.294259962684616849e-01 4.710233128042216888e-02 3.632968612467623454e-02 1.255007967578052608e-01 1.275146809963714212e-01 2.474367059615042719e-01 1.101439912464561716e-01 8.587783206302106176e-02 1.149267230405877915e-01 7.382354725681573859e-02 1.619132150222439559e-01 1.314638957860886914e-01 2.157616417766193562e-01 1.392798050500056450e-01
6.630641466916269156e-02 3.696853876260477317e-02 1.168015050616976053e-01 1.648479385185507295e-01 1.718452685160312132e-01 1.000000000000000000e+00 1.722667867936031327e-01 8.441429965558355786e-02 9.824803682826509232e-02 3.612948773106854083e-02 5.760586812601120599e-02 4.490334984811195779e-02 2.670562044244971164e-02 1.185169139445321901e-01 5.841582526137348991e-02 1.147415895338314978e-01 2.492843256700986720e-01 1.145279354321448312e-01 1.503072755917031766e-01 1.730937285118190061e-01 1.159506740375347428e-01 4.815053702336249963e-02 1.610337197124716291e-01 2.026921149051416349e-01 1.066374989996980577e-01 3.583708280766111781e-02 1.771983426522053817e-01 1.466244274749891330e-01 4.613403183898319437e-02 9.076295696681768721e-02 4.657712435449571503e-02 1.667487213561380521e-01 1.580083776587160871e-01 1.675845035882752021e-01 3.162683208020423270e-02 1.385768468107854423e-01 7.016506006659387062e-02 1.997580759529173633e-01 6.730519365738782400e-02 2.121488739489117425e-01 9.368541836143187695e-02 8.221232460277853871e-02 1.109585502035678184e-01 1.280038150801489083e-01 1.795926242140770956e-01 1.417192049131798803e-01 1.035659816396613669e-01 1.349699175277587482e-01 1.247303658885342975e-01 1.643455701722809637e-01 2.923046142627683947e-02 1.219018340516690724e-01 8.129881251743905496e-03 1.237651208561007382e-01 8.291898853268075964e-02 1.057239361503084923e-01 7.809056848361028980e-02 1.303728833145521016e-01 3.927892323998462970e-02 8.198515000869009695e-03 1.117811276807884890e-01 7.882265742815104670e-02 5.036522828148926045e-02 1.432125979631908574e-01 1.291449032086767479e-01 7.892439274936093041e-02
4.948789561203535692e-02 9.087629190142150482e-02 7.093368182824923152e-02 9.207719120517000866e-02 7.781140372940149597e-01 1.722667867936031327e-01 1.000000000000000000e+00 8.089118643630693883e-02 1.806578438419330357e-01 1.622470219594674412e-01 8.814422792878157109e-02 8.841147759018738728e-02 1.413754454454357046e-01 1.381551306154624459e-01 4.257055703345346415e-02 3.862139309207900106e-02 9.329470503252897118e-02 6.869037097661209734e-02 8.317123635033638052e-02 1.476551665475537845e-01 1.286996738290014930e-01 4.952469243255865766e-02 5.705321055229983784e-02 6.740842453628370645e-02 2.354801550023932766e-02 2.910199505963273914e-03 1.294163037138361672e-01 1.331083888965248485e-01 2.888738126734298819e-02 7.683686953265402020e-02 1.128432986015259765e-01 7.942204270360751772e-02 2.062577818566103671e-01 9.277428521612882117e-02 2.014419558730172477e-01 1.532030359733146940e-01 4.696788930463957623e-02 1.456854491038812871e-01 9.958709906765932096e-02 1.951071921907816531e-01 6.906266675925168408e-02 8.429679583602413262e-02 4.816669270503000366e-02 1.816728386811052587e-01 7.179630933513407587e-02 1.429820781039676247e-01 2.359129826942839292e-01 9.691062990831765533e-02 5.768960480242128763e-02 1.886185360838406599e-01 5.067192162894791629e-02 1.451813579901717055e-01 1.053074143518418077e-01 1.092882097158022134e-02 6.476629680407654244e-02 1.412413373844406683e-01 5.042412225210901600e-02 1.825352478379957677e-01 1.522121573915381082e-02 8.410257693767293763e-02 9.117942622803779096e-02 6.509415218268441161e-02 1.629446818078194859e-01 1.873030717336662543e-01 1.672646192480951588e-01 1.638063305562376393e-01
8.765413171697993000e-02 8.117887969954339089e-02 9.269836616190225975e-02 3.012090301661017946e-02 1.342672767534035250e-01 8.441429965558355786e-02 8.089118643630693883e-02 1.000000000000000000e+00 1.401124931535915608e-01 8.294599719523440551e-02 1.157226959484001089e-01 1.103754028509723734e-01 1.131077070981996724e-01 1.379115279433221486e-01 1.772700104027082890e-01 1.282506329710453863e-01 1.310857966010789410e-01 8.464267249277487859e-02 7.975105388364693570e-02 1.418487380412693510e-01 1.054033801199804887e-01 1.904654769897748123e-01 8.851229101434039681e-02 1.036926274571444428e-01 2.979316806148791727e-02 1.638692941685027382e-01 4.135930006486233240e-02 5.185072003135828000e-02 1.754741139137381001e-01 3.993884942365509561e-02 1.433262029292869388e-01 7.524828172486090760e-02 2.181673958996563356e-01 2.810415812845752301e-02 1.405212682300092109e-01 1.751557382183495382e-01 5.497361503087559720e-02 3.011003108518745322e-02 1.616059876342335611e-01 6.830158830228788558e-02 1.158253003209845505e-01 7.395039801934108481e-02 4.693253044053748851e-02 8.259913616838718275e-02 2.306870651428681238e-02 3.181445511442198004e-01 7.873738761728187041e-02 9.039193980914307647e-02 1.541047567240626526e-01 7.072715154608445742e-02 2.228510794272639262e-01 7.164610803832151265e-02 2.591405113351607503e-01 1.577887859650469182e-01 8.854966645306419637e-02 1.047073632353838352e-01 1.204511499685830822e-01 1.085985100317253260e-01 4.858334521091757507e-02 1.110232649330252647e-01 3.110249740255177642e-02 7.643776970499936707e-02 1.021618832856744791e-01 1.274300645798142340e-01 1.562308020736582481e-01 4.872127075273102043e-02
3.734849561978848681e-02 4.127571454752615443e-02 1.074378217153946075e-01 1.255064186411135319e-01 1.467849295119534603e-01 9.824803682826509232e-02 1.806578438419330357e-01 1.401124931535915608e-01 1.000000000000000000e+00 6.826585541090655906e-02 4.455809460761299412e-02 5.564901830867841764e-02 2.248263273888703728e-02 8.473736557075796372e-02 4.260349189979830559e-02 1.246456858311058014e-01 5.769221590384201320e-02 1.094244365010164921e-01 1.746165649533695241e-01 4.251718848337973644e-02 7.171566920566808945e-02 9.639485978983355907e-02 7.767290205851333507e-02 5.763121117977645230e-02 6.764477273371968802e-02 1.353163851284532870e-01 9.649611870056024054e-02 5.889877588103175493e-02 1.730263214777199021e-01 4.842402662260358176e-02 1.347227011146507614e-01 1.336234889234978462e-01 7.383974780205948552e-02 2.427422410326546820e-01 2.011085221084739361e-02 4.701055373193106096e-02 1.244589014617641931e-01 4.174313729485136515e-02 5.708039158923718104e-02 1.036568133748731330e-01 1.063306530497309110e-01 7.009103730777641039e-02 6.932649983675348571e-02 7.759635043521823095e-02 8.694587660587192735e-02 9.779648678494110015e-02 1.009600889696367215e-01 1.601390762662716072e-01 9.107116452191192646e-02 1.056914435536348978e-01 5.956366712056996443e-02 5.198402116660298666e-02 6.166135643630685226e-02 1.572792379561908371e-01 1.629204784165225739e-01 1.678976531894675606e-01 1.184680075863968757e-01 1.451280097094701793e-01 1.192747797641813962e-01 3.613399408912339184e-02 7.481026839439411380e-02 2.097913741190973458e-01 1.351599734611156900e-01 9.137456025863237297e-02 6.353661759505001283e-02 9.770216079854956992e-02
6.845714782358119921e-02 8.152553137519175097e-02 1.403563200696808511e-01 1.366404210318418744e-01 2.065864855779116771e-01 3.612948773106854083e-02 1.622470219594674412e-01 8.294599719523440551e-02 6.826585541090655906e-02 1.000000000000000000e+00 4.716331965990499392e-02 1.493198500826224129e-01 8.625887224647230123e-02 8.836084965135569680e-02 1.824236448479221451e-01 7.213973067188374222e-02 1.454985159061279731e-01 1.124565727389936765e-01 3.266969348199480483e-02 8.604087044044710086e-02 1.187522343962028465e-01 1.090336889904434253e-01 1.249086473020326188e-01 3.138374945271698441e-02 1.639348796338226388e-01 2.250327557955524374e-02 5.992851150598611787e-02 4.977275117066061461e-02 1.569523079549050848e-01 2.419650080950943305e-01 1.506700666506839148e-01 1.444120002047382945e-01 1.665697658496543554e-01 1.146058280048820599e-01 1.535488060856057546e-01 1.591612093149620266e-01 5.201178873187013718e-02 1.063798757388750710e-01 5.209634363602723417e-02 1.385346018308717120e-01 8.417798397188326620e-02 2.121551070869034938e-01 1.026969448765500531e-01 8.469690137087089454e-02 1.117660538581612545e-01 1.780476511422726116e-01 1.173218438472577729e-01 4.172294676909992645e-02 2.454307316617793111e-01 6.041453337017305136e-02 1.000453725935519789e-01 1.454625543948311339e-01 2.453551216250383082e-01 1.322917006357791359e-01 1.593465977887669194e-01 3.297004611772422905e-02 1.375323588665982588e-01 6.850374691999648602e-02 1.195828558736558161e-01 1.124120175969366836e-01 1.369638986751083864e-01 8.458589820086205580e-02 5.600886303371413466e-02 9.338505433408057776e-02 1.215305584462698096e-01 1.419571084753051826e-01
7.657048263005343525e-02 2.826972476239223916e-02 9.846475222783723780e-02 1.017774516545785768e-01 1.030808121177244907e-01 5.760586812601120599e-02 8.814422792878157109e-02 1.157226959484001089e-01 4.455809460761299412e-02 4.716331965990499392e-02 1.000000000000000000e+00 1.679861937369166447e-01 1.621891354007811148e-01 3.179943477435625415e-02 8.481118380591266825e-02 1.139747727540929151e-01 5.041103851750419057e-02 1.019947999149012213e-01 5.798791869222751777e-02 3.287811708439227626e-02 6.092110171016388437e-02 1.025810917086398544e-01 9.271793892055006647e-02 1.574527031917201392e-01 1.313219477874359720e-01 4.275427224091746942e-02 1.142357602560340746e-01 2.134240636604592747e-02 8.660932244227503851e-02 1.051976676547803358e-01 1.080897429210894017e-01 1.348242360440036758e-01 7.913929951091361326e-02 1.243729092683161369e-01 1.822223249876497031e-01 8.800941913681323281e-02 1.283131766491249492e-01 7.609038746283743049e-02 1.852664662641455018e-01 1.359497987704502697e-01 1.355895181736686828e-01 6.870781717734981975e-02 7.415035793348097315e-02 1.218339062543473406e-01 8.090867815050958867e-02 1.579195096053965380e-02 1.724724563031792834e-01 3.280391432148282438e-01 9.543662893588174267e-02 2.533797155799342726e-01 1.324223521957774430e-01 2.664202733070657192e-02 1.156369254623670351e-01 5.286328529032004175e-02 1.290284157608588278e-01 9.709541596697612853e-02 7.618242641227658540e-02 8.654146540555428258e-02 8.148361183324515089e-02 1.417721869880062269e-01 1.877292809902569026e-01 1.136438638871714729e-01 1.363190268091598045e-01 3.076459836037377382e-01 7.042946757780539635e-02 5.542965347444690077e-02
9.963471774855513219e-02 1.100940608398322113e-01 2.554783514937962741e-01 1.072816141854871230e-01 1.276591286817375659e-01 4.490334984811195779e-02 8.841147759018738728e-02 1.103754028509723734e-01 5.564901830867841764e-02 1.493198500826224129e-01 1.679861937369166447e-01 1.000000000000000000e+00 4.948675123755382627e-02 1.090145229115637993e-01 4.313179563460124710e-02 6.531828817709438295e-02 3.406493814056494457e-02 1.251621598953136516e-01 1.012119336219936550e-01 1.521389210283841664e-01 1.077962748909802870e-01 3.786384939700759150e-02 7.886214459836726753e-02 1.814071041646707072e-01 7.301421142919009566e-02 1.892301892656686121e-02 1.352024209928692489e-01 1.582276641282775453e-01 1.615535875461305074e-02 1.429728842283035095e-01 9.889285174239906273e-02 2.286565096542605979e-01 2.542316414451302742e-01 1.028892422429969755e-01 1.326740668839993531e-01 8.421701669694414694e-02 1.214580242039430824e-01 1.017104225169791903e-01 1.499516313951295143e-01 9.818181694214897504e-02 1.256431819172330600e-01 1.034296310084038134e-01 5.558469301619577141e-02 1.605999109324564300e-01 1.512427431583898418e-01 4.780646224132937411e-02 9.586488244735184849e-02 3.083334764871201172e-02 8.625411496058583982e-02 1.308705758328031765e-01 5.342121806536638540e-02 1.438022787010804493e-01 9.651065226704325095e-02 3.042976482851322828e-02 6.258681867229611007e-02 8.501632792090771384e-02 2.019065220119657111e-01 6.143665255930658153e-02 5.468935265876660734e-02 3.646638730164945136e-02 7.680007386889721455e-02 9.876833826171980968e-02 8.230947961144945146e-02 1.128051537192453491e-01 6.520549665506145121e-02 7.944692303537986833e-02
7.884981001030459680e-02 1.096819743147870070e-02 1.781087300750974489e-01 3.657409320058031821e-02 1.541044977212070455e-01 2.670562044244971164e-02 1.413754454454357046e-01 1.131077070981996724e-01 2.248263273888703728e-02 8.625887224647230123e-02 1.621891354007811148e-01 4.948675123755382627e-02 1.000000000000000000e+00 9.939999592786170901e-02 1.346751776458742778e-01 6.056573221971093407e-02 2.753474667022178315e-02 8.114525801115472781e-02 1.076374049212480560e-01 1.295234289814081730e-01 1.510753906312239658e-01 6.600792718682448046e-02 8.979328323050470018e-02 1.861328240919822297e-01 1.223378143372812893e-01 1.318295861879171249e-01 2.354858711591522047e-01 1.629186340226336169e-02 9.322202127908603420e-02 7.295495734120929776e-02 7.594652140563756815e-02 6.411124103152801568e-02 4.497493777296366485e-02 7.628296811411247602e-02 9.904602301857211299e-02 1.022558769520036104e-01 2.164542639710556882e-01 1.791974624552663820e-01 1.026606291525844344e-01 1.191100336921453035e-01 1.309606003820903142e-01 5.902729770625301381e-02 4.384637953214801792e-02 3.862293609086048934e-02 5.608830110559149401e-02 9.830573999502073557e-02 1.357474414591079981e-01 3.791018756953398738e-02 4.985161709294357035e-02 9.347877047864711075e-02 1.458623152864032269e-01 1.283337537872725753e-01 1.324110818746611073e-01 1.424324529421586993e-01 1.272303551316202319e-01 6.389339250761469358e-02 8.234877457458418537e-02 1.256720981264891623e-01 7.410211727291010630e-02 1.007576042049620757e-01 7.813324374571732622e-02 2.719321649831473245e-02 2.444817743373575991e-01 1.270461786372880653e-01 7.175646868817120438e-02 1.018754053234061444e-02
6.486447831081706972e-02 1.067547554115129693e-01 3.570228848493637447e-02 1.025137214921334611e-01 1.439137448719441381e-01 1.185169139445321901e-01 1.381551306154624459e-01 1.379115279433221486e-01 8.473736557075796372e-02 8.836084965135569680e-02 3.179943477435625415e-02 1.090145229115637993e-01 9.939999592786170901e-02 1.000000000000000000e+00 1.103966654714465395e-01 8.392276799643821894e-02 1.646400058108996867e-01 5.348159454214791025e-02 1.318130480222522438e-01 1.061692107657197792e-01 1.819237430259879607e-01 2.362992674867092635e-01 4.867076658837268810e-02 1.242332794279060459e-01 5.275473539241477133e-02 2.036733834438104740e-01 1.232046379334892638e-01 1.030815006601971534e-01 7.810131170878902018e-02 2.024009316560240745e-01 6.602919255168157586e-02 1.080214810243918799e-01 1.878196989053938434e-02 2.389229223440696853e-02 9.924976581676336895e-02 1.349118912175182039e-01 1.027326291030786487e-01 5.344319999504522356e-02 1.432141386599122268e-01 5.357112022619520825e-02 1.917178883758459754e-02 7.544161904869106650e-02 9.392364722987878167e-02 2.891143038267491305e-01 7.335351402608948634e-02 2.224344143863060327e-02 6.072313472530589673e-02 4.247594501665915429e-02 1.212875159096616501e-01 4.696604143331741671e-02 6.250771581767652907e-02 8.601190900178125320e-02 2.806497433125671945e-02 1.261313616592494580e-01 1.011338074310665219e-01 4.068577204751874787e-02 5.359449425712803361e-02 1.705986169039772071e-01 5.217937533400286015e-02 1.432366235413153055e-01 4.021056374285386648e-02 4.007846991003065351e-02 7.755441928799149121e-02 8.679409664264883806e-02 4.145905080842734319e-02 6.981854366556203284e-02
1.642786368981115075e-01 2.812617340872212643e-02 1.951678050415471266e-01 1.063005589403305529e-01 1.074110761422949201e-01 5.841582526137348991e-02 4.257055703345346415e-02 1.772700104027082890e-01 4.260349189979830559e-02 1.824236448479221451e-01 8.481118380591266825e-02 4.313179563460124710e-02 1.346751776458742778e-01 1.103966654714465395e-01 1.000000000000000000e+00 9.788091023084655173e-02 4.800587247551046932e-02 4.842994970864706455e-02 1.099499410107884351e-01 1.024583804801010717e-01 2.815883191088635815e-02 1.381996193943983153e-01 3.446171026343609889e-02 1.555408876213105474e-01 8.893700824098407787e-02 1.267132644627601279e-02 2.490808196046380082e-02 9.932951839867809607e-02 5.305610783944982728e-02 5.247074521447319534e-02 1.244342581293379491e-01 4.818989812158444574e-02 1.019102126038538281e-01 9.706108053309338290e-02 1.216367442152617578e-01 4.501589496966897780e-02 5.072992212988494676e-02 3.246870832257967576e-01 9.717497551869315464e-02 3.042827825476486225e-01 1.011538572725350499e-01 3.356165828379199800e-02 1.192505460280183921e-01 4.132305841106061195e-02 7.942803523965920320e-02 1.194795444012291680e-01 1.464647140453237753e-02 1.032036735637349018e-01 6.981161874386293542e-02 1.397116248129214866e-01 1.973255552840537386e-02 5.854551368608742340e-02 1.597568553527896895e-01 2.262814876824999211e-02 9.814891000184332304e-02 1.565095746084700923e-01 1.069702709213618541e-01 1.083865479668308651e-01 4.539180365951515223e-02 8.825339881197175051e-02 5.312728620044823713e-02 1.181136895411700471e-01 4.850997560851691426e-02 3.739060902301814121e-02 2.557001063365179072e-01 5.589941654605014298e-02
6.341661941898460442e-02 1.034967047107069049e-01 9.228025484617149998e-02 1.192764870411134742e-01 4.086083413301760947e-02 1.147415895338314978e-01 3.862139309207900106e-02 1.282506329710453863e-01 1.246456858311058014e-01 7.213973067188374222e-02 1.139747727540929151e-01 6.531828817709438295e-02 6.056573221971093407e-02 8.392276799643821894e-02 9.788091023084655173e-02 1.000000000000000000e+00 1.402894163250001554e-02 1.267051311965920191e-01 2.464875806760407490e-02 9.534249850175054164e-02 1.001961807088892487e-01 1.858544578069111497e-02 1.703469667181378988e-01 2.055600291252687381e-02 1.393742737741522353e-01 6.641533961356421711e-02 9.676458023682481258e-02 1.068533007759679965e-01 6.886752019283601256e-02 7.297568474993895715e-02 3.991404232212564934e-02 7.839282086010014583e-02 9.860673822803243949e-02 1.850210890359401117e-01 8.410479770953277479e-02 6.234189402968336874e-02 8.365505075675401525e-02 1.226637413277359007e-01 3.622738339619296921e-02 1.079732706819817589e-01 1.124366344482955749e-01 1.829222327730176956e-01 1.113956607514359348e-01 1.721913446235096845e-01 1.560863701497695044e-01 7.882981574644473688e-02 8.206166501300024563e-02 1.293444127522424825e-01 1.628379551662493263e-01 6.750442044755178284e-02 2.168390950869845679e-01 7.978125126671577194e-02 1.496000620661770142e-01 1.286489660234938492e-01 3.547422888459106360e-02 5.216310613830649895e-02 8.650338558505367426e-02 1.055612201664588301e-01 4.446744183206743917e-02 8.828607947496627806e-02 1.104157916668418588e-01 1.000871803250575620e-01 4.986097508198370637e-02 1.305029152005124371e-01 1.196283294388520158e-01 1.522272344964873680e-01
1.325533438698104499e-02 6.932683036467830739e-02 7.766622079855538263e-02 1.515711517067302450e-01 1.515506916944022453e-01 2.492843256700986720e-01 9.329470503252897118e-02 1.310857966010789410e-01 5.769221590384201320e-02 1.454985159061279731e-01 5.041103851750419057e-02 3.406493814056494457e-02 2.753474667022178315e-02 1.646400058108996867e-01 4.800587247551046932e-02 1.402894163250001554e-02 1.000000000000000000e+00 5.029929388356278036e-02 1.728760552948460094e-01 1.178144363951032086e-01 1.189963931551737963e-01 1.343565325035383506e-01 9.209195122604042771e-02 1.180315582373679256e-01 2.547149740309999078e-01 1.012926864369555341e-01 2.181584896654021888e-01 1.525590445911509940e-01 9.218131514725569353e-02 2.179992091939110879e-02 7.428860653530833247e-02 1.147864557684120101e-01 1.997493548852235234e-01 1.064117673689589788e-01 1.029613846535036847e-01 1.046810773802296785e-01 1.668915779937458488e-01 5.424311602307781144e-02 2.119230154024485668e-01 9.116368561481577593e-02 8.640256379697391909e-02 1.318575271484088152e-01 6.537094705869950229e-02 1.122432788486901339e-01 1.142017812534441845e-01 8.838208702861635735e-02 5.622949805719763133e-02 6.360302708592338594e-02 9.271224209690669127e-02 1.817304941813583097e-01 1.069840976129513982e-01 1.972978967034384190e-01 1.508804718382063814e-01 3.778860046135776307e-02 1.601639947993880042e-01 8.766036941736157426e-03 1.926728600596065155e-01 1.494616776342782838e-01 1.126036910117088202e-01 1.177140777573252306e-01 1.550481605862126799e-01 4.704082071082455602e-02 5.815534698487902915e-02 5.403414683433509919e-02 1.261172669290287762e-01 7.001618181096268267e-02
3.917871225451696748e-02 7.295929954522309413e-02 8.947105542007430246e-02 2.228460569485694320e-01 4.281206482626197241e-02 1.145279354321448312e-01 6.869037097661209734e-02 8.464267249277487859e-02 1.094244365010164921e-01 1.124565727389936765e-01 1.019947999149012213e-01 1.251621598953136516e-01 8.114525801115472781e-02 5.348159454214791025e-02 4.842994970864706455e-02 1.267051311965920191e-01 5.029929388356278036e-02 1.000000000000000000e+00 1.769856643639102223e-01 6.289049573594217291e-02 5.353021040384699919e-02 1.871183158714814776e-01 7.017106115307245040e-02 2.257385899885276104e-01 4.847899940842692601e-02 4.826891499387830908e-02 1.356707025609136530e-01 1.287321749032201701e-01 1.812696951282617708e-01 6.657404549914200387e-02 8.056588797639530064e-02 2.657065627669702793e-02 1.819693490089464016e-01 9.720704283807936330e-02 4.500840704039178741e-02 4.147918358702902542e-02 1.008503094554449725e-01 5.118376412927753971e-02 1.668313202567278664e-01 8.264019908080869059e-02 3.765326588304657163e-02 8.203661095986022889e-02 1.037614956354953044e-01 3.186013719710927006e-02 1.339671180073264967e-01 1.096462189795011227e-01 1.866948954095158375e-01 1.755163058759307559e-01 1.920983269454369369e-01 5.336329067203730847e-02 8.973015678689662267e-02 9.778791108443858626e-02 9.916134017439856563e-02 1.052139099156585988e-01 6.716045500194076090e-02 2.230879429259358948e-01 2.424384328592879001e-01 1.831177694032355002e-02 6.072094556903351315e-02 8.481516148971054991e-02 1.238808990936796084e-01 5.937276328560558980e-02 1.397847827156976364e-01 1.557277729820132350e-01 4.615765025001199867e-02 1.523637918033564354e-01
1.385853550338954077e-01 2.584667021615504046e-02 1.731538230680214618e-01 1.485774649620993102e-03 7.983765535053718998e-02 1.503072755917031766e-01 8.317123635033638052e-02 7.975105388364693570e-02 1.746165649533695241e-01 3.266969348199480483e-02 5.798791869222751777e-02 1.012119336219936550e-01 1.076374049212480560e-01 1.318130480222522438e-01 1.099499410107884351e-01 2.464875806760407490e-02 1.728760552948460094e-01 1.769856643639102223e-01 1.000000000000000000e+00 6.860923786958351978e-02 1.615151126203648591e-01 9.993087663114540165e-02 9.196853164429824590e-02 6.584533032526353191e-02 1.397224318092788187e-01 8.227645318863102686e-02 2.467702342826044726e-01 7.215513848641406935e-02 1.523283472731749855e-02 1.080933340093245959e-01 1.768352556388644026e-01 1.017675722234867713e-01 2.247177992660760737e-01 3.529976564104417291e-02 1.375700912828783096e-01 9.297520124577861311e-02 2.236478706806757644e-01 8.225705417106177197e-02 1.391717071195072153e-01 7.300322676657429455e-02 2.406162926772902333e-01 1.202878014096335768e-01 1.122958672236867572e-01 1.228294583309028770e-01 1.247812424769083606e-01 1.077566103868624336e-01 7.674629263339897978e-02 7.538118072306733419e-02 3.659595745084870400e-02 4.977131530489837391e-02 1.613706488054161836e-02 9.543637257239945271e-02 1.531650741991291975e-01 1.090840278869350671e-01 6.915540571698619403e-03 1.215441736022193631e-01 1.578058975356033122e-01 1.932465293111091387e-01 3.218817512791243701e-02 1.285902952418717105e-01 2.126128517233016879e-01 1.895865823921191184e-01 3.267520633977676753e-02 5.239491208049926185e-02 6.741285103079008856e-02 6.427871355663862529e-02
2.048355357140980715e-01 5.621975352170111712e-02 1.056896229507963414e-01 1.111110060316715109e-01 1.706494074760945001e-01 1.730937285118190061e-01 1.476551665475537845e-01 1.418487380412693510e-01 4.251718848337973644e-02 8.604087044044710086e-02 3.287811708439227626e-02 1.521389210283841664e-01 1.295234289814081730e-01 1.061692107657197792e-01 1.024583804801010717e-01 9.534249850175054164e-02 1.178144363951032086e-01 6.289049573594217291e-02 6.860923786958351978e-02 1.000000000000000000e+00 7.537299063727301296e-02 1.274866001609755162e-01 1.300428426653870984e-01 5.235841096509456782e-02 1.463710206441979321e-02 9.591879103892934910e-02 1.731181464764816602e-01 1.785163988560383164e-01 1.539076330776441848e-01 1.069208014538344659e-01 3.711741503762664568e-02 1.158806081703204691e-02 4.360134031335917426e-02 3.775067600646262594e-02 6.729522484051517206e-02 5.145377828898307915e-02 8.362387388806304112e-02 7.242165456442435645e-02 9.010063166718314254e-02 1.056342068010264618e-01 1.533885984351935905e-01 2.167585973784205353e-02 9.492684867370720925e-02 1.160849331374548404e-01 4.891159364638829332e-02 2.099494392704024381e-01 4.720363219952836142e-02 7.957696599000012305e-02 1.616689082387259557e-01 1.080472667435357914e-01 4.830234403466129867e-02 1.512357066388155813e-01 6.398038295600907976e-02 2.013511271767869093e-01 9.642224984953789990e-02 6.594734605583082998e-02 1.010428325262929111e-01 1.158761251894445538e-01 1.023520928528940110e-01 8.966355867357980736e-02 4.723660317167629324e-02 3.990427967585424840e-02 7.585806780158893536e-02 4.359880673791657890e-02 3.044886999167831579e-02 9.326959395677707210e-02
1.214539549186904530e-02 4.273888688506045919e-02 6.494970443230557722e-02 5.396786209395730560e-02 1.930477167110547787e-01 1.159506740375347428e-01 1.286996738290014930e-01 1.054033801199804887e-01 7.171566920566808945e-02 1.187522343962028465e-01 6.092110171016388437e-02 1.077962748909802870e-01 1.510753906312239658e-01 1.819237430259879607e-01 2.815883191088635815e-02 1.001961807088892487e-01 1.189963931551737963e-01 5.353021040384699919e-02 1.615151126203648591e-01 7.537299063727301296e-02 1.000000000000000000e+00 8.559879960515071051e-02 1.277437009049793293e-01 1.401905446114036780e-01 1.705515938872848303e-01 1.272466149961193616e-01 3.039596957538714256e-02 7.402177591310438176e-02 1.089900200048256745e-01 8.764924297959875155e-02 1.377201404185927347e-01 1.350864741951133541e-01 1.513815550045277125e-01 1.547020724292563487e-01 2.265342786699369448e-01 1.037404045440065287e-01 1.705368285182292110e-01 1.237257126260965651e-01 1.293216910054224567e-01 1.077470526625984165e-01 6.593278427363187533e-02 7.251670546663009642e-02 1.494254200609576311e-01 2.019003451272302352e-01 3.694855932563000794e-02 2.401219062882899158e-02 7.116358570086636637e-02 4.914265687458420351e-02 1.633431955743864378e-02 2.101922026599487014e-01 7.400710971813762029e-02 1.365010221715981242e-01 1.025879096493546999e-01 2.530561790878648742e-01 1.253308494936786754e-01 1.122191354909301553e-01 7.812605419577034471e-02 1.730546551212131801e-01 1.161376090406888439e-01 6.778388201831937743e-02 1.111719432056448853e-01 1.932756234590664868e-01 1.868925312173926323e-01 8.327364956406828334e-02 1.685195337930703863e-01 1.077533572742729040e-01
8.980001709765013385e-02 1.990972769344042520e-02 8.644569321627362801e-02 8.484949077594168554e-02 1.232449571295169549e-01 4.815053702336249963e-02 4.952469243255865766e-02 1.904654769897748123e-01 9.639485978983355907e-02 1.090336889904434253e-01 1.025810917086398544e-01 3.786384939700759150e-02 6.600792718682448046e-02 2.362992674867092635e-01 1.381996193943983153e-01 1.858544578069111497e-02 1.343565325035383506e-01 1.871183158714814776e-01 9.993087663114540165e-02 1.274866001609755162e-01 8.559879960515071051e-02 1.000000000000000000e+00 4.906637747198357158e-02 8.479413015457404335e-02 1.854275884121620588e-01 1.351887547090726560e-01 6.001929395099548509e-02 1.369182167008452522e-01 3.873787760247168060e-02 1.156412628207901215e-02 7.088874462567744394e-02 1.532680705603446381e-01 9.878717520191010459e-02 4.188051987764914580e-02 9.203597954151371274e-02 1.272256520905846837e-02 4.329996988372016020e-02 2.363094535811213759e-02 1.726883541219951246e-01 1.878278457097514939e-02 6.812804579001856264e-02 7.958944452491581445e-02 4.894645453734283724e-02 8.260871525970391038e-02 7.131336194661182237e-02 1.585200919087989893e-02 1.396664271059611939e-01 1.428002733992212170e-01 1.207766501148827692e-01 8.981021066131421315e-02 1.235799532750518626e-01 3.473189490629050025e-02 1.561013617324016889e-01 5.569592401934548437e-02 7.300715456235735978e-02 5.231310181196593273e-02 1.329175140179814918e-01 1.059034873874923621e-01 1.071220261343831942e-01 4.470815280854411461e-02 5.094227147340380651e-02 2.179167026610547356e-02 7.675967211592546469e-02 4.798724413427882252e-02 1.572245453608835386e-01 5.268344787505810367e-02
1.459107294081088968e-01 5.068560476026456874e-02 1.140971329014636160e-01 5.866475697476139506e-02 8.552283310232354496e-02 1.610337197124716291e-01 5.705321055229983784e-02 8.851229101434039681e-02 7.767290205851333507e-02 1.249086473020326188e-01 9.271793892055006647e-02 7.886214459836726753e-02 8.979328323050470018e-02 4.867076658837268810e-02 3.446171026343609889e-02 1.703469667181378988e-01 9.209195122604042771e-02 7.017106115307245040e-02 9.196853164429824590e-02 1.300428426653870984e-01 1.277437009049793293e-01 4.906637747198357158e-02 1.000000000000000000e+00 1.043975141858300010e-01 1.360775193819378504e-01 1.061649444203729836e-01 1.008224717367905421e-01 1.890567225179658750e-01 8.289716563176978414e-02 7.780739355862764661e-02 9.188946701009458040e-02 1.123315518216953940e-01 9.909454938754945139e-03 9.729357552157953670e-02 1.331415679758840287e-01 2.409015311368767343e-02 4.014220608004726021e-02 3.647108194889576993e-02 1.219916076937475474e-01 2.539607788469509797e-02 1.144743077851207019e-01 3.410294114857698178e-02 6.750310802368934826e-02 7.938654844069190086e-02 3.351428401943657570e-02 8.831360548298508584e-02 7.826315182936030568e-02 8.690238245996635691e-02 7.140187186422498888e-02 4.551105705913788962e-02 2.226271704837719245e-01 1.041384068245122252e-01 4.528129955246093519e-02 1.721578544813442135e-01 3.172025341916525493e-02 2.189246908318884799e-01 6.188756250530503406e-02 1.324179859032059703e-01 5.845515848451048740e-02 2.942176027143730485e-02 7.960217191594275155e-02 1.053371015219625589e-01 7.744318693201798776e-02 7.588089840721516655e-02 7.236718859264268389e-02 1.177032549833810088e-01
9.483697769610484329e-02 1.196456231573613527e-01 8.973896979766894655e-02 1.381885370944979374e-01 6.006367025060802001e-02 2.026921149051416349e-01 6.740842453628370645e-02 1.036926274571444428e-01 5.763121117977645230e-02 3.138374945271698441e-02 1.574527031917201392e-01 1.814071041646707072e-01 1.861328240919822297e-01 1.242332794279060459e-01 1.555408876213105474e-01 2.055600291252687381e-02 1.180315582373679256e-01 2.257385899885276104e-01 6.584533032526353191e-02 5.235841096509456782e-02 1.401905446114036780e-01 8.479413015457404335e-02 1.043975141858300010e-01 1.000000000000000000e+00 8.650528708490037855e-02 5.796236533404163643e-02 6.951979455846310496e-02 1.444591228262279980e-01 9.315811547449867613e-02 6.134255628376269337e-02 8.026961489885681145e-02 9.580473398733722890e-02 1.280540758579795380e-01 2.431441718562271648e-01 6.756865644790935321e-02 4.963277196510242767e-02 9.633792297791528292e-02 2.853150329999716225e-02 4.074911475608418432e-02 8.016889369019615519e-02 6.677077967463190822e-02 4.403856786076262853e-02 1.022096918836718077e-01 2.096788948792933094e-01 1.844632432613935724e-01 1.041455093267021487e-01 1.943278683492798697e-01 1.259879254976618845e-01 1.326523858192577565e-01 1.174622019663682099e-01 2.187891374644698045e-02 9.334280595003795200e-02 1.595357107748831271e-01 2.113490797677507194e-01 2.295801266439967681e-01 7.399167931683488242e-02 1.519799075507740904e-01 6.668979779536460262e-02 9.201001399307738582e-02 1.244819017726960658e-01 1.424940619330154236e-02 8.574000122555060222e-02 1.067200500165590565e-01 4.180747102107690988e-02 1.753994791163261124e-01 1.854037519079076990e-01
