0.000000000000000000e+00 1.277500000000000024e-01 3.375000000000000222e-02 1.492499999999999938e-01 1.159999999999999920e-01 5.500000000000000028e-02 5.074999999999999650e-02 7.324999999999999567e-02 8.950000000000001010e-02 1.179999999999999938e-01 7.850000000000000033e-02 1.110000000000000014e-01 1.032500000000000084e-01 1.562500000000000000e-01 1.050000000000000065e-02 2.599999999999999881e-02 1.315000000000000058e-01 6.162499999999999922e-02 6.525000000000000244e-02 1.357500000000000095e-01 8.524999999999999245e-02 1.164999999999999925e-01 1.059999999999999970e-01 2.274999999999999939e-02 7.249999999999999500e-02 8.937500000000000999e-02 2.875000000000000125e-02 1.227499999999999980e-01 2.082499999999999907e-01 4.174999999999999545e-02 7.924999999999998712e-02 7.649999999999999856e-02 2.270000000000000073e-01 4.025000000000000105e-02 4.624999999999999944e-02 2.587500000000000355e-01 7.624999999999999833e-02 2.027500000000000135e-01 3.674999999999999795e-02 9.725000000000000311e-02 8.299999999999999045e-02 1.940000000000000058e-01 7.199999999999999456e-02 2.069999999999999896e-01 8.774999999999999467e-02 8.449999999999999178e-02 8.812499999999999500e-02 1.347499999999999809e-01 7.175000000000000822e-02 1.285000000000000031e-01 2.035000000000000142e-01 3.600000000000000422e-02 1.445000000000000173e-01 3.074999999999999956e-02 2.874999999999999778e-02 1.617500000000000049e-01 4.100000000000000172e-02 1.862500000000000266e-01 1.172499999999999931e-01 1.032499999999999946e-01 1.268749999999999878e-01 4.125000000000000194e-02 1.187499999999999944e-01 1.100000000000000006e-01 1.887500000000000011e-01 6.350000000000000089e-02
1.277500000000000024e-01 0.000000000000000000e+00 1.042500000000000093e-01 1.690000000000000113e-01 3.475000000000000311e-02 1.447499999999999898e-01 7.499999999999999722e-03 1.824999999999999956e-01 1.377499999999999836e-01 4.075000000000000150e-02 1.232499999999999984e-01 1.005000000000000060e-01 8.250000000000000389e-02 1.817499999999999949e-01 6.900000000000000577e-02 8.824999999999999512e-02 1.055000000000000104e-01 1.127500000000000030e-01 1.050000000000000065e-02 5.474999999999999312e-02 1.537499999999999978e-01 5.724999999999999534e-02 1.300000000000000044e-01 1.414999999999999869e-01 1.260000000000000009e-01 5.200000000000000455e-02 6.575000000000000289e-02 9.274999999999999911e-02 3.899999999999999994e-02 1.087500000000000133e-01 1.023749999999999938e-01 1.474999999999999922e-01 1.039999999999999952e-01 4.350000000000000394e-02 1.677500000000000102e-01 1.084999999999999992e-01 3.500000000000000073e-03 2.974999999999999867e-01 1.102500000000000008e-01 9.375000000000000000e-02 1.719999999999999862e-01 2.574999999999999858e-02 1.535000000000000253e-01 6.725000000000000422e-02 1.399999999999999856e-02 2.199999999999999872e-02 1.652500000000000080e-01 7.825000000000000011e-02 6.475000000000000200e-02 1.302500000000000047e-01 1.053750000000000103e-01 4.375000000000000416e-03 3.775000000000000577e-02 6.049999999999999822e-02 1.052499999999999963e-01 9.800000000000000377e-02 5.799999999999999600e-02 1.502499999999999947e-01 1.600000000000000033e-02 7.550000000000001155e-02 1.010000000000000064e-01 3.925000000000000017e-02 4.624999999999999944e-02 3.549999999999999684e-02 1.372499999999999831e-01 2.324999999999999983e-02
3.375000000000000222e-02 1.042500000000000093e-01 0.000000000000000000e+00 6.124999999999999889e-02 5.125000000000000389e-02 5.849999999999999645e-02 6.625000000000000333e-02 1.051249999999999962e-01 3.099999999999999978e-02 8.999999999999999667e-02 5.250000000000000500e-02 5.574999999999999400e-02 2.062499999999999889e-01 1.174999999999999933e-01 1.232499999999999984e-01 1.239999999999999991e-01 1.080000000000000127e-01 9.525000000000000133e-02 5.987499999999999767e-02 5.150000000000000411e-02 3.225000000000000089e-02 1.307500000000000051e-01 6.275000000000000022e-02 5.062500000000000333e-02 1.209999999999999964e-01 4.449999999999999789e-02 1.052499999999999963e-01 8.549999999999999267e-02 3.325000000000000178e-02 8.175000000000000322e-02 4.374999999999999722e-02 4.474999999999999811e-02 4.937500000000000222e-02 8.200000000000000344e-02 4.100000000000000172e-02 1.407499999999999862e-01 1.149999999999999981e-02 1.084999999999999992e-01 1.789999999999999925e-01 1.395000000000000129e-01 2.000000000000000042e-02 1.247499999999999998e-01 2.127499999999999947e-01 6.700000000000000400e-02 1.649999999999999800e-01 1.145000000000000046e-01 1.097500000000000142e-01 8.724999999999999423e-02 8.675000000000000766e-02 1.402500000000000135e-01 1.082499999999999990e-01 7.724999999999999922e-02 1.825000000000000233e-02 7.875000000000000056e-02 1.312500000000000056e-01 1.224999999999999978e-01 2.174999999999999850e-02 1.307500000000000051e-01 3.325000000000000178e-02 1.415000000000000147e-01 1.034999999999999948e-01 8.549999999999999267e-02 2.010000000000000120e-01 1.234999999999999987e-01 1.595000000000000029e-01 3.425000000000000266e-02
1.492499999999999938e-01 1.690000000000000113e-01 6.124999999999999889e-02 0.000000000000000000e+00 8.375000000000000500e-02 1.177500000000000074e-01 1.625000000000000056e-01 6.700000000000000400e-02 1.145000000000000046e-01 3.849999999999999950e-02 1.007500000000000062e-01 1.899999999999999953e-02 1.663749999999999951e-01 2.425000000000000072e-02 6.049999999999999822e-02 6.775000000000000466e-02 1.509999999999999953e-01 5.475000000000000006e-02 7.174999999999999434e-02 3.899999999999999994e-02 1.030000000000000082e-01 2.450000000000000094e-02 7.025000000000000688e-02 1.387499999999999845e-01 1.225000000000000047e-02 4.800000000000000100e-02 1.002499999999999919e-01 1.519999999999999962e-01 1.317499999999999782e-01 1.167500000000000066e-01 3.674999999999999795e-02 1.103750000000000009e-01 3.099999999999999978e-02 6.775000000000000466e-02 1.290000000000000036e-01 2.236250000000000182e-01 1.210000000000000103e-01 2.650000000000000272e-02 1.122499999999999887e-01 2.510000000000000009e-01 4.775000000000000078e-02 5.874999999999999667e-02 1.605000000000000038e-01 9.174999999999999822e-02 1.625000000000000056e-02 5.749999999999999556e-02 7.324999999999999567e-02 1.015000000000000069e-01 4.125000000000000194e-02 1.062500000000000111e-01 2.787500000000000047e-02 7.374999999999999611e-02 6.675000000000000377e-02 6.049999999999999822e-02 2.135000000000000231e-01 9.875000000000000444e-02 2.350000000000000006e-02 6.900000000000000577e-02 1.170000000000000068e-01 2.967500000000000138e-01 1.232499999999999984e-01 1.199999999999999956e-01 5.699999999999999512e-02 1.485000000000000209e-01 7.900000000000000078e-02 1.462499999999999911e-01
1.159999999999999920e-01 3.475000000000000311e-02 5.125000000000000389e-02 8.375000000000000500e-02 0.000000000000000000e+00 1.124999999999999958e-02 3.450000000000000289e-02 1.480000000000000204e-01 1.397499999999999853e-01 3.699999999999999817e-02 1.010000000000000064e-01 7.474999999999999700e-02 5.100000000000000366e-02 5.725000000000000228e-02 4.649999999999999967e-02 3.874999999999999972e-02 2.087499999999999911e-01 5.225000000000000477e-02 4.424999999999999767e-02 8.924999999999999600e-02 8.500000000000000611e-03 1.541250000000000120e-01 1.209999999999999964e-01 7.674999999999999878e-02 5.249999999999999459e-03 8.549999999999999267e-02 3.500000000000000333e-02 1.720000000000000140e-01 1.062500000000000111e-01 8.375000000000000500e-02 1.242499999999999993e-01 9.950000000000000511e-02 1.042500000000000093e-01 7.524999999999999745e-02 1.239999999999999991e-01 1.107500000000000012e-01 6.725000000000000422e-02 6.300000000000000044e-02 3.150000000000000022e-02 1.980000000000000093e-01 9.049999999999999711e-02 2.525000000000000161e-02 5.824999999999999623e-02 1.162500000000000061e-01 6.800000000000000488e-02 1.632500000000000062e-01 2.224999999999999895e-02 9.274999999999999911e-02 1.350000000000000089e-01 2.574999999999999858e-02 1.552499999999999991e-01 9.875000000000000444e-02 6.325000000000000067e-02 1.007499999999999923e-01 1.017500000000000071e-01 4.362499999999999711e-02 2.850000000000000103e-02 1.107500000000000012e-01 7.724999999999999922e-02 8.724999999999999423e-02 2.127499999999999947e-01 1.437499999999999889e-01 8.550000000000000655e-02 5.925000000000000405e-02 8.624999999999999334e-02 1.345000000000000084e-01
5.500000000000000028e-02 1.447499999999999898e-01 5.849999999999999645e-02 1.177500000000000074e-01 1.124999999999999958e-02 0.000000000000000000e+00 1.955000000000000071e-01 6.049999999999999822e-02 5.224999999999999784e-02 6.900000000000000577e-02 1.609999999999999765e-01 1.250000000000000026e-03 7.275000000000000910e-02 6.400000000000000133e-02 2.937499999999999833e-02 7.599999999999999811e-02 8.300000000000000433e-02 5.200000000000000455e-02 8.849999999999999534e-02 1.375000000000000111e-01 5.424999999999999961e-02 7.300000000000000933e-02 6.850000000000000533e-02 1.052499999999999963e-01 3.112499999999999989e-02 1.672500000000000098e-01 1.242499999999999993e-01 7.299999999999999545e-02 7.350000000000000977e-02 1.121250000000000024e-01 8.999999999999999667e-02 1.487499999999999933e-01 1.280000000000000027e-01 1.197499999999999953e-01 1.020000000000000073e-01 5.050000000000000322e-02 5.624999999999999445e-02 5.749999999999999556e-02 1.325000000000000067e-01 8.424999999999999156e-02 7.175000000000000822e-02 2.550000000000000183e-02 1.093750000000000000e-01 5.450000000000000677e-02 2.015000000000000124e-01 4.424999999999999767e-02 3.925000000000000017e-02 9.525000000000000133e-02 7.349999999999999589e-02 8.424999999999999156e-02 1.282500000000000029e-01 9.525000000000000133e-02 3.849999999999999950e-02 5.274999999999999828e-02 1.079999999999999988e-01 1.169999999999999929e-01 7.649999999999999856e-02 1.890000000000000013e-01 8.100000000000000255e-02 1.292500000000000038e-01 1.217499999999999971e-01 1.674999999999999822e-01 6.875000000000000555e-02 8.724999999999999423e-02 1.570000000000000007e-01 2.074999999999999761e-02
5.074999999999999650e-02 7.499999999999999722e-03 6.625000000000000333e-02 1.625000000000000056e-01 3.450000000000000289e-02 1.955000000000000071e-01 0.000000000000000000e+00 1.234999999999999987e-01 3.575000000000000400e-02 1.022500000000000075e-01 8.974999999999999645e-02 2.042499999999999871e-01 6.850000000000000533e-02 7.925000000000000100e-02 1.367500000000000104e-01 9.099999999999999756e-02 1.600000000000000033e-02 1.265000000000000013e-01 1.102500000000000008e-01 9.650000000000000244e-02 7.200000000000000844e-02 1.404999999999999860e-01 2.900000000000000147e-02 5.349999999999999895e-02 6.850000000000000533e-02 8.424999999999999156e-02 8.899999999999999578e-02 9.825000000000000400e-02 1.012500000000000067e-01 2.799999999999999711e-02 1.327499999999999791e-01 6.875000000000000555e-02 1.062500000000000111e-01 1.007500000000000062e-01 1.137500000000000039e-01 4.224999999999999589e-02 4.574999999999999900e-02 1.327500000000000069e-01 1.469999999999999918e-01 6.900000000000000577e-02 5.299999999999999850e-02 1.857499999999999707e-01 8.025000000000000189e-02 1.000000000000000056e-01 4.087500000000000161e-02 8.974999999999999645e-02 2.650000000000000272e-02 4.224999999999999589e-02 5.450000000000000677e-02 9.650000000000000244e-02 1.075000000000000122e-01 9.200000000000001232e-02 1.167499999999999927e-01 1.697500000000000120e-01 3.275000000000000133e-02 1.572500000000000009e-01 1.565000000000000002e-01 6.750000000000000444e-02 3.575000000000000400e-02 1.097500000000000003e-01 4.712500000000000022e-02 8.450000000000000566e-02 2.069999999999999896e-01 8.074999999999998845e-02 1.442499999999999893e-01 1.057499999999999968e-01
7.324999999999999567e-02 1.824999999999999956e-01 1.051249999999999962e-01 6.700000000000000400e-02 1.480000000000000204e-01 6.049999999999999822e-02 1.234999999999999987e-01 0.000000000000000000e+00 1.182499999999999940e-01 9.925000000000000488e-02 3.749999999999999861e-02 8.974999999999999645e-02 9.124999999999999778e-02 6.775000000000000466e-02 7.100000000000000755e-02 7.299999999999999545e-02 3.350000000000000200e-02 1.120000000000000023e-01 1.171250000000000069e-01 9.974999999999999145e-02 1.134999999999999898e-01 1.082500000000000129e-01 6.350000000000000089e-02 2.278749999999999942e-01 9.425000000000000044e-02 1.977499999999999813e-01 1.297500000000000042e-01 9.949999999999999123e-02 7.975000000000000144e-02 7.224999999999999478e-02 5.200000000000000455e-02 9.650000000000000244e-02 3.887499999999999983e-02 8.875000000000000944e-02 1.017500000000000071e-01 2.259999999999999787e-01 6.074999999999999845e-02 1.372500000000000109e-01 1.607500000000000040e-01 1.064999999999999974e-01 1.549999999999999989e-02 8.300000000000000433e-02 7.000000000000000666e-02 5.674999999999999489e-02 9.124999999999999778e-02 1.079999999999999988e-01 1.499999999999999944e-01 1.305000000000000049e-01 3.500000000000000333e-02 6.650000000000000355e-02 8.250000000000000389e-02 7.474999999999999700e-02 7.600000000000001199e-02 9.725000000000000311e-02 4.700000000000000011e-02 4.450000000000000483e-02 1.272500000000000020e-01 1.697500000000000120e-01 5.075000000000000344e-02 7.024999999999999301e-02 5.049999999999999628e-02 6.275000000000000022e-02 1.277500000000000024e-01 1.127500000000000030e-01 6.375000000000000111e-02 8.824999999999999512e-02
8.950000000000001010e-02 1.377499999999999836e-01 3.099999999999999978e-02 1.145000000000000046e-01 1.397499999999999853e-01 5.224999999999999784e-02 3.575000000000000400e-02 1.182499999999999940e-01 0.000000000000000000e+00 1.212499999999999967e-01 1.077499999999999986e-01 8.624999999999999334e-02 1.390000000000000124e-01 1.767500000000000182e-01 1.307500000000000051e-01 9.612500000000000211e-02 2.422500000000000209e-01 3.375000000000000222e-02 5.725000000000000228e-02 1.700000000000000122e-01 1.107500000000000012e-01 9.999999999999998473e-03 5.625000000000000139e-02 5.124999999999999695e-02 9.750000000000000333e-02 1.194999999999999951e-01 1.655000000000000082e-01 7.450000000000001066e-02 5.224999999999999784e-02 1.890000000000000013e-01 1.524999999999999967e-01 5.275000000000000522e-02 1.562500000000000000e-01 1.275000000000000022e-01 1.117499999999999882e-01 3.550000000000000377e-02 9.475000000000000089e-02 1.409999999999999865e-01 4.800000000000000100e-02 5.674999999999999489e-02 1.446250000000000036e-01 1.412500000000000144e-01 1.064999999999999974e-01 5.449999999999999983e-02 1.189999999999999947e-01 6.700000000000000400e-02 2.000000000000000042e-02 8.975000000000001033e-02 5.924999999999999711e-02 3.700000000000000511e-02 4.624999999999999944e-02 2.650000000000000272e-02 7.524999999999999745e-02 1.734999999999999876e-01 7.249999999999999500e-02 8.999999999999999667e-02 8.999999999999999667e-02 1.590000000000000024e-01 1.472499999999999920e-01 1.814999999999999947e-01 6.575000000000000289e-02 7.249999999999999500e-02 2.179999999999999993e-01 9.375000000000000000e-02 2.842500000000000027e-01 3.887499999999999983e-02
1.179999999999999938e-01 4.075000000000000150e-02 8.999999999999999667e-02 3.849999999999999950e-02 3.699999999999999817e-02 6.900000000000000577e-02 1.022500000000000075e-01 9.925000000000000488e-02 1.212499999999999967e-01 0.000000000000000000e+00 1.222499999999999976e-01 1.082499999999999990e-01 1.019999999999999934e-01 1.734999999999999876e-01 8.899999999999999578e-02 2.364999999999999880e-01 1.789999999999999925e-01 1.355000000000000093e-01 1.204999999999999960e-01 1.842499999999999971e-01 1.330000000000000071e-01 2.109999999999999931e-01 2.824999999999999734e-02 1.677500000000000102e-01 4.875000000000000167e-02 1.167499999999999927e-01 7.350000000000000977e-02 3.649999999999999772e-02 6.550000000000000266e-02 1.022500000000000075e-01 4.000000000000000083e-02 1.459999999999999909e-01 1.459999999999999909e-01 1.990000000000000102e-01 3.650000000000000466e-02 1.612500000000000044e-01 7.499999999999999722e-03 1.105000000000000010e-01 8.474999999999999201e-02 1.920000000000000040e-01 1.559999999999999998e-01 9.874999999999999056e-02 9.400000000000000022e-02 8.100000000000000255e-02 7.649999999999999856e-02 1.152500000000000052e-01 2.299999999999999822e-01 7.024999999999999301e-02 5.825000000000000316e-02 1.182499999999999940e-01 5.000000000000000278e-02 1.247499999999999998e-01 1.635000000000000064e-01 7.475000000000001088e-02 2.600000000000000228e-02 5.849999999999999645e-02 7.650000000000001243e-02 7.774999999999999967e-02 7.374999999999999611e-02 7.925000000000000100e-02 1.337500000000000078e-01 2.025000000000000064e-02 1.149999999999999911e-01 1.725000000000000144e-02 7.799999999999999989e-02 3.150000000000000022e-02
7.850000000000000033e-02 1.232499999999999984e-01 5.250000000000000500e-02 1.007500000000000062e-01 1.010000000000000064e-01 1.609999999999999765e-01 8.974999999999999645e-02 3.749999999999999861e-02 1.077499999999999986e-01 1.222499999999999976e-01 0.000000000000000000e+00 7.474999999999999700e-02 1.352500000000000091e-01 1.180000000000000077e-01 5.550000000000000072e-02 1.652500000000000080e-01 3.049999999999999933e-02 1.676249999999999962e-01 1.257500000000000007e-01 1.507499999999999951e-01 1.295000000000000040e-01 5.799999999999999600e-02 1.397499999999999853e-01 9.875000000000000097e-03 2.142499999999999960e-01 7.499999999999999722e-02 1.255000000000000004e-01 9.700000000000000289e-02 8.349999999999999090e-02 1.229999999999999982e-01 1.352499999999999813e-01 1.472499999999999920e-01 7.774999999999999967e-02 1.762499999999999900e-01 1.060000000000000109e-01 4.749999999999999882e-03 8.724999999999999423e-02 6.725000000000000422e-02 7.875000000000000056e-02 7.250000000000000888e-02 6.500000000000000222e-02 8.924999999999999600e-02 5.725000000000000228e-02 6.174999999999999933e-02 9.375000000000000000e-02 4.925000000000000211e-02 1.464999999999999913e-01 2.624999999999999903e-02 3.400000000000000244e-02 2.425000000000000072e-02 1.047499999999999959e-01 9.900000000000000466e-02 8.899999999999999578e-02 2.312499999999999972e-02 3.550000000000000377e-02 4.075000000000000150e-02 1.040000000000000091e-01 2.351250000000000007e-01 1.109999999999999876e-01 1.442499999999999893e-01 6.174999999999999933e-02 1.837499999999999897e-02 1.600000000000000033e-01 6.775000000000000466e-02 1.063749999999999973e-01 8.050000000000000211e-02
1.110000000000000014e-01 1.005000000000000060e-01 5.574999999999999400e-02 1.899999999999999953e-02 7.474999999999999700e-02 1.250000000000000026e-03 2.042499999999999871e-01 8.974999999999999645e-02 8.624999999999999334e-02 1.082499999999999990e-01 7.474999999999999700e-02 0.000000000000000000e+00 1.519999999999999962e-01 1.337500000000000078e-01 6.199999999999999956e-02 8.949999999999999623e-02 2.099999999999999784e-02 1.199999999999999956e-01 5.274999999999999828e-02 9.274999999999999911e-02 1.367499999999999827e-01 6.024999999999999800e-02 6.500000000000000569e-03 1.129999999999999893e-01 1.477499999999999925e-01 1.542499999999999982e-01 7.250000000000000888e-02 2.010000000000000120e-01 1.552499999999999991e-01 6.049999999999999822e-02 1.670000000000000095e-01 8.749999999999999445e-02 7.000000000000000666e-02 3.225000000000000089e-02 8.175000000000000322e-02 1.167499999999999927e-01 1.147499999999999909e-01 9.375000000000000000e-02 1.204999999999999960e-01 6.775000000000000466e-02 1.504999999999999949e-01 1.857500000000000262e-01 1.822499999999999953e-01 1.327500000000000069e-01 2.825000000000000080e-02 1.306249999999999911e-01 1.539999999999999980e-01 7.749999999999999944e-02 7.325000000000000955e-02 1.044999999999999957e-01 7.624999999999999833e-02 2.275000000000000078e-01 1.395000000000000129e-01 7.449999999999999678e-02 3.975000000000000061e-02 8.100000000000000255e-02 1.005000000000000060e-01 1.187500000000000083e-01 3.024999999999999911e-02 1.112500000000000017e-01 1.097500000000000142e-01 4.449999999999999789e-02 1.145000000000000046e-01 4.624999999999999944e-02 9.750000000000000333e-02 3.699999999999999817e-02
1.032500000000000084e-01 8.250000000000000389e-02 2.062499999999999889e-01 1.663749999999999951e-01 5.100000000000000366e-02 7.275000000000000910e-02 6.850000000000000533e-02 9.124999999999999778e-02 1.390000000000000124e-01 1.019999999999999934e-01 1.352500000000000091e-01 1.519999999999999962e-01 0.000000000000000000e+00 5.074999999999999650e-02 1.247499999999999998e-01 1.644999999999999796e-01 1.634999999999999787e-01 3.500000000000000333e-02 1.772500000000000187e-01 1.089999999999999997e-01 1.750000000000000167e-02 9.475000000000000089e-02 2.400000000000000050e-02 4.324999999999999678e-02 1.499999999999999944e-02 9.725000000000000311e-02 1.874999999999999931e-02 9.049999999999999711e-02 5.674999999999999489e-02 1.075000000000000122e-01 8.899999999999999578e-02 5.637500000000000150e-02 9.675000000000000266e-02 6.199999999999999956e-02 1.320000000000000062e-01 8.087500000000000244e-02 1.752500000000000169e-01 1.404999999999999860e-01 3.275000000000000133e-02 1.992499999999999827e-01 9.950000000000000511e-02 1.162500000000000061e-01 1.494999999999999940e-01 3.975000000000000061e-02 6.024999999999999800e-02 6.500000000000000222e-02 7.599999999999999811e-02 1.002500000000000058e-01 1.725000000000000144e-02 9.475000000000000089e-02 5.237500000000000488e-02 1.357500000000000095e-01 8.724999999999999423e-02 1.149999999999999981e-02 7.925000000000000100e-02 8.474999999999999201e-02 9.249999999999999542e-03 7.200000000000000844e-02 1.034999999999999948e-01 1.685000000000000109e-01 1.952500000000000069e-01 1.449999999999999900e-01 1.072499999999999981e-01 6.525000000000000244e-02 8.974999999999999645e-02 9.575000000000000178e-02
1.562500000000000000e-01 1.817499999999999949e-01 1.174999999999999933e-01 2.425000000000000072e-02 5.725000000000000228e-02 6.400000000000000133e-02 7.925000000000000100e-02 6.775000000000000466e-02 1.767500000000000182e-01 1.734999999999999876e-01 1.180000000000000077e-01 1.337500000000000078e-01 5.074999999999999650e-02 0.000000000000000000e+00 8.250000000000000389e-03 1.799999999999999864e-02 1.527499999999999969e-01 7.299999999999999545e-02 4.199999999999999567e-02 7.174999999999999434e-02 1.010000000000000064e-01 2.999999999999999889e-02 8.125000000000000278e-02 1.182499999999999940e-01 6.250000000000000000e-02 2.800000000000000058e-02 1.044999999999999957e-01 6.600000000000000311e-02 1.757500000000000173e-01 3.175000000000000044e-02 1.012499999999999928e-01 3.175000000000000044e-02 9.875000000000000444e-02 1.069999999999999979e-01 7.774999999999999967e-02 1.202499999999999958e-01 1.347500000000000087e-01 5.700000000000000205e-02 1.542499999999999982e-01 1.255000000000000004e-01 4.924999999999999517e-02 9.625000000000000222e-02 9.149999999999999800e-02 8.100000000000000255e-02 1.119999999999999885e-01 4.875000000000000167e-02 5.000000000000000278e-02 8.237500000000000377e-02 8.250000000000000389e-02 1.049999999999999961e-01 1.425000000000000051e-02 1.622500000000000053e-01 5.699999999999999512e-02 2.197500000000000009e-01 1.045000000000000095e-01 1.899999999999999953e-02 7.250000000000000888e-02 4.249999999999999611e-02 6.625000000000000333e-02 1.350000000000000089e-01 9.099999999999999756e-02 9.074999999999999734e-02 5.050000000000000322e-02 8.200000000000000344e-02 1.222499999999999976e-01 1.277500000000000024e-01
1.050000000000000065e-02 6.900000000000000577e-02 1.232499999999999984e-01 6.049999999999999822e-02 4.649999999999999967e-02 2.937499999999999833e-02 1.367500000000000104e-01 7.100000000000000755e-02 1.307500000000000051e-01 8.899999999999999578e-02 5.550000000000000072e-02 6.199999999999999956e-02 1.247499999999999998e-01 8.250000000000000389e-03 0.000000000000000000e+00 7.425000000000001044e-02 7.925000000000000100e-02 1.467500000000000193e-01 9.875000000000000444e-02 1.677500000000000102e-01 1.152499999999999913e-01 1.182499999999999940e-01 9.750000000000000333e-02 8.274999999999999023e-02 1.112499999999999947e-02 1.325000000000000136e-02 6.300000000000000044e-02 7.399999999999999634e-02 9.249999999999999889e-02 1.291249999999999898e-01 2.124999999999999806e-02 1.207499999999999962e-01 7.050000000000000711e-02 6.400000000000000133e-02 1.612500000000000044e-01 1.064999999999999974e-01 4.250000000000000305e-02 8.012500000000000178e-02 8.075000000000000233e-02 1.027500000000000080e-01 7.349999999999999589e-02 1.097500000000000003e-01 1.972500000000000087e-01 9.650000000000000244e-02 3.550000000000000377e-02 7.687499999999999889e-02 1.494999999999999940e-01 6.750000000000000444e-02 1.375000000000000111e-01 5.274999999999999828e-02 1.325000000000000067e-01 2.224999999999999895e-02 8.300000000000000433e-02 1.422500000000000153e-01 1.035000000000000087e-01 7.875000000000000056e-02 1.342500000000000082e-01 3.750000000000000555e-02 1.192499999999999949e-01 3.350000000000000200e-02 6.375000000000000111e-02 2.824999999999999734e-02 9.875000000000000444e-02 6.174999999999999933e-02 1.045000000000000095e-01 2.250000000000000264e-02
2.599999999999999881e-02 8.824999999999999512e-02 1.239999999999999991e-01 6.775000000000000466e-02 3.874999999999999972e-02 7.599999999999999811e-02 9.099999999999999756e-02 7.299999999999999545e-02 9.612500000000000211e-02 2.364999999999999880e-01 1.652500000000000080e-01 8.949999999999999623e-02 1.644999999999999796e-01 1.799999999999999864e-02 7.425000000000001044e-02 0.000000000000000000e+00 1.062499999999999972e-01 2.469999999999999973e-01 6.275000000000000022e-02 1.700000000000000122e-02 6.900000000000000577e-02 4.224999999999999589e-02 1.142500000000000043e-01 9.249999999999999889e-02 1.808750000000000080e-01 1.265000000000000013e-01 1.047500000000000098e-01 6.925000000000000600e-02 5.200000000000000455e-02 1.777499999999999913e-01 7.474999999999999700e-02 8.549999999999999267e-02 8.799999999999999489e-02 3.525000000000000355e-02 1.457499999999999907e-01 2.479999999999999982e-01 1.218749999999999972e-01 1.487499999999999933e-01 1.144999999999999907e-01 1.122500000000000026e-01 3.099999999999999978e-02 1.292500000000000038e-01 8.400000000000000522e-02 1.242499999999999993e-01 8.574999999999999289e-02 1.412499999999999867e-01 4.574999999999999900e-02 2.149999999999999828e-02 2.800000000000000058e-02 6.600000000000000311e-02 5.825000000000000316e-02 1.584999999999999742e-01 2.999999999999999889e-02 1.242499999999999993e-01 2.499999999999999792e-02 2.297500000000000098e-01 7.150000000000000799e-02 1.199999999999999956e-01 1.837499999999999967e-01 4.324999999999999678e-02 3.524999999999999661e-02 4.975000000000000255e-02 1.347500000000000087e-01 6.600000000000000311e-02 6.725000000000000422e-02 2.132499999999999951e-01
1.315000000000000058e-01 1.055000000000000104e-01 1.080000000000000127e-01 1.509999999999999953e-01 2.087499999999999911e-01 8.300000000000000433e-02 1.600000000000000033e-02 3.350000000000000200e-02 2.422500000000000209e-01 1.789999999999999925e-01 3.049999999999999933e-02 2.099999999999999784e-02 1.634999999999999787e-01 1.527499999999999969e-01 7.925000000000000100e-02 1.062499999999999972e-01 0.000000000000000000e+00 1.125000000000000028e-01 3.350000000000000200e-02 1.095000000000000140e-01 1.457499999999999907e-01 1.529999999999999971e-01 6.575000000000000289e-02 6.800000000000000488e-02 8.874999999999999556e-02 1.549999999999999989e-01 6.325000000000000067e-02 6.149999999999999911e-02 7.587499999999999800e-02 9.000000000000001055e-03 5.475000000000000006e-02 3.425000000000000266e-02 3.275000000000000133e-02 7.224999999999999478e-02 1.100000000000000006e-01 6.425000000000000155e-02 1.010000000000000064e-01 4.574999999999999900e-02 1.117500000000000021e-01 6.875000000000000555e-02 5.774999999999999578e-02 1.782499999999999918e-01 8.275000000000000411e-02 5.424999999999999267e-02 7.100000000000000755e-02 1.267500000000000016e-01 1.839999999999999969e-01 8.499999999999999223e-02 1.146250000000000047e-01 4.050000000000000128e-02 2.150000000000000175e-02 6.174999999999999933e-02 1.734999999999999876e-01 1.120000000000000023e-01 7.825000000000000011e-02 5.800000000000000294e-02 3.762499999999999872e-02 5.525000000000000050e-02 5.024999999999999606e-02 1.177499999999999936e-01 1.519999999999999962e-01 1.585000000000000020e-01 1.392499999999999849e-01 1.622500000000000053e-01 1.612500000000000044e-01 4.950000000000000233e-02
6.162499999999999922e-02 1.127500000000000030e-01 9.525000000000000133e-02 5.475000000000000006e-02 5.225000000000000477e-02 5.200000000000000455e-02 1.265000000000000013e-01 1.120000000000000023e-01 3.375000000000000222e-02 1.355000000000000093e-01 1.676249999999999962e-01 1.199999999999999956e-01 3.500000000000000333e-02 7.299999999999999545e-02 1.467500000000000193e-01 2.469999999999999973e-01 1.125000000000000028e-01 0.000000000000000000e+00 7.999999999999998779e-02 1.152499999999999913e-01 8.899999999999999578e-02 1.069999999999999979e-01 1.032500000000000084e-01 3.437500000000000278e-02 9.274999999999999911e-02 1.015000000000000069e-01 1.405000000000000138e-01 5.274999999999999828e-02 1.255000000000000004e-01 2.007499999999999840e-01 8.199999999999998956e-02 2.824999999999999734e-02 9.950000000000000511e-02 1.694999999999999840e-01 7.749999999999999944e-02 7.499999999999999722e-03 9.174999999999999822e-02 3.625000000000000444e-02 1.062499999999999972e-01 1.025000000000000078e-01 1.410000000000000142e-01 9.475000000000000089e-02 6.625000000000000333e-02 8.449999999999999178e-02 3.250000000000000111e-02 1.349999999999999811e-02 6.337500000000000078e-02 1.179999999999999938e-01 2.112499999999999933e-01 9.875000000000000444e-02 1.899999999999999953e-02 8.350000000000000477e-02 1.570000000000000007e-01 9.162499999999999811e-02 1.549999999999999989e-02 2.159999999999999976e-01 1.122500000000000026e-01 1.403749999999999998e-01 8.450000000000000566e-02 4.025000000000000105e-02 3.099999999999999978e-02 6.075000000000000538e-02 1.357499999999999818e-01 5.100000000000000366e-02 9.087500000000001132e-02 9.950000000000000511e-02
6.525000000000000244e-02 1.050000000000000065e-02 5.987499999999999767e-02 7.174999999999999434e-02 4.424999999999999767e-02 8.849999999999999534e-02 1.102500000000000008e-01 1.171250000000000069e-01 5.725000000000000228e-02 1.204999999999999960e-01 1.257500000000000007e-01 5.274999999999999828e-02 1.772500000000000187e-01 4.199999999999999567e-02 9.875000000000000444e-02 6.275000000000000022e-02 3.350000000000000200e-02 7.999999999999998779e-02 0.000000000000000000e+00 7.024999999999999301e-02 1.307500000000000051e-01 2.299999999999999961e-02 5.824999999999999623e-02 4.487499999999999822e-02 3.500000000000000333e-02 4.050000000000000128e-02 2.699999999999999969e-02 1.388749999999999984e-01 4.250000000000000305e-02 1.029999999999999943e-01 9.850000000000000422e-02 1.674999999999999822e-01 1.673749999999999960e-01 1.663749999999999951e-01 4.250000000000000305e-02 5.500000000000000028e-02 2.508749999999999591e-01 1.287500000000000033e-01 1.147499999999999909e-01 3.950000000000000039e-02 1.024999999999999939e-01 9.800000000000000377e-02 1.527499999999999969e-01 1.115000000000000019e-01 7.324999999999999567e-02 6.199999999999999956e-02 1.622500000000000053e-01 2.174999999999999850e-02 4.899999999999999495e-02 1.159999999999999920e-01 5.349999999999999895e-02 8.799999999999999489e-02 1.000000000000000021e-02 1.620000000000000051e-01 1.126250000000000029e-01 7.624999999999999833e-02 9.324999999999999956e-02 1.027500000000000080e-01 1.375000000000000111e-01 5.000000000000000278e-02 8.824999999999999512e-02 5.949999999999999734e-02 3.400000000000000244e-02 9.187499999999999833e-02 9.550000000000000155e-02 2.800000000000000058e-02
1.357500000000000095e-01 5.474999999999999312e-02 5.150000000000000411e-02 3.899999999999999994e-02 8.924999999999999600e-02 1.375000000000000111e-01 9.650000000000000244e-02 9.974999999999999145e-02 1.700000000000000122e-01 1.842499999999999971e-01 1.507499999999999951e-01 9.274999999999999911e-02 1.089999999999999997e-01 7.174999999999999434e-02 1.677500000000000102e-01 1.700000000000000122e-02 1.095000000000000140e-01 1.152499999999999913e-01 7.024999999999999301e-02 0.000000000000000000e+00 4.712500000000000022e-02 5.249999999999999806e-02 2.649999999999999925e-02 4.449999999999999789e-02 8.174999999999998934e-02 1.129999999999999893e-01 9.349999999999999978e-02 2.475000000000000117e-02 9.074999999999999734e-02 1.940000000000000058e-01 9.299999999999999933e-02 4.824999999999999428e-02 6.825000000000000511e-02 4.887500000000000178e-02 2.599999999999999881e-02 2.150000000000000175e-02 9.274999999999999911e-02 8.550000000000000655e-02 1.030000000000000082e-01 1.105000000000000149e-01 1.467499999999999916e-01 5.974999999999999756e-02 3.099999999999999978e-02 2.425000000000000072e-02 1.622500000000000053e-01 5.700000000000000205e-02 7.325000000000000955e-02 7.349999999999999589e-02 4.775000000000000078e-02 7.574999999999999789e-02 4.150000000000000216e-02 6.275000000000000022e-02 1.162500000000000061e-01 2.260000000000000064e-01 5.799999999999999600e-02 1.094999999999999862e-01 9.675000000000000266e-02 1.172499999999999931e-01 4.424999999999999767e-02 1.452499999999999902e-01 1.154999999999999916e-01 7.250000000000000888e-02 2.299999999999999961e-02 1.292500000000000038e-01 1.232499999999999984e-01 1.600000000000000033e-02
8.524999999999999245e-02 1.537499999999999978e-01 3.225000000000000089e-02 1.030000000000000082e-01 8.500000000000000611e-03 5.424999999999999961e-02 7.200000000000000844e-02 1.134999999999999898e-01 1.107500000000000012e-01 1.330000000000000071e-01 1.295000000000000040e-01 1.367499999999999827e-01 1.750000000000000167e-02 1.010000000000000064e-01 1.152499999999999913e-01 6.900000000000000577e-02 1.457499999999999907e-01 8.899999999999999578e-02 1.307500000000000051e-01 4.712500000000000022e-02 0.000000000000000000e+00 1.724999999999999867e-01 6.050000000000000516e-02 1.244999999999999996e-01 2.199999999999999872e-02 1.152499999999999913e-01 5.575000000000000094e-02 1.152499999999999913e-01 1.100000000000000006e-01 2.049999999999999878e-01 7.324999999999999567e-02 9.975000000000000533e-02 1.247499999999999998e-01 6.037499999999999811e-02 8.350000000000000477e-02 1.165000000000000063e-01 1.702500000000000124e-01 7.837500000000000022e-02 1.978749999999999953e-01 3.849999999999999950e-02 8.275000000000000411e-02 1.087499999999999994e-01 1.197499999999999953e-01 4.249999999999999611e-02 1.244999999999999996e-01 3.250000000000000111e-02 5.025000000000000300e-02 7.574999999999999789e-02 4.024999999999999412e-02 9.124999999999999778e-02 1.355000000000000093e-01 1.027500000000000080e-01 9.274999999999999911e-02 1.000000000000000056e-01 9.299999999999999933e-02 5.099999999999999672e-02 1.627500000000000058e-01 1.255000000000000004e-01 5.425000000000000655e-02 1.077500000000000124e-01 3.074999999999999956e-02 1.532499999999999973e-01 7.499999999999999722e-02 5.849999999999999645e-02 5.799999999999999600e-02 5.749999999999999903e-03
1.164999999999999925e-01 5.724999999999999534e-02 1.307500000000000051e-01 2.450000000000000094e-02 1.541250000000000120e-01 7.300000000000000933e-02 1.404999999999999860e-01 1.082500000000000129e-01 9.999999999999998473e-03 2.109999999999999931e-01 5.799999999999999600e-02 6.024999999999999800e-02 9.475000000000000089e-02 2.999999999999999889e-02 1.182499999999999940e-01 4.224999999999999589e-02 1.529999999999999971e-01 1.069999999999999979e-01 2.299999999999999961e-02 5.249999999999999806e-02 1.724999999999999867e-01 0.000000000000000000e+00 4.975000000000000255e-02 4.324999999999999678e-02 1.040000000000000091e-01 1.327500000000000069e-01 1.295000000000000040e-01 9.850000000000000422e-02 8.050000000000000211e-02 1.202499999999999958e-01 2.825000000000000080e-02 8.949999999999999623e-02 9.224999999999999867e-02 1.532499999999999973e-01 1.150000000000000050e-01 7.599999999999999811e-02 1.272500000000000020e-01 7.774999999999999967e-02 1.462499999999999911e-01 4.349999999999999700e-02 7.649999999999999856e-02 6.750000000000000444e-02 1.332500000000000073e-01 6.550000000000000266e-02 5.550000000000000072e-02 1.607500000000000040e-01 8.125000000000000278e-02 2.425000000000000072e-02 4.474999999999999811e-02 1.042499999999999954e-01 4.199999999999999567e-02 1.157499999999999918e-01 1.270000000000000018e-01 2.475000000000000117e-02 1.137500000000000039e-01 7.774999999999999967e-02 7.950000000000000122e-02 6.950000000000000622e-02 3.524999999999999661e-02 1.449999999999999900e-02 9.249999999999999889e-02 1.357500000000000095e-01 7.774999999999999967e-02 1.282500000000000029e-01 1.622500000000000053e-01 4.349999999999999700e-02
1.059999999999999970e-01 1.300000000000000044e-01 6.275000000000000022e-02 7.025000000000000688e-02 1.209999999999999964e-01 6.850000000000000533e-02 2.900000000000000147e-02 6.350000000000000089e-02 5.625000000000000139e-02 2.824999999999999734e-02 1.397499999999999853e-01 6.500000000000000569e-03 2.400000000000000050e-02 8.125000000000000278e-02 9.750000000000000333e-02 1.142500000000000043e-01 6.575000000000000289e-02 1.032500000000000084e-01 5.824999999999999623e-02 2.649999999999999925e-02 6.050000000000000516e-02 4.975000000000000255e-02 0.000000000000000000e+00 8.324999999999999067e-02 1.179999999999999938e-01 6.875000000000000555e-02 4.800000000000000100e-02 2.925000000000000169e-02 1.784999999999999920e-01 6.099999999999999867e-02 1.270000000000000018e-01 3.887499999999999983e-02 1.130000000000000032e-01 1.625000000000000056e-01 4.250000000000000305e-02 2.299999999999999961e-02 6.049999999999999822e-02 3.624999999999999750e-02 2.075000000000000108e-02 1.529999999999999971e-01 1.312499999999999778e-01 1.317500000000000060e-01 4.624999999999999944e-02 5.875000000000000361e-02 9.249999999999999889e-02 9.124999999999999778e-02 6.174999999999999933e-02 7.174999999999999434e-02 5.612500000000000128e-02 4.349999999999999700e-02 8.649999999999999356e-02 3.575000000000000400e-02 2.649999999999999925e-02 8.674999999999999378e-02 1.482499999999999929e-01 5.600000000000000117e-02 1.759999999999999898e-01 7.275000000000000910e-02 6.500000000000000222e-02 1.854999999999999982e-01 1.400000000000000133e-01 9.500000000000000111e-02 1.630000000000000060e-01 2.699999999999999969e-02 1.422499999999999876e-01 1.430000000000000160e-01
2.274999999999999939e-02 1.414999999999999869e-01 5.062500000000000333e-02 1.387499999999999845e-01 7.674999999999999878e-02 1.052499999999999963e-01 5.349999999999999895e-02 2.278749999999999942e-01 5.124999999999999695e-02 1.677500000000000102e-01 9.875000000000000097e-03 1.129999999999999893e-01 4.324999999999999678e-02 1.182499999999999940e-01 8.274999999999999023e-02 9.249999999999999889e-02 6.800000000000000488e-02 3.437500000000000278e-02 4.487499999999999822e-02 4.449999999999999789e-02 1.244999999999999996e-01 4.324999999999999678e-02 8.324999999999999067e-02 0.000000000000000000e+00 9.274999999999999911e-02 6.950000000000000622e-02 5.424999999999999961e-02 7.075000000000000733e-02 8.899999999999999578e-02 1.697500000000000120e-01 9.349999999999999978e-02 1.199999999999999956e-01 1.268750000000000155e-01 5.550000000000000072e-02 4.875000000000000167e-02 9.174999999999999822e-02 6.575000000000000289e-02 1.717500000000000138e-01 1.000000000000000056e-01 6.475000000000000200e-02 1.477500000000000202e-01 6.500000000000000222e-02 7.600000000000001199e-02 8.999999999999999667e-02 1.277500000000000024e-01 1.032500000000000084e-01 4.925000000000000211e-02 9.775000000000000355e-02 2.450000000000000094e-02 5.699999999999999512e-02 5.399999999999999939e-02 2.059999999999999887e-01 1.032499999999999946e-01 2.637500000000000261e-02 7.150000000000000799e-02 1.377499999999999836e-01 4.899999999999999495e-02 8.137500000000000289e-02 4.949999999999999539e-02 5.625000000000000139e-02 8.200000000000000344e-02 1.424999999999999878e-01 6.000000000000000472e-02 6.550000000000000266e-02 1.321249999999999925e-01 3.300000000000000155e-02
