0.000000000000000000e+00 0.000000000000000000e+00 2.072297598521619490e-04 0.000000000000000000e+00 0.000000000000000000e+00 1.031597633231845740e-04 1.251064972850777449e-04 1.532441318276592801e-01 1.716194141010900969e-03 3.605534865168166358e-04 9.983235527089753380e-04 3.671476204076712033e-03 0.000000000000000000e+00 1.129700545411736854e-04 2.259414238636446304e-01 0.000000000000000000e+00 1.042722705747091161e-04 2.683266353654323397e-03 2.008277863047525525e-03 6.723083595008523712e-03 0.000000000000000000e+00 7.850761399962944212e-03 0.000000000000000000e+00 5.851889280041943503e-03 4.173924933674340288e-04 4.045480914634689228e-05 1.961148010392031217e-03 3.481136327043149849e-04 2.509007263256434177e-03 2.402002270323889410e-01 1.037597081428248968e-01 2.806552384527815432e-04 2.029718911895089187e-03 0.000000000000000000e+00 0.000000000000000000e+00 0.000000000000000000e+00 0.000000000000000000e+00 0.000000000000000000e+00 0.000000000000000000e+00 0.000000000000000000e+00 6.503110570275262982e-05 0.000000000000000000e+00 1.707192945975838795e-04 0.000000000000000000e+00 0.000000000000000000e+00 0.000000000000000000e+00 0.000000000000000000e+00 0.000000000000000000e+00 0.000000000000000000e+00 0.000000000000000000e+00 0.000000000000000000e+00 0.000000000000000000e+00 0.000000000000000000e+00 0.000000000000000000e+00 7.008795684604598119e-05 0.000000000000000000e+00 0.000000000000000000e+00 3.238407472165068658e-04 0.000000000000000000e+00 0.000000000000000000e+00 6.644702402287476332e-05 9.757699966098869844e-04 8.111189233842551211e-05 0.000000000000000000e+00 0.000000000000000000e+00 0.000000000000000000e+00
0.000000000000000000e+00 0.000000000000000000e+00 1.019966875602270999e-03 3.843206868902954631e-04 6.543565379421609847e-05 6.872260703735678499e-04 5.643445875915391080e-05 4.534984105305486161e-04 1.327929110228836629e-04 1.429834774468484448e-02 7.008795684604598119e-05 2.105773953090221348e-03 5.911458986509939570e-04 2.179098294667975323e-03 2.430322659466789450e-04 2.785445087855709101e-02 0.000000000000000000e+00 1.921198886360013861e-03 1.267246896509316466e-04 1.100471945803501274e-03 1.585828518536798199e-04 2.641901311302183569e-03 1.532902503100861125e-01 9.610039912714703854e-04 5.494319335699669737e-02 9.254442140318314136e-02 1.141715623728201991e-02 4.306314307975989131e-01 4.450838102281085007e-03 2.898587075335754448e-04 1.401759136920919624e-04 4.152686158872508082e-04 0.000000000000000000e+00 0.000000000000000000e+00 1.329103311064309401e-01 1.362012286934633941e-03 6.260381715397181791e-05 0.000000000000000000e+00 4.754451444924418413e-04 4.389346792378637582e-05 2.278617125167988638e-04 4.035367212348102173e-05 2.531661956378388530e-03 5.734469196494671866e-05 2.986576285229058914e-04 1.005302007286720209e-04 4.826764416273512937e-03 1.028563522545869691e-04 6.732590475157915720e-03 0.000000000000000000e+00 1.038474950786724693e-03 0.000000000000000000e+00 3.907934563537109615e-04 0.000000000000000000e+00 3.276839540854097977e-04 1.959762433178768859e-02 9.615096763857997313e-04 8.904710315248145006e-03 4.632500422752755531e-02 7.785629157237325230e-03 3.040588512290575696e-01 9.578687435626285270e-04 1.887216846677082548e-04 8.080848126982790724e-05 5.582763662195870782e-05 0.000000000000000000e+00
2.072297598521619490e-04 1.019966875602270999e-03 0.000000000000000000e+00 0.000000000000000000e+00 0.000000000000000000e+00 1.827546003186220752e-04 6.402984917638054321e-04 2.407566829321969304e-02 2.239578234341763757e-03 0.000000000000000000e+00 4.451040376326816789e-03 5.096294582211049898e-04 0.000000000000000000e+00 1.568635224649600544e-04 4.389549066424369012e-03 3.496306880473030228e-04 4.632075647256718773e-05 2.836486920555654767e-01 4.148640677957873531e-04 3.397809533903961565e-02 0.000000000000000000e+00 7.766413122892810300e-03 9.476539042531759605e-05 3.667395325204074186e-01 1.529191785731912588e-04 9.749609004269599929e-05 3.751224769346905852e-01 4.718619609093270273e-01 9.416767062018030834e-03 1.441202575838608068e-03 2.583140701017114845e-03 8.151644042988898076e-05 0.000000000000000000e+00 5.936743242226406192e-05 1.132330108006249529e-03 4.236326476782580758e-03 0.000000000000000000e+00 0.000000000000000000e+00 5.319807402744616159e-05 0.000000000000000000e+00 2.669006033430235819e-04 0.000000000000000000e+00 0.000000000000000000e+00 0.000000000000000000e+00 0.000000000000000000e+00 0.000000000000000000e+00 7.160501218903399202e-05 2.151184476356995945e-04 4.683655528918311060e-04 0.000000000000000000e+00 2.517907321268630406e-03 0.000000000000000000e+00 6.153176471159362395e-04 0.000000000000000000e+00 4.208311521448735056e-04 3.428545075152899060e-04 3.915924388343513043e-03 3.549909502591939384e-04 7.049250493750944984e-05 1.433829686871686271e-02 6.034927064024590143e-02 5.673786982775151297e-04 7.919028890397403263e-05 1.566612484192283269e-04 0.000000000000000000e+00 0.000000000000000000e+00
0.000000000000000000e+00 3.843206868902954631e-04 0.000000000000000000e+00 0.000000000000000000e+00 1.278270832001695808e-03 4.834349692988453099e-05 1.065650468830783154e-02 6.284654600884989097e-04 2.058745237457593365e-03 2.195512833479105336e-02 7.731278121149208482e-02 2.298844529741161935e-04 1.296898248873131210e-01 0.000000000000000000e+00 2.173839169478950298e-03 0.000000000000000000e+00 2.407769103367700825e-03 0.000000000000000000e+00 6.159244692531313950e-05 6.563792783994782602e-05 2.085966267161941390e-01 0.000000000000000000e+00 8.601703794742007053e-04 0.000000000000000000e+00 2.097869083383025191e-01 3.654080636143782596e-04 2.726654136463780610e-04 4.689723750290263429e-04 1.529951324773635157e-01 9.688926790550080308e-04 0.000000000000000000e+00 6.327132150488653508e-04 0.000000000000000000e+00 0.000000000000000000e+00 4.708939784634777817e-04 0.000000000000000000e+00 8.772908547049347583e-02 0.000000000000000000e+00 0.000000000000000000e+00 5.907413505595305019e-04 1.642161840273086192e-03 2.249287388536887059e-04 1.147227591474391656e-02 1.935651366927546371e-02 1.932728506966722602e-04 3.940976028907388490e-02 1.263201415594681644e-04 2.120843369497235728e-04 0.000000000000000000e+00 6.523337974848435737e-05 0.000000000000000000e+00 0.000000000000000000e+00 0.000000000000000000e+00 1.307934320808254794e-02 0.000000000000000000e+00 5.623218471342217783e-04 0.000000000000000000e+00 5.924434866543629857e-02 4.717030746464047461e-04 1.045756816433067075e-04 4.819179139558573397e-04 1.802383111897193010e-02 4.409574196951811286e-04 0.000000000000000000e+00 5.137760761586055266e-05 0.000000000000000000e+00
0.000000000000000000e+00 6.543565379421609847e-05 0.000000000000000000e+00 1.278270832001695808e-03 0.000000000000000000e+00 1.980262907713680202e-04 5.463745613687318037e-02 4.034153568073711726e-03 5.433485416445850945e-03 1.100593310230940300e-02 4.712479580435083130e-03 2.104529967708971411e-02 6.022608574639527410e-03 1.921603434451477316e-04 3.209077735533966808e-04 0.000000000000000000e+00 9.226113660213584866e-02 0.000000000000000000e+00 2.120843369497235728e-04 2.584050934222907538e-04 9.657574313461661725e-04 0.000000000000000000e+00 1.214655644619065406e-04 5.724355494208084811e-05 6.346449321856034546e-03 9.071990951068289598e-05 6.722577909894194691e-04 2.227037243506396215e-04 2.009997192436245236e-03 9.004229145748159514e-04 1.233871678963580066e-04 3.137371586322067196e-02 0.000000000000000000e+00 0.000000000000000000e+00 0.000000000000000000e+00 0.000000000000000000e+00 7.817891867531536778e-05 0.000000000000000000e+00 0.000000000000000000e+00 0.000000000000000000e+00 4.682644158689652693e-05 0.000000000000000000e+00 8.232553661281591807e-05 1.561555633048990080e-04 0.000000000000000000e+00 8.839375798476796140e-05 6.219926906250834925e-05 0.000000000000000000e+00 0.000000000000000000e+00 0.000000000000000000e+00 0.000000000000000000e+00 0.000000000000000000e+00 0.000000000000000000e+00 4.470256410671331312e-05 0.000000000000000000e+00 0.000000000000000000e+00 0.000000000000000000e+00 3.211100475991284626e-04 0.000000000000000000e+00 0.000000000000000000e+00 5.987311753659339434e-05 2.855098155503431670e-04 0.000000000000000000e+00 0.000000000000000000e+00 0.000000000000000000e+00 0.000000000000000000e+00
1.031597633231845740e-04 6.872260703735678499e-04 1.827546003186220752e-04 4.834349692988453099e-05 1.980262907713680202e-04 0.000000000000000000e+00 2.024763197774661890e-04 1.527877004434656169e-03 6.344325444375850621e-04 7.251524539482680665e-05 5.582763662195871189e-04 1.079868311505266798e-01 2.527414201418022198e-04 1.701948991340243578e-01 2.377023448416477371e-03 0.000000000000000000e+00 0.000000000000000000e+00 1.898341919192327834e-04 4.534984105305486161e-04 2.611357930396691570e-04 1.118575472896491568e-04 9.254037592226851440e-04 4.975941525000667805e-05 6.398939436723419770e-04 8.900058012196315760e-05 2.378237092690867627e-03 6.551636113846305565e-02 2.259684274487498354e-02 1.252683165216631487e-03 5.254270611927533939e-03 4.399460494665224366e-04 2.394317879326540808e-03 0.000000000000000000e+00 0.000000000000000000e+00 2.218946281677126842e-04 5.309693700458029104e-05 0.000000000000000000e+00 0.000000000000000000e+00 4.641279116337512431e-03 0.000000000000000000e+00 1.098348068323318135e-04 0.000000000000000000e+00 4.257868662653009932e-05 6.806521638872863793e-05 5.772901265183701591e-04 0.000000000000000000e+00 1.458982464458427435e-02 0.000000000000000000e+00 7.291979348629027530e-05 0.000000000000000000e+00 0.000000000000000000e+00 0.000000000000000000e+00 0.000000000000000000e+00 0.000000000000000000e+00 0.000000000000000000e+00 1.047779556890384486e-04 1.738545423064257649e-04 1.270281007195292380e-04 2.475834319756429775e-03 8.606962919931033379e-03 2.108069763509276551e-02 1.654601694085587734e-04 6.078335074238620220e-05 0.000000000000000000e+00 0.000000000000000000e+00 0.000000000000000000e+00
1.251064972850777449e-04 5.643445875915391080e-05 6.402984917638054321e-04 1.065650468830783154e-02 5.463745613687318037e-02 2.024763197774661890e-04 0.000000000000000000e+00 6.854501042520431964e-02 3.956650244711140685e-01 9.536614434114083771e-03 2.448648688010084673e-01 1.307196020541333877e-03 2.756557320014531576e-01 2.790370460869276686e-04 1.119394682781705078e-02 0.000000000000000000e+00 1.434985683043042970e-01 1.718318018491084081e-04 4.150663418415190807e-04 1.063354658411727995e-03 1.438259488473211251e-02 7.246467688339386934e-04 9.850746027135467769e-05 1.995736872212158092e-03 2.294495637757929928e-03 9.456311637958585495e-05 2.218339459539931877e-03 6.627509108400278948e-04 2.599191146545927825e-02 1.652477816605404676e-03 9.389561202867112693e-04 2.276594384710671146e-03 4.955714120427494372e-05 0.000000000000000000e+00 0.000000000000000000e+00 0.000000000000000000e+00 1.641251607067293391e-03 0.000000000000000000e+00 0.000000000000000000e+00 6.681111730519189188e-04 8.498544031418823292e-04 1.233871678963580066e-04 1.306285787335541076e-03 3.727404977721536679e-03 1.136780137012347589e-04 1.830984661963660229e-03 1.316804037713591342e-04 1.230837568277604152e-04 0.000000000000000000e+00 5.491740341616590675e-05 0.000000000000000000e+00 0.000000000000000000e+00 0.000000000000000000e+00 7.133194222729615170e-04 0.000000000000000000e+00 0.000000000000000000e+00 0.000000000000000000e+00 4.406438949242969319e-03 0.000000000000000000e+00 7.848232974391297265e-05 1.768886529924017866e-04 4.474605302654563292e-03 3.223236918735188279e-04 0.000000000000000000e+00 0.000000000000000000e+00 0.000000000000000000e+00
1.532441318276592801e-01 4.534984105305486161e-04 2.407566829321969304e-02 6.284654600884989097e-04 4.034153568073711726e-03 1.527877004434656169e-03 6.854501042520431964e-02 0.000000000000000000e+00 1.339378832587481416e-01 1.186610348178360370e-02 2.637354190754134242e-01 3.206023397443417966e-02 2.351840329722876613e-03 7.177795649813463290e-03 4.037109803252081353e-01 3.467988514070587287e-04 1.380844000592258355e-02 2.799584043652357176e-02 1.154772413380185381e-02 2.317423400841621753e-02 6.144074139101434384e-04 8.958323051069341791e-02 1.088234366036731351e-04 1.747647755122185564e-01 3.397698283178809606e-03 1.242063777815715329e-03 2.735796923330854891e-02 1.376899656700489652e-02 6.122138530212055674e-01 1.510224548463647842e-01 5.135866465147777005e-01 1.184678631041622375e-02 6.244907750898703522e-03 7.234331245595482197e-04 2.139048033613091750e-04 1.417941060579458370e-04 1.401657999898053841e-03 1.943853579481968159e-04 3.181770739360182776e-04 1.769493352061212886e-03 5.571638589680625794e-03 2.183750597719805002e-03 8.381225084894416977e-03 4.990302982247620325e-03 1.644487991799001032e-03 7.929142592683990996e-04 1.305577828175480057e-03 2.173940306501816189e-03 1.501884789558128284e-04 2.679119735716822739e-04 9.476539042531759605e-05 8.313463279574285537e-05 8.657329157318234569e-05 1.213037452253211586e-03 6.818658081616768259e-04 8.374145493293806513e-05 9.100309317470733081e-04 1.613196196924301939e-02 3.492261399558395135e-04 1.151647279373630133e-03 1.549419190305085939e-03 3.129078350447066226e-02 5.118443590218674580e-03 1.162064392728814481e-04 4.081890242866401271e-04 2.221980392363103027e-04
1.716194141010900969e-03 1.327929110228836629e-04 2.239578234341763757e-03 2.058745237457593365e-03 5.433485416445850945e-03 6.344325444375850621e-04 3.956650244711140685e-01 1.339378832587481416e-01 0.000000000000000000e+00 3.478810175517235009e-03 1.965540391295096112e-01 4.110107472245978430e-03 1.232455760643457951e-02 7.308161272287565192e-04 3.324929183856589199e-01 0.000000000000000000e+00 7.956247314812042379e-03 3.020558324911990552e-03 1.951438856196908078e-03 4.877130653660715319e-03 3.990664648241389056e-03 9.382380474243636609e-03 5.532195150762937540e-05 1.615815645816527646e-02 1.752401195196881447e-03 5.562536257622697350e-04 4.301964404622528326e-03 1.303150539626699109e-03 1.533479995501425310e-02 9.825765182487598143e-03 1.975499353936698010e-02 9.275074092982950671e-03 2.838916231844892924e-04 4.834349692988453099e-05 0.000000000000000000e+00 0.000000000000000000e+00 1.047981830936116267e-03 0.000000000000000000e+00 5.400717021037309889e-05 4.904134238765901679e-04 1.766661515420968592e-03 2.110729667210649080e-04 2.794112530715313781e-03 3.680983084226103607e-03 1.963069613826482819e-04 9.712188305809229790e-04 4.296300731342039521e-04 2.143093514527726572e-04 0.000000000000000000e+00 6.068221371952033842e-05 0.000000000000000000e+00 0.000000000000000000e+00 0.000000000000000000e+00 7.036102680778382693e-04 5.764810303354431676e-05 0.000000000000000000e+00 0.000000000000000000e+00 5.121477700904650439e-03 1.044745446204408437e-04 1.455361759039829322e-04 3.460908922469976552e-04 7.333040979912569361e-03 5.155965425701911423e-04 0.000000000000000000e+00 5.319807402744616159e-05 0.000000000000000000e+00
3.605534865168166358e-04 1.429834774468484448e-02 0.000000000000000000e+00 2.195512833479105336e-02 1.100593310230940300e-02 7.251524539482680665e-05 9.536614434114083771e-03 1.186610348178360370e-02 3.478810175517235009e-03 0.000000000000000000e+00 7.865426268278494920e-03 1.543047557864536332e-03 8.557577711665630138e-02 3.611603086540118726e-04 2.164130015283826942e-03 9.936712496571454417e-04 1.733296411577519083e-02 0.000000000000000000e+00 3.902877712393816156e-04 3.965582666570653864e-04 1.929522463341874772e-02 7.521560390534545075e-04 5.928096026771374760e-02 1.945876319939285435e-04 2.568751936773988054e-01 1.015092071100136099e-02 9.472493561617124783e-04 9.108501416322868291e-03 9.186558970570744831e-02 6.107057988732526345e-03 2.985564915000400547e-04 9.498789187562249907e-04 1.747647755122185660e-04 1.058904629405629908e-04 1.832602854329514050e-03 0.000000000000000000e+00 5.379781657304075031e-03 4.854577097561626532e-05 9.618130874543972956e-05 4.011094326860293918e-04 1.001266640074372112e-02 2.760029354009516469e-04 9.946138467102554059e-02 1.175940392266011485e-02 3.849275090274906458e-04 2.376315489256416134e-03 5.000214410488475246e-04 6.556713192394172680e-04 2.319375345382933013e-03 1.036654484375139064e-04 0.000000000000000000e+00 5.461399234756830187e-05 0.000000000000000000e+00 1.382644239599270910e-03 6.613349925199057478e-04 2.640839372562091975e-02 1.577737556707528826e-04 8.405022626374755723e-02 1.115440225187649655e-03 2.872291449390629325e-04 1.910276087890500248e-03 5.080770049201138727e-02 1.486714236128248122e-03 5.461399234756830187e-05 1.085200255350755302e-04 5.825492517073951974e-05
9.983235527089753380e-04 7.008795684604598119e-05 4.451040376326816789e-03 7.731278121149208482e-02 4.712479580435083130e-03 5.582763662195871189e-04 2.448648688010084673e-01 2.637354190754134242e-01 1.965540391295096112e-01 7.865426268278494920e-03 0.000000000000000000e+00 5.317076703127237430e-03 1.378544144692288587e-01 6.384780253522198299e-04 1.017033901939160823e-01 0.000000000000000000e+00 6.862854960609151948e-03 1.556498781905696620e-04 1.247221765981874680e-03 8.017131802577295461e-04 1.500635747325734792e-01 1.351898584648047238e-03 4.915259311281147507e-05 8.084691333851694306e-03 1.830782387917928447e-03 3.854331941418199917e-04 5.084057002444279487e-03 9.075025061754265782e-04 2.210044200924473345e-01 1.517581255506910906e-02 2.364280183535378155e-03 7.593468813792176794e-03 5.572649959909284405e-05 8.050507020123031591e-05 5.754696601067845298e-05 0.000000000000000000e+00 1.265992797425779560e-02 4.986055227287254182e-05 6.948113470885078499e-05 1.192708910657172289e-03 2.811406961625377218e-03 3.874559345991373215e-04 8.475383653182538835e-03 4.902839684873218362e-02 3.277850911082756885e-04 7.630383827138218292e-03 3.355726418689474432e-04 3.591375681966945429e-04 0.000000000000000000e+00 8.252781065854765917e-05 0.000000000000000000e+00 0.000000000000000000e+00 0.000000000000000000e+00 1.157766069257015057e-02 0.000000000000000000e+00 4.652303051829892206e-05 5.380489616464136457e-05 1.251408838728521565e-02 1.176223575930035817e-04 2.091513632866134149e-04 2.357504003003365093e-04 3.106787750607429080e-02 7.451775844757097715e-04 0.000000000000000000e+00 6.958227173171664876e-05 0.000000000000000000e+00
3.671476204076712033e-03 2.105773953090221348e-03 5.096294582211049898e-04 2.298844529741161935e-04 2.104529967708971411e-02 1.079868311505266798e-01 1.307196020541333877e-03 3.206023397443417966e-02 4.110107472245978430e-03 1.543047557864536332e-03 5.317076703127237430e-03 0.000000000000000000e+00 8.519782806220654956e-04 1.419925368968086854e-01 1.903479679953913942e-02 5.855833623933712461e-05 1.057589848108373516e-03 4.388537696195710970e-03 1.851481091017656844e-01 7.015035838915423261e-02 3.797695208613314577e-04 7.360044565017755287e-03 5.004259891403109797e-04 4.807244970860401201e-03 1.241659229724251983e-03 2.203573454201515278e-02 1.534129295188224051e-01 1.184789881766774855e-02 1.129033041060822223e-02 1.008888326117543810e-01 1.543077898971396099e-02 5.033235648454181116e-02 2.070780543178631344e-03 4.480370112957918368e-05 2.727665506692438977e-04 0.000000000000000000e+00 8.131416638415725321e-05 0.000000000000000000e+00 1.914422705828000689e-03 8.323576981860873270e-05 6.444451097013059824e-04 6.806521638872863793e-05 6.954181692257030596e-04 2.993655876829669649e-04 1.452428785376719137e-03 6.523337974848435737e-05 1.133149317891462941e-02 8.809034691617035652e-05 0.000000000000000000e+00 0.000000000000000000e+00 0.000000000000000000e+00 0.000000000000000000e+00 0.000000000000000000e+00 5.481626639330003620e-05 9.830518622562295014e-05 7.494253394360761856e-05 7.221183432622920177e-05 9.896257687425108907e-04 2.850546989474467881e-03 1.234579638123641139e-03 6.386701856956649576e-03 2.243016893119203180e-03 2.939041884482101585e-04 0.000000000000000000e+00 5.299579998171442726e-05 0.000000000000000000e+00
0.000000000000000000e+00 5.911458986509939570e-04 0.000000000000000000e+00 1.296898248873131210e-01 6.022608574639527410e-03 2.527414201418022198e-04 2.756557320014531576e-01 2.351840329722876613e-03 1.232455760643457951e-02 8.557577711665630138e-02 1.378544144692288587e-01 8.519782806220654956e-04 0.000000000000000000e+00 1.211621533933089357e-04 1.184617948827902841e-02 0.000000000000000000e+00 5.349288844910016216e-02 0.000000000000000000e+00 1.781022972667921790e-04 1.327929110228836629e-04 3.090020243586497073e-01 4.399460494665224637e-05 2.524278953709180231e-03 5.501854043903177052e-05 6.432193289841715844e-02 4.353948834375584312e-04 8.129393897958407233e-04 5.241931895137898071e-04 5.317157612745530143e-02 4.058527590584386224e-03 5.269238891311682239e-05 2.573836094913455053e-03 0.000000000000000000e+00 0.000000000000000000e+00 1.526157675045936404e-04 0.000000000000000000e+00 3.520579765960837881e-02 5.157988166159228698e-05 7.463912287501001368e-05 1.659051723091686066e-03 2.031842789375272625e-04 3.008826430259550029e-04 4.415945829392360460e-03 3.987762015685138856e-02 3.478102216357173665e-04 1.568929533386140274e-01 2.013638125259416332e-04 2.108706926753331533e-04 0.000000000000000000e+00 1.824511892500244839e-04 0.000000000000000000e+00 0.000000000000000000e+00 0.000000000000000000e+00 1.289871248524410846e-02 0.000000000000000000e+00 5.149897204329959054e-04 0.000000000000000000e+00 2.170805058792974265e-02 1.804284487927071271e-04 1.131723285869054265e-04 2.084434041265523414e-04 6.767381611023773509e-03 7.515492169162593791e-04 0.000000000000000000e+00 7.706641142379082559e-05 0.000000000000000000e+00
1.129700545411736854e-04 2.179098294667975323e-03 1.568635224649600544e-04 0.000000000000000000e+00 1.921603434451477316e-04 1.701948991340243578e-01 2.790370460869276686e-04 7.177795649813463290e-03 7.308161272287565192e-04 3.611603086540118726e-04 6.384780253522198299e-04 1.419925368968086854e-01 1.211621533933089357e-04 0.000000000000000000e+00 1.372328263266952425e-03 6.351405035976461898e-05 6.391859845122808764e-05 2.138036663384433112e-04 1.369395289603842132e-04 1.101382179009294048e-04 4.814122288415279666e-05 1.251772932010838685e-03 5.550399814878793697e-04 8.931410489284734343e-04 5.729412345351378270e-04 1.810501380722636111e-01 8.540515895908158683e-03 2.102281691690663090e-01 2.798967107812875676e-03 4.732605847985391079e-03 7.220172062394260726e-04 3.341769509533984960e-03 6.068221371952033842e-05 0.000000000000000000e+00 7.592356306540652428e-04 6.037880265092273355e-05 0.000000000000000000e+00 0.000000000000000000e+00 1.959216293255293395e-02 4.348891983232290717e-05 5.176192830275084178e-04 0.000000000000000000e+00 1.220723865991017504e-04 1.127677804954419578e-04 8.169444159013291781e-03 0.000000000000000000e+00 1.939429846101815014e-01 5.865947326220298839e-05 8.556192134452366728e-05 0.000000000000000000e+00 4.369119387805464150e-05 0.000000000000000000e+00 0.000000000000000000e+00 0.000000000000000000e+00 0.000000000000000000e+00 1.799227636783777811e-04 1.263201415594681644e-04 2.886450632591850795e-04 5.646844079883684558e-02 1.244319133425624176e-02 6.535302484653468524e-02 2.912746258536975919e-04 2.676085625030846554e-04 0.000000000000000000e+00 1.078120663750144567e-04 0.000000000000000000e+00
2.259414238636446304e-01 2.430322659466789450e-04 4.389549066424369012e-03 2.173839169478950298e-03 3.209077735533966808e-04 2.377023448416477371e-03 1.119394682781705078e-02 4.037109803252081353e-01 3.324929183856589199e-01 2.164130015283826942e-03 1.017033901939160823e-01 1.903479679953913942e-02 1.184617948827902841e-02 1.372328263266952425e-03 0.000000000000000000e+00 0.000000000000000000e+00 7.733948138552867134e-04 1.182888505736896453e-02 7.084446177708267692e-03 1.968379307526941027e-02 4.984032486829936826e-03 2.241580747394508050e-02 4.743326372409172991e-05 4.408269529356841077e-02 1.771313818472798488e-03 6.546599490107585760e-04 1.324601702176549621e-02 2.571206532318942323e-03 1.956222637378463719e-02 3.671679489492672421e-01 1.317079130415786392e-01 1.480251580367119256e-02 4.359814781701804032e-03 4.965827822714080750e-05 1.017438450030624269e-04 0.000000000000000000e+00 6.965306764772275340e-04 0.000000000000000000e+00 9.082104653354877331e-05 2.817677457043060718e-04 1.108360633587039028e-03 1.494805197957517549e-04 1.551745341831000779e-03 2.343041408733545841e-03 2.033865529832589900e-04 5.871004177363592976e-04 1.079132033978803286e-03 1.698090613917910784e-04 0.000000000000000000e+00 4.318550876372530229e-05 0.000000000000000000e+00 0.000000000000000000e+00 0.000000000000000000e+00 4.318550876372530636e-04 8.090961829269378456e-05 0.000000000000000000e+00 5.066964845579947913e-05 3.701918447959338249e-03 1.679885949802054491e-04 2.578994083079614078e-04 7.234331245595482197e-04 6.016439216244709801e-03 4.284164288598135868e-04 0.000000000000000000e+00 4.055594616921275606e-05 0.000000000000000000e+00
0.000000000000000000e+00 2.785445087855709101e-02 3.496306880473030228e-04 0.000000000000000000e+00 0.000000000000000000e+00 0.000000000000000000e+00 0.000000000000000000e+00 3.467988514070587287e-04 0.000000000000000000e+00 9.936712496571454417e-04 0.000000000000000000e+00 5.855833623933712461e-05 0.000000000000000000e+00 6.351405035976461898e-05 0.000000000000000000e+00 0.000000000000000000e+00 0.000000000000000000e+00 8.465168813873086620e-05 6.068221371952033842e-05 2.381776888491173212e-04 0.000000000000000000e+00 6.637723947709732453e-02 2.081846956220614608e-01 1.161915721305201571e-01 9.070099688740698718e-02 2.050249727536860266e-03 1.117766376713564495e-03 6.779073050867068240e-02 3.064502361347209991e-02 2.750927021951588458e-04 0.000000000000000000e+00 0.000000000000000000e+00 0.000000000000000000e+00 0.000000000000000000e+00 8.743801311868550780e-03 2.450145515948499563e-03 0.000000000000000000e+00 0.000000000000000000e+00 0.000000000000000000e+00 0.000000000000000000e+00 2.465720617469842856e-04 0.000000000000000000e+00 4.185960239395378375e-03 0.000000000000000000e+00 0.000000000000000000e+00 0.000000000000000000e+00 1.017438450030624269e-04 0.000000000000000000e+00 9.499851126302341631e-02 0.000000000000000000e+00 8.556192134452366728e-05 0.000000000000000000e+00 6.007539158232513544e-05 0.000000000000000000e+00 1.172946736389181809e-02 6.764741934726974104e-02 4.993155046292438448e-02 1.107854948472709530e-02 6.354439146662437541e-04 3.186827590503476236e-04 1.013312059497696871e-01 8.518265750877667894e-03 2.468754728155819040e-04 4.288209769512770419e-05 0.000000000000000000e+00 0.000000000000000000e+00
1.042722705747091161e-04 0.000000000000000000e+00 4.632075647256718773e-05 2.407769103367700825e-03 9.226113660213584866e-02 0.000000000000000000e+00 1.434985683043042970e-01 1.380844000592258355e-02 7.956247314812042379e-03 1.733296411577519083e-02 6.862854960609151948e-03 1.057589848108373516e-03 5.349288844910016216e-02 6.391859845122808764e-05 7.733948138552867134e-04 0.000000000000000000e+00 0.000000000000000000e+00 0.000000000000000000e+00 5.360262211890963024e-05 8.596646943598713593e-05 1.997860749692341367e-03 1.088436640082463078e-03 6.108676181098380707e-05 3.187838960732135144e-04 6.781035109110666176e-03 0.000000000000000000e+00 1.811364079527682006e-04 1.670783617744126480e-04 5.618363894244656105e-03 7.318274974574152112e-04 6.554690451936854862e-04 2.254951061817375702e-03 5.046737441006774480e-05 0.000000000000000000e+00 0.000000000000000000e+00 0.000000000000000000e+00 1.399736396463602348e-04 0.000000000000000000e+00 0.000000000000000000e+00 8.303349577287699160e-05 7.888687783537644130e-05 0.000000000000000000e+00 1.362315698003231396e-04 3.028042464604064959e-04 0.000000000000000000e+00 8.143553081159628703e-04 0.000000000000000000e+00 0.000000000000000000e+00 0.000000000000000000e+00 0.000000000000000000e+00 0.000000000000000000e+00 0.000000000000000000e+00 0.000000000000000000e+00 8.697783966464581434e-05 0.000000000000000000e+00 0.000000000000000000e+00 0.000000000000000000e+00 4.349903353460949219e-04 0.000000000000000000e+00 0.000000000000000000e+00 0.000000000000000000e+00 4.330687319116434831e-04 0.000000000000000000e+00 0.000000000000000000e+00 0.000000000000000000e+00 0.000000000000000000e+00
2.683266353654323397e-03 1.921198886360013861e-03 2.836486920555654767e-01 0.000000000000000000e+00 0.000000000000000000e+00 1.898341919192327834e-04 1.718318018491084081e-04 2.799584043652357176e-02 3.020558324911990552e-03 0.000000000000000000e+00 1.556498781905696620e-04 4.388537696195710970e-03 0.000000000000000000e+00 2.138036663384433112e-04 1.182888505736896453e-02 8.465168813873086620e-05 0.000000000000000000e+00 0.000000000000000000e+00 3.398305105316004517e-03 2.096901202074198944e-01 0.000000000000000000e+00 1.878063946107721288e-02 4.308437174085943852e-05 3.195474805958508080e-01 9.527107553964692848e-05 6.422200951982569251e-05 1.177022558410676240e-01 6.478311772268552371e-02 3.469910117505038780e-03 1.381076615744849904e-02 2.617952064287546246e-02 9.001195035062183600e-05 6.568849635138076333e-04 0.000000000000000000e+00 1.162671214866009637e-03 1.016831627893429032e-03 0.000000000000000000e+00 0.000000000000000000e+00 5.491740341616590675e-05 0.000000000000000000e+00 4.500597517531091800e-05 0.000000000000000000e+00 0.000000000000000000e+00 0.000000000000000000e+00 0.000000000000000000e+00 0.000000000000000000e+00 5.906402135366645704e-05 0.000000000000000000e+00 4.207300151220076689e-05 0.000000000000000000e+00 5.580740921738553371e-04 0.000000000000000000e+00 1.477611904070320165e-04 0.000000000000000000e+00 5.329921105031202536e-05 4.621961944970132396e-05 2.307946861799090217e-04 8.111189233842551211e-05 4.156731639787142769e-05 3.473146502236746421e-03 8.767163964150566369e-03 1.567623854420941907e-04 0.000000000000000000e+00 0.000000000000000000e+00 0.000000000000000000e+00 0.000000000000000000e+00
2.008277863047525525e-03 1.267246896509316466e-04 4.148640677957873531e-04 6.159244692531313950e-05 2.120843369497235728e-04 4.534984105305486161e-04 4.150663418415190807e-04 1.154772413380185381e-02 1.951438856196908078e-03 3.902877712393816156e-04 1.247221765981874680e-03 1.851481091017656844e-01 1.781022972667921790e-04 1.369395289603842132e-04 7.084446177708267692e-03 6.068221371952033842e-05 5.360262211890963024e-05 3.398305105316004517e-03 0.000000000000000000e+00 1.093791845443210786e-01 1.081154774436120616e-04 5.728502112145585252e-03 0.000000000000000000e+00 3.379999304177282605e-03 3.167611556158961305e-04 8.647215455031648191e-05 9.679136726736664587e-02 1.393971586160247869e-03 5.720512287339181608e-03 3.895848689304638734e-02 1.019299371251356293e-02 6.401973547409395412e-04 7.442673512699168620e-04 0.000000000000000000e+00 0.000000000000000000e+00 0.000000000000000000e+00 0.000000000000000000e+00 0.000000000000000000e+00 0.000000000000000000e+00 0.000000000000000000e+00 7.848232974391297265e-05 0.000000000000000000e+00 2.178491472530779977e-04 4.814122288415279666e-05 0.000000000000000000e+00 0.000000000000000000e+00 8.515737325306019863e-05 0.000000000000000000e+00 0.000000000000000000e+00 0.000000000000000000e+00 0.000000000000000000e+00 0.000000000000000000e+00 0.000000000000000000e+00 0.000000000000000000e+00 4.106163128354209526e-05 0.000000000000000000e+00 0.000000000000000000e+00 2.614392041082667754e-04 8.748352477897514677e-05 1.386588583491039786e-04 4.159765750473118817e-04 7.131171482272298436e-04 6.826749043446037903e-05 0.000000000000000000e+00 0.000000000000000000e+00 0.000000000000000000e+00
6.723083595008523712e-03 1.100471945803501274e-03 3.397809533903961565e-02 6.563792783994782602e-05 2.584050934222907538e-04 2.611357930396691570e-04 1.063354658411727995e-03 2.317423400841621753e-02 4.877130653660715319e-03 3.965582666570653864e-04 8.017131802577295461e-04 7.015035838915423261e-02 1.327929110228836629e-04 1.101382179009294048e-04 1.968379307526941027e-02 2.381776888491173212e-04 8.596646943598713593e-05 2.096901202074198944e-01 1.093791845443210786e-01 0.000000000000000000e+00 1.113518621753198108e-04 2.572764042471076956e-02 5.795151410214192163e-05 2.933661394865637317e-02 5.212602158506797305e-04 7.575163012653455586e-05 1.644618458558498031e-01 1.863338395578451046e-02 1.159455057538875088e-02 1.935226591431509630e-02 3.668078000108419140e-02 3.325385311829714215e-04 1.290306137722734003e-03 0.000000000000000000e+00 4.947623158598224999e-04 1.836648335244148763e-04 0.000000000000000000e+00 0.000000000000000000e+00 0.000000000000000000e+00 0.000000000000000000e+00 6.310950226830115033e-05 0.000000000000000000e+00 1.556498781905696620e-04 0.000000000000000000e+00 0.000000000000000000e+00 0.000000000000000000e+00 4.207300151220076689e-05 0.000000000000000000e+00 0.000000000000000000e+00 0.000000000000000000e+00 1.632351549055096891e-04 0.000000000000000000e+00 7.605504119513214719e-05 0.000000000000000000e+00 8.090961829269378456e-05 4.419687899238398070e-05 1.291519781997124586e-04 2.344356190030802260e-04 1.771920640609993779e-04 1.386790857536771351e-03 3.478709038494369118e-03 7.106898596784490046e-04 6.503110570275262982e-05 0.000000000000000000e+00 0.000000000000000000e+00 0.000000000000000000e+00
0.000000000000000000e+00 1.585828518536798199e-04 0.000000000000000000e+00 2.085966267161941390e-01 9.657574313461661725e-04 1.118575472896491568e-04 1.438259488473211251e-02 6.144074139101434384e-04 3.990664648241389056e-03 1.929522463341874772e-02 1.500635747325734792e-01 3.797695208613314577e-04 3.090020243586497073e-01 4.814122288415279666e-05 4.984032486829936826e-03 0.000000000000000000e+00 1.997860749692341367e-03 0.000000000000000000e+00 1.081154774436120616e-04 1.113518621753198108e-04 0.000000000000000000e+00 0.000000000000000000e+00 4.320573616829847911e-04 0.000000000000000000e+00 7.895666238115388313e-02 1.616169625396558145e-04 4.725121708293316563e-04 2.380765518262514574e-04 6.124827763650059209e-02 1.928177340937758596e-03 5.865947326220298839e-05 1.138904014492530918e-03 0.000000000000000000e+00 0.000000000000000000e+00 7.716754844665668937e-05 0.000000000000000000e+00 1.804001304263046918e-02 0.000000000000000000e+00 0.000000000000000000e+00 5.649514097287342907e-04 8.648226825260306016e-04 7.838119272104709533e-05 4.477032591203344673e-03 2.424122959965111651e-02 7.706641142379082559e-05 2.043068998913383921e-02 7.211069730336333800e-05 8.546078432165780351e-05 0.000000000000000000e+00 0.000000000000000000e+00 0.000000000000000000e+00 0.000000000000000000e+00 0.000000000000000000e+00 4.980593828052497403e-03 0.000000000000000000e+00 1.369395289603842132e-04 0.000000000000000000e+00 1.927823361357728152e-02 9.102332057928050086e-05 5.127647059299468210e-05 1.175212205701377179e-04 1.471675160828093791e-02 1.560544262820331171e-04 0.000000000000000000e+00 0.000000000000000000e+00 0.000000000000000000e+00
7.850761399962944212e-03 2.641901311302183569e-03 7.766413122892810300e-03 0.000000000000000000e+00 0.000000000000000000e+00 9.254037592226851440e-04 7.246467688339386934e-04 8.958323051069341791e-02 9.382380474243636609e-03 7.521560390534545075e-04 1.351898584648047238e-03 7.360044565017755287e-03 4.399460494665224637e-05 1.251772932010838685e-03 2.241580747394508050e-02 6.637723947709732453e-02 1.088436640082463078e-03 1.878063946107721288e-02 5.728502112145585252e-03 2.572764042471076956e-02 0.000000000000000000e+00 0.000000000000000000e+00 1.215838947786596069e-02 6.756169560668863205e-01 2.994272812669151670e-02 4.731189929665268932e-04 1.336930305263898770e-02 1.473252898384801342e-02 3.016663538161425961e-01 6.797055213532618434e-02 4.530178073978900488e-01 2.614392041082667754e-04 2.498853106160700902e-02 7.393116371494894016e-05 2.801495533384521972e-04 1.046768186661725848e-04 0.000000000000000000e+00 0.000000000000000000e+00 0.000000000000000000e+00 6.523337974848435737e-05 6.991602390717401548e-04 0.000000000000000000e+00 3.020558324911990552e-03 1.196450980503209249e-04 1.376474881204452867e-04 0.000000000000000000e+00 2.706426731890606771e-04 6.897544959452145256e-05 3.076416302640809161e-02 1.265224156051998920e-04 6.503110570275262982e-05 0.000000000000000000e+00 4.197186448933489634e-05 0.000000000000000000e+00 3.007309374916562056e-02 8.050102472031568299e-03 1.049933775477427354e-02 9.726347489010451694e-03 8.505623623019433486e-05 4.029298990976150482e-04 2.172928936273157280e-03 1.902872857816718596e-02 1.406613714018481410e-03 1.921603434451477316e-04 0.000000000000000000e+00 1.319838148399567256e-04
0.000000000000000000e+00 1.532902503100861125e-01 9.476539042531759605e-05 8.601703794742007053e-04 1.214655644619065406e-04 4.975941525000667805e-05 9.850746027135467769e-05 1.088234366036731351e-04 5.532195150762937540e-05 5.928096026771374760e-02 4.915259311281147507e-05 5.004259891403109797e-04 2.524278953709180231e-03 5.550399814878793697e-04 4.743326372409172991e-05 2.081846956220614608e-01 6.108676181098380707e-05 4.308437174085943852e-05 0.000000000000000000e+00 5.795151410214192163e-05 4.320573616829847911e-04 1.215838947786596069e-02 0.000000000000000000e+00 1.074914620125296677e-02 1.327873484866260445e-01 3.118297143809564687e-02 6.451530688613670017e-04 1.314278646252630689e-01 1.893244613239888213e-02 1.648533472713635908e-04 0.000000000000000000e+00 1.192405499588574563e-04 0.000000000000000000e+00 0.000000000000000000e+00 5.057811945010586702e-02 6.656838845031380798e-04 2.690244808232068025e-04 0.000000000000000000e+00 6.998681982318011741e-05 0.000000000000000000e+00 7.150387516616812825e-05 0.000000000000000000e+00 1.967185890657123515e-02 0.000000000000000000e+00 5.876061028506885894e-05 4.429801601524984583e-04 8.844432649620088786e-04 0.000000000000000000e+00 8.199805493277624591e-02 0.000000000000000000e+00 1.889239587134399823e-04 0.000000000000000000e+00 0.000000000000000000e+00 1.377486251433111505e-04 5.167697320354352163e-03 1.878868996809733849e-01 1.046687277043433124e-02 4.204498655686692010e-02 1.111991452707923600e-02 4.426767490839008399e-04 1.223170370574142712e-01 4.468941629374075138e-03 7.676300035519322072e-05 0.000000000000000000e+00 0.000000000000000000e+00 0.000000000000000000e+00
5.851889280041943503e-03 9.610039912714703854e-04 3.667395325204074186e-01 0.000000000000000000e+00 5.724355494208084811e-05 6.398939436723419770e-04 1.995736872212158092e-03 1.747647755122185564e-01 1.615815645816527646e-02 1.945876319939285435e-04 8.084691333851694306e-03 4.807244970860401201e-03 5.501854043903177052e-05 8.931410489284734343e-04 4.408269529356841077e-02 1.161915721305201571e-01 3.187838960732135144e-04 3.195474805958508080e-01 3.379999304177282605e-03 2.933661394865637317e-02 0.000000000000000000e+00 6.756169560668863205e-01 1.074914620125296677e-02 0.000000000000000000e+00 4.296705279433502868e-03 3.793649727698679484e-04 2.980073174658784060e-02 2.287451444115322086e-01 7.822473374667360257e-02 5.517085279546776744e-02 1.353851540559587174e-01 4.656348532744527028e-04 1.648917793400525925e-02 6.209813203964247193e-05 4.308437174085943716e-04 9.611051282943362762e-04 0.000000000000000000e+00 0.000000000000000000e+00 0.000000000000000000e+00 5.249011486738508806e-05 1.354932695334023314e-03 4.682644158689652693e-05 2.106684186296014258e-04 8.849489500763382517e-05 8.525851027592607596e-05 0.000000000000000000e+00 1.614146884939240869e-04 1.044745446204408437e-04 5.595810338145567470e-02 1.957001392454530721e-04 2.474822949527770866e-04 0.000000000000000000e+00 1.515032602530691117e-04 0.000000000000000000e+00 8.067801451033093998e-03 1.559613802209965268e-02 9.075288018013717706e-02 3.882245759729179187e-03 7.352661562348547150e-05 6.733702982409439436e-04 4.720459291539200186e-02 7.486364706577223506e-03 4.343835132088997393e-04 9.709154195123253063e-05 0.000000000000000000e+00 5.046737441006774480e-05
