1.000000 0.208673 0.158599 0.156585 0.200902 0.135739 0.305781 0.316043 0.277432 0.173842 0.197681 0.154295 0.275706 0.119334 0.581610 0.156824 0.406610 0.206208 0.236152 0.175481 0.141384 0.164282 0.131164 0.131143 0.109490 0.155375 0.295750 0.194541 0.088991 0.807760 0.612306 0.252782 0.724352 0.196743 0.167539 0.028836 0.135562 0.006070 0.069997 0.123550 0.195507 0.112166 0.329450 0.215380 0.182425 0.269994 0.153492 0.119424 0.112042 0.164196 0.018614 0.137273 0.083449 0.209203 0.171707 0.163815 0.091483 0.147715 0.152401 0.090577 0.187094 0.142882 0.108197 0.131591 0.004500 0.129174 
0.208673 1.000000 0.370255 0.160502 0.208638 0.032940 0.154357 0.123511 0.153250 0.137522 0.182857 0.225907 0.224720 0.188084 0.137543 0.194185 0.157757 0.255184 0.171338 0.230514 0.155703 0.153730 0.399532 0.241937 0.103493 0.240026 0.305044 0.274462 0.110386 0.199090 0.110855 0.177444 0.212326 0.071846 0.658009 0.042156 0.196152 0.134726 -0.010447 0.099272 0.057628 0.098859 0.225059 0.201096 0.219282 0.157673 0.251451 0.117066 0.233442 0.093921 0.149050 0.143902 0.179318 0.184073 0.194449 0.334675 0.124656 0.184830 0.107553 0.060948 0.130671 0.253958 0.089237 0.099971 0.082190 0.113754 
0.158599 0.370255 1.000000 0.059488 0.211740 0.005037 0.066475 0.085567 0.110523 0.148262 0.040042 0.117485 0.126262 0.079165 0.057717 0.318808 0.059020 0.406143 0.208387 0.242420 0.053513 0.315980 0.362572 0.525856 0.034552 0.022088 0.246562 0.077575 0.073829 0.160031 0.133533 0.082391 0.179173 0.102255 0.064633 0.145143 0.143621 0.097919 0.055882 0.113006 0.122213 0.101113 0.073263 0.191177 0.151958 0.139341 0.178422 0.110652 0.214232 0.071194 0.174263 0.124934 0.150238 0.143629 0.264046 0.192310 0.204024 0.089159 0.015592 0.104535 0.082814 0.199379 0.094346 0.201419 0.067395 0.082914 
0.156585 0.160502 0.059488 1.000000 0.250096 0.189145 0.174183 0.422587 0.157876 0.570618 0.503188 0.159884 0.614673 0.150970 0.149187 0.134358 0.134709 0.160965 0.165178 0.165262 0.939105 0.145415 0.155163 0.127247 0.600672 0.208527 0.165728 0.167398 0.300522 0.172692 0.097552 0.150026 0.163306 0.019676 0.232950 0.095978 0.596962 0.206768 0.145516 0.214937 0.221186 0.161518 0.319692 0.274403 0.171621 0.170439 0.185934 0.087222 0.121169 0.146715 0.115936 0.130237 0.158411 0.403871 0.176532 0.178981 0.104454 0.334099 0.176218 0.276135 0.148362 0.287709 0.014129 0.147819 0.148600 0.050118 
0.200902 0.208638 0.211740 0.250096 1.000000 0.203578 0.419062 0.137178 0.573386 0.254885 0.212101 0.457815 0.314776 0.221751 0.275760 0.221103 0.400619 0.294505 0.184561 0.325067 0.269999 0.346395 0.285755 0.313978 0.180063 0.275976 0.286098 0.251051 0.075937 0.221291 0.240646 0.625113 0.211017 0.130829 0.218157 0.131125 0.141117 0.127343 0.147294 0.158620 0.131262 0.189357 0.330894 0.149150 0.230164 0.254970 0.213431 0.172941 0.182500 0.171188 0.235636 0.161918 0.178500 0.142653 0.258301 0.255257 0.258951 0.172860 0.171338 0.163285 0.138864 0.197078 0.119872 0.165302 0.022588 0.161689 
0.135739 0.032940 0.005037 0.189145 0.203578 1.000000 0.056056 0.136301 0.174511 0.194206 0.112118 0.148684 0.131932 0.093812 0.106434 0.061405 0.074781 0.231819 0.191029 0.098188 0.165613 0.079675 0.047249 0.028677 0.188593 0.654770 0.230895 0.432887 0.183000 0.218574 0.165390 0.122923 0.220333 0.104394 0.067871 0.077862 0.065963 0.101139 0.506927 0.224399 0.144844 0.185256 0.085822 0.101794 0.149457 0.092892 0.129676 0.126339 0.050189 0.125504 0.102717 0.044647 0.058448 0.060268 0.074378 0.086429 0.064140 0.139857 0.571816 0.055191 0.066577 0.128414 0.037247 0.104808 0.096311 0.056091 
0.305781 0.154357 0.066475 0.174183 0.419062 0.056056 1.000000 0.135494 0.644333 0.141124 0.189981 0.265408 0.310790 0.229104 0.485866 0.062417 0.743120 0.151469 0.235299 0.135231 0.178011 0.129153 0.099074 0.116294 0.084733 0.102243 0.142945 0.139681 0.063155 0.235718 0.149679 0.447774 0.248851 0.173467 0.150254 0.086398 0.148644 0.166992 0.155595 0.241443 0.133524 0.239912 0.287457 0.151839 0.095574 0.336339 0.135733 0.249275 0.112282 0.269786 0.146116 0.031589 0.061215 0.227549 0.149522 0.138083 0.156532 0.157688 0.031765 0.049620 0.136564 0.092610 0.183013 0.105896 0.146975 0.201350 
0.316043 0.123511 0.085567 0.422587 0.137178 0.136301 0.135494 1.000000 0.073690 0.476258 0.475213 0.024965 0.439716 0.021638 0.154724 0.147435 0.155014 0.107351 0.108267 0.088826 0.369230 0.108051 0.162234 0.041334 0.429943 0.117568 0.205425 0.135644 0.399606 0.316818 0.276864 0.033252 0.301774 0.117191 0.100578 0.084504 0.220826 0.139230 0.039966 0.190703 0.271153 0.155920 0.176440 0.204500 0.146238 0.185303 0.112846 0.154401 0.138383 0.137638 0.158857 0.071489 0.168969 0.261079 0.114356 0.173964 0.072095 0.176106 0.104846 0.123819 0.046520 0.222888 0.088176 0.134168 0.165194 0.088198 
0.277432 0.153250 0.110523 0.157876 0.573386 0.174511 0.644333 0.073690 1.000000 0.144484 0.109112 0.479514 0.237594 0.175958 0.689082 0.187740 0.457762 0.239223 0.246283 0.272236 0.169150 0.274275 0.163517 0.219492 0.108581 0.151768 0.218052 0.211398 0.052367 0.290687 0.152077 0.656269 0.283853 0.075034 0.171679 0.100582 0.036377 0.206612 0.190233 0.194897 0.071767 0.168246 0.202405 0.109717 0.126549 0.228016 0.121547 0.132679 0.118559 0.191207 0.153903 0.024764 0.111089 0.075953 0.137042 0.152797 0.143523 0.086076 0.091583 0.098642 0.141121 0.056017 0.101280 0.083303 0.064506 0.124114 
0.173842 0.137522 0.148262 0.570618 0.254885 0.194206 0.141124 0.476258 0.144484 1.000000 0.333756 0.075412 0.613405 0.082781 0.185357 0.383892 0.160048 0.154769 0.149875 0.144620 0.530698 0.355398 0.339756 0.278611 0.772714 0.156612 0.251502 0.298339 0.419777 0.254745 0.164149 0.048551 0.295392 0.242440 0.146605 0.036456 0.301776 0.326568 0.086221 0.323186 0.197005 0.239046 0.286070 0.217458 0.181185 0.199500 0.150486 0.258198 0.185559 0.348202 0.188278 0.129801 0.235342 0.278716 0.217717 0.212230 0.112460 0.329768 0.158788 0.234885 0.131421 0.294085 0.271134 0.287112 0.255852 0.314987 
0.197681 0.182857 0.040042 0.503188 0.212101 0.112118 0.189981 0.475213 0.109112 0.333756 1.000000 0.134901 0.577300 0.162822 0.066236 0.063238 0.104028 0.107112 0.144293 0.123567 0.567728 0.079546 0.176131 0.084786 0.253106 0.139740 0.216201 0.152421 0.121842 0.164583 0.120732 0.114357 0.162264 0.052338 0.198578 0.122306 0.278018 0.186114 0.054570 0.100927 0.204421 0.047203 0.202683 0.345199 0.160683 0.193656 0.188661 0.053206 0.115028 0.045545 0.208494 0.127476 0.134316 0.339417 0.190284 0.166617 0.111832 0.158654 0.041468 0.217786 0.133734 0.192549 0.084722 0.115627 0.112046 0.102283 
0.154295 0.225907 0.117485 0.159884 0.457815 0.148684 0.265408 0.024965 0.479514 0.075412 0.134901 1.000000 0.155601 0.605990 0.184375 0.103495 0.179388 0.161862 0.326891 0.271134 0.167031 0.094223 0.135811 0.074621 0.099038 0.252586 0.154192 0.133109 0.057665 0.146778 0.080748 0.504127 0.145032 0.094194 0.315140 0.198094 0.092862 0.118711 0.112244 0.099333 0.138314 0.120186 0.219628 0.170405 0.199413 0.168614 0.294648 0.081387 0.109337 0.161405 0.188195 0.128692 0.116850 0.105414 0.151369 0.165197 0.150647 0.107252 0.119425 0.170040 0.167308 0.126957 0.064888 0.120967 -0.034819 0.088534 
0.275706 0.224720 0.126262 0.614673 0.314776 0.131932 0.310790 0.439716 0.237594 0.613405 0.577300 0.155601 1.000000 0.148861 0.254894 0.178411 0.234252 0.168162 0.239007 0.186885 0.706149 0.200349 0.224587 0.205255 0.332554 0.157091 0.221025 0.184758 0.125094 0.281906 0.217691 0.165011 0.318554 0.149800 0.281938 0.100661 0.338524 0.234038 0.108380 0.230207 0.245447 0.212628 0.244175 0.314209 0.111751 0.229651 0.134231 0.217138 0.171834 0.195184 0.190463 0.149887 0.188834 0.315360 0.213986 0.216666 0.133154 0.214207 0.121328 0.257377 0.171447 0.274490 0.164062 0.189396 0.165871 0.187656 
0.119334 0.188084 0.079165 0.150970 0.221751 0.093812 0.229104 0.021638 0.175958 0.082781 0.162822 0.605990 0.148861 1.000000 0.052475 0.106593 0.185888 0.119526 0.305397 0.046134 0.158849 0.082420 0.123934 0.060247 0.088762 0.301473 0.156720 0.167091 0.095949 0.069937 0.060994 0.131772 0.031958 0.158722 0.285810 0.185930 0.101089 0.076734 0.116499 0.132225 0.189066 0.171610 0.147811 0.196062 0.258904 0.178602 0.560505 0.172678 0.119389 0.134529 0.273488 0.172915 0.165201 0.124264 0.122470 0.117487 0.093684 0.113804 0.152193 0.237343 0.280898 0.169614 0.097950 0.151957 0.062158 0.115472 
0.581610 0.137543 0.057717 0.149187 0.275760 0.106434 0.485866 0.154724 0.689082 0.185357 0.066236 0.184375 0.254894 0.052475 1.000000 0.173253 0.520049 0.185856 0.203045 0.210815 0.131307 0.183193 0.118528 0.147068 0.127734 0.109740 0.241098 0.175906 0.084529 0.682114 0.188587 0.563622 0.636174 0.083123 0.098383 -0.004781 0.019885 0.149404 0.138893 0.186526 0.047456 0.129319 0.224325 0.106450 0.128794 0.204635 0.070697 0.092039 0.106625 0.196943 0.051926 0.043795 0.074702 0.097141 0.069443 0.118978 0.070299 0.086500 0.118591 0.055888 0.116730 0.025174 0.071456 0.025874 0.050509 0.087296 
0.156824 0.194185 0.318808 0.134358 0.221103 0.061405 0.062417 0.147435 0.187740 0.383892 0.063238 0.103495 0.178411 0.106593 0.173253 1.000000 0.087737 0.177723 0.134572 0.105380 0.107555 0.540870 0.796842 0.541296 0.399030 0.085151 0.176281 0.240111 0.365848 0.194749 0.167509 0.157302 0.216512 0.137482 0.143705 0.050972 0.061591 0.167494 -0.004011 0.128737 0.118320 0.090458 0.197071 0.108942 0.036412 0.132623 0.085034 0.094983 0.478201 0.115083 0.143785 0.099617 0.142599 0.092054 0.161655 0.468791 0.126419 0.177422 0.114450 0.077791 0.056737 0.168153 0.119510 0.206652 0.080214 0.096176 
0.406610 0.157757 0.059020 0.134709 0.400619 0.074781 0.743120 0.155014 0.457762 0.160048 0.104028 0.179388 0.234252 0.185888 0.520049 0.087737 1.000000 0.110704 0.172237 0.103739 0.119553 0.162343 0.122175 0.136096 0.095506 0.144990 0.168583 0.159123 0.091164 0.424751 0.154795 0.405021 0.430861 0.277404 0.169646 0.078618 0.167910 0.181850 0.148979 0.291176 0.161267 0.275821 0.407881 0.163562 0.197702 0.370093 0.164764 0.307346 0.084188 0.344182 0.155403 0.101894 0.111763 0.243022 0.205819 0.159791 0.173390 0.186827 0.115983 0.077095 0.195409 0.133356 0.287873 0.168193 0.155988 0.346185 
0.206208 0.255184 0.406143 0.160965 0.294505 0.231819 0.151469 0.107351 0.239223 0.154769 0.107112 0.161862 0.168162 0.119526 0.185856 0.177723 0.110704 1.000000 0.184098 0.640292 0.126391 0.292618 0.193921 0.336169 0.149839 0.157825 0.349880 0.179416 0.193734 0.271562 0.190086 0.199191 0.321773 0.133054 0.165881 0.097195 0.112778 0.082018 0.142954 0.141857 0.206892 0.106363 0.130414 0.099147 0.250218 0.226112 0.223961 0.099317 0.127836 0.043723 0.184387 0.064219 0.181651 0.099803 0.168294 0.130531 0.107511 0.134503 0.214482 0.069834 0.096089 0.186925 0.089872 0.155726 -0.050441 0.105339 
0.236152 0.171338 0.208387 0.165178 0.184561 0.191029 0.235299 0.108267 0.246283 0.149875 0.144293 0.326891 0.239007 0.305397 0.203045 0.134572 0.172237 0.184098 1.000000 0.348583 0.140609 0.078539 0.140949 0.112309 0.072907 0.156784 0.174865 0.190605 0.052210 0.254333 0.159612 0.128160 0.242803 0.080242 0.188501 0.110859 0.129842 0.118892 0.085301 0.130618 0.097570 0.119512 0.140153 0.181157 0.070703 0.167806 0.139151 0.079400 0.248574 0.099654 0.091354 0.091121 0.126112 0.183363 0.168455 0.232475 0.182438 0.102789 0.070534 0.167580 0.217545 0.155416 0.068693 0.101769 0.044440 0.045055 
0.175481 0.230514 0.242420 0.165262 0.325067 0.098188 0.135231 0.088826 0.272236 0.144620 0.123567 0.271134 0.186885 0.046134 0.210815 0.105380 0.103739 0.640292 0.348583 1.000000 0.149892 0.182836 0.154585 0.212688 0.087334 0.124072 0.330758 0.154427 0.038674 0.214836 0.176125 0.258278 0.228036 0.063726 0.180385 0.078229 0.147394 0.126251 0.055629 0.097711 0.099216 0.061803 0.186934 0.143708 0.266196 0.215493 0.183072 0.012810 0.080943 0.039729 0.167904 0.102595 0.159873 0.189484 0.105881 0.099570 0.048486 0.116911 0.052141 0.118500 0.095144 0.135811 0.075024 0.152509 -0.063657 0.100787 
0.141384 0.155703 0.053513 0.939105 0.269999 0.165613 0.178011 0.369230 0.169150 0.530698 0.567728 0.167031 0.706149 0.158849 0.131307 0.107555 0.119553 0.126391 0.140609 0.149892 1.000000 0.158604 0.139075 0.140633 0.487802 0.186770 0.142626 0.136594 0.181577 0.121580 0.096169 0.165814 0.118618 0.010166 0.211757 0.069400 0.524986 0.194856 0.134533 0.171184 0.218662 0.127454 0.254245 0.293786 0.140306 0.166828 0.160497 0.060748 0.070630 0.109466 0.137383 0.130508 0.163072 0.372423 0.148827 0.122141 0.076506 0.264626 0.140534 0.292803 0.130017 0.255914 0.015188 0.118918 0.121477 0.043532 
0.164282 0.153730 0.315980 0.145415 0.346395 0.079675 0.129153 0.108051 0.274275 0.355398 0.079546 0.094223 0.200349 0.082420 0.183193 0.540870 0.162343 0.292618 0.078539 0.182836 0.158604 1.000000 0.450185 0.811445 0.285999 0.071609 0.285557 0.291745 0.268190 0.209207 0.329696 0.214821 0.247366 0.147945 0.102935 0.076600 0.093154 0.132015 0.010448 0.109101 0.135590 0.103038 0.171289 0.145652 0.135063 0.181241 0.104899 0.118271 0.119516 0.121964 0.114179 0.105493 0.199792 0.094281 0.342328 0.156043 0.258542 0.138667 0.080117 0.114385 0.094370 0.203139 0.182863 0.314177 0.053690 0.225738 
0.131164 0.399532 0.362572 0.155163 0.285755 0.047249 0.099074 0.162234 0.163517 0.339756 0.176131 0.135811 0.224587 0.123934 0.118528 0.796842 0.122175 0.193921 0.140949 0.154585 0.139075 0.450185 1.000000 0.537875 0.292912 0.126674 0.134623 0.172400 0.235199 0.181219 0.106658 0.210614 0.211864 0.103531 0.281870 0.086509 0.104162 0.243575 -0.008371 0.192064 0.071681 0.140147 0.205793 0.152009 0.046163 0.130843 0.112514 0.132521 0.521111 0.129455 0.189500 0.090148 0.140359 0.114332 0.152348 0.671637 0.124345 0.173187 0.111836 0.111349 0.073766 0.194837 0.120559 0.147229 0.162128 0.109153 
0.131143 0.241937 0.525856 0.127247 0.313978 0.028677 0.116294 0.041334 0.219492 0.278611 0.084786 0.074621 0.205255 0.060247 0.147068 0.541296 0.136096 0.336169 0.112309 0.212688 0.140633 0.811445 0.537875 1.000000 0.173061 0.063749 0.220277 0.201858 0.142628 0.177666 0.202889 0.207345 0.210481 0.109942 0.117219 0.102429 0.092617 0.133286 -0.004624 0.095961 0.096627 0.090228 0.148214 0.136866 0.115616 0.123550 0.091031 0.088080 0.164934 0.103624 0.097754 0.119953 0.157913 0.092221 0.371021 0.195416 0.286092 0.114549 0.067030 0.116507 0.097365 0.195089 0.140813 0.253189 0.061478 0.175674 
0.109490 0.103493 0.034552 0.600672 0.180063 0.188593 0.084733 0.429943 0.108581 0.772714 0.253106 0.099038 0.332554 0.088762 0.127734 0.399030 0.095506 0.149839 0.072907 0.087334 0.487802 0.285999 0.292912 0.173061 1.000000 0.159363 0.154427 0.219200 0.747088 0.167888 0.090507 0.064073 0.172303 0.130446 0.128441 0.049883 0.302812 0.285608 0.104076 0.201660 0.157241 0.121169 0.325016 0.111545 0.208042 0.086074 0.178330 0.128238 0.208446 0.189622 0.115771 0.106681 0.168393 0.177313 0.155874 0.235172 0.123209 0.412101 0.154726 0.149773 0.060223 0.243444 0.115559 0.179716 0.174327 0.153390 
0.155375 0.240026 0.022088 0.208527 0.275976 0.654770 0.102243 0.117568 0.151768 0.156612 0.139740 0.252586 0.157091 0.301473 0.109740 0.085151 0.144990 0.157825 0.156784 0.124072 0.186770 0.071609 0.126674 0.063749 0.159363 1.000000 0.296250 0.350404 0.133693 0.208473 0.116555 0.138035 0.177591 0.107021 0.188758 0.071761 0.068498 0.103703 0.257024 0.187990 0.090100 0.186730 0.141905 0.109649 0.168551 0.092016 0.188884 0.151375 0.098569 0.180383 0.197437 0.075699 0.067739 0.046055 0.128920 0.145987 0.098063 0.125131 0.548084 0.049735 0.065945 0.131017 0.062928 0.084268 0.083671 0.126945 
0.295750 0.305044 0.246562 0.165728 0.286098 0.230895 0.142945 0.205425 0.218052 0.251502 0.216201 0.154192 0.221025 0.156720 0.241098 0.176281 0.168583 0.349880 0.174865 0.330758 0.142626 0.285557 0.134623 0.220277 0.154427 0.296250 1.000000 0.582679 0.071936 0.328646 0.320480 0.152282 0.336405 0.123839 0.153633 0.116747 0.075960 0.120993 0.112668 0.150104 0.161658 0.147298 0.206052 0.199295 0.286542 0.220863 0.287694 0.144769 0.039530 0.109307 0.122701 0.191204 0.154324 0.153230 0.220405 0.070668 0.086277 0.164562 0.133391 0.168524 0.146623 0.222313 0.107227 0.224304 0.013775 0.157041 
0.194541 0.274462 0.077575 0.167398 0.251051 0.432887 0.139681 0.135644 0.211398 0.298339 0.152421 0.133109 0.184758 0.167091 0.175906 0.240111 0.159123 0.179416 0.190605 0.154427 0.136594 0.291745 0.172400 0.201858 0.219200 0.350404 0.582679 1.000000 0.118310 0.230929 0.250850 0.094820 0.249807 0.139327 0.198409 0.107551 0.120375 0.143914 0.246253 0.181170 0.121787 0.172555 0.248576 0.168228 0.246995 0.167560 0.231537 0.167969 0.160375 0.192058 0.085509 0.168996 0.158053 0.163936 0.161439 0.149363 0.120976 0.266032 0.243353 0.092152 0.281528 0.209818 0.098774 0.177153 0.071550 0.131560 
0.088991 0.110386 0.073829 0.300522 0.075937 0.183000 0.063155 0.399606 0.052367 0.419777 0.121842 0.057665 0.125094 0.095949 0.084529 0.365848 0.091164 0.193734 0.052210 0.038674 0.181577 0.268190 0.235199 0.142628 0.747088 0.133693 0.071936 0.118310 1.000000 0.116702 0.052289 0.006145 0.118971 0.113437 0.125665 0.076959 0.099113 0.157594 0.108736 0.163255 0.146816 0.133646 0.165149 0.075753 0.200386 0.106636 0.180212 0.146827 0.173226 0.079124 0.081198 0.099962 0.139526 0.038109 0.111130 0.156594 0.109402 0.214132 0.141880 0.033885 -0.002086 0.136687 0.044400 0.115578 0.144590 0.059225 
0.807760 0.199090 0.160031 0.172692 0.221291 0.218574 0.235718 0.316818 0.290687 0.254745 0.164583 0.146778 0.281906 0.069937 0.682114 0.194749 0.424751 0.271562 0.254333 0.214836 0.121580 0.209207 0.181219 0.177666 0.167888 0.208473 0.328646 0.230929 0.116702 1.000000 0.473718 0.351209 0.932023 0.167083 0.143000 0.037372 0.084255 0.070068 0.108167 0.174663 0.145877 0.149644 0.326395 0.159919 0.217644 0.239807 0.138192 0.143830 0.123748 0.190884 0.067837 0.105021 0.075056 0.167630 0.154507 0.174674 0.099547 0.159067 0.270907 0.099806 0.160428 0.138704 0.127432 0.131506 0.017676 0.167541 
0.612306 0.110855 0.133533 0.097552 0.240646 0.165390 0.149679 0.276864 0.152077 0.164149 0.120732 0.080748 0.217691 0.060994 0.188587 0.167509 0.154795 0.190086 0.159612 0.176125 0.096169 0.329696 0.106658 0.202889 0.090507 0.116555 0.320480 0.250850 0.052289 0.473718 1.000000 0.137787 0.467066 0.121964 0.109079 0.079612 0.074089 -0.038304 0.088295 0.048479 0.130520 0.078914 0.245613 0.109745 0.148706 0.151202 0.125358 0.113627 0.103348 0.018647 0.022353 0.129931 0.050331 0.117448 0.159143 0.128548 0.081369 0.163497 0.086385 0.048640 0.154566 0.186332 0.135615 0.202810 0.004885 0.153394 
0.252782 0.177444 0.082391 0.150026 0.625113 0.122923 0.447774 0.033252 0.656269 0.048551 0.114357 0.504127 0.165011 0.131772 0.563622 0.157302 0.405021 0.199191 0.128160 0.258278 0.165814 0.214821 0.210614 0.207345 0.064073 0.138035 0.152282 0.094820 0.006145 0.351209 0.137787 1.000000 0.324145 0.065899 0.168087 0.064393 -0.004600 0.122127 0.112933 0.059628 0.096263 0.051020 0.226671 0.101402 0.150086 0.151773 0.121002 0.008560 0.140802 0.092383 0.101222 0.045306 0.023813 0.038700 0.101734 0.184082 0.131911 0.078929 0.082441 0.082083 0.085221 0.033861 0.041880 0.024405 -0.065709 0.046642 
0.724352 0.212326 0.179173 0.163306 0.211017 0.220333 0.248851 0.301774 0.283853 0.295392 0.162264 0.145032 0.318554 0.031958 0.636174 0.216512 0.430861 0.321773 0.242803 0.228036 0.118618 0.247366 0.211864 0.210481 0.172303 0.177591 0.336405 0.249807 0.118971 0.932023 0.467066 0.324145 1.000000 0.195411 0.134559 0.027982 0.083252 0.113817 0.111362 0.216471 0.151263 0.178749 0.342153 0.138957 0.210376 0.256278 0.114102 0.182919 0.128577 0.244297 0.062858 0.118189 0.070942 0.174309 0.191826 0.200778 0.118179 0.175080 0.256773 0.073359 0.115916 0.170108 0.182375 0.167989 0.060680 0.221911 
0.196743 0.071846 0.102255 0.019676 0.130829 0.104394 0.173467 0.117191 0.075034 0.242440 0.052338 0.094194 0.149800 0.158722 0.083123 0.137482 0.277404 0.133054 0.080242 0.063726 0.010166 0.147945 0.103531 0.109942 0.130446 0.107021 0.123839 0.139327 0.113437 0.167083 0.121964 0.065899 0.195411 1.000000 0.131202 0.015748 0.113248 0.108964 0.093571 0.500752 0.566452 0.608309 0.152262 0.293950 0.144449 0.422423 0.187769 0.761311 0.131028 0.367958 0.132808 0.100193 0.120693 0.228601 0.060789 0.069981 0.042950 0.106471 0.146532 0.118379 0.193155 0.105747 0.803613 0.466025 0.330378 0.569933 
0.167539 0.658009 0.064633 0.232950 0.218157 0.067871 0.150254 0.100578 0.171679 0.146605 0.198578 0.315140 0.281938 0.285810 0.098383 0.143705 0.169646 0.165881 0.188501 0.180385 0.211757 0.102935 0.281870 0.117219 0.128441 0.188758 0.153633 0.198409 0.125665 0.143000 0.109079 0.168087 0.134559 0.131202 1.000000 0.328582 0.269480 0.142339 0.070498 0.124936 0.101796 0.162768 0.222318 0.202224 0.195214 0.158737 0.251458 0.168007 0.218952 0.088762 0.146391 0.152123 0.152545 0.235534 0.159560 0.360388 0.162483 0.199991 0.214766 0.248376 0.291960 0.185129 0.120442 0.110616 0.111575 0.135700 
0.028836 0.042156 0.145143 0.095978 0.131125 0.077862 0.086398 0.084504 0.100582 0.036456 0.122306 0.198094 0.100661 0.185930 -0.004781 0.050972 0.078618 0.097195 0.110859 0.078229 0.069400 0.076600 0.086509 0.102429 0.049883 0.071761 0.116747 0.107551 0.076959 0.037372 0.079612 0.064393 0.027982 0.015748 0.328582 1.000000 0.112613 0.203425 0.080065 0.106765 0.058504 0.094808 0.070725 0.112451 0.096301 0.007005 0.124415 0.107792 0.165323 -0.018990 0.287391 0.027744 0.142466 0.084112 0.191439 0.231931 0.344800 0.082172 0.049859 0.286831 0.094456 0.045856 0.072265 0.091241 0.165313 0.090204 
0.135562 0.196152 0.143621 0.596962 0.141117 0.065963 0.148644 0.220826 0.036377 0.301776 0.278018 0.092862 0.338524 0.101089 0.019885 0.061591 0.167910 0.112778 0.129842 0.147394 0.524986 0.093154 0.104162 0.092617 0.302812 0.068498 0.075960 0.120375 0.099113 0.084255 0.074089 -0.004600 0.083252 0.113248 0.269480 0.112613 1.000000 0.138100 0.066452 0.181863 0.285104 0.141784 0.462840 0.300123 0.168978 0.312371 0.146010 0.098331 0.128813 0.167987 0.122842 0.127364 0.137813 0.743086 0.175666 0.178273 0.111679 0.513106 0.112264 0.224836 0.176278 0.356535 0.113160 0.210898 0.141611 0.124376 
0.006070 0.134726 0.097919 0.206768 0.127343 0.101139 0.166992 0.139230 0.206612 0.326568 0.186114 0.118711 0.234038 0.076734 0.149404 0.167494 0.181850 0.082018 0.118892 0.126251 0.194856 0.132015 0.243575 0.133286 0.285608 0.103703 0.120993 0.143914 0.157594 0.070068 -0.038304 0.122127 0.113817 0.108964 0.142339 0.203425 0.138100 1.000000 0.122987 0.452666 0.024966 0.242774 0.187747 0.103622 0.269983 0.161101 0.174959 0.206051 0.216761 0.271532 0.134227 0.145395 0.284565 0.097832 0.145881 0.293224 0.154162 0.142817 0.061953 0.188246 0.094779 0.072264 0.178256 0.130947 0.469513 0.164096 
0.069997 -0.010447 0.055882 0.145516 0.147294 0.506927 0.155595 0.039966 0.190233 0.086221 0.054570 0.112244 0.108380 0.116499 0.138893 -0.004011 0.148979 0.142954 0.085301 0.055629 0.134533 0.010448 -0.008371 -0.004624 0.104076 0.257024 0.112668 0.246253 0.108736 0.108167 0.088295 0.112933 0.111362 0.093571 0.070498 0.080065 0.066452 0.122987 1.000000 0.208277 0.027045 0.200856 0.133879 0.051951 0.144664 0.135846 0.168622 0.159512 0.053480 0.056449 0.242381 0.161860 0.134407 0.073815 0.090146 0.090197 0.107935 0.171145 0.413732 0.144987 0.203182 0.113880 0.087487 0.080392 0.122942 0.142635 
0.123550 0.099272 0.113006 0.214937 0.158620 0.224399 0.241443 0.190703 0.194897 0.323186 0.100927 0.099333 0.230207 0.132225 0.186526 0.128737 0.291176 0.141857 0.130618 0.097711 0.171184 0.109101 0.192064 0.095961 0.201660 0.187990 0.150104 0.181170 0.163255 0.174663 0.048479 0.059628 0.216471 0.500752 0.124936 0.106765 0.181863 0.452666 0.208277 1.000000 0.190681 0.881854 0.116622 0.161936 0.207732 0.382148 0.193774 0.720325 0.145249 0.616027 0.106360 0.061840 0.068573 0.172967 0.061078 0.188659 0.060063 0.127569 0.169894 0.132479 0.119948 0.100472 0.393586 0.152048 0.639529 0.257354 
0.195507 0.057628 0.122213 0.221186 0.131262 0.144844 0.133524 0.271153 0.071767 0.197005 0.204421 0.138314 0.245447 0.189066 0.047456 0.118320 0.161267 0.206892 0.097570 0.099216 0.218662 0.135590 0.071681 0.096627 0.157241 0.090100 0.161658 0.121787 0.146816 0.145877 0.130520 0.096263 0.151263 0.566452 0.101796 0.058504 0.285104 0.024966 0.027045 0.190681 1.000000 0.248533 0.255367 0.394264 0.156617 0.325821 0.201713 0.313594 0.132736 0.094732 0.165685 0.044245 0.135412 0.347578 0.109389 0.072367 0.074331 0.252461 0.046613 0.125628 0.160378 0.339702 0.362266 0.494699 0.096950 0.207944 
0.112166 0.098859 0.101113 0.161518 0.189357 0.185256 0.239912 0.155920 0.168246 0.239046 0.047203 0.120186 0.212628 0.171610 0.129319 0.090458 0.275821 0.106363 0.119512 0.061803 0.127454 0.103038 0.140147 0.090228 0.121169 0.186730 0.147298 0.172555 0.133646 0.149644 0.078914 0.051020 0.178749 0.608309 0.162768 0.094808 0.141784 0.242774 0.200856 0.881854 0.248533 1.000000 0.107719 0.198557 0.149777 0.370697 0.185084 0.843937 0.108458 0.501872 0.129462 0.017524 0.027507 0.161539 0.063171 0.127675 0.054122 0.109009 0.170285 0.134267 0.150675 0.114628 0.439075 0.197002 0.545833 0.298891 
0.329450 0.225059 0.073263 0.319692 0.330894 0.085822 0.287457 0.176440 0.202405 0.286070 0.202683 0.219628 0.244175 0.147811 0.224325 0.197071 0.407881 0.130414 0.140153 0.186934 0.254245 0.171289 0.205793 0.148214 0.325016 0.141905 0.206052 0.248576 0.165149 0.326395 0.245613 0.226671 0.342153 0.152262 0.222318 0.070725 0.462840 0.187747 0.133879 0.116622 0.255367 0.107719 1.000000 0.202636 0.221019 0.404100 0.187602 0.111250 0.283115 0.138187 0.142953 0.172423 0.113757 0.471030 0.364660 0.399393 0.318492 0.742871 0.123240 0.167611 0.255815 0.496341 0.182352 0.288314 0.079749 0.287096 
0.215380 0.201096 0.191177 0.274403 0.149150 0.101794 0.151839 0.204500 0.109717 0.217458 0.345199 0.170405 0.314209 0.196062 0.106450 0.108942 0.163562 0.099147 0.181157 0.143708 0.293786 0.145652 0.152009 0.136866 0.111545 0.109649 0.199295 0.168228 0.075753 0.159919 0.109745 0.101402 0.138957 0.293950 0.202224 0.112451 0.300123 0.103622 0.051951 0.161936 0.394264 0.198557 0.202636 1.000000 0.185979 0.494841 0.223635 0.197915 0.118561 0.009578 0.171112 0.143112 0.160162 0.489842 0.120665 0.143589 0.049343 0.183963 0.073059 0.163558 0.199185 0.178262 0.160766 0.164823 0.039716 0.131493 
0.182425 0.219282 0.151958 0.171621 0.230164 0.149457 0.095574 0.146238 0.126549 0.181185 0.160683 0.199413 0.111751 0.258904 0.128794 0.036412 0.197702 0.250218 0.070703 0.266196 0.140306 0.135063 0.046163 0.115616 0.208042 0.168551 0.286542 0.246995 0.200386 0.217644 0.148706 0.150086 0.210376 0.144449 0.195214 0.096301 0.168978 0.269983 0.144664 0.207732 0.156617 0.149777 0.221019 0.185979 1.000000 0.186703 0.835844 0.121018 -0.019132 0.098140 0.066967 0.550786 0.163782 0.135408 0.151065 0.042940 0.049601 0.190912 0.270436 0.181267 0.227046 0.208504 0.134307 0.207345 0.054971 0.176114 
0.269994 0.157673 0.139341 0.170439 0.254970 0.092892 0.336339 0.185303 0.228016 0.199500 0.193656 0.168614 0.229651 0.178602 0.204635 0.132623 0.370093 0.226112 0.167806 0.215493 0.166828 0.181241 0.130843 0.123550 0.086074 0.092016 0.220863 0.167560 0.106636 0.239807 0.151202 0.151773 0.256278 0.422423 0.158737 0.007005 0.312371 0.161101 0.135846 0.382148 0.325821 0.370697 0.404100 0.494841 0.186703 1.000000 0.190813 0.361023 0.090241 0.236321 0.192126 0.090215 0.163715 0.621170 0.164713 0.098739 0.100313 0.181692 0.096608 0.115090 0.173499 0.170090 0.280734 0.247518 0.164634 0.247434 
0.153492 0.251451 0.178422 0.185934 0.213431 0.129676 0.135733 0.112846 0.121547 0.150486 0.188661 0.294648 0.134231 0.560505 0.070697 0.085034 0.164764 0.223961 0.139151 0.183072 0.160497 0.104899 0.112514 0.091031 0.178330 0.188884 0.287694 0.231537 0.180212 0.138192 0.125358 0.121002 0.114102 0.187769 0.251458 0.124415 0.146010 0.174959 0.168622 0.193774 0.201713 0.185084 0.187602 0.223635 0.835844 0.190813 1.000000 0.166107 0.023202 0.124143 0.139033 0.474611 0.131343 0.138602 0.146725 0.079060 0.044175 0.174809 0.223886 0.191968 0.283806 0.230602 0.103435 0.182550 0.055481 0.123111 
0.119424 0.117066 0.110652 0.087222 0.172941 0.126339 0.249275 0.154401 0.132679 0.258198 0.053206 0.081387 0.217138 0.172678 0.092039 0.094983 0.307346 0.099317 0.079400 0.012810 0.060748 0.118271 0.132521 0.088080 0.128238 0.151375 0.144769 0.167969 0.146827 0.143830 0.113627 0.008560 0.182919 0.761311 0.168007 0.107792 0.098331 0.206051 0.159512 0.720325 0.313594 0.843937 0.111250 0.197915 0.121018 0.361023 0.166107 1.000000 0.125764 0.453792 0.132765 0.003589 0.009257 0.165856 0.061484 0.114588 0.059713 0.091941 0.152184 0.106636 0.179740 0.091501 0.672281 0.268898 0.609618 0.496916 
0.112042 0.233442 0.214232 0.121169 0.182500 0.050189 0.112282 0.138383 0.118559 0.185559 0.115028 0.109337 0.171834 0.119389 0.106625 0.478201 0.084188 0.127836 0.248574 0.080943 0.070630 0.119516 0.521111 0.164934 0.208446 0.098569 0.039530 0.160375 0.173226 0.123748 0.103348 0.140802 0.128577 0.131028 0.218952 0.165323 0.128813 0.216761 0.053480 0.145249 0.132736 0.108458 0.283115 0.118561 -0.019132 0.090241 0.023202 0.125764 1.000000 0.053312 0.145760 0.016025 0.105296 0.144619 0.310176 0.827504 0.511084 0.319120 0.110309 0.155545 0.248716 0.307242 0.127414 0.119644 0.134151 0.062824 
0.164196 0.093921 0.071194 0.146715 0.171188 0.125504 0.269786 0.137638 0.191207 0.348202 0.045545 0.161405 0.195184 0.134529 0.196943 0.115083 0.344182 0.043723 0.099654 0.039729 0.109466 0.121964 0.129455 0.103624 0.189622 0.180383 0.109307 0.192058 0.079124 0.190884 0.018647 0.092383 0.244297 0.367958 0.088762 -0.018990 0.167987 0.271532 0.056449 0.616027 0.094732 0.501872 0.138187 0.009578 0.098140 0.236321 0.124143 0.453792 0.053312 1.000000 0.072682 0.087309 0.047037 0.193793 0.079482 0.092755 0.036714 0.077099 0.106355 0.117293 0.133308 0.048860 0.279952 0.123254 0.393993 0.216791 
0.018614 0.149050 0.174263 0.115936 0.235636 0.102717 0.146116 0.158857 0.153903 0.188278 0.208494 0.188195 0.190463 0.273488 0.051926 0.143785 0.155403 0.184387 0.091354 0.167904 0.137383 0.114179 0.189500 0.097754 0.115771 0.197437 0.122701 0.085509 0.081198 0.067837 0.022353 0.101222 0.062858 0.132808 0.146391 0.287391 0.122842 0.134227 0.242381 0.106360 0.165685 0.129462 0.142953 0.171112 0.066967 0.192126 0.139033 0.132765 0.145760 0.072682 1.000000 0.059280 0.540615 0.178024 0.177975 0.189828 0.237447 0.133222 0.026595 0.207398 0.062158 0.158668 0.111301 0.160100 0.076894 0.159206 
0.137273 0.143902 0.124934 0.130237 0.161918 0.044647 0.031589 0.071489 0.024764 0.129801 0.127476 0.128692 0.149887 0.172915 0.043795 0.099617 0.101894 0.064219 0.091121 0.102595 0.130508 0.105493 0.090148 0.119953 0.106681 0.075699 0.191204 0.168996 0.099962 0.105021 0.129931 0.045306 0.118189 0.100193 0.152123 0.027744 0.127364 0.145395 0.161860 0.061840 0.044245 0.017524 0.172423 0.143112 0.550786 0.090215 0.474611 0.003589 0.016025 0.087309 0.059280 1.000000 0.350111 0.095906 0.114668 0.073254 0.035146 0.163303 0.158696 0.135255 0.138484 0.179038 0.108844 0.102127 -0.013045 0.124691 
0.083449 0.179318 0.150238 0.158411 0.178500 0.058448 0.061215 0.168969 0.111089 0.235342 0.134316 0.116850 0.188834 0.165201 0.074702 0.142599 0.111763 0.181651 0.126112 0.159873 0.163072 0.199792 0.140359 0.157913 0.168393 0.067739 0.154324 0.158053 0.139526 0.075056 0.050331 0.023813 0.070942 0.120693 0.152545 0.142466 0.137813 0.284565 0.134407 0.068573 0.135412 0.027507 0.113757 0.160162 0.163782 0.163715 0.131343 0.009257 0.105296 0.047037 0.540615 0.350111 1.000000 0.178008 0.107003 0.139136 0.113950 0.132302 0.070109 0.198025 0.068410 0.179779 0.087655 0.188845 0.055296 0.076392 
0.209203 0.184073 0.143629 0.403871 0.142653 0.060268 0.227549 0.261079 0.075953 0.278716 0.339417 0.105414 0.315360 0.124264 0.097141 0.092054 0.243022 0.099803 0.183363 0.189484 0.372423 0.094281 0.114332 0.092221 0.177313 0.046055 0.153230 0.163936 0.038109 0.167630 0.117448 0.038700 0.174309 0.228601 0.235534 0.084112 0.743086 0.097832 0.073815 0.172967 0.347578 0.161539 0.471030 0.489842 0.135408 0.621170 0.138602 0.165856 0.144619 0.193793 0.178024 0.095906 0.178008 1.000000 0.133443 0.151927 0.097108 0.383884 0.061196 0.216325 0.210057 0.272986 0.194485 0.266999 0.127532 0.174582 
0.171707 0.194449 0.264046 0.176532 0.258301 0.074378 0.149522 0.114356 0.137042 0.217717 0.190284 0.151369 0.213986 0.122470 0.069443 0.161655 0.205819 0.168294 0.168455 0.105881 0.148827 0.342328 0.152348 0.371021 0.155874 0.128920 0.220405 0.161439 0.111130 0.154507 0.159143 0.101734 0.191826 0.060789 0.159560 0.191439 0.175666 0.145881 0.090146 0.061078 0.109389 0.063171 0.364660 0.120665 0.151065 0.164713 0.146725 0.061484 0.310176 0.079482 0.177975 0.114668 0.107003 0.133443 1.000000 0.347833 0.809269 0.284959 0.090996 0.240935 0.211724 0.494286 0.113993 0.356049 0.050027 0.268131 
0.163815 0.334675 0.192310 0.178981 0.255257 0.086429 0.138083 0.173964 0.152797 0.212230 0.166617 0.165197 0.216666 0.117487 0.118978 0.468791 0.159791 0.130531 0.232475 0.099570 0.122141 0.156043 0.671637 0.195416 0.235172 0.145987 0.070668 0.149363 0.156594 0.174674 0.128548 0.184082 0.200778 0.069981 0.360388 0.231931 0.178273 0.293224 0.090197 0.188659 0.072367 0.127675 0.399393 0.143589 0.042940 0.098739 0.079060 0.114588 0.827504 0.092755 0.189828 0.073254 0.139136 0.151927 0.347833 1.000000 0.500425 0.374567 0.147739 0.141922 0.182852 0.315111 0.102436 0.107685 0.173363 0.110822 
0.091483 0.124656 0.204024 0.104454 0.258951 0.064140 0.156532 0.072095 0.143523 0.112460 0.111832 0.150647 0.133154 0.093684 0.070299 0.126419 0.173390 0.107511 0.182438 0.048486 0.076506 0.258542 0.124345 0.286092 0.123209 0.098063 0.086277 0.120976 0.109402 0.099547 0.081369 0.131911 0.118179 0.042950 0.162483 0.344800 0.111679 0.154162 0.107935 0.060063 0.074331 0.054122 0.318492 0.049343 0.049601 0.100313 0.044175 0.059713 0.511084 0.036714 0.237447 0.035146 0.113950 0.097108 0.809269 0.500425 1.000000 0.250202 0.066528 0.168823 0.190287 0.317819 0.070339 0.182884 0.071396 0.147684 
0.147715 0.184830 0.089159 0.334099 0.172860 0.139857 0.157688 0.176106 0.086076 0.329768 0.158654 0.107252 0.214207 0.113804 0.086500 0.177422 0.186827 0.134503 0.102789 0.116911 0.264626 0.138667 0.173187 0.114549 0.412101 0.125131 0.164562 0.266032 0.214132 0.159067 0.163497 0.078929 0.175080 0.106471 0.199991 0.082172 0.513106 0.142817 0.171145 0.127569 0.252461 0.109009 0.742871 0.183963 0.190912 0.181692 0.174809 0.091941 0.319120 0.077099 0.133222 0.163303 0.132302 0.383884 0.284959 0.374567 0.250202 1.000000 0.156927 0.142618 0.189475 0.682516 0.143177 0.204885 0.117008 0.194421 
0.152401 0.107553 0.015592 0.176218 0.171338 0.571816 0.031765 0.104846 0.091583 0.158788 0.041468 0.119425 0.121328 0.152193 0.118591 0.114450 0.115983 0.214482 0.070534 0.052141 0.140534 0.080117 0.111836 0.067030 0.154726 0.548084 0.133391 0.243353 0.141880 0.270907 0.086385 0.082441 0.256773 0.146532 0.214766 0.049859 0.112264 0.061953 0.413732 0.169894 0.046613 0.170285 0.123240 0.073059 0.270436 0.096608 0.223886 0.152184 0.110309 0.106355 0.026595 0.158696 0.070109 0.061196 0.090996 0.147739 0.066528 0.156927 1.000000 0.131774 0.183799 0.124659 0.114925 0.118669 0.021773 0.170757 
0.090577 0.060948 0.104535 0.276135 0.163285 0.055191 0.049620 0.123819 0.098642 0.234885 0.217786 0.170040 0.257377 0.237343 0.055888 0.077791 0.077095 0.069834 0.167580 0.118500 0.292803 0.114385 0.111349 0.116507 0.149773 0.049735 0.168524 0.092152 0.033885 0.099806 0.048640 0.082083 0.073359 0.118379 0.248376 0.286831 0.224836 0.188246 0.144987 0.132479 0.125628 0.134267 0.167611 0.163558 0.181267 0.115090 0.191968 0.106636 0.155545 0.117293 0.207398 0.135255 0.198025 0.216325 0.240935 0.141922 0.168823 0.142618 0.131774 1.000000 0.512317 0.187985 0.132990 0.258999 0.088215 0.152915 
0.187094 0.130671 0.082814 0.148362 0.138864 0.066577 0.136564 0.046520 0.141121 0.131421 0.133734 0.167308 0.171447 0.280898 0.116730 0.056737 0.195409 0.096089 0.217545 0.095144 0.130017 0.094370 0.073766 0.097365 0.060223 0.065945 0.146623 0.281528 -0.002086 0.160428 0.154566 0.085221 0.115916 0.193155 0.291960 0.094456 0.176278 0.094779 0.203182 0.119948 0.160378 0.150675 0.255815 0.199185 0.227046 0.173499 0.283806 0.179740 0.248716 0.133308 0.062158 0.138484 0.068410 0.210057 0.211724 0.182852 0.190287 0.189475 0.183799 0.512317 1.000000 0.173573 0.158360 0.216190 0.039654 0.167890 
0.142882 0.253958 0.199379 0.287709 0.197078 0.128414 0.092610 0.222888 0.056017 0.294085 0.192549 0.126957 0.274490 0.169614 0.025174 0.168153 0.133356 0.186925 0.155416 0.135811 0.255914 0.203139 0.194837 0.195089 0.243444 0.131017 0.222313 0.209818 0.136687 0.138704 0.186332 0.033861 0.170108 0.105747 0.185129 0.045856 0.356535 0.072264 0.113880 0.100472 0.339702 0.114628 0.496341 0.178262 0.208504 0.170090 0.230602 0.091501 0.307242 0.048860 0.158668 0.179038 0.179779 0.272986 0.494286 0.315111 0.317819 0.682516 0.124659 0.187985 0.173573 1.000000 0.132377 0.351939 0.076575 0.196540 
0.108197 0.089237 0.094346 0.014129 0.119872 0.037247 0.183013 0.088176 0.101280 0.271134 0.084722 0.064888 0.164062 0.097950 0.071456 0.119510 0.287873 0.089872 0.068693 0.075024 0.015188 0.182863 0.120559 0.140813 0.115559 0.062928 0.107227 0.098774 0.044400 0.127432 0.135615 0.041880 0.182375 0.803613 0.120442 0.072265 0.113160 0.178256 0.087487 0.393586 0.362266 0.439075 0.182352 0.160766 0.134307 0.280734 0.103435 0.672281 0.127414 0.279952 0.111301 0.108844 0.087655 0.194485 0.113993 0.102436 0.070339 0.143177 0.114925 0.132990 0.158360 0.132377 1.000000 0.532061 0.417004 0.862749 
0.131591 0.099971 0.201419 0.147819 0.165302 0.104808 0.105896 0.134168 0.083303 0.287112 0.115627 0.120967 0.189396 0.151957 0.025874 0.206652 0.168193 0.155726 0.101769 0.152509 0.118918 0.314177 0.147229 0.253189 0.179716 0.084268 0.224304 0.177153 0.115578 0.131506 0.202810 0.024405 0.167989 0.466025 0.110616 0.091241 0.210898 0.130947 0.080392 0.152048 0.494699 0.197002 0.288314 0.164823 0.207345 0.247518 0.182550 0.268898 0.119644 0.123254 0.160100 0.102127 0.188845 0.266999 0.356049 0.107685 0.182884 0.204885 0.118669 0.258999 0.216190 0.351939 0.532061 1.000000 0.138929 0.515468 
0.004500 0.082190 0.067395 0.148600 0.022588 0.096311 0.146975 0.165194 0.064506 0.255852 0.112046 -0.034819 0.165871 0.062158 0.050509 0.080214 0.155988 -0.050441 0.044440 -0.063657 0.121477 0.053690 0.162128 0.061478 0.174327 0.083671 0.013775 0.071550 0.144590 0.017676 0.004885 -0.065709 0.060680 0.330378 0.111575 0.165313 0.141611 0.469513 0.122942 0.639529 0.096950 0.545833 0.079749 0.039716 0.054971 0.164634 0.055481 0.609618 0.134151 0.393993 0.076894 -0.013045 0.055296 0.127532 0.050027 0.173363 0.071396 0.117008 0.021773 0.088215 0.039654 0.076575 0.417004 0.138929 1.000000 0.266314 
0.129174 0.113754 0.082914 0.050118 0.161689 0.056091 0.201350 0.088198 0.124114 0.314987 0.102283 0.088534 0.187656 0.115472 0.087296 0.096176 0.346185 0.105339 0.045055 0.100787 0.043532 0.225738 0.109153 0.175674 0.153390 0.126945 0.157041 0.131560 0.059225 0.167541 0.153394 0.046642 0.221911 0.569933 0.135700 0.090204 0.124376 0.164096 0.142635 0.257354 0.207944 0.298891 0.287096 0.131493 0.176114 0.247434 0.123111 0.496916 0.062824 0.216791 0.159206 0.124691 0.076392 0.174582 0.268131 0.110822 0.147684 0.194421 0.170757 0.152915 0.167890 0.196540 0.862749 0.515468 0.266314 1.000000 
