0.000000000000000000e+00 2.746889551537229704e-03 1.468924893870176444e-05 2.100562598234352076e-03 1.990393231194088897e-02 3.338866283766910720e-02 2.149037119732068180e-02 2.525081892562833219e-02 1.205987337867414806e-02 3.374120481219795159e-02 1.276495732773183338e-02 8.152533160979479748e-03 1.718642125828106441e-03 7.799991186450637090e-03 4.157057449652599469e-03 3.858865696196953771e-02 4.414119306079879873e-02 3.334459509085300512e-03 4.215814445407406290e-03 6.419201786212670735e-03 1.072315172525228812e-03 4.367113709476034417e-02 4.381802958414736382e-02 5.089824757260161259e-02 4.252537567754161030e-02 1.373444775768615025e-02 2.616155235982784225e-02 4.832762900832880508e-03 5.762592358652702390e-02 7.799991186450637090e-03 5.009033888097301837e-03 1.749489548599380065e-02 2.968697210511626536e-02 1.072315172525228812e-03 2.893782040924247623e-03 7.344624469350882387e-05 1.806777619460316888e-03 4.068921956020388371e-03 9.254226831382111104e-04 3.510730496349721841e-03 3.128810023943475772e-03 9.738972046359269108e-03 1.975703982255387278e-02 3.070053028188668518e-03 1.699546102207794007e-02 1.131072168280035850e-03 1.226552286381597280e-02 1.000337852725590067e-02 8.828238612159760787e-03 2.710166429190475484e-02 1.702483951995534608e-02 1.394009724282797499e-02 1.861127840533513544e-02 1.542371138563685328e-03 2.075590875038559394e-02 2.469262746595766653e-02 4.832762900832880508e-03 2.748358476431100178e-02 2.019771729071492480e-02 3.174346695653450928e-02 9.503944063340041826e-03 9.768350544236673386e-03 2.688132555782422883e-03 1.138416792749386702e-02 6.948014748005934722e-03 3.863272470878564065e-03 
2.746889551537229704e-03 0.000000000000000000e+00 1.160450666157439477e-03 3.882368494498876499e-02 8.299425650366495932e-03 1.887568488623176527e-02 1.382258325131835962e-02 1.684856853269092389e-02 2.100562598234352076e-03 9.445187067585235005e-03 6.477958781967478423e-03 3.833893973001160655e-03 3.053894854356096686e-02 1.317625629801548286e-02 8.475696637630918129e-03 1.335252728527990332e-02 2.776268049414633548e-03 1.429263921735681592e-02 2.131410021005625960e-02 1.764178797538082030e-02 3.485758773153928985e-02 1.220676586806116598e-02 1.208925187655155234e-02 5.273440368993933397e-03 3.388809730158497124e-02 2.965759360723886282e-02 6.360444790457863914e-03 4.509599424181441260e-03 1.094349045933281500e-02 2.746889551537229704e-03 1.044405599541695442e-02 5.537846849890564957e-03 1.417512522584720228e-02 1.770054497113562539e-02 5.361575862626143628e-03 1.417512522584720228e-02 2.895250965818117750e-02 7.682477194941022582e-03 1.999206780557310006e-02 1.490958767278229014e-02 3.128810023943475772e-03 3.966097213449476110e-04 1.599659209424622239e-02 5.728807086093687774e-04 1.949263334165723949e-02 1.542371138563685328e-03 3.275702513330493258e-03 1.689263627950702814e-03 5.772874832909793107e-03 2.364969079130984069e-03 3.761916653201521910e-02 2.541240066395405398e-03 1.634913406877506331e-02 2.457511347444805289e-02 5.449711356258354726e-03 1.160450666157439477e-03 5.038412385974705247e-03 1.367569076193134170e-02 6.948014748005934722e-03 5.155926377484318888e-03 1.952201183953464550e-02 4.685870411445862589e-03 3.168470996077970420e-02 1.326439179164769222e-02 3.892650968755967476e-03 2.692539330464033265e-02 
1.468924893870176444e-05 1.160450666157439477e-03 0.000000000000000000e+00 1.217738737018376170e-02 3.687001483614142736e-03 7.858748182205443911e-03 5.508468352013161547e-03 1.229490136169337708e-02 7.917505177960250731e-03 2.572087489166679022e-02 1.963952583104425914e-02 1.208925187655155234e-02 5.802253330787196517e-03 3.481351998472317997e-03 6.360444790457863914e-03 4.023385284310412868e-02 1.062032698268137489e-02 2.483951995534468271e-02 7.653098697063619171e-03 5.214683373239126576e-03 2.069715175463078538e-02 2.216607664850096110e-02 4.364175859688294162e-02 1.652540505603948551e-02 3.400561129309458142e-02 8.666656873834040729e-04 2.851183219002012548e-02 2.218076589743966584e-03 6.242930798948249406e-03 2.511861568518001554e-03 1.123727543810684910e-02 5.802253330787196517e-03 8.005640671592461829e-03 3.474007374002967274e-02 1.737738149448418701e-02 7.653098697063619171e-03 3.832425048107290094e-02 6.213552301070845996e-03 2.247455087621369994e-03 1.852314291170292435e-02 1.235365835744818390e-02 1.652540505603948551e-02 5.625982343522776055e-03 1.614348458363323857e-02 9.239537582443410266e-03 2.188698091866562740e-03 2.342935205722931555e-02 2.401692201477738375e-02 1.799432994990966123e-02 1.909602362031229258e-04 2.143161420156587324e-02 4.847452149771582213e-04 4.039543458142984961e-03 2.821804721124608964e-02 2.695477180251773866e-02 2.805646547292036958e-03 2.952539036679054443e-03 1.631975557089766077e-02 1.376382625556355280e-02 1.197173788504193696e-02 1.141354642537127130e-02 3.246324015453089847e-03 2.933443013058742443e-02 2.049150226948896064e-02 1.244179385108039500e-02 2.592652437680861496e-02 
2.100562598234352076e-03 3.882368494498876499e-02 1.217738737018376170e-02 0.000000000000000000e+00 7.623720199186215761e-03 2.078528724826299648e-02 2.701352879827254375e-02 3.532764369757774442e-02 3.048019154780616177e-02 1.975703982255387278e-02 9.033888097301585526e-03 2.384065102751296156e-02 2.046212377161155810e-02 1.587907810273660875e-02 2.110845072491443486e-02 2.688132555782422883e-03 8.475696637630918129e-03 7.447449211921794432e-03 1.887568488623176527e-02 1.787681595840004758e-02 3.803046550229886857e-02 1.811184394141927487e-02 2.754234176006580687e-02 2.923160538801651033e-03 8.651967624895338591e-03 1.131072168280035850e-03 1.831749342656109961e-02 2.835025045169440368e-03 9.680215050604462287e-03 7.329935220412179923e-03 2.795364073034945634e-02 2.554460390440236803e-02 3.216945517575686437e-03 9.210159084566005988e-03 3.306549936101767229e-02 1.587907810273660875e-02 1.349941977466692124e-02 1.279433582560923592e-02 1.872879239684474909e-02 5.214683373239126576e-03 1.819997943505148597e-02 3.393216504840107332e-03 9.298294578198217086e-03 3.510730496349721841e-03 1.176608839990011396e-02 1.211863037442895488e-02 1.270620033197702656e-02 1.512992640686281701e-03 7.271178224657373103e-03 8.064397667347268650e-03 2.188698091866562740e-03 3.481351998472317997e-03 1.655478355391688805e-02 1.017964951452032286e-02 1.047343449329435870e-02 4.568356419936248948e-03 1.953670108847334590e-03 8.387561143998707031e-03 9.680215050604462287e-03 3.083273352233500270e-02 2.334121656359710445e-02 1.073784097419099026e-02 5.155926377484318888e-03 1.963952583104425914e-02 1.966890432892166168e-02 5.273440368993933397e-03 
1.990393231194088897e-02 8.299425650366495932e-03 3.687001483614142736e-03 7.623720199186215761e-03 0.000000000000000000e+00 1.305874230650586922e-02 8.035019169469864372e-03 2.337059506147450699e-02 7.388692216166987611e-03 1.322032404483158884e-04 1.975703982255387278e-02 3.305081011207897101e-03 1.114913994447463974e-02 7.799991186450637090e-03 4.627113415691055769e-03 5.537846849890564957e-03 1.238303685532558644e-02 5.949145820174214436e-03 1.161919591051309604e-02 3.833893973001160655e-03 1.796495145203225868e-02 1.916946986500580111e-02 3.628244487859335916e-03 1.012089251876551604e-02 1.717173200934236227e-02 3.833893973001160655e-03 1.714235351146495973e-02 4.862141398710283918e-03 1.601128134318492366e-03 2.923160538801651033e-03 2.748358476431100178e-02 1.042936674647825185e-03 1.402823273646018436e-02 3.070053028188668518e-03 4.891519896587687329e-03 4.010164960265581550e-03 1.617286308151064111e-02 7.212421228902566282e-03 1.571749636441088739e-03 2.629375560027615629e-03 1.402823273646018436e-02 4.656491913568459179e-03 2.501579094260910491e-02 2.551522540652496548e-02 1.520337265155632597e-02 1.114913994447463974e-02 7.124285735270356051e-03 2.482483070640598144e-03 3.882368494498876499e-02 8.416939641876111308e-03 4.774005905078073687e-03 3.569487492104528661e-03 9.357051573953023907e-03 7.036150241638144953e-03 2.557398240227977057e-02 2.548584690864755947e-02 3.203725193530854859e-02 2.451635647869324433e-02 2.513330493411871855e-02 1.226552286381597280e-02 1.843500741807071325e-02 3.109714000323163599e-02 5.273440368993933397e-03 7.682477194941022582e-03 2.159319593989159330e-03 5.009033888097301837e-03 
3.338866283766910720e-02 1.887568488623176527e-02 7.858748182205443911e-03 2.078528724826299648e-02 1.305874230650586922e-02 0.000000000000000000e+00 1.696608252420053753e-02 2.008020329920531116e-02 3.027454206266433703e-02 2.125534321430145104e-02 1.454235644931474664e-03 1.655478355391688805e-02 1.336721653421860589e-03 1.526212964731113279e-02 2.219545514637836711e-02 9.268916080320812809e-03 1.972766132467647024e-02 1.388134024707316644e-02 2.727793527916917704e-02 2.745420626643359577e-02 2.495703394685429635e-02 1.924291610969931180e-03 1.702483951995534608e-02 1.561467162183997545e-02 2.210731965274615601e-02 9.063266595178988069e-03 3.908809142588539481e-02 2.511861568518001554e-03 2.453104572763194734e-03 3.080335502445760015e-02 1.720111050721976481e-02 1.250055084683520182e-02 3.056832704143837287e-02 7.535584705554004663e-03 4.137961426032286949e-02 2.980448609662587900e-02 1.667229754542650169e-02 3.095024751384461634e-02 1.464518119188565858e-02 1.505648016216930805e-02 4.098300453897791781e-03 1.067908397843618171e-02 9.004509599424181249e-03 2.060901626099857428e-02 1.314687780013807858e-02 1.511523715792411487e-02 3.833893973001160655e-03 4.068921956020388371e-03 1.197173788504193696e-02 1.376382625556355280e-02 1.235365835744818390e-02 5.141237128545617400e-04 9.180780586688603445e-03 1.725986750297457337e-02 9.004509599424181249e-03 1.288247131924144702e-02 7.241799726779969693e-03 1.129603243386165592e-02 1.623162007726544967e-02 2.243048312939759439e-02 2.413443600628699739e-02 1.511523715792411487e-02 1.311749930226067604e-02 1.896382037986397637e-02 2.143161420156587324e-02 1.205987337867414806e-02 
2.149037119732068180e-02 1.382258325131835962e-02 5.508468352013161547e-03 2.701352879827254375e-02 8.035019169469864372e-03 1.696608252420053753e-02 0.000000000000000000e+00 2.786550523671724525e-02 9.797729042114075929e-03 8.211290156734286569e-03 4.259882192223511839e-04 4.509599424181441260e-03 9.709593548481866565e-03 1.194235938716453442e-02 2.263613261453941913e-02 1.336721653421860589e-03 7.491516958737899981e-04 6.624851271354495474e-03 7.858748182205443911e-03 6.419201786212670735e-03 8.475696637630918129e-03 3.656154060842869286e-02 7.976262173715057552e-03 2.028585278434713590e-02 3.158188521820879183e-03 2.292991759331345497e-02 1.608472758787843349e-02 1.366100151299263999e-03 1.778868046476783649e-02 2.069715175463078538e-02 3.344741983342391922e-02 5.508468352013161547e-03 4.372989409051514925e-02 1.232427985957077962e-02 5.861010326542004205e-03 3.305081011207897101e-03 6.154795305316039175e-03 2.012427104602141845e-03 2.923160538801651033e-03 1.361693376617653488e-02 1.473331668551786967e-02 7.770612688573233680e-03 2.172539918033990908e-02 6.389823288335267325e-03 2.765985575157542051e-02 4.010164960265581550e-03 1.543840063457555499e-02 7.829369684328039633e-03 5.097169381729512068e-03 2.366438004024854283e-02 1.079659796994579708e-02 2.012427104602141845e-03 2.116720772066924341e-02 7.344624469350882387e-05 5.718524611836596494e-02 1.587907810273660875e-02 3.183160245016672385e-02 9.415808569707830727e-03 9.885864535746287027e-03 2.992200008813549264e-02 1.702483951995534608e-02 3.632651262540946557e-02 1.441015320886643129e-02 1.787681595840004758e-02 3.951407964510774730e-03 1.126665393598425338e-02 
2.525081892562833219e-02 1.684856853269092389e-02 1.229490136169337708e-02 3.532764369757774442e-02 2.337059506147450699e-02 2.008020329920531116e-02 2.786550523671724525e-02 0.000000000000000000e+00 3.393216504840107332e-03 2.266551111241682168e-02 2.792426223247205380e-02 9.827107539991480206e-03 2.187229166972692526e-02 3.540108994227125251e-03 1.817060093717408342e-02 2.342935205722931555e-02 3.694346108083493979e-02 1.053219148904916552e-02 4.627113415691055769e-03 2.923160538801651033e-03 1.981579681830868134e-02 1.138416792749386702e-02 1.752427398387120319e-02 2.276833585498773405e-03 2.119658621854664596e-02 3.617962013602244592e-02 2.666098682374370282e-02 1.884630638835436273e-02 4.693215035915213745e-02 3.003951407964510628e-02 2.771861274733022906e-02 2.404630051265478630e-02 2.883499566667156386e-02 1.579094260910439765e-02 4.274571441162213110e-03 2.423726074885790890e-03 1.822935793292888851e-02 3.040674530311265108e-03 1.067908397843618171e-02 2.335590581253580659e-03 1.875817089472215163e-02 3.128810023943475772e-03 2.671974381949850791e-02 1.861127840533513544e-02 6.948014748005934722e-03 2.718979978553696594e-02 1.238303685532558644e-02 5.625982343522776055e-03 2.478076295958987763e-02 5.919767322296811025e-03 1.326439179164769222e-02 1.643726956240727441e-02 1.307343155544456962e-03 2.945194412209703808e-02 3.305081011207897101e-03 1.499772316641450123e-02 1.214800887230635916e-02 2.260675411666201659e-02 7.418070714044391022e-03 1.983048606724738001e-03 2.099093673340482122e-02 2.830618270487830074e-02 8.299425650366495932e-03 8.123154663102075471e-03 1.909602362031229258e-04 1.402823273646018436e-02 
1.205987337867414806e-02 2.100562598234352076e-03 7.917505177960250731e-03 3.048019154780616177e-02 7.388692216166987611e-03 3.027454206266433703e-02 9.797729042114075929e-03 3.393216504840107332e-03 0.000000000000000000e+00 2.489827695109949127e-02 1.264744333622221974e-02 2.025647428646973336e-02 1.975703982255387278e-02 1.109038294871983119e-02 6.566094275599688654e-03 1.123727543810684910e-02 1.017964951452032286e-02 3.275702513330493258e-03 6.624851271354495474e-03 6.595472773477092064e-03 2.266551111241682168e-02 8.181911658856882291e-03 7.006771743760741543e-03 8.886995607914567608e-03 3.418188228035900361e-02 2.898188815605858004e-02 7.124285735270356051e-03 2.923160538801651033e-03 7.976262173715057552e-03 3.672312234675440923e-04 1.490958767278229014e-02 5.802253330787196517e-03 7.418070714044391022e-03 1.417512522584720228e-02 5.126547879606915478e-03 1.085535496570060390e-02 1.911071286925099602e-02 2.149037119732068180e-02 8.079086916285970355e-04 2.789488373459465126e-02 4.098300453897791781e-03 1.529150814518853707e-02 1.872879239684474909e-02 4.157057449652599469e-03 5.949145820174214436e-03 9.885864535746287027e-03 2.234234763576538330e-02 2.216607664850096110e-02 2.154912819307548688e-02 2.181353467397212018e-02 1.012089251876551604e-02 1.336721653421860589e-03 2.845307519426531692e-02 4.847452149771582213e-04 1.564405011971737799e-02 2.945194412209703808e-02 1.297060681287365812e-02 1.946325484377983694e-02 5.420332858380951316e-03 3.312425635677247737e-02 2.301805308694566607e-02 2.137285720581106815e-02 2.730731377704657958e-02 7.770612688573233680e-03 2.087342274189520758e-02 2.181353467397212018e-02 
3.374120481219795159e-02 9.445187067585235005e-03 2.572087489166679022e-02 1.975703982255387278e-02 1.322032404483158884e-04 2.125534321430145104e-02 8.211290156734286569e-03 2.266551111241682168e-02 2.489827695109949127e-02 0.000000000000000000e+00 3.424063927611381564e-02 2.698415030039514120e-02 1.332314878740250078e-02 1.217738737018376170e-02 2.055025926524376920e-02 5.861010326542004205e-03 3.347679833130132176e-02 2.392878652114517266e-02 1.878754939259955764e-02 4.891519896587687329e-03 2.992200008813549264e-02 5.728807086093687774e-04 2.119658621854664596e-02 4.303949939039616521e-03 1.114913994447463974e-02 1.718642125828106441e-03 7.359313718289584201e-03 1.226552286381597280e-02 3.863272470878564065e-03 4.634458040160406578e-02 3.177284545441191876e-02 1.424857147054071037e-03 3.394685429733977633e-02 4.217283370301276590e-02 3.687001483614142736e-03 7.153664233147759462e-03 6.096038309561232355e-03 1.772992346901302793e-02 2.469262746595766653e-02 3.897057743437577770e-02 2.322370257208749081e-02 3.033329905841914212e-02 1.708359651571015117e-02 3.532764369757774442e-02 1.035592050178474333e-02 5.204400898982035339e-02 1.523275114943373025e-02 4.672650087401031271e-02 4.039543458142984961e-03 3.679656859144792014e-02 7.770612688573233680e-03 2.237172613364278584e-02 2.469262746595766653e-02 2.354686604873892919e-02 2.394347577008387479e-03 1.395478649176667627e-03 1.953670108847334590e-03 1.464518119188565858e-02 1.200111638291934124e-02 2.542708991289275439e-02 3.353555532705612685e-02 2.507454793836390999e-02 1.138416792749386702e-02 1.631975557089766077e-02 2.243048312939759439e-02 2.717511053659826294e-03 
1.276495732773183338e-02 6.477958781967478423e-03 1.963952583104425914e-02 9.033888097301585526e-03 1.975703982255387278e-02 1.454235644931474664e-03 4.259882192223511839e-04 2.792426223247205380e-02 1.264744333622221974e-02 3.424063927611381564e-02 0.000000000000000000e+00 1.537964363882074643e-02 5.683270414383712749e-02 2.071184100356948665e-03 2.125534321430145104e-02 6.610162022415794420e-04 8.093776165224672928e-03 1.232427985957077962e-02 9.357051573953023907e-03 1.837625042231590816e-02 6.859879254373723624e-03 2.686663630888552756e-02 1.013558176770421775e-03 1.819997943505148597e-02 1.570280711547218655e-02 1.241241535320299072e-02 1.909602362031229258e-04 5.009033888097301837e-03 1.226552286381597280e-02 1.220676586806116598e-02 1.899319887774138238e-02 7.682477194941022582e-03 1.881692789047696018e-02 1.629037707302025476e-02 4.847452149771582213e-04 6.566094275599688654e-03 1.984517531618608388e-02 3.687001483614142736e-03 1.952201183953464550e-02 1.009151402088811177e-02 2.774799124520763161e-02 1.793557295415485267e-02 2.375251553388075393e-02 8.534453633385724949e-03 1.429263921735681592e-02 2.563273939803457913e-02 7.682477194941022582e-03 1.805308694566446978e-02 1.928698385651541475e-02 9.415808569707830727e-03 8.622589127017936048e-03 1.382258325131835962e-02 5.126547879606915478e-03 2.131410021005625960e-02 1.164857440839049858e-02 1.294122831499625384e-02 1.072315172525228812e-03 1.160450666157439477e-03 1.314687780013807858e-02 1.777399121582913478e-03 1.670167604330390423e-02 1.219207661912246514e-03 3.488696622941669240e-02 2.818866871336868710e-02 1.072315172525228812e-03 3.629713412753205609e-02 
8.152533160979479748e-03 3.833893973001160655e-03 1.208925187655155234e-02 2.384065102751296156e-02 3.305081011207897101e-03 1.655478355391688805e-02 4.509599424181441260e-03 9.827107539991480206e-03 2.025647428646973336e-02 2.698415030039514120e-02 1.537964363882074643e-02 0.000000000000000000e+00 1.132541093173906020e-02 2.481014145746728017e-02 9.885864535746287027e-03 2.859996768365233658e-02 1.079659796994579708e-02 2.824742570912349218e-02 1.028247425709123426e-04 2.381127252963555901e-02 2.248924012515239948e-02 1.235365835744818390e-02 1.737738149448418701e-02 5.479089854135758136e-03 2.583838888317640387e-02 3.033329905841914212e-02 3.363838006962703922e-03 2.364969079130984069e-03 6.903947001189829607e-04 2.629375560027615629e-03 1.205987337867414806e-02 4.406774681610529161e-05 9.738972046359269108e-03 1.220676586806116598e-02 1.023840651027512968e-02 5.155926377484318888e-03 1.062032698268137489e-02 2.154912819307548688e-02 4.568356419936248948e-03 1.767116647325822285e-02 1.131072168280035850e-03 2.658754057905019473e-03 1.537964363882074643e-02 3.716379981491546147e-03 1.217738737018376170e-02 1.366100151299263999e-03 1.311749930226067604e-02 2.069715175463078538e-02 1.746551698811639811e-02 1.902257737561878492e-02 3.714911056597676453e-02 1.402823273646018436e-02 1.787681595840004758e-02 2.306212083376176815e-03 1.035592050178474333e-02 2.548584690864755947e-02 8.798860114282356509e-03 2.325308106996489335e-02 3.892650968755967476e-03 2.895250965818117750e-02 3.888244194074357007e-02 1.819997943505148597e-02 3.153781747139268454e-02 1.571749636441088739e-03 1.590845660061401129e-02 3.180222395228932131e-02 
1.718642125828106441e-03 3.053894854356096686e-02 5.802253330787196517e-03 2.046212377161155810e-02 1.114913994447463974e-02 1.336721653421860589e-03 9.709593548481866565e-03 2.187229166972692526e-02 1.975703982255387278e-02 1.332314878740250078e-02 5.683270414383712749e-02 1.132541093173906020e-02 0.000000000000000000e+00 1.483614142808878074e-03 6.096038309561232355e-03 1.743613849023899556e-02 9.592079556972251189e-03 8.828238612159760787e-03 8.740103118527549689e-03 2.298867458906826006e-02 1.297060681287365812e-02 8.240668654611689112e-03 2.228359064001057474e-02 1.042936674647825185e-03 1.890506338410917128e-02 2.525081892562833219e-02 1.017964951452032286e-02 2.790957298353335361e-04 9.797729042114075929e-03 8.593210629140531770e-03 1.205987337867414806e-02 1.432201771523422019e-02 1.649602655816207950e-02 1.740675999236158955e-02 1.429263921735681592e-02 2.589714587893120895e-02 8.505075135508320672e-03 1.778868046476783649e-02 1.341128428103471014e-02 2.190167016760433127e-02 6.536715777722285244e-03 2.178415617609471763e-02 9.033888097301585526e-03 1.526212964731113279e-02 1.629037707302025476e-02 2.066777325675338284e-02 1.050281299117176124e-02 3.241917240771479553e-02 7.006771743760741543e-03 2.548584690864755947e-02 5.067790883852108658e-03 1.925760535863801221e-02 2.482483070640598144e-03 5.949145820174214436e-03 3.018640656903212593e-02 1.129603243386165592e-02 2.736607077280138814e-02 2.776268049414633548e-03 9.063266595178988069e-03 1.429263921735681592e-02 1.370506925980874598e-02 3.011296032433861698e-03 5.625982343522776055e-03 2.974572910087107391e-02 3.615024163814504338e-02 1.673105454118131025e-02 
7.799991186450637090e-03 1.317625629801548286e-02 3.481351998472317997e-03 1.587907810273660875e-02 7.799991186450637090e-03 1.526212964731113279e-02 1.194235938716453442e-02 3.540108994227125251e-03 1.109038294871983119e-02 1.217738737018376170e-02 2.071184100356948665e-03 2.481014145746728017e-02 1.483614142808878074e-03 0.000000000000000000e+00 4.553667170997547026e-04 3.136154648412826929e-02 1.170733140414530540e-02 1.887568488623176527e-02 2.933443013058742443e-02 2.436946398930622815e-02 1.620224157938804713e-02 2.203387340805264716e-04 4.464062752471466278e-02 1.103162595296502436e-02 1.490958767278229014e-02 8.945752603669374428e-03 5.420332858380951316e-03 2.394347577008387479e-03 4.215814445407406290e-03 6.610162022415794420e-04 1.320563479589288540e-02 3.657622985736739326e-03 1.232427985957077962e-02 1.276495732773183338e-02 1.285309282136404448e-02 8.916374105791970150e-03 9.915243033623691304e-03 3.657622985736739326e-03 2.188698091866562740e-03 7.418070714044391022e-03 5.067790883852108658e-03 1.329377028952509650e-02 1.238303685532558644e-02 1.690732552844572897e-02 1.189829164034842887e-03 9.503944063340041826e-03 4.656491913568459179e-03 3.271295738648882789e-02 3.274233588436623044e-02 2.087342274189520758e-02 2.530957592138314075e-02 2.835025045169440368e-03 1.085535496570060390e-02 3.011296032433861698e-03 4.245192943284809700e-03 2.933443013058742443e-02 1.338190578315730760e-02 1.452766720037604493e-02 1.464518119188565858e-02 1.975703982255387278e-02 2.680787931313071901e-02 2.175477767821731162e-02 2.210731965274615601e-02 7.447449211921794432e-03 1.358755526829913234e-02 1.864065690321253799e-02 
4.157057449652599469e-03 8.475696637630918129e-03 6.360444790457863914e-03 2.110845072491443486e-02 4.627113415691055769e-03 2.219545514637836711e-02 2.263613261453941913e-02 1.817060093717408342e-02 6.566094275599688654e-03 2.055025926524376920e-02 2.125534321430145104e-02 9.885864535746287027e-03 6.096038309561232355e-03 4.553667170997547026e-04 0.000000000000000000e+00 2.439884248718363069e-02 1.787681595840004758e-02 1.601128134318492366e-03 7.329935220412179923e-03 1.329377028952509650e-02 1.217738737018376170e-02 2.510392643624131601e-02 2.786550523671724525e-02 1.961014733316685660e-02 8.534453633385724949e-03 1.479207368127267649e-02 7.094907237392951774e-03 1.336721653421860589e-03 2.692539330464033265e-02 2.497172319579300174e-04 1.909602362031229258e-04 1.953670108847334590e-03 8.769481616404953966e-03 6.742365262864109983e-03 9.562701059094848646e-03 6.683608267109302295e-03 9.445187067585235005e-03 8.299425650366495932e-03 3.672312234675440923e-04 1.573218561334958909e-02 4.157057449652599469e-03 1.053219148904916552e-02 1.097286895721021754e-02 2.736607077280138814e-02 8.093776165224672928e-03 2.203387340805264716e-04 8.270047152489093389e-03 2.225421214213317220e-02 4.597734917813652358e-03 1.911071286925099602e-02 2.166664218458510052e-02 1.637851256665246585e-02 3.291860687163065263e-02 7.888126680082848188e-03 9.151402088811199168e-03 7.623720199186215761e-03 6.712986764986706573e-03 8.666656873834040729e-04 1.205987337867414806e-02 2.407567901053219231e-02 5.978524318051617846e-03 1.630506632195895776e-03 3.966097213449476110e-04 2.893782040924247623e-03 1.468924893870176444e-05 4.406774681610529161e-05 
3.858865696196953771e-02 1.335252728527990332e-02 4.023385284310412868e-02 2.688132555782422883e-03 5.537846849890564957e-03 9.268916080320812809e-03 1.336721653421860589e-03 2.342935205722931555e-02 1.123727543810684910e-02 5.861010326542004205e-03 6.610162022415794420e-04 2.859996768365233658e-02 1.743613849023899556e-02 3.136154648412826929e-02 2.439884248718363069e-02 0.000000000000000000e+00 2.310618858057787370e-02 5.313101341128428218e-02 1.840562892019331070e-02 1.661354054967169661e-02 1.141354642537127130e-02 2.069715175463078538e-02 3.833893973001160655e-03 2.572087489166679022e-02 1.454235644931474664e-03 3.275702513330493258e-03 2.066777325675338284e-02 8.886995607914567608e-03 3.216945517575686437e-03 4.508130499287571480e-02 2.063839475887598029e-02 5.302818866871336807e-03 4.135023576244546695e-02 1.482145217915008077e-02 6.610162022415794420e-04 7.535584705554004663e-03 1.229490136169337708e-02 2.974572910087107391e-02 1.573218561334958909e-02 3.391747579946237379e-02 3.206663043318595113e-02 2.921691613907780732e-02 1.153106041688088494e-02 1.479207368127267649e-02 2.763047725369801796e-02 2.923160538801651033e-03 3.194911644167633402e-02 2.607341686619563115e-02 7.388692216166987611e-03 9.650836552727059744e-03 5.097169381729512068e-03 6.771743760741513393e-03 3.980786462388178140e-03 6.477958781967478423e-03 9.298294578198217086e-03 1.042936674647825185e-03 1.435139621311162274e-02 1.911071286925099602e-02 3.547453618696475713e-02 1.582032110698180019e-02 1.542371138563685328e-03 2.190167016760433127e-02 2.572087489166679022e-02 2.548584690864755947e-02 1.808246544354187232e-02 2.868810317728454420e-02 
4.414119306079879873e-02 2.776268049414633548e-03 1.062032698268137489e-02 8.475696637630918129e-03 1.238303685532558644e-02 1.972766132467647024e-02 7.491516958737899981e-04 3.694346108083493979e-02 1.017964951452032286e-02 3.347679833130132176e-02 8.093776165224672928e-03 1.079659796994579708e-02 9.592079556972251189e-03 1.170733140414530540e-02 1.787681595840004758e-02 2.310618858057787370e-02 0.000000000000000000e+00 8.270047152489093389e-03 5.302818866871336807e-03 6.742365262864109983e-03 1.571749636441088739e-03 4.070390880914259019e-02 2.398754351689998121e-02 2.483951995534468271e-02 2.495703394685429635e-02 2.049150226948896064e-02 3.180222395228932131e-02 2.210731965274615601e-02 3.271295738648882789e-02 3.359431232281093194e-02 2.225421214213317220e-02 6.977393245883338133e-03 5.034005611293094345e-02 1.846438591594811926e-02 1.512992640686281701e-03 1.250055084683520182e-02 8.328804148243900210e-03 9.415808569707830727e-03 8.960441852608075916e-04 1.307343155544456962e-03 3.451973500594914587e-03 1.464518119188565858e-02 4.127678951775196059e-03 2.983386459450328154e-02 2.281240360180384133e-02 1.961014733316685660e-02 6.096038309561232355e-03 1.543840063457555499e-02 1.344066277891211442e-02 7.271178224657373103e-03 1.056156998692656807e-02 2.835025045169440368e-03 1.015027101664291859e-02 8.358182646121304488e-03 4.158526374546469423e-02 4.509599424181441260e-03 1.247117234895779754e-02 1.158981741263569176e-02 1.285309282136404448e-02 1.373444775768615025e-02 2.658754057905019473e-03 2.601465987044082606e-02 1.420450372372460655e-02 2.213669815062355856e-02 1.042936674647825185e-03 7.344624469350882387e-05 
3.334459509085300512e-03 1.429263921735681592e-02 2.483951995534468271e-02 7.447449211921794432e-03 5.949145820174214436e-03 1.388134024707316644e-02 6.624851271354495474e-03 1.053219148904916552e-02 3.275702513330493258e-03 2.392878652114517266e-02 1.232427985957077962e-02 2.824742570912349218e-02 8.828238612159760787e-03 1.887568488623176527e-02 1.601128134318492366e-03 5.313101341128428218e-02 8.270047152489093389e-03 0.000000000000000000e+00 1.079659796994579708e-02 9.592079556972251189e-03 1.182484539565492078e-02 3.468131674427486766e-02 4.922367319358961213e-02 5.025192061929873583e-02 3.048019154780616177e-02 4.039543458142984961e-03 2.295929609119085751e-02 8.593210629140531770e-03 1.652540505603948551e-02 2.923160538801651033e-03 5.919767322296811025e-03 7.124285735270356051e-03 8.181911658856882291e-03 3.882368494498876499e-02 2.629375560027615629e-03 1.914009136712839856e-02 1.264744333622221974e-02 2.052088076736636318e-02 2.657285133011149172e-02 2.859996768365233658e-02 7.711855692818425992e-03 4.290729614994785029e-02 2.159319593989159330e-03 1.059094848480397234e-02 1.012089251876551604e-02 2.669036532162110537e-02 3.540108994227125251e-03 5.368920487095495131e-02 2.099093673340482122e-02 1.467455968976306285e-02 1.248586159789649925e-03 5.537846849890564957e-03 1.483614142808878074e-03 1.689263627950702814e-03 1.878754939259955764e-02 8.916374105791970150e-03 8.666656873834040729e-04 2.196042716335913636e-02 9.709593548481866565e-03 1.349941977466692124e-02 5.508468352013161547e-03 1.167795290626790286e-02 3.285984987587584755e-02 1.940449784802503186e-02 2.586776738105380641e-02 1.805308694566446978e-02 
4.215814445407406290e-03 2.131410021005625960e-02 7.653098697063619171e-03 1.887568488623176527e-02 1.161919591051309604e-02 2.727793527916917704e-02 7.858748182205443911e-03 4.627113415691055769e-03 6.624851271354495474e-03 1.878754939259955764e-02 9.357051573953023907e-03 1.028247425709123426e-04 8.740103118527549689e-03 2.933443013058742443e-02 7.329935220412179923e-03 1.840562892019331070e-02 5.302818866871336807e-03 1.079659796994579708e-02 0.000000000000000000e+00 1.570280711547218655e-02 1.332314878740250078e-02 3.833893973001160655e-03 2.536833291713794583e-02 1.349941977466692124e-02 2.807115472185906999e-02 1.637851256665246585e-02 1.593783509849141383e-02 2.128472171217885706e-02 2.322370257208749081e-02 4.039543458142984961e-03 2.472200596383506907e-02 1.329377028952509650e-02 2.629375560027615629e-03 2.090280123977261012e-02 1.126665393598425338e-02 1.455704569825344748e-02 1.631975557089766077e-02 1.508585866004671233e-02 2.084404424401780503e-02 1.689263627950702814e-03 3.650278361267388083e-02 3.672312234675440923e-04 3.773668052352482927e-02 1.963952583104425914e-02 1.032654200390734078e-02 2.247455087621369994e-03 4.333328436917020798e-03 3.892650968755967476e-03 5.684739339277582876e-03 2.102031523128222376e-02 7.741234190695829402e-03 2.159319593989159330e-03 1.320563479589288540e-02 7.770612688573233680e-03 8.622589127017936048e-03 1.189829164034842887e-03 5.067790883852108658e-03 3.832425048107290094e-02 1.317625629801548286e-02 8.769481616404953966e-03 2.276833585498773405e-03 4.167339923909690186e-02 1.020902801239772541e-02 2.348810905298412063e-02 1.793557295415485267e-02 1.511523715792411487e-02 
6.419201786212670735e-03 1.764178797538082030e-02 5.214683373239126576e-03 1.787681595840004758e-02 3.833893973001160655e-03 2.745420626643359577e-02 6.419201786212670735e-03 2.923160538801651033e-03 6.595472773477092064e-03 4.891519896587687329e-03 1.837625042231590816e-02 2.381127252963555901e-02 2.298867458906826006e-02 2.436946398930622815e-02 1.329377028952509650e-02 1.661354054967169661e-02 6.742365262864109983e-03 9.592079556972251189e-03 1.570280711547218655e-02 0.000000000000000000e+00 3.059770553931577541e-02 3.356493382493352939e-02 1.252992934471260436e-02 1.940449784802503186e-02 7.564963203431408940e-03 1.438077471098902702e-02 1.161919591051309604e-02 2.040336677585674954e-02 1.012089251876551604e-02 9.298294578198217086e-03 1.126665393598425338e-02 5.772874832909793107e-03 1.452766720037604493e-02 2.962821510936145680e-02 6.096038309561232355e-03 2.569149639378938421e-02 9.885864535746287027e-03 1.279433582560923592e-02 6.859879254373723624e-03 1.914009136712839856e-02 3.510730496349721841e-03 2.566211789591198167e-02 4.568356419936248948e-03 3.099431526066072362e-03 5.185304875361723166e-03 1.042936674647825185e-03 1.038529899966214760e-02 2.830618270487830074e-02 3.334459509085300512e-03 2.331183806571969844e-02 4.406774681610529161e-05 6.419201786212670735e-03 6.154795305316039175e-03 1.814122243929667741e-02 9.650836552727059744e-03 2.981917534556458287e-03 3.305081011207897101e-03 7.946883675837655009e-03 1.197173788504193696e-02 9.650836552727059744e-03 2.335590581253580659e-03 8.064397667347268650e-03 3.158188521820879183e-03 5.537846849890564957e-03 1.189829164034842887e-03 4.568356419936248948e-03 
1.072315172525228812e-03 3.485758773153928985e-02 2.069715175463078538e-02 3.803046550229886857e-02 1.796495145203225868e-02 2.495703394685429635e-02 8.475696637630918129e-03 1.981579681830868134e-02 2.266551111241682168e-02 2.992200008813549264e-02 6.859879254373723624e-03 2.248924012515239948e-02 1.297060681287365812e-02 1.620224157938804713e-02 1.217738737018376170e-02 1.141354642537127130e-02 1.571749636441088739e-03 1.182484539565492078e-02 1.332314878740250078e-02 3.059770553931577541e-02 0.000000000000000000e+00 2.983386459450328154e-02 2.084404424401780503e-02 1.602597059212362493e-02 1.602597059212362493e-02 3.922029466633371320e-03 2.104969372915962977e-02 1.111976144659723546e-02 2.453104572763194734e-03 8.372871895060005542e-04 2.137285720581106815e-02 2.292991759331345497e-02 7.094907237392951774e-03 1.013558176770421775e-03 3.092086901596721379e-02 2.431070699355141959e-02 1.276495732773183338e-02 1.255930784259000864e-02 2.836493970063310582e-02 1.085535496570060390e-02 9.063266595178988069e-03 4.157057449652599469e-03 4.803384402955477098e-03 4.098300453897791781e-03 1.307343155544456962e-03 1.532088664306593961e-02 1.009151402088811177e-02 1.144292492324867384e-02 1.132541093173906020e-02 1.667229754542650169e-02 1.129603243386165592e-02 6.507337279844881833e-03 1.461580269400825603e-02 6.419201786212670735e-03 4.010164960265581550e-03 2.071184100356948665e-03 8.622589127017936048e-03 5.890388824419407615e-03 2.100562598234352076e-03 2.475138446171247161e-02 2.166664218458510052e-02 1.652540505603948551e-02 2.100562598234352076e-03 1.205987337867414806e-02 3.353555532705612685e-02 1.467455968976306285e-02 
4.367113709476034417e-02 1.220676586806116598e-02 2.216607664850096110e-02 1.811184394141927487e-02 1.916946986500580111e-02 1.924291610969931180e-03 3.656154060842869286e-02 1.138416792749386702e-02 8.181911658856882291e-03 5.728807086093687774e-04 2.686663630888552756e-02 1.235365835744818390e-02 8.240668654611689112e-03 2.203387340805264716e-04 2.510392643624131601e-02 2.069715175463078538e-02 4.070390880914259019e-02 3.468131674427486766e-02 3.833893973001160655e-03 3.356493382493352939e-02 2.983386459450328154e-02 0.000000000000000000e+00 3.233103691408258096e-02 2.598528137256342005e-02 3.412312528460419853e-02 1.896382037986397637e-02 2.169602068246250653e-02 2.981917534556458287e-03 2.129941096111755919e-03 3.667905459993830303e-02 1.946325484377983694e-02 1.778868046476783649e-02 3.747227404262819944e-02 1.091411196145541072e-02 1.640789106452987187e-02 7.344624469350882387e-05 1.787681595840004758e-02 3.922029466633371320e-03 3.246324015453089847e-03 9.122023590933794890e-03 1.160450666157439477e-03 1.424857147054071037e-03 3.124403249261865217e-02 1.164857440839049858e-02 1.376382625556355280e-02 2.539771141501535184e-02 1.219207661912246514e-03 6.331066292580460504e-03 1.919884836288320712e-02 2.760109875582061542e-02 2.290053909543604896e-02 1.590845660061401129e-02 1.248586159789649925e-03 8.857617110037163330e-03 2.087342274189520758e-02 1.517399415367892170e-02 1.914009136712839856e-02 1.317625629801548286e-02 3.510730496349721841e-03 7.506206207676601252e-03 1.689263627950702814e-03 3.510730496349721841e-03 2.254799712090720804e-02 1.687794703056832643e-02 5.390954360503547038e-03 3.482820923366188037e-02 
4.381802958414736382e-02 1.208925187655155234e-02 4.364175859688294162e-02 2.754234176006580687e-02 3.628244487859335916e-03 1.702483951995534608e-02 7.976262173715057552e-03 1.752427398387120319e-02 7.006771743760741543e-03 2.119658621854664596e-02 1.013558176770421775e-03 1.737738149448418701e-02 2.228359064001057474e-02 4.464062752471466278e-02 2.786550523671724525e-02 3.833893973001160655e-03 2.398754351689998121e-02 4.922367319358961213e-02 2.536833291713794583e-02 1.252992934471260436e-02 2.084404424401780503e-02 3.233103691408258096e-02 0.000000000000000000e+00 2.469262746595766653e-02 3.330052734403689957e-02 2.511861568518001554e-03 1.755365248174860920e-02 1.894913113092527553e-03 1.006213552301070922e-02 3.573894266786139390e-02 2.648471583647928063e-02 1.587907810273660875e-02 4.067453031126518764e-02 1.608472758787843349e-02 5.479089854135758136e-03 8.710724620650145411e-03 1.100224745508762182e-02 2.974572910087107391e-02 2.010958179708271371e-02 1.887568488623176527e-02 2.363500154237114029e-02 1.652540505603948551e-02 1.308812080438327176e-02 7.653098697063619171e-03 3.612086314026764083e-02 9.562701059094848646e-03 4.484627700985648752e-02 2.707228579402735230e-02 5.772874832909793107e-03 1.197173788504193696e-02 2.423726074885790890e-03 1.399885423858278181e-02 2.688132555782422883e-03 5.625982343522776055e-03 1.914009136712839856e-02 7.711855692818425992e-03 2.313556707845527971e-02 1.802370844778706377e-02 3.183160245016672385e-02 1.097286895721021754e-02 1.123727543810684910e-02 2.154912819307548688e-02 1.573218561334958909e-02 1.511523715792411487e-02 1.535026514094334389e-02 1.026778500815253396e-02 
5.089824757260161259e-02 5.273440368993933397e-03 1.652540505603948551e-02 2.923160538801651033e-03 1.012089251876551604e-02 1.561467162183997545e-02 2.028585278434713590e-02 2.276833585498773405e-03 8.886995607914567608e-03 4.303949939039616521e-03 1.819997943505148597e-02 5.479089854135758136e-03 1.042936674647825185e-03 1.103162595296502436e-02 1.961014733316685660e-02 2.572087489166679022e-02 2.483951995534468271e-02 5.025192061929873583e-02 1.349941977466692124e-02 1.940449784802503186e-02 1.602597059212362493e-02 2.598528137256342005e-02 2.469262746595766653e-02 0.000000000000000000e+00 2.895250965818117750e-02 1.652540505603948551e-02 2.025647428646973336e-02 4.656491913568459179e-03 1.748020623705509851e-03 3.532764369757774442e-02 2.196042716335913636e-02 1.793557295415485267e-02 3.535702219545514696e-02 3.804515475123756811e-03 4.010164960265581550e-03 1.802370844778706377e-02 2.016833879283752226e-02 1.705421801783274863e-02 9.915243033623691304e-03 7.418070714044391022e-03 1.385196174919576390e-02 9.503944063340041826e-03 2.425194999779661104e-02 5.919767322296811025e-03 1.576156411122699164e-02 8.152533160979479748e-03 1.297060681287365812e-02 2.425194999779661104e-02 2.436946398930622815e-02 1.696608252420053753e-02 2.306212083376176815e-03 9.386430071830426450e-03 4.891519896587687329e-03 8.270047152489093389e-03 1.806777619460316888e-03 1.205987337867414806e-02 1.884630638835436273e-02 1.749489548599380065e-02 1.479207368127267649e-02 1.953670108847334590e-03 6.977393245883338133e-03 1.173670990202270968e-02 1.044405599541695442e-02 6.507337279844881833e-03 1.194235938716453442e-02 1.890506338410917128e-02 
