0.000000000000000000e+00 1.637851256665246585e-02 2.511861568518001554e-03 1.746551698811639811e-02 1.623162007726544967e-02 3.863272470878564065e-03 1.496834466853709696e-02 6.507337279844881833e-03 1.076721947206839280e-02 1.778868046476783649e-02 1.983048606724738001e-03 1.189829164034842887e-03 9.254226831382111104e-04 1.322032404483158884e-04 3.068584103294798651e-02 1.332314878740250078e-02 1.279433582560923592e-02 1.505648016216930805e-02 7.623720199186215761e-03 1.032654200390734078e-02 2.328245956784229589e-02 2.013896029496011972e-02 9.210159084566005988e-03 1.849376441382552180e-02 1.831749342656109961e-02 1.828811492868369706e-02 2.201918415911394492e-02 1.229490136169337708e-02 1.285309282136404448e-02 5.248468645798140542e-02 4.744627407200669410e-03 2.483951995534468271e-02 4.581576743981079919e-02 1.881692789047696018e-02 6.419201786212670735e-03 8.093776165224672928e-03 4.646209439311368289e-02 2.989262159025809010e-02 3.703159657446714742e-02 4.367113709476034417e-02 3.393216504840107332e-03 3.908809142588539481e-02 3.606210614451282881e-02 2.783612673883984270e-02 3.657622985736739326e-03 5.874230650586835523e-02 9.298294578198217086e-03 2.959883661148405426e-02 2.040336677585674954e-02 1.417512522584720228e-02 4.832762900832880508e-03 1.314687780013807858e-02 1.817060093717408342e-02 4.625644490797185815e-02 2.956945811360665172e-02 1.737738149448418701e-02 3.949939039616904429e-02 1.006213552301070922e-02 1.485083067702748331e-02 1.535026514094334389e-02 2.439884248718363069e-02 1.819997943505148597e-02 2.113782922279183740e-02 2.218076589743966584e-03 1.649602655816207950e-02 2.842369669638791438e-02 
1.637851256665246585e-02 0.000000000000000000e+00 2.713104278978215739e-02 1.411636823009239546e-02 4.602141692495262393e-02 5.831631828664600795e-03 4.039543458142984961e-03 1.626099857514285221e-02 5.332197364748740218e-03 1.620224157938804713e-02 2.630844484921485843e-02 1.117851844235204228e-02 1.229490136169337708e-02 3.615024163814504338e-02 6.022592064867722961e-04 7.564963203431408940e-03 5.125078954713045698e-02 3.453442425488784800e-02 3.716379981491546147e-03 3.347679833130132176e-02 3.628244487859335916e-03 3.294798536950805518e-02 9.386430071830426450e-03 2.786550523671724525e-02 2.472200596383506907e-02 2.184291317184952272e-02 4.481689851197908497e-02 3.556267168059697170e-02 3.244855090559219807e-02 7.153664233147759462e-03 4.895926671269298230e-02 5.233779396859438576e-02 1.725986750297457337e-02 6.452987058771685047e-02 8.270047152489093389e-03 3.888244194074357007e-02 1.101693670402632223e-03 7.711855692818425992e-03 1.461580269400825603e-02 2.381127252963555901e-02 4.593328143132041630e-02 3.947001189829164175e-02 2.780674824096244016e-02 6.316377043641758149e-04 3.106776150535422998e-02 7.888126680082848188e-03 7.172760256768070941e-02 5.577507822025060125e-02 2.075590875038559394e-02 4.774005905078073687e-03 2.016833879283752226e-02 2.933443013058742443e-02 2.257737561878461058e-02 3.481351998472317997e-03 6.301687794703057094e-03 5.038412385974705247e-03 2.660222982798889427e-02 1.535026514094334389e-02 1.028247425709123426e-04 4.220221220089016845e-02 3.056832704143837287e-02 1.937511935014762585e-02 5.310163491340687963e-02 5.862479251435873812e-02 2.980448609662587900e-02 4.067453031126518764e-02 
2.511861568518001554e-03 2.713104278978215739e-02 0.000000000000000000e+00 2.366438004024854283e-02 1.975703982255387278e-02 1.364631226405393916e-02 1.235365835744818390e-02 1.764178797538082030e-02 1.322032404483158884e-04 1.746551698811639811e-02 3.908809142588539481e-02 2.342935205722931555e-02 2.765985575157542051e-02 4.108582928154883712e-02 7.329935220412179923e-03 3.099431526066072362e-03 3.494572322517149748e-02 2.475138446171247161e-02 1.153106041688088494e-02 5.185304875361723166e-03 1.687794703056832643e-02 7.006771743760741543e-03 9.944621531501093847e-03 1.323501329377028968e-02 3.177284545441191876e-02 2.401692201477738375e-02 3.418188228035900361e-02 2.954007961572924917e-02 2.783612673883984270e-02 1.855252140958032689e-02 2.401692201477738375e-02 2.016833879283752226e-02 2.310618858057787370e-02 2.187229166972692526e-02 2.954007961572924917e-02 4.793101928698385861e-02 1.111976144659723546e-02 8.035019169469864372e-03 1.131072168280035850e-03 1.326439179164769222e-02 2.848245369214271946e-02 2.069715175463078538e-02 2.366438004024854283e-02 1.667229754542650169e-02 2.918753764120040478e-02 1.364631226405393916e-02 6.693890741366394226e-02 9.915243033623691304e-03 1.070846247631358598e-02 6.977393245883338133e-03 1.640789106452987187e-02 8.563832131263129227e-03 3.966097213449476110e-04 2.234234763576538330e-02 2.792426223247205380e-02 4.333328436917020798e-03 8.798860114282356509e-03 7.917505177960250731e-03 1.013558176770421775e-03 4.948807967448624195e-02 4.364175859688294162e-02 2.093217973765001266e-02 2.301805308694566607e-02 3.344741983342391922e-02 2.363500154237114029e-02 2.680787931313071901e-02 
1.746551698811639811e-02 1.411636823009239546e-02 2.366438004024854283e-02 0.000000000000000000e+00 4.627113415691055769e-03 8.093776165224672928e-03 8.886995607914567608e-03 1.681919003481352134e-02 1.717173200934236227e-02 1.244179385108039500e-02 2.663160832586629681e-02 3.823611498744069331e-02 2.372313703600334792e-02 3.147906047563787946e-02 1.561467162183997545e-02 2.034460978010194446e-02 2.247455087621369994e-03 1.012089251876551604e-02 2.043274527373415556e-02 6.007902815929021256e-03 3.045081304992875576e-02 6.242930798948249406e-03 2.923160538801651033e-03 8.975131101546778706e-03 7.763268064103882871e-02 1.111976144659723546e-02 6.096038309561232355e-03 2.497172319579300174e-04 5.789033006742365373e-02 1.297060681287365812e-02 5.424739633062561350e-02 1.963952583104425914e-02 3.200787343743114605e-02 1.179546689777751650e-02 1.561467162183997545e-02 4.387678657990216891e-02 2.319432407421008480e-02 3.450504575701044546e-02 1.396947574070537754e-02 2.818866871336868710e-02 3.011296032433861698e-03 2.143161420156587324e-02 2.034460978010194446e-02 4.002820335796230394e-02 2.016833879283752226e-02 6.242930798948249406e-03 1.571749636441088739e-03 2.146099269944327578e-02 1.953670108847334590e-03 7.491516958737899981e-04 5.430615332638042553e-02 2.213669815062355856e-02 8.681346122772742868e-03 7.183042731025162872e-03 6.712986764986706573e-03 5.772874832909793107e-03 5.420332858380951316e-03 3.729600305536377725e-02 4.215814445407406290e-03 3.086211202021240524e-02 2.128472171217885706e-02 3.955814739192384938e-02 6.419201786212670735e-03 8.387561143998707031e-03 1.529150814518853707e-02 2.143161420156587324e-02 
1.623162007726544967e-02 4.602141692495262393e-02 1.975703982255387278e-02 4.627113415691055769e-03 0.000000000000000000e+00 1.852314291170292435e-02 1.047343449329435870e-02 8.916374105791970150e-03 7.653098697063619171e-03 3.353555532705612685e-02 4.408243606504399364e-02 8.563832131263129227e-03 9.092645093056392347e-03 1.388134024707316644e-02 7.770612688573233680e-03 3.841238597470511551e-02 4.245192943284809700e-03 2.742482776855619322e-02 1.655478355391688805e-02 3.103838300747682744e-02 2.658754057905019473e-03 8.975131101546778706e-03 4.173215623485171388e-02 2.052088076736636318e-02 1.570280711547218655e-02 3.406436828884939344e-02 3.573894266786139390e-02 2.375251553388075393e-02 2.666098682374370282e-02 8.358182646121304488e-03 4.715248909323265999e-03 1.211863037442895488e-02 7.065528739515548363e-03 1.335252728527990332e-02 3.130278948837345726e-02 1.424857147054071037e-03 1.322032404483158884e-04 1.631975557089766077e-02 3.062708403719317796e-02 5.831631828664600795e-03 7.006771743760741543e-03 1.003275702513330495e-02 1.111976144659723546e-02 3.183160245016672385e-02 6.535246852828414943e-02 8.534453633385724949e-03 6.564625350705818874e-02 8.666656873834040729e-04 1.746551698811639811e-02 4.553667170997547026e-04 1.708359651571015117e-02 2.892313116030377496e-02 5.273440368993933397e-03 5.728807086093687774e-04 2.431070699355141959e-02 2.507454793836390999e-02 5.919767322296811025e-03 6.742365262864109983e-03 4.039543458142984961e-03 2.342935205722931555e-02 9.680215050604462287e-03 1.200111638291934124e-02 2.513330493411871855e-02 3.353555532705612685e-02 1.720111050721976481e-02 2.718979978553696594e-02 
3.863272470878564065e-03 5.831631828664600795e-03 1.364631226405393916e-02 8.093776165224672928e-03 1.852314291170292435e-02 0.000000000000000000e+00 1.887568488623176527e-02 5.596603845645371778e-03 1.720111050721976481e-02 8.622589127017936048e-03 9.122023590933794890e-03 1.940449784802503186e-02 1.432201771523422019e-02 2.848245369214271946e-02 1.344066277891211442e-02 7.653098697063619171e-03 2.055025926524376920e-02 2.339997355935190954e-02 1.649602655816207950e-02 2.157850669095289289e-02 7.065528739515548363e-03 1.855252140958032689e-02 7.535584705554004663e-03 1.053219148904916552e-02 5.625982343522776055e-03 1.596721359636881638e-02 5.007564963203431363e-02 1.220676586806116598e-02 1.432201771523422019e-02 9.327673076075619629e-03 5.244061871116529987e-03 3.935249790678202464e-02 4.832762900832880508e-03 2.218076589743966584e-03 8.534453633385724949e-03 1.983048606724738001e-03 6.918636250128531312e-03 1.458642419613085175e-02 8.769481616404953966e-03 1.003275702513330495e-02 1.593783509849141383e-02 5.743496335032389696e-03 2.751296326218840432e-02 7.976262173715057552e-03 3.664967610206090048e-02 2.786550523671724525e-02 2.439884248718363069e-02 9.548011810156146291e-04 3.187567019698283027e-03 3.165533146290230165e-02 5.185304875361723166e-03 2.907002364969079114e-02 1.546777913245295753e-02 3.011296032433861698e-03 7.065528739515548363e-03 1.634913406877506331e-02 6.566094275599688654e-03 2.375251553388075393e-02 5.831631828664600795e-03 1.056156998692656807e-02 1.117851844235204228e-02 2.511861568518001554e-03 2.188698091866562740e-03 1.483614142808878074e-03 5.449711356258354726e-03 1.483614142808878074e-03 
1.496834466853709696e-02 4.039543458142984961e-03 1.235365835744818390e-02 8.886995607914567608e-03 1.047343449329435870e-02 1.887568488623176527e-02 0.000000000000000000e+00 5.185304875361723166e-03 2.636720184496966699e-02 3.491634472729409494e-02 1.317625629801548286e-02 5.596603845645371778e-03 4.284853915419304521e-02 9.445187067585235005e-03 9.944621531501093847e-03 3.099431526066072362e-03 1.599659209424622239e-02 1.082597646782319963e-02 2.335590581253580659e-03 8.710724620650145411e-03 6.507337279844881833e-03 2.533895441926054329e-02 1.424857147054071037e-03 2.554460390440236803e-02 1.796495145203225868e-02 2.539771141501535184e-02 4.461124902683726023e-02 1.949263334165723949e-02 3.275702513330493258e-03 2.219545514637836711e-02 1.922822686076060966e-02 1.189829164034842887e-03 2.616155235982784225e-02 2.081466574614039902e-02 4.378865108626996128e-02 2.898188815605858004e-02 4.878299572542856011e-02 1.285309282136404448e-02 3.183160245016672385e-02 9.063266595178988069e-03 3.682594708932532268e-02 2.008020329920531116e-02 2.128472171217885706e-02 7.858748182205443911e-03 1.322032404483158884e-04 2.492765544897689381e-02 2.125534321430145104e-02 6.771743760741513393e-03 4.157057449652599469e-03 1.270620033197702656e-02 5.567225347767968367e-03 1.925760535863801221e-02 1.082597646782319963e-02 6.115134333181544701e-02 2.880561716879415785e-02 1.723048900509717082e-02 2.025647428646973336e-02 1.806777619460316888e-03 4.137961426032286949e-02 2.002144630345050608e-02 2.234234763576538330e-02 1.579094260910439765e-02 5.038412385974705247e-03 2.301805308694566607e-02 1.229490136169337708e-02 2.511861568518001554e-03 
6.507337279844881833e-03 1.626099857514285221e-02 1.764178797538082030e-02 1.681919003481352134e-02 8.916374105791970150e-03 5.596603845645371778e-03 5.185304875361723166e-03 0.000000000000000000e+00 3.084742277127370549e-04 7.344624469350882387e-05 2.031523128222453844e-02 1.690732552844572897e-02 3.244855090559219807e-02 8.681346122772742868e-03 8.960441852608075916e-04 4.020447434522672614e-02 2.247455087621369994e-03 1.693670402632313499e-02 2.381127252963555901e-02 1.179546689777751650e-02 2.360562304449373427e-02 5.718524611836596494e-02 2.507454793836390999e-02 3.538640069333254951e-02 5.398298984972898368e-02 1.101693670402632223e-03 1.050281299117176124e-02 5.390954360503547038e-03 8.109934339057243979e-02 6.566094275599688654e-03 2.763047725369801796e-02 6.389823288335267325e-03 2.864403543046844212e-03 1.029716350602993651e-02 2.069715175463078538e-02 9.503944063340041826e-03 3.744289554475079690e-02 1.454235644931474664e-03 5.772874832909793107e-03 8.035019169469864372e-03 2.335590581253580659e-03 7.535584705554004663e-03 2.010958179708271371e-02 1.540902213669815071e-02 1.836156117337720516e-03 7.006771743760741543e-03 7.785301937511935168e-04 5.949145820174214436e-03 5.155926377484318888e-03 9.254226831382111104e-04 1.655478355391688805e-02 1.512992640686281701e-03 8.740103118527549689e-03 8.152533160979479748e-03 1.963952583104425914e-02 9.621458054849655467e-03 1.305874230650586922e-02 3.271295738648882789e-02 1.211863037442895488e-02 1.258868634046741118e-02 6.948014748005934722e-03 1.532088664306593961e-02 5.655360841400179465e-03 4.796039778486126115e-02 2.266551111241682168e-02 1.802370844778706377e-02 
1.076721947206839280e-02 5.332197364748740218e-03 1.322032404483158884e-04 1.717173200934236227e-02 7.653098697063619171e-03 1.720111050721976481e-02 2.636720184496966699e-02 3.084742277127370549e-04 0.000000000000000000e+00 1.806777619460316888e-03 2.240110463152019185e-02 2.281240360180384133e-02 1.396947574070537754e-02 2.049150226948896064e-02 4.891519896587687329e-03 4.568356419936248948e-03 8.093776165224672928e-03 2.049150226948896064e-02 4.538977922058845538e-03 2.833556120275570328e-02 1.711297501358755371e-02 2.698415030039514120e-02 5.802253330787196517e-03 1.928698385651541475e-02 1.571749636441088739e-03 2.804177622398166744e-02 4.469938452046946786e-02 6.654229769231898885e-03 7.183042731025162872e-03 1.626099857514285221e-02 1.802370844778706377e-02 5.831631828664600795e-03 1.250055084683520182e-02 4.832762900832880508e-03 3.982255387282048614e-02 2.172539918033990908e-02 6.403043612380099336e-02 1.282371432348664020e-02 4.205531971150314879e-02 1.772992346901302793e-02 1.094349045933281500e-02 1.003275702513330495e-02 3.424063927611381564e-02 4.041012383036855088e-02 2.237172613364278584e-02 4.963497216387326161e-02 1.919884836288320712e-02 6.683608267109302295e-03 1.167795290626790286e-02 1.232427985957077962e-02 1.878754939259955764e-02 7.858748182205443911e-03 5.743496335032389696e-03 5.457055980727705535e-02 7.741234190695829402e-03 1.630506632195895776e-03 1.411636823009239546e-02 2.880561716879415785e-02 4.076266580489739527e-02 1.922822686076060966e-02 2.187229166972692526e-02 1.366100151299263999e-03 5.890388824419407615e-03 1.502710166429190551e-02 8.299425650366495932e-03 3.363838006962703922e-03 
1.778868046476783649e-02 1.620224157938804713e-02 1.746551698811639811e-02 1.244179385108039500e-02 3.353555532705612685e-02 8.622589127017936048e-03 3.491634472729409494e-02 7.344624469350882387e-05 1.806777619460316888e-03 0.000000000000000000e+00 4.590390293344301376e-02 2.674912231737591392e-02 2.727793527916917704e-02 1.576156411122699164e-02 5.714117837154986286e-03 1.455704569825344748e-02 9.841796788930181478e-04 2.075590875038559394e-02 2.730731377704657958e-02 1.652540505603948551e-02 8.064397667347268650e-03 3.378527255901405736e-04 2.063839475887598029e-02 2.930505163271001842e-02 6.702704290729614989e-02 2.936380862846482698e-02 2.345873055510671809e-02 1.961014733316685660e-02 5.774343757803663407e-02 8.387561143998707031e-03 6.566094275599688654e-03 9.063266595178988069e-03 1.079659796994579708e-02 2.060901626099857428e-02 2.790957298353335361e-04 1.508585866004671233e-02 2.431070699355141959e-02 1.382258325131835962e-02 1.120789694022944656e-02 2.533895441926054329e-02 1.532088664306593961e-02 1.896382037986397637e-02 2.398754351689998121e-02 5.686208264171453003e-02 3.224290142045037333e-02 1.277964657667053552e-03 2.372313703600334792e-02 4.114458627730364221e-02 4.245192943284809700e-03 8.857617110037163330e-03 1.811184394141927487e-02 2.040336677585674954e-02 7.359313718289584201e-03 1.966890432892166168e-02 9.092645093056392347e-03 4.509599424181441260e-03 1.455704569825344748e-02 4.392085432671827619e-03 1.305874230650586922e-02 5.861010326542004205e-03 1.846438591594811926e-02 2.893782040924247623e-03 1.232427985957077962e-02 6.536715777722285244e-03 1.032654200390734078e-02 1.150168191900348066e-02 
1.983048606724738001e-03 2.630844484921485843e-02 3.908809142588539481e-02 2.663160832586629681e-02 4.408243606504399364e-02 9.122023590933794890e-03 1.317625629801548286e-02 2.031523128222453844e-02 2.240110463152019185e-02 4.590390293344301376e-02 0.000000000000000000e+00 2.570618564272808809e-03 6.937732273748843659e-02 6.389823288335267325e-03 7.594341701308812351e-03 3.481351998472317997e-03 1.185422389353232332e-02 3.080335502445760015e-02 6.331066292580460504e-03 2.394347577008387479e-03 4.017509584734932360e-02 1.540902213669815071e-02 2.680787931313071901e-02 1.614348458363323857e-02 2.364969079130984069e-03 1.047343449329435870e-02 1.576156411122699164e-02 1.322032404483158884e-04 5.420332858380951316e-03 1.367569076193134170e-02 4.616830941433964358e-02 2.436946398930622815e-02 3.162595296502489911e-02 9.122023590933794890e-03 6.125416807438635765e-03 3.001013558176770374e-02 2.469262746595766653e-02 4.757847731245501421e-02 2.839431819851051184e-02 8.079086916285970355e-04 1.902257737561878492e-02 3.099431526066072362e-03 1.097286895721021754e-02 1.366100151299263999e-03 1.308812080438327176e-02 1.454235644931474664e-03 4.392085432671827619e-03 1.402823273646018436e-02 2.022709578859233082e-02 2.658754057905019473e-03 2.196042716335913636e-02 9.533322561217444369e-03 1.702483951995534608e-02 2.243048312939759439e-02 2.019771729071492480e-02 3.009827107539991484e-02 1.414574672796979973e-02 3.084742277127370549e-04 1.032654200390734078e-02 3.800108700442146603e-02 5.185304875361723166e-03 1.526212964731113279e-02 7.770612688573233680e-03 9.180780586688603445e-03 2.016833879283752226e-02 1.552653612820776435e-02 
1.189829164034842887e-03 1.117851844235204228e-02 2.342935205722931555e-02 3.823611498744069331e-02 8.563832131263129227e-03 1.940449784802503186e-02 5.596603845645371778e-03 1.690732552844572897e-02 2.281240360180384133e-02 2.674912231737591392e-02 2.570618564272808809e-03 0.000000000000000000e+00 3.720786756173156962e-02 4.067453031126518764e-02 1.449828870249864066e-02 2.131410021005625960e-02 6.566094275599688654e-03 5.097169381729512068e-03 1.402823273646018436e-02 9.151402088811199168e-03 4.813666877212568335e-02 3.039205605417395067e-02 1.044405599541695442e-02 4.402367906928918856e-02 2.630844484921485843e-02 2.378189403175815647e-02 1.458642419613085175e-02 1.073784097419099026e-02 7.036150241638144953e-03 2.031523128222453844e-02 1.000337852725590067e-02 1.514461565580151915e-02 3.095024751384461634e-02 3.077397652658019761e-02 2.511861568518001554e-03 3.711973206809935505e-02 2.052088076736636318e-02 9.268916080320812809e-03 2.287116059755864642e-02 2.805646547292036958e-03 5.214683373239126576e-03 7.300556722534776513e-03 1.655478355391688805e-02 1.382258325131835962e-02 1.978641832043127533e-02 2.188698091866562740e-03 3.153781747139268454e-02 1.370506925980874598e-02 1.226552286381597280e-02 2.448697798081584179e-02 1.793557295415485267e-02 3.391747579946237379e-02 2.898188815605858004e-02 2.482483070640598144e-03 1.696608252420053753e-02 1.103162595296502436e-02 1.949263334165723949e-02 2.387002952539036757e-02 5.802253330787196517e-03 3.048019154780616177e-02 1.003275702513330495e-02 7.829369684328039633e-03 3.811860099593107620e-02 4.681463636764252034e-02 2.276833585498773405e-03 3.773668052352482927e-02 
9.254226831382111104e-04 1.229490136169337708e-02 2.765985575157542051e-02 2.372313703600334792e-02 9.092645093056392347e-03 1.432201771523422019e-02 4.284853915419304521e-02 3.244855090559219807e-02 1.396947574070537754e-02 2.727793527916917704e-02 6.937732273748843659e-02 3.720786756173156962e-02 0.000000000000000000e+00 4.143837125607767458e-02 3.863272470878564065e-03 1.131072168280035850e-03 2.198980566123654237e-02 2.463387047020285797e-02 2.798301922822686236e-02 6.154795305316039175e-03 3.283047137799844500e-02 1.385196174919576390e-02 3.951407964510774730e-03 7.006771743760741543e-03 3.632651262540946557e-02 2.805646547292036958e-03 1.975703982255387278e-02 1.241241535320299072e-02 5.175022401104631409e-02 2.482483070640598144e-03 5.589259221176021142e-02 1.468924893870176444e-05 2.557398240227977057e-02 5.283722843251024287e-02 2.389940802326777011e-02 5.580445671812800379e-02 9.004509599424181249e-03 2.210731965274615601e-02 2.989262159025809010e-02 4.549260396315936428e-02 3.603272764663542627e-02 5.148581753014968426e-02 5.978524318051617846e-03 6.088693685091881025e-02 2.768923424945282652e-02 2.025647428646973336e-02 1.435139621311162274e-02 5.621575568841165327e-02 1.483614142808878074e-03 7.329935220412179923e-03 3.791295151078925146e-02 3.999882486008490140e-02 2.046212377161155810e-02 3.300674236526286720e-02 7.183042731025162872e-03 1.120789694022944656e-02 1.424857147054071037e-03 1.285309282136404448e-02 1.723048900509717082e-02 2.959883661148405426e-02 1.167795290626790286e-02 6.712986764986706573e-03 2.481014145746728017e-02 1.673105454118131025e-02 1.902257737561878492e-02 2.616155235982784225e-02 
1.322032404483158884e-04 3.615024163814504338e-02 4.108582928154883712e-02 3.147906047563787946e-02 1.388134024707316644e-02 2.848245369214271946e-02 9.445187067585235005e-03 8.681346122772742868e-03 2.049150226948896064e-02 1.576156411122699164e-02 6.389823288335267325e-03 4.067453031126518764e-02 4.143837125607767458e-02 0.000000000000000000e+00 4.685870411445862589e-03 1.241241535320299072e-02 1.777399121582913478e-03 9.592079556972251189e-03 7.241799726779969693e-03 1.336721653421860589e-03 3.600334914875802372e-02 1.443953170674383384e-02 4.002820335796230394e-02 4.234910469027718810e-02 2.507454793836390999e-02 1.432201771523422019e-02 1.322032404483158884e-04 1.302936380862846494e-02 1.689263627950702814e-03 5.919767322296811025e-03 6.977393245883338133e-03 3.327114884615949703e-02 3.334459509085300512e-03 2.453104572763194734e-03 2.281240360180384133e-02 8.828238612159760787e-03 3.885306344286616753e-02 3.676719009357051760e-02 1.911071286925099602e-02 5.596603845645371778e-03 7.197731979963864794e-04 1.718642125828106441e-03 1.399885423858278181e-02 2.010958179708271371e-02 1.905195587349618747e-02 9.915243033623691304e-03 2.301805308694566607e-02 2.658754057905019473e-03 2.131410021005625960e-02 2.939318712634222952e-02 4.969372915962806669e-02 1.088473346357800645e-02 4.608017392070743595e-02 1.963952583104425914e-02 1.470393818764046540e-02 2.548584690864755947e-02 6.360444790457863914e-03 1.414574672796979973e-02 1.391071874495057072e-02 1.490958767278229014e-02 8.211290156734286569e-03 4.509599424181441260e-03 2.629375560027615629e-03 3.750165254050560198e-02 3.432877476974602327e-02 9.562701059094848646e-03 
3.068584103294798651e-02 6.022592064867722961e-04 7.329935220412179923e-03 1.561467162183997545e-02 7.770612688573233680e-03 1.344066277891211442e-02 9.944621531501093847e-03 8.960441852608075916e-04 4.891519896587687329e-03 5.714117837154986286e-03 7.594341701308812351e-03 1.449828870249864066e-02 3.863272470878564065e-03 4.685870411445862589e-03 0.000000000000000000e+00 1.170733140414530540e-02 5.302818866871336807e-03 3.021578506690952848e-02 1.546777913245295753e-02 2.178415617609471763e-02 2.122596471642404850e-02 2.492765544897689381e-02 1.493896617065969441e-02 3.216945517575686437e-03 8.358182646121304488e-03 3.465193824639746512e-02 4.469938452046946786e-02 1.402823273646018436e-02 9.092645093056392347e-03 3.657622985736739326e-03 1.999206780557310006e-02 1.542371138563685328e-03 2.648471583647928063e-02 2.511861568518001554e-03 2.554460390440236803e-02 4.406774681610529161e-05 5.586321371388280888e-02 2.345873055510671809e-02 3.250730790134700315e-02 7.564963203431408940e-03 1.173670990202270968e-02 2.188698091866562740e-03 2.298867458906826006e-02 3.735476005111858927e-02 1.723048900509717082e-02 4.737282782731318947e-02 1.699546102207794007e-02 4.421463930549231029e-03 1.214800887230635916e-02 2.276833585498773405e-03 1.467455968976306285e-02 9.063266595178988069e-03 2.071184100356948665e-03 5.853665702072653049e-02 1.203049488079674552e-02 7.153664233147759462e-03 2.431070699355141959e-02 1.185422389353232332e-02 3.562142867635177679e-02 9.033888097301585526e-03 2.669036532162110537e-02 1.746551698811639811e-02 1.101693670402632223e-03 2.218076589743966584e-03 3.620899863389984846e-02 4.274571441162213110e-03 
1.332314878740250078e-02 7.564963203431408940e-03 3.099431526066072362e-03 2.034460978010194446e-02 3.841238597470511551e-02 7.653098697063619171e-03 3.099431526066072362e-03 4.020447434522672614e-02 4.568356419936248948e-03 1.455704569825344748e-02 3.481351998472317997e-03 2.131410021005625960e-02 1.131072168280035850e-03 1.241241535320299072e-02 1.170733140414530540e-02 0.000000000000000000e+00 3.074459802870279160e-02 1.512992640686281701e-03 1.314687780013807858e-02 1.248586159789649925e-03 1.637851256665246585e-02 2.622030935558264733e-02 3.529826519970034188e-02 4.722593533792616982e-02 3.297736386738545772e-02 9.357051573953023907e-03 1.582032110698180019e-02 6.595472773477092064e-03 4.975248615538287872e-02 3.569487492104528661e-03 2.760109875582061542e-02 7.976262173715057552e-03 8.681346122772742868e-03 2.366438004024854283e-02 8.079086916285970355e-04 2.589714587893120895e-02 6.566094275599688654e-03 1.605534909000102747e-02 1.273557882985442910e-02 2.451635647869324433e-02 1.305874230650586922e-02 3.447566725913304292e-02 1.135478942961646448e-02 1.690732552844572897e-02 9.562701059094848646e-03 2.188698091866562740e-03 1.928698385651541475e-02 2.542708991289275439e-02 1.446891020462123811e-02 2.087342274189520758e-02 3.153781747139268454e-02 3.922029466633371320e-03 2.143161420156587324e-02 1.185422389353232332e-02 3.127341099049605472e-02 4.127678951775196059e-03 3.879430644711136245e-02 1.831749342656109961e-02 9.268916080320812809e-03 4.186435947530002880e-03 2.893782040924247623e-03 2.812991171761387854e-02 3.497510172304890003e-02 9.445187067585235005e-03 3.553329318271956916e-02 2.998075708389030120e-02 
1.279433582560923592e-02 5.125078954713045698e-02 3.494572322517149748e-02 2.247455087621369994e-03 4.245192943284809700e-03 2.055025926524376920e-02 1.599659209424622239e-02 2.247455087621369994e-03 8.093776165224672928e-03 9.841796788930181478e-04 1.185422389353232332e-02 6.566094275599688654e-03 2.198980566123654237e-02 1.777399121582913478e-03 5.302818866871336807e-03 3.074459802870279160e-02 0.000000000000000000e+00 4.352424460537332451e-02 2.394347577008387479e-03 1.937511935014762585e-02 4.333328436917020798e-03 1.358755526829913234e-02 4.919429469571220959e-02 1.819997943505148597e-02 9.357051573953023907e-03 3.641464811904167320e-02 5.280784993463284033e-02 3.488696622941669240e-02 2.254799712090720804e-02 1.131072168280035850e-03 1.335252728527990332e-02 1.373444775768615025e-02 3.103838300747682744e-02 3.835362897895030349e-02 4.596265992919781884e-02 5.537846849890564957e-03 1.106100445084242864e-02 3.761916653201521910e-02 2.266551111241682168e-02 2.877623867091675530e-02 5.324852740279389235e-02 4.090955829428441493e-02 1.399885423858278181e-02 4.553667170997547026e-04 4.281916065631564267e-02 1.526212964731113279e-02 5.116265405349824241e-02 3.703159657446714742e-02 2.134347870793366214e-02 1.091411196145541072e-02 1.085535496570060390e-02 1.405761123433758863e-02 1.934574085227022330e-02 2.102031523128222376e-02 2.554460390440236803e-02 2.616155235982784225e-02 2.052088076736636318e-02 1.984517531618608388e-02 3.797170850654406349e-02 2.805646547292036958e-03 1.924291610969931180e-03 3.092086901596721379e-02 3.221352292257297079e-02 4.854796774240933283e-02 4.002820335796230394e-02 1.094349045933281500e-02 
1.505648016216930805e-02 3.453442425488784800e-02 2.475138446171247161e-02 1.012089251876551604e-02 2.742482776855619322e-02 2.339997355935190954e-02 1.082597646782319963e-02 1.693670402632313499e-02 2.049150226948896064e-02 2.075590875038559394e-02 3.080335502445760015e-02 5.097169381729512068e-03 2.463387047020285797e-02 9.592079556972251189e-03 3.021578506690952848e-02 1.512992640686281701e-03 4.352424460537332451e-02 0.000000000000000000e+00 2.210731965274615601e-02 2.630844484921485843e-02 1.493896617065969441e-02 2.498641244473170236e-02 2.689601480676293010e-02 6.007902815929021256e-03 6.610162022415794420e-04 1.423388222160200910e-02 1.659885130073299403e-03 8.916374105791970150e-03 1.182484539565492078e-02 2.071184100356948665e-03 1.438077471098902702e-02 2.193104866548173382e-02 9.327673076075619629e-03 1.482145217915008077e-02 2.599997062150212219e-03 9.841796788930181478e-04 1.723048900509717082e-02 1.953670108847334590e-03 2.815929021549128108e-02 3.510730496349721841e-03 2.331183806571969844e-02 1.411636823009239546e-02 3.033329905841914212e-02 4.509599424181441260e-03 4.625644490797185815e-02 2.792426223247205380e-02 5.380671886246456148e-02 9.592079556972251189e-03 4.123272177093584984e-02 1.630506632195895776e-03 2.266551111241682168e-02 3.833893973001160655e-03 2.859996768365233658e-02 2.203387340805264716e-04 3.362369082068834142e-02 4.017509584734932360e-02 3.394685429733977633e-02 2.746889551537229704e-03 1.091411196145541072e-02 1.855252140958032689e-02 3.823611498744069331e-02 4.480220926304037850e-03 6.801122258618916804e-03 1.723048900509717082e-02 2.654347283223408918e-02 2.306212083376176815e-03 
7.623720199186215761e-03 3.716379981491546147e-03 1.153106041688088494e-02 2.043274527373415556e-02 1.655478355391688805e-02 1.649602655816207950e-02 2.335590581253580659e-03 2.381127252963555901e-02 4.538977922058845538e-03 2.730731377704657958e-02 6.331066292580460504e-03 1.402823273646018436e-02 2.798301922822686236e-02 7.241799726779969693e-03 1.546777913245295753e-02 1.314687780013807858e-02 2.394347577008387479e-03 2.210731965274615601e-02 0.000000000000000000e+00 1.961014733316685660e-02 1.899319887774138238e-02 1.123727543810684910e-02 1.012089251876551604e-02 5.038412385974705247e-03 2.075590875038559394e-02 9.004509599424181249e-03 3.246324015453089847e-03 1.723048900509717082e-02 6.448580284090074145e-03 1.931636235439282076e-02 1.764178797538082030e-02 7.124285735270356051e-03 2.798301922822686236e-02 2.798301922822686236e-02 1.035592050178474333e-02 2.163726368670769798e-02 2.201918415911394492e-02 2.203387340805264716e-04 9.562701059094848646e-03 2.146099269944327578e-02 2.898188815605858004e-02 2.339997355935190954e-02 3.540108994227125251e-03 5.038412385974705247e-03 7.506206207676601252e-03 2.163726368670769798e-02 1.689263627950702814e-03 2.666098682374370282e-02 7.197731979963864794e-04 4.068921956020388371e-03 9.856486037868884484e-03 1.094349045933281500e-02 6.419201786212670735e-03 4.538977922058845538e-03 2.629375560027615629e-03 2.658754057905019473e-03 3.833893973001160655e-03 6.154795305316039175e-03 1.294122831499625384e-02 9.738972046359269108e-03 2.090280123977261012e-02 1.009151402088811177e-02 2.765985575157542051e-02 2.401692201477738375e-02 1.946325484377983694e-02 2.992200008813549264e-02 
1.032654200390734078e-02 3.347679833130132176e-02 5.185304875361723166e-03 6.007902815929021256e-03 3.103838300747682744e-02 2.157850669095289289e-02 8.710724620650145411e-03 1.179546689777751650e-02 2.833556120275570328e-02 1.652540505603948551e-02 2.394347577008387479e-03 9.151402088811199168e-03 6.154795305316039175e-03 1.336721653421860589e-03 2.178415617609471763e-02 1.248586159789649925e-03 1.937511935014762585e-02 2.630844484921485843e-02 1.961014733316685660e-02 0.000000000000000000e+00 1.349941977466692124e-02 1.924291610969931180e-03 3.694346108083493979e-02 8.916374105791970150e-03 4.392085432671827619e-03 6.389823288335267325e-03 1.182484539565492078e-02 1.276495732773183338e-02 1.934574085227022330e-02 1.953670108847334590e-03 1.361693376617653488e-02 2.889375266242636894e-02 7.976262173715057552e-03 2.012427104602141845e-03 2.295929609119085751e-02 2.243048312939759439e-02 8.005640671592461829e-03 2.096155823552741868e-02 2.125534321430145104e-02 6.903947001189829607e-04 8.079086916285970355e-04 7.564963203431408940e-03 1.943387634590243440e-02 2.551522540652496548e-02 1.138416792749386702e-02 8.328804148243900210e-03 1.235365835744818390e-02 1.366100151299263999e-03 2.733669227492398213e-02 2.306212083376176815e-03 9.974000029378498125e-03 1.658416205179429059e-02 3.332990584191430211e-02 6.213552301070845996e-03 1.552653612820776435e-02 2.483951995534468271e-02 2.378189403175815647e-02 1.508585866004671233e-02 8.975131101546778706e-03 8.798860114282356509e-03 2.436946398930622815e-02 2.701352879827254375e-02 7.799991186450637090e-03 2.497172319579300174e-04 2.780674824096244016e-02 6.242930798948249406e-03 
2.328245956784229589e-02 3.628244487859335916e-03 1.687794703056832643e-02 3.045081304992875576e-02 2.658754057905019473e-03 7.065528739515548363e-03 6.507337279844881833e-03 2.360562304449373427e-02 1.711297501358755371e-02 8.064397667347268650e-03 4.017509584734932360e-02 4.813666877212568335e-02 3.283047137799844500e-02 3.600334914875802372e-02 2.122596471642404850e-02 1.637851256665246585e-02 4.333328436917020798e-03 1.493896617065969441e-02 1.899319887774138238e-02 1.349941977466692124e-02 0.000000000000000000e+00 1.013558176770421775e-03 1.164857440839049858e-02 3.481351998472317997e-03 5.759654508864961442e-02 7.476827709799197842e-03 1.482145217915008077e-02 8.005640671592461829e-03 4.669712237613291017e-02 1.349941977466692124e-02 5.697959663322414020e-02 1.185422389353232332e-02 3.468131674427486766e-02 2.859996768365233658e-02 2.263613261453941913e-02 4.052763782187816799e-02 1.746551698811639811e-02 2.334121656359710445e-02 2.331183806571969844e-02 3.897057743437577770e-02 8.666656873834040729e-04 3.285984987587584755e-02 2.436946398930622815e-02 6.264964672356301834e-02 2.025647428646973336e-02 1.250055084683520182e-02 1.252992934471260436e-02 3.468131674427486766e-02 8.666656873834040729e-04 2.629375560027615629e-03 5.039881310868575548e-02 2.857058918577493056e-02 1.520337265155632597e-02 1.485083067702748331e-02 3.216945517575686437e-03 8.328804148243900210e-03 4.847452149771582213e-04 3.115589699898644108e-02 5.009033888097301837e-03 3.479883073578447783e-02 2.269488961029422422e-02 4.017509584734932360e-02 3.378527255901405736e-04 1.894913113092527553e-03 5.361575862626143628e-03 6.830500756496320214e-03 
2.013896029496011972e-02 3.294798536950805518e-02 7.006771743760741543e-03 6.242930798948249406e-03 8.975131101546778706e-03 1.855252140958032689e-02 2.533895441926054329e-02 5.718524611836596494e-02 2.698415030039514120e-02 3.378527255901405736e-04 1.540902213669815071e-02 3.039205605417395067e-02 1.385196174919576390e-02 1.443953170674383384e-02 2.492765544897689381e-02 2.622030935558264733e-02 1.358755526829913234e-02 2.498641244473170236e-02 1.123727543810684910e-02 1.924291610969931180e-03 1.013558176770421775e-03 0.000000000000000000e+00 3.050957004568356432e-02 2.836493970063310582e-02 4.259882192223511839e-04 2.113782922279183740e-02 9.709593548481866565e-03 7.447449211921794432e-03 3.745758479368949991e-03 5.126547879606915478e-03 8.299425650366495932e-03 1.966890432892166168e-02 5.435022107319652587e-04 2.439884248718363069e-02 3.309487785889507483e-02 3.764854502989262164e-02 1.658416205179429059e-02 1.837625042231590816e-02 1.322032404483158884e-04 3.001013558176770374e-02 8.270047152489093389e-03 3.347679833130132176e-02 1.270620033197702656e-02 2.613217386195043970e-02 2.677850081525331646e-02 1.975703982255387278e-02 2.501579094260910491e-02 1.990393231194088897e-02 6.889257752251127034e-03 8.152533160979479748e-03 1.396947574070537754e-02 1.958076883528945059e-02 1.144292492324867384e-02 8.475696637630918129e-03 3.084742277127370549e-04 1.314687780013807858e-02 2.948132261997444062e-02 7.491516958737899981e-04 1.599659209424622239e-02 1.637851256665246585e-02 1.347004127678951696e-02 4.450842428426634440e-03 2.689601480676293010e-02 1.464518119188565858e-02 3.485758773153928985e-02 2.536833291713794583e-02 
9.210159084566005988e-03 9.386430071830426450e-03 9.944621531501093847e-03 2.923160538801651033e-03 4.173215623485171388e-02 7.535584705554004663e-03 1.424857147054071037e-03 2.507454793836390999e-02 5.802253330787196517e-03 2.063839475887598029e-02 2.680787931313071901e-02 1.044405599541695442e-02 3.951407964510774730e-03 4.002820335796230394e-02 1.493896617065969441e-02 3.529826519970034188e-02 4.919429469571220959e-02 2.689601480676293010e-02 1.012089251876551604e-02 3.694346108083493979e-02 1.164857440839049858e-02 3.050957004568356432e-02 0.000000000000000000e+00 3.897057743437577770e-02 1.720111050721976481e-02 1.881692789047696018e-02 3.150843897351528200e-02 6.859879254373723624e-03 4.597734917813652358e-03 9.122023590933794890e-03 4.311294563508967503e-02 1.649602655816207950e-02 1.652540505603948551e-02 5.774343757803663407e-02 9.592079556972251189e-03 1.946325484377983694e-02 3.422595002717511176e-03 1.793557295415485267e-02 1.264744333622221974e-02 4.866548173391894300e-02 1.893444188198657382e-02 6.247337573629860308e-02 2.592652437680861496e-02 2.504516944048650745e-02 7.005302818866870895e-02 2.483951995534468271e-02 6.658636543913509787e-02 5.004627113415691109e-02 1.349941977466692124e-02 2.651409433435668317e-02 2.854121068789752802e-02 8.666656873834040729e-04 2.483951995534468271e-02 7.065528739515548363e-03 1.667229754542650169e-02 4.568356419936248948e-03 3.556267168059697170e-02 1.836156117337720516e-03 1.050281299117176124e-02 2.645533733860187808e-02 1.811184394141927487e-02 6.771743760741513393e-03 7.525302231296913946e-02 4.170277773697431134e-02 4.061577331551037562e-02 7.175698106555811195e-02 
1.849376441382552180e-02 2.786550523671724525e-02 1.323501329377028968e-02 8.975131101546778706e-03 2.052088076736636318e-02 1.053219148904916552e-02 2.554460390440236803e-02 3.538640069333254951e-02 1.928698385651541475e-02 2.930505163271001842e-02 1.614348458363323857e-02 4.402367906928918856e-02 7.006771743760741543e-03 4.234910469027718810e-02 3.216945517575686437e-03 4.722593533792616982e-02 1.819997943505148597e-02 6.007902815929021256e-03 5.038412385974705247e-03 8.916374105791970150e-03 3.481351998472317997e-03 2.836493970063310582e-02 3.897057743437577770e-02 0.000000000000000000e+00 2.188698091866562740e-03 1.449828870249864066e-02 2.378189403175815647e-02 1.173670990202270968e-02 3.393216504840107332e-03 8.035019169469864372e-03 2.046212377161155810e-02 2.129941096111755919e-03 5.273440368993933397e-03 1.429263921735681592e-02 3.523950820394552985e-02 3.521012970606812731e-02 1.825873643080629452e-02 1.911071286925099602e-02 1.072315172525228812e-03 9.827107539991480206e-03 1.238303685532558644e-02 2.254799712090720804e-02 1.314687780013807858e-02 3.568018567210658187e-02 3.782481601715704383e-02 1.925760535863801221e-02 5.389485435609677605e-02 2.107907222703703232e-02 3.922029466633371320e-03 1.064970548055877916e-02 3.124403249261865217e-02 3.620899863389984846e-02 1.718642125828106441e-03 2.069715175463078538e-02 1.836156117337720516e-03 1.028247425709123426e-04 2.104969372915962977e-02 5.435022107319652587e-04 1.038529899966214760e-02 1.549715763033036181e-02 1.335252728527990332e-02 1.659885130073299403e-03 1.329377028952509650e-02 2.516268343199612109e-02 2.298867458906826006e-02 2.439884248718363069e-02 
