1.000000 0.157913 0.066736 0.291267 0.180465 0.263316 0.438824 0.423357 0.363643 0.273919 0.230930 0.153900 0.272395 0.083246 0.715293 0.255483 0.549084 0.150907 0.155397 0.058633 0.269138 0.227448 0.262480 0.206987 0.187246 0.164258 0.144065 0.161420 0.141679 0.868816 0.644506 0.319723 0.798195 0.369860 0.100600 0.056717 0.332341 0.306374 0.240992 0.352814 0.315931 0.288131 0.399097 0.174536 0.171272 0.391582 0.125314 0.316889 0.249362 0.450155 0.084989 0.190562 0.157986 0.316160 0.236025 0.293554 0.226176 0.292534 0.234821 0.097116 0.049311 0.209199 0.339648 0.298636 0.248873 0.363254 
0.157913 1.000000 0.289624 0.193516 0.161511 0.120803 0.076487 0.197273 0.131964 0.200033 0.176881 0.256488 0.180967 0.112663 0.132984 0.123242 0.118963 0.079826 0.219837 0.129492 0.149100 0.159478 0.333799 0.197973 0.118836 0.160187 0.258907 0.421907 0.073397 0.147298 0.099252 0.101315 0.178388 0.153367 0.626579 0.121786 0.274847 0.246697 0.132241 0.191045 0.145360 0.185654 0.111036 0.209137 0.229920 0.235898 0.311267 0.175739 0.044624 0.128630 0.107661 0.162413 0.126087 0.285681 0.081541 0.147132 0.048350 0.162462 0.068953 -0.026811 0.098924 0.141996 0.182808 0.100978 0.312074 0.215960 
0.066736 0.289624 1.000000 0.021884 0.186286 0.082502 0.022667 0.089088 0.082317 0.146190 0.040694 0.108602 0.031509 -0.043877 0.023940 0.223171 0.038304 0.343007 0.156690 0.197469 0.025199 0.244845 0.429014 0.540086 0.071188 0.113601 0.078417 -0.070621 0.093025 0.020353 0.086108 0.094151 0.048736 0.004535 0.035143 0.151020 0.003055 0.095241 0.064993 0.038487 -0.012117 0.040568 -0.033022 0.002055 0.149819 0.003742 0.042029 -0.000387 0.017385 -0.007304 0.025524 0.060109 -0.012270 0.009805 -0.033816 0.108349 -0.004091 -0.055282 0.039588 -0.108567 -0.046502 -0.037733 0.034705 0.012095 0.087356 0.061675 
0.291267 0.193516 0.021884 1.000000 0.393792 0.212868 0.296832 0.514234 0.329219 0.559502 0.595180 0.299116 0.704696 0.217436 0.290259 0.201621 0.266591 0.092503 0.161772 0.091176 0.943761 0.177209 0.184677 0.122248 0.632168 0.194554 0.193035 0.239064 0.422163 0.264159 0.206550 0.276145 0.260848 0.216380 0.151798 0.106702 0.646159 0.195246 0.091970 0.296353 0.344422 0.255113 0.371498 0.384730 0.194769 0.447769 0.247487 0.210649 0.151632 0.258165 0.190929 0.121255 0.188375 0.565698 0.028134 0.151392 0.058231 0.335720 0.130342 0.159334 0.048086 0.200391 0.213495 0.153214 0.226870 0.285210 
0.180465 0.161511 0.186286 0.393792 1.000000 0.306720 0.306667 0.328323 0.573745 0.395803 0.335509 0.593538 0.340271 0.312587 0.296663 0.236215 0.422919 0.214465 0.293654 0.297466 0.395408 0.276624 0.275915 0.250637 0.421377 0.353899 0.215238 0.198937 0.344720 0.216054 0.143964 0.612250 0.216573 0.206174 0.067649 0.068977 0.360278 0.197250 0.097009 0.202373 0.277738 0.197691 0.507239 0.188732 0.329508 0.396413 0.282199 0.138201 0.151805 0.245947 0.232472 0.216470 0.264239 0.393693 0.099130 0.212466 0.124126 0.321600 0.191335 0.098628 0.125124 0.233970 0.161463 0.213120 0.114143 0.202930 
0.263316 0.120803 0.082502 0.212868 0.306720 1.000000 0.163356 0.255474 0.212455 0.215747 0.206073 0.264031 0.175586 0.268308 0.201930 0.075286 0.171983 0.203677 0.413523 0.158233 0.178991 0.149143 0.053240 0.140526 0.207190 0.771976 0.315877 0.337250 0.182813 0.290313 0.249003 0.198250 0.302822 0.201571 0.037140 0.025767 0.257805 0.170985 0.474546 0.154294 0.191891 0.170914 0.223940 0.118871 0.205384 0.193533 0.141119 0.171907 0.077508 0.205822 0.206966 0.251443 0.124556 0.242950 0.108583 0.066487 0.121954 0.166796 0.562707 0.033165 0.103292 0.132393 0.168839 0.099401 0.178544 0.222332 
0.438824 0.076487 0.022667 0.296832 0.306667 0.163356 1.000000 0.259366 0.626927 0.274058 0.375990 0.265188 0.364335 0.189494 0.644533 0.096590 0.711175 0.030070 0.148078 0.023254 0.308849 0.072696 0.164154 0.099205 0.200915 0.143741 0.164445 0.100799 0.120392 0.442265 0.077898 0.463008 0.376883 0.347350 0.091084 0.124224 0.276542 0.165869 0.101243 0.371549 0.368648 0.381137 0.442552 0.198714 0.238950 0.333588 0.195885 0.334426 0.222538 0.298500 0.166854 0.218235 0.173695 0.291661 0.204479 0.273714 0.249322 0.287833 0.131176 0.173885 0.107829 0.224173 0.297913 0.269509 0.187017 0.341745 
0.423357 0.197273 0.089088 0.514234 0.328323 0.255474 0.259366 1.000000 0.305647 0.518960 0.514671 0.238711 0.510807 0.094883 0.338133 0.240473 0.278054 0.156158 0.192814 0.137423 0.494040 0.258096 0.252977 0.195760 0.451750 0.219578 0.136631 0.226370 0.382116 0.428850 0.393305 0.264242 0.429337 0.243732 0.118883 0.031374 0.424942 0.203520 0.122534 0.256130 0.337224 0.212786 0.296740 0.203160 0.224467 0.371976 0.201140 0.207182 0.088035 0.263004 0.136763 0.158567 0.189631 0.409471 0.174719 0.161967 0.150165 0.248247 0.119108 0.156790 0.071414 0.209062 0.226214 0.285611 0.156933 0.287051 
0.363643 0.131964 0.082317 0.329219 0.573745 0.212455 0.626927 0.305647 1.000000 0.267881 0.309772 0.509907 0.313081 0.266498 0.714586 0.193298 0.461075 0.128426 0.193778 0.114463 0.335165 0.153009 0.240471 0.154299 0.228843 0.175594 0.168685 0.156267 0.169878 0.404286 0.156788 0.664485 0.370501 0.236355 0.117235 0.084975 0.310310 0.205888 0.111188 0.270668 0.310874 0.260342 0.434985 0.196530 0.205903 0.387260 0.233861 0.224726 0.229235 0.284390 0.234500 0.169318 0.240603 0.344889 0.138185 0.263405 0.181844 0.279795 0.083491 0.119222 0.107090 0.183467 0.199132 0.210639 0.112808 0.242862 
0.273919 0.200033 0.146190 0.559502 0.395803 0.215747 0.274058 0.518960 0.267881 1.000000 0.335172 0.195512 0.615929 0.104419 0.283925 0.412229 0.257794 0.103337 0.227794 0.127732 0.513985 0.420309 0.386643 0.329356 0.783682 0.198017 0.260108 0.318081 0.549884 0.301936 0.184311 0.223826 0.338344 0.249516 0.135518 0.087761 0.367668 0.281313 0.031617 0.320039 0.285563 0.274942 0.343369 0.306184 0.222582 0.326777 0.132108 0.243598 0.179759 0.297401 0.202073 0.179613 0.202328 0.373934 0.034824 0.206949 0.056190 0.357557 0.080681 0.174720 0.113706 0.183017 0.264777 0.197296 0.316990 0.348394 
0.230930 0.176881 0.040694 0.595180 0.335509 0.206073 0.375990 0.514671 0.309772 0.335172 1.000000 0.359843 0.587541 0.246687 0.282029 0.164640 0.257793 0.117835 0.216858 0.134020 0.657916 0.147675 0.172302 0.114828 0.353489 0.219461 0.110408 0.140190 0.213427 0.211985 0.106015 0.265091 0.194171 0.266832 0.136757 0.144346 0.345636 0.219244 0.121328 0.268835 0.313001 0.260824 0.262805 0.329417 0.229949 0.340022 0.229202 0.252528 0.101191 0.140317 0.119650 0.169877 0.174848 0.402196 0.121066 0.142602 0.103606 0.163500 0.184143 0.135917 0.052128 0.113502 0.262402 0.226451 0.195922 0.327077 
0.153900 0.256488 0.108602 0.299116 0.593538 0.264031 0.265188 0.238711 0.509907 0.195512 0.359843 1.000000 0.297538 0.649059 0.234612 0.135804 0.247155 0.149444 0.368867 0.364545 0.329037 0.166731 0.154374 0.133521 0.168972 0.360817 0.168095 0.151049 0.127387 0.158107 0.118136 0.488972 0.187053 0.192318 0.191212 0.183319 0.312293 0.187752 0.160024 0.184648 0.287526 0.186021 0.370917 0.191788 0.160292 0.352289 0.252291 0.127567 0.102729 0.180811 0.259847 0.155399 0.198159 0.362616 0.092948 0.190232 0.118567 0.195492 0.158053 0.008084 -0.003208 0.178794 0.165843 0.186482 0.111450 0.255137 
0.272395 0.180967 0.031509 0.704696 0.340271 0.175586 0.364335 0.510807 0.313081 0.615929 0.587541 0.297538 1.000000 0.214339 0.294631 0.194483 0.281054 0.109838 0.195425 0.119234 0.797938 0.194394 0.196092 0.146318 0.468079 0.175776 0.197315 0.160291 0.271597 0.295656 0.157939 0.235950 0.284958 0.239538 0.140541 0.072361 0.421848 0.213709 0.030500 0.271252 0.346425 0.278530 0.277005 0.293388 0.186332 0.375417 0.195149 0.231532 0.083595 0.206926 0.184616 0.131336 0.196508 0.453979 0.061003 0.145931 0.073018 0.186462 0.116934 0.163605 0.015171 0.106367 0.220793 0.211660 0.185032 0.312325 
0.083246 0.112663 -0.043877 0.217436 0.312587 0.268308 0.189494 0.094883 0.266498 0.104419 0.246687 0.649059 0.214339 1.000000 0.147758 0.149300 0.168975 0.084198 0.368628 0.158247 0.244266 0.156490 0.041004 0.094844 0.144559 0.341525 0.161348 0.195384 0.178222 0.100974 0.076804 0.242572 0.082535 0.112611 0.120544 0.192834 0.228584 0.052974 0.151732 0.079662 0.226491 0.103955 0.222379 0.164374 0.135702 0.228857 0.396831 0.083918 0.103921 0.099864 0.264046 0.170753 0.139634 0.262716 0.035568 0.069964 0.036114 0.154138 0.209742 0.083768 0.075768 0.132640 0.114362 0.056641 0.067171 0.212617 
0.715293 0.132984 0.023940 0.290259 0.296663 0.201930 0.644533 0.338133 0.714586 0.283925 0.282029 0.234612 0.294631 0.147758 1.000000 0.288001 0.645011 0.122574 0.147033 0.048953 0.291382 0.176072 0.291310 0.195624 0.228566 0.143222 0.161633 0.201966 0.177070 0.759341 0.245241 0.612290 0.679182 0.363817 0.118570 0.068321 0.294126 0.268827 0.161474 0.395774 0.326150 0.347837 0.409074 0.213567 0.251892 0.386670 0.197817 0.364822 0.278113 0.417709 0.172615 0.236047 0.231326 0.316896 0.174295 0.299115 0.169451 0.278437 0.183204 0.131290 0.103853 0.171662 0.333935 0.240829 0.221454 0.371662 
0.255483 0.123242 0.223171 0.201621 0.236215 0.075286 0.096590 0.240473 0.193298 0.412229 0.164640 0.135804 0.194483 0.149300 0.288001 1.000000 0.179202 0.145032 0.107666 0.069935 0.182258 0.608626 0.717054 0.601533 0.458494 0.078022 0.166932 0.223206 0.467995 0.316578 0.140775 0.253887 0.299876 0.162497 0.158840 0.084729 0.178835 0.172493 0.045604 0.192038 0.110726 0.126958 0.195435 0.100075 0.201947 0.199692 0.221220 0.171559 0.456952 0.229952 0.216180 0.087829 0.114518 0.201417 0.039236 0.455004 0.043044 0.188042 0.079292 0.114805 0.106712 0.094975 0.197183 0.119344 0.193255 0.228202 
0.549084 0.118963 0.038304 0.266591 0.422919 0.171983 0.711175 0.278054 0.461075 0.257794 0.257793 0.247155 0.281054 0.168975 0.645011 0.179202 1.000000 0.098427 0.149876 0.085221 0.264497 0.152217 0.209558 0.152962 0.266804 0.160459 0.208893 0.121284 0.215512 0.561634 0.138196 0.532908 0.503662 0.441422 0.095474 0.125360 0.319024 0.212407 0.109777 0.407691 0.410852 0.403570 0.555374 0.214073 0.347035 0.439011 0.219167 0.382506 0.248762 0.443854 0.113238 0.283234 0.191361 0.352705 0.209882 0.301167 0.234102 0.331465 0.184274 0.145290 0.066746 0.212324 0.392327 0.350826 0.235244 0.447162 
0.150907 0.079826 0.343007 0.092503 0.214465 0.203677 0.030070 0.156158 0.128426 0.103337 0.117835 0.149444 0.109838 0.084198 0.122574 0.145032 0.098427 1.000000 0.132139 0.550372 0.099331 0.226071 0.193246 0.372129 0.073757 0.124775 0.148008 0.106379 0.129437 0.139545 0.168573 0.148010 0.232430 0.149176 0.068105 0.114528 0.102158 0.272610 0.186530 0.145709 0.087572 0.125659 0.108023 0.041672 0.220165 0.140399 0.170844 0.115059 0.035621 0.182262 0.068934 0.082045 0.117380 0.088920 0.034512 0.103468 0.023034 0.058361 0.097421 0.034540 0.003057 0.040662 0.126955 0.163089 0.136811 0.132170 
0.155397 0.219837 0.156690 0.161772 0.293654 0.413523 0.148078 0.192814 0.193778 0.227794 0.216858 0.368867 0.195425 0.368628 0.147033 0.107666 0.149876 0.132139 1.000000 0.368566 0.149419 0.153694 0.085907 0.159510 0.208433 0.362127 0.155917 0.191529 0.177694 0.244286 0.154530 0.173771 0.243103 0.239153 0.150272 -0.014620 0.157985 0.090653 0.156416 0.192667 0.247394 0.248327 0.150472 0.150574 0.158295 0.169946 0.161390 0.240298 0.046152 0.103043 0.064672 0.215059 0.077114 0.158162 0.054188 0.025100 0.009129 0.105165 0.173564 0.002623 0.105583 0.090197 0.200879 0.151706 0.174091 0.224506 
0.058633 0.129492 0.197469 0.091176 0.297466 0.158233 0.023254 0.137423 0.114463 0.127732 0.134020 0.364545 0.119234 0.158247 0.048953 0.069935 0.085221 0.550372 0.368566 1.000000 0.095411 0.183817 0.107006 0.205125 0.088992 0.223385 0.234344 0.086971 0.108343 0.048098 0.152318 0.160656 0.127464 0.087246 0.165152 0.133368 0.126313 0.137949 0.091224 0.065771 0.109539 0.091416 0.119069 0.020846 0.089958 0.088896 0.029393 0.041392 -0.051633 0.083289 0.096439 0.030473 0.178179 0.095696 0.015447 0.048116 -0.013327 0.029927 -0.010433 0.073294 0.038923 0.036454 0.059564 0.130912 0.070322 0.083344 
0.269138 0.149100 0.025199 0.943761 0.395408 0.178991 0.308849 0.494040 0.335165 0.513985 0.657916 0.329037 0.797938 0.244266 0.291382 0.182258 0.264497 0.099331 0.149419 0.095411 1.000000 0.157642 0.174589 0.108336 0.543079 0.176006 0.149936 0.163228 0.346034 0.254194 0.170786 0.286729 0.242458 0.196296 0.113219 0.109622 0.541075 0.171317 0.052906 0.274454 0.321620 0.233250 0.335332 0.352734 0.168385 0.438493 0.221823 0.196643 0.131828 0.217237 0.161323 0.086504 0.176190 0.515565 0.026542 0.140801 0.059481 0.254185 0.135310 0.146648 0.020733 0.151399 0.195058 0.151292 0.185910 0.266496 
0.227448 0.159478 0.244845 0.177209 0.276624 0.149143 0.072696 0.258096 0.153009 0.420309 0.147675 0.166731 0.194394 0.156490 0.176072 0.608626 0.152217 0.226071 0.153694 0.183817 0.157642 1.000000 0.433704 0.803341 0.354846 0.134365 0.258430 0.253350 0.385630 0.235808 0.237017 0.231634 0.270406 0.164282 0.192182 0.047589 0.176618 0.117508 0.051969 0.138521 0.147552 0.119526 0.189468 0.091196 0.145343 0.196166 0.121815 0.140426 0.091446 0.121662 0.111180 0.129307 0.094881 0.161028 0.262084 0.149590 0.114498 0.147695 0.074382 0.162282 0.078813 0.159634 0.158301 0.238250 0.152299 0.219347 
0.262480 0.333799 0.429014 0.184677 0.275915 0.053240 0.164154 0.252977 0.240471 0.386643 0.172302 0.154374 0.196092 0.041004 0.291310 0.717054 0.209558 0.193246 0.085907 0.107006 0.174589 0.433704 1.000000 0.582410 0.290976 0.074427 0.198552 0.071339 0.253555 0.300283 0.187663 0.298606 0.296361 0.083435 0.277609 0.108789 0.137581 0.312638 0.024964 0.184028 0.041623 0.117175 0.171808 0.071656 0.275553 0.175857 0.229177 0.118745 0.405445 0.189385 0.164504 0.142280 0.130150 0.176900 0.062607 0.611503 0.139154 0.109765 0.025478 0.113495 0.125661 0.021038 0.127603 0.045760 0.283343 0.179099 
0.206987 0.197973 0.540086 0.122248 0.250637 0.140526 0.099205 0.195760 0.154299 0.329356 0.114828 0.133521 0.146318 0.094844 0.195624 0.601533 0.152962 0.372129 0.159510 0.205125 0.108336 0.803341 0.582410 1.000000 0.251086 0.141142 0.148802 0.132270 0.288964 0.224432 0.167568 0.227545 0.251488 0.140281 0.160153 0.113348 0.143911 0.144422 0.087891 0.148584 0.115202 0.131078 0.138013 0.052662 0.183320 0.144404 0.103534 0.134290 0.115848 0.115150 0.129564 0.136227 0.075966 0.135164 0.194935 0.193423 0.115294 0.116077 0.085750 0.070650 0.041256 0.101966 0.139975 0.154522 0.162923 0.197078 
0.187246 0.118836 0.071188 0.632168 0.421377 0.207190 0.200915 0.451750 0.228843 0.783682 0.353489 0.168972 0.468079 0.144559 0.228566 0.458494 0.266804 0.073757 0.208433 0.088992 0.543079 0.354846 0.290976 0.251086 1.000000 0.199317 0.222368 0.301215 0.833907 0.208886 0.057541 0.218781 0.214738 0.203577 0.114554 0.067640 0.411924 0.141020 0.051764 0.266992 0.246967 0.208310 0.431229 0.284889 0.226237 0.293991 0.164327 0.179748 0.264332 0.292720 0.160961 0.198937 0.171608 0.353582 0.035857 0.190777 0.050654 0.514356 0.112072 0.136329 0.139029 0.239441 0.196934 0.149450 0.209370 0.224896 
0.164258 0.160187 0.113601 0.194554 0.353899 0.771976 0.143741 0.219578 0.175594 0.198017 0.219461 0.360817 0.175776 0.341525 0.143222 0.078022 0.160459 0.124775 0.362127 0.223385 0.176006 0.134365 0.074427 0.141142 0.199317 1.000000 0.363848 0.288579 0.171815 0.169665 0.156784 0.181338 0.165912 0.229163 -0.001510 0.111653 0.280896 0.132887 0.327721 0.151365 0.185884 0.187880 0.275780 0.113977 0.202317 0.204236 0.159918 0.175037 0.083169 0.184721 0.286831 0.224060 0.160163 0.274204 0.083066 0.087534 0.130641 0.172908 0.576090 0.039643 0.015200 0.099451 0.205295 0.105324 0.178184 0.273842 
0.144065 0.258907 0.078417 0.193035 0.215238 0.315877 0.164445 0.136631 0.168685 0.260108 0.110408 0.168095 0.197315 0.161348 0.161633 0.166932 0.208893 0.148008 0.155917 0.234344 0.149936 0.258430 0.198552 0.148802 0.222368 0.363848 1.000000 0.451772 0.156208 0.176763 0.138808 0.219255 0.190064 0.097377 0.067556 0.043214 0.194380 0.057386 0.097494 0.087873 0.098438 0.089732 0.178145 0.234934 0.122891 0.170877 0.149565 0.093478 0.138098 0.061916 0.169968 0.194209 0.141166 0.202673 0.132884 0.185862 0.096779 0.101086 0.090426 0.142765 -0.007927 0.060029 0.068004 0.057531 0.107268 0.148797 
0.161420 0.421907 -0.070621 0.239064 0.198937 0.337250 0.100799 0.226370 0.156267 0.318081 0.140190 0.151049 0.160291 0.195384 0.201966 0.223206 0.121284 0.106379 0.191529 0.086971 0.163228 0.253350 0.071339 0.132270 0.301215 0.288579 0.451772 1.000000 0.245891 0.194030 0.067933 0.169051 0.182604 0.188939 0.202694 0.006165 0.276270 0.095200 0.152367 0.170810 0.198494 0.153314 0.170737 0.269597 0.214306 0.224177 0.308596 0.184409 0.153645 0.213212 0.140585 0.189290 0.185871 0.264612 0.084559 0.084927 0.041641 0.247556 0.123853 0.028919 0.206643 0.198664 0.149039 0.105182 0.158948 0.172925 
0.141679 0.073397 0.093025 0.422163 0.344720 0.182813 0.120392 0.382116 0.169878 0.549884 0.213427 0.127387 0.271597 0.178222 0.177070 0.467995 0.215512 0.129437 0.177694 0.108343 0.346034 0.385630 0.253555 0.288964 0.833907 0.171815 0.156208 0.245891 1.000000 0.151586 0.038129 0.160396 0.159878 0.114670 0.101660 0.051780 0.294269 0.058388 0.053924 0.190242 0.170980 0.133444 0.322528 0.146164 0.193257 0.225460 0.147917 0.109612 0.227431 0.231009 0.097659 0.158595 0.101594 0.236197 0.045108 0.110282 0.008962 0.401679 0.113773 0.122059 0.135443 0.205376 0.103131 0.114008 0.114698 0.127752 
0.868816 0.147298 0.020353 0.264159 0.216054 0.290313 0.442265 0.428850 0.404286 0.301936 0.211985 0.158107 0.295656 0.100974 0.759341 0.316578 0.561634 0.139545 0.244286 0.048098 0.254194 0.235808 0.300283 0.224432 0.208886 0.169665 0.176763 0.194030 0.151586 1.000000 0.516036 0.437888 0.924506 0.401338 0.097681 0.030361 0.261903 0.305436 0.183744 0.358432 0.305998 0.308885 0.379008 0.135462 0.217815 0.311766 0.175317 0.366228 0.278367 0.459507 0.101424 0.221239 0.148237 0.238092 0.229970 0.330596 0.218986 0.258169 0.236642 0.075008 0.054487 0.193143 0.394492 0.287263 0.286220 0.416383 
0.644506 0.099252 0.086108 0.206550 0.143964 0.249003 0.077898 0.393305 0.156788 0.184311 0.106015 0.118136 0.157939 0.076804 0.245241 0.140775 0.138196 0.168573 0.154530 0.152318 0.170786 0.237017 0.187663 0.167568 0.057541 0.156784 0.138808 0.067933 0.038129 0.516036 1.000000 0.164473 0.572747 0.168067 0.085929 0.059270 0.235595 0.178957 0.236786 0.068414 0.145409 0.050944 0.238597 0.012038 0.042507 0.179326 0.076958 0.086411 0.141407 0.173098 0.061662 0.092769 0.099491 0.164447 0.229182 0.212200 0.191559 0.186800 0.127021 0.140851 0.084637 0.179742 0.160747 0.235964 0.099935 0.188251 
0.319723 0.101315 0.094151 0.276145 0.612250 0.198250 0.463008 0.264242 0.664485 0.223826 0.265091 0.488972 0.235950 0.242572 0.612290 0.253887 0.532908 0.148010 0.173771 0.160656 0.286729 0.231634 0.298606 0.227545 0.218781 0.181338 0.219255 0.169051 0.160396 0.437888 0.164473 1.000000 0.389473 0.269727 0.045389 0.106692 0.249938 0.138056 0.114457 0.178555 0.297410 0.179228 0.457332 0.104955 0.281751 0.262122 0.261180 0.205409 0.290465 0.232291 0.172743 0.270477 0.195835 0.248735 0.196619 0.353034 0.210410 0.280870 0.122054 0.150112 0.101748 0.209483 0.242731 0.272312 0.105529 0.302865 
0.798195 0.178388 0.048736 0.260848 0.216573 0.302822 0.376883 0.429337 0.370501 0.338344 0.194171 0.187053 0.284958 0.082535 0.679182 0.299876 0.503662 0.232430 0.243103 0.127464 0.242458 0.270406 0.296361 0.251488 0.214738 0.165912 0.190064 0.182604 0.159878 0.924506 0.572747 0.389473 1.000000 0.411851 0.098982 0.016504 0.265101 0.337940 0.218911 0.379416 0.299983 0.317044 0.387259 0.139950 0.198237 0.323288 0.122536 0.369357 0.256266 0.476418 0.133304 0.195135 0.143445 0.233688 0.278377 0.333790 0.248213 0.259322 0.229109 0.090316 0.055351 0.189650 0.413449 0.326324 0.328353 0.448198 
0.369860 0.153367 0.004535 0.216380 0.206174 0.201571 0.347350 0.243732 0.236355 0.249516 0.266832 0.192318 0.239538 0.112611 0.363817 0.162497 0.441422 0.149176 0.239153 0.087246 0.196296 0.164282 0.083435 0.140281 0.203577 0.229163 0.097377 0.188939 0.114670 0.401338 0.168067 0.269727 0.411851 1.000000 0.101345 0.124220 0.206333 0.299580 0.175902 0.673012 0.611193 0.730646 0.285907 0.307160 0.248470 0.404737 0.256001 0.868922 0.179362 0.496947 0.104888 0.445746 0.269757 0.250608 0.113775 0.149320 0.144218 0.181285 0.359652 0.101901 0.035592 0.118624 0.907347 0.602950 0.531400 0.716959 
0.100600 0.626579 0.035143 0.151798 0.067649 0.037140 0.091084 0.118883 0.117235 0.135518 0.136757 0.191212 0.140541 0.120544 0.118570 0.158840 0.095474 0.068105 0.150272 0.165152 0.113219 0.192182 0.277609 0.160153 0.114554 -0.001510 0.067556 0.202694 0.101660 0.097681 0.085929 0.045389 0.098982 0.101345 1.000000 0.373972 0.215335 0.216037 0.088944 0.116930 0.087239 0.120429 0.058167 0.062739 0.077520 0.108383 0.259171 0.083229 0.066809 0.047423 0.066036 0.048979 0.069717 0.188682 0.110758 0.176708 0.099560 0.140990 -0.002861 0.167924 0.385237 0.185974 0.145516 0.143804 0.224123 0.177658 
0.056717 0.121786 0.151020 0.106702 0.068977 0.025767 0.124224 0.031374 0.084975 0.087761 0.144346 0.183319 0.072361 0.192834 0.068321 0.084729 0.125360 0.114528 -0.014620 0.133368 0.109622 0.047589 0.108789 0.113348 0.067640 0.111653 0.043214 0.006165 0.051780 0.030361 0.059270 0.106692 0.016504 0.124220 0.373972 1.000000 0.094742 0.201549 0.007534 0.093052 0.074355 0.091576 0.118478 0.036248 0.018570 0.031818 0.086982 0.083960 0.196896 0.036803 0.104425 0.048567 0.014046 0.105764 0.059057 0.272891 0.299683 0.149794 0.042540 0.126660 0.069121 0.101124 0.171181 0.080436 0.214810 0.176657 
0.332341 0.274847 0.003055 0.646159 0.360278 0.257805 0.276542 0.424942 0.310310 0.367668 0.345636 0.312293 0.421848 0.228584 0.294126 0.178835 0.319024 0.102158 0.157985 0.126313 0.541075 0.176618 0.137581 0.143911 0.411924 0.280896 0.194380 0.276270 0.294269 0.261903 0.235595 0.249938 0.265101 0.206333 0.215335 0.094742 1.000000 0.237869 0.200987 0.296101 0.352149 0.262497 0.538025 0.380745 0.267323 0.589657 0.281493 0.183807 0.112961 0.325323 0.252387 0.156826 0.193567 0.823730 0.099029 0.144782 0.093278 0.542617 0.171437 0.145519 0.101299 0.360552 0.202851 0.200216 0.242778 0.306994 
0.306374 0.246697 0.095241 0.195246 0.197250 0.170985 0.165869 0.203520 0.205888 0.281313 0.219244 0.187752 0.213709 0.052974 0.268827 0.172493 0.212407 0.272610 0.090653 0.137949 0.171317 0.117508 0.312638 0.144422 0.141020 0.132887 0.057386 0.095200 0.058388 0.305436 0.178957 0.138056 0.337940 0.299580 0.216037 0.201549 0.237869 1.000000 0.115754 0.397947 0.196333 0.330955 0.210598 0.139704 0.368051 0.287757 0.238020 0.323410 0.173923 0.434203 0.142884 0.260440 0.276397 0.277349 0.066377 0.340593 0.156992 0.142570 0.204585 0.047045 0.011120 0.070987 0.304048 0.138314 0.569275 0.264505 
0.240992 0.132241 0.064993 0.091970 0.097009 0.474546 0.101243 0.122534 0.111188 0.031617 0.121328 0.160024 0.030500 0.151732 0.161474 0.045604 0.109777 0.186530 0.156416 0.091224 0.052906 0.051969 0.024964 0.087891 0.051764 0.327721 0.097494 0.152367 0.053924 0.183744 0.236786 0.114457 0.218911 0.175902 0.088944 0.007534 0.200987 0.115754 1.000000 0.137358 0.119959 0.124480 0.152439 0.105221 0.117835 0.171567 0.148131 0.122724 0.102624 0.205621 0.175685 0.156147 0.085029 0.214627 0.133533 0.091207 0.116802 0.140134 0.414103 0.053337 0.167550 0.088450 0.189175 0.130865 0.161237 0.222371 
0.352814 0.191045 0.038487 0.296353 0.202373 0.154294 0.371549 0.256130 0.270668 0.320039 0.268835 0.184648 0.271252 0.079662 0.395774 0.192038 0.407691 0.145709 0.192667 0.065771 0.274454 0.138521 0.184028 0.148584 0.266992 0.151365 0.087873 0.170810 0.190242 0.358432 0.068414 0.178555 0.379416 0.673012 0.116930 0.093052 0.296101 0.397947 0.137358 1.000000 0.463118 0.918394 0.278025 0.437020 0.279695 0.582214 0.221346 0.827117 0.225570 0.674173 0.113861 0.274115 0.202016 0.355780 0.081944 0.198597 0.128743 0.238830 0.208214 0.118176 0.075711 0.140356 0.542218 0.260642 0.656623 0.431764 
0.315931 0.145360 -0.012117 0.344422 0.277738 0.191891 0.368648 0.337224 0.310874 0.285563 0.313001 0.287526 0.346425 0.226491 0.326150 0.110726 0.410852 0.087572 0.247394 0.109539 0.321620 0.147552 0.041623 0.115202 0.246967 0.185884 0.098438 0.198494 0.170980 0.305998 0.145409 0.297410 0.299983 0.611193 0.087239 0.074355 0.352149 0.196333 0.119959 0.463118 1.000000 0.488651 0.374686 0.375605 0.117387 0.413318 0.165829 0.566164 0.101483 0.311479 0.133951 0.216009 0.184692 0.381218 0.073561 0.095806 0.062106 0.323391 0.173257 0.115588 0.018280 0.386875 0.491129 0.540282 0.280919 0.405197 
0.288131 0.185654 0.040568 0.255113 0.197691 0.170914 0.381137 0.212786 0.260342 0.274942 0.260824 0.186021 0.278530 0.103955 0.347837 0.126958 0.403570 0.125659 0.248327 0.091416 0.233250 0.119526 0.117175 0.131078 0.208310 0.187880 0.089732 0.153314 0.133444 0.308885 0.050944 0.179228 0.317044 0.730646 0.120429 0.091576 0.262497 0.330955 0.124480 0.918394 0.488651 1.000000 0.238838 0.393738 0.274231 0.467646 0.237481 0.868184 0.150716 0.564511 0.079398 0.294138 0.173996 0.307710 0.079973 0.134297 0.104451 0.174160 0.240036 0.099156 0.083793 0.117389 0.577902 0.322240 0.620049 0.459353 
0.399097 0.111036 -0.033022 0.371498 0.507239 0.223940 0.442552 0.296740 0.434985 0.343369 0.262805 0.370917 0.277005 0.222379 0.409074 0.195435 0.555374 0.108023 0.150472 0.119069 0.335332 0.189468 0.171808 0.138013 0.431229 0.275780 0.178145 0.170737 0.322528 0.379008 0.238597 0.457332 0.387259 0.285907 0.058167 0.118478 0.538025 0.210598 0.152439 0.278025 0.374686 0.238838 1.000000 0.224048 0.250296 0.573281 0.150859 0.192702 0.339283 0.322371 0.178915 0.202990 0.159944 0.522382 0.313533 0.416608 0.332262 0.752195 0.220775 0.178759 0.142071 0.456709 0.246326 0.318354 0.144053 0.335916 
0.174536 0.209137 0.002055 0.384730 0.188732 0.118871 0.198714 0.203160 0.196530 0.306184 0.329417 0.191788 0.293388 0.164374 0.213567 0.100075 0.214073 0.041672 0.150574 0.020846 0.352734 0.091196 0.071656 0.052662 0.284889 0.113977 0.234934 0.269597 0.146164 0.135462 0.012038 0.104955 0.139950 0.307160 0.062739 0.036248 0.380745 0.139704 0.105221 0.437020 0.375605 0.393738 0.224048 1.000000 0.156382 0.488510 0.142067 0.398737 0.132781 0.262847 0.121688 0.136389 0.133600 0.563375 0.027675 0.067403 0.022960 0.238011 0.062212 0.041164 -0.009106 0.195248 0.233078 0.107409 0.239188 0.217804 
0.171272 0.229920 0.149819 0.194769 0.329508 0.205384 0.238950 0.224467 0.205903 0.222582 0.229949 0.160292 0.186332 0.135702 0.251892 0.201947 0.347035 0.220165 0.158295 0.089958 0.168385 0.145343 0.275553 0.183320 0.226237 0.202317 0.122891 0.214306 0.193257 0.217815 0.042507 0.281751 0.198237 0.248470 0.077520 0.018570 0.267323 0.368051 0.117835 0.279695 0.117387 0.274231 0.250296 0.156382 1.000000 0.307601 0.718375 0.239004 0.137732 0.295882 0.146967 0.524961 0.250697 0.285851 0.088261 0.182567 0.079883 0.209252 0.356530 0.102788 0.081012 0.118264 0.230540 0.120785 0.268276 0.248909 
0.391582 0.235898 0.003742 0.447769 0.396413 0.193533 0.333588 0.371976 0.387260 0.326777 0.340022 0.352289 0.375417 0.228857 0.386670 0.199692 0.439011 0.140399 0.169946 0.088896 0.438493 0.196166 0.175857 0.144404 0.293991 0.204236 0.170877 0.224177 0.225460 0.311766 0.179326 0.262122 0.323288 0.404737 0.108383 0.031818 0.589657 0.287757 0.171567 0.582214 0.413318 0.467646 0.573281 0.488510 0.307601 1.000000 0.256472 0.426146 0.138740 0.413578 0.221822 0.209590 0.234770 0.782855 0.078971 0.152207 0.077631 0.412284 0.231971 0.120124 0.019156 0.240522 0.333373 0.242226 0.309450 0.359773 
0.125314 0.311267 0.042029 0.247487 0.282199 0.141119 0.195885 0.201140 0.233861 0.132108 0.229202 0.252291 0.195149 0.396831 0.197817 0.221220 0.219167 0.170844 0.161390 0.029393 0.221823 0.121815 0.229177 0.103534 0.164327 0.159918 0.149565 0.308596 0.147917 0.175317 0.076958 0.261180 0.122536 0.256001 0.259171 0.086982 0.281493 0.238020 0.148131 0.221346 0.165829 0.237481 0.150859 0.142067 0.718375 0.256472 1.000000 0.246245 0.154036 0.255608 0.188299 0.345345 0.172101 0.273978 0.062267 0.175138 0.059003 0.185528 0.263545 0.173295 0.200997 0.148300 0.244968 0.157479 0.218246 0.264048 
0.316889 0.175739 -0.000387 0.210649 0.138201 0.171907 0.334426 0.207182 0.224726 0.243598 0.252528 0.127567 0.231532 0.083918 0.364822 0.171559 0.382506 0.115059 0.240298 0.041392 0.196643 0.140426 0.118745 0.134290 0.179748 0.175037 0.093478 0.184409 0.109612 0.366228 0.086411 0.205409 0.369357 0.868922 0.083229 0.083960 0.183807 0.323410 0.122724 0.827117 0.566164 0.868184 0.192702 0.398737 0.239004 0.426146 0.246245 1.000000 0.185566 0.517634 0.082246 0.365287 0.183815 0.237070 0.060047 0.143029 0.097271 0.139297 0.288889 0.072784 0.051271 0.094485 0.739057 0.377706 0.647979 0.581400 
0.249362 0.044624 0.017385 0.151632 0.151805 0.077508 0.222538 0.088035 0.229235 0.179759 0.101191 0.102729 0.083595 0.103921 0.278113 0.456952 0.248762 0.035621 0.046152 -0.051633 0.131828 0.091446 0.405445 0.115848 0.264332 0.083169 0.138098 0.153645 0.227431 0.278367 0.141407 0.290465 0.256266 0.179362 0.066809 0.196896 0.112961 0.173923 0.102624 0.225570 0.101483 0.150716 0.339283 0.132781 0.137732 0.138740 0.154036 0.185566 1.000000 0.265425 0.160025 0.118865 0.137385 0.123470 0.324412 0.784304 0.581711 0.362297 0.103389 0.167837 0.208176 0.210090 0.206439 0.069142 0.199380 0.214413 
0.450155 0.128630 -0.007304 0.258165 0.245947 0.205822 0.298500 0.263004 0.284390 0.297401 0.140317 0.180811 0.206926 0.099864 0.417709 0.229952 0.443854 0.182262 0.103043 0.083289 0.217237 0.121662 0.189385 0.115150 0.292720 0.184721 0.061916 0.213212 0.231009 0.459507 0.173098 0.232291 0.476418 0.496947 0.047423 0.036803 0.325323 0.434203 0.205621 0.674173 0.311479 0.564511 0.322371 0.262847 0.295882 0.413578 0.255608 0.517634 0.265425 1.000000 0.133859 0.287467 0.240124 0.337531 0.071674 0.260682 0.170810 0.296900 0.250202 0.114861 0.098761 0.135079 0.449332 0.179226 0.530608 0.333462 
0.084989 0.107661 0.025524 0.190929 0.232472 0.206966 0.166854 0.136763 0.234500 0.202073 0.119650 0.259847 0.184616 0.264046 0.172615 0.216180 0.113238 0.068934 0.064672 0.096439 0.161323 0.111180 0.164504 0.129564 0.160961 0.286831 0.169968 0.140585 0.097659 0.101424 0.061662 0.172743 0.133304 0.104888 0.066036 0.104425 0.252387 0.142884 0.175685 0.113861 0.133951 0.079398 0.178915 0.121688 0.146967 0.221822 0.188299 0.082246 0.160025 0.133859 1.000000 0.094293 0.578492 0.263998 0.096176 0.155863 0.117850 0.167905 0.163963 0.305975 0.061823 0.141764 0.127281 0.141794 0.075626 0.255511 
0.190562 0.162413 0.060109 0.121255 0.216470 0.251443 0.218235 0.158567 0.169318 0.179613 0.169877 0.155399 0.131336 0.170753 0.236047 0.087829 0.283234 0.082045 0.215059 0.030473 0.086504 0.129307 0.142280 0.136227 0.198937 0.224060 0.194209 0.189290 0.158595 0.221239 0.092769 0.270477 0.195135 0.445746 0.048979 0.048567 0.156826 0.260440 0.156147 0.274115 0.216009 0.294138 0.202990 0.136389 0.524961 0.209590 0.345345 0.365287 0.118865 0.287467 0.094293 1.000000 0.407934 0.165307 0.100242 0.109629 0.149896 0.160194 0.418510 0.057659 -0.050491 0.034918 0.403741 0.175796 0.282407 0.334964 
0.157986 0.126087 -0.012270 0.188375 0.264239 0.124556 0.173695 0.189631 0.240603 0.202328 0.174848 0.198159 0.196508 0.139634 0.231326 0.114518 0.191361 0.117380 0.077114 0.178179 0.176190 0.094881 0.130150 0.075966 0.171608 0.160163 0.141166 0.185871 0.101594 0.148237 0.099491 0.195835 0.143445 0.269757 0.069717 0.014046 0.193567 0.276397 0.085029 0.202016 0.184692 0.173996 0.159944 0.133600 0.250697 0.234770 0.172101 0.183815 0.137385 0.240124 0.578492 0.407934 1.000000 0.216774 0.152913 0.141998 0.152407 0.119561 0.169393 0.301846 0.037902 0.105640 0.206076 0.256742 0.162559 0.206591 
0.316160 0.285681 0.009805 0.565698 0.393693 0.242950 0.291661 0.409471 0.344889 0.373934 0.402196 0.362616 0.453979 0.262716 0.316896 0.201417 0.352705 0.088920 0.158162 0.095696 0.515565 0.161028 0.176900 0.135164 0.353582 0.274204 0.202673 0.264612 0.236197 0.238092 0.164447 0.248735 0.233688 0.250608 0.188682 0.105764 0.823730 0.277349 0.214627 0.355780 0.381218 0.307710 0.522382 0.563375 0.285851 0.782855 0.273978 0.237070 0.123470 0.337531 0.263998 0.165307 0.216774 1.000000 0.065944 0.156048 0.070672 0.428392 0.232793 0.130578 0.049730 0.272855 0.238609 0.181869 0.266799 0.320625 
0.236025 0.081541 -0.033816 0.028134 0.099130 0.108583 0.204479 0.174719 0.138185 0.034824 0.121066 0.092948 0.061003 0.035568 0.174295 0.039236 0.209882 0.034512 0.054188 0.015447 0.026542 0.262084 0.062607 0.194935 0.035857 0.083066 0.132884 0.084559 0.045108 0.229970 0.229182 0.196619 0.278377 0.113775 0.110758 0.059057 0.099029 0.066377 0.133533 0.081944 0.073561 0.079973 0.313533 0.027675 0.088261 0.078971 0.062267 0.060047 0.324412 0.071674 0.096176 0.100242 0.152913 0.065944 1.000000 0.360289 0.751155 0.292025 0.088310 0.280086 0.215653 0.406315 0.086270 0.319180 0.067339 0.181468 
0.293554 0.147132 0.108349 0.151392 0.212466 0.066487 0.273714 0.161967 0.263405 0.206949 0.142602 0.190232 0.145931 0.069964 0.299115 0.455004 0.301167 0.103468 0.025100 0.048116 0.140801 0.149590 0.611503 0.193423 0.190777 0.087534 0.185862 0.084927 0.110282 0.330596 0.212200 0.353034 0.333790 0.149320 0.176708 0.272891 0.144782 0.340593 0.091207 0.198597 0.095806 0.134297 0.416608 0.067403 0.182567 0.152207 0.175138 0.143029 0.784304 0.260682 0.155863 0.109629 0.141998 0.156048 0.360289 1.000000 0.615123 0.330223 0.079027 0.135809 0.149970 0.184121 0.159780 0.107704 0.232493 0.211702 
0.226176 0.048350 -0.004091 0.058231 0.124126 0.121954 0.249322 0.150165 0.181844 0.056190 0.103606 0.118567 0.073018 0.036114 0.169451 0.043044 0.234102 0.023034 0.009129 -0.013327 0.059481 0.114498 0.139154 0.115294 0.050654 0.130641 0.096779 0.041641 0.008962 0.218986 0.191559 0.210410 0.248213 0.144218 0.099560 0.299683 0.093278 0.156992 0.116802 0.128743 0.062106 0.104451 0.332262 0.022960 0.079883 0.077631 0.059003 0.097271 0.581711 0.170810 0.117850 0.149896 0.152407 0.070672 0.751155 0.615123 1.000000 0.307383 0.149237 0.163335 0.195412 0.293016 0.146031 0.178915 0.162391 0.192908 
0.292534 0.162462 -0.055282 0.335720 0.321600 0.166796 0.287833 0.248247 0.279795 0.357557 0.163500 0.195492 0.186462 0.154138 0.278437 0.188042 0.331465 0.058361 0.105165 0.029927 0.254185 0.147695 0.109765 0.116077 0.514356 0.172908 0.101086 0.247556 0.401679 0.258169 0.186800 0.280870 0.259322 0.181285 0.140990 0.149794 0.542617 0.142570 0.140134 0.238830 0.323391 0.174160 0.752195 0.238011 0.209252 0.412284 0.185528 0.139297 0.362297 0.296900 0.167905 0.160194 0.119561 0.428392 0.292025 0.330223 0.307383 1.000000 0.118933 0.123392 0.164932 0.725566 0.174289 0.194473 0.166188 0.206314 
0.234821 0.068953 0.039588 0.130342 0.191335 0.562707 0.131176 0.119108 0.083491 0.080681 0.184143 0.158053 0.116934 0.209742 0.183204 0.079292 0.184274 0.097421 0.173564 -0.010433 0.135310 0.074382 0.025478 0.085750 0.112072 0.576090 0.090426 0.123853 0.113773 0.236642 0.127021 0.122054 0.229109 0.359652 -0.002861 0.042540 0.171437 0.204585 0.414103 0.208214 0.173257 0.240036 0.220775 0.062212 0.356530 0.231971 0.263545 0.288889 0.103389 0.250202 0.163963 0.418510 0.169393 0.232793 0.088310 0.079027 0.149237 0.118933 1.000000 0.055347 0.014300 0.067757 0.367981 0.143163 0.256699 0.382973 
0.097116 -0.026811 -0.108567 0.159334 0.098628 0.033165 0.173885 0.156790 0.119222 0.174720 0.135917 0.008084 0.163605 0.083768 0.131290 0.114805 0.145290 0.034540 0.002623 0.073294 0.146648 0.162282 0.113495 0.070650 0.136329 0.039643 0.142765 0.028919 0.122059 0.075008 0.140851 0.150112 0.090316 0.101901 0.167924 0.126660 0.145519 0.047045 0.053337 0.118176 0.115588 0.099156 0.178759 0.041164 0.102788 0.120124 0.173295 0.072784 0.167837 0.114861 0.305975 0.057659 0.301846 0.130578 0.280086 0.135809 0.163335 0.123392 0.055347 1.000000 0.499818 0.174895 0.097113 0.269566 0.035970 0.157300 
0.049311 0.098924 -0.046502 0.048086 0.125124 0.103292 0.107829 0.071414 0.107090 0.113706 0.052128 -0.003208 0.015171 0.075768 0.103853 0.106712 0.066746 0.003057 0.105583 0.038923 0.020733 0.078813 0.125661 0.041256 0.139029 0.015200 -0.007927 0.206643 0.135443 0.054487 0.084637 0.101748 0.055351 0.035592 0.385237 0.069121 0.101299 0.011120 0.167550 0.075711 0.018280 0.083793 0.142071 -0.009106 0.081012 0.019156 0.200997 0.051271 0.208176 0.098761 0.061823 -0.050491 0.037902 0.049730 0.215653 0.149970 0.195412 0.164932 0.014300 0.499818 1.000000 0.207470 0.023025 0.110097 0.033561 0.047247 
0.209199 0.141996 -0.037733 0.200391 0.233970 0.132393 0.224173 0.209062 0.183467 0.183017 0.113502 0.178794 0.106367 0.132640 0.171662 0.094975 0.212324 0.040662 0.090197 0.036454 0.151399 0.159634 0.021038 0.101966 0.239441 0.099451 0.060029 0.198664 0.205376 0.193143 0.179742 0.209483 0.189650 0.118624 0.185974 0.101124 0.360552 0.070987 0.088450 0.140356 0.386875 0.117389 0.456709 0.195248 0.118264 0.240522 0.148300 0.094485 0.210090 0.135079 0.141764 0.034918 0.105640 0.272855 0.406315 0.184121 0.293016 0.725566 0.067757 0.174895 0.207470 1.000000 0.100208 0.261833 0.062676 0.125661 
0.339648 0.182808 0.034705 0.213495 0.161463 0.168839 0.297913 0.226214 0.199132 0.264777 0.262402 0.165843 0.220793 0.114362 0.333935 0.197183 0.392327 0.126955 0.200879 0.059564 0.195058 0.158301 0.127603 0.139975 0.196934 0.205295 0.068004 0.149039 0.103131 0.394492 0.160747 0.242731 0.413449 0.907347 0.145516 0.171181 0.202851 0.304048 0.189175 0.542218 0.491129 0.577902 0.246326 0.233078 0.230540 0.333373 0.244968 0.739057 0.206439 0.449332 0.127281 0.403741 0.206076 0.238609 0.086270 0.159780 0.146031 0.174289 0.367981 0.097113 0.023025 0.100208 1.000000 0.587482 0.577194 0.852596 
0.298636 0.100978 0.012095 0.153214 0.213120 0.099401 0.269509 0.285611 0.210639 0.197296 0.226451 0.186482 0.211660 0.056641 0.240829 0.119344 0.350826 0.163089 0.151706 0.130912 0.151292 0.238250 0.045760 0.154522 0.149450 0.105324 0.057531 0.105182 0.114008 0.287263 0.235964 0.272312 0.326324 0.602950 0.143804 0.080436 0.200216 0.138314 0.130865 0.260642 0.540282 0.322240 0.318354 0.107409 0.120785 0.242226 0.157479 0.377706 0.069142 0.179226 0.141794 0.175796 0.256742 0.181869 0.319180 0.107704 0.178915 0.194473 0.143163 0.269566 0.110097 0.261833 0.587482 1.000000 0.138644 0.554069 
0.248873 0.312074 0.087356 0.226870 0.114143 0.178544 0.187017 0.156933 0.112808 0.316990 0.195922 0.111450 0.185032 0.067171 0.221454 0.193255 0.235244 0.136811 0.174091 0.070322 0.185910 0.152299 0.283343 0.162923 0.209370 0.178184 0.107268 0.158948 0.114698 0.286220 0.099935 0.105529 0.328353 0.531400 0.224123 0.214810 0.242778 0.569275 0.161237 0.656623 0.280919 0.620049 0.144053 0.239188 0.268276 0.309450 0.218246 0.647979 0.199380 0.530608 0.075626 0.282407 0.162559 0.266799 0.067339 0.232493 0.162391 0.166188 0.256699 0.035970 0.033561 0.062676 0.577194 0.138644 1.000000 0.476030 
0.363254 0.215960 0.061675 0.285210 0.202930 0.222332 0.341745 0.287051 0.242862 0.348394 0.327077 0.255137 0.312325 0.212617 0.371662 0.228202 0.447162 0.132170 0.224506 0.083344 0.266496 0.219347 0.179099 0.197078 0.224896 0.273842 0.148797 0.172925 0.127752 0.416383 0.188251 0.302865 0.448198 0.716959 0.177658 0.176657 0.306994 0.264505 0.222371 0.431764 0.405197 0.459353 0.335916 0.217804 0.248909 0.359773 0.264048 0.581400 0.214413 0.333462 0.255511 0.334964 0.206591 0.320625 0.181468 0.211702 0.192908 0.206314 0.382973 0.157300 0.047247 0.125661 0.852596 0.554069 0.476030 1.000000 
