0.000000000000000000e+00 3.381080813553750258e-02 1.641052929950473013e-02 4.662447084838083206e-02 1.621893314450628398e-01 2.767879212367707065e-01 4.628357930661611275e-01 3.985680910475498662e-01 4.375244171019058159e-01 1.796937149356422625e-01 1.156545539282290147e-01 1.800349723880816932e-01 1.252571496367932136e-01 1.885021145366624906e-02 7.091532483327953607e-01 5.816593976126946397e-02 4.927041780635873502e-01 4.258433950461351647e-02 2.958205466549627682e-01 7.590919462900923287e-02 4.321479655782228813e-02 1.853863937391887762e-01 4.986116503149649881e-02 6.909045448862018157e-02 2.477633054216678288e-02 1.459464429874084701e-01 2.057169228358314006e-01 1.041718377776335996e-01 3.337848568889675849e-02 8.323079182994465031e-01 6.864809585641393763e-01 3.639555882501993023e-01 7.440450920491061826e-01 3.704425899208153572e-01 4.958214878869530995e-02 3.243886869270448670e-02 1.167898945316306336e-01 1.989240839321209098e-01 9.130331364959216878e-02 3.654989811108241837e-01 3.085780166190650320e-01 3.265521540867707406e-01 3.553522713382068487e-01 1.569335135218619115e-01 1.469436477080560688e-01 3.569466614922177650e-01 3.573677759267451792e-02 3.591803872848473578e-01 1.927285006634875397e-01 4.163023841440247064e-01 4.840805419042765179e-02 5.692120489098215913e-02 1.779104511776688144e-02 1.608451715161013096e-01 2.690629289921166456e-01 1.702500193046342924e-01 2.325448543309713845e-01 2.067987277942062163e-01 1.852005744631935735e-01 7.425310043842098251e-02 7.208438636941427724e-02 2.287453730915824934e-01 3.189991033857449976e-01 3.041362961868886439e-01 2.441394195097593423e-01 2.945698121225151511e-01 
3.381080813553750258e-02 0.000000000000000000e+00 3.833215347888029867e-01 1.808547651240597909e-01 1.638981324446457111e-01 1.894858735866925825e-01 8.240987987897725742e-02 1.289696830780663259e-02 1.557913866432991956e-01 7.221820602394500924e-03 1.013341482380047259e-01 3.159022356312454760e-01 1.020748187304049565e-01 2.423472644653260621e-01 7.385742344241465196e-02 1.041772465825078070e-01 9.872647191763682384e-02 6.670732976088303290e-02 2.668760124922704424e-01 1.373239769777688801e-01 1.376611426662084081e-01 3.927990508751594279e-02 3.976174420364909645e-01 1.489369659031178073e-01 1.184830817116269419e-01 2.576343113139845653e-01 3.496367156671632004e-01 5.452895916979617619e-01 1.354018615708150186e-01 2.834508757970954917e-02 6.588124125923998375e-02 1.914806414370292809e-01 2.358446832899711854e-02 9.093978188385971884e-02 7.031947487103287209e-01 1.704246281530260310e-01 2.004635941595242776e-01 2.778495121054613270e-01 1.883878489866744610e-01 1.611120429867594073e-01 8.387566787492387044e-02 1.470270694534110967e-01 6.955789555326741258e-02 6.958359778882228230e-02 3.445982798374836453e-01 8.577034376138338578e-02 4.701204548432719177e-01 1.269344547511935817e-01 5.558670953509630558e-02 3.650295022669849954e-02 1.976591405822812619e-01 2.219446347934247166e-01 2.951928978280211058e-01 1.120322028306164064e-01 4.148853174763150742e-02 2.613829710229860215e-01 4.458036659223364728e-02 1.582263816437370074e-01 1.630989741878960397e-01 6.252814388995893424e-02 3.043753876459431296e-01 1.839541203176050244e-01 1.064964952698635586e-01 1.114081169452664360e-01 3.356459793247221213e-01 9.411590006200065694e-02 
1.641052929950473013e-02 3.833215347888029867e-01 0.000000000000000000e+00 5.867145526316674270e-02 2.216282789282248977e-01 8.503434329456177609e-02 9.700871965368418337e-02 9.043439290420340892e-02 2.531193005215854330e-01 2.788188955920626322e-01 6.864005626751482070e-02 1.729698096064004320e-01 3.377826583064740679e-02 7.185576830640955093e-02 1.025472566318634954e-01 4.008497944584785699e-01 7.171996753732766405e-02 4.960426885004135533e-01 1.456790489069752503e-01 4.050958530071676472e-02 2.915135223074065418e-02 3.941288469186354781e-01 4.667901128469877370e-01 6.289551778273499982e-01 2.312137215297175030e-01 1.398796398817644671e-01 2.582171419347439878e-01 7.399044996270089103e-02 2.314593049756991927e-01 3.271541129598715125e-02 1.914263288988581752e-02 2.133285056435755001e-01 1.011218066983036873e-01 1.182492105355860690e-01 7.506148406413770680e-02 2.695731289986570411e-01 2.399747068824582830e-02 2.021273089430712933e-01 1.221269286129388065e-01 1.422525994990389564e-01 9.320856242306338468e-02 8.027338003285190704e-02 6.211043641042642005e-02 2.844943965691354090e-02 2.380476029267172000e-01 6.154823174432394461e-02 2.042875130093442237e-01 1.071132824015392782e-01 1.154991273351646391e-01 1.413230716295134359e-01 2.456349955134275176e-01 1.420145237915474978e-01 1.806811583930565124e-01 3.020495253225748480e-02 1.971424802325898451e-01 1.508141053434853829e-01 1.527623456961205717e-01 4.625262236384693887e-02 1.093917995028905327e-01 1.863935384418249630e-01 1.434329563249675532e-01 9.518482814569914630e-02 1.422626829065399279e-01 1.366773438982216704e-01 2.360045710640925332e-01 1.442755643049714875e-01 
4.662447084838083206e-02 1.808547651240597909e-01 5.867145526316674270e-02 0.000000000000000000e+00 2.242535749938669998e-01 1.793261960481104533e-01 6.217681955795552329e-02 4.327090584542458984e-01 5.374327247980200534e-02 5.388384504195008473e-01 4.879585972160563334e-01 8.666825312355676270e-02 6.074787988478529410e-01 5.902654759973103432e-02 5.254270307079270119e-02 1.294278350193247551e-01 1.112764473413553890e-01 1.415047629809687048e-02 1.021231870372853734e-01 7.743615079229995701e-02 8.983882018172565376e-01 1.571242968692504460e-01 5.606254330103509209e-02 1.062859265392062519e-01 6.649575267833991443e-01 1.889555719661581978e-01 1.441971080363558533e-01 2.556711816403015591e-01 5.318964031615982524e-01 1.033713981472699911e-01 1.112202065542828022e-01 8.689605063591449019e-02 1.290362504521627707e-01 1.328354043078119051e-01 2.092960044857920254e-01 7.979490182426304812e-02 4.715259938618612257e-01 5.013209967566659847e-02 1.279337735694854872e-01 1.786143464849523355e-01 1.089839432786085388e-01 1.493336510603339440e-01 3.122240408129578482e-01 1.464789857625026226e-01 1.101489632411040004e-01 1.261831841368602769e-01 1.516056219326540611e-01 1.676243546703568843e-01 5.511092777892624694e-02 1.429261311192608908e-01 6.370981349980471553e-02 1.040713450922875066e-01 4.109541462900829362e-02 2.197872315234739304e-01 1.366282881957864466e-02 4.110462916398938127e-02 3.139213317175926915e-02 3.067089963212394355e-01 1.285526817759749807e-01 1.185036601312068616e-01 1.763259693073938317e-01 1.337782655640371021e-01 8.159061926156163658e-02 6.539077579951085850e-02 9.587348701604476997e-02 6.484984473319206633e-02 
1.621893314450628398e-01 1.638981324446457111e-01 2.216282789282248977e-01 2.242535749938669998e-01 0.000000000000000000e+00 2.597999079323173310e-01 3.914079441373074508e-01 1.254636491684863464e-01 6.075723102866252834e-01 2.713549276520808573e-01 1.022526883583055463e-01 5.797298810715090234e-01 6.891567684621219270e-02 2.404971563520797995e-01 3.753020061144975994e-01 1.818332870410781787e-01 5.378463934286590309e-01 7.394547134734487381e-02 1.971028303644427881e-01 2.935213266496677353e-01 2.034114196234318162e-01 2.201596151086639142e-01 3.508130034217293858e-01 2.159431724218598692e-01 2.677174571429320471e-01 3.155326513218628115e-01 1.514284764190671206e-01 1.534671640062954812e-01 2.229806509790548952e-01 1.816795786630915066e-01 7.635748601365191512e-02 7.017471438683278162e-01 1.411622867528335157e-01 2.326721046684838978e-01 1.425897653017546285e-01 1.806798686132604359e-01 1.742112019803698786e-01 4.628876849275848776e-02 2.059585478886410137e-01 1.233307765720687149e-01 1.630395609658386036e-01 1.843964372278675268e-01 4.685892935883916866e-01 4.719168883092917516e-02 1.201346028322529541e-01 2.426382714937725393e-01 1.644546558265307934e-01 1.991795268043904665e-01 1.449009444465336471e-01 1.926695647651907872e-01 1.525706277976353609e-01 7.440769470108467287e-02 1.423963879270439929e-02 1.169805841320339934e-01 1.102670846418266071e-01 2.895901407514649972e-01 1.386476726476963683e-01 2.642301513087456644e-01 1.688021429847906263e-01 8.738913064591075086e-02 1.250999377066054907e-01 1.571787765084278476e-01 2.405279547562696740e-01 1.391976752903507919e-01 3.198731741882760576e-02 2.731633715871180645e-01 
2.767879212367707065e-01 1.894858735866925825e-01 8.503434329456177609e-02 1.793261960481104533e-01 2.597999079323173310e-01 0.000000000000000000e+00 6.282432773974620799e-02 2.165142318715305436e-01 8.321971140990611082e-02 2.290657597733380679e-01 6.964725908020426293e-02 1.710136507465478684e-01 1.175156871259124686e-01 2.325528315489431286e-01 1.265520348532921668e-01 4.861203175305085777e-02 3.408958627500625199e-02 1.667273803968600809e-01 3.276646126251054891e-01 1.365393774532760451e-01 1.420529085084676069e-01 1.559800717427356487e-01 6.699973136648929017e-02 1.204105113287838175e-01 1.908908780719100473e-01 7.248570530861920824e-01 4.133297769357126006e-01 4.391543732722166249e-01 1.570555987196342596e-01 3.287048741838474730e-01 2.636138772901749916e-01 8.110403893941310616e-02 3.073801222961564106e-01 2.603949928610088324e-02 1.522296575496324966e-01 1.323209922849826470e-01 1.257668069019658164e-01 1.106294582392128717e-01 5.589975957483351854e-01 1.418119827623446350e-01 3.424486571908747640e-02 7.260761282139588380e-02 9.737907839629093842e-02 3.124234116227565805e-02 1.230154822054987662e-01 3.082178281078064297e-02 5.874387013420167419e-02 3.168587433566968231e-02 2.589246572348866127e-02 1.742950550196664117e-01 2.531606699014160577e-01 8.697358133469067221e-02 9.526523133107488162e-02 8.962843206311127409e-02 1.300314478591246305e-02 1.366477581405109443e-02 2.363783498995656110e-02 6.617624290059842540e-02 5.580284062833408276e-01 8.568748018086951024e-02 1.742655944404730706e-01 2.390610779608982189e-02 5.722335135825102476e-02 4.292891934793541947e-02 1.278448913720003355e-01 1.184711556769946772e-01 
4.628357930661611275e-01 8.240987987897725742e-02 9.700871965368418337e-02 6.217681955795552329e-02 3.914079441373074508e-01 6.282432773974620799e-02 0.000000000000000000e+00 1.678507962593558389e-01 6.964657240464598997e-01 1.026081316747212147e-01 3.135699524197081423e-01 2.172299874443211209e-01 3.220442978771905218e-01 3.709124930386376029e-02 6.518890762843309039e-01 1.083344413025503078e-01 6.899218772040077718e-01 6.975908485905436829e-02 1.195822761848230609e-01 3.765124069982066224e-02 9.744608344389445176e-02 9.471335080186367439e-02 1.593259474160507727e-01 1.328579731795804797e-01 2.846088307349809582e-02 6.780847127381793571e-02 4.562417074790250243e-02 3.005007996794216776e-02 6.624842222271402903e-02 4.279044316481969146e-01 1.298087461558920519e-01 5.420816874955213249e-01 3.458604059551764753e-01 3.679305273617278771e-01 1.128835299653890428e-01 3.619018095886784164e-02 1.175809338591970871e-01 7.906189583575051749e-02 9.596248961534914468e-02 3.710230564402811071e-01 2.933095078036396797e-01 3.985351631104349091e-01 3.197140561804416858e-01 2.268086011030606142e-01 6.395621812152234298e-02 3.158222720823257723e-01 3.028549057593770549e-02 3.816983225120428314e-01 1.077497109797730251e-01 3.231870230382133946e-01 9.791975031543309616e-02 1.019907060060733783e-01 3.464735122134744716e-02 1.894873731278036433e-01 1.184871795894942431e-01 1.826824860532922368e-01 1.256277908130035981e-01 2.008374518046454060e-01 1.251050548931277040e-01 3.390692114283915676e-02 6.525169571282453396e-02 1.932595461659163683e-01 3.212681018613982031e-01 2.519985831432525192e-01 1.873320335044626195e-01 3.074250926000117734e-01 
3.985680910475498662e-01 1.289696830780663259e-02 9.043439290420340892e-02 4.327090584542458984e-01 1.254636491684863464e-01 2.165142318715305436e-01 1.678507962593558389e-01 0.000000000000000000e+00 1.052520830611783365e-01 5.484270206972499118e-01 4.182423569463599722e-01 3.416192829592089308e-02 4.524087430723938152e-01 2.788737595453536292e-02 2.609695174403469653e-01 1.820735498338146019e-01 1.272528599096571511e-01 6.283480047492687182e-02 2.608554956380363388e-01 1.912807867492961333e-01 4.153559537593020656e-01 3.031687306759066614e-01 1.562896813557890785e-01 1.632091369975622319e-01 5.130654736587647591e-01 1.464138791039563126e-01 2.212623944728016601e-01 1.785406805595677326e-01 4.925284547065665319e-01 4.243437934341765527e-01 4.466510911779198456e-01 1.821156275951252637e-02 3.950706370712031013e-01 3.033897041160708019e-01 2.929067218153529745e-02 5.972950448877874415e-03 5.432142719511536683e-02 1.149190531725094583e-01 7.097762913120037043e-02 2.764890428592783334e-01 3.187642553500248943e-01 2.128270020543243379e-01 4.546836593836353635e-02 1.563873519885151386e-01 5.244486867431808613e-02 2.197971955092525020e-01 2.217528038572588039e-02 2.799038373551244741e-01 1.937072602627199630e-02 2.677064253945310446e-01 4.207602921067503388e-02 6.397162105563472534e-02 3.416393039948098509e-02 1.676600598838204337e-01 2.110701032073095951e-01 9.515950270222438626e-03 1.580746087244980780e-01 4.974307359047492466e-02 1.021899222108375721e-01 2.660806502324929157e-02 2.100300731922418937e-02 1.256046887797344080e-01 2.487622086786190623e-01 2.631153680047929044e-01 1.828727039190293779e-01 2.272388907508942346e-01 
4.375244171019058159e-01 1.557913866432991956e-01 2.531193005215854330e-01 5.374327247980200534e-02 6.075723102866252834e-01 8.321971140990611082e-02 6.964657240464598997e-01 1.052520830611783365e-01 0.000000000000000000e+00 1.791311861382772694e-02 1.647944680391691952e-01 5.140250707196731828e-01 1.327095710694531361e-01 1.689753400054549437e-01 7.541890187261772738e-01 1.678915475779724498e-01 5.438506972665589911e-01 1.094126310759342274e-01 9.320467629503562113e-02 2.037633871015542830e-01 3.496644103522767583e-02 1.819768070280407268e-01 2.460065532688390788e-01 2.166719961344670264e-01 9.155246922203481852e-02 1.153059039439437439e-01 6.190531680061998887e-02 6.032581940844609220e-02 8.853129622326555426e-02 4.321710679308402026e-01 1.238068942325315502e-01 7.092424665958618757e-01 3.656857833069420138e-01 2.610191436628731543e-01 1.699795288172045449e-01 1.042705485356032469e-01 1.834674922945041253e-01 1.245775478461619984e-01 1.239640834461199215e-01 2.912779896603927554e-01 2.076679791111956941e-01 3.177852103721581778e-01 4.104679457760754269e-01 1.443673787348443704e-01 4.397039908026213056e-02 3.259038331623506646e-01 9.844758317912671863e-02 3.039759266148793770e-01 1.108495461721826086e-01 2.857019627048998922e-01 1.471509057586695701e-01 8.915660140193487626e-03 1.075193873296138303e-01 1.949452323050098745e-01 8.149750680207526465e-02 2.388103244457497609e-01 1.050806788262760721e-01 2.590135653355999379e-01 4.321542919629258600e-02 5.204435659509643042e-02 3.388466310997122893e-02 1.824173664913940340e-01 2.429180630258896689e-01 1.527705930618497021e-01 1.360658667345412687e-01 2.651373115158335847e-01 
1.796937149356422625e-01 7.221820602394500924e-03 2.788188955920626322e-01 5.388384504195008473e-01 2.713549276520808573e-01 2.290657597733380679e-01 1.026081316747212147e-01 5.484270206972499118e-01 1.791311861382772694e-02 0.000000000000000000e+00 2.309138891616169809e-01 4.572480174947526899e-02 5.688209970749800171e-01 7.941637247266301880e-02 1.089899465155124009e-01 4.377264266377078328e-01 4.849375116659437879e-02 1.559209769253705469e-01 9.941424230229987946e-02 5.166845513676197182e-02 4.962487212978439199e-01 4.834216662727167657e-01 4.251419201027807349e-01 4.203391096554190964e-01 7.698606407691640507e-01 1.252345512825541740e-01 2.013330332176831994e-01 3.011531565840453450e-01 6.015471771413041235e-01 2.326130277995735740e-01 2.669010714160531261e-01 7.893615373605195051e-02 3.083269765594299772e-01 2.689347614566914291e-01 1.118246604166850261e-01 4.808195898271062918e-02 1.229515774032935160e-01 2.527912904314501552e-01 5.389052594319890949e-02 2.714277151161441082e-01 1.255397247370260150e-01 2.108214612106293628e-01 2.097912712288102777e-01 1.088122320733912463e-01 1.662304218243493559e-01 7.320316706458751543e-02 4.313240253381183525e-02 2.596206915335406151e-01 2.339820294901942543e-01 2.937637467297936067e-01 1.493652701783628189e-01 6.315902516764142216e-02 1.202395297764515258e-01 5.994858573053121753e-02 1.167144274710436441e-01 2.210625665462458700e-01 3.805454760436331740e-02 3.053152457862829405e-01 1.440152626848092976e-01 7.298383986315792882e-02 1.730414928655001072e-01 1.077194947400248598e-01 3.248812139706880320e-01 2.339470907194394489e-01 2.891307486811606764e-01 3.487802600102193895e-01 
1.156545539282290147e-01 1.013341482380047259e-01 6.864005626751482070e-02 4.879585972160563334e-01 1.022526883583055463e-01 6.964725908020426293e-02 3.135699524197081423e-01 4.182423569463599722e-01 1.647944680391691952e-01 2.309138891616169809e-01 0.000000000000000000e+00 7.314073665551013015e-02 5.003473451044970766e-01 7.222956759624679646e-02 1.970416522835341522e-01 2.754396997074956902e-02 2.360150144001301603e-02 7.999539085998293164e-02 1.381571284700027769e-01 7.989407116484845139e-02 5.724964057571702014e-01 5.060692901424460044e-02 7.503027779677741427e-02 5.940215655598251460e-02 3.069681215542196528e-01 1.191283249560406016e-01 1.490861412772999904e-02 5.419908602913724172e-02 2.663213213420838055e-01 1.348146472780048788e-01 6.197336565041700052e-02 4.115222080731786164e-02 8.725458052154948241e-02 1.501046123128934318e-01 1.088107521890050305e-01 3.372825233344452917e-02 6.706277652448863758e-02 7.196021331500311591e-02 6.567065006040480324e-02 1.921611278912522813e-01 2.044890938936272384e-01 1.725286626429132497e-01 8.297003653723662719e-02 3.986186354646611973e-01 1.086031483190053604e-01 1.058208722071769942e-01 9.501545278591454202e-02 1.950744879723511627e-01 4.261057162367985068e-02 4.252066939597837908e-02 5.934841436943292386e-02 1.176085459406669143e-01 2.936804602758529004e-02 1.510953262886336190e-01 3.072464670947218021e-02 7.588195138184689048e-02 6.527247560533558368e-02 9.737990881521156605e-03 8.528395445327084656e-02 1.040995366667300526e-01 3.926515440254188527e-02 6.559381324612834074e-02 8.932813908247284884e-02 8.769970870103330207e-02 8.121349372881159212e-02 6.084736921558524941e-02 
1.800349723880816932e-01 3.159022356312454760e-01 1.729698096064004320e-01 8.666825312355676270e-02 5.797298810715090234e-01 1.710136507465478684e-01 2.172299874443211209e-01 3.416192829592089308e-02 5.140250707196731828e-01 4.572480174947526899e-02 7.314073665551013015e-02 0.000000000000000000e+00 7.555252946143373172e-02 6.265031715749018737e-01 3.062188954200317781e-01 6.607845135211802556e-02 2.282473983401436535e-01 6.294210475487647949e-02 4.198632726934825032e-01 4.273690381725184784e-01 1.000421608054347239e-01 3.545775625219072663e-02 2.017156665131979443e-01 6.188462701487163625e-02 7.342737152964910752e-02 3.689607642096389140e-01 5.071293200727381573e-02 7.597499990558891081e-02 1.888347017999506341e-02 2.122177751476071461e-01 9.810156932553532050e-02 5.767937780665636227e-01 2.328170740606237132e-01 1.608150350808946472e-01 3.990637119054381010e-01 4.096114789470624018e-01 1.438272154738248487e-01 4.401380949553584075e-03 1.217123611403536643e-01 6.067693341247648586e-02 1.058730378665171251e-01 9.768710139948662274e-02 3.943381309796742951e-01 6.265690358907778645e-02 6.703768269014453995e-02 2.014260294153199793e-01 2.982903223612045074e-01 1.256284942769839430e-01 1.192780134243755230e-01 1.351165071592388134e-01 2.907454828327377672e-01 4.127789632214259180e-02 9.157675308239196510e-02 9.224050962400576203e-02 1.710008802066362299e-01 2.929839551440292511e-01 2.120033707044338134e-01 2.020825270125655437e-01 1.277794860509426089e-01 8.250187169971855139e-02 1.210079612267417337e-01 1.246669847121428948e-01 1.930064133733495890e-01 1.381778829884027782e-01 3.276237700869528285e-02 2.917431299639454134e-01 
1.252571496367932136e-01 1.020748187304049565e-01 3.377826583064740679e-02 6.074787988478529410e-01 6.891567684621219270e-02 1.175156871259124686e-01 3.220442978771905218e-01 4.524087430723938152e-01 1.327095710694531361e-01 5.688209970749800171e-01 5.003473451044970766e-01 7.555252946143373172e-02 0.000000000000000000e+00 7.788793036478809662e-02 1.929437421885304982e-01 2.352611982264009999e-02 1.655096159246104148e-01 2.720501098814344376e-02 1.110707350439958385e-01 8.582831589720550658e-02 7.327559231428238951e-01 7.532601607981799507e-02 2.864574231447253663e-02 2.648455441975440181e-02 4.201024644439711464e-01 1.275648668071475145e-01 8.943709324931621574e-02 8.751847761322438524e-02 2.803845253562448625e-01 2.211784821872726237e-01 1.664117798323861974e-01 1.226694678525057647e-01 2.669461174864497521e-01 2.291172543258934990e-01 1.518350065786171765e-01 1.026025218911410380e-01 1.076715875331533401e-01 5.607345362816393286e-02 1.915939083794583608e-02 1.802011070272353799e-01 2.049279864600986600e-01 1.940372914172374674e-01 4.238867091719871610e-02 1.422285216149780374e-01 7.877930160415669292e-02 5.618651712229433270e-02 1.656163229775842183e-02 2.230482541318292433e-01 8.319495663857010004e-02 1.357433203963309687e-01 1.260774785958998223e-01 7.172335530675552628e-02 8.267651883706665650e-02 5.958817085243162115e-02 1.256344715971008941e-01 1.273550982097167716e-01 1.428400726823070566e-01 4.311945816411086319e-02 1.651162907750755304e-01 5.680044591392230391e-02 3.547762651141293105e-02 6.140684626404466218e-02 2.194934599618039717e-01 1.711828207087545128e-01 1.465514411189756949e-01 2.463023460962503464e-01 
1.885021145366624906e-02 2.423472644653260621e-01 7.185576830640955093e-02 5.902654759973103432e-02 2.404971563520797995e-01 2.325528315489431286e-01 3.709124930386376029e-02 2.788737595453536292e-02 1.689753400054549437e-01 7.941637247266301880e-02 7.222956759624679646e-02 6.265031715749018737e-01 7.788793036478809662e-02 0.000000000000000000e+00 3.895588298539479771e-02 1.089396137857849695e-01 3.942020278526287697e-02 5.972613494052610161e-02 4.152812695595167192e-01 1.344859095262131155e-01 9.157280579114394914e-02 1.514239265223552011e-01 4.940915069844483559e-02 1.064911967049138874e-01 7.452443183975605845e-02 3.702537917609996510e-01 1.310026004327632110e-01 2.003576697663213002e-01 1.197104391203820256e-01 2.904962393341071342e-02 9.104244919549253634e-02 1.371860180771320992e-01 9.279835757907665614e-03 4.266968801752242524e-02 3.318860850900485215e-01 3.763556920776247594e-01 7.025568384585328952e-02 7.537286203904963733e-02 1.282264800934668769e-01 3.806652036662709626e-02 3.282693133937727992e-02 4.061115194096546338e-02 1.298701680596763275e-01 1.416229181476575671e-01 1.702852236056036084e-01 9.984601182206528924e-02 4.771638290589736986e-01 1.833181851546630478e-02 7.286996960368170850e-02 9.513966065598973565e-02 3.689827328105002024e-01 2.093813071678729543e-02 1.390778173828965125e-01 4.298590275351810153e-02 9.169599941191214354e-02 6.612766897118899090e-02 8.486757865780389376e-02 3.534349467920921972e-02 2.645749307859121546e-01 2.277947903085106029e-01 2.813021993050803249e-01 2.801032204017821908e-02 9.742660955957617441e-02 5.775653700749465436e-02 7.419647902369143344e-02 1.987774750140474667e-01 
7.091532483327953607e-01 7.385742344241465196e-02 1.025472566318634954e-01 5.254270307079270119e-02 3.753020061144975994e-01 1.265520348532921668e-01 6.518890762843309039e-01 2.609695174403469653e-01 7.541890187261772738e-01 1.089899465155124009e-01 1.970416522835341522e-01 3.062188954200317781e-01 1.929437421885304982e-01 3.895588298539479771e-02 0.000000000000000000e+00 1.477829481948587098e-01 6.136338861891170726e-01 7.832197445482011466e-02 1.505964503899723528e-01 1.566686265674338829e-01 4.900664936587701553e-02 7.564606269728044174e-02 1.802284836509990273e-01 1.051896314300404672e-01 2.964452433461340838e-02 5.886606057253910423e-02 5.843589565343645237e-02 4.997039438927161625e-02 7.569584624347112933e-02 7.343115926508743119e-01 3.294101502481143195e-01 6.382003560804435649e-01 6.520740251249729225e-01 3.408973359106012291e-01 1.252970261988959610e-01 3.694831288785825618e-02 1.467286476356516600e-01 2.213742420214198370e-01 4.053658159300995573e-02 3.868223677674146876e-01 2.774904649205111040e-01 3.800980129457050549e-01 3.788057844387644479e-01 1.956534067818616884e-01 1.425458321517149018e-01 3.398071790061678588e-01 7.104798966848170638e-02 3.889163787591036758e-01 1.534482832416901033e-01 3.879336621941454899e-01 1.184993835995505895e-01 5.044507496012656106e-02 7.947309433508269183e-02 1.838506462738692671e-01 1.416812642658380750e-01 2.217214733016213968e-01 1.518137651386079479e-01 2.334738609774067442e-01 1.873764518938534351e-01 2.341282243706811067e-02 6.137886633628712729e-02 1.980145412474410005e-01 3.046646427556666814e-01 2.225418986577610836e-01 2.534065582618686974e-01 2.987238731741251319e-01 
5.816593976126946397e-02 1.041772465825078070e-01 4.008497944584785699e-01 1.294278350193247551e-01 1.818332870410781787e-01 4.861203175305085777e-02 1.083344413025503078e-01 1.820735498338146019e-01 1.678915475779724498e-01 4.377264266377078328e-01 2.754396997074956902e-02 6.607845135211802556e-02 2.352611982264009999e-02 1.089396137857849695e-01 1.477829481948587098e-01 0.000000000000000000e+00 8.453879591567940721e-02 1.763938986422719513e-01 7.325537993757479105e-02 4.200312125710226052e-02 5.247280100535189201e-02 6.534702825746188104e-01 7.699867678593862452e-01 6.653011094618672683e-01 5.161683513459250916e-01 6.531398633812642018e-02 1.553025420946795576e-01 3.288096252519276952e-01 5.320418825841520816e-01 1.021777618895684109e-01 5.160165948999353297e-02 2.233875361273819915e-01 6.524548933682600138e-02 2.398776661909187702e-01 4.823479642623550168e-02 4.755810259911427001e-02 3.927198410479668805e-02 2.727581627983626800e-01 3.103950799237341698e-02 1.847635077474925058e-01 1.829702016422982414e-01 1.259061981216788306e-01 2.122722326262375669e-01 6.223944023762869454e-02 6.147174642796447014e-02 9.158827848141994077e-02 3.975807446743206963e-02 1.948337514421920880e-01 5.305145838680592751e-01 2.282972992291593950e-01 7.696868246268445679e-02 6.209060510533928601e-02 3.968519793293679571e-02 4.542151011554695916e-02 1.343767432067977385e-01 5.426755715279597547e-01 1.019674455936095403e-01 2.547430419291668580e-01 7.308873362905540794e-02 4.204789226629514209e-03 1.877366196768461837e-01 5.086009028458950143e-02 2.999091235439794167e-01 2.904311762761080384e-01 2.341335368589460564e-01 2.672883224566259264e-01 
4.927041780635873502e-01 9.872647191763682384e-02 7.171996753732766405e-02 1.112764473413553890e-01 5.378463934286590309e-01 3.408958627500625199e-02 6.899218772040077718e-01 1.272528599096571511e-01 5.438506972665589911e-01 4.849375116659437879e-02 2.360150144001301603e-02 2.282473983401436535e-01 1.655096159246104148e-01 3.942020278526287697e-02 6.136338861891170726e-01 8.453879591567940721e-02 0.000000000000000000e+00 1.315683570499611155e-01 1.268245860187888485e-01 1.034677020192106278e-01 9.328136913587653511e-02 2.470109932486654752e-02 1.538668750320778544e-01 3.511652604177283032e-02 1.107474316628821037e-01 1.100805777575290523e-01 1.562428640956618209e-01 1.073920785106653175e-01 1.692532152271645773e-01 4.992383963523226997e-01 1.655440492092183080e-01 5.940539869457823752e-01 4.669842385304188159e-01 4.719410489658353303e-01 6.036217563159836097e-02 1.303263421548257403e-02 1.502457110424169351e-01 1.959968688215728561e-01 1.376098470277373198e-01 4.128847894693433163e-01 3.280407720203698529e-01 4.365090841674538202e-01 4.716254984097510983e-01 9.862916249434576510e-02 1.841885405622566141e-01 3.791313580302329012e-01 1.605655561942572196e-01 4.521833749813695125e-01 1.186869230635254485e-01 4.513996387998549520e-01 1.354583508664561065e-01 1.094769795070647811e-01 3.084119921027442951e-02 1.686858972023718706e-01 1.962127290164938087e-01 1.762889196207024500e-01 1.663582309747060894e-01 2.426221745874579672e-01 6.755231218109222779e-02 1.027743947530486146e-01 1.570071273157572223e-01 2.242309786157261342e-01 4.490650392724248596e-01 3.076650178867369467e-01 2.757812827862293759e-01 4.464223307152278553e-01 
4.258433950461351647e-02 6.670732976088303290e-02 4.960426885004135533e-01 1.415047629809687048e-02 7.394547134734487381e-02 1.667273803968600809e-01 6.975908485905436829e-02 6.283480047492687182e-02 1.094126310759342274e-01 1.559209769253705469e-01 7.999539085998293164e-02 6.294210475487647949e-02 2.720501098814344376e-02 5.972613494052610161e-02 7.832197445482011466e-02 1.763938986422719513e-01 1.315683570499611155e-01 0.000000000000000000e+00 4.261564162948977552e-02 5.515048415099341739e-01 1.294833542378169729e-02 2.321045755941798239e-01 1.729614716874169622e-01 4.249557425848298764e-01 8.906108699210242563e-02 1.264942691825191867e-01 2.794067733120852437e-01 3.511967497458767101e-02 7.526165662556758007e-02 1.364432531958298112e-01 1.675385372494301445e-02 6.419538585260230190e-02 2.545780655587414620e-01 1.770896692116366578e-01 1.602088679394073067e-01 2.109055564378716496e-01 2.451272634706959733e-02 2.115779374213669073e-01 2.075665128930904435e-01 1.998415792222774934e-01 1.071162697436222888e-01 1.685388906465946635e-01 9.598852961297166253e-02 7.779325792226926550e-02 2.283193624104328245e-01 1.201613085964899214e-01 2.018838609421950980e-01 1.990691303659723466e-01 8.517177427766975395e-02 1.839194218521084945e-01 2.322084065114728979e-01 3.464183751049487031e-02 1.525245436286579714e-01 4.080189583609780679e-02 1.099751417824465366e-01 5.394913265346158726e-02 9.538021761318778158e-02 1.015217522255428516e-02 2.188612146450170104e-01 1.694657174089710949e-01 1.427071150551939005e-01 4.165698080764207445e-02 1.958528801817287779e-01 1.196590650968370334e-01 2.370475093016898294e-01 2.072690782729089132e-01 
2.958205466549627682e-01 2.668760124922704424e-01 1.456790489069752503e-01 1.021231870372853734e-01 1.971028303644427881e-01 3.276646126251054891e-01 1.195822761848230609e-01 2.608554956380363388e-01 9.320467629503562113e-02 9.941424230229987946e-02 1.381571284700027769e-01 4.198632726934825032e-01 1.110707350439958385e-01 4.152812695595167192e-01 1.505964503899723528e-01 7.325537993757479105e-02 1.268245860187888485e-01 4.261564162948977552e-02 0.000000000000000000e+00 4.749783975711657780e-01 1.033546242315175889e-01 3.117257839537063147e-02 2.646630275059514911e-02 2.303578285911570336e-02 7.538035749638655192e-02 3.285929442720739724e-01 8.018514139220532522e-02 1.091552534760947685e-01 1.955879986660281206e-02 3.530358625334401590e-01 2.504705465025335864e-01 4.796407668063711049e-02 2.916481355382170571e-01 1.779972681089186937e-01 2.844536666765175581e-01 2.681747963543547053e-01 7.314277414859544912e-02 1.180564164628934709e-02 1.020568836806679675e-01 1.733760838868689813e-01 1.339413302941727113e-01 1.443229883501470912e-01 1.373136299758291254e-02 9.402043798187474655e-02 3.991916197971929342e-02 7.340189610399534825e-02 1.728657530376703777e-01 1.721546013327941160e-01 1.272700958159888873e-01 1.552248799842478322e-01 1.533584610724634534e-01 1.535447972282022733e-01 1.361287713497222052e-01 3.995818002076833436e-03 6.252422981478991670e-02 1.089977703548214091e-02 4.112834904372971584e-02 6.048171658339526746e-03 1.228369506616130424e-01 1.338619560149815757e-01 2.147289072456855796e-01 6.015322128307482724e-02 1.214998716817487223e-01 1.196310243021653508e-01 1.772380201268016209e-01 5.704323724732818929e-02 
7.590919462900923287e-02 1.373239769777688801e-01 4.050958530071676472e-02 7.743615079229995701e-02 2.935213266496677353e-01 1.365393774532760451e-01 3.765124069982066224e-02 1.912807867492961333e-01 2.037633871015542830e-01 5.166845513676197182e-02 7.989407116484845139e-02 4.273690381725184784e-01 8.582831589720550658e-02 1.344859095262131155e-01 1.566686265674338829e-01 4.200312125710226052e-02 1.034677020192106278e-01 5.515048415099341739e-01 4.749783975711657780e-01 0.000000000000000000e+00 7.669294397849195366e-02 3.256604391076027560e-02 6.061578797160148413e-02 1.061815140707198513e-01 5.305556007428229026e-02 3.597589265495464983e-01 3.234744185980544251e-01 1.779751786682512785e-02 3.795751005631625014e-02 1.232137041352057705e-02 1.898972104518782955e-01 2.707614000028611967e-01 8.779283241576692209e-02 7.563801033599970580e-02 2.825759118349507881e-01 2.650526336526987659e-01 1.003206527246582186e-01 1.434202369989086845e-01 6.945989844802101520e-02 1.037031293147283872e-01 3.044861952550635686e-02 1.119861305972247451e-01 1.494127916145203128e-01 5.027272430955520566e-02 5.147024658822475091e-02 8.727260932170778640e-02 3.666394542829973929e-02 1.291113889727728281e-01 9.601111092156083826e-02 9.751558759349007732e-02 2.515397923911374956e-01 5.422786625425184137e-02 2.031409482742324579e-01 5.959515989140547199e-02 5.141309883376278533e-02 8.065352709980620760e-02 2.820338785526229491e-02 6.177895118855543377e-02 2.098576583789500682e-02 2.086215732677370871e-01 1.774669828468391219e-01 2.721199138770276707e-02 1.184600610026174533e-01 4.042731774492355594e-03 1.047065816919584974e-01 1.736072904323345545e-01 
4.321479655782228813e-02 1.376611426662084081e-01 2.915135223074065418e-02 8.983882018172565376e-01 2.034114196234318162e-01 1.420529085084676069e-01 9.744608344389445176e-02 4.153559537593020656e-01 3.496644103522767583e-02 4.962487212978439199e-01 5.724964057571702014e-01 1.000421608054347239e-01 7.327559231428238951e-01 9.157280579114394914e-02 4.900664936587701553e-02 5.247280100535189201e-02 9.328136913587653511e-02 1.294833542378169729e-02 1.033546242315175889e-01 7.669294397849195366e-02 0.000000000000000000e+00 8.263423172764966518e-02 3.264047060931314203e-03 5.240665313690966165e-02 5.562280524431263418e-01 1.738549770054028387e-01 9.570235191156993559e-02 1.574165571125453189e-01 4.253715782557269676e-01 8.321617813201123703e-02 1.016737030843232331e-01 4.960684825009908927e-02 1.131895484013436537e-01 1.169688243812566503e-01 1.671406830560929202e-01 7.569787612357196938e-02 3.353674935509105004e-01 4.109555011573359784e-02 9.925215121315107691e-02 1.335311541822357673e-01 1.352194261929152430e-01 1.251236851709944531e-01 2.275799972127837689e-01 1.879791349985819038e-01 7.948952195676202426e-02 1.192276461032672347e-01 8.398279858605740833e-02 1.485570769913703570e-01 2.717149640584452103e-02 5.675611509537193539e-02 5.856973803830505670e-02 9.035559599119909191e-02 4.349775985075634427e-02 1.312435337694321524e-01 3.846986320147584987e-02 6.370045861275869248e-02 6.284002440910257947e-02 1.767579954465821890e-01 1.347373413992385416e-01 7.747005639564658042e-02 8.845011880778617941e-02 5.892666388816166639e-02 7.010515547117550372e-02 6.703453946046561418e-02 6.809502865663995264e-02 6.320725418835726472e-02 
1.853863937391887762e-01 3.927990508751594279e-02 3.941288469186354781e-01 1.571242968692504460e-01 2.201596151086639142e-01 1.559800717427356487e-01 9.471335080186367439e-02 3.031687306759066614e-01 1.819768070280407268e-01 4.834216662727167657e-01 5.060692901424460044e-02 3.545775625219072663e-02 7.532601607981799507e-02 1.514239265223552011e-01 7.564606269728044174e-02 6.534702825746188104e-01 2.470109932486654752e-02 2.321045755941798239e-01 3.117257839537063147e-02 3.256604391076027560e-02 8.263423172764966518e-02 0.000000000000000000e+00 5.140582096454577865e-01 8.002400867580833355e-01 4.605802465001667678e-01 2.251928314222724839e-02 2.925421690461618707e-01 3.761570409544985338e-01 4.662864802297968514e-01 8.449082430001461641e-02 3.270776215194201586e-01 2.008999885747679015e-01 1.659817483981426978e-01 2.761997235237735326e-01 7.483060903462493418e-02 1.013411610178181210e-01 5.727907855513515029e-02 1.666166830753111061e-01 6.286677898595996461e-02 1.821772133521333548e-01 2.222664093232796789e-01 1.321410055583546739e-01 3.639171144387247370e-02 5.898321351265036622e-02 6.294800328383808041e-02 1.368569276616049546e-01 6.633211138163580545e-02 2.058589635279327035e-01 1.567112217389688145e-01 2.371838606201012167e-01 6.571757746879849926e-02 3.450557817699205498e-02 4.224021310650102889e-02 6.007022984805084065e-02 4.077908761443902463e-01 1.923948961489217457e-01 2.441763979819931429e-01 1.045786920030340877e-01 5.368327938648870951e-02 1.513656099913118502e-01 4.502491801290627732e-02 1.154198103751306187e-01 2.914461113897731104e-01 3.587104714673516326e-01 1.976959026385158025e-01 2.854457565495683857e-01 
4.986116503149649881e-02 3.976174420364909645e-01 4.667901128469877370e-01 5.606254330103509209e-02 3.508130034217293858e-01 6.699973136648929017e-02 1.593259474160507727e-01 1.562896813557890785e-01 2.460065532688390788e-01 4.251419201027807349e-01 7.503027779677741427e-02 2.017156665131979443e-01 2.864574231447253663e-02 4.940915069844483559e-02 1.802284836509990273e-01 7.699867678593862452e-01 1.538668750320778544e-01 1.729614716874169622e-01 2.646630275059514911e-02 6.061578797160148413e-02 3.264047060931314203e-03 5.140582096454577865e-01 0.000000000000000000e+00 5.975697416863282596e-01 3.799100279007731062e-01 5.746123301925230159e-02 6.700200940892765689e-02 1.379495668361784555e-01 3.707795916252807356e-01 9.524546341395197235e-02 5.614417010402680819e-02 3.415439537272242920e-01 6.734045751289484405e-02 1.537836607569208203e-01 2.710417791378609276e-01 9.668979269324363968e-02 5.921719081475690372e-02 3.790237214546777755e-01 2.555195943000030182e-02 2.187775572917834699e-01 8.684218462833398489e-02 1.505310416063488921e-01 2.392788199834841034e-01 8.541145390835487572e-02 2.207886620479542483e-01 8.008450928724131224e-02 1.652028167332838526e-01 1.741324525009669832e-01 5.060856388384671334e-01 1.888679217867997862e-01 1.296059919400019411e-01 1.700849999782401423e-01 1.849049489626219123e-01 7.220486590402028226e-02 3.696978339283112092e-02 6.509014158472075096e-01 1.592007371935713067e-01 1.976523246241473353e-01 3.135724160220165757e-02 7.281087309205389047e-02 1.340000796225002400e-01 2.918991595989536836e-02 2.252051895025860007e-01 1.733327972357444624e-01 3.401946815166054794e-01 1.988453511150349018e-01 
6.909045448862018157e-02 1.489369659031178073e-01 6.289551778273499982e-01 1.062859265392062519e-01 2.159431724218598692e-01 1.204105113287838175e-01 1.328579731795804797e-01 1.632091369975622319e-01 2.166719961344670264e-01 4.203391096554190964e-01 5.940215655598251460e-02 6.188462701487163625e-02 2.648455441975440181e-02 1.064911967049138874e-01 1.051896314300404672e-01 6.653011094618672683e-01 3.511652604177283032e-02 4.249557425848298764e-01 2.303578285911570336e-02 1.061815140707198513e-01 5.240665313690966165e-02 8.002400867580833355e-01 5.975697416863282596e-01 0.000000000000000000e+00 3.786193170521469642e-01 8.878277868676100193e-02 9.791297262594268747e-02 2.394067564799800540e-01 3.813950580591475847e-01 2.334984601972672075e-02 1.653150936033690177e-01 2.058035686349218851e-01 1.316652701974296291e-01 2.248952783052620974e-01 5.389246822564647960e-02 2.211925305114484375e-01 3.512287957779899189e-02 2.085238622110384410e-01 9.078631618834578920e-02 1.795357945376183650e-01 1.851776031556374158e-01 1.249606398264482415e-01 2.927540662801882479e-02 9.133224999074494865e-02 1.314343621804736628e-01 1.411450039288421332e-01 7.716081946140006254e-02 1.932316635629914015e-01 1.593265715727274212e-01 2.030004442595643444e-01 1.411350102714750421e-01 8.378239701965627118e-02 5.248809156211573651e-02 8.661578893905801102e-02 3.836675549063124357e-01 1.798497729080247576e-01 2.602701773738851920e-01 2.924376897354372465e-02 6.261598000376183623e-03 5.663315694893962526e-02 7.547631601859405848e-02 1.481530471222276824e-01 2.590523310055730111e-01 2.870042381084757510e-01 2.221446682882239065e-01 2.656498382220376930e-01 
