0.000000000000000000e+00 8.937354000238829921e-02 4.694303424956994264e-02 5.263786004566337745e-02 1.812236257638315251e-01 2.435680121221818206e-01 4.383975330615750843e-01 3.582123847150723295e-01 3.720821437669432075e-01 2.186465801472802506e-01 1.173354069357281371e-01 2.197392267154249512e-01 1.467179080145305237e-01 4.456261812265297634e-02 5.622471271379047009e-01 2.346895693234988742e-02 4.337482997077228286e-01 2.348922234038630374e-01 1.436590526499437193e-01 6.773502182290890017e-02 8.339833339572206780e-03 2.640888640456825476e-01 2.088143733049219880e-02 1.547979210216935131e-01 7.237097620826109245e-02 1.013284809844083034e-01 1.548020188171858047e-01 1.592173109413260734e-01 5.445086361954520893e-02 7.729442327237039390e-01 6.612473134296971145e-01 3.254418303715874150e-01 7.044874161186744921e-01 2.304507620474842700e-01 1.785925594512591807e-01 8.573169566209506987e-02 2.910462745023252237e-02 1.332195984673475164e-01 6.458956247331874845e-02 2.828362892980037513e-01 1.403011376335591143e-01 2.188207076935824169e-01 2.832342207547562385e-01 8.546217042040572809e-02 8.742270956287917505e-02 3.124852408369190870e-01 2.486395221710589049e-02 2.144848902711994632e-01 9.766169717071099265e-02 3.233418265443245287e-01 1.475694662989557038e-01 4.133436775016818832e-02 5.487713969130177810e-02 9.180629849524558905e-02 1.699457848972974194e-01 1.246531181621323425e-01 1.835436521353462358e-01 7.126317102765879208e-02 1.847945205023468207e-01 4.615688143856028214e-02 7.883611322502957763e-02 9.631790827980926673e-02 2.251037479464169377e-01 1.305988942575996847e-01 1.851011147915274935e-01 2.515343525851442830e-01 
8.937354000238829921e-02 0.000000000000000000e+00 5.280591576156048461e-01 1.376193517779381037e-01 1.873275022708762727e-01 5.820542775748913794e-02 1.628398901998856230e-01 4.066190158284040124e-02 2.299199605280075609e-01 4.788643852512097093e-02 1.017934589119748739e-01 2.708820778227316040e-01 1.301391817564147846e-01 1.549726245369106581e-01 1.765924655261847387e-01 2.673857285367868819e-01 8.013761443193359590e-02 1.034766422280938292e-01 1.567099434948988623e-01 4.647347662437252558e-02 9.784600891093542252e-02 1.698482488071817731e-01 4.553924474637618403e-01 3.194916978962580312e-01 1.946312928733644892e-02 3.646881170522945914e-01 4.228245973891507914e-01 4.016147220306403587e-01 1.616195393155518342e-02 8.848547326547880065e-02 6.425100140171745300e-02 2.991282603905086601e-01 4.219890811037645129e-02 1.398955087768614103e-01 7.379058565797467217e-01 1.920550013396487010e-01 1.938912161726205619e-01 3.118180291265725268e-01 8.171760994566598657e-02 2.104839053049349096e-01 1.097589731983668881e-01 1.942241453643104299e-01 5.285845342324883150e-02 4.184070652271885266e-02 2.672859800329445701e-01 1.389538493201452896e-01 2.411922736777813159e-01 2.079572340557812316e-01 2.013967861008145455e-01 1.792553492751164934e-01 1.015593239226662559e-01 2.039659309740426141e-01 1.878995353649762501e-01 1.040653904296368892e-01 1.786925103006161211e-02 3.502039664317118106e-01 6.640995278109246280e-02 4.407049776206118513e-02 2.465238190467703705e-01 1.680679587716064904e-01 2.702040820151819789e-01 7.756897535004804445e-02 2.010273685773697194e-01 1.017227574224159187e-01 3.691530418294967086e-01 1.488581105567164109e-01 
4.694303424956994264e-02 5.280591576156048461e-01 0.000000000000000000e+00 6.788339077599887805e-02 2.291853038815479249e-01 1.425764722414256114e-01 8.056017432615400486e-02 1.442342393786831718e-02 2.994746083905955314e-01 1.776579782250148065e-01 1.079307588300508630e-01 2.668404172467200297e-01 2.794103837072855687e-02 2.121293942246182951e-01 1.418425589557393285e-01 2.711519400709254124e-01 2.997425382113445141e-02 4.542496377431529675e-01 1.066911844688896022e-01 9.290939801251950347e-02 5.258671863601997037e-02 3.553744936758079787e-01 3.705787393004315033e-01 5.745429290807796407e-01 1.216302315095671577e-01 1.554558759430970938e-01 3.989770427311456480e-01 1.744570753765249949e-01 1.109315713536964676e-01 3.353682520942775219e-02 1.041912875473515465e-01 2.529691195048668351e-01 1.210645481315793109e-01 1.305800486010278427e-01 2.025207487124522088e-01 1.591597296927839689e-01 1.098539645329772996e-01 2.420484208891336420e-01 2.207702238512758708e-01 1.745437164432603050e-01 8.742633055189770463e-02 1.510317813007915344e-01 4.470835728138683463e-02 1.273948329480432441e-02 2.972820372729439997e-01 1.107363559241894141e-01 3.154487080506974128e-01 1.652414167495065145e-01 9.760161964490507436e-02 1.737157490434992624e-01 1.165156445265198570e-01 1.767463692940449138e-01 1.594058723469615468e-01 6.364320973709158835e-02 1.338479176993328246e-01 1.434566324274035021e-01 1.485652385794417052e-01 1.298613504712964849e-02 1.013922715221648591e-01 2.367000716940681135e-02 1.558472819627518269e-02 3.447546094604954370e-02 1.564558535456079535e-01 9.101556964566734353e-02 2.462519969872380976e-01 1.505266328536851994e-01 
5.263786004566337745e-02 1.376193517779381037e-01 6.788339077599887805e-02 0.000000000000000000e+00 1.310899526842444207e-01 1.135856731289087568e-01 3.237627062271887513e-02 4.138985281102142699e-01 8.610154099615531173e-03 5.682808771531996372e-01 4.872574075557392081e-01 1.368338430277701336e-02 5.470288143098019917e-01 3.164208280539535650e-02 5.066727543297167707e-02 1.134788334793297992e-01 1.229831280805322724e-02 5.869957308945708552e-02 9.629468294637157089e-02 1.150325447701349563e-01 8.966141924539599017e-01 9.068086799611020654e-02 6.817690593885991635e-02 2.240088033844873580e-02 6.095318655017767373e-01 6.875402152538492850e-02 1.746851095766242534e-01 2.056847030763356843e-01 3.729498542813685091e-01 1.047661418197003702e-01 1.476773355800413967e-01 4.751755721055270221e-02 1.334028361984691269e-01 1.601134168266110380e-01 1.337090263693306025e-01 2.956524667387997601e-02 5.222250139471392716e-01 3.468686123722335840e-02 5.379335730806816124e-02 1.706879799428706324e-01 1.105678291574238303e-01 1.422321308360727232e-01 2.480047239115555913e-01 8.629019167832432946e-02 7.948234203550676169e-02 3.272302989677266377e-02 7.988190146243932810e-02 1.443208359189558365e-01 3.305140798576992195e-02 1.594117162537588284e-01 2.952447459481653477e-02 8.481194253462365218e-02 1.494988882498274330e-02 3.028529255549182730e-01 3.094797714272699493e-02 2.137723578101969474e-02 2.315918674302958058e-02 2.624402572212597429e-01 5.285754781148248316e-02 6.441664081412247500e-02 1.096024476465172343e-01 2.037117803383957024e-02 8.778190811609770661e-02 2.527690913273791459e-02 7.275491838000736067e-02 7.772144814071858809e-02 
1.812236257638315251e-01 1.873275022708762727e-01 2.291853038815479249e-01 1.310899526842444207e-01 0.000000000000000000e+00 2.491697915126800389e-01 3.684887137405836177e-01 1.916392779394682916e-02 6.374452825351009100e-01 2.592050705206384587e-01 5.623761781356093233e-03 5.822175098593286302e-01 9.946047582295163003e-02 2.814175760664699988e-01 3.947729311436780075e-01 2.555276634309538997e-01 4.437652888407508378e-01 2.541315681778755220e-02 1.843642862038218089e-01 3.120021747826225433e-01 1.672978763377953038e-01 2.861568641746522479e-01 3.439645396348774975e-01 2.648690465662857929e-01 2.698373144522822065e-01 1.990678516753504323e-01 1.198664083034925859e-01 1.479846672705857902e-01 1.712733185123613833e-01 2.285096326480522688e-01 4.757478526213035352e-02 6.682359291311075200e-01 1.327870816434916779e-01 1.411520428378235659e-01 2.199242809368800178e-01 1.937006846815800820e-01 6.999266290502759169e-02 4.162669155158674195e-02 2.214196541736219714e-01 1.477748889674543598e-01 7.903103612471451545e-02 1.518587331983883848e-01 4.367672647366920291e-01 1.699754596386248914e-02 3.152888211696592419e-02 2.413732749149559154e-01 1.798964614190020073e-01 1.437381849805602074e-01 2.307984489800916916e-01 1.426505235602686383e-01 2.153393121503158203e-01 8.702999081102230292e-03 1.301079744606437327e-01 9.660017291619850399e-02 1.513873644395200835e-01 3.234329661221589380e-01 1.922394035827163783e-01 2.143098762993610185e-01 1.011821659275969204e-01 4.813814660562151793e-02 6.279836895106220840e-02 1.088851063631130212e-01 1.514541109787408135e-01 7.731299188308123072e-02 6.674885320775135467e-02 1.897192626676695304e-01 
2.435680121221818206e-01 5.820542775748913794e-02 1.425764722414256114e-01 1.135856731289087568e-01 2.491697915126800389e-01 0.000000000000000000e+00 2.749185530055546847e-02 1.511088099695385156e-01 1.774319653503921845e-01 2.790645106536960296e-01 5.264926131562789463e-02 2.551666188979390681e-01 7.640333647406660766e-02 3.962456358437435044e-01 2.457125907287880523e-02 2.641633929960701677e-01 1.120792523211026730e-02 2.419751828080361766e-01 2.442645445329907905e-01 2.774499705794982937e-02 7.386603635503770360e-02 2.552770692620924819e-01 2.998992493274345028e-01 2.143484853060002027e-01 2.481000342846398643e-01 5.645751314931514164e-01 3.230893603368230060e-01 5.003603308705781849e-01 1.788291451729575876e-01 2.595733274665098511e-01 2.284453786423376598e-01 8.770778681471691485e-02 2.744075358195267045e-01 2.588891929300045358e-02 1.392252644812204398e-02 2.090216092367557232e-01 5.967326493252617103e-02 1.573006981539468718e-01 5.639828070560750639e-01 1.832979230926533587e-01 2.452953897046485435e-02 1.338630704612182587e-01 1.267207386030569927e-01 7.414913790842507339e-03 2.666570025424924162e-01 7.209704493607550779e-02 3.250913303889313433e-01 1.164040504472780707e-01 2.132706826631944608e-01 1.826974225059331824e-01 1.820494384171000846e-01 1.691783422345649601e-01 8.935032041418900298e-03 1.994415938904913962e-02 1.021484949596294517e-01 2.513848751873920540e-01 1.710168558114637249e-01 1.574204867861398738e-01 4.873724892087780147e-01 6.471441285245840835e-02 2.565638493902289152e-01 1.010860241789896669e-01 3.270643962942719474e-02 3.676539865668595336e-02 2.304266439544516987e-01 2.738410936499441079e-03 
4.383975330615750843e-01 1.628398901998856230e-01 8.056017432615400486e-02 3.237627062271887513e-02 3.684887137405836177e-01 2.749185530055546847e-02 0.000000000000000000e+00 9.019583435163626428e-02 5.220195249803493143e-01 1.507662318162429071e-01 1.935012961497898365e-01 2.892647825315787236e-01 3.589660574960882866e-01 1.164631059479668967e-01 5.455499080722904237e-01 8.840474918523490155e-02 7.845707940024513327e-01 2.966925911546524491e-02 3.093263872717694207e-02 6.333890244601729502e-03 3.281431462818084482e-02 1.965811185963115340e-02 1.311946861147274546e-01 6.261691350719211790e-02 6.371581333175518891e-02 9.178930289897838102e-02 1.067873257631556938e-01 6.399829067936521620e-02 5.998411076540988152e-02 3.976299377053726380e-01 1.964979468856887790e-01 5.091559834652192862e-01 3.883481094666114686e-01 2.516922283267993277e-01 2.152099080546115151e-01 9.254495988282533669e-02 5.506905292014985243e-02 1.092018794214745930e-01 1.482120388595880023e-01 2.997208669778769763e-01 1.459953929670998185e-01 2.978650896074761523e-01 3.320545541652488164e-01 1.579844573832311083e-01 7.010861822389971576e-02 3.025148159126302416e-01 5.826040125999459168e-02 2.992621212260077601e-01 1.075922440972112704e-01 2.969189459938645914e-01 2.199171833622077521e-01 3.445022312531559328e-02 1.315454686414696817e-01 1.314558784030186445e-01 1.185705075281969084e-01 1.858814968335377737e-01 1.500637691398784557e-01 1.544357565138549659e-01 1.245120253562311124e-01 4.282593781737645267e-02 1.121678628596027745e-02 1.053829531979627171e-01 2.640949213270833984e-01 1.316480289442419349e-01 1.910972251713409231e-01 2.904523315016789287e-01 
3.582123847150723295e-01 4.066190158284040124e-02 1.442342393786831718e-02 4.138985281102142699e-01 1.916392779394682916e-02 1.511088099695385156e-01 9.019583435163626428e-02 0.000000000000000000e+00 1.527806150076887748e-01 4.751267307443321486e-01 4.076036035200593655e-01 9.524770326774745222e-02 3.849145768458244743e-01 3.600333983135683980e-02 2.367156589381468890e-01 1.144463173802590245e-01 1.281339955450971346e-01 5.508702243112640479e-02 1.549195260057578405e-01 1.187701221073863694e-01 3.536562991459578087e-01 1.830623110171624157e-01 8.228307229417977653e-02 5.320165545058858081e-02 4.523160461371023566e-01 7.105976189999761716e-02 1.796422180597034013e-01 1.322556512573229981e-01 4.721104038130392588e-01 4.053653500442447322e-01 4.534410927970529692e-01 1.093393914240352177e-01 3.837844540236736157e-01 2.073569881946878690e-01 9.436800452147522944e-02 6.085693533271472472e-02 3.678165420416255188e-02 9.437799060889333347e-02 4.820717001236900223e-02 1.745223422083023723e-01 1.982151644471846497e-01 1.280132559837482975e-01 9.729450068981448929e-02 8.303509894117672152e-02 2.080605242482857012e-02 2.000365050023808211e-01 1.704390565719604914e-02 1.515448535722760670e-01 4.090059405201405818e-02 1.713124618888570150e-01 6.494215701485822612e-02 2.565059056425951500e-02 7.332789036610600115e-03 8.995479558481576932e-02 1.513256123727434177e-01 6.321889133364518021e-02 1.530181592741316488e-01 2.060343753597929442e-02 9.007945037167540414e-02 6.519660915193604099e-03 4.045227987559230770e-02 8.749396498365832886e-02 1.706020992478386178e-01 1.406443661414695789e-01 9.796923710801268281e-02 1.827898145406686714e-01 
3.720821437669432075e-01 2.299199605280075609e-01 2.994746083905955314e-01 8.610154099615531173e-03 6.374452825351009100e-01 1.774319653503921845e-01 5.220195249803493143e-01 1.527806150076887748e-01 0.000000000000000000e+00 4.327106404744045232e-02 1.486577362987719364e-01 6.581374464952477465e-01 1.118994994439434093e-01 3.037120436657352873e-01 7.440493657106735936e-01 1.988753765691475828e-01 4.467585563691779393e-01 1.760768196279730025e-02 2.318306094295995157e-01 2.979653662258009428e-01 1.237463283026773650e-02 2.043508902308665831e-01 2.555287884819950617e-01 2.225969451984501357e-01 1.183636959813889195e-01 1.266851445176989110e-01 3.272858896194851680e-02 4.182659844883158951e-02 9.220824115483101935e-02 4.150944468242799279e-01 1.053986360648263149e-01 6.862635446198869227e-01 3.271195727042831014e-01 1.419271942182991353e-01 2.337025905477496113e-01 1.750574573562467262e-01 5.608737496432723846e-02 8.362198042430639411e-02 1.734155434957932174e-01 2.049455049914656601e-01 6.048245465890555311e-02 1.968581254188407070e-01 3.487019351424227587e-01 6.198124126324106725e-02 9.541969531815623629e-03 2.757652482920558423e-01 1.620528095050854378e-01 1.720100173176674907e-01 1.688121825612289295e-01 2.204051394362834537e-01 2.024226259500850611e-01 5.556907918743368008e-02 1.552814822530020067e-01 1.053961705042713443e-01 1.106260451691562646e-01 2.460367027360080283e-01 1.576374403448768113e-01 1.456528325587122807e-01 5.543515983280287301e-02 7.046679018207359368e-02 3.027528835107535718e-02 7.422290457678416831e-02 1.494374397429581169e-01 5.835661637901673471e-02 8.684041766796186945e-02 1.826470896143561062e-01 
2.186465801472802506e-01 4.788643852512097093e-02 1.776579782250148065e-01 5.682808771531996372e-01 2.592050705206384587e-01 2.790645106536960296e-01 1.507662318162429071e-01 4.751267307443321486e-01 4.327106404744045232e-02 0.000000000000000000e+00 2.815001662496077195e-01 4.848775615377055870e-02 6.038379194944920592e-01 2.632378266390606597e-02 1.185504431430039751e-01 4.067912387981457156e-01 1.462369775933242966e-01 1.058504962107951752e-01 1.478177575720124315e-01 1.031644563054868180e-01 5.257888920300074487e-01 4.452966397472793991e-01 4.011250059730303019e-01 3.274584572986032338e-01 7.472966033921163431e-01 1.037871268377633938e-01 2.215996203113931029e-01 2.587571577902454401e-01 4.789889336852961588e-01 2.661516857352551613e-01 3.602488775637309182e-01 3.772906212794856218e-02 3.423621827489113367e-01 3.162367139378248759e-01 5.505177345479916884e-02 9.474794993345306325e-04 2.561653001160462129e-01 2.803554815970090153e-01 9.328384706980788477e-02 3.423929842178471405e-01 1.130468124188487855e-01 2.879599772620134446e-01 2.285275260293538890e-01 8.583392670734416030e-02 7.200537460546603541e-02 9.365194390517538048e-02 3.495392366201812567e-02 3.594089062655483890e-01 2.256621789756761143e-01 4.221902110135368202e-01 1.572958895164799920e-01 4.718774074057837525e-02 1.143808244131499924e-01 8.656536647307258581e-02 2.859479135626179919e-02 2.329048284409212244e-01 1.078146409798630759e-02 3.459338250496641898e-01 1.669340705954034942e-01 9.584134994022706910e-02 1.284613281817519881e-01 1.149263681629206502e-01 3.465965462143734688e-01 1.106195577183441831e-01 3.305780651542618576e-01 3.426674399132634830e-01 
1.173354069357281371e-01 1.017934589119748739e-01 1.079307588300508630e-01 4.872574075557392081e-01 5.623761781356093233e-03 5.264926131562789463e-02 1.935012961497898365e-01 4.076036035200593655e-01 1.486577362987719364e-01 2.815001662496077195e-01 0.000000000000000000e+00 1.980194600373550926e-02 5.360728010037629776e-01 7.846165202656922924e-03 1.675794484749976998e-01 2.038249972469955221e-02 8.142503960474667402e-02 6.920705178859333506e-02 9.721814491129686375e-02 8.726228920707118641e-02 5.613009889866202862e-01 6.460637626756168816e-02 5.236929713071843302e-03 5.203362099183717060e-02 2.755428584383182167e-01 5.260791593184218490e-02 1.247475312798956015e-01 1.331260855037190716e-01 1.460944884950955702e-01 1.463483169494106395e-01 5.171340739533318576e-02 4.706047626625707581e-02 1.341482201934096063e-01 2.100454475869586723e-01 5.977807299216671838e-02 3.952638620798885200e-02 6.094829451010577021e-02 2.927651375066804215e-02 4.248156769279562428e-02 1.897424661440595683e-01 2.093880553411911205e-01 1.433391212045475593e-01 5.870894271874681214e-02 3.556934836396233313e-01 7.387895803141877882e-02 2.734988595851540194e-01 5.844906948994166296e-02 1.477630128828427425e-01 4.255512256409692447e-03 7.233180870974309506e-02 2.825777999543848881e-02 1.045052561241614636e-01 8.612365930843146611e-02 1.539530248459364814e-01 5.279714296410989438e-02 2.817459834763934301e-02 4.050691953707665632e-02 1.846000413236587381e-02 1.870485946656900295e-02 4.806526928222315531e-02 5.756037055463503020e-03 1.025689312521502888e-01 1.116909378833428751e-01 1.194710877370095126e-01 1.427084385588988681e-02 9.661772671120613665e-02 
2.197392267154249512e-01 2.708820778227316040e-01 2.668404172467200297e-01 1.368338430277701336e-02 5.822175098593286302e-01 2.551666188979390681e-01 2.892647825315787236e-01 9.524770326774745222e-02 6.581374464952477465e-01 4.848775615377055870e-02 1.980194600373550926e-02 0.000000000000000000e+00 2.580734616924304850e-02 6.478257349166214318e-01 4.021363787318045224e-01 1.037270727235572038e-01 2.363062049777484852e-01 2.007207617760655219e-02 4.294199429240513899e-01 3.811632763055884943e-01 4.841414358030216719e-02 3.089941217004516655e-02 1.765125620770431336e-01 8.158615484546240249e-02 8.572158003626569045e-02 3.242443029051179648e-01 1.177456379586442059e-01 7.634593528790030448e-02 2.552838361557972433e-02 2.353196593417726801e-01 9.673804768972460444e-02 5.848363490567931589e-01 1.754518230426704295e-01 1.232829804846908850e-01 3.252079146685030731e-01 2.940896473746303919e-01 2.760578727536699625e-02 2.746140059542006781e-02 2.931953265433501765e-01 1.155367663238879850e-01 3.088137302310949364e-02 1.131720225415371733e-01 3.102099109946652167e-01 4.773899897082480720e-02 1.746422659202298278e-01 1.890442482053497353e-01 4.082040058521556047e-01 1.017474219097423971e-01 1.436625406567433871e-01 1.613396365374402952e-01 3.232216016537380887e-01 5.804476838597662225e-02 1.612727071506769305e-01 5.178593824015945146e-02 1.641550392731546404e-01 2.356661194846170482e-01 2.128313049005892688e-01 1.286288847479554742e-01 1.899204998445422343e-01 1.108339026366522706e-01 5.491735888441294511e-02 5.934307964595211815e-02 1.565736852876898899e-01 7.377461203257117128e-02 3.334904323642279289e-02 2.091181436373533709e-01 
1.467179080145305237e-01 1.301391817564147846e-01 2.794103837072855687e-02 5.470288143098019917e-01 9.946047582295163003e-02 7.640333647406660766e-02 3.589660574960882866e-01 3.849145768458244743e-01 1.118994994439434093e-01 6.038379194944920592e-01 5.360728010037629776e-01 2.580734616924304850e-02 0.000000000000000000e+00 1.716826646183406552e-02 2.282365788955293961e-01 1.752960593023911509e-02 3.244388017471193653e-01 4.097266315110289353e-02 1.022074633056460347e-01 9.219721517272258526e-02 6.335617814954327409e-01 1.146170418582466016e-01 2.266959176772622223e-02 5.631516284854724136e-02 3.410449472773197099e-01 1.218504873548165446e-01 1.442698357288813849e-01 1.203723405092801124e-01 1.572130879066872822e-01 2.310079325026914432e-01 2.368656940247587384e-01 1.124516821353187396e-01 3.104042810624109139e-01 2.578352383508100143e-01 1.869393479574746331e-01 6.747139946018680667e-02 1.419613018138381200e-01 7.848976497870201186e-02 7.535937555306047864e-02 1.999608791410359410e-01 1.882165252822748658e-01 2.063883573221127476e-01 3.663805550396520561e-02 1.946455187793350583e-01 2.976029802379332248e-02 1.193703558754542621e-01 7.790732906438440665e-03 2.658332692072017944e-01 9.498721916142763289e-02 1.709497143876347325e-01 1.938873563563146551e-01 5.890250339360957738e-02 1.075817003628575241e-01 5.004953581448336186e-02 1.616136576790431212e-01 1.376419566098983360e-01 1.718348295793945824e-01 2.067311940151848534e-02 1.454986664295163101e-01 3.998371175254051418e-02 9.089005042528734701e-03 1.210879432788339732e-01 2.406567236399957677e-01 1.345149191926302834e-01 1.326775753237431632e-01 2.649403151414566060e-01 
4.456261812265297634e-02 1.549726245369106581e-01 2.121293942246182951e-01 3.164208280539535650e-02 2.814175760664699988e-01 3.962456358437435044e-01 1.164631059479668967e-01 3.600333983135683980e-02 3.037120436657352873e-01 2.632378266390606597e-02 7.846165202656922924e-03 6.478257349166214318e-01 1.716826646183406552e-02 0.000000000000000000e+00 2.896242798967862617e-02 2.737058890326498142e-02 1.944119303038337881e-02 2.254030808469026370e-01 3.843257358478895935e-01 4.755495126430595021e-02 2.936523340264425921e-02 7.315195143547219281e-02 4.008755458427371021e-02 2.537989892083020865e-02 4.441620636494803334e-03 4.895753162846309681e-01 1.589509083403247147e-01 1.326094221876512325e-01 8.007307052801913849e-02 5.921444408028875978e-02 5.153853747116474843e-02 1.573213196137911996e-01 8.282426108261332909e-02 5.162065816870053253e-02 2.002008485453045106e-01 2.833828790187487012e-01 6.051911410531439495e-02 1.424381698095293636e-01 3.789840350548110970e-01 3.032102258441473144e-02 2.926698703432123461e-02 3.286346624712022102e-02 1.008186314713846038e-01 7.169931011593393133e-02 4.722267896445788704e-01 4.331849747378549442e-02 7.162174188112139239e-01 1.942612181208631592e-02 1.238699212408854618e-02 5.386841636176364911e-02 3.548690840268086677e-01 2.302539886976205097e-01 1.315785312969320053e-01 2.417525155470488449e-02 4.953826021307344146e-02 7.440850175206489836e-02 8.801623170136264884e-02 3.273589985747555470e-02 4.174849284141659012e-01 2.249767068973481110e-01 1.438105913822358695e-01 3.565422219431226697e-02 1.075381624929190733e-01 3.031641686963199717e-02 4.077824252500111823e-02 1.420710613921349064e-01 
5.622471271379047009e-01 1.765924655261847387e-01 1.418425589557393285e-01 5.066727543297167707e-02 3.947729311436780075e-01 2.457125907287880523e-02 5.455499080722904237e-01 2.367156589381468890e-01 7.440493657106735936e-01 1.185504431430039751e-01 1.675794484749976998e-01 4.021363787318045224e-01 2.282365788955293961e-01 2.896242798967862617e-02 0.000000000000000000e+00 1.718296876969960252e-01 5.567148163087480839e-01 1.899633513036198262e-01 1.279596618213467429e-02 2.521571643198953216e-01 5.153600942637272947e-02 1.036397060862666725e-01 1.915480058109671480e-01 1.039781607429499793e-01 5.861613578690252901e-02 6.183726180590162075e-02 2.050231951341180067e-02 2.519780348965071706e-02 9.838322800291893211e-02 6.853250615208495988e-01 2.680019928408751140e-01 6.916334112255846378e-01 6.167541806723115805e-01 2.159371497467202916e-01 2.152649211469001844e-01 9.418563690650927356e-02 7.388239592640570563e-02 1.515165211790712729e-01 5.996379449855918781e-02 2.702036026760669118e-01 1.127409540627165446e-01 2.392045898914327839e-01 3.246975112547276221e-01 1.010840319976616802e-01 1.395201192367261089e-01 2.703977928679795473e-01 5.041824201175380132e-02 2.308065305186904892e-01 1.642929544718585710e-01 3.009918461295049696e-01 1.802201875410043286e-01 1.174365271025584571e-02 1.061554131108955884e-01 9.936241764353659356e-02 1.487833894693680603e-01 2.314820740106944830e-01 1.862607720406143641e-01 1.304502473736492696e-01 1.405397836221547458e-01 2.320085926673088900e-03 6.058047418126539380e-02 1.133998350675267247e-01 2.250076267387706441e-01 1.318282254541187359e-01 1.596144412500706822e-01 2.584291340317039221e-01 
2.346895693234988742e-02 2.673857285367868819e-01 2.711519400709254124e-01 1.134788334793297992e-01 2.555276634309538997e-01 2.641633929960701677e-01 8.840474918523490155e-02 1.144463173802590245e-01 1.988753765691475828e-01 4.067912387981457156e-01 2.038249972469955221e-02 1.037270727235572038e-01 1.752960593023911509e-02 2.737058890326498142e-02 1.718296876969960252e-01 0.000000000000000000e+00 1.519284294241917965e-01 4.967504844855727408e-02 9.540377003145448370e-03 2.862836078876677612e-02 6.452847229658885408e-02 5.662137635260263702e-01 8.543692208305138092e-01 5.672587202252910021e-01 5.018136512210873423e-01 4.329198484568250876e-02 2.047051620212578804e-01 3.226929362101452203e-01 4.547230174859970275e-01 6.884394545753905192e-02 1.771591002363972350e-02 2.463912360430906556e-01 5.223127837798367118e-02 2.913104290381733907e-01 2.043056557390039163e-01 4.850001116418993508e-02 2.577229800902968923e-02 2.142208976281436417e-01 1.988718551766267273e-01 2.538894439470391062e-01 1.718521627200180202e-01 1.925905864215156915e-01 1.502464799244656313e-01 6.014419469970291865e-02 1.909841147881239515e-02 1.713290211665068064e-01 5.353319182324291561e-03 2.704769047346243793e-01 5.909304261647373435e-01 2.909685719682586491e-01 1.888161687572438921e-02 4.656101956075980181e-02 2.773138834708005485e-02 4.396773916934378079e-02 2.635131503278317217e-02 5.976833945090940237e-01 1.604183968867962107e-01 2.426483360268570089e-01 9.914285502671539921e-03 4.223048696985657463e-02 1.751148715155552427e-01 9.211273475775408337e-02 3.058622372741262585e-01 1.987281040022850498e-01 2.881859838144420483e-01 2.532341855904259864e-01 
4.337482997077228286e-01 8.013761443193359590e-02 2.997425382113445141e-02 1.229831280805322724e-02 4.437652888407508378e-01 1.120792523211026730e-02 7.845707940024513327e-01 1.281339955450971346e-01 4.467585563691779393e-01 1.462369775933242966e-01 8.142503960474667402e-02 2.363062049777484852e-01 3.244388017471193653e-01 1.944119303038337881e-02 5.567148163087480839e-01 1.519284294241917965e-01 0.000000000000000000e+00 1.888868941196853446e-01 1.006532621585481263e-01 8.788870814247458363e-02 2.634580330346569799e-02 4.348268900756743771e-02 1.903266960700008836e-01 4.022236578438989629e-02 1.054439694651577858e-01 4.047837169473509494e-02 6.246977801663420454e-02 6.083311014275079309e-02 9.921701320190606799e-02 5.048379576906958377e-01 2.110380114924153283e-01 5.620964026551971138e-01 5.137770636377662070e-01 3.259312924872603268e-01 2.063348981152896000e-01 1.156518238834021856e-01 8.331292149307975570e-02 1.671893344000517923e-01 1.691749214777462651e-01 3.209625898424254276e-01 1.811555442920375625e-01 3.325421281451523270e-01 4.307032651193270500e-01 9.489464776265493784e-02 1.441307001313220371e-01 2.833333258559566081e-01 3.617100967220405333e-02 3.785552665234918068e-01 1.808955185953657896e-01 3.507667821107253170e-01 3.066408139740001704e-01 4.359189599786317260e-02 1.787006795738492471e-01 1.271697059343216696e-01 2.040503453282991597e-01 2.795461799278404769e-01 2.465705096766728499e-01 2.038357795011529194e-01 1.401327408226827609e-01 3.177232061964184451e-02 6.195092351857119095e-02 1.500952734117425580e-01 3.794793702551181314e-01 1.979505158883576310e-01 2.639437996265819875e-01 4.266528741905461497e-01 
2.348922234038630374e-01 1.034766422280938292e-01 4.542496377431529675e-01 5.869957308945708552e-02 2.541315681778755220e-02 2.419751828080361766e-01 2.966925911546524491e-02 5.508702243112640479e-02 1.760768196279730025e-02 1.058504962107951752e-01 6.920705178859333506e-02 2.007207617760655219e-02 4.097266315110289353e-02 2.254030808469026370e-01 1.899633513036198262e-01 4.967504844855727408e-02 1.888868941196853446e-01 0.000000000000000000e+00 3.715917698115706047e-02 5.736693848467920853e-01 3.924216418581728122e-02 1.952280030018256340e-01 8.855382548062028236e-02 3.566184775134486062e-01 2.047858747273661670e-02 1.571185829193148115e-02 2.540372671336699195e-01 6.660028724549889832e-03 9.932624779556453731e-02 3.184640205698823223e-01 1.222013822255677007e-01 1.270741615474695885e-01 3.929999999736271676e-01 1.546546182414914872e-01 1.100611467777371788e-01 1.301533059166334605e-01 8.346607214004343744e-02 2.134001075026082384e-01 1.766983019702410840e-01 2.326838799397367985e-01 5.523508524505794243e-02 1.978060529453066207e-01 1.757734122825581058e-01 1.629706942941253414e-02 3.453530012419417372e-01 1.820116703984847872e-01 3.260108963915731017e-01 1.894954172549835891e-01 3.784984946377626357e-03 2.441436375255744695e-01 1.798911726792819521e-01 1.266551677443861768e-01 1.681581120030757048e-01 7.974433063126619425e-02 1.321597431778942788e-01 4.396401848603237461e-02 1.338500325709197081e-01 2.156549216857699125e-02 2.731052469672664573e-01 7.663211147121538891e-02 5.610395622225336498e-02 3.354620764875011069e-02 1.844804122600466056e-01 9.196203112404308100e-02 2.319031731117636164e-01 2.088673874433158162e-01 
1.436590526499437193e-01 1.567099434948988623e-01 1.066911844688896022e-01 9.629468294637157089e-02 1.843642862038218089e-01 2.442645445329907905e-01 3.093263872717694207e-02 1.549195260057578405e-01 2.318306094295995157e-01 1.478177575720124315e-01 9.721814491129686375e-02 4.294199429240513899e-01 1.022074633056460347e-01 3.843257358478895935e-01 1.279596618213467429e-02 9.540377003145448370e-03 1.006532621585481263e-01 3.715917698115706047e-02 0.000000000000000000e+00 5.109786546614065728e-01 9.207936024672357112e-02 2.786107710505001875e-02 3.204270549856984979e-02 8.831354331678146347e-03 9.897168531028284477e-02 2.243271472234920350e-01 1.388185876051725373e-02 1.180131633292340193e-01 3.017310091331716279e-02 2.257247827567712972e-01 1.917261391165019091e-01 7.608914063456634347e-02 2.553356339367109373e-01 1.484922696963183741e-01 1.875253362498617848e-01 2.383469636498155020e-01 3.488951111657877940e-02 6.791564155853994922e-02 1.466083941809561142e-01 7.740619474866589078e-02 1.391400835044330764e-01 3.428830050134003965e-02 2.441833180180590784e-02 9.490310693345460624e-02 8.498436736053507912e-03 1.404253783730651309e-02 1.523428131078980174e-01 5.875844414239962676e-02 4.667910215426505222e-02 7.529471360328093832e-02 1.498658520894304014e-01 1.809401576010766788e-01 2.190191700252487050e-01 3.252894756946877325e-02 5.024351317689175478e-02 1.105975908555507752e-02 1.218477614734277299e-02 3.099462173990610164e-02 8.360136560502150205e-02 2.039048693130343648e-01 1.585059902844952184e-01 8.854021803707065597e-02 1.043749234402350790e-01 1.447480522700901884e-01 6.308865704468126501e-02 8.882743508059255666e-02 
6.773502182290890017e-02 4.647347662437252558e-02 9.290939801251950347e-02 1.150325447701349563e-01 3.120021747826225433e-01 2.774499705794982937e-02 6.333890244601729502e-03 1.187701221073863694e-01 2.979653662258009428e-01 1.031644563054868180e-01 8.726228920707118641e-02 3.811632763055884943e-01 9.219721517272258526e-02 4.755495126430595021e-02 2.521571643198953216e-01 2.862836078876677612e-02 8.788870814247458363e-02 5.736693848467920853e-01 5.109786546614065728e-01 0.000000000000000000e+00 8.820301739056830848e-02 2.606342576292271229e-02 3.345135704899666884e-02 1.074382565246732035e-01 1.233162735249747899e-01 1.722243926896496469e-01 2.132761502519037455e-01 1.237656678048927247e-02 1.335037885872386032e-01 1.302272380606613600e-01 1.088378959023816178e-01 2.998086444288972641e-01 1.117165104784839935e-01 4.090970497178250675e-02 1.681937380276966043e-01 1.921984851519489834e-01 8.805369778345188692e-02 1.871217237907790709e-01 3.805368704848829248e-02 1.415992591931221345e-01 2.880770299682694144e-02 1.288787533261743778e-01 2.062490572032882330e-01 3.574234822423954377e-02 2.309316296738853080e-01 1.659721767179672680e-01 1.367916741281843263e-01 9.993213188251885704e-02 8.623859772083320233e-03 1.444770623857170588e-01 1.968827677844885438e-01 1.993740277716056220e-01 2.287748287384405999e-01 7.577785245999441033e-02 5.157946876238880124e-02 7.013954745946605895e-02 7.621762571942336528e-02 5.827169412898318412e-02 9.206500872262542157e-02 1.263360516909851627e-01 6.655320336917547319e-02 1.499747336508700651e-02 7.706330294932559055e-02 1.291613663801421084e-02 1.183779736080421280e-01 9.920933768378011053e-02 
8.339833339572206780e-03 9.784600891093542252e-02 5.258671863601997037e-02 8.966141924539599017e-01 1.672978763377953038e-01 7.386603635503770360e-02 3.281431462818084482e-02 3.536562991459578087e-01 1.237463283026773650e-02 5.257888920300074487e-01 5.613009889866202862e-01 4.841414358030216719e-02 6.335617814954327409e-01 2.936523340264425921e-02 5.153600942637272947e-02 6.452847229658885408e-02 2.634580330346569799e-02 3.924216418581728122e-02 9.207936024672357112e-02 8.820301739056830848e-02 0.000000000000000000e+00 5.595075969694401907e-02 4.655347640616516042e-02 2.348386605795560120e-02 5.048034679262974889e-01 7.323585309772075169e-02 1.102522828080797074e-01 1.262860899910208390e-01 2.460770274387592549e-01 6.085463298943433880e-02 1.016021018792898634e-01 5.510512179813312900e-02 9.600582880867608582e-02 1.455157015065406123e-01 8.177952926668898004e-02 1.371402903844967658e-02 4.226601538950292558e-01 2.310762394939356451e-02 4.123672265650502738e-02 1.325157736006484788e-01 1.341730368216712266e-01 1.127112527346164628e-01 1.972402272010958246e-01 1.354883521876215358e-01 4.559334523097156866e-02 6.727790422378902672e-03 2.067736064283816691e-02 1.156649255167992441e-01 2.325445457163363705e-02 8.467014691662358428e-02 2.231130877677382079e-02 5.379705715882030642e-02 1.573931368146979856e-02 2.236572333221389930e-01 6.614245582394447098e-02 1.621979543305536800e-02 5.262386507670345492e-02 1.707055109207864796e-01 5.194739073791167228e-02 1.285352545436725842e-02 2.142569049219730792e-02 7.420392230692228475e-02 6.660171810703752193e-02 5.181790847109753878e-02 3.434991294860380295e-02 5.817965639829320718e-02 
2.640888640456825476e-01 1.698482488071817731e-01 3.553744936758079787e-01 9.068086799611020654e-02 2.861568641746522479e-01 2.552770692620924819e-01 1.965811185963115340e-02 1.830623110171624157e-01 2.043508902308665831e-01 4.452966397472793991e-01 6.460637626756168816e-02 3.089941217004516655e-02 1.146170418582466016e-01 7.315195143547219281e-02 1.036397060862666725e-01 5.662137635260263702e-01 4.348268900756743771e-02 1.952280030018256340e-01 2.786107710505001875e-02 2.606342576292271229e-02 5.595075969694401907e-02 0.000000000000000000e+00 5.485654745358146123e-01 7.894896936612717520e-01 3.618527015692483695e-01 6.047977513284370776e-02 2.344218472754112936e-01 3.097931009904608124e-01 3.357458759478204602e-01 1.291054817838571400e-01 4.140155442327297375e-01 1.877763669936109436e-01 2.064213078560038217e-01 2.532594020112588495e-01 4.320850834828112580e-02 7.141999644623671373e-02 2.105308078000299801e-02 9.814116877152694041e-02 1.127351723759937724e-01 1.912069108357094260e-01 1.526317824762772057e-01 1.491896842320145911e-01 1.166522963597617368e-02 1.621714386653716478e-02 1.008753647895187927e-02 1.412255711448285322e-01 4.158255516120203110e-02 2.130081007256575676e-01 1.554764332130446625e-01 2.378662369496511442e-01 9.031155971050434939e-02 7.764491580089456779e-02 1.176450876527873959e-02 4.379532010766397365e-02 2.252819266788335106e-01 1.888558148366049905e-01 1.723928030615035911e-01 8.214311898093787367e-02 2.289667511580728565e-02 2.009915665026851955e-02 9.022506832031268464e-02 4.262629562528279237e-02 2.700914188663926518e-01 2.055896697306023313e-01 2.196379853642602131e-01 2.763666709009516831e-01 
2.088143733049219880e-02 4.553924474637618403e-01 3.705787393004315033e-01 6.817690593885991635e-02 3.439645396348774975e-01 2.998992493274345028e-01 1.311946861147274546e-01 8.228307229417977653e-02 2.555287884819950617e-01 4.011250059730303019e-01 5.236929713071843302e-03 1.765125620770431336e-01 2.266959176772622223e-02 4.008755458427371021e-02 1.915480058109671480e-01 8.543692208305138092e-01 1.903266960700008836e-01 8.855382548062028236e-02 3.204270549856984979e-02 3.345135704899666884e-02 4.655347640616516042e-02 5.485654745358146123e-01 0.000000000000000000e+00 5.960047619079009706e-01 4.278074891635819665e-01 6.508416985980770841e-02 1.118956920667202037e-01 2.295794486110141475e-01 3.256170674988669300e-01 5.051319986944206863e-02 3.018597984990028030e-02 3.178780458777376028e-01 2.066866931245368855e-02 2.550106004686606420e-01 3.785581171470699946e-01 1.413628869990804227e-01 3.177959987224052152e-02 3.140148881561812266e-01 2.567403930503658893e-01 2.995216978900634985e-01 1.141717487343477527e-01 2.322402120890809663e-01 1.860004048619282868e-01 6.983101044282198633e-02 1.027782048846289792e-01 1.742762628928690716e-01 8.733249222445124693e-02 2.929629023507118735e-01 6.145281576892227537e-01 3.418139560692847190e-01 5.528913477107856578e-03 4.580944973731704978e-02 4.916141602819999734e-02 4.849941207448316832e-02 1.068511388843108173e-01 7.192215377298109003e-01 2.345612597090741824e-01 2.502218022435461209e-01 1.486471463582140010e-02 1.567902471709796061e-02 1.276209823279542133e-01 1.279168999869491896e-01 2.961440240934890000e-01 1.332667900610126910e-01 3.734496651269518241e-01 2.291692611965506499e-01 
1.547979210216935131e-01 3.194916978962580312e-01 5.745429290807796407e-01 2.240088033844873580e-02 2.648690465662857929e-01 2.143484853060002027e-01 6.261691350719211790e-02 5.320165545058858081e-02 2.225969451984501357e-01 3.274584572986032338e-01 5.203362099183717060e-02 8.158615484546240249e-02 5.631516284854724136e-02 2.537989892083020865e-02 1.039781607429499793e-01 5.672587202252910021e-01 4.022236578438989629e-02 3.566184775134486062e-01 8.831354331678146347e-03 1.074382565246732035e-01 2.348386605795560120e-02 7.894896936612717520e-01 5.960047619079009706e-01 0.000000000000000000e+00 2.443465268765702969e-01 1.207387039371716486e-01 4.206453135772236784e-02 1.668754292916466986e-01 1.846820757517482481e-01 7.140963670856229073e-02 2.113146449607853916e-01 1.944159153230242687e-01 1.633896922720268208e-01 2.674740232080333180e-01 1.202766665195087736e-01 1.447058944741293207e-01 7.462659669380546090e-02 1.532273182512216558e-01 1.529560876281151061e-01 2.151770828757819665e-01 1.761994167447017146e-01 1.820520367349488244e-01 7.070093361833178214e-02 2.228237413452235915e-02 1.045914793883039456e-01 1.671725767987623512e-01 8.158608764426006354e-02 2.422878436432923388e-01 1.669043094258190474e-01 2.397066223528501461e-01 1.045231384081477949e-01 1.163310099367461173e-02 3.770068548671425684e-02 7.816056146563954421e-02 2.684620512453702590e-01 2.034646483464267741e-01 2.233096454255306673e-01 2.046108148373089811e-02 2.706937622425166154e-02 2.986357436005473640e-02 2.917558058209067731e-02 9.250697617224216962e-02 2.809497105916270998e-01 2.263289128236925241e-01 2.510868128468699001e-01 2.829683147259010600e-01 
