0.000000000000000000e+00 3.011847761335454884e-02 4.128854872668993176e-02 2.223144928754985095e-01 4.947243466728317059e-03 5.159457429231031900e-03 2.866014888523632509e-01 5.973327110983212007e-01 1.997090257019643600e-01 2.526186376770234165e-01 3.216414063263698941e-01 1.209166575859266582e-02 5.064045088765254388e-01 1.053790466361493282e-02 4.141440735458195022e-01 1.232863570695130334e-01 2.380122961988197783e-01 2.168095420436476628e-01 1.684321806115182951e-01 3.206098018361424606e-01 2.692559635907168514e-01 1.568143834967430095e-01 8.215776918367950765e-02 2.061429334998062315e-02 1.755074570916250742e-01 9.103141254830540707e-02 2.137044775816604458e-01 3.010568642283919030e-02 1.444385014803263589e-01 7.257025891294571762e-01 6.064914601966974184e-01 1.723106619582628340e-01 6.028890948367443547e-01 2.523087113224039002e-01 1.353501313074061997e-02 1.333636919347012603e-02 8.998038267212361482e-03 3.020615626757048450e-02 2.294988925265838489e-02 1.901635416723681804e-01 1.037623434408265627e-01 9.238741014101656268e-02 1.839410682434764466e-01 9.130530288755908663e-02 3.847036927977597748e-02 1.824817774983422680e-01 3.992246994614118139e-02 1.846363335100036085e-01 1.215187234184341158e-01 2.040703252540932156e-01 2.105209796208993775e-02 7.508087313264277807e-02 1.199537651614611122e-01 1.467114333516998485e-02 1.663825009688915113e-01 1.344863423618468390e-01 9.623651167376226501e-02 1.251624522842080534e-01 1.625423314507011899e-02 1.446099053069281326e-01 2.348043324433015180e-02 7.116236813385552751e-02 2.621375468746581783e-01 2.421822007555032297e-01 9.425828745423550648e-02 2.908354979749588898e-01 
3.011847761335454884e-02 0.000000000000000000e+00 3.519527792707991543e-01 1.028935059517510908e-01 1.571977264218933357e-01 2.089827795376643094e-01 1.938591458222569189e-02 3.214242499769724010e-02 5.922966934637917402e-02 4.823649457091080256e-02 4.817238099041785265e-02 3.574504373067818874e-02 7.817429013790663794e-02 1.242549173245961897e-01 3.301964756563922215e-02 1.441166055802228785e-01 1.851864996940711175e-02 1.910759573152837065e-01 6.684686771562170504e-02 1.309825541623238776e-01 1.286292211364813975e-01 1.035114970823859393e-01 3.833686909693148626e-01 1.119045487322389010e-01 1.286147354471023907e-01 4.815754901937325805e-01 2.848306354196786794e-01 7.531604372502789246e-01 9.299635805303484160e-02 1.009446711746797565e-01 1.971103631253625157e-02 1.836666380676552912e-01 9.274483102308181404e-02 5.180453318709506150e-02 6.504113383650520497e-01 5.577396860789892580e-02 8.381118546492133392e-02 2.255605628415391917e-01 1.376538005344359605e-01 2.884586739080042747e-02 5.379422278178974670e-02 6.544262633809969087e-02 8.519997524721778515e-02 3.173615380720869183e-02 2.093878668712997326e-01 7.427213946545235812e-02 1.128596952220009969e-01 5.783515332880416471e-02 6.288309432528613185e-02 5.096812353563478365e-02 3.492151193308080104e-01 2.273601467006850785e-01 2.679377351689571363e-01 6.653404466949250362e-02 1.396648522346355670e-01 2.936988757330799560e-01 2.407790799566248141e-01 1.119102744328759752e-01 2.270921529382921300e-01 3.596807677280901283e-02 4.971693849835905343e-01 9.618720064982627660e-02 3.894090596111001584e-02 1.722517225219001927e-02 2.022950213142664100e-01 5.609856633008820925e-02 
4.128854872668993176e-02 3.519527792707991543e-01 0.000000000000000000e+00 4.092145715921536447e-02 2.656785817466431054e-01 1.668309960433699279e-01 6.487434937091013376e-02 4.535199924227199114e-02 2.625921709483470812e-01 1.329492631303671735e-01 5.283285508077219944e-02 1.176939646287889774e-01 6.899617793226810181e-02 8.288143068905842736e-02 2.159702480855824891e-01 2.215380624049466118e-01 7.164643139239278147e-02 1.127299440919177498e-01 1.347778104169457536e-01 4.720002050670545762e-02 7.367016876731534436e-02 2.264643686769745312e-01 3.542240258483790316e-01 4.667152900915494951e-01 1.013466497459958593e-01 8.163224348734988978e-02 8.931113450884403671e-03 2.029042091872849118e-01 1.275805784895814310e-02 4.283335785718206390e-02 1.475481841653515647e-01 3.812558167007626952e-01 8.582803994468644893e-02 8.166508363681899973e-02 7.261320337487917054e-02 3.103676881571178492e-01 1.531497445170478672e-02 4.035448658006701023e-02 7.055909239289696877e-02 2.096644287360728207e-02 5.984561786233787845e-02 7.108813663841011266e-02 4.249686830547610289e-02 4.155443138595357744e-02 1.850426014980331435e-01 1.929293600857177188e-02 1.634133244725921030e-01 1.129276721764785191e-01 1.252724229635203135e-01 3.181967471488002935e-02 1.554960999639238839e-01 1.658878388461831610e-01 1.161487744789024973e-01 2.732599935428130233e-02 2.012254036048935213e-01 2.785484707424719028e-02 2.460988225113519834e-01 9.492909388285382388e-02 1.690037007390621238e-01 7.854219480145924193e-02 2.009979969098984187e-01 8.829077037777346981e-02 6.809548812274075769e-02 9.701425561213856963e-02 3.507413501624565694e-02 6.645507989456499176e-02 
2.223144928754985095e-01 1.028935059517510908e-01 4.092145715921536447e-02 0.000000000000000000e+00 7.260817072046603371e-02 5.277258061331068645e-02 1.511401290746565707e-01 2.408759990133248485e-01 3.626521283091400927e-02 4.441457071848740057e-01 8.273374748576910187e-02 2.108564267127404496e-02 4.415855218337084165e-01 4.903053883588431860e-02 8.418851165177848594e-02 1.178457803472158227e-01 9.252344541998162863e-02 1.440479466119160348e-02 3.668119621663652741e-02 1.046825327136864832e-02 8.310770971442988930e-01 5.846458342670405456e-02 7.031128727008156831e-02 6.622700839639658610e-02 5.818730446063852257e-01 2.913878129973520789e-02 3.218183641935569439e-02 1.143231252058962838e-01 3.434282353668877685e-01 1.621940434456156377e-01 1.193566628536402024e-01 5.942477436946546482e-02 1.334320408339194630e-01 1.649548942792520567e-01 9.553358446376351842e-02 5.405216781650318270e-02 4.132805391305082177e-01 2.726215309820055957e-02 3.611803754124846833e-02 2.528060640681613624e-01 1.187378886982414228e-01 1.337841108464741524e-01 2.326258840489205670e-01 8.720195269992501996e-02 4.204299639157920571e-02 2.970662377022680739e-02 3.953289447762178138e-02 1.201080861180763154e-01 5.491312441789729382e-02 1.728903674337845531e-01 3.024046250507358979e-02 6.970872053754829933e-02 5.593335151020357998e-02 2.038138188038700893e-01 7.314166737324406808e-02 5.890478446372383881e-02 2.546653054380920364e-02 3.112339496727618005e-01 1.045151868760844580e-02 4.257171471199956009e-02 9.959762288306099609e-02 3.048071115940254039e-01 1.495959450054376583e-01 1.443310964942543240e-01 3.932640878076110874e-02 1.192742026919935139e-01 
4.947243466728317059e-03 1.571977264218933357e-01 2.656785817466431054e-01 7.260817072046603371e-02 0.000000000000000000e+00 1.867155217580377669e-01 3.330964553768992475e-01 4.413215802062710191e-02 6.934159445761963747e-01 2.011285937896255260e-01 1.202415368926351355e-02 2.028688333601214866e-01 9.044996968424300066e-02 7.858097151791682000e-02 3.151698099204552905e-01 1.788346679949429641e-01 4.896658066111703733e-01 1.168050187887906127e-01 5.886404666159467114e-02 1.726497823548991672e-01 3.782512113717621804e-02 1.445514628213151187e-01 3.061051460786856637e-01 2.108496605823978742e-01 1.682851920708396398e-01 1.376577950823648644e-01 1.682590895109246365e-01 3.102321090292600378e-02 9.459686151662898002e-02 1.384611247582177018e-01 3.838575400894571332e-02 6.630026482449320469e-01 7.714692542571915945e-02 1.988920475873400262e-01 9.840983138402917274e-02 3.204520798887400962e-02 5.459852037054894330e-02 1.505922076917631247e-01 6.595530123298058711e-02 1.003657359135170096e-01 1.697476248054403669e-01 1.766586187201797942e-01 3.145029422724960333e-01 9.862122370479309633e-03 3.695994537247567630e-02 1.544925446835209992e-01 7.191235417060945490e-02 2.233847020628942082e-01 6.925315327423725575e-02 2.330084542308605011e-01 1.491067379530686687e-01 6.155571349900253175e-02 5.883195960363817034e-02 2.791068116319792708e-02 9.091022814951221775e-02 1.857892356060708294e-01 1.444906718124186751e-01 1.934242442404010276e-01 6.462462537716398558e-02 2.478468185587650099e-02 3.407796065242075373e-02 1.199847587817769595e-01 2.215504161410214723e-01 1.081734528796764738e-01 1.142830864074390607e-01 2.706564871365935154e-01 
5.159457429231031900e-03 2.089827795376643094e-01 1.668309960433699279e-01 5.277258061331068645e-02 1.867155217580377669e-01 0.000000000000000000e+00 1.398478335859504318e-01 4.116391968361606674e-02 2.487835471168777235e-01 1.128928230594471865e-01 5.457729124893732214e-02 2.221899060346680110e-01 8.661832798529875421e-02 4.580209917757028237e-01 2.363191243379265671e-01 8.617707472229217680e-02 1.254473498015090116e-01 2.209947031676990636e-01 5.346455473198054309e-02 9.727670694359344394e-02 3.499427687711800100e-02 2.057879899428663173e-01 1.013947034812403697e-01 1.786411924311793187e-01 1.030675350901247289e-01 6.913985155229541713e-01 3.632709905285839702e-01 4.339324362022386472e-01 6.135079637993170326e-02 6.991849429469222665e-02 1.039914438299756883e-01 3.172670989700095423e-01 1.262750732264563691e-01 5.274555238884692104e-02 2.472900553601099782e-01 1.119423317719577537e-01 1.937994066686638331e-02 4.374903504730217468e-02 6.476781743932247259e-01 2.320050494652628123e-02 4.087495596461108993e-02 8.901814219125249450e-02 1.326667313281631733e-01 2.276452055761035015e-02 2.381567146311750205e-01 2.232829924315331283e-02 4.378064401163421215e-01 4.257129752840318332e-02 3.603607512859421935e-02 1.040478428553988539e-02 3.214762010204867404e-01 7.636714343849659858e-02 1.679478678591757590e-01 4.479274654968930930e-02 8.879262715457449107e-02 6.340113780423772827e-02 1.760773795740540326e-01 9.771519122523093792e-02 6.190780781384671583e-01 1.304143881356148171e-01 3.830478548250707549e-01 8.435446172391947162e-02 7.601868410983374236e-02 6.855938128237090701e-02 1.412414674095973932e-01 8.856893889219048799e-02 
2.866014888523632509e-01 1.938591458222569189e-02 6.487434937091013376e-02 1.511401290746565707e-01 3.330964553768992475e-01 1.398478335859504318e-01 0.000000000000000000e+00 1.373408756584731105e-01 4.717290589714884796e-01 5.604867694527308070e-02 2.981473840821286525e-01 4.843692522432656300e-02 4.403311789768385442e-01 5.779427402885699977e-02 4.230115040760547562e-01 9.693185938482880293e-02 7.655867858945838433e-01 9.569974931238128465e-03 1.150641393874734797e-01 4.054149808934481847e-02 4.937641202505339832e-02 2.327813884627639301e-02 1.229895818947042418e-01 9.003543683287341948e-02 1.533474820882359535e-01 7.266711537422240741e-02 1.062842417625374930e-01 9.124988327067144744e-02 1.449910502768737841e-01 2.637540683921962281e-01 6.649768825606348910e-02 4.251190854943751041e-01 2.387367005403782938e-01 2.574676693391967364e-01 3.782038333186306389e-02 1.513824061839358012e-02 5.805616561744225690e-02 1.119616098918572028e-01 1.042887178761743028e-01 3.646871524236550144e-01 1.267349148325483399e-01 2.509067211703968070e-01 2.852822524787342884e-01 5.262477859867333713e-02 2.559553624794799059e-02 3.351498943487538074e-01 4.888698116517156689e-02 2.819173295810999402e-01 5.848211599175070358e-02 4.036200847163424199e-01 1.218991940367630256e-01 8.863546557905274681e-02 3.703849466326264439e-02 5.624280642268297131e-02 9.501748594611414411e-02 1.276579695530580261e-01 1.291213395400864217e-01 1.781674667953567492e-01 6.064179469884502238e-02 1.704643103532905296e-02 1.027679939834305785e-02 7.803617088982071903e-02 2.642350862222639374e-01 1.044711043592343874e-01 1.633780507771505630e-01 3.417447741364263436e-01 
5.973327110983212007e-01 3.214242499769724010e-02 4.535199924227199114e-02 2.408759990133248485e-01 4.413215802062710191e-02 4.116391968361606674e-02 1.373408756584731105e-01 0.000000000000000000e+00 1.172922335082105388e-01 2.303267723757373708e-01 4.629877615186619444e-01 2.963602026831067132e-02 5.007035696114889856e-01 1.921274120794170051e-02 2.335955949493807027e-01 1.540694012002968849e-01 6.934723621953307882e-02 2.501190950798442558e-01 9.118393239276234574e-02 2.209949573391263855e-01 3.347904846615469276e-01 7.639237886977522096e-02 8.505724186241081508e-02 5.966132194532831196e-02 2.202565465515835263e-01 2.534560602297678683e-02 1.499962849347700189e-01 5.442921591785387925e-02 3.069417406935168735e-01 4.084565987000361997e-01 4.321691279036784517e-01 1.150593109517491913e-01 2.884017051682142840e-01 2.213569761467741592e-01 4.482061743684375571e-02 1.485343702053531882e-02 2.298964848980032324e-02 3.856380579974164058e-02 8.325156355542451606e-03 1.239528664571560163e-01 1.416981018650707858e-01 5.021566322865781556e-02 6.507095097799860117e-02 9.045600093661726460e-02 5.337175279299268688e-02 1.828454641569815520e-01 5.585092895868313395e-02 1.018950677082468559e-01 1.065365329915754916e-01 9.985003618842853979e-02 8.516899577151777756e-02 5.544630800612798671e-02 1.523654913340411199e-01 2.832161607602535353e-02 8.627192623091869961e-02 7.752291649324652423e-02 2.067814960622917780e-02 8.446618233866641512e-02 6.137243788640436154e-02 1.604865957415341216e-01 3.827521380313217425e-02 2.206524026079260611e-02 1.934593666538000634e-01 2.079469077355360906e-01 6.487741909345036417e-02 1.492792116937442237e-01 
1.997090257019643600e-01 5.922966934637917402e-02 2.625921709483470812e-01 3.626521283091400927e-02 6.934159445761963747e-01 2.487835471168777235e-01 4.717290589714884796e-01 1.172922335082105388e-01 0.000000000000000000e+00 9.928641913537115948e-02 2.036294990398335170e-01 1.463762884046143631e-01 2.422010547714120998e-01 7.115237387852563211e-02 6.875449827083122134e-01 1.704644384674746938e-01 5.083204106293137681e-01 2.410596924732975183e-02 5.197763715271059431e-02 1.363308621697098821e-01 3.962182386843603188e-02 1.714487771270992722e-01 2.389194983286915541e-01 2.355109052657615443e-01 1.121820215307190727e-01 2.208502592248892948e-01 2.282085335107207069e-01 1.063121566659845363e-01 1.039802813756230543e-01 3.158643595832862916e-01 4.447459802573470317e-02 5.622669799931045986e-01 2.030812823072096207e-01 2.114690348378771012e-01 1.205642437131925100e-02 2.515493136328856780e-02 5.333875632320499161e-02 1.741001474796984028e-01 1.004358299473723654e-01 1.960341185249407647e-01 1.554886880177792086e-01 2.227306867427890358e-01 2.730122721652619155e-01 5.756629765750570504e-02 1.147376116544225784e-02 2.307186122443597998e-01 8.084727960412377290e-02 2.632714969986011400e-01 2.125365010812095209e-02 3.035623377573680726e-01 1.470559388788805488e-01 5.718119295703893296e-02 6.910382887154539744e-02 4.810686566357010724e-02 4.757988422050871136e-02 1.096282709661111215e-01 8.470274376112928161e-02 1.716523330946262693e-01 1.296851873546623346e-01 1.804843617765063482e-02 4.125908075835214156e-02 1.255465830318438780e-01 2.465001591727922770e-01 9.235513234375429537e-02 1.431791722974912195e-01 2.813715030416855112e-01 
2.526186376770234165e-01 4.823649457091080256e-02 1.329492631303671735e-01 4.441457071848740057e-01 2.011285937896255260e-01 1.128928230594471865e-01 5.604867694527308070e-02 2.303267723757373708e-01 9.928641913537115948e-02 0.000000000000000000e+00 2.043359907087166083e-01 9.799577334852314914e-02 3.966317327996423669e-01 7.493653506533663744e-02 5.173953744757690820e-02 3.291911475979218404e-01 7.923275108884791917e-02 8.468644480384894535e-02 7.912384236166408735e-02 4.651957032726117269e-02 3.835419101460165736e-01 2.109278700321685629e-01 3.490132874255817974e-01 2.866238972574259303e-01 8.312439324521747608e-01 6.847331532779986352e-02 1.242132796314456278e-01 1.245842718049781084e-01 5.998941610824712889e-01 2.100095588674261993e-01 1.728263702040474525e-01 1.204474387309565631e-01 2.466538995836607406e-01 2.816547583249274789e-01 1.680282088160665599e-01 7.280409682478801436e-02 3.689918674539889309e-01 1.756248278497037352e-01 2.544912055635176890e-02 2.703266100578206044e-01 1.129820713474679050e-01 1.914912259498437741e-01 4.003826700044455511e-01 1.134716208932637083e-01 3.299507941568762676e-02 2.484445489200658511e-02 2.990121773269683800e-02 2.194719655556299220e-01 5.914840565324208654e-02 3.934162935877760781e-01 2.797348053258426684e-02 1.085345385639860938e-01 5.992217955337090368e-02 2.814666985221387363e-01 1.566099813900485027e-01 1.246319259639936672e-01 1.212806473532723889e-01 4.695801513847679964e-01 4.933227106688832519e-02 2.853503516879359048e-02 1.834958153098076861e-01 3.841608336345832542e-01 2.730517726762789477e-01 2.241328493289823365e-01 1.613315439145688035e-01 2.519670159681086652e-01 
3.216414063263698941e-01 4.817238099041785265e-02 5.283285508077219944e-02 8.273374748576910187e-02 1.202415368926351355e-02 5.457729124893732214e-02 2.981473840821286525e-01 4.629877615186619444e-01 2.036294990398335170e-01 2.043359907087166083e-01 0.000000000000000000e+00 3.389935033366725525e-02 5.612089684275287649e-01 1.833028233259303627e-02 2.676275536341113370e-01 8.249361754372983024e-02 9.570162129462025935e-02 1.214355892726988462e-01 5.768328843988754923e-02 8.605552652282225101e-02 3.012911868117503777e-01 6.731241278964290864e-02 4.594456843984815603e-02 7.391908649958249533e-02 1.659996994886716870e-01 1.985224585484127169e-02 2.983047177883093454e-02 4.721711832872901166e-02 1.729671561094198451e-01 1.941584229156501917e-01 6.968375889435701742e-02 7.922535892992646489e-02 1.397732183226533531e-01 1.543810376995480571e-01 4.092558704139351994e-02 1.525166586106965413e-02 3.186134568227268898e-02 3.961135785832840123e-02 1.100575737718440146e-02 1.483204031940064116e-01 1.218425819125856790e-01 8.876696082843353597e-02 3.535535116032615527e-02 1.086423204723635516e-01 7.194766831509336047e-02 1.470891092955840806e-01 6.571782573445515696e-02 1.197385762603572767e-01 3.509607359719889991e-02 9.856248020560910705e-02 5.492986865010015402e-02 8.107771663129215156e-02 1.106738891803313168e-01 2.092005258271471824e-02 4.283052997463802219e-02 3.722103410342560148e-02 1.133179304711074559e-02 5.777973570072707232e-02 5.999754787682464591e-02 1.142565841574971208e-01 2.181998449228146272e-02 2.875397278590551692e-02 1.374441449094300494e-01 8.736987924277576922e-02 6.055123084489146684e-02 1.202293578812491520e-01 
1.209166575859266582e-02 3.574504373067818874e-02 1.176939646287889774e-01 2.108564267127404496e-02 2.028688333601214866e-01 2.221899060346680110e-01 4.843692522432656300e-02 2.963602026831067132e-02 1.463762884046143631e-01 9.799577334852314914e-02 3.389935033366725525e-02 0.000000000000000000e+00 4.072162087727197732e-02 6.572592952616407302e-01 1.261763321585481212e-01 1.527830530835887768e-01 3.478007317023275313e-02 4.358993164882513788e-02 4.825964079058925882e-01 1.477205757733472957e-01 4.107848544249106948e-02 1.521308973080844062e-01 1.062498661049343651e-01 2.089088581676424028e-01 8.571242800911721416e-02 3.540373784682288583e-01 1.672095351369261296e-02 5.411678049426897619e-02 9.260547954887396460e-02 2.315953983571254760e-02 5.546469105852912945e-02 5.473651143575668926e-02 1.920469122514331314e-02 6.016737098912362108e-02 1.567819994055863198e-01 1.738965998531459001e-01 4.904730894031826549e-02 4.726529911472066026e-02 1.961426867376458161e-01 1.753931807975166873e-02 6.814856037448377424e-02 2.145511635244536086e-02 3.838586375020769381e-02 4.794535858048876859e-02 4.732622722351811223e-02 2.705865001234276229e-02 3.701778529061663381e-01 2.229701102294534207e-02 1.085164192821032672e-02 9.114452407787941579e-02 2.943263022124749662e-01 1.747217727586218294e-01 2.319976020850726128e-01 8.996793787370896411e-02 1.267177925654217885e-01 5.530380137838217941e-02 2.012998082256454435e-01 3.737198849486304819e-02 2.064653344464696949e-01 1.010743569345134429e-01 4.467750866941896937e-02 4.511624431521818468e-02 9.257580763958173087e-02 9.630347064512220778e-02 1.136568796783158676e-02 1.462688881940911179e-01 
5.064045088765254388e-01 7.817429013790663794e-02 6.899617793226810181e-02 4.415855218337084165e-01 9.044996968424300066e-02 8.661832798529875421e-02 4.403311789768385442e-01 5.007035696114889856e-01 2.422010547714120998e-01 3.966317327996423669e-01 5.612089684275287649e-01 4.072162087727197732e-02 0.000000000000000000e+00 4.338651934859558135e-02 3.747571848047195342e-01 1.277493286872215528e-01 3.529919794210933381e-01 7.188184509989897775e-02 1.123572506372578911e-01 1.144246631426088928e-01 5.864768656957987103e-01 5.748466204938221247e-02 1.189484171649079630e-01 1.139445677943208973e-01 3.583603642411058998e-01 3.193678902104926665e-02 2.815880670730134400e-03 1.676074643988967675e-02 2.370958608723496563e-01 3.752627487669351058e-01 1.848370424346442720e-01 2.211945507822014878e-01 3.153053010576077342e-01 3.953669571649491288e-01 7.246799241453988349e-02 2.730128218961208608e-02 2.239239959495200605e-01 1.072719031747658702e-01 8.575028741440626767e-02 4.047216458317572929e-01 2.554638396291615821e-01 2.552113138438995565e-01 2.665481296403023753e-02 6.629730343189722819e-02 4.633778934335585492e-02 2.345226005695538740e-01 8.446347006098761656e-02 3.067117323384855876e-01 7.843734357680237634e-02 3.719988672557602571e-01 4.137860468084392229e-02 1.363477727138983353e-01 8.633244287140777462e-02 1.449991978150240723e-01 1.487560799877099826e-01 1.215471426167009233e-01 1.032645909718030025e-01 7.715922495890256694e-02 6.153454322187662529e-02 8.684138992702847282e-02 5.942189042667217480e-02 1.274674355212761234e-01 3.597369287086011891e-01 2.562243732388799766e-01 1.226846679571222676e-01 3.615996021643815839e-01 
1.053790466361493282e-02 1.242549173245961897e-01 8.288143068905842736e-02 4.903053883588431860e-02 7.858097151791682000e-02 4.580209917757028237e-01 5.779427402885699977e-02 1.921274120794170051e-02 7.115237387852563211e-02 7.493653506533663744e-02 1.833028233259303627e-02 6.572592952616407302e-01 4.338651934859558135e-02 0.000000000000000000e+00 9.792625681960541451e-02 1.406137078523268247e-01 2.579850804973191428e-02 2.118022976782645839e-01 1.569046245554100161e-01 1.734585153791523560e-01 4.002237260908731581e-02 7.839005363348507116e-02 1.203461490126730565e-01 1.118219258441006392e-01 7.499381710360805697e-02 5.586283760837643664e-01 5.876349328274829004e-02 1.980325260944355015e-01 6.226458147035440066e-02 1.199274859136565397e-01 4.710459455231968962e-02 4.032205617517390511e-02 1.233207016207198276e-01 3.040221381846986218e-02 5.668284938629257474e-02 1.107520951736640918e-01 1.298510879666614215e-01 9.958346514649697723e-03 4.530485654766909787e-01 3.927204980665048584e-02 6.517907486332118194e-02 7.610054867141520518e-02 3.505936719103446009e-02 4.686121303723388143e-02 3.049020698482022840e-01 6.508503872566186177e-02 6.639786485307744845e-01 2.502037656519231351e-02 6.114190198061875137e-02 4.015051867569162380e-02 3.511550728747367955e-01 7.623878166513460564e-02 2.201588128805794520e-01 1.552865510236991486e-01 9.069399034306797891e-02 4.286638448318823985e-02 1.730319386571993467e-01 9.042193284974330003e-02 5.785154309379136883e-01 2.118464960124802690e-02 1.753026665518386262e-01 1.020598406682964726e-01 6.543980900013526836e-02 6.507168225880251289e-02 2.627578932858445904e-02 9.942875896940880920e-02 
4.141440735458195022e-01 3.301964756563922215e-02 2.159702480855824891e-01 8.418851165177848594e-02 3.151698099204552905e-01 2.363191243379265671e-01 4.230115040760547562e-01 2.335955949493807027e-01 6.875449827083122134e-01 5.173953744757690820e-02 2.676275536341113370e-01 1.261763321585481212e-01 3.747571848047195342e-01 9.792625681960541451e-02 0.000000000000000000e+00 1.657470776699367376e-01 4.646389229513291363e-01 2.634153696506882567e-02 1.486913221685155773e-01 7.133988589697864285e-03 1.527767732829498626e-01 1.825122354778894451e-01 1.726521827424339073e-01 2.424253600006797682e-01 2.868909508303637765e-02 1.434907731822424037e-01 2.451315210536060829e-01 1.611909501423564317e-01 4.531920441750970224e-02 5.407951064032481270e-01 1.012405026851948830e-01 4.847430161605656429e-01 3.877644247377659559e-01 2.206271368166978775e-01 6.209623118508256212e-02 4.990426528587412619e-02 4.996522744542404582e-02 1.517281964435136521e-01 9.623292234507813125e-02 2.386566178854142017e-01 1.319942224955596433e-01 1.955099474696783690e-01 1.955552285534919443e-01 1.142919195532784427e-01 6.388552851744121186e-02 2.582480005837893833e-01 3.256381139438636191e-02 2.600990654680725989e-01 1.314337596603556632e-02 2.906042104625939371e-01 8.432377853662707812e-02 1.200141029952677407e-01 4.975153930213240677e-02 7.805958719608070695e-02 6.120072358747352670e-02 7.061340115475639445e-02 5.532607080953746981e-02 1.334023814616966397e-01 9.929270685482488590e-02 4.391194540344707520e-02 7.174784155196013702e-02 9.685824067513869318e-02 2.610064082875825364e-01 1.121500662326504055e-01 1.599603090759849355e-01 2.829917297823410505e-01 
1.232863570695130334e-01 1.441166055802228785e-01 2.215380624049466118e-01 1.178457803472158227e-01 1.788346679949429641e-01 8.617707472229217680e-02 9.693185938482880293e-02 1.540694012002968849e-01 1.704644384674746938e-01 3.291911475979218404e-01 8.249361754372983024e-02 1.527830530835887768e-01 1.277493286872215528e-01 1.406137078523268247e-01 1.657470776699367376e-01 0.000000000000000000e+00 1.379880804650419068e-01 1.040500908952945863e-01 1.475670982803246045e-01 9.151431723694014586e-02 1.528524941447786389e-01 2.516511083033127205e-01 8.059394430747821580e-01 6.715633089745294271e-01 1.629898925865217452e-01 8.371128689175419413e-02 6.098427448420831037e-02 1.217231091872618583e-02 9.467502654243997728e-02 1.177297027018489595e-01 1.151141944626211250e-01 1.692819685858606427e-01 4.728392599466514634e-02 1.328398492014264132e-01 1.616332702892510353e-02 4.154031970708552124e-02 6.454521999412687894e-02 1.358631985636321593e-01 2.516414338950071633e-02 5.656773200236386162e-02 1.470222892034266926e-01 6.432274844476271181e-02 1.727944787154881146e-01 7.348281163607812971e-02 1.994733385121817693e-02 6.045375810729120003e-02 5.119823000957958448e-02 6.832594126324273431e-02 3.233987694985914207e-01 1.334033317972243560e-01 3.462753216762712999e-02 3.869241849428695090e-02 7.238032239570911519e-02 1.272064280406330905e-01 1.641722474851073366e-01 4.433885163468854751e-01 1.163045163308167596e-01 1.261939231819258767e-01 2.806967325712900890e-02 9.318407004361187185e-02 4.246541416827316617e-02 4.155241131922376291e-02 1.409886508556714435e-01 1.666713660666580832e-01 1.455097383514858955e-01 1.533141877174929724e-01 
2.380122961988197783e-01 1.851864996940711175e-02 7.164643139239278147e-02 9.252344541998162863e-02 4.896658066111703733e-01 1.254473498015090116e-01 7.655867858945838433e-01 6.934723621953307882e-02 5.083204106293137681e-01 7.923275108884791917e-02 9.570162129462025935e-02 3.478007317023275313e-02 3.529919794210933381e-01 2.579850804973191428e-02 4.646389229513291363e-01 1.379880804650419068e-01 0.000000000000000000e+00 1.670413163755866959e-01 1.986531953567735043e-01 9.819638923702550537e-03 3.229180265934299132e-02 4.409427696372364772e-03 1.856105178612293960e-01 1.188279489590179788e-01 1.704130920398410631e-01 4.829454483756238231e-02 1.226556986176381842e-01 1.001709337210449774e-01 1.550070931224674653e-01 3.630929786080276944e-01 8.915684618660006666e-02 5.167470279830335134e-01 3.731751842214132697e-01 3.407282203965775746e-01 7.340066179647074252e-02 4.834071572620587259e-02 5.260964532054856341e-02 1.825362958993483886e-01 1.167421270148873702e-01 3.540378158099711237e-01 1.985831510677047440e-01 3.171586581457960796e-01 3.854033072016959105e-01 6.395917122086408613e-02 8.762419254701346583e-02 3.695073104713685885e-01 3.530629670626886374e-02 3.636629520497958179e-01 8.700195293328555346e-02 4.887258287743951324e-01 1.942022827494325476e-01 1.112262185907389872e-01 6.374354436116304312e-02 4.260504785483040791e-02 1.456689986197797215e-01 1.800134937970442883e-01 1.975963947462417991e-01 2.209575746352728520e-01 2.345160704011262087e-02 1.404234903606531824e-02 3.016713288427220682e-02 9.280515609957210033e-02 3.638416725504739491e-01 1.684849661821217481e-01 2.043655020734736760e-01 4.623400493907250386e-01 
2.168095420436476628e-01 1.910759573152837065e-01 1.127299440919177498e-01 1.440479466119160348e-02 1.168050187887906127e-01 2.209947031676990636e-01 9.569974931238128465e-03 2.501190950798442558e-01 2.410596924732975183e-02 8.468644480384894535e-02 1.214355892726988462e-01 4.358993164882513788e-02 7.188184509989897775e-02 2.118022976782645839e-01 2.634153696506882567e-02 1.040500908952945863e-01 1.670413163755866959e-01 0.000000000000000000e+00 8.237984447766426299e-02 5.745628776228259849e-01 6.759982893619205513e-02 3.044871693009350566e-01 2.524656980056026387e-02 1.813843456633731921e-01 5.173632419640610686e-02 1.900315322228846582e-01 4.958871091103244505e-02 2.676951803912294703e-01 2.218256350241993788e-02 7.048969132337375154e-02 1.173583286888434385e-01 7.601840359123213098e-02 2.310887752547135798e-01 6.283150181057389760e-02 3.901508408491401458e-01 1.475636733519197774e-01 4.948229866690540685e-02 1.033577245740011641e-01 1.503131146059599188e-01 8.014403958372207093e-02 1.505776984518083714e-02 1.137336228313395176e-01 5.508245333306893005e-02 5.284822415152382047e-02 2.557794839745478610e-01 1.196545334340290562e-01 2.850310678969159572e-01 9.796144338750205349e-02 6.731048918796452007e-02 1.941994609566786434e-01 1.555652943883554795e-01 1.589844036920874670e-02 8.953013684161872932e-02 5.942214239007343607e-02 1.288703989937851069e-01 1.206648554989773192e-01 1.911281252218635929e-01 2.925658093146668234e-02 3.823373136586413756e-01 1.998800344357040681e-01 3.702383495273120495e-01 4.657998027608813846e-02 9.695875318328370240e-02 3.943157086853198157e-02 7.304138551215677566e-02 1.668736441629495582e-01 
1.684321806115182951e-01 6.684686771562170504e-02 1.347778104169457536e-01 3.668119621663652741e-02 5.886404666159467114e-02 5.346455473198054309e-02 1.150641393874734797e-01 9.118393239276234574e-02 5.197763715271059431e-02 7.912384236166408735e-02 5.768328843988754923e-02 4.825964079058925882e-01 1.123572506372578911e-01 1.569046245554100161e-01 1.486913221685155773e-01 1.475670982803246045e-01 1.986531953567735043e-01 8.237984447766426299e-02 0.000000000000000000e+00 4.903135995047160356e-01 1.693130013465077646e-02 5.332301993018050135e-02 1.222967685770567081e-01 1.715930263432018932e-01 9.724244923710277655e-02 1.743649164235155091e-01 2.073872204653607332e-01 4.681278450871155516e-02 9.485599235489534931e-02 2.248703519007026475e-01 5.951896972788019852e-02 1.362996544601341176e-01 2.037405144343627239e-01 6.381593396106969782e-03 1.602382546766747407e-01 1.140851255564459821e-01 3.286524146893460979e-02 1.719485341460301117e-02 3.956460760761690287e-02 9.966410120144193752e-02 6.177655872194193383e-03 1.876559689058477851e-02 6.028503785489235794e-02 8.843456924984784140e-02 1.311980344440998036e-01 8.404141116126903621e-02 3.047107531012746909e-02 1.932254146295457609e-02 3.469779202960677350e-02 7.350963997194837063e-02 7.227944149444429089e-02 2.554109574926559101e-01 1.608669022184096575e-01 5.867094795510367083e-02 5.872723813978282525e-02 2.888045502573013262e-02 4.285369938111986687e-02 5.486618243864370414e-02 7.469001625748687700e-02 1.518050071289552549e-01 1.614562924378546982e-01 2.818876826605032707e-02 5.170835247921590737e-03 6.870665189467424494e-02 7.389943593171817426e-02 3.303458594712142815e-02 
3.206098018361424606e-01 1.309825541623238776e-01 4.720002050670545762e-02 1.046825327136864832e-02 1.726497823548991672e-01 9.727670694359344394e-02 4.054149808934481847e-02 2.209949573391263855e-01 1.363308621697098821e-01 4.651957032726117269e-02 8.605552652282225101e-02 1.477205757733472957e-01 1.144246631426088928e-01 1.734585153791523560e-01 7.133988589697864285e-03 9.151431723694014586e-02 9.819638923702550537e-03 5.745628776228259849e-01 4.903135995047160356e-01 0.000000000000000000e+00 5.855667828501741334e-02 4.084367250465460036e-02 4.178148416847422136e-02 5.305761836198579634e-02 5.031431224500164390e-02 6.164070975711109790e-02 3.514921819269206660e-01 1.563150730458686133e-01 1.485066915351345752e-02 2.027007813608450171e-01 2.446810214717942689e-01 8.171437452940746859e-02 1.506401151152097773e-01 2.771273930369603372e-02 2.818228793930311338e-01 1.028679820043226778e-01 3.341260101586193687e-02 9.590865949686515346e-02 1.520564898740535409e-01 3.974068584072936589e-02 1.399009741761756895e-02 7.312908443931061264e-02 5.607785686907253153e-02 1.126226565538004376e-01 2.304569615532809645e-01 3.047433640861070200e-02 2.059446726937608774e-01 4.335191884339038848e-02 3.477282200343261714e-02 8.081298489323815448e-02 1.266656870132755464e-01 9.576895255257761308e-02 1.517766070423787750e-01 3.417123586675650110e-02 2.760121591806357147e-02 1.258691915493763414e-02 8.594199982635841728e-02 7.024964733384138349e-02 2.852121980743584917e-01 2.522380183969868406e-01 2.971483069615998840e-01 4.442987593780134414e-02 2.180489803116052172e-02 2.710495598022329145e-02 3.548057410326526523e-02 3.107028878415596038e-02 
2.692559635907168514e-01 1.286292211364813975e-01 7.367016876731534436e-02 8.310770971442988930e-01 3.782512113717621804e-02 3.499427687711800100e-02 4.937641202505339832e-02 3.347904846615469276e-01 3.962182386843603188e-02 3.835419101460165736e-01 3.012911868117503777e-01 4.107848544249106948e-02 5.864768656957987103e-01 4.002237260908731581e-02 1.527767732829498626e-01 1.528524941447786389e-01 3.229180265934299132e-02 6.759982893619205513e-02 1.693130013465077646e-02 5.855667828501741334e-02 0.000000000000000000e+00 1.447128663736416965e-01 1.172391576829326237e-01 1.340531344301363614e-01 4.936292254933119517e-01 3.454620857943058176e-02 4.697177533397308563e-02 1.122660395403479311e-01 2.459249074332003071e-01 1.997750813980897766e-01 6.708690147047090269e-02 3.155463155074039044e-02 1.387187593199538660e-01 1.830760138581382923e-01 9.446935555323140998e-02 5.636346499987796715e-02 3.763763302117315024e-01 6.816035821526709310e-03 2.812995819866075109e-02 2.866509832471613173e-01 1.509331586101499423e-01 1.402788511568275887e-01 2.152275650927088502e-01 1.176658099322122342e-01 1.004678835840086826e-01 4.067294061398813582e-02 9.098342889454061333e-02 1.388735534834761587e-01 3.240082589162918136e-02 1.649627525845479281e-01 7.572877502195450583e-02 1.170490193629309117e-01 1.044331656057782970e-01 2.127500505190144109e-01 3.927696834119461661e-02 5.866816478868583373e-02 6.551563027187476407e-02 2.768496873852943074e-01 2.364089446201162251e-02 5.689112673349443206e-02 9.429063563294440287e-02 2.684918178690505197e-01 1.507120790838686053e-01 1.200503953804247653e-01 1.944511185743031528e-02 1.103640769970088142e-01 
1.568143834967430095e-01 1.035114970823859393e-01 2.264643686769745312e-01 5.846458342670405456e-02 1.445514628213151187e-01 2.057879899428663173e-01 2.327813884627639301e-02 7.639237886977522096e-02 1.714487771270992722e-01 2.109278700321685629e-01 6.731241278964290864e-02 1.521308973080844062e-01 5.748466204938221247e-02 7.839005363348507116e-02 1.825122354778894451e-01 2.516511083033127205e-01 4.409427696372364772e-03 3.044871693009350566e-01 5.332301993018050135e-02 4.084367250465460036e-02 1.447128663736416965e-01 0.000000000000000000e+00 1.691113421008614282e-01 5.842039444768752920e-01 9.158118094280144617e-02 2.112485971662673989e-01 4.290967943200709733e-01 1.817900993094150597e-01 1.549827508946598487e-01 2.444822578994674533e-01 4.772750866555654503e-01 1.253976242965921251e-01 4.638648093497862446e-01 1.717464358087583409e-01 1.775186686963216021e-01 1.658676773971961282e-01 2.392467631344415840e-02 2.017954128106393824e-02 8.308535888419417426e-02 7.515807985155850690e-02 5.974695003147378891e-02 7.113958627632176179e-02 1.418321851312717707e-01 1.066990237791790377e-02 1.073513732349095501e-01 1.167216638966995790e-01 1.293527153575274036e-01 9.512611146184481170e-02 2.001435478542918922e-01 1.214090551044363364e-01 1.034003400804856809e-01 7.074080407999756848e-02 4.770221827496656103e-02 1.402503354702611289e-02 2.681570763998706863e-01 1.514154264691470464e-01 2.903524261213051294e-01 7.046229983555060694e-02 1.934991085348984896e-01 5.235534574425540488e-02 1.678258799661438427e-01 4.033930289214473358e-02 1.614060497730878119e-01 1.807983142739113536e-01 4.408793307393200217e-02 2.246829036693188120e-01 
8.215776918367950765e-02 3.833686909693148626e-01 3.542240258483790316e-01 7.031128727008156831e-02 3.061051460786856637e-01 1.013947034812403697e-01 1.229895818947042418e-01 8.505724186241081508e-02 2.389194983286915541e-01 3.490132874255817974e-01 4.594456843984815603e-02 1.062498661049343651e-01 1.189484171649079630e-01 1.203461490126730565e-01 1.726521827424339073e-01 8.059394430747821580e-01 1.856105178612293960e-01 2.524656980056026387e-02 1.222967685770567081e-01 4.178148416847422136e-02 1.172391576829326237e-01 1.691113421008614282e-01 0.000000000000000000e+00 5.667609472941055326e-01 1.685337990441468925e-01 1.403846713152719639e-01 1.249385243573755341e-02 1.685177181399943325e-01 1.005788019498454339e-01 1.250740124686019472e-01 6.682575017549456653e-02 2.852967077645913174e-01 6.428810588685318628e-02 8.993466791095214297e-02 1.892991981430016124e-01 1.019276369853388958e-01 3.072324098367598330e-02 2.525729106509602695e-01 2.098068210005843773e-02 8.725914630666530003e-02 4.923889461290068686e-02 9.705477658922245787e-02 2.471780295484437007e-01 6.801824166935030447e-02 5.374807869970486818e-02 7.812984150454561905e-02 2.599487912214299909e-02 8.293673930846873210e-02 4.025278400664966671e-01 1.824269682133486115e-01 6.816029360154693406e-02 1.745996926535188162e-02 2.670790832692422276e-02 6.239179926624541933e-02 1.304987610277582033e-01 6.291607563587676699e-01 7.082166753406247961e-02 1.600124858133026573e-01 5.454480713847560669e-02 5.063634626245041431e-02 9.745044456104902386e-02 4.226856613202965157e-02 1.245178657834400404e-01 1.295068265236928862e-01 2.629949209270255883e-01 1.125922139889878604e-01 
2.061429334998062315e-02 1.119045487322389010e-01 4.667152900915494951e-01 6.622700839639658610e-02 2.108496605823978742e-01 1.786411924311793187e-01 9.003543683287341948e-02 5.966132194532831196e-02 2.355109052657615443e-01 2.866238972574259303e-01 7.391908649958249533e-02 2.089088581676424028e-01 1.139445677943208973e-01 1.118219258441006392e-01 2.424253600006797682e-01 6.715633089745294271e-01 1.188279489590179788e-01 1.813843456633731921e-01 1.715930263432018932e-01 5.305761836198579634e-02 1.340531344301363614e-01 5.842039444768752920e-01 5.667609472941055326e-01 0.000000000000000000e+00 1.641664709990382776e-01 5.113727933681811583e-02 2.234098500569787205e-01 2.411366838519793040e-02 1.390697740453490927e-01 3.244396784218140511e-02 2.302739439446494785e-01 2.423950512362230414e-01 1.776176239722825623e-01 1.629356147669792365e-01 1.153703309863441939e-01 1.915266972736765216e-01 3.063072275765700569e-02 4.808141038200133832e-02 7.144666144528537266e-02 3.777916055809267537e-02 6.784094009162229544e-02 6.321988353687951756e-02 2.378416094763343910e-02 4.175333240069391272e-02 8.977877740403858442e-02 6.470990613578034290e-02 6.149980221438866579e-02 7.130307699513119268e-02 4.568725819551999051e-02 6.868683492283221559e-02 1.045524779811527749e-01 6.644104774281343884e-02 7.418982781892580203e-02 6.887556072374897975e-02 3.067852000338064933e-01 9.859571031118725959e-02 3.044285809611219085e-01 4.022872307625476734e-02 1.197502043583354159e-01 8.432638814011383932e-02 1.641144008066761917e-01 5.607101599011205667e-02 1.582997968469450900e-01 2.120648302018714737e-01 5.869247160879576680e-02 1.945560105619086599e-01 
