1.000000 0.122318 0.162749 0.341051 0.172766 0.046152 0.262488 0.619859 0.233458 0.349535 0.351314 0.162477 0.495832 0.009299 0.329157 0.167060 0.199290 0.100889 0.154247 0.149458 0.361988 0.215432 0.173542 0.169344 0.299048 0.053322 0.143908 0.115324 0.219037 0.772174 0.568277 0.076243 0.595645 0.231721 0.240690 0.165475 0.263113 0.178909 0.073863 0.215215 0.121065 0.142131 0.230773 0.235827 0.172586 0.272987 0.072505 0.119420 0.136670 0.216713 0.068594 0.243929 0.186774 0.247670 0.221913 0.176427 0.166199 0.235324 0.042609 0.180522 0.184740 0.231425 0.206076 0.203955 0.146929 0.221386 
0.122318 1.000000 0.232798 0.137017 0.186244 0.157544 0.129030 0.160152 0.091797 0.179729 0.170571 0.128846 0.131671 0.067873 0.036801 0.128844 0.094398 0.222014 0.107183 0.155565 0.155556 0.163330 0.282539 0.133322 0.155342 0.321902 0.228803 0.710901 0.097732 0.092315 0.123743 0.144700 0.162336 0.139651 0.537588 0.056806 0.174891 0.179961 0.092991 0.162408 0.197288 0.078462 0.183567 0.120207 0.133929 0.181060 0.130388 0.124970 0.146586 0.090697 0.368459 0.171092 0.249170 0.178230 0.180576 0.289870 0.294046 0.151926 0.124752 0.161901 0.381220 0.185531 0.127651 0.140622 0.130044 0.131290 
0.162749 0.232798 1.000000 0.065675 0.230062 0.095403 0.068823 0.199741 0.237290 0.112325 0.137540 0.143004 0.163191 0.049148 0.236013 0.224972 0.005189 0.051876 0.142003 0.164260 0.126412 0.211757 0.314316 0.430388 0.086156 0.042071 0.161789 0.102592 0.039579 0.177046 0.140165 0.282083 0.174514 0.085485 0.095355 0.151450 0.040226 0.076434 0.054677 0.037601 0.097493 0.050617 0.085059 0.101934 0.137997 0.115960 0.090143 0.058279 0.130666 0.028247 0.081073 0.124668 0.079894 0.052965 0.096198 0.170305 0.122504 0.050472 0.077686 0.141038 0.079430 0.019133 0.058937 0.093661 0.054133 0.066515 
0.341051 0.137017 0.065675 1.000000 0.190079 0.099663 0.235665 0.322029 0.139526 0.518892 0.222026 0.294702 0.494831 0.152089 0.186393 0.174959 0.221745 0.078220 0.193927 0.152436 0.866166 0.146656 0.138028 0.125773 0.686909 0.099532 0.196378 0.128395 0.380334 0.223515 0.197353 0.067297 0.203720 0.295848 0.234048 0.205233 0.496966 0.167249 0.077048 0.344123 0.281326 0.259219 0.297681 0.250947 0.213194 0.218699 0.189951 0.211371 0.156096 0.284598 0.155274 0.194752 0.158735 0.348672 0.204728 0.115911 0.166767 0.379654 0.061409 0.096249 0.157295 0.348060 0.268891 0.319857 0.111127 0.234531 
0.172766 0.186244 0.230062 0.190079 1.000000 0.043393 0.222781 0.226937 0.705163 0.217197 0.177563 0.201374 0.194405 0.132106 0.308103 0.211241 0.378198 0.156295 0.055340 0.117362 0.201691 0.209801 0.270283 0.262784 0.177766 0.051701 0.118359 0.092599 0.123178 0.204577 0.126048 0.610632 0.234496 0.220251 0.161401 0.088831 0.165551 0.155366 0.004111 0.096977 0.167891 0.089575 0.269196 0.183882 0.206499 0.228704 0.132981 0.104780 0.165874 0.160812 0.174066 0.211849 0.161237 0.195676 0.140594 0.268896 0.176336 0.191554 0.067728 0.137182 0.067468 0.171270 0.196200 0.156099 0.094219 0.190275 
0.046152 0.157544 0.095403 0.099663 0.043393 1.000000 0.019868 0.036442 -0.010757 0.133013 0.089405 0.196089 0.056125 0.343483 0.098935 0.172556 0.054808 0.134553 0.079671 0.084686 0.137226 0.209169 0.147493 0.185205 0.071093 0.569916 0.250154 0.314119 0.024353 0.064403 0.106932 0.141346 0.093137 0.037632 0.171529 0.026988 0.079891 0.052451 0.599046 0.006296 0.088647 -0.020845 0.137475 0.123964 0.190140 0.023470 0.329139 0.069548 0.003377 0.037930 0.292191 0.060247 0.148907 0.093937 0.087554 0.067228 0.131611 0.048893 0.525802 0.103529 0.194160 -0.003812 -0.001263 0.106002 0.021502 0.009825 
0.262488 0.129030 0.068823 0.235665 0.222781 0.019868 1.000000 0.283191 0.227096 0.267656 0.342018 0.190803 0.458344 0.129799 0.282039 0.085702 0.711837 -0.043904 0.018714 -0.074088 0.231197 0.052024 0.116565 0.116272 0.272443 0.047777 0.016258 0.076381 0.166245 0.242081 0.072597 0.292651 0.207300 0.269608 0.168702 0.119861 0.264276 0.212051 0.026308 0.342132 0.124306 0.247658 0.274333 0.292904 0.114684 0.382476 0.119157 0.211715 0.124260 0.361658 0.057584 0.079428 0.168941 0.279707 0.101763 0.122969 0.121007 0.241020 0.043531 0.005370 0.127970 0.191991 0.262551 0.130476 0.177151 0.277673 
0.619859 0.160152 0.199741 0.322029 0.226937 0.036442 0.283191 1.000000 0.284628 0.317718 0.490849 0.175444 0.478380 0.077170 0.307561 0.202545 0.215188 0.097533 0.096372 0.079882 0.361217 0.107431 0.207323 0.227816 0.293426 0.072822 0.129232 0.089253 0.315307 0.423793 0.411012 0.168666 0.317588 0.233832 0.221448 0.130776 0.250052 0.146037 0.088047 0.169211 0.165567 0.098033 0.233911 0.297165 0.174781 0.319194 0.117319 0.100931 0.127579 0.135086 0.096211 0.223006 0.152423 0.281166 0.258614 0.156464 0.207482 0.204298 0.126205 0.102481 0.127965 0.129539 0.194647 0.269378 0.078984 0.177243 
0.233458 0.091797 0.237290 0.139526 0.705163 -0.010757 0.227096 0.284628 1.000000 0.135763 0.179216 0.227352 0.204822 0.135546 0.618074 0.130140 0.280843 0.131460 0.058903 0.075434 0.158070 0.139105 0.181095 0.205290 0.088091 0.013151 0.019836 0.002183 0.070119 0.289312 0.098505 0.459139 0.240453 0.146290 0.139232 0.064174 0.104639 0.115656 -0.048495 0.056328 0.080979 0.041732 0.146973 0.123093 0.112259 0.141470 0.076740 0.021026 0.096420 0.141020 0.076923 0.141961 0.116403 0.130024 0.130291 0.162830 0.108457 0.104151 0.055011 0.131036 0.067138 0.106278 0.149951 0.098690 0.101792 0.140029 
0.349535 0.179729 0.112325 0.518892 0.217197 0.133013 0.267656 0.317718 0.135763 1.000000 0.268271 0.328204 0.462544 0.225123 0.213634 0.356464 0.224799 0.100695 0.194724 0.121613 0.456075 0.225737 0.358520 0.302954 0.837678 0.114522 0.177094 0.156990 0.538463 0.304693 0.222760 0.102586 0.288052 0.294827 0.289434 0.185658 0.465508 0.237075 0.122716 0.319983 0.226395 0.247906 0.395468 0.295292 0.227208 0.313833 0.260429 0.243771 0.147423 0.450360 0.154432 0.158552 0.123967 0.404716 0.186479 0.180784 0.209836 0.465793 0.041616 0.010350 0.196388 0.429053 0.253563 0.247828 0.104808 0.247594 
0.351314 0.170571 0.137540 0.222026 0.177563 0.089405 0.342018 0.490849 0.179216 0.268271 1.000000 0.206796 0.552391 0.134805 0.225512 0.176379 0.232732 0.020317 0.152384 0.109188 0.380398 0.148024 0.184469 0.200161 0.256943 0.083509 0.079399 0.117864 0.212571 0.278669 0.235493 0.155651 0.230718 0.181283 0.225211 0.130931 0.284799 0.073690 0.136219 0.195334 0.169300 0.142781 0.222806 0.340547 0.175286 0.285781 0.112993 0.125633 0.114299 0.157248 0.202140 0.278675 0.224711 0.302772 0.180785 0.107355 0.179343 0.217662 0.133679 0.071266 0.197737 0.200050 0.119350 0.179116 0.021970 0.145333 
0.162477 0.128846 0.143004 0.294702 0.201374 0.196089 0.190803 0.175444 0.227352 0.328204 0.206796 1.000000 0.269376 0.668683 0.149712 0.156232 0.213786 0.121773 0.356781 0.125571 0.288795 0.153371 0.162978 0.157830 0.297542 0.255299 0.173519 0.019281 0.141468 0.125641 0.111422 0.103369 0.148101 0.229831 0.224633 0.228774 0.250997 0.159182 0.150162 0.185764 0.174451 0.167440 0.193764 0.201401 0.203430 0.247517 0.329733 0.155123 0.197149 0.223329 0.245654 0.121622 0.257812 0.240789 0.117670 0.174508 0.177778 0.194254 0.163897 0.094109 0.092977 0.199145 0.189970 0.172014 0.098691 0.215392 
0.495832 0.131671 0.163191 0.494831 0.194405 0.056125 0.458344 0.478380 0.204822 0.462544 0.552391 0.269376 1.000000 0.180677 0.305671 0.180650 0.337530 -0.029761 0.125905 0.017382 0.658280 0.161573 0.163807 0.199061 0.418357 0.096222 0.134298 0.067987 0.242413 0.351391 0.225407 0.101917 0.331704 0.359933 0.158233 0.115738 0.363697 0.112196 0.103837 0.379074 0.216633 0.273758 0.226284 0.258704 0.162091 0.334123 0.157440 0.286544 0.106867 0.345394 0.111955 0.187850 0.170394 0.318605 0.191932 0.095430 0.131591 0.222612 0.073983 0.059017 0.119438 0.225789 0.326914 0.272281 0.080598 0.330173 
0.009299 0.067873 0.049148 0.152089 0.132106 0.343483 0.129799 0.077170 0.135546 0.225123 0.134805 0.668683 0.180677 1.000000 0.083104 0.195733 0.153526 0.154233 0.039930 0.032508 0.159725 0.175242 0.129444 0.175108 0.189698 0.412656 0.118400 0.035803 0.071803 0.046989 0.062340 0.042073 0.117462 0.180362 0.087538 0.069638 0.181784 0.091051 0.320259 0.147662 0.186126 0.128213 0.172648 0.150990 0.224787 0.225544 0.581886 0.112259 0.165049 0.110165 0.282483 0.046352 0.247412 0.193310 0.066628 0.115318 0.150331 0.173306 0.464662 0.077743 0.025689 0.196282 0.134143 0.161115 0.030424 0.133518 
0.329157 0.036801 0.236013 0.186393 0.308103 0.098935 0.282039 0.307561 0.618074 0.213634 0.225512 0.149712 0.305671 0.083104 1.000000 0.144893 0.280260 0.097725 0.046756 0.074177 0.203804 0.134651 0.211878 0.219420 0.164095 -0.036230 0.044247 0.039514 0.121590 0.427144 0.072625 0.356157 0.252077 0.120400 0.076322 0.097037 0.192503 0.119295 0.020606 0.126394 0.067996 0.095344 0.174723 0.169056 0.087413 0.213348 0.061339 0.111588 0.091727 0.187550 0.079187 0.159075 0.122643 0.188014 0.079504 0.149645 0.066709 0.178025 0.044266 0.075156 0.054667 0.151225 0.145145 0.080064 0.130447 0.159817 
0.167060 0.128844 0.224972 0.174959 0.211241 0.172556 0.085702 0.202545 0.130140 0.356464 0.176379 0.156232 0.180650 0.195733 0.144893 1.000000 0.087836 0.091484 0.033169 0.082210 0.228093 0.237986 0.815883 0.659464 0.211658 0.058382 0.157221 0.089784 0.200447 0.122550 0.182389 0.046364 0.147214 0.175238 0.119749 0.073153 0.187065 0.125144 0.186055 0.150936 0.167492 0.128083 0.214183 0.177449 0.329526 0.206268 0.309569 0.174422 0.302007 0.074624 0.132088 0.206084 0.130873 0.205419 0.080355 0.440525 0.125753 0.167514 0.158265 0.130246 0.052534 0.226762 0.159686 0.156038 0.101140 0.151468 
0.199290 0.094398 0.005189 0.221745 0.378198 0.054808 0.711837 0.215188 0.280843 0.224799 0.232732 0.213786 0.337530 0.153526 0.280260 0.087836 1.000000 0.027765 0.044898 -0.065437 0.207377 0.056288 0.116258 0.097613 0.231602 0.073382 0.029756 0.053365 0.153466 0.294268 0.106944 0.324461 0.316306 0.271034 0.155177 0.119788 0.211374 0.260990 0.064105 0.269271 0.153512 0.279444 0.379148 0.258033 0.152690 0.362088 0.130009 0.272068 0.131825 0.383514 0.143534 0.145708 0.211420 0.242341 0.146842 0.163880 0.187244 0.238469 0.061571 0.045884 0.128364 0.171803 0.323385 0.107560 0.215745 0.405840 
0.100889 0.222014 0.051876 0.078220 0.156295 0.134553 -0.043904 0.097533 0.131460 0.100695 0.020317 0.121773 -0.029761 0.154233 0.097725 0.091484 0.027765 1.000000 0.032348 0.437054 0.009969 0.224861 0.102103 0.074890 0.063656 0.099195 0.000315 0.215348 0.036632 0.110301 0.163742 0.049529 0.200113 -0.032784 0.316937 0.107470 0.131919 0.008361 0.008674 -0.014120 -0.004071 -0.070509 0.092521 -0.001314 0.155249 0.035500 0.154279 -0.046053 0.094222 0.040346 0.130060 0.108898 0.098661 0.090626 0.083316 0.130556 0.182838 0.099723 0.216278 0.150779 0.237531 0.114424 -0.006276 -0.018901 -0.018389 0.029785 
0.154247 0.107183 0.142003 0.193927 0.055340 0.079671 0.018714 0.096372 0.058903 0.194724 0.152384 0.356781 0.125905 0.039930 0.046756 0.033169 0.044898 0.032348 1.000000 0.490471 0.184404 0.093870 0.081829 0.092878 0.207079 0.098139 0.185409 0.140047 0.128143 0.139526 0.095443 0.032791 0.123317 0.064180 0.127190 0.199359 0.102600 0.085971 0.048252 0.023486 0.125278 0.077487 0.101180 0.184649 0.229554 0.131735 0.108667 0.041157 0.096513 0.086843 0.051859 0.238848 0.128187 0.073544 0.065498 0.057093 0.083287 0.112227 0.052031 0.107586 0.101213 0.090132 -0.021145 0.100962 0.001077 -0.004969 
0.149458 0.155565 0.164260 0.152436 0.117362 0.084686 -0.074088 0.079882 0.075434 0.121613 0.109188 0.125571 0.017382 0.032508 0.074177 0.082210 -0.065437 0.437054 0.490471 1.000000 0.102413 0.074039 0.069462 0.104258 0.133200 0.053761 0.203733 0.209723 0.119200 0.113223 0.131225 0.021185 0.072881 -0.022458 0.213405 0.124902 0.145338 0.034638 0.018053 0.006190 0.085275 -0.003239 0.098785 0.103079 0.217624 0.072849 0.096393 -0.001996 0.076556 0.066591 0.050612 0.225456 0.085121 0.081852 0.037033 0.028639 0.121070 0.146127 0.158803 0.156861 0.149992 0.166255 -0.070559 -0.010185 -0.051351 -0.043034 
0.361988 0.155556 0.126412 0.866166 0.201691 0.137226 0.231197 0.361217 0.158070 0.456075 0.380398 0.288795 0.658280 0.159725 0.203804 0.228093 0.207377 0.009969 0.184404 0.102413 1.000000 0.204823 0.169604 0.192996 0.574975 0.152584 0.219111 0.144565 0.306864 0.237420 0.202343 0.054238 0.220648 0.338198 0.226935 0.194263 0.450222 0.136179 0.093916 0.353633 0.317787 0.272468 0.292153 0.260929 0.243387 0.268760 0.214523 0.266839 0.136297 0.228222 0.168794 0.217267 0.175037 0.344709 0.242057 0.099277 0.191506 0.333161 0.109299 0.105201 0.156209 0.310285 0.291465 0.318751 0.090477 0.256582 
0.215432 0.163330 0.211757 0.146656 0.209801 0.209169 0.052024 0.107431 0.139105 0.225737 0.148024 0.153371 0.161573 0.175242 0.134651 0.237986 0.056288 0.224861 0.093870 0.074039 0.204823 1.000000 0.202712 0.518819 0.132071 0.142782 0.324209 0.213444 0.087488 0.256554 0.483153 0.152352 0.434734 0.124214 0.239955 0.067543 0.068225 0.083292 0.131436 0.010222 0.184069 0.037262 0.174142 0.132993 0.196417 0.149488 0.202511 0.062047 0.116000 0.037063 0.164709 0.133503 0.059979 0.024628 0.182562 0.149072 0.223950 0.122170 0.136671 0.122074 0.214751 0.124897 0.130503 0.192562 -0.038340 0.134973 
0.173542 0.282539 0.314316 0.138028 0.270283 0.147493 0.116565 0.207323 0.181095 0.358520 0.184469 0.162978 0.163807 0.129444 0.211878 0.815883 0.116258 0.102103 0.081829 0.069462 0.169604 0.202712 1.000000 0.554272 0.184879 0.024927 0.113898 0.113027 0.160387 0.143159 0.149672 0.139173 0.156527 0.148859 0.099272 0.082482 0.186225 0.204260 0.121450 0.131377 0.136127 0.122548 0.213589 0.187790 0.293653 0.212419 0.235753 0.142592 0.401514 0.133424 0.118801 0.182310 0.073924 0.232206 0.085216 0.666702 0.147899 0.157504 0.076830 0.148630 0.025461 0.202224 0.140497 0.159604 0.148274 0.134277 
0.169344 0.133322 0.430388 0.125773 0.262784 0.185205 0.116272 0.227816 0.205290 0.302954 0.200161 0.157830 0.199061 0.175108 0.219420 0.659464 0.097613 0.074890 0.092878 0.104258 0.192996 0.518819 0.554272 1.000000 0.166852 0.050723 0.225259 0.111363 0.102299 0.156449 0.261474 0.176784 0.210970 0.210670 0.162223 0.040992 0.110798 0.119726 0.192822 0.136315 0.187466 0.111369 0.161614 0.240133 0.273728 0.234768 0.252401 0.173512 0.111386 0.086195 0.089485 0.178053 0.067203 0.131523 0.112778 0.188206 0.134146 0.097943 0.127077 0.102398 0.116498 0.110448 0.189567 0.157479 0.092738 0.183571 
0.299048 0.155342 0.086156 0.686909 0.177766 0.071093 0.272443 0.293426 0.088091 0.837678 0.256943 0.297542 0.418357 0.189698 0.164095 0.211658 0.231602 0.063656 0.207079 0.133200 0.574975 0.132071 0.184879 0.166852 1.000000 0.103386 0.166708 0.160143 0.662329 0.251913 0.163346 0.115306 0.212507 0.254770 0.291420 0.213980 0.510557 0.173770 0.085011 0.320091 0.251386 0.253845 0.434802 0.275409 0.189380 0.281091 0.215505 0.216747 0.162933 0.340855 0.171923 0.155676 0.158456 0.410310 0.166603 0.128760 0.182394 0.544341 0.028259 0.012899 0.199727 0.435614 0.199012 0.237991 0.093504 0.201483 
0.053322 0.321902 0.042071 0.099532 0.051701 0.569916 0.047777 0.072822 0.013151 0.114522 0.083509 0.255299 0.096222 0.412656 -0.036230 0.058382 0.073382 0.099195 0.098139 0.053761 0.152584 0.142782 0.024927 0.050723 0.103386 1.000000 0.315958 0.443335 0.054629 0.051856 0.086831 -0.054517 0.116326 0.121710 0.231486 0.089955 0.091688 0.073483 0.329831 0.074459 0.104963 0.090659 0.073387 0.123955 0.078557 0.075302 0.179373 0.145981 -0.006226 0.046240 0.322536 0.012109 0.184576 0.129659 0.174542 0.043493 0.196446 0.020985 0.521869 0.132670 0.205889 0.043847 0.106566 0.183331 0.014702 0.138585 
0.143908 0.228803 0.161789 0.196378 0.118359 0.250154 0.016258 0.129232 0.019836 0.177094 0.079399 0.173519 0.134298 0.118400 0.044247 0.157221 0.029756 0.000315 0.185409 0.203733 0.219111 0.324209 0.113898 0.225259 0.166708 0.315958 1.000000 0.418229 0.128723 0.114721 0.278290 0.067561 0.166537 0.144996 0.136840 0.051202 0.172227 0.168876 0.168191 0.077006 0.274291 0.093615 0.198932 0.154420 0.162971 0.137375 0.115802 0.168041 0.117256 0.120213 0.195541 0.145106 0.188683 0.149623 0.148275 0.079252 0.174593 0.192577 0.057944 0.130704 0.066230 0.246603 0.116760 0.148142 0.084546 0.139666 
0.115324 0.710901 0.102592 0.128395 0.092599 0.314119 0.076381 0.089253 0.002183 0.156990 0.117864 0.019281 0.067987 0.035803 0.039514 0.089784 0.053365 0.215348 0.140047 0.209723 0.144565 0.213444 0.113027 0.111363 0.160143 0.443335 0.418229 1.000000 0.149395 0.058283 0.164914 0.057038 0.090470 0.089988 0.390732 0.057439 0.138050 0.110067 0.140765 0.096807 0.146786 0.058699 0.162257 0.081570 0.133655 0.113636 0.091622 0.131586 0.106890 0.032492 0.312772 0.200075 0.256416 0.112367 0.110675 0.108087 0.244278 0.115857 0.165534 0.117567 0.344080 0.122539 0.057033 0.105883 0.056602 0.069711 
0.219037 0.097732 0.039579 0.380334 0.123178 0.024353 0.166245 0.315307 0.070119 0.538463 0.212571 0.141468 0.242413 0.071803 0.121590 0.200447 0.153466 0.036632 0.128143 0.119200 0.306864 0.087488 0.160387 0.102299 0.662329 0.054629 0.128723 0.149395 1.000000 0.186504 0.116177 0.020278 0.158002 0.152784 0.158834 0.167357 0.241305 0.142243 0.073410 0.121209 0.199427 0.134614 0.236797 0.239266 0.081516 0.179573 0.070268 0.124741 0.128904 0.201734 0.133657 0.083973 0.114972 0.221266 0.124015 0.117015 0.122193 0.250626 0.046889 0.013065 0.110366 0.230073 0.125549 0.147788 0.031700 0.121862 
0.772174 0.092315 0.177046 0.223515 0.204577 0.064403 0.242081 0.423793 0.289312 0.304693 0.278669 0.125641 0.351391 0.046989 0.427144 0.122550 0.294268 0.110301 0.139526 0.113223 0.237420 0.256554 0.143159 0.156449 0.251913 0.051856 0.114721 0.058283 0.186504 1.000000 0.492894 0.163717 0.872201 0.172294 0.207503 0.103326 0.214497 0.107570 0.050734 0.196475 0.127109 0.136484 0.248246 0.229314 0.151967 0.276614 0.073475 0.101531 0.075157 0.270173 0.081116 0.198526 0.163772 0.211812 0.161989 0.122684 0.127053 0.234089 0.105797 0.182448 0.181645 0.222476 0.154191 0.121736 0.088868 0.205348 
0.568277 0.123743 0.140165 0.197353 0.126048 0.106932 0.072597 0.411012 0.098505 0.222760 0.235493 0.111422 0.225407 0.062340 0.072625 0.182389 0.106944 0.163742 0.095443 0.131225 0.202343 0.483153 0.149672 0.261474 0.163346 0.086831 0.278290 0.164914 0.116177 0.492894 1.000000 0.057719 0.560364 0.202775 0.185425 0.077960 0.160942 0.106438 0.092583 0.125411 0.167324 0.129613 0.271783 0.202466 0.203285 0.235418 0.157248 0.113753 0.161617 0.094577 0.083931 0.198163 0.116795 0.151397 0.221587 0.137942 0.198177 0.206550 0.144792 0.159892 0.128912 0.174326 0.188442 0.263090 0.046693 0.227455 
0.076243 0.144700 0.282083 0.067297 0.610632 0.141346 0.292651 0.168666 0.459139 0.102586 0.155651 0.103369 0.101917 0.042073 0.356157 0.046364 0.324461 0.049529 0.032791 0.021185 0.054238 0.152352 0.139173 0.176784 0.115306 -0.054517 0.067561 0.057038 0.020278 0.163717 0.057719 1.000000 0.143598 -0.036560 0.103419 -0.013918 0.110302 0.107114 0.064902 -0.032340 0.008929 -0.071548 0.188178 0.141684 0.067014 0.142083 0.028560 -0.076311 0.078928 0.096833 0.142415 0.123604 0.114518 0.123026 0.019402 0.158244 0.118220 0.159619 0.036173 0.081965 0.078752 0.123869 -0.061734 -0.038185 0.032762 0.003445 
0.595645 0.162336 0.174514 0.203720 0.234496 0.093137 0.207300 0.317588 0.240453 0.288052 0.230718 0.148101 0.331704 0.117462 0.252077 0.147214 0.316306 0.200113 0.123317 0.072881 0.220648 0.434734 0.156527 0.210970 0.212507 0.116326 0.166537 0.090470 0.158002 0.872201 0.560364 0.143598 1.000000 0.192827 0.242585 0.108021 0.145658 0.105779 0.057924 0.188709 0.160116 0.125640 0.277856 0.202472 0.158412 0.265667 0.121375 0.112001 0.117847 0.270929 0.105596 0.167525 0.132571 0.145010 0.182371 0.161300 0.172980 0.201806 0.159462 0.198351 0.212150 0.203012 0.196306 0.164153 0.066276 0.263362 
0.231721 0.139651 0.085485 0.295848 0.220251 0.037632 0.269608 0.233832 0.146290 0.294827 0.181283 0.229831 0.359933 0.180362 0.120400 0.175238 0.271034 -0.032784 0.064180 -0.022458 0.338198 0.124214 0.148859 0.210670 0.254770 0.121710 0.144996 0.089988 0.152784 0.172294 0.202775 -0.036560 0.192827 1.000000 0.184422 0.199371 0.241303 0.162639 0.097294 0.412735 0.517204 0.399933 0.255190 0.284990 0.293478 0.394853 0.273019 0.599815 0.191423 0.245294 0.059201 0.170498 0.165422 0.231310 0.284980 0.170924 0.191329 0.213796 0.119669 0.136360 0.148045 0.262595 0.844738 0.578442 0.116198 0.697992 
0.240690 0.537588 0.095355 0.234048 0.161401 0.171529 0.168702 0.221448 0.139232 0.289434 0.225211 0.224633 0.158233 0.087538 0.076322 0.119749 0.155177 0.316937 0.127190 0.213405 0.226935 0.239955 0.099272 0.162223 0.291420 0.231486 0.136840 0.390732 0.158834 0.207503 0.185425 0.103419 0.242585 0.184422 1.000000 0.250564 0.195520 0.085181 0.085703 0.132192 0.086690 0.049704 0.229957 0.179209 0.107035 0.177655 0.110507 0.126529 0.146436 0.077872 0.221759 0.144013 0.152949 0.178379 0.245105 0.171275 0.254565 0.248807 0.200168 0.261326 0.820771 0.265498 0.193725 0.159761 0.005918 0.204439 
0.165475 0.056806 0.151450 0.205233 0.088831 0.026988 0.119861 0.130776 0.064174 0.185658 0.130931 0.228774 0.115738 0.069638 0.097037 0.073153 0.119788 0.107470 0.199359 0.124902 0.194263 0.067543 0.082482 0.040992 0.213980 0.089955 0.051202 0.057439 0.167357 0.103326 0.077960 -0.013918 0.108021 0.199371 0.250564 1.000000 0.169548 0.149578 0.062360 0.134311 0.107474 0.135772 0.151391 0.129281 0.112077 0.138371 0.040833 0.145957 0.222103 0.083172 0.053430 0.150064 0.142940 0.154815 0.156719 0.266053 0.131158 0.192159 0.035621 0.140659 0.213593 0.175537 0.196063 0.139834 0.208793 0.186685 
0.263113 0.174891 0.040226 0.496966 0.165551 0.079891 0.264276 0.250052 0.104639 0.465508 0.284799 0.250997 0.363697 0.181784 0.192503 0.187065 0.211374 0.131919 0.102600 0.145338 0.450222 0.068225 0.186225 0.110798 0.510557 0.091688 0.172227 0.138050 0.241305 0.214497 0.160942 0.110302 0.145658 0.241303 0.195520 0.169548 1.000000 0.164078 0.094663 0.406776 0.224998 0.331297 0.411823 0.375327 0.197274 0.358270 0.214733 0.246485 0.186678 0.339764 0.147737 0.129860 0.157785 0.870778 0.139956 0.186426 0.125738 0.600902 0.053296 0.124002 0.124837 0.530190 0.157686 0.169270 0.095451 0.144075 
0.178909 0.179961 0.076434 0.167249 0.155366 0.052451 0.212051 0.146037 0.115656 0.237075 0.073690 0.159182 0.112196 0.091051 0.119295 0.125144 0.260990 0.008361 0.085971 0.034638 0.136179 0.083292 0.204260 0.119726 0.173770 0.073483 0.168876 0.110067 0.142243 0.107570 0.106438 0.107114 0.105779 0.162639 0.085181 0.149578 0.164078 1.000000 0.114267 0.178641 0.115031 0.318031 0.202713 0.202586 0.172670 0.114639 0.154199 0.175690 0.181602 0.422986 0.152731 0.209555 0.205147 0.165618 0.123180 0.243104 0.131448 0.195648 -0.023473 0.024863 0.058252 0.186738 0.164654 0.130238 0.727512 0.163141 
0.073863 0.092991 0.054677 0.077048 0.004111 0.599046 0.026308 0.088047 -0.048495 0.122716 0.136219 0.150162 0.103837 0.320259 0.020606 0.186055 0.064105 0.008674 0.048252 0.018053 0.093916 0.131436 0.121450 0.192822 0.085011 0.329831 0.168191 0.140765 0.073410 0.050734 0.092583 0.064902 0.057924 0.097294 0.085703 0.062360 0.094663 0.114267 1.000000 0.051656 0.122300 0.060181 0.115230 0.133020 0.180305 0.068671 0.295611 0.144765 -0.054813 0.085470 0.311769 0.114165 0.200052 0.110225 0.077211 0.015421 0.083573 0.052272 0.451224 0.083462 0.162178 0.036719 0.059973 0.056815 0.104508 0.098102 
0.215215 0.162408 0.037601 0.344123 0.096977 0.006296 0.342132 0.169211 0.056328 0.319983 0.195334 0.185764 0.379074 0.147662 0.126394 0.150936 0.269271 -0.014120 0.023486 0.006190 0.353633 0.010222 0.131377 0.136315 0.320091 0.074459 0.077006 0.096807 0.121209 0.196475 0.125411 -0.032340 0.188709 0.412735 0.132192 0.134311 0.406776 0.178641 0.051656 1.000000 0.189863 0.581231 0.175128 0.234642 0.107669 0.360770 0.155261 0.477210 0.052338 0.564011 0.015547 0.085002 0.151589 0.344135 0.050741 0.068242 0.026039 0.245638 0.074994 0.090894 0.081010 0.265071 0.292840 0.176667 0.217324 0.280277 
0.121065 0.197288 0.097493 0.281326 0.167891 0.088647 0.124306 0.165567 0.080979 0.226395 0.169300 0.174451 0.216633 0.186126 0.067996 0.167492 0.153512 -0.004071 0.125278 0.085275 0.317787 0.184069 0.136127 0.187466 0.251386 0.104963 0.274291 0.146786 0.199427 0.127109 0.167324 0.008929 0.160116 0.517204 0.086690 0.107474 0.224998 0.115031 0.122300 0.189863 1.000000 0.205737 0.373243 0.400280 0.220664 0.478662 0.253008 0.310135 0.142744 0.120151 0.167495 0.151850 0.174756 0.244632 0.139351 0.161008 0.142333 0.341937 0.073080 0.071361 0.042548 0.342028 0.400950 0.315264 0.029724 0.321985 
0.142131 0.078462 0.050617 0.259219 0.089575 -0.020845 0.247658 0.098033 0.041732 0.247906 0.142781 0.167440 0.273758 0.128213 0.095344 0.128083 0.279444 -0.070509 0.077487 -0.003239 0.272468 0.037262 0.122548 0.111369 0.253845 0.090659 0.093615 0.058699 0.134614 0.136484 0.129613 -0.071548 0.125640 0.399933 0.049704 0.135772 0.331297 0.318031 0.060181 0.581231 0.205737 1.000000 0.138124 0.263495 0.157623 0.293397 0.157742 0.765910 0.077668 0.403138 0.036547 0.129338 0.164682 0.314084 0.089606 0.066297 0.040210 0.210145 0.022287 0.066480 0.000214 0.190700 0.392633 0.175330 0.371641 0.357500 
0.230773 0.183567 0.085059 0.297681 0.269196 0.137475 0.274333 0.233911 0.146973 0.395468 0.222806 0.193764 0.226284 0.172648 0.174723 0.214183 0.379148 0.092521 0.101180 0.098785 0.292153 0.174142 0.213589 0.161614 0.434802 0.073387 0.198932 0.162257 0.236797 0.248246 0.271783 0.188178 0.277856 0.255190 0.229957 0.151391 0.411823 0.202713 0.115230 0.175128 0.373243 0.138124 1.000000 0.421891 0.307769 0.522035 0.292853 0.175890 0.330542 0.200707 0.209891 0.174464 0.219407 0.379449 0.226260 0.289100 0.296817 0.835134 0.075456 0.190806 0.125469 0.526017 0.224303 0.222739 0.119212 0.270807 
0.235827 0.120207 0.101934 0.250947 0.183882 0.123964 0.292904 0.297165 0.123093 0.295292 0.340547 0.201401 0.258704 0.150990 0.169056 0.177449 0.258033 -0.001314 0.184649 0.103079 0.260929 0.132993 0.187790 0.240133 0.275409 0.123955 0.154420 0.081570 0.239266 0.229314 0.202466 0.141684 0.202472 0.284990 0.179209 0.129281 0.375327 0.202586 0.133020 0.234642 0.400280 0.263495 0.421891 1.000000 0.239003 0.556985 0.209593 0.292855 0.131666 0.286207 0.185315 0.120989 0.201566 0.432163 0.141237 0.130189 0.115608 0.404516 0.122931 0.156282 0.167555 0.271221 0.258489 0.217545 0.076647 0.276163 
0.172586 0.133929 0.137997 0.213194 0.206499 0.190140 0.114684 0.174781 0.112259 0.227208 0.175286 0.203430 0.162091 0.224787 0.087413 0.329526 0.152690 0.155249 0.229554 0.217624 0.243387 0.196417 0.293653 0.273728 0.189380 0.078557 0.162971 0.133655 0.081516 0.151967 0.203285 0.067014 0.158412 0.293478 0.107035 0.112077 0.197274 0.172670 0.180305 0.107669 0.220664 0.157623 0.307769 0.239003 1.000000 0.234884 0.745553 0.139192 0.223989 0.090186 0.157448 0.506567 0.291620 0.224576 0.150634 0.188350 0.205119 0.230207 0.336107 0.098623 0.067552 0.202478 0.242825 0.264374 0.083224 0.211951 
0.272987 0.181060 0.115960 0.218699 0.228704 0.023470 0.382476 0.319194 0.141470 0.313833 0.285781 0.247517 0.334123 0.225544 0.213348 0.206268 0.362088 0.035500 0.131735 0.072849 0.268760 0.149488 0.212419 0.234768 0.281091 0.075302 0.137375 0.113636 0.179573 0.276614 0.235418 0.142083 0.265667 0.394853 0.177655 0.138371 0.358270 0.114639 0.068671 0.360770 0.478662 0.293397 0.522035 0.556985 0.234884 1.000000 0.269237 0.368572 0.199003 0.198124 0.131857 0.159579 0.228503 0.448218 0.177718 0.180020 0.175213 0.472132 0.094720 0.137044 0.096978 0.369067 0.359218 0.237717 0.074119 0.414359 
0.072505 0.130388 0.090143 0.189951 0.132981 0.329139 0.119157 0.117319 0.076740 0.260429 0.112993 0.329733 0.157440 0.581886 0.061339 0.309569 0.130009 0.154279 0.108667 0.096393 0.214523 0.202511 0.235753 0.252401 0.215505 0.179373 0.115802 0.091622 0.070268 0.073475 0.157248 0.028560 0.121375 0.273019 0.110507 0.040833 0.214733 0.154199 0.295611 0.155261 0.253008 0.157742 0.292853 0.209593 0.745553 0.269237 1.000000 0.122641 0.203259 0.126558 0.175305 0.228749 0.229034 0.240860 0.152321 0.148060 0.189843 0.257556 0.516970 0.058199 0.034282 0.251073 0.220820 0.273901 0.072145 0.186791 
0.119420 0.124970 0.058279 0.211371 0.104780 0.069548 0.211715 0.100931 0.021026 0.243771 0.125633 0.155123 0.286544 0.112259 0.111588 0.174422 0.272068 -0.046053 0.041157 -0.001996 0.266839 0.062047 0.142592 0.173512 0.216747 0.145981 0.168041 0.131586 0.124741 0.101531 0.113753 -0.076311 0.112001 0.599815 0.126529 0.145957 0.246485 0.175690 0.144765 0.477210 0.310135 0.765910 0.175890 0.292855 0.139192 0.368572 0.122641 1.000000 0.122656 0.314225 0.072133 0.114026 0.125731 0.243763 0.089899 0.094788 0.070488 0.179631 0.060126 0.115309 0.098636 0.210810 0.600011 0.175028 0.260553 0.580821 
0.136670 0.146586 0.130666 0.156096 0.165874 0.003377 0.124260 0.127579 0.096420 0.147423 0.114299 0.197149 0.106867 0.165049 0.091727 0.302007 0.131825 0.094222 0.096513 0.076556 0.136297 0.116000 0.401514 0.111386 0.162933 -0.006226 0.117256 0.106890 0.128904 0.075157 0.161617 0.078928 0.117847 0.191423 0.146436 0.222103 0.186678 0.181602 -0.054813 0.052338 0.142744 0.077668 0.330542 0.131666 0.223989 0.199003 0.203259 0.122656 1.000000 0.084066 0.104687 0.215563 0.142430 0.201680 0.174389 0.772233 0.394827 0.259629 0.052767 0.161991 0.075789 0.241175 0.201051 0.255354 0.143907 0.194981 
0.216713 0.090697 0.028247 0.284598 0.160812 0.037930 0.361658 0.135086 0.141020 0.450360 0.157248 0.223329 0.345394 0.110165 0.187550 0.074624 0.383514 0.040346 0.086843 0.066591 0.228222 0.037063 0.133424 0.086195 0.340855 0.046240 0.120213 0.032492 0.201734 0.270173 0.094577 0.096833 0.270929 0.245294 0.077872 0.083172 0.339764 0.422986 0.085470 0.564011 0.120151 0.403138 0.200707 0.286207 0.090186 0.198124 0.126558 0.314225 0.084066 1.000000 0.031640 0.064984 0.136517 0.319836 0.074333 0.104421 0.056427 0.274827 0.043556 0.032177 0.041505 0.272791 0.246339 0.118491 0.373563 0.284706 
0.068594 0.368459 0.081073 0.155274 0.174066 0.292191 0.057584 0.096211 0.076923 0.154432 0.202140 0.245654 0.111955 0.282483 0.079187 0.132088 0.143534 0.130060 0.051859 0.050612 0.168794 0.164709 0.118801 0.089485 0.171923 0.322536 0.195541 0.312772 0.133657 0.081116 0.083931 0.142415 0.105596 0.059201 0.221759 0.053430 0.147737 0.152731 0.311769 0.015547 0.167495 0.036547 0.209891 0.185315 0.157448 0.131857 0.175305 0.072133 0.104687 0.031640 1.000000 0.166791 0.628815 0.185847 0.144578 0.147107 0.487170 0.168995 0.143357 0.118975 0.268894 0.167553 0.051308 0.127534 0.083756 0.074279 
0.243929 0.171092 0.124668 0.194752 0.211849 0.060247 0.079428 0.223006 0.141961 0.158552 0.278675 0.121622 0.187850 0.046352 0.159075 0.206084 0.145708 0.108898 0.238848 0.225456 0.217267 0.133503 0.182310 0.178053 0.155676 0.012109 0.145106 0.200075 0.083973 0.198526 0.198163 0.123604 0.167525 0.170498 0.144013 0.150064 0.129860 0.209555 0.114165 0.085002 0.151850 0.129338 0.174464 0.120989 0.506567 0.159579 0.228749 0.114026 0.215563 0.064984 0.166791 1.000000 0.450938 0.151297 0.139734 0.182214 0.178032 0.158061 0.059836 0.026081 0.146255 0.130208 0.153463 0.182701 0.180318 0.168053 
0.186774 0.249170 0.079894 0.158735 0.161237 0.148907 0.168941 0.152423 0.116403 0.123967 0.224711 0.257812 0.170394 0.247412 0.122643 0.130873 0.211420 0.098661 0.128187 0.085121 0.175037 0.059979 0.073924 0.067203 0.158456 0.184576 0.188683 0.256416 0.114972 0.163772 0.116795 0.114518 0.132571 0.165422 0.152949 0.142940 0.157785 0.205147 0.200052 0.151589 0.174756 0.164682 0.219407 0.201566 0.291620 0.228503 0.229034 0.125731 0.142430 0.136517 0.628815 0.450938 1.000000 0.191751 0.100769 0.135344 0.215659 0.215068 0.125215 0.205476 0.196913 0.205028 0.143769 0.222407 0.168121 0.134878 
0.247670 0.178230 0.052965 0.348672 0.195676 0.093937 0.279707 0.281166 0.130024 0.404716 0.302772 0.240789 0.318605 0.193310 0.188014 0.205419 0.242341 0.090626 0.073544 0.081852 0.344709 0.024628 0.232206 0.131523 0.410310 0.129659 0.149623 0.112367 0.221266 0.211812 0.151397 0.123026 0.145010 0.231310 0.178379 0.154815 0.870778 0.165618 0.110225 0.344135 0.244632 0.314084 0.379449 0.432163 0.224576 0.448218 0.240860 0.243763 0.201680 0.319836 0.185847 0.151297 0.191751 1.000000 0.166305 0.207255 0.156708 0.512480 0.060180 0.128792 0.099347 0.443994 0.172489 0.186699 0.098520 0.174835 
0.221913 0.180576 0.096198 0.204728 0.140594 0.087554 0.101763 0.258614 0.130291 0.186479 0.180785 0.117670 0.191932 0.066628 0.079504 0.080355 0.146842 0.083316 0.065498 0.037033 0.242057 0.182562 0.085216 0.112778 0.166603 0.174542 0.148275 0.110675 0.124015 0.161989 0.221587 0.019402 0.182371 0.284980 0.245105 0.156719 0.139956 0.123180 0.077211 0.050741 0.139351 0.089606 0.226260 0.141237 0.150634 0.177718 0.152321 0.089899 0.174389 0.074333 0.144578 0.139734 0.100769 0.166305 1.000000 0.163364 0.656049 0.145352 0.133637 0.282675 0.221693 0.168847 0.334635 0.548188 0.036903 0.404746 
0.176427 0.289870 0.170305 0.115911 0.268896 0.067228 0.122969 0.156464 0.162830 0.180784 0.107355 0.174508 0.095430 0.115318 0.149645 0.440525 0.163880 0.130556 0.057093 0.028639 0.099277 0.149072 0.666702 0.188206 0.128760 0.043493 0.079252 0.108087 0.117015 0.122684 0.137942 0.158244 0.161300 0.170924 0.171275 0.266053 0.186426 0.243104 0.015421 0.068242 0.161008 0.066297 0.289100 0.130189 0.188350 0.180020 0.148060 0.094788 0.772233 0.104421 0.147107 0.182214 0.135344 0.207255 0.163364 1.000000 0.291079 0.187333 0.047767 0.194758 0.112346 0.200948 0.188613 0.261305 0.182221 0.178575 
0.166199 0.294046 0.122504 0.166767 0.176336 0.131611 0.121007 0.207482 0.108457 0.209836 0.179343 0.177778 0.131591 0.150331 0.066709 0.125753 0.187244 0.182838 0.083287 0.121070 0.191506 0.223950 0.147899 0.134146 0.182394 0.196446 0.174593 0.244278 0.122193 0.127053 0.198177 0.118220 0.172980 0.191329 0.254565 0.131158 0.125738 0.131448 0.083573 0.026039 0.142333 0.040210 0.296817 0.115608 0.205119 0.175213 0.189843 0.070488 0.394827 0.056427 0.487170 0.178032 0.215659 0.156708 0.656049 0.291079 1.000000 0.206116 0.116074 0.217046 0.198890 0.206443 0.223259 0.256450 0.070550 0.277394 
0.235324 0.151926 0.050472 0.379654 0.191554 0.048893 0.241020 0.204298 0.104151 0.465793 0.217662 0.194254 0.222612 0.173306 0.178025 0.167514 0.238469 0.099723 0.112227 0.146127 0.333161 0.122170 0.157504 0.097943 0.544341 0.020985 0.192577 0.115857 0.250626 0.234089 0.206550 0.159619 0.201806 0.213796 0.248807 0.192159 0.600902 0.195648 0.052272 0.245638 0.341937 0.210145 0.835134 0.404516 0.230207 0.472132 0.257556 0.179631 0.259629 0.274827 0.168995 0.158061 0.215068 0.512480 0.145352 0.187333 0.206116 1.000000 0.017456 0.179195 0.123068 0.763543 0.155419 0.166893 0.153244 0.149160 
0.042609 0.124752 0.077686 0.061409 0.067728 0.525802 0.043531 0.126205 0.055011 0.041616 0.133679 0.163897 0.073983 0.464662 0.044266 0.158265 0.061571 0.216278 0.052031 0.158803 0.109299 0.136671 0.076830 0.127077 0.028259 0.521869 0.057944 0.165534 0.046889 0.105797 0.144792 0.036173 0.159462 0.119669 0.200168 0.035621 0.053296 -0.023473 0.451224 0.074994 0.073080 0.022287 0.075456 0.122931 0.336107 0.094720 0.516970 0.060126 0.052767 0.043556 0.143357 0.059836 0.125215 0.060180 0.133637 0.047767 0.116074 0.017456 1.000000 0.223318 0.205766 0.028048 0.096139 0.179639 -0.040580 0.079394 
0.180522 0.161901 0.141038 0.096249 0.137182 0.103529 0.005370 0.102481 0.131036 0.010350 0.071266 0.094109 0.059017 0.077743 0.075156 0.130246 0.045884 0.150779 0.107586 0.156861 0.105201 0.122074 0.148630 0.102398 0.012899 0.132670 0.130704 0.117567 0.013065 0.182448 0.159892 0.081965 0.198351 0.136360 0.261326 0.140659 0.124002 0.024863 0.083462 0.090894 0.071361 0.066480 0.190806 0.156282 0.098623 0.137044 0.058199 0.115309 0.161991 0.032177 0.118975 0.026081 0.205476 0.128792 0.282675 0.194758 0.217046 0.179195 0.223318 1.000000 0.277052 0.190681 0.136365 0.200184 0.049707 0.119702 
0.184740 0.381220 0.079430 0.157295 0.067468 0.194160 0.127970 0.127965 0.067138 0.196388 0.197737 0.092977 0.119438 0.025689 0.054667 0.052534 0.128364 0.237531 0.101213 0.149992 0.156209 0.214751 0.025461 0.116498 0.199727 0.205889 0.066230 0.344080 0.110366 0.181645 0.128912 0.078752 0.212150 0.148045 0.820771 0.213593 0.124837 0.058252 0.162178 0.081010 0.042548 0.000214 0.125469 0.167555 0.067552 0.096978 0.034282 0.098636 0.075789 0.041505 0.268894 0.146255 0.196913 0.099347 0.221693 0.112346 0.198890 0.123068 0.205766 0.277052 1.000000 0.169933 0.154384 0.132615 -0.055814 0.186709 
0.231425 0.185531 0.019133 0.348060 0.171270 -0.003812 0.191991 0.129539 0.106278 0.429053 0.200050 0.199145 0.225789 0.196282 0.151225 0.226762 0.171803 0.114424 0.090132 0.166255 0.310285 0.124897 0.202224 0.110448 0.435614 0.043847 0.246603 0.122539 0.230073 0.222476 0.174326 0.123869 0.203012 0.262595 0.265498 0.175537 0.530190 0.186738 0.036719 0.265071 0.342028 0.190700 0.526017 0.271221 0.202478 0.369067 0.251073 0.210810 0.241175 0.272791 0.167553 0.130208 0.205028 0.443994 0.168847 0.200948 0.206443 0.763543 0.028048 0.190681 0.169933 1.000000 0.224075 0.195298 0.102871 0.214298 
0.206076 0.127651 0.058937 0.268891 0.196200 -0.001263 0.262551 0.194647 0.149951 0.253563 0.119350 0.189970 0.326914 0.134143 0.145145 0.159686 0.323385 -0.006276 -0.021145 -0.070559 0.291465 0.130503 0.140497 0.189567 0.199012 0.106566 0.116760 0.057033 0.125549 0.154191 0.188442 -0.061734 0.196306 0.844738 0.193725 0.196063 0.157686 0.164654 0.059973 0.292840 0.400950 0.392633 0.224303 0.258489 0.242825 0.359218 0.220820 0.600011 0.201051 0.246339 0.051308 0.153463 0.143769 0.172489 0.334635 0.188613 0.223259 0.155419 0.096139 0.136365 0.154384 0.224075 1.000000 0.563936 0.165055 0.872601 
0.203955 0.140622 0.093661 0.319857 0.156099 0.106002 0.130476 0.269378 0.098690 0.247828 0.179116 0.172014 0.272281 0.161115 0.080064 0.156038 0.107560 -0.018901 0.100962 -0.010185 0.318751 0.192562 0.159604 0.157479 0.237991 0.183331 0.148142 0.105883 0.147788 0.121736 0.263090 -0.038185 0.164153 0.578442 0.159761 0.139834 0.169270 0.130238 0.056815 0.176667 0.315264 0.175330 0.222739 0.217545 0.264374 0.237717 0.273901 0.175028 0.255354 0.118491 0.127534 0.182701 0.222407 0.186699 0.548188 0.261305 0.256450 0.166893 0.179639 0.200184 0.132615 0.195298 0.563936 1.000000 0.047564 0.462047 
0.146929 0.130044 0.054133 0.111127 0.094219 0.021502 0.177151 0.078984 0.101792 0.104808 0.021970 0.098691 0.080598 0.030424 0.130447 0.101140 0.215745 -0.018389 0.001077 -0.051351 0.090477 -0.038340 0.148274 0.092738 0.093504 0.014702 0.084546 0.056602 0.031700 0.088868 0.046693 0.032762 0.066276 0.116198 0.005918 0.208793 0.095451 0.727512 0.104508 0.217324 0.029724 0.371641 0.119212 0.076647 0.083224 0.074119 0.072145 0.260553 0.143907 0.373563 0.083756 0.180318 0.168121 0.098520 0.036903 0.182221 0.070550 0.153244 -0.040580 0.049707 -0.055814 0.102871 0.165055 0.047564 1.000000 0.183222 
0.221386 0.131290 0.066515 0.234531 0.190275 0.009825 0.277673 0.177243 0.140029 0.247594 0.145333 0.215392 0.330173 0.133518 0.159817 0.151468 0.405840 0.029785 -0.004969 -0.043034 0.256582 0.134973 0.134277 0.183571 0.201483 0.138585 0.139666 0.069711 0.121862 0.205348 0.227455 0.003445 0.263362 0.697992 0.204439 0.186685 0.144075 0.163141 0.098102 0.280277 0.321985 0.357500 0.270807 0.276163 0.211951 0.414359 0.186791 0.580821 0.194981 0.284706 0.074279 0.168053 0.134878 0.174835 0.404746 0.178575 0.277394 0.149160 0.079394 0.119702 0.186709 0.214298 0.872601 0.462047 0.183222 1.000000 
