1.000000 0.493411 0.497411 0.505643 0.464065 0.229225 0.464661 0.765842 0.460841 0.530785 0.521223 0.288732 0.655091 0.293558 0.566911 0.527625 0.426689 0.405875 0.324394 0.433106 0.502739 0.472560 0.504772 0.486957 0.498779 0.273468 0.392707 0.456743 0.477644 0.862143 0.767090 0.419533 0.746578 0.453982 0.470943 0.451796 0.402617 0.406242 0.160331 0.468516 0.488710 0.355540 0.442700 0.328612 0.293699 0.460461 0.376884 0.317141 0.510982 0.434254 0.426054 0.266394 0.412954 0.349524 0.519510 0.494580 0.510364 0.469247 0.258393 0.408414 0.436934 0.496238 0.460596 0.516525 0.365754 0.469728 
0.493411 1.000000 0.579076 0.491247 0.481996 0.348871 0.364761 0.470505 0.428864 0.545034 0.336882 0.489596 0.447320 0.413706 0.389257 0.565169 0.411237 0.486773 0.414664 0.400302 0.461872 0.477733 0.629090 0.522449 0.561678 0.502256 0.492435 0.894875 0.547636 0.487475 0.564898 0.377780 0.541919 0.448020 0.811509 0.559416 0.446812 0.510622 0.266172 0.461607 0.479195 0.337962 0.537665 0.342830 0.404918 0.476054 0.432700 0.317077 0.556341 0.439954 0.596851 0.414188 0.527934 0.404231 0.544073 0.611294 0.551584 0.556293 0.314937 0.417044 0.715847 0.550445 0.477932 0.536353 0.481317 0.487977 
0.497411 0.579076 1.000000 0.460818 0.479989 0.334864 0.399809 0.532940 0.461088 0.524495 0.353694 0.386566 0.452646 0.372045 0.405347 0.622235 0.371998 0.436498 0.358940 0.328858 0.400918 0.507430 0.655160 0.683267 0.496017 0.265972 0.367969 0.519133 0.507458 0.463394 0.620757 0.533037 0.517721 0.465386 0.546250 0.627988 0.429008 0.434546 0.158569 0.404841 0.481247 0.270814 0.552548 0.351784 0.318438 0.422600 0.403028 0.247855 0.573169 0.376957 0.517317 0.313002 0.481704 0.433799 0.567831 0.565319 0.544956 0.563368 0.222895 0.406312 0.538253 0.551568 0.469460 0.584243 0.394577 0.445767 
0.505643 0.491247 0.460818 1.000000 0.418919 0.300086 0.422120 0.611723 0.464599 0.731007 0.542883 0.346773 0.640135 0.362921 0.446748 0.571221 0.440054 0.446287 0.364969 0.360802 0.913575 0.444991 0.566747 0.503030 0.802362 0.280989 0.324020 0.461836 0.721023 0.511537 0.598613 0.322134 0.532770 0.478426 0.522334 0.504968 0.683910 0.479569 0.184649 0.575041 0.615081 0.407397 0.659215 0.505016 0.334450 0.547789 0.417808 0.330963 0.531397 0.479307 0.463472 0.320716 0.484464 0.567124 0.563357 0.548175 0.503754 0.697372 0.264688 0.488378 0.503443 0.650581 0.445170 0.563517 0.409200 0.441042 
0.464065 0.481996 0.479989 0.418919 1.000000 0.350192 0.381304 0.458989 0.777392 0.442386 0.374081 0.364161 0.405663 0.329307 0.438034 0.446794 0.539913 0.392048 0.329191 0.354302 0.396853 0.408502 0.484567 0.449352 0.432652 0.350601 0.381436 0.459841 0.408815 0.431902 0.482770 0.648294 0.431511 0.381773 0.459181 0.417367 0.369479 0.381716 0.301850 0.397357 0.395205 0.343568 0.480054 0.320915 0.293326 0.403919 0.332840 0.301583 0.390845 0.317439 0.452054 0.281691 0.420618 0.317040 0.432393 0.445148 0.401906 0.462775 0.332421 0.380144 0.439811 0.433104 0.380979 0.433925 0.378876 0.397222 
0.229225 0.348871 0.334864 0.300086 0.350192 1.000000 0.168907 0.264466 0.326773 0.305698 0.226308 0.307017 0.241875 0.430157 0.296959 0.327637 0.210985 0.348422 0.181812 0.217076 0.305378 0.372665 0.372215 0.361441 0.295224 0.674624 0.398117 0.423913 0.315573 0.284104 0.335060 0.387111 0.337401 0.252278 0.363578 0.276626 0.269180 0.345974 0.642040 0.248312 0.315259 0.224532 0.348804 0.260064 0.257383 0.333074 0.371705 0.200499 0.275817 0.225939 0.407656 0.292710 0.357573 0.234657 0.339354 0.339938 0.342062 0.330935 0.533024 0.278617 0.365714 0.296340 0.262616 0.284782 0.360204 0.268797 
0.464661 0.364761 0.399809 0.422120 0.381304 0.168907 1.000000 0.423230 0.459906 0.440955 0.384058 0.203429 0.546916 0.191031 0.456559 0.414298 0.784338 0.325671 0.258445 0.237687 0.375159 0.367506 0.442820 0.414410 0.442909 0.199184 0.263603 0.349546 0.383471 0.463805 0.456874 0.470305 0.461062 0.396594 0.336500 0.360308 0.304179 0.347959 0.134055 0.442184 0.362812 0.359834 0.443553 0.270557 0.224289 0.414201 0.252255 0.308141 0.422088 0.454445 0.285142 0.205466 0.306075 0.284010 0.397256 0.444658 0.395519 0.414048 0.144732 0.303338 0.330550 0.353542 0.395843 0.404252 0.301424 0.428143 
0.765842 0.470505 0.532940 0.611723 0.458989 0.264466 0.423230 1.000000 0.451516 0.579522 0.636037 0.251506 0.691887 0.268384 0.486335 0.586332 0.404911 0.458294 0.294557 0.411707 0.612433 0.512995 0.556595 0.544844 0.559867 0.268607 0.391464 0.444104 0.576339 0.648752 0.734884 0.422044 0.603560 0.437548 0.476279 0.521167 0.482407 0.406441 0.150153 0.493338 0.581199 0.312969 0.521211 0.400772 0.281987 0.456347 0.363816 0.248519 0.502963 0.404984 0.450098 0.237557 0.465210 0.411247 0.516331 0.504929 0.484210 0.540195 0.242335 0.443866 0.456759 0.503628 0.404412 0.548439 0.363056 0.404327 
0.460841 0.428864 0.461088 0.464599 0.777392 0.326773 0.459906 0.451516 1.000000 0.491482 0.417842 0.404856 0.482785 0.318654 0.725015 0.449996 0.523738 0.386954 0.360406 0.319427 0.451072 0.463917 0.466734 0.483961 0.493293 0.314190 0.361059 0.415399 0.452833 0.501201 0.461842 0.599769 0.477625 0.398659 0.395067 0.452098 0.421653 0.389621 0.240369 0.384451 0.390225 0.338920 0.490785 0.353314 0.296070 0.415491 0.335992 0.279011 0.423724 0.349832 0.420922 0.252393 0.401475 0.374551 0.455322 0.431208 0.421598 0.490365 0.300438 0.354774 0.380172 0.463731 0.397227 0.448528 0.351501 0.406121 
0.530785 0.545034 0.524495 0.731007 0.442386 0.305698 0.440955 0.579522 0.491482 1.000000 0.533868 0.426546 0.632400 0.368458 0.454972 0.645619 0.483037 0.451440 0.366510 0.347876 0.675914 0.517914 0.663270 0.596854 0.931221 0.273780 0.374400 0.511158 0.824333 0.549736 0.632485 0.353953 0.596058 0.524957 0.567066 0.559023 0.599590 0.554341 0.226698 0.574466 0.568730 0.466112 0.703514 0.481995 0.351244 0.539333 0.420967 0.392996 0.566089 0.674722 0.532094 0.351416 0.517378 0.551003 0.548684 0.587193 0.550824 0.736913 0.227420 0.422776 0.532959 0.669459 0.525782 0.576205 0.495661 0.508052 
0.521223 0.336882 0.353694 0.542883 0.374081 0.226308 0.384058 0.636037 0.417842 0.533868 1.000000 0.284031 0.643042 0.279664 0.482945 0.429329 0.337845 0.399441 0.285518 0.321660 0.560255 0.419674 0.433795 0.394814 0.506037 0.157283 0.278436 0.318140 0.500313 0.484651 0.490781 0.283283 0.468854 0.414322 0.323713 0.341805 0.449340 0.361852 0.156359 0.474352 0.487795 0.336043 0.438267 0.417315 0.298314 0.444018 0.366645 0.313579 0.371928 0.345871 0.339658 0.184856 0.339667 0.390236 0.402078 0.393285 0.385706 0.444338 0.207072 0.368031 0.321329 0.429543 0.376272 0.418404 0.331091 0.377559 
0.288732 0.489596 0.386566 0.346773 0.364161 0.307017 0.203429 0.251506 0.404856 0.426546 0.284031 1.000000 0.324131 0.731271 0.335020 0.378352 0.261604 0.330935 0.560082 0.289751 0.332850 0.373568 0.402857 0.388219 0.426819 0.388969 0.244073 0.453926 0.390705 0.324118 0.368172 0.295043 0.355338 0.354744 0.483419 0.420331 0.338803 0.368795 0.272814 0.375425 0.341060 0.275689 0.361062 0.313529 0.304419 0.318298 0.463100 0.237253 0.330918 0.369687 0.472278 0.275383 0.394874 0.292971 0.397236 0.368404 0.403252 0.398318 0.318480 0.292649 0.423379 0.403036 0.373434 0.393594 0.364964 0.402551 
0.655091 0.447320 0.452646 0.640135 0.405663 0.241875 0.546916 0.691887 0.482785 0.632400 0.643042 0.324131 1.000000 0.346386 0.537638 0.455835 0.481927 0.386852 0.322843 0.333936 0.722456 0.482037 0.447626 0.467022 0.589343 0.250543 0.322446 0.428532 0.536860 0.611319 0.578597 0.371753 0.594318 0.536905 0.425259 0.425588 0.497670 0.414894 0.185422 0.568077 0.566610 0.424505 0.438896 0.389246 0.272831 0.509497 0.377159 0.395896 0.410634 0.540853 0.423244 0.201812 0.405878 0.455331 0.513814 0.420118 0.466413 0.477464 0.233497 0.406492 0.418933 0.479946 0.491066 0.532153 0.371231 0.499444 
0.293558 0.413706 0.372045 0.362921 0.329307 0.430157 0.191031 0.268384 0.318654 0.368458 0.279664 0.731271 0.346386 1.000000 0.333621 0.356792 0.232094 0.294078 0.340402 0.260699 0.353404 0.294424 0.360057 0.345924 0.369742 0.475220 0.249940 0.427468 0.316795 0.311831 0.356096 0.302975 0.329775 0.305322 0.380772 0.333986 0.323870 0.315359 0.424778 0.333027 0.333662 0.247127 0.325503 0.335869 0.321501 0.314484 0.663620 0.218682 0.284651 0.305675 0.426362 0.233705 0.323473 0.305383 0.338149 0.306228 0.348613 0.366058 0.484441 0.223674 0.360887 0.369907 0.303993 0.313344 0.265191 0.346233 
0.566911 0.389257 0.405347 0.446748 0.438034 0.296959 0.456559 0.486335 0.725015 0.454972 0.482945 0.335020 0.537638 0.333621 1.000000 0.437204 0.459238 0.369325 0.343282 0.330330 0.448306 0.425790 0.440763 0.459391 0.445425 0.279809 0.375721 0.385347 0.401526 0.649295 0.441171 0.527321 0.559544 0.363566 0.345107 0.379971 0.373384 0.356565 0.180332 0.367511 0.362847 0.298989 0.423392 0.282819 0.251866 0.405336 0.351720 0.271384 0.401555 0.318624 0.359634 0.178855 0.347445 0.338196 0.430808 0.418730 0.406157 0.421793 0.289866 0.360609 0.338953 0.400663 0.361560 0.396078 0.294852 0.388261 
0.527625 0.565169 0.622235 0.571221 0.446794 0.327637 0.414298 0.586332 0.449996 0.645619 0.429329 0.378352 0.455835 0.356792 0.437204 1.000000 0.443218 0.542214 0.384884 0.435217 0.515829 0.520749 0.911496 0.836118 0.609824 0.301873 0.407012 0.534617 0.589958 0.488999 0.653452 0.424871 0.542708 0.477593 0.596612 0.657649 0.567571 0.546758 0.201099 0.545845 0.571642 0.402364 0.629961 0.426847 0.388417 0.527264 0.422044 0.314136 0.678956 0.460381 0.534764 0.368160 0.581655 0.524140 0.611159 0.707821 0.577366 0.648937 0.270035 0.513016 0.574343 0.613395 0.480187 0.615445 0.494978 0.462201 
0.426689 0.411237 0.371998 0.440054 0.539913 0.210985 0.784338 0.404911 0.523738 0.483037 0.337845 0.261604 0.481927 0.232094 0.459238 0.443218 1.000000 0.346778 0.278771 0.256621 0.408252 0.351658 0.465315 0.419903 0.490863 0.244526 0.314810 0.412232 0.414670 0.482076 0.435124 0.523520 0.507252 0.473347 0.429617 0.431502 0.357952 0.362657 0.174266 0.477780 0.421454 0.401654 0.586979 0.300727 0.273689 0.489230 0.296804 0.393063 0.436084 0.484896 0.351029 0.222062 0.338782 0.320939 0.457220 0.487580 0.444472 0.519066 0.187574 0.400013 0.417025 0.451246 0.491969 0.458674 0.341320 0.544425 
0.405875 0.486773 0.436498 0.446287 0.392048 0.348422 0.325671 0.458294 0.386954 0.451440 0.399441 0.330935 0.386852 0.294078 0.369325 0.542214 0.346778 1.000000 0.359376 0.628906 0.426593 0.510908 0.571679 0.496308 0.430675 0.286656 0.266564 0.475862 0.432215 0.374300 0.501966 0.343563 0.453939 0.378958 0.542663 0.468366 0.415391 0.449692 0.266141 0.458710 0.408025 0.366289 0.463479 0.356401 0.355620 0.480594 0.407764 0.299927 0.498243 0.366634 0.409637 0.245732 0.417515 0.370060 0.463162 0.561035 0.477990 0.444893 0.387132 0.393446 0.519284 0.409057 0.426635 0.439775 0.437598 0.435370 
0.324394 0.414664 0.358940 0.364969 0.329191 0.181812 0.258445 0.294557 0.360406 0.366510 0.285518 0.560082 0.322843 0.340402 0.343282 0.384884 0.278771 0.359376 1.000000 0.594501 0.345844 0.297909 0.388722 0.360293 0.397837 0.233413 0.243702 0.409693 0.398906 0.314259 0.326689 0.236867 0.301428 0.335169 0.432014 0.365468 0.317889 0.307742 0.170578 0.338219 0.315173 0.301208 0.380171 0.263481 0.397285 0.338549 0.397579 0.219814 0.317239 0.250322 0.382137 0.306157 0.404370 0.291411 0.404144 0.363012 0.359325 0.400789 0.273792 0.361604 0.386499 0.394201 0.333208 0.398927 0.292058 0.314177 
0.433106 0.400302 0.328858 0.360802 0.354302 0.217076 0.237687 0.411707 0.319427 0.347876 0.321660 0.289751 0.333936 0.260699 0.330330 0.435217 0.256621 0.628906 0.594501 1.000000 0.366126 0.336594 0.423224 0.387900 0.346230 0.197813 0.349661 0.408037 0.332654 0.357970 0.429752 0.283185 0.332641 0.300343 0.470369 0.395651 0.342559 0.343987 0.192664 0.335216 0.348014 0.309769 0.375004 0.274547 0.356724 0.396920 0.377421 0.217029 0.388917 0.253440 0.328583 0.205540 0.378114 0.288596 0.412309 0.415083 0.373425 0.392516 0.333818 0.415168 0.460293 0.370069 0.314376 0.368853 0.332008 0.310521 
0.502739 0.461872 0.400918 0.913575 0.396853 0.305378 0.375159 0.612433 0.451072 0.675914 0.560255 0.332850 0.722456 0.353404 0.448306 0.515829 0.408252 0.426593 0.345844 0.366126 1.000000 0.450054 0.506499 0.469947 0.721476 0.295983 0.317149 0.440088 0.660249 0.503108 0.552132 0.295915 0.507698 0.475148 0.504120 0.473888 0.668452 0.465133 0.223928 0.590889 0.591613 0.425888 0.601237 0.492531 0.345939 0.548843 0.421041 0.349076 0.485602 0.461959 0.446658 0.312502 0.469907 0.581735 0.551036 0.499928 0.489246 0.634023 0.288650 0.475080 0.490421 0.610149 0.443671 0.533995 0.402508 0.433376 
0.472560 0.477733 0.507430 0.444991 0.408502 0.372665 0.367506 0.512995 0.463917 0.517914 0.419674 0.373568 0.482037 0.294424 0.425790 0.520749 0.351658 0.510908 0.297909 0.336594 0.450054 1.000000 0.533643 0.712130 0.466387 0.362443 0.532963 0.466257 0.518655 0.505654 0.673390 0.411020 0.609002 0.397666 0.479491 0.475862 0.418604 0.468806 0.249553 0.424967 0.454121 0.353188 0.427808 0.310048 0.272434 0.456920 0.331102 0.272165 0.473790 0.412350 0.473027 0.290062 0.458302 0.379719 0.511284 0.493118 0.512345 0.443247 0.264815 0.350839 0.445928 0.432924 0.422673 0.494127 0.433123 0.428346 
0.504772 0.629090 0.655160 0.566747 0.484567 0.372215 0.442820 0.556595 0.466734 0.663270 0.433795 0.402857 0.447626 0.360057 0.440763 0.911496 0.465315 0.571679 0.388722 0.423224 0.506499 0.533643 1.000000 0.766054 0.597803 0.342305 0.372964 0.556735 0.580034 0.476217 0.636704 0.471024 0.540422 0.479483 0.622139 0.648532 0.531389 0.600093 0.217705 0.535967 0.557237 0.396135 0.658616 0.429376 0.397763 0.533846 0.419404 0.297934 0.732375 0.477119 0.561157 0.351392 0.573954 0.490666 0.597496 0.842450 0.567739 0.645114 0.297976 0.492168 0.592787 0.571169 0.503916 0.605529 0.541859 0.475809 
0.486957 0.522449 0.683267 0.503030 0.449352 0.361441 0.414410 0.544844 0.483961 0.596854 0.394814 0.388219 0.467022 0.345924 0.459391 0.836118 0.419903 0.496308 0.360293 0.387900 0.469947 0.712130 0.766054 1.000000 0.564696 0.307982 0.464249 0.506251 0.561429 0.465125 0.666786 0.476600 0.531646 0.452244 0.556452 0.610953 0.508285 0.479455 0.216228 0.490120 0.531217 0.363511 0.550830 0.365011 0.314736 0.486275 0.370381 0.296148 0.579691 0.431775 0.504588 0.342086 0.528764 0.488456 0.605122 0.584228 0.581168 0.567075 0.252220 0.489924 0.537111 0.543842 0.464485 0.569116 0.439717 0.461511 
0.498779 0.561678 0.496017 0.802362 0.432652 0.295224 0.442909 0.559867 0.493293 0.931221 0.506037 0.426819 0.589343 0.369742 0.445425 0.609824 0.490863 0.430675 0.397837 0.346230 0.721476 0.466387 0.597803 0.564696 1.000000 0.265853 0.365282 0.532855 0.880172 0.530146 0.594965 0.344673 0.564739 0.505085 0.582852 0.560507 0.633749 0.491493 0.210742 0.543447 0.552753 0.436956 0.734136 0.452035 0.332648 0.536062 0.414769 0.377886 0.552687 0.575068 0.511314 0.355359 0.518957 0.567881 0.561631 0.554782 0.548901 0.787262 0.211021 0.448297 0.549595 0.711588 0.494194 0.580011 0.448811 0.478333 
0.273468 0.502256 0.265972 0.280989 0.350601 0.674624 0.199184 0.268607 0.314190 0.273780 0.157283 0.388969 0.250543 0.475220 0.279809 0.301873 0.244526 0.286656 0.233413 0.197813 0.295983 0.362443 0.342305 0.307982 0.265853 1.000000 0.450463 0.531254 0.286380 0.348026 0.317527 0.299993 0.384346 0.226856 0.370517 0.268151 0.270180 0.355030 0.469005 0.250724 0.322938 0.189451 0.312189 0.236153 0.273280 0.330795 0.345392 0.160526 0.293496 0.246215 0.428809 0.305970 0.300670 0.244303 0.332040 0.332867 0.379109 0.305554 0.599814 0.261271 0.359023 0.279839 0.213658 0.266221 0.318009 0.249435 
0.392707 0.492435 0.367969 0.324020 0.381436 0.398117 0.263603 0.391464 0.361059 0.374400 0.278436 0.244073 0.322446 0.249940 0.375721 0.407012 0.314810 0.266564 0.243702 0.349661 0.317149 0.532963 0.372964 0.464249 0.365282 0.450463 1.000000 0.561106 0.380113 0.427296 0.484695 0.344684 0.482058 0.314531 0.409287 0.395461 0.347178 0.325135 0.246056 0.276433 0.367258 0.239455 0.362200 0.220373 0.218053 0.359413 0.254727 0.223691 0.336254 0.235919 0.419184 0.260500 0.383206 0.313885 0.396544 0.336720 0.367654 0.384371 0.151422 0.282378 0.390507 0.380425 0.279221 0.366825 0.294205 0.300608 
0.456743 0.894875 0.519133 0.461836 0.459841 0.423913 0.349546 0.444104 0.415399 0.511158 0.318140 0.453926 0.428532 0.427468 0.385347 0.534617 0.412232 0.475862 0.409693 0.408037 0.440088 0.466257 0.556735 0.506251 0.532855 0.531254 0.561106 1.000000 0.521797 0.466604 0.528032 0.380565 0.508065 0.411373 0.728906 0.526722 0.423521 0.435237 0.300359 0.413106 0.426006 0.296181 0.525733 0.332985 0.370056 0.447172 0.429389 0.281823 0.529311 0.389882 0.569360 0.410586 0.505865 0.385567 0.520047 0.547124 0.560152 0.543861 0.319595 0.419687 0.665412 0.536560 0.444411 0.514797 0.412918 0.442733 
0.477644 0.547636 0.507458 0.721023 0.408815 0.315573 0.383471 0.576339 0.452833 0.824333 0.500313 0.390705 0.536860 0.316795 0.401526 0.589958 0.414670 0.432215 0.398906 0.332654 0.660249 0.518655 0.580034 0.561429 0.880172 0.286380 0.380113 0.521797 1.000000 0.516697 0.590005 0.329946 0.554401 0.480981 0.550809 0.521914 0.560012 0.459099 0.202425 0.499481 0.544454 0.363218 0.627401 0.415512 0.298794 0.504221 0.372393 0.318069 0.522989 0.486035 0.508038 0.352634 0.508392 0.513530 0.555033 0.530150 0.533278 0.657357 0.197406 0.426932 0.525877 0.624953 0.465790 0.580325 0.417667 0.438540 
0.862143 0.487475 0.463394 0.511537 0.431902 0.284104 0.463805 0.648752 0.501201 0.549736 0.484651 0.324118 0.611319 0.311831 0.649295 0.488999 0.482076 0.374300 0.314259 0.357970 0.503108 0.505654 0.476217 0.465125 0.530146 0.348026 0.427296 0.466604 0.516697 1.000000 0.719890 0.426436 0.923563 0.463232 0.461597 0.456078 0.389602 0.390435 0.180429 0.448944 0.487873 0.334404 0.468855 0.356706 0.279172 0.483871 0.386700 0.328755 0.502920 0.476841 0.382503 0.247286 0.337003 0.354292 0.499482 0.492820 0.505064 0.476781 0.288076 0.379387 0.424129 0.490111 0.475267 0.503326 0.334039 0.502224 
0.767090 0.564898 0.620757 0.598613 0.482770 0.335060 0.456874 0.734884 0.461842 0.632485 0.490781 0.368172 0.578597 0.356096 0.441171 0.653452 0.435124 0.501966 0.326689 0.429752 0.552132 0.673390 0.636704 0.666786 0.594965 0.317527 0.484695 0.528032 0.590005 0.719890 1.000000 0.450937 0.748649 0.505051 0.567604 0.605268 0.548916 0.490305 0.244057 0.516946 0.589188 0.353788 0.591316 0.456660 0.319330 0.537379 0.398601 0.301092 0.636944 0.506441 0.524541 0.314362 0.500908 0.479358 0.594058 0.608592 0.570863 0.617728 0.281241 0.459494 0.528513 0.619195 0.509763 0.613329 0.445412 0.502828 
0.419533 0.377780 0.533037 0.322134 0.648294 0.387111 0.470305 0.422044 0.599769 0.353953 0.283283 0.295043 0.371753 0.302975 0.527321 0.424871 0.523520 0.343563 0.236867 0.283185 0.295915 0.411020 0.471024 0.476600 0.344673 0.299993 0.344684 0.380565 0.329946 0.426436 0.450937 1.000000 0.426250 0.304412 0.369113 0.406920 0.296345 0.267815 0.211894 0.295949 0.292091 0.204420 0.439541 0.245557 0.198725 0.340530 0.294627 0.151065 0.400451 0.241735 0.370179 0.197993 0.357850 0.279519 0.439872 0.441265 0.428958 0.411084 0.269228 0.314365 0.349106 0.376809 0.308288 0.420620 0.227099 0.326769 
0.746578 0.541919 0.517721 0.532770 0.431511 0.337401 0.461062 0.603560 0.477625 0.596058 0.468854 0.355338 0.594318 0.329775 0.559544 0.542708 0.507252 0.453939 0.301428 0.332641 0.507698 0.609002 0.540422 0.531646 0.564739 0.384346 0.482058 0.508065 0.554401 0.923563 0.748649 0.426250 1.000000 0.488201 0.527769 0.514340 0.430063 0.438655 0.208046 0.490771 0.517153 0.353027 0.521343 0.384970 0.291805 0.529273 0.405516 0.342388 0.545650 0.549081 0.432575 0.265716 0.361890 0.390393 0.540958 0.549360 0.546399 0.520344 0.296047 0.388075 0.485893 0.520198 0.510870 0.552042 0.394213 0.555012 
0.453982 0.448020 0.465386 0.478426 0.381773 0.252278 0.396594 0.437548 0.398659 0.524957 0.414322 0.354744 0.536905 0.305322 0.363566 0.477593 0.473347 0.378958 0.335169 0.300343 0.475148 0.397666 0.479483 0.452244 0.505085 0.226856 0.314531 0.411373 0.480981 0.463232 0.505051 0.304412 0.488201 1.000000 0.493845 0.535201 0.472018 0.472676 0.164523 0.639418 0.718013 0.565992 0.541422 0.437388 0.326226 0.586142 0.340748 0.690195 0.443932 0.498234 0.482844 0.301756 0.490509 0.458978 0.621390 0.475122 0.509918 0.529750 0.216901 0.470860 0.460948 0.528637 0.896109 0.755259 0.471034 0.807069 
0.470943 0.811509 0.546250 0.522334 0.459181 0.363578 0.336500 0.476279 0.395067 0.567066 0.323713 0.483419 0.425259 0.380772 0.345107 0.596612 0.429617 0.542663 0.432014 0.470369 0.504120 0.479491 0.622139 0.556452 0.582852 0.370517 0.409287 0.728906 0.550809 0.461597 0.567604 0.369113 0.527769 0.493845 1.000000 0.698010 0.489846 0.501664 0.251186 0.508017 0.522773 0.397535 0.584724 0.379274 0.403331 0.514285 0.439570 0.369046 0.553365 0.480212 0.549736 0.437771 0.554907 0.445404 0.591206 0.627885 0.552006 0.613823 0.341817 0.503910 0.908403 0.607440 0.553171 0.578842 0.492873 0.553927 
0.451796 0.559416 0.627988 0.504968 0.417367 0.276626 0.360308 0.521167 0.452098 0.559023 0.341805 0.420331 0.425588 0.333986 0.379971 0.657649 0.431502 0.468366 0.365468 0.395651 0.473888 0.475862 0.648532 0.610953 0.560507 0.268151 0.395461 0.526722 0.521914 0.456078 0.605268 0.406920 0.514340 0.535201 0.698010 1.000000 0.483412 0.512154 0.135727 0.490608 0.524642 0.400803 0.619512 0.426681 0.362282 0.479973 0.397421 0.341274 0.642361 0.430037 0.562058 0.349285 0.589941 0.451234 0.637036 0.667489 0.613060 0.633823 0.226149 0.525752 0.680131 0.614635 0.551055 0.646318 0.507877 0.544537 
0.402617 0.446812 0.429008 0.683910 0.369479 0.269180 0.304179 0.482407 0.421653 0.599590 0.449340 0.338803 0.497670 0.323870 0.373384 0.567571 0.357952 0.415391 0.317889 0.342559 0.668452 0.418604 0.531389 0.508285 0.633749 0.270180 0.347178 0.423521 0.560012 0.389602 0.548916 0.296345 0.430063 0.472018 0.489846 0.483412 1.000000 0.453843 0.183296 0.589363 0.629961 0.424003 0.636808 0.540291 0.390325 0.655615 0.422765 0.344706 0.462525 0.428483 0.461878 0.370682 0.503370 0.911817 0.534865 0.468505 0.487384 0.738456 0.251721 0.454930 0.447874 0.721062 0.426360 0.489710 0.420716 0.426298 
0.406242 0.510622 0.434546 0.479569 0.381716 0.345974 0.347959 0.406441 0.389621 0.554341 0.361852 0.368795 0.414894 0.315359 0.356565 0.546758 0.362657 0.449692 0.307742 0.343987 0.465133 0.468806 0.600093 0.479455 0.491493 0.355030 0.325135 0.435237 0.459099 0.390435 0.490305 0.267815 0.438655 0.472676 0.501664 0.512154 0.453843 1.000000 0.283145 0.522786 0.514551 0.598391 0.544399 0.424932 0.459393 0.502760 0.415786 0.411233 0.531237 0.586384 0.505158 0.416882 0.526968 0.432245 0.507659 0.598700 0.516354 0.524608 0.345716 0.422169 0.469479 0.471877 0.479928 0.468880 0.864579 0.469721 
0.160331 0.266172 0.158569 0.184649 0.301850 0.642040 0.134055 0.150153 0.240369 0.226698 0.156359 0.272814 0.185422 0.424778 0.180332 0.201099 0.174266 0.266141 0.170578 0.192664 0.223928 0.249553 0.217705 0.216228 0.210742 0.469005 0.246056 0.300359 0.202425 0.180429 0.244057 0.211894 0.208046 0.164523 0.251186 0.135727 0.183296 0.283145 1.000000 0.265586 0.187585 0.236456 0.225800 0.220074 0.275511 0.246968 0.409207 0.205440 0.122940 0.225640 0.357473 0.259607 0.293170 0.169340 0.248852 0.184385 0.270670 0.205654 0.532212 0.232548 0.268333 0.203708 0.201117 0.138230 0.317942 0.233287 
0.468516 0.461607 0.404841 0.575041 0.397357 0.248312 0.442184 0.493338 0.384451 0.574466 0.474352 0.375425 0.568077 0.333027 0.367511 0.545845 0.477780 0.458710 0.338219 0.335216 0.590889 0.424967 0.535967 0.490120 0.543447 0.250724 0.276433 0.413106 0.499481 0.448944 0.516946 0.295949 0.490771 0.639418 0.508017 0.490608 0.589363 0.522786 0.265586 1.000000 0.647819 0.650290 0.558377 0.523296 0.344266 0.687833 0.383030 0.563271 0.445019 0.645413 0.503605 0.352910 0.512614 0.549243 0.584504 0.489187 0.513142 0.556250 0.254395 0.465368 0.472489 0.544375 0.596454 0.582321 0.534121 0.619507 
0.488710 0.479195 0.481247 0.615081 0.395205 0.315259 0.362812 0.581199 0.390225 0.568730 0.487795 0.341060 0.566610 0.333662 0.362847 0.571642 0.421454 0.408025 0.315173 0.348014 0.591613 0.454121 0.557237 0.531217 0.552753 0.322938 0.367258 0.426006 0.544454 0.487873 0.589188 0.292091 0.517153 0.718013 0.522773 0.524642 0.629961 0.514551 0.187585 0.647819 1.000000 0.472590 0.642282 0.581461 0.357495 0.693844 0.382194 0.469856 0.450752 0.500774 0.478540 0.349293 0.494298 0.566701 0.568008 0.497890 0.491236 0.651587 0.271462 0.468000 0.484087 0.620513 0.625269 0.637185 0.483022 0.599132 
0.355540 0.337962 0.270814 0.407397 0.343568 0.224532 0.359834 0.312969 0.338920 0.466112 0.336043 0.275689 0.424505 0.247127 0.298989 0.402364 0.401654 0.366289 0.301208 0.309769 0.425888 0.353188 0.396135 0.363511 0.436956 0.189451 0.239455 0.296181 0.363218 0.334404 0.353788 0.204420 0.353027 0.565992 0.397535 0.400803 0.424003 0.598391 0.236456 0.650290 0.472590 1.000000 0.434523 0.424867 0.419636 0.497685 0.392501 0.777535 0.352466 0.496364 0.408617 0.312574 0.420955 0.396770 0.413826 0.392185 0.405841 0.439527 0.258871 0.341950 0.378984 0.413348 0.552556 0.396000 0.615861 0.543723 
0.442700 0.537665 0.552548 0.659215 0.480054 0.348804 0.443553 0.521211 0.490785 0.703514 0.438267 0.361062 0.438896 0.325503 0.423392 0.629961 0.586979 0.463479 0.380171 0.375004 0.601237 0.427808 0.658616 0.550830 0.734136 0.312189 0.362200 0.525733 0.627401 0.468855 0.591316 0.439541 0.521343 0.541422 0.584724 0.619512 0.636808 0.544399 0.225800 0.558377 0.642282 0.434523 1.000000 0.515207 0.394221 0.649285 0.416587 0.364435 0.642024 0.471536 0.495799 0.403773 0.523754 0.572331 0.631425 0.686885 0.624114 0.934039 0.271580 0.532993 0.554401 0.807384 0.549112 0.613577 0.479652 0.544819 
0.328612 0.342830 0.351784 0.505016 0.320915 0.260064 0.270557 0.400772 0.353314 0.481995 0.417315 0.313529 0.389246 0.335869 0.282819 0.426847 0.300727 0.356401 0.263481 0.274547 0.492531 0.310048 0.429376 0.365011 0.452035 0.236153 0.220373 0.332985 0.415512 0.356706 0.456660 0.245557 0.384970 0.437388 0.379274 0.426681 0.540291 0.424932 0.220074 0.523296 0.581461 0.424867 0.515207 1.000000 0.346690 0.571363 0.388540 0.364463 0.357873 0.505565 0.350338 0.304212 0.349218 0.536553 0.394144 0.374238 0.382097 0.543911 0.246073 0.290301 0.347348 0.478982 0.428426 0.388589 0.369357 0.423882 
0.293699 0.404918 0.318438 0.334450 0.293326 0.257383 0.224289 0.281987 0.296070 0.351244 0.298314 0.304419 0.272831 0.321501 0.251866 0.388417 0.273689 0.355620 0.397285 0.356724 0.345939 0.272434 0.397763 0.314736 0.332648 0.273280 0.218053 0.370056 0.298794 0.279172 0.319330 0.198725 0.291805 0.326226 0.403331 0.362282 0.390325 0.459393 0.275511 0.344266 0.357495 0.419636 0.394221 0.346690 1.000000 0.348740 0.769021 0.235692 0.363021 0.292979 0.382280 0.606906 0.458784 0.351251 0.415664 0.394539 0.403184 0.395898 0.500896 0.365034 0.369929 0.398497 0.339801 0.351653 0.404764 0.303022 
0.460461 0.476054 0.422600 0.547789 0.403919 0.333074 0.414201 0.456347 0.415491 0.539333 0.444018 0.318298 0.509497 0.314484 0.405336 0.527264 0.489230 0.480594 0.338549 0.396920 0.548843 0.456920 0.533846 0.486275 0.536062 0.330795 0.359413 0.447172 0.504221 0.483871 0.537379 0.340530 0.529273 0.586142 0.514285 0.479973 0.655615 0.502760 0.246968 0.687833 0.693844 0.497685 0.649285 0.571363 0.348740 1.000000 0.385433 0.486727 0.470234 0.475066 0.491738 0.344965 0.494898 0.640259 0.589221 0.518808 0.542075 0.640523 0.262021 0.452992 0.478835 0.606458 0.578590 0.575954 0.479294 0.622766 
0.376884 0.432700 0.403028 0.417808 0.332840 0.371705 0.252255 0.363816 0.335992 0.420967 0.366645 0.463100 0.377159 0.663620 0.351720 0.422044 0.296804 0.407764 0.397579 0.377421 0.421041 0.331102 0.419404 0.370381 0.414769 0.345392 0.254727 0.429389 0.372393 0.386700 0.398601 0.294627 0.405516 0.340748 0.439570 0.397421 0.422765 0.415786 0.409207 0.383030 0.382194 0.392501 0.416587 0.388540 0.769021 0.385433 1.000000 0.272783 0.363935 0.339427 0.362228 0.392955 0.340202 0.391684 0.412949 0.396118 0.398475 0.441775 0.620400 0.337541 0.383534 0.452037 0.364101 0.371282 0.381897 0.362009 
0.317141 0.317077 0.247855 0.330963 0.301583 0.200499 0.308141 0.248519 0.279011 0.392996 0.313579 0.237253 0.395896 0.218682 0.271384 0.314136 0.393063 0.299927 0.219814 0.217029 0.349076 0.272165 0.297934 0.296148 0.377886 0.160526 0.223691 0.281823 0.318069 0.328755 0.301092 0.151065 0.342388 0.690195 0.369046 0.341274 0.344706 0.411233 0.205440 0.563271 0.469856 0.777535 0.364435 0.364463 0.235692 0.486727 0.272783 1.000000 0.270052 0.477346 0.336480 0.245720 0.312463 0.328532 0.321854 0.299407 0.306422 0.364426 0.201061 0.258741 0.360001 0.356524 0.672042 0.357273 0.490673 0.663092 
0.510982 0.556341 0.573169 0.531397 0.390845 0.275817 0.422088 0.502963 0.423724 0.566089 0.371928 0.330918 0.410634 0.284651 0.401555 0.678956 0.436084 0.498243 0.317239 0.388917 0.485602 0.473790 0.732375 0.579691 0.552687 0.293496 0.336254 0.529311 0.522989 0.502920 0.636944 0.400451 0.545650 0.443932 0.553365 0.642361 0.462525 0.531237 0.122940 0.445019 0.450752 0.352466 0.642024 0.357873 0.363021 0.470234 0.363935 0.270052 1.000000 0.390922 0.479272 0.334602 0.485084 0.437999 0.598439 0.903072 0.721222 0.601337 0.240933 0.473887 0.567877 0.560856 0.485342 0.587422 0.456802 0.451372 
0.434254 0.439954 0.376957 0.479307 0.317439 0.225939 0.454445 0.404984 0.349832 0.674722 0.345871 0.369687 0.540853 0.305675 0.318624 0.460381 0.484896 0.366634 0.250322 0.253440 0.461959 0.412350 0.477119 0.431775 0.575068 0.246215 0.235919 0.389882 0.486035 0.476841 0.506441 0.241735 0.549081 0.498234 0.480212 0.430037 0.428483 0.586384 0.225640 0.645413 0.500774 0.496364 0.471536 0.505565 0.292979 0.475066 0.339427 0.477346 0.390922 1.000000 0.418920 0.357279 0.394362 0.433781 0.434200 0.413106 0.413200 0.505496 0.226410 0.338105 0.432121 0.458437 0.524514 0.431178 0.552981 0.554008 
0.426054 0.596851 0.517317 0.463472 0.452054 0.407656 0.285142 0.450098 0.420922 0.532094 0.339658 0.472278 0.423244 0.426362 0.359634 0.534764 0.351029 0.409637 0.382137 0.328583 0.446658 0.473027 0.561157 0.504588 0.511314 0.428809 0.419184 0.569360 0.508038 0.382503 0.524541 0.370179 0.432575 0.482844 0.549736 0.562058 0.461878 0.505158 0.357473 0.503605 0.478540 0.408617 0.495799 0.350338 0.382280 0.491738 0.362228 0.336480 0.479272 0.418920 1.000000 0.404486 0.783866 0.429173 0.596017 0.526782 0.613278 0.496433 0.265165 0.467431 0.557040 0.479654 0.477692 0.581793 0.488691 0.468996 
0.266394 0.414188 0.313002 0.320716 0.281691 0.292710 0.205466 0.237557 0.252393 0.351416 0.184856 0.275383 0.201812 0.233705 0.178855 0.368160 0.222062 0.245732 0.306157 0.205540 0.312502 0.290062 0.351392 0.342086 0.355359 0.305970 0.260500 0.410586 0.352634 0.247286 0.314362 0.197993 0.265716 0.301756 0.437771 0.349285 0.370682 0.416882 0.259607 0.352910 0.349293 0.312574 0.403773 0.304212 0.606906 0.344965 0.392955 0.245720 0.334602 0.357279 0.404486 1.000000 0.546173 0.341602 0.446399 0.350363 0.446712 0.414546 0.288052 0.343334 0.389120 0.405922 0.329215 0.341077 0.362488 0.331522 
0.412954 0.527934 0.481704 0.484464 0.420618 0.357573 0.306075 0.465210 0.401475 0.517378 0.339667 0.394874 0.405878 0.323473 0.347445 0.581655 0.338782 0.417515 0.404370 0.378114 0.469907 0.458302 0.573954 0.528764 0.518957 0.300670 0.383206 0.505865 0.508392 0.337003 0.500908 0.357850 0.361890 0.490509 0.554907 0.589941 0.503370 0.526968 0.293170 0.512614 0.494298 0.420955 0.523754 0.349218 0.458784 0.494898 0.340202 0.312463 0.485084 0.394362 0.783866 0.546173 1.000000 0.463395 0.627309 0.526680 0.557570 0.544771 0.245458 0.561456 0.542055 0.520499 0.493230 0.619399 0.504629 0.469654 
0.349524 0.404231 0.433799 0.567124 0.317040 0.234657 0.284010 0.411247 0.374551 0.551003 0.390236 0.292971 0.455331 0.305383 0.338196 0.524140 0.320939 0.370060 0.291411 0.288596 0.581735 0.379719 0.490666 0.488456 0.567881 0.244303 0.313885 0.385567 0.513530 0.354292 0.479358 0.279519 0.390393 0.458978 0.445404 0.451234 0.911817 0.432245 0.169340 0.549243 0.566701 0.396770 0.572331 0.536553 0.351251 0.640259 0.391684 0.328532 0.437999 0.433781 0.429173 0.341602 0.463395 1.000000 0.499984 0.425937 0.464452 0.668051 0.229828 0.428309 0.411641 0.656294 0.407171 0.460922 0.395853 0.391050 
0.519510 0.544073 0.567831 0.563357 0.432393 0.339354 0.397256 0.516331 0.455322 0.548684 0.402078 0.397236 0.513814 0.338149 0.430808 0.611159 0.457220 0.463162 0.404144 0.412309 0.551036 0.511284 0.597496 0.605122 0.561631 0.332040 0.396544 0.520047 0.555033 0.499482 0.594058 0.439872 0.540958 0.621390 0.591206 0.637036 0.534865 0.507659 0.248852 0.584504 0.568008 0.413826 0.631425 0.394144 0.415664 0.589221 0.412949 0.321854 0.598439 0.434200 0.596017 0.446399 0.627309 0.499984 1.000000 0.606963 0.821920 0.614768 0.269140 0.675599 0.573681 0.637067 0.688574 0.830496 0.465912 0.711700 
0.494580 0.611294 0.565319 0.548175 0.445148 0.339938 0.444658 0.504929 0.431208 0.587193 0.393285 0.368404 0.420118 0.306228 0.418730 0.707821 0.487580 0.561035 0.363012 0.415083 0.499928 0.493118 0.842450 0.584228 0.554782 0.332867 0.336720 0.547124 0.530150 0.492820 0.608592 0.441265 0.549360 0.475122 0.627885 0.667489 0.468505 0.598700 0.184385 0.489187 0.497890 0.392185 0.686885 0.374238 0.394539 0.518808 0.396118 0.299407 0.903072 0.413106 0.526782 0.350363 0.526680 0.425937 0.606963 1.000000 0.680721 0.608086 0.303072 0.494728 0.617058 0.531067 0.517712 0.585871 0.527170 0.492854 
0.510364 0.551584 0.544956 0.503754 0.401906 0.342062 0.395519 0.484210 0.421598 0.550824 0.385706 0.403252 0.466413 0.348613 0.406157 0.577366 0.444472 0.477990 0.359325 0.373425 0.489246 0.512345 0.567739 0.581168 0.548901 0.379109 0.367654 0.560152 0.533278 0.505064 0.570863 0.428958 0.546399 0.509918 0.552006 0.613060 0.487384 0.516354 0.270670 0.513142 0.491236 0.405841 0.624114 0.382097 0.403184 0.542075 0.398475 0.306422 0.721222 0.413200 0.613278 0.446712 0.557570 0.464452 0.821920 0.680721 1.000000 0.584969 0.277295 0.565872 0.536859 0.592171 0.584594 0.652740 0.463014 0.608507 
0.469247 0.556293 0.563368 0.697372 0.462775 0.330935 0.414048 0.540195 0.490365 0.736913 0.444338 0.398318 0.477464 0.366058 0.421793 0.648937 0.519066 0.444893 0.400789 0.392516 0.634023 0.443247 0.645114 0.567075 0.787262 0.305554 0.384371 0.543861 0.657357 0.476781 0.617728 0.411084 0.520344 0.529750 0.613823 0.633823 0.738456 0.524608 0.205654 0.556250 0.651587 0.439527 0.934039 0.543911 0.395898 0.640523 0.441775 0.364426 0.601337 0.505496 0.496433 0.414546 0.544771 0.668051 0.614768 0.608086 0.584969 1.000000 0.266328 0.535563 0.577046 0.907088 0.531564 0.609513 0.479006 0.511471 
0.258393 0.314937 0.222895 0.264688 0.332421 0.533024 0.144732 0.242335 0.300438 0.227420 0.207072 0.318480 0.233497 0.484441 0.289866 0.270035 0.187574 0.387132 0.273792 0.333818 0.288650 0.264815 0.297976 0.252220 0.211021 0.599814 0.151422 0.319595 0.197406 0.288076 0.281241 0.269228 0.296047 0.216901 0.341817 0.226149 0.251721 0.345716 0.532212 0.254395 0.271462 0.258871 0.271580 0.246073 0.500896 0.262021 0.620400 0.201061 0.240933 0.226410 0.265165 0.288052 0.245458 0.229828 0.269140 0.303072 0.277295 0.266328 1.000000 0.331696 0.359258 0.236583 0.213592 0.195222 0.343596 0.226523 
0.408414 0.417044 0.406312 0.488378 0.380144 0.278617 0.303338 0.443866 0.354774 0.422776 0.368031 0.292649 0.406492 0.223674 0.360609 0.513016 0.400013 0.393446 0.361604 0.415168 0.475080 0.350839 0.492168 0.489924 0.448297 0.261271 0.282378 0.419687 0.426932 0.379387 0.459494 0.314365 0.388075 0.470860 0.503910 0.525752 0.454930 0.422169 0.232548 0.465368 0.468000 0.341950 0.532993 0.290301 0.365034 0.452992 0.337541 0.258741 0.473887 0.338105 0.467431 0.343334 0.561456 0.428309 0.675599 0.494728 0.565872 0.535563 0.331696 1.000000 0.533388 0.523773 0.499619 0.628556 0.451820 0.464190 
0.436934 0.715847 0.538253 0.503443 0.439811 0.365714 0.330550 0.456759 0.380172 0.532959 0.321329 0.423379 0.418933 0.360887 0.338953 0.574343 0.417025 0.519284 0.386499 0.460293 0.490421 0.445928 0.592787 0.537111 0.549595 0.359023 0.390507 0.665412 0.525877 0.424129 0.528513 0.349106 0.485893 0.460948 0.908403 0.680131 0.447874 0.469479 0.268333 0.472489 0.484087 0.378984 0.554401 0.347348 0.369929 0.478835 0.383534 0.360001 0.567877 0.432121 0.557040 0.389120 0.542055 0.411641 0.573681 0.617058 0.536859 0.577046 0.359258 0.533388 1.000000 0.567381 0.514661 0.543448 0.449191 0.507899 
0.496238 0.550445 0.551568 0.650581 0.433104 0.296340 0.353542 0.503628 0.463731 0.669459 0.429543 0.403036 0.479946 0.369907 0.400663 0.613395 0.451246 0.409057 0.394201 0.370069 0.610149 0.432924 0.571169 0.543842 0.711588 0.279839 0.380425 0.536560 0.624953 0.490111 0.619195 0.376809 0.520198 0.528637 0.607440 0.614635 0.721062 0.471877 0.203708 0.544375 0.620513 0.413348 0.807384 0.478982 0.398497 0.606458 0.452037 0.356524 0.560856 0.458437 0.479654 0.405922 0.520499 0.656294 0.637067 0.531067 0.592171 0.907088 0.236583 0.523773 0.567381 1.000000 0.535481 0.609612 0.451040 0.519529 
0.460596 0.477932 0.469460 0.445170 0.380979 0.262616 0.395843 0.404412 0.397227 0.525782 0.376272 0.373434 0.491066 0.303993 0.361560 0.480187 0.491969 0.426635 0.333208 0.314376 0.443671 0.422673 0.503916 0.464485 0.494194 0.213658 0.279221 0.444411 0.465790 0.475267 0.509763 0.308288 0.510870 0.896109 0.553171 0.551055 0.426360 0.479928 0.201117 0.596454 0.625269 0.552556 0.549112 0.428426 0.339801 0.578590 0.364101 0.672042 0.485342 0.524514 0.477692 0.329215 0.493230 0.407171 0.688574 0.517712 0.584594 0.531564 0.213592 0.499619 0.514661 0.535481 1.000000 0.781854 0.477961 0.929656 
0.516525 0.536353 0.584243 0.563517 0.433925 0.284782 0.404252 0.548439 0.448528 0.576205 0.418404 0.393594 0.532153 0.313344 0.396078 0.615445 0.458674 0.439775 0.398927 0.368853 0.533995 0.494127 0.605529 0.569116 0.580011 0.266221 0.366825 0.514797 0.580325 0.503326 0.613329 0.420620 0.552042 0.755259 0.578842 0.646318 0.489710 0.468880 0.138230 0.582321 0.637185 0.396000 0.613577 0.388589 0.351653 0.575954 0.371282 0.357273 0.587422 0.431178 0.581793 0.341077 0.619399 0.460922 0.830496 0.585871 0.652740 0.609513 0.195222 0.628556 0.543448 0.609612 0.781854 1.000000 0.443056 0.719933 
0.365754 0.481317 0.394577 0.409200 0.378876 0.360204 0.301424 0.363056 0.351501 0.495661 0.331091 0.364964 0.371231 0.265191 0.294852 0.494978 0.341320 0.437598 0.292058 0.332008 0.402508 0.433123 0.541859 0.439717 0.448811 0.318009 0.294205 0.412918 0.417667 0.334039 0.445412 0.227099 0.394213 0.471034 0.492873 0.507877 0.420716 0.864579 0.317942 0.534121 0.483022 0.615861 0.479652 0.369357 0.404764 0.479294 0.381897 0.490673 0.456802 0.552981 0.488691 0.362488 0.504629 0.395853 0.465912 0.527170 0.463014 0.479006 0.343596 0.451820 0.449191 0.451040 0.477961 0.443056 1.000000 0.474175 
0.469728 0.487977 0.445767 0.441042 0.397222 0.268797 0.428143 0.404327 0.406121 0.508052 0.377559 0.402551 0.499444 0.346233 0.388261 0.462201 0.544425 0.435370 0.314177 0.310521 0.433376 0.428346 0.475809 0.461511 0.478333 0.249435 0.300608 0.442733 0.438540 0.502224 0.502828 0.326769 0.555012 0.807069 0.553927 0.544537 0.426298 0.469721 0.233287 0.619507 0.599132 0.543723 0.544819 0.423882 0.303022 0.622766 0.362009 0.663092 0.451372 0.554008 0.468996 0.331522 0.469654 0.391050 0.711700 0.492854 0.608507 0.511471 0.226523 0.464190 0.507899 0.519529 0.929656 0.719933 0.474175 1.000000 
