0.000000000000000000e+00 9.169152907730517346e-03 1.532357581343038802e-02 6.732376325778284543e-03 5.295302956934659980e-03 8.263171870850840803e-03 6.638654149549352845e-03 1.810400037488870545e-02 3.637982473953044887e-02 1.013761539542948169e-02 2.291507208797388326e-02 7.421234321060934946e-02 1.254315125197207059e-02 6.062262765741420478e-02 1.358971555319514598e-03 1.335541011262281544e-02 4.212811821490494713e-02 1.847888907980443224e-02 1.515175182367734527e-03 3.063153126415595409e-02 2.050953623143129262e-02 4.639247723332135497e-03 7.888283165935112279e-03 1.085615207985129484e-02 2.082194348552773508e-02 1.691685280932223381e-02 2.497695996501038754e-02 2.063449913306986822e-02 2.403973820272106710e-02 6.138802542995048725e-03 2.438338618222714999e-02 3.606741748543400988e-02 1.091863353067058263e-02 3.225604898545744031e-02 3.233415079898155266e-03 9.700245239694465366e-03 6.388728346272200785e-03 9.231634358549805144e-03 2.229025757978100181e-02 1.163717021509239405e-02 8.513097674127993730e-03 3.381808525593964221e-02 2.541433012074540213e-02 1.004389321920054999e-02 1.110607788312844603e-02 8.231931145441196904e-03 1.613583467408113287e-02 2.185288742404598722e-02 8.606819850356925428e-03 3.434917758790358849e-02 1.585466814539433777e-02 6.826098502007216240e-03 3.697339852231368990e-02 2.022836970274449753e-02 7.138505756103656966e-03 1.829144472734656884e-02 3.010043893219200434e-02 2.469579343632359245e-02 1.060622627657414191e-02 1.435511332573142368e-02 2.733563473343851146e-03 1.454255767818928707e-02 6.107561817585403958e-03 7.482153735609740723e-03 9.793967415923397063e-03 3.951951764319967114e-03 
9.169152907730517346e-03 0.000000000000000000e+00 4.465861697308611683e-02 1.929114794045517708e-02 1.344913228885174714e-02 5.076617879067151819e-03 3.702025961042815488e-03 2.116559146503381797e-02 4.264359018416407840e-03 2.285259063715459546e-02 1.329292866180352764e-02 2.707008856745653572e-02 5.545228760211812040e-03 1.744794514128618010e-02 2.425842328058857439e-02 5.109420640747278086e-02 1.526109436261110022e-02 7.950764616754401812e-03 1.913494431340695759e-02 1.900998141176838199e-02 1.804151892406941765e-02 8.419375497899062033e-03 4.359643230915821732e-02 2.157172089535918866e-02 2.279010918633530766e-02 4.670488448741779396e-03 8.731782751995501024e-03 2.841343976007123032e-02 4.031615614114559404e-02 1.038754119870663462e-02 1.298052140770708691e-02 1.757290804292475569e-02 3.592683422109061407e-04 2.566425592402255679e-02 2.079070276011809118e-02 4.856370764929161810e-02 3.000671675596307264e-02 1.922866648963588929e-02 1.188709601836954698e-02 1.557350161670753921e-02 5.779534200784141934e-04 1.522985363720145632e-02 3.756697230509692398e-02 4.732969899561068061e-03 3.447414048954216409e-02 3.616113966166294158e-02 8.138208969212265206e-03 2.110311001421453017e-02 4.670488448741779396e-03 2.421156219247410854e-03 4.031615614114559404e-02 1.516737218638216853e-02 3.575501023133757089e-02 5.763913838079320201e-03 2.925693934613161559e-02 4.139396116777831376e-03 3.733266686452459387e-03 1.441759477655071148e-02 1.796341711054530704e-03 1.866633343226229563e-02 2.966306877645698975e-02 2.956934660022805805e-02 7.076024305284368300e-03 1.213702182164669817e-02 4.951654977428576222e-03 1.109045752042362321e-03 
1.532357581343038802e-02 4.465861697308611683e-02 0.000000000000000000e+00 4.264359018416407840e-03 3.592683422109061407e-04 1.729174151423796060e-02 2.657023696090223333e-02 2.796044924163138944e-03 5.576469485621455939e-03 1.638576047735828406e-02 2.138427654290132526e-02 1.223074399787562987e-02 1.107483715771880213e-02 1.710429716178009721e-02 1.507365001015323509e-02 5.225011324762961207e-02 3.672347271903653870e-02 2.107186928880488627e-02 1.069994845280307361e-02 2.469579343632359245e-02 1.448007622736999928e-02 2.343054405723300835e-04 6.209094175166747498e-02 3.481778846904825392e-02 1.532357581343038802e-02 1.835392617816585664e-02 1.794779674784048595e-02 5.246879832549711936e-02 9.762726690513753164e-03 6.669894874958996744e-03 8.856745653634076620e-03 6.607413424139708946e-03 1.688561208391258991e-02 1.713553788718974111e-02 1.982224027241912684e-02 7.857042440525468380e-03 7.450913010200096824e-03 5.045377153657507920e-03 6.482450522501132482e-03 3.653602836657867531e-02 1.735422296505724840e-02 1.854137053062372004e-02 8.825504928224432721e-03 1.582342741998469041e-02 1.985348099782877074e-02 2.444586763304643778e-02 3.981630453459129165e-02 3.831674971492837756e-02 2.310251644043174665e-02 3.534888080101220020e-02 2.657023696090223333e-02 1.441759477655071148e-02 1.876005560849123080e-02 2.029085115356378533e-02 2.343054405723300835e-04 1.563598306752682701e-02 7.653977725362782385e-04 1.171527202861650553e-03 1.185585529295990308e-02 4.857932801199643658e-03 2.710132929286617962e-02 3.891032349771161858e-02 1.879129633390087470e-02 7.200987206922944764e-03 1.710429716178009721e-02 8.919227104453366153e-03 
6.732376325778284543e-03 1.929114794045517708e-02 4.264359018416407840e-03 0.000000000000000000e+00 1.591714959621362557e-02 9.012949280682297851e-03 1.921304612693106734e-03 3.452100157765663428e-03 1.491744638310501560e-02 9.700245239694465366e-03 8.887986379043722254e-03 1.776035239538261909e-02 3.514581608584951226e-03 8.075727518392977408e-03 1.391774316999640736e-02 6.607413424139708946e-03 9.356597260188380741e-03 5.139099329886439617e-03 2.671082022524562914e-03 4.045673940548899679e-03 3.591121385838579039e-02 1.171527202861650553e-03 5.920117465127540564e-03 7.076024305284368300e-03 6.170043268404692624e-03 6.107561817585403958e-03 7.482153735609740723e-03 2.507068214123931923e-02 5.014136428247864020e-03 6.826098502007216240e-03 2.858526374982427176e-03 1.966603664537090387e-02 1.263687342820100229e-02 1.588590887080398167e-02 2.608600571705275116e-03 2.921007825801714974e-03 1.782283384620191036e-02 7.107265030694013067e-03 1.827582436464174603e-03 2.327434043018478723e-03 1.426139114950249198e-02 6.107561817585403958e-03 3.280276168012621332e-04 1.827582436464174603e-03 3.264655805307799166e-03 6.763617051187928442e-03 6.388728346272200785e-03 1.154344803886346235e-02 1.608897358596666658e-03 2.858526374982427176e-03 1.419890969868320418e-02 1.285555850606851132e-02 1.851012980521407614e-02 3.983192489729611881e-03 2.291507208797388326e-02 1.091863353067058263e-02 1.182461456755025918e-02 1.796341711054530704e-03 1.938487011668410878e-02 1.660444555522579135e-02 1.048126337493556631e-02 3.951951764319967114e-03 2.403973820272106710e-02 7.888283165935112279e-03 7.700838813477248884e-03 2.316499789125103445e-02 
5.295302956934659980e-03 1.344913228885174714e-02 3.592683422109061407e-04 1.591714959621362557e-02 0.000000000000000000e+00 5.076617879067151819e-03 1.015323575813430407e-03 5.951358190537184463e-03 5.553038941564222841e-02 2.079070276011809118e-02 1.135600368640559896e-02 1.857261125603336394e-02 1.504240928474359119e-02 4.451803370874272102e-03 1.348037301426139103e-02 8.388134772489416399e-03 2.435214545681750609e-02 1.101235570689951433e-02 1.140286477452006437e-03 1.338665083803245934e-02 4.732969899561068061e-03 8.887986379043722254e-03 8.700542026585857125e-03 3.889470313500679316e-03 1.385526171917711956e-02 2.108748965150970996e-03 1.304300285852637471e-02 2.264952592199190925e-03 1.997844389946734633e-02 1.576094596916540261e-02 2.485199706337181194e-02 4.200315531326637153e-02 5.732673112669676302e-03 6.888579952826504905e-03 5.951358190537184463e-03 1.863509270685265173e-02 1.210578109623705427e-02 1.198081819459847867e-02 5.545228760211812040e-03 2.483637670066699086e-03 1.827582436464174603e-03 9.387837985598026375e-03 1.640138084006310558e-03 6.888579952826504905e-03 3.983192489729611881e-03 6.326246895452912120e-03 1.229322544869491940e-02 1.669816773145472305e-02 4.076914665958543578e-03 1.997844389946734633e-02 3.733266686452459387e-03 2.200909105109420671e-02 5.154719692591261783e-04 1.891625923553945030e-02 3.295896530717443065e-03 4.639247723332135497e-03 1.194957746918883477e-02 1.626079757571970846e-02 4.233118293006763941e-03 5.670191661850388504e-03 1.835392617816585664e-02 1.469876130523750830e-02 1.522985363720145632e-02 3.097517924366203698e-02 2.297755353879317106e-02 1.004389321920054999e-02 
8.263171870850840803e-03 5.076617879067151819e-03 1.729174151423796060e-02 9.012949280682297851e-03 5.076617879067151819e-03 0.000000000000000000e+00 2.507068214123931923e-02 1.676064918227401085e-02 2.671082022524562914e-03 1.682313063309330212e-02 6.576172698730064180e-03 9.137912182320873447e-03 3.592683422109061407e-04 1.897874068635873809e-02 2.935066152236055076e-02 9.887689592152330495e-03 5.451506583982880343e-03 2.522688576828753873e-02 2.778862525187834887e-02 2.094690638716631068e-02 7.419672284790452925e-03 2.619534825598650307e-02 1.285555850606851132e-02 1.716677861259938501e-02 7.138505756103656966e-03 5.826395288898607999e-03 1.416766897327355855e-02 5.795154563488964100e-03 7.966384979459223544e-04 1.710429716178009721e-02 2.678892203876974062e-02 4.900107780502663268e-02 1.410518752245427075e-02 3.702025961042815488e-03 4.842312438494821708e-04 1.358971555319514598e-03 3.077211452849935337e-03 6.201283993814336523e-03 1.332416938721317154e-02 5.420265858573236444e-03 1.921304612693106734e-03 3.108452178259579236e-03 8.481856948718349831e-03 2.202471141379902693e-03 1.016885612083912559e-02 1.419890969868320418e-02 1.085615207985129484e-02 1.985348099782877074e-02 2.528936721910682653e-02 5.420265858573236444e-03 7.857042440525468380e-03 7.732079538886892783e-03 4.732969899561068061e-03 6.716755963073462159e-04 3.478654774363861002e-02 2.038457332979271702e-02 2.744497727237226598e-02 1.379278026835783176e-02 1.885377778472016250e-02 2.444586763304643778e-02 2.608600571705275116e-03 1.298052140770708691e-02 4.234680329277246136e-02 3.553632515347006360e-02 5.482747309392524242e-03 3.484902919445789782e-02 
6.638654149549352845e-03 3.702025961042815488e-03 2.657023696090223333e-02 1.921304612693106734e-03 1.015323575813430407e-03 2.507068214123931923e-02 0.000000000000000000e+00 1.254315125197207059e-02 4.483044096283916001e-03 4.600196816570080449e-02 2.296193317608834824e-03 2.910073571908339610e-02 7.888283165935112279e-03 2.691388494040831622e-02 8.231931145441196904e-03 4.365891375997750512e-02 5.888876739717896665e-03 5.014136428247864020e-03 8.606819850356925428e-03 5.545228760211812040e-03 1.029381902247770118e-02 3.022540183383057993e-02 3.497399209609647341e-02 4.518970930505006312e-02 3.156875302644527453e-02 1.747918586669582400e-02 1.313672503475530641e-02 2.622658898139614697e-02 4.337774723129071003e-02 1.204329964541776647e-02 3.375560380512035441e-02 1.516737218638216853e-02 7.763320264296536682e-03 2.800731032974585616e-02 5.232821506115372182e-03 2.897577281744482050e-02 7.950764616754401812e-03 2.741373654696262208e-02 2.983489276621003206e-03 1.119980005935737773e-02 6.201283993814336523e-03 6.357487620862556019e-03 2.577359846295630783e-03 7.794560989706180582e-03 2.358674768428123056e-03 2.079070276011809118e-02 2.628907043221543477e-02 2.013464752651556583e-02 1.140286477452006437e-03 1.966603664537090387e-02 3.484902919445789782e-02 3.447414048954216409e-02 4.050360049360346437e-02 2.032209187897342922e-02 2.546119120885986884e-03 5.154719692591261783e-04 1.257439197738171449e-02 1.171527202861650553e-03 7.982005342164045711e-03 3.069401271497524189e-02 4.483044096283916001e-03 1.610459394867148897e-02 8.638060575766569327e-03 5.295302956934659980e-03 4.108155391368187477e-03 1.632327902653899626e-02 
1.810400037488870545e-02 2.116559146503381797e-02 2.796044924163138944e-03 3.452100157765663428e-03 5.951358190537184463e-03 1.676064918227401085e-02 1.254315125197207059e-02 0.000000000000000000e+00 5.513988034802168141e-03 2.785110670269763666e-02 3.592683422109061407e-04 6.419969071681844684e-03 1.448007622736999928e-02 7.388431559380809026e-03 1.110607788312844603e-02 3.481778846904825392e-02 1.572970524375575871e-02 4.108155391368187477e-03 2.171230415970258794e-03 1.608897358596666658e-03 4.014433215139255780e-03 1.838516690357550054e-02 1.288679923147815522e-02 1.860385198144300783e-02 3.577063059404239458e-03 3.035036473546915900e-02 2.010340680110592193e-02 9.387837985598026375e-03 1.672940845686436695e-02 3.233415079898155266e-03 1.491744638310501560e-02 1.088739280526093874e-02 4.795451350380355859e-03 2.741373654696262208e-02 1.682313063309330212e-02 3.889470313500679316e-03 9.793967415923397063e-03 3.597369530920507819e-02 1.304300285852637471e-02 1.088739280526093874e-02 4.197191458785672763e-02 1.451131695277964317e-02 6.263765444633624321e-03 2.435214545681750609e-02 2.066573985847951558e-02 9.231634358549805144e-03 1.123104078476702163e-02 2.343054405723300835e-04 2.603914462893828358e-02 2.366484949780534031e-02 2.766366235023977327e-02 1.735422296505724840e-02 2.007216607569627803e-02 9.450319436417314173e-03 9.637763788875177567e-03 2.260266483387744427e-02 5.857636014308251898e-03 1.551102016588825142e-02 7.107265030694013067e-03 2.944438369858948246e-02 1.279307705524922352e-02 1.572970524375575871e-02 9.825208141333040962e-03 7.076024305284368300e-03 3.728580577641012889e-02 4.483044096283916001e-03 
3.637982473953044887e-02 4.264359018416407840e-03 5.576469485621455939e-03 1.491744638310501560e-02 5.553038941564222841e-02 2.671082022524562914e-03 4.483044096283916001e-03 5.513988034802168141e-03 0.000000000000000000e+00 3.452100157765663428e-03 1.188709601836954698e-02 4.857932801199643658e-03 5.201580780705728282e-03 3.014730002030647105e-03 1.077805026632718422e-03 1.107483715771880213e-02 4.529905184398381633e-04 1.273059560442993572e-02 2.413346037894999879e-02 1.051250410034521021e-02 1.729174151423796060e-02 4.686108811446601806e-05 6.857339227416861006e-03 1.082491135444165094e-02 5.045377153657507920e-03 2.514878395476342985e-03 3.028788328464987120e-02 1.182461456755025918e-02 1.671378809415954673e-03 1.288679923147815522e-02 2.144675799372061306e-02 3.353691872725284712e-02 3.983192489729611881e-03 2.372733094862462810e-02 1.566722379293647091e-02 2.375857167403427200e-02 6.576172698730064180e-03 3.000671675596307264e-02 3.514581608584951226e-03 2.296193317608834824e-03 3.358377981536731297e-03 1.210578109623705427e-02 4.878239272715912539e-02 5.951358190537184463e-03 2.007216607569627803e-02 2.060325840766022432e-02 9.294115809369092943e-03 1.435511332573142368e-02 4.269045127227854425e-02 3.920711038910323215e-03 2.046267514331682764e-03 2.310251644043174665e-02 6.170043268404692624e-03 2.416470110435964269e-02 4.309658070260391494e-02 5.128165075993064426e-02 5.153157656320779545e-02 2.494571923960074364e-02 5.326543682344303879e-03 1.701057498555116551e-02 3.544260297724113190e-02 6.357487620862556019e-03 7.044783579874724401e-03 4.078476702229025946e-02 1.551102016588825142e-02 2.806979178056514396e-02 
1.013761539542948169e-02 2.285259063715459546e-02 1.638576047735828406e-02 9.700245239694465366e-03 2.079070276011809118e-02 1.682313063309330212e-02 4.600196816570080449e-02 2.785110670269763666e-02 3.452100157765663428e-03 0.000000000000000000e+00 2.425842328058857439e-02 1.733860260235242689e-03 2.733563473343851146e-03 2.138427654290132526e-02 1.702619534825598573e-03 4.175322950998922034e-02 3.288086349365032524e-02 7.138505756103656966e-03 1.741670441587653620e-02 3.170933629078867035e-03 2.766366235023977327e-02 3.203736390758993302e-02 1.654196410440650356e-02 2.775738452646870497e-02 2.733563473343851146e-03 3.294334494446961303e-02 2.175916524781705552e-02 2.466455271091394855e-02 4.200315531326637153e-02 1.238694762492385110e-02 4.350271013292928562e-02 1.194957746918883477e-02 1.560474234211718311e-02 2.441462690763679388e-02 3.795748137271747619e-03 1.066870772739342971e-02 1.204329964541776647e-02 2.444586763304643778e-02 6.638654149549352845e-03 2.572673737484184459e-02 1.188709601836954698e-02 4.681422702635155281e-02 9.169152907730517346e-03 1.510489073556287899e-02 2.791358815351692446e-02 1.038754119870663462e-02 4.050360049360346437e-02 1.201205892000812257e-02 2.669519986254080893e-02 4.928224433371342778e-02 2.588294100189006408e-02 2.428966400599821829e-02 2.046267514331682764e-03 6.732376325778284543e-03 5.701432387260032403e-03 3.175619737890313793e-02 1.041878192411627851e-02 9.262875083959449043e-03 3.272465986660210574e-02 2.816351395679407565e-02 1.547977944047860752e-02 1.640138084006310558e-03 2.735125509614333081e-02 1.626079757571970846e-02 1.647948265358721576e-02 1.622955685031006456e-02 
2.291507208797388326e-02 1.329292866180352764e-02 2.138427654290132526e-02 8.887986379043722254e-03 1.135600368640559896e-02 6.576172698730064180e-03 2.296193317608834824e-03 3.592683422109061407e-04 1.188709601836954698e-02 2.425842328058857439e-02 0.000000000000000000e+00 5.513988034802168141e-03 5.843577687873912491e-02 3.702025961042815488e-03 1.301176213311673081e-02 7.263468657742232562e-03 3.972258235836235996e-02 1.671378809415954673e-03 4.951654977428576222e-03 2.764804198753495045e-03 3.358377981536731297e-03 7.450913010200096824e-03 3.280276168012621332e-04 4.217497930301941558e-04 1.126228151017666552e-02 7.294709383151876461e-03 1.329292866180352764e-02 1.732298223964760450e-02 1.491744638310501560e-02 1.610459394867148897e-02 3.622362111248222938e-02 2.641403333385401037e-02 1.751042659210546790e-02 9.887689592152330495e-03 1.138724441181524286e-02 1.079367062903200530e-02 1.608897358596666658e-03 1.651072337899685966e-02 2.983489276621003206e-03 2.060325840766022432e-02 1.210578109623705427e-02 2.244646120682922130e-02 1.804151892406941765e-02 1.129352223558631116e-02 1.494868710851465950e-02 1.466752057982786440e-02 3.826988862681391518e-03 2.491447851419109974e-02 2.450834908386572905e-02 1.841640762898514444e-02 3.141254939939705504e-02 1.141848513722488676e-02 3.881660132148268688e-02 2.229025757978100181e-02 2.275886846092566376e-02 2.582045955107077628e-02 1.766663021915368739e-02 1.038754119870663462e-02 4.389321920054983436e-03 2.702322747934207247e-03 3.953513800590449656e-02 1.109045752042362321e-03 8.263171870850840803e-03 8.419375497899062033e-03 3.388056670675893001e-02 1.638576047735828406e-02 
7.421234321060934946e-02 2.707008856745653572e-02 1.223074399787562987e-02 1.776035239538261909e-02 1.857261125603336394e-02 9.137912182320873447e-03 2.910073571908339610e-02 6.419969071681844684e-03 4.857932801199643658e-03 1.733860260235242689e-03 5.513988034802168141e-03 0.000000000000000000e+00 1.045002264952592241e-02 2.378981239944391590e-02 2.325872006747996615e-02 1.015323575813430407e-03 5.553038941564222841e-02 1.248066980115278279e-02 1.501116855933394729e-02 1.413642824786391465e-02 2.541433012074540213e-02 2.044705478061200482e-02 2.202471141379902693e-03 9.044190006091941750e-03 1.085615207985129484e-02 7.950764616754401812e-03 3.951951764319967114e-03 4.139396116777831376e-03 3.950389728049485266e-02 2.569549664943220069e-02 1.904122213717802589e-02 1.601087177244255727e-02 3.306830784610818863e-02 1.585466814539433777e-02 4.889173526609287557e-03 1.702619534825598573e-03 2.407097892813071099e-02 2.264952592199190925e-03 2.077508239741326663e-03 5.857636014308251898e-03 1.922866648963588929e-02 3.578625095674721479e-02 1.204329964541776647e-02 3.170933629078867035e-03 7.575875911838673288e-03 4.828254112060482300e-02 1.109045752042362321e-03 4.862618910011090589e-02 1.213702182164669817e-02 2.222777612896171401e-02 1.032505974788734508e-02 2.022836970274449753e-02 1.341789156344210324e-02 1.858823161873818719e-03 6.045080366766116160e-03 5.857636014308251898e-03 1.073118917821271751e-02 1.179337384214061528e-02 6.263765444633624321e-03 5.918555428857057849e-02 1.066870772739342971e-02 2.296193317608834824e-03 4.703291210421906010e-02 3.006919820678236044e-02 1.702619534825598573e-03 3.612989893625329768e-02 
1.254315125197207059e-02 5.545228760211812040e-03 1.107483715771880213e-02 3.514581608584951226e-03 1.504240928474359119e-02 3.592683422109061407e-04 7.888283165935112279e-03 1.448007622736999928e-02 5.201580780705728282e-03 2.733563473343851146e-03 5.843577687873912491e-02 1.045002264952592241e-02 0.000000000000000000e+00 3.256845623955387931e-02 7.607116637248317187e-03 1.694809353473187771e-02 1.619831612490042066e-02 5.467126946687701858e-04 1.452693731548446512e-03 1.510489073556287899e-02 4.297161780096533934e-02 1.204329964541776647e-02 5.139099329886439617e-03 1.929114794045517708e-02 1.772911166997297519e-02 1.063746700198378581e-02 5.295302956934659980e-03 1.960355519455161608e-02 1.660444555522579135e-02 9.887689592152330495e-03 1.151220731345381845e-02 3.110014214530061258e-02 2.791358815351692446e-02 1.140286477452006437e-03 6.419969071681844684e-03 1.041878192411627851e-02 2.916321716990268390e-02 8.825504928224432721e-03 3.826988862681391518e-03 1.829144472734656884e-02 1.919742576422624539e-02 1.041878192411627851e-02 2.202471141379902693e-03 4.233118293006763941e-03 1.163717021509239405e-02 2.889767100392071075e-03 7.200987206922944764e-03 9.731485965104109265e-03 6.607413424139708946e-03 1.341789156344210324e-02 2.858526374982427176e-03 2.210281322732313841e-02 9.950171042971618293e-03 1.765100985644886588e-03 6.357487620862556019e-03 4.608006997922491597e-03 4.358081194645339537e-03 2.171230415970258794e-03 8.591199487652103695e-04 8.450616223308705932e-03 1.838516690357550054e-02 9.075430731501585649e-03 5.076617879067151819e-03 1.093425389337540399e-04 1.288679923147815522e-02 1.454255767818928707e-02 
6.062262765741420478e-02 1.744794514128618010e-02 1.710429716178009721e-02 8.075727518392977408e-03 4.451803370874272102e-03 1.897874068635873809e-02 2.691388494040831622e-02 7.388431559380809026e-03 3.014730002030647105e-03 2.138427654290132526e-02 3.702025961042815488e-03 2.378981239944391590e-02 3.256845623955387931e-02 0.000000000000000000e+00 1.407394679704462685e-02 5.014136428247864020e-03 7.036973398522314294e-02 1.404270607163498295e-02 3.200612318218028912e-02 1.551102016588825142e-02 2.025961042815414143e-02 9.981411768381262192e-03 5.779534200784141934e-04 7.107265030694013067e-03 7.794560989706180582e-03 1.791655602243084205e-02 3.358377981536731297e-03 2.077508239741326663e-03 4.140958153048313745e-02 3.616113966166294158e-02 7.763320264296536682e-03 8.513097674127993730e-03 2.557053374779362509e-02 3.812930536247051416e-02 1.093425389337540399e-04 3.983192489729611881e-03 2.497695996501038754e-02 3.795748137271747619e-03 3.233415079898155266e-03 9.169152907730517346e-03 2.772614380105906107e-02 5.003202174354488829e-02 2.225901685437135791e-02 6.357487620862556019e-03 1.640138084006310558e-03 3.272465986660210574e-02 8.419375497899062033e-03 6.799543885409019273e-02 1.822896327652728105e-02 2.353988659616676471e-02 7.013542854465080502e-03 2.694512566581796012e-02 4.483044096283916001e-03 2.343054405723300835e-04 8.606819850356925428e-03 2.015026788922038865e-03 9.950171042971618293e-03 1.358971555319514598e-03 1.010637467001983779e-02 3.972258235836235996e-02 8.825504928224432721e-03 4.795451350380355859e-03 5.749855511644980099e-02 3.812930536247051416e-02 9.528421249941423921e-04 5.824833252628126151e-02 
1.358971555319514598e-03 2.425842328058857439e-02 1.507365001015323509e-02 1.391774316999640736e-02 1.348037301426139103e-02 2.935066152236055076e-02 8.231931145441196904e-03 1.110607788312844603e-02 1.077805026632718422e-03 1.702619534825598573e-03 1.301176213311673081e-02 2.325872006747996615e-02 7.607116637248317187e-03 1.407394679704462685e-02 0.000000000000000000e+00 2.054077695684093652e-02 6.951061403645792704e-03 7.544635186429028521e-03 3.358377981536731297e-03 2.438338618222714999e-02 1.035630047329699072e-02 5.232821506115372182e-03 1.785407457161155426e-02 1.910370358799731369e-02 1.691685280932223381e-02 1.751042659210546790e-02 3.441165903872287629e-02 2.038457332979271702e-02 1.438635405114106758e-02 8.106968243802621307e-03 1.638576047735828406e-02 1.682313063309330212e-02 4.139396116777831376e-03 2.913197644449304000e-02 2.144675799372061306e-02 1.538605726424967582e-02 1.694809353473187771e-02 2.981927240350520925e-02 1.296490104500226583e-03 8.075727518392977408e-03 6.419969071681844684e-03 3.085021634202346139e-02 1.522985363720145632e-02 1.223074399787562987e-02 7.044783579874724401e-03 3.764507411862103286e-03 3.733266686452459387e-03 1.098111498148987043e-02 1.515175182367734527e-03 1.491744638310501560e-02 1.718239897530420685e-04 1.869757415767193953e-02 1.954107374373232828e-02 3.416173323544572510e-02 9.387837985598026375e-03 2.046267514331682764e-03 1.765100985644886588e-03 3.608303784813883357e-03 1.076242990362236140e-02 1.363657664130961053e-02 2.046267514331682764e-03 2.171230415970258794e-03 4.326840469235695638e-03 1.213702182164669817e-02 1.157468876427310625e-02 2.139989690560614895e-03 
1.335541011262281544e-02 5.109420640747278086e-02 5.225011324762961207e-02 6.607413424139708946e-03 8.388134772489416399e-03 9.887689592152330495e-03 4.365891375997750512e-02 3.481778846904825392e-02 1.107483715771880213e-02 4.175322950998922034e-02 7.263468657742232562e-03 1.015323575813430407e-03 1.694809353473187771e-02 5.014136428247864020e-03 2.054077695684093652e-02 0.000000000000000000e+00 4.451803370874272102e-03 3.592683422109061407e-04 2.655461659819741181e-04 7.513394461019384622e-03 9.575282338055889769e-03 5.496805635826863823e-02 3.922273075180805757e-02 3.577063059404239458e-03 3.191240100595135742e-02 2.022836970274449753e-02 2.575797810025148848e-02 2.294631281338352716e-02 1.079367062903200530e-02 8.794264202814788822e-03 2.453958980927537295e-02 1.904122213717802589e-02 7.982005342164045711e-03 3.233415079898155266e-03 1.504240928474359119e-02 9.700245239694465366e-03 4.358081194645339537e-03 4.653306049766475772e-02 2.108748965150970996e-03 9.793967415923397063e-03 7.263468657742232562e-03 3.922273075180805757e-02 6.263765444633624321e-03 1.234008653680938568e-03 2.566425592402255679e-02 8.981708555272653952e-03 1.421453006138802613e-03 1.844764835439478834e-02 2.450834908386572905e-02 1.957231446914197218e-02 1.444883550196035538e-02 1.985348099782877074e-02 2.088442493634702288e-02 1.269935487902029009e-02 2.858526374982427176e-03 2.019712897733485363e-02 1.248066980115278279e-02 9.950171042971618293e-03 2.889767100392071075e-03 4.896983707961698878e-02 2.685140348958902842e-02 2.269638701010637596e-02 9.216013995844983845e-04 7.013542854465080502e-03 6.716755963073462159e-04 1.466752057982786440e-02 
4.212811821490494713e-02 1.526109436261110022e-02 3.672347271903653870e-02 9.356597260188380741e-03 2.435214545681750609e-02 5.451506583982880343e-03 5.888876739717896665e-03 1.572970524375575871e-02 4.529905184398381633e-04 3.288086349365032524e-02 3.972258235836235996e-02 5.553038941564222841e-02 1.619831612490042066e-02 7.036973398522314294e-02 6.951061403645792704e-03 4.451803370874272102e-03 0.000000000000000000e+00 4.170636842187475275e-03 2.191536887486527502e-02 1.138724441181524286e-02 2.494571923960074364e-02 1.423015042409284808e-02 6.701135600368640644e-03 2.452396944657054753e-03 2.563301519861291289e-02 4.951654977428576222e-03 4.078476702229025946e-02 6.045080366766116160e-03 1.326168793639388374e-02 4.545525547103203799e-03 5.515550071072650162e-02 6.140364579265530226e-02 2.382105312485355980e-02 3.219356753463815252e-02 1.766663021915368739e-02 7.341570471266342310e-04 6.857339227416861006e-03 3.163123447726456233e-02 5.264062231525016081e-03 4.857932801199643658e-03 1.257439197738171449e-02 2.931942079695090686e-02 3.045970727440291004e-03 1.988472172323841464e-02 1.041878192411627851e-02 1.016885612083912559e-02 2.764804198753495045e-03 4.325278432965213443e-02 7.825801715115824481e-03 7.746137865321232885e-02 2.129055436667239357e-02 1.975975882159983904e-02 1.082491135444165094e-02 1.379278026835783176e-02 8.075727518392977408e-03 2.800731032974585616e-02 3.983192489729611881e-03 2.578921882566113238e-02 9.294115809369092943e-03 9.544041612646245870e-03 2.172792452240741162e-02 2.144675799372061306e-02 2.553929302238398119e-02 2.921007825801714974e-03 1.769787094456333129e-02 1.982224027241912684e-02 
1.847888907980443224e-02 7.950764616754401812e-03 2.107186928880488627e-02 5.139099329886439617e-03 1.101235570689951433e-02 2.522688576828753873e-02 5.014136428247864020e-03 4.108155391368187477e-03 1.273059560442993572e-02 7.138505756103656966e-03 1.671378809415954673e-03 1.248066980115278279e-02 5.467126946687701858e-04 1.404270607163498295e-02 7.544635186429028521e-03 3.592683422109061407e-04 4.170636842187475275e-03 0.000000000000000000e+00 8.356894047079772500e-03 2.600790390352863968e-02 2.171230415970258794e-03 2.983489276621003206e-03 2.030647151626860760e-04 2.260266483387744427e-02 1.060622627657414191e-02 9.137912182320873447e-03 6.763617051187928442e-03 7.810181352411003236e-05 9.387837985598026375e-03 3.506771427232540511e-02 9.950171042971618293e-03 9.262875083959449043e-03 3.088145706743310528e-02 1.488620565769537170e-02 1.526109436261110022e-02 2.913197644449304000e-02 1.772911166997297519e-02 2.514878395476342985e-03 4.233118293006763941e-03 3.983192489729611881e-03 3.077211452849935337e-03 1.182461456755025918e-02 5.826395288898607999e-03 1.045002264952592241e-02 4.184695168621815203e-02 4.639247723332135497e-03 1.488620565769537170e-02 9.216013995844983845e-04 1.007513394461019389e-02 1.419890969868320418e-02 4.159702588294100084e-02 1.919742576422624539e-02 1.515175182367734527e-03 3.280276168012621332e-04 4.420562645464627335e-03 9.481560161826958072e-03 1.719801933800902891e-02 1.157468876427310625e-02 2.639841297114919015e-03 5.545228760211812040e-03 4.275293272309783205e-02 3.434917758790358849e-02 6.951061403645792704e-03 2.983489276621003206e-03 1.950983301832268438e-02 1.329292866180352764e-02 
1.515175182367734527e-03 1.913494431340695759e-02 1.069994845280307361e-02 2.671082022524562914e-03 1.140286477452006437e-03 2.778862525187834887e-02 8.606819850356925428e-03 2.171230415970258794e-03 2.413346037894999879e-02 1.741670441587653620e-02 4.951654977428576222e-03 1.501116855933394729e-02 1.452693731548446512e-03 3.200612318218028912e-02 3.358377981536731297e-03 2.655461659819741181e-04 2.191536887486527502e-02 8.356894047079772500e-03 0.000000000000000000e+00 1.585466814539433777e-02 2.046267514331682764e-03 7.107265030694013067e-03 2.733563473343851146e-03 8.606819850356925428e-03 1.301176213311673081e-02 1.438635405114106758e-02 3.202174354488511367e-03 2.983489276621003206e-03 2.358674768428123056e-03 1.198081819459847867e-02 3.014730002030647105e-03 2.022836970274449753e-02 1.585466814539433777e-02 2.516440431746825093e-02 1.890063887283462618e-03 5.014136428247864020e-03 1.741670441587653620e-02 1.547977944047860752e-02 1.957231446914197218e-02 1.327730829909870482e-03 2.041581405520236092e-02 1.532357581343038802e-02 3.506771427232540511e-02 2.343054405723300835e-04 6.284071916149892856e-02 1.188709601836954698e-02 3.472406629281932222e-02 4.483044096283916001e-03 3.719208360018119719e-02 1.460503912900857487e-02 8.981708555272653952e-03 1.126228151017666552e-02 1.801027819865977375e-02 1.691685280932223381e-02 2.077508239741326663e-03 3.591121385838579039e-02 2.304003498961245885e-02 3.497399209609647341e-02 2.210281322732313841e-02 3.853543479279589179e-02 1.733860260235242689e-03 4.731407863290585519e-02 5.982598915946828362e-03 9.012949280682297851e-03 1.051250410034521021e-02 1.398022462081569516e-02 
3.063153126415595409e-02 1.900998141176838199e-02 2.469579343632359245e-02 4.045673940548899679e-03 1.338665083803245934e-02 2.094690638716631068e-02 5.545228760211812040e-03 1.608897358596666658e-03 1.051250410034521021e-02 3.170933629078867035e-03 2.764804198753495045e-03 1.413642824786391465e-02 1.510489073556287899e-02 1.551102016588825142e-02 2.438338618222714999e-02 7.513394461019384622e-03 1.138724441181524286e-02 2.600790390352863968e-02 1.585466814539433777e-02 0.000000000000000000e+00 8.591199487652103695e-04 5.420265858573236444e-03 4.701729174151424162e-03 6.669894874958996744e-03 1.069994845280307361e-02 4.484606132554398022e-02 2.747621799778190987e-02 9.825208141333040962e-03 1.358971555319514598e-03 2.725753291991439911e-02 1.563598306752682701e-02 7.450913010200096824e-03 5.201580780705728282e-03 3.356815945266249102e-02 3.744200940345834838e-02 4.625189396897796262e-02 2.397725675190177930e-02 2.157172089535918866e-02 3.045970727440291004e-03 3.327137256127087397e-03 4.842312438494821708e-04 1.860385198144300783e-02 2.796044924163138944e-03 1.169965166591168185e-02 5.003202174354488829e-02 6.388728346272200785e-03 1.804151892406941765e-02 1.954107374373232828e-02 1.858823161873818719e-03 1.679188990768365475e-02 1.179337384214061528e-02 2.108748965150970996e-03 1.023133757165841339e-02 3.077211452849935337e-03 1.057498555116449801e-02 5.107858604476795718e-03 9.762726690513753164e-03 4.045673940548899679e-03 2.077508239741326663e-03 2.972555022727627755e-02 4.140958153048313745e-02 2.763242162483012937e-02 1.348037301426139103e-02 1.213702182164669817e-02 5.607710211031099838e-03 1.410518752245427075e-02 
2.050953623143129262e-02 1.804151892406941765e-02 1.448007622736999928e-02 3.591121385838579039e-02 4.732969899561068061e-03 7.419672284790452925e-03 1.029381902247770118e-02 4.014433215139255780e-03 1.729174151423796060e-02 2.766366235023977327e-02 3.358377981536731297e-03 2.541433012074540213e-02 4.297161780096533934e-02 2.025961042815414143e-02 1.035630047329699072e-02 9.575282338055889769e-03 2.494571923960074364e-02 2.171230415970258794e-03 2.046267514331682764e-03 8.591199487652103695e-04 0.000000000000000000e+00 1.460503912900857487e-02 2.077508239741326663e-03 5.232821506115372182e-03 7.388431559380809026e-03 3.514581608584951226e-03 3.420859432356019095e-03 1.448007622736999928e-02 2.389915493837766955e-03 8.231931145441196904e-03 2.641403333385401037e-02 6.076321092175760059e-03 4.826692075789999758e-03 2.785110670269763666e-02 3.420859432356019095e-03 3.826988862681391518e-03 1.835392617816585664e-02 1.265249379090582467e-03 2.264952592199190925e-03 2.469579343632359245e-02 1.891625923553945030e-02 3.889470313500679316e-03 8.388134772489416399e-03 1.444883550196035538e-02 7.200987206922944764e-03 1.201205892000812257e-02 1.376153954294818786e-02 1.741670441587653620e-02 1.404270607163498295e-02 1.544853871506896362e-02 2.641403333385401037e-02 1.285555850606851132e-02 3.010043893219200434e-02 2.764804198753495045e-03 8.169449694621909105e-03 2.360236804698605251e-02 1.671378809415954673e-03 6.419969071681844684e-03 1.613583467408113287e-02 2.322747934207032225e-02 9.606523063465533668e-03 3.202174354488511367e-03 2.550805229697433729e-02 7.700838813477248884e-03 1.900998141176838199e-02 2.229025757978100181e-02 
4.639247723332135497e-03 8.419375497899062033e-03 2.343054405723300835e-04 1.171527202861650553e-03 8.887986379043722254e-03 2.619534825598650307e-02 3.022540183383057993e-02 1.838516690357550054e-02 4.686108811446601806e-05 3.203736390758993302e-02 7.450913010200096824e-03 2.044705478061200482e-02 1.204329964541776647e-02 9.981411768381262192e-03 5.232821506115372182e-03 5.496805635826863823e-02 1.423015042409284808e-02 2.983489276621003206e-03 7.107265030694013067e-03 5.420265858573236444e-03 1.460503912900857487e-02 0.000000000000000000e+00 3.481778846904825392e-02 4.153454443212171304e-02 2.007216607569627803e-02 4.233118293006763941e-03 1.388650244458676346e-02 1.921304612693106734e-03 5.003202174354488829e-02 2.921007825801714974e-03 4.795451350380355859e-03 5.482747309392524242e-03 2.296193317608834824e-03 1.266811415361064619e-02 4.045673940548899679e-03 9.793967415923397063e-03 8.294412596260484702e-03 2.179040597322669942e-02 2.015026788922038865e-03 1.094987425608022653e-02 1.069994845280307361e-02 5.056311407550883458e-02 3.295896530717443065e-03 1.469876130523750830e-02 9.731485965104109265e-03 8.513097674127993730e-03 4.576766272512847698e-03 4.506474640341148752e-02 1.291803995688779912e-02 1.085615207985129484e-02 4.764210624970711960e-03 1.313672503475530641e-02 4.112841500179634235e-02 1.077805026632718422e-03 1.294928068229744302e-02 1.994720317405770244e-02 1.529233508802074412e-02 4.108155391368187477e-03 8.200690420031553005e-03 4.247176619441103695e-02 1.765100985644886588e-03 7.513394461019384622e-03 3.420859432356019095e-03 1.254315125197207059e-02 5.779534200784141934e-04 3.764507411862103286e-03 
7.888283165935112279e-03 4.359643230915821732e-02 6.209094175166747498e-02 5.920117465127540564e-03 8.700542026585857125e-03 1.285555850606851132e-02 3.497399209609647341e-02 1.288679923147815522e-02 6.857339227416861006e-03 1.654196410440650356e-02 3.280276168012621332e-04 2.202471141379902693e-03 5.139099329886439617e-03 5.779534200784141934e-04 1.785407457161155426e-02 3.922273075180805757e-02 6.701135600368640644e-03 2.030647151626860760e-04 2.733563473343851146e-03 4.701729174151424162e-03 2.077508239741326663e-03 3.481778846904825392e-02 0.000000000000000000e+00 7.482153735609740723e-03 2.603914462893828358e-02 2.294631281338352716e-02 2.785110670269763666e-02 1.569846451834611481e-02 1.544853871506896362e-02 1.890063887283462618e-03 2.269638701010637596e-02 1.020009684624876949e-02 9.356597260188380741e-03 1.672940845686436695e-02 6.513691247910776382e-03 8.513097674127993730e-03 2.210281322732313841e-02 4.034739686655524488e-02 6.794857776597572341e-03 1.388650244458676346e-02 5.467126946687701858e-04 2.816351395679407565e-02 5.779534200784141934e-04 1.510489073556287899e-02 3.712960214936190939e-02 4.608006997922491597e-03 1.685437135850294602e-02 7.825801715115824481e-03 2.863212483793873761e-02 1.797903747325012985e-02 1.010637467001983779e-02 1.279307705524922352e-02 2.775738452646870497e-02 2.678892203876974062e-02 4.358081194645339537e-03 2.179040597322669942e-02 2.085318421093737898e-02 1.983786063512394966e-03 8.278792233555663620e-04 1.994720317405770244e-02 1.373029881753854396e-02 2.619534825598650307e-02 3.452100157765663428e-03 1.366781736671925443e-02 7.341570471266342310e-04 9.075430731501585649e-03 
1.085615207985129484e-02 2.157172089535918866e-02 3.481778846904825392e-02 7.076024305284368300e-03 3.889470313500679316e-03 1.716677861259938501e-02 4.518970930505006312e-02 1.860385198144300783e-02 1.082491135444165094e-02 2.775738452646870497e-02 4.217497930301941558e-04 9.044190006091941750e-03 1.929114794045517708e-02 7.107265030694013067e-03 1.910370358799731369e-02 3.577063059404239458e-03 2.452396944657054753e-03 2.260266483387744427e-02 8.606819850356925428e-03 6.669894874958996744e-03 5.232821506115372182e-03 4.153454443212171304e-02 7.482153735609740723e-03 0.000000000000000000e+00 2.682016276417938452e-02 1.785407457161155426e-02 1.938487011668410878e-02 1.794779674784048595e-02 1.847888907980443224e-02 2.157172089535918866e-02 1.001265249379090609e-02 2.641403333385401037e-02 1.722926006341867280e-02 1.327730829909870482e-03 1.994720317405770244e-02 3.363064090348177881e-02 1.123104078476702163e-02 3.916024930098876977e-02 2.796044924163138944e-03 3.295896530717443065e-03 6.232524719223980422e-03 3.559880660428935140e-02 1.063746700198378581e-02 4.451803370874272102e-03 1.201205892000812257e-02 1.463627985441821877e-02 2.296193317608834824e-03 2.557053374779362509e-02 1.554226089129789531e-02 9.450319436417314173e-03 4.076914665958543578e-03 1.219950327246598597e-02 1.622955685031006456e-02 1.265249379090582467e-03 5.607710211031099838e-03 1.538605726424967582e-02 3.045970727440291004e-03 1.385526171917711956e-02 1.201205892000812257e-02 5.012574391977381999e-02 2.663271841172152113e-02 3.319327074774676423e-02 7.325950108561521228e-03 9.700245239694465366e-03 1.562036270482200715e-05 1.588590887080398167e-02 
