0.000000000000000000e+00 4.826692075789999758e-03 1.091863353067058263e-02 1.369905809212890006e-02 6.982302129055436603e-03 1.323044721098423984e-02 8.513097674127993730e-03 1.591714959621362557e-02 1.057498555116449801e-02 1.516737218638216853e-02 4.326840469235695638e-03 4.920414252018931456e-03 6.576172698730064180e-03 8.544338399537637629e-03 3.887908277230197468e-02 1.972851809619019514e-02 1.051250410034521021e-02 2.488323778878145584e-02 2.119683219044346187e-02 4.350271013292928562e-02 1.326168793639388374e-02 3.327137256127087397e-03 1.260563270279135839e-02 1.722926006341867280e-02 1.816648182570799325e-02 6.576172698730064180e-03 8.169449694621909105e-03 1.048126337493556631e-02 2.422718255517893049e-02 2.453958980927537295e-02 3.656726909198831921e-02 4.518970930505006312e-02 3.983192489729611881e-03 1.451131695277964317e-02 7.700838813477248884e-03 1.507365001015323509e-02 1.640138084006310558e-03 3.389618706946375196e-03 1.732298223964760450e-02 8.575579124947281529e-03 1.257439197738171449e-02 3.400552960839750560e-02 2.247770193223886520e-02 1.501116855933394729e-02 2.575797810025148848e-02 7.388431559380809026e-03 1.369905809212890006e-02 2.116559146503381797e-02 4.806385604273731571e-02 6.357487620862556019e-03 2.135303581749168136e-02 1.644824192817757186e-02 1.529233508802074412e-02 4.920414252018931456e-03 4.197191458785672763e-02 4.215935894031459102e-02 3.694215779690404600e-02 1.718239897530420685e-04 2.019712897733485363e-02 3.994126743622986725e-02 1.265249379090582467e-03 3.378684453052999831e-02 9.387837985598026375e-03 1.641700120276792796e-02 3.951951764319967114e-03 1.198081819459847867e-02 
4.826692075789999758e-03 0.000000000000000000e+00 4.147206298130242524e-02 1.132476296099595506e-02 3.597369530920507819e-02 5.053187335009919068e-02 4.987581811649666186e-02 2.030647151626860760e-04 3.256845623955387931e-02 2.057201768225058042e-02 2.244646120682922130e-02 3.944141582967556486e-02 2.572673737484184459e-02 3.175619737890313793e-02 1.663568628063543525e-02 3.491151064527718562e-02 1.201205892000812257e-02 1.357409519049032273e-02 3.684843562067511430e-02 2.110311001421453017e-02 1.716677861259938501e-02 2.063449913306986822e-02 1.935362939127446488e-02 2.457083053468501685e-02 2.682016276417938452e-02 5.259376122713569496e-02 2.138427654290132526e-02 4.656430122307440161e-02 2.428966400599821829e-02 2.171230415970258794e-03 1.041878192411627851e-02 4.412752464112216361e-02 1.435511332573142368e-02 3.000671675596307264e-02 6.544931973320420281e-03 3.358377981536731297e-03 1.710429716178009721e-02 3.420859432356019095e-03 3.834799044033802146e-02 1.160592948968275015e-02 3.278714131742139354e-02 6.138802542995048725e-03 1.201205892000812257e-02 1.810400037488870545e-02 1.563598306752682701e-02 2.166544307158812382e-02 4.600196816570080449e-02 8.294412596260484702e-03 4.625189396897796262e-02 1.171527202861650553e-03 4.822005966978553521e-02 1.138724441181524286e-02 3.306830784610818863e-02 3.826988862681391518e-03 1.919742576422624539e-02 3.291210421905996913e-02 1.894749996094909419e-02 8.200690420031553005e-03 3.334947437479498372e-02 1.154344803886346235e-02 4.483044096283916001e-03 1.329292866180352764e-02 9.887689592152330495e-03 1.501116855933394729e-02 1.572970524375575871e-02 1.269935487902029009e-02 
1.091863353067058263e-02 4.147206298130242524e-02 0.000000000000000000e+00 3.327137256127087397e-03 2.225901685437135791e-02 8.294412596260484702e-03 1.229322544869491940e-02 1.718239897530420685e-04 8.825504928224432721e-03 9.450319436417314173e-03 4.295599743826051739e-03 4.217497930301941558e-04 8.981708555272653952e-03 7.653977725362782385e-04 1.360533591589996663e-02 4.803261531732767181e-02 3.608303784813883357e-03 2.703884784204689182e-02 4.201877567597119174e-03 5.084428060419562967e-02 1.671378809415954673e-03 3.672347271903653870e-02 5.090676205501491747e-02 6.024773895249847799e-02 8.200690420031553005e-03 2.016588825192520973e-02 2.644527405926365773e-02 6.857339227416861006e-03 6.091941454880582009e-04 7.450913010200096824e-03 2.004092535028663413e-02 2.272762773551601986e-02 5.014136428247864020e-03 2.025961042815414143e-02 2.444586763304643778e-02 2.358674768428123056e-03 6.701135600368640644e-03 1.438635405114106758e-02 1.538605726424967582e-02 1.238694762492385110e-02 2.344616441993782954e-02 3.452100157765663428e-03 9.216013995844983845e-04 1.148096658804417455e-02 7.169746481513300865e-03 9.169152907730517346e-03 7.513394461019384622e-03 1.604211249785220117e-02 4.576766272512847698e-03 1.029381902247770118e-02 3.353691872725284712e-02 8.731782751995501024e-03 1.632327902653899626e-02 1.813524110029834935e-02 6.045080366766116160e-03 1.048126337493556631e-02 2.327434043018478723e-03 2.343054405723300835e-04 1.394898389540605126e-02 2.372733094862462810e-02 2.200909105109420671e-02 2.313375716584139055e-02 4.686108811446601806e-05 1.594839032162326947e-02 1.109045752042362321e-03 6.513691247910776382e-03 
1.369905809212890006e-02 1.132476296099595506e-02 3.327137256127087397e-03 0.000000000000000000e+00 2.607038535434792748e-02 8.013246067573689610e-03 2.389915493837766955e-03 6.482450522501132482e-03 4.406504319030287581e-02 2.000968462487699023e-02 3.108452178259579236e-03 2.419594182976928659e-02 6.580858807541510591e-02 2.985051312891485314e-02 4.076914665958543578e-03 4.576766272512847698e-03 3.951951764319967114e-03 2.072822130929880338e-02 1.676064918227401085e-02 1.241818835033349500e-02 2.928818007154125949e-02 1.323044721098423984e-02 1.091863353067058263e-02 5.732673112669676302e-03 1.093425389337540399e-04 3.381808525593964221e-02 1.054374482575485411e-02 1.358971555319514598e-03 1.854137053062372004e-02 8.825504928224432721e-03 1.960355519455161608e-02 2.343054405723300835e-04 1.819772255111763715e-02 1.126228151017666552e-02 1.557350161670753921e-02 1.423015042409284808e-02 4.045673940548899679e-03 9.419078711007670274e-03 9.012949280682297851e-03 1.054374482575485411e-02 1.519861291179181242e-02 3.577063059404239458e-03 5.920117465127540564e-03 9.981411768381262192e-03 2.400849747731142320e-02 1.026257829706805728e-02 2.438338618222714999e-02 2.967868913916181257e-04 1.405832643433980610e-04 9.075430731501585649e-03 8.325653321670128601e-03 1.610459394867148897e-02 8.544338399537637629e-03 2.702322747934207247e-03 8.106968243802621307e-03 1.207454037082741037e-02 4.545525547103203799e-03 8.231931145441196904e-03 3.081897561661381749e-02 1.294928068229744302e-02 1.569846451834611481e-02 1.421453006138802613e-03 2.671082022524562914e-03 7.169746481513300865e-03 3.459910339118074663e-02 1.501116855933394729e-02 
6.982302129055436603e-03 3.597369530920507819e-02 2.225901685437135791e-02 2.607038535434792748e-02 0.000000000000000000e+00 1.388650244458676346e-02 3.764507411862103286e-03 4.389321920054983436e-03 3.413049251003608120e-02 1.151220731345381845e-02 3.528639935019291241e-02 4.353395085833892952e-02 3.338071510020462762e-02 3.253721551414423541e-02 1.301176213311673081e-02 4.842312438494821708e-04 2.483637670066699086e-03 2.535184866992611433e-02 1.729174151423796060e-02 5.112544713288242476e-02 2.416470110435964269e-02 7.044783579874724401e-03 7.013542854465080502e-03 6.826098502007216240e-03 1.398022462081569516e-02 7.513394461019384622e-03 5.565535231728080401e-02 9.450319436417314173e-03 1.107483715771880213e-02 7.076024305284368300e-03 5.045377153657507920e-03 4.946968868617129117e-02 3.420859432356019095e-03 3.295896530717443065e-03 3.000671675596307264e-02 1.398022462081569516e-02 1.073118917821271751e-02 2.079070276011809118e-02 8.825504928224432721e-03 1.754166731751511180e-02 1.827582436464174603e-03 3.053780908792702239e-02 8.419375497899062033e-03 1.135600368640559896e-02 3.338071510020462762e-02 8.731782751995501024e-03 2.169668379699776772e-02 7.700838813477248884e-03 2.025961042815414143e-02 7.653977725362782385e-04 8.638060575766569327e-03 3.516143644855433681e-02 2.022836970274449753e-02 1.538605726424967582e-02 2.233711866789547026e-03 7.107265030694013067e-03 1.421453006138802613e-03 2.094690638716631068e-02 4.358081194645339537e-03 3.672347271903653870e-02 3.275590059201174964e-02 2.300879426420281496e-02 3.077211452849935337e-03 1.544853871506896362e-02 2.015026788922038865e-03 9.262875083959449043e-03 
1.323044721098423984e-02 5.053187335009919068e-02 8.294412596260484702e-03 8.013246067573689610e-03 1.388650244458676346e-02 0.000000000000000000e+00 1.827582436464174603e-03 1.276183632983957962e-02 1.672940845686436695e-02 8.106968243802621307e-03 4.889173526609287557e-03 1.594839032162326947e-02 8.044486792983333509e-03 7.575875911838673288e-03 3.233415079898155266e-03 7.919523891344756178e-03 2.463331198550430465e-02 4.576766272512847698e-03 8.356894047079772500e-03 1.444883550196035538e-02 4.529905184398381633e-04 2.019712897733485363e-02 1.035630047329699072e-02 2.210281322732313841e-02 6.732376325778284543e-03 4.122213717802527405e-02 3.647354691575938057e-02 4.415876536653180751e-02 7.513394461019384622e-03 2.483637670066699086e-03 2.385229385026320370e-02 1.316796576016495031e-02 2.191536887486527502e-02 2.160296162076883256e-02 2.444586763304643778e-02 3.639544510223527256e-03 6.013839641356472261e-03 2.671082022524562914e-03 4.576766272512847698e-03 2.628907043221543477e-02 3.764507411862103286e-03 1.501116855933394729e-02 7.982005342164045711e-03 5.545228760211812040e-03 2.358674768428123056e-03 1.307424358393601861e-02 4.686108811446601806e-05 1.591714959621362557e-02 9.575282338055889769e-03 1.223074399787562987e-02 3.959761945672378436e-02 2.235273903060028960e-02 2.788234742810728056e-02 6.295006170043268220e-03 3.983192489729611881e-03 7.888283165935112279e-03 1.126228151017666552e-02 1.198081819459847867e-02 1.069994845280307361e-02 4.076914665958543578e-03 2.119683219044346187e-02 1.358971555319514598e-03 2.013464752651556583e-02 2.891329136662553270e-02 6.794857776597572341e-03 6.888579952826504905e-03 
8.513097674127993730e-03 4.987581811649666186e-02 1.229322544869491940e-02 2.389915493837766955e-03 3.764507411862103286e-03 1.827582436464174603e-03 0.000000000000000000e+00 1.007513394461019389e-02 1.234008653680938568e-03 4.576766272512847698e-03 2.921007825801714974e-03 5.295302956934659980e-03 7.607116637248317187e-03 9.544041612646245870e-03 1.562036270482200715e-05 8.231931145441196904e-03 7.232227932332588663e-03 1.497992783392430340e-02 1.704181571096080941e-02 4.478357987472469243e-02 1.952545338102750850e-03 2.100938783798559847e-02 6.888579952826504905e-03 2.066573985847951558e-02 1.416766897327355855e-02 1.101235570689951433e-02 3.559880660428935140e-02 4.139396116777831376e-03 3.528639935019291241e-02 1.109045752042362321e-03 2.500820069042003144e-02 2.254018338305815300e-02 9.793967415923397063e-03 1.701057498555116551e-02 1.254315125197207059e-02 3.438041831331323239e-02 6.419969071681844684e-03 2.921007825801714974e-03 3.700463924772333379e-02 1.644824192817757186e-02 8.106968243802621307e-03 3.622362111248222938e-02 1.404270607163498295e-02 4.139396116777831376e-03 2.716381074368546741e-02 4.201877567597119174e-03 1.822896327652728105e-02 4.701729174151424162e-03 8.591199487652103695e-04 3.389618706946375196e-03 1.273059560442993572e-02 3.247473406332494761e-02 2.550805229697433729e-02 1.188709601836954698e-02 7.950764616754401812e-03 7.653977725362782385e-04 3.858229588091035417e-03 1.975975882159983904e-02 4.982895702838220121e-03 4.197191458785672763e-02 3.069401271497524189e-02 2.260266483387744427e-02 1.048126337493556631e-02 2.838219903466158642e-02 1.198081819459847867e-02 2.210281322732313841e-02 
1.591714959621362557e-02 2.030647151626860760e-04 1.718239897530420685e-04 6.482450522501132482e-03 4.389321920054983436e-03 1.276183632983957962e-02 1.007513394461019389e-02 0.000000000000000000e+00 1.651072337899685966e-02 3.897280494853090638e-02 2.197785032568456282e-02 2.981927240350520925e-02 1.688561208391258991e-02 3.716084287477155329e-02 2.050953623143129262e-02 8.638060575766569327e-03 1.585466814539433777e-02 4.139396116777831376e-03 1.076242990362236140e-02 7.888283165935112279e-03 7.482153735609740723e-03 2.560177447320326899e-02 5.888876739717896665e-03 2.941314297317983856e-02 1.294928068229744302e-02 8.138208969212265206e-03 2.019712897733485363e-02 1.357409519049032273e-02 1.263687342820100229e-02 3.108452178259579236e-03 2.272762773551601986e-02 1.701057498555116551e-02 2.327434043018478723e-03 1.747918586669582400e-02 1.244942907574313889e-02 1.035630047329699072e-02 1.319920648557459421e-02 3.202174354488511367e-03 4.545525547103203799e-03 3.085021634202346139e-02 1.807275964947906155e-02 1.685437135850294602e-02 4.483044096283916001e-03 1.235570689951420720e-02 1.640138084006310558e-03 2.247770193223886520e-02 2.466455271091394855e-02 1.123104078476702163e-02 1.516737218638216853e-02 1.191833674377919088e-02 3.951951764319967114e-03 3.795748137271747619e-03 8.794264202814788822e-03 3.514581608584951226e-03 7.450913010200096824e-03 6.263765444633624321e-03 8.278792233555663620e-04 4.514284821693559900e-03 1.276183632983957962e-02 9.528421249941423921e-04 3.469282556740967832e-02 4.732969899561068061e-03 5.982598915946828362e-03 7.294709383151876461e-03 1.116855933394773383e-02 8.575579124947281529e-03 
1.057498555116449801e-02 3.256845623955387931e-02 8.825504928224432721e-03 4.406504319030287581e-02 3.413049251003608120e-02 1.672940845686436695e-02 1.234008653680938568e-03 1.651072337899685966e-02 0.000000000000000000e+00 3.850419406738624789e-02 5.643637045252190843e-02 4.522095003045970701e-02 3.922273075180805757e-02 4.587700526406222890e-02 2.785110670269763666e-02 1.629203830112935236e-02 6.826098502007216240e-03 2.650775551008294553e-02 6.482450522501132482e-03 3.841047189115730925e-02 4.331526578047142223e-02 1.866633343226229563e-02 3.295896530717443065e-03 2.254018338305815300e-02 4.209687748949530323e-02 8.325653321670128601e-03 4.475233914931504853e-02 8.325653321670128601e-03 1.685437135850294602e-02 2.160296162076883256e-02 2.060325840766022432e-02 3.066277198956559799e-02 5.482747309392524242e-03 1.294928068229744302e-02 2.382105312485355980e-02 2.166544307158812382e-02 1.657320482981614745e-02 1.679188990768365475e-02 1.360533591589996663e-02 3.702025961042815488e-03 1.046564301223074306e-03 1.385526171917711956e-02 4.509598712882113142e-02 3.577063059404239458e-03 2.079070276011809118e-02 1.144972586263453065e-02 2.516440431746825093e-02 8.700542026585857125e-03 5.451506583982880343e-03 1.194957746918883477e-02 1.023133757165841339e-02 2.319623861666067835e-02 7.325950108561521228e-03 2.332120151829925395e-02 2.108748965150970996e-03 7.044783579874724401e-03 2.077508239741326663e-03 2.582045955107077628e-02 6.451209797091488583e-03 3.516143644855433681e-02 2.452396944657054753e-03 2.275886846092566376e-02 7.325950108561521228e-03 1.326168793639388374e-02 1.341789156344210324e-02 2.166544307158812382e-02 
1.516737218638216853e-02 2.057201768225058042e-02 9.450319436417314173e-03 2.000968462487699023e-02 1.151220731345381845e-02 8.106968243802621307e-03 4.576766272512847698e-03 3.897280494853090638e-02 3.850419406738624789e-02 0.000000000000000000e+00 4.809509676814695961e-02 1.829144472734656884e-02 2.125931364126274967e-02 1.551102016588825142e-02 1.869757415767193953e-02 8.669301301176213226e-03 2.514878395476342985e-03 3.438041831331323239e-02 3.238101188709601591e-02 4.394008028866430021e-02 3.013167965760164824e-02 8.450616223308705932e-03 3.577063059404239458e-03 1.657320482981614745e-02 5.100048423124384916e-02 3.616113966166294158e-02 1.718239897530420685e-04 3.295896530717443065e-03 2.803855105515550006e-02 3.795748137271747619e-03 6.513691247910776382e-03 2.139989690560614895e-03 1.632327902653899626e-02 1.733860260235242689e-03 1.016885612083912559e-02 1.344913228885174714e-02 3.280276168012621332e-04 6.482450522501132482e-03 5.576469485621455939e-03 1.457379840359893097e-02 5.482747309392524242e-03 1.952545338102750850e-03 8.294412596260484702e-03 2.421156219247410854e-03 2.000968462487699023e-02 2.335244224370889785e-02 1.519861291179181242e-02 2.297755353879317106e-02 1.376153954294818786e-02 1.332416938721317154e-02 4.795451350380355859e-03 2.891329136662553270e-02 2.860088411252909371e-02 3.233415079898155266e-03 2.360236804698605251e-02 9.137912182320873447e-03 1.107483715771880213e-02 4.514284821693559900e-03 2.513316359205860703e-02 1.448007622736999928e-02 1.423015042409284808e-02 1.357409519049032273e-02 1.298052140770708691e-02 3.264655805307799166e-03 3.045970727440291004e-03 7.857042440525468380e-03 
4.326840469235695638e-03 2.244646120682922130e-02 4.295599743826051739e-03 3.108452178259579236e-03 3.528639935019291241e-02 4.889173526609287557e-03 2.921007825801714974e-03 2.197785032568456282e-02 5.643637045252190843e-02 4.809509676814695961e-02 0.000000000000000000e+00 8.669301301176213226e-03 6.665208766147549813e-02 1.307424358393601861e-02 2.947562442399912636e-02 1.888501851012980640e-02 3.889470313500679316e-03 5.232821506115372182e-03 1.810400037488870545e-02 3.858229588091035417e-03 2.800731032974585616e-02 1.373029881753854396e-02 2.935066152236055076e-02 2.307127571502210275e-02 2.463331198550430465e-02 3.066277198956559799e-02 5.420265858573236444e-03 1.672940845686436695e-02 1.772911166997297519e-02 1.265249379090582467e-03 8.919227104453366153e-03 1.494868710851465950e-02 1.204329964541776647e-02 4.045673940548899679e-03 6.295006170043268220e-03 1.438635405114106758e-02 1.421453006138802613e-03 8.794264202814788822e-03 5.170340055296084383e-03 1.991596244864805854e-02 3.592683422109061407e-04 9.200393633140161245e-03 2.950686514940877025e-02 4.201877567597119174e-03 3.202174354488511367e-03 2.613286680516721527e-02 5.763913838079320201e-03 2.827285649572783277e-03 1.794779674784048595e-02 1.515175182367734527e-03 1.900998141176838199e-02 3.420859432356019095e-03 3.687967634608475820e-02 1.426139114950249198e-02 1.448007622736999928e-02 2.628907043221543477e-02 6.107561817585403958e-03 3.472406629281932222e-02 1.890063887283462618e-03 3.983192489729611881e-03 1.735422296505724840e-02 2.171230415970258794e-03 6.951061403645792704e-03 2.108748965150970996e-03 1.835392617816585664e-02 2.327434043018478723e-03 
4.920414252018931456e-03 3.944141582967556486e-02 4.217497930301941558e-04 2.419594182976928659e-02 4.353395085833892952e-02 1.594839032162326947e-02 5.295302956934659980e-03 2.981927240350520925e-02 4.522095003045970701e-02 1.829144472734656884e-02 8.669301301176213226e-03 0.000000000000000000e+00 1.029381902247770118e-02 3.594245458379543429e-02 1.960355519455161608e-02 2.029085115356378533e-02 1.526109436261110022e-02 1.135600368640559896e-02 6.451209797091488583e-03 1.594839032162326947e-02 2.391477530108249150e-02 4.982895702838220121e-03 1.319920648557459421e-02 2.169668379699776772e-02 9.856448866742686596e-03 5.540542651400365282e-02 2.582045955107077628e-02 4.358081194645339537e-03 2.872584701416766931e-02 6.076321092175760059e-03 1.169965166591168185e-02 2.338368296911854174e-02 4.514284821693559900e-03 1.110607788312844603e-02 3.081897561661381749e-02 1.504240928474359119e-02 4.842312438494821708e-04 4.670488448741779396e-03 1.185585529295990308e-02 4.920414252018931456e-03 5.607710211031099838e-03 1.979099954700948294e-02 1.904122213717802589e-02 8.325653321670128601e-03 1.219950327246598597e-02 2.202471141379902693e-03 1.421453006138802613e-03 1.076242990362236140e-02 8.481856948718349831e-03 1.294928068229744302e-02 3.202174354488511367e-03 2.569549664943220069e-02 1.707305643637045331e-02 5.139099329886439617e-03 5.201580780705728282e-03 1.785407457161155426e-02 2.764804198753495045e-03 1.327730829909870482e-03 1.110607788312844603e-02 2.764804198753495045e-03 2.138427654290132526e-02 1.310548430934566251e-02 3.233415079898155266e-03 5.107858604476795718e-03 4.764210624970711960e-03 1.710429716178009721e-02 
6.576172698730064180e-03 2.572673737484184459e-02 8.981708555272653952e-03 6.580858807541510591e-02 3.338071510020462762e-02 8.044486792983333509e-03 7.607116637248317187e-03 1.688561208391258991e-02 3.922273075180805757e-02 2.125931364126274967e-02 6.665208766147549813e-02 1.029381902247770118e-02 0.000000000000000000e+00 4.514284821693559900e-03 1.832268545275621274e-02 1.719801933800902891e-02 6.138802542995048725e-03 1.554226089129789531e-02 1.807275964947906155e-02 7.700838813477248884e-03 6.840156828441557035e-02 2.247770193223886520e-02 3.375560380512035441e-02 3.069401271497524189e-02 3.316203002233712033e-02 1.660444555522579135e-02 2.222777612896171401e-02 9.700245239694465366e-03 3.466158484200003442e-02 4.045673940548899679e-03 1.919742576422624539e-02 4.326840469235695638e-03 1.866633343226229563e-02 9.481560161826958072e-03 4.139396116777831376e-03 7.044783579874724401e-03 6.794857776597572341e-03 5.888876739717896665e-03 1.154344803886346235e-02 1.232446617410456330e-02 1.244942907574313889e-02 4.670488448741779396e-03 6.669894874958996744e-03 8.606819850356925428e-03 1.419890969868320418e-02 8.544338399537637629e-03 1.671378809415954673e-03 8.825504928224432721e-03 5.201580780705728282e-03 2.983489276621003206e-03 2.413346037894999879e-02 1.419890969868320418e-02 4.815757821896624741e-02 2.202471141379902693e-03 1.482372420687608390e-02 9.200393633140161245e-03 1.666692700604507915e-02 8.903606741748543770e-04 8.278792233555663620e-04 2.250894265764850910e-02 5.701432387260032403e-03 4.139396116777831376e-03 1.405832643433980610e-04 1.526109436261110022e-02 1.844764835439478834e-02 1.094987425608022653e-02 
8.544338399537637629e-03 3.175619737890313793e-02 7.653977725362782385e-04 2.985051312891485314e-02 3.253721551414423541e-02 7.575875911838673288e-03 9.544041612646245870e-03 3.716084287477155329e-02 4.587700526406222890e-02 1.551102016588825142e-02 1.307424358393601861e-02 3.594245458379543429e-02 4.514284821693559900e-03 0.000000000000000000e+00 1.223074399787562987e-02 1.718239897530420685e-04 2.296193317608834824e-03 9.825208141333040962e-03 1.035630047329699072e-02 1.265249379090582467e-03 2.188412814945563112e-02 2.967868913916181257e-04 3.295896530717443065e-03 4.326840469235695638e-03 1.279307705524922352e-02 5.743607366563051320e-02 1.888501851012980640e-02 5.482747309392524242e-03 4.244052546900139306e-02 6.045080366766116160e-03 9.950171042971618293e-03 2.322747934207032225e-02 1.682313063309330212e-02 6.763617051187928442e-03 1.501116855933394729e-02 4.764210624970711960e-03 3.014730002030647105e-03 5.732673112669676302e-03 5.076617879067151819e-03 1.638576047735828406e-02 3.545822333994595559e-03 2.400849747731142320e-02 2.438338618222714999e-02 3.045970727440291004e-03 2.983489276621003206e-03 1.716677861259938501e-02 3.670785235633171589e-03 1.294928068229744302e-02 1.423015042409284808e-02 6.716755963073462159e-04 6.045080366766116160e-03 9.262875083959449043e-03 1.718239897530420685e-04 6.404348708977022084e-04 2.358674768428123056e-03 2.100938783798559847e-02 7.169746481513300865e-03 5.295302956934659980e-03 1.404270607163498295e-02 1.454255767818928707e-02 7.653977725362782385e-04 9.137912182320873447e-03 1.132476296099595506e-02 2.514878395476342985e-03 5.389025133163591677e-03 9.512800887236601971e-03 
3.887908277230197468e-02 1.663568628063543525e-02 1.360533591589996663e-02 4.076914665958543578e-03 1.301176213311673081e-02 3.233415079898155266e-03 1.562036270482200715e-05 2.050953623143129262e-02 2.785110670269763666e-02 1.869757415767193953e-02 2.947562442399912636e-02 1.960355519455161608e-02 1.832268545275621274e-02 1.223074399787562987e-02 0.000000000000000000e+00 7.482153735609740723e-03 4.072228557147097167e-02 1.444883550196035538e-02 1.082491135444165094e-02 4.315906215342320273e-02 1.045002264952592241e-02 2.269638701010637596e-02 1.091863353067058263e-02 2.038457332979271702e-02 1.358971555319514598e-03 1.194957746918883477e-02 3.231853043627672811e-02 1.607335322326184507e-02 1.827582436464174603e-03 1.729174151423796060e-02 1.469876130523750830e-02 3.764507411862103286e-03 3.806682391165122636e-02 2.007216607569627803e-02 9.731485965104109265e-03 1.448007622736999928e-02 3.905090676205501482e-04 9.481560161826958072e-03 3.545822333994595559e-03 4.165950733376028864e-02 3.603617676002436598e-02 7.575875911838673288e-03 1.229322544869491940e-02 1.854137053062372004e-02 1.234008653680938568e-03 3.334947437479498372e-02 1.223074399787562987e-02 1.510489073556287899e-02 1.591714959621362557e-02 1.876005560849123080e-02 1.216826254705634207e-02 2.641403333385401037e-02 4.031615614114559404e-02 6.091941454880582009e-04 1.410518752245427075e-02 1.876005560849123080e-02 4.732969899561068061e-03 1.776035239538261909e-02 1.429263187491213588e-02 2.503944141582967534e-02 1.316796576016495031e-02 5.451506583982880343e-03 1.207454037082741037e-02 3.734828722722941668e-02 2.216529467814242621e-02 4.951654977428576222e-03 
1.972851809619019514e-02 3.491151064527718562e-02 4.803261531732767181e-02 4.576766272512847698e-03 4.842312438494821708e-04 7.919523891344756178e-03 8.231931145441196904e-03 8.638060575766569327e-03 1.629203830112935236e-02 8.669301301176213226e-03 1.888501851012980640e-02 2.029085115356378533e-02 1.719801933800902891e-02 1.718239897530420685e-04 7.482153735609740723e-03 0.000000000000000000e+00 9.481560161826958072e-03 2.335244224370889785e-02 2.425842328058857439e-02 2.119683219044346187e-02 2.046267514331682764e-03 2.671082022524562914e-03 6.669894874958996744e-03 9.575282338055889769e-03 1.069994845280307361e-02 2.733563473343851146e-03 5.795154563488964100e-03 2.422718255517893049e-02 1.719801933800902891e-02 1.285555850606851132e-02 2.967868913916181257e-04 1.232446617410456330e-02 1.483934456958090628e-03 7.982005342164045711e-03 2.625782970680579087e-02 3.639544510223527256e-03 8.200690420031553005e-03 3.363064090348177881e-02 2.015026788922038865e-03 1.983786063512394966e-03 1.950983301832268438e-02 5.638950936440743737e-03 4.045673940548899679e-03 1.358971555319514598e-03 1.541729798965931972e-02 1.035630047329699072e-02 7.294709383151876461e-03 1.488620565769537170e-02 5.888876739717896665e-03 2.363360877239569641e-02 2.960058732563770195e-02 1.173089239132132575e-02 2.441462690763679388e-02 2.764804198753495045e-03 1.577656633187022543e-03 3.420859432356019095e-03 3.670785235633171589e-03 4.483044096283916001e-03 1.048126337493556631e-02 2.166544307158812382e-02 2.135303581749168136e-02 1.405832643433980610e-04 3.280276168012621332e-04 7.919523891344756178e-03 1.838516690357550054e-02 3.920711038910323215e-03 
1.051250410034521021e-02 1.201205892000812257e-02 3.608303784813883357e-03 3.951951764319967114e-03 2.483637670066699086e-03 2.463331198550430465e-02 7.232227932332588663e-03 1.585466814539433777e-02 6.826098502007216240e-03 2.514878395476342985e-03 3.889470313500679316e-03 1.526109436261110022e-02 6.138802542995048725e-03 2.296193317608834824e-03 4.072228557147097167e-02 9.481560161826958072e-03 0.000000000000000000e+00 1.358971555319514598e-03 1.491744638310501560e-02 4.178447023539886424e-02 9.793967415923397063e-03 1.460503912900857487e-02 5.920117465127540564e-03 5.232821506115372182e-03 4.670488448741779396e-03 1.654196410440650356e-02 3.503647354691576121e-02 1.966603664537090387e-02 1.454255767818928707e-02 2.225901685437135791e-02 6.357487620862556019e-03 3.328699292397569592e-02 8.138208969212265206e-03 1.327730829909870482e-03 2.044705478061200482e-02 1.613583467408113287e-02 1.338665083803245934e-02 3.295896530717443065e-03 1.404270607163498295e-02 1.644824192817757186e-02 1.201205892000812257e-02 9.075430731501585649e-03 4.139396116777831376e-03 1.507365001015323509e-02 5.076617879067151819e-03 1.735422296505724840e-02 8.481856948718349831e-03 1.051250410034521021e-02 8.325653321670128601e-03 2.575797810025148848e-02 2.764804198753495045e-03 1.416766897327355855e-02 2.972555022727627755e-02 1.148096658804417455e-02 5.326543682344303879e-03 1.076242990362236140e-02 2.327434043018478723e-03 1.879129633390087470e-02 4.514284821693559900e-03 3.163123447726456233e-02 4.233118293006763941e-03 2.672644058795045283e-02 1.722926006341867280e-02 2.375857167403427200e-02 4.639247723332135497e-03 3.369312235430106661e-02 
2.488323778878145584e-02 1.357409519049032273e-02 2.703884784204689182e-02 2.072822130929880338e-02 2.535184866992611433e-02 4.576766272512847698e-03 1.497992783392430340e-02 4.139396116777831376e-03 2.650775551008294553e-02 3.438041831331323239e-02 5.232821506115372182e-03 1.135600368640559896e-02 1.554226089129789531e-02 9.825208141333040962e-03 1.444883550196035538e-02 2.335244224370889785e-02 1.358971555319514598e-03 0.000000000000000000e+00 1.640138084006310558e-03 3.631734328871116108e-02 1.888501851012980640e-02 4.415876536653180751e-02 2.853840266170980591e-02 2.707008856745653572e-02 3.213108608381886472e-02 1.279307705524922352e-02 3.559880660428935140e-02 7.919523891344756178e-03 3.169371592808385013e-02 1.085615207985129484e-02 6.440275543198113739e-02 3.764507411862103286e-03 2.291507208797388326e-02 2.057201768225058042e-02 1.676064918227401085e-02 1.173089239132132575e-02 2.953810587481841415e-02 1.123104078476702163e-02 7.325950108561521228e-03 2.007216607569627803e-02 3.035036473546915900e-02 8.763023477405144923e-03 7.232227932332588663e-03 8.700542026585857125e-03 9.216013995844983845e-04 1.369905809212890006e-02 1.265249379090582467e-03 1.119980005935737773e-02 8.794264202814788822e-03 1.229322544869491940e-02 7.888283165935112279e-03 3.934769365344663317e-02 2.388353457567284760e-02 5.014136428247864020e-03 2.343054405723300835e-04 1.952545338102750850e-03 8.044486792983333509e-03 1.148096658804417455e-02 2.389915493837766955e-03 1.332416938721317154e-02 1.710429716178009721e-02 2.310251644043174665e-02 2.547681157156469339e-02 3.347443727643355932e-02 1.827582436464174603e-03 4.044111904278417657e-02 
2.119683219044346187e-02 3.684843562067511430e-02 4.201877567597119174e-03 1.676064918227401085e-02 1.729174151423796060e-02 8.356894047079772500e-03 1.704181571096080941e-02 1.076242990362236140e-02 6.482450522501132482e-03 3.238101188709601591e-02 1.810400037488870545e-02 6.451209797091488583e-03 1.807275964947906155e-02 1.035630047329699072e-02 1.082491135444165094e-02 2.425842328058857439e-02 1.491744638310501560e-02 1.640138084006310558e-03 0.000000000000000000e+00 8.763023477405144923e-03 2.350864587075711734e-02 7.138505756103656966e-03 1.919742576422624539e-02 9.200393633140161245e-03 3.019416110842093603e-02 3.106890141989096868e-02 1.894749996094909419e-02 1.373029881753854396e-02 1.947859229291304048e-02 1.910370358799731369e-02 1.276183632983957962e-02 1.273059560442993572e-02 9.012949280682297851e-03 1.273059560442993572e-02 3.266217841578281794e-02 1.448007622736999928e-02 3.259969696496352320e-02 2.129055436667239357e-02 1.763538949374404349e-02 1.020009684624876949e-02 3.538012152642184410e-02 1.733860260235242689e-03 3.819178681328980196e-02 1.632327902653899626e-02 1.001265249379090609e-02 1.938487011668410878e-02 1.515175182367734527e-03 7.732079538886892783e-03 1.266811415361064619e-02 1.148096658804417455e-02 7.763320264296536682e-03 2.764804198753495045e-03 3.722332432559084109e-02 3.166247520267420623e-02 1.038754119870663462e-02 5.763913838079320201e-03 6.263765444633624321e-03 3.456786266577109579e-02 3.528639935019291241e-02 3.472406629281932222e-02 2.766366235023977327e-02 5.021946609600275169e-02 1.507365001015323509e-02 2.197785032568456282e-02 1.045002264952592241e-02 2.191536887486527502e-02 
4.350271013292928562e-02 2.110311001421453017e-02 5.084428060419562967e-02 1.241818835033349500e-02 5.112544713288242476e-02 1.444883550196035538e-02 4.478357987472469243e-02 7.888283165935112279e-03 3.841047189115730925e-02 4.394008028866430021e-02 3.858229588091035417e-03 1.594839032162326947e-02 7.700838813477248884e-03 1.265249379090582467e-03 4.315906215342320273e-02 2.119683219044346187e-02 4.178447023539886424e-02 3.631734328871116108e-02 8.763023477405144923e-03 0.000000000000000000e+00 8.731782751995501024e-03 1.276183632983957962e-02 2.963182805104734585e-02 2.160296162076883256e-02 3.053780908792702239e-02 1.202767928271294452e-03 2.179040597322669942e-02 2.347740514534747344e-02 2.363360877239569641e-02 4.687670847717084061e-02 3.428669613708430070e-02 2.332120151829925395e-02 3.191240100595135742e-02 1.491744638310501560e-02 9.981411768381262192e-03 1.701057498555116551e-02 2.328996079288961005e-02 1.007513394461019389e-02 2.166544307158812382e-02 2.450834908386572905e-02 8.263171870850840803e-03 2.082194348552773508e-02 4.025367469032630624e-02 2.853840266170980591e-02 5.467126946687701858e-04 1.444883550196035538e-02 9.700245239694465366e-03 1.963479591996125997e-02 2.057201768225058042e-02 2.188412814945563112e-02 2.960058732563770195e-02 9.262875083959449043e-03 1.265249379090582467e-03 8.606819850356925428e-03 1.722926006341867280e-02 2.300879426420281496e-02 2.079070276011809118e-02 2.607038535434792748e-02 1.858823161873818719e-03 6.263765444633624321e-03 1.950983301832268438e-02 2.139989690560614895e-03 2.702322747934207247e-03 4.170636842187475275e-03 2.202471141379902693e-03 1.876005560849123080e-02 
1.326168793639388374e-02 1.716677861259938501e-02 1.671378809415954673e-03 2.928818007154125949e-02 2.416470110435964269e-02 4.529905184398381633e-04 1.952545338102750850e-03 7.482153735609740723e-03 4.331526578047142223e-02 3.013167965760164824e-02 2.800731032974585616e-02 2.391477530108249150e-02 6.840156828441557035e-02 2.188412814945563112e-02 1.045002264952592241e-02 2.046267514331682764e-03 9.793967415923397063e-03 1.888501851012980640e-02 2.350864587075711734e-02 8.731782751995501024e-03 0.000000000000000000e+00 2.653899623549258943e-02 1.382402099376747566e-02 1.276183632983957962e-02 1.140286477452006437e-03 3.603617676002436598e-02 1.544853871506896362e-02 3.764507411862103286e-03 1.544853871506896362e-02 4.982895702838220121e-03 2.222777612896171401e-02 1.344913228885174714e-02 1.844764835439478834e-02 6.888579952826504905e-03 2.172792452240741162e-02 1.057498555116449801e-02 5.732673112669676302e-03 3.014730002030647105e-03 5.638950936440743737e-03 1.632327902653899626e-02 9.762726690513753164e-03 6.091941454880582009e-04 9.294115809369092943e-03 8.263171870850840803e-03 2.897577281744482050e-02 1.332416938721317154e-02 1.932238866586482098e-02 2.967868913916181257e-04 7.607116637248317187e-03 1.608897358596666658e-03 1.119980005935737773e-02 1.672940845686436695e-02 1.838516690357550054e-02 3.483340883175307327e-03 1.640138084006310558e-03 1.601087177244255727e-02 9.216013995844983845e-04 1.348037301426139103e-02 3.175619737890313793e-02 1.310548430934566251e-02 9.825208141333040962e-03 6.295006170043268220e-03 3.858229588091035417e-03 1.109045752042362321e-03 2.978803167809556535e-02 3.420859432356019095e-03 
3.327137256127087397e-03 2.063449913306986822e-02 3.672347271903653870e-02 1.323044721098423984e-02 7.044783579874724401e-03 2.019712897733485363e-02 2.100938783798559847e-02 2.560177447320326899e-02 1.866633343226229563e-02 8.450616223308705932e-03 1.373029881753854396e-02 4.982895702838220121e-03 2.247770193223886520e-02 2.967868913916181257e-04 2.269638701010637596e-02 2.671082022524562914e-03 1.460503912900857487e-02 4.415876536653180751e-02 7.138505756103656966e-03 1.276183632983957962e-02 2.653899623549258943e-02 0.000000000000000000e+00 9.044190006091941750e-03 4.295599743826051739e-03 1.335541011262281544e-02 3.466158484200003442e-02 2.100938783798559847e-02 1.860385198144300783e-02 1.232446617410456330e-02 1.048126337493556631e-02 6.857339227416861006e-03 3.951951764319967114e-03 1.390212280729158497e-03 1.265249379090582467e-03 4.483044096283916001e-03 6.091941454880582009e-04 2.296193317608834824e-03 1.101235570689951433e-02 1.608897358596666658e-03 2.238397975600993350e-02 2.594542245270935188e-02 5.513988034802168141e-03 2.066573985847951558e-02 6.404348708977022084e-04 1.327730829909870482e-03 1.288679923147815522e-02 1.079367062903200530e-02 4.170636842187475275e-03 2.797606960433621226e-02 9.637763788875177567e-03 1.441759477655071148e-02 2.171230415970258794e-03 5.732673112669676302e-03 8.903606741748543770e-04 3.831674971492837756e-02 1.407394679704462685e-02 2.085318421093737898e-02 1.016885612083912559e-02 1.176213311673096965e-02 6.919820678236148805e-03 1.788531529702119816e-02 1.013761539542948169e-02 1.291803995688779912e-02 8.013246067573689610e-03 8.450616223308705932e-03 6.576172698730064180e-03 
1.260563270279135839e-02 1.935362939127446488e-02 5.090676205501491747e-02 1.091863353067058263e-02 7.013542854465080502e-03 1.035630047329699072e-02 6.888579952826504905e-03 5.888876739717896665e-03 3.295896530717443065e-03 3.577063059404239458e-03 2.935066152236055076e-02 1.319920648557459421e-02 3.375560380512035441e-02 3.295896530717443065e-03 1.091863353067058263e-02 6.669894874958996744e-03 5.920117465127540564e-03 2.853840266170980591e-02 1.919742576422624539e-02 2.963182805104734585e-02 1.382402099376747566e-02 9.044190006091941750e-03 0.000000000000000000e+00 8.356894047079772500e-03 1.207454037082741037e-02 2.796044924163138944e-03 3.170933629078867035e-03 3.228728971086708421e-02 4.889173526609287557e-03 1.063746700198378581e-02 1.952545338102750850e-03 1.013761539542948169e-02 6.404348708977022084e-04 3.514581608584951226e-03 2.500820069042003144e-02 5.467126946687701858e-04 1.562036270482200715e-05 1.685437135850294602e-02 2.983489276621003206e-03 9.918930317561974394e-03 1.504240928474359119e-02 1.888501851012980640e-02 5.467126946687701858e-04 1.319920648557459421e-02 2.514878395476342985e-03 8.231931145441196904e-03 5.607710211031099838e-03 1.296490104500226583e-03 1.202767928271294452e-03 1.963479591996125997e-02 4.244052546900139306e-02 1.338665083803245934e-02 2.903825426826410830e-02 2.858526374982427176e-03 3.264655805307799166e-03 1.577656633187022543e-03 1.140286477452006437e-03 2.671082022524562914e-03 8.669301301176213226e-03 1.141848513722488676e-02 2.372733094862462810e-02 3.295896530717443065e-03 1.057498555116449801e-02 2.983489276621003206e-03 1.348037301426139103e-02 1.326168793639388374e-02 
1.722926006341867280e-02 2.457083053468501685e-02 6.024773895249847799e-02 5.732673112669676302e-03 6.826098502007216240e-03 2.210281322732313841e-02 2.066573985847951558e-02 2.941314297317983856e-02 2.254018338305815300e-02 1.657320482981614745e-02 2.307127571502210275e-02 2.169668379699776772e-02 3.069401271497524189e-02 4.326840469235695638e-03 2.038457332979271702e-02 9.575282338055889769e-03 5.232821506115372182e-03 2.707008856745653572e-02 9.200393633140161245e-03 2.160296162076883256e-02 1.276183632983957962e-02 4.295599743826051739e-03 8.356894047079772500e-03 0.000000000000000000e+00 4.795451350380355859e-03 1.629203830112935236e-02 1.126228151017666552e-02 4.756400443618300639e-02 1.797903747325012985e-02 1.594839032162326947e-02 7.013542854465080502e-03 1.448007622736999928e-02 3.077211452849935337e-03 1.294928068229744302e-02 2.250894265764850910e-02 9.169152907730517346e-03 7.232227932332588663e-03 1.844764835439478834e-02 1.529233508802074412e-02 1.369905809212890006e-02 1.210578109623705427e-02 8.481856948718349831e-03 1.316796576016495031e-02 9.950171042971618293e-03 8.606819850356925428e-03 1.704181571096080941e-02 3.702025961042815488e-03 3.826988862681391518e-03 7.482153735609740723e-03 1.129352223558631116e-02 1.751042659210546790e-02 7.950764616754401812e-03 2.000968462487699023e-02 1.310548430934566251e-02 2.122807291585310577e-02 1.032505974788734508e-02 4.358081194645339537e-03 2.921007825801714974e-03 3.077211452849935337e-03 1.020009684624876949e-02 2.269638701010637596e-02 1.329292866180352764e-02 2.141551726831096916e-02 1.248066980115278279e-02 1.020009684624876949e-02 2.858526374982427176e-03 
