0.000000000000000000e+00 1.566722379293647091e-02 1.219950327246598597e-02 1.376153954294818786e-02 4.889173526609287557e-03 8.450616223308705932e-03 1.288679923147815522e-02 1.954107374373232828e-02 3.983192489729611881e-03 6.170043268404692624e-03 2.343054405723300835e-04 1.501116855933394729e-02 1.079367062903200530e-02 7.810181352411003236e-05 1.285555850606851132e-02 1.141848513722488676e-02 4.965713303862915456e-02 4.483044096283916001e-03 1.326168793639388374e-02 6.857339227416861006e-03 1.182461456755025918e-02 2.135303581749168136e-02 1.796341711054530704e-03 1.794779674784048595e-02 5.638950936440743737e-03 1.419890969868320418e-02 1.373029881753854396e-02 6.138802542995048725e-03 7.575875911838673288e-03 1.169965166591168185e-02 6.076321092175760059e-03 1.273059560442993572e-02 2.647651478467330163e-02 1.622955685031006456e-02 3.731704650181977279e-02 1.410518752245427075e-02 3.264655805307799166e-03 1.546415907777378643e-03 2.077508239741326663e-03 3.014730002030647105e-03 4.639247723332135497e-03 1.266811415361064619e-02 1.166841094050203795e-02 1.560474234211718311e-02 7.341570471266342310e-04 1.979099954700948294e-02 1.048126337493556631e-02 1.938487011668410878e-02 3.389618706946375196e-03 3.139692903669223135e-03 4.884487417797841319e-02 3.384932598134928611e-02 3.800434246083193857e-02 1.938487011668410878e-02 8.950467829863010052e-03 1.344913228885174714e-02 1.707305643637045331e-02 3.420859432356019095e-03 1.171527202861650553e-03 4.326840469235695638e-03 1.847888907980443224e-02 7.763320264296536682e-03 1.991596244864805854e-02 2.671082022524562914e-03 1.188709601836954698e-02 1.035630047329699072e-02 
1.566722379293647091e-02 0.000000000000000000e+00 3.978506380918164775e-02 2.275886846092566376e-02 1.023133757165841339e-02 2.235273903060028960e-02 9.544041612646245870e-03 3.525515862478326851e-02 2.264952592199190925e-03 1.469876130523750830e-02 3.309954857151783253e-02 1.157468876427310625e-02 3.139692903669223135e-03 1.691685280932223381e-02 3.483340883175307327e-03 2.353988659616676471e-02 1.088739280526093874e-02 2.764804198753495045e-03 1.132476296099595506e-02 1.182461456755025918e-02 2.569549664943220069e-02 2.341492369452818564e-02 2.482075633796216804e-02 6.701135600368640644e-03 9.856448866742686596e-03 1.501116855933394729e-02 6.919820678236148805e-03 1.404270607163498295e-02 1.635451975194864016e-02 1.535481653884003192e-02 1.757290804292475569e-02 6.951061403645792704e-03 1.785407457161155426e-02 4.701729174151424162e-03 5.201580780705728282e-03 1.466752057982786440e-02 3.937893437885627707e-02 5.045377153657507920e-03 1.410518752245427075e-02 1.358971555319514598e-03 8.013246067573689610e-03 3.592683422109061407e-04 3.044408691169809070e-02 4.576766272512847698e-03 1.276183632983957962e-02 7.044783579874724401e-03 6.576172698730064180e-03 1.579218669457504651e-02 1.726050078882831670e-02 7.138505756103656966e-03 1.921304612693106734e-03 2.297755353879317106e-02 1.729174151423796060e-02 3.013167965760164824e-02 2.091566566175666678e-02 1.647948265358721576e-02 3.266217841578281794e-02 2.538308939533575823e-02 4.982895702838220121e-03 7.700838813477248884e-03 1.394898389540605126e-02 2.030647151626860760e-04 5.357784407753947778e-03 3.608303784813883357e-03 7.263468657742232562e-03 8.294412596260484702e-03 
1.219950327246598597e-02 3.978506380918164775e-02 0.000000000000000000e+00 8.231931145441196904e-03 5.951358190537184463e-03 1.713553788718974111e-02 2.897577281744482050e-02 6.076321092175760059e-03 1.890063887283462618e-03 6.091941454880582009e-04 8.013246067573689610e-03 1.566722379293647091e-02 5.826395288898607999e-03 1.507365001015323509e-02 9.216013995844983845e-04 2.307127571502210275e-02 8.903606741748543770e-04 1.421453006138802613e-03 8.575579124947281529e-03 1.691685280932223381e-02 2.046267514331682764e-03 1.219950327246598597e-02 1.952545338102750850e-03 1.785407457161155426e-02 1.497992783392430340e-02 9.606523063465533668e-03 1.082491135444165094e-02 1.166841094050203795e-02 1.104359643230915823e-02 1.766663021915368739e-02 1.216826254705634207e-02 6.763617051187928442e-03 3.035036473546915900e-02 1.644824192817757186e-02 5.638950936440743737e-03 3.139692903669223135e-03 2.304003498961245885e-02 4.764210624970711960e-03 1.529233508802074412e-02 1.310548430934566251e-02 2.577359846295630783e-03 2.483637670066699086e-03 1.379278026835783176e-02 6.544931973320420281e-03 7.200987206922944764e-03 1.738546369046689230e-02 1.448007622736999928e-02 1.401146534622533905e-02 2.713257001827582351e-02 2.764804198753495045e-03 5.670191661850388504e-03 1.332416938721317154e-02 8.544338399537637629e-03 4.112841500179634235e-02 2.847592121089051811e-02 1.782283384620191036e-02 2.719505146909511131e-02 2.328996079288961005e-02 2.019712897733485363e-02 2.550805229697433729e-02 1.129352223558631116e-02 3.466158484200003442e-02 3.577063059404239458e-03 2.983489276621003206e-03 1.282431778065886742e-02 1.718239897530420685e-04 
1.376153954294818786e-02 2.275886846092566376e-02 8.231931145441196904e-03 0.000000000000000000e+00 2.796044924163138944e-03 1.265249379090582467e-03 2.588294100189006408e-02 7.419672284790452925e-03 2.266514628469673207e-02 1.069994845280307361e-02 4.165950733376028864e-02 1.676064918227401085e-02 5.389025133163591677e-03 9.918930317561974394e-03 1.985348099782877074e-02 2.733563473343851146e-03 2.139989690560614895e-03 1.140286477452006437e-03 2.366484949780534031e-02 2.546119120885986884e-03 1.640138084006310558e-03 1.376153954294818786e-02 2.389915493837766955e-03 1.733860260235242689e-03 3.295896530717443065e-03 1.260563270279135839e-02 7.341570471266342310e-04 3.420859432356019095e-03 9.200393633140161245e-03 2.063449913306986822e-02 8.606819850356925428e-03 1.144972586263453065e-02 3.264655805307799166e-03 2.410221965354035489e-02 3.003795748137271654e-02 4.529905184398381633e-04 6.404348708977022084e-04 2.188412814945563112e-02 4.440869116980896564e-02 3.094393851825239308e-02 1.179337384214061528e-02 3.303706712069854473e-02 1.557350161670753921e-02 3.378684453052999831e-02 2.560177447320326899e-02 9.137912182320873447e-03 2.847592121089051811e-02 2.416470110435964269e-02 2.216529467814242621e-02 2.141551726831096916e-02 1.157468876427310625e-02 3.934769365344663317e-02 2.800731032974585616e-02 7.575875911838673288e-03 2.378981239944391590e-02 1.657320482981614745e-02 3.213108608381886472e-02 6.076321092175760059e-03 8.950467829863010052e-03 3.338071510020462762e-02 5.888876739717896665e-03 1.566722379293647091e-02 1.254315125197207059e-02 2.641403333385401037e-02 1.354285446508067883e-02 2.577359846295630783e-03 
4.889173526609287557e-03 1.023133757165841339e-02 5.951358190537184463e-03 2.796044924163138944e-03 0.000000000000000000e+00 4.359643230915821732e-02 2.343054405723300835e-04 7.810181352411003236e-05 1.360533591589996663e-02 1.360533591589996663e-02 2.225901685437135791e-02 1.544853871506896362e-02 1.554226089129789531e-02 1.466752057982786440e-02 1.410518752245427075e-02 7.388431559380809026e-03 8.200690420031553005e-03 1.066870772739342971e-02 5.826395288898607999e-03 1.785407457161155426e-02 4.842312438494821708e-04 1.140286477452006437e-03 6.638654149549352845e-03 6.295006170043268220e-03 1.063746700198378581e-02 9.637763788875177567e-03 3.389618706946375196e-03 1.041878192411627851e-02 1.538605726424967582e-02 2.132179509208203746e-02 1.171527202861650553e-03 4.281541417391711984e-02 5.638950936440743737e-03 2.641403333385401037e-02 2.452396944657054753e-03 7.419672284790452925e-03 1.048126337493556631e-02 8.075727518392977408e-03 8.481856948718349831e-03 1.288679923147815522e-02 9.544041612646245870e-03 1.213702182164669817e-02 1.085615207985129484e-02 1.629203830112935236e-02 2.335244224370889785e-02 1.260563270279135839e-02 1.326168793639388374e-02 2.577359846295630783e-03 2.632031115762507867e-02 5.951358190537184463e-03 1.251191052656242669e-02 6.607413424139708946e-03 1.754166731751511180e-02 2.264952592199190925e-03 9.419078711007670274e-03 2.175916524781705552e-02 1.391774316999640736e-02 5.670191661850388504e-03 6.763617051187928442e-03 1.702619534825598573e-03 8.294412596260484702e-03 6.013839641356472261e-03 1.238694762492385110e-02 2.139989690560614895e-03 2.796044924163138944e-03 1.191833674377919088e-02 
8.450616223308705932e-03 2.235273903060028960e-02 1.713553788718974111e-02 1.265249379090582467e-03 4.359643230915821732e-02 0.000000000000000000e+00 3.294334494446961303e-02 1.669816773145472305e-02 2.150923944453990086e-02 1.341789156344210324e-02 1.872881488308158343e-02 1.229322544869491940e-02 1.640138084006310558e-03 1.048126337493556631e-02 4.514284821693559900e-03 2.702322747934207247e-03 2.347740514534747344e-02 3.295896530717443065e-03 2.210281322732313841e-02 1.610459394867148897e-02 1.077805026632718422e-03 5.795154563488964100e-03 1.844764835439478834e-02 3.233415079898155266e-03 1.669816773145472305e-02 8.950467829863010052e-03 2.139989690560614895e-03 1.304300285852637471e-02 4.576766272512847698e-03 9.169152907730517346e-03 7.138505756103656966e-03 9.231634358549805144e-03 1.140286477452006437e-03 1.569846451834611481e-02 2.122807291585310577e-02 1.515175182367734527e-03 1.269935487902029009e-02 4.529905184398381633e-04 1.171527202861650553e-03 1.390212280729158497e-03 4.889173526609287557e-03 2.546119120885986884e-03 7.325950108561521228e-03 9.981411768381262192e-03 1.669816773145472305e-02 4.389321920054983436e-03 2.603914462893828358e-02 5.139099329886439617e-03 3.420859432356019095e-03 6.263765444633624321e-03 3.200612318218028912e-02 2.107186928880488627e-02 1.045002264952592241e-02 8.919227104453366153e-03 2.233711866789547026e-03 1.016885612083912559e-02 1.529233508802074412e-02 5.888876739717896665e-03 4.686108811446601806e-05 1.760414876833439959e-02 2.358674768428123056e-03 7.325950108561521228e-03 8.887986379043722254e-03 4.514284821693559900e-03 3.881660132148268688e-02 1.516737218638216853e-02 
1.288679923147815522e-02 9.544041612646245870e-03 2.897577281744482050e-02 2.588294100189006408e-02 2.343054405723300835e-04 3.294334494446961303e-02 0.000000000000000000e+00 1.694809353473187771e-02 6.716755963073462159e-04 8.919227104453366153e-03 1.885377778472016250e-02 1.501116855933394729e-02 1.335541011262281544e-02 9.450319436417314173e-03 4.545525547103203799e-03 2.702322747934207247e-03 6.857339227416861006e-03 2.483637670066699086e-03 1.234008653680938568e-03 5.732673112669676302e-03 1.769787094456333129e-02 1.932238866586482098e-02 2.738249582155297818e-02 1.796341711054530704e-03 1.546415907777378643e-03 7.825801715115824481e-03 1.379278026835783176e-02 3.091269779284274918e-02 3.545822333994595559e-03 4.217497930301941558e-04 1.585466814539433777e-02 1.529233508802074412e-02 1.994720317405770244e-02 1.421453006138802613e-03 1.388650244458676346e-02 7.825801715115824481e-03 9.419078711007670274e-03 1.098111498148987043e-02 1.647948265358721576e-02 3.264655805307799166e-03 8.638060575766569327e-03 3.951951764319967114e-03 1.569846451834611481e-02 4.170636842187475275e-03 1.776035239538261909e-02 4.639247723332135497e-03 2.858526374982427176e-03 1.594839032162326947e-02 4.045673940548899679e-03 1.369905809212890006e-02 2.057201768225058042e-02 2.264952592199190925e-03 1.323044721098423984e-02 5.857636014308251898e-03 2.108748965150970996e-03 6.732376325778284543e-03 1.171527202861650553e-03 1.788531529702119816e-02 1.579218669457504651e-02 8.013246067573689610e-03 5.826395288898607999e-03 1.765100985644886588e-03 2.046267514331682764e-03 3.170933629078867035e-03 1.310548430934566251e-02 7.482153735609740723e-03 
1.954107374373232828e-02 3.525515862478326851e-02 6.076321092175760059e-03 7.419672284790452925e-03 7.810181352411003236e-05 1.669816773145472305e-02 1.694809353473187771e-02 0.000000000000000000e+00 2.413346037894999879e-02 2.532060794451647043e-02 1.413642824786391465e-02 1.796341711054530704e-03 1.429263187491213588e-02 7.763320264296536682e-03 3.472406629281932222e-02 1.454255767818928707e-02 1.426139114950249198e-02 2.222777612896171401e-02 1.390212280729158497e-03 1.063746700198378581e-02 1.563598306752682701e-02 2.025961042815414143e-02 3.050656836251737850e-02 2.494571923960074364e-02 3.934769365344663317e-02 9.856448866742686596e-03 9.528421249941423921e-04 3.472406629281932222e-02 3.525515862478326851e-02 4.790765241568908928e-02 2.514878395476342985e-03 2.285259063715459546e-02 4.822005966978553521e-02 7.794560989706180582e-03 5.059435480091847848e-02 2.978803167809556535e-02 1.063746700198378581e-02 1.060622627657414191e-02 4.087848919851919116e-02 1.469876130523750830e-02 4.889173526609287557e-03 1.063746700198378581e-02 1.207454037082741037e-02 1.473000203064715220e-02 1.269935487902029009e-02 3.319327074774676423e-02 4.764210624970711960e-03 4.108155391368187477e-03 4.326840469235695638e-03 2.796044924163138944e-03 2.483637670066699086e-03 1.807275964947906155e-02 1.494868710851465950e-02 3.826988862681391518e-03 6.201283993814336523e-03 1.494868710851465950e-02 4.295599743826051739e-03 4.295599743826051739e-03 3.325575219856605202e-02 3.972258235836235996e-02 4.181571096080850813e-02 2.144675799372061306e-02 6.607413424139708946e-03 2.863212483793873761e-02 1.716677861259938501e-02 2.296193317608834824e-03 
3.983192489729611881e-03 2.264952592199190925e-03 1.890063887283462618e-03 2.266514628469673207e-02 1.360533591589996663e-02 2.150923944453990086e-02 6.716755963073462159e-04 2.413346037894999879e-02 0.000000000000000000e+00 1.404270607163498295e-02 2.469579343632359245e-02 1.357409519049032273e-02 2.375857167403427200e-02 1.601087177244255727e-02 4.951654977428576222e-03 1.327730829909870482e-03 7.810181352411003236e-05 1.718239897530420685e-04 3.920711038910323215e-03 5.045377153657507920e-03 2.722629219450475521e-02 1.223074399787562987e-02 5.154719692591261783e-04 1.140286477452006437e-03 1.473000203064715220e-02 1.132476296099595506e-02 1.091863353067058263e-02 4.358081194645339537e-03 1.860385198144300783e-02 1.382402099376747566e-02 1.952545338102750850e-03 3.500523282150611731e-02 6.951061403645792704e-03 3.091269779284274918e-02 1.423015042409284808e-02 2.546119120885986884e-03 8.903606741748543770e-04 2.389915493837766955e-03 3.545822333994595559e-03 8.169449694621909105e-03 1.632327902653899626e-02 9.512800887236601971e-03 6.544931973320420281e-03 4.295599743826051739e-03 1.588590887080398167e-02 8.356894047079772500e-03 1.932238866586482098e-02 1.234008653680938568e-03 1.463627985441821877e-02 6.076321092175760059e-03 1.166841094050203795e-02 1.421453006138802613e-03 1.876005560849123080e-02 8.106968243802621307e-03 3.014730002030647105e-03 1.291803995688779912e-02 8.513097674127993730e-03 5.888876739717896665e-03 4.889173526609287557e-03 1.335541011262281544e-02 8.825504928224432721e-03 3.452100157765663428e-03 3.702025961042815488e-03 8.169449694621909105e-03 2.628907043221543477e-02 6.701135600368640644e-03 
6.170043268404692624e-03 1.469876130523750830e-02 6.091941454880582009e-04 1.069994845280307361e-02 1.360533591589996663e-02 1.341789156344210324e-02 8.919227104453366153e-03 2.532060794451647043e-02 1.404270607163498295e-02 0.000000000000000000e+00 2.888205064121588880e-02 6.357487620862556019e-03 8.763023477405144923e-03 8.887986379043722254e-03 1.223074399787562987e-02 1.979099954700948294e-02 2.050953623143129262e-02 2.514878395476342985e-03 1.038754119870663462e-02 9.981411768381262192e-03 3.764507411862103286e-03 3.781689810837407517e-02 7.232227932332588663e-03 2.788234742810728056e-02 2.264952592199190925e-03 5.763913838079320201e-03 2.139989690560614895e-03 3.545822333994595559e-03 3.916024930098876977e-02 1.426139114950249198e-02 4.842312438494821708e-04 1.232446617410456330e-02 7.700838813477248884e-03 7.810181352411003236e-05 1.226198472328527550e-02 4.108155391368187477e-03 6.826098502007216240e-03 3.047532763710773460e-02 3.612989893625329768e-02 3.295896530717443065e-03 1.473000203064715220e-02 5.232821506115372182e-03 1.073118917821271751e-02 2.233711866789547026e-03 5.232821506115372182e-03 5.357784407753947778e-03 9.637763788875177567e-03 1.054374482575485411e-02 2.546119120885986884e-03 1.310548430934566251e-02 5.638950936440743737e-03 1.369905809212890006e-02 1.038754119870663462e-02 5.795154563488964100e-03 4.295599743826051739e-03 5.357784407753947778e-03 1.751042659210546790e-02 1.904122213717802589e-02 3.050656836251737850e-02 1.179337384214061528e-02 4.764210624970711960e-03 5.576469485621455939e-03 1.307424358393601861e-02 3.234977116168637201e-02 2.244646120682922130e-02 1.248066980115278279e-02 
2.343054405723300835e-04 3.309954857151783253e-02 8.013246067573689610e-03 4.165950733376028864e-02 2.225901685437135791e-02 1.872881488308158343e-02 1.885377778472016250e-02 1.413642824786391465e-02 2.469579343632359245e-02 2.888205064121588880e-02 0.000000000000000000e+00 2.357112732157640861e-02 4.703291210421906010e-02 7.450913010200096824e-03 4.262796982145925645e-02 2.264952592199190925e-03 1.497992783392430340e-02 8.575579124947281529e-03 4.842312438494821708e-04 5.014136428247864020e-03 6.583982880082475675e-02 1.223074399787562987e-02 9.294115809369092943e-03 7.138505756103656966e-03 4.165950733376028864e-02 1.171527202861650553e-03 4.451803370874272102e-03 1.854137053062372004e-02 1.872881488308158343e-02 3.662975054280760701e-02 5.170340055296084383e-03 6.857339227416861006e-03 1.685437135850294602e-02 1.326168793639388374e-02 4.553335728455614601e-02 5.389025133163591677e-03 4.545525547103203799e-03 2.389915493837766955e-03 3.150627157562598674e-02 1.891625923553945030e-02 1.735422296505724840e-02 9.216013995844983845e-04 6.669894874958996744e-03 4.403380246489323191e-02 2.060325840766022432e-02 2.828847685843265125e-02 1.947859229291304048e-02 1.046564301223074306e-03 6.326246895452912120e-03 3.545822333994595559e-03 1.513613146097252463e-02 2.796044924163138944e-03 7.357190833971165127e-03 1.132476296099595506e-02 3.920711038910323215e-03 3.358377981536731297e-03 8.763023477405144923e-03 4.842312438494821708e-04 2.460207126009466075e-02 4.762648588700229418e-02 2.213405395273278231e-02 7.732079538886892783e-03 2.032209187897342922e-02 3.670785235633171589e-03 1.327730829909870482e-03 4.857932801199643658e-03 
1.501116855933394729e-02 1.157468876427310625e-02 1.566722379293647091e-02 1.676064918227401085e-02 1.544853871506896362e-02 1.229322544869491940e-02 1.501116855933394729e-02 1.796341711054530704e-03 1.357409519049032273e-02 6.357487620862556019e-03 2.357112732157640861e-02 0.000000000000000000e+00 3.264655805307799166e-03 1.950983301832268438e-02 2.077508239741326663e-03 1.001265249379090609e-02 1.779159312079226646e-02 7.076024305284368300e-03 1.063746700198378581e-02 4.842312438494821708e-04 1.376153954294818786e-02 1.497992783392430340e-02 5.170340055296084383e-03 6.451209797091488583e-03 3.858229588091035417e-03 1.179337384214061528e-02 2.967868913916181257e-04 3.514581608584951226e-03 2.343054405723300835e-04 4.108155391368187477e-03 1.448007622736999928e-02 9.387837985598026375e-03 2.077508239741326663e-03 1.398022462081569516e-02 1.510489073556287899e-02 3.097517924366203698e-02 5.170340055296084383e-03 6.857339227416861006e-03 3.139692903669223135e-03 1.116855933394773383e-02 1.910370358799731369e-02 1.888501851012980640e-02 7.575875911838673288e-03 1.405832643433980610e-04 1.132476296099595506e-02 1.572970524375575871e-02 1.085615207985129484e-02 1.732298223964760450e-02 6.669894874958996744e-03 1.251191052656242669e-02 5.139099329886439617e-03 6.701135600368640644e-03 6.201283993814336523e-03 1.016885612083912559e-02 1.160592948968275015e-02 3.077211452849935337e-03 5.107858604476795718e-03 1.273059560442993572e-02 7.763320264296536682e-03 3.503647354691576121e-02 1.460503912900857487e-02 4.264359018416407840e-03 6.607413424139708946e-03 8.544338399537637629e-03 7.232227932332588663e-03 8.231931145441196904e-03 
1.079367062903200530e-02 3.139692903669223135e-03 5.826395288898607999e-03 5.389025133163591677e-03 1.554226089129789531e-02 1.640138084006310558e-03 1.335541011262281544e-02 1.429263187491213588e-02 2.375857167403427200e-02 8.763023477405144923e-03 4.703291210421906010e-02 3.264655805307799166e-03 0.000000000000000000e+00 4.576766272512847698e-03 1.638576047735828406e-02 2.139989690560614895e-03 1.076242990362236140e-02 2.983489276621003206e-03 5.076617879067151819e-03 1.491744638310501560e-02 2.413346037894999879e-02 1.994720317405770244e-02 3.592683422109061407e-04 1.148096658804417455e-02 1.679188990768365475e-02 4.108155391368187477e-03 4.108155391368187477e-03 1.234008653680938568e-03 1.444883550196035538e-02 7.857042440525468380e-03 4.264359018416407840e-03 8.294412596260484702e-03 5.170340055296084383e-03 4.178447023539886424e-02 1.507365001015323509e-02 3.047532763710773460e-02 6.544931973320420281e-03 2.275886846092566376e-02 3.306830784610818863e-02 4.478357987472469243e-02 1.560474234211718311e-02 4.475233914931504853e-02 2.060325840766022432e-02 4.303409925178462714e-02 2.608600571705275116e-03 1.226198472328527550e-02 4.686108811446601806e-05 5.278120557959355835e-02 2.297755353879317106e-02 3.169371592808385013e-02 4.701729174151424162e-03 1.313672503475530641e-02 1.160592948968275015e-02 4.701729174151424162e-03 2.728877364532404301e-02 2.288383136256423936e-02 3.550508442806041970e-02 2.157172089535918866e-02 1.110607788312844603e-02 2.897577281744482050e-02 1.519861291179181242e-02 1.207454037082741037e-02 3.741076867804870448e-02 3.094393851825239308e-02 2.032209187897342922e-02 1.782283384620191036e-02 
7.810181352411003236e-05 1.691685280932223381e-02 1.507365001015323509e-02 9.918930317561974394e-03 1.466752057982786440e-02 1.048126337493556631e-02 9.450319436417314173e-03 7.763320264296536682e-03 1.601087177244255727e-02 8.887986379043722254e-03 7.450913010200096824e-03 1.950983301832268438e-02 4.576766272512847698e-03 0.000000000000000000e+00 3.420859432356019095e-03 1.054374482575485411e-02 2.622658898139614697e-02 1.085615207985129484e-02 1.113731860853808993e-02 2.577359846295630783e-03 9.793967415923397063e-03 2.232149830519064571e-02 1.257439197738171449e-02 2.241522048141957740e-02 4.826692075789999758e-03 2.878832846498695711e-02 7.482153735609740723e-03 4.358081194645339537e-03 2.171230415970258794e-03 3.295896530717443065e-03 5.201580780705728282e-03 1.629203830112935236e-02 6.419969071681844684e-03 2.272762773551601986e-02 1.079367062903200530e-02 2.160296162076883256e-02 1.663568628063543525e-02 1.185585529295990308e-02 7.169746481513300865e-03 6.326246895452912120e-03 1.819772255111763715e-02 1.851012980521407614e-02 1.733860260235242689e-03 1.276183632983957962e-02 4.857932801199643658e-03 4.139396116777831376e-03 1.207454037082741037e-02 2.872584701416766931e-02 1.094987425608022653e-02 1.390212280729158497e-03 4.842312438494821708e-04 8.419375497899062033e-03 2.577359846295630783e-03 2.213405395273278231e-02 1.332416938721317154e-02 5.779534200784141934e-04 1.829144472734656884e-02 7.810181352411003236e-05 1.140286477452006437e-03 3.509895499773504901e-02 9.481560161826958072e-03 6.607413424139708946e-03 9.137912182320873447e-03 1.176213311673096965e-02 8.981708555272653952e-03 3.452100157765663428e-03 
1.285555850606851132e-02 3.483340883175307327e-03 9.216013995844983845e-04 1.985348099782877074e-02 1.410518752245427075e-02 4.514284821693559900e-03 4.545525547103203799e-03 3.472406629281932222e-02 4.951654977428576222e-03 1.223074399787562987e-02 4.262796982145925645e-02 2.077508239741326663e-03 1.638576047735828406e-02 3.420859432356019095e-03 0.000000000000000000e+00 4.686108811446601806e-05 3.703587997313297769e-02 1.782283384620191036e-02 5.732673112669676302e-03 7.966384979459223544e-04 2.469579343632359245e-02 7.950764616754401812e-03 7.794560989706180582e-03 1.113731860853808993e-02 1.641700120276792796e-02 5.326543682344303879e-03 1.140286477452006437e-03 2.046267514331682764e-03 7.638357362657961086e-03 1.763538949374404349e-02 1.010637467001983779e-02 1.429263187491213588e-02 9.575282338055889769e-03 7.732079538886892783e-03 1.957231446914197218e-02 1.416766897327355855e-02 8.356894047079772500e-03 3.264655805307799166e-03 1.232446617410456330e-02 2.171230415970258794e-03 2.756994017401084157e-02 9.137912182320873447e-03 4.509598712882113142e-02 1.379278026835783176e-02 5.264062231525016081e-03 6.170043268404692624e-03 1.091863353067058263e-02 1.388650244458676346e-02 1.562036270482200715e-05 6.669894874958996744e-03 1.154344803886346235e-02 5.670191661850388504e-03 9.981411768381262192e-03 5.467126946687701858e-04 2.858526374982427176e-03 6.045080366766116160e-03 1.454255767818928707e-02 2.154048016994954476e-02 1.851012980521407614e-02 6.794857776597572341e-03 1.138724441181524286e-02 2.238397975600993350e-02 2.639841297114919015e-03 1.085615207985129484e-02 2.100938783798559847e-02 9.216013995844983845e-04 
1.141848513722488676e-02 2.353988659616676471e-02 2.307127571502210275e-02 2.733563473343851146e-03 7.388431559380809026e-03 2.702322747934207247e-03 2.702322747934207247e-03 1.454255767818928707e-02 1.327730829909870482e-03 1.979099954700948294e-02 2.264952592199190925e-03 1.001265249379090609e-02 2.139989690560614895e-03 1.054374482575485411e-02 4.686108811446601806e-05 0.000000000000000000e+00 2.139989690560614895e-03 5.139099329886439617e-03 1.382402099376747566e-02 5.295302956934659980e-03 2.983489276621003206e-03 2.160296162076883256e-02 6.524625501804151573e-02 1.569846451834611481e-02 1.629203830112935236e-02 6.669894874958996744e-03 1.110607788312844603e-02 3.060029053874631019e-02 9.528421249941423921e-04 4.014433215139255780e-03 1.401146534622533905e-02 3.858229588091035417e-03 1.288679923147815522e-02 1.316796576016495031e-02 1.354285446508067883e-02 1.323044721098423984e-02 2.225901685437135791e-02 9.731485965104109265e-03 9.481560161826958072e-03 4.608006997922491597e-03 6.732376325778284543e-03 1.073118917821271751e-02 7.825801715115824481e-03 1.176213311673096965e-02 2.343054405723300835e-04 3.514581608584951226e-03 3.060029053874631019e-02 8.591199487652103695e-04 9.981411768381262192e-03 2.407097892813071099e-02 2.985051312891485314e-02 1.640138084006310558e-03 3.327137256127087397e-03 2.922569862072197169e-02 2.421156219247410854e-03 1.063746700198378581e-02 9.981411768381262192e-03 3.077211452849935337e-03 3.706712069854262159e-02 3.056904981333666629e-02 4.842312438494821708e-04 1.765100985644886588e-03 8.700542026585857125e-03 3.264655805307799166e-03 1.001265249379090609e-02 1.522985363720145632e-02 
4.965713303862915456e-02 1.088739280526093874e-02 8.903606741748543770e-04 2.139989690560614895e-03 8.200690420031553005e-03 2.347740514534747344e-02 6.857339227416861006e-03 1.426139114950249198e-02 7.810181352411003236e-05 2.050953623143129262e-02 1.497992783392430340e-02 1.779159312079226646e-02 1.076242990362236140e-02 2.622658898139614697e-02 3.703587997313297769e-02 2.139989690560614895e-03 0.000000000000000000e+00 8.794264202814788822e-03 8.169449694621909105e-03 1.104359643230915823e-02 8.278792233555663620e-04 7.263468657742232562e-03 2.655461659819741181e-04 7.232227932332588663e-03 1.366781736671925443e-02 1.273059560442993572e-02 5.170340055296084383e-03 1.004389321920054999e-02 2.222777612896171401e-02 4.531467220668863871e-02 5.295302956934659980e-03 3.103766069448132478e-02 2.389915493837766955e-03 2.967868913916181257e-04 4.701729174151424162e-03 1.244942907574313889e-02 1.129352223558631116e-02 4.420562645464627335e-03 5.451506583982880343e-03 3.706712069854262159e-02 1.316796576016495031e-02 4.217497930301941558e-04 1.265249379090582467e-03 8.950467829863010052e-03 1.107483715771880213e-02 1.782283384620191036e-02 5.201580780705728282e-03 4.982895702838220121e-03 4.982895702838220121e-03 1.741670441587653620e-02 2.194660960027491892e-02 4.639247723332135497e-03 9.793967415923397063e-03 8.544338399537637629e-03 2.260266483387744427e-02 1.541729798965931972e-02 7.232227932332588663e-03 9.700245239694465366e-03 7.107265030694013067e-03 1.176213311673096965e-02 3.170933629078867035e-03 9.356597260188380741e-03 1.310548430934566251e-02 4.701729174151424162e-03 3.702025961042815488e-03 1.210578109623705427e-02 
4.483044096283916001e-03 2.764804198753495045e-03 1.421453006138802613e-03 1.140286477452006437e-03 1.066870772739342971e-02 3.295896530717443065e-03 2.483637670066699086e-03 2.222777612896171401e-02 1.718239897530420685e-04 2.514878395476342985e-03 8.575579124947281529e-03 7.076024305284368300e-03 2.983489276621003206e-03 1.085615207985129484e-02 1.782283384620191036e-02 5.139099329886439617e-03 8.794264202814788822e-03 0.000000000000000000e+00 3.650478764116903141e-02 2.010340680110592193e-02 1.640138084006310558e-03 1.694809353473187771e-02 1.138724441181524286e-02 3.514581608584951226e-03 1.483934456958090628e-03 2.452396944657054753e-03 1.060622627657414191e-02 5.920117465127540564e-03 1.060622627657414191e-02 2.378981239944391590e-02 2.091566566175666678e-02 2.535184866992611433e-02 3.438041831331323239e-02 5.607710211031099838e-03 8.481856948718349831e-03 1.491744638310501560e-02 6.701135600368640644e-03 1.569846451834611481e-02 7.544635186429028521e-03 1.254315125197207059e-02 1.532357581343038802e-02 2.827285649572783277e-03 4.056608194442275217e-02 8.106968243802621307e-03 4.170636842187475275e-03 2.644527405926365773e-02 1.288679923147815522e-02 3.670785235633171589e-03 3.359940017807213491e-02 5.826395288898607999e-03 9.356597260188380741e-03 3.025664255924022383e-02 6.357487620862556019e-03 1.585466814539433777e-02 2.678892203876974062e-02 3.841047189115730925e-02 2.582045955107077628e-02 3.869163841984411129e-02 9.840828504037862912e-04 3.953513800590449656e-02 2.628907043221543477e-02 4.012871178868773064e-02 1.338665083803245934e-02 2.038457332979271702e-02 1.416766897327355855e-02 1.916618503881660149e-02 
1.326168793639388374e-02 1.132476296099595506e-02 8.575579124947281529e-03 2.366484949780534031e-02 5.826395288898607999e-03 2.210281322732313841e-02 1.234008653680938568e-03 1.390212280729158497e-03 3.920711038910323215e-03 1.038754119870663462e-02 4.842312438494821708e-04 1.063746700198378581e-02 5.076617879067151819e-03 1.113731860853808993e-02 5.732673112669676302e-03 1.382402099376747566e-02 8.169449694621909105e-03 3.650478764116903141e-02 0.000000000000000000e+00 3.060029053874631019e-02 1.285555850606851132e-02 9.294115809369092943e-03 2.327434043018478723e-03 8.231931145441196904e-03 7.919523891344756178e-03 9.981411768381262192e-03 1.335541011262281544e-02 1.497992783392430340e-02 1.234008653680938568e-03 1.045002264952592241e-02 1.541729798965931972e-02 4.764210624970711960e-03 5.232821506115372182e-03 2.452396944657054753e-03 1.801027819865977375e-02 2.291507208797388326e-02 2.422718255517893049e-02 1.960355519455161608e-02 9.387837985598026375e-03 1.613583467408113287e-02 3.035036473546915900e-02 2.550805229697433729e-02 3.259969696496352320e-02 1.248066980115278279e-02 3.544260297724113190e-02 3.637982473953044887e-02 3.113138287071025648e-02 1.041878192411627851e-02 1.234008653680938568e-03 1.582342741998469041e-02 2.139989690560614895e-03 6.263765444633624321e-03 5.763913838079320201e-03 3.956637873131414046e-02 6.982302129055436603e-03 1.194957746918883477e-02 3.983192489729611881e-03 3.975382308377200385e-02 7.966384979459223544e-04 1.747918586669582400e-02 9.793967415923397063e-03 2.475827488714288024e-02 7.575875911838673288e-03 1.023133757165841339e-02 9.294115809369092943e-03 6.013839641356472261e-03 
6.857339227416861006e-03 1.182461456755025918e-02 1.691685280932223381e-02 2.546119120885986884e-03 1.785407457161155426e-02 1.610459394867148897e-02 5.732673112669676302e-03 1.063746700198378581e-02 5.045377153657507920e-03 9.981411768381262192e-03 5.014136428247864020e-03 4.842312438494821708e-04 1.491744638310501560e-02 2.577359846295630783e-03 7.966384979459223544e-04 5.295302956934659980e-03 1.104359643230915823e-02 2.010340680110592193e-02 3.060029053874631019e-02 0.000000000000000000e+00 4.545525547103203799e-03 2.044705478061200482e-02 6.357487620862556019e-03 1.925990721504553319e-02 1.048126337493556631e-02 1.166841094050203795e-02 3.858229588091035417e-03 6.076321092175760059e-03 1.110607788312844603e-02 4.326840469235695638e-03 9.481560161826958072e-03 5.170340055296084383e-03 2.483637670066699086e-03 1.769787094456333129e-02 3.951951764319967114e-03 1.604211249785220117e-02 1.144972586263453065e-02 9.262875083959449043e-03 8.700542026585857125e-03 2.806979178056514396e-02 1.994720317405770244e-02 1.513613146097252463e-02 2.129055436667239357e-02 4.512722785423077532e-02 7.653977725362782385e-04 3.937893437885627707e-02 7.857042440525468380e-03 3.233415079898155266e-03 2.635155188303472257e-02 2.703884784204689182e-02 1.015323575813430407e-03 1.301176213311673081e-02 2.585170027648042018e-02 2.682016276417938452e-02 2.378981239944391590e-02 2.747621799778190987e-02 2.616410753057685917e-02 3.022540183383057993e-02 5.420265858573236444e-03 1.045002264952592241e-02 1.890063887283462618e-03 2.972555022727627755e-02 1.319920648557459421e-02 1.135600368640559896e-02 3.409925178462643730e-02 3.483340883175307327e-03 
1.182461456755025918e-02 2.569549664943220069e-02 2.046267514331682764e-03 1.640138084006310558e-03 4.842312438494821708e-04 1.077805026632718422e-03 1.769787094456333129e-02 1.563598306752682701e-02 2.722629219450475521e-02 3.764507411862103286e-03 6.583982880082475675e-02 1.376153954294818786e-02 2.413346037894999879e-02 9.793967415923397063e-03 2.469579343632359245e-02 2.983489276621003206e-03 8.278792233555663620e-04 1.640138084006310558e-03 1.285555850606851132e-02 4.545525547103203799e-03 0.000000000000000000e+00 1.638576047735828406e-02 5.732673112669676302e-03 2.639841297114919015e-03 5.295302956934659980e-03 1.423015042409284808e-02 1.015323575813430407e-03 1.546415907777378643e-03 1.669816773145472305e-02 3.013167965760164824e-02 5.467126946687701858e-04 9.856448866742686596e-03 9.044190006091941750e-03 3.085021634202346139e-02 2.413346037894999879e-02 1.154344803886346235e-02 1.405832643433980610e-04 3.375560380512035441e-02 4.640809759602618212e-02 3.737952795263906058e-02 9.294115809369092943e-03 4.040987831737453267e-02 1.891625923553945030e-02 4.290913635014605154e-02 2.094690638716631068e-02 1.532357581343038802e-02 1.710429716178009721e-02 3.347443727643355932e-02 2.719505146909511131e-02 2.628907043221543477e-02 1.082491135444165094e-02 3.378684453052999831e-02 1.860385198144300783e-02 5.482747309392524242e-03 2.394601602649213540e-02 2.503944141582967534e-02 3.256845623955387931e-02 1.666692700604507915e-02 1.910370358799731369e-02 3.641106546494009277e-02 1.562036270482200715e-05 1.944735156750339658e-02 2.747621799778190987e-02 3.363064090348177881e-02 2.085318421093737898e-02 5.389025133163591677e-03 
2.135303581749168136e-02 2.341492369452818564e-02 1.219950327246598597e-02 1.376153954294818786e-02 1.140286477452006437e-03 5.795154563488964100e-03 1.932238866586482098e-02 2.025961042815414143e-02 1.223074399787562987e-02 3.781689810837407517e-02 1.223074399787562987e-02 1.497992783392430340e-02 1.994720317405770244e-02 2.232149830519064571e-02 7.950764616754401812e-03 2.160296162076883256e-02 7.263468657742232562e-03 1.694809353473187771e-02 9.294115809369092943e-03 2.044705478061200482e-02 1.638576047735828406e-02 0.000000000000000000e+00 4.665802339930333331e-02 1.679188990768365475e-02 3.272465986660210574e-02 2.100938783798559847e-02 1.983786063512394966e-03 2.781986597728799276e-02 4.326840469235695638e-03 1.388650244458676346e-02 1.638576047735828406e-02 7.029163217169902235e-04 1.046564301223074306e-03 3.764507411862103286e-03 7.029163217169902235e-04 1.702619534825598573e-03 2.171230415970258794e-03 2.628907043221543477e-02 1.501116855933394729e-02 7.825801715115824481e-03 3.077211452849935337e-03 8.325653321670128601e-03 2.538308939533575823e-02 1.235570689951420720e-02 1.419890969868320418e-02 1.796341711054530704e-03 2.655461659819741181e-04 6.482450522501132482e-03 2.210281322732313841e-02 7.294709383151876461e-03 1.116855933394773383e-02 2.296193317608834824e-03 4.795451350380355859e-03 1.676064918227401085e-02 1.900998141176838199e-02 2.516440431746825093e-02 2.019712897733485363e-02 1.972851809619019514e-02 1.248066980115278279e-02 1.960355519455161608e-02 8.638060575766569327e-03 4.233118293006763941e-03 2.233711866789547026e-03 9.700245239694465366e-03 1.791655602243084205e-02 9.262875083959449043e-03 
1.796341711054530704e-03 2.482075633796216804e-02 1.952545338102750850e-03 2.389915493837766955e-03 6.638654149549352845e-03 1.844764835439478834e-02 2.738249582155297818e-02 3.050656836251737850e-02 5.154719692591261783e-04 7.232227932332588663e-03 9.294115809369092943e-03 5.170340055296084383e-03 3.592683422109061407e-04 1.257439197738171449e-02 7.794560989706180582e-03 6.524625501804151573e-02 2.655461659819741181e-04 1.138724441181524286e-02 2.327434043018478723e-03 6.357487620862556019e-03 5.732673112669676302e-03 4.665802339930333331e-02 0.000000000000000000e+00 1.857261125603336394e-02 1.671378809415954673e-03 2.639841297114919015e-03 1.407394679704462685e-02 2.425842328058857439e-02 3.569252878051828309e-02 9.575282338055889769e-03 2.588294100189006408e-02 1.619831612490042066e-02 2.166544307158812382e-02 1.051250410034521021e-02 1.610459394867148897e-02 1.341789156344210324e-02 2.938190224777019466e-02 5.826395288898607999e-03 4.686108811446601806e-05 1.101235570689951433e-02 1.001265249379090609e-02 9.216013995844983845e-04 1.327730829909870482e-03 1.132476296099595506e-02 4.139396116777831376e-03 7.700838813477248884e-03 2.710132929286617962e-02 1.541729798965931972e-02 5.201580780705728282e-03 2.688264421499867232e-02 1.638576047735828406e-02 8.044486792983333509e-03 9.387837985598026375e-03 2.497695996501038754e-02 1.348037301426139103e-02 8.903606741748543770e-04 9.731485965104109265e-03 1.093425389337540399e-04 3.750449085427763618e-02 1.066870772739342971e-02 1.329292866180352764e-02 2.171230415970258794e-03 1.327730829909870482e-03 7.966384979459223544e-04 7.200987206922944764e-03 1.376153954294818786e-02 
1.794779674784048595e-02 6.701135600368640644e-03 1.785407457161155426e-02 1.733860260235242689e-03 6.295006170043268220e-03 3.233415079898155266e-03 1.796341711054530704e-03 2.494571923960074364e-02 1.140286477452006437e-03 2.788234742810728056e-02 7.138505756103656966e-03 6.451209797091488583e-03 1.148096658804417455e-02 2.241522048141957740e-02 1.113731860853808993e-02 1.569846451834611481e-02 7.232227932332588663e-03 3.514581608584951226e-03 8.231931145441196904e-03 1.925990721504553319e-02 2.639841297114919015e-03 1.679188990768365475e-02 1.857261125603336394e-02 0.000000000000000000e+00 2.066573985847951558e-02 2.000968462487699023e-02 2.702322747934207247e-03 1.529233508802074412e-02 4.842312438494821708e-04 1.048126337493556631e-02 3.038160546087880290e-02 9.840828504037862912e-04 7.607116637248317187e-03 7.950764616754401812e-03 7.325950108561521228e-03 5.451506583982880343e-03 6.794857776597572341e-03 2.447710835845608168e-02 3.191240100595135742e-02 2.030647151626860760e-04 5.638950936440743737e-03 1.457379840359893097e-02 1.847888907980443224e-02 2.094690638716631068e-02 4.826692075789999758e-03 7.107265030694013067e-03 2.366484949780534031e-02 1.702619534825598573e-03 1.373029881753854396e-02 1.619831612490042066e-02 6.045080366766116160e-03 1.054374482575485411e-02 5.014136428247864020e-03 1.797903747325012985e-02 1.032505974788734508e-02 2.000968462487699023e-02 2.204033177650385061e-02 1.379278026835783176e-02 3.637982473953044887e-02 6.732376325778284543e-03 2.030647151626860760e-04 3.170933629078867035e-03 2.806979178056514396e-02 1.822896327652728105e-02 2.400849747731142320e-02 9.606523063465533668e-03 
