1.000000 0.055752 0.110725 0.198380 0.184263 0.093427 0.229747 0.105003 0.131397 0.161467 0.077317 0.134887 0.067861 0.151706 0.301808 0.256787 0.507008 0.157553 0.089176 0.191093 0.139501 0.230888 0.223361 0.182308 0.184250 0.016030 0.121585 0.169926 0.235212 0.552659 0.158375 0.152490 0.544156 0.119856 0.092262 0.091605 0.062593 0.203568 0.012802 0.115763 0.060310 0.099273 0.322053 -0.016122 0.086158 0.205815 0.102387 0.101450 0.219999 0.309389 0.133424 0.119828 0.104088 0.098482 0.177656 0.226613 0.182943 0.214573 0.058254 0.117163 0.128651 0.127257 0.143883 0.039508 0.169301 0.111148 
0.055752 1.000000 0.355058 0.138633 0.116720 0.168625 0.108691 0.125453 0.139658 0.089474 0.182440 0.244338 0.144265 0.274257 0.104709 0.272720 0.037383 0.203442 0.115013 0.110444 0.146963 0.226650 0.411626 0.219619 0.106224 0.240732 0.214306 0.756948 0.131358 0.155955 0.169581 0.181105 0.176066 0.081281 0.645782 0.245448 0.242666 0.115234 0.060827 0.115023 0.136529 0.136244 0.162078 0.126939 0.295983 0.148099 0.371064 0.118746 0.287936 0.101306 0.073108 0.165575 0.096609 0.238329 0.271379 0.312928 0.269257 0.233743 0.188967 0.270708 0.573260 0.268344 0.093988 0.167180 0.135376 0.107984 
0.110725 0.355058 1.000000 0.143783 0.207112 0.124363 0.170628 0.123064 0.303852 0.149301 0.133063 0.240017 0.096880 0.240776 0.200123 0.374595 0.096184 0.302318 0.268493 0.286898 0.134969 0.283869 0.395013 0.368707 0.136435 0.056656 0.195701 0.472391 0.170240 0.179177 0.306822 0.170198 0.163197 0.088718 0.147962 0.193130 0.170490 0.107661 0.031939 0.120513 0.127585 0.074031 0.073157 0.042233 0.270199 0.133857 0.296347 0.061724 0.178103 0.110168 0.195209 0.245534 0.237829 0.150297 0.199877 0.142589 0.176094 0.124996 0.184453 0.200416 0.165982 0.142956 0.069250 0.186766 0.079243 0.112570 
0.198380 0.138633 0.143783 1.000000 0.147964 0.065440 0.044911 0.206641 0.144339 0.329727 0.473760 0.163761 0.504598 0.200979 0.092712 0.138809 0.073619 0.150263 0.179095 0.193863 0.919736 0.213135 0.121949 0.144661 0.531086 0.024205 0.162187 0.134117 0.407654 0.131430 0.180492 0.129874 0.090458 0.144491 0.107302 0.079263 0.442656 0.096956 0.044861 0.107704 0.118495 0.064155 0.204581 0.109640 0.058753 0.334403 0.097088 0.107270 0.122117 0.158987 0.132825 0.160087 0.104626 0.480861 0.088583 0.111550 0.158601 0.255290 0.040757 0.111750 0.120143 0.027321 0.121600 0.083772 0.081647 0.104085 
0.184263 0.116720 0.207112 0.147964 1.000000 0.131701 0.856286 0.197109 0.747168 0.249344 0.105120 0.279927 0.127498 0.143380 0.382929 0.364240 0.421399 0.125514 0.231950 0.182502 0.138224 0.233615 0.407902 0.286922 0.242564 0.199898 0.213204 0.240032 0.242001 0.218853 0.173684 0.449878 0.101227 0.035033 0.150175 0.153033 0.191601 0.139425 0.160098 0.080207 0.115453 0.050138 0.230502 0.125285 0.099455 0.197214 0.088452 0.052382 0.232094 0.131011 0.226388 0.199692 0.178825 0.205449 0.167744 0.297780 0.208394 0.159567 0.158614 0.107537 0.169393 0.069118 0.089671 0.132535 0.083819 0.127532 
0.093427 0.168625 0.124363 0.065440 0.131701 1.000000 0.117975 0.072354 0.108962 0.052421 0.076576 0.169435 0.143558 0.249300 0.201804 0.107056 0.046688 0.159277 0.192510 0.104172 0.082049 0.099227 0.147746 0.078451 0.084812 0.458168 0.115893 0.233923 0.101978 0.154586 0.057786 0.265003 0.152672 0.123713 0.199454 0.230836 0.045601 0.097026 0.339765 0.060306 0.083978 0.036818 0.055732 0.113263 0.160115 0.110197 0.197884 0.017254 0.176875 0.048276 0.146230 0.219109 0.109290 0.066132 0.137693 0.228091 0.224797 0.045926 0.300516 0.154836 0.238205 0.036133 0.123982 0.152976 0.142323 0.148290 
0.229747 0.108691 0.170628 0.044911 0.856286 0.117975 1.000000 0.153029 0.671085 0.187770 0.078003 0.296496 0.077745 0.153707 0.290388 0.299648 0.504928 0.093972 0.166002 0.108162 0.045454 0.156311 0.360767 0.216650 0.183016 0.151354 0.124765 0.213369 0.224296 0.173822 0.130005 0.347586 0.088819 0.036015 0.134214 0.118320 0.087988 0.123490 0.145004 0.079509 0.095113 0.053744 0.171161 0.115907 0.033490 0.164467 0.042657 0.080432 0.198484 0.151713 0.187226 0.136827 0.121268 0.126104 0.126808 0.252045 0.174583 0.111383 0.155703 0.062691 0.143974 0.039519 0.103855 0.088093 0.069447 0.109494 
0.105003 0.125453 0.123064 0.206641 0.197109 0.072354 0.153029 1.000000 0.089246 0.306101 0.249468 0.163102 0.250620 0.177298 0.076416 0.236696 0.134743 0.222532 0.180215 0.245792 0.249532 0.246599 0.210612 0.245782 0.360979 0.108526 0.167491 0.073819 0.444706 0.108130 0.173928 0.141503 0.127537 0.142693 0.190505 0.192475 0.198628 0.091343 0.053889 0.067174 0.213710 0.051327 0.108659 0.146144 0.119520 0.092356 0.109669 0.033864 0.189140 0.172490 0.229799 0.149258 0.177461 0.167062 0.141953 0.187448 0.172490 0.150942 0.079560 0.186775 0.178892 0.141942 0.137195 0.161179 0.056796 0.159358 
0.131397 0.139658 0.303852 0.144339 0.747168 0.108962 0.671085 0.089246 1.000000 0.170677 0.170470 0.382976 0.154286 0.185376 0.463536 0.337054 0.171455 0.157754 0.303350 0.221512 0.156197 0.190574 0.358574 0.258631 0.153040 0.152487 0.219112 0.275824 0.174271 0.212125 0.246169 0.322411 0.059818 -0.031848 0.120455 0.098025 0.140987 0.134221 0.127340 0.048774 0.059270 0.030301 0.142884 0.061471 0.148696 0.140029 0.123400 -0.003836 0.180301 0.098480 0.215407 0.177409 0.216268 0.151859 0.158690 0.234097 0.177781 0.082692 0.164230 0.111229 0.115833 0.042888 0.015083 0.145573 0.054327 0.083966 
0.161467 0.089474 0.149301 0.329727 0.249344 0.052421 0.187770 0.306101 0.170677 1.000000 0.158516 0.175452 0.287929 0.166092 0.073865 0.459258 0.184838 0.168810 0.044457 0.123210 0.328110 0.350831 0.504994 0.323680 0.830213 0.075531 0.134813 0.199672 0.591464 0.134238 0.263538 0.031274 0.166018 0.146518 0.127429 0.167585 0.245073 0.387629 0.112341 0.119267 0.142298 0.134262 0.467146 0.151549 0.084914 0.213579 0.054952 0.164077 0.346216 0.310182 0.176065 0.109886 0.061459 0.270257 0.265208 0.379348 0.300196 0.485299 0.158158 0.207199 0.188573 0.158078 0.227167 0.085022 0.354207 0.181805 
0.077317 0.182440 0.133063 0.473760 0.105120 0.076576 0.078003 0.249468 0.170470 0.158516 1.000000 0.166852 0.436532 0.175235 0.057566 0.126811 0.055360 0.246160 0.127713 0.204563 0.549633 0.066655 0.111974 0.044096 0.289337 0.087128 0.138281 0.145164 0.251129 0.033856 0.193446 0.108428 0.042692 0.057585 0.122390 0.110237 0.168950 0.041822 -0.017121 0.018366 0.120145 0.041566 0.118554 0.033673 0.032233 0.129983 0.078352 0.029302 0.100303 0.102290 0.189469 0.052043 0.129105 0.210699 0.099217 0.096668 0.130411 0.119035 0.051546 0.102549 0.128612 0.001285 0.054545 0.109521 -0.000676 0.099397 
0.134887 0.244338 0.240017 0.163761 0.279927 0.169435 0.296496 0.163102 0.382976 0.175452 0.166852 1.000000 0.152633 0.808435 0.106059 0.250146 0.069809 0.218982 0.427526 0.213761 0.152466 0.211670 0.240963 0.217843 0.190240 0.210029 0.195022 0.232958 0.177899 0.111801 0.186462 0.148675 0.138739 0.063804 0.261264 0.278206 0.173622 0.120112 0.211776 0.178674 0.143609 0.114809 0.114617 0.102426 0.109441 0.208157 0.275726 0.057914 0.194078 0.118816 0.345369 0.136867 0.257093 0.188516 0.223078 0.163799 0.196915 0.160663 0.250209 0.164438 0.197982 0.182593 0.072234 0.107855 0.126043 0.042211 
0.067861 0.144265 0.096880 0.504598 0.127498 0.143558 0.077745 0.250620 0.154286 0.287929 0.436532 0.152633 1.000000 0.189047 0.153555 0.184882 0.065748 0.229802 0.167533 0.192049 0.688188 0.167636 0.171070 0.143213 0.330644 0.132941 0.092086 0.157878 0.176675 0.149452 0.172597 0.179689 0.105921 0.175044 0.124531 0.125670 0.241476 0.129848 0.015981 0.028981 0.139710 0.072858 0.118168 -0.011925 0.110159 0.160733 0.129384 0.129391 0.138642 0.153042 0.234786 0.134131 0.200992 0.248081 0.120915 0.206202 0.148944 0.089901 0.066810 0.081601 0.118298 -0.028186 0.211395 0.200856 0.128709 0.243884 
0.151706 0.274257 0.240776 0.200979 0.143380 0.249300 0.153707 0.177298 0.185376 0.166092 0.175235 0.808435 0.189047 1.000000 0.058980 0.268949 0.058464 0.266365 0.232624 0.258709 0.195425 0.276306 0.240163 0.261780 0.192300 0.228164 0.225647 0.227797 0.155914 0.116544 0.226909 0.101342 0.149657 0.123260 0.314933 0.336225 0.227308 0.118788 0.212770 0.224433 0.192602 0.148573 0.149361 0.130500 0.231784 0.263360 0.515894 0.126054 0.274422 0.125755 0.326086 0.204795 0.236220 0.236415 0.275839 0.220113 0.265222 0.205897 0.332981 0.231012 0.279601 0.231006 0.113293 0.180139 0.139357 0.087707 
0.301808 0.104709 0.200123 0.092712 0.382929 0.201804 0.290388 0.076416 0.463536 0.073865 0.057566 0.106059 0.153555 0.058980 1.000000 0.291680 0.274750 0.129960 0.154440 0.189448 0.077087 0.233368 0.314391 0.297229 0.026533 0.122479 0.219620 0.237167 0.059543 0.762918 0.111797 0.652033 0.380580 0.056745 0.104066 0.070475 0.100938 0.181315 0.096559 0.118871 0.052187 0.141170 0.165266 0.045759 0.172743 0.116630 0.123200 0.080350 0.175216 0.244433 0.142601 0.125020 0.126444 0.102939 0.118393 0.272420 0.159947 0.047633 0.065130 0.180876 0.166459 0.033844 0.061568 0.168684 0.103112 0.109690 
0.256787 0.272720 0.374595 0.138809 0.364240 0.107056 0.299648 0.236696 0.337054 0.459258 0.126811 0.250146 0.184882 0.268949 0.291680 1.000000 0.225333 0.187212 0.175707 0.223924 0.143572 0.538073 0.880687 0.727203 0.294593 0.163264 0.213836 0.536908 0.289252 0.328561 0.301072 0.219434 0.305733 0.124122 0.278547 0.296161 0.180759 0.172260 0.094592 0.091130 0.186570 0.140147 0.279095 0.111457 0.110046 0.165930 0.149505 0.159706 0.599691 0.195722 0.285570 0.146088 0.208358 0.165728 0.418989 0.570747 0.457022 0.272390 0.162829 0.224659 0.355575 0.240832 0.180795 0.194836 0.196198 0.193414 
0.507008 0.037383 0.096184 0.073619 0.421399 0.046688 0.504928 0.134743 0.171455 0.184838 0.055360 0.069809 0.065748 0.058464 0.274750 0.225333 1.000000 0.023011 0.124262 0.064146 0.048171 0.162387 0.232378 0.146884 0.200400 0.105290 0.125077 0.122004 0.227455 0.346381 0.148105 0.181103 0.370068 0.187952 0.067016 0.076368 0.120589 0.145510 0.083179 0.115288 0.154787 0.113280 0.393556 0.103192 0.125412 0.209209 0.095129 0.190448 0.232562 0.311422 0.129690 0.169232 0.082271 0.165385 0.182305 0.254482 0.186631 0.263446 0.155070 0.054484 0.150357 0.129621 0.246606 0.120280 0.124283 0.269652 
0.157553 0.203442 0.302318 0.150263 0.125514 0.159277 0.093972 0.222532 0.157754 0.168810 0.246160 0.218982 0.229802 0.266365 0.129960 0.187212 0.023011 1.000000 0.168962 0.571206 0.156209 0.205718 0.188636 0.128791 0.178256 0.117032 0.355672 0.191149 0.187882 0.167053 0.250000 0.179715 0.237338 0.146294 0.172216 0.142433 0.199389 0.209506 0.045914 0.150734 0.160522 0.170458 0.133495 0.126378 0.313806 0.197881 0.317707 0.130101 0.178454 0.160500 0.219514 0.137461 0.244622 0.195408 0.133865 0.169173 0.173898 0.157993 0.265317 0.204743 0.177946 0.005772 0.056153 0.208507 0.155803 0.085442 
0.089176 0.115013 0.268493 0.179095 0.231950 0.192510 0.166002 0.180215 0.303350 0.044457 0.127713 0.427526 0.167533 0.232624 0.154440 0.175707 0.124262 0.168962 1.000000 0.362240 0.144178 0.139840 0.172617 0.118244 0.067025 0.122714 0.224235 0.203398 0.148047 0.139587 0.178545 0.210960 0.142545 0.188527 0.093747 0.176028 0.236943 0.080392 0.159136 0.112027 0.170477 0.155999 0.051147 0.132303 0.193680 0.110059 0.212812 0.057293 0.118705 0.077675 0.304413 0.275424 0.370008 0.205447 0.113526 0.137016 0.147681 0.101101 0.133099 0.109500 0.134848 0.110538 0.151861 0.276823 0.020570 0.173946 
0.191093 0.110444 0.286898 0.193863 0.182502 0.104172 0.108162 0.245792 0.221512 0.123210 0.204563 0.213761 0.192049 0.258709 0.189448 0.223924 0.064146 0.571206 0.362240 1.000000 0.185977 0.225317 0.224439 0.141077 0.161202 0.023766 0.611564 0.180574 0.204356 0.184049 0.329224 0.199029 0.136866 0.112031 0.111539 0.165685 0.212108 0.154819 0.034347 0.157290 0.111295 0.172412 0.116966 0.112973 0.286668 0.165154 0.245036 0.069313 0.160869 0.097952 0.290636 0.203233 0.374255 0.164934 0.158712 0.213914 0.196056 0.089473 0.072359 0.207590 0.153842 0.021507 0.033506 0.295050 0.080532 0.093405 
0.139501 0.146963 0.134969 0.919736 0.138224 0.082049 0.045454 0.249532 0.156197 0.328110 0.549633 0.152466 0.688188 0.195425 0.077087 0.143572 0.048171 0.156209 0.144178 0.185977 1.000000 0.163595 0.122838 0.131190 0.491945 0.064714 0.129875 0.136800 0.395556 0.092861 0.199349 0.125784 0.063264 0.126315 0.120499 0.081083 0.334261 0.088549 0.027218 0.069825 0.105231 0.026204 0.162688 0.060585 0.050979 0.314383 0.088252 0.088789 0.124407 0.119771 0.163659 0.126382 0.132447 0.391937 0.086987 0.130319 0.145853 0.146299 0.030025 0.098091 0.123825 -0.012188 0.124415 0.103783 0.081354 0.129275 
0.230888 0.226650 0.283869 0.213135 0.233615 0.099227 0.156311 0.246599 0.190574 0.350831 0.066655 0.211670 0.167636 0.276306 0.233368 0.538073 0.162387 0.205718 0.139840 0.225317 0.163595 1.000000 0.507224 0.796089 0.274938 0.155985 0.396935 0.293297 0.362481 0.264215 0.394323 0.166761 0.212452 0.185770 0.227599 0.197477 0.337358 0.129301 0.108280 0.198543 0.175386 0.128886 0.216842 0.102849 0.187154 0.192712 0.189710 0.147112 0.292585 0.237357 0.255186 0.176509 0.185751 0.266565 0.240505 0.303784 0.255766 0.273606 0.133728 0.249919 0.251754 0.197574 0.179496 0.191131 0.147748 0.191812 
0.223361 0.411626 0.395013 0.121949 0.407902 0.147746 0.360767 0.210612 0.358574 0.504994 0.111974 0.240963 0.171070 0.240163 0.314391 0.880687 0.232378 0.188636 0.172617 0.224439 0.122838 0.507224 1.000000 0.629648 0.301765 0.175049 0.227337 0.661522 0.277258 0.350271 0.298569 0.236609 0.294846 0.133771 0.410208 0.351517 0.235997 0.275627 0.105501 0.121342 0.185894 0.191272 0.260013 0.165073 0.150114 0.166544 0.184335 0.183063 0.610408 0.217670 0.224881 0.151287 0.135201 0.224707 0.395356 0.693517 0.460775 0.281988 0.166266 0.233853 0.499968 0.192576 0.205929 0.184419 0.255462 0.197615 
0.182308 0.219619 0.368707 0.144661 0.286922 0.078451 0.216650 0.245782 0.258631 0.323680 0.044096 0.217843 0.143213 0.261780 0.297229 0.727203 0.146884 0.128791 0.118244 0.141077 0.131190 0.796089 0.629648 1.000000 0.209149 0.186688 0.239724 0.346391 0.245037 0.281909 0.307942 0.201521 0.232527 0.118498 0.234705 0.226448 0.196190 0.078556 0.088599 0.133330 0.120295 0.117589 0.163758 0.057521 0.115151 0.142371 0.122794 0.163482 0.308847 0.173141 0.229307 0.098738 0.142839 0.163208 0.248970 0.286254 0.246003 0.226163 0.148939 0.218364 0.250078 0.222880 0.145009 0.126887 0.114618 0.157208 
0.184250 0.106224 0.136435 0.531086 0.242564 0.084812 0.183016 0.360979 0.153040 0.830213 0.289337 0.190240 0.330644 0.192300 0.026533 0.294593 0.200400 0.178256 0.067025 0.161202 0.491945 0.274938 0.301765 0.209149 1.000000 0.057060 0.159399 0.158884 0.742177 0.088663 0.246755 0.075735 0.141714 0.170691 0.140591 0.167360 0.280619 0.255838 0.062446 0.129669 0.129845 0.081203 0.405713 0.173509 0.064839 0.273271 0.058117 0.131334 0.237762 0.259131 0.216401 0.154504 0.108484 0.314596 0.206024 0.253664 0.230463 0.470458 0.121045 0.181400 0.172388 0.106486 0.183100 0.113334 0.214161 0.168660 
0.016030 0.240732 0.056656 0.024205 0.199898 0.458168 0.151354 0.108526 0.152487 0.075531 0.087128 0.210029 0.132941 0.228164 0.122479 0.163264 0.105290 0.117032 0.122714 0.023766 0.064714 0.155985 0.175049 0.186688 0.057060 1.000000 0.121765 0.177042 0.090553 0.046792 0.173611 0.141576 0.061151 0.049215 0.174135 0.203139 0.076308 0.084287 0.494213 0.099638 0.109675 0.062537 0.209833 0.104191 0.150817 0.128986 0.199151 -0.008068 0.195847 -0.020934 0.210102 0.142067 0.106617 0.071156 0.180586 0.223820 0.198394 0.123642 0.619810 0.186002 0.198157 0.181726 -0.026022 0.126070 0.055946 0.037244 
0.121585 0.214306 0.195701 0.162187 0.213204 0.115893 0.124765 0.167491 0.219112 0.134813 0.138281 0.195022 0.092086 0.225647 0.219620 0.213836 0.125077 0.355672 0.224235 0.611564 0.129875 0.396935 0.227337 0.239724 0.159399 0.121765 1.000000 0.199430 0.246907 0.174249 0.418928 0.223478 0.118585 0.143452 0.138583 0.112392 0.225683 0.102927 0.021211 0.198550 0.134977 0.174615 0.131246 0.142586 0.290016 0.201125 0.252331 0.105975 0.140405 0.125317 0.223165 0.187073 0.270753 0.196087 0.121970 0.177377 0.147814 0.143807 0.064154 0.178983 0.173331 0.064485 0.069088 0.218242 0.072294 0.118919 
0.169926 0.756948 0.472391 0.134117 0.240032 0.233923 0.213369 0.073819 0.275824 0.199672 0.145164 0.232958 0.157878 0.227797 0.237167 0.536908 0.122004 0.191149 0.203398 0.180574 0.136800 0.293297 0.661522 0.346391 0.158884 0.177042 0.199430 1.000000 0.128786 0.292406 0.220800 0.250353 0.299006 0.114072 0.533416 0.299957 0.174882 0.151451 0.071062 0.110852 0.165394 0.166635 0.172042 0.138408 0.203534 0.151933 0.262868 0.141469 0.432062 0.120036 0.146359 0.175069 0.122151 0.172942 0.292831 0.458260 0.329460 0.197178 0.164825 0.207716 0.575471 0.186661 0.135142 0.207307 0.152617 0.158295 
0.235212 0.131358 0.170240 0.407654 0.242001 0.101978 0.224296 0.444706 0.174271 0.591464 0.251129 0.177899 0.176675 0.155914 0.059543 0.289252 0.227455 0.187882 0.148047 0.204356 0.395556 0.362481 0.277258 0.245037 0.742177 0.090553 0.246907 0.128786 1.000000 0.111899 0.253173 0.095065 0.150608 0.154368 0.168319 0.173289 0.198531 0.144391 0.090134 0.132589 0.128114 0.045110 0.261320 0.147791 0.082992 0.197132 0.067529 0.070420 0.222219 0.193662 0.223585 0.183634 0.184461 0.210552 0.199738 0.218211 0.203834 0.288852 0.132619 0.204194 0.171246 0.136210 0.117918 0.135798 0.119775 0.126434 
0.552659 0.155955 0.179177 0.131430 0.218853 0.154586 0.173822 0.108130 0.212125 0.134238 0.033856 0.111801 0.149452 0.116544 0.762918 0.328561 0.346381 0.167053 0.139587 0.184049 0.092861 0.264215 0.350271 0.281909 0.088663 0.046792 0.174249 0.292406 0.111899 1.000000 0.031680 0.518947 0.741177 0.140271 0.164342 0.134726 0.144652 0.207381 0.032543 0.103504 0.076912 0.132492 0.243097 0.048471 0.148261 0.145714 0.136008 0.138476 0.260165 0.310493 0.109716 0.171192 0.097173 0.152745 0.205259 0.328595 0.236196 0.156080 0.018773 0.189139 0.225750 0.111597 0.199434 0.203177 0.203659 0.200703 
0.158375 0.169581 0.306822 0.180492 0.173684 0.057786 0.130005 0.173928 0.246169 0.263538 0.193446 0.186462 0.172597 0.226909 0.111797 0.301072 0.148105 0.250000 0.178545 0.329224 0.199349 0.394323 0.298569 0.307942 0.246755 0.173611 0.418928 0.220800 0.253173 0.031680 1.000000 0.028499 0.193686 0.106435 0.142407 0.106324 0.235618 0.180149 0.042906 0.200355 0.142300 0.116487 0.175623 0.077329 0.229842 0.199486 0.204635 0.048671 0.210455 0.217769 0.223924 0.165374 0.224589 0.194715 0.176259 0.201077 0.181732 0.175364 0.160837 0.175428 0.173436 0.161701 0.099000 0.223900 0.187277 0.181624 
0.152490 0.181105 0.170198 0.129874 0.449878 0.265003 0.347586 0.141503 0.322411 0.031274 0.108428 0.148675 0.179689 0.101342 0.652033 0.219434 0.181103 0.179715 0.210960 0.199029 0.125784 0.166761 0.236609 0.201521 0.075735 0.141576 0.223478 0.250353 0.095065 0.518947 0.028499 1.000000 0.263167 0.093142 0.131318 0.089749 0.057373 0.072380 0.116233 0.106053 0.142066 0.104860 0.165543 0.127062 0.112665 0.148534 0.096440 0.078634 0.182508 0.138038 0.186921 0.196144 0.223541 0.081154 0.132636 0.255120 0.177575 0.070695 0.067745 0.167851 0.149187 0.080558 0.118940 0.205017 0.077981 0.151689 
0.544156 0.176066 0.163197 0.090458 0.101227 0.152672 0.088819 0.127537 0.059818 0.166018 0.042692 0.138739 0.105921 0.149657 0.380580 0.305733 0.370068 0.237338 0.142545 0.136866 0.063264 0.212452 0.294846 0.232527 0.141714 0.061151 0.118585 0.299006 0.150608 0.741177 0.193686 0.263167 1.000000 0.191218 0.191312 0.146191 0.121678 0.209619 0.033390 0.102814 0.048785 0.128603 0.254120 0.063286 0.147687 0.137915 0.152304 0.182369 0.278470 0.336814 0.077884 0.182681 0.085256 0.128780 0.231152 0.280945 0.226189 0.195165 0.087996 0.159658 0.255861 0.173105 0.308014 0.213471 0.265147 0.331635 
0.119856 0.081281 0.088718 0.144491 0.035033 0.123713 0.036015 0.142693 -0.031848 0.146518 0.057585 0.063804 0.175044 0.123260 0.056745 0.124122 0.187952 0.146294 0.188527 0.112031 0.126315 0.185770 0.133771 0.118498 0.170691 0.049215 0.143452 0.114072 0.154368 0.140271 0.106435 0.093142 0.191218 1.000000 0.147630 0.194579 0.253714 0.229080 0.064754 0.298693 0.259896 0.448423 0.158499 0.081156 0.201018 0.203015 0.227333 0.620993 0.202472 0.344197 0.157600 0.205973 0.220944 0.250363 0.084567 0.194325 0.164438 0.213192 0.066725 0.069353 0.190077 0.050285 0.697437 0.408082 0.266709 0.456483 
0.092262 0.645782 0.147962 0.107302 0.150175 0.199454 0.134214 0.190505 0.120455 0.127429 0.122390 0.261264 0.124531 0.314933 0.104066 0.278547 0.067016 0.172216 0.093747 0.111539 0.120499 0.227599 0.410208 0.234705 0.140591 0.174135 0.138583 0.533416 0.168319 0.164342 0.142407 0.131318 0.191312 0.147630 1.000000 0.566580 0.277113 0.183872 0.088812 0.166673 0.216953 0.183099 0.149583 0.177454 0.221168 0.162278 0.314348 0.149105 0.369680 0.151852 0.102057 0.184756 0.085166 0.252346 0.310623 0.468228 0.321905 0.225419 0.167113 0.371459 0.832002 0.307676 0.148278 0.207766 0.200368 0.155073 
0.091605 0.245448 0.193130 0.079263 0.153033 0.230836 0.118320 0.192475 0.098025 0.167585 0.110237 0.278206 0.125670 0.336225 0.070475 0.296161 0.076368 0.142433 0.176028 0.165685 0.081083 0.197477 0.351517 0.226448 0.167360 0.203139 0.112392 0.299957 0.173289 0.134726 0.106324 0.089749 0.146191 0.194579 0.566580 1.000000 0.225210 0.162165 0.118480 0.147163 0.224089 0.190348 0.161243 0.149531 0.154973 0.140129 0.261489 0.148556 0.423451 0.086698 0.238361 0.199846 0.154660 0.225208 0.329550 0.458478 0.393244 0.255137 0.121737 0.249318 0.539987 0.277360 0.158685 0.221310 0.201579 0.146876 
0.062593 0.242666 0.170490 0.442656 0.191601 0.045601 0.087988 0.198628 0.140987 0.245073 0.168950 0.173622 0.241476 0.227308 0.100938 0.180759 0.120589 0.199389 0.236943 0.212108 0.334261 0.337358 0.235997 0.196190 0.280619 0.076308 0.225683 0.174882 0.198531 0.144652 0.235618 0.057373 0.121678 0.253714 0.277113 0.225210 1.000000 0.179234 0.034135 0.193430 0.258904 0.148581 0.248863 0.271773 0.214757 0.391895 0.244860 0.175455 0.245354 0.157482 0.175194 0.201464 0.121263 0.880143 0.192379 0.231338 0.241641 0.478721 0.125507 0.220775 0.285780 0.207308 0.207332 0.231869 0.162253 0.204481 
0.203568 0.115234 0.107661 0.096956 0.139425 0.097026 0.123490 0.091343 0.134221 0.387629 0.041822 0.120112 0.129848 0.118788 0.181315 0.172260 0.145510 0.209506 0.080392 0.154819 0.088549 0.129301 0.275627 0.078556 0.255838 0.084287 0.102927 0.151451 0.144391 0.207381 0.180149 0.072380 0.209619 0.229080 0.183872 0.162165 0.179234 1.000000 0.125598 0.421324 0.137478 0.537886 0.245659 0.129551 0.271128 0.231610 0.212455 0.334855 0.242943 0.546394 0.150044 0.146838 0.125724 0.205078 0.230338 0.343484 0.269496 0.222743 0.204713 0.214991 0.207333 0.053258 0.260323 0.160235 0.709263 0.189457 
0.012802 0.060827 0.031939 0.044861 0.160098 0.339765 0.145004 0.053889 0.127340 0.112341 -0.017121 0.211776 0.015981 0.212770 0.096559 0.094592 0.083179 0.045914 0.159136 0.034347 0.027218 0.108280 0.105501 0.088599 0.062446 0.494213 0.021211 0.071062 0.090134 0.032543 0.042906 0.116233 0.033390 0.064754 0.088812 0.118480 0.034135 0.125598 1.000000 0.026584 0.056073 0.053952 0.123177 0.052717 0.141362 0.066872 0.269512 0.042408 0.092607 -0.043367 0.101368 0.187935 0.027709 0.031175 0.036584 0.154943 0.081006 0.052387 0.635692 0.197305 0.117647 0.044590 0.070762 0.035917 0.169607 0.022910 
0.115763 0.115023 0.120513 0.107704 0.080207 0.060306 0.079509 0.067174 0.048774 0.119267 0.018366 0.178674 0.028981 0.224433 0.118871 0.091130 0.115288 0.150734 0.112027 0.157290 0.069825 0.198543 0.121342 0.133330 0.129669 0.099638 0.198550 0.110852 0.132589 0.103504 0.200355 0.106053 0.102814 0.298693 0.166673 0.147163 0.193430 0.421324 0.026584 1.000000 0.196929 0.668923 0.124932 0.301052 0.262054 0.583029 0.226706 0.379885 0.126099 0.575895 0.147073 0.160530 0.139151 0.265451 0.134817 0.121579 0.151426 0.169737 0.143352 0.116069 0.147007 0.075772 0.186990 0.129014 0.390729 0.111737 
0.060310 0.136529 0.127585 0.118495 0.115453 0.083978 0.095113 0.213710 0.059270 0.142298 0.120145 0.143609 0.139710 0.192602 0.052187 0.186570 0.154787 0.160522 0.170477 0.111295 0.105231 0.175386 0.185894 0.120295 0.129845 0.109675 0.134977 0.165394 0.128114 0.076912 0.142300 0.142066 0.048785 0.259896 0.216953 0.224089 0.258904 0.137478 0.056073 0.196929 1.000000 0.225407 0.422170 0.289530 0.086888 0.342784 0.168507 0.205284 0.258546 0.114306 0.182253 0.174237 0.172716 0.334667 0.186014 0.264253 0.224273 0.473300 0.118893 0.093064 0.231443 0.350357 0.254891 0.351257 0.174775 0.238956 
0.099273 0.136244 0.074031 0.064155 0.050138 0.036818 0.053744 0.051327 0.030301 0.134262 0.041566 0.114809 0.072858 0.148573 0.141170 0.140147 0.113280 0.170458 0.155999 0.172412 0.026204 0.128886 0.191272 0.117589 0.081203 0.062537 0.174615 0.166635 0.045110 0.132492 0.116487 0.104860 0.128603 0.448423 0.183099 0.190348 0.148581 0.537886 0.053952 0.668923 0.225407 1.000000 0.130906 0.176464 0.314651 0.288933 0.254244 0.723937 0.149407 0.470101 0.178586 0.110531 0.147455 0.192778 0.079740 0.176412 0.159405 0.181302 0.120976 0.088084 0.191659 0.053100 0.351075 0.153475 0.479956 0.179191 
0.322053 0.162078 0.073157 0.204581 0.230502 0.055732 0.171161 0.108659 0.142884 0.467146 0.118554 0.114617 0.118168 0.149361 0.165266 0.279095 0.393556 0.133495 0.051147 0.116966 0.162688 0.216842 0.260013 0.163758 0.405713 0.209833 0.131246 0.172042 0.261320 0.243097 0.175623 0.165543 0.254120 0.158499 0.149583 0.161243 0.248863 0.245659 0.123177 0.124932 0.422170 0.130906 1.000000 0.160818 0.178713 0.404452 0.144537 0.135948 0.423190 0.152225 0.132086 0.222621 0.133987 0.346807 0.411777 0.460342 0.393653 0.804274 0.196380 0.252536 0.207718 0.501714 0.157298 0.273197 0.190080 0.190004 
-0.016122 0.126939 0.042233 0.109640 0.125285 0.113263 0.115907 0.146144 0.061471 0.151549 0.033673 0.102426 -0.011925 0.130500 0.045759 0.111457 0.103192 0.126378 0.132303 0.112973 0.060585 0.102849 0.165073 0.057521 0.173509 0.104191 0.142586 0.138408 0.147791 0.048471 0.077329 0.127062 0.063286 0.081156 0.177454 0.149531 0.271773 0.129551 0.052717 0.301052 0.289530 0.176464 0.160818 1.000000 0.124118 0.385257 0.128936 0.095539 0.162529 0.018038 0.099843 0.142718 0.035006 0.402963 0.161839 0.198268 0.200519 0.241803 0.139936 0.039509 0.174570 0.039641 0.119780 0.222397 0.140725 0.168385 
0.086158 0.295983 0.270199 0.058753 0.099455 0.160115 0.033490 0.119520 0.148696 0.084914 0.032233 0.109441 0.110159 0.231784 0.172743 0.110046 0.125412 0.313806 0.193680 0.286668 0.050979 0.187154 0.150114 0.115151 0.064839 0.150817 0.290016 0.203534 0.082992 0.148261 0.229842 0.112665 0.147687 0.201018 0.221168 0.154973 0.214757 0.271128 0.141362 0.262054 0.086888 0.314651 0.178713 0.124118 1.000000 0.183233 0.787219 0.154784 0.118390 0.203318 0.131517 0.522907 0.261614 0.208608 0.139068 0.158118 0.146747 0.209346 0.392539 0.246071 0.225270 0.072336 0.105390 0.178925 0.194326 0.136342 
0.205815 0.148099 0.133857 0.334403 0.197214 0.110197 0.164467 0.092356 0.140029 0.213579 0.129983 0.208157 0.160733 0.263360 0.116630 0.165930 0.209209 0.197881 0.110059 0.165154 0.314383 0.192712 0.166544 0.142371 0.273271 0.128986 0.201125 0.151933 0.197132 0.145714 0.199486 0.148534 0.137915 0.203015 0.162278 0.140129 0.391895 0.231610 0.066872 0.583029 0.342784 0.288933 0.404452 0.385257 0.183233 1.000000 0.212638 0.201747 0.208846 0.237478 0.184065 0.186089 0.236276 0.637750 0.177165 0.173378 0.194181 0.415104 0.141915 0.142883 0.186865 0.106336 0.199959 0.277991 0.271538 0.197490 
0.102387 0.371064 0.296347 0.097088 0.088452 0.197884 0.042657 0.109669 0.123400 0.054952 0.078352 0.275726 0.129384 0.515894 0.123200 0.149505 0.095129 0.317707 0.212812 0.245036 0.088252 0.189710 0.184335 0.122794 0.058117 0.199151 0.252331 0.262868 0.067529 0.136008 0.204635 0.096440 0.152304 0.227333 0.314348 0.261489 0.244860 0.212455 0.269512 0.226706 0.168507 0.254244 0.144537 0.128936 0.787219 0.212638 1.000000 0.164712 0.184412 0.144347 0.157854 0.435942 0.223006 0.248371 0.178310 0.191923 0.176571 0.198389 0.498033 0.254033 0.293624 0.144265 0.159758 0.256577 0.197469 0.155606 
0.101450 0.118746 0.061724 0.107270 0.052382 0.017254 0.080432 0.033864 -0.003836 0.164077 0.029302 0.057914 0.129391 0.126054 0.080350 0.159706 0.190448 0.130101 0.057293 0.069313 0.088789 0.147112 0.183063 0.163482 0.131334 -0.008068 0.105975 0.141469 0.070420 0.138476 0.048671 0.078634 0.182369 0.620993 0.149105 0.148556 0.175455 0.334855 0.042408 0.379885 0.205284 0.723937 0.135948 0.095539 0.154784 0.201747 0.164712 1.000000 0.128528 0.430536 0.106127 0.072015 0.088901 0.205617 0.061876 0.124385 0.104338 0.202371 0.039947 0.120942 0.148366 0.057189 0.630256 0.207315 0.436666 0.398235 
0.219999 0.287936 0.178103 0.122117 0.232094 0.176875 0.198484 0.189140 0.180301 0.346216 0.100303 0.194078 0.138642 0.274422 0.175216 0.599691 0.232562 0.178454 0.118705 0.160869 0.124407 0.292585 0.610408 0.308847 0.237762 0.195847 0.140405 0.432062 0.222219 0.260165 0.210455 0.182508 0.278470 0.202472 0.369680 0.423451 0.245354 0.242943 0.092607 0.126099 0.258546 0.149407 0.423190 0.162529 0.118390 0.208846 0.184412 0.128528 1.000000 0.166653 0.197231 0.166333 0.180478 0.249820 0.728483 0.861894 0.830617 0.356963 0.161258 0.281330 0.572621 0.376744 0.201325 0.291390 0.183616 0.205274 
0.309389 0.101306 0.110168 0.158987 0.131011 0.048276 0.151713 0.172490 0.098480 0.310182 0.102290 0.118816 0.153042 0.125755 0.244433 0.195722 0.311422 0.160500 0.077675 0.097952 0.119771 0.237357 0.217670 0.173141 0.259131 -0.020934 0.125317 0.120036 0.193662 0.310493 0.217769 0.138038 0.336814 0.344197 0.151852 0.086698 0.157482 0.546394 -0.043367 0.575895 0.114306 0.470101 0.152225 0.018038 0.203318 0.237478 0.144347 0.430536 0.166653 1.000000 0.203501 0.142952 0.116413 0.139569 0.118755 0.167221 0.138732 0.205165 0.043902 0.187808 0.152964 0.095508 0.394561 0.124546 0.481386 0.310865 
0.133424 0.073108 0.195209 0.132825 0.226388 0.146230 0.187226 0.229799 0.215407 0.176065 0.189469 0.345369 0.234786 0.326086 0.142601 0.285570 0.129690 0.219514 0.304413 0.290636 0.163659 0.255186 0.224881 0.229307 0.216401 0.210102 0.223165 0.146359 0.223585 0.109716 0.223924 0.186921 0.077884 0.157600 0.102057 0.238361 0.175194 0.150044 0.101368 0.147073 0.182253 0.178586 0.132086 0.099843 0.131517 0.184065 0.157854 0.106127 0.197231 0.203501 1.000000 0.164034 0.610763 0.183425 0.129084 0.189488 0.172429 0.145430 0.130884 0.221556 0.149929 0.076389 0.118205 0.327849 0.094630 0.168056 
0.119828 0.165575 0.245534 0.160087 0.199692 0.219109 0.136827 0.149258 0.177409 0.109886 0.052043 0.136867 0.134131 0.204795 0.125020 0.146088 0.169232 0.137461 0.275424 0.203233 0.126382 0.176509 0.151287 0.098738 0.154504 0.142067 0.187073 0.175069 0.183634 0.171192 0.165374 0.196144 0.182681 0.205973 0.184756 0.199846 0.201464 0.146838 0.187935 0.160530 0.174237 0.110531 0.222621 0.142718 0.522907 0.186089 0.435942 0.072015 0.166333 0.142952 0.164034 1.000000 0.393165 0.195481 0.196144 0.219854 0.211690 0.189696 0.350781 0.154313 0.182932 0.107172 0.229796 0.260448 0.152368 0.308193 
0.104088 0.096609 0.237829 0.104626 0.178825 0.109290 0.121268 0.177461 0.216268 0.061459 0.129105 0.257093 0.200992 0.236220 0.126444 0.208358 0.082271 0.244622 0.370008 0.374255 0.132447 0.185751 0.135201 0.142839 0.108484 0.106617 0.270753 0.122151 0.184461 0.097173 0.224589 0.223541 0.085256 0.220944 0.085166 0.154660 0.121263 0.125724 0.027709 0.139151 0.172716 0.147455 0.133987 0.035006 0.261614 0.236276 0.223006 0.088901 0.180478 0.116413 0.610763 0.393165 1.000000 0.146546 0.204364 0.154412 0.190159 0.079029 0.143072 0.299309 0.119297 0.114330 0.158463 0.476936 0.067365 0.247322 
0.098482 0.238329 0.150297 0.480861 0.205449 0.066132 0.126104 0.167062 0.151859 0.270257 0.210699 0.188516 0.248081 0.236415 0.102939 0.165728 0.165385 0.195408 0.205447 0.164934 0.391937 0.266565 0.224707 0.163208 0.314596 0.071156 0.196087 0.172942 0.210552 0.152745 0.194715 0.081154 0.128780 0.250363 0.252346 0.225208 0.880143 0.205078 0.031175 0.265451 0.334667 0.192778 0.346807 0.402963 0.208608 0.637750 0.248371 0.205617 0.249820 0.139569 0.183425 0.195481 0.146546 1.000000 0.204124 0.235216 0.247769 0.570016 0.105401 0.163522 0.274108 0.186243 0.241863 0.273831 0.204386 0.240424 
0.177656 0.271379 0.199877 0.088583 0.167744 0.137693 0.126808 0.141953 0.158690 0.265208 0.099217 0.223078 0.120915 0.275839 0.118393 0.418989 0.182305 0.133865 0.113526 0.158712 0.086987 0.240505 0.395356 0.248970 0.206024 0.180586 0.121970 0.292831 0.199738 0.205259 0.176259 0.132636 0.231152 0.084567 0.310623 0.329550 0.192379 0.230338 0.036584 0.134817 0.186014 0.079740 0.411777 0.161839 0.139068 0.177165 0.178310 0.061876 0.728483 0.118755 0.129084 0.196144 0.204364 0.204124 1.000000 0.642965 0.852470 0.340639 0.161356 0.368836 0.385993 0.535543 0.122401 0.347545 0.121702 0.192436 
0.226613 0.312928 0.142589 0.111550 0.297780 0.228091 0.252045 0.187448 0.234097 0.379348 0.096668 0.163799 0.206202 0.220113 0.272420 0.570747 0.254482 0.169173 0.137016 0.213914 0.130319 0.303784 0.693517 0.286254 0.253664 0.223820 0.177377 0.458260 0.218211 0.328595 0.201077 0.255120 0.280945 0.194325 0.468228 0.458478 0.231338 0.343484 0.154943 0.121579 0.264253 0.176412 0.460342 0.198268 0.158118 0.173378 0.191923 0.124385 0.861894 0.167221 0.189488 0.219854 0.154412 0.235216 0.642965 1.000000 0.776800 0.342933 0.144328 0.264860 0.607559 0.307479 0.187237 0.297887 0.258498 0.203285 
0.182943 0.269257 0.176094 0.158601 0.208394 0.224797 0.174583 0.172490 0.177781 0.300196 0.130411 0.196915 0.148944 0.265222 0.159947 0.457022 0.186631 0.173898 0.147681 0.196056 0.145853 0.255766 0.460775 0.246003 0.230463 0.198394 0.147814 0.329460 0.203834 0.236196 0.181732 0.177575 0.226189 0.164438 0.321905 0.393244 0.241641 0.269496 0.081006 0.151426 0.224273 0.159405 0.393653 0.200519 0.146747 0.194181 0.176571 0.104338 0.830617 0.138732 0.172429 0.211690 0.190159 0.247769 0.852470 0.776800 1.000000 0.335730 0.156304 0.353219 0.472090 0.355006 0.169581 0.318762 0.209197 0.186220 
0.214573 0.233743 0.124996 0.255290 0.159567 0.045926 0.111383 0.150942 0.082692 0.485299 0.119035 0.160663 0.089901 0.205897 0.047633 0.272390 0.263446 0.157993 0.101101 0.089473 0.146299 0.273606 0.281988 0.226163 0.470458 0.123642 0.143807 0.197178 0.288852 0.156080 0.175364 0.070695 0.195165 0.213192 0.225419 0.255137 0.478721 0.222743 0.052387 0.169737 0.473300 0.181302 0.804274 0.241803 0.209346 0.415104 0.198389 0.202371 0.356963 0.205165 0.145430 0.189696 0.079029 0.570016 0.340639 0.342933 0.335730 1.000000 0.158010 0.237364 0.272433 0.535819 0.218346 0.230843 0.210828 0.201981 
0.058254 0.188967 0.184453 0.040757 0.158614 0.300516 0.155703 0.079560 0.164230 0.158158 0.051546 0.250209 0.066810 0.332981 0.065130 0.162829 0.155070 0.265317 0.133099 0.072359 0.030025 0.133728 0.166266 0.148939 0.121045 0.619810 0.064154 0.164825 0.132619 0.018773 0.160837 0.067745 0.087996 0.066725 0.167113 0.121737 0.125507 0.204713 0.635692 0.143352 0.118893 0.120976 0.196380 0.139936 0.392539 0.141915 0.498033 0.039947 0.161258 0.043902 0.130884 0.350781 0.143072 0.105401 0.161356 0.144328 0.156304 0.158010 1.000000 0.219103 0.167119 0.144504 0.038332 0.101102 0.149732 0.071853 
0.117163 0.270708 0.200416 0.111750 0.107537 0.154836 0.062691 0.186775 0.111229 0.207199 0.102549 0.164438 0.081601 0.231012 0.180876 0.224659 0.054484 0.204743 0.109500 0.207590 0.098091 0.249919 0.233853 0.218364 0.181400 0.186002 0.178983 0.207716 0.204194 0.189139 0.175428 0.167851 0.159658 0.069353 0.371459 0.249318 0.220775 0.214991 0.197305 0.116069 0.093064 0.088084 0.252536 0.039509 0.246071 0.142883 0.254033 0.120942 0.281330 0.187808 0.221556 0.154313 0.299309 0.163522 0.368836 0.264860 0.353219 0.237364 0.219103 1.000000 0.352461 0.300700 0.126498 0.334668 0.148999 0.143894 
0.128651 0.573260 0.165982 0.120143 0.169393 0.238205 0.143974 0.178892 0.115833 0.188573 0.128612 0.197982 0.118298 0.279601 0.166459 0.355575 0.150357 0.177946 0.134848 0.153842 0.123825 0.251754 0.499968 0.250078 0.172388 0.198157 0.173331 0.575471 0.171246 0.225750 0.173436 0.149187 0.255861 0.190077 0.832002 0.539987 0.285780 0.207333 0.117647 0.147007 0.231443 0.191659 0.207718 0.174570 0.225270 0.186865 0.293624 0.148366 0.572621 0.152964 0.149929 0.182932 0.119297 0.274108 0.385993 0.607559 0.472090 0.272433 0.167119 0.352461 1.000000 0.279252 0.175994 0.274230 0.179322 0.190464 
0.127257 0.268344 0.142956 0.027321 0.069118 0.036133 0.039519 0.141942 0.042888 0.158078 0.001285 0.182593 -0.028186 0.231006 0.033844 0.240832 0.129621 0.005772 0.110538 0.021507 -0.012188 0.197574 0.192576 0.222880 0.106486 0.181726 0.064485 0.186661 0.136210 0.111597 0.161701 0.080558 0.173105 0.050285 0.307676 0.277360 0.207308 0.053258 0.044590 0.075772 0.350357 0.053100 0.501714 0.039641 0.072336 0.106336 0.144265 0.057189 0.376744 0.095508 0.076389 0.107172 0.114330 0.186243 0.535543 0.307479 0.355006 0.535819 0.144504 0.300700 0.279252 1.000000 0.100322 0.260130 0.034521 0.145833 
0.143883 0.093988 0.069250 0.121600 0.089671 0.123982 0.103855 0.137195 0.015083 0.227167 0.054545 0.072234 0.211395 0.113293 0.061568 0.180795 0.246606 0.056153 0.151861 0.033506 0.124415 0.179496 0.205929 0.145009 0.183100 -0.026022 0.069088 0.135142 0.117918 0.199434 0.099000 0.118940 0.308014 0.697437 0.148278 0.158685 0.207332 0.260323 0.070762 0.186990 0.254891 0.351075 0.157298 0.119780 0.105390 0.199959 0.159758 0.630256 0.201325 0.394561 0.118205 0.229796 0.158463 0.241863 0.122401 0.187237 0.169581 0.218346 0.038332 0.126498 0.175994 0.100322 1.000000 0.496364 0.428273 0.852153 
0.039508 0.167180 0.186766 0.083772 0.132535 0.152976 0.088093 0.161179 0.145573 0.085022 0.109521 0.107855 0.200856 0.180139 0.168684 0.194836 0.120280 0.208507 0.276823 0.295050 0.103783 0.191131 0.184419 0.126887 0.113334 0.126070 0.218242 0.207307 0.135798 0.203177 0.223900 0.205017 0.213471 0.408082 0.207766 0.221310 0.231869 0.160235 0.035917 0.129014 0.351257 0.153475 0.273197 0.222397 0.178925 0.277991 0.256577 0.207315 0.291390 0.124546 0.327849 0.260448 0.476936 0.273831 0.347545 0.297887 0.318762 0.230843 0.101102 0.334668 0.274230 0.260130 0.496364 1.000000 0.157679 0.623734 
0.169301 0.135376 0.079243 0.081647 0.083819 0.142323 0.069447 0.056796 0.054327 0.354207 -0.000676 0.126043 0.128709 0.139357 0.103112 0.196198 0.124283 0.155803 0.020570 0.080532 0.081354 0.147748 0.255462 0.114618 0.214161 0.055946 0.072294 0.152617 0.119775 0.203659 0.187277 0.077981 0.265147 0.266709 0.200368 0.201579 0.162253 0.709263 0.169607 0.390729 0.174775 0.479956 0.190080 0.140725 0.194326 0.271538 0.197469 0.436666 0.183616 0.481386 0.094630 0.152368 0.067365 0.204386 0.121702 0.258498 0.209197 0.210828 0.149732 0.148999 0.179322 0.034521 0.428273 0.157679 1.000000 0.315607 
0.111148 0.107984 0.112570 0.104085 0.127532 0.148290 0.109494 0.159358 0.083966 0.181805 0.099397 0.042211 0.243884 0.087707 0.109690 0.193414 0.269652 0.085442 0.173946 0.093405 0.129275 0.191812 0.197615 0.157208 0.168660 0.037244 0.118919 0.158295 0.126434 0.200703 0.181624 0.151689 0.331635 0.456483 0.155073 0.146876 0.204481 0.189457 0.022910 0.111737 0.238956 0.179191 0.190004 0.168385 0.136342 0.197490 0.155606 0.398235 0.205274 0.310865 0.168056 0.308193 0.247322 0.240424 0.192436 0.203285 0.186220 0.201981 0.071853 0.143894 0.190464 0.145833 0.852153 0.623734 0.315607 1.000000 
