0.000000000000000000e+00 2.661310592381180284e-02 6.264256293113530660e-02 2.361805470488134440e-01 3.020123469283617634e-01 5.430897995620934116e-02 3.763724000848092666e-01 7.424286647783524817e-02 2.349162732620790617e-01 1.781794149998935095e-01 3.453534910602387709e-02 3.874335810637418581e-02 6.534142403376198838e-02 2.830905624463805198e-02 4.611191624683131929e-01 2.427498103792377071e-01 5.580468867998534810e-01 2.309600413073084613e-01 4.112719592702412941e-02 2.013092176159365643e-01 1.746023621486122723e-01 2.688137832754388112e-01 1.949185277550590234e-01 2.438853144861732047e-01 2.532014922982721017e-01 1.610101502769427373e-02 1.412099040752137491e-01 1.050199004130479702e-01 3.581730226661197780e-01 6.313369521677704155e-01 2.321990002359944072e-01 3.177397494981832882e-01 5.966238116756288345e-01 1.913210848422933485e-01 1.094427971506913566e-01 1.039400454606044938e-01 7.013683186252332724e-02 1.892998549737397451e-01 1.237187267793223369e-02 2.762986937109161434e-01 1.282805592998496613e-01 1.899623456601092775e-01 3.824990823503147119e-01 1.197038088900949544e-02 1.471032124451833178e-01 3.310032493993155245e-01 1.319270763806673907e-01 1.608972168915700773e-01 1.576289054423734570e-01 3.282756567242038903e-01 1.021827851772073165e-01 8.328335249987316169e-02 1.233326797807926013e-02 1.308453193385804569e-01 1.253021973068751405e-01 2.079267494320928555e-01 1.280095661848977273e-01 2.623878556326581513e-01 9.527173712721416499e-02 3.568505992210591754e-02 1.130747438448299058e-01 1.580041159271547979e-01 1.978746431117487659e-01 1.651566164355417754e-01 1.619673014519217025e-01 2.000250674473845469e-01 
2.661310592381180284e-02 0.000000000000000000e+00 4.313010917240503450e-01 1.488064910894098813e-01 1.409156229685148698e-01 2.907232625742502824e-02 1.800735238765340529e-01 3.334289773606506635e-02 1.700755768279073876e-01 4.435524129053101255e-02 1.648681042689267573e-01 3.033026412959560769e-01 1.816680974726161135e-01 3.011866516703082253e-01 1.263395419453259838e-01 2.572910757524795589e-01 3.101514122787748726e-02 1.046686259919925865e-01 8.286406649302389960e-02 9.569476298140834614e-02 1.594132349709980745e-01 2.042823982208544220e-02 4.071621606184999687e-01 1.169916545032349403e-01 5.267365769625638461e-02 2.830348855462041513e-01 2.288872960123143896e-01 7.280921224887070275e-01 2.826968106520313245e-02 8.748870576977248181e-02 6.428183585023875338e-03 1.938207584716891141e-01 2.717470074396577395e-02 5.796450625837655524e-02 6.150604948972548947e-01 1.405727090218871489e-01 1.802430130814170472e-01 1.414897900657724750e-01 6.843670134860857339e-03 1.342212222137202371e-01 8.587461837624632555e-02 1.249607227699685158e-01 9.855609334427381518e-02 4.091328091467250072e-02 3.343625748419977728e-01 1.595136936803625838e-01 3.810538957854740505e-01 5.995702726397930671e-02 1.760206323463188449e-01 5.286233682390296951e-02 1.438404197044692856e-01 1.520075115528839449e-01 1.218334884115756037e-02 1.773769007992215263e-01 4.058127678696146073e-02 2.736030631990910011e-01 2.978981505115145534e-02 1.530337616321646166e-01 5.952075103945626833e-02 2.033462813620603715e-01 5.114734562015824659e-01 1.821276455882158973e-01 6.853243792640288656e-02 1.487294510009253001e-01 1.743620616404074897e-01 9.798813624806990141e-02 
6.264256293113530660e-02 4.313010917240503450e-01 0.000000000000000000e+00 6.863206334938248832e-02 2.738672176797300462e-01 2.066662952644519879e-01 2.600591450985396125e-01 6.509634753457071987e-02 3.825433166379875183e-01 2.146118398527049609e-01 1.670463044417272447e-01 2.564489371163329867e-01 9.385893775016847240e-02 2.538605383430163620e-01 3.187277725845831244e-01 3.965214136594181205e-01 2.481454180891849715e-02 2.803323099733947554e-01 1.196866156489320987e-01 8.441680306235622988e-02 7.549220730418150505e-02 2.656032522675549346e-01 4.688960310247968777e-01 3.623771374081816710e-01 9.545298266643807705e-02 1.341277699744415075e-01 3.109044048896799500e-02 5.533179354689278240e-01 1.005385212069507817e-01 1.969160564940473090e-01 2.617692455384695305e-01 2.596045927562757871e-01 2.870940832684858515e-02 5.117388657412630382e-02 7.611140298875092303e-02 1.186024669304524409e-01 3.249286502453544584e-02 9.577701553760767372e-02 2.065180243201761301e-01 4.529313377477334202e-02 5.927383334593962216e-02 7.615273392993195112e-02 3.355341084301266541e-02 2.812514000879948878e-02 2.124040987470800779e-01 5.261250437191376111e-02 3.136973898340827405e-01 5.637009183604003992e-02 1.385148074138632390e-01 8.174932716885019435e-02 1.031594815301520029e-01 1.085127279212164814e-01 2.054311956725041882e-02 3.264156288148295504e-02 5.974732808282879476e-02 2.023805342882318281e-01 7.833175291882603364e-02 2.355759423134442740e-02 2.650161243220718332e-01 3.868828672666536211e-02 5.820843395708332618e-02 3.188628363958575379e-02 8.539919233955399480e-02 4.892662585929898750e-02 1.115898114583811218e-01 9.973661161600695657e-02 
2.361805470488134440e-01 1.488064910894098813e-01 6.863206334938248832e-02 0.000000000000000000e+00 8.204559359040866640e-02 1.239165780432223765e-02 6.134118824377741280e-02 3.068982899190053071e-01 4.738888631510453781e-02 4.472335359704713298e-01 5.500887821379368825e-01 5.500633746632074134e-02 6.013965468343681620e-01 9.163375988151889473e-02 3.203532925167058842e-02 5.029709937862333891e-02 1.318066237887545178e-01 1.389786813646546881e-01 1.090507887352751559e-01 1.526039815827227586e-01 9.121954908344026558e-01 1.663569712520864829e-01 3.466313120533870418e-02 2.452965468212765787e-02 6.119734791122918294e-01 7.141706638939723795e-02 9.881076964688735587e-02 8.825234449108859680e-02 5.020251053100187599e-01 8.036830507761781595e-02 7.398928434197137027e-02 4.716908105869310752e-02 3.533146518621560483e-02 1.413243427500211757e-01 1.312855335961893855e-01 4.015432006538199872e-02 5.047291035688349359e-01 4.186099263389605335e-02 8.236121744451596616e-02 9.551959301962072157e-02 8.999775192672221369e-02 3.132643775166169681e-02 3.159437008121900314e-01 1.780885941722142873e-01 7.142060607988254262e-02 3.887229682669362529e-01 8.827244175154237704e-02 1.176650792330500989e-01 6.957350592741930184e-02 1.015620326070626606e-01 5.564636654066509175e-02 4.238893500773991546e-02 3.922237110314207714e-02 5.496944764272494455e-01 1.040624674749898552e-02 4.898602089145302763e-02 3.996781718990821686e-02 3.773480428905167106e-01 4.210374050731556517e-02 1.150169436546073370e-01 9.366092791610354518e-02 1.120308914127726985e-01 1.436474060399166031e-01 4.004461805430927640e-02 6.094954302155058262e-02 1.184896813506146063e-01 
3.020123469283617634e-01 1.409156229685148698e-01 2.738672176797300462e-01 8.204559359040866640e-02 0.000000000000000000e+00 1.410062285347860600e-01 8.582837356486788805e-01 5.698710842075459249e-02 7.514871491210437515e-01 3.434074431010312178e-01 4.232170715169117359e-02 2.911491330749066964e-01 7.864396517185193169e-03 1.667029409374877480e-01 4.887539750109390346e-01 3.702717484256444758e-01 5.789443341451354641e-01 1.006794736558012243e-02 2.167349599142573413e-01 1.545013670555119012e-01 9.045537329402811300e-02 2.222988221515268537e-01 4.378697929045997084e-01 2.806199756640886944e-01 2.104769522655743907e-01 2.578676516662818941e-01 2.117041400079900104e-01 2.958597660833125476e-01 1.603499956872639909e-01 3.031722237057226099e-01 1.044326375204289031e-01 5.589636140340398240e-01 1.057104962059431524e-01 1.028770768274888808e-01 1.701699414431110391e-01 1.496164174103782329e-01 2.804827246139149355e-02 3.013183748266907991e-02 1.814672367926347674e-01 1.874940183166139973e-01 1.026967692492340573e-01 1.235063887346342093e-01 4.103068938963624346e-01 3.755316934918136867e-02 4.365574885794625687e-02 2.309473503727053068e-01 1.024265088673715074e-01 1.508862374693781816e-01 2.569864318105627987e-01 1.961328370135508314e-01 1.808609896790319416e-01 5.792249201217221366e-02 6.666311317239796697e-02 1.010691575668335035e-01 1.582772452091610327e-01 3.754681217650642222e-01 1.723211422468402254e-01 2.497257483023898605e-01 1.432477854585273991e-01 7.486798613031671323e-02 1.625258807884246148e-01 1.780323213370281210e-01 1.062882757095108266e-01 9.496463305152455514e-02 3.956555934052160411e-02 1.518187185474762224e-01 
5.430897995620934116e-02 2.907232625742502824e-02 2.066662952644519879e-01 1.239165780432223765e-02 1.410062285347860600e-01 0.000000000000000000e+00 1.106915082680959977e-01 2.007160022053082124e-02 9.653642083601987611e-02 1.178562492618495106e-01 5.108143618546207715e-02 2.542976800797104309e-01 8.241018770054922560e-02 3.882758935747535056e-01 2.535193595788771126e-01 1.457528582155951380e-01 1.146992414231432778e-01 1.791407475890955669e-01 1.335093897854203737e-01 5.429326548380230405e-02 1.987948434856002047e-02 6.103267061159303730e-02 1.863432723981507388e-01 9.316463212100968561e-02 6.571186118496163964e-02 5.131425373849636262e-01 1.616206205965171339e-01 1.322938411564297256e-01 5.785998299095598818e-02 1.186889679048178659e-01 7.675256093576991734e-02 2.509663335158887620e-01 3.164056958074404347e-02 3.995296920944216290e-02 5.578734559219091643e-02 2.139942355660147955e-01 2.310070576511626117e-02 6.549637444941577846e-02 4.562186380773246008e-01 5.438085080380380271e-02 1.085374869172985209e-02 1.110637511172843372e-01 7.495745372672459050e-02 5.924484002160296942e-02 2.352605481989737957e-01 5.027254103568425114e-02 3.222246166931416189e-01 5.502224241246183450e-02 9.422031389052722139e-02 7.154824833619465030e-02 1.746326301833000250e-01 2.705357478426111406e-01 5.390553969686495001e-02 1.241414767634805606e-02 9.776875426018101500e-02 1.512427774224167354e-01 1.237533296490682111e-01 5.751411435178935272e-02 4.254740641897485909e-01 1.893687950809372911e-01 1.380385308056478535e-02 9.805283910436432548e-02 3.523731173171252423e-02 9.462803955705210990e-02 7.729576732790419125e-02 9.765642238968119671e-02 
3.763724000848092666e-01 1.800735238765340529e-01 2.600591450985396125e-01 6.134118824377741280e-02 8.582837356486788805e-01 1.106915082680959977e-01 0.000000000000000000e+00 8.405712360696042385e-02 7.042133665519705321e-01 2.654048597177940394e-01 5.434444433678125436e-02 3.929752428171641720e-01 1.260341449842940498e-01 2.784482553375137726e-01 4.398144422166495593e-01 3.139237288127409431e-01 6.319509105126956960e-01 6.584394750260406937e-02 1.820567105360785531e-01 6.854863092529446533e-02 5.235085759374398517e-02 1.644531235598652996e-01 3.888540547636953337e-01 2.253536954514152868e-01 1.856222437956566718e-01 1.987997240674963251e-01 1.100368409777300605e-01 2.617145382180430802e-01 2.039184152313099352e-01 2.773159056610619011e-01 1.240797508662380699e-02 5.040430179640082997e-01 1.118539646405998234e-01 1.335070745391160330e-01 1.897192942498542034e-01 1.342595893002268559e-01 1.671848679053281744e-02 6.928525410766157855e-02 1.726334281109220548e-01 2.437538217304603960e-01 1.125877169078153828e-01 1.848475617470324017e-01 3.786138333448696991e-01 5.960583086811126197e-02 8.721438195439949748e-02 2.475526229247429211e-01 9.830476948389438308e-02 1.967683157682281470e-01 2.351042123817475848e-01 2.520158129335439701e-01 1.958229228369956221e-01 5.596682354057378600e-02 1.035611422066549797e-01 7.009146209254346616e-02 1.327671434829176267e-01 3.444272453092114272e-01 1.429237550043755967e-01 2.275978413098205533e-01 1.135991999786385570e-01 3.591384361169112915e-02 1.656929951354699226e-01 1.560760969496769179e-01 1.172320274405755924e-01 7.538629141262183364e-02 7.789709184020902899e-02 1.386530689914769465e-01 
7.424286647783524817e-02 3.334289773606506635e-02 6.509634753457071987e-02 3.068982899190053071e-01 5.698710842075459249e-02 2.007160022053082124e-02 8.405712360696042385e-02 0.000000000000000000e+00 1.275298418111920143e-02 4.322595929941659976e-01 4.253521362718336585e-01 2.629723586016736309e-02 3.849549669036260169e-01 5.756267077013094841e-02 1.077572521550378554e-01 8.332925602149519884e-02 4.221213539164764272e-02 2.477163418873264827e-02 1.197359510082312284e-01 6.352502906459600585e-02 3.937214629758963857e-01 4.316319066278490740e-02 1.281307758447395861e-01 5.143690241746850383e-02 4.625933064385513438e-01 4.612853229674070826e-02 6.519993885378043419e-02 7.370046933253993071e-03 4.888084266628782704e-01 9.427665028681339598e-02 1.806789109748246636e-01 1.413275105761971351e-01 1.564582936449224193e-01 1.997713941733456344e-01 9.414011189119079678e-03 5.171672269830390745e-02 7.987817687709242165e-02 1.688731898487392524e-01 9.043507823367189641e-03 1.140690460865658867e-01 5.937406322632730882e-02 1.256950160968396679e-01 3.261632471463144639e-02 1.388296106191484192e-01 5.499068606375175777e-02 3.808534066911821447e-02 8.163622809109370715e-02 1.072893460143133082e-01 2.130861160645597732e-02 2.569286913165940156e-01 2.452246390247144608e-02 1.486169332498881238e-02 2.907190786280317019e-02 9.195131755302762833e-02 9.500393935940872059e-02 2.313301332456194417e-02 6.107890716863850072e-02 7.657638518376136405e-02 5.103315008559257404e-02 1.811967151627716030e-02 2.300624824989577419e-02 2.797700216507000015e-02 2.121271388920488166e-01 1.742757835901864727e-01 1.257188606037981382e-01 2.056174657598063837e-01 
2.349162732620790617e-01 1.700755768279073876e-01 3.825433166379875183e-01 4.738888631510453781e-02 7.514871491210437515e-01 9.653642083601987611e-02 7.042133665519705321e-01 1.275298418111920143e-02 0.000000000000000000e+00 2.701533661323138324e-01 9.973059686503218946e-02 4.332287063313061126e-01 2.141861940694249344e-02 2.355778877488856615e-01 5.449123246835325673e-01 3.391263847685987987e-01 3.328564112605799097e-01 8.928666551662689521e-02 4.014752799573190756e-01 1.093499796699302223e-01 4.577431806793665764e-02 2.528385118165134005e-01 4.025519983295546278e-01 3.042622216763560261e-01 1.269167363758111067e-01 3.021236034383458779e-01 1.623805643014594735e-01 3.383727026695720341e-01 8.920218376019320439e-02 2.693359331624171071e-01 2.171120774731344072e-01 4.541856709292606542e-01 1.954978933078443948e-02 3.922972145798631766e-02 1.496326279517854740e-01 1.257436457453248724e-01 3.459820018556653692e-02 4.405267211277877348e-02 2.082816476831722274e-01 1.580559246770154025e-01 5.084697104583353611e-02 1.060229961187924147e-01 3.177588016615238153e-01 1.048638046601224096e-02 6.511683401881601663e-02 2.031320537146977523e-01 1.357336042384642560e-01 9.002078686308147282e-02 2.166096032342166022e-01 1.537052682726315622e-01 1.821222472420926941e-01 5.239343596000796410e-02 1.508792886110146558e-01 1.051525909161929867e-01 9.398362376014728070e-02 3.032313332955423602e-01 1.154642465481508090e-01 2.014286896818433259e-01 1.787653992046858431e-01 2.951633921365002036e-02 1.421567039120858744e-01 1.109408147728455779e-01 2.298637560057679649e-02 1.239183296716914184e-02 4.127680796904091565e-02 3.349850303874726820e-02 
1.781794149998935095e-01 4.435524129053101255e-02 2.146118398527049609e-01 4.472335359704713298e-01 3.434074431010312178e-01 1.178562492618495106e-01 2.654048597177940394e-01 4.322595929941659976e-01 2.701533661323138324e-01 0.000000000000000000e+00 3.212398102943816447e-01 1.409324388041151462e-02 3.918243854771706336e-01 5.180006052846985315e-02 1.730690877975047948e-01 4.777385181848735618e-01 2.210257469860211210e-01 4.915141656551642174e-02 1.713885847603148493e-01 1.800396920181431548e-01 4.697774072315234473e-01 3.942054006922234288e-01 5.356588281407004271e-01 3.693529833160252851e-01 8.137723397243057377e-01 1.999025926662849062e-01 2.418002924102514162e-01 2.354812602857203063e-01 6.329011858113661182e-01 1.350733589196130568e-01 2.884711920517684658e-01 9.548826955692531204e-02 2.831542529471068811e-02 2.565426526042445254e-01 2.759503179003531398e-02 8.849583087756796029e-02 2.261415378944644783e-01 3.850833731528731096e-01 2.174238851778354520e-01 1.081574269031176927e-01 1.601019726651816966e-01 2.630645575223120591e-01 5.205154777747641459e-01 1.389894450113650926e-01 9.821469525959589109e-02 2.027972844284416654e-01 1.111403377057585823e-01 2.529552130209393179e-01 3.492960374390561840e-01 3.513686916996399678e-01 9.478701987091703307e-02 2.267850069586616404e-02 9.894447704730627291e-02 2.792141605969516438e-01 2.420822400347280856e-01 4.029165046589623933e-01 2.633814848458506663e-01 4.868592048040401021e-01 1.636320179124767238e-01 2.607977957297535343e-01 1.400690861819078870e-01 2.724266951439009432e-01 3.322829823628697943e-01 3.272637352566263452e-02 3.650343421682951672e-01 2.485941556221400728e-01 
3.453534910602387709e-02 1.648681042689267573e-01 1.670463044417272447e-01 5.500887821379368825e-01 4.232170715169117359e-02 5.108143618546207715e-02 5.434444433678125436e-02 4.253521362718336585e-01 9.973059686503218946e-02 3.212398102943816447e-01 0.000000000000000000e+00 1.021734320859116196e-01 5.594516316237273523e-01 1.070766317301321269e-01 9.731672012422395990e-02 6.427070141401675096e-02 1.211612074229461850e-01 2.016646387902502058e-01 6.135445595819500469e-02 1.326739016799010351e-01 6.067317154278796254e-01 1.708005429006071232e-02 6.451236417507634491e-02 6.435502097447266812e-02 4.291731585344690236e-01 3.417603507243769517e-02 6.228954162566351788e-02 1.236634896885239893e-01 3.107386292821797680e-01 2.727249826248014097e-02 1.474883225610822413e-01 1.318470878318646899e-01 1.704602186713912587e-02 8.659312639559364755e-02 7.815655514577923846e-02 4.390936622206989548e-02 2.219490185829376405e-01 7.007176450810101431e-02 1.555010376104084754e-02 5.798428620845807319e-02 8.152840546855731618e-02 7.194045659913300694e-02 2.361673972382941911e-01 2.083624844538800938e-02 7.219531691189859379e-02 1.481518372653282123e-01 9.030682932438606481e-02 9.085375789632120502e-02 3.041734304621576332e-02 1.046114853356183150e-01 4.040949537845003880e-02 4.272742285487782926e-02 1.532020366134213656e-02 2.785331262146367171e-01 1.019991918072178649e-02 2.136653802380295356e-02 1.781808556172585073e-02 2.516483017009870093e-01 1.819989862033607672e-02 5.489656773679996160e-02 6.090929807621725534e-02 8.151771805758296907e-02 6.414536723221185566e-02 1.418630878325227718e-02 6.197905375296190733e-02 2.929655504690027376e-02 
3.874335810637418581e-02 3.033026412959560769e-01 2.564489371163329867e-01 5.500633746632074134e-02 2.911491330749066964e-01 2.542976800797104309e-01 3.929752428171641720e-01 2.629723586016736309e-02 4.332287063313061126e-01 1.409324388041151462e-02 1.021734320859116196e-01 0.000000000000000000e+00 1.080672324501323611e-01 8.109376433362528447e-01 1.549226705093887657e-01 2.472042076864492885e-02 4.385562213385311298e-02 1.929638348799132264e-01 4.685596954278543058e-01 8.657150806209146232e-02 5.975033345352692010e-02 7.454160889695521375e-02 1.378802348513200049e-01 3.126799530035553887e-02 6.576104016538211749e-02 3.199064037680250383e-01 1.405016826669406027e-01 2.621165217238534129e-01 6.789868389150320593e-02 8.524538188510873138e-02 7.106718896834027244e-02 2.255563646495885310e-01 1.735219177472338559e-01 3.050887794881984930e-02 2.696693992589000444e-01 2.343872945067946301e-01 5.585756491815092872e-02 2.963651481474571456e-02 3.674949766719832200e-01 3.450992648010527131e-02 3.056293565118532035e-02 3.679388637880415952e-02 4.303415670934578746e-02 6.346904050589560753e-02 5.337119860912975522e-02 3.619401996125519438e-02 3.914271999160168214e-01 1.560935726340701400e-02 6.717487277908688881e-02 6.567044944357608438e-02 3.150168956328598391e-01 3.175844216943248671e-02 2.117565538950528514e-01 1.786658419202584794e-02 4.845980708800193271e-02 1.342803979521046132e-01 1.274767358447543610e-02 6.192085037696200278e-03 2.961133137310817953e-01 1.967723488045412111e-02 1.539286962006229109e-01 8.738950716087917625e-02 4.400919447303149740e-02 1.215731739998932304e-01 4.601117148786224714e-02 4.809029538231644058e-02 
6.534142403376198838e-02 1.816680974726161135e-01 9.385893775016847240e-02 6.013965468343681620e-01 7.864396517185193169e-03 8.241018770054922560e-02 1.260341449842940498e-01 3.849549669036260169e-01 2.141861940694249344e-02 3.918243854771706336e-01 5.594516316237273523e-01 1.080672324501323611e-01 0.000000000000000000e+00 1.486732642932863668e-01 1.572795634106102236e-01 9.551947200334218180e-02 1.425665661555896302e-01 2.149310682910060555e-01 1.657128942824639406e-01 1.630041777526294589e-01 7.367042816314992582e-01 4.713939487576957604e-02 1.075881422995604714e-01 4.111890637953204142e-02 4.321596241551407536e-01 5.716961920785340601e-02 5.743406311235201012e-02 1.161421646926087958e-01 2.833496883016006218e-01 1.476459955848523631e-01 1.761549306248649804e-01 2.009202297010041494e-01 1.414437830344091596e-01 2.666736521099057899e-01 1.608059530731689446e-01 5.391391841114230588e-02 2.636154319093506060e-01 9.937901207520768998e-02 4.631959958739629950e-03 6.098065356129143966e-02 9.748325993741030482e-02 1.726654793840014523e-01 8.149801860640115692e-02 2.869687347591484000e-02 1.682024001193583793e-02 1.973960956729770844e-01 6.909754325729346169e-02 2.552386947705437836e-01 1.117434077619069016e-01 2.289600762140910906e-01 1.025432943279622477e-01 1.209335762710206652e-01 3.383969401688500384e-02 3.101201024941631079e-01 8.550136632758698063e-02 1.578346410421359591e-01 9.385241940402758165e-02 1.239899023520635440e-01 1.713985967507656097e-02 4.254077412388992258e-02 1.087707425557523228e-01 6.054426661709880891e-02 2.899182974105422028e-01 1.822181515455042755e-01 1.417303947036744893e-01 2.817513518907764913e-01 
2.830905624463805198e-02 3.011866516703082253e-01 2.538605383430163620e-01 9.163375988151889473e-02 1.667029409374877480e-01 3.882758935747535056e-01 2.784482553375137726e-01 5.756267077013094841e-02 2.355778877488856615e-01 5.180006052846985315e-02 1.070766317301321269e-01 8.109376433362528447e-01 1.486732642932863668e-01 0.000000000000000000e+00 5.847191247002904435e-02 1.312904919036994231e-02 2.101138753109286009e-02 2.974556531369798029e-01 2.536507858097363233e-01 1.881876981900710011e-01 9.224206270226494031e-02 1.666369704752611036e-01 1.114596826093394166e-01 1.021239093128060715e-01 7.986181250827832645e-02 3.709488090472325972e-01 1.906249804609389809e-01 2.127102188068032140e-01 6.237575008153295464e-02 1.209573161209626657e-01 9.441437702560529291e-03 1.321673640784014336e-01 1.685710399895223033e-01 1.488450702375476026e-02 2.765257875434085633e-01 2.624350630328434741e-01 1.361156356363677211e-01 3.639212595128363953e-02 4.304000137267531834e-01 5.717819850388401737e-02 3.350697345379693298e-02 5.254281952928994276e-02 5.905048398938197302e-02 5.263140367948887510e-02 2.704781064873698071e-01 7.377379622309958307e-02 5.824997627779399112e-01 2.219828282128886998e-02 3.490533289396497568e-02 2.770789695837006308e-02 3.174583946699123249e-01 2.291883680415033597e-01 1.504404707843502997e-01 1.042151415100955880e-01 8.182915640491252030e-02 1.098073430790130062e-01 2.343914830472418678e-02 9.545760640977406231e-02 4.233146599236700669e-01 5.519253958232329949e-02 1.589237644692783336e-01 1.600540041655845458e-01 1.258724260735785520e-02 1.076688828309302903e-01 6.240949341006508944e-02 1.274045646597728350e-02 
4.611191624683131929e-01 1.263395419453259838e-01 3.187277725845831244e-01 3.203532925167058842e-02 4.887539750109390346e-01 2.535193595788771126e-01 4.398144422166495593e-01 1.077572521550378554e-01 5.449123246835325673e-01 1.730690877975047948e-01 9.731672012422395990e-02 1.549226705093887657e-01 1.572795634106102236e-01 5.847191247002904435e-02 0.000000000000000000e+00 3.278366736869898768e-01 4.903144950794801615e-01 4.161985411250079120e-02 8.299427257714993289e-02 1.954695168356843094e-01 1.848186344009086421e-02 3.138818165282821204e-01 3.499407310722307263e-01 3.335418266155050770e-01 1.013054358220621537e-01 1.925897019362017848e-01 3.199057717241796661e-01 2.854643672762583462e-01 1.129319873663202911e-01 7.510373179632289231e-01 1.141980980339493273e-01 7.056487089196552542e-01 4.425839623142769352e-01 1.358791844192801801e-01 1.270186523827779301e-01 9.604080877978031505e-02 5.832798460946219538e-02 1.412997212994396845e-01 1.458502641741520889e-01 2.501204975705353384e-01 9.414996499427709387e-02 1.840540873934790045e-01 3.542646449948561038e-01 3.599352551365075925e-02 5.003711818681431944e-02 2.328897030209760022e-01 2.624089097367251697e-02 1.778283678244352572e-01 2.118325801618150261e-01 2.961460592219458121e-01 1.024487161754603914e-01 1.278784227621485581e-01 9.366457887091068912e-03 1.017624364450310515e-01 1.490593160621584978e-01 3.050149613347590272e-01 1.635415350689503056e-01 2.322860150210061536e-01 1.022598640440524898e-01 8.155901353820149691e-02 1.251506222223191245e-01 1.841970622733862251e-01 1.633391595014684894e-01 1.479747083173909017e-01 1.202273979361869471e-01 1.994532190765776203e-01 
2.427498103792377071e-01 2.572910757524795589e-01 3.965214136594181205e-01 5.029709937862333891e-02 3.702717484256444758e-01 1.457528582155951380e-01 3.139237288127409431e-01 8.332925602149519884e-02 3.391263847685987987e-01 4.777385181848735618e-01 6.427070141401675096e-02 2.472042076864492885e-02 9.551947200334218180e-02 1.312904919036994231e-02 3.278366736869898768e-01 0.000000000000000000e+00 2.312338592173011353e-01 4.778316040310588014e-02 1.556907711133807305e-02 2.263853006263232340e-02 4.316744031872583875e-02 4.892346973768462171e-01 8.636065625091388087e-01 7.169082816299435779e-01 2.464427165908004425e-01 8.602397188294308439e-02 1.412370798361661517e-01 5.479304784557137431e-01 2.706109973235423238e-01 3.301868807555607965e-01 1.185338769729348540e-01 2.990269661698730097e-01 1.874859016611261919e-01 1.056773497498049025e-01 2.071089607632694285e-01 1.844391131485028645e-01 2.859912195900228896e-02 2.648906955345598502e-01 1.501563969026300238e-01 1.429031966576588819e-01 8.943321808916589177e-02 2.100801072008583181e-01 3.235945834095777518e-01 3.230942469115748172e-02 1.021915829373268580e-01 4.085723660327773843e-02 1.072875868101994534e-01 1.727314032643320341e-01 6.154783475348312161e-01 1.817946287496493285e-01 4.417476209144465676e-02 8.828338210186272711e-03 7.213258171059805379e-02 2.318842867903436397e-02 4.048596185861437213e-01 6.200576698203150716e-01 4.169807117789229300e-01 1.980518311005341758e-01 7.819472178761725789e-02 2.013434803116322391e-01 3.025509430113369480e-01 3.057413604165035714e-01 1.528394670645042697e-01 5.067712994656278086e-02 2.791285103375934495e-01 9.217111055648283258e-02 
5.580468867998534810e-01 3.101514122787748726e-02 2.481454180891849715e-02 1.318066237887545178e-01 5.789443341451354641e-01 1.146992414231432778e-01 6.319509105126956960e-01 4.221213539164764272e-02 3.328564112605799097e-01 2.210257469860211210e-01 1.211612074229461850e-01 4.385562213385311298e-02 1.425665661555896302e-01 2.101138753109286009e-02 4.903144950794801615e-01 2.312338592173011353e-01 0.000000000000000000e+00 1.159652523126377816e-01 4.355586897480739211e-02 1.900251571933042061e-01 1.128369066280894423e-01 1.340522484809144876e-01 2.428933583114787076e-01 1.452150452429085414e-01 2.350596568584374657e-01 1.002169835462872471e-01 2.322279639207976143e-01 6.743555276097354390e-02 2.715378502223333435e-01 4.858159485437745229e-01 1.305066796196417689e-01 4.344417664356825526e-01 4.234185041572879893e-01 2.618340424895364005e-01 1.018955949035860870e-01 1.108598777689326492e-01 4.941727814433959781e-02 1.567383894869018579e-01 9.290318304613368050e-02 3.479970622311711614e-01 2.154859083586194435e-01 2.849014299039909215e-01 4.994600127653572863e-01 1.077055495991299378e-01 1.353933174709825438e-01 3.467864336869816433e-01 8.240497364965265747e-02 3.105304449665787225e-01 2.115770531828021217e-01 3.962452418477969696e-01 1.583067019437071898e-01 1.722410667927218864e-01 1.224533315444154523e-02 1.242414117761335285e-01 2.025207461104787110e-01 3.152340653463845954e-01 1.880997981948552000e-01 3.220613756730294486e-01 1.980185621292278320e-02 7.612846433542871938e-02 1.025463942426558389e-01 2.743567347885706997e-01 2.952086215012356130e-01 2.564197258849172933e-01 1.939120535222766395e-01 3.447897417196015279e-01 
2.309600413073084613e-01 1.046686259919925865e-01 2.803323099733947554e-01 1.389786813646546881e-01 1.006794736558012243e-02 1.791407475890955669e-01 6.584394750260406937e-02 2.477163418873264827e-02 8.928666551662689521e-02 4.915141656551642174e-02 2.016646387902502058e-01 1.929638348799132264e-01 2.149310682910060555e-01 2.974556531369798029e-01 4.161985411250079120e-02 4.778316040310588014e-02 1.159652523126377816e-01 0.000000000000000000e+00 1.017513480729927838e-01 5.229657669802548758e-01 1.570733995259009919e-01 6.991480773960422057e-02 1.064784421104186529e-01 8.762921522208292138e-03 1.053361774248865318e-01 2.020837496066979488e-01 1.423690635062872800e-01 4.055824221046670786e-02 4.530713251244920803e-02 1.355591090262682763e-01 1.147902401665397698e-01 5.303383493549656408e-02 2.976188159437834768e-01 1.717147600860847306e-02 1.271003425949481791e-01 1.504205345266918792e-01 1.079638267747175667e-01 1.342585675621978669e-01 1.856747146574746488e-01 8.399851375284048127e-02 1.270286833461913185e-02 8.985442533104301410e-02 1.635199281887270983e-01 3.462787447734227975e-02 3.105047421196645563e-01 1.467988848917171629e-01 3.556187652513700392e-01 3.253075308614936795e-02 1.686300981658031897e-02 1.142072436118008461e-01 1.503700771743251841e-01 1.299959893045214143e-01 1.282778642946302561e-01 1.263050249588818508e-01 1.175419817783230313e-02 2.157661361284289245e-02 1.200820852459138360e-02 1.453818980888640366e-01 3.651327297431902763e-01 7.559740510963526561e-02 8.409800929292138294e-02 4.431964805534756996e-02 2.728983085998589950e-02 2.552634594295401585e-02 6.898413948559978248e-02 4.386482798426129259e-02 
4.112719592702412941e-02 8.286406649302389960e-02 1.196866156489320987e-01 1.090507887352751559e-01 2.167349599142573413e-01 1.335093897854203737e-01 1.820567105360785531e-01 1.197359510082312284e-01 4.014752799573190756e-01 1.713885847603148493e-01 6.135445595819500469e-02 4.685596954278543058e-01 1.657128942824639406e-01 2.536507858097363233e-01 8.299427257714993289e-02 1.556907711133807305e-02 4.355586897480739211e-02 1.017513480729927838e-01 0.000000000000000000e+00 3.670006600233509664e-01 1.226570595533257174e-01 3.801378535444224077e-02 7.467159295367797878e-02 5.515537989160420283e-03 1.153917959751608185e-01 3.071599114845026124e-01 1.854060999645474050e-01 1.426685102733125654e-01 4.836714452414532517e-02 1.682662944498842239e-01 3.048207629601054625e-01 7.273321607629103236e-02 3.045203755172615212e-01 1.153240180517311753e-01 9.284461996622253577e-02 1.150858764525724276e-01 6.809759091223571703e-02 2.487252787827207851e-02 2.199478349921829279e-01 2.588991955910778173e-02 6.419865828721035839e-02 1.512101757104916851e-02 7.446908513819353037e-02 2.181795675945933516e-02 6.882466257473708604e-02 6.759064844766375646e-02 1.543538821991074506e-01 9.132111484168622950e-02 1.851338675188305902e-02 7.416087415013121464e-02 1.625619038660802984e-01 1.469635046408121759e-01 1.983160989778016137e-01 1.020662249660500981e-01 4.835916033742305303e-02 3.273443347312703089e-02 4.460549589651224833e-02 7.785061347758912009e-02 1.673856635265884019e-01 4.515153860575766426e-02 5.244174305768753430e-02 2.769062344324411951e-02 1.708502404489797843e-01 1.720529019294220752e-01 1.053947613991329524e-01 1.823931769575419248e-01 
2.013092176159365643e-01 9.569476298140834614e-02 8.441680306235622988e-02 1.526039815827227586e-01 1.545013670555119012e-01 5.429326548380230405e-02 6.854863092529446533e-02 6.352502906459600585e-02 1.093499796699302223e-01 1.800396920181431548e-01 1.326739016799010351e-01 8.657150806209146232e-02 1.630041777526294589e-01 1.881876981900710011e-01 1.954695168356843094e-01 2.263853006263232340e-02 1.900251571933042061e-01 5.229657669802548758e-01 3.670006600233509664e-01 0.000000000000000000e+00 1.610844848980741151e-01 1.972908102427648191e-01 3.243666124263394623e-02 7.462539829725657603e-02 1.806348141005900410e-01 5.055375062361982391e-02 5.560209594579782477e-01 4.247420304111363537e-02 1.346736212438575109e-01 1.599429700831110079e-01 2.341783233644024187e-01 5.198514576374536206e-02 4.561027966220041613e-02 4.066909631191290009e-02 1.086538272133414848e-02 2.808083988267174452e-02 1.384414362677061361e-01 1.104787697232772481e-01 4.037611166130011808e-02 8.222403798352327653e-02 5.131974193877793244e-02 8.589652943036565902e-02 1.451534107278468766e-01 6.147302093231499925e-02 1.656986159723029817e-01 1.073430465622749463e-01 1.472328150555284598e-01 1.419453338608845684e-02 1.942893025648438632e-02 3.374268571565993552e-02 1.062601324970804118e-01 4.920285663985727448e-02 1.428511674801763165e-01 1.448361938839589080e-01 1.501457899722065566e-02 1.951965336505261106e-02 1.988687027411176894e-02 1.485158089686968164e-01 9.346295987546246464e-02 7.498590068138212550e-02 2.916332714880591134e-02 4.738502983008009706e-02 6.595358044487650839e-02 5.305801265063034983e-02 6.688480669993418504e-03 6.630025673365566585e-02 
1.746023621486122723e-01 1.594132349709980745e-01 7.549220730418150505e-02 9.121954908344026558e-01 9.045537329402811300e-02 1.987948434856002047e-02 5.235085759374398517e-02 3.937214629758963857e-01 4.577431806793665764e-02 4.697774072315234473e-01 6.067317154278796254e-01 5.975033345352692010e-02 7.367042816314992582e-01 9.224206270226494031e-02 1.848186344009086421e-02 4.316744031872583875e-02 1.128369066280894423e-01 1.570733995259009919e-01 1.226570595533257174e-01 1.610844848980741151e-01 0.000000000000000000e+00 1.302412691991983174e-01 3.582484352616500251e-02 9.341258518161581204e-03 5.896530554680392555e-01 7.670546040354886408e-02 9.237573802339775486e-02 9.785756810350113022e-02 5.008234320653837113e-01 3.083157119795459922e-02 1.227079777806948380e-01 7.903302714130272522e-02 7.185867805744376030e-03 1.591308036940883575e-01 1.372315210267156249e-01 3.580803986272249051e-02 4.123214398045114693e-01 5.692239593591255642e-02 6.956000883272746294e-02 9.177542953114578572e-02 4.004359707699210041e-02 4.803534734025283193e-02 2.636105488722497725e-01 1.499429331256521836e-01 5.411716070127539635e-02 3.763517375759095063e-01 7.842925873358869149e-02 1.340176054147782791e-01 6.932091872708791291e-02 1.127939153837006631e-01 6.695039603406913176e-02 5.009040093277290773e-02 4.836227879611110225e-02 4.904028007506072151e-01 2.442643917035468987e-02 6.808980260889022085e-02 4.636153859945241901e-02 2.889743529438744685e-01 4.241341518264466620e-02 1.004995011307322494e-01 9.081816983774378127e-02 5.660379329954820515e-02 1.773549742488549630e-01 7.766288023234525772e-02 8.007026313335743883e-02 1.567832146181466491e-01 
2.688137832754388112e-01 2.042823982208544220e-02 2.656032522675549346e-01 1.663569712520864829e-01 2.222988221515268537e-01 6.103267061159303730e-02 1.644531235598652996e-01 4.316319066278490740e-02 2.528385118165134005e-01 3.942054006922234288e-01 1.708005429006071232e-02 7.454160889695521375e-02 4.713939487576957604e-02 1.666369704752611036e-01 3.138818165282821204e-01 4.892346973768462171e-01 1.340522484809144876e-01 6.991480773960422057e-02 3.801378535444224077e-02 1.972908102427648191e-01 1.302412691991983174e-01 0.000000000000000000e+00 4.471655985447048898e-01 7.757443475187870696e-01 2.896047430029689007e-01 1.010968868425876216e-01 3.659653636539251242e-01 1.913865383325731029e-01 3.857108817680443003e-01 3.364765863602265372e-01 3.393486343747213474e-01 2.048702409621042664e-01 1.144215401124454856e-01 1.869432755288557846e-01 3.591905426590113332e-02 4.682535134694893603e-02 1.930271480776364346e-01 1.309500703884274864e-01 1.706929081941979953e-01 1.073778287613893906e-01 4.091734383705426803e-02 1.306843197592985617e-01 2.150622624103317448e-01 1.512140543981394317e-02 9.835785694457327422e-02 2.176385731038374405e-02 1.120472858666514970e-01 2.009992614835612312e-01 1.933302317137544635e-01 1.976059766201172241e-01 1.119048987658533695e-02 1.472964966075629989e-01 2.258274518068488154e-02 1.517597461577405160e-01 1.319633739564134434e-01 2.478155804923771743e-01 1.057833375792871650e-01 2.198482511402659600e-01 2.497718723510626918e-02 2.088380849189595267e-01 2.522534581020801497e-02 1.654380796219080130e-01 2.241778154713394144e-01 8.688997594973640881e-02 2.148467932085547927e-01 1.966439022531310810e-01 
1.949185277550590234e-01 4.071621606184999687e-01 4.688960310247968777e-01 3.466313120533870418e-02 4.378697929045997084e-01 1.863432723981507388e-01 3.888540547636953337e-01 1.281307758447395861e-01 4.025519983295546278e-01 5.356588281407004271e-01 6.451236417507634491e-02 1.378802348513200049e-01 1.075881422995604714e-01 1.114596826093394166e-01 3.499407310722307263e-01 8.636065625091388087e-01 2.428933583114787076e-01 1.064784421104186529e-01 7.467159295367797878e-02 3.243666124263394623e-02 3.582484352616500251e-02 4.471655985447048898e-01 0.000000000000000000e+00 6.276119105453159541e-01 2.844655559429529190e-01 1.158105570574574777e-01 1.589741245355525412e-01 6.500798336340167793e-01 2.663732457365391437e-01 2.922266501276690187e-01 1.993174800183821760e-01 3.321626853504708321e-01 9.515751162086559523e-02 1.437481848950676322e-01 3.472409221302871218e-01 2.498706775055077323e-01 6.520805151528012711e-02 3.751641709778615330e-01 2.260250662590240489e-01 1.913731938107340880e-01 6.204001381485067801e-02 2.700633514832762039e-01 3.302257630025580148e-01 2.552876365806062628e-02 1.914385605943186297e-01 7.991424801936815314e-02 2.467595726361289932e-01 1.981904636388918117e-01 6.248782475265565184e-01 2.349587768627830198e-01 3.606058286462487938e-02 3.998707020658256311e-02 4.998726304731303943e-02 5.155479285900479991e-02 3.782191737386282893e-01 7.185078412572897255e-01 4.298490154817980469e-01 2.004364733953710176e-01 1.288330278074505952e-01 1.776110723129423197e-01 4.249747392609120045e-01 2.379516347530171161e-01 2.132866626188724690e-01 6.470473931410088836e-03 3.793068428903362821e-01 1.408301512570831471e-01 
2.438853144861732047e-01 1.169916545032349403e-01 3.623771374081816710e-01 2.452965468212765787e-02 2.806199756640886944e-01 9.316463212100968561e-02 2.253536954514152868e-01 5.143690241746850383e-02 3.042622216763560261e-01 3.693529833160252851e-01 6.435502097447266812e-02 3.126799530035553887e-02 4.111890637953204142e-02 1.021239093128060715e-01 3.335418266155050770e-01 7.169082816299435779e-01 1.452150452429085414e-01 8.762921522208292138e-03 5.515537989160420283e-03 7.462539829725657603e-02 9.341258518161581204e-03 7.757443475187870696e-01 6.276119105453159541e-01 0.000000000000000000e+00 1.860122078322104522e-01 7.113717527921804840e-02 2.764801630532988663e-01 3.795291963484770381e-01 2.648238871541345185e-01 3.557030199132370507e-01 2.089811069127485432e-01 2.772464315219715925e-01 1.765531046146155136e-01 1.541537931335205114e-01 6.990616620161631267e-02 6.630669923444532099e-02 1.010783648131053231e-01 1.372265852256435992e-01 1.444336103642346325e-01 9.501136180864612479e-02 2.758710123454718305e-02 1.300994144284660092e-01 2.053928323616517615e-01 9.913380566722154730e-03 4.308405483921681767e-02 3.605496299434551855e-02 4.439045222002824254e-02 1.660964198041304796e-01 3.145794849512443259e-01 1.626298638009625042e-01 8.547791952483081018e-03 1.090461635029352644e-01 4.115090823985501078e-02 7.176138962380691766e-02 1.827432175931719971e-01 3.494468005304371405e-01 1.431670099429581400e-01 1.724791135268652076e-01 2.376933873022091942e-02 1.513237539532305553e-01 7.818367606530696179e-02 2.254479617911686606e-01 1.987221485590297820e-01 6.045311180383763222e-02 2.032813312871430134e-01 1.739148994433532547e-01 
