0.000000000000000000e+00 7.121531813358067398e-02 1.054585924141997755e-01 2.677069047007580305e-01 3.299877294353049662e-01 6.667736419395733916e-02 3.952281027151588466e-01 6.571203240980159725e-03 2.696913396280026798e-01 2.806867462491914877e-01 6.175159058225804243e-02 4.132983875688782394e-02 5.398351134751489672e-02 9.066591479335051398e-03 4.139353386803675816e-01 3.432921101385322249e-01 5.017792383793511224e-01 2.424004468756610631e-01 6.427200654719616990e-02 2.119001208328966657e-01 2.113177529998926107e-01 3.247137505213046338e-01 2.813119741614875657e-01 2.771722898788983036e-01 3.254138151222339403e-01 3.398907732627730327e-02 1.510176254406986607e-01 1.748606773742062415e-01 4.259350265055121820e-01 5.765990836094573302e-01 2.005510391779234680e-01 2.807542577914325377e-01 5.563244697604544653e-01 1.579292274170546462e-01 1.309526888734674210e-01 9.891844651660026966e-02 1.115134975982885607e-01 5.613644484174792199e-02 2.667932390485442534e-02 1.787298824730938485e-01 1.594817989189044050e-01 8.374475186055137244e-02 4.067047372200355837e-01 3.038911163698705675e-02 3.979289021001545384e-02 2.880949319532928876e-01 2.725905726722172365e-02 8.415055910975831333e-02 2.473173792386991476e-01 1.990398004607292493e-01 6.478190474769197904e-02 6.415348346622666564e-02 3.737492466586336826e-02 1.530140922992961061e-01 1.707027297669325705e-01 2.795319468923903039e-01 1.861313212620359370e-01 2.767086308495433356e-01 3.286970600306909213e-02 7.066861443826939759e-02 1.388213226460894290e-01 1.888691912256374450e-01 1.739647484512153730e-01 1.600956155429403560e-01 4.649535378620178044e-02 1.878800918521391916e-01 
7.121531813358067398e-02 0.000000000000000000e+00 4.335261706450739272e-01 1.797594862270633642e-01 1.632126392989374508e-01 3.969420716445828251e-02 2.060880901687952849e-01 1.392576089177122341e-02 2.075787429141693341e-01 3.469072951567187674e-02 2.226484238168351115e-01 2.463016396746157410e-01 2.214121077121540548e-01 2.020817755866057275e-01 1.862987651240462783e-01 2.977001037067017464e-01 1.407193953499207874e-02 3.224822013497326972e-02 8.990071177125961988e-02 1.026075235891402149e-01 2.038321374894210558e-01 7.349388368228840229e-02 4.168233683230859188e-01 2.003140500420646508e-01 4.976977911289633127e-02 3.488047561690320597e-01 2.654676236500174702e-01 7.710174841136934187e-01 3.804916431119577391e-02 1.735631931624149749e-01 3.219748558347864525e-02 2.262092763750370716e-01 1.084936429127313362e-01 1.147783868999915080e-01 6.312442354469347539e-01 1.207198001174579899e-01 1.378958145918995903e-01 1.492253965008114858e-01 1.074943736204978101e-01 1.607646360333211399e-01 6.845262700088262930e-02 1.717908712251507430e-01 8.447274059137632740e-02 3.115172968758825323e-02 2.801472855028716569e-01 1.452454712931967040e-01 2.715575118890801720e-01 9.550036844780716849e-02 2.049013766241467027e-01 8.895608224651915807e-02 1.986075614548066248e-01 1.435193095095123605e-01 4.912989697718648380e-02 1.519848454581511632e-01 1.730246691844542287e-02 2.645976675441593651e-01 6.607231162073473607e-02 1.145142109686364956e-01 1.681899670836840277e-01 2.207149421221442642e-01 5.570724910736263302e-01 1.344412860438645718e-01 9.697786766283407467e-02 8.876934362676013046e-02 1.566272535428926693e-01 1.014665724252129253e-01 
1.054585924141997755e-01 4.335261706450739272e-01 0.000000000000000000e+00 1.500554001179305319e-01 2.697955051442883501e-01 1.987014838428182162e-01 2.645267619301047146e-01 1.182093291051673593e-02 3.794601430351006166e-01 1.311872161356689992e-01 2.459355503917956542e-01 2.887784729615048285e-01 1.803792166922559836e-01 2.795775541259662988e-01 3.780264322107995123e-01 3.783361361807834888e-01 4.980112757740416674e-02 2.951628451226456229e-01 1.168318941714897863e-01 1.321932431060015845e-01 1.656027693411435131e-01 3.046706310292399134e-01 4.532716793706607072e-01 3.874838958061863070e-01 1.438753037287958912e-02 1.111270511313789122e-01 1.548317038270449926e-02 5.376412206675509342e-01 4.847297099248804725e-02 2.851333872986128726e-01 2.272105543599300947e-01 2.955492626035965409e-01 6.026278319800829758e-02 3.597487581501242898e-02 7.883175843312335840e-02 1.143369554087407813e-01 5.942017902818508973e-02 1.147341156571072829e-01 1.252517996996813932e-01 7.106560694306782167e-02 5.998608774916625724e-02 8.618889826462923509e-02 3.274133667391200542e-02 2.387085344627314434e-02 2.231610400789504345e-01 9.284570387052366869e-02 3.135233353874940510e-01 4.409450368076557603e-02 1.378279579373818120e-01 9.013921468370039713e-02 1.087089639015560716e-01 1.377018644589368401e-01 5.433077122460425179e-02 7.593605986272364272e-02 8.395261764731411225e-02 1.930469121562863044e-01 7.358476517398687688e-02 5.714694722134251031e-02 2.414787842764506975e-01 3.278038619925895125e-02 3.816722032704580880e-02 1.728760689194300607e-02 4.433087303696790077e-02 3.339566244138533063e-02 8.056250294261788070e-02 5.003030963041903145e-02 
2.677069047007580305e-01 1.797594862270633642e-01 1.500554001179305319e-01 0.000000000000000000e+00 1.856311202739564792e-02 1.814712115639770251e-02 1.556068459094511053e-02 3.462377489966926847e-01 4.011738193665086161e-02 4.712333760825225815e-01 5.692249538951092980e-01 4.275768548791303303e-02 5.490634663755070699e-01 6.806073608238032147e-02 1.580821885207308111e-02 5.027502301942179258e-02 9.730364124675833226e-02 1.908199382544469302e-01 1.084625811909701171e-01 2.111254546314697833e-01 9.104022528766890776e-01 9.304677842188971426e-02 6.186430133967298073e-02 2.347615698395915176e-02 6.397228645408192804e-01 1.014332664523081157e-01 1.537279810163915961e-01 1.243590268757057277e-01 5.448818313115740830e-01 4.688024462671643716e-02 2.752976003213113490e-02 6.648694661365067704e-02 4.899207189379375244e-02 8.368576918027313682e-02 1.107730702550677182e-01 1.792819432749397784e-02 5.130281245358443432e-01 2.486987781374859832e-02 1.304364954143216460e-01 1.281904933936520996e-01 1.105741982108083277e-01 1.119635591953562805e-02 3.402879341998807372e-01 2.235802285282383894e-01 4.942763687515471654e-02 4.017710596175889104e-01 5.770738726613545977e-02 9.542716548163586443e-02 6.467404937227752559e-02 4.685454201367440785e-02 6.010302121937449726e-02 3.428566373995519528e-02 8.101892338727027798e-02 5.559159555585134749e-01 3.802952499584903029e-02 6.104676431981616996e-02 5.746529342288620584e-02 4.074125446643062642e-01 6.006207214916813031e-02 1.619460837791903973e-01 7.354775864670495822e-02 1.082582085740197569e-01 1.133308392774447088e-01 3.708998772045541542e-02 6.629767574539935371e-02 9.619102332975824898e-02 
3.299877294353049662e-01 1.632126392989374508e-01 2.697955051442883501e-01 1.856311202739564792e-02 0.000000000000000000e+00 1.041265403198961131e-01 8.379067017549117757e-01 2.946344560511752683e-02 7.752998742809585897e-01 2.775016458908730610e-01 4.394320320315218964e-02 2.763938787425455068e-01 5.414385892378344861e-02 1.560461449567701886e-01 5.231243320908827155e-01 3.501610051596245055e-01 5.846328585054850757e-01 2.241395593055694330e-02 1.682990861766819890e-01 1.156936075343179271e-01 3.065437661021124666e-02 2.390181754849414197e-01 4.098001493643063098e-01 2.866201604226751853e-01 1.410531796588805065e-01 2.046411329645302091e-01 1.828672064016195753e-01 2.646532012592522909e-01 8.461336003505955106e-02 3.619396194294417501e-01 8.182850993235260550e-02 5.927461989624805971e-01 1.728379733693072851e-01 8.324951826508987518e-02 1.737929352777406455e-01 1.239557747837459617e-01 2.800324528496814236e-02 2.454661111732636680e-02 1.299553579251952751e-01 1.542638405402393109e-01 1.317021501749231771e-01 7.660012252185323389e-02 4.206051230639096805e-01 4.241954973855360106e-02 2.676330759362476400e-02 2.492903777328842330e-01 1.304366492579747405e-01 1.110337573333116251e-01 2.675275088477000462e-01 1.587955709554272621e-01 1.394342933682151675e-01 3.616384921420413151e-02 3.230744970385700243e-02 1.090493475058342959e-01 1.815668759405254795e-01 3.799469385921152575e-01 1.926609367612535373e-01 2.604478099014417292e-01 1.243957945291230549e-01 9.234246540858846719e-02 1.292009993018430059e-01 2.036401200698964853e-01 1.006558686984554279e-01 1.460183592975625166e-01 5.137582311716607300e-03 1.658981420871430412e-01 
6.667736419395733916e-02 3.969420716445828251e-02 1.987014838428182162e-01 1.814712115639770251e-02 1.041265403198961131e-01 0.000000000000000000e+00 6.997245233132946829e-02 6.793103246184212761e-03 8.265250937447289614e-02 8.731286044229943921e-02 3.672714957962885940e-02 2.506398449075201151e-01 6.953285299470740588e-02 3.945042418111720517e-01 2.337716735280206959e-01 1.054490228395396356e-01 9.382996374456420430e-02 1.823059256368398939e-01 1.129105310608204127e-01 3.963445379034730848e-02 8.454055407361124250e-03 3.731823907886319680e-02 1.374424644093542591e-01 5.895858512365164533e-02 6.415388597980299645e-02 4.997280284888001023e-01 2.402137131124807146e-01 6.976897645136327653e-02 6.120799436452437070e-02 1.408828383513743565e-01 5.522643753403576328e-02 2.351615158930825678e-01 8.154241424063032873e-02 6.140575144207805619e-02 3.023183546733786836e-02 1.420735450772103725e-01 3.692707836234322694e-02 5.365154841601316865e-02 3.791731350106881115e-01 5.319957803526111778e-02 2.507266418791229828e-02 1.041193227932752235e-01 6.928365455568820386e-02 1.721312810455693024e-02 2.512350502447742717e-01 3.334729342225245530e-02 3.090180653498175167e-01 7.190974915125095124e-02 6.810200321866233253e-02 4.343268167570960014e-02 1.446196705321283471e-01 2.411291524040002077e-01 8.540024938761942019e-02 2.305624195008345451e-02 7.549176323349583717e-02 1.291584410103562841e-01 1.262760439816417168e-01 4.685105791230102790e-02 3.769136100767289665e-01 1.964776873957357617e-01 5.153114881601612851e-02 8.762032819795537164e-02 7.435103668774357966e-02 1.201889189754739989e-01 6.959487098057709487e-02 1.463666633396950578e-01 
3.952281027151588466e-01 2.060880901687952849e-01 2.645267619301047146e-01 1.556068459094511053e-02 8.379067017549117757e-01 6.997245233132946829e-02 0.000000000000000000e+00 5.189315750435295402e-03 7.112088033036323420e-01 2.058196419152359680e-01 1.393868729304268972e-01 3.702010636323027626e-01 1.931834499228413382e-01 2.585502494096841852e-01 4.641465840831925926e-01 3.021104634453814497e-01 6.501820717984152509e-01 8.769392376935145061e-02 1.469116486430792623e-01 1.621960753961968968e-02 1.317685730882057517e-02 1.881099310309460038e-01 3.666424937508540594e-01 2.274421779905507202e-01 1.219548215181286699e-01 1.503138702070181965e-01 5.580970320909372367e-02 2.494238904008453106e-01 1.515078124400806581e-01 3.225710650724352702e-01 1.922096274884297837e-02 5.359431267034405755e-01 1.685576681507352514e-01 1.163378349791913263e-01 1.962719643195442731e-01 1.233379792229027938e-01 1.684950428449727075e-02 1.165499803487455785e-02 1.177704817644613100e-01 1.975658372232282634e-01 1.288194350532351762e-01 1.233849220512036327e-01 3.726958679835193355e-01 6.507428320269485755e-02 3.724370642535082543e-02 2.547982464039836303e-01 1.384948248584574326e-01 1.556188122260161455e-01 2.518176928033210582e-01 1.958789983414487568e-01 1.370241921638078453e-01 3.660102157599057215e-02 5.565232179365194043e-02 7.317112270767966997e-02 1.663947074543205285e-01 3.457655171655525383e-01 1.775391411886881043e-01 2.255689077679509102e-01 9.624035799494314036e-02 4.901655377800701041e-02 1.474855885298803349e-01 1.738528871007699594e-01 1.110731484405797914e-01 1.218262153979875473e-01 3.466382402596168699e-02 1.520600484124930152e-01 
6.571203240980159725e-03 1.392576089177122341e-02 1.182093291051673593e-02 3.462377489966926847e-01 2.946344560511752683e-02 6.793103246184212761e-03 5.189315750435295402e-03 0.000000000000000000e+00 7.303594246578995475e-02 4.467205286561780064e-01 4.469684513431237405e-01 9.254632531175727150e-03 4.133186480831441134e-01 3.197614219968863969e-02 1.239567085098234045e-01 8.647467719083110071e-02 6.031253718508573780e-02 6.130693875451323493e-02 9.957612604053391048e-02 8.868937428276457702e-02 4.441358665599828282e-01 2.188824568328777767e-02 9.213833315393921142e-02 4.082054185371967320e-02 5.005748502400941824e-01 2.893131498244857699e-02 5.683054274091754038e-02 7.705451992022686533e-03 5.239243953094649964e-01 8.209983561182905565e-02 4.725097325943247717e-02 1.718154762906050903e-01 6.789397190674964500e-02 1.857705000637564219e-01 2.095280796043457253e-02 2.675987523328171580e-02 7.707696945158293289e-02 1.632351115903868666e-01 1.190454891073553824e-02 9.331141132952870676e-02 2.536492532253862425e-02 1.058487226800115255e-01 7.606795881248164248e-02 1.517259626552540375e-01 4.704680077891688211e-02 1.369309953442511031e-02 5.224545607609151071e-02 8.365941611690784485e-02 3.102575652967829584e-02 2.190867103084103706e-01 2.884901394032466510e-02 3.655706202410920203e-02 7.872291440447532623e-03 9.598423384902753097e-02 7.187381277244450639e-02 1.897905580918451268e-02 3.975176771953409238e-02 1.318363703835579992e-01 4.288408812462752434e-02 7.949694022325105511e-03 3.909041054898019368e-02 5.732677812488426623e-03 2.038167238640751222e-01 1.521379916280733158e-01 1.287632479004784947e-01 1.928129650265196227e-01 
2.696913396280026798e-01 2.075787429141693341e-01 3.794601430351006166e-01 4.011738193665086161e-02 7.752998742809585897e-01 8.265250937447289614e-02 7.112088033036323420e-01 7.303594246578995475e-02 0.000000000000000000e+00 2.327708661910318222e-01 1.575024192679188861e-01 4.263774719943038138e-01 5.765475021271325440e-02 2.417455762694716015e-01 5.820030153543002127e-01 3.397599829211871425e-01 3.461496853423741693e-01 8.355863529979751236e-02 3.656192826689308450e-01 6.919398013021740845e-02 3.487303142964114783e-02 2.849877235830919897e-01 3.944763709009693753e-01 3.242192682013987914e-01 7.898332106626525240e-02 2.546374298866591057e-01 1.221629599509492375e-01 3.227328212215886949e-01 4.489197692686617419e-02 3.342508623825428127e-01 2.081186229733439919e-01 4.844608966442364717e-01 8.182341646812421598e-02 2.225165776769202908e-02 1.636495471653101885e-01 1.144070324905546998e-01 2.876200084995974085e-02 2.696406713715895215e-02 1.378496622001832983e-01 9.719744190092377556e-02 6.793339158614566942e-02 4.356018624286901036e-02 3.009428147262003250e-01 1.460610456905326628e-02 2.738621092035564003e-02 1.807494272144495595e-01 1.844951501664208737e-01 5.444127882458606182e-02 2.184275846950194666e-01 9.857992404284433852e-02 1.283956532768686376e-01 5.434154577638664746e-02 9.114249690509076962e-02 8.385188501857936128e-02 1.076163540787561518e-01 3.042997721348548734e-01 1.261623421660231781e-01 1.885956702014501829e-01 1.666603323666942249e-01 4.588446804693209480e-02 1.227264512523097151e-01 1.195791803049822827e-01 2.331921913782055572e-02 5.368363474937937196e-02 4.228151522201447493e-02 6.245133556295250077e-02 
2.806867462491914877e-01 3.469072951567187674e-02 1.311872161356689992e-01 4.712333760825225815e-01 2.775016458908730610e-01 8.731286044229943921e-02 2.058196419152359680e-01 4.467205286561780064e-01 2.327708661910318222e-01 0.000000000000000000e+00 3.276442120234298039e-01 1.584297649823117327e-02 4.103380573334782233e-01 6.095752093092646900e-02 1.616718537813531253e-01 4.710223782555933436e-01 1.881622644875867723e-01 1.335488869896257202e-01 1.585564496187643335e-01 2.182319236076343261e-01 4.992860236832852849e-01 3.611781328353936282e-01 4.947129045426760241e-01 3.529114234967193342e-01 8.304821362911847249e-01 1.809860620778093176e-01 2.548913527826726089e-01 1.941580656187423537e-01 6.281989054792406213e-01 1.673859624203494767e-01 1.669167428829037014e-01 7.921462256857579598e-02 6.862245802644438564e-02 2.111857117010030593e-01 4.597888265122768159e-02 5.927459598529252055e-02 2.252627856370574555e-01 3.798966077030162536e-01 1.942970885578244877e-01 7.996361608075966410e-02 1.759482743210288025e-01 2.411255680819460734e-01 5.457372704137335440e-01 1.421540831019730000e-01 7.427720450831939991e-02 2.365758171245813946e-01 9.795866396384483865e-02 2.613567159454465161e-01 3.720962587664525256e-01 3.148672667571247308e-01 1.282572779352686987e-01 6.119947770857345204e-02 1.306458461211085775e-01 2.891952046752030436e-01 2.382719757090716595e-01 3.977115799904535343e-01 2.388290242221413617e-01 5.312752972368711690e-01 1.624008647583828902e-01 3.027989787846412373e-01 1.177153193337015374e-01 2.947184390562378464e-01 3.207799423935761007e-01 1.832583492316448848e-02 3.453842084826833636e-01 2.512768073950173986e-01 
6.175159058225804243e-02 2.226484238168351115e-01 2.459355503917956542e-01 5.692249538951092980e-01 4.394320320315218964e-02 3.672714957962885940e-02 1.393868729304268972e-01 4.469684513431237405e-01 1.575024192679188861e-01 3.276442120234298039e-01 0.000000000000000000e+00 1.521082791131173340e-01 5.515880228192642232e-01 1.476038124379256966e-01 1.273802596990371572e-01 8.797359555146366805e-02 7.670344125792061263e-02 2.801819181981016760e-01 6.321014530227234141e-02 2.350910736771103238e-01 6.150527394170054452e-01 3.177757890857815706e-03 1.084950547821406514e-01 7.832545361481670076e-02 4.434049447963048785e-01 4.423775522198633570e-02 1.519953594190159851e-01 1.743718992892190900e-01 3.415385729562342987e-01 4.564918703696416169e-02 1.021369878008608068e-01 1.776439783780802695e-01 1.513671323733051591e-02 4.460355143612639711e-02 9.075665927470470684e-02 4.537451252392217527e-02 2.409250287063200435e-01 4.252162530172311217e-02 3.266065114665415298e-02 1.422889073001157474e-02 1.054827435426343024e-01 3.099084283466839104e-02 2.433045574078513962e-01 8.446534402053267054e-02 1.036155665178344620e-01 1.630104166858470649e-01 1.315746874426483859e-01 6.606470141492254422e-02 5.440332470376026824e-02 8.304374967093927640e-02 5.794667955327775094e-02 6.554724570990352883e-02 2.869993568036486795e-02 2.824360186413327756e-01 2.546736374092373884e-02 4.826276107370789520e-02 4.197625648238990925e-02 2.713321708470710081e-01 1.237521134334034802e-02 6.686466462173872027e-02 7.465385946178842991e-02 8.450200839676946796e-02 4.831426646520986523e-02 2.817252498060577801e-02 6.022452211381717352e-02 2.529229013779509330e-02 
4.132983875688782394e-02 2.463016396746157410e-01 2.887784729615048285e-01 4.275768548791303303e-02 2.763938787425455068e-01 2.506398449075201151e-01 3.702010636323027626e-01 9.254632531175727150e-03 4.263774719943038138e-01 1.584297649823117327e-02 1.521082791131173340e-01 0.000000000000000000e+00 1.388622969127732976e-01 8.129298458318295895e-01 1.951310725352420061e-01 3.185549203312838112e-02 4.201176789501333969e-02 2.306188825810100707e-01 5.023616944961871722e-01 1.121064897113585590e-01 6.189240039619633982e-02 2.585709355371785048e-02 1.141142016475896331e-01 2.660634925246351326e-02 6.139797405013810994e-02 3.478859685902814802e-01 1.421816491743641830e-01 2.348950044758978395e-01 4.478245503800330762e-02 2.884259695024644216e-02 1.259860429152042383e-01 2.261585248269458170e-01 1.483201103603472848e-01 5.128089763159527498e-02 2.236684743558982613e-01 2.244232331975425099e-01 3.406292597527773441e-02 7.804226496963314295e-03 3.353174505825586293e-01 1.906142946880921146e-02 3.952770048442938444e-02 1.654239698970643921e-02 2.710795154585645891e-02 7.783229321267944034e-02 1.345905357317542239e-01 1.692100678464000460e-02 4.732719498704897054e-01 1.918157635562544802e-02 5.179561323358811142e-02 4.536483000140902749e-02 2.434516433222761733e-01 5.048987911302611070e-02 1.938650289679597627e-01 4.718080430688546822e-03 2.480623847019371511e-02 9.492175055861480637e-02 1.020311133436171448e-02 9.620130312445832402e-03 3.194714614791509533e-01 3.675660951314467517e-02 1.243730702801493226e-01 8.590860285606094493e-02 5.575259588639793623e-02 9.897208174855696983e-02 4.284168676010618321e-02 4.608313589117308401e-02 
5.398351134751489672e-02 2.214121077121540548e-01 1.803792166922559836e-01 5.490634663755070699e-01 5.414385892378344861e-02 6.953285299470740588e-02 1.931834499228413382e-01 4.133186480831441134e-01 5.765475021271325440e-02 4.103380573334782233e-01 5.515880228192642232e-01 1.388622969127732976e-01 0.000000000000000000e+00 1.554472161593702939e-01 1.810294890025388737e-01 1.168278040964561837e-01 2.002336105543667533e-01 2.421311057140347334e-01 1.214031850215379904e-01 2.203181067878245691e-01 6.864477782616786872e-01 2.866184663259496723e-02 1.485142729813225260e-01 7.255458008566166572e-02 4.358649904714403389e-01 6.469804106675933197e-02 1.075558974508935700e-01 1.662190165107038375e-01 2.733043017985154477e-01 1.763095422667168843e-01 1.367912717932336653e-01 2.232968302300103181e-01 1.407429050013549177e-01 2.333756238588491905e-01 1.667535255012156936e-01 6.303160201166807530e-02 2.472865981784296285e-01 1.103067820007631039e-01 1.281703697397732628e-02 3.799503761096707788e-02 6.434821422621256337e-02 1.371342719535437460e-01 1.055805718049959013e-01 6.476108278148540176e-02 6.623887463526104830e-03 2.155364277457920974e-01 5.515639473735951814e-02 2.238260920182617297e-01 1.421823440572386466e-01 1.594312411060358758e-01 1.307016668170609686e-01 1.094557785598358063e-01 7.467690228004236763e-02 2.889414093858128085e-01 1.139448351759863587e-01 1.811830535635965134e-01 1.325557274210157066e-01 1.451336023048447887e-01 2.487641119248476529e-02 5.420000070449041557e-02 1.078388724917874741e-01 5.406325389378481561e-02 2.569765078554945292e-01 1.578133361938180712e-01 1.458290545544219663e-01 2.580325332269569616e-01 
9.066591479335051398e-03 2.020817755866057275e-01 2.795775541259662988e-01 6.806073608238032147e-02 1.560461449567701886e-01 3.945042418111720517e-01 2.585502494096841852e-01 3.197614219968863969e-02 2.417455762694716015e-01 6.095752093092646900e-02 1.476038124379256966e-01 8.129298458318295895e-01 1.554472161593702939e-01 0.000000000000000000e+00 8.862814764787223243e-02 4.122283964229018355e-02 1.888543442153079593e-02 3.358126348273419159e-01 2.829459917045015760e-01 2.226319590661683112e-01 7.260222401102854606e-02 1.025067362011037042e-01 7.881854626751341741e-02 7.869296778828624439e-02 7.370197351205227954e-02 4.301995677821279229e-01 1.701864479418903064e-01 1.648099023594301327e-01 2.925249076861577771e-02 8.273808853943563635e-02 6.618147512518156306e-02 1.321986541594858122e-01 1.497732767493218375e-01 4.315938425972337678e-02 2.120231663403608913e-01 2.846552352789145091e-01 1.201825554039436666e-01 5.894761815063930682e-02 4.229939823094261975e-01 8.008923935057207788e-02 8.527814130813599069e-02 8.397986431032899990e-02 6.865812599458538668e-02 9.220288313474259145e-02 3.675911769468619417e-01 6.628692904001931563e-02 6.627774642857799936e-01 3.326757252635258871e-02 2.734096030098888408e-02 3.698175293567698002e-02 2.787414529880947733e-01 2.538595414724730825e-01 1.355183362675043135e-01 9.242786560217865210e-02 3.796995563455640710e-02 7.760719017676168119e-02 2.623776857126859652e-02 9.637805722382489226e-02 4.578888785179048848e-01 7.310749257402962553e-02 1.255785045955962742e-01 1.635031367071517472e-01 3.383525960462557824e-02 9.522080719177002106e-02 7.887853583929813062e-02 3.104008133061528230e-02 
4.139353386803675816e-01 1.862987651240462783e-01 3.780264322107995123e-01 1.580821885207308111e-02 5.231243320908827155e-01 2.337716735280206959e-01 4.641465840831925926e-01 1.239567085098234045e-01 5.820030153543002127e-01 1.616718537813531253e-01 1.273802596990371572e-01 1.951310725352420061e-01 1.810294890025388737e-01 8.862814764787223243e-02 0.000000000000000000e+00 3.659163059225540304e-01 4.642816350197228048e-01 1.487905560059179372e-02 1.220294352083487049e-01 1.549422759466314858e-01 4.954492559354212178e-02 3.528018724637199122e-01 3.889961575861665688e-01 3.759317835993825629e-01 6.366463871609445713e-02 1.855904864082727757e-01 2.984288825337854667e-01 3.315164611664525030e-01 5.222356115884036615e-02 7.741424712989721790e-01 1.162086043357925952e-01 7.143315429682495221e-01 4.512589836998804893e-01 9.876807416691547881e-02 1.577248455272649008e-01 7.214161002442112669e-02 6.833570544990706652e-02 6.145313473414203836e-02 1.277712042553690031e-01 1.645774414101781602e-01 8.965193856143512108e-02 1.037883851279821079e-01 3.212931210794491288e-01 3.325799967587271533e-02 1.262561192182064772e-02 1.649903445747719910e-01 7.637761330012657335e-02 1.151705026994377795e-01 2.504525393198296368e-01 2.279080787519024154e-01 8.363026109708453226e-02 1.009175507461874954e-01 2.841219463192326544e-02 7.232912857011311591e-02 1.547893475910864791e-01 3.355449362873508812e-01 1.785791623878799916e-01 2.013748723385167527e-01 1.097990650498738563e-01 9.412213069469918536e-02 1.207663716193394104e-01 1.902389015618634605e-01 1.579298123398608089e-01 1.788412424582419558e-01 5.813295559598142398e-02 2.057190077507055070e-01 
3.432921101385322249e-01 2.977001037067017464e-01 3.783361361807834888e-01 5.027502301942179258e-02 3.501610051596245055e-01 1.054490228395396356e-01 3.021104634453814497e-01 8.647467719083110071e-02 3.397599829211871425e-01 4.710223782555933436e-01 8.797359555146366805e-02 3.185549203312838112e-02 1.168278040964561837e-01 4.122283964229018355e-02 3.659163059225540304e-01 0.000000000000000000e+00 2.385272743176791999e-01 3.620289426090095991e-02 2.759887811016884310e-02 2.639293703026007049e-02 5.972592808011703558e-02 5.453804572524615368e-01 8.778107115238232838e-01 7.495727976462402964e-01 2.644815642964522540e-01 4.977840462350648087e-02 1.506093627553231062e-01 5.221272131953559326e-01 2.822983128282202103e-01 4.161916683504145453e-01 4.008071270551426951e-02 2.961662826394764192e-01 3.031064183009028468e-01 1.038390388618976451e-01 2.345141698870868430e-01 1.341105641054725905e-01 2.367385481952772805e-02 2.813240216999793319e-01 9.468404481138277540e-02 1.625080635074092616e-01 9.619217961309189935e-02 2.236443227744749351e-01 3.105070676356823101e-01 1.616622770568203193e-02 9.393983928646099102e-02 5.215941871811780040e-02 1.035660344668759142e-01 1.852980700800285763e-01 6.261096466613429445e-01 2.145031319660793967e-01 6.310895804862799718e-02 2.851648613707154223e-02 6.124079227194945824e-02 2.254273645225579256e-02 3.859788522017993384e-01 6.318864639344757839e-01 3.838496412242333733e-01 2.273814317269877427e-01 6.650795333853147528e-02 1.958815590395647510e-01 2.616681968730132923e-01 3.036600611550545614e-01 1.517233776925971389e-01 6.680394244875195731e-02 2.535647706792482636e-01 8.805693289090263387e-02 
5.017792383793511224e-01 1.407193953499207874e-02 4.980112757740416674e-02 9.730364124675833226e-02 5.846328585054850757e-01 9.382996374456420430e-02 6.501820717984152509e-01 6.031253718508573780e-02 3.461496853423741693e-01 1.881622644875867723e-01 7.670344125792061263e-02 4.201176789501333969e-02 2.002336105543667533e-01 1.888543442153079593e-02 4.642816350197228048e-01 2.385272743176791999e-01 0.000000000000000000e+00 8.440006987840344144e-02 5.168486386780296593e-02 1.571180820210021367e-01 9.285608940219367002e-02 1.369454242207494843e-01 2.583815453186978361e-01 1.407126250182130778e-01 1.858256946911011065e-01 1.118058119017869695e-01 2.418429215293181611e-01 7.377857851877125950e-02 2.359899820163717243e-01 4.598725716616677284e-01 1.357125930980046247e-01 4.574519579400567748e-01 4.019423242892974368e-01 2.115689746449334052e-01 1.144838135166752202e-01 1.077280543355962211e-01 4.230924962455889782e-02 7.917165101195645927e-02 1.039230808200183320e-01 2.685291052543994916e-01 2.260741551482979006e-01 2.163999039150875103e-01 4.868166085714134561e-01 1.100901029487768717e-01 8.727483102821256833e-02 3.027358202884377625e-01 2.914188568505237872e-02 2.651287806710053152e-01 2.664782361623445062e-01 3.068806558377982774e-01 1.606419550472399926e-01 1.487655855425646378e-01 2.032174788874409679e-02 1.258563440643598597e-01 2.367179090299489086e-01 3.631906190953371194e-01 2.396967316584583396e-01 3.102284007087252604e-01 4.480421248736297241e-02 1.035758019348952119e-01 9.681853834414981541e-02 2.921766935310712299e-01 2.698823539765923263e-01 2.712705219165844617e-01 1.307905290851708313e-01 3.397629225880424708e-01 
2.424004468756610631e-01 3.224822013497326972e-02 2.951628451226456229e-01 1.908199382544469302e-01 2.241395593055694330e-02 1.823059256368398939e-01 8.769392376935145061e-02 6.130693875451323493e-02 8.355863529979751236e-02 1.335488869896257202e-01 2.801819181981016760e-01 2.306188825810100707e-01 2.421311057140347334e-01 3.358126348273419159e-01 1.487905560059179372e-02 3.620289426090095991e-02 8.440006987840344144e-02 0.000000000000000000e+00 8.044096883095741557e-02 5.464818094348425914e-01 1.954512009912876824e-01 6.640270444949590567e-02 4.334407294090131257e-02 4.918365848543981150e-02 1.744694721978009289e-01 2.378198268310803554e-01 1.030334663092856429e-01 4.482161104807163426e-02 9.119968883157961170e-02 1.626665973582418767e-01 1.569997376789715737e-01 4.572256624765147492e-02 3.353107826580493112e-01 1.630040990909065179e-02 1.866731596942134142e-01 1.329341680465815911e-01 1.322723133718631539e-01 1.155420028687505762e-01 1.886966053924515607e-01 7.448924489889227618e-02 2.739894454621948777e-02 6.428186715274510077e-02 2.262085598546687282e-01 2.444654274668295671e-02 2.824796632609694602e-01 1.497576468191630650e-01 3.452656745147242301e-01 2.878067509474572030e-02 8.074529171021060936e-02 1.195187190261691734e-01 9.884498723680611165e-02 1.473066317578638207e-01 9.166273097965760286e-02 1.436412175708693950e-01 1.945023705091596111e-02 7.272397763846094598e-02 3.271296873487410106e-02 2.008410529835636671e-01 3.722034734487251195e-01 8.167596452233152893e-02 1.750733739182592785e-01 7.338883931279097106e-02 4.060783447591322093e-02 3.328952321196589764e-02 6.072662876020972628e-02 4.830889270650780276e-02 
6.427200654719616990e-02 8.990071177125961988e-02 1.168318941714897863e-01 1.084625811909701171e-01 1.682990861766819890e-01 1.129105310608204127e-01 1.469116486430792623e-01 9.957612604053391048e-02 3.656192826689308450e-01 1.585564496187643335e-01 6.321014530227234141e-02 5.023616944961871722e-01 1.214031850215379904e-01 2.829459917045015760e-01 1.220294352083487049e-01 2.759887811016884310e-02 5.168486386780296593e-02 8.044096883095741557e-02 0.000000000000000000e+00 3.619569351499326570e-01 1.082810043989828608e-01 7.855906435230053386e-02 5.903316336129076081e-02 1.917676844289757307e-02 1.025675338579819101e-01 2.677414473337981771e-01 1.726065002093597756e-01 1.415464900840170404e-01 7.290094911432851155e-02 8.397417814111936274e-02 3.079042589365517113e-01 7.181025110189694083e-02 2.329756944144577291e-01 8.446785378111490439e-02 1.080380246401485833e-01 1.171168548092706291e-01 7.497516906858545105e-02 3.483868924557697450e-02 1.401221795423182315e-01 9.983248620440999047e-03 2.090398178876615859e-02 1.248264452960212885e-02 7.949896085049799888e-02 1.431702938170257774e-02 6.606385419606296272e-02 5.234657585327584517e-02 1.772532104016411869e-01 4.974633593870535914e-02 3.869734875513835409e-02 6.096250407704168622e-02 1.259332908885251179e-01 1.248865338107113254e-01 1.968033884947648637e-01 9.570230051883640843e-02 3.567138693895020862e-02 3.517862880130236125e-02 3.516865311838261038e-02 8.496476641567633770e-02 1.381181099551485603e-01 2.034061161961106187e-02 6.893724748115442891e-02 1.207363489520044998e-02 1.360030926992165379e-01 1.302238967816253812e-01 5.479920113035354617e-02 1.442793424661630297e-01 
2.119001208328966657e-01 1.026075235891402149e-01 1.321932431060015845e-01 2.111254546314697833e-01 1.156936075343179271e-01 3.963445379034730848e-02 1.621960753961968968e-02 8.868937428276457702e-02 6.919398013021740845e-02 2.182319236076343261e-01 2.350910736771103238e-01 1.121064897113585590e-01 2.203181067878245691e-01 2.226319590661683112e-01 1.549422759466314858e-01 2.639293703026007049e-02 1.571180820210021367e-01 5.464818094348425914e-01 3.619569351499326570e-01 0.000000000000000000e+00 2.203344572853367656e-01 1.738207687026462056e-01 1.210352118237651223e-02 7.229061171212036729e-02 2.089711678964941144e-01 2.800462736494286134e-02 5.401799768913814193e-01 1.511805838441152017e-02 1.486912064499451569e-01 1.410951258122928043e-01 2.165527917085823539e-01 2.197402675191202290e-02 6.212086217565210983e-02 4.086291589232624727e-02 3.217733696919105463e-02 3.581455455336064742e-02 1.620112194576162623e-01 9.945186032594345582e-02 4.430806348241042580e-02 5.722284557347124406e-02 2.589350513083798003e-02 5.387046510578959169e-02 1.932500638832456985e-01 1.925192756373837050e-02 1.755221389112361641e-01 1.181569867418220399e-01 1.570092649972780474e-01 7.334379359655028227e-03 1.758792326705591741e-02 4.001869702108610399e-02 8.842121405293545955e-02 9.730135994331712279e-02 1.153269942764178491e-01 1.618747239424635220e-01 1.399234565433437813e-02 3.494589146172720484e-02 1.517928510040614416e-02 1.774756962032753849e-01 1.036650755452562800e-01 7.675539408521669937e-02 2.729619647568188451e-02 8.635818781380570630e-02 4.684257306381527791e-02 4.054643706493586686e-02 3.846041449835903899e-03 3.846997722392928726e-02 
2.113177529998926107e-01 2.038321374894210558e-01 1.656027693411435131e-01 9.104022528766890776e-01 3.065437661021124666e-02 8.454055407361124250e-03 1.317685730882057517e-02 4.441358665599828282e-01 3.487303142964114783e-02 4.992860236832852849e-01 6.150527394170054452e-01 6.189240039619633982e-02 6.864477782616786872e-01 7.260222401102854606e-02 4.954492559354212178e-02 5.972592808011703558e-02 9.285608940219367002e-02 1.954512009912876824e-01 1.082810043989828608e-01 2.203344572853367656e-01 0.000000000000000000e+00 4.436403172282511742e-02 7.500524758148982563e-02 4.843296597840145157e-02 6.284134399288470174e-01 1.122381255551799101e-01 1.556198072476790428e-01 1.539131393182479324e-01 5.448801584674834997e-01 1.351490223015861317e-02 6.438856409293824967e-02 1.044667421514485078e-01 1.426270684389858252e-03 1.089196973881337571e-01 1.287047673582605301e-01 2.433669708980009533e-02 4.085389308543950215e-01 5.307110396095250648e-02 1.173323214661253083e-01 1.185547953704537277e-01 6.942971871293630859e-02 1.355067444780914780e-02 3.022666443695575245e-01 1.965499329112494198e-01 2.623262490430169555e-02 3.920916884864535934e-01 4.471224774746180436e-02 1.083762084257132996e-01 6.911941947715523338e-02 5.948043488986235611e-02 7.877869729815804856e-02 2.885419119228556026e-02 9.511089835554291383e-02 4.853964929638505676e-01 4.385017870207870427e-02 7.629404007640214203e-02 6.087886404333739399e-02 3.281427304741579842e-01 6.851893853936609491e-02 1.418553103301453955e-01 7.972880423512873627e-02 6.672613114255566968e-02 1.456862816264638538e-01 6.092618114823534353e-02 8.726010139843067004e-02 1.290164099580725643e-01 
3.247137505213046338e-01 7.349388368228840229e-02 3.046706310292399134e-01 9.304677842188971426e-02 2.390181754849414197e-01 3.731823907886319680e-02 1.881099310309460038e-01 2.188824568328777767e-02 2.849877235830919897e-01 3.611781328353936282e-01 3.177757890857815706e-03 2.585709355371785048e-02 2.866184663259496723e-02 1.025067362011037042e-01 3.528018724637199122e-01 5.453804572524615368e-01 1.369454242207494843e-01 6.640270444949590567e-02 7.855906435230053386e-02 1.738207687026462056e-01 4.436403172282511742e-02 0.000000000000000000e+00 5.172959307862146083e-01 7.718567501070945358e-01 2.239009693207675289e-01 9.708685443795034287e-02 3.108248695092471481e-01 2.185150700329632212e-01 3.054860357997721265e-01 3.711346843982040733e-01 3.215669896891054091e-01 2.158932785728492065e-01 1.417123496803953941e-01 1.532807274682727594e-01 2.749812327065795023e-02 6.010741610728496942e-02 1.739920594573398371e-01 1.463859062354360696e-01 1.756968464253858275e-01 1.372989687082539767e-01 1.499023388609536413e-02 1.382757188555598649e-01 1.793589143329731017e-01 2.427639953887708937e-02 6.547439888006294229e-02 5.927789401138772174e-02 4.623918595232846818e-02 1.951944626319758735e-01 2.252400363779700765e-01 2.149534453582106763e-01 1.274467640501535451e-02 1.593239769722341048e-01 1.776546969790449362e-02 1.022713854645759674e-01 1.061060803922703882e-01 2.884896502596994705e-01 9.034555988898794465e-02 1.903174959167404090e-01 6.686759359075998554e-02 2.369957463902603312e-01 3.068901355530816513e-02 1.414461991429659948e-01 1.897731711381658026e-01 3.096229406860631639e-02 2.041304447857494320e-01 1.526347319724996876e-01 
2.813119741614875657e-01 4.168233683230859188e-01 4.532716793706607072e-01 6.186430133967298073e-02 4.098001493643063098e-01 1.374424644093542591e-01 3.666424937508540594e-01 9.213833315393921142e-02 3.944763709009693753e-01 4.947129045426760241e-01 1.084950547821406514e-01 1.141142016475896331e-01 1.485142729813225260e-01 7.881854626751341741e-02 3.889961575861665688e-01 8.778107115238232838e-01 2.583815453186978361e-01 4.334407294090131257e-02 5.903316336129076081e-02 1.210352118237651223e-02 7.500524758148982563e-02 5.172959307862146083e-01 0.000000000000000000e+00 6.816479536106081483e-01 2.627634108801850110e-01 7.438959754188842477e-02 1.512621960869854065e-01 6.057211595826335060e-01 2.545933844944984759e-01 3.792965962050023898e-01 1.294609041465978050e-01 3.412113697579113314e-01 2.025555093867920098e-01 1.532275380903758699e-01 3.486202544891344179e-01 1.924754327953767941e-01 5.731146002530763950e-02 3.992655669633416449e-01 1.562326683864469212e-01 2.263618489418556812e-01 5.778295571820232096e-02 2.990559919449336523e-01 3.049455834250427988e-01 3.694151326702896365e-02 1.722801244984193680e-01 1.054897464317265665e-01 2.151851843144750309e-01 2.339274695391016234e-01 6.475792906886022049e-01 2.833115110204886267e-01 5.858577401910527310e-02 2.526364626953844089e-02 5.298558642136261265e-02 6.152138782519014221e-02 4.019540329447212068e-01 7.230176576041765779e-01 4.261429585039511192e-01 2.119706938536352614e-01 1.080410208927094495e-01 1.958832620945341330e-01 3.567216022382026508e-01 2.609966880690624547e-01 2.259789942872326707e-01 4.675109882908946857e-02 3.619626928315345937e-01 1.355691383652728177e-01 
2.771722898788983036e-01 2.003140500420646508e-01 3.874838958061863070e-01 2.347615698395915176e-02 2.866201604226751853e-01 5.895858512365164533e-02 2.274421779905507202e-01 4.082054185371967320e-02 3.242192682013987914e-01 3.529114234967193342e-01 7.832545361481670076e-02 2.660634925246351326e-02 7.255458008566166572e-02 7.869296778828624439e-02 3.759317835993825629e-01 7.495727976462402964e-01 1.407126250182130778e-01 4.918365848543981150e-02 1.917676844289757307e-02 7.229061171212036729e-02 4.843296597840145157e-02 7.718567501070945358e-01 6.816479536106081483e-01 0.000000000000000000e+00 1.582090170229462911e-01 4.320047669730388284e-02 2.312072162842821466e-01 4.010929964770302281e-01 2.109538336770348244e-01 4.119817863282634329e-01 1.708378671005232885e-01 2.902422478881551138e-01 2.395440813653863799e-01 1.460214759195933021e-01 1.122402461059374551e-01 4.237651571543392393e-02 1.073883020951878764e-01 1.554373724812598834e-01 1.206445850124586439e-01 1.222059592278922913e-01 1.130861312740732288e-02 1.408029272760187023e-01 1.729544844914979174e-01 5.744108743622427897e-03 3.664636445803426401e-02 7.240043579005850383e-02 2.624763624236595150e-02 1.716745425740348052e-01 3.217684905177268795e-01 1.889295285483719999e-01 3.745671698899148694e-02 1.101540665751648551e-01 2.421982554743788707e-02 5.031377263354657597e-02 1.407548052853279941e-01 3.605100829243538807e-01 9.734233476309471500e-02 1.689582114467264584e-01 3.901300260721724672e-02 1.742514250525316055e-01 6.981981591212679805e-02 2.090427028546408272e-01 1.788338426178466833e-01 2.899213388055983318e-02 1.822097404745260107e-01 1.456653014718316541e-01 
