0.000000000000000000e+00 0.000000000000000000e+00 0.000000000000000000e+00 1.256000000000000000e+03 0.000000000000000000e+00 0.000000000000000000e+00 3.766500000000000000e+03 4.255190000000000000e+05 5.061550000000000000e+04 2.744200000000000000e+04 4.590700000000000000e+04 2.358250000000000000e+04 1.302050000000000000e+04 0.000000000000000000e+00 7.703065000000000000e+05 5.198500000000000000e+03 0.000000000000000000e+00 7.851500000000000000e+03 1.254200000000000000e+04 2.576550000000000000e+04 3.295000000000000000e+03 1.056700000000000000e+04 7.387000000000000000e+03 9.336500000000000000e+03 2.326350000000000000e+04 1.760500000000000000e+03 8.202000000000000000e+03 1.762000000000000000e+03 1.012745000000000000e+05 8.225380000000000000e+05 4.489845000000000000e+05 3.136000000000000000e+03 4.458500000000000000e+03 4.334000000000000000e+03 0.000000000000000000e+00 0.000000000000000000e+00 1.877500000000000000e+03 0.000000000000000000e+00 0.000000000000000000e+00 4.291000000000000000e+03 8.856500000000000000e+03 5.828500000000000000e+03 3.067350000000000000e+04 3.074500000000000000e+03 1.196500000000000000e+03 0.000000000000000000e+00 2.908500000000000000e+03 1.043550000000000000e+04 6.895500000000000000e+03 0.000000000000000000e+00 0.000000000000000000e+00 0.000000000000000000e+00 1.536500000000000000e+03 0.000000000000000000e+00 1.017950000000000000e+04 5.094500000000000000e+03 0.000000000000000000e+00 5.576300000000000000e+04 0.000000000000000000e+00 1.746000000000000000e+03 1.013000000000000000e+03 4.838100000000000000e+04 2.569850000000000000e+04 2.514150000000000000e+04 0.000000000000000000e+00 1.927500000000000000e+03 
0.000000000000000000e+00 0.000000000000000000e+00 1.533700000000000000e+04 1.870000000000000000e+03 0.000000000000000000e+00 6.049500000000000000e+03 2.945500000000000000e+03 2.869000000000000000e+03 1.740500000000000000e+03 8.626600000000000000e+04 1.239500000000000000e+03 1.260450000000000000e+04 5.980500000000000000e+03 5.751700000000000000e+04 3.152000000000000000e+03 4.260850000000000000e+04 6.171000000000000000e+03 7.028000000000000000e+03 0.000000000000000000e+00 3.060900000000000000e+04 0.000000000000000000e+00 1.744500000000000000e+03 3.404175000000000000e+05 6.368500000000000000e+03 1.265810000000000000e+05 5.744575000000000000e+05 1.737505000000000000e+05 1.481901500000000000e+06 4.452000000000000000e+03 1.649000000000000000e+03 1.714500000000000000e+03 0.000000000000000000e+00 0.000000000000000000e+00 0.000000000000000000e+00 3.126995000000000000e+05 3.182050000000000000e+04 0.000000000000000000e+00 0.000000000000000000e+00 6.172000000000000000e+03 1.021000000000000000e+03 1.341500000000000000e+03 0.000000000000000000e+00 1.551500000000000000e+04 2.321500000000000000e+03 1.517500000000000000e+03 1.033500000000000000e+03 3.585000000000000000e+04 1.163000000000000000e+03 1.140550000000000000e+04 0.000000000000000000e+00 5.413000000000000000e+03 1.629000000000000000e+03 3.284500000000000000e+03 0.000000000000000000e+00 1.208000000000000000e+03 5.305100000000000000e+04 2.865000000000000000e+03 2.551100000000000000e+04 1.678675000000000000e+05 1.342015000000000000e+05 9.436925000000000000e+05 2.749000000000000000e+03 2.110000000000000000e+03 0.000000000000000000e+00 0.000000000000000000e+00 0.000000000000000000e+00 
0.000000000000000000e+00 1.533700000000000000e+04 0.000000000000000000e+00 0.000000000000000000e+00 0.000000000000000000e+00 5.260500000000000000e+03 0.000000000000000000e+00 2.509250000000000000e+04 1.077500000000000000e+03 0.000000000000000000e+00 0.000000000000000000e+00 3.435000000000000000e+03 0.000000000000000000e+00 2.522500000000000000e+03 2.053500000000000000e+03 0.000000000000000000e+00 0.000000000000000000e+00 8.836820000000000000e+05 1.205450000000000000e+04 1.278275000000000000e+05 0.000000000000000000e+00 6.500000000000000000e+04 2.763500000000000000e+03 1.239479000000000000e+06 2.233000000000000000e+03 5.826000000000000000e+03 1.485328500000000000e+06 9.212270000000000000e+05 3.395200000000000000e+04 3.128500000000000000e+03 3.676200000000000000e+04 0.000000000000000000e+00 0.000000000000000000e+00 0.000000000000000000e+00 9.804000000000000000e+03 2.430185000000000000e+05 0.000000000000000000e+00 0.000000000000000000e+00 0.000000000000000000e+00 0.000000000000000000e+00 1.740500000000000000e+03 0.000000000000000000e+00 0.000000000000000000e+00 0.000000000000000000e+00 0.000000000000000000e+00 0.000000000000000000e+00 6.137000000000000000e+03 0.000000000000000000e+00 0.000000000000000000e+00 0.000000000000000000e+00 2.006400000000000000e+04 4.221000000000000000e+03 6.073000000000000000e+03 0.000000000000000000e+00 1.022500000000000000e+03 3.434500000000000000e+03 1.222850000000000000e+04 1.519500000000000000e+03 0.000000000000000000e+00 1.143570000000000000e+05 1.737685000000000000e+05 1.787500000000000000e+03 1.305500000000000000e+03 0.000000000000000000e+00 0.000000000000000000e+00 0.000000000000000000e+00 
1.256000000000000000e+03 1.870000000000000000e+03 0.000000000000000000e+00 0.000000000000000000e+00 1.048000000000000000e+03 0.000000000000000000e+00 1.813650000000000000e+04 8.823000000000000000e+03 7.163000000000000000e+03 7.592150000000000000e+04 1.555540000000000000e+05 1.594500000000000000e+03 4.663440000000000000e+05 0.000000000000000000e+00 1.193550000000000000e+04 1.170000000000000000e+03 4.627500000000000000e+03 0.000000000000000000e+00 0.000000000000000000e+00 2.695500000000000000e+03 6.598770000000000000e+05 0.000000000000000000e+00 4.253000000000000000e+03 0.000000000000000000e+00 7.408405000000000000e+05 1.556500000000000000e+03 3.011500000000000000e+03 3.084500000000000000e+03 4.784890000000000000e+05 1.461100000000000000e+04 2.562500000000000000e+03 1.793500000000000000e+03 0.000000000000000000e+00 0.000000000000000000e+00 2.847000000000000000e+03 0.000000000000000000e+00 3.644340000000000000e+05 0.000000000000000000e+00 0.000000000000000000e+00 2.285800000000000000e+04 4.032000000000000000e+03 1.058750000000000000e+04 1.021590000000000000e+05 1.232250000000000000e+05 1.820500000000000000e+03 2.005030000000000000e+05 2.741000000000000000e+03 9.934000000000000000e+03 1.216500000000000000e+03 1.383500000000000000e+03 0.000000000000000000e+00 1.118000000000000000e+03 0.000000000000000000e+00 2.589125000000000000e+05 0.000000000000000000e+00 7.180000000000000000e+03 0.000000000000000000e+00 2.230575000000000000e+05 2.546500000000000000e+03 2.574500000000000000e+03 2.577000000000000000e+03 9.013450000000000000e+04 7.099000000000000000e+03 0.000000000000000000e+00 0.000000000000000000e+00 0.000000000000000000e+00 
0.000000000000000000e+00 0.000000000000000000e+00 0.000000000000000000e+00 1.048000000000000000e+03 0.000000000000000000e+00 1.077500000000000000e+03 1.632600000000000000e+05 3.226000000000000000e+03 3.010900000000000000e+04 2.913200000000000000e+04 4.977500000000000000e+03 2.436250000000000000e+04 1.184150000000000000e+04 6.522500000000000000e+03 0.000000000000000000e+00 0.000000000000000000e+00 1.224130000000000000e+05 0.000000000000000000e+00 0.000000000000000000e+00 1.897500000000000000e+03 3.280500000000000000e+03 0.000000000000000000e+00 1.545000000000000000e+03 0.000000000000000000e+00 3.729500000000000000e+03 1.013500000000000000e+03 5.228500000000000000e+03 1.526000000000000000e+03 4.650000000000000000e+03 6.017000000000000000e+03 1.516000000000000000e+03 1.544310000000000000e+05 0.000000000000000000e+00 0.000000000000000000e+00 0.000000000000000000e+00 0.000000000000000000e+00 0.000000000000000000e+00 4.468500000000000000e+03 0.000000000000000000e+00 0.000000000000000000e+00 0.000000000000000000e+00 0.000000000000000000e+00 2.721000000000000000e+03 0.000000000000000000e+00 0.000000000000000000e+00 1.400000000000000000e+03 0.000000000000000000e+00 0.000000000000000000e+00 0.000000000000000000e+00 2.310500000000000000e+03 0.000000000000000000e+00 0.000000000000000000e+00 0.000000000000000000e+00 0.000000000000000000e+00 0.000000000000000000e+00 0.000000000000000000e+00 0.000000000000000000e+00 2.733000000000000000e+03 0.000000000000000000e+00 0.000000000000000000e+00 0.000000000000000000e+00 1.713500000000000000e+03 1.076500000000000000e+03 0.000000000000000000e+00 0.000000000000000000e+00 0.000000000000000000e+00 
0.000000000000000000e+00 6.049500000000000000e+03 5.260500000000000000e+03 0.000000000000000000e+00 1.077500000000000000e+03 0.000000000000000000e+00 9.106000000000000000e+03 3.887000000000000000e+03 1.113500000000000000e+04 1.304500000000000000e+03 4.095000000000000000e+03 9.105350000000000000e+04 3.389500000000000000e+03 3.796695000000000000e+05 9.362500000000000000e+03 3.857000000000000000e+03 0.000000000000000000e+00 2.053500000000000000e+03 5.289500000000000000e+03 1.500000000000000000e+03 0.000000000000000000e+00 4.500500000000000000e+03 2.692000000000000000e+03 1.438450000000000000e+04 2.606000000000000000e+03 6.389200000000000000e+04 1.864535000000000000e+05 1.714320000000000000e+05 5.307000000000000000e+03 1.260200000000000000e+04 2.616000000000000000e+03 9.671500000000000000e+03 0.000000000000000000e+00 0.000000000000000000e+00 2.359500000000000000e+03 2.004500000000000000e+03 0.000000000000000000e+00 0.000000000000000000e+00 5.120600000000000000e+04 0.000000000000000000e+00 0.000000000000000000e+00 0.000000000000000000e+00 0.000000000000000000e+00 0.000000000000000000e+00 2.007000000000000000e+04 0.000000000000000000e+00 1.533235000000000000e+05 0.000000000000000000e+00 0.000000000000000000e+00 0.000000000000000000e+00 0.000000000000000000e+00 2.728000000000000000e+03 0.000000000000000000e+00 0.000000000000000000e+00 0.000000000000000000e+00 1.381500000000000000e+03 2.021500000000000000e+03 2.060000000000000000e+03 4.342950000000000000e+04 4.746300000000000000e+04 3.019600000000000000e+04 1.421500000000000000e+03 1.351500000000000000e+03 1.053000000000000000e+03 0.000000000000000000e+00 0.000000000000000000e+00 
3.766500000000000000e+03 2.945500000000000000e+03 0.000000000000000000e+00 1.813650000000000000e+04 1.632600000000000000e+05 9.106000000000000000e+03 0.000000000000000000e+00 1.911585000000000000e+05 1.013475500000000000e+06 6.314550000000000000e+04 7.834915000000000000e+05 7.711300000000000000e+04 1.477212500000000000e+06 7.862000000000000000e+03 1.544790000000000000e+05 0.000000000000000000e+00 2.832745000000000000e+05 1.818000000000000000e+03 2.409350000000000000e+04 1.971250000000000000e+04 6.375000000000000000e+04 3.260000000000000000e+03 3.251000000000000000e+03 4.977500000000000000e+03 2.403750000000000000e+04 4.148500000000000000e+03 8.816500000000000000e+04 1.185900000000000000e+04 6.429350000000000000e+04 1.251995000000000000e+05 4.591000000000000000e+03 1.904975000000000000e+05 0.000000000000000000e+00 0.000000000000000000e+00 0.000000000000000000e+00 0.000000000000000000e+00 1.133800000000000000e+04 1.771500000000000000e+03 0.000000000000000000e+00 5.745500000000000000e+04 2.277500000000000000e+03 1.629100000000000000e+04 1.570600000000000000e+04 8.551500000000000000e+03 0.000000000000000000e+00 8.624650000000000000e+04 5.423500000000000000e+03 3.988000000000000000e+03 1.580000000000000000e+03 2.089000000000000000e+03 0.000000000000000000e+00 0.000000000000000000e+00 0.000000000000000000e+00 1.024900000000000000e+04 1.732500000000000000e+03 1.991500000000000000e+03 1.261500000000000000e+03 1.438100000000000000e+04 0.000000000000000000e+00 2.333000000000000000e+03 2.613500000000000000e+03 1.299350000000000000e+04 6.824500000000000000e+03 5.076000000000000000e+03 0.000000000000000000e+00 0.000000000000000000e+00 
4.255190000000000000e+05 2.869000000000000000e+03 2.509250000000000000e+04 8.823000000000000000e+03 3.226000000000000000e+03 3.887000000000000000e+03 1.911585000000000000e+05 0.000000000000000000e+00 7.112570000000000000e+05 7.718900000000000000e+04 1.464652000000000000e+06 3.441650000000000000e+04 9.177500000000000000e+03 6.939000000000000000e+03 1.869847500000000000e+06 1.872000000000000000e+03 7.927500000000000000e+03 1.940350000000000000e+04 1.337000000000000000e+04 4.623750000000000000e+04 4.094500000000000000e+03 1.089745000000000000e+05 2.870000000000000000e+03 1.266070000000000000e+05 7.532750000000000000e+04 3.830000000000000000e+03 4.292900000000000000e+04 1.191750000000000000e+04 1.756362000000000000e+06 4.083475000000000000e+05 7.674785000000000000e+05 1.722150000000000000e+04 0.000000000000000000e+00 5.343500000000000000e+03 1.501500000000000000e+03 0.000000000000000000e+00 1.603450000000000000e+04 1.374000000000000000e+03 0.000000000000000000e+00 2.086550000000000000e+04 2.230750000000000000e+04 3.772150000000000000e+04 6.841400000000000000e+04 2.539950000000000000e+04 5.376500000000000000e+03 4.301000000000000000e+03 8.947500000000000000e+03 4.370200000000000000e+04 3.330500000000000000e+03 2.344000000000000000e+03 0.000000000000000000e+00 4.095500000000000000e+03 3.057500000000000000e+03 5.649500000000000000e+03 3.820000000000000000e+03 2.012000000000000000e+03 0.000000000000000000e+00 6.001800000000000000e+04 0.000000000000000000e+00 1.068250000000000000e+04 4.942000000000000000e+03 6.181550000000000000e+04 3.610700000000000000e+04 1.587200000000000000e+04 2.431500000000000000e+03 1.054000000000000000e+03 
5.061550000000000000e+04 1.740500000000000000e+03 1.077500000000000000e+03 7.163000000000000000e+03 3.010900000000000000e+04 1.113500000000000000e+04 1.013475500000000000e+06 7.112570000000000000e+05 0.000000000000000000e+00 2.339550000000000000e+04 4.744585000000000000e+05 1.685770000000000000e+05 1.200925000000000000e+05 8.976500000000000000e+03 1.294301000000000000e+06 0.000000000000000000e+00 2.168550000000000000e+04 4.171000000000000000e+03 4.530750000000000000e+04 1.920650000000000000e+04 2.933450000000000000e+04 1.465900000000000000e+04 1.057000000000000000e+03 1.203100000000000000e+04 1.978400000000000000e+04 2.554000000000000000e+03 1.119985000000000000e+05 1.059250000000000000e+04 1.900665000000000000e+05 1.622655000000000000e+05 2.770200000000000000e+04 1.602690000000000000e+05 0.000000000000000000e+00 3.816000000000000000e+03 0.000000000000000000e+00 0.000000000000000000e+00 7.607500000000000000e+03 0.000000000000000000e+00 0.000000000000000000e+00 1.582100000000000000e+04 1.398350000000000000e+04 2.084450000000000000e+04 1.773350000000000000e+04 1.403050000000000000e+04 3.321500000000000000e+03 7.792500000000000000e+03 5.733500000000000000e+03 2.572550000000000000e+04 1.299500000000000000e+03 0.000000000000000000e+00 0.000000000000000000e+00 2.569000000000000000e+03 2.276500000000000000e+03 3.421000000000000000e+03 2.691500000000000000e+03 0.000000000000000000e+00 0.000000000000000000e+00 3.642900000000000000e+04 0.000000000000000000e+00 6.216500000000000000e+03 3.122500000000000000e+03 3.453400000000000000e+04 2.943600000000000000e+04 1.848150000000000000e+04 1.360500000000000000e+03 0.000000000000000000e+00 
2.744200000000000000e+04 8.626600000000000000e+04 0.000000000000000000e+00 7.592150000000000000e+04 2.913200000000000000e+04 1.304500000000000000e+03 6.314550000000000000e+04 7.718900000000000000e+04 2.339550000000000000e+04 0.000000000000000000e+00 9.864500000000000000e+03 8.686500000000000000e+03 2.437745000000000000e+05 1.376350000000000000e+04 5.733650000000000000e+04 4.364100000000000000e+04 1.193930000000000000e+05 1.353000000000000000e+03 3.511500000000000000e+03 9.507000000000000000e+03 7.710700000000000000e+04 1.989000000000000000e+03 2.003060000000000000e+05 2.817000000000000000e+03 8.871095000000000000e+05 5.931150000000000000e+04 7.630000000000000000e+03 6.905250000000000000e+04 2.139770000000000000e+05 1.076960000000000000e+05 9.386250000000000000e+04 7.943000000000000000e+03 1.355000000000000000e+03 1.188150000000000000e+04 1.695600000000000000e+04 0.000000000000000000e+00 5.059100000000000000e+04 0.000000000000000000e+00 0.000000000000000000e+00 5.125000000000000000e+03 2.827550000000000000e+04 1.666200000000000000e+04 4.011960000000000000e+05 3.414200000000000000e+04 3.857000000000000000e+03 1.528100000000000000e+04 6.237500000000000000e+03 4.897000000000000000e+04 2.461800000000000000e+04 4.529000000000000000e+03 1.228500000000000000e+03 3.323000000000000000e+03 7.658000000000000000e+03 1.834600000000000000e+04 5.500500000000000000e+03 8.993400000000000000e+04 4.043500000000000000e+03 4.024265000000000000e+05 7.703500000000000000e+03 5.159500000000000000e+03 1.410950000000000000e+04 1.011970000000000000e+05 6.312450000000000000e+04 3.269650000000000000e+04 1.078000000000000000e+03 1.292000000000000000e+03 
4.590700000000000000e+04 1.239500000000000000e+03 0.000000000000000000e+00 1.555540000000000000e+05 4.977500000000000000e+03 4.095000000000000000e+03 7.834915000000000000e+05 1.464652000000000000e+06 4.744585000000000000e+05 9.864500000000000000e+03 0.000000000000000000e+00 3.194800000000000000e+04 5.606765000000000000e+05 4.605000000000000000e+03 5.510915000000000000e+05 0.000000000000000000e+00 1.141550000000000000e+04 5.035000000000000000e+03 1.183550000000000000e+04 3.917750000000000000e+04 2.344005000000000000e+05 8.234000000000000000e+03 0.000000000000000000e+00 4.522000000000000000e+03 1.830250000000000000e+04 2.565500000000000000e+03 4.004750000000000000e+04 7.073000000000000000e+03 4.773740000000000000e+05 2.400300000000000000e+05 8.564500000000000000e+03 2.228900000000000000e+04 0.000000000000000000e+00 0.000000000000000000e+00 0.000000000000000000e+00 0.000000000000000000e+00 9.870850000000000000e+04 0.000000000000000000e+00 0.000000000000000000e+00 1.595550000000000000e+04 3.413000000000000000e+03 1.092400000000000000e+04 1.650100000000000000e+04 1.497845000000000000e+05 1.430500000000000000e+03 3.430200000000000000e+04 4.086000000000000000e+03 7.886000000000000000e+03 0.000000000000000000e+00 1.273500000000000000e+03 0.000000000000000000e+00 0.000000000000000000e+00 0.000000000000000000e+00 4.836350000000000000e+04 0.000000000000000000e+00 0.000000000000000000e+00 0.000000000000000000e+00 2.521650000000000000e+04 0.000000000000000000e+00 2.510500000000000000e+03 1.503500000000000000e+03 9.229450000000000000e+04 7.443000000000000000e+03 2.761000000000000000e+03 0.000000000000000000e+00 0.000000000000000000e+00 
2.358250000000000000e+04 1.260450000000000000e+04 3.435000000000000000e+03 1.594500000000000000e+03 2.436250000000000000e+04 9.105350000000000000e+04 7.711300000000000000e+04 3.441650000000000000e+04 1.685770000000000000e+05 8.686500000000000000e+03 3.194800000000000000e+04 0.000000000000000000e+00 3.296950000000000000e+04 3.972525000000000000e+05 2.124155000000000000e+05 3.077000000000000000e+03 5.651500000000000000e+03 6.059800000000000000e+04 6.602185000000000000e+05 2.219270000000000000e+05 7.931000000000000000e+03 4.748750000000000000e+04 5.846500000000000000e+03 7.690900000000000000e+04 9.190500000000000000e+03 5.562850000000000000e+04 4.544380000000000000e+05 3.440500000000000000e+04 4.111750000000000000e+04 5.856570000000000000e+05 3.238850000000000000e+04 3.030755000000000000e+05 0.000000000000000000e+00 0.000000000000000000e+00 1.195500000000000000e+03 0.000000000000000000e+00 1.146000000000000000e+03 0.000000000000000000e+00 9.363500000000000000e+03 1.511500000000000000e+03 2.322500000000000000e+03 2.097500000000000000e+03 4.881500000000000000e+03 1.794500000000000000e+03 1.305150000000000000e+04 0.000000000000000000e+00 7.682900000000000000e+04 3.257000000000000000e+03 1.021000000000000000e+03 0.000000000000000000e+00 0.000000000000000000e+00 0.000000000000000000e+00 0.000000000000000000e+00 0.000000000000000000e+00 1.599500000000000000e+03 1.299000000000000000e+03 1.104500000000000000e+03 1.101750000000000000e+04 9.762000000000000000e+03 3.572500000000000000e+03 6.571000000000000000e+03 9.054500000000000000e+03 5.784000000000000000e+03 4.989000000000000000e+03 0.000000000000000000e+00 0.000000000000000000e+00 
1.302050000000000000e+04 5.980500000000000000e+03 0.000000000000000000e+00 4.663440000000000000e+05 1.184150000000000000e+04 3.389500000000000000e+03 1.477212500000000000e+06 9.177500000000000000e+03 1.200925000000000000e+05 2.437745000000000000e+05 5.606765000000000000e+05 3.296950000000000000e+04 0.000000000000000000e+00 2.154000000000000000e+03 1.644625000000000000e+05 0.000000000000000000e+00 1.251270000000000000e+05 3.562500000000000000e+03 1.655750000000000000e+04 4.263850000000000000e+04 8.412405000000000000e+05 1.981000000000000000e+03 5.728500000000000000e+03 4.211000000000000000e+03 2.220185000000000000e+05 3.985500000000000000e+03 4.944000000000000000e+04 1.399950000000000000e+04 9.158750000000000000e+04 1.583760000000000000e+05 3.190000000000000000e+03 2.186100000000000000e+04 0.000000000000000000e+00 0.000000000000000000e+00 1.542500000000000000e+03 0.000000000000000000e+00 2.303615000000000000e+05 2.145500000000000000e+03 0.000000000000000000e+00 1.029315000000000000e+05 1.145000000000000000e+03 2.265850000000000000e+04 4.443750000000000000e+04 7.251550000000000000e+04 1.793000000000000000e+03 3.230375000000000000e+05 3.489500000000000000e+03 6.013000000000000000e+03 1.130000000000000000e+03 4.060000000000000000e+03 0.000000000000000000e+00 0.000000000000000000e+00 0.000000000000000000e+00 1.158000000000000000e+05 0.000000000000000000e+00 3.139000000000000000e+03 1.017000000000000000e+03 6.158300000000000000e+04 0.000000000000000000e+00 2.822500000000000000e+03 2.729500000000000000e+03 4.097000000000000000e+04 5.474500000000000000e+03 1.016000000000000000e+03 0.000000000000000000e+00 0.000000000000000000e+00 
0.000000000000000000e+00 5.751700000000000000e+04 2.522500000000000000e+03 0.000000000000000000e+00 6.522500000000000000e+03 3.796695000000000000e+05 7.862000000000000000e+03 6.939000000000000000e+03 8.976500000000000000e+03 1.376350000000000000e+04 4.605000000000000000e+03 3.972525000000000000e+05 2.154000000000000000e+03 0.000000000000000000e+00 2.856500000000000000e+03 3.993500000000000000e+03 2.558500000000000000e+03 1.282000000000000000e+03 2.717000000000000000e+03 3.090500000000000000e+03 0.000000000000000000e+00 1.847000000000000000e+03 2.813250000000000000e+04 8.444500000000000000e+03 1.061850000000000000e+04 6.439865000000000000e+05 4.370050000000000000e+04 3.976075000000000000e+05 8.100500000000000000e+03 1.327850000000000000e+04 3.895500000000000000e+03 3.271900000000000000e+04 0.000000000000000000e+00 0.000000000000000000e+00 1.891200000000000000e+04 1.176000000000000000e+03 0.000000000000000000e+00 1.726000000000000000e+03 2.036635000000000000e+05 1.522000000000000000e+03 0.000000000000000000e+00 0.000000000000000000e+00 6.457500000000000000e+03 0.000000000000000000e+00 1.081710000000000000e+05 0.000000000000000000e+00 7.324825000000000000e+05 0.000000000000000000e+00 0.000000000000000000e+00 0.000000000000000000e+00 0.000000000000000000e+00 3.628000000000000000e+03 0.000000000000000000e+00 0.000000000000000000e+00 0.000000000000000000e+00 1.262550000000000000e+04 2.132000000000000000e+03 7.651000000000000000e+03 3.237745000000000000e+05 6.989300000000000000e+04 5.649350000000000000e+04 2.301000000000000000e+03 2.364000000000000000e+03 1.566500000000000000e+03 1.206500000000000000e+03 0.000000000000000000e+00 
7.703065000000000000e+05 3.152000000000000000e+03 2.053500000000000000e+03 1.193550000000000000e+04 0.000000000000000000e+00 9.362500000000000000e+03 1.544790000000000000e+05 1.869847500000000000e+06 1.294301000000000000e+06 5.733650000000000000e+04 5.510915000000000000e+05 2.124155000000000000e+05 1.644625000000000000e+05 2.856500000000000000e+03 0.000000000000000000e+00 4.848000000000000000e+03 3.070000000000000000e+03 1.730350000000000000e+04 7.677500000000000000e+04 5.906750000000000000e+04 5.866400000000000000e+04 3.085100000000000000e+04 8.249000000000000000e+03 2.429000000000000000e+04 4.788200000000000000e+04 3.823500000000000000e+03 1.153850000000000000e+05 1.941950000000000000e+04 3.693960000000000000e+05 1.633457000000000000e+06 2.482330000000000000e+05 7.114550000000000000e+04 8.330500000000000000e+03 9.351500000000000000e+03 1.714500000000000000e+03 0.000000000000000000e+00 8.561000000000000000e+03 1.089000000000000000e+03 0.000000000000000000e+00 1.873400000000000000e+04 2.361700000000000000e+04 2.919500000000000000e+04 6.489350000000000000e+04 1.368050000000000000e+04 4.696000000000000000e+03 3.362000000000000000e+03 8.424000000000000000e+03 3.846850000000000000e+04 8.083500000000000000e+03 2.028500000000000000e+03 0.000000000000000000e+00 3.718000000000000000e+03 3.866500000000000000e+03 3.438500000000000000e+03 1.027950000000000000e+04 4.992500000000000000e+03 1.516500000000000000e+03 1.049840000000000000e+05 0.000000000000000000e+00 9.274500000000000000e+03 4.991000000000000000e+03 9.344800000000000000e+04 4.986150000000000000e+04 3.991600000000000000e+04 2.025000000000000000e+03 2.067000000000000000e+03 
5.198500000000000000e+03 4.260850000000000000e+04 0.000000000000000000e+00 1.170000000000000000e+03 0.000000000000000000e+00 3.857000000000000000e+03 0.000000000000000000e+00 1.872000000000000000e+03 0.000000000000000000e+00 4.364100000000000000e+04 0.000000000000000000e+00 3.077000000000000000e+03 0.000000000000000000e+00 3.993500000000000000e+03 4.848000000000000000e+03 0.000000000000000000e+00 0.000000000000000000e+00 1.575000000000000000e+03 2.248000000000000000e+03 7.184000000000000000e+03 0.000000000000000000e+00 8.226450000000000000e+04 8.538870000000000000e+05 1.333710000000000000e+05 6.655835000000000000e+05 2.051750000000000000e+04 3.688550000000000000e+04 2.607950000000000000e+05 5.855800000000000000e+04 6.027700000000000000e+04 3.884800000000000000e+04 0.000000000000000000e+00 5.979000000000000000e+03 7.731500000000000000e+03 1.507800000000000000e+04 1.258500000000000000e+03 1.063000000000000000e+03 0.000000000000000000e+00 0.000000000000000000e+00 3.223000000000000000e+03 1.005700000000000000e+04 2.798000000000000000e+03 5.435050000000000000e+04 1.981500000000000000e+03 1.188000000000000000e+03 0.000000000000000000e+00 5.801000000000000000e+03 8.303000000000000000e+03 3.733190000000000000e+05 0.000000000000000000e+00 1.169000000000000000e+03 1.284000000000000000e+03 2.707500000000000000e+03 0.000000000000000000e+00 1.317340000000000000e+05 3.892365000000000000e+05 1.968825000000000000e+05 2.218280000000000000e+05 6.970000000000000000e+03 5.692500000000000000e+03 6.855250000000000000e+04 9.788850000000000000e+04 8.084100000000000000e+04 8.234050000000000000e+04 0.000000000000000000e+00 1.027450000000000000e+04 
0.000000000000000000e+00 6.171000000000000000e+03 0.000000000000000000e+00 4.627500000000000000e+03 1.224130000000000000e+05 0.000000000000000000e+00 2.832745000000000000e+05 7.927500000000000000e+03 2.168550000000000000e+04 1.193930000000000000e+05 1.141550000000000000e+04 5.651500000000000000e+03 1.251270000000000000e+05 2.558500000000000000e+03 3.070000000000000000e+03 0.000000000000000000e+00 0.000000000000000000e+00 0.000000000000000000e+00 0.000000000000000000e+00 1.847000000000000000e+03 6.470500000000000000e+03 4.336000000000000000e+03 8.839000000000000000e+03 1.934500000000000000e+03 2.019300000000000000e+04 4.081000000000000000e+03 4.201000000000000000e+03 4.906500000000000000e+03 1.273750000000000000e+04 8.149500000000000000e+03 6.429500000000000000e+03 1.743500000000000000e+04 0.000000000000000000e+00 0.000000000000000000e+00 1.088000000000000000e+03 0.000000000000000000e+00 3.505000000000000000e+03 1.024550000000000000e+04 0.000000000000000000e+00 2.191500000000000000e+03 1.222500000000000000e+03 1.945000000000000000e+03 8.876500000000000000e+03 2.055500000000000000e+03 0.000000000000000000e+00 4.998500000000000000e+03 0.000000000000000000e+00 1.314000000000000000e+03 2.665000000000000000e+03 9.328000000000000000e+03 0.000000000000000000e+00 0.000000000000000000e+00 0.000000000000000000e+00 4.302000000000000000e+03 3.320500000000000000e+03 4.101500000000000000e+03 3.726500000000000000e+03 7.588500000000000000e+03 0.000000000000000000e+00 0.000000000000000000e+00 1.524000000000000000e+03 5.048000000000000000e+03 2.739000000000000000e+03 2.561000000000000000e+03 0.000000000000000000e+00 0.000000000000000000e+00 
7.851500000000000000e+03 7.028000000000000000e+03 8.836820000000000000e+05 0.000000000000000000e+00 0.000000000000000000e+00 2.053500000000000000e+03 1.818000000000000000e+03 1.940350000000000000e+04 4.171000000000000000e+03 1.353000000000000000e+03 5.035000000000000000e+03 6.059800000000000000e+04 3.562500000000000000e+03 1.282000000000000000e+03 1.730350000000000000e+04 1.575000000000000000e+03 0.000000000000000000e+00 0.000000000000000000e+00 1.139770000000000000e+05 8.314245000000000000e+05 0.000000000000000000e+00 6.435900000000000000e+04 1.809000000000000000e+03 9.659810000000000000e+05 4.101000000000000000e+03 3.125000000000000000e+03 7.581375000000000000e+05 2.300865000000000000e+05 2.176250000000000000e+04 1.278225000000000000e+05 5.771550000000000000e+04 2.764500000000000000e+03 1.209500000000000000e+03 0.000000000000000000e+00 3.811500000000000000e+03 3.151950000000000000e+04 0.000000000000000000e+00 0.000000000000000000e+00 0.000000000000000000e+00 0.000000000000000000e+00 0.000000000000000000e+00 0.000000000000000000e+00 1.241000000000000000e+03 0.000000000000000000e+00 0.000000000000000000e+00 0.000000000000000000e+00 3.169500000000000000e+03 0.000000000000000000e+00 0.000000000000000000e+00 0.000000000000000000e+00 1.136050000000000000e+04 3.164000000000000000e+03 7.361000000000000000e+03 0.000000000000000000e+00 0.000000000000000000e+00 1.664500000000000000e+03 1.375000000000000000e+03 2.763500000000000000e+03 0.000000000000000000e+00 9.968050000000000000e+04 3.575900000000000000e+04 2.483500000000000000e+03 1.561000000000000000e+03 1.169500000000000000e+03 0.000000000000000000e+00 0.000000000000000000e+00 
1.254200000000000000e+04 0.000000000000000000e+00 1.205450000000000000e+04 0.000000000000000000e+00 0.000000000000000000e+00 5.289500000000000000e+03 2.409350000000000000e+04 1.337000000000000000e+04 4.530750000000000000e+04 3.511500000000000000e+03 1.183550000000000000e+04 6.602185000000000000e+05 1.655750000000000000e+04 2.717000000000000000e+03 7.677500000000000000e+04 2.248000000000000000e+03 0.000000000000000000e+00 1.139770000000000000e+05 0.000000000000000000e+00 4.937415000000000000e+05 4.869500000000000000e+03 3.122450000000000000e+04 0.000000000000000000e+00 6.134200000000000000e+04 4.681500000000000000e+03 2.885450000000000000e+04 2.769165000000000000e+05 8.599500000000000000e+03 1.968600000000000000e+04 2.795490000000000000e+05 3.609350000000000000e+04 1.462250000000000000e+04 0.000000000000000000e+00 0.000000000000000000e+00 0.000000000000000000e+00 2.916500000000000000e+03 0.000000000000000000e+00 0.000000000000000000e+00 4.442500000000000000e+03 0.000000000000000000e+00 0.000000000000000000e+00 1.207000000000000000e+03 3.298000000000000000e+03 0.000000000000000000e+00 1.977500000000000000e+03 0.000000000000000000e+00 9.570000000000000000e+03 1.439000000000000000e+03 0.000000000000000000e+00 0.000000000000000000e+00 0.000000000000000000e+00 1.341900000000000000e+04 0.000000000000000000e+00 0.000000000000000000e+00 1.142000000000000000e+03 1.238500000000000000e+03 1.265500000000000000e+03 4.505000000000000000e+03 2.987500000000000000e+03 4.123750000000000000e+04 2.509450000000000000e+04 4.376000000000000000e+03 2.399000000000000000e+03 1.798500000000000000e+03 0.000000000000000000e+00 0.000000000000000000e+00 
2.576550000000000000e+04 3.060900000000000000e+04 1.278275000000000000e+05 2.695500000000000000e+03 1.897500000000000000e+03 1.500000000000000000e+03 1.971250000000000000e+04 4.623750000000000000e+04 1.920650000000000000e+04 9.507000000000000000e+03 3.917750000000000000e+04 2.219270000000000000e+05 4.263850000000000000e+04 3.090500000000000000e+03 5.906750000000000000e+04 7.184000000000000000e+03 1.847000000000000000e+03 8.314245000000000000e+05 4.937415000000000000e+05 0.000000000000000000e+00 1.503100000000000000e+04 7.713000000000000000e+04 3.733000000000000000e+03 2.113895000000000000e+05 1.592250000000000000e+04 1.985250000000000000e+04 9.670160000000000000e+05 1.470245000000000000e+05 7.216850000000000000e+04 1.635885000000000000e+05 9.094550000000000000e+04 2.976500000000000000e+03 1.582500000000000000e+03 1.236500000000000000e+03 1.049200000000000000e+04 2.946150000000000000e+04 1.629500000000000000e+03 0.000000000000000000e+00 1.530000000000000000e+03 1.821500000000000000e+03 3.356000000000000000e+03 2.776000000000000000e+03 8.201500000000000000e+03 3.100000000000000000e+03 1.059000000000000000e+03 0.000000000000000000e+00 5.318000000000000000e+03 4.695500000000000000e+03 2.515000000000000000e+03 0.000000000000000000e+00 8.248000000000000000e+03 1.551100000000000000e+04 2.524500000000000000e+04 0.000000000000000000e+00 3.337000000000000000e+03 3.677500000000000000e+03 2.535000000000000000e+03 1.385400000000000000e+04 3.259000000000000000e+03 2.679655000000000000e+05 1.220430000000000000e+05 1.253800000000000000e+04 6.781000000000000000e+03 5.126000000000000000e+03 0.000000000000000000e+00 0.000000000000000000e+00 
3.295000000000000000e+03 0.000000000000000000e+00 0.000000000000000000e+00 6.598770000000000000e+05 3.280500000000000000e+03 0.000000000000000000e+00 6.375000000000000000e+04 4.094500000000000000e+03 2.933450000000000000e+04 7.710700000000000000e+04 2.344005000000000000e+05 7.931000000000000000e+03 8.412405000000000000e+05 0.000000000000000000e+00 5.866400000000000000e+04 0.000000000000000000e+00 6.470500000000000000e+03 0.000000000000000000e+00 4.869500000000000000e+03 1.503100000000000000e+04 0.000000000000000000e+00 0.000000000000000000e+00 1.380000000000000000e+03 1.276500000000000000e+03 2.057245000000000000e+05 0.000000000000000000e+00 1.013350000000000000e+04 2.600500000000000000e+03 1.451060000000000000e+05 5.725150000000000000e+04 1.238500000000000000e+03 9.150000000000000000e+03 0.000000000000000000e+00 0.000000000000000000e+00 0.000000000000000000e+00 0.000000000000000000e+00 1.248415000000000000e+05 0.000000000000000000e+00 0.000000000000000000e+00 3.200000000000000000e+04 0.000000000000000000e+00 1.217200000000000000e+04 5.260300000000000000e+04 1.190265000000000000e+05 1.681500000000000000e+03 1.486095000000000000e+05 2.730000000000000000e+03 6.835000000000000000e+03 0.000000000000000000e+00 1.744500000000000000e+03 0.000000000000000000e+00 0.000000000000000000e+00 0.000000000000000000e+00 1.018760000000000000e+05 0.000000000000000000e+00 1.321500000000000000e+03 0.000000000000000000e+00 5.683750000000000000e+04 0.000000000000000000e+00 1.767000000000000000e+03 0.000000000000000000e+00 5.181300000000000000e+04 5.998500000000000000e+03 0.000000000000000000e+00 0.000000000000000000e+00 0.000000000000000000e+00 
1.056700000000000000e+04 1.744500000000000000e+03 6.500000000000000000e+04 0.000000000000000000e+00 0.000000000000000000e+00 4.500500000000000000e+03 3.260000000000000000e+03 1.089745000000000000e+05 1.465900000000000000e+04 1.989000000000000000e+03 8.234000000000000000e+03 4.748750000000000000e+04 1.981000000000000000e+03 1.847000000000000000e+03 3.085100000000000000e+04 8.226450000000000000e+04 4.336000000000000000e+03 6.435900000000000000e+04 3.122450000000000000e+04 7.713000000000000000e+04 0.000000000000000000e+00 0.000000000000000000e+00 4.059700000000000000e+04 1.694853000000000000e+06 2.278200000000000000e+04 3.160500000000000000e+03 5.318050000000000000e+04 2.239650000000000000e+04 5.166630000000000000e+05 3.347740000000000000e+05 1.918934000000000000e+06 1.565950000000000000e+04 1.314860000000000000e+05 0.000000000000000000e+00 0.000000000000000000e+00 0.000000000000000000e+00 0.000000000000000000e+00 0.000000000000000000e+00 0.000000000000000000e+00 0.000000000000000000e+00 1.897500000000000000e+03 0.000000000000000000e+00 3.031500000000000000e+03 0.000000000000000000e+00 0.000000000000000000e+00 0.000000000000000000e+00 3.910000000000000000e+03 0.000000000000000000e+00 4.969900000000000000e+04 0.000000000000000000e+00 0.000000000000000000e+00 0.000000000000000000e+00 0.000000000000000000e+00 0.000000000000000000e+00 5.534050000000000000e+04 3.916650000000000000e+04 2.237000000000000000e+04 2.343150000000000000e+04 0.000000000000000000e+00 2.732000000000000000e+03 3.941500000000000000e+03 2.601100000000000000e+04 3.001750000000000000e+04 2.270200000000000000e+04 0.000000000000000000e+00 1.273100000000000000e+04 
7.387000000000000000e+03 3.404175000000000000e+05 2.763500000000000000e+03 4.253000000000000000e+03 1.545000000000000000e+03 2.692000000000000000e+03 3.251000000000000000e+03 2.870000000000000000e+03 1.057000000000000000e+03 2.003060000000000000e+05 0.000000000000000000e+00 5.846500000000000000e+03 5.728500000000000000e+03 2.813250000000000000e+04 8.249000000000000000e+03 8.538870000000000000e+05 8.839000000000000000e+03 1.809000000000000000e+03 0.000000000000000000e+00 3.733000000000000000e+03 1.380000000000000000e+03 4.059700000000000000e+04 0.000000000000000000e+00 5.299000000000000000e+04 4.810050000000000000e+05 1.876225000000000000e+05 1.734900000000000000e+04 5.862010000000000000e+05 3.903600000000000000e+04 6.313800000000000000e+04 9.005100000000000000e+04 0.000000000000000000e+00 8.268500000000000000e+03 1.604000000000000000e+03 1.206995000000000000e+05 5.413500000000000000e+03 0.000000000000000000e+00 0.000000000000000000e+00 1.015000000000000000e+03 0.000000000000000000e+00 4.184000000000000000e+03 0.000000000000000000e+00 8.475150000000000000e+04 1.224000000000000000e+03 0.000000000000000000e+00 1.909500000000000000e+03 1.473150000000000000e+04 2.063000000000000000e+03 3.070735000000000000e+05 0.000000000000000000e+00 2.243000000000000000e+03 0.000000000000000000e+00 1.936500000000000000e+03 0.000000000000000000e+00 6.343450000000000000e+04 5.364060000000000000e+05 6.518750000000000000e+04 1.826625000000000000e+05 6.343900000000000000e+04 8.626500000000000000e+03 3.247145000000000000e+05 3.092700000000000000e+04 5.790400000000000000e+04 4.610750000000000000e+04 0.000000000000000000e+00 2.010050000000000000e+04 
9.336500000000000000e+03 6.368500000000000000e+03 1.239479000000000000e+06 0.000000000000000000e+00 0.000000000000000000e+00 1.438450000000000000e+04 4.977500000000000000e+03 1.266070000000000000e+05 1.203100000000000000e+04 2.817000000000000000e+03 4.522000000000000000e+03 7.690900000000000000e+04 4.211000000000000000e+03 8.444500000000000000e+03 2.429000000000000000e+04 1.333710000000000000e+05 1.934500000000000000e+03 9.659810000000000000e+05 6.134200000000000000e+04 2.113895000000000000e+05 1.276500000000000000e+03 1.694853000000000000e+06 5.299000000000000000e+04 0.000000000000000000e+00 1.977650000000000000e+04 3.665400000000000000e+04 3.899430000000000000e+05 3.302450000000000000e+05 1.551055000000000000e+05 2.776765000000000000e+05 3.772015000000000000e+05 1.934000000000000000e+04 3.123600000000000000e+04 0.000000000000000000e+00 3.778500000000000000e+03 1.921550000000000000e+04 0.000000000000000000e+00 0.000000000000000000e+00 0.000000000000000000e+00 1.699000000000000000e+03 2.047500000000000000e+03 1.548000000000000000e+03 3.333000000000000000e+03 0.000000000000000000e+00 0.000000000000000000e+00 1.238000000000000000e+03 4.019300000000000000e+04 1.593000000000000000e+03 9.824550000000000000e+04 0.000000000000000000e+00 1.884500000000000000e+03 2.352000000000000000e+03 1.559000000000000000e+03 0.000000000000000000e+00 8.178050000000000000e+04 7.568800000000000000e+04 1.759830000000000000e+05 1.824100000000000000e+04 0.000000000000000000e+00 1.501200000000000000e+04 6.939250000000000000e+04 7.733000000000000000e+03 1.096700000000000000e+04 1.239800000000000000e+04 0.000000000000000000e+00 6.787000000000000000e+03 
