0.000000000000000000e+00 1.479155928338253372e-02 1.560376739609202999e-02 6.075941458538338009e-03 1.640035612201864914e-03 1.832154069631226206e-02 4.357808912422098287e-03 2.706839729472220943e-02 1.454164909485653606e-02 2.697468097402495879e-02 3.950142917389063563e-02 2.150789560001874212e-02 2.881776861440419821e-02 2.822423191665495226e-02 1.561938678287490417e-05 2.044577729878324993e-02 1.288599409587179619e-02 1.504146947190853310e-02 7.231776080471080843e-03 1.566624494322352984e-02 9.918310607125564726e-03 2.541274229573746782e-02 1.944613654467925584e-02 2.233572309951111293e-03 2.069568748730924931e-02 2.350717710822673029e-02 2.327288630648360630e-03 3.322243568717492268e-02 9.949549380691313782e-03 1.625978164097277578e-02 8.637520890929822198e-03 1.185511456820205305e-02 2.859909719944395134e-02 3.993877200381112935e-02 1.141777173828155585e-02 2.025834465738875212e-02 3.075457257548068826e-02 1.260484513378004774e-02 4.984146322415382302e-02 1.304218796370054494e-02 2.838042578448370101e-02 5.855708104899801786e-02 2.847414210518095165e-02 8.481327023101073448e-03 1.079299626696655912e-02 3.112943785826968388e-02 2.591256267278946659e-02 4.006372709807413252e-02 3.191040719741342763e-02 3.044218483982318729e-02 1.063680239913781037e-02 4.857629289474095328e-03 2.858347781266107595e-03 6.138419005669836989e-03 1.366696343501554167e-02 1.219874107742529960e-02 9.387251456507816894e-03 5.170017025131593696e-03 2.619371163488121504e-02 6.357090420630086454e-03 2.057073239304624962e-02 2.488168314511972345e-02 3.400340502631866990e-02 6.055636255720600603e-02 8.200178061009325003e-03 2.866157474657544946e-02 
1.479155928338253372e-02 0.000000000000000000e+00 1.569748371678927890e-02 2.088312012870374712e-02 7.637880136825828115e-03 3.237898880089967735e-02 1.144901051184730491e-02 1.263608390734579680e-02 2.269496899551723748e-02 2.046139668556612619e-03 1.063680239913781037e-02 2.019586711025725054e-02 1.426050013276478762e-02 9.793355512862565032e-03 3.294128672508317424e-02 1.972728550677100429e-02 9.668400418599565338e-03 2.175780578854474151e-02 1.588491635818377670e-02 1.507270824547428216e-02 3.375349483779267051e-02 4.420286459553598134e-03 3.412836012058166613e-02 7.544163816128579211e-03 1.390125423675866393e-03 3.640879059088140274e-02 8.200178061009325003e-03 3.872045983474688841e-02 1.232369617168829930e-02 3.331615200787216985e-02 1.132405541758430521e-02 2.603751776705246629e-02 3.481561313902815924e-02 5.607359855052090891e-03 5.982225137841088239e-03 1.889945800727863435e-03 3.162925823532167918e-02 1.051184730487481067e-02 2.163285069428174182e-02 1.179263702107055320e-02 1.044936975774331082e-02 8.903050466238695681e-04 7.169298533339580996e-03 1.171454008715617796e-03 1.001202692782281363e-02 1.007450447495431348e-02 3.634631304374990463e-02 2.581884635209221596e-02 2.984864814207394135e-02 2.160161192071599276e-02 2.834918701091795196e-02 1.854021211127251240e-02 1.416678381206753871e-02 3.131687049966418168e-02 2.341346078752948312e-02 1.960233041250800459e-02 2.659981569123596318e-02 6.763194476984833725e-03 2.644362182340721443e-02 9.980788154257064573e-03 1.332333692579229338e-02 1.679084079159052362e-02 3.990753323024538030e-02 3.219155615950517607e-02 4.982584383737094155e-03 3.128563172609843263e-02 
1.560376739609202999e-02 1.569748371678927890e-02 0.000000000000000000e+00 1.391687362354153933e-02 1.897755494119300959e-02 1.952423347859363065e-03 1.126157787045280537e-02 8.543804570232573295e-03 1.204254720959655085e-02 1.015260140886868829e-03 2.656857691767021065e-02 9.887071833559813935e-03 5.232494572263092676e-03 1.288599409587179619e-02 4.232853818159099460e-03 4.968526935632507080e-02 1.041813098417756177e-02 1.426050013276478762e-02 3.266013776299142579e-02 1.226121862455679945e-02 2.046139668556612619e-03 7.544163816128579211e-03 2.369460974962123156e-02 2.756821767177420474e-02 1.322962060509504448e-02 1.515080517938865654e-03 3.041094606625743824e-02 2.153913437358449465e-02 4.451525233119348057e-03 2.360089342892398093e-02 6.513284288458835204e-03 2.947378285928494573e-02 1.763428767786576548e-02 1.160520437967605366e-02 2.085188135513799806e-02 1.301094919013479588e-02 1.135529419115005600e-02 1.185511456820205305e-02 1.640035612201864914e-03 1.032441466348031113e-02 5.982225137841088239e-03 1.327647876544366763e-03 2.920825328397607008e-03 1.538509598113178140e-02 2.007091201599425084e-02 1.247989003951704805e-02 1.675960201802477109e-02 7.419208721865579517e-03 2.684972587976195910e-02 1.376067975571279058e-02 2.639676366305858998e-03 6.482045514893085281e-03 9.543445324336567379e-03 1.327647876544366763e-03 2.616247286131546598e-02 3.422207644127891329e-02 1.810286928135201520e-02 5.544882307920591044e-03 2.653733814410446160e-02 1.640035612201864914e-03 3.045780422660606269e-03 6.075941458538338009e-03 5.857270043578089412e-03 1.151148805897880475e-02 2.608437592740109074e-03 1.108976461584118165e-03 
6.075941458538338009e-03 2.088312012870374712e-02 1.391687362354153933e-02 0.000000000000000000e+00 7.856551551786076712e-03 3.045780422660606269e-03 1.785295909282601581e-02 1.335457569935804244e-02 1.729066116864251892e-02 4.139137497461849689e-03 3.134810927322993074e-02 4.607719100948096808e-03 3.147306436749293390e-02 2.046139668556612619e-03 2.085188135513799806e-02 9.980788154257064573e-03 9.605922871468065491e-03 3.264451837620854866e-03 8.637520890929822198e-03 7.044343439076582170e-03 3.890789247614138968e-02 2.702153913437358411e-03 2.577198819174359151e-03 4.420286459553598134e-03 5.357449666526092370e-03 9.512206550770816588e-03 7.512925042562829288e-03 3.722099870359089901e-02 1.913374880902175834e-02 7.419208721865579517e-03 2.157037314715024370e-02 2.327288630648360630e-03 1.098042890836105692e-02 3.670555893975602571e-03 2.203895475063648995e-02 1.797791418708901551e-02 1.925870390328475804e-02 1.394811239710729012e-02 2.483482498477109814e-03 2.577198819174359151e-03 2.781812786030020412e-02 2.822423191665495226e-02 3.412836012058166613e-02 1.113662277618980741e-02 1.038689221061181098e-02 4.451525233119348057e-03 1.679084079159052362e-02 3.172297455601893329e-02 4.514002780250847037e-03 1.082423504053230817e-02 7.981506646049076406e-03 3.656498445871014802e-02 2.750574012464270662e-02 9.574684097902316435e-03 2.684972587976195910e-02 2.702153913437358411e-03 1.110538400262405662e-02 3.003608078346844262e-02 2.764631460568858258e-03 4.107898723896099766e-03 4.899801633787857769e-02 2.609999531418396440e-02 3.378473361135841957e-02 2.858347781266107595e-03 3.931399653249613435e-02 3.069209502834918668e-02 
1.640035612201864914e-03 7.637880136825828115e-03 1.897755494119300959e-02 7.856551551786076712e-03 0.000000000000000000e+00 1.266732268091154759e-02 6.075941458538338009e-03 8.543804570232573295e-03 1.663464692376177140e-02 1.319838183152929369e-02 9.699639192165316129e-03 3.545600799712603311e-03 2.670915139871608487e-03 6.575761835590335051e-03 1.171454008715617796e-03 2.381956484388422779e-02 7.965887259266201227e-04 1.732189994220826798e-02 2.469425050372522218e-02 8.918669853021570643e-03 2.545960045608609227e-03 3.982943629633100939e-03 1.171454008715617796e-03 1.594739390531527828e-02 5.451165987223341274e-03 1.466660418911953576e-02 4.607719100948096808e-03 2.022710588382299959e-02 1.257360636021429869e-02 1.682207956515627267e-02 9.980788154257064573e-03 8.481327023101073448e-03 1.429173890633053667e-02 3.483123252581103464e-03 6.263374099932836683e-03 1.154272683254455381e-02 2.856785842587819882e-02 1.594739390531527828e-02 7.919029098917576559e-03 4.295331365290598440e-03 6.700716929853333878e-03 7.231776080471080843e-03 4.982584383737094155e-03 4.731112256532808702e-02 4.045421176764599919e-03 2.987988691563969040e-02 8.793714758758570949e-03 2.631866672914421473e-02 2.697468097402495879e-02 3.600268653452665113e-02 2.591256267278946659e-02 3.639317120409852648e-03 1.382315730284429042e-02 2.347593833466098123e-02 2.100807522296674681e-02 2.670915139871608487e-03 7.231776080471080843e-03 1.232369617168829930e-02 1.679084079159052362e-02 5.466785374006216018e-04 2.619371163488121504e-02 4.093841275791512690e-02 1.201130843603080180e-02 1.107414522905830756e-02 8.137700513877825156e-03 3.982943629633100939e-03 
1.832154069631226206e-02 3.237898880089967735e-02 1.952423347859363065e-03 3.045780422660606269e-03 1.266732268091154759e-02 0.000000000000000000e+00 1.858707027162113511e-03 1.816534682848351331e-02 2.342908017431235591e-04 1.532261843400028155e-02 2.014900894990862695e-03 1.869640597910126115e-02 1.928994267685050709e-02 2.795870234134607748e-03 4.842009902691220258e-04 2.938006653858769510e-02 8.387610702403822810e-03 1.935242022398200520e-02 3.200412351811068173e-02 5.758867906845976936e-02 7.669118910391578038e-03 1.551005107539477935e-02 3.100448276400668418e-02 1.093357074801243258e-04 3.400340502631866990e-02 5.607359855052090891e-03 3.128563172609843263e-02 1.233931555847117426e-03 2.744326257751120851e-02 8.887431079455819852e-03 1.363572466144979088e-02 6.138419005669836989e-03 2.066444871374349679e-02 5.138778251565843773e-03 1.110538400262405662e-02 7.044343439076582170e-03 9.137341267981819240e-03 2.634990550270996379e-02 8.699998438061322045e-03 1.872764475266701020e-02 1.744685503647126767e-02 1.638473673523577548e-02 1.732189994220826798e-02 2.375708729675272968e-02 1.251112881308279884e-02 9.262296362244818934e-03 2.053949361948050056e-02 1.858707027162113511e-03 3.889227308935851168e-03 2.733392687003108334e-03 4.638957874513846731e-03 3.295690611186604790e-03 1.975852428033675334e-02 3.857988535370101245e-03 1.866516720553551209e-02 7.044343439076582170e-03 1.123033909688705631e-02 2.057073239304624962e-02 1.810286928135201520e-02 2.260125267481998684e-02 1.029317588991456207e-02 2.281992408978023371e-02 3.166049700888742824e-02 2.828670946378645037e-02 1.166768192680755351e-02 2.875529106727270010e-02 
4.357808912422098287e-03 1.144901051184730491e-02 1.126157787045280537e-02 1.785295909282601581e-02 6.075941458538338009e-03 1.858707027162113511e-03 0.000000000000000000e+00 6.919388344813582475e-03 6.825672024116333572e-03 1.719694484794526829e-02 2.978617059494244323e-02 2.342908017431235591e-04 1.119910032332130725e-02 4.529622167033722107e-04 1.032441466348031113e-02 1.775924277212876518e-02 1.296409102978617056e-03 2.670915139871608487e-03 1.932118145041625615e-02 3.325367446074067174e-02 2.363213220248972998e-02 5.950986364275338315e-03 1.588491635818377670e-02 3.326929384752354713e-03 1.454164909485653606e-02 1.879012229979850832e-02 4.412476766162160696e-02 1.702513159333364544e-03 1.226121862455679945e-02 1.110538400262405662e-02 3.639317120409852648e-03 3.514362026146853387e-03 1.282351654874029634e-02 2.884900738796994726e-02 1.454164909485653606e-02 2.113303031722974651e-02 1.138653296471580506e-02 2.325726691970073090e-02 6.091560845321212321e-04 1.291723286943754524e-02 4.540555737781734602e-02 1.026193711634881128e-02 6.091560845321212321e-04 7.794074004654576865e-03 1.113662277618980741e-02 2.528778720147447159e-02 8.356371928838073754e-03 7.294253627602580690e-03 2.150789560001874212e-02 2.531902597504022065e-02 9.449729003639316741e-03 6.544523062024585128e-03 1.251112881308279884e-02 1.132405541758430521e-02 2.421004951345609967e-03 6.544523062024585128e-03 1.764990706464864174e-03 1.360448588788404183e-02 6.075941458538338009e-03 1.207378598316230164e-02 8.325133155272324698e-03 2.513159333364571937e-02 7.887790325351827503e-03 1.198006966246505101e-02 1.213626353029380149e-02 7.544163816128579211e-03 
2.706839729472220943e-02 1.263608390734579680e-02 8.543804570232573295e-03 1.335457569935804244e-02 8.543804570232573295e-03 1.816534682848351331e-02 6.919388344813582475e-03 0.000000000000000000e+00 3.062961748121768857e-02 2.994236446277119199e-02 4.918544897927307202e-02 1.619730409384127420e-02 9.449729003639316741e-03 2.082064258157224901e-02 2.644362182340721443e-02 1.947737531824500490e-02 1.004326570138856269e-02 1.363572466144979088e-02 2.163285069428174182e-02 3.253518266872842263e-02 1.551005107539477935e-02 2.108617215688112032e-03 1.441669400059353637e-02 1.944613654467925584e-02 4.396857379379285474e-02 1.202692782281367719e-03 1.889945800727863435e-03 2.702153913437358411e-03 3.222279493307092513e-02 4.493697577433109630e-02 1.048060853130906162e-02 1.285475532230604713e-02 3.212907861237367796e-02 9.293535135810567990e-03 4.545241553816596961e-03 9.730877965731065185e-03 2.347593833466098123e-02 3.828311700482638774e-02 2.563141371069771815e-02 2.057073239304624962e-02 3.951704856067351015e-03 4.920106836605595176e-03 9.793355512862565032e-03 1.922746512971900551e-02 3.837683332552364185e-02 1.526014088686878170e-02 1.515080517938865654e-03 1.354200834075254198e-02 1.983662121425112772e-03 2.947378285928494573e-02 1.644721428236727359e-02 1.238617371881979914e-02 5.826031270012339489e-03 3.572153757243490962e-02 1.513518579260578201e-02 8.918669853021570643e-03 2.016462833669150148e-02 1.925870390328475804e-02 1.157396560611030460e-02 1.563500616965778078e-02 8.949908626587319699e-03 1.982100182746825492e-02 5.205941614732205458e-02 2.672477078549896287e-02 9.012386173718819546e-03 2.494416069225122157e-02 
1.454164909485653606e-02 2.269496899551723748e-02 1.204254720959655085e-02 1.729066116864251892e-02 1.663464692376177140e-02 2.342908017431235591e-04 6.825672024116333572e-03 3.062961748121768857e-02 0.000000000000000000e+00 2.263249144838573590e-02 1.358886650110116686e-03 3.041094606625743824e-02 8.512565796666822504e-03 2.294487918404323340e-02 8.668759664495571254e-03 4.943535916779907141e-02 1.582243881105227859e-02 3.826749761804351755e-03 4.424972275588460319e-02 3.547162738390891024e-02 1.872764475266701020e-02 1.419802258563328777e-02 2.987988691563969040e-02 1.332333692579229338e-02 5.982225137841088239e-03 3.565906002530340457e-02 3.672117832653890024e-02 5.006013463911406641e-02 9.137341267981819240e-03 4.581166143417209763e-02 2.788060540743170571e-02 9.574684097902316435e-03 5.159083454383581180e-02 7.762835231088827809e-03 3.201974290489355453e-03 6.107180232104087933e-03 1.469784296268528481e-02 2.094559767583524523e-02 3.397216625275291391e-02 4.982584383737094155e-03 3.622135794948690146e-02 8.262655608140824851e-03 4.028239851303437591e-02 1.582243881105227859e-02 7.231776080471080843e-03 4.170376271027599613e-03 1.750933258360276926e-02 1.535385720756603060e-02 2.725582993611670723e-02 3.222279493307092513e-02 2.889586554831857085e-03 9.293535135810567990e-03 4.232853818159099460e-03 5.794792496446589565e-03 4.529622167033722107e-04 2.169532824141324340e-02 8.043984193180576253e-03 2.859909719944395134e-02 3.025475219842868949e-02 1.391687362354153933e-02 2.263249144838573590e-02 1.850897333770676334e-02 1.441669400059353637e-02 5.794792496446589565e-03 3.982943629633100939e-03 1.004326570138856269e-02 
2.697468097402495879e-02 2.046139668556612619e-03 1.015260140886868829e-03 4.139137497461849689e-03 1.319838183152929369e-02 1.532261843400028155e-02 1.719694484794526829e-02 2.994236446277119199e-02 2.263249144838573590e-02 0.000000000000000000e+00 4.684254096184183730e-02 1.791543663995751393e-02 2.994236446277119199e-02 2.347593833466098123e-02 3.915780266466738213e-02 1.969604673320525523e-02 2.358527404214110553e-03 1.682207956515627267e-02 1.597863267888102734e-02 1.640035612201864914e-03 1.669712447089327298e-02 1.247989003951704805e-02 1.960233041250800459e-02 6.669478156287583955e-03 2.560017493713196909e-02 3.139496743357855606e-03 8.168939287443574213e-03 1.769676522499726706e-02 1.719694484794526829e-02 3.075457257548068826e-02 9.949549380691313782e-03 2.722459116255095818e-02 2.388204239101572937e-02 3.394092747918716485e-02 6.544523062024585128e-03 3.228527248020243018e-02 2.169532824141324340e-02 5.013823157302844079e-03 2.884900738796994726e-02 8.450088249535322657e-03 2.545960045608609227e-03 2.702153913437358411e-03 1.889945800727863435e-03 7.419208721865579517e-03 2.331974446683223248e-02 1.210502475672805070e-02 2.631866672914421473e-02 1.385439607641003948e-02 1.135529419115005600e-02 1.429173890633053667e-02 6.669478156287583955e-03 5.576121081486340968e-03 4.295331365290598440e-03 3.328491323430642079e-02 2.753697889820845568e-02 2.656857691767021065e-02 1.138653296471580506e-02 1.241741249238554820e-02 2.125798541149274620e-02 2.063320994017774773e-02 3.815816191056339152e-02 7.341111787951204925e-04 8.668759664495571254e-03 2.016462833669150148e-02 1.494775315121128420e-02 4.076659950330349842e-03 
3.950142917389063563e-02 1.063680239913781037e-02 2.656857691767021065e-02 3.134810927322993074e-02 9.699639192165316129e-03 2.014900894990862695e-03 2.978617059494244323e-02 4.918544897927307202e-02 1.358886650110116686e-03 4.684254096184183730e-02 0.000000000000000000e+00 1.407306749137028808e-02 2.260125267481998684e-02 4.715492869749933480e-02 3.116067663183543293e-02 8.231416834575074060e-03 7.653499523608703076e-04 5.763553722880839641e-03 1.129281664401855616e-02 4.045421176764599919e-03 1.319838183152929369e-02 3.644002936444715179e-02 2.494416069225122157e-02 2.157037314715024370e-02 3.978257813598238407e-02 1.460412664198803591e-02 4.574918388704059258e-02 2.160161192071599276e-02 1.554128984896053015e-02 3.743967011855114241e-02 2.069568748730924931e-02 6.638239382721834031e-03 1.694703465941927237e-02 1.232369617168829930e-02 1.960233041250800459e-02 3.006731955703419168e-02 3.656498445871014802e-02 3.809568436343189340e-02 2.772441153960295349e-02 4.768598784811708263e-02 5.821345453977477130e-02 4.709245115036783669e-02 1.813410805491776426e-02 1.088671258766380802e-02 6.513284288458835204e-03 1.625978164097277578e-02 5.576121081486340968e-03 2.478796682442247282e-02 1.827468253596363805e-03 4.481202068006810008e-02 7.919029098917576559e-03 1.796229480030614098e-03 2.452243724911359890e-03 1.016822079565156238e-02 4.418724520875310507e-02 6.357090420630086454e-03 2.063320994017774773e-02 3.750214766568264746e-02 1.551005107539477935e-02 2.264811083516861216e-03 1.654093060306452423e-02 3.094200521687518607e-02 2.141417927932149495e-02 2.656857691767021065e-02 1.432297767989628746e-02 2.053949361948050056e-02 
2.150789560001874212e-02 2.019586711025725054e-02 9.887071833559813935e-03 4.607719100948096808e-03 3.545600799712603311e-03 1.869640597910126115e-02 2.342908017431235591e-04 1.619730409384127420e-02 3.041094606625743824e-02 1.791543663995751393e-02 1.407306749137028808e-02 0.000000000000000000e+00 2.670915139871608487e-03 4.040735360729737907e-02 1.032441466348031113e-02 3.483123252581103464e-03 1.832154069631226206e-02 1.775924277212876518e-02 3.170735516923605529e-03 5.318401199568904836e-02 3.578401511956640774e-02 2.483482498477109814e-03 1.551005107539477935e-02 8.043984193180576253e-03 9.480967777205067532e-03 1.919622635615325645e-02 2.688096465332771162e-02 3.795510988238601831e-03 2.125798541149274620e-02 4.171938209705886719e-02 2.959873795354794543e-02 5.357449666526092370e-03 2.397575871171297654e-02 2.091435890226949618e-02 2.803679927526045446e-02 1.429173890633053667e-02 2.541274229573746782e-02 2.819299314308920321e-02 1.358886650110116686e-03 1.894631616762726053e-02 4.724864501819658891e-02 6.794433250550583649e-03 2.828670946378645037e-02 1.644721428236727359e-02 1.738437748933976956e-02 5.294972119394592523e-03 6.263374099932836683e-03 1.485403683051403356e-02 2.388204239101572937e-02 6.669478156287583955e-03 1.082423504053230817e-02 1.447917154772503621e-02 7.356731174734079670e-03 2.750574012464270662e-02 3.790825172203739213e-02 3.280071224403730045e-04 1.004326570138856269e-02 4.187557596488761941e-02 1.188635334176780210e-02 1.872764475266701020e-02 1.069927994626931021e-02 3.690861096793340151e-02 5.493338331537103714e-02 1.904003248832450770e-02 2.638114427627571285e-02 4.546803492494884413e-02 
2.881776861440419821e-02 1.426050013276478762e-02 5.232494572263092676e-03 3.147306436749293390e-02 2.670915139871608487e-03 1.928994267685050709e-02 1.119910032332130725e-02 9.449729003639316741e-03 8.512565796666822504e-03 2.994236446277119199e-02 2.260125267481998684e-02 2.670915139871608487e-03 0.000000000000000000e+00 2.700591974759071132e-02 9.730877965731065185e-03 1.358886650110116686e-03 7.200537306905330920e-03 1.764990706464864174e-03 9.324773909376317046e-03 1.482279805694828451e-02 2.389766177779860477e-03 9.824594286428314088e-03 2.608437592740109074e-03 1.390125423675866393e-03 2.281992408978023371e-02 2.219514861846523870e-02 8.856192305890070796e-03 3.100448276400668418e-02 1.372944098214704152e-02 3.084828889617793543e-02 8.481327023101073448e-03 1.176139824750480241e-02 1.301094919013479588e-02 4.771722662168283169e-02 1.269856145447729664e-02 2.375708729675272968e-02 3.472189681833091207e-02 1.413554503850178792e-02 3.139496743357855606e-03 9.855833059994064879e-03 9.142027084016680905e-02 2.210143229776798807e-02 5.986910953875950597e-02 2.085188135513799806e-02 1.046498914452618535e-03 2.097683644940099776e-02 1.263608390734579680e-02 2.431938522093622657e-02 6.044702684972588086e-03 3.016103587773143885e-02 2.047701607234899898e-02 2.431938522093622657e-02 3.764272214672851908e-03 2.428814644737047751e-02 4.232853818159099460e-03 5.482404760789091197e-03 2.272620776908298654e-02 6.721022132671071458e-02 2.369460974962123156e-02 1.007450447495431348e-02 1.625978164097277578e-02 1.157396560611030460e-02 8.168939287443574213e-03 1.026193711634881128e-02 9.699639192165316129e-03 3.451884479015353974e-03 
2.822423191665495226e-02 9.793355512862565032e-03 1.288599409587179619e-02 2.046139668556612619e-03 6.575761835590335051e-03 2.795870234134607748e-03 4.529622167033722107e-04 2.082064258157224901e-02 2.294487918404323340e-02 2.347593833466098123e-02 4.715492869749933480e-02 4.040735360729737907e-02 2.700591974759071132e-02 0.000000000000000000e+00 2.406947503241022718e-02 9.137341267981819240e-03 7.794074004654576865e-03 1.582243881105227859e-02 8.106461740312076100e-03 4.865438982865532419e-02 4.000124955094262746e-02 1.426050013276478762e-02 6.950627118379332399e-03 1.107414522905830756e-02 8.387610702403822810e-03 1.285475532230604713e-02 2.272620776908298654e-02 9.527825937553691983e-04 1.916498758258750740e-02 4.134451681426987157e-02 2.706839729472220943e-02 9.168580041547568296e-03 2.516283210721147190e-02 2.934882776502194604e-02 3.812692313699764246e-02 1.247989003951704805e-02 6.888149571247832552e-03 1.515080517938865654e-03 3.326929384752354713e-03 1.847773456414101081e-02 2.406947503241022718e-02 5.638598628617840815e-03 3.325367446074067174e-02 9.074863720850319393e-03 1.416678381206753871e-02 1.247989003951704805e-02 5.294972119394592523e-03 2.038329975165175181e-02 2.363213220248972998e-02 1.882136107336426084e-02 2.962997672711369448e-02 9.824594286428314088e-03 1.988347937459975304e-02 1.260484513378004774e-02 5.018508973337706958e-02 2.166408946784749087e-02 2.553769739000046751e-02 2.741202380394545599e-02 1.076175749340080832e-02 5.130968558174406335e-02 3.387844993205566674e-02 5.080986520469206458e-02 4.674882464114459013e-02 1.054308607844055973e-02 2.421004951345609967e-03 5.184074473236180425e-02 
1.561938678287490417e-05 3.294128672508317424e-02 4.232853818159099460e-03 2.085188135513799806e-02 1.171454008715617796e-03 4.842009902691220258e-04 1.032441466348031113e-02 2.644362182340721443e-02 8.668759664495571254e-03 3.915780266466738213e-02 3.116067663183543293e-02 1.032441466348031113e-02 9.730877965731065185e-03 2.406947503241022718e-02 0.000000000000000000e+00 4.846695718726082985e-02 5.107539478000093849e-03 6.513284288458835204e-03 6.232135326367086760e-03 3.203536229167643079e-02 1.757181013073426737e-02 1.093357074801243258e-04 2.738078503037970693e-02 1.632225918810427390e-02 2.631866672914421473e-02 6.388329194195835510e-03 3.201974290489355453e-03 4.534307983068584791e-02 1.416678381206753871e-02 9.387251456507816894e-03 4.217234431376223956e-04 4.389047685987848210e-03 2.764631460568858258e-03 1.666588569732752392e-02 2.670915139871608487e-03 1.360448588788404183e-02 6.513284288458835204e-03 2.202333536385361369e-03 3.153554191462443201e-02 5.779173109663714170e-04 4.637395935835558758e-02 3.178545210315043140e-02 4.609281039626384607e-02 1.101166768192680771e-02 4.545241553816596961e-03 5.138778251565843773e-03 2.519407088077722096e-02 1.854021211127251240e-02 3.025475219842868949e-02 5.576121081486340968e-03 1.288599409587179619e-02 1.700951220655077048e-02 1.093357074801243258e-04 1.332333692579229338e-02 5.544882307920591044e-03 2.028958343095450118e-02 9.605922871468065491e-03 4.146947190853286780e-02 1.291723286943754524e-02 3.733033441107101984e-03 8.012745419614825462e-03 2.967683488746231894e-04 3.228527248020243018e-02 3.619011917592115241e-02 3.576839573278353234e-03 4.018868219233712874e-02 
2.044577729878324993e-02 1.972728550677100429e-02 4.968526935632507080e-02 9.980788154257064573e-03 2.381956484388422779e-02 2.938006653858769510e-02 1.775924277212876518e-02 1.947737531824500490e-02 4.943535916779907141e-02 1.969604673320525523e-02 8.231416834575074060e-03 3.483123252581103464e-03 1.358886650110116686e-03 9.137341267981819240e-03 4.846695718726082985e-02 0.000000000000000000e+00 7.950267872483325615e-03 3.697108851506489963e-02 2.669353201193321035e-02 3.072333380191493574e-02 1.889945800727863435e-03 2.703715852115646037e-02 2.003967324242850179e-02 4.624900426409259135e-02 2.577198819174359151e-03 3.592458960061228196e-04 8.043984193180576253e-03 2.608437592740109074e-03 1.452602970807366023e-03 2.491292191868547251e-02 1.610358777314402703e-02 4.881058369648407641e-02 1.451041032129078527e-02 1.035565343704606192e-02 1.163644315324180445e-02 4.662386954688158697e-02 3.701794667541352495e-03 7.044343439076582170e-03 5.701076175749339794e-03 8.012745419614825462e-03 1.529137966043453076e-02 2.984864814207394135e-02 8.293894381706573907e-03 8.793714758758570949e-03 1.766552645143151801e-02 1.938365899754775773e-02 1.700951220655077048e-02 9.887071833559813935e-03 5.013823157302844079e-03 3.920466082501601092e-03 3.233213064055105376e-03 1.307342673726629573e-02 1.394811239710729012e-02 9.730877965731065185e-03 1.463536541555378497e-02 7.013104665510832246e-03 7.544163816128579211e-03 1.093357074801243258e-04 1.910251003545600929e-02 5.013823157302844079e-03 2.125798541149274620e-02 2.650609937053871254e-02 4.545241553816596961e-03 1.554128984896053015e-02 7.856551551786076712e-03 1.404182871780453902e-02 
1.288599409587179619e-02 9.668400418599565338e-03 1.041813098417756177e-02 9.605922871468065491e-03 7.965887259266201227e-04 8.387610702403822810e-03 1.296409102978617056e-03 1.004326570138856269e-02 1.582243881105227859e-02 2.358527404214110553e-03 7.653499523608703076e-04 1.832154069631226206e-02 7.200537306905330920e-03 7.794074004654576865e-03 5.107539478000093849e-03 7.950267872483325615e-03 0.000000000000000000e+00 7.856551551786076712e-03 1.460412664198803591e-02 2.241382003342548904e-02 3.795510988238601831e-03 9.824594286428314088e-03 9.699639192165316129e-03 9.106102494416068449e-03 1.010574324852006253e-02 2.613123408774971346e-02 1.438545522702778731e-02 1.688455711228777079e-02 1.554128984896053015e-02 3.431579276197616740e-02 8.856192305890070796e-03 4.514002780250847037e-03 1.847773456414101081e-02 9.543445324336567379e-03 1.694703465941927237e-02 5.326210892960342447e-03 3.631507427018415557e-02 2.077378442122362109e-03 1.858707027162113511e-03 3.420645705449604050e-03 2.342908017431235591e-04 1.585367758461802765e-02 1.764990706464864174e-03 2.328850569326648343e-02 2.394451993814722748e-02 1.982100182746825492e-02 3.451884479015353974e-03 6.888149571247832552e-03 1.048060853130906162e-02 4.545241553816596961e-03 6.981865891945082322e-03 1.469784296268528481e-02 3.069209502834918668e-02 2.597504021992096471e-02 2.182028333567623962e-02 5.982225137841088239e-03 4.045421176764599919e-03 1.057432485200631052e-02 5.466785374006216018e-04 3.653374568514439896e-02 3.131687049966418168e-02 3.326929384752354713e-03 5.857270043578089412e-03 1.294847164300329603e-02 1.588491635818377670e-02 2.884900738796994726e-02 
1.504146947190853310e-02 2.175780578854474151e-02 1.426050013276478762e-02 3.264451837620854866e-03 1.732189994220826798e-02 1.935242022398200520e-02 2.670915139871608487e-03 1.363572466144979088e-02 3.826749761804351755e-03 1.682207956515627267e-02 5.763553722880839641e-03 1.775924277212876518e-02 1.764990706464864174e-03 1.582243881105227859e-02 6.513284288458835204e-03 3.697108851506489963e-02 7.856551551786076712e-03 0.000000000000000000e+00 2.260125267481998684e-02 5.693266482357902530e-02 1.171454008715617796e-03 1.404182871780453902e-02 2.494416069225122157e-02 3.201974290489355453e-03 8.387610702403822810e-03 2.358527404214110553e-03 3.987629445667963124e-02 2.941130531215344415e-02 1.244865126595129899e-02 5.419927213657592217e-03 1.169892070037330256e-02 7.544163816128579211e-03 7.887790325351827503e-03 9.699639192165316129e-03 5.263733345828842600e-03 2.706839729472220943e-02 5.482404760789091197e-03 5.537072614529153780e-02 2.827109007700357671e-03 8.762475985192821892e-03 1.201130843603080180e-02 1.107414522905830756e-02 2.125798541149274620e-02 4.357808912422098287e-03 2.216390984489948965e-02 1.640035612201864914e-03 7.387969948299829594e-03 2.353841588179247934e-02 1.725942239507676987e-02 1.679084079159052362e-02 2.030520281773737440e-04 1.126157787045280537e-02 1.051184730487481067e-02 1.764990706464864174e-03 6.607000609156084107e-03 1.672836324445902204e-02 3.670555893975602571e-03 6.716336316636208623e-04 5.794792496446589565e-03 4.107898723896099766e-03 2.670915139871608487e-03 3.128563172609843263e-02 1.016822079565156238e-02 3.647126813801290085e-02 2.463177295659372407e-02 6.607000609156084107e-03 
7.231776080471080843e-03 1.588491635818377670e-02 3.266013776299142579e-02 8.637520890929822198e-03 2.469425050372522218e-02 3.200412351811068173e-02 1.932118145041625615e-02 2.163285069428174182e-02 4.424972275588460319e-02 1.597863267888102734e-02 1.129281664401855616e-02 3.170735516923605529e-03 9.324773909376317046e-03 8.106461740312076100e-03 6.232135326367086760e-03 2.669353201193321035e-02 1.460412664198803591e-02 2.260125267481998684e-02 0.000000000000000000e+00 5.480842822110804091e-02 8.918669853021570643e-03 1.301094919013479588e-02 3.369101729066116546e-02 2.169532824141324340e-02 1.488527560407978435e-02 5.349639973134654586e-02 3.993877200381112935e-02 7.856551551786076712e-03 9.387251456507816894e-03 1.198006966246505101e-02 1.093357074801243258e-04 3.287880917795167612e-02 1.160520437967605366e-02 6.294612873498586607e-03 3.847054964622088902e-02 3.759586398637989463e-02 1.791543663995751393e-02 1.947737531824500490e-02 3.909532511753588402e-02 1.604111022601252545e-02 4.181309841775612129e-02 2.428814644737047751e-02 3.733033441107101984e-03 3.409712134701591707e-02 2.778688908673445507e-02 1.952423347859363065e-03 5.031004482764006580e-02 3.826749761804351755e-03 2.203895475063648995e-02 2.647486059697296348e-02 1.073051871983505927e-02 2.634990550270996379e-02 1.764990706464864174e-03 4.076659950330349842e-03 1.357324711431829103e-02 1.691579588585351984e-02 1.432297767989628746e-02 1.476032050981678466e-02 6.386767255517548925e-02 8.606282117364073142e-03 3.264451837620854866e-03 1.276103900160879649e-02 2.978617059494244323e-02 3.722099870359089901e-02 5.451165987223341274e-03 2.222638739203098776e-02 
1.566624494322352984e-02 1.507270824547428216e-02 1.226121862455679945e-02 7.044343439076582170e-03 8.918669853021570643e-03 5.758867906845976936e-02 3.325367446074067174e-02 3.253518266872842263e-02 3.547162738390891024e-02 1.640035612201864914e-03 4.045421176764599919e-03 5.318401199568904836e-02 1.482279805694828451e-02 4.865438982865532419e-02 3.203536229167643079e-02 3.072333380191493574e-02 2.241382003342548904e-02 5.693266482357902530e-02 5.480842822110804091e-02 0.000000000000000000e+00 1.671274385767614837e-03 3.390968870562141579e-02 1.516642456617153280e-02 2.981740936850819229e-02 1.041813098417756177e-02 5.349639973134654586e-02 6.200896552801336836e-03 1.975852428033675334e-02 1.385439607641003948e-02 3.701794667541352495e-03 1.004326570138856269e-02 3.909532511753588402e-02 3.108257969792106116e-03 3.358168158318104637e-03 2.353841588179247934e-02 4.331255954891211069e-02 1.438545522702778731e-02 4.462458803867359880e-02 4.315636568108335847e-02 1.738437748933976956e-02 4.815456945160333235e-02 2.353841588179247934e-02 7.700357683957327962e-03 7.637880136825828115e-03 8.043984193180576253e-03 6.138419005669836989e-03 5.077862643112631552e-02 7.825312778220327656e-03 1.391687362354153933e-02 2.967683488746231894e-04 3.337862955500366796e-02 1.444793277415928716e-02 9.231057588679068143e-03 2.132046295862424432e-02 8.012745419614825462e-03 2.128922418505849526e-02 4.232853818159099460e-03 1.469784296268528481e-02 7.976820830014214048e-02 4.295331365290598440e-03 9.699639192165316129e-03 1.900879371475875865e-02 2.535026474860596971e-02 5.574559142808053341e-02 2.764631460568858258e-03 1.347953079362104213e-02 
9.918310607125564726e-03 3.375349483779267051e-02 2.046139668556612619e-03 3.890789247614138968e-02 2.545960045608609227e-03 7.669118910391578038e-03 2.363213220248972998e-02 1.551005107539477935e-02 1.872764475266701020e-02 1.669712447089327298e-02 1.319838183152929369e-02 3.578401511956640774e-02 2.389766177779860477e-03 4.000124955094262746e-02 1.757181013073426737e-02 1.889945800727863435e-03 3.795510988238601831e-03 1.171454008715617796e-03 8.918669853021570643e-03 1.671274385767614837e-03 0.000000000000000000e+00 6.325851647064336530e-03 1.679084079159052362e-02 7.669118910391578038e-03 7.965887259266201227e-04 5.826031270012339489e-03 1.016822079565156238e-02 5.605797916373803091e-02 6.575761835590335051e-03 3.295690611186604790e-03 4.607719100948096808e-03 1.816534682848351331e-02 7.653499523608703076e-04 2.278868531621448465e-02 2.269496899551723748e-02 1.257360636021429869e-02 2.650609937053871254e-02 1.625978164097277578e-02 6.482045514893085281e-03 1.421364197241616317e-03 6.368023991378098103e-02 1.301094919013479588e-02 4.693625728253908447e-02 3.122315417896693451e-02 7.481686268997079364e-03 3.576839573278353234e-03 5.263733345828842600e-03 2.563141371069771815e-02 3.420645705449604050e-03 2.850538087874670071e-02 1.107414522905830756e-02 1.476032050981678466e-02 7.169298533339580996e-03 2.150789560001874212e-02 1.585367758461802765e-02 1.379191852927854137e-02 2.175780578854474151e-02 5.458975680614779058e-02 7.669118910391578038e-03 1.347953079362104213e-02 4.465582681223935479e-02 2.072692626087499837e-02 3.253518266872842263e-02 1.007450447495431348e-02 3.350358464926667112e-02 2.656857691767021065e-02 
2.541274229573746782e-02 4.420286459553598134e-03 7.544163816128579211e-03 2.702153913437358411e-03 3.982943629633100939e-03 1.551005107539477935e-02 5.950986364275338315e-03 2.108617215688112032e-03 1.419802258563328777e-02 1.247989003951704805e-02 3.644002936444715179e-02 2.483482498477109814e-03 9.824594286428314088e-03 1.426050013276478762e-02 1.093357074801243258e-04 2.703715852115646037e-02 9.824594286428314088e-03 1.404182871780453902e-02 1.301094919013479588e-02 3.390968870562141579e-02 6.325851647064336530e-03 0.000000000000000000e+00 6.107180232104087933e-03 4.178185964419037224e-02 1.866516720553551209e-02 9.356012682942067837e-03 8.293894381706573907e-03 1.276103900160879649e-02 6.700716929853333878e-03 5.607359855052090891e-03 2.831794823735220290e-02 3.234775002733392829e-02 1.094919013479530787e-02 1.647845305593302265e-02 9.699639192165316129e-03 1.107414522905830756e-02 1.319838183152929369e-02 2.342908017431235591e-04 5.599550161660653280e-02 2.925511144432469540e-02 1.754057135716851831e-02 4.529622167033722107e-04 2.169532824141324340e-02 9.387251456507816894e-03 2.053949361948050056e-02 3.826749761804351755e-03 2.741202380394545599e-02 1.438545522702778731e-02 2.719335238898520912e-02 1.835277946987801112e-02 1.610358777314402703e-02 2.066444871374349679e-02 2.316355059900348373e-02 1.163644315324180445e-02 1.407306749137028808e-02 9.356012682942067837e-03 2.541274229573746782e-02 1.210502475672805070e-02 2.834918701091795196e-02 5.076300704434343926e-03 1.566624494322352984e-02 5.074738765756056647e-02 2.264811083516861216e-03 2.639676366305858998e-03 2.535026474860596971e-02 1.188635334176780210e-02 
1.944613654467925584e-02 3.412836012058166613e-02 2.369460974962123156e-02 2.577198819174359151e-03 1.171454008715617796e-03 3.100448276400668418e-02 1.588491635818377670e-02 1.441669400059353637e-02 2.987988691563969040e-02 1.960233041250800459e-02 2.494416069225122157e-02 1.551005107539477935e-02 2.608437592740109074e-03 6.950627118379332399e-03 2.738078503037970693e-02 2.003967324242850179e-02 9.699639192165316129e-03 2.494416069225122157e-02 3.369101729066116546e-02 1.516642456617153280e-02 1.679084079159052362e-02 6.107180232104087933e-03 0.000000000000000000e+00 3.951704856067351015e-03 2.419443012667322687e-02 2.316355059900348373e-02 1.733751932899114468e-03 1.296409102978617056e-03 2.452243724911359890e-03 7.794074004654576865e-03 1.101166768192680771e-02 1.975852428033675334e-02 4.842009902691220258e-04 9.793355512862565032e-03 9.199818815113319087e-03 1.904003248832450770e-02 1.579120003748652953e-02 3.097324399044093513e-02 3.670555893975602571e-03 6.825672024116333572e-03 2.188276088280774120e-02 6.950627118379332399e-03 2.358527404214110553e-03 1.185511456820205305e-02 8.137700513877825156e-03 2.447557908876497532e-02 8.699998438061322045e-03 3.264451837620854866e-03 4.217234431376223956e-04 4.701435421645346578e-03 2.644362182340721443e-02 5.513643534354841121e-03 3.387844993205566674e-02 1.953985286537650648e-02 1.897755494119300959e-02 1.171454008715617796e-03 9.887071833559813935e-03 5.950986364275338315e-03 7.856551551786076712e-03 4.888868063039845252e-03 2.244505880699123809e-02 1.038689221061181098e-02 5.013823157302844079e-03 3.077019196226356192e-03 7.544163816128579211e-03 2.328850569326648343e-02 
2.233572309951111293e-03 7.544163816128579211e-03 2.756821767177420474e-02 4.420286459553598134e-03 1.594739390531527828e-02 1.093357074801243258e-04 3.326929384752354713e-03 1.944613654467925584e-02 1.332333692579229338e-02 6.669478156287583955e-03 2.157037314715024370e-02 8.043984193180576253e-03 1.390125423675866393e-03 1.107414522905830756e-02 1.632225918810427390e-02 4.624900426409259135e-02 9.106102494416068449e-03 3.201974290489355453e-03 2.169532824141324340e-02 2.981740936850819229e-02 7.669118910391578038e-03 4.178185964419037224e-02 3.951704856067351015e-03 0.000000000000000000e+00 2.175780578854474151e-02 3.077019196226356192e-03 1.001202692782281363e-02 3.389406931883854127e-03 1.351076956718679292e-02 7.356731174734079670e-03 2.394451993814722748e-02 2.116426909079549556e-02 1.063680239913781037e-02 2.014900894990862695e-03 1.260484513378004774e-02 2.369460974962123156e-02 6.981865891945082322e-03 6.513284288458835204e-03 2.188276088280774120e-02 2.608437592740109074e-03 5.357449666526092370e-03 3.077019196226356192e-03 1.154272683254455381e-02 2.197647720350499184e-02 2.859909719944395134e-02 7.653499523608703076e-04 2.041453852521750087e-02 4.795151742342595481e-03 2.600627899348671723e-02 1.719694484794526829e-02 3.420645705449604050e-03 3.637755181731565368e-02 1.082423504053230817e-02 1.702513159333364544e-03 1.310466551083204478e-02 1.702513159333364544e-03 1.729066116864251892e-02 1.322962060509504448e-02 1.426050013276478762e-02 2.889586554831857085e-03 3.219155615950517607e-02 7.981506646049076406e-03 4.982584383737094155e-03 1.700951220655077048e-02 2.157037314715024370e-02 7.138059759773831073e-03 
