1.000000 0.044531 0.113180 0.135634 0.011218 -0.022273 0.188123 0.476977 0.170747 0.018055 0.184930 0.035255 0.351437 -0.049362 0.686112 0.021088 0.122150 -0.023682 0.295888 0.306566 0.180792 0.322483 0.048692 0.099630 0.207863 0.057015 0.259198 0.030411 0.086231 0.699045 0.592110 0.060055 0.660293 0.380542 0.095741 0.040746 -0.024855 -0.057457 0.034043 0.102385 0.131259 0.055692 0.180030 0.118549 0.097737 0.156156 -0.009035 0.132141 -0.004236 -0.012835 0.016299 0.158076 0.165848 0.064125 0.135150 0.048685 0.093634 0.126672 -0.005106 0.066585 0.013965 0.032788 0.288560 0.187697 -0.038784 0.271738 
0.044531 1.000000 0.333139 0.017316 0.093329 -0.009666 0.062753 0.066946 0.032724 0.085046 0.090996 0.074930 0.086429 0.091011 0.031048 0.020240 0.084288 0.090624 0.118112 0.100638 0.043110 0.101245 0.069909 0.089892 0.031835 0.083799 0.120260 0.143267 0.150994 0.038969 0.034250 -0.021362 0.002175 -0.022196 0.341773 0.065774 0.027055 0.043437 0.032823 -0.003802 0.081873 -0.025081 0.017652 0.084399 0.271465 -0.006013 0.226352 0.011806 0.089524 0.077452 0.113476 0.109530 0.076500 0.043007 0.068242 0.016407 0.138456 0.035303 0.152547 0.029238 0.068559 0.073970 0.058351 0.003292 0.084465 0.094101 
0.113180 0.333139 1.000000 -0.007924 0.147316 0.123125 0.001514 0.055055 0.118492 0.051072 -0.036530 0.025383 0.072874 -0.027638 0.086026 0.058137 0.006094 0.063196 0.152630 0.089121 0.022453 0.087446 0.171440 0.210781 -0.012824 -0.011154 0.139154 0.088505 0.059585 0.103711 0.106313 0.126079 0.087721 0.058067 0.031320 0.276365 0.001556 -0.038335 0.137651 -0.003447 0.113956 -0.022510 0.023770 -0.015258 0.074110 -0.011514 -0.020487 -0.019628 0.082266 -0.056885 0.142109 0.011135 0.086301 0.009265 0.076624 0.051699 0.202742 0.021526 0.020425 -0.031136 0.078258 0.049566 0.079648 0.026317 0.014766 0.089949 
0.135634 0.017316 -0.007924 1.000000 -0.040161 -0.103800 0.018129 0.288312 0.070082 0.150929 0.231422 -0.004662 0.299445 0.023906 0.165748 0.114997 0.036106 -0.033802 -0.020698 0.051315 0.821243 0.054306 0.149341 0.069198 0.619700 0.017898 0.005271 0.019223 -0.038724 0.094405 0.109001 -0.058346 0.110758 0.065579 -0.010170 0.047782 0.104246 0.056332 0.005576 -0.023922 0.055573 -0.053430 0.133604 0.012414 0.025229 -0.017069 0.037199 0.013900 0.056199 0.026102 -0.102918 0.006671 -0.038841 0.069954 -0.037020 0.109752 -0.045444 0.180400 0.000404 0.031889 0.060693 0.038437 0.108433 0.011407 0.051278 0.098503 
0.011218 0.093329 0.147316 -0.040161 1.000000 0.100740 0.102696 0.007505 0.481406 0.073274 0.036576 0.150988 0.025131 0.039042 0.039303 0.022113 0.356333 0.062658 0.167492 0.044855 0.015208 -0.097085 0.171726 0.042858 -0.069694 0.169839 -0.002188 0.064078 0.057666 0.070853 -0.035218 0.399830 0.000783 -0.024914 0.028910 0.062423 0.034312 -0.043892 0.060088 -0.123066 0.005830 -0.130781 0.123821 0.035558 -0.062372 -0.050395 -0.019880 -0.058672 -0.090391 0.013456 0.079236 -0.053326 0.124164 0.000859 -0.023930 0.079439 0.031849 0.070606 -0.007698 -0.055759 0.013614 0.029384 0.045479 0.062096 -0.025437 0.066035 
-0.022273 -0.009666 0.123125 -0.103800 0.100740 1.000000 0.046486 -0.081036 0.134227 -0.000758 -0.050789 0.143072 -0.045686 0.149618 0.065061 0.040741 0.042851 0.060330 0.108881 -0.000897 -0.086976 -0.016842 0.058785 -0.027851 -0.091472 0.251753 0.144759 0.214015 0.048983 0.008020 -0.012276 0.280184 0.006795 0.039329 0.071849 0.159969 0.029370 0.086363 0.550271 0.055015 -0.087988 0.062994 0.021732 -0.001395 0.025235 -0.036411 0.056128 0.020773 0.034183 0.069022 0.074401 0.063851 -0.020589 -0.034843 0.047400 0.081093 0.050677 -0.029024 0.142764 0.089860 0.272792 0.140884 -0.083155 -0.071721 0.245256 -0.069943 
0.188123 0.062753 0.001514 0.018129 0.102696 0.046486 1.000000 0.128788 0.217540 0.069158 0.150431 -0.012638 0.524656 -0.050457 0.233761 0.058423 0.693210 0.033728 0.013507 0.036193 0.092181 -0.020637 0.095721 -0.038578 0.047449 -0.004208 0.025246 0.106278 0.038170 0.029670 -0.013837 0.193986 0.089188 0.148317 0.069486 0.050417 0.081154 0.020864 0.089164 0.050196 0.051812 0.044316 0.170112 -0.013549 0.054768 -0.011968 -0.024518 0.079394 0.101960 0.062738 0.053643 0.113742 0.121838 -0.008565 -0.002788 0.179187 0.004139 0.122158 0.012376 0.080675 0.092609 0.042254 0.087353 0.050694 0.094091 0.080775 
0.476977 0.066946 0.055055 0.288312 0.007505 -0.081036 0.128788 1.000000 0.038886 0.038781 0.504395 -0.044474 0.329558 -0.035939 0.310432 0.051149 0.104670 0.014315 0.079442 0.163779 0.298485 -0.003974 0.058215 -0.064972 0.340959 -0.006638 0.124855 0.011579 0.019027 0.179847 0.382939 -0.035059 0.128260 0.270110 0.073991 0.053713 -0.012714 0.022996 0.036557 0.021474 0.368191 -0.008212 0.112037 0.118373 0.144690 0.027679 0.080468 0.028907 0.005902 0.018404 -0.038059 0.134025 0.041561 0.055874 0.022644 0.059827 -0.053088 0.170530 -0.014142 0.051206 0.009882 0.086760 0.056010 0.183076 -0.018802 -0.006349 
0.170747 0.032724 0.118492 0.070082 0.481406 0.134227 0.217540 0.038886 1.000000 0.036191 -0.044743 0.077756 0.174235 0.039778 0.428912 0.048079 0.225695 0.099984 0.082476 0.096390 0.078744 -0.126718 0.123397 -0.015386 -0.021132 0.075094 -0.013061 0.125283 0.071826 0.267750 -0.029530 0.473573 0.208158 0.080767 0.068964 0.109674 -0.010583 0.072974 0.097063 -0.050597 -0.068526 -0.110656 0.070706 -0.000274 0.057849 -0.041510 -0.012303 -0.073359 0.000982 0.015025 0.046069 0.004278 0.053226 -0.038159 0.001980 0.136505 0.039262 0.032895 0.181217 0.049203 0.084369 0.094336 0.072800 0.001693 -0.042219 0.084240 
0.018055 0.085046 0.051072 0.150929 0.073274 -0.000758 0.069158 0.038781 0.036191 1.000000 0.057465 0.066670 0.079780 0.077539 0.001797 0.457288 0.177395 -0.005813 -0.033181 0.038920 0.104706 0.064669 0.430182 0.210111 0.550938 -0.010123 0.110076 0.200911 0.168118 -0.022484 0.089985 -0.005360 0.010660 0.077532 -0.080867 -0.015672 0.034902 0.166129 0.099867 0.193489 0.118186 0.022853 0.232475 0.030850 0.038184 0.126611 0.050270 0.029934 0.276482 0.305480 -0.060400 0.020466 0.028446 0.043086 0.034572 0.216717 -0.022671 0.176051 0.032285 -0.008060 0.259280 0.066273 0.134670 0.151902 0.094525 0.149599 
0.184930 0.090996 -0.036530 0.231422 0.036576 -0.050789 0.150431 0.504395 -0.044743 0.057465 1.000000 -0.113676 0.438317 -0.049328 0.183959 0.050112 0.085354 0.065749 -0.038511 0.024256 0.411580 0.110628 0.056105 0.137952 0.198408 -0.044387 0.046864 0.050146 0.067893 0.049315 0.104940 -0.067416 0.068708 0.134914 0.044234 0.043378 0.043854 0.044323 0.077688 -0.064797 0.266121 -0.080747 0.096555 0.233675 0.119044 -0.009437 0.100023 0.013128 0.074412 0.012938 0.022941 0.039418 0.095275 0.079600 0.070510 0.069641 0.058252 0.154303 0.050502 0.029036 -0.011962 0.063313 0.079404 0.098499 0.007505 0.073780 
0.035255 0.074930 0.025383 -0.004662 0.150988 0.143072 -0.012638 -0.044474 0.077756 0.066670 -0.113676 1.000000 -0.042204 0.716270 0.094950 -0.000906 0.078563 0.001862 0.418557 0.047675 -0.049346 0.054617 -0.020317 -0.004870 0.038770 0.494859 0.055244 -0.009767 0.064540 0.006745 0.013135 0.082763 0.004311 0.067859 0.102273 0.083278 0.100650 -0.040874 0.066172 -0.067323 0.041392 -0.014607 0.090118 0.052141 0.051632 -0.016201 0.259890 -0.013074 -0.036892 -0.027967 0.141722 -0.004511 0.160380 0.048188 0.056883 -0.018136 0.032262 0.131473 0.015909 0.089186 0.007752 0.059828 0.021243 0.060331 -0.004259 0.007733 
0.351437 0.086429 0.072874 0.299445 0.025131 -0.045686 0.524656 0.329558 0.174235 0.079780 0.438317 -0.042204 1.000000 -0.050203 0.364913 0.170274 0.309589 0.036874 0.068145 0.170095 0.547016 0.071804 0.177228 0.056535 0.188446 -0.025186 0.062782 0.012266 0.055645 0.175103 0.120797 -0.038005 0.235645 0.154660 0.070187 0.061838 0.002175 0.002696 0.068867 -0.022719 0.079025 -0.023176 0.153644 0.066885 0.129397 -0.011474 0.058086 0.043582 0.104856 -0.034359 0.031738 0.117613 0.070346 0.018068 0.074129 0.179887 0.085349 0.123465 0.062389 0.092809 0.058556 0.099890 0.131686 0.020413 0.003955 0.126805 
-0.049362 0.091011 -0.027638 0.023906 0.039042 0.149618 -0.050457 -0.035939 0.039778 0.077539 -0.049328 0.716270 -0.050203 1.000000 -0.032213 0.055737 0.072886 0.061916 0.222014 -0.015363 0.010852 0.044560 0.017798 0.012788 0.033274 0.396170 0.037337 -0.008110 0.118526 0.004020 0.041193 0.043547 -0.039066 -0.020940 0.047537 0.027152 0.064964 0.061516 0.125640 -0.079675 0.002614 -0.023958 0.084999 -0.009313 0.139048 -0.052938 0.568855 -0.028276 0.016472 -0.035501 0.121318 0.014553 0.047084 0.019040 0.023665 0.054908 0.003700 0.129376 0.172492 0.000257 0.003378 0.070327 -0.004921 0.001989 0.037196 -0.024511 
0.686112 0.031048 0.086026 0.165748 0.039303 0.065061 0.233761 0.310432 0.428912 0.001797 0.183959 0.094950 0.364913 -0.032213 1.000000 0.015101 0.126751 0.024987 0.239469 0.204622 0.205714 0.052561 0.033370 0.002572 0.157540 0.085759 0.089703 0.113922 0.037674 0.558660 0.179526 0.183276 0.536604 0.315045 0.077572 0.065544 0.056625 -0.009728 0.044665 0.065918 0.065660 0.023870 0.175201 0.135766 0.135948 0.087298 -0.012428 0.093413 -0.024248 0.021898 0.007464 0.155761 0.113104 0.051569 0.005937 0.037377 0.028144 0.155211 0.074199 0.067414 0.034707 0.011951 0.229362 0.026959 -0.092025 0.202752 
0.021088 0.020240 0.058137 0.114997 0.022113 0.040741 0.058423 0.051149 0.048079 0.457288 0.050112 -0.000906 0.170274 0.055737 0.015101 1.000000 0.103243 0.114402 -0.023678 0.003359 0.111086 -0.008060 0.665233 0.240150 0.126016 -0.087250 0.017385 0.250736 0.224691 0.011308 0.108633 0.047282 -0.018054 -0.009731 -0.017091 0.031839 0.081520 0.084828 0.092779 -0.068571 0.067803 -0.127248 0.152700 -0.049133 0.031009 0.071266 0.067962 -0.087336 0.506410 -0.035127 -0.034618 -0.030485 -0.035982 0.094582 0.013353 0.378458 -0.002228 0.152219 -0.021333 -0.058400 0.241606 0.015223 0.036527 0.024410 0.047621 0.031504 
0.122150 0.084288 0.006094 0.036106 0.356333 0.042851 0.693210 0.104670 0.225695 0.177395 0.085354 0.078563 0.309589 0.072886 0.126751 0.103243 1.000000 0.078416 0.091590 0.005138 0.081864 -0.076768 0.148107 -0.029414 0.032216 0.058085 0.012990 0.175150 0.096795 0.087646 -0.012781 0.311118 0.110732 0.163648 -0.005787 -0.004566 0.073378 0.022286 0.083926 0.014457 0.053386 0.022071 0.257390 0.013784 0.084355 0.044322 0.058370 0.133231 0.083396 0.071890 0.067212 0.124723 0.166906 0.038831 -0.045871 0.184899 0.004154 0.175989 0.033010 0.086762 0.071327 0.087128 0.194765 0.084017 0.140736 0.191526 
-0.023682 0.090624 0.063196 -0.033802 0.062658 0.060330 0.033728 0.014315 0.099984 -0.005813 0.065749 0.001862 0.036874 0.061916 0.024987 0.114402 0.078416 1.000000 0.133553 0.319825 0.029730 0.050564 0.097081 0.106365 -0.084524 -0.057635 -0.001178 0.114039 0.107951 0.073537 0.011052 0.059235 0.115577 0.024927 0.162836 0.078470 0.005771 0.050791 0.076772 0.049840 0.023071 0.062154 0.012888 0.035784 0.101609 -0.036092 0.064367 0.037010 0.125966 0.048123 0.129442 0.031864 -0.018985 0.015912 0.027785 0.081842 0.109008 0.005202 0.167528 -0.012060 0.013558 0.067296 0.034888 0.005947 0.058804 0.037890 
0.295888 0.118112 0.152630 -0.020698 0.167492 0.108881 0.013507 0.079442 0.082476 -0.033181 -0.038511 0.418557 0.068145 0.222014 0.239469 -0.023678 0.091590 0.133553 1.000000 0.397501 -0.007272 0.080725 -0.016941 0.017260 -0.008119 0.266200 0.182304 0.007320 0.035739 0.362634 0.038282 0.122825 0.345984 0.172060 0.179201 0.109574 -0.001392 -0.059165 0.041618 0.063979 -0.018696 0.024795 0.067359 0.048796 0.137553 0.046754 0.158464 0.058720 -0.040701 0.040997 0.073099 0.102132 0.119778 -0.014114 0.076441 -0.032945 0.032987 0.040324 -0.013212 0.115170 0.023014 0.055723 0.045082 0.066792 0.014592 0.070526 
0.306566 0.100638 0.089121 0.051315 0.044855 -0.000897 0.036193 0.163779 0.096390 0.038920 0.024256 0.047675 0.170095 -0.015363 0.204622 0.003359 0.005138 0.319825 0.397501 1.000000 0.039879 0.062763 -0.012054 0.004461 0.041241 0.009950 0.375353 0.014098 -0.019060 0.168663 0.189433 -0.021708 0.137871 0.169999 0.162964 0.083583 -0.095922 -0.015940 0.022373 0.155809 -0.035140 0.128246 0.002991 0.045325 0.123413 0.069716 0.019149 0.129544 -0.017355 0.053500 0.032777 0.072035 0.106515 -0.033653 0.053551 -0.045185 0.000779 -0.065568 0.126457 0.085629 0.010556 0.075627 0.027697 0.032102 0.026579 0.033821 
0.180792 0.043110 0.022453 0.821243 0.015208 -0.086976 0.092181 0.298485 0.078744 0.104706 0.411580 -0.049346 0.547016 0.010852 0.205714 0.111086 0.081864 0.029730 -0.007272 0.039879 1.000000 0.097027 0.148637 0.101433 0.452341 0.004957 0.002687 -0.043781 0.047351 0.113015 0.115746 -0.081505 0.129628 0.092041 -0.049219 -0.015819 0.051718 0.037120 0.006891 -0.020126 0.047130 -0.050499 0.118686 0.055943 0.078935 -0.007274 0.089439 0.033080 0.067843 0.012464 -0.044389 0.029202 -0.013118 0.076250 -0.001633 0.112962 -0.020019 0.136769 0.031823 0.018690 0.003091 0.075299 0.105362 -0.014144 0.025810 0.072656 
0.322483 0.101245 0.087446 0.054306 -0.097085 -0.016842 -0.020637 -0.003974 -0.126718 0.064669 0.110628 0.054617 0.071804 0.044560 0.052561 -0.008060 -0.076768 0.050564 0.080725 0.062763 0.097027 1.000000 0.043412 0.609246 0.054992 0.015864 0.381003 0.150292 0.190151 0.342003 0.413459 -0.134603 0.376650 0.132510 0.095432 0.124219 -0.055072 -0.018131 -0.014786 -0.003277 0.065372 0.004250 0.004544 -0.062691 0.011340 -0.022245 -0.033413 0.038218 0.047453 -0.066023 0.085809 0.104677 0.064644 -0.055993 0.319935 0.030086 0.280752 -0.030995 -0.047082 -0.006004 0.083319 0.132810 0.230992 0.222288 0.032394 0.293525 
0.048692 0.069909 0.171440 0.149341 0.171726 0.058785 0.095721 0.058215 0.123397 0.430182 0.056105 -0.020317 0.177228 0.017798 0.033370 0.665233 0.148107 0.097081 -0.016941 -0.012054 0.148637 0.043412 1.000000 0.253145 0.127868 -0.011331 0.032628 0.177628 0.042573 0.056545 0.128368 0.094133 0.021706 -0.023584 0.038345 0.005283 0.023140 0.141905 0.106704 0.019615 0.068900 -0.059165 0.119744 -0.052050 0.058508 0.033207 0.059186 -0.020680 0.416541 0.035806 -0.051341 -0.007536 -0.044038 -0.006309 0.086817 0.654140 0.039397 0.109697 -0.034490 -0.049045 0.190331 -0.026328 0.076187 0.075564 0.092370 0.100251 
0.099630 0.089892 0.210781 0.069198 0.042858 -0.027851 -0.038578 -0.064972 -0.015386 0.210111 0.137952 -0.004870 0.056535 0.012788 0.002572 0.240150 -0.029414 0.106365 0.017260 0.004461 0.101433 0.609246 0.253145 1.000000 0.032612 -0.003021 0.262632 0.187700 0.056955 0.130940 0.117530 -0.034865 0.151470 0.040503 -0.032213 0.172034 -0.009067 -0.026510 0.031320 -0.080911 0.057778 -0.065110 -0.017397 -0.046210 0.037470 -0.063538 0.015968 -0.019713 0.124297 -0.055778 0.063211 0.034129 0.064023 -0.051299 0.224398 0.056756 0.307727 -0.038691 -0.057066 -0.051083 0.052414 0.095993 0.179331 0.091490 0.086227 0.229336 
0.207863 0.031835 -0.012824 0.619700 -0.069694 -0.091472 0.047449 0.340959 -0.021132 0.550938 0.198408 0.038770 0.188446 0.033274 0.157540 0.126016 0.032216 -0.084524 -0.008119 0.041241 0.452341 0.054992 0.127868 0.032612 1.000000 -0.054282 0.076379 0.072822 0.023484 0.031306 0.165421 -0.055251 0.111136 0.162985 -0.003126 0.045283 -0.011425 0.113248 0.044162 0.160662 0.045778 0.055897 0.100698 0.025975 0.007836 0.026591 -0.010644 0.075143 0.119141 0.164848 -0.151109 0.023390 -0.020580 -0.038296 0.021601 0.079038 -0.058884 0.099769 -0.027380 0.010497 0.112405 -0.000646 0.177813 0.186210 0.089707 0.167879 
0.057015 0.083799 -0.011154 0.017898 0.169839 0.251753 -0.004208 -0.006638 0.075094 -0.010123 -0.044387 0.494859 -0.025186 0.396170 0.085759 -0.087250 0.058085 -0.057635 0.266200 0.009950 0.004957 0.015864 -0.011331 -0.003021 -0.054282 1.000000 0.085879 -0.001458 0.001510 0.065747 -0.020972 0.045398 0.022776 0.051085 0.034422 0.115428 0.078470 -0.040975 0.081634 -0.006480 0.037545 0.023280 0.096386 0.083825 0.023410 0.003667 0.226792 0.009701 -0.170372 0.034884 0.378326 -0.009000 0.235631 0.060414 -0.069397 -0.070606 0.048122 0.127045 0.175588 0.019124 -0.036505 -0.018898 0.033393 -0.052538 0.046975 0.064137 
0.259198 0.120260 0.139154 0.005271 -0.002188 0.144759 0.025246 0.124855 -0.013061 0.110076 0.046864 0.055244 0.062782 0.037337 0.089703 0.017385 0.012990 -0.001178 0.182304 0.375353 0.002687 0.381003 0.032628 0.262632 0.076379 0.085879 1.000000 0.268290 0.148219 0.199592 0.261742 0.021661 0.174056 0.169211 0.068689 0.141034 -0.119309 0.047588 0.228510 0.101000 0.065416 0.046771 -0.007899 -0.054173 0.125550 0.020470 0.024331 0.049895 0.012482 0.109866 0.052980 0.076511 0.184196 -0.092575 0.154402 0.035394 0.104053 -0.071379 0.067605 0.077078 0.118754 0.177862 0.093716 0.063133 0.164485 0.131921 
0.030411 0.143267 0.088505 0.019223 0.064078 0.214015 0.106278 0.011579 0.125283 0.200911 0.050146 -0.009767 0.012266 -0.008110 0.113922 0.250736 0.175150 0.114039 0.007320 0.014098 -0.043781 0.150292 0.177628 0.187700 0.072822 -0.001458 0.268290 1.000000 0.203731 0.036074 0.091942 0.173023 0.055172 -0.039350 0.025742 0.188363 0.052754 0.088684 0.303172 -0.058675 0.068222 -0.096040 0.136166 -0.093284 0.005920 -0.051529 -0.065473 -0.054262 0.129056 0.023843 0.064906 -0.001523 0.058667 0.006380 0.079983 0.159381 0.130502 0.045812 -0.048451 0.112379 0.510577 0.099829 0.003395 0.025905 0.104824 0.080243 
0.086231 0.150994 0.059585 -0.038724 0.057666 0.048983 0.038170 0.019027 0.071826 0.168118 0.067893 0.064540 0.055645 0.118526 0.037674 0.224691 0.096795 0.107951 0.035739 -0.019060 0.047351 0.190151 0.042573 0.056955 0.023484 0.001510 0.148219 0.203731 1.000000 0.061981 0.150346 0.100560 0.031060 0.054593 0.060526 0.014732 0.075889 0.073706 0.091873 0.025258 0.076717 -0.019635 0.104366 0.013155 0.076032 0.125811 0.125551 0.022187 0.149121 0.095783 0.026489 0.036359 0.067765 0.116899 0.063319 0.044480 0.028727 0.093657 0.038077 -0.021052 0.103049 0.140664 0.008760 0.048331 0.076671 0.027140 
0.699045 0.038969 0.103711 0.094405 0.070853 0.008020 0.029670 0.179847 0.267750 -0.022484 0.049315 0.006745 0.175103 0.004020 0.558660 0.011308 0.087646 0.073537 0.362634 0.168663 0.113015 0.342003 0.056545 0.130940 0.031306 0.065747 0.199592 0.036074 0.061981 1.000000 0.390526 0.168604 0.890171 0.214256 0.115584 0.065029 -0.084335 -0.010599 0.052461 0.073533 0.050390 0.008524 0.094798 0.057188 0.026751 0.082809 -0.040544 0.056689 0.003742 0.000333 0.041518 0.086995 0.101455 -0.013823 0.138624 0.044377 0.109767 0.041726 -0.018468 0.079479 0.011754 0.082857 0.264128 0.121859 -0.055950 0.279831 
0.592110 0.034250 0.106313 0.109001 -0.035218 -0.012276 -0.013837 0.382939 -0.029530 0.089985 0.104940 0.013135 0.120797 0.041193 0.179526 0.108633 -0.012781 0.011052 0.038282 0.189433 0.115746 0.413459 0.128368 0.117530 0.165421 -0.020972 0.261742 0.091942 0.150346 0.390526 1.000000 -0.109961 0.299912 0.217297 0.042117 0.055655 0.013339 -0.062783 0.058298 0.006297 0.181152 0.052106 0.184089 0.045476 0.064952 0.116037 -0.017035 0.062315 0.049109 -0.120192 0.008512 0.047878 0.042785 0.130469 0.264200 0.054234 0.133879 0.147514 -0.021343 -0.001471 0.056683 0.059164 0.193688 0.260333 -0.019681 0.188677 
0.060055 -0.021362 0.126079 -0.058346 0.399830 0.280184 0.193986 -0.035059 0.473573 -0.005360 -0.067416 0.082763 -0.038005 0.043547 0.183276 0.047282 0.311118 0.059235 0.122825 -0.021708 -0.081505 -0.134603 0.094133 -0.034865 -0.055251 0.045398 0.021661 0.173023 0.100560 0.168604 -0.109961 1.000000 0.170200 0.089247 0.002492 0.103831 0.069331 0.047186 0.173257 0.003878 -0.050634 -0.068267 0.058657 -0.039646 -0.040953 0.071208 -0.049529 0.002060 0.075378 0.050681 -0.001106 0.070218 0.097196 0.015998 -0.006559 0.124723 0.050745 -0.007937 0.020300 0.028077 0.147061 0.105673 0.145629 0.017463 0.093097 0.158895 
0.660293 0.002175 0.087721 0.110758 0.000783 0.006795 0.089188 0.128260 0.208158 0.010660 0.068708 0.004311 0.235645 -0.039066 0.536604 -0.018054 0.110732 0.115577 0.345984 0.137871 0.129628 0.376650 0.021706 0.151470 0.111136 0.022776 0.174056 0.055172 0.031060 0.890171 0.299912 0.170200 1.000000 0.228521 0.098216 0.062475 -0.075758 -0.002887 0.066101 0.119083 0.011395 0.052740 0.072893 0.021983 0.005356 0.076316 -0.065412 0.108469 0.028739 0.068566 0.043417 0.088801 0.091404 -0.029841 0.176996 0.053058 0.163842 0.016001 0.000723 0.102455 0.057387 0.055508 0.319686 0.129755 0.002516 0.371377 
0.380542 -0.022196 0.058067 0.065579 -0.024914 0.039329 0.148317 0.270110 0.080767 0.077532 0.134914 0.067859 0.154660 -0.020940 0.315045 -0.009731 0.163648 0.024927 0.172060 0.169999 0.092041 0.132510 -0.023584 0.040503 0.162985 0.051085 0.169211 -0.039350 0.054593 0.214256 0.217297 0.089247 0.228521 1.000000 0.082782 0.024845 0.031564 -0.029746 0.019689 0.259964 0.328913 0.322589 0.187296 0.228885 0.036187 0.258222 -0.011525 0.328680 0.097309 0.142263 0.027191 0.208178 0.298249 0.094236 0.016300 0.006380 -0.038155 0.194823 0.053511 0.079959 0.048121 0.032166 0.429581 0.266452 0.028085 0.253218 
0.095741 0.341773 0.031320 -0.010170 0.028910 0.071849 0.069486 0.073991 0.068964 -0.080867 0.044234 0.102273 0.070187 0.047537 0.077572 -0.017091 -0.005787 0.162836 0.179201 0.162964 -0.049219 0.095432 0.038345 -0.032213 -0.003126 0.034422 0.068689 0.025742 0.060526 0.115584 0.042117 0.002492 0.098216 0.082782 1.000000 0.420289 -0.038448 0.051631 0.036713 0.033678 0.032165 0.056928 0.029981 0.069044 0.134359 0.018339 0.114444 0.067263 0.087040 -0.005328 -0.047949 0.059725 0.021731 -0.028003 0.053758 0.103877 -0.044338 0.011978 0.100093 0.175205 0.184730 0.147689 -0.029129 0.038330 0.088083 -0.036732 
0.040746 0.065774 0.276365 0.047782 0.062423 0.159969 0.050417 0.053713 0.109674 -0.015672 0.043378 0.083278 0.061838 0.027152 0.065544 0.031839 -0.004566 0.078470 0.109574 0.083583 -0.015819 0.124219 0.005283 0.172034 0.045283 0.115428 0.141034 0.188363 0.014732 0.065029 0.055655 0.103831 0.062475 0.024845 0.420289 1.000000 0.049046 0.037979 0.157510 0.012079 0.017238 0.003685 0.010549 -0.010406 -0.040946 -0.040250 -0.050082 -0.046946 0.045676 -0.038637 0.115224 -0.071068 0.062633 -0.032072 0.131043 0.066814 0.205051 -0.007143 -0.038657 0.036918 0.167195 0.187027 0.000431 0.007047 0.074900 0.055930 
-0.024855 0.027055 0.001556 0.104246 0.034312 0.029370 0.081154 -0.012714 -0.010583 0.034902 0.043854 0.100650 0.002175 0.064964 0.056625 0.081520 0.073378 0.005771 -0.001392 -0.095922 0.051718 -0.055072 0.023140 -0.009067 -0.011425 0.078470 -0.119309 0.052754 0.075889 -0.084335 0.013339 0.069331 -0.075758 0.031564 -0.038448 0.049046 1.000000 -0.002053 -0.054136 -0.062955 0.174181 -0.085201 0.462340 0.282528 -0.043162 0.346769 0.021661 0.005452 0.048219 0.017647 0.061327 -0.085054 -0.017637 0.764749 0.043454 0.008368 0.094627 0.669884 0.054688 -0.023575 0.006714 0.087369 0.078165 -0.015122 0.003581 0.079052 
-0.057457 0.043437 -0.038335 0.056332 -0.043892 0.086363 0.020864 0.022996 0.072974 0.166129 0.044323 -0.040874 0.002696 0.061516 -0.009728 0.084828 0.022286 0.050791 -0.059165 -0.015940 0.037120 -0.018131 0.141905 -0.026510 0.113248 -0.040975 0.047588 0.088684 0.073706 -0.010599 -0.062783 0.047186 -0.002887 -0.029746 0.051631 0.037979 -0.002053 1.000000 0.104912 0.265890 0.000295 0.111869 0.069257 -0.007592 0.117143 0.006483 0.054852 0.113278 0.157579 0.429127 -0.069575 0.017702 -0.018666 0.017703 -0.037354 0.296611 -0.065048 0.017599 0.062330 0.034725 0.067344 -0.009265 -0.004519 0.012538 0.538832 -0.043855 
0.034043 0.032823 0.137651 0.005576 0.060088 0.550271 0.089164 0.036557 0.097063 0.099867 0.077688 0.066172 0.068867 0.125640 0.044665 0.092779 0.083926 0.076772 0.041618 0.022373 0.006891 -0.014786 0.106704 0.031320 0.044162 0.081634 0.228510 0.303172 0.091873 0.052461 0.058298 0.173257 0.066101 0.019689 0.036713 0.157510 -0.054136 0.104912 1.000000 0.002780 -0.050996 0.005469 0.061811 0.006251 0.064064 -0.098263 0.082084 -0.027980 0.109906 0.109883 0.047277 0.019337 -0.032298 -0.083298 -0.001426 0.129693 0.075216 -0.011966 0.140543 0.142296 0.256627 0.167549 -0.080184 -0.016463 0.201727 -0.066449 
0.102385 -0.003802 -0.003447 -0.023922 -0.123066 0.055015 0.050196 0.021474 -0.050597 0.193489 -0.064797 -0.067323 -0.022719 -0.079675 0.065918 -0.068571 0.014457 0.049840 0.063979 0.155809 -0.020126 -0.003277 0.019615 -0.080911 0.160662 -0.006480 0.101000 -0.058675 0.025258 0.073533 0.006297 0.003878 0.119083 0.259964 0.033678 0.012079 -0.062955 0.265890 0.002780 1.000000 -0.074878 0.777579 -0.066260 0.039861 -0.084116 0.378149 -0.109579 0.542059 0.102775 0.630211 -0.058334 0.011514 -0.085960 -0.010140 -0.043847 0.134248 -0.068366 -0.080732 -0.006413 0.012051 -0.032124 0.054564 0.160593 -0.031938 0.345288 0.125834 
0.131259 0.081873 0.113956 0.055573 0.005830 -0.087988 0.051812 0.368191 -0.068526 0.118186 0.266121 0.041392 0.079025 0.002614 0.065660 0.067803 0.053386 0.023071 -0.018696 -0.035140 0.047130 0.065372 0.068900 0.057778 0.045778 0.037545 0.065416 0.068222 0.076717 0.050390 0.181152 -0.050634 0.011395 0.328913 0.032165 0.017238 0.174181 0.000295 -0.050996 -0.074878 1.000000 -0.071232 0.283755 0.304537 0.083710 0.126186 0.069748 0.000314 0.093648 -0.006763 0.042445 0.055680 0.133473 0.237944 -0.013216 0.095437 0.009226 0.413854 0.025325 0.033902 0.064837 -0.040113 0.114288 0.198154 -0.032336 0.022741 
0.055692 -0.025081 -0.022510 -0.053430 -0.130781 0.062994 0.044316 -0.008212 -0.110656 0.022853 -0.080747 -0.014607 -0.023176 -0.023958 0.023870 -0.127248 0.022071 0.062154 0.024795 0.128246 -0.050499 0.004250 -0.059165 -0.065110 0.055897 0.023280 0.046771 -0.096040 -0.019635 0.008524 0.052106 -0.068267 0.052740 0.322589 0.056928 0.003685 -0.085201 0.111869 0.005469 0.777579 -0.071232 1.000000 -0.048307 0.041526 -0.110669 0.196139 -0.097469 0.733244 0.019096 0.405143 -0.008048 0.036283 -0.061727 -0.044112 -0.002863 0.028136 -0.012763 -0.068840 -0.054230 0.002116 -0.095722 -0.012623 0.172810 -0.004917 0.303675 0.139208 
0.180030 0.017652 0.023770 0.133604 0.123821 0.021732 0.170112 0.112037 0.070706 0.232475 0.096555 0.090118 0.153644 0.084999 0.175201 0.152700 0.257390 0.012888 0.067359 0.002991 0.118686 0.004544 0.119744 -0.017397 0.100698 0.096386 -0.007899 0.136166 0.104366 0.094798 0.184089 0.058657 0.072893 0.187296 0.029981 0.010549 0.462340 0.069257 0.061811 -0.066260 0.283755 -0.048307 1.000000 0.220974 -0.029356 0.238772 0.062587 0.091873 0.003096 0.067347 0.052037 -0.035614 0.063245 0.515629 0.062169 0.094838 0.077957 0.836581 0.110783 0.043100 0.166282 0.067409 0.282918 0.124801 0.000139 0.267560 
0.118549 0.084399 -0.015258 0.012414 0.035558 -0.001395 -0.013549 0.118373 -0.000274 0.030850 0.233675 0.052141 0.066885 -0.009313 0.135766 -0.049133 0.013784 0.035784 0.048796 0.045325 0.055943 -0.062691 -0.052050 -0.046210 0.025975 0.083825 -0.054173 -0.093284 0.013155 0.057188 0.045476 -0.039646 0.021983 0.228885 0.069044 -0.010406 0.282528 -0.007592 0.006251 0.039861 0.304537 0.041526 0.220974 1.000000 0.129558 0.473681 0.086873 0.142857 -0.019618 0.077975 0.028577 0.090583 0.067909 0.495536 0.056573 -0.101899 0.075238 0.336129 0.146501 0.060983 -0.057601 0.056220 0.128693 -0.012015 0.002591 0.096600 
0.097737 0.271465 0.074110 0.025229 -0.062372 0.025235 0.054768 0.144690 0.057849 0.038184 0.119044 0.051632 0.129397 0.139048 0.135948 0.031009 0.084355 0.101609 0.137553 0.123413 0.078935 0.011340 0.058508 0.037470 0.007836 0.023410 0.125550 0.005920 0.076032 0.026751 0.064952 -0.040953 0.005356 0.036187 0.134359 -0.040946 -0.043162 0.117143 0.064064 -0.084116 0.083710 -0.110669 -0.029356 0.129558 1.000000 -0.009397 0.599523 -0.017523 0.091215 -0.018445 -0.055928 0.542069 0.065591 -0.000007 -0.048915 0.053120 -0.032133 -0.003055 0.382654 -0.025546 -0.000682 0.022517 -0.036117 -0.001743 0.015910 -0.062857 
0.156156 -0.006013 -0.011514 -0.017069 -0.050395 -0.036411 -0.011968 0.027679 -0.041510 0.126611 -0.009437 -0.016201 -0.011474 -0.052938 0.087298 0.071266 0.044322 -0.036092 0.046754 0.069716 -0.007274 -0.022245 0.033207 -0.063538 0.026591 0.003667 0.020470 -0.051529 0.125811 0.082809 0.116037 0.071208 0.076316 0.258222 0.018339 -0.040250 0.346769 0.006483 -0.098263 0.378149 0.126186 0.196139 0.238772 0.473681 -0.009397 1.000000 -0.021793 0.260800 0.122965 0.130153 -0.052459 -0.003646 -0.032664 0.588128 0.020115 0.042895 0.014252 0.303704 0.055263 0.040950 0.001278 0.064035 0.215960 -0.001224 0.025677 0.226769 
-0.009035 0.226352 -0.020487 0.037199 -0.019880 0.056128 -0.024518 0.080468 -0.012303 0.050270 0.100023 0.259890 0.058086 0.568855 -0.012428 0.067962 0.058370 0.064367 0.158464 0.019149 0.089439 -0.033413 0.059186 0.015968 -0.010644 0.226792 0.024331 -0.065473 0.125551 -0.040544 -0.017035 -0.049529 -0.065412 -0.011525 0.114444 -0.050082 0.021661 0.054852 0.082084 -0.109579 0.069748 -0.097469 0.062587 0.086873 0.599523 -0.021793 1.000000 -0.036323 0.034373 0.013602 0.030823 0.204614 -0.031933 0.044266 -0.009779 0.043572 -0.014404 0.078590 0.356504 -0.001602 0.002465 0.023962 -0.017013 -0.025961 0.045168 -0.041461 
0.132141 0.011806 -0.019628 0.013900 -0.058672 0.020773 0.079394 0.028907 -0.073359 0.029934 0.013128 -0.013074 0.043582 -0.028276 0.093413 -0.087336 0.133231 0.037010 0.058720 0.129544 0.033080 0.038218 -0.020680 -0.019713 0.075143 0.009701 0.049895 -0.054262 0.022187 0.056689 0.062315 0.002060 0.108469 0.328680 0.067263 -0.046946 0.005452 0.113278 -0.027980 0.542059 0.000314 0.733244 0.091873 0.142857 -0.017523 0.260800 -0.036323 1.000000 0.050311 0.274094 -0.035124 0.170278 -0.025443 0.080579 -0.017972 0.075383 -0.023720 0.085731 0.031776 0.009901 -0.034632 0.016536 0.406821 -0.021298 0.375325 0.281399 
-0.004236 0.089524 0.082266 0.056199 -0.090391 0.034183 0.101960 0.005902 0.000982 0.276482 0.074412 -0.036892 0.104856 0.016472 -0.024248 0.506410 0.083396 0.125966 -0.040701 -0.017355 0.067843 0.047453 0.416541 0.124297 0.119141 -0.170372 0.012482 0.129056 0.149121 0.003742 0.049109 0.075378 0.028739 0.097309 0.087040 0.045676 0.048219 0.157579 0.109906 0.102775 0.093648 0.019096 0.003096 -0.019618 0.091215 0.122965 0.034373 0.050311 1.000000 0.129162 -0.083715 0.031863 -0.019159 0.035918 0.073566 0.672109 0.096658 0.016385 -0.000120 0.090404 0.303704 0.070340 0.085991 0.153815 0.127083 0.077297 
-0.012835 0.077452 -0.056885 0.026102 0.013456 0.069022 0.062738 0.018404 0.015025 0.305480 0.012938 -0.027967 -0.034359 -0.035501 0.021898 -0.035127 0.071890 0.048123 0.040997 0.053500 0.012464 -0.066023 0.035806 -0.055778 0.164848 0.034884 0.109866 0.023843 0.095783 0.000333 -0.120192 0.050681 0.068566 0.142263 -0.005328 -0.038637 0.017647 0.429127 0.109883 0.630211 -0.006763 0.405143 0.067347 0.077975 -0.018445 0.130153 0.013602 0.274094 0.129162 1.000000 -0.043781 0.102956 -0.025852 0.019350 -0.087322 0.143596 -0.087589 0.040631 0.039072 0.094354 0.108310 0.098806 0.073670 -0.036534 0.372593 0.042040 
0.016299 0.113476 0.142109 -0.102918 0.079236 0.074401 0.053643 -0.038059 0.046069 -0.060400 0.022941 0.141722 0.031738 0.121318 0.007464 -0.034618 0.067212 0.129442 0.073099 0.032777 -0.044389 0.085809 -0.051341 0.063211 -0.151109 0.378326 0.052980 0.064906 0.026489 0.041518 0.008512 -0.001106 0.043417 0.027191 -0.047949 0.115224 0.061327 -0.069575 0.047277 -0.058334 0.042445 -0.008048 0.052037 0.028577 -0.055928 -0.052459 0.030823 -0.035124 -0.083715 -0.043781 1.000000 -0.090904 0.355613 0.047094 0.130654 -0.103493 0.479022 0.045454 0.007219 0.011735 -0.036948 0.071328 0.102257 -0.017066 0.020955 0.172804 
0.158076 0.109530 0.011135 0.006671 -0.053326 0.063851 0.113742 0.134025 0.004278 0.020466 0.039418 -0.004511 0.117613 0.014553 0.155761 -0.030485 0.124723 0.031864 0.102132 0.072035 0.029202 0.104677 -0.007536 0.034129 0.023390 -0.009000 0.076511 -0.001523 0.036359 0.086995 0.047878 0.070218 0.088801 0.208178 0.059725 -0.071068 -0.085054 0.017702 0.019337 0.011514 0.055680 0.036283 -0.035614 0.090583 0.542069 -0.003646 0.204614 0.170278 0.031863 0.102956 -0.090904 1.000000 0.256258 -0.052472 -0.066482 -0.008197 -0.053800 -0.016270 0.229715 -0.034279 0.039546 -0.006432 0.127873 0.037909 0.047346 0.083328 
0.165848 0.076500 0.086301 -0.038841 0.124164 -0.020589 0.121838 0.041561 0.053226 0.028446 0.095275 0.160380 0.070346 0.047084 0.113104 -0.035982 0.166906 -0.018985 0.119778 0.106515 -0.013118 0.064644 -0.044038 0.064023 -0.020580 0.235631 0.184196 0.058667 0.067765 0.101455 0.042785 0.097196 0.091404 0.298249 0.021731 0.062633 -0.017637 -0.018666 -0.032298 -0.085960 0.133473 -0.061727 0.063245 0.067909 0.065591 -0.032664 -0.031933 -0.025443 -0.019159 -0.025852 0.355613 0.256258 1.000000 -0.004379 -0.022272 -0.038147 0.035204 0.028411 -0.049070 0.093465 0.014540 -0.023877 0.101838 0.132560 0.039558 0.114010 
0.064125 0.043007 0.009265 0.069954 0.000859 -0.034843 -0.008565 0.055874 -0.038159 0.043086 0.079600 0.048188 0.018068 0.019040 0.051569 0.094582 0.038831 0.015912 -0.014114 -0.033653 0.076250 -0.055993 -0.006309 -0.051299 -0.038296 0.060414 -0.092575 0.006380 0.116899 -0.013823 0.130469 0.015998 -0.029841 0.094236 -0.028003 -0.032072 0.764749 0.017703 -0.083298 -0.010140 0.237944 -0.044112 0.515629 0.495536 -0.000007 0.588128 0.044266 0.080579 0.035918 0.019350 0.047094 -0.052472 -0.004379 1.000000 0.066653 -0.034949 0.098849 0.671509 0.120216 -0.004957 -0.006816 0.030748 0.140501 0.025094 -0.008184 0.133644 
0.135150 0.068242 0.076624 -0.037020 -0.023930 0.047400 -0.002788 0.022644 0.001980 0.034572 0.070510 0.056883 0.074129 0.023665 0.005937 0.013353 -0.045871 0.027785 0.076441 0.053551 -0.001633 0.319935 0.086817 0.224398 0.021601 -0.069397 0.154402 0.079983 0.063319 0.138624 0.264200 -0.006559 0.176996 0.016300 0.053758 0.131043 0.043454 -0.037354 -0.001426 -0.043847 -0.013216 -0.002863 0.062169 0.056573 -0.048915 0.020115 -0.009779 -0.017972 0.073566 -0.087322 0.130654 -0.066482 -0.022272 0.066653 1.000000 0.031213 0.735161 0.020527 -0.016394 0.166313 0.111078 0.132594 0.236099 0.239936 -0.005029 0.410946 
0.048685 0.016407 0.051699 0.109752 0.079439 0.081093 0.179187 0.059827 0.136505 0.216717 0.069641 -0.018136 0.179887 0.054908 0.037377 0.378458 0.184899 0.081842 -0.032945 -0.045185 0.112962 0.030086 0.654140 0.056756 0.079038 -0.070606 0.035394 0.159381 0.044480 0.044377 0.054234 0.124723 0.053058 0.006380 0.103877 0.066814 0.008368 0.296611 0.129693 0.134248 0.095437 0.028136 0.094838 -0.101899 0.053120 0.042895 0.043572 0.075383 0.672109 0.143596 -0.103493 -0.008197 -0.038147 -0.034949 0.031213 1.000000 0.038001 0.052121 -0.038893 0.058834 0.193792 0.020212 0.015463 0.022400 0.163559 0.006975 
0.093634 0.138456 0.202742 -0.045444 0.031849 0.050677 0.004139 -0.053088 0.039262 -0.022671 0.058252 0.032262 0.085349 0.003700 0.028144 -0.002228 0.004154 0.109008 0.032987 0.000779 -0.020019 0.280752 0.039397 0.307727 -0.058884 0.048122 0.104053 0.130502 0.028727 0.109767 0.133879 0.050745 0.163842 -0.038155 -0.044338 0.205051 0.094627 -0.065048 0.075216 -0.068366 0.009226 -0.012763 0.077957 0.075238 -0.032133 0.014252 -0.014404 -0.023720 0.096658 -0.087589 0.479022 -0.053800 0.035204 0.098849 0.735161 0.038001 1.000000 0.042174 0.030772 0.107041 0.071777 0.097844 0.248641 0.076604 0.028368 0.466153 
0.126672 0.035303 0.021526 0.180400 0.070606 -0.029024 0.122158 0.170530 0.032895 0.176051 0.154303 0.131473 0.123465 0.129376 0.155211 0.152219 0.175989 0.005202 0.040324 -0.065568 0.136769 -0.030995 0.109697 -0.038691 0.099769 0.127045 -0.071379 0.045812 0.093657 0.041726 0.147514 -0.007937 0.016001 0.194823 0.011978 -0.007143 0.669884 0.017599 -0.011966 -0.080732 0.413854 -0.068840 0.836581 0.336129 -0.003055 0.303704 0.078590 0.085731 0.016385 0.040631 0.045454 -0.016270 0.028411 0.671509 0.020527 0.052121 0.042174 1.000000 0.104934 -0.022661 0.070923 0.022564 0.237974 0.080131 -0.057341 0.194365 
-0.005106 0.152547 0.020425 0.000404 -0.007698 0.142764 0.012376 -0.014142 0.181217 0.032285 0.050502 0.015909 0.062389 0.172492 0.074199 -0.021333 0.033010 0.167528 -0.013212 0.126457 0.031823 -0.047082 -0.034490 -0.057066 -0.027380 0.175588 0.067605 -0.048451 0.038077 -0.018468 -0.021343 0.020300 0.000723 0.053511 0.100093 -0.038657 0.054688 0.062330 0.140543 -0.006413 0.025325 -0.054230 0.110783 0.146501 0.382654 0.055263 0.356504 0.031776 -0.000120 0.039072 0.007219 0.229715 -0.049070 0.120216 -0.016394 -0.038893 0.030772 0.104934 1.000000 0.002753 0.005484 0.071187 0.144726 -0.013087 0.082631 0.112595 
0.066585 0.029238 -0.031136 0.031889 -0.055759 0.089860 0.080675 0.051206 0.049203 -0.008060 0.029036 0.089186 0.092809 0.000257 0.067414 -0.058400 0.086762 -0.012060 0.115170 0.085629 0.018690 -0.006004 -0.049045 -0.051083 0.010497 0.019124 0.077078 0.112379 -0.021052 0.079479 -0.001471 0.028077 0.102455 0.079959 0.175205 0.036918 -0.023575 0.034725 0.142296 0.012051 0.033902 0.002116 0.043100 0.060983 -0.025546 0.040950 -0.001602 0.009901 0.090404 0.094354 0.011735 -0.034279 0.093465 -0.004957 0.166313 0.058834 0.107041 -0.022661 0.002753 1.000000 0.376961 0.288891 -0.003109 0.019631 0.124239 0.010057 
0.013965 0.068559 0.078258 0.060693 0.013614 0.272792 0.092609 0.009882 0.084369 0.259280 -0.011962 0.007752 0.058556 0.003378 0.034707 0.241606 0.071327 0.013558 0.023014 0.010556 0.003091 0.083319 0.190331 0.052414 0.112405 -0.036505 0.118754 0.510577 0.103049 0.011754 0.056683 0.147061 0.057387 0.048121 0.184730 0.167195 0.006714 0.067344 0.256627 -0.032124 0.064837 -0.095722 0.166282 -0.057601 -0.000682 0.001278 0.002465 -0.034632 0.303704 0.108310 -0.036948 0.039546 0.014540 -0.006816 0.111078 0.193792 0.071777 0.070923 0.005484 0.376961 1.000000 0.182893 0.034062 0.049237 0.116831 0.066721 
0.032788 0.073970 0.049566 0.038437 0.029384 0.140884 0.042254 0.086760 0.094336 0.066273 0.063313 0.059828 0.099890 0.070327 0.011951 0.015223 0.087128 0.067296 0.055723 0.075627 0.075299 0.132810 -0.026328 0.095993 -0.000646 -0.018898 0.177862 0.099829 0.140664 0.082857 0.059164 0.105673 0.055508 0.032166 0.147689 0.187027 0.087369 -0.009265 0.167549 0.054564 -0.040113 -0.012623 0.067409 0.056220 0.022517 0.064035 0.023962 0.016536 0.070340 0.098806 0.071328 -0.006432 -0.023877 0.030748 0.132594 0.020212 0.097844 0.022564 0.071187 0.288891 0.182893 1.000000 0.011126 0.059260 0.034006 -0.009994 
0.288560 0.058351 0.079648 0.108433 0.045479 -0.083155 0.087353 0.056010 0.072800 0.134670 0.079404 0.021243 0.131686 -0.004921 0.229362 0.036527 0.194765 0.034888 0.045082 0.027697 0.105362 0.230992 0.076187 0.179331 0.177813 0.033393 0.093716 0.003395 0.008760 0.264128 0.193688 0.145629 0.319686 0.429581 -0.029129 0.000431 0.078165 -0.004519 -0.080184 0.160593 0.114288 0.172810 0.282918 0.128693 -0.036117 0.215960 -0.017013 0.406821 0.085991 0.073670 0.102257 0.127873 0.101838 0.140501 0.236099 0.015463 0.248641 0.237974 0.144726 -0.003109 0.034062 0.011126 1.000000 0.388558 0.097459 0.850802 
0.187697 0.003292 0.026317 0.011407 0.062096 -0.071721 0.050694 0.183076 0.001693 0.151902 0.098499 0.060331 0.020413 0.001989 0.026959 0.024410 0.084017 0.005947 0.066792 0.032102 -0.014144 0.222288 0.075564 0.091490 0.186210 -0.052538 0.063133 0.025905 0.048331 0.121859 0.260333 0.017463 0.129755 0.266452 0.038330 0.007047 -0.015122 0.012538 -0.016463 -0.031938 0.198154 -0.004917 0.124801 -0.012015 -0.001743 -0.001224 -0.025961 -0.021298 0.153815 -0.036534 -0.017066 0.037909 0.132560 0.025094 0.239936 0.022400 0.076604 0.080131 -0.013087 0.019631 0.049237 0.059260 0.388558 1.000000 0.004615 0.377006 
-0.038784 0.084465 0.014766 0.051278 -0.025437 0.245256 0.094091 -0.018802 -0.042219 0.094525 0.007505 -0.004259 0.003955 0.037196 -0.092025 0.047621 0.140736 0.058804 0.014592 0.026579 0.025810 0.032394 0.092370 0.086227 0.089707 0.046975 0.164485 0.104824 0.076671 -0.055950 -0.019681 0.093097 0.002516 0.028085 0.088083 0.074900 0.003581 0.538832 0.201727 0.345288 -0.032336 0.303675 0.000139 0.002591 0.015910 0.025677 0.045168 0.375325 0.127083 0.372593 0.020955 0.047346 0.039558 -0.008184 -0.005029 0.163559 0.028368 -0.057341 0.082631 0.124239 0.116831 0.034006 0.097459 0.004615 1.000000 0.084966 
