0.000000000000000000e+00 1.299460726267116784e-02 2.485249359719330503e-02 1.968245113704026050e-01 5.419360312401839963e-02 6.481136306809223702e-02 4.420269956513889209e-01 5.650420947704029029e-01 4.066196307259852261e-01 1.723742664956200155e-01 2.899786395530494221e-01 1.538061386525161611e-01 4.495601849287321761e-01 7.971347184081228887e-02 7.594391242309626033e-01 4.747902670907336309e-02 2.986291864058681078e-01 3.965751926139231276e-02 3.624210025312331607e-01 3.090737279710514818e-01 2.299462735278460512e-01 4.958147180706603541e-01 6.501996590707805924e-03 2.607888951894545837e-01 3.522958567973982769e-01 1.396183376920927810e-01 3.952921116525149325e-01 4.634132664659732642e-02 2.258686237159997778e-01 7.846549079423708051e-01 6.590366514144412324e-01 2.659537939077163404e-01 7.302363812397256737e-01 5.132224482516607456e-01 1.942947603669062731e-02 1.002301971134545236e-02 1.811119823261097828e-01 4.731178446184747949e-02 1.306482948212251555e-02 3.927279966422343449e-01 2.631618302119005937e-01 3.202604707669692852e-01 3.933540297761995985e-01 1.920793310461290648e-01 2.479987189838558093e-01 3.868759660817695512e-01 2.109779163817668557e-01 3.819005771648892877e-01 6.056043733286810282e-02 2.371244245040085574e-01 4.609281234028596297e-02 2.553679277527319824e-01 2.530549885929015974e-01 2.296425741003898513e-01 3.027808276693495504e-01 1.198242251255717400e-01 2.884832636228753522e-01 3.197373593417299764e-01 1.200341334781610120e-01 1.822394813644261924e-01 1.500790364645500190e-02 2.062527792744691113e-01 5.872215904899364958e-01 4.294360693974442755e-01 2.121382120093883439e-01 5.273676629458785570e-01 
1.299460726267116784e-02 0.000000000000000000e+00 4.632871790415639679e-01 1.562518410768182764e-01 1.452464277108432844e-01 7.404092609519571933e-02 5.803757162946013987e-02 4.502925962696673751e-02 6.344958839703089548e-02 8.696644187693024219e-02 3.971535855327159442e-02 2.374283348085419743e-01 3.010954838320381230e-02 1.996248413859378623e-01 5.409878182072797720e-03 8.950273042153319980e-02 1.331127951681206623e-01 3.756276367887902146e-02 1.346629704180295206e-01 6.284597411733369721e-02 1.109740051939980543e-01 7.741872501677002361e-02 2.457050782677328571e-01 7.360862222490817397e-02 1.686049192058854673e-01 8.149572691031410632e-02 1.618407120253745890e-01 3.037702427710303743e-01 2.026234102204020893e-01 1.656072291027167048e-02 2.888122670629766214e-02 8.335642217584547653e-02 1.460144452128171212e-02 2.182049371091026452e-02 4.549470513725591969e-01 5.945833614706243914e-02 8.409586761572830638e-02 1.566076507470295920e-01 3.638135466789720746e-02 4.506108423117705791e-02 2.844900500213044109e-02 5.272183583753002611e-02 1.044968015113498100e-01 4.142712227612769388e-02 2.668751292059442504e-01 3.330956249032134692e-02 2.210023924249801819e-01 4.688980646451794410e-02 1.507802334120695864e-01 6.883972059243313735e-02 2.836344516630622259e-01 1.953893158294766064e-01 2.398723893699237497e-01 4.200842475969127077e-02 1.029054246726355260e-01 8.109813644112380537e-02 1.961041246957908601e-01 1.217042722264325416e-01 4.674375624135940904e-02 6.925663052941288811e-02 2.435763568527618272e-01 6.983312302192326571e-02 5.788739379483433256e-02 5.022438112170455465e-02 1.191736058619822791e-01 1.019153743445161825e-01 
2.485249359719330503e-02 4.632871790415639679e-01 0.000000000000000000e+00 3.992559293500483331e-02 2.881669412852550516e-01 2.532355028875466485e-01 1.151918709835184421e-02 8.547031402035849823e-02 1.947664431145011144e-01 1.432315129224240868e-01 1.215711290104369048e-02 9.240682038641057083e-02 3.621594464889772019e-02 8.446127581791741668e-02 3.349191812748687075e-02 1.237701363419433515e-01 2.917019864905035301e-02 1.068200457119013597e-01 2.834762187736997174e-02 8.086554828738348744e-02 5.091609417875857940e-02 8.200337053795272307e-03 3.467554184282933272e-01 3.452645534965945728e-01 3.440834087068131431e-02 1.408023282782485536e-02 6.866473943126595592e-02 8.763461957599508190e-02 1.590685423341426652e-01 3.131542770528503161e-02 4.389416106999835532e-02 2.203741588499518733e-01 3.687682566314569310e-02 7.247906307292820149e-02 5.267264404835277775e-02 3.984977439126473620e-01 5.016665163988891923e-02 8.989754520202225541e-02 4.147939261941477329e-02 2.763288802080911960e-02 9.700156431608983332e-02 3.247007807804444535e-02 2.896575996317627202e-02 4.789857196781492632e-02 1.898514378634905686e-01 2.524523115062855122e-02 1.402084504631857798e-01 2.818554840758728461e-02 6.094533537934493893e-03 7.771475406317636392e-02 2.188792932218321385e-01 1.617265324336512322e-01 1.475831950737886422e-01 1.993194640345769333e-02 9.866446440674847551e-02 6.374423915412365249e-02 1.755430098616367618e-01 1.903372048920426440e-02 1.896962938855275282e-01 8.665764976035925105e-02 1.204260418520742421e-01 1.665078451067697474e-01 3.003683384699474060e-02 6.373239749837424084e-02 1.009858660559715959e-01 8.887866892218075632e-02 
1.968245113704026050e-01 1.562518410768182764e-01 3.992559293500483331e-02 0.000000000000000000e+00 1.482123556029245684e-02 6.084561930637739230e-02 1.101851644223368898e-01 3.928140303632688957e-01 1.282743086022059831e-01 3.138166957507870780e-01 3.370131286209010479e-01 1.253615293191392144e-01 4.439127773938139065e-01 1.581719983895561177e-01 2.277055585208918598e-01 6.255049413116887426e-03 6.318091154422146583e-03 2.686600984269197495e-02 5.372168264702113609e-03 6.113179170998601919e-02 8.410222634531770991e-01 5.304898484408710618e-02 5.766674930899454155e-02 5.765872497751638182e-02 6.793826241313322134e-01 5.788069422284929100e-02 1.777529762931701063e-01 1.751922344279154276e-01 4.170445770072685882e-02 1.435361454841817264e-01 9.034906502851935972e-02 3.706631241799536458e-02 1.942935329848153869e-01 9.744261511954327437e-02 1.602650806425973962e-01 8.084367266883615843e-02 2.984667332528406769e-01 5.644544904356872672e-02 5.385743194619212887e-02 1.530462370715735543e-01 6.166820583331560079e-02 1.561852534880581178e-01 1.901473514596326853e-01 7.788441569232484873e-02 1.210789305506518032e-01 5.451047264772374695e-02 1.735987306900103611e-01 9.629287231804890823e-02 5.411095216295653404e-02 1.330701507470689049e-01 4.125031065961211330e-02 9.002861788639864027e-02 4.380203400914525064e-02 2.659316586583626574e-01 1.094027194914083401e-01 1.118681630682331618e-01 1.034024804746257326e-01 2.060193323683028876e-01 3.735264773744571137e-02 1.071682644968161985e-01 1.812478521212616267e-01 3.901274557423815847e-02 1.532662170120534795e-01 1.368851331247786518e-01 1.266002525827922276e-01 1.594055719998696830e-01 
5.419360312401839963e-02 1.452464277108432844e-01 2.881669412852550516e-01 1.482123556029245684e-02 0.000000000000000000e+00 2.496846039684735008e-01 2.763271531883459420e-01 6.220430310561545634e-02 4.770538037111814456e-01 2.348840244552145851e-01 6.524474447677740263e-02 2.934430325417201613e-01 8.329924772793298460e-02 9.214551857230343646e-02 7.291178922812355245e-02 1.994147303313892061e-01 4.768973529448342075e-01 5.364177499738338739e-02 6.172990399389126359e-02 1.152708026265658880e-01 2.773276982455616033e-02 2.326302641837402901e-02 3.650991391571449807e-01 2.566014175637482131e-01 8.665780266609839078e-02 2.994934412914951882e-01 4.477837503867009711e-02 2.348600633940204629e-01 4.900501673734481561e-02 2.235636097506045195e-01 6.281438877826486800e-02 5.437074099189592724e-01 1.950792493769502867e-01 9.308523974530061307e-02 2.113729746667527554e-01 7.132577938672084172e-02 3.111344035276497264e-03 8.652751291032804992e-02 1.227280801136263616e-01 1.302935858710101702e-01 4.238041072553907357e-02 9.909100383749215590e-02 2.234516965724499538e-01 4.563847015869260115e-02 4.190468031607899602e-02 6.776920413974850399e-02 9.891252632676032774e-02 1.071012271526672749e-01 1.090952145738676715e-01 1.786802921802878585e-01 1.423608138972420611e-01 1.259691050497417919e-01 4.277422911773702541e-02 2.311984856518646200e-02 9.806185220464433416e-02 2.408247171004941622e-01 1.569947581023103667e-01 9.069099957781254218e-02 1.575405240133176121e-01 4.106797687439218969e-02 9.830156503011028279e-02 9.974478316213904183e-02 1.699375520890457625e-01 7.158234341897852515e-02 4.568418188585008505e-02 2.408908111613472236e-01 
6.481136306809223702e-02 7.404092609519571933e-02 2.532355028875466485e-01 6.084561930637739230e-02 2.496846039684735008e-01 0.000000000000000000e+00 1.265103358218375440e-01 4.487286291013539707e-02 2.666764063203455604e-01 1.565524056903646044e-01 1.377326900835910799e-02 1.835217001249822566e-01 1.020757407066823393e-02 2.734819992227451313e-01 1.267658457914449741e-02 1.170229368612730469e-01 1.092317682113455590e-01 1.815293034748344247e-01 2.152160709137305172e-01 9.801150783311529668e-02 1.663254024546683904e-02 1.980855140412806081e-01 1.859704922824541862e-01 2.686044029816833656e-01 1.157790541220405367e-01 3.517658427388065667e-01 3.261127521106816363e-01 4.079151218718525262e-01 1.084882345931389158e-01 7.858761716160334032e-02 1.438736833588704633e-01 4.235992125133364317e-01 7.252120708683840178e-02 2.063838998281720266e-02 2.558140114267934417e-02 4.004172624308196399e-02 3.928552163862801538e-02 1.483853101320284362e-01 5.373073171067247467e-01 7.598011028014114987e-02 2.718677010085622514e-02 7.521299613107648718e-02 4.994694744496616656e-02 4.743585558870336283e-02 1.497248489191492782e-01 7.041282851308912349e-02 2.004524174619365384e-01 6.965457882295683634e-02 9.622522905882743838e-02 1.006658334454153536e-01 1.149736012752432118e-01 2.162580651367645712e-01 3.094173634486096364e-02 3.816464721720466691e-02 1.700774661759064943e-02 9.959482986377503344e-02 4.131060098789816892e-02 3.253288641859678615e-02 3.393498538554162725e-01 2.294884091901396028e-01 3.872590112826976849e-01 1.116143323543467569e-01 2.259150671793650617e-02 3.432228152776500840e-02 3.489446407126937100e-01 3.660514312965001266e-02 
4.420269956513889209e-01 5.803757162946013987e-02 1.151918709835184421e-02 1.101851644223368898e-01 2.763271531883459420e-01 1.265103358218375440e-01 0.000000000000000000e+00 2.553805199166948037e-01 5.751073751975970261e-01 1.040342839414445802e-01 3.166569699250789682e-01 6.098202248176840673e-02 6.137951543900949103e-01 4.594730885039609997e-02 4.388501004794025384e-01 1.511337637072680540e-01 6.806071849212962377e-01 3.973133082065122973e-02 2.292564403173047993e-01 1.118450380676241918e-01 2.184703424268281124e-01 8.757796671045363357e-02 1.502291821499832092e-01 3.741671340602493318e-02 7.608635299389494844e-02 2.347043567441439021e-02 1.255561702340989017e-02 2.249770550245694389e-01 9.163181708386668178e-02 3.380998311846656335e-01 1.323423141391084079e-01 4.217218486786808995e-01 3.933626513434605454e-01 3.232445408567489742e-01 1.377159763914578665e-02 1.307272889161772457e-02 1.510267902880153279e-01 8.160649747126583198e-02 6.784472140140722363e-02 3.325171429994860373e-01 1.562042123998269028e-01 3.037992806110134669e-01 3.687496363733724913e-01 1.329081568467621044e-01 1.699481811352372140e-01 2.328806144287381974e-01 1.267022694023083040e-01 2.876407378627547362e-01 1.166926334335517679e-01 2.296707921785157425e-01 7.293631134171936481e-02 2.074920431051804348e-01 9.881382355400694650e-02 1.594853452125026549e-01 1.687904425526238206e-01 1.758716196800597931e-01 2.138435770712581452e-01 2.919018322369129614e-01 1.679708990159221316e-01 1.204924404588421094e-01 1.072134427070782353e-01 1.824375879696552016e-01 3.804736498273915690e-01 1.973527625535493046e-01 2.010123438179070854e-01 3.781720585046376981e-01 
5.650420947704029029e-01 4.502925962696673751e-02 8.547031402035849823e-02 3.928140303632688957e-01 6.220430310561545634e-02 4.487286291013539707e-02 2.553805199166948037e-01 0.000000000000000000e+00 2.078005781131992968e-01 1.716820837951096024e-01 5.782880606302538418e-01 1.753493582692884634e-01 3.763862465954637693e-01 8.568473463827377956e-02 5.018203450158821299e-01 7.311461684326509523e-03 1.408857741266388020e-01 1.541909292830170031e-01 2.874329353838647183e-01 3.068793996042646355e-01 4.013223545085344290e-01 1.653003016726991847e-01 1.695056087100230841e-02 5.815736158544578677e-02 5.076310684575644494e-01 1.090229015471634033e-01 3.354048171281936996e-01 2.995314504095517721e-02 1.664771163364207884e-01 4.024344581478843108e-01 4.593607965516880443e-01 1.179820765155010498e-01 3.239039534562886402e-01 5.293071229483669038e-01 2.487539947617114708e-02 7.812027251251797699e-02 2.894902460543116729e-02 5.102811252813204551e-02 8.747924759589927046e-02 2.936404424402073166e-01 4.698614311003252997e-01 2.724536432357892446e-01 1.477898843184713706e-01 2.556372587891820314e-01 2.590468037661132206e-01 2.405168970425327346e-01 2.134370301160251338e-01 2.882844015380066072e-01 4.485047786891911692e-02 1.425207835100667786e-01 1.342189527926288539e-01 2.552923661258680865e-01 2.590274052992623255e-01 1.296326663429917536e-01 1.392819031895335125e-01 3.239469094521194720e-02 8.294901357082784532e-02 2.162888987938766383e-01 8.728579199383422471e-02 9.738795657818059837e-02 4.236981700183874155e-02 2.264984559380883722e-01 3.886970296448469808e-01 3.807413040036652929e-01 1.134550307196343921e-01 2.480554498893405013e-01 
4.066196307259852261e-01 6.344958839703089548e-02 1.947664431145011144e-01 1.282743086022059831e-01 4.770538037111814456e-01 2.666764063203455604e-01 5.751073751975970261e-01 2.078005781131992968e-01 0.000000000000000000e+00 7.812340571216409846e-02 2.416476918421844311e-01 9.992075209149003934e-02 4.307009828038507182e-01 2.279476650763703760e-02 5.406603820399564775e-01 1.148831970586015605e-01 3.918632302915974752e-01 6.415670469279352583e-02 2.094414609857343790e-02 4.159299690794283910e-02 1.965592082427516374e-01 6.058272068078193046e-02 2.078068798866637701e-01 1.190936344919037299e-01 1.097292789035791416e-01 1.578540828226991655e-01 4.589415718021023355e-02 2.347627469354668650e-01 8.111742173052034419e-03 4.203078652736895182e-01 1.081353734493225582e-01 6.212935162505903719e-01 4.370739614842379939e-01 2.823175281801607595e-01 1.080660949220226680e-01 3.919937071946302115e-02 1.687521849546136654e-01 2.146902193568874309e-02 1.387722407103929578e-01 3.207292703561813174e-01 8.678966775235114062e-02 2.838212327051710671e-01 3.217204390109790757e-01 1.410504393103300391e-01 2.188778087353894231e-01 2.572325412736404249e-01 1.925849041078871449e-01 3.050809378797963434e-01 1.130794746384112121e-01 1.905577930480104876e-01 9.817443585278878837e-02 2.192878118398919329e-01 5.771839749415242499e-02 1.797007881385746519e-01 1.107470150045973128e-01 2.155739865204553962e-01 1.987629065987650545e-01 2.481107265110433779e-01 2.795863530838277322e-01 1.046982263539472519e-01 1.274099250321664156e-01 1.222910810005923277e-01 3.779834383610427007e-01 9.825901177910024986e-02 8.229220299584555365e-02 3.891023580035923302e-01 
1.723742664956200155e-01 8.696644187693024219e-02 1.432315129224240868e-01 3.138166957507870780e-01 2.348840244552145851e-01 1.565524056903646044e-01 1.040342839414445802e-01 1.716820837951096024e-01 7.812340571216409846e-02 0.000000000000000000e+00 7.116842095830490378e-02 2.897229912778319372e-02 8.766395025825962639e-02 1.289069427845118410e-01 9.280073974723621055e-02 5.557819418289910995e-01 2.554524667055080300e-01 3.787732811041268771e-02 1.579297746280903733e-02 6.423999067711244626e-02 2.528661639245373682e-01 2.869017520998141113e-01 5.288517635101714909e-01 4.184929466012596855e-01 6.808996650025161967e-01 1.209023711569085814e-02 2.324677312654477024e-01 3.157858885491484080e-01 3.553690091020097475e-01 1.457620455817745520e-01 1.893093431678132266e-01 9.257733424978195624e-02 1.556094751391662867e-01 1.497577819415307210e-01 8.120150023118305471e-02 5.171210865271055890e-02 7.161213602375408882e-02 2.429588786053906990e-01 4.795916923926563796e-02 2.935789182198598191e-01 5.095856696699516825e-02 1.556605726330396733e-01 3.123647243292698716e-01 1.309212331724928825e-02 8.931507987650362523e-02 2.320240695396651454e-01 1.334527118282095026e-01 1.454045596188817679e-01 4.070883292020607835e-01 3.927921370119002997e-01 2.832527776329599178e-02 1.121122646755208646e-01 1.100439062171485460e-01 5.759184824714238399e-02 1.515968633706669400e-01 4.007145462439174466e-01 6.923806284648978404e-02 2.199112556379175243e-01 2.597364052554517605e-02 1.058810426530950588e-01 3.067039109644175143e-01 1.673981972053760203e-01 2.276529130034134762e-01 2.862224315087159021e-01 1.741398933606266020e-01 2.466526391784995553e-01 
2.899786395530494221e-01 3.971535855327159442e-02 1.215711290104369048e-02 3.370131286209010479e-01 6.524474447677740263e-02 1.377326900835910799e-02 3.166569699250789682e-01 5.782880606302538418e-01 2.416476918421844311e-01 7.116842095830490378e-02 0.000000000000000000e+00 9.881433493884983488e-02 5.138173240305152767e-01 6.297881204702517055e-02 4.097185618491409054e-01 3.309629948647595937e-02 7.234562656137205616e-02 8.330970377593505116e-02 1.501082554462434271e-01 1.421422563623876978e-01 4.732616826372745278e-01 1.954475658181152944e-02 1.841463731899267015e-02 5.055389887713846592e-02 2.972924967392518436e-01 7.461724213585550769e-02 1.167356170235920448e-01 2.650788016021497773e-02 8.179252398238788524e-02 1.339948376959026466e-01 1.000884780967366133e-01 8.769204219710799442e-02 9.685612154781640670e-02 3.328293240315713941e-01 1.680532063846637211e-02 3.090420457032275192e-02 1.053301894129003435e-01 9.671212505965431916e-02 7.348269673546214964e-02 2.141177501175006714e-01 3.062377911871194680e-01 2.310584584875591541e-01 9.582414333982117172e-02 2.950427676105891184e-01 1.750976193630417177e-01 1.551546151655713857e-01 1.347003721885933203e-01 2.167657279111647461e-01 4.281756070482031079e-02 5.259448994157189111e-02 4.185352526179238197e-02 1.382722026245530866e-01 9.417754380038942386e-02 1.190925999534364482e-01 2.277086440677418208e-02 2.979850630081481988e-02 2.661581385802143027e-02 2.045348230961995251e-01 3.261876535511014363e-02 4.120531228429627491e-02 2.277137948387395611e-02 1.346399700579059000e-01 1.922755257808136664e-01 1.191671679235331155e-01 3.179008145514607142e-02 9.005631365343527706e-02 
1.538061386525161611e-01 2.374283348085419743e-01 9.240682038641057083e-02 1.253615293191392144e-01 2.934430325417201613e-01 1.835217001249822566e-01 6.098202248176840673e-02 1.753493582692884634e-01 9.992075209149003934e-02 2.897229912778319372e-02 9.881433493884983488e-02 0.000000000000000000e+00 8.226836356602859612e-02 7.303478751386500711e-01 1.730268907784524579e-01 5.055281933275652256e-02 7.759705022598341329e-02 1.705845324054777040e-02 4.696670864343917007e-01 1.501543875799600525e-01 4.352022599259226798e-02 1.932644992665241007e-02 8.226184531740071693e-02 3.491258078846261326e-02 6.316235154873636737e-02 6.261988589751549261e-01 2.998091526305208740e-02 1.748716746926126941e-01 8.400565069039329924e-02 8.650129499481223894e-02 6.527973805345191338e-02 1.670703857819692828e-01 6.199387709639068295e-02 2.193236016852147252e-01 3.268939549732117755e-01 1.218099420968844215e-01 5.409613473012743479e-02 8.340303897556167190e-02 2.503774829549862968e-01 1.127353144360549869e-01 2.059838367397766046e-01 1.391555159360684801e-01 1.011254966876416334e-01 1.613081921416257003e-01 4.321707282805233724e-02 1.162320211570232742e-01 2.860870299875946099e-01 1.372823337256150467e-01 3.702973689111861005e-02 8.441502573825777900e-02 3.241430662072964930e-01 8.197619402121247845e-02 2.346827419727579855e-01 1.178870548684964048e-01 5.850578326716052852e-02 9.906385689725275001e-02 1.009099316732897794e-01 1.296747581065057497e-01 1.233450283451863333e-01 1.352688146442813655e-01 1.287733463417987667e-01 1.240011429696524087e-01 5.900226132579911714e-02 1.199132840276649348e-01 4.105385170787552440e-02 4.910726907060984636e-02 
4.495601849287321761e-01 3.010954838320381230e-02 3.621594464889772019e-02 4.439127773938139065e-01 8.329924772793298460e-02 1.020757407066823393e-02 6.137951543900949103e-01 3.763862465954637693e-01 4.307009828038507182e-01 8.766395025825962639e-02 5.138173240305152767e-01 8.226836356602859612e-02 0.000000000000000000e+00 5.018850593580082703e-02 4.974080316328584050e-01 1.468935860332758470e-01 3.542599631000763472e-01 4.104147701521006913e-02 1.801815674821722335e-01 1.420791536814204892e-01 6.265049515932704649e-01 1.605715117773542644e-01 1.332140504092814148e-01 6.732851110941896755e-02 3.423907887236931624e-01 6.564288718411623313e-02 1.402910179894858167e-01 6.373388289193028522e-02 1.045904073138562984e-01 3.265127973525485672e-01 2.179442496434816356e-01 2.184818816702210065e-01 3.884091819775218335e-01 2.711728069292761445e-01 5.848866807691983916e-02 5.050646721705531056e-02 5.179622887912530699e-02 6.085001697880279559e-02 1.125755626245326935e-02 2.506768128392918293e-01 1.333777268846327302e-01 2.351230566136431055e-01 2.655724580433151405e-01 8.459263545020682951e-02 1.765194255982782401e-01 1.413230931101582544e-01 1.284430578510655507e-01 2.392504071751485883e-01 1.427583219994637553e-01 1.279986393700110747e-01 4.629462035092058586e-02 1.435009295636773263e-01 1.013338237359786564e-01 6.761418013665052018e-02 2.387822559905150022e-01 2.131822655021314572e-01 2.295489408484609473e-01 2.016277956799989446e-01 1.139896841176215453e-01 1.048273147095270946e-01 2.621816142277385089e-02 2.562059497800415753e-01 3.672269462435425735e-01 2.594976572140478832e-01 1.530691914393812469e-01 3.609197785443833406e-01 
7.971347184081228887e-02 1.996248413859378623e-01 8.446127581791741668e-02 1.581719983895561177e-01 9.214551857230343646e-02 2.734819992227451313e-01 4.594730885039609997e-02 8.568473463827377956e-02 2.279476650763703760e-02 1.289069427845118410e-01 6.297881204702517055e-02 7.303478751386500711e-01 5.018850593580082703e-02 0.000000000000000000e+00 1.236548069853699999e-01 1.273263954818515953e-01 1.328327472138557952e-01 1.885188704038626151e-01 3.093345370966321672e-01 3.712625760253126378e-02 8.645123677999191902e-02 3.057979215201952344e-02 6.834980814947352878e-02 3.105160056098430280e-02 1.627542604662456927e-01 6.236521428258217092e-01 1.065595004175531740e-01 2.267741777389505053e-01 1.378726021267211999e-01 8.339483231542188513e-02 3.814310346032898091e-02 1.018712506400462903e-01 5.344916722862604053e-02 1.328015910271736488e-01 1.959857392638242879e-01 5.502719449721659578e-02 1.320482368147807561e-01 6.877583405921866566e-02 3.023106394635926564e-01 8.767598567748163818e-02 1.356860036120708379e-01 1.378104601121490635e-01 1.706159669858732519e-01 1.151083465670934280e-01 2.120682897198793160e-01 9.280335436444710207e-02 5.614610839752207649e-01 9.103034508047484763e-02 1.027637667761555629e-01 6.868347436484696644e-02 2.891914684318951378e-01 1.067917247311699486e-01 1.599316930701650263e-01 1.309441641334131434e-01 4.522641198383647865e-02 5.537954507833157264e-02 4.898609626000550998e-02 1.951386247043077338e-01 2.884679767309173415e-01 1.676257627237425496e-01 1.827160416740708782e-01 1.547231843700374587e-01 3.780000210970214242e-02 4.151606790972201672e-02 7.941918613684877115e-02 2.532271435633189419e-02 
7.594391242309626033e-01 5.409878182072797720e-03 3.349191812748687075e-02 2.277055585208918598e-01 7.291178922812355245e-02 1.267658457914449741e-02 4.388501004794025384e-01 5.018203450158821299e-01 5.406603820399564775e-01 9.280073974723621055e-02 4.097185618491409054e-01 1.730268907784524579e-01 4.974080316328584050e-01 1.236548069853699999e-01 0.000000000000000000e+00 7.941401858972847727e-02 2.636848867157912668e-01 2.973300710207838968e-02 2.918852309006133017e-01 2.202638420642485384e-01 2.775955808852052509e-01 2.613708296044299773e-01 5.144066507390164522e-02 1.094757403236217702e-01 3.000447376691011692e-01 1.234003139172588637e-01 2.097815453253481510e-01 1.006128575943749243e-01 6.270313425153310749e-02 6.083513000391597147e-01 3.654537473323940522e-01 2.959249613826632763e-01 5.641566411865135411e-01 4.762283399801482409e-01 3.182491711092887837e-02 1.085596131939721432e-02 2.239003819933557682e-01 4.498388256048895667e-02 1.025184703182001680e-02 4.072657314031303821e-01 2.089837388581552435e-01 3.780141627608461508e-01 3.549619182049173483e-01 2.705284338349024376e-01 2.683476191093198127e-01 3.669944904908896688e-01 1.972535113740126189e-01 4.321805454587393513e-01 7.734728406364844988e-02 1.487405442319550131e-01 1.346031022342508536e-02 2.465760690943040179e-01 1.887707586675060056e-01 2.610760328127961771e-01 1.854397552138148664e-01 1.348718886312041121e-01 1.999213268781989405e-01 3.332431767438794878e-01 1.408419503733362443e-01 1.017113504465904095e-01 1.112742374740488364e-02 1.817187134415901295e-01 5.230882234195658453e-01 2.706658501338553569e-01 1.709731520590178078e-01 4.578522710546385488e-01 
4.747902670907336309e-02 8.950273042153319980e-02 1.237701363419433515e-01 6.255049413116887426e-03 1.994147303313892061e-01 1.170229368612730469e-01 1.511337637072680540e-01 7.311461684326509523e-03 1.148831970586015605e-01 5.557819418289910995e-01 3.309629948647595937e-02 5.055281933275652256e-02 1.468935860332758470e-01 1.273263954818515953e-01 7.941401858972847727e-02 0.000000000000000000e+00 2.392833532987158895e-01 5.903457330574070350e-02 8.658697584588866125e-02 7.585567254188513298e-02 4.846180413203304144e-02 1.327834669853006633e-01 7.055767835235727814e-01 4.238595480354414025e-01 2.928476687764118847e-01 4.220834689757001212e-02 1.490191836768840206e-01 4.093614556773977897e-01 3.476272284244694144e-01 6.155879216644578877e-02 7.108205139157491859e-02 1.007011126588431005e-01 6.686517886101119024e-02 1.294100716504786031e-01 5.462683296569051383e-02 5.562385284393191881e-02 4.502279745058116595e-02 1.195980464154436096e-01 5.267786307924425537e-02 1.372057603869055731e-01 4.134551262990911885e-02 6.181755215842577034e-02 2.149091702179536378e-01 9.478994367457380110e-02 4.844574801517366469e-02 1.782899240621023396e-01 8.885255438635353276e-02 1.063986293917989906e-01 5.374719714334478260e-01 2.142659151058711464e-01 3.689213593194524965e-02 1.122308537704850701e-01 1.033428240145404936e-01 8.893340732882745736e-02 1.000310942728416530e-01 4.940521056448210491e-01 6.640225272535403567e-02 7.398341293741667046e-02 2.929608005533980777e-02 1.134319341747154208e-01 3.640309976294532346e-01 1.743684545341316894e-01 1.709627440062512216e-01 1.503478247991774652e-01 8.512652129503070486e-02 1.515051417068133399e-01 
2.986291864058681078e-01 1.331127951681206623e-01 2.917019864905035301e-02 6.318091154422146583e-03 4.768973529448342075e-01 1.092317682113455590e-01 6.806071849212962377e-01 1.408857741266388020e-01 3.918632302915974752e-01 2.554524667055080300e-01 7.234562656137205616e-02 7.759705022598341329e-02 3.542599631000763472e-01 1.328327472138557952e-01 2.636848867157912668e-01 2.392833532987158895e-01 0.000000000000000000e+00 1.027157315990448183e-01 2.427890791964980310e-01 1.289778594326479282e-02 3.264483723126383741e-02 6.682790874457744668e-02 2.581950500461617781e-01 9.047479009628203728e-02 1.069110105085457202e-01 3.214935596586680072e-02 7.838472303750063097e-02 3.485467790320403991e-01 1.146174534406705636e-01 3.111174365843964451e-01 1.070465961662084020e-01 4.495802578675251460e-01 3.508114393008179843e-01 2.403956988718726206e-01 4.558097113812736162e-02 8.304024917310220966e-02 7.397179653458413329e-02 7.947899011866854657e-02 1.055207177919645634e-01 2.189477670397776132e-01 1.047350397421483587e-01 2.214304872273140656e-01 3.982851555119743536e-01 3.535598075099870979e-02 6.310196772922156694e-02 1.043541923137975003e-01 3.352593203733363059e-02 2.314482275190353211e-01 1.787810181189197767e-01 1.909360445014752772e-01 1.267039376614854107e-01 1.783796886224055522e-01 5.742888879429773608e-02 7.744154224393140495e-02 1.963441451373562074e-01 2.752402767275903828e-01 2.825692668699573140e-01 2.487764236412055574e-01 1.337168195079549149e-01 1.378237052154228925e-01 1.661508916114077805e-01 2.144667555347927190e-01 3.575172237241258655e-01 1.857167941659179922e-01 1.855485797623232791e-01 4.191802108454552589e-01 
3.965751926139231276e-02 3.756276367887902146e-02 1.068200457119013597e-01 2.686600984269197495e-02 5.364177499738338739e-02 1.815293034748344247e-01 3.973133082065122973e-02 1.541909292830170031e-01 6.415670469279352583e-02 3.787732811041268771e-02 8.330970377593505116e-02 1.705845324054777040e-02 4.104147701521006913e-02 1.885188704038626151e-01 2.973300710207838968e-02 5.903457330574070350e-02 1.027157315990448183e-01 0.000000000000000000e+00 2.338561961192579808e-02 5.107097553194825945e-01 1.328120787468517472e-02 3.177487407062051239e-01 8.113524002202888996e-02 2.265532689212793327e-01 4.692631537305805983e-02 9.322924244755512180e-02 7.343491864242483735e-02 9.747829608152670799e-02 3.269419751740810370e-02 1.710893699571481019e-01 4.969783849587111613e-02 1.163604685448075410e-02 2.659018065694067623e-01 5.661014421150848547e-02 2.812901788951802651e-01 1.500005953857154462e-01 9.146912409193048987e-02 1.585943828584940873e-01 6.046996644527929260e-02 4.389955725627288363e-02 7.649303999329647163e-02 3.138880070390003690e-02 1.327050544212621808e-01 4.062040313704528421e-02 2.594222340813725491e-01 5.597580561589744763e-02 2.391897995744932670e-01 4.231129280599110060e-02 5.444858115186784059e-02 1.634469775788679191e-01 1.989295545274061272e-01 1.113165439137756840e-01 1.606496733649793174e-01 4.690037778541204794e-02 1.372496562610532045e-01 1.474394145546137347e-01 1.731675102895095242e-01 7.536593761111874679e-02 3.180478499758574440e-01 6.007415032726357018e-02 7.380279986890410371e-02 2.320686593816851176e-02 7.431583573021915967e-02 2.925053448592701902e-02 1.586211858503923100e-01 1.680500615809509546e-01 
3.624210025312331607e-01 1.346629704180295206e-01 2.834762187736997174e-02 5.372168264702113609e-03 6.172990399389126359e-02 2.152160709137305172e-01 2.292564403173047993e-01 2.874329353838647183e-01 2.094414609857343790e-02 1.579297746280903733e-02 1.501082554462434271e-01 4.696670864343917007e-01 1.801815674821722335e-01 3.093345370966321672e-01 2.918852309006133017e-01 8.658697584588866125e-02 2.427890791964980310e-01 2.338561961192579808e-02 0.000000000000000000e+00 4.486502376718335405e-01 3.643799726991384796e-02 1.644222026238370826e-01 2.910579718093707705e-02 8.485473994097834927e-02 4.607308974697552767e-02 4.169173903437020101e-01 3.109384711370785093e-01 1.475061290095382172e-01 2.806737850091235720e-02 3.975284461924833979e-01 1.873172146152675133e-01 7.379456385047412914e-02 3.503551030448264769e-01 2.621197580142767825e-01 1.728376365490258415e-01 9.449999145494245023e-02 1.040225720473603524e-02 5.883994433657887407e-02 1.951670624638829343e-01 1.781677892434089250e-01 1.800028001369826935e-01 1.687697496763771732e-01 1.225375312387308180e-01 9.712199224197805292e-02 1.061402998906122441e-01 1.199998325898795071e-01 8.166432111123880788e-02 1.658195328444770356e-01 3.872644486201407693e-02 1.018013027863872016e-01 1.514979834478897003e-01 1.983093496842773806e-01 2.139035664092277245e-01 5.846156487763616572e-02 5.421418043508764717e-02 2.736359380170097846e-02 3.902004508896615015e-02 9.409108132853405415e-02 4.469413043768927923e-02 6.596018962496888460e-02 3.637717234116760734e-02 1.342340699930422154e-01 2.096963830297516873e-01 1.771786127199166394e-01 1.951000126135244706e-01 1.459785761630174317e-01 
3.090737279710514818e-01 6.284597411733369721e-02 8.086554828738348744e-02 6.113179170998601919e-02 1.152708026265658880e-01 9.801150783311529668e-02 1.118450380676241918e-01 3.068793996042646355e-01 4.159299690794283910e-02 6.423999067711244626e-02 1.421422563623876978e-01 1.501543875799600525e-01 1.420791536814204892e-01 3.712625760253126378e-02 2.202638420642485384e-01 7.585567254188513298e-02 1.289778594326479282e-02 5.107097553194825945e-01 4.486502376718335405e-01 0.000000000000000000e+00 8.134451779991062892e-02 1.465028992728781565e-01 2.935586749159113662e-02 5.260310024018403224e-02 1.185012155182063875e-01 1.369997499334250912e-01 4.687839586489024879e-01 3.021587100460310440e-02 5.486254762208638003e-02 2.103806226470028018e-01 2.740060887354134334e-01 5.894634059593550912e-02 1.221086427741704394e-01 1.952632500611142796e-01 2.435305386398531613e-01 1.120875657817784199e-01 3.068020403570631896e-02 7.967759360607903907e-02 4.315304114696552618e-02 5.355121461771608637e-02 1.409485340432708733e-01 4.743208245785932031e-02 4.610436098515252601e-02 6.326418219532958798e-02 2.458580448793988571e-01 6.896327953177762426e-02 1.633830124095374814e-01 5.255797817608028055e-02 2.738392159421867977e-02 6.548357620417591396e-02 2.088203544293250058e-01 1.326669048118567507e-01 2.739575686266613741e-01 4.418132479780996491e-02 7.380583757957336066e-02 3.593197729198914503e-02 2.035946411111891688e-02 3.564213462767659713e-02 2.376393045511970004e-01 1.201806754818089684e-01 6.833760843122017870e-02 9.880629394487160100e-02 1.374369397032208784e-01 1.983381321404588116e-01 5.062826762441340056e-02 5.888520677638672124e-02 
2.299462735278460512e-01 1.109740051939980543e-01 5.091609417875857940e-02 8.410222634531770991e-01 2.773276982455616033e-02 1.663254024546683904e-02 2.184703424268281124e-01 4.013223545085344290e-01 1.965592082427516374e-01 2.528661639245373682e-01 4.732616826372745278e-01 4.352022599259226798e-02 6.265049515932704649e-01 8.645123677999191902e-02 2.775955808852052509e-01 4.846180413203304144e-02 3.264483723126383741e-02 1.328120787468517472e-02 3.643799726991384796e-02 8.134451779991062892e-02 0.000000000000000000e+00 4.223851928727974381e-02 7.756150897270248923e-02 4.440672203436085708e-02 5.932716180347847867e-01 1.636776184570215911e-02 1.389389061898805011e-01 8.846633241549464732e-02 8.867039148840083485e-02 1.504231005941741028e-01 8.459599971130554730e-02 6.838213966215066220e-02 1.934150268654294957e-01 1.417469493803466263e-01 1.191971610296421596e-01 6.712306183035063323e-02 2.255404868916950634e-01 5.594379150680067053e-02 4.143456575541828307e-02 1.576396086337883140e-01 4.529299766349403206e-02 1.622913623912078940e-01 1.023930788209884701e-01 5.313464140040985439e-02 1.367426416083281360e-01 5.252229141418680858e-02 1.601607906114665969e-01 1.077916080926137193e-01 8.830273378092590164e-02 1.068801111055581732e-01 2.673672042896812692e-02 1.030015289259731126e-01 4.920938153210561300e-02 2.340361626962410846e-01 1.151662922746796991e-01 1.325016034859466396e-01 9.925877991028266012e-02 1.025226262236946795e-01 4.711908661630760664e-02 4.779525467533186911e-02 1.048531347100351424e-01 1.244768888570283588e-01 1.785914075097572717e-01 1.487642153658228217e-01 8.602147892669011198e-02 1.556044735686238079e-01 
4.958147180706603541e-01 7.741872501677002361e-02 8.200337053795272307e-03 5.304898484408710618e-02 2.326302641837402901e-02 1.980855140412806081e-01 8.757796671045363357e-02 1.653003016726991847e-01 6.058272068078193046e-02 2.869017520998141113e-01 1.954475658181152944e-02 1.932644992665241007e-02 1.605715117773542644e-01 3.057979215201952344e-02 2.613708296044299773e-01 1.327834669853006633e-01 6.682790874457744668e-02 3.177487407062051239e-01 1.644222026238370826e-01 1.465028992728781565e-01 4.223851928727974381e-02 0.000000000000000000e+00 9.652686369324101068e-02 6.182051152905950753e-01 2.640119675754565298e-01 8.415352731321633362e-02 5.003872328992283736e-01 1.031284336307598248e-01 4.332767346470789982e-01 4.986738677346320703e-01 5.551510689770242646e-01 3.722786721530924742e-02 5.085457572563281126e-01 2.315390770349087524e-01 9.729530306592407141e-02 7.745140709843295612e-02 1.286075124268738212e-01 1.022454270428247713e-01 4.908953175724398155e-02 1.678283221070050457e-01 7.656972302379735917e-02 9.589588980168491095e-02 2.938752525536098559e-01 5.481414280279099660e-02 5.923741860392161412e-02 2.580009428073067324e-01 8.543474045578920706e-02 1.511123144429134535e-01 6.893907352840483727e-02 1.843994770722889032e-01 1.973347382114702328e-02 5.298936197004838755e-02 1.458281604667658049e-01 1.583223375146717571e-01 4.590448476877045381e-01 1.235052185653231355e-01 4.136741024598667993e-01 1.742641172591024579e-01 3.907752751421594145e-02 1.851280888438636141e-01 3.466949884901748130e-02 1.414572642198263230e-01 3.711683174557843246e-01 3.868331590864611536e-01 1.465087560497555785e-01 4.198839876598247089e-01 
6.501996590707805924e-03 2.457050782677328571e-01 3.467554184282933272e-01 5.766674930899454155e-02 3.650991391571449807e-01 1.859704922824541862e-01 1.502291821499832092e-01 1.695056087100230841e-02 2.078068798866637701e-01 5.288517635101714909e-01 1.841463731899267015e-02 8.226184531740071693e-02 1.332140504092814148e-01 6.834980814947352878e-02 5.144066507390164522e-02 7.055767835235727814e-01 2.581950500461617781e-01 8.113524002202888996e-02 2.910579718093707705e-02 2.935586749159113662e-02 7.756150897270248923e-02 9.652686369324101068e-02 0.000000000000000000e+00 4.315083103785071206e-01 1.990654830487301463e-01 2.288964391616589780e-02 1.266456961985026608e-01 3.604379065800408233e-01 1.860493948358845906e-01 4.042799589000961591e-02 2.010123136157626611e-02 2.013279324159575889e-01 5.545112348324597595e-02 9.805892318721172451e-02 2.180761361347775540e-01 3.262010867887758792e-02 1.014132057643181289e-01 2.720061431688068909e-01 7.498827054973664086e-02 1.670092003395720337e-01 3.820059579123251392e-02 1.040013610915430098e-01 1.738587238242984556e-01 1.107798344623861231e-01 5.859696100056197704e-02 2.100513235018206526e-01 1.563340113938364861e-02 1.467182311513779425e-01 4.613247366872544331e-01 2.821909997959671790e-01 7.236563597943776460e-02 9.773304423929277118e-03 3.598811924329799183e-02 1.013321148339331179e-01 1.441418869632483946e-01 6.610123167850828763e-01 8.100590382541966727e-02 2.908740576862257204e-02 1.167491631232817420e-02 9.270938669257364206e-02 3.126143428019749204e-01 1.286085762293230905e-01 1.711756933240277667e-01 1.187739136202161788e-01 2.117732758493820755e-01 1.772112409167166391e-01 
2.607888951894545837e-01 7.360862222490817397e-02 3.452645534965945728e-01 5.765872497751638182e-02 2.566014175637482131e-01 2.686044029816833656e-01 3.741671340602493318e-02 5.815736158544578677e-02 1.190936344919037299e-01 4.184929466012596855e-01 5.055389887713846592e-02 3.491258078846261326e-02 6.732851110941896755e-02 3.105160056098430280e-02 1.094757403236217702e-01 4.238595480354414025e-01 9.047479009628203728e-02 2.265532689212793327e-01 8.485473994097834927e-02 5.260310024018403224e-02 4.440672203436085708e-02 6.182051152905950753e-01 4.315083103785071206e-01 0.000000000000000000e+00 2.604700475295717021e-01 9.221166906400395102e-02 3.547806827114490247e-01 2.581768144305420787e-01 3.178019304970937098e-01 2.329000123897128904e-01 2.451918830813691053e-01 1.395261300646669922e-01 2.580366764645456445e-01 1.418543163875309876e-01 6.829177358417971855e-02 1.881276653104327623e-01 8.183838814374458370e-02 8.634119390503762481e-02 3.566113510632652056e-02 1.055448558263155368e-01 1.231660656330191804e-02 4.205908949430280097e-02 9.159073537420023281e-02 3.113261381575903319e-02 3.118848253711733673e-02 1.664107223147061609e-01 4.953008017778132849e-02 1.024511578391821137e-01 1.118471466454547432e-02 1.691402615140577548e-01 6.825755463961888370e-02 3.458032969887234881e-02 9.360280102222173770e-02 8.846403252234673331e-02 3.711149809641431374e-01 2.989667830496506307e-02 4.191326911104437114e-01 7.008371785052025515e-02 5.953073568792890957e-02 1.294202056114585608e-01 1.028950162361006726e-01 5.304234134525369695e-03 2.671556686041735018e-01 2.394270802437901136e-01 1.400005743687945670e-01 3.278218344287284203e-01 
