1.000000 0.101550 0.129273 0.075016 0.108952 0.192471 0.382849 0.447576 0.402525 0.207174 0.130442 0.192878 0.268780 0.157200 0.691381 0.183310 0.198059 0.099203 0.455147 0.271895 0.042781 0.466784 0.131912 0.316968 0.187744 0.138249 0.370535 0.251559 0.224048 0.819546 0.611179 0.311213 0.685480 0.479439 0.141532 0.107169 0.095505 0.076812 -0.010696 0.306084 0.299396 0.235831 0.201198 0.092968 0.113310 0.285206 0.157785 0.255661 0.140310 0.239417 -0.012844 0.156936 0.199849 0.096870 0.328101 0.156898 0.285911 0.164203 0.000663 0.185963 0.154736 0.268188 0.545414 0.379582 0.142030 0.474822 
0.101550 1.000000 0.339706 0.090874 0.079077 0.045769 -0.008642 0.102251 0.016500 0.137105 0.044376 0.097832 0.049467 0.057893 0.056780 0.161563 -0.016439 0.079114 0.149736 0.102430 0.071064 0.107580 0.188375 0.032367 0.231482 0.086478 0.109138 0.317603 0.306619 0.121163 0.136626 0.047696 0.136339 0.024239 0.523747 0.016927 0.118293 0.135475 0.070141 0.063841 0.070971 0.025147 0.079963 0.073855 0.224598 0.111100 0.244450 0.023216 0.141088 0.097676 0.169433 0.080713 0.143612 0.111731 0.127940 0.102026 0.087303 0.144635 0.034046 0.104322 0.290302 0.108209 0.061937 0.084312 0.102156 0.060628 
0.129273 0.339706 1.000000 0.039983 0.082374 0.211276 0.009710 0.127288 0.068745 0.094758 0.083503 0.141241 0.057854 0.097686 0.113317 0.229685 -0.028737 0.105528 0.129847 0.072012 0.031655 0.122996 0.396432 0.329163 0.036107 0.124516 0.076825 0.148064 0.120039 0.087971 0.155808 0.031909 0.095360 0.108776 0.160086 0.179388 0.055743 0.093961 -0.015391 0.075453 0.131786 0.067340 0.163077 -0.018925 0.117730 0.111828 0.094390 0.041050 0.137592 0.157530 0.187066 0.127776 0.121081 0.091021 0.196267 0.208716 0.171128 0.157515 0.132372 0.169702 0.138566 0.181302 0.058290 0.095952 0.099935 0.086204 
0.075016 0.090874 0.039983 1.000000 0.028077 0.058557 -0.005416 0.281883 -0.002756 0.316281 0.204582 0.229876 0.298375 0.257598 0.055079 0.043853 0.018398 0.110712 0.152258 0.069502 0.856709 0.096234 0.017649 0.076573 0.559142 0.287585 0.212894 0.134415 0.120340 0.084803 0.084591 -0.003108 0.158570 0.098898 0.076268 0.130055 0.224846 0.074401 0.026039 0.108332 0.136208 0.132832 0.158791 0.167367 0.107975 0.151753 0.180662 0.129110 0.002350 0.149879 0.064702 0.116300 0.066606 0.203613 0.191646 0.097313 0.134274 0.176501 0.016502 0.115722 0.097946 0.094783 0.101572 0.119256 0.062778 0.126654 
0.108952 0.079077 0.082374 0.028077 1.000000 0.067897 0.243783 0.117376 0.227910 0.105435 0.043025 0.106478 0.028372 0.030346 0.101069 0.160540 0.418255 0.008676 0.065515 0.034196 0.026364 0.139614 0.258282 0.199881 0.035197 0.130034 0.061642 0.144512 0.091709 0.161641 0.107886 0.455860 0.115195 0.101750 0.138876 0.090957 0.011205 0.087334 0.036767 0.137974 0.048231 0.107290 0.147533 0.112009 0.077857 0.150935 0.079051 0.094794 0.092575 0.099393 0.079036 0.078672 0.016053 0.060889 0.093514 0.222017 0.114228 0.069353 0.091704 0.037080 0.068428 0.128842 0.105292 -0.035224 0.067852 0.150792 
0.192471 0.045769 0.211276 0.058557 0.067897 1.000000 0.101488 0.089957 0.066013 0.006752 0.028864 0.134693 0.170582 0.077100 0.119188 0.035285 0.057246 0.131898 0.236234 0.213039 0.068654 0.215494 0.081689 0.116039 0.065731 0.170745 0.323692 0.266129 0.151818 0.131457 0.251761 0.311748 0.123852 0.038208 0.189220 0.183561 0.028581 0.133903 0.396744 0.134934 -0.045239 0.042208 0.024075 0.046504 0.119031 0.102924 0.109676 0.044776 0.113845 0.152371 0.005354 0.143343 0.067201 0.017417 0.060551 0.094351 0.072078 0.003439 0.173441 0.170353 0.249835 0.129927 0.105814 0.076976 0.263874 0.116275 
0.382849 -0.008642 0.009710 -0.005416 0.243783 0.101488 1.000000 0.099010 0.700041 0.044106 0.126679 0.080814 0.473743 0.097896 0.392885 0.108043 0.688362 0.025008 0.179616 0.057223 0.057393 0.128246 0.133046 0.068183 -0.013464 0.081213 0.043769 0.275089 0.121573 0.319623 0.075618 0.431524 0.282349 0.217558 0.000279 0.045908 -0.005837 0.013021 0.053438 0.156816 0.134513 0.102511 0.175275 0.047540 0.125935 0.138255 0.091168 0.111819 -0.007275 0.028312 -0.000017 0.105331 0.077174 0.023518 0.101412 0.086533 0.108651 0.130019 0.086853 0.136305 0.122630 0.179394 0.281301 0.137432 0.101092 0.289442 
0.447576 0.102251 0.127288 0.281883 0.117376 0.089957 0.099010 1.000000 0.105196 0.236527 0.476020 0.173254 0.240616 0.140334 0.340426 0.124631 0.052293 0.175465 0.227486 0.324608 0.289109 0.222430 0.113378 0.183528 0.377117 0.162447 0.353190 0.111478 0.261800 0.291946 0.454150 0.012188 0.190133 0.396347 0.171137 0.127328 0.045844 0.174537 -0.065240 0.163623 0.392504 0.088966 0.034728 0.091210 0.208096 0.144956 0.215631 0.152080 0.125151 0.222652 0.079717 0.227378 0.266928 0.025281 0.190074 0.152541 0.068663 0.097505 0.047443 0.073021 0.061396 0.233895 0.313891 0.404472 0.117484 0.200263 
0.402525 0.016500 0.068745 -0.002756 0.227910 0.066013 0.700041 0.105196 1.000000 0.101491 0.271926 0.077445 0.410957 0.062786 0.707654 0.043387 0.341579 0.054098 0.180806 0.071281 0.066760 0.109574 0.099966 0.073090 0.023911 0.057954 0.025739 0.201028 0.107576 0.353021 0.029052 0.458131 0.289891 0.255241 -0.003046 -0.042619 0.050203 -0.076709 -0.042488 0.263707 0.141165 0.268545 0.089547 0.122745 0.089580 0.220929 0.055489 0.230333 -0.029638 0.051704 -0.028628 0.109330 0.034839 0.055205 0.061486 0.053598 0.074404 0.112483 0.110973 0.074394 0.064983 0.114883 0.258445 0.078144 0.016171 0.256268 
0.207174 0.137105 0.094758 0.316281 0.105435 0.006752 0.044106 0.236527 0.101491 1.000000 0.063834 0.112454 0.103332 0.171831 0.152981 0.505062 0.052277 0.139278 0.141348 0.085153 0.262085 0.336765 0.398716 0.438854 0.769713 0.124361 0.225704 0.226709 0.308032 0.217119 0.196120 -0.009773 0.263655 0.229384 0.154910 0.150382 0.057144 0.216247 -0.054488 0.304012 0.243696 0.165797 0.128028 0.149453 0.098493 0.254748 0.141501 0.217725 0.395500 0.374873 0.023531 0.026470 0.155038 0.052929 0.180620 0.355427 0.122477 0.123996 0.043999 0.028489 0.172173 0.142541 0.275202 0.265767 0.164700 0.342843 
0.130442 0.044376 0.083503 0.204582 0.043025 0.028864 0.126679 0.476020 0.271926 0.063834 1.000000 0.134196 0.352904 0.127876 0.366848 -0.009478 -0.004973 0.162355 0.107022 0.125009 0.324823 -0.010176 0.034431 -0.004424 0.118281 0.096262 0.062901 -0.019710 0.073012 0.022659 0.089790 -0.053326 -0.010970 0.189448 0.067669 -0.027402 0.077100 0.070638 -0.035753 0.041985 0.210244 0.078887 0.015260 0.131822 0.070195 0.043024 0.085821 0.073442 0.005234 0.075116 0.075655 0.102892 0.106509 0.035048 0.065648 0.046180 0.000787 0.106010 0.051478 -0.032338 -0.015811 0.113238 0.082860 0.142810 0.037022 0.029463 
0.192878 0.097832 0.141241 0.229876 0.106478 0.134693 0.080814 0.173254 0.077445 0.112454 0.134196 1.000000 0.099293 0.754830 0.150305 0.080441 0.113579 0.118694 0.519799 0.172346 0.181855 0.059563 0.165299 0.072331 0.126234 0.773430 0.137555 0.172770 0.049665 0.128371 0.107768 0.141791 0.136906 0.219907 0.202751 0.118544 0.095318 0.089659 0.064689 0.143910 0.240388 0.122052 0.108089 0.073213 0.146793 0.107115 0.187275 0.079897 0.060740 0.089830 0.126666 0.123916 0.149293 0.060174 0.092559 0.189801 0.023614 0.117166 0.121233 0.118186 0.128059 0.176538 0.129798 0.195961 0.118424 0.117347 
0.268780 0.049467 0.057854 0.298375 0.028372 0.170582 0.473743 0.240616 0.410957 0.103332 0.352904 0.099293 1.000000 0.106397 0.298089 0.009325 0.178883 0.115710 0.153202 0.142673 0.514055 0.177604 0.028525 0.046317 0.152480 0.151323 0.158150 0.134243 0.116458 0.224546 0.150557 0.118273 0.302809 0.075891 0.040014 0.107921 0.085774 0.078368 0.022822 0.094548 0.109087 0.054642 0.081683 0.144981 0.111450 0.139059 0.129143 0.075203 0.019402 0.090665 0.028408 0.071546 0.113236 0.115940 0.233502 0.109279 0.209530 0.115250 0.041953 0.117427 0.066307 0.183357 0.153002 0.124409 0.060701 0.173735 
0.157200 0.057893 0.097686 0.257598 0.030346 0.077100 0.097896 0.140334 0.062786 0.171831 0.127876 0.754830 0.106397 1.000000 0.145702 0.114483 0.126567 0.145692 0.398893 0.107457 0.193744 0.088988 0.129280 0.128827 0.183374 0.794562 0.133647 0.235740 0.093477 0.140950 0.081342 0.066288 0.158619 0.160845 0.102266 0.136225 0.094042 0.092256 0.019788 0.104251 0.222371 0.110893 0.117771 0.025894 0.176845 0.097640 0.370707 0.090027 0.044849 0.058395 0.169730 0.093283 0.186900 0.043998 0.097838 0.114687 0.071246 0.133233 0.097454 0.139269 0.231952 0.134868 0.089228 0.147286 0.078968 0.117984 
0.691381 0.056780 0.113317 0.055079 0.101069 0.119188 0.392885 0.340426 0.707654 0.152981 0.366848 0.150305 0.298089 0.145702 1.000000 0.058972 0.133305 0.100404 0.375138 0.182328 0.075649 0.210383 0.083721 0.148566 0.115606 0.106110 0.176488 0.165625 0.163783 0.535995 0.221073 0.263595 0.421635 0.434356 0.074590 0.014226 0.104282 -0.012017 -0.113900 0.306378 0.229924 0.336400 0.117357 0.151087 0.138396 0.276885 0.142477 0.328126 0.060437 0.163639 0.011634 0.151165 0.143620 0.104158 0.133720 0.103191 0.139725 0.151415 0.045961 0.079497 0.106405 0.146082 0.423026 0.219864 0.044905 0.343689 
0.183310 0.161563 0.229685 0.043853 0.160540 0.035285 0.108043 0.124631 0.043387 0.505062 -0.009478 0.080441 0.009325 0.114483 0.058972 1.000000 0.092384 0.059413 0.090365 0.078399 -0.007751 0.254786 0.699978 0.512688 0.311656 0.078049 0.176648 0.366484 0.304411 0.190504 0.221632 0.043438 0.207788 0.208869 0.158829 0.138635 0.031414 0.098538 -0.003644 0.187611 0.213820 0.082811 0.138210 0.072480 -0.023296 0.214317 0.032352 0.158205 0.536672 0.220934 0.003560 -0.019162 0.102822 0.041959 0.163634 0.456117 0.109519 0.117935 -0.055953 0.023756 0.231901 0.182344 0.209690 0.202007 0.101419 0.201340 
0.198059 -0.016439 -0.028737 0.018398 0.418255 0.057246 0.688362 0.052293 0.341579 0.052277 -0.004973 0.113579 0.178883 0.126567 0.133305 0.092384 1.000000 0.007319 0.058044 0.000805 0.056731 0.068792 0.120304 0.055754 -0.005812 0.093395 0.011349 0.273147 0.105954 0.218384 0.100144 0.429312 0.208880 0.140873 -0.005306 0.064491 -0.062756 0.071978 0.149081 0.058761 0.113615 0.021995 0.232131 0.022417 0.051041 0.056800 0.063416 0.048318 0.004643 0.028185 0.080818 0.065627 0.056790 -0.040938 0.096327 0.103013 0.128404 0.103095 0.050715 0.107279 0.144289 0.189124 0.193893 0.108753 0.080961 0.272073 
0.099203 0.079114 0.105528 0.110712 0.008676 0.131898 0.025008 0.175465 0.054098 0.139278 0.162355 0.118694 0.115710 0.145692 0.100404 0.059413 0.007319 1.000000 0.104444 0.387600 0.128946 0.291118 0.037135 0.213620 0.162265 0.088544 0.221452 0.103582 0.168488 0.156946 0.090922 0.054084 0.252709 0.070601 0.178733 0.165371 0.026530 0.086671 0.007712 0.047835 0.058923 0.061815 0.025785 -0.048083 0.183222 0.034412 0.138619 0.056673 0.132582 0.079157 0.109599 0.091458 0.142597 -0.003459 0.176289 0.149499 0.125758 0.007413 0.236189 0.101650 0.099735 0.080909 0.028791 0.144852 0.109648 0.088853 
0.455147 0.149736 0.129847 0.152258 0.065515 0.236234 0.179616 0.227486 0.180806 0.141348 0.107022 0.519799 0.153202 0.398893 0.375138 0.090365 0.058044 0.104444 1.000000 0.408822 0.120849 0.175885 0.111016 0.079398 0.148564 0.462078 0.264982 0.219323 0.149241 0.393003 0.194461 0.160906 0.284322 0.259987 0.223330 0.085303 0.122690 0.040989 0.072057 0.164535 0.159327 0.161592 0.131094 0.016481 0.203006 0.122377 0.181561 0.081218 0.119023 0.127534 -0.022794 0.208364 0.207907 0.079996 0.064772 0.134030 0.078941 0.121329 0.150552 0.174285 0.224849 0.080892 0.225123 0.191736 0.178319 0.163382 
0.271895 0.102430 0.072012 0.069502 0.034196 0.213039 0.057223 0.324608 0.071281 0.085153 0.125009 0.172346 0.142673 0.107457 0.182328 0.078399 0.000805 0.387600 0.408822 1.000000 0.082187 0.210559 0.050848 0.074301 0.131651 0.159401 0.524995 0.146106 0.198255 0.180468 0.329953 0.091863 0.112306 0.157183 0.232193 0.159806 0.107620 0.080912 0.032883 0.053018 0.134831 0.074508 0.060571 0.035207 0.168662 0.031677 0.105420 0.079449 0.157013 0.088805 -0.034972 0.080553 0.188247 0.063644 0.195211 0.110835 0.090501 0.108028 0.107814 0.104203 0.142195 0.146436 0.093400 0.227162 0.109087 0.074282 
0.042781 0.071064 0.031655 0.856709 0.026364 0.068654 0.057393 0.289109 0.066760 0.262085 0.324823 0.181855 0.514055 0.193744 0.075649 -0.007751 0.056731 0.128946 0.120849 0.082187 1.000000 0.091652 0.018953 0.032417 0.442721 0.231163 0.185556 0.072104 0.101217 0.053923 0.068959 -0.036082 0.140919 0.057657 0.071734 0.084381 0.155328 0.088249 -0.012397 0.083573 0.106751 0.091712 0.086090 0.153241 0.098843 0.122675 0.168420 0.076580 -0.013887 0.132743 0.049554 0.120273 0.077883 0.186731 0.165670 0.101534 0.110055 0.109380 0.017400 0.081898 0.057187 0.084413 0.050456 0.096671 0.018158 0.070307 
0.466784 0.107580 0.122996 0.096234 0.139614 0.215494 0.128246 0.222430 0.109574 0.336765 -0.010176 0.059563 0.177604 0.088988 0.210383 0.254786 0.068792 0.291118 0.175885 0.210559 0.091652 1.000000 0.150267 0.625558 0.330732 0.093560 0.471147 0.174989 0.412389 0.412669 0.437054 0.155792 0.454459 0.274483 0.209494 0.192276 0.101546 0.204047 0.051157 0.191918 0.279760 0.172987 0.130464 0.058012 0.108219 0.208427 0.109602 0.213528 0.178932 0.256633 -0.004095 0.097934 0.156768 0.090018 0.486592 0.214525 0.387075 0.107279 0.019256 0.223632 0.124400 0.250589 0.328892 0.280870 0.153894 0.370814 
0.131912 0.188375 0.396432 0.017649 0.258282 0.081689 0.133046 0.113378 0.099966 0.398716 0.034431 0.165299 0.028525 0.129280 0.083721 0.699978 0.120304 0.037135 0.111016 0.050848 0.018953 0.150267 1.000000 0.416819 0.139427 0.139911 0.100217 0.243719 0.086222 0.141123 0.133471 0.062799 0.135417 0.175507 0.265200 0.124467 0.051977 0.201295 -0.001727 0.262627 0.184586 0.177756 0.129577 0.162013 -0.066773 0.303085 -0.035454 0.189241 0.429087 0.243268 0.090105 -0.039009 0.076210 0.124019 0.095532 0.645360 0.064854 0.126426 -0.011599 0.054424 0.135498 0.156001 0.157190 0.116692 0.227621 0.181972 
0.316968 0.032367 0.329163 0.076573 0.199881 0.116039 0.068183 0.183528 0.073090 0.438854 -0.004424 0.072331 0.046317 0.128827 0.148566 0.512688 0.055754 0.213620 0.079398 0.074301 0.032417 0.625558 0.416819 1.000000 0.298222 0.090775 0.286013 0.182646 0.229400 0.257140 0.255863 0.067286 0.288257 0.285855 0.169121 0.205811 -0.016015 0.151090 -0.077268 0.202543 0.257245 0.169780 0.112526 0.023264 0.061872 0.183319 0.093636 0.205664 0.211310 0.272483 0.075684 0.058092 0.114696 0.004037 0.350928 0.244353 0.315968 0.073314 -0.018570 0.084839 0.085959 0.230555 0.299494 0.270167 0.116910 0.362635 
0.187744 0.231482 0.036107 0.559142 0.035197 0.065731 -0.013464 0.377117 0.023911 0.769713 0.118281 0.126234 0.152480 0.183374 0.115606 0.311656 -0.005812 0.162265 0.148564 0.131651 0.442721 0.330732 0.139427 0.298222 1.000000 0.180963 0.362897 0.260911 0.423852 0.175920 0.209368 -0.018407 0.241208 0.255432 0.234168 0.170146 0.104437 0.153686 -0.040394 0.276684 0.231387 0.177059 0.062456 0.147423 0.229960 0.210414 0.292514 0.205625 0.237713 0.327099 -0.005575 0.122739 0.172947 0.082506 0.148544 0.195504 0.088033 0.123929 0.091079 0.065365 0.207311 0.131827 0.285072 0.289992 0.135945 0.257335 
0.138249 0.086478 0.124516 0.287585 0.130034 0.170745 0.081213 0.162447 0.057954 0.124361 0.096262 0.773430 0.151323 0.794562 0.106110 0.078049 0.093395 0.088544 0.462078 0.159401 0.231163 0.093560 0.139911 0.090775 0.180963 1.000000 0.193027 0.214279 0.106581 0.127811 0.106295 0.108545 0.132934 0.116180 0.203181 0.201204 0.170572 0.055914 0.045259 0.074437 0.169173 0.099373 0.143142 0.069766 0.203521 0.120595 0.329013 0.089678 0.034874 0.034635 0.247876 0.134662 0.193784 0.121869 0.084842 0.126575 0.060901 0.164061 0.140745 0.195167 0.225054 0.179545 0.050210 0.101180 0.097642 0.071962 
0.370535 0.109138 0.076825 0.212894 0.061642 0.323692 0.043769 0.353190 0.025739 0.225704 0.062901 0.137555 0.158150 0.133647 0.176488 0.176648 0.011349 0.221452 0.264982 0.524995 0.185556 0.471147 0.100217 0.286013 0.362897 0.193027 1.000000 0.364861 0.350756 0.293730 0.442962 0.134262 0.267828 0.172112 0.169410 0.139846 0.099885 0.180692 -0.003174 0.132689 0.182952 0.099776 0.054325 0.057847 0.167708 0.124357 0.185077 0.121600 0.154234 0.241094 -0.049918 0.054029 0.105768 0.084733 0.228468 0.155803 0.111251 0.106755 0.047591 0.100392 0.196888 0.200343 0.233075 0.251501 0.167811 0.249446 
0.251559 0.317603 0.148064 0.134415 0.144512 0.266129 0.275089 0.111478 0.201028 0.226709 -0.019710 0.172770 0.134243 0.235740 0.165625 0.366484 0.273147 0.103582 0.219323 0.146106 0.072104 0.174989 0.243719 0.182646 0.260911 0.214279 0.364861 1.000000 0.280097 0.240156 0.159864 0.256168 0.250838 0.094905 0.153744 0.088817 0.036126 0.077438 0.170797 0.093339 0.125427 0.037379 0.169410 0.023867 0.192202 0.096181 0.261301 0.086817 0.223544 0.161876 0.062417 0.074011 0.061330 0.014969 0.076504 0.164925 0.082513 0.124445 0.043491 0.193424 0.593950 0.187305 0.162510 0.151584 0.142722 0.176657 
0.224048 0.306619 0.120039 0.120340 0.091709 0.151818 0.121573 0.261800 0.107576 0.308032 0.073012 0.049665 0.116458 0.093477 0.163783 0.304411 0.105954 0.168488 0.149241 0.198255 0.101217 0.412389 0.086222 0.229400 0.423852 0.106581 0.350756 0.280097 1.000000 0.208037 0.276638 0.129926 0.192425 0.232092 0.307879 0.127034 0.126182 0.139864 0.073071 0.095220 0.261865 0.082865 0.135235 0.096179 0.206601 0.206488 0.235829 0.168008 0.186731 0.167772 -0.016244 0.183758 0.194962 0.148473 0.199342 0.127649 0.050186 0.154623 0.035530 0.114064 0.157282 0.236572 0.223832 0.245265 0.079903 0.148594 
0.819546 0.121163 0.087971 0.084803 0.161641 0.131457 0.319623 0.291946 0.353021 0.217119 0.022659 0.128371 0.224546 0.140950 0.535995 0.190504 0.218384 0.156946 0.393003 0.180468 0.053923 0.412669 0.141123 0.257140 0.175920 0.127811 0.293730 0.240156 0.208037 1.000000 0.457298 0.313478 0.871512 0.293794 0.158373 0.110798 0.061835 0.112788 0.040794 0.282431 0.220471 0.200002 0.179964 0.082074 0.034859 0.274735 0.144149 0.214399 0.128634 0.283108 0.009485 0.076052 0.154179 0.070736 0.251960 0.184190 0.262223 0.088429 -0.038486 0.132259 0.161245 0.143960 0.413715 0.263063 0.150753 0.448635 
0.611179 0.136626 0.155808 0.084591 0.107886 0.251761 0.075618 0.454150 0.029052 0.196120 0.089790 0.107768 0.150557 0.081342 0.221073 0.221632 0.100144 0.090922 0.194461 0.329953 0.068959 0.437054 0.133471 0.255863 0.209368 0.106295 0.442962 0.159864 0.276638 0.457298 1.000000 0.157462 0.385559 0.271182 0.128414 0.143492 0.137697 0.193561 0.094992 0.174566 0.258444 0.041097 0.265715 0.155991 0.061134 0.250560 0.083528 0.115961 0.212722 0.263802 0.000799 0.037497 0.148795 0.152950 0.331162 0.199016 0.234128 0.225042 -0.032387 0.144625 0.106526 0.286181 0.294625 0.369794 0.108501 0.262041 
0.311213 0.047696 0.031909 -0.003108 0.455860 0.311748 0.431524 0.012188 0.458131 -0.009773 -0.053326 0.141791 0.118273 0.066288 0.263595 0.043438 0.429312 0.054084 0.160906 0.091863 -0.036082 0.155792 0.062799 0.067286 -0.018407 0.108545 0.134262 0.256168 0.129926 0.313478 0.157462 1.000000 0.283559 0.171240 0.134173 0.150522 -0.018027 0.102388 0.242665 0.201686 -0.002392 0.180503 0.128311 0.084872 0.133827 0.100237 0.088387 0.137533 0.026937 0.171411 -0.032308 0.127596 -0.002939 -0.007882 0.136317 0.102235 0.199256 0.057633 0.159882 0.196416 0.139380 0.160862 0.213666 -0.017284 0.087560 0.249730 
0.685480 0.136339 0.095360 0.158570 0.115195 0.123852 0.282349 0.190133 0.289891 0.263655 -0.010970 0.136906 0.302809 0.158619 0.421635 0.207788 0.208880 0.252709 0.284322 0.112306 0.140919 0.454459 0.135417 0.288257 0.241208 0.132934 0.267828 0.250838 0.192425 0.871512 0.385559 0.283559 1.000000 0.227767 0.136097 0.129059 0.062970 0.189249 0.073985 0.297924 0.202770 0.219160 0.192939 0.100206 0.053813 0.267303 0.153160 0.228590 0.125644 0.354592 0.011571 0.043528 0.099793 0.076470 0.328328 0.207662 0.311344 0.084626 -0.021731 0.142903 0.182375 0.154223 0.378638 0.208536 0.210355 0.471312 
0.479439 0.024239 0.108776 0.098898 0.101750 0.038208 0.217558 0.396347 0.255241 0.229384 0.189448 0.219907 0.075891 0.160845 0.434356 0.208869 0.140873 0.070601 0.259987 0.157183 0.057657 0.274483 0.175507 0.285855 0.255432 0.116180 0.172112 0.094905 0.232092 0.293794 0.271182 0.171240 0.227767 1.000000 0.107005 0.050066 0.184307 0.074056 -0.016846 0.385032 0.573906 0.526634 0.176595 0.263584 0.281130 0.351161 0.208005 0.622267 0.172271 0.225113 0.103048 0.421407 0.381247 0.166751 0.148484 0.116010 0.075167 0.248050 0.114716 0.128982 0.077461 0.163024 0.792822 0.565395 0.119166 0.476692 
0.141532 0.523747 0.160086 0.076268 0.138876 0.189220 0.000279 0.171137 -0.003046 0.154910 0.067669 0.202751 0.040014 0.102266 0.074590 0.158829 -0.005306 0.178733 0.223330 0.232193 0.071734 0.209494 0.265200 0.169121 0.234168 0.203181 0.169410 0.153744 0.307879 0.158373 0.128414 0.134173 0.136097 0.107005 1.000000 0.412323 0.071424 0.149470 0.061992 0.031851 0.126394 0.013189 -0.003023 0.034197 0.166384 0.077882 0.177582 0.007864 0.110161 0.079530 -0.022842 0.128090 0.126468 0.067053 0.122856 0.209491 0.021048 0.035480 0.021359 0.149120 0.179437 0.203651 0.072640 0.148604 0.122499 0.026684 
0.107169 0.016927 0.179388 0.130055 0.090957 0.183561 0.045908 0.127328 -0.042619 0.150382 -0.027402 0.118544 0.107921 0.136225 0.014226 0.138635 0.064491 0.165371 0.085303 0.159806 0.084381 0.192276 0.124467 0.205811 0.170146 0.201204 0.139846 0.088817 0.127034 0.110798 0.143492 0.150522 0.129059 0.050066 0.412323 1.000000 0.009866 0.179573 0.140523 0.036872 0.071584 0.001753 0.099281 0.014204 0.104834 0.104907 0.115585 0.007344 0.198956 0.024275 0.063154 0.052338 0.105703 0.031132 0.196304 0.348184 0.297898 0.052538 0.023303 0.097834 0.091031 0.235422 0.075561 0.187075 0.116312 0.119755 
0.095505 0.118293 0.055743 0.224846 0.011205 0.028581 -0.005837 0.045844 0.050203 0.057144 0.077100 0.095318 0.085774 0.094042 0.104282 0.031414 -0.062756 0.026530 0.122690 0.107620 0.155328 0.101546 0.051977 -0.016015 0.104437 0.170572 0.099885 0.036126 0.126182 0.061835 0.137697 -0.018027 0.062970 0.184307 0.071424 0.009866 1.000000 0.010425 0.044722 0.090339 0.219614 0.129902 0.490655 0.288146 0.104934 0.498407 0.143929 0.140369 0.107814 0.071752 -0.007098 0.125395 0.136793 0.821862 0.107865 0.105135 0.051137 0.647352 0.039089 0.141367 0.041228 0.092178 0.185025 0.161159 0.029627 0.120278 
0.076812 0.135475 0.093961 0.074401 0.087334 0.133903 0.013021 0.174537 -0.076709 0.216247 0.070638 0.089659 0.078368 0.092256 -0.012017 0.098538 0.071978 0.086671 0.040989 0.080912 0.088249 0.204047 0.201295 0.151090 0.153686 0.055914 0.180692 0.077438 0.139864 0.112788 0.193561 0.102388 0.189249 0.074056 0.149470 0.179573 0.010425 1.000000 0.054640 0.208904 0.120049 0.141199 0.076441 0.163903 0.121999 0.086124 0.072560 0.075031 0.124134 0.576657 0.074513 0.016886 0.083955 0.054932 0.141134 0.294638 0.148033 0.068386 -0.000558 0.078508 0.122080 0.055929 0.198458 0.156074 0.483876 0.259421 
-0.010696 0.070141 -0.015391 0.026039 0.036767 0.396744 0.053438 -0.065240 -0.042488 -0.054488 -0.035753 0.064689 0.022822 0.019788 -0.113900 -0.003644 0.149081 0.007712 0.072057 0.032883 -0.012397 0.051157 -0.001727 -0.077268 -0.040394 0.045259 -0.003174 0.170797 0.073071 0.040794 0.094992 0.242665 0.073985 -0.016846 0.061992 0.140523 0.044722 0.054640 1.000000 0.053400 -0.020718 0.020584 0.080407 0.079171 0.070136 0.067967 0.045965 -0.005799 0.012823 0.072691 0.087854 0.087784 -0.004671 0.032851 0.121613 -0.003292 0.159280 0.015777 0.147676 0.212155 0.272088 0.094652 0.020707 0.028497 0.187488 0.049752 
0.306084 0.063841 0.075453 0.108332 0.137974 0.134934 0.156816 0.163623 0.263707 0.304012 0.041985 0.143910 0.094548 0.104251 0.306378 0.187611 0.058761 0.047835 0.164535 0.053018 0.083573 0.191918 0.262627 0.202543 0.276684 0.074437 0.132689 0.093339 0.095220 0.282431 0.174566 0.201686 0.297924 0.385032 0.031851 0.036872 0.090339 0.208904 0.053400 1.000000 0.187076 0.717149 -0.004672 0.346547 0.068415 0.587161 0.080826 0.586941 0.216834 0.570306 -0.018654 0.130743 0.042157 0.102604 0.078751 0.261481 0.083249 0.049551 0.115711 0.065773 0.134577 0.115657 0.408918 0.125092 0.391780 0.442071 
0.299396 0.070971 0.131786 0.136208 0.048231 -0.045239 0.134513 0.392504 0.141165 0.243696 0.210244 0.240388 0.109087 0.222371 0.229924 0.213820 0.113615 0.058923 0.159327 0.134831 0.106751 0.279760 0.184586 0.257245 0.231387 0.169173 0.182952 0.125427 0.261865 0.220471 0.258444 -0.002392 0.202770 0.573906 0.126394 0.071584 0.219614 0.120049 -0.020718 0.187076 1.000000 0.187632 0.248001 0.332880 0.164629 0.284106 0.150693 0.358262 0.154871 0.194173 0.107066 0.233623 0.231178 0.224364 0.210923 0.157444 0.113078 0.429435 -0.007981 0.104882 0.078180 0.254313 0.417493 0.520662 0.047706 0.277712 
0.235831 0.025147 0.067340 0.132832 0.107290 0.042208 0.102511 0.088966 0.268545 0.165797 0.078887 0.122052 0.054642 0.110893 0.336400 0.082811 0.021995 0.061815 0.161592 0.074508 0.091712 0.172987 0.177756 0.169780 0.177059 0.099373 0.099776 0.037379 0.082865 0.200002 0.041097 0.180503 0.219160 0.526634 0.013189 0.001753 0.129902 0.141199 0.020584 0.717149 0.187632 1.000000 0.027242 0.327121 0.019943 0.359652 0.004785 0.742614 0.086508 0.312206 0.040723 0.116662 0.032827 0.123817 0.085377 0.169241 0.112492 0.112705 0.017092 0.094656 0.079147 0.055068 0.423988 0.074885 0.312240 0.399142 
0.201198 0.079963 0.163077 0.158791 0.147533 0.024075 0.175275 0.034728 0.089547 0.128028 0.015260 0.108089 0.081683 0.117771 0.117357 0.138210 0.232131 0.025785 0.131094 0.060571 0.086090 0.130464 0.129577 0.112526 0.062456 0.143142 0.054325 0.169410 0.135235 0.179964 0.265715 0.128311 0.192939 0.176595 -0.003023 0.099281 0.490655 0.076441 0.080407 -0.004672 0.248001 0.027242 1.000000 0.198728 0.097173 0.318876 0.101363 0.076606 0.115475 0.082087 0.068508 0.151326 0.082925 0.528987 0.229024 0.217070 0.242445 0.798354 0.051111 0.176826 0.086706 0.244296 0.217009 0.189096 -0.031449 0.254863 
0.092968 0.073855 -0.018925 0.167367 0.112009 0.046504 0.047540 0.091210 0.122745 0.149453 0.131822 0.073213 0.144981 0.025894 0.151087 0.072480 0.022417 -0.048083 0.016481 0.035207 0.153241 0.058012 0.162013 0.023264 0.147423 0.069766 0.057847 0.023867 0.096179 0.082074 0.155991 0.084872 0.100206 0.263584 0.034197 0.014204 0.288146 0.163903 0.079171 0.346547 0.332880 0.327121 0.198728 1.000000 -0.019351 0.586137 -0.036768 0.465282 0.108581 0.186937 -0.016058 0.047604 0.002914 0.508395 0.052158 0.169544 0.074205 0.336165 -0.060039 0.114105 0.041794 0.064114 0.202555 0.085598 0.051668 0.177168 
0.113310 0.224598 0.117730 0.107975 0.077857 0.119031 0.125935 0.208096 0.089580 0.098493 0.070195 0.146793 0.111450 0.176845 0.138396 -0.023296 0.051041 0.183222 0.203006 0.168662 0.098843 0.108219 -0.066773 0.061872 0.229960 0.203521 0.167708 0.192202 0.206601 0.034859 0.061134 0.133827 0.053813 0.281130 0.166384 0.104834 0.104934 0.121999 0.070136 0.068415 0.164629 0.019943 0.097173 -0.019351 1.000000 0.056810 0.692406 0.093901 0.107212 0.087900 0.093184 0.624261 0.261512 0.026272 0.041971 0.012851 0.051025 0.146191 0.448976 0.103384 0.218106 0.123465 0.257281 0.214980 0.042677 0.115143 
0.285206 0.111100 0.111828 0.151753 0.150935 0.102924 0.138255 0.144956 0.220929 0.254748 0.043024 0.107115 0.139059 0.097640 0.276885 0.214317 0.056800 0.034412 0.122377 0.031677 0.122675 0.208427 0.303085 0.183319 0.210414 0.120595 0.124357 0.096181 0.206488 0.274735 0.250560 0.100237 0.267303 0.351161 0.077882 0.104907 0.498407 0.086124 0.067967 0.587161 0.284106 0.359652 0.318876 0.586137 0.056810 1.000000 0.082973 0.469412 0.228816 0.272189 0.008106 0.085916 0.080984 0.677686 0.142290 0.289873 0.063765 0.361173 0.087188 0.120673 0.041967 0.173109 0.381496 0.193359 0.170403 0.389886 
0.157785 0.244450 0.094390 0.180662 0.079051 0.109676 0.091168 0.215631 0.055489 0.141501 0.085821 0.187275 0.129143 0.370707 0.142477 0.032352 0.063416 0.138619 0.181561 0.105420 0.168420 0.109602 -0.035454 0.093636 0.292514 0.329013 0.185077 0.261301 0.235829 0.144149 0.083528 0.088387 0.153160 0.208005 0.177582 0.115585 0.143929 0.072560 0.045965 0.080826 0.150693 0.004785 0.101363 -0.036768 0.692406 0.082973 1.000000 0.068783 0.086483 0.109751 0.134051 0.381339 0.169456 0.061491 0.011410 0.043743 0.060816 0.138628 0.285989 0.128411 0.334908 0.097199 0.232648 0.180694 0.027551 0.132530 
0.255661 0.023216 0.041050 0.129110 0.094794 0.044776 0.111819 0.152080 0.230333 0.217725 0.073442 0.079897 0.075203 0.090027 0.328126 0.158205 0.048318 0.056673 0.081218 0.079449 0.076580 0.213528 0.189241 0.205664 0.205625 0.089678 0.121600 0.086817 0.168008 0.214399 0.115961 0.137533 0.228590 0.622267 0.007864 0.007344 0.140369 0.075031 -0.005799 0.586941 0.358262 0.742614 0.076606 0.465282 0.093901 0.469412 0.068783 1.000000 0.181520 0.302780 0.055379 0.143067 0.053495 0.177721 0.077889 0.192381 0.069300 0.163139 0.046484 0.082778 0.092057 0.077375 0.506026 0.136858 0.209566 0.408932 
0.140310 0.141088 0.137592 0.002350 0.092575 0.113845 -0.007275 0.125151 -0.029638 0.395500 0.005234 0.060740 0.019402 0.044849 0.060437 0.536672 0.004643 0.132582 0.119023 0.157013 -0.013887 0.178932 0.429087 0.211310 0.237713 0.034874 0.154234 0.223544 0.186731 0.128634 0.212722 0.026937 0.125644 0.172271 0.110161 0.198956 0.107814 0.124134 0.012823 0.216834 0.154871 0.086508 0.115475 0.108581 0.107212 0.228816 0.086483 0.181520 1.000000 0.222046 -0.045859 0.022899 0.073440 0.091818 0.177030 0.673782 0.293439 0.132710 0.147056 0.120714 0.295783 0.192775 0.163316 0.221675 0.136281 0.143448 
0.239417 0.097676 0.157530 0.149879 0.099393 0.152371 0.028312 0.222652 0.051704 0.374873 0.075116 0.089830 0.090665 0.058395 0.163639 0.220934 0.028185 0.079157 0.127534 0.088805 0.132743 0.256633 0.243268 0.272483 0.327099 0.034635 0.241094 0.161876 0.167772 0.283108 0.263802 0.171411 0.354592 0.225113 0.079530 0.024275 0.071752 0.576657 0.072691 0.570306 0.194173 0.312206 0.082087 0.186937 0.087900 0.272189 0.109751 0.302780 0.222046 1.000000 0.007401 0.072114 0.039650 0.053565 0.165557 0.288923 0.155548 0.080222 0.074790 0.090539 0.207930 0.103654 0.313473 0.129552 0.378638 0.356103 
-0.012844 0.169433 0.187066 0.064702 0.079036 0.005354 -0.000017 0.079717 -0.028628 0.023531 0.075655 0.126666 0.028408 0.169730 0.011634 0.003560 0.080818 0.109599 -0.022794 -0.034972 0.049554 -0.004095 0.090105 0.075684 -0.005575 0.247876 -0.049918 0.062417 -0.016244 0.009485 0.000799 -0.032308 0.011571 0.103048 -0.022842 0.063154 -0.007098 0.074513 0.087854 -0.018654 0.107066 0.040723 0.068508 -0.016058 0.093184 0.008106 0.134051 0.055379 -0.045859 0.007401 1.000000 0.139091 0.488462 0.012645 0.095674 -0.041027 0.130322 0.055358 0.088692 0.036123 0.005895 0.046066 0.064190 0.099331 0.105125 0.150778 
0.156936 0.080713 0.127776 0.116300 0.078672 0.143343 0.105331 0.227378 0.109330 0.026470 0.102892 0.123916 0.071546 0.093283 0.151165 -0.019162 0.065627 0.091458 0.208364 0.080553 0.120273 0.097934 -0.039009 0.058092 0.122739 0.134662 0.054029 0.074011 0.183758 0.076052 0.037497 0.127596 0.043528 0.421407 0.128090 0.052338 0.125395 0.016886 0.087784 0.130743 0.233623 0.116662 0.151326 0.047604 0.624261 0.085916 0.381339 0.143067 0.022899 0.072114 0.139091 1.000000 0.416502 0.065888 0.066212 -0.013090 0.034502 0.134236 0.376026 0.091079 0.083394 0.107841 0.325616 0.274985 0.026923 0.122522 
0.199849 0.143612 0.121081 0.066606 0.016053 0.067201 0.077174 0.266928 0.034839 0.155038 0.106509 0.149293 0.113236 0.186900 0.143620 0.102822 0.056790 0.142597 0.207907 0.188247 0.077883 0.156768 0.076210 0.114696 0.172947 0.193784 0.105768 0.061330 0.194962 0.154179 0.148795 -0.002939 0.099793 0.381247 0.126468 0.105703 0.136793 0.083955 -0.004671 0.042157 0.231178 0.032827 0.082925 0.002914 0.261512 0.080984 0.169456 0.053495 0.073440 0.039650 0.488462 0.416502 1.000000 0.099163 0.110002 0.023697 0.021751 0.119065 0.140956 0.178780 0.090589 0.053046 0.264560 0.412577 0.057517 0.128996 
0.096870 0.111731 0.091021 0.203613 0.060889 0.017417 0.023518 0.025281 0.055205 0.052929 0.035048 0.060174 0.115940 0.043998 0.104158 0.041959 -0.040938 -0.003459 0.079996 0.063644 0.186731 0.090018 0.124019 0.004037 0.082506 0.121869 0.084733 0.014969 0.148473 0.070736 0.152950 -0.007882 0.076470 0.166751 0.067053 0.031132 0.821862 0.054932 0.032851 0.102604 0.224364 0.123817 0.528987 0.508395 0.026272 0.677686 0.061491 0.177721 0.091818 0.053565 0.012645 0.065888 0.099163 1.000000 0.087895 0.134404 0.037592 0.651113 0.014210 0.113405 -0.018317 0.052019 0.169583 0.101120 0.007466 0.132235 
0.328101 0.127940 0.196267 0.191646 0.093514 0.060551 0.101412 0.190074 0.061486 0.180620 0.065648 0.092559 0.233502 0.097838 0.133720 0.163634 0.096327 0.176289 0.064772 0.195211 0.165670 0.486592 0.095532 0.350928 0.148544 0.084842 0.228468 0.076504 0.199342 0.251960 0.331162 0.136317 0.328328 0.148484 0.122856 0.196304 0.107865 0.141134 0.121613 0.078751 0.210923 0.085377 0.229024 0.052158 0.041971 0.142290 0.011410 0.077889 0.177030 0.165557 0.095674 0.066212 0.110002 0.087895 1.000000 0.233664 0.699647 0.166801 0.032949 0.401674 0.022495 0.448126 0.204786 0.277739 0.050334 0.350468 
0.156898 0.102026 0.208716 0.097313 0.222017 0.094351 0.086533 0.152541 0.053598 0.355427 0.046180 0.189801 0.109279 0.114687 0.103191 0.456117 0.103013 0.149499 0.134030 0.110835 0.101534 0.214525 0.645360 0.244353 0.195504 0.126575 0.155803 0.164925 0.127649 0.184190 0.199016 0.102235 0.207662 0.116010 0.209491 0.348184 0.105135 0.294638 -0.003292 0.261481 0.157444 0.169241 0.217070 0.169544 0.012851 0.289873 0.043743 0.192381 0.673782 0.288923 -0.041027 -0.013090 0.023697 0.134404 0.233664 1.000000 0.335227 0.145211 0.056535 0.091632 0.141880 0.233675 0.131622 0.129766 0.216201 0.179333 
0.285911 0.087303 0.171128 0.134274 0.114228 0.072078 0.108651 0.068663 0.074404 0.122477 0.000787 0.023614 0.209530 0.071246 0.139725 0.109519 0.128404 0.125758 0.078941 0.090501 0.110055 0.387075 0.064854 0.315968 0.088033 0.060901 0.111251 0.082513 0.050186 0.262223 0.234128 0.199256 0.311344 0.075167 0.021048 0.297898 0.051137 0.148033 0.159280 0.083249 0.113078 0.112492 0.242445 0.074205 0.051025 0.063765 0.060816 0.069300 0.293439 0.155548 0.130322 0.034502 0.021751 0.037592 0.699647 0.335227 1.000000 0.152638 0.102055 0.374662 0.170756 0.238298 0.122544 0.096602 0.040821 0.303475 
0.164203 0.144635 0.157515 0.176501 0.069353 0.003439 0.130019 0.097505 0.112483 0.123996 0.106010 0.117166 0.115250 0.133233 0.151415 0.117935 0.103095 0.007413 0.121329 0.108028 0.109380 0.107279 0.126426 0.073314 0.123929 0.164061 0.106755 0.124445 0.154623 0.088429 0.225042 0.057633 0.084626 0.248050 0.035480 0.052538 0.647352 0.068386 0.015777 0.049551 0.429435 0.112705 0.798354 0.336165 0.146191 0.361173 0.138628 0.163139 0.132710 0.080222 0.055358 0.134236 0.119065 0.651113 0.166801 0.145211 0.152638 1.000000 0.059353 0.174280 0.079744 0.255364 0.244945 0.207088 -0.010346 0.205462 
0.000663 0.034046 0.132372 0.016502 0.091704 0.173441 0.086853 0.047443 0.110973 0.043999 0.051478 0.121233 0.041953 0.097454 0.045961 -0.055953 0.050715 0.236189 0.150552 0.107814 0.017400 0.019256 -0.011599 -0.018570 0.091079 0.140745 0.047591 0.043491 0.035530 -0.038486 -0.032387 0.159882 -0.021731 0.114716 0.021359 0.023303 0.039089 -0.000558 0.147676 0.115711 -0.007981 0.017092 0.051111 -0.060039 0.448976 0.087188 0.285989 0.046484 0.147056 0.074790 0.088692 0.376026 0.140956 0.014210 0.032949 0.056535 0.102055 0.059353 1.000000 0.093420 0.084806 0.043643 0.145371 0.101685 0.058366 0.126295 
0.185963 0.104322 0.169702 0.115722 0.037080 0.170353 0.136305 0.073021 0.074394 0.028489 -0.032338 0.118186 0.117427 0.139269 0.079497 0.023756 0.107279 0.101650 0.174285 0.104203 0.081898 0.223632 0.054424 0.084839 0.065365 0.195167 0.100392 0.193424 0.114064 0.132259 0.144625 0.196416 0.142903 0.128982 0.149120 0.097834 0.141367 0.078508 0.212155 0.065773 0.104882 0.094656 0.176826 0.114105 0.103384 0.120673 0.128411 0.082778 0.120714 0.090539 0.036123 0.091079 0.178780 0.113405 0.401674 0.091632 0.374662 0.174280 0.093420 1.000000 0.465098 0.251384 0.096154 0.149373 0.138353 0.134113 
0.154736 0.290302 0.138566 0.097946 0.068428 0.249835 0.122630 0.061396 0.064983 0.172173 -0.015811 0.128059 0.066307 0.231952 0.106405 0.231901 0.144289 0.099735 0.224849 0.142195 0.057187 0.124400 0.135498 0.085959 0.207311 0.225054 0.196888 0.593950 0.157282 0.161245 0.106526 0.139380 0.182375 0.077461 0.179437 0.091031 0.041228 0.122080 0.272088 0.134577 0.078180 0.079147 0.086706 0.041794 0.218106 0.041967 0.334908 0.092057 0.295783 0.207930 0.005895 0.083394 0.090589 -0.018317 0.022495 0.141880 0.170756 0.079744 0.084806 0.465098 1.000000 0.086109 0.075247 0.062535 0.214407 0.083802 
0.268188 0.108209 0.181302 0.094783 0.128842 0.129927 0.179394 0.233895 0.114883 0.142541 0.113238 0.176538 0.183357 0.134868 0.146082 0.182344 0.189124 0.080909 0.080892 0.146436 0.084413 0.250589 0.156001 0.230555 0.131827 0.179545 0.200343 0.187305 0.236572 0.143960 0.286181 0.160862 0.154223 0.163024 0.203651 0.235422 0.092178 0.055929 0.094652 0.115657 0.254313 0.055068 0.244296 0.064114 0.123465 0.173109 0.097199 0.077375 0.192775 0.103654 0.046066 0.107841 0.053046 0.052019 0.448126 0.233675 0.238298 0.255364 0.043643 0.251384 0.086109 1.000000 0.187560 0.199031 0.052420 0.205853 
0.545414 0.061937 0.058290 0.101572 0.105292 0.105814 0.281301 0.313891 0.258445 0.275202 0.082860 0.129798 0.153002 0.089228 0.423026 0.209690 0.193893 0.028791 0.225123 0.093400 0.050456 0.328892 0.157190 0.299494 0.285072 0.050210 0.233075 0.162510 0.223832 0.413715 0.294625 0.213666 0.378638 0.792822 0.072640 0.075561 0.185025 0.198458 0.020707 0.408918 0.417493 0.423988 0.217009 0.202555 0.257281 0.381496 0.232648 0.506026 0.163316 0.313473 0.064190 0.325616 0.264560 0.169583 0.204786 0.131622 0.122544 0.244945 0.145371 0.096154 0.075247 0.187560 1.000000 0.606497 0.246748 0.787225 
0.379582 0.084312 0.095952 0.119256 -0.035224 0.076976 0.137432 0.404472 0.078144 0.265767 0.142810 0.195961 0.124409 0.147286 0.219864 0.202007 0.108753 0.144852 0.191736 0.227162 0.096671 0.280870 0.116692 0.270167 0.289992 0.101180 0.251501 0.151584 0.245265 0.263063 0.369794 -0.017284 0.208536 0.565395 0.148604 0.187075 0.161159 0.156074 0.028497 0.125092 0.520662 0.074885 0.189096 0.085598 0.214980 0.193359 0.180694 0.136858 0.221675 0.129552 0.099331 0.274985 0.412577 0.101120 0.277739 0.129766 0.096602 0.207088 0.101685 0.149373 0.062535 0.199031 0.606497 1.000000 0.095187 0.405434 
0.142030 0.102156 0.099935 0.062778 0.067852 0.263874 0.101092 0.117484 0.016171 0.164700 0.037022 0.118424 0.060701 0.078968 0.044905 0.101419 0.080961 0.109648 0.178319 0.109087 0.018158 0.153894 0.227621 0.116910 0.135945 0.097642 0.167811 0.142722 0.079903 0.150753 0.108501 0.087560 0.210355 0.119166 0.122499 0.116312 0.029627 0.483876 0.187488 0.391780 0.047706 0.312240 -0.031449 0.051668 0.042677 0.170403 0.027551 0.209566 0.136281 0.378638 0.105125 0.026923 0.057517 0.007466 0.050334 0.216201 0.040821 -0.010346 0.058366 0.138353 0.214407 0.052420 0.246748 0.095187 1.000000 0.340214 
0.474822 0.060628 0.086204 0.126654 0.150792 0.116275 0.289442 0.200263 0.256268 0.342843 0.029463 0.117347 0.173735 0.117984 0.343689 0.201340 0.272073 0.088853 0.163382 0.074282 0.070307 0.370814 0.181972 0.362635 0.257335 0.071962 0.249446 0.176657 0.148594 0.448635 0.262041 0.249730 0.471312 0.476692 0.026684 0.119755 0.120278 0.259421 0.049752 0.442071 0.277712 0.399142 0.254863 0.177168 0.115143 0.389886 0.132530 0.408932 0.143448 0.356103 0.150778 0.122522 0.128996 0.132235 0.350468 0.179333 0.303475 0.205462 0.126295 0.134113 0.083802 0.205853 0.787225 0.405434 0.340214 1.000000 
