0.000000000000000000e+00 1.016822079565156238e-02 4.045421176764599919e-03 6.013463911406838162e-03 1.126157787045280537e-02 1.921184574293613142e-03 1.863392843196975956e-02 6.138419005669836989e-03 4.826390515908345405e-03 2.858347781266107595e-03 1.004326570138856269e-02 8.762475985192821892e-03 5.857270043578089412e-03 1.829030192274651301e-02 1.685331833872202173e-02 1.379191852927854137e-02 1.854021211127251240e-02 3.592458960061228196e-04 6.731955703419083802e-03 6.825672024116333572e-03 7.575402589694328268e-03 6.263374099932836683e-03 1.104290645549255677e-02 1.113662277618980741e-02 7.653499523608703076e-04 6.544523062024585128e-03 1.104290645549255677e-02 2.456929540946222595e-02 6.263374099932836683e-03 3.545600799712603311e-03 6.138419005669836989e-03 3.795510988238601831e-03 1.591615513174952923e-02 2.077378442122362109e-03 6.263374099932836683e-03 6.716336316636208623e-04 6.950627118379332399e-03 1.322962060509504448e-02 4.045421176764599919e-03 6.669478156287583955e-03 9.762116739296815976e-03 1.688455711228777079e-02 5.638598628617840815e-03 2.670915139871608487e-03 1.607234899957827798e-02 9.605922871468065491e-03 1.772800399856301612e-02 1.266732268091154759e-02 1.235493494525405009e-02 1.222997985099105039e-02 2.702153913437358411e-03 4.420286459553598134e-03 5.482404760789091197e-03 2.514721272042859737e-03 2.421004951345609967e-03 4.014182403198849995e-03 6.013463911406838162e-03 1.044936975774331082e-02 2.038329975165175181e-02 8.949908626587319699e-03 8.606282117364073142e-03 1.344829202005529308e-02 1.329209815222654432e-02 1.035565343704606192e-02 6.044702684972588086e-03 2.795870234134607748e-03 
1.016822079565156238e-02 0.000000000000000000e+00 2.952064101963356932e-03 8.168939287443574213e-03 2.983302875529106855e-03 7.028724052293706774e-04 2.046139668556612619e-03 1.358886650110116686e-03 2.733392687003108334e-03 2.296049857082611140e-03 1.296409102978617056e-03 2.608437592740109074e-03 5.826031270012339489e-03 4.357808912422098287e-03 3.592458960061228196e-04 3.389406931883854127e-03 3.795510988238601831e-03 1.113662277618980741e-02 7.965887259266201227e-04 8.278274994923699379e-04 4.576480327382346884e-03 8.293894381706573907e-03 4.045421176764599919e-03 7.762835231088827809e-03 2.608437592740109074e-03 2.389766177779860477e-03 5.888508817143839336e-03 8.481327023101073448e-03 1.483841744373115947e-03 8.231416834575074060e-03 5.982225137841088239e-03 5.263733345828842600e-03 1.291723286943754524e-02 6.716336316636208623e-04 1.015260140886868829e-03 1.116786154975555646e-02 6.200896552801336836e-03 5.544882307920591044e-03 9.824594286428314088e-03 1.151148805897880475e-02 4.857629289474095328e-03 1.051184730487481067e-02 2.046139668556612619e-03 9.527825937553691983e-04 1.327647876544366763e-03 1.382315730284429042e-02 9.527825937553691983e-04 1.098042890836105692e-02 4.920106836605595176e-03 1.577558065070365284e-03 5.138778251565843773e-03 8.387610702403822810e-03 6.669478156287583955e-03 7.325492401168329747e-03 3.014541649094856345e-03 4.982584383737094155e-03 2.733392687003108334e-03 3.608078346844102724e-03 5.779173109663714170e-04 5.170017025131593696e-03 4.826390515908345405e-03 2.327288630648360630e-03 5.357449666526092370e-03 2.452243724911359890e-03 2.046139668556612619e-03 6.950627118379332399e-03 
4.045421176764599919e-03 2.952064101963356932e-03 0.000000000000000000e+00 7.731596457523077885e-03 7.028724052293706774e-04 3.764272214672851908e-03 1.485403683051403356e-02 1.390125423675866393e-03 1.435421645346203652e-02 7.075582212642332093e-03 5.013823157302844079e-03 1.529137966043453076e-02 5.107539478000093849e-03 7.044343439076582170e-03 9.137341267981819240e-03 5.482404760789091197e-03 1.347953079362104213e-02 5.701076175749339794e-03 9.762116739296815976e-03 3.280071224403730045e-04 8.824953532324321739e-03 6.169657779235586913e-03 7.356731174734079670e-03 7.762835231088827809e-03 1.952423347859363065e-03 9.168580041547568296e-03 7.700357683957327962e-03 1.421364197241616317e-03 2.296049857082611140e-03 6.950627118379332399e-03 1.741561626290551862e-02 4.607719100948096808e-03 4.045421176764599919e-03 3.295690611186604790e-03 2.046139668556612619e-03 1.157396560611030460e-02 3.451884479015353974e-03 1.182387579463630226e-02 2.983302875529106855e-03 8.200178061009325003e-03 9.668400418599565338e-03 6.513284288458835204e-03 1.889945800727863435e-03 1.077737688018368459e-03 1.950861409181075395e-02 7.138059759773831073e-03 9.074863720850319393e-03 9.215438201896193832e-04 1.123033909688705631e-02 1.983662121425112772e-03 3.077019196226356192e-03 2.545960045608609227e-03 6.107180232104087933e-03 7.637880136825828115e-03 6.950627118379332399e-03 1.671274385767614837e-03 1.733751932899114468e-03 5.732314949315089718e-03 8.012745419614825462e-03 1.671274385767614837e-03 1.483841744373115947e-03 3.170735516923605529e-03 7.044343439076582170e-03 6.669478156287583955e-03 1.702513159333364544e-03 9.356012682942067837e-03 
6.013463911406838162e-03 8.168939287443574213e-03 7.731596457523077885e-03 0.000000000000000000e+00 2.702153913437358411e-03 1.066804117270355942e-02 2.275744654264873559e-02 2.400699748527872907e-02 9.824594286428314088e-03 5.388688440091842294e-03 1.713446730081377017e-02 6.607000609156084107e-03 1.057432485200631052e-02 1.391687362354153933e-02 1.327647876544366763e-03 7.028724052293706774e-04 1.860268965840401051e-02 8.981147400153070490e-03 1.483841744373115947e-03 1.718132546116239560e-04 1.179263702107055320e-02 2.828670946378645037e-02 1.015260140886868829e-03 1.291723286943754524e-02 3.384721115848991768e-02 2.038329975165175181e-02 9.980788154257064573e-03 9.840213673211189050e-04 1.513518579260578201e-02 2.967683488746231894e-04 1.151148805897880475e-02 7.106820986208081149e-03 4.842009902691220258e-04 1.577558065070365284e-03 6.091560845321212321e-04 2.952064101963356932e-03 1.171454008715617796e-03 7.325492401168329747e-03 1.952423347859363065e-03 1.577558065070365284e-03 1.401058994423878996e-02 3.139496743357855606e-03 6.825672024116333572e-03 7.294253627602580690e-03 5.701076175749339794e-03 6.091560845321212321e-04 9.574684097902316435e-03 2.983302875529106855e-03 4.607719100948096808e-03 1.421364197241616317e-03 4.576480327382346884e-03 7.231776080471080843e-03 2.046139668556612619e-03 3.358168158318104637e-03 1.023069834278306223e-02 5.763553722880839641e-03 8.699998438061322045e-03 4.888868063039845252e-03 8.418849475969573601e-03 3.264451837620854866e-03 2.030520281773737440e-04 4.826390515908345405e-03 5.107539478000093849e-03 2.639676366305858998e-03 3.733033441107101984e-03 1.171454008715617796e-03 
1.126157787045280537e-02 2.983302875529106855e-03 7.028724052293706774e-04 2.702153913437358411e-03 0.000000000000000000e+00 1.108976461584118165e-03 1.082423504053230817e-02 3.326929384752354713e-03 1.551005107539477935e-02 2.452243724911359890e-03 7.981506646049076406e-03 1.238617371881979914e-02 9.215438201896193832e-04 6.950627118379332399e-03 5.701076175749339794e-03 1.858707027162113511e-03 4.201615044593349536e-03 3.826749761804351755e-03 1.010574324852006253e-02 7.138059759773831073e-03 4.529622167033722107e-04 1.082423504053230817e-02 8.075222966746325309e-03 8.512565796666822504e-03 8.590662730581197530e-04 3.904846695718726347e-04 1.713446730081377017e-02 5.045061930868594002e-03 1.413554503850178792e-02 6.981865891945082322e-03 3.982943629633100939e-03 5.451165987223341274e-03 6.763194476984833725e-03 1.077737688018368459e-03 8.903050466238695681e-04 9.527825937553691983e-04 3.701794667541352495e-03 4.701435421645346578e-03 6.716336316636208623e-04 8.450088249535322657e-03 1.858707027162113511e-03 5.732314949315089718e-03 4.701435421645346578e-03 1.640035612201864914e-03 5.701076175749339794e-03 4.076659950330349842e-03 4.139137497461849689e-03 5.138778251565843773e-03 1.591615513174952923e-02 8.887431079455819852e-03 7.700357683957327962e-03 3.201974290489355453e-03 6.169657779235586913e-03 5.154397638348718952e-04 8.606282117364073142e-03 9.730877965731065185e-03 1.538509598113178140e-02 1.265170329412867349e-03 3.826749761804351755e-03 1.265170329412867349e-03 4.607719100948096808e-03 6.575761835590335051e-03 5.232494572263092676e-03 8.262655608140824851e-03 1.327647876544366763e-03 3.045780422660606269e-03 
1.921184574293613142e-03 7.028724052293706774e-04 3.764272214672851908e-03 1.066804117270355942e-02 1.108976461584118165e-03 0.000000000000000000e+00 7.856551551786076712e-03 6.544523062024585128e-03 1.276103900160879649e-02 7.965887259266201227e-04 9.480967777205067532e-03 5.045061930868594002e-03 2.091435890226949618e-02 3.904846695718726347e-04 7.044343439076582170e-03 7.356731174734079670e-03 4.420286459553598134e-03 7.919029098917576559e-03 7.606641363260078191e-03 1.744685503647126767e-02 2.094559767583524523e-02 1.276103900160879649e-02 1.515080517938865654e-03 9.840213673211189050e-04 4.295331365290598440e-03 2.983302875529106855e-03 7.356731174734079670e-03 2.108617215688112032e-03 2.116426909079549556e-02 4.842009902691220258e-04 1.182387579463630226e-02 7.637880136825828115e-03 6.388329194195835510e-03 8.590662730581197530e-04 1.405744810458741409e-04 6.263374099932836683e-03 4.529622167033722107e-04 3.514362026146853387e-03 1.640035612201864914e-03 1.421364197241616317e-03 2.952064101963356932e-03 2.389766177779860477e-03 5.482404760789091197e-03 7.653499523608703076e-04 8.637520890929822198e-03 3.280071224403730045e-04 8.137700513877825156e-03 2.764631460568858258e-03 8.918669853021570643e-03 8.590662730581197530e-04 1.202692782281367719e-03 3.170735516923605529e-03 1.015260140886868829e-03 7.965887259266201227e-04 1.483841744373115947e-03 2.046139668556612619e-03 4.685816034862471589e-05 1.421364197241616317e-03 1.858707027162113511e-03 2.202333536385361369e-03 3.795510988238601831e-03 1.421364197241616317e-03 6.981865891945082322e-03 2.014900894990862695e-03 7.356731174734079670e-03 8.903050466238695681e-04 
1.863392843196975956e-02 2.046139668556612619e-03 1.485403683051403356e-02 2.275744654264873559e-02 1.082423504053230817e-02 7.856551551786076712e-03 0.000000000000000000e+00 8.512565796666822504e-03 2.920825328397607008e-03 1.416678381206753871e-02 8.668759664495571254e-03 8.450088249535322657e-03 2.483482498477109814e-03 7.450447495431329441e-03 7.512925042562829288e-03 9.668400418599565338e-03 3.356606219639816924e-02 1.635349796167002642e-02 3.295690611186604790e-03 9.106102494416068449e-03 1.332333692579229338e-02 2.847414210518095165e-02 2.057073239304624962e-02 3.644002936444715179e-02 5.950986364275338315e-03 2.764631460568858258e-03 9.199818815113319087e-03 4.107898723896099766e-03 2.460053418302797501e-02 2.207019352420223901e-02 1.413554503850178792e-02 6.325851647064336530e-03 1.497899192477703326e-02 1.600987145244677640e-02 2.421004951345609967e-03 3.795510988238601831e-03 1.707198975368227206e-02 3.170735516923605529e-03 6.107180232104087933e-03 7.700357683957327962e-03 7.794074004654576865e-03 1.041813098417756177e-02 1.794667541352326645e-02 3.139496743357855606e-03 2.827109007700357671e-03 1.794667541352326645e-02 1.515080517938865654e-03 3.358168158318104637e-03 1.347953079362104213e-02 8.137700513877825156e-03 3.795510988238601831e-03 7.341111787951204925e-04 1.233931555847117426e-03 1.357324711431829103e-02 1.635349796167002642e-02 5.466785374006216018e-04 1.441669400059353637e-02 1.764990706464864174e-03 2.171094762819611879e-03 9.762116739296815976e-03 5.154397638348718952e-04 2.389766177779860477e-03 9.012386173718819546e-03 1.182387579463630226e-02 5.669837402183589871e-03 2.733392687003108334e-03 
6.138419005669836989e-03 1.358886650110116686e-03 1.390125423675866393e-03 2.400699748527872907e-02 3.326929384752354713e-03 6.544523062024585128e-03 8.512565796666822504e-03 0.000000000000000000e+00 1.285475532230604713e-02 2.514721272042859737e-03 1.457288786842228512e-02 1.310466551083204478e-02 6.856910797682082628e-03 2.806803804882620351e-02 7.341111787951204925e-04 1.297971041656904509e-02 7.419208721865579517e-03 7.028724052293706774e-04 4.295331365290598440e-03 9.887071833559813935e-03 1.472908173625103560e-02 2.046139668556612619e-03 6.607000609156084107e-03 6.888149571247832552e-03 6.794433250550583649e-03 2.738078503037970693e-02 1.263608390734579680e-02 2.288240163691173529e-02 2.670915139871608487e-03 6.856910797682082628e-03 1.163644315324180445e-02 1.952423347859363065e-03 6.700716929853333878e-03 1.585367758461802765e-02 8.903050466238695681e-04 1.188635334176780210e-02 9.699639192165316129e-03 8.262655608140824851e-03 4.685816034862471589e-05 1.921184574293613142e-03 1.229245739812255024e-02 1.088671258766380802e-02 9.324773909376317046e-03 1.889945800727863435e-03 1.313590428439779384e-02 1.452602970807366023e-03 1.791543663995751393e-02 1.310466551083204478e-02 3.170735516923605529e-03 9.527825937553691983e-04 1.554128984896053015e-02 2.983302875529106855e-03 1.718132546116239560e-04 6.607000609156084107e-03 1.148024928541305396e-02 5.107539478000093849e-03 9.762116739296815976e-03 2.389766177779860477e-03 1.822782437561501490e-02 3.139496743357855606e-03 6.763194476984833725e-03 4.451525233119348057e-03 1.544757352826328124e-02 2.238258125985973651e-02 7.387969948299829594e-03 8.606282117364073142e-03 
4.826390515908345405e-03 2.733392687003108334e-03 1.435421645346203652e-02 9.824594286428314088e-03 1.551005107539477935e-02 1.276103900160879649e-02 2.920825328397607008e-03 1.285475532230604713e-02 0.000000000000000000e+00 4.357808912422098287e-03 6.716336316636208623e-04 1.116786154975555646e-02 3.170735516923605529e-03 4.951345610171345099e-03 3.951704856067351015e-03 4.482764006685097113e-03 1.457288786842228512e-02 1.007450447495431348e-02 4.529622167033722107e-04 4.357808912422098287e-03 2.342908017431235591e-04 1.063680239913781037e-02 1.413554503850178792e-02 1.735313871577401704e-02 1.608796838636115207e-03 8.278274994923699379e-04 1.452602970807366023e-03 3.077019196226356192e-03 1.529137966043453076e-02 9.543445324336567379e-03 9.012386173718819546e-03 1.358886650110116686e-03 4.857629289474095328e-03 2.858347781266107595e-03 8.168939287443574213e-03 5.154397638348718952e-04 9.605922871468065491e-03 5.779173109663714170e-04 1.688455711228777079e-02 8.043984193180576253e-03 1.483841744373115947e-03 1.157396560611030460e-02 7.731596457523077885e-03 4.232853818159099460e-03 1.046498914452618535e-03 1.233931555847117426e-03 7.138059759773831073e-03 1.148024928541305396e-02 1.176139824750480241e-02 9.730877965731065185e-03 6.200896552801336836e-03 2.702153913437358411e-03 2.655295753088733742e-04 4.076659950330349842e-03 1.004326570138856269e-02 9.668400418599565338e-03 1.716570607437951923e-02 4.576480327382346884e-03 8.356371928838073754e-03 1.588491635818377670e-02 8.106461740312076100e-03 5.576121081486340968e-03 4.514002780250847037e-03 1.547881230182903030e-02 1.561938678287490417e-05 1.077737688018368459e-03 
2.858347781266107595e-03 2.296049857082611140e-03 7.075582212642332093e-03 5.388688440091842294e-03 2.452243724911359890e-03 7.965887259266201227e-04 1.416678381206753871e-02 2.514721272042859737e-03 4.357808912422098287e-03 0.000000000000000000e+00 9.840213673211189050e-04 7.544163816128579211e-03 3.857988535370101245e-03 8.137700513877825156e-03 1.497899192477703326e-02 3.514362026146853387e-03 7.700357683957327962e-03 4.482764006685097113e-03 3.014541649094856345e-03 1.116786154975555646e-02 1.216750230385955055e-02 6.950627118379332399e-03 1.421364197241616317e-03 2.269496899551723748e-02 1.151148805897880475e-02 3.170735516923605529e-03 1.015260140886868829e-03 4.670196648079596655e-03 1.119910032332130725e-02 1.616606532027552515e-02 8.637520890929822198e-03 2.670915139871608487e-03 1.066804117270355942e-02 9.043624947284570337e-03 5.919747590709588392e-03 5.201255798697342753e-03 9.074863720850319393e-03 1.791543663995751393e-02 1.016822079565156238e-02 8.918669853021570643e-03 9.262296362244818934e-03 7.013104665510832246e-03 3.014541649094856345e-03 7.919029098917576559e-03 6.825672024116333572e-03 1.007450447495431348e-02 1.889945800727863435e-03 2.795870234134607748e-03 1.265170329412867349e-03 1.347953079362104213e-02 8.606282117364073142e-03 4.795151742342595481e-03 4.576480327382346884e-03 5.138778251565843773e-03 1.557252862252627920e-02 1.026193711634881128e-02 1.316714305796354463e-02 1.358886650110116686e-03 8.543804570232573295e-03 5.732314949315089718e-03 1.452602970807366023e-03 5.482404760789091197e-03 1.691579588585351984e-02 3.514362026146853387e-03 1.357324711431829103e-02 2.066444871374349679e-02 
1.004326570138856269e-02 1.296409102978617056e-03 5.013823157302844079e-03 1.713446730081377017e-02 7.981506646049076406e-03 9.480967777205067532e-03 8.668759664495571254e-03 1.457288786842228512e-02 6.716336316636208623e-04 9.840213673211189050e-04 0.000000000000000000e+00 3.545600799712603311e-03 7.075582212642332093e-03 1.616606532027552515e-02 1.019945956921731317e-02 7.575402589694328268e-03 1.454164909485653606e-02 8.590662730581197530e-04 8.543804570232573295e-03 1.327647876544366763e-03 2.816175436952345415e-02 4.217234431376223956e-04 1.410430626493603887e-02 5.388688440091842294e-03 1.404182871780453902e-02 1.641597550880152454e-02 5.794792496446589565e-03 3.077019196226356192e-03 9.887071833559813935e-03 3.608078346844102724e-03 1.660340815019602234e-02 4.842009902691220258e-04 5.576121081486340968e-03 4.795151742342595481e-03 1.060556362557205957e-02 5.576121081486340968e-03 6.263374099932836683e-03 1.551005107539477935e-02 8.903050466238695681e-04 7.231776080471080843e-03 1.166768192680755351e-02 6.856910797682082628e-03 1.452602970807366023e-03 7.731596457523077885e-03 1.091795136122955881e-02 5.170017025131593696e-03 1.600987145244677640e-02 8.856192305890070796e-03 3.982943629633100939e-03 8.575043343798322351e-03 1.921184574293613142e-03 4.482764006685097113e-03 2.421004951345609967e-03 1.044936975774331082e-02 1.733751932899114468e-03 1.216750230385955055e-02 2.983302875529106855e-03 7.887790325351827503e-03 1.376067975571279058e-02 7.341111787951204925e-04 6.091560845321212321e-04 5.888508817143839336e-03 8.200178061009325003e-03 1.561938678287490417e-05 1.519766333973728185e-02 4.014182403198849995e-03 
8.762475985192821892e-03 2.608437592740109074e-03 1.529137966043453076e-02 6.607000609156084107e-03 1.238617371881979914e-02 5.045061930868594002e-03 8.450088249535322657e-03 1.310466551083204478e-02 1.116786154975555646e-02 7.544163816128579211e-03 3.545600799712603311e-03 0.000000000000000000e+00 4.795151742342595481e-03 1.844649579057526176e-02 1.561938678287490417e-05 8.903050466238695681e-04 1.718132546116239560e-04 1.316714305796354463e-02 9.199818815113319087e-03 4.514002780250847037e-03 5.263733345828842600e-03 1.416678381206753871e-02 2.514721272042859737e-03 1.963356918607375365e-02 5.419927213657592217e-03 3.576839573278353234e-03 2.483482498477109814e-03 6.013463911406838162e-03 1.179263702107055320e-02 9.543445324336567379e-03 1.632225918810427390e-02 4.264092591724848516e-03 9.527825937553691983e-04 1.619730409384127420e-02 1.035565343704606192e-02 8.949908626587319699e-03 9.637161645033816282e-03 8.606282117364073142e-03 7.231776080471080843e-03 2.296049857082611140e-03 1.351076956718679292e-02 4.826390515908345405e-03 1.547881230182903030e-02 3.108257969792106116e-03 5.513643534354841121e-03 9.605922871468065491e-03 6.200896552801336836e-03 6.325851647064336530e-03 2.171094762819611879e-03 6.794433250550583649e-03 6.325851647064336530e-03 5.794792496446589565e-03 1.354200834075254198e-02 9.418490230073567684e-03 4.045421176764599919e-03 6.325851647064336530e-03 3.733033441107101984e-03 1.529137966043453076e-02 2.077378442122362109e-03 3.795510988238601831e-03 6.450806741327335357e-03 3.420645705449604050e-03 1.319838183152929369e-02 1.591615513174952923e-02 2.858347781266107595e-03 1.041813098417756177e-02 
5.857270043578089412e-03 5.826031270012339489e-03 5.107539478000093849e-03 1.057432485200631052e-02 9.215438201896193832e-04 2.091435890226949618e-02 2.483482498477109814e-03 6.856910797682082628e-03 3.170735516923605529e-03 3.857988535370101245e-03 7.075582212642332093e-03 4.795151742342595481e-03 0.000000000000000000e+00 1.032441466348031113e-02 5.201255798697342753e-03 9.480967777205067532e-03 1.110538400262405662e-02 1.141777173828155585e-02 1.010574324852006253e-02 2.827109007700357671e-03 1.452602970807366023e-03 7.887790325351827503e-03 7.387969948299829594e-03 9.980788154257064573e-03 9.480967777205067532e-03 1.682207956515627267e-02 9.543445324336567379e-03 1.561938678287490417e-05 6.294612873498586607e-03 2.342908017431235591e-04 1.608796838636115207e-03 2.952064101963356932e-03 7.200537306905330920e-03 1.182387579463630226e-02 7.653499523608703076e-04 1.561938678287490417e-05 3.514362026146853387e-03 2.358527404214110553e-03 6.200896552801336836e-03 1.023069834278306223e-02 6.482045514893085281e-03 9.793355512862565032e-03 1.132405541758430521e-02 8.824953532324321739e-03 1.229245739812255024e-02 3.889227308935851168e-03 1.191759211533355116e-02 3.857988535370101245e-03 6.716336316636208623e-04 7.231776080471080843e-03 2.171094762819611879e-03 7.387969948299829594e-03 4.857629289474095328e-03 1.202692782281367719e-03 8.575043343798322351e-03 1.004326570138856269e-02 1.764990706464864174e-03 3.483123252581103464e-03 1.301094919013479588e-02 3.826749761804351755e-03 1.140215235149868089e-03 1.232369617168829930e-02 1.041813098417756177e-02 5.513643534354841121e-03 1.421364197241616317e-03 4.826390515908345405e-03 
1.829030192274651301e-02 4.357808912422098287e-03 7.044343439076582170e-03 1.391687362354153933e-02 6.950627118379332399e-03 3.904846695718726347e-04 7.450447495431329441e-03 2.806803804882620351e-02 4.951345610171345099e-03 8.137700513877825156e-03 1.616606532027552515e-02 1.844649579057526176e-02 1.032441466348031113e-02 0.000000000000000000e+00 1.438545522702778731e-02 9.840213673211189050e-04 4.732674195211095634e-03 5.294972119394592523e-03 7.653499523608703076e-04 5.466785374006216018e-04 1.123033909688705631e-02 1.754057135716851831e-02 4.217234431376223956e-04 1.616606532027552515e-02 1.141777173828155585e-02 1.732189994220826798e-02 4.139137497461849689e-03 1.921184574293613142e-03 9.106102494416068449e-03 1.251112881308279884e-02 2.097683644940099776e-02 1.671274385767614837e-03 1.463536541555378497e-02 2.035206097808599929e-02 1.363572466144979088e-02 1.301094919013479588e-02 1.978976305390250240e-02 6.200896552801336836e-03 5.513643534354841121e-03 5.466785374006216018e-04 1.407306749137028808e-02 5.950986364275338315e-03 1.210502475672805070e-02 3.670555893975602571e-03 9.137341267981819240e-03 9.168580041547568296e-03 6.763194476984833725e-03 9.699639192165316129e-03 2.483482498477109814e-03 2.046139668556612619e-03 7.981506646049076406e-03 1.116786154975555646e-02 1.404182871780453902e-02 1.241741249238554820e-02 5.857270043578089412e-03 4.701435421645346578e-03 9.793355512862565032e-03 1.975852428033675334e-02 2.639676366305858998e-03 1.185511456820205305e-02 6.716336316636208623e-04 4.217234431376223956e-04 2.141417927932149495e-02 1.666588569732752392e-02 1.296409102978617056e-03 1.888383862049575895e-02 
1.685331833872202173e-02 3.592458960061228196e-04 9.137341267981819240e-03 1.327647876544366763e-03 5.701076175749339794e-03 7.044343439076582170e-03 7.512925042562829288e-03 7.341111787951204925e-04 3.951704856067351015e-03 1.497899192477703326e-02 1.019945956921731317e-02 1.561938678287490417e-05 5.201255798697342753e-03 1.438545522702778731e-02 0.000000000000000000e+00 2.342908017431235591e-04 4.217234431376223956e-04 3.233213064055105376e-03 6.950627118379332399e-03 3.733033441107101984e-03 3.764272214672851908e-03 6.091560845321212321e-04 3.014541649094856345e-03 1.194883088889930195e-02 7.731596457523077885e-03 7.544163816128579211e-03 1.764990706464864174e-03 7.762835231088827809e-03 5.466785374006216018e-04 9.074863720850319393e-03 1.076175749340080832e-02 2.577198819174359151e-03 1.093357074801243258e-04 2.077378442122362109e-03 2.389766177779860477e-03 3.639317120409852648e-03 7.106820986208081149e-03 1.138653296471580506e-02 2.085188135513799806e-02 2.035206097808599929e-02 7.169298533339580996e-03 2.547521984286896940e-02 7.387969948299829594e-03 6.013463911406838162e-03 1.091795136122955881e-02 9.543445324336567379e-03 1.535385720756603060e-02 1.779048154569451770e-02 2.014900894990862695e-03 1.835277946987801112e-02 1.416678381206753871e-02 8.200178061009325003e-03 1.077737688018368459e-03 4.795151742342595481e-03 9.762116739296815976e-03 2.514721272042859737e-03 4.326570138856348363e-03 4.514002780250847037e-03 1.872764475266701020e-02 1.397935117067303917e-02 1.015260140886868829e-03 1.296409102978617056e-03 1.691579588585351984e-02 9.106102494416068449e-03 8.793714758758570949e-03 9.215438201896193832e-04 
1.379191852927854137e-02 3.389406931883854127e-03 5.482404760789091197e-03 7.028724052293706774e-04 1.858707027162113511e-03 7.356731174734079670e-03 9.668400418599565338e-03 1.297971041656904509e-02 4.482764006685097113e-03 3.514362026146853387e-03 7.575402589694328268e-03 8.903050466238695681e-04 9.480967777205067532e-03 9.840213673211189050e-04 2.342908017431235591e-04 0.000000000000000000e+00 1.060556362557205957e-02 1.779048154569451770e-02 5.045061930868594002e-03 8.824953532324321739e-03 1.733751932899114468e-03 9.449729003639316741e-03 7.762835231088827809e-03 9.793355512862565032e-03 1.640035612201864914e-03 4.763912968776845558e-03 3.904846695718726347e-04 1.718132546116239560e-04 1.382315730284429042e-02 2.082064258157224901e-02 2.147665682645299307e-02 2.452243724911359890e-03 1.372944098214704152e-02 7.356731174734079670e-03 4.545241553816596961e-03 1.126157787045280537e-02 1.054308607844055973e-02 6.075941458538338009e-03 1.148024928541305396e-02 7.341111787951204925e-04 1.226121862455679945e-02 1.140215235149868089e-03 6.950627118379332399e-03 9.762116739296815976e-03 1.515080517938865654e-03 1.405744810458741409e-04 4.451525233119348057e-03 1.110538400262405662e-02 1.390125423675866393e-03 5.888508817143839336e-03 4.951345610171345099e-03 6.731955703419083802e-03 4.888868063039845252e-03 1.171454008715617796e-03 3.619011917592115241e-02 3.569029879886915363e-02 1.932118145041625615e-02 1.144901051184730491e-02 3.608078346844102724e-03 2.889586554831857085e-03 2.108617215688112032e-03 9.699639192165316129e-03 2.406947503241022718e-02 1.366696343501554167e-02 7.544163816128579211e-03 3.244146634803117546e-02 
1.854021211127251240e-02 3.795510988238601831e-03 1.347953079362104213e-02 1.860268965840401051e-02 4.201615044593349536e-03 4.420286459553598134e-03 3.356606219639816924e-02 7.419208721865579517e-03 1.457288786842228512e-02 7.700357683957327962e-03 1.454164909485653606e-02 1.718132546116239560e-04 1.110538400262405662e-02 4.732674195211095634e-03 4.217234431376223956e-04 1.060556362557205957e-02 0.000000000000000000e+00 1.616606532027552515e-02 1.608796838636115207e-03 3.733033441107101984e-03 8.106461740312076100e-03 2.035206097808599929e-02 1.647845305593302265e-02 2.100807522296674681e-02 4.514002780250847037e-03 3.233213064055105376e-03 2.069568748730924931e-02 8.762475985192821892e-03 1.463536541555378497e-02 2.066444871374349679e-02 8.793714758758570949e-03 4.014182403198849995e-03 1.666588569732752392e-02 1.472908173625103560e-02 2.030520281773737440e-04 1.296409102978617056e-03 8.200178061009325003e-03 7.356731174734079670e-03 1.452602970807366023e-03 8.481327023101073448e-03 1.483841744373115947e-03 2.514721272042859737e-03 4.545241553816596961e-03 1.140215235149868089e-03 3.826749761804351755e-03 1.966480795963950617e-02 3.670555893975602571e-03 6.450806741327335357e-03 1.210502475672805070e-02 9.824594286428314088e-03 8.231416834575074060e-03 3.280071224403730045e-04 7.809693391437452423e-05 9.449729003639316741e-03 1.123033909688705631e-02 3.545600799712603311e-03 1.319838183152929369e-02 3.201974290489355453e-03 6.091560845321212321e-04 1.032441466348031113e-02 5.607359855052090891e-03 2.655295753088733742e-04 1.591615513174952923e-02 9.824594286428314088e-03 1.051184730487481067e-02 1.438545522702778731e-02 
3.592458960061228196e-04 1.113662277618980741e-02 5.701076175749339794e-03 8.981147400153070490e-03 3.826749761804351755e-03 7.919029098917576559e-03 1.635349796167002642e-02 7.028724052293706774e-04 1.007450447495431348e-02 4.482764006685097113e-03 8.590662730581197530e-04 1.316714305796354463e-02 1.141777173828155585e-02 5.294972119394592523e-03 3.233213064055105376e-03 1.779048154569451770e-02 1.616606532027552515e-02 0.000000000000000000e+00 9.324773909376317046e-03 1.921184574293613142e-03 9.668400418599565338e-03 7.762835231088827809e-03 1.594739390531527828e-02 1.291723286943754524e-02 1.004326570138856269e-02 5.669837402183589871e-03 3.545600799712603311e-03 1.077737688018368459e-03 5.326210892960342447e-03 1.101166768192680771e-02 1.963356918607375365e-02 1.858707027162113511e-03 9.231057588679068143e-03 1.119910032332130725e-02 1.173015947393905335e-02 9.418490230073567684e-03 5.513643534354841121e-03 6.669478156287583955e-03 4.920106836605595176e-03 1.640035612201864914e-03 7.044343439076582170e-03 1.151148805897880475e-02 2.139855989253861956e-03 7.106820986208081149e-03 9.106102494416068449e-03 9.356012682942067837e-03 2.889586554831857085e-03 8.856192305890070796e-03 1.426050013276478762e-02 3.576839573278353234e-03 4.685816034862471589e-05 6.138419005669836989e-03 1.288599409587179619e-02 5.232494572263092676e-03 1.213626353029380149e-02 9.668400418599565338e-03 1.126157787045280537e-02 1.796229480030614098e-03 3.889227308935851168e-03 5.888508817143839336e-03 5.794792496446589565e-03 2.358527404214110553e-03 3.639317120409852648e-03 8.699998438061322045e-03 7.653499523608703076e-04 1.076175749340080832e-02 
6.731955703419083802e-03 7.965887259266201227e-04 9.762116739296815976e-03 1.483841744373115947e-03 1.010574324852006253e-02 7.606641363260078191e-03 3.295690611186604790e-03 4.295331365290598440e-03 4.529622167033722107e-04 3.014541649094856345e-03 8.543804570232573295e-03 9.199818815113319087e-03 1.010574324852006253e-02 7.653499523608703076e-04 6.950627118379332399e-03 5.045061930868594002e-03 1.608796838636115207e-03 9.324773909376317046e-03 0.000000000000000000e+00 1.854021211127251240e-02 3.733033441107101984e-03 5.732314949315089718e-03 3.483123252581103464e-03 1.785295909282601581e-02 1.015260140886868829e-03 5.982225137841088239e-03 4.264092591724848516e-03 1.054308607844055973e-02 3.920466082501601092e-03 1.001202692782281363e-02 1.296409102978617056e-03 2.639676366305858998e-03 5.170017025131593696e-03 1.482279805694828451e-02 1.202692782281367719e-03 2.655295753088733742e-04 1.213626353029380149e-02 1.085547381409805896e-02 7.075582212642332093e-03 6.138419005669836989e-03 1.135529419115005600e-02 2.655295753088733742e-04 1.279227777517454728e-02 8.543804570232573295e-03 2.264811083516861216e-03 8.043984193180576253e-03 1.515080517938865654e-03 3.889227308935851168e-03 7.481686268997079364e-03 1.251112881308279884e-02 6.700716929853333878e-03 1.764990706464864174e-03 1.482279805694828451e-02 1.388563484997579027e-02 9.543445324336567379e-03 9.512206550770816588e-03 1.251112881308279884e-02 1.116786154975555646e-02 3.545600799712603311e-03 1.825906314918076395e-02 4.139137497461849689e-03 3.670555893975602571e-03 7.950267872483325615e-03 9.949549380691313782e-03 2.108617215688112032e-03 1.023069834278306223e-02 
6.825672024116333572e-03 8.278274994923699379e-04 3.280071224403730045e-04 1.718132546116239560e-04 7.138059759773831073e-03 1.744685503647126767e-02 9.106102494416068449e-03 9.887071833559813935e-03 4.357808912422098287e-03 1.116786154975555646e-02 1.327647876544366763e-03 4.514002780250847037e-03 2.827109007700357671e-03 5.466785374006216018e-04 3.733033441107101984e-03 8.824953532324321739e-03 3.733033441107101984e-03 1.921184574293613142e-03 1.854021211127251240e-02 0.000000000000000000e+00 3.233213064055105376e-03 7.887790325351827503e-03 1.322962060509504448e-02 7.138059759773831073e-03 1.132405541758430521e-02 4.888868063039845252e-03 1.900879371475875865e-02 1.316714305796354463e-02 2.108617215688112032e-03 1.202692782281367719e-03 1.641597550880152454e-02 7.044343439076582170e-03 7.325492401168329747e-03 2.764631460568858258e-03 5.826031270012339489e-03 1.060556362557205957e-02 1.700951220655077048e-02 1.051184730487481067e-02 4.045421176764599919e-03 4.217234431376223956e-04 4.763912968776845558e-03 5.857270043578089412e-03 1.640035612201864914e-03 5.701076175749339794e-03 1.304218796370054494e-02 6.200896552801336836e-03 5.263733345828842600e-03 2.171094762819611879e-03 1.363572466144979088e-02 6.169657779235586913e-03 9.824594286428314088e-03 4.045421176764599919e-03 1.679084079159052362e-02 5.388688440091842294e-03 3.826749761804351755e-03 3.670555893975602571e-03 6.403948580978710472e-04 4.139137497461849689e-03 8.590662730581197530e-04 1.327647876544366763e-03 1.026193711634881128e-02 2.046139668556612619e-03 1.640035612201864914e-03 9.043624947284570337e-03 4.607719100948096808e-03 2.514721272042859737e-03 
7.575402589694328268e-03 4.576480327382346884e-03 8.824953532324321739e-03 1.179263702107055320e-02 4.529622167033722107e-04 2.094559767583524523e-02 1.332333692579229338e-02 1.472908173625103560e-02 2.342908017431235591e-04 1.216750230385955055e-02 2.816175436952345415e-02 5.263733345828842600e-03 1.452602970807366023e-03 1.123033909688705631e-02 3.764272214672851908e-03 1.733751932899114468e-03 8.106461740312076100e-03 9.668400418599565338e-03 3.733033441107101984e-03 3.233213064055105376e-03 0.000000000000000000e+00 2.709963606828795848e-02 3.108257969792106116e-03 1.272980022804304744e-02 2.372584852318698062e-02 1.966480795963950617e-02 2.053949361948050056e-02 8.606282117364073142e-03 6.357090420630086454e-03 6.169657779235586913e-03 8.356371928838073754e-03 9.418490230073567684e-03 4.857629289474095328e-03 2.795870234134607748e-03 5.154397638348718952e-04 1.077737688018368459e-03 4.107898723896099766e-03 1.313590428439779384e-02 5.638598628617840815e-03 1.625978164097277578e-02 1.747809381003701673e-02 1.326085937866079353e-02 1.007450447495431348e-02 4.482764006685097113e-03 5.138778251565843773e-03 6.513284288458835204e-03 1.488527560407978435e-02 8.262655608140824851e-03 1.093357074801243258e-04 1.216750230385955055e-02 2.967683488746231894e-04 1.144901051184730491e-02 9.215438201896193832e-04 1.421364197241616317e-03 3.451884479015353974e-03 4.795151742342595481e-03 4.326570138856348363e-03 1.015260140886868829e-03 1.204254720959655085e-02 3.889227308935851168e-03 9.043624947284570337e-03 4.638957874513846731e-03 4.685816034862471589e-05 2.077378442122362109e-03 1.194883088889930195e-02 5.201255798697342753e-03 
6.263374099932836683e-03 8.293894381706573907e-03 6.169657779235586913e-03 2.828670946378645037e-02 1.082423504053230817e-02 1.276103900160879649e-02 2.847414210518095165e-02 2.046139668556612619e-03 1.063680239913781037e-02 6.950627118379332399e-03 4.217234431376223956e-04 1.416678381206753871e-02 7.887790325351827503e-03 1.754057135716851831e-02 6.091560845321212321e-04 9.449729003639316741e-03 2.035206097808599929e-02 7.762835231088827809e-03 5.732314949315089718e-03 7.887790325351827503e-03 2.709963606828795848e-02 0.000000000000000000e+00 1.889945800727863435e-03 1.597863267888102734e-02 1.750933258360276926e-02 5.154397638348718952e-04 1.141777173828155585e-02 2.578760757852646690e-02 2.702153913437358411e-03 1.285475532230604713e-02 1.966480795963950617e-02 1.335457569935804244e-02 1.544757352826328124e-02 5.607359855052090891e-03 8.481327023101073448e-03 4.326570138856348363e-03 1.913374880902175834e-02 1.344829202005529308e-02 6.044702684972588086e-03 1.173015947393905335e-02 1.026193711634881128e-02 1.244865126595129899e-02 2.278868531621448465e-02 4.795151742342595481e-03 3.951704856067351015e-03 1.725942239507676987e-02 1.608796838636115207e-03 1.916498758258750740e-02 1.179263702107055320e-02 1.085547381409805896e-02 4.545241553816596961e-03 4.670196648079596655e-03 1.046498914452618535e-03 2.038329975165175181e-02 6.388329194195835510e-03 5.482404760789091197e-03 5.888508817143839336e-03 1.529137966043453076e-02 1.332333692579229338e-02 5.794792496446589565e-03 1.607234899957827798e-02 1.810286928135201520e-02 1.126157787045280537e-02 1.482279805694828451e-02 4.701435421645346578e-03 1.704075098011651954e-02 
1.104290645549255677e-02 4.045421176764599919e-03 7.356731174734079670e-03 1.015260140886868829e-03 8.075222966746325309e-03 1.515080517938865654e-03 2.057073239304624962e-02 6.607000609156084107e-03 1.413554503850178792e-02 1.421364197241616317e-03 1.410430626493603887e-02 2.514721272042859737e-03 7.387969948299829594e-03 4.217234431376223956e-04 3.014541649094856345e-03 7.762835231088827809e-03 1.647845305593302265e-02 1.594739390531527828e-02 3.483123252581103464e-03 1.322962060509504448e-02 3.108257969792106116e-03 1.889945800727863435e-03 0.000000000000000000e+00 3.139496743357855606e-03 5.419927213657592217e-03 7.341111787951204925e-04 9.730877965731065185e-03 3.170735516923605529e-03 5.451165987223341274e-03 1.888383862049575895e-02 2.350717710822673029e-02 4.420286459553598134e-03 1.123033909688705631e-02 8.387610702403822810e-03 1.451041032129078527e-02 1.269856145447729664e-02 5.826031270012339489e-03 1.827468253596363805e-03 6.403948580978710472e-04 9.293535135810567990e-03 1.632225918810427390e-02 8.278274994923699379e-04 1.613482654670977609e-02 9.637161645033816282e-03 1.026193711634881128e-02 6.013463911406838162e-03 4.685816034862471589e-05 4.451525233119348057e-03 2.406947503241022718e-02 8.418849475969573601e-03 4.357808912422098287e-03 1.575996126392077701e-02 4.201615044593349536e-03 1.577558065070365284e-03 2.281992408978023371e-02 4.685816034862471589e-05 1.157396560611030460e-02 6.325851647064336530e-03 4.076659950330349842e-03 2.171094762819611879e-03 6.716336316636208623e-04 9.137341267981819240e-03 7.575402589694328268e-03 1.132405541758430521e-02 4.139137497461849689e-03 6.263374099932836683e-03 
1.113662277618980741e-02 7.762835231088827809e-03 7.762835231088827809e-03 1.291723286943754524e-02 8.512565796666822504e-03 9.840213673211189050e-04 3.644002936444715179e-02 6.888149571247832552e-03 1.735313871577401704e-02 2.269496899551723748e-02 5.388688440091842294e-03 1.963356918607375365e-02 9.980788154257064573e-03 1.616606532027552515e-02 1.194883088889930195e-02 9.793355512862565032e-03 2.100807522296674681e-02 1.291723286943754524e-02 1.785295909282601581e-02 7.138059759773831073e-03 1.272980022804304744e-02 1.597863267888102734e-02 3.139496743357855606e-03 0.000000000000000000e+00 1.513518579260578201e-02 6.575761835590335051e-03 2.827109007700357671e-03 2.088312012870374712e-02 3.764272214672851908e-03 1.207378598316230164e-02 1.688455711228777079e-02 1.497899192477703326e-02 1.632225918810427390e-02 9.043624947284570337e-03 7.325492401168329747e-03 1.310466551083204478e-02 1.894631616762726053e-02 2.967683488746231894e-04 5.950986364275338315e-03 1.390125423675866393e-03 1.519766333973728185e-02 1.194883088889930195e-02 1.885259984693000990e-02 4.982584383737094155e-03 1.066804117270355942e-02 6.200896552801336836e-03 2.452243724911359890e-03 1.604111022601252545e-02 1.666588569732752392e-02 6.825672024116333572e-03 8.387610702403822810e-03 3.982943629633100939e-03 6.107180232104087933e-03 1.401058994423878996e-02 3.772081908064289085e-02 9.012386173718819546e-03 1.494775315121128420e-02 2.022710588382299959e-02 1.046498914452618535e-03 7.138059759773831073e-03 1.813410805491776426e-02 2.488168314511972345e-02 2.385080361744998032e-02 1.950861409181075395e-02 7.700357683957327962e-03 2.638114427627571285e-02 
