0.000000000000000000e+00 9.500000000000000000e+00 1.253500000000000000e+03 9.900000000000000000e+01 6.500000000000000000e+00 0.000000000000000000e+00 1.420000000000000000e+02 2.201145000000000000e+05 6.560000000000000000e+02 2.085500000000000000e+03 6.695000000000000000e+02 0.000000000000000000e+00 9.300000000000000000e+01 0.000000000000000000e+00 6.277910000000000000e+05 3.900000000000000000e+01 3.950000000000000000e+01 1.669000000000000000e+03 4.000000000000000000e+00 4.070000000000000000e+02 1.450000000000000000e+01 2.834950000000000000e+04 1.300000000000000000e+02 5.120750000000000000e+04 3.257350000000000000e+04 0.000000000000000000e+00 1.480000000000000000e+02 5.800000000000000000e+01 1.098950000000000000e+04 3.185340000000000000e+05 2.935070000000000000e+05 0.000000000000000000e+00 9.550000000000000000e+01 1.750000000000000000e+01 0.000000000000000000e+00 0.000000000000000000e+00 2.900000000000000000e+01 7.000000000000000000e+00 0.000000000000000000e+00 1.750000000000000000e+01 3.280000000000000000e+02 5.500000000000000000e+00 1.706000000000000000e+03 2.230000000000000000e+02 0.000000000000000000e+00 2.150000000000000000e+01 8.300000000000000000e+01 5.900000000000000000e+01 3.450000000000000000e+01 4.000000000000000000e+00 0.000000000000000000e+00 0.000000000000000000e+00 0.000000000000000000e+00 1.050000000000000000e+01 2.350000000000000000e+01 8.000000000000000000e+00 9.000000000000000000e+00 1.400000000000000000e+03 0.000000000000000000e+00 0.000000000000000000e+00 1.150000000000000000e+01 5.375000000000000000e+02 3.000000000000000000e+02 0.000000000000000000e+00 0.000000000000000000e+00 3.245000000000000000e+02 
9.500000000000000000e+00 0.000000000000000000e+00 2.100000000000000000e+01 6.615000000000000000e+02 1.120000000000000000e+02 2.850000000000000000e+01 7.255000000000000000e+02 1.050000000000000000e+01 2.450000000000000000e+01 7.227150000000000000e+04 6.350000000000000000e+01 2.304000000000000000e+03 3.872000000000000000e+03 1.660350000000000000e+04 1.500000000000000000e+01 6.150000000000000000e+01 2.689500000000000000e+03 3.540000000000000000e+02 4.000000000000000000e+00 2.205000000000000000e+02 1.200000000000000000e+02 1.150000000000000000e+01 2.455665000000000000e+05 1.950000000000000000e+01 3.452050000000000000e+04 1.876400000000000000e+05 3.515850000000000000e+04 8.077825000000000000e+05 1.600000000000000000e+01 6.200000000000000000e+01 2.000000000000000000e+00 5.500000000000000000e+00 9.000000000000000000e+00 0.000000000000000000e+00 3.720780000000000000e+05 3.700000000000000000e+01 1.445000000000000000e+02 0.000000000000000000e+00 1.160000000000000000e+02 3.500000000000000000e+00 5.000000000000000000e+00 0.000000000000000000e+00 4.704000000000000000e+03 1.050000000000000000e+01 0.000000000000000000e+00 4.070000000000000000e+02 2.067000000000000000e+03 2.000000000000000000e+00 2.965000000000000000e+02 0.000000000000000000e+00 6.000000000000000000e+01 0.000000000000000000e+00 0.000000000000000000e+00 2.050000000000000000e+01 2.400000000000000000e+01 9.530700000000000000e+04 5.050000000000000000e+01 1.158450000000000000e+04 5.446250000000000000e+04 4.580000000000000000e+03 4.429035000000000000e+05 7.150000000000000000e+01 1.900000000000000000e+01 7.500000000000000000e+00 0.000000000000000000e+00 4.000000000000000000e+00 
1.253500000000000000e+03 2.100000000000000000e+01 0.000000000000000000e+00 0.000000000000000000e+00 0.000000000000000000e+00 0.000000000000000000e+00 0.000000000000000000e+00 2.615000000000000000e+02 6.600000000000000000e+01 0.000000000000000000e+00 0.000000000000000000e+00 0.000000000000000000e+00 0.000000000000000000e+00 0.000000000000000000e+00 4.535000000000000000e+03 2.580000000000000000e+02 0.000000000000000000e+00 3.932365000000000000e+05 0.000000000000000000e+00 2.563000000000000000e+03 0.000000000000000000e+00 7.085000000000000000e+03 1.250000000000000000e+01 1.049511000000000000e+06 3.335000000000000000e+02 0.000000000000000000e+00 2.863600000000000000e+05 9.615255000000000000e+05 1.077500000000000000e+03 2.645000000000000000e+02 3.902000000000000000e+03 0.000000000000000000e+00 0.000000000000000000e+00 0.000000000000000000e+00 1.550000000000000000e+01 1.650000000000000000e+01 0.000000000000000000e+00 0.000000000000000000e+00 0.000000000000000000e+00 0.000000000000000000e+00 0.000000000000000000e+00 0.000000000000000000e+00 0.000000000000000000e+00 0.000000000000000000e+00 0.000000000000000000e+00 0.000000000000000000e+00 0.000000000000000000e+00 0.000000000000000000e+00 1.450000000000000000e+01 0.000000000000000000e+00 6.000000000000000000e+00 0.000000000000000000e+00 0.000000000000000000e+00 0.000000000000000000e+00 0.000000000000000000e+00 8.500000000000000000e+00 4.300000000000000000e+01 0.000000000000000000e+00 0.000000000000000000e+00 3.500000000000000000e+00 6.610000000000000000e+02 2.500000000000000000e+00 0.000000000000000000e+00 0.000000000000000000e+00 0.000000000000000000e+00 0.000000000000000000e+00 
9.900000000000000000e+01 6.615000000000000000e+02 0.000000000000000000e+00 0.000000000000000000e+00 4.515000000000000000e+02 0.000000000000000000e+00 1.058000000000000000e+03 2.012000000000000000e+03 5.990000000000000000e+02 9.350500000000000000e+04 5.902950000000000000e+04 2.150000000000000000e+01 6.924450000000000000e+04 3.500000000000000000e+01 3.790000000000000000e+02 1.150000000000000000e+01 1.432000000000000000e+03 2.050000000000000000e+01 4.625000000000000000e+02 3.394000000000000000e+03 2.083680000000000000e+05 1.150000000000000000e+01 3.243500000000000000e+03 0.000000000000000000e+00 3.917660000000000000e+05 2.500000000000000000e+00 1.369000000000000000e+03 3.100000000000000000e+02 1.757195000000000000e+05 1.539000000000000000e+03 9.500000000000000000e+00 1.355000000000000000e+02 8.650000000000000000e+01 2.000000000000000000e+00 3.175000000000000000e+02 0.000000000000000000e+00 1.207360000000000000e+05 3.500000000000000000e+00 0.000000000000000000e+00 7.500000000000000000e+01 3.760000000000000000e+02 0.000000000000000000e+00 7.619550000000000000e+04 1.841150000000000000e+05 0.000000000000000000e+00 2.667750000000000000e+04 1.340000000000000000e+02 7.000000000000000000e+00 5.500000000000000000e+00 2.150000000000000000e+01 0.000000000000000000e+00 0.000000000000000000e+00 0.000000000000000000e+00 1.145860000000000000e+05 3.500000000000000000e+00 4.940000000000000000e+02 9.000000000000000000e+00 4.538250000000000000e+04 7.500000000000000000e+00 5.500000000000000000e+00 2.145000000000000000e+02 2.698650000000000000e+04 4.150000000000000000e+01 0.000000000000000000e+00 0.000000000000000000e+00 5.800000000000000000e+01 
6.500000000000000000e+00 1.120000000000000000e+02 0.000000000000000000e+00 4.515000000000000000e+02 0.000000000000000000e+00 5.520500000000000000e+03 2.203050000000000000e+04 1.350000000000000000e+01 4.275000000000000000e+02 1.109300000000000000e+04 1.062000000000000000e+03 6.302850000000000000e+04 4.620000000000000000e+02 1.945000000000000000e+02 3.900000000000000000e+01 4.500000000000000000e+00 7.108100000000000000e+04 0.000000000000000000e+00 7.150000000000000000e+02 4.000000000000000000e+01 1.010000000000000000e+02 4.500000000000000000e+00 2.085000000000000000e+02 1.200000000000000000e+01 2.186500000000000000e+03 1.990000000000000000e+02 6.944000000000000000e+03 2.030000000000000000e+02 7.340000000000000000e+02 1.560000000000000000e+02 0.000000000000000000e+00 7.106350000000000000e+04 1.050000000000000000e+01 0.000000000000000000e+00 2.500000000000000000e+00 0.000000000000000000e+00 3.900000000000000000e+01 3.600000000000000000e+01 2.500000000000000000e+00 9.500000000000000000e+00 3.500000000000000000e+00 0.000000000000000000e+00 1.390000000000000000e+03 4.400000000000000000e+01 2.350000000000000000e+01 2.444500000000000000e+03 3.590000000000000000e+02 0.000000000000000000e+00 0.000000000000000000e+00 1.225000000000000000e+02 0.000000000000000000e+00 0.000000000000000000e+00 0.000000000000000000e+00 3.260000000000000000e+02 0.000000000000000000e+00 2.000000000000000000e+00 0.000000000000000000e+00 6.700000000000000000e+01 9.100000000000000000e+01 4.500000000000000000e+00 3.000000000000000000e+01 1.250000000000000000e+01 3.500000000000000000e+00 0.000000000000000000e+00 4.000000000000000000e+00 0.000000000000000000e+00 
0.000000000000000000e+00 2.850000000000000000e+01 0.000000000000000000e+00 0.000000000000000000e+00 5.520500000000000000e+03 0.000000000000000000e+00 0.000000000000000000e+00 0.000000000000000000e+00 2.500000000000000000e+00 0.000000000000000000e+00 0.000000000000000000e+00 3.807695000000000000e+05 0.000000000000000000e+00 4.724765000000000000e+05 2.900000000000000000e+01 0.000000000000000000e+00 6.500000000000000000e+00 0.000000000000000000e+00 3.250000000000000000e+01 4.750000000000000000e+01 0.000000000000000000e+00 0.000000000000000000e+00 0.000000000000000000e+00 0.000000000000000000e+00 0.000000000000000000e+00 2.258850000000000000e+04 1.157800000000000000e+05 5.176350000000000000e+04 0.000000000000000000e+00 4.376000000000000000e+03 0.000000000000000000e+00 1.987950000000000000e+04 0.000000000000000000e+00 0.000000000000000000e+00 4.000000000000000000e+00 0.000000000000000000e+00 0.000000000000000000e+00 3.015000000000000000e+02 1.237500000000000000e+04 9.950000000000000000e+01 0.000000000000000000e+00 5.150000000000000000e+01 0.000000000000000000e+00 6.500000000000000000e+00 1.368850000000000000e+04 1.650000000000000000e+01 1.769710000000000000e+05 2.350000000000000000e+01 0.000000000000000000e+00 0.000000000000000000e+00 0.000000000000000000e+00 0.000000000000000000e+00 0.000000000000000000e+00 0.000000000000000000e+00 0.000000000000000000e+00 0.000000000000000000e+00 0.000000000000000000e+00 0.000000000000000000e+00 2.706750000000000000e+04 1.434000000000000000e+03 1.147500000000000000e+03 0.000000000000000000e+00 6.500000000000000000e+00 0.000000000000000000e+00 2.410000000000000000e+02 0.000000000000000000e+00 
1.420000000000000000e+02 7.255000000000000000e+02 0.000000000000000000e+00 1.058000000000000000e+03 2.203050000000000000e+04 0.000000000000000000e+00 0.000000000000000000e+00 1.515750000000000000e+04 3.770220000000000000e+05 2.331550000000000000e+04 3.215855000000000000e+05 7.715000000000000000e+02 4.039760000000000000e+05 9.500000000000000000e+00 6.916000000000000000e+04 0.000000000000000000e+00 1.688205000000000000e+05 9.000000000000000000e+01 8.283500000000000000e+03 2.825000000000000000e+04 1.158500000000000000e+03 3.850000000000000000e+01 1.261500000000000000e+03 7.100000000000000000e+01 9.228500000000000000e+03 0.000000000000000000e+00 6.277500000000000000e+03 8.260000000000000000e+02 5.416000000000000000e+03 5.160900000000000000e+04 5.000000000000000000e+00 3.511000000000000000e+03 1.725000000000000000e+02 0.000000000000000000e+00 5.000000000000000000e+00 3.000000000000000000e+00 1.355000000000000000e+02 7.800000000000000000e+01 2.000000000000000000e+00 7.300000000000000000e+01 1.150000000000000000e+01 2.000000000000000000e+00 3.459500000000000000e+03 2.635000000000000000e+02 0.000000000000000000e+00 1.361250000000000000e+04 1.107000000000000000e+03 2.000000000000000000e+00 0.000000000000000000e+00 1.965000000000000000e+02 2.500000000000000000e+00 0.000000000000000000e+00 0.000000000000000000e+00 6.950000000000000000e+02 0.000000000000000000e+00 1.000000000000000000e+01 5.000000000000000000e+00 1.575000000000000000e+02 0.000000000000000000e+00 1.450000000000000000e+01 1.690000000000000000e+02 7.400000000000000000e+01 9.000000000000000000e+00 0.000000000000000000e+00 0.000000000000000000e+00 6.000000000000000000e+00 
2.201145000000000000e+05 1.050000000000000000e+01 2.615000000000000000e+02 2.012000000000000000e+03 1.350000000000000000e+01 0.000000000000000000e+00 1.515750000000000000e+04 0.000000000000000000e+00 1.415295000000000000e+05 1.820000000000000000e+02 3.175030000000000000e+05 7.500000000000000000e+00 1.500000000000000000e+01 5.300000000000000000e+01 6.678710000000000000e+05 1.200000000000000000e+01 2.900000000000000000e+01 1.330000000000000000e+02 1.500000000000000000e+01 1.832500000000000000e+03 2.500000000000000000e+00 2.167115000000000000e+05 0.000000000000000000e+00 6.498900000000000000e+04 5.156150000000000000e+04 0.000000000000000000e+00 2.826000000000000000e+03 2.250000000000000000e+02 1.260029500000000000e+06 4.483900000000000000e+04 9.293650000000000000e+05 1.700000000000000000e+01 3.259000000000000000e+03 0.000000000000000000e+00 6.000000000000000000e+00 2.000000000000000000e+00 1.800000000000000000e+01 0.000000000000000000e+00 0.000000000000000000e+00 0.000000000000000000e+00 2.000000000000000000e+01 0.000000000000000000e+00 1.515000000000000000e+02 1.345000000000000000e+02 0.000000000000000000e+00 6.500000000000000000e+00 6.300000000000000000e+01 0.000000000000000000e+00 4.000000000000000000e+00 0.000000000000000000e+00 0.000000000000000000e+00 0.000000000000000000e+00 0.000000000000000000e+00 1.100000000000000000e+01 3.000000000000000000e+00 0.000000000000000000e+00 0.000000000000000000e+00 2.435000000000000000e+02 2.000000000000000000e+00 7.500000000000000000e+00 8.000000000000000000e+01 1.818500000000000000e+03 0.000000000000000000e+00 0.000000000000000000e+00 0.000000000000000000e+00 0.000000000000000000e+00 
6.560000000000000000e+02 2.450000000000000000e+01 6.600000000000000000e+01 5.990000000000000000e+02 4.275000000000000000e+02 2.500000000000000000e+00 3.770220000000000000e+05 1.415295000000000000e+05 0.000000000000000000e+00 9.645000000000000000e+02 3.157740000000000000e+05 3.879500000000000000e+03 2.252750000000000000e+04 9.500000000000000000e+00 4.412950000000000000e+05 0.000000000000000000e+00 1.249800000000000000e+04 6.400000000000000000e+01 1.987450000000000000e+04 1.131200000000000000e+04 2.411000000000000000e+03 5.970150000000000000e+04 4.600000000000000000e+01 8.372150000000000000e+04 6.169500000000000000e+03 0.000000000000000000e+00 2.142900000000000000e+04 1.425000000000000000e+02 1.565400000000000000e+04 1.971500000000000000e+04 1.491600000000000000e+04 1.233850000000000000e+04 4.075000000000000000e+02 0.000000000000000000e+00 3.000000000000000000e+00 0.000000000000000000e+00 9.700000000000000000e+01 4.500000000000000000e+01 2.000000000000000000e+00 1.595000000000000000e+02 1.450000000000000000e+01 1.050000000000000000e+01 2.835000000000000000e+02 2.475000000000000000e+02 0.000000000000000000e+00 3.408000000000000000e+03 3.855500000000000000e+03 0.000000000000000000e+00 2.500000000000000000e+00 9.500000000000000000e+00 0.000000000000000000e+00 0.000000000000000000e+00 0.000000000000000000e+00 1.035000000000000000e+02 0.000000000000000000e+00 0.000000000000000000e+00 0.000000000000000000e+00 5.300000000000000000e+01 0.000000000000000000e+00 1.050000000000000000e+01 5.850000000000000000e+01 2.000000000000000000e+02 0.000000000000000000e+00 0.000000000000000000e+00 1.250000000000000000e+01 0.000000000000000000e+00 
2.085500000000000000e+03 7.227150000000000000e+04 0.000000000000000000e+00 9.350500000000000000e+04 1.109300000000000000e+04 0.000000000000000000e+00 2.331550000000000000e+04 1.820000000000000000e+02 9.645000000000000000e+02 0.000000000000000000e+00 6.694500000000000000e+03 2.650000000000000000e+01 1.231805000000000000e+05 1.200000000000000000e+01 1.892500000000000000e+03 6.875000000000000000e+02 7.466400000000000000e+04 1.085000000000000000e+02 3.545000000000000000e+02 1.077500000000000000e+03 3.076600000000000000e+04 4.295000000000000000e+02 1.361520000000000000e+05 1.875000000000000000e+02 4.127975000000000000e+05 1.990000000000000000e+02 1.349500000000000000e+03 3.009300000000000000e+04 1.334550000000000000e+04 1.662850000000000000e+04 2.285000000000000000e+02 9.950000000000000000e+01 2.694500000000000000e+03 4.550000000000000000e+01 6.195000000000000000e+02 2.500000000000000000e+00 2.998100000000000000e+04 2.990000000000000000e+02 0.000000000000000000e+00 4.950000000000000000e+01 5.167500000000000000e+03 1.250000000000000000e+01 3.253190000000000000e+05 6.848300000000000000e+04 2.000000000000000000e+00 7.082900000000000000e+04 6.600000000000000000e+01 8.500000000000000000e+01 4.925000000000000000e+02 9.585000000000000000e+02 2.500000000000000000e+00 0.000000000000000000e+00 0.000000000000000000e+00 5.912300000000000000e+04 4.500000000000000000e+01 1.555050000000000000e+04 5.935000000000000000e+02 8.908150000000000000e+04 8.000000000000000000e+00 5.000000000000000000e+00 1.629500000000000000e+03 2.305850000000000000e+04 8.565000000000000000e+02 1.850000000000000000e+01 0.000000000000000000e+00 6.740000000000000000e+02 
6.695000000000000000e+02 6.350000000000000000e+01 0.000000000000000000e+00 5.902950000000000000e+04 1.062000000000000000e+03 0.000000000000000000e+00 3.215855000000000000e+05 3.175030000000000000e+05 3.157740000000000000e+05 6.694500000000000000e+03 0.000000000000000000e+00 1.770000000000000000e+02 1.256355000000000000e+05 4.900000000000000000e+01 1.370920000000000000e+05 0.000000000000000000e+00 3.215000000000000000e+02 7.535000000000000000e+02 2.126500000000000000e+03 4.634700000000000000e+04 1.957955000000000000e+05 4.485000000000000000e+02 8.000000000000000000e+00 4.140000000000000000e+02 1.094150000000000000e+04 0.000000000000000000e+00 2.067750000000000000e+04 1.225000000000000000e+03 3.292185000000000000e+05 4.825900000000000000e+04 2.255000000000000000e+02 7.815000000000000000e+02 4.215000000000000000e+02 0.000000000000000000e+00 2.750000000000000000e+01 3.500000000000000000e+00 5.539000000000000000e+03 5.500000000000000000e+00 0.000000000000000000e+00 1.315000000000000000e+02 8.850000000000000000e+01 0.000000000000000000e+00 5.294000000000000000e+03 1.717870000000000000e+05 0.000000000000000000e+00 3.186400000000000000e+04 1.126500000000000000e+03 0.000000000000000000e+00 0.000000000000000000e+00 2.500000000000000000e+00 0.000000000000000000e+00 0.000000000000000000e+00 0.000000000000000000e+00 6.181550000000000000e+04 0.000000000000000000e+00 0.000000000000000000e+00 3.000000000000000000e+00 5.830000000000000000e+02 0.000000000000000000e+00 3.800000000000000000e+01 4.515000000000000000e+02 4.018500000000000000e+03 0.000000000000000000e+00 0.000000000000000000e+00 0.000000000000000000e+00 0.000000000000000000e+00 
0.000000000000000000e+00 2.304000000000000000e+03 0.000000000000000000e+00 2.150000000000000000e+01 6.302850000000000000e+04 3.807695000000000000e+05 7.715000000000000000e+02 7.500000000000000000e+00 3.879500000000000000e+03 2.650000000000000000e+01 1.770000000000000000e+02 0.000000000000000000e+00 1.132500000000000000e+03 2.929315000000000000e+05 4.281800000000000000e+04 0.000000000000000000e+00 1.930000000000000000e+02 0.000000000000000000e+00 3.772025000000000000e+05 2.053335000000000000e+05 4.095000000000000000e+02 6.500000000000000000e+00 2.250000000000000000e+01 1.300000000000000000e+01 2.100000000000000000e+01 4.518350000000000000e+04 7.405495000000000000e+05 1.629150000000000000e+04 3.400000000000000000e+01 3.446790000000000000e+05 0.000000000000000000e+00 2.076065000000000000e+05 0.000000000000000000e+00 0.000000000000000000e+00 5.895000000000000000e+02 0.000000000000000000e+00 4.000000000000000000e+00 8.950000000000000000e+01 4.610000000000000000e+02 6.600000000000000000e+01 0.000000000000000000e+00 1.300000000000000000e+01 1.650000000000000000e+01 1.800000000000000000e+01 2.140000000000000000e+03 1.290000000000000000e+02 1.642700000000000000e+04 2.000000000000000000e+00 0.000000000000000000e+00 3.000000000000000000e+00 0.000000000000000000e+00 0.000000000000000000e+00 0.000000000000000000e+00 1.450000000000000000e+01 0.000000000000000000e+00 2.550000000000000000e+01 0.000000000000000000e+00 0.000000000000000000e+00 1.075100000000000000e+04 5.200000000000000000e+01 1.595000000000000000e+02 0.000000000000000000e+00 0.000000000000000000e+00 0.000000000000000000e+00 5.450000000000000000e+01 0.000000000000000000e+00 
9.300000000000000000e+01 3.872000000000000000e+03 0.000000000000000000e+00 6.924450000000000000e+04 4.620000000000000000e+02 0.000000000000000000e+00 4.039760000000000000e+05 1.500000000000000000e+01 2.252750000000000000e+04 1.231805000000000000e+05 1.256355000000000000e+05 1.132500000000000000e+03 0.000000000000000000e+00 2.000000000000000000e+00 5.985250000000000000e+04 1.200000000000000000e+01 6.501200000000000000e+04 6.695000000000000000e+02 1.647550000000000000e+04 1.170855000000000000e+05 2.395590000000000000e+05 3.500000000000000000e+00 4.379000000000000000e+03 2.000000000000000000e+00 9.313300000000000000e+04 2.000000000000000000e+00 2.809700000000000000e+04 3.738000000000000000e+03 8.460000000000000000e+02 8.403200000000000000e+04 0.000000000000000000e+00 3.400000000000000000e+01 2.250000000000000000e+01 0.000000000000000000e+00 3.160000000000000000e+02 0.000000000000000000e+00 3.607550000000000000e+04 4.300000000000000000e+01 5.000000000000000000e+00 7.200000000000000000e+01 3.200000000000000000e+01 5.500000000000000000e+00 3.929950000000000000e+04 1.385000000000000000e+04 4.000000000000000000e+00 1.512705000000000000e+05 4.435000000000000000e+02 0.000000000000000000e+00 0.000000000000000000e+00 1.895000000000000000e+02 0.000000000000000000e+00 0.000000000000000000e+00 0.000000000000000000e+00 4.882450000000000000e+04 0.000000000000000000e+00 2.030000000000000000e+02 0.000000000000000000e+00 2.040200000000000000e+04 1.100000000000000000e+01 3.950000000000000000e+01 6.720000000000000000e+02 4.143500000000000000e+03 7.500000000000000000e+00 0.000000000000000000e+00 2.000000000000000000e+00 3.500000000000000000e+00 
0.000000000000000000e+00 1.660350000000000000e+04 0.000000000000000000e+00 3.500000000000000000e+01 1.945000000000000000e+02 4.724765000000000000e+05 9.500000000000000000e+00 5.300000000000000000e+01 9.500000000000000000e+00 1.200000000000000000e+01 4.900000000000000000e+01 2.929315000000000000e+05 2.000000000000000000e+00 0.000000000000000000e+00 2.000000000000000000e+00 1.200000000000000000e+01 4.550000000000000000e+01 0.000000000000000000e+00 3.000000000000000000e+00 7.000000000000000000e+00 3.000000000000000000e+00 2.900000000000000000e+01 3.005000000000000000e+02 1.770000000000000000e+02 1.070000000000000000e+02 4.386720000000000000e+05 5.233050000000000000e+04 5.033805000000000000e+05 2.435000000000000000e+02 4.400000000000000000e+01 0.000000000000000000e+00 3.865000000000000000e+02 6.000000000000000000e+00 0.000000000000000000e+00 3.731500000000000000e+03 0.000000000000000000e+00 0.000000000000000000e+00 6.600000000000000000e+01 1.222850000000000000e+04 5.000000000000000000e+01 0.000000000000000000e+00 2.050000000000000000e+01 3.000000000000000000e+00 2.000000000000000000e+01 5.690000000000000000e+03 4.600000000000000000e+01 4.707375000000000000e+05 1.050000000000000000e+01 0.000000000000000000e+00 2.500000000000000000e+00 0.000000000000000000e+00 0.000000000000000000e+00 0.000000000000000000e+00 2.500000000000000000e+00 0.000000000000000000e+00 2.560000000000000000e+02 4.000000000000000000e+00 4.000000000000000000e+00 1.070900000000000000e+05 8.875000000000000000e+02 1.182600000000000000e+04 9.500000000000000000e+00 3.500000000000000000e+00 0.000000000000000000e+00 4.200000000000000000e+01 0.000000000000000000e+00 
6.277910000000000000e+05 1.500000000000000000e+01 4.535000000000000000e+03 3.790000000000000000e+02 3.900000000000000000e+01 2.900000000000000000e+01 6.916000000000000000e+04 6.678710000000000000e+05 4.412950000000000000e+05 1.892500000000000000e+03 1.370920000000000000e+05 4.281800000000000000e+04 5.985250000000000000e+04 2.000000000000000000e+00 0.000000000000000000e+00 3.000000000000000000e+01 2.939500000000000000e+03 1.345500000000000000e+03 6.766400000000000000e+04 1.126380000000000000e+05 8.442000000000000000e+03 2.068505000000000000e+05 5.250000000000000000e+01 2.512295000000000000e+05 3.348700000000000000e+04 0.000000000000000000e+00 4.006350000000000000e+04 2.380000000000000000e+02 1.666600000000000000e+04 6.427790000000000000e+05 3.795600000000000000e+05 3.221600000000000000e+04 1.910000000000000000e+02 8.000000000000000000e+00 5.000000000000000000e+00 0.000000000000000000e+00 2.865000000000000000e+02 3.100000000000000000e+01 2.000000000000000000e+00 9.000000000000000000e+01 1.915000000000000000e+02 8.000000000000000000e+00 1.566500000000000000e+03 2.610000000000000000e+02 0.000000000000000000e+00 2.961000000000000000e+03 1.879500000000000000e+03 2.600000000000000000e+01 4.550000000000000000e+01 2.150000000000000000e+01 0.000000000000000000e+00 0.000000000000000000e+00 0.000000000000000000e+00 4.430000000000000000e+02 1.800000000000000000e+01 3.000000000000000000e+00 4.500000000000000000e+00 9.900000000000000000e+02 0.000000000000000000e+00 1.050000000000000000e+01 6.200000000000000000e+01 3.975000000000000000e+02 1.330000000000000000e+02 0.000000000000000000e+00 5.000000000000000000e+00 1.480000000000000000e+02 
3.900000000000000000e+01 6.150000000000000000e+01 2.580000000000000000e+02 1.150000000000000000e+01 4.500000000000000000e+00 0.000000000000000000e+00 0.000000000000000000e+00 1.200000000000000000e+01 0.000000000000000000e+00 6.875000000000000000e+02 0.000000000000000000e+00 0.000000000000000000e+00 1.200000000000000000e+01 1.200000000000000000e+01 3.000000000000000000e+01 0.000000000000000000e+00 9.500000000000000000e+00 4.940000000000000000e+02 0.000000000000000000e+00 1.265000000000000000e+02 0.000000000000000000e+00 2.769950000000000000e+04 2.450620000000000000e+05 1.110060000000000000e+05 1.923530000000000000e+05 4.000000000000000000e+00 3.390000000000000000e+02 1.170585000000000000e+05 7.328000000000000000e+03 2.700000000000000000e+02 9.300000000000000000e+01 0.000000000000000000e+00 1.935000000000000000e+02 2.350000000000000000e+01 1.875000000000000000e+02 3.900000000000000000e+01 0.000000000000000000e+00 0.000000000000000000e+00 0.000000000000000000e+00 4.500000000000000000e+00 5.450000000000000000e+01 0.000000000000000000e+00 7.270500000000000000e+03 1.150000000000000000e+01 0.000000000000000000e+00 3.500000000000000000e+00 2.750000000000000000e+01 4.450000000000000000e+01 1.570810000000000000e+05 0.000000000000000000e+00 0.000000000000000000e+00 0.000000000000000000e+00 0.000000000000000000e+00 0.000000000000000000e+00 1.162700000000000000e+04 1.330310000000000000e+05 1.266270000000000000e+05 3.501800000000000000e+04 2.750000000000000000e+01 5.500000000000000000e+00 6.727650000000000000e+04 3.121950000000000000e+04 1.095000000000000000e+02 1.000000000000000000e+01 0.000000000000000000e+00 4.700000000000000000e+01 
3.950000000000000000e+01 2.689500000000000000e+03 0.000000000000000000e+00 1.432000000000000000e+03 7.108100000000000000e+04 6.500000000000000000e+00 1.688205000000000000e+05 2.900000000000000000e+01 1.249800000000000000e+04 7.466400000000000000e+04 3.215000000000000000e+02 1.930000000000000000e+02 6.501200000000000000e+04 4.550000000000000000e+01 2.939500000000000000e+03 9.500000000000000000e+00 0.000000000000000000e+00 0.000000000000000000e+00 9.355000000000000000e+02 6.885000000000000000e+02 5.845000000000000000e+02 1.400000000000000000e+01 4.617000000000000000e+03 2.500000000000000000e+01 2.356150000000000000e+04 0.000000000000000000e+00 5.380000000000000000e+02 2.180000000000000000e+03 4.380000000000000000e+02 4.680000000000000000e+02 0.000000000000000000e+00 9.815000000000000000e+02 4.450000000000000000e+01 0.000000000000000000e+00 8.500000000000000000e+00 0.000000000000000000e+00 1.565000000000000000e+02 3.600000000000000000e+01 0.000000000000000000e+00 5.000000000000000000e+00 1.450000000000000000e+01 0.000000000000000000e+00 2.762500000000000000e+03 3.950000000000000000e+01 0.000000000000000000e+00 3.739000000000000000e+03 1.955000000000000000e+02 0.000000000000000000e+00 0.000000000000000000e+00 2.215000000000000000e+02 0.000000000000000000e+00 0.000000000000000000e+00 0.000000000000000000e+00 6.290000000000000000e+02 7.500000000000000000e+00 4.450000000000000000e+01 3.000000000000000000e+00 3.200000000000000000e+02 0.000000000000000000e+00 2.500000000000000000e+00 1.395000000000000000e+02 2.950000000000000000e+01 2.500000000000000000e+00 0.000000000000000000e+00 0.000000000000000000e+00 2.000000000000000000e+00 
1.669000000000000000e+03 3.540000000000000000e+02 3.932365000000000000e+05 2.050000000000000000e+01 0.000000000000000000e+00 0.000000000000000000e+00 9.000000000000000000e+01 1.330000000000000000e+02 6.400000000000000000e+01 1.085000000000000000e+02 7.535000000000000000e+02 0.000000000000000000e+00 6.695000000000000000e+02 0.000000000000000000e+00 1.345500000000000000e+03 4.940000000000000000e+02 0.000000000000000000e+00 0.000000000000000000e+00 0.000000000000000000e+00 5.572660000000000000e+05 4.455000000000000000e+02 1.964750000000000000e+04 1.965000000000000000e+02 6.403090000000000000e+05 4.415000000000000000e+03 0.000000000000000000e+00 3.491265000000000000e+05 1.734050000000000000e+05 8.227500000000000000e+03 3.363700000000000000e+04 2.967350000000000000e+04 0.000000000000000000e+00 1.390000000000000000e+02 3.000000000000000000e+00 6.195000000000000000e+02 4.620000000000000000e+02 1.100000000000000000e+01 0.000000000000000000e+00 0.000000000000000000e+00 0.000000000000000000e+00 8.500000000000000000e+00 0.000000000000000000e+00 1.595000000000000000e+02 4.500000000000000000e+00 0.000000000000000000e+00 1.050000000000000000e+01 3.500000000000000000e+00 6.500000000000000000e+00 9.000000000000000000e+00 0.000000000000000000e+00 4.100000000000000000e+01 0.000000000000000000e+00 0.000000000000000000e+00 0.000000000000000000e+00 1.100000000000000000e+01 1.215000000000000000e+02 3.250000000000000000e+01 6.950000000000000000e+01 0.000000000000000000e+00 3.750000000000000000e+01 5.287500000000000000e+03 5.165000000000000000e+02 2.400000000000000000e+01 1.200000000000000000e+01 0.000000000000000000e+00 1.050000000000000000e+01 
4.000000000000000000e+00 4.000000000000000000e+00 0.000000000000000000e+00 4.625000000000000000e+02 7.150000000000000000e+02 3.250000000000000000e+01 8.283500000000000000e+03 1.500000000000000000e+01 1.987450000000000000e+04 3.545000000000000000e+02 2.126500000000000000e+03 3.772025000000000000e+05 1.647550000000000000e+04 3.000000000000000000e+00 6.766400000000000000e+04 0.000000000000000000e+00 9.355000000000000000e+02 0.000000000000000000e+00 0.000000000000000000e+00 1.654385000000000000e+05 7.820000000000000000e+03 0.000000000000000000e+00 4.500000000000000000e+00 0.000000000000000000e+00 1.315000000000000000e+02 0.000000000000000000e+00 3.531990000000000000e+05 3.600000000000000000e+01 1.145000000000000000e+02 8.733000000000000000e+04 0.000000000000000000e+00 2.146100000000000000e+04 2.500000000000000000e+00 0.000000000000000000e+00 0.000000000000000000e+00 2.000000000000000000e+00 6.450000000000000000e+01 4.500000000000000000e+00 0.000000000000000000e+00 0.000000000000000000e+00 9.500000000000000000e+00 0.000000000000000000e+00 3.805000000000000000e+02 4.635000000000000000e+02 0.000000000000000000e+00 2.228500000000000000e+03 6.700000000000000000e+01 0.000000000000000000e+00 0.000000000000000000e+00 1.050000000000000000e+01 0.000000000000000000e+00 0.000000000000000000e+00 0.000000000000000000e+00 3.465000000000000000e+02 0.000000000000000000e+00 0.000000000000000000e+00 0.000000000000000000e+00 2.150000000000000000e+01 0.000000000000000000e+00 4.000000000000000000e+00 3.900000000000000000e+01 4.850000000000000000e+01 0.000000000000000000e+00 0.000000000000000000e+00 0.000000000000000000e+00 0.000000000000000000e+00 
4.070000000000000000e+02 2.205000000000000000e+02 2.563000000000000000e+03 3.394000000000000000e+03 4.000000000000000000e+01 4.750000000000000000e+01 2.825000000000000000e+04 1.832500000000000000e+03 1.131200000000000000e+04 1.077500000000000000e+03 4.634700000000000000e+04 2.053335000000000000e+05 1.170855000000000000e+05 7.000000000000000000e+00 1.126380000000000000e+05 1.265000000000000000e+02 6.885000000000000000e+02 5.572660000000000000e+05 1.654385000000000000e+05 0.000000000000000000e+00 8.748200000000000000e+04 2.955000000000000000e+03 7.050000000000000000e+01 5.314000000000000000e+03 2.875500000000000000e+03 3.500000000000000000e+00 6.079525000000000000e+05 3.828600000000000000e+04 4.834000000000000000e+03 4.359560000000000000e+05 2.721000000000000000e+03 9.090000000000000000e+02 4.205000000000000000e+02 4.000000000000000000e+00 3.210000000000000000e+02 1.275000000000000000e+02 1.363000000000000000e+03 4.500000000000000000e+00 0.000000000000000000e+00 9.500000000000000000e+00 8.350000000000000000e+01 0.000000000000000000e+00 1.014500000000000000e+03 1.314000000000000000e+03 0.000000000000000000e+00 3.511500000000000000e+03 1.630000000000000000e+02 9.500000000000000000e+00 3.500000000000000000e+00 7.000000000000000000e+00 2.950000000000000000e+01 0.000000000000000000e+00 0.000000000000000000e+00 6.960000000000000000e+02 9.000000000000000000e+00 2.000000000000000000e+01 2.150000000000000000e+01 1.580000000000000000e+02 0.000000000000000000e+00 6.300000000000000000e+01 2.608000000000000000e+03 4.015000000000000000e+02 5.750000000000000000e+01 8.500000000000000000e+00 0.000000000000000000e+00 4.700000000000000000e+01 
1.450000000000000000e+01 1.200000000000000000e+02 0.000000000000000000e+00 2.083680000000000000e+05 1.010000000000000000e+02 0.000000000000000000e+00 1.158500000000000000e+03 2.500000000000000000e+00 2.411000000000000000e+03 3.076600000000000000e+04 1.957955000000000000e+05 4.095000000000000000e+02 2.395590000000000000e+05 3.000000000000000000e+00 8.442000000000000000e+03 0.000000000000000000e+00 5.845000000000000000e+02 4.455000000000000000e+02 7.820000000000000000e+03 8.748200000000000000e+04 0.000000000000000000e+00 0.000000000000000000e+00 1.815000000000000000e+02 0.000000000000000000e+00 3.591900000000000000e+04 0.000000000000000000e+00 3.313200000000000000e+04 1.416500000000000000e+03 4.975000000000000000e+02 2.566800000000000000e+04 0.000000000000000000e+00 9.000000000000000000e+01 5.000000000000000000e+00 0.000000000000000000e+00 3.050000000000000000e+01 0.000000000000000000e+00 3.003000000000000000e+04 7.000000000000000000e+00 3.000000000000000000e+00 4.800000000000000000e+01 5.950000000000000000e+01 4.000000000000000000e+00 2.352500000000000000e+04 1.754505000000000000e+05 0.000000000000000000e+00 6.549800000000000000e+04 5.290000000000000000e+02 0.000000000000000000e+00 0.000000000000000000e+00 1.200000000000000000e+01 0.000000000000000000e+00 0.000000000000000000e+00 0.000000000000000000e+00 1.490980000000000000e+05 0.000000000000000000e+00 7.500000000000000000e+00 0.000000000000000000e+00 1.320900000000000000e+04 0.000000000000000000e+00 4.800000000000000000e+01 4.470000000000000000e+02 5.235000000000000000e+03 5.000000000000000000e+00 0.000000000000000000e+00 0.000000000000000000e+00 5.500000000000000000e+00 
2.834950000000000000e+04 1.150000000000000000e+01 7.085000000000000000e+03 1.150000000000000000e+01 4.500000000000000000e+00 0.000000000000000000e+00 3.850000000000000000e+01 2.167115000000000000e+05 5.970150000000000000e+04 4.295000000000000000e+02 4.485000000000000000e+02 6.500000000000000000e+00 3.500000000000000000e+00 2.900000000000000000e+01 2.068505000000000000e+05 2.769950000000000000e+04 1.400000000000000000e+01 1.964750000000000000e+04 0.000000000000000000e+00 2.955000000000000000e+03 0.000000000000000000e+00 0.000000000000000000e+00 2.345000000000000000e+03 1.120612000000000000e+06 1.739600000000000000e+04 0.000000000000000000e+00 5.536000000000000000e+03 3.784500000000000000e+03 3.137990000000000000e+05 6.686200000000000000e+04 7.641695000000000000e+05 0.000000000000000000e+00 8.768250000000000000e+04 5.000000000000000000e+00 1.300000000000000000e+01 1.150000000000000000e+01 0.000000000000000000e+00 0.000000000000000000e+00 0.000000000000000000e+00 4.000000000000000000e+00 2.700000000000000000e+01 0.000000000000000000e+00 8.585000000000000000e+02 8.000000000000000000e+00 0.000000000000000000e+00 3.000000000000000000e+00 5.000000000000000000e+01 1.150000000000000000e+01 2.535000000000000000e+02 0.000000000000000000e+00 0.000000000000000000e+00 0.000000000000000000e+00 0.000000000000000000e+00 0.000000000000000000e+00 8.050000000000000000e+01 2.388000000000000000e+03 8.850000000000000000e+01 2.944000000000000000e+03 5.500000000000000000e+00 2.000000000000000000e+00 2.345000000000000000e+02 5.392000000000000000e+03 3.550000000000000000e+01 2.000000000000000000e+00 0.000000000000000000e+00 3.100000000000000000e+01 
1.300000000000000000e+02 2.455665000000000000e+05 1.250000000000000000e+01 3.243500000000000000e+03 2.085000000000000000e+02 0.000000000000000000e+00 1.261500000000000000e+03 0.000000000000000000e+00 4.600000000000000000e+01 1.361520000000000000e+05 8.000000000000000000e+00 2.250000000000000000e+01 4.379000000000000000e+03 3.005000000000000000e+02 5.250000000000000000e+01 2.450620000000000000e+05 4.617000000000000000e+03 1.965000000000000000e+02 4.500000000000000000e+00 7.050000000000000000e+01 1.815000000000000000e+02 2.345000000000000000e+03 0.000000000000000000e+00 6.479000000000000000e+03 2.447525000000000000e+05 1.609000000000000000e+04 2.335000000000000000e+02 3.063305000000000000e+05 3.525000000000000000e+02 1.177000000000000000e+03 3.450000000000000000e+01 0.000000000000000000e+00 4.015000000000000000e+02 0.000000000000000000e+00 9.045000000000000000e+03 8.000000000000000000e+00 3.670000000000000000e+02 0.000000000000000000e+00 0.000000000000000000e+00 0.000000000000000000e+00 3.950000000000000000e+01 0.000000000000000000e+00 2.826150000000000000e+04 3.500000000000000000e+00 0.000000000000000000e+00 1.785000000000000000e+02 1.050000000000000000e+01 0.000000000000000000e+00 8.177050000000000000e+04 0.000000000000000000e+00 0.000000000000000000e+00 0.000000000000000000e+00 0.000000000000000000e+00 2.500000000000000000e+01 7.884500000000000000e+03 3.459445000000000000e+05 1.371300000000000000e+04 1.302510000000000000e+05 6.690000000000000000e+02 6.500000000000000000e+00 9.776650000000000000e+04 3.910000000000000000e+04 3.000000000000000000e+00 0.000000000000000000e+00 0.000000000000000000e+00 2.500000000000000000e+00 
5.120750000000000000e+04 1.950000000000000000e+01 1.049511000000000000e+06 0.000000000000000000e+00 1.200000000000000000e+01 0.000000000000000000e+00 7.100000000000000000e+01 6.498900000000000000e+04 8.372150000000000000e+04 1.875000000000000000e+02 4.140000000000000000e+02 1.300000000000000000e+01 2.000000000000000000e+00 1.770000000000000000e+02 2.512295000000000000e+05 1.110060000000000000e+05 2.500000000000000000e+01 6.403090000000000000e+05 0.000000000000000000e+00 5.314000000000000000e+03 0.000000000000000000e+00 1.120612000000000000e+06 6.479000000000000000e+03 0.000000000000000000e+00 1.379500000000000000e+04 0.000000000000000000e+00 7.513000000000000000e+03 2.997865000000000000e+05 3.112800000000000000e+04 1.097340000000000000e+05 1.667305000000000000e+05 0.000000000000000000e+00 6.952450000000000000e+04 4.000000000000000000e+00 2.700000000000000000e+01 2.550000000000000000e+01 0.000000000000000000e+00 0.000000000000000000e+00 0.000000000000000000e+00 7.000000000000000000e+00 2.450000000000000000e+01 0.000000000000000000e+00 5.085000000000000000e+02 1.300000000000000000e+01 4.500000000000000000e+00 2.500000000000000000e+00 1.475000000000000000e+02 7.000000000000000000e+00 1.394750000000000000e+04 0.000000000000000000e+00 5.500000000000000000e+00 0.000000000000000000e+00 0.000000000000000000e+00 0.000000000000000000e+00 3.703000000000000000e+03 8.328500000000000000e+03 2.736800000000000000e+04 4.556500000000000000e+03 1.450000000000000000e+01 2.800000000000000000e+01 5.303500000000000000e+03 5.532500000000000000e+03 2.300000000000000000e+01 4.000000000000000000e+00 0.000000000000000000e+00 1.700000000000000000e+01 
