0.000000000000000000e+00 2.653667063486083583e-02 2.177483763053600710e-02 9.056524163288679277e-03 2.885731076987990001e-02 3.235334006419433167e-02 2.505989963984870533e-02 2.192552854839438861e-02 2.138304124410421794e-02 4.053585690390440303e-03 7.971549554708337940e-03 2.813399436415967361e-02 1.948433567908862060e-02 1.047301879115745613e-02 2.032820481909555430e-02 3.480960202528593679e-03 2.165428489624930328e-02 5.203357393649885032e-02 2.090083030695739919e-02 4.359488253642952726e-02 1.050315697472913382e-02 2.524072874127876454e-02 1.631982640406262619e-02 4.867316646825695439e-03 6.344087641837826801e-03 3.283555100134114696e-02 1.797742650050481589e-02 4.656349361823962883e-03 1.011136058829734292e-02 4.992390108648151609e-02 5.209385030364219876e-02 5.694609785868205709e-02 5.091846114434683129e-02 5.462545772366299290e-02 4.415243893250553504e-03 1.194978978616958835e-02 3.425204562920992901e-02 2.395985593948252775e-03 4.546344991787344691e-02 2.469824143698859387e-02 9.990807854010639102e-03 1.122647338044936022e-02 4.585524630430523607e-02 4.144000241105468170e-03 1.823360106086406151e-03 3.645213302994228244e-02 5.349527583972514197e-03 1.713355736049788219e-02 2.365847410376576820e-03 1.345669896475339480e-02 4.552372628501680230e-02 3.872756588960383269e-03 4.068654782176278390e-04 9.990807854010639102e-03 2.539141965913714258e-02 1.448139720619038250e-02 1.273338255903316667e-02 1.243200072331640538e-02 2.870661985202151850e-02 6.735884028269615957e-03 3.765766037280932760e-02 6.404364008981178712e-03 2.674763791986256925e-02 2.180497581410768479e-02 1.053329515830080977e-02 4.669911544431216976e-02 
2.653667063486083583e-02 0.000000000000000000e+00 1.883636473229758496e-03 9.177076897575383099e-03 2.674763791986256925e-02 9.794909660794744091e-04 2.180497581410768479e-02 4.181672970570064068e-02 1.529512816262563850e-02 1.336628441403836520e-02 2.982173264417353406e-02 4.671418453609800753e-04 1.761576829764470095e-02 1.647051732192100770e-02 5.004445382076821991e-02 4.144000241105468170e-03 3.045463449917873433e-02 4.516206808215669083e-02 9.207215081147059055e-03 3.835083859495787978e-02 1.023191332258404848e-02 9.689426018293877813e-03 7.760582269706604516e-03 8.122240472566717717e-03 7.760582269706604516e-03 5.876945796476846021e-04 4.151534786998387766e-02 1.011136058829734292e-02 1.294434984403490009e-02 3.346845285634635070e-02 2.493934690556200151e-02 4.386612618857461260e-02 2.638597971700245778e-02 7.850996820421632383e-03 4.972800289326561934e-04 5.771462153975980176e-03 1.086481517758924702e-02 8.890764153644460004e-04 2.426123777519928731e-03 7.790720453278281339e-03 2.576814695378309376e-03 4.083723873962116259e-03 1.219089525474299600e-02 2.301050315697472995e-02 2.011723753409382087e-02 1.692259007549614877e-02 6.524916743267883401e-03 9.267491448290410966e-03 2.017751390123717278e-02 2.968611081810099400e-03 1.582254637512996989e-03 3.767272946459516666e-04 1.580747728334413321e-02 6.464640376124530623e-03 2.165428489624930328e-02 2.756136887629782525e-02 2.373381956269495635e-02 3.179578366811832389e-03 7.398924066846491315e-03 8.694865960428564342e-03 2.201594309910941821e-02 3.812480221817030925e-03 3.455342746492669204e-02 3.169030002561745718e-02 2.426123777519928731e-03 2.970117990988683024e-02 
2.177483763053600710e-02 1.883636473229758496e-03 0.000000000000000000e+00 2.638597971700245778e-02 2.897786350416660384e-02 3.722065671102002624e-03 9.749702385437229724e-03 3.872756588960383269e-03 1.375808080047015609e-02 7.308509516131462581e-03 1.490333177619384934e-02 1.864046653908169038e-02 1.318545531260830947e-02 9.990807854010639102e-03 1.823360106086406151e-03 2.231732493482617777e-02 3.028887448953451744e-03 6.012567622549388688e-03 2.499962327270535342e-02 1.220596434652883571e-03 4.415243893250553504e-03 3.669323849851569702e-02 2.304064134054640417e-02 3.982760958997001027e-02 1.647051732192100770e-02 1.743493919621464522e-02 2.147345579481924754e-02 1.065384789258751359e-02 2.426123777519928731e-03 2.554211057699552409e-02 7.730444086134928561e-03 1.371287352511264216e-03 9.930531486867287191e-03 2.704901975557933227e-02 6.102982173264417422e-03 9.478458733292144389e-03 2.295022678983137804e-02 4.264552975392172859e-03 7.700305902563252605e-03 8.212655023281747318e-03 3.398080197706484368e-02 3.993309323247087525e-03 1.984599388194873554e-02 1.672669188228025506e-03 1.725411009478458602e-02 1.023191332258404848e-02 4.718132638145899199e-02 4.264552975392172859e-03 2.364340501197992675e-02 7.489338617561519182e-03 3.812480221817030925e-03 1.069905516794502709e-03 2.064465574659815096e-03 8.061964105423365806e-03 1.360738988261177458e-02 2.020765208480884700e-02 2.005696116695046896e-02 1.258269164117478689e-02 1.770618284835973055e-02 1.054836425008664677e-04 1.499374632690887721e-02 1.541568089691234232e-02 8.755142327571917987e-03 4.897454830397372262e-03 9.870255119723933546e-03 5.228974849685809508e-03 
9.056524163288679277e-03 9.177076897575383099e-03 2.638597971700245778e-02 0.000000000000000000e+00 2.578321604556893520e-02 4.656349361823962883e-03 1.330600804689501329e-02 5.922153071834360821e-03 1.601844456834586664e-02 2.397492503126836400e-02 2.834496164916140357e-02 4.354967526107201593e-03 3.804945675924112369e-02 2.817920163951718755e-03 1.612392821084673161e-03 6.886574946127996602e-03 2.412561594912674551e-02 7.489338617561519182e-03 2.050903392052561003e-02 1.707328099335453028e-02 9.538735100435496300e-03 1.656093187263603730e-02 1.882129564051174611e-02 4.716625728967314794e-03 2.154880125374843830e-03 1.604858275191754086e-02 1.267310619188981476e-02 3.842618405388707314e-03 2.713943430629435841e-02 3.420683835385241334e-03 1.131688793116438808e-02 3.714531125209083462e-02 5.560494868974246753e-03 3.943581320353822112e-02 1.026205150615572444e-02 7.881135003993310073e-03 6.012567622549388688e-03 1.463208812404876401e-02 9.327767815433764612e-03 1.116619701330600831e-02 1.839936107050827926e-02 2.370368137912327866e-02 4.049064962854688476e-02 1.351697533189674671e-02 2.243787766911288159e-02 1.966516478051867980e-02 1.891171019122677571e-02 1.089495336116092297e-02 4.103313693283705543e-02 9.448320549720468434e-03 1.732945555371377851e-03 4.867316646825695439e-03 2.667229246093338110e-03 3.164509275025994303e-04 5.082804659363180516e-02 2.792302707915794019e-02 4.525248263287171696e-02 3.331776193848796919e-02 2.008709935052214318e-02 4.015912960925845099e-02 3.747683127137927533e-02 3.232320188062265398e-02 2.521059055770708685e-02 2.457768870270188658e-02 1.552116453941321033e-03 3.141905637347237185e-02 
2.885731076987990001e-02 2.674763791986256925e-02 2.897786350416660384e-02 2.578321604556893520e-02 0.000000000000000000e+00 2.237760130196952968e-02 1.883636473229758496e-03 3.149440183240156000e-03 6.555054926839559357e-03 3.330269284670213034e-03 1.622941185334760006e-02 8.514036858998508608e-03 2.310091770768975608e-02 9.086662346860355233e-03 1.017163695544069484e-02 2.566266331128222791e-02 5.274182125043323658e-04 8.453760491855156697e-03 1.598830638477418895e-02 1.023191332258404848e-02 3.434246017992495514e-02 1.855005198836666078e-02 1.158813158330947342e-02 1.005108422115399101e-02 7.941411371136661984e-03 3.506577658564518502e-02 2.858606711773481468e-02 1.622941185334760006e-02 2.976145627703018215e-02 1.009629149651150581e-03 2.198580491553774052e-02 4.519220626572836158e-02 1.702807371799701678e-03 1.791715013336146398e-02 2.047889573695393234e-02 8.905833245430297765e-03 4.736215548288904426e-02 7.308509516131462581e-03 1.719383372764123410e-02 2.075013938909901767e-02 1.303476439474992796e-02 1.529512816262563850e-02 6.976989496843025336e-03 2.195566673196606283e-02 6.615331293982911268e-03 1.779659739907475668e-02 1.586775365048748512e-02 1.668148460692274113e-02 1.972544114766203172e-02 1.116619701330600831e-02 2.210635764982444434e-02 3.196154367776254251e-02 2.370368137912327866e-02 2.159400852910595137e-02 3.420683835385241334e-03 2.261870677054294079e-02 8.664727776856888386e-03 1.035246605687075230e-02 1.514443724476725872e-02 1.529512816262563850e-02 3.708503488494748618e-02 7.459200433989843226e-03 1.719383372764123410e-02 1.716369554406955988e-02 1.071412425973086550e-02 9.116800530432031188e-03 
3.235334006419433167e-02 9.794909660794744091e-04 3.722065671102002624e-03 4.656349361823962883e-03 2.237760130196952968e-02 0.000000000000000000e+00 1.433070628833200272e-02 6.735884028269615957e-03 3.120808908847063842e-02 1.113605882973433235e-02 1.719383372764123410e-02 2.831482346558972935e-02 1.143744066545109364e-02 1.695272825906782646e-02 2.325160862554813759e-02 2.817920163951718755e-03 3.265472189991109470e-02 2.295022678983137804e-02 4.656349361823962883e-03 7.820858636849956427e-03 2.177483763053600710e-02 8.333207757568451141e-03 8.272931390425099230e-03 2.138304124410421794e-02 1.220596434652883571e-03 2.456261961091605120e-03 8.242793206853423274e-03 6.072843989692741466e-03 5.801600337547656132e-03 3.358900559063305452e-02 4.124410421783879233e-02 5.274182125043323658e-04 3.847139132924458360e-02 3.042449631560705664e-02 2.120221214267416221e-02 3.141905637347237185e-02 2.260363767875710216e-04 1.657600096442187311e-04 2.382423411340998595e-02 2.848058347523394710e-03 1.185937523545455875e-02 1.146757884902276960e-02 2.177483763053600710e-02 7.941411371136661984e-03 8.288000482210937641e-04 1.188951341902623471e-02 1.402932445261524143e-02 8.890764153644460004e-04 1.969530296409035403e-02 1.903226292551347953e-02 1.059357152544416168e-02 7.338647699703138537e-03 7.007127680414701291e-03 1.401425536082940388e-03 2.011723753409382087e-02 2.741067795843944374e-02 4.371543527071623109e-02 2.938472898238423010e-03 1.752535374692967135e-02 2.469824143698859387e-02 1.662120823977938922e-02 1.656093187263603730e-02 1.830894651979325313e-02 1.912267747622850914e-02 3.902894772532059658e-03 2.581335422914060942e-02 
2.505989963984870533e-02 2.180497581410768479e-02 9.749702385437229724e-03 1.330600804689501329e-02 1.883636473229758496e-03 1.433070628833200272e-02 0.000000000000000000e+00 1.267310619188981476e-02 9.388044182577116523e-03 5.078283931827428863e-03 2.608459788128569476e-02 2.017751390123717278e-02 4.037009689426018094e-02 2.757643796808366410e-03 2.053917210409728772e-02 2.946007444131342259e-02 7.760582269706604516e-03 1.354711351546842267e-02 4.565934811108934149e-03 4.335377706785611962e-02 2.496948508913367920e-02 5.876945796476846021e-04 2.680791428700592116e-02 2.457768870270188658e-02 5.711185786832627398e-03 2.020765208480884700e-02 4.844713009146938559e-02 1.280872801796235699e-03 1.824867015264990122e-02 2.081041575624236958e-02 2.894772532059492615e-02 1.454167357333373441e-02 3.581923117493708564e-02 3.933032956103735614e-03 2.228718675125450355e-02 3.156974729133075336e-02 4.697035909645725510e-02 1.026205150615572444e-02 1.749521556335799713e-02 2.105152122481578070e-02 1.547595726405569597e-02 2.463796506984524196e-02 1.647051732192100770e-02 4.293184249785265277e-02 5.831738521119332087e-03 2.282967405554467075e-02 1.414987718690194525e-02 2.949021262488509681e-02 2.667229246093338110e-03 1.054836425008664677e-04 5.335965401365259930e-02 2.275432859661548086e-03 1.430056810476032676e-02 5.459531954009132215e-02 9.659287834722201857e-03 3.420683835385241334e-03 2.213649583339612203e-02 2.168442307982097750e-02 6.102982173264417422e-03 8.694865960428564342e-03 1.321559349617998542e-02 1.520471361191061063e-02 7.097542231129730025e-03 2.456261961091605120e-03 3.420683835385241334e-03 1.782673558264643437e-02 
2.192552854839438861e-02 4.181672970570064068e-02 3.872756588960383269e-03 5.922153071834360821e-03 3.149440183240156000e-03 6.735884028269615957e-03 1.267310619188981476e-02 0.000000000000000000e+00 1.009629149651150581e-03 3.465891110742755485e-04 5.530356685402570797e-03 5.470080318259218886e-03 4.927593013969048218e-03 4.716625728967314794e-03 1.974051023944786796e-03 1.499374632690887721e-02 1.761576829764470095e-02 2.439685960127183084e-02 1.529512816262563850e-02 2.509003782342038302e-02 1.521978270369644861e-03 1.559650999834239979e-02 6.735884028269615957e-03 1.086481517758924702e-02 5.289251216829161419e-03 7.459200433989843226e-03 1.674176097406609304e-02 4.642787179216708443e-02 1.348683714832507076e-02 2.185018308946519786e-03 9.026385979717003322e-03 8.634589593285212430e-03 1.659107005620771152e-02 1.035246605687075230e-02 8.092102288995041762e-03 2.863127439309232579e-04 1.086481517758924702e-02 5.530356685402570797e-03 7.820858636849956427e-03 9.267491448290410966e-03 3.910429318424978734e-02 1.520471361191061063e-02 1.336628441403836520e-02 2.260363767875710216e-04 4.633745724145205830e-02 1.433070628833200272e-02 4.519220626572836158e-02 9.116800530432031188e-03 2.445713596841518275e-02 1.131688793116438808e-02 2.599418333057066516e-02 1.851991380479498656e-02 3.300131101098536645e-03 9.508596916863820345e-03 2.288995042268802613e-02 1.508416087762390508e-02 1.095522972830427488e-02 3.993309323247087525e-03 5.168698482542457597e-03 1.499374632690887721e-02 2.047889573695393234e-02 1.300462621117825200e-02 1.213061888759964409e-02 1.342656078118171885e-02 2.490920872199032729e-02 2.710929612272268419e-02 
2.138304124410421794e-02 1.529512816262563850e-02 1.375808080047015609e-02 1.601844456834586664e-02 6.555054926839559357e-03 3.120808908847063842e-02 9.388044182577116523e-03 1.009629149651150581e-03 0.000000000000000000e+00 3.933032956103735614e-03 1.104564427901930275e-02 9.207215081147059055e-03 3.705489670137580849e-02 4.535796627537258194e-03 7.534545892919033603e-05 3.084643088561052349e-02 3.541236569671946024e-03 9.448320549720468434e-03 5.500218501830894842e-03 1.653079368906435961e-02 2.647639426771748392e-02 3.752203854673679013e-03 2.243787766911288159e-02 1.864046653908169038e-02 5.289251216829161419e-03 2.958062717560012642e-02 4.968279561790810844e-02 1.047301879115745613e-02 4.505658443965582238e-03 4.266059884570756744e-02 2.677777610343424694e-02 2.361326682840825253e-02 4.793478097075089261e-02 6.494778559696207446e-03 2.605445969771401707e-02 1.445125902261870654e-02 4.968279561790810844e-02 1.642531004656349334e-03 2.228718675125450355e-02 3.178071457633248331e-02 1.134702611473606404e-02 2.536128147556546836e-02 2.988200901131688944e-02 3.991802414068504334e-02 6.178327632193607744e-04 1.818839378550654584e-02 4.520727535751420433e-05 2.331188499269148950e-02 2.231732493482617777e-02 2.065972483838399154e-02 3.226292551347930554e-02 1.526498997905396254e-02 9.568873284007172256e-03 5.248564669007398792e-02 3.902894772532059658e-03 2.662708518557586543e-02 1.360738988261177458e-02 5.625291963653350491e-02 2.165428489624930328e-02 1.324573167975166138e-02 1.472250267476379187e-02 4.033995871068851019e-02 9.794909660794744091e-04 7.986618646494175917e-04 4.972800289326561934e-04 7.429062250418167271e-03 
4.053585690390440303e-03 1.336628441403836520e-02 7.308509516131462581e-03 2.397492503126836400e-02 3.330269284670213034e-03 1.113605882973433235e-02 5.078283931827428863e-03 3.465891110742755485e-04 3.933032956103735614e-03 0.000000000000000000e+00 2.955048899202844873e-02 2.349271409412154871e-02 2.897786350416660384e-02 5.048145748255752907e-03 5.861876704691008043e-03 2.536128147556546836e-02 7.278371332559786626e-03 3.593978390922378946e-02 1.356218260725426130e-04 3.691927487530326669e-03 4.033995871068851019e-02 3.274513645062612083e-02 1.029218968972740039e-02 2.400506321484004169e-02 2.346257591054987102e-02 1.408960081975859334e-02 2.727505613236690021e-03 1.399918626904356547e-02 5.022528292219827911e-02 1.026205150615572444e-02 2.807371799701631823e-02 2.863127439309232579e-04 9.794909660794744091e-04 4.957731197540724173e-03 2.486400144663281075e-03 3.450822018956917290e-03 1.414987718690194525e-02 1.719383372764123410e-02 2.713943430629435841e-02 5.681047603260951442e-03 9.779840569008905679e-03 1.770618284835973055e-02 2.270912132125796692e-02 3.089163816096803655e-03 3.187112912704750944e-02 3.801931857566944600e-02 1.149771703259444555e-02 3.705489670137580849e-02 2.156387034553427368e-02 4.987869381112400129e-03 2.120221214267416221e-02 3.059025632525127700e-03 1.345669896475339480e-02 2.361326682840825253e-02 9.900393303295611236e-03 1.095522972830427488e-02 3.425204562920992901e-02 2.340229954340651911e-02 9.659287834722201857e-03 1.246213890688808133e-02 6.615331293982911268e-03 2.546676511806633420e-03 4.374557345428790878e-02 1.194978978616958835e-02 5.801600337547656132e-03 2.921896897274001148e-02 
7.971549554708337940e-03 2.982173264417353406e-02 1.490333177619384934e-02 2.834496164916140357e-02 1.622941185334760006e-02 1.719383372764123410e-02 2.608459788128569476e-02 5.530356685402570797e-03 1.104564427901930275e-02 2.955048899202844873e-02 0.000000000000000000e+00 2.557224876056720178e-02 3.480960202528593679e-03 1.909253929265683145e-02 8.966109612573649676e-03 3.958650412139660263e-02 1.876101927336839420e-02 1.080453881044589511e-02 2.436672141770015662e-02 1.069905516794502709e-03 4.808547188860927413e-02 2.385437229698166017e-02 1.707328099335453028e-02 1.936378294480191678e-02 2.991214719488856366e-02 1.478277904190714379e-02 1.571706273262910361e-02 3.425204562920992901e-02 3.485480930064344812e-02 5.500218501830894842e-03 1.023191332258404848e-02 2.044875755338225812e-02 2.908334714666747055e-03 1.098536791187595084e-02 2.325160862554813759e-02 1.401425536082940388e-03 2.546676511806633420e-03 3.752203854673679013e-03 1.951447386266029829e-02 1.698286644263950068e-02 7.730444086134928561e-03 9.659287834722201857e-03 2.215156492518195741e-03 2.762164524344117716e-02 2.075013938909901767e-02 5.590633052545922708e-03 3.376983469206310678e-02 1.210048070402796813e-02 2.426123777519928731e-03 2.096110667410075110e-02 1.731438646192793793e-02 1.755549193050134904e-02 2.093096849052907688e-02 7.127680414701405981e-03 2.183511399767935901e-02 2.245294676089872130e-03 2.855592893416313699e-02 1.737466282907129331e-02 4.565934811108934149e-03 1.763083738943053806e-03 1.204020433688461622e-02 7.609891351848223871e-03 1.378821898404183205e-02 1.207034252045629218e-02 1.604858275191754086e-02 3.269992917526860689e-03 
2.813399436415967361e-02 4.671418453609800753e-04 1.864046653908169038e-02 4.354967526107201593e-03 8.514036858998508608e-03 2.831482346558972935e-02 2.017751390123717278e-02 5.470080318259218886e-03 9.207215081147059055e-03 2.349271409412154871e-02 2.557224876056720178e-02 0.000000000000000000e+00 9.026385979717003322e-03 4.871837374361447093e-02 2.753123069272615103e-02 6.102982173264417422e-03 4.190714425641566682e-02 1.674176097406609304e-02 3.093684543632555309e-02 3.693434396708910467e-02 2.260363767875710216e-04 1.535540452976899041e-02 2.546676511806633420e-03 1.493346995976552530e-02 7.730444086134928561e-03 3.669323849851569702e-02 1.966516478051867980e-02 6.946851313271349380e-03 3.916456955139313578e-02 1.818839378550654584e-02 4.024954415997347712e-02 1.411973900333026929e-02 4.091258419855035161e-02 2.246801585268455928e-02 1.164840795045282706e-02 8.272931390425099230e-03 7.368785883274815360e-03 1.556637181477072383e-02 1.348683714832507076e-02 3.057518723346543815e-02 1.267310619188981476e-02 1.710341917692620797e-02 1.793221922514729979e-03 1.311010985367911871e-03 1.746507737978631944e-02 2.524072874127876454e-02 2.445713596841518275e-02 1.788701194978978629e-02 1.478277904190714379e-02 5.351034493151098081e-02 2.135290306053254025e-02 3.028887448953451744e-03 2.068986302195566576e-02 4.535796627537258194e-03 2.059944847124063963e-02 4.897454830397372262e-03 2.346257591054987102e-02 1.496360814333720125e-02 1.041274242401410421e-02 6.856436762556320647e-03 5.198836666114133552e-03 9.448320549720468434e-03 3.286568918491282465e-02 1.369780443332680418e-02 4.082216964783532548e-02 3.410135471135154750e-02 
1.948433567908862060e-02 1.761576829764470095e-02 1.318545531260830947e-02 3.804945675924112369e-02 2.310091770768975608e-02 1.143744066545109364e-02 4.037009689426018094e-02 4.927593013969048218e-03 3.705489670137580849e-02 2.897786350416660384e-02 3.480960202528593679e-03 9.026385979717003322e-03 0.000000000000000000e+00 1.538554271334066637e-02 2.970117990988683024e-02 1.830894651979325313e-02 3.153960910775907567e-02 1.732945555371377851e-03 2.388451048055333786e-02 2.004189207516463185e-03 6.345594551016410512e-02 1.701300462621117837e-02 6.615331293982911268e-03 1.568692454905742939e-02 3.902894772532059658e-03 2.998749265381775355e-03 3.752203854673679013e-03 2.879703440273654810e-02 4.528262081644339465e-02 1.023191332258404848e-02 2.481879417127529769e-02 1.469236449119211592e-02 1.173882250116785493e-02 3.328762375491629150e-02 2.150359397839092176e-02 9.448320549720468434e-03 4.354967526107201593e-03 2.295022678983137804e-02 2.328174680911981528e-02 3.413149289492322519e-02 3.232320188062265398e-02 3.379997287563478447e-02 2.108165940838745492e-02 1.110592064616265640e-02 1.261282982474646285e-02 4.927593013969048218e-03 5.530356685402570797e-03 1.912267747622850914e-02 2.909841623845330766e-02 4.772381368574916266e-02 2.878196531095071099e-03 1.249227709045975729e-02 1.311010985367911871e-03 2.908334714666747055e-03 1.309504076189327987e-02 2.183511399767935901e-02 4.199755880713069295e-02 1.219089525474299600e-02 1.812811741836319393e-02 1.613899730263257046e-02 7.338647699703138537e-03 9.237353264718735010e-03 1.800756468407649011e-02 1.493346995976552530e-02 1.990627024909208745e-02 2.798330344630129210e-02 
1.047301879115745613e-02 1.647051732192100770e-02 9.990807854010639102e-03 2.817920163951718755e-03 9.086662346860355233e-03 1.695272825906782646e-02 2.757643796808366410e-03 4.716625728967314794e-03 4.535796627537258194e-03 5.048145748255752907e-03 1.909253929265683145e-02 4.871837374361447093e-02 1.538554271334066637e-02 0.000000000000000000e+00 2.014737571766549509e-02 1.100043700366178882e-03 2.234746311839785546e-02 8.785280511143593943e-03 1.613899730263257046e-02 3.072587815132381966e-02 1.324573167975166138e-02 3.842618405388707314e-03 1.839936107050827926e-02 5.274182125043323658e-04 8.001687738280013895e-03 3.027380539774867860e-02 8.935971429001973720e-03 9.327767815433764612e-03 1.873088108979671651e-02 2.496948508913367920e-02 2.062958665481231385e-02 1.204020433688461622e-02 2.156387034553427368e-02 1.408960081975859334e-02 1.613899730263257046e-02 1.848977562122330887e-02 3.229306369705097629e-02 2.094603758231491485e-03 1.411973900333026929e-02 1.806784105121984202e-02 2.908334714666747055e-03 1.737466282907129331e-02 4.520727535751420433e-05 1.348683714832507076e-02 7.519476801133196005e-03 1.924323021051521296e-02 4.354967526107201593e-03 8.288000482210937641e-04 2.606952878949985765e-03 3.744669308780759764e-02 1.785687376621810860e-02 1.894184837479844993e-02 2.029806663552387661e-02 4.385105709678877549e-03 2.216663401696779626e-02 1.360738988261177458e-02 3.280541281776947621e-02 1.731438646192793793e-02 2.005696116695046896e-02 8.815418694715269898e-03 3.269992917526860689e-03 3.132864182275734571e-02 7.579753168276547916e-03 6.479709467910369468e-04 1.674176097406609304e-02 2.210635764982444434e-02 
2.032820481909555430e-02 5.004445382076821991e-02 1.823360106086406151e-03 1.612392821084673161e-03 1.017163695544069484e-02 2.325160862554813759e-02 2.053917210409728772e-02 1.974051023944786796e-03 7.534545892919033603e-05 5.861876704691008043e-03 8.966109612573649676e-03 2.753123069272615103e-02 2.970117990988683024e-02 2.014737571766549509e-02 0.000000000000000000e+00 2.879703440273654810e-02 2.053917210409728772e-02 2.968611081810099400e-03 6.163258540407769333e-03 1.431563719654616344e-03 9.026385979717003322e-03 1.056343334187248573e-02 2.225704856768282586e-02 1.107578246259098044e-02 5.922153071834360821e-03 2.563252512771055369e-02 3.437259836349663283e-02 1.547595726405569597e-02 2.918883078916833726e-02 3.774807492352436067e-02 1.393890990190021183e-02 2.156387034553427368e-02 4.582510812073356532e-02 1.672669188228025506e-03 3.988788595711336565e-02 1.390877171832853587e-02 5.206371212007052107e-02 1.384849535118518396e-02 3.009297629631861939e-02 1.921309202694353527e-02 2.246801585268455928e-02 8.574313226141860519e-03 4.597579903859194683e-02 5.329937764650924392e-02 4.837178463254019484e-03 2.686819065414927307e-02 4.746763912538991617e-03 9.840116936152257590e-03 2.605445969771401707e-02 4.535796627537258194e-03 4.989376290290983840e-02 1.797742650050481589e-02 1.469236449119211592e-02 4.474013351215322398e-02 1.164840795045282706e-02 3.392052560992148830e-02 2.554211057699552409e-02 6.176820723015023773e-02 3.835083859495787978e-02 2.394478684769668977e-02 2.105152122481578070e-02 5.565015596509998580e-02 2.576814695378309376e-03 7.067404047558054070e-03 1.556637181477072383e-02 1.921309202694353527e-02 
3.480960202528593679e-03 4.144000241105468170e-03 2.231732493482617777e-02 6.886574946127996602e-03 2.566266331128222791e-02 2.817920163951718755e-03 2.946007444131342259e-02 1.499374632690887721e-02 3.084643088561052349e-02 2.536128147556546836e-02 3.958650412139660263e-02 6.102982173264417422e-03 1.830894651979325313e-02 1.100043700366178882e-03 2.879703440273654810e-02 0.000000000000000000e+00 4.596072994680610972e-03 2.783261252844291059e-02 5.108422115399104818e-03 1.809797923479151971e-02 9.870255119723933546e-03 3.089163816096803655e-03 5.801600337547656132e-03 4.898961739575955626e-02 1.381835716761350800e-02 2.062958665481231385e-02 7.670167718991576650e-03 2.697367429665014065e-03 4.552372628501680230e-02 3.872756588960383269e-03 2.275432859661548086e-03 1.686231370835279686e-02 5.259113033257485463e-03 1.758563011407302326e-02 5.711185786832627398e-03 1.894184837479844993e-02 6.374225825409502756e-03 3.018339084703364900e-02 1.797742650050481589e-02 3.193140549419086482e-02 3.196154367776254251e-02 4.543331173430177616e-02 1.526498997905396254e-02 2.870661985202151850e-02 3.506577658564518502e-02 2.017751390123717278e-02 2.301050315697472995e-02 2.816413254773134783e-02 3.661789303958650280e-03 4.972800289326561934e-04 2.486400144663281075e-03 6.524916743267883401e-03 1.436084447190367867e-02 5.876945796476846021e-04 1.098536791187595084e-02 1.276352074260484262e-02 2.424616868341344933e-02 3.661789303958650280e-03 2.852579075059146277e-02 3.024366721417700091e-02 2.102138304124410301e-02 3.042449631560705664e-02 2.261870677054294079e-02 8.845556878286945854e-03 1.466222630762043996e-02 4.415243893250553504e-03 
2.165428489624930328e-02 3.045463449917873433e-02 3.028887448953451744e-03 2.412561594912674551e-02 5.274182125043323658e-04 3.265472189991109470e-02 7.760582269706604516e-03 1.761576829764470095e-02 3.541236569671946024e-03 7.278371332559786626e-03 1.876101927336839420e-02 4.190714425641566682e-02 3.153960910775907567e-02 2.234746311839785546e-02 2.053917210409728772e-02 4.596072994680610972e-03 0.000000000000000000e+00 1.984599388194873554e-02 1.514443724476725872e-02 5.345006856436762543e-02 3.503563840207350732e-02 7.097542231129730025e-03 1.270324437546149071e-02 1.610885911906089277e-02 5.876945796476846021e-04 4.281128976356594895e-02 1.556637181477072383e-02 1.176896068473953089e-02 8.001687738280013895e-03 1.671162279049441535e-02 2.156387034553427368e-02 1.225117162188634964e-02 4.278115157999427126e-02 4.746763912538991617e-03 3.509591476921686271e-02 2.858606711773481468e-02 2.219677220053947395e-02 1.779659739907475668e-02 1.243200072331640538e-02 6.042705806121065511e-03 3.684392941637407853e-02 2.295022678983137804e-02 1.815825560193487162e-02 3.449315109778333666e-02 1.638010277120597810e-02 2.124741941803167441e-03 2.174469944696433288e-02 3.511098386100269635e-03 3.752203854673679013e-03 2.878196531095071099e-03 6.487244013803288023e-02 1.586775365048748512e-02 2.264884495411461501e-02 4.341405343499947500e-02 7.187956781844757892e-03 8.694865960428564342e-03 2.185018308946519786e-03 1.818839378550654584e-02 1.143744066545109364e-02 6.042705806121065511e-03 1.258269164117478689e-02 1.336628441403836520e-02 1.782673558264643437e-02 3.390545651813565379e-03 1.702807371799701678e-03 1.552116453941321033e-03 
5.203357393649885032e-02 4.516206808215669083e-02 6.012567622549388688e-03 7.489338617561519182e-03 8.453760491855156697e-03 2.295022678983137804e-02 1.354711351546842267e-02 2.439685960127183084e-02 9.448320549720468434e-03 3.593978390922378946e-02 1.080453881044589511e-02 1.674176097406609304e-02 1.732945555371377851e-03 8.785280511143593943e-03 2.968611081810099400e-03 2.783261252844291059e-02 1.984599388194873554e-02 0.000000000000000000e+00 1.311010985367911871e-03 1.631982640406262619e-02 2.255843040339958541e-02 1.619927366977592237e-02 1.225117162188634964e-02 2.509003782342038302e-02 2.729012522415273992e-02 1.107578246259098044e-02 2.050903392052561003e-02 2.469824143698859387e-02 1.631982640406262619e-02 2.331188499269148950e-02 4.009885324211509561e-02 5.590633052545922708e-03 4.594566085502026914e-02 4.596072994680610972e-03 1.511429906119558103e-02 7.881135003993310073e-03 1.610885911906089277e-02 3.967691867211162876e-02 9.388044182577116523e-03 6.653004023447506299e-02 1.562664818191407748e-02 4.763339913503412959e-02 2.848058347523394710e-03 5.409803951115866108e-03 2.072000120552734345e-02 1.909253929265683145e-02 3.159988547490243105e-02 2.744081614201112143e-02 1.054836425008664677e-04 5.827217793583580607e-02 7.187956781844757892e-03 1.815825560193487162e-02 1.047301879115745613e-02 1.216075707117132004e-02 7.459200433989843226e-03 7.534545892919033603e-05 2.168442307982097750e-02 2.454755051913021235e-02 3.138891818990069416e-02 1.879115745694007189e-02 9.568873284007172256e-03 2.340229954340651911e-02 1.812811741836319393e-02 2.433658323412847893e-02 3.048477268275041202e-02 1.876101927336839420e-02 
2.090083030695739919e-02 9.207215081147059055e-03 2.499962327270535342e-02 2.050903392052561003e-02 1.598830638477418895e-02 4.656349361823962883e-03 4.565934811108934149e-03 1.529512816262563850e-02 5.500218501830894842e-03 1.356218260725426130e-04 2.436672141770015662e-02 3.093684543632555309e-02 2.388451048055333786e-02 1.613899730263257046e-02 6.163258540407769333e-03 5.108422115399104818e-03 1.514443724476725872e-02 1.311010985367911871e-03 0.000000000000000000e+00 1.634996458763430388e-02 1.098536791187595084e-02 1.475264085833546783e-02 2.967104172631515602e-02 2.355299046126490062e-02 2.138304124410421794e-02 1.906240110908515376e-02 8.242793206853423274e-03 7.007127680414701291e-03 9.629149651150525901e-03 8.303069573996775185e-03 1.451153538976205845e-02 5.861876704691008043e-03 6.193396723979446156e-03 3.722065671102002624e-03 2.457768870270188658e-02 5.650909419689275487e-03 1.568692454905742939e-02 1.731438646192793793e-02 4.505658443965582238e-03 1.100043700366178882e-03 1.502388451048055316e-02 4.204276608248820948e-03 1.258269164117478689e-02 3.172043820918913487e-02 3.541236569671946024e-03 1.842949925407995695e-02 1.086481517758924702e-02 2.138304124410421794e-02 1.974051023944786796e-03 6.479709467910369468e-04 2.704901975557933227e-02 1.969530296409035403e-02 1.598830638477418895e-02 9.207215081147059055e-03 8.589382317927698280e-04 1.842949925407995695e-02 1.300462621117825200e-02 1.324573167975166138e-02 2.316119407483311146e-02 1.833908470336492735e-02 1.339642259761004289e-02 7.790720453278281339e-03 3.872756588960383269e-03 1.478277904190714379e-02 4.475520260393906283e-03 2.138304124410421794e-02 
4.359488253642952726e-02 3.835083859495787978e-02 1.220596434652883571e-03 1.707328099335453028e-02 1.023191332258404848e-02 7.820858636849956427e-03 4.335377706785611962e-02 2.509003782342038302e-02 1.653079368906435961e-02 3.691927487530326669e-03 1.069905516794502709e-03 3.693434396708910467e-02 2.004189207516463185e-03 3.072587815132381966e-02 1.431563719654616344e-03 1.809797923479151971e-02 5.345006856436762543e-02 1.631982640406262619e-02 1.634996458763430388e-02 0.000000000000000000e+00 1.354711351546842267e-02 1.680203734120944495e-02 1.436084447190367867e-02 1.356218260725426130e-04 6.735884028269615957e-03 6.193396723979446156e-03 1.927336839408688718e-02 5.952291255406036777e-03 2.521059055770708685e-02 3.735627853709257151e-02 4.742243185003239964e-02 3.069573996775214197e-02 3.461370383207004048e-02 4.324829342535525638e-03 2.774219797772788099e-02 8.363345941140127096e-03 7.640029535419899827e-03 9.840116936152257590e-03 4.811561007218095182e-02 4.073175509712029935e-02 4.520727535751420433e-05 1.969530296409035403e-02 2.135290306053254025e-02 2.014737571766549509e-02 7.790720453278281339e-03 2.557224876056720178e-02 1.823360106086406151e-03 7.248233148988110670e-03 1.770618284835973055e-02 2.090083030695739919e-02 2.921896897274001148e-02 1.918295384337186105e-02 2.154880125374843830e-03 1.098536791187595084e-02 1.882129564051174611e-02 1.547595726405569597e-02 1.249227709045975729e-02 8.815418694715269898e-03 1.502388451048055316e-02 2.870661985202151850e-02 2.606952878949985765e-03 1.642531004656349334e-03 2.840523801630475895e-02 2.177483763053600710e-02 9.568873284007172256e-03 2.213649583339612203e-02 
1.050315697472913382e-02 1.023191332258404848e-02 4.415243893250553504e-03 9.538735100435496300e-03 3.434246017992495514e-02 2.177483763053600710e-02 2.496948508913367920e-02 1.521978270369644861e-03 2.647639426771748392e-02 4.033995871068851019e-02 4.808547188860927413e-02 2.260363767875710216e-04 6.345594551016410512e-02 1.324573167975166138e-02 9.026385979717003322e-03 9.870255119723933546e-03 3.503563840207350732e-02 2.255843040339958541e-02 1.098536791187595084e-02 1.354711351546842267e-02 0.000000000000000000e+00 8.061964105423365806e-03 9.026385979717003322e-03 7.082473139343891831e-04 3.883304953210470201e-02 1.818839378550654584e-02 1.357725169904009863e-02 1.793221922514729979e-03 5.899549434155603594e-02 3.089163816096803655e-03 1.638010277120597810e-02 3.847139132924458360e-02 1.237172435617305347e-02 4.263046066213588975e-02 1.491840086797968689e-03 1.493346995976552530e-02 5.620771236117599531e-03 5.861876704691008043e-03 6.133120356836093377e-03 3.150947092418739798e-02 2.807371799701631823e-02 3.114781272132728651e-02 4.401681710643299411e-02 4.972800289326561934e-04 1.481291722547881974e-02 8.966109612573649676e-03 1.137716429830774173e-02 2.454755051913021235e-02 3.666310031494401933e-02 3.645213302994228244e-02 7.760582269706604516e-03 4.837178463254019484e-03 1.280872801796235699e-03 1.390877171832853587e-02 4.226880245927577828e-02 2.930938352345504108e-02 5.013486837148325298e-02 3.286568918491282465e-02 2.908334714666747055e-03 2.252829221982791119e-02 2.635584153343078009e-02 3.289582736848450234e-02 3.542743478850529648e-02 3.163002365847410180e-02 1.285393529331987222e-02 4.043037326140353632e-02 
2.524072874127876454e-02 9.689426018293877813e-03 3.669323849851569702e-02 1.656093187263603730e-02 1.855005198836666078e-02 8.333207757568451141e-03 5.876945796476846021e-04 1.559650999834239979e-02 3.752203854673679013e-03 3.274513645062612083e-02 2.385437229698166017e-02 1.535540452976899041e-02 1.701300462621117837e-02 3.842618405388707314e-03 1.056343334187248573e-02 3.089163816096803655e-03 7.097542231129730025e-03 1.619927366977592237e-02 1.475264085833546783e-02 1.680203734120944495e-02 8.061964105423365806e-03 0.000000000000000000e+00 9.809978752580581635e-03 1.848977562122330887e-02 3.012311447989029708e-02 4.987869381112400129e-03 1.182923705188288280e-02 3.028887448953451744e-03 3.997830050782839179e-02 1.577733909977245552e-02 2.056931028766896194e-02 3.642199484637061169e-02 1.273338255903316667e-02 3.612061301065384866e-02 1.433070628833200272e-02 1.740480101264296753e-02 9.146938714003707144e-03 2.288995042268802613e-02 2.215156492518195741e-03 3.307665646991456154e-02 2.032820481909555430e-02 2.997242356203191557e-02 2.050903392052561003e-02 4.656349361823962883e-03 3.699462033423245311e-02 4.118382785069543695e-02 1.336628441403836520e-02 4.006871505854342486e-02 9.493527825077982367e-04 1.644037913834933001e-02 6.102982173264417422e-03 1.773632103193140477e-02 3.726586398637753844e-02 1.613899730263257046e-02 4.596072994680610972e-03 1.680203734120944495e-02 3.179578366811832389e-03 1.668148460692274113e-02 4.505658443965582238e-03 1.824867015264990122e-02 7.067404047558054070e-03 2.144331761124756985e-02 2.873675803559319619e-02 1.360738988261177458e-02 2.481879417127529769e-02 2.292008860625970035e-02 
1.631982640406262619e-02 7.760582269706604516e-03 2.304064134054640417e-02 1.882129564051174611e-02 1.158813158330947342e-02 8.272931390425099230e-03 2.680791428700592116e-02 6.735884028269615957e-03 2.243787766911288159e-02 1.029218968972740039e-02 1.707328099335453028e-02 2.546676511806633420e-03 6.615331293982911268e-03 1.839936107050827926e-02 2.225704856768282586e-02 5.801600337547656132e-03 1.270324437546149071e-02 1.225117162188634964e-02 2.967104172631515602e-02 1.436084447190367867e-02 9.026385979717003322e-03 9.809978752580581635e-03 0.000000000000000000e+00 8.574313226141860519e-03 2.546676511806633420e-03 1.493346995976552530e-02 1.803770286764816780e-02 8.664727776856888386e-03 2.180497581410768479e-02 1.333614623046668925e-02 1.336628441403836520e-02 3.651240939708563782e-02 1.375808080047015609e-02 1.867060472265336460e-02 8.935971429001973720e-03 9.116800530432031188e-03 3.235334006419433167e-02 3.747683127137927533e-02 5.922153071834360821e-03 2.475851780413194578e-02 3.925498410210816885e-02 5.619264326939015647e-02 1.125661156402103617e-02 4.112355148355208850e-02 8.935971429001973720e-03 3.752203854673679013e-03 1.170868431759617898e-02 3.343831467277467301e-02 1.779659739907475668e-02 8.725004144000240297e-03 8.212655023281747318e-03 3.239854733955184734e-03 2.695860520486430267e-02 6.313949458266149978e-03 2.460782688627356427e-02 1.448139720619038250e-02 1.948433567908862060e-02 4.837178463254019484e-03 1.767604466478805286e-02 2.475851780413194578e-02 3.533702023779027035e-02 1.442112083904703058e-02 2.153373216196259946e-02 1.143744066545109364e-02 9.719564201865553768e-03 4.686487545395638839e-03 
4.867316646825695439e-03 8.122240472566717717e-03 3.982760958997001027e-02 4.716625728967314794e-03 1.005108422115399101e-02 2.138304124410421794e-02 2.457768870270188658e-02 1.086481517758924702e-02 1.864046653908169038e-02 2.400506321484004169e-02 1.936378294480191678e-02 1.493346995976552530e-02 1.568692454905742939e-02 5.274182125043323658e-04 1.107578246259098044e-02 4.898961739575955626e-02 1.610885911906089277e-02 2.509003782342038302e-02 2.355299046126490062e-02 1.356218260725426130e-04 7.082473139343891831e-04 1.848977562122330887e-02 8.574313226141860519e-03 0.000000000000000000e+00 1.146757884902276960e-02 1.580747728334413321e-02 4.067147872997694397e-02 2.620515061557239858e-02 3.229306369705097629e-02 7.187956781844757892e-03 8.272931390425099230e-03 1.698286644263950068e-02 5.831738521119332087e-03 2.159400852910595137e-02 2.817920163951718755e-03 1.454167357333373441e-02 1.933364476123023909e-02 3.383011105920646217e-02 1.011136058829734292e-02 2.578321604556893520e-02 1.873088108979671651e-02 3.910429318424978734e-02 6.344087641837826801e-03 6.464640376124530623e-03 2.918883078916833726e-02 2.068986302195566576e-02 2.873675803559319619e-02 1.463208812404876401e-02 1.903226292551347953e-02 7.278371332559786626e-03 3.164509275025994303e-04 9.056524163288679277e-03 2.288995042268802613e-02 2.686819065414927307e-02 1.737466282907129331e-02 3.434246017992495514e-02 2.156387034553427368e-02 3.226292551347930554e-02 1.318545531260830947e-02 1.710341917692620797e-02 3.615075119422552635e-02 1.672669188228025506e-03 9.267491448290410966e-03 1.276352074260484262e-02 1.818839378550654584e-02 1.366766624975512649e-02 
