0.000000000000000000e+00 1.924139088271280967e-02 2.210869505379716229e-02 1.555473498072922067e-01 1.927267624539468205e-01 9.190976082563569183e-02 3.953204911158198498e-01 3.733841985147694498e-01 4.403962069838976423e-01 2.715810217872420829e-01 3.951634442889982723e-02 9.999671186781046439e-02 1.502516758763424443e-01 4.468102657631551483e-02 3.976540908345262415e-01 1.218625882532116227e-02 3.995035245343498964e-01 9.987417950439339553e-02 1.963951328547411668e-01 3.954532842478918064e-02 1.515601307681641308e-01 1.452086861952006092e-01 5.746301964190300704e-02 1.381549421601989125e-01 2.140918666668524539e-02 6.819080157829235378e-02 1.478764723161663797e-01 1.908609826937703036e-02 6.649637960881608911e-02 6.036532475490886673e-01 7.445669241430737939e-01 1.301986854251884762e-01 6.871191920625808747e-01 2.874734993780793113e-01 5.427097658337917685e-02 4.204885550656847770e-02 1.734470791586844307e-01 2.665385487815853938e-01 2.193465878469523511e-02 3.534770896635052173e-01 1.779900209999497884e-01 2.862529299898889379e-01 3.670995102288674983e-01 7.233893973376237518e-02 1.849824991067946511e-01 2.854676267621596986e-01 1.553427195033706965e-01 2.910569208246132633e-01 5.838311522549799459e-02 3.627691950243928654e-01 1.004852476239647824e-01 2.255857268265384907e-02 5.103906032601442447e-03 1.422020505116683708e-01 5.374759492449458775e-02 8.349877749432244034e-02 7.794156459439159634e-02 2.421448752592337827e-01 8.874784386667332325e-02 2.627362694698115800e-02 6.371944766258801074e-02 1.217489652547051743e-01 3.458978934055594867e-01 2.311903754209398143e-01 2.561012582002721860e-01 3.525765387999907907e-01 
1.924139088271280967e-02 0.000000000000000000e+00 2.923744827448615524e-01 1.429739261956630425e-01 7.875941522256670047e-02 1.676382425102311002e-01 3.276134430347828197e-02 4.233994415543888140e-02 7.806320432234704898e-02 8.682224653029582684e-02 4.629535972049741988e-02 1.731022552365814871e-01 4.596699244482378016e-02 1.956987841814870066e-01 7.454004847947146017e-02 2.498877501807340168e-02 1.486983134818824770e-01 4.666231516098685861e-02 2.878296221998720081e-02 6.561432065794575719e-02 1.000234646454562087e-01 1.122252443585214227e-01 2.302389615145110646e-01 9.550093636889360471e-02 1.763829658101281894e-01 3.434965223129782252e-01 3.493014948630645544e-01 7.657407140314765881e-01 2.674702894003018749e-01 4.772745378473840228e-02 2.813631851083035068e-02 2.357727468637961510e-02 2.470167602307109245e-02 1.087835358869055080e-01 6.058206360177939009e-01 9.127394777575446871e-02 1.675833767138452945e-01 4.103404617025484952e-02 1.770384009574326734e-01 7.680513258326208959e-02 9.233838325947975323e-02 3.866788347626708144e-02 1.460368931264716119e-01 3.198777770749833965e-02 2.639855472038493689e-01 3.803905348192427455e-02 2.532253263899827411e-01 1.591882756351134520e-02 9.007631326075903055e-02 3.910380505398963757e-02 2.609119651654775995e-01 1.930353743858594651e-01 8.407936606840867022e-02 6.994699412413521444e-02 1.367210902690144392e-01 7.103843695738074060e-02 1.014980097800253639e-01 1.669428321426997541e-01 9.936275032652869266e-02 1.750514501428795666e-01 4.570321006366425132e-01 2.120928466154964886e-01 1.281301074951436691e-01 7.503795232553764349e-02 3.505683640436652732e-02 1.491133394173893845e-01 
2.210869505379716229e-02 2.923744827448615524e-01 0.000000000000000000e+00 6.622123816040521860e-02 1.635261505121014258e-01 3.074115242241507451e-01 5.573340666624278239e-02 3.108184326663170766e-02 7.445182766561359022e-02 1.573809616563609237e-01 4.842121528391776786e-02 1.821266719973481663e-01 6.225240009566791050e-02 2.203314507605362849e-01 3.229149008433628704e-02 3.390644119697076575e-01 8.641838530297665799e-02 3.030633841110659255e-01 1.266340670680783306e-02 9.252129310320392208e-02 6.460706261277965323e-02 2.139651283090710232e-01 4.430982092594761834e-01 5.101111365115997831e-01 7.779742368946353237e-02 1.926374815322965672e-01 4.408541644089011835e-02 3.050809671220534591e-01 3.631868475853612666e-02 2.430694122226934387e-02 6.056577727419711066e-02 1.942640429068560604e-01 6.234704112511003926e-02 7.535125184208084359e-02 7.824925571528455748e-02 2.373843981083842147e-01 4.644196242239848060e-02 1.373326322312755365e-01 2.257154160720799829e-01 1.504040441105535808e-01 6.922457088474445741e-02 1.297077350418440467e-01 4.345873232172053902e-02 4.711398467541411117e-02 2.803898082570800976e-01 9.246525363952740051e-02 3.219692555515171750e-01 1.249177223494175176e-01 9.500926943139956227e-02 1.392517207253367306e-01 1.420112017952699646e-01 1.394776010627689355e-01 8.566827537212148846e-02 3.222819750640534137e-02 7.030618976472796655e-02 1.419674638934960431e-01 4.898839459217411985e-02 8.155370507555788351e-02 3.213678360014192714e-01 1.126538158938950318e-01 1.630560564844009963e-01 6.371855029530487657e-02 1.170354100421327898e-01 1.934955050223051420e-02 1.757189984150367978e-01 1.314386964604701558e-01 
1.555473498072922067e-01 1.429739261956630425e-01 6.622123816040521860e-02 0.000000000000000000e+00 1.695853227849968559e-01 5.274644587825885050e-02 1.041114492281570297e-01 1.835785136836609044e-01 1.058160842362627641e-01 4.499959011699831146e-01 3.453637724911663986e-01 4.426149335047183803e-02 5.556288197402210471e-01 2.015317369607698764e-02 7.273037391125657114e-02 1.585601322747095532e-01 2.016442080630251876e-01 7.598314506617180608e-02 5.001060698267215110e-02 9.139664116760294610e-02 8.283956091628836838e-01 6.355565697441073469e-02 7.086174036768501383e-02 2.758823607629073277e-02 6.433515414526377318e-01 6.558265254287964918e-02 8.449838983387006341e-02 1.180762543648219975e-01 3.995963010048205755e-01 1.160538304023529532e-01 1.255744315815767176e-01 1.014215134391007883e-01 9.391845560936766535e-02 1.527231681433014743e-01 1.369525385224017733e-01 4.359532016864771375e-02 6.276859052311840603e-01 5.079553197067700893e-02 6.759941196566317256e-02 6.694470121154602604e-02 4.706781185805503087e-02 7.890772403536451540e-02 2.909397102224874354e-01 5.165209023242024050e-02 8.563366080561170268e-02 1.806846971933374901e-01 5.821588844082646597e-02 8.012491687212523750e-02 1.176768802009686976e-01 8.250812775850174807e-02 3.101121185435083694e-02 9.483407261608403638e-02 4.540082348006252433e-02 3.746323220678389743e-01 4.389805724984525287e-02 5.574064951243038607e-02 4.916240282116387389e-02 3.907853990808971001e-01 2.841270111223583722e-02 9.086708761774747733e-02 1.679522490968271831e-01 2.348424063864076317e-01 8.558822423313637573e-02 1.315596756642690435e-01 6.339564193093022437e-02 6.446470225577007052e-02 
1.927267624539468205e-01 7.875941522256670047e-02 1.635261505121014258e-01 1.695853227849968559e-01 0.000000000000000000e+00 1.112470395767745368e-01 6.007463519427862497e-01 7.298267160600115100e-02 5.773076388659882374e-01 1.049210216792052369e-01 2.131524466077740210e-01 3.269886400858723619e-01 5.987848965847170080e-02 1.071224697182290714e-01 4.780209495929590990e-01 2.498710176393765248e-01 6.496849633789549827e-01 7.497461407527276911e-02 1.705653894071649385e-02 1.889936468599285047e-01 2.245556567229907985e-01 1.816268999405480367e-01 3.124069835044654964e-01 2.198704929851509615e-01 2.171274021410013466e-01 2.720640986458063848e-01 3.070336984717271789e-01 1.491455981194015623e-01 1.951777574954862704e-01 4.774102227306917245e-01 1.050376109921840294e-02 6.859576487450481652e-01 2.566822161070774211e-01 1.546552715883774687e-01 3.021242272436006418e-02 1.359199926909054890e-01 1.102033995778152614e-01 1.130455063276925021e-01 2.277450779429765204e-01 2.305069489769366042e-01 2.326287280565680557e-02 2.082477734267225988e-01 3.508961272255994857e-01 9.123184172530719727e-02 1.111344983398791231e-01 8.846785605553326992e-02 3.987265335380658915e-02 2.354698433571827676e-01 2.207689681328133535e-01 2.242218835741457139e-01 1.384995599761029150e-01 5.618818520009934148e-02 5.189653878841644224e-02 2.470946358191358772e-02 1.125700472496283244e-01 3.229671422395725688e-01 1.886562117782951131e-01 1.860995426360268767e-01 1.376007724253412445e-01 3.337048002811834890e-02 1.453452859894994176e-01 9.814074412802661906e-02 2.568983750683720979e-01 1.033344406362982498e-01 1.165915583354551754e-01 3.012691615463209960e-01 
9.190976082563569183e-02 1.676382425102311002e-01 3.074115242241507451e-01 5.274644587825885050e-02 1.112470395767745368e-01 0.000000000000000000e+00 1.171613570847188229e-01 6.574062244296093038e-02 9.740253501602448571e-02 8.295839506434719846e-02 5.014260919478390893e-02 2.774094370709713209e-01 6.363001555776474916e-02 4.553125370115437276e-01 3.546033028309639873e-02 8.926505741569812358e-02 4.984752131811701070e-02 3.076339606138362437e-01 2.647319250535185020e-01 1.355028859907087824e-01 5.680067380177902803e-02 5.694678608230044348e-02 1.244175742249891553e-01 1.142210371891762277e-01 9.058931520954412175e-02 6.649656769588486727e-01 1.972731926736660535e-01 8.675780835999326313e-02 5.791242206737141907e-02 1.355922792023414869e-01 5.033730386544842117e-02 2.773261723435299086e-01 1.383898210759648972e-01 5.854246499071249360e-02 2.265904966232304141e-01 1.542753126416734621e-01 4.115828914919342219e-02 1.296751221551860622e-01 5.856510595696970967e-01 1.095630900850268347e-01 2.237031850006009417e-02 9.770443312755733301e-02 8.648856611961211471e-02 3.939759884334086137e-02 2.860569140531361021e-01 5.769809330957793858e-02 4.035326492551928879e-01 7.363537316567562996e-02 8.733043951568880692e-02 8.946226663317906336e-02 2.149835868762195179e-01 1.684666688796886413e-01 7.441702418583238943e-02 3.059825659663789263e-02 1.042663835255258353e-01 1.291650356549677858e-01 1.105725673623016159e-01 6.821256234014910769e-02 5.902555834882670105e-01 1.641647794623730117e-01 3.581485951805594148e-01 6.355882550307749568e-02 6.415934242353306394e-02 7.581734988857551094e-02 3.123080567983550493e-01 1.015336417846513795e-01 
3.953204911158198498e-01 3.276134430347828197e-02 5.573340666624278239e-02 1.041114492281570297e-01 6.007463519427862497e-01 1.171613570847188229e-01 0.000000000000000000e+00 6.935737233308537919e-02 8.161934112264755958e-01 1.518412879795002779e-01 1.128562427376445104e-01 3.042584153651262668e-01 2.309021873503157574e-01 1.682937218125453438e-01 7.128813355966245879e-01 9.017212595561305277e-02 7.558032564119863128e-01 2.825029902599957357e-02 6.190485311020096221e-02 2.213685016169393907e-02 1.380956057409046811e-01 3.840146120742261859e-02 1.062905819756333886e-01 4.614011317858490030e-02 7.570701007123431525e-02 1.699539508522081022e-01 1.940648496771480713e-01 7.871000231612064468e-02 6.246860923894354684e-02 5.332447243403564130e-01 1.820284534539267918e-01 6.299249651562556229e-01 4.010421907925940110e-01 2.985081947971421346e-01 6.602180504187016297e-02 1.118965135056293886e-01 1.320952906356037959e-01 2.126104878656297215e-01 1.732948603318757996e-01 4.804245291959306496e-01 5.644658548549687238e-02 4.091636745563907995e-01 4.053055807088350448e-01 4.519893384145411835e-02 1.096893229920649360e-01 2.730170773472101464e-01 1.981574722632398894e-02 4.323125623107091364e-01 1.316062831431265845e-01 4.120992828247398987e-01 1.421571316058098944e-01 2.863501161696729858e-02 9.104862748308704956e-03 9.617374859704400092e-02 1.306139862732408619e-01 2.120073649288517492e-01 1.582737261910028559e-01 2.176662210713233847e-01 1.177010469974038298e-01 1.817378522413469130e-02 5.674343369079969807e-02 1.455364904813692961e-01 3.809276466558407237e-01 1.727048016400001551e-01 2.296652792536593435e-01 4.328717812920441776e-01 
3.733841985147694498e-01 4.233994415543888140e-02 3.108184326663170766e-02 1.835785136836609044e-01 7.298267160600115100e-02 6.574062244296093038e-02 6.935737233308537919e-02 0.000000000000000000e+00 9.465369111058787033e-02 4.086672450765435616e-01 4.359910866084865111e-01 1.310801326693752100e-01 3.563772515092532567e-01 1.275193905564767638e-01 7.610821957208743771e-02 8.668002027878106419e-02 5.412599204262343727e-02 6.733806595721256172e-02 1.544921998471965319e-01 1.018540232165062037e-01 2.445482672563161763e-01 1.576104392451689040e-01 1.120474431492180095e-01 9.621378998988336373e-02 4.130951157013391106e-01 5.243893778760619351e-02 3.990233055836683862e-02 2.844721667207354004e-02 2.500150597019880627e-01 1.097098605447581060e-01 3.366576194509688924e-01 6.405611495841358194e-02 2.011207639554627447e-01 1.991172961385023754e-01 5.910665464762712533e-03 3.169155843720257437e-02 1.564938154539021256e-02 1.265078018425554174e-01 3.271398684133965118e-02 1.007279306019668724e-01 2.709098763909921215e-01 7.203416408437558760e-02 8.853129393433925576e-02 1.203526264329037448e-01 1.837872680532075254e-02 1.385816260337411343e-01 7.813929349078491127e-02 9.468663513881318827e-02 2.342639546724911703e-02 1.511205947875866040e-01 2.870305919132335251e-02 6.003648840862289837e-02 5.432983652102800487e-02 6.386378942334124120e-02 1.952086280314387773e-02 4.263517861784345275e-02 5.318739068340340437e-02 7.914827586873386667e-02 5.106639922190616548e-02 3.290584300099206466e-02 5.055511995732952374e-02 6.562117704063147317e-02 1.796614670076752962e-01 1.978998183948337264e-01 1.087501198948998132e-01 1.548620954115204618e-01 
4.403962069838976423e-01 7.806320432234704898e-02 7.445182766561359022e-02 1.058160842362627641e-01 5.773076388659882374e-01 9.740253501602448571e-02 8.161934112264755958e-01 9.465369111058787033e-02 0.000000000000000000e+00 1.713202079073556650e-01 7.727002644995922820e-02 2.273165324027521805e-01 2.098983360922083707e-01 8.100952904216442152e-02 8.348221990159637729e-01 7.418489936004689367e-02 6.557296726166893519e-01 1.607970205239290032e-02 6.155585028062852265e-02 4.320316099965285789e-02 1.179951099392411162e-01 3.761167638001702146e-02 7.480115865037401113e-02 5.835634250688000180e-02 4.104082383168574516e-02 1.763865412729511972e-01 2.350274982959306980e-01 1.003311562016861447e-01 5.765395964126263789e-02 5.323967375873526198e-01 1.925878194587945513e-01 5.687686174272029715e-01 3.845027898230471419e-01 2.453239589182835689e-01 1.993031345967052198e-02 7.319328436126497361e-02 1.361248941840853544e-01 2.375023619767180350e-01 1.405986398581749175e-01 4.457365430273949602e-01 5.547393825524875310e-02 3.859510341976677417e-01 3.687752745425247891e-01 5.399304772908254668e-02 1.143875035474640894e-01 2.584432966094681317e-01 9.212539184380516555e-03 4.102854068727587733e-01 1.135867876997985332e-01 3.966787811126829544e-01 1.343810190556242734e-01 7.123897530632059688e-03 2.164715167014741662e-02 9.521628290382706805e-02 9.461971046177551636e-02 1.738161035779488550e-01 1.273384791314577935e-01 2.010826595291559382e-01 1.067510020669455301e-01 1.068096546271418180e-02 6.705704129200144858e-02 1.396110048953023153e-01 3.395121078496241007e-01 1.501684049331339643e-01 2.375270144430526031e-01 3.937631208585256060e-01 
2.715810217872420829e-01 8.682224653029582684e-02 1.573809616563609237e-01 4.499959011699831146e-01 1.049210216792052369e-01 8.295839506434719846e-02 1.518412879795002779e-01 4.086672450765435616e-01 1.713202079073556650e-01 0.000000000000000000e+00 2.197482009495772270e-01 1.825810933036644754e-02 5.243235450680417964e-01 2.685999002788988857e-02 2.396602486494183726e-01 4.642215458368421088e-01 1.054663383230031309e-01 6.295456729779952409e-02 1.235684146000979311e-01 9.061222040133139199e-02 3.943654081749272677e-01 4.167010299585056088e-01 4.419763177873821669e-01 3.692306443420196871e-01 7.611543812162968603e-01 1.362484851852653056e-01 1.659443716797241453e-01 1.326280261772290192e-01 4.664914651269986834e-01 2.035432735951362149e-01 2.584153331552046517e-01 1.056824504759749060e-02 3.021806515191902687e-01 4.211257303476071412e-01 1.274480173551524875e-01 3.631922652593393922e-03 3.100790759641940952e-01 4.259275585111146900e-01 1.235679755629383453e-01 4.649244670672776358e-01 1.249367397750741904e-01 4.073465402513585798e-01 7.225231441700959156e-02 9.341618102998552886e-02 1.271860086319709093e-01 9.121231637406673753e-02 1.438668255994761391e-01 4.260124117906708974e-01 2.667347929640585535e-01 5.514594142000821542e-01 9.974095162391877212e-02 1.076569234503510081e-01 4.876722916180955408e-02 2.088768217918085535e-01 6.602321056122083254e-02 2.268286079866981553e-01 1.115209671034079683e-02 2.575208208618053884e-01 8.031102488207091106e-02 1.219153933242530935e-01 2.187128706008160117e-01 1.815156252481550103e-01 4.942459267137961354e-01 3.972915603111228378e-01 3.803903832443280564e-01 4.803590976908335697e-01 
3.951634442889982723e-02 4.629535972049741988e-02 4.842121528391776786e-02 3.453637724911663986e-01 2.131524466077740210e-01 5.014260919478390893e-02 1.128562427376445104e-01 4.359910866084865111e-01 7.727002644995922820e-02 2.197482009495772270e-01 0.000000000000000000e+00 2.123107847426333739e-01 5.624160158511305463e-01 1.338777919391438143e-01 6.005990237867123160e-02 3.832552934495462443e-02 2.087820142602961060e-01 1.138361236163092371e-01 1.913079963251091697e-01 1.609825984847544911e-01 5.490276519726057236e-01 9.878570425462872978e-03 1.982773078599360181e-02 4.356120722937011774e-02 3.715376076880440581e-01 8.872366852414990956e-02 5.256498810148081680e-02 3.356154348171167673e-02 1.937543618916146848e-01 8.830496247499253215e-02 2.976254302291041209e-02 1.326930421299927221e-01 4.578420134181978435e-02 3.725194898359572571e-02 4.309169898485442490e-02 5.369784319027587349e-02 1.360088929364730026e-01 6.023192435175121068e-02 4.138231115696046347e-02 4.477637047539743259e-02 1.274839790796973293e-01 4.599675774951289542e-02 1.508938579019251658e-01 2.568711406025772637e-01 1.731972959163567694e-01 4.881883795988313512e-02 8.614719258853224815e-02 2.536933209997388472e-02 2.931555967081240360e-02 7.011542761605130125e-02 1.038177568302350584e-01 1.632712489811473933e-01 1.174103446984197385e-01 3.251200245475417694e-02 1.293287416682676813e-02 3.657056388045948347e-02 4.162474720255946586e-02 4.340701112289353097e-02 1.250285628867482852e-02 5.403812017398152562e-02 5.648636835565816472e-02 5.663632780868040756e-02 2.145492939043983430e-02 2.169672199055756867e-02 2.139582653643419194e-02 3.450038576648220556e-02 
9.999671186781046439e-02 1.731022552365814871e-01 1.821266719973481663e-01 4.426149335047183803e-02 3.269886400858723619e-01 2.774094370709713209e-01 3.042584153651262668e-01 1.310801326693752100e-01 2.273165324027521805e-01 1.825810933036644754e-02 2.123107847426333739e-01 0.000000000000000000e+00 3.242017617176118360e-02 7.479565128052670930e-01 1.382452863366608331e-01 4.799603254015436665e-02 1.189844155320105845e-01 3.763363616835378733e-02 4.590249906180783324e-01 2.571844098501402942e-01 1.087667181961800844e-01 3.022988344575705533e-02 1.478339608085545986e-01 7.512134729674230238e-02 8.370924036349178254e-02 4.536185267087495254e-01 4.544444733891869065e-02 1.484309940528218963e-01 8.581261887179777309e-03 2.018499820946139944e-01 1.208465194151835120e-02 3.488123747937070251e-01 6.235242988321232360e-02 1.454974351342933903e-01 2.451542250720715743e-01 2.213167025148437550e-01 4.727608965402235741e-02 5.923872920590116803e-02 3.166948299327266847e-01 7.257101314846292617e-02 1.488217251543921642e-02 8.796690531506369537e-02 9.357906686887781933e-02 1.360959763431794090e-01 3.214825733785649925e-02 5.438060030447297577e-02 3.041129807930945672e-01 7.398430984192042037e-02 2.497104053669479962e-02 1.212177896052080428e-01 3.283578654989752765e-01 1.422159803957041280e-01 1.795858959019182854e-01 8.532983421423996628e-02 4.353293354906132007e-02 1.516533318416039278e-01 1.829898378942330581e-02 4.040237185657971630e-02 2.760331282747963688e-01 5.524040733642986839e-02 9.313721492616619524e-02 7.667614267871929179e-02 2.048050412749647664e-01 8.797041079930566221e-02 3.721168985875294988e-02 1.958075152107311701e-01 
1.502516758763424443e-01 4.596699244482378016e-02 6.225240009566791050e-02 5.556288197402210471e-01 5.987848965847170080e-02 6.363001555776474916e-02 2.309021873503157574e-01 3.563772515092532567e-01 2.098983360922083707e-01 5.243235450680417964e-01 5.624160158511305463e-01 3.242017617176118360e-02 0.000000000000000000e+00 1.281806867057647473e-02 2.444686484022183803e-01 4.111998049440755004e-02 8.054490399758534869e-02 1.128275709565827595e-01 1.752748925638407673e-01 1.915422845456569434e-01 7.113781240676274598e-01 3.441808905277811415e-02 2.213162313269144768e-02 2.395765334383555267e-02 4.686731313999230042e-01 2.481961897173310186e-02 2.585320452194728863e-02 1.463134507626154962e-02 1.733510794898057705e-01 1.014051214533421424e-01 1.345764618682055991e-01 1.256376205120322276e-01 1.625172631197610851e-01 3.000451263451892614e-01 7.219546720952622898e-02 3.414855091064401826e-02 3.213172644173384884e-01 1.318839318546133899e-01 7.394245555088078958e-02 2.445507382235036498e-01 1.398111522511427396e-01 2.326430697152014337e-01 2.010220519703926484e-02 6.415938792526887369e-02 9.037464721370287724e-02 1.699042911496159367e-02 6.532270962661700098e-02 2.711421423652113916e-01 3.331135962852374566e-02 2.325854881295068843e-01 4.377696722125667267e-02 1.547788862913165864e-01 7.728185913430558884e-02 2.131233170509687080e-01 1.040552150950703886e-01 6.380151619059459822e-02 1.119303243158083494e-01 7.086814785630947411e-02 7.782281304780709619e-02 2.378883415761946438e-02 4.981397408805856436e-02 1.155546986775505408e-02 2.725286336676533971e-01 2.015599139826933783e-01 1.146743589086055559e-01 2.655580205132306304e-01 
4.468102657631551483e-02 1.956987841814870066e-01 2.203314507605362849e-01 2.015317369607698764e-02 1.071224697182290714e-01 4.553125370115437276e-01 1.682937218125453438e-01 1.275193905564767638e-01 8.100952904216442152e-02 2.685999002788988857e-02 1.338777919391438143e-01 7.479565128052670930e-01 1.281806867057647473e-02 0.000000000000000000e+00 3.620380919419333154e-02 3.399819510059109984e-02 3.323622138134269682e-02 2.184200308457655004e-01 3.663039451000001945e-01 3.392156594099170197e-02 3.141263747939304629e-02 3.718292831952230149e-02 8.722992606766935553e-02 5.558153561811602500e-02 2.921695975121370303e-02 5.151284979228746286e-01 2.265639986258319999e-02 1.927127290942343418e-01 8.048987592881369502e-02 4.671810469308353836e-02 4.578802653597126987e-02 2.120242236114984191e-01 9.699375611016559928e-02 1.182402704079565381e-01 1.825821876738205340e-01 2.102974317647106073e-01 7.121338886375783161e-02 2.384964757043105121e-02 4.196686498226976925e-01 5.385782745305589536e-02 7.698521157129789572e-02 2.500791038047760553e-02 1.556903408328336701e-02 1.002358971466464493e-01 3.157420195248614725e-01 6.581503030353529071e-02 5.711877486665938308e-01 3.085630039907535233e-02 5.056009958603062404e-02 6.473084534093520581e-02 3.000149779847133824e-01 8.129871546691083695e-02 9.025617422726490979e-02 7.088574468300373743e-02 5.797533886994367391e-02 6.847759113224941019e-02 3.409428055874835078e-02 6.353250477809743724e-02 4.866463731419520267e-01 2.817095446282934929e-02 8.651224466299256566e-02 9.801252038841692937e-02 1.504113861664092000e-01 9.094641497842735622e-02 1.377497992150749084e-01 1.448593062963796085e-01 
3.976540908345262415e-01 7.454004847947146017e-02 3.229149008433628704e-02 7.273037391125657114e-02 4.780209495929590990e-01 3.546033028309639873e-02 7.128813355966245879e-01 7.610821957208743771e-02 8.348221990159637729e-01 2.396602486494183726e-01 6.005990237867123160e-02 1.382452863366608331e-01 2.444686484022183803e-01 3.620380919419333154e-02 0.000000000000000000e+00 4.481067975454056107e-02 6.546781843507213372e-01 1.104519265534027322e-01 1.826733696377541016e-01 6.824616833160576483e-03 6.593817937696400122e-02 2.826308399991920781e-02 2.548648083949728999e-02 3.046544260148022557e-02 7.997412348791732226e-03 5.091370473967610916e-02 2.311556490366393490e-01 1.216733164371075204e-01 6.846572216463372995e-02 6.234909248026805351e-01 1.668688494611612894e-01 6.205645907797762151e-01 4.867067017784904581e-01 2.380529425911095676e-01 5.530766996454415663e-02 8.262332573210608155e-02 1.274421502258979710e-01 2.606126230252224230e-01 1.127964205992479096e-01 4.865500794500679516e-01 5.907754451685631736e-02 4.136031858999567046e-01 3.808092010920673953e-01 3.488574947989538100e-02 1.333182035203286930e-01 2.884276906856183542e-01 5.110400700783464256e-02 4.661028678998673791e-01 1.161978629626486265e-01 4.461614482220433997e-01 1.218741874722750612e-01 3.351818065630161880e-02 1.416436221908208386e-02 7.980645810090804260e-02 1.019497017818617318e-01 1.661187380936320623e-01 1.437369149971858551e-01 1.912178749217101070e-01 4.375092978126590704e-02 3.903129427271582672e-03 5.311372869583488865e-02 1.265061655240281024e-01 3.608573309880029889e-01 1.465770014144584521e-01 2.870640165959171819e-01 4.339573685385022528e-01 
1.218625882532116227e-02 2.498877501807340168e-02 3.390644119697076575e-01 1.585601322747095532e-01 2.498710176393765248e-01 8.926505741569812358e-02 9.017212595561305277e-02 8.668002027878106419e-02 7.418489936004689367e-02 4.642215458368421088e-01 3.832552934495462443e-02 4.799603254015436665e-02 4.111998049440755004e-02 3.399819510059109984e-02 4.481067975454056107e-02 0.000000000000000000e+00 9.917150144608852247e-02 9.647793685876938918e-02 4.488555922030337125e-02 5.273256651237784309e-02 7.538839483627716997e-02 6.681711549035072029e-01 7.906300867742195315e-01 6.759080299762818544e-01 4.296581451417981201e-01 1.110035896068139738e-01 1.694845636027249858e-01 1.701889778509436124e-01 3.698408584841098579e-01 8.393917684127666368e-02 5.770518067302154303e-02 2.113917030177064060e-01 5.207997251626182017e-02 2.065786543625317828e-01 3.435909149556966996e-02 3.404652130897988654e-02 1.235703304155937737e-01 2.396452032348652395e-01 1.737281341048811933e-01 1.708745129739754620e-01 1.087939337152224045e-01 1.412649991505812719e-01 1.435042647566341367e-01 3.307664272133768735e-02 1.199819717044016409e-01 1.202001952952805736e-01 1.527918064850214142e-01 1.297514224708217478e-01 5.265028726674007009e-01 2.258104079136378228e-01 7.500059538842328288e-02 3.606994487046853021e-02 1.433448703362897973e-02 4.575857078074905410e-02 2.196579564237898519e-01 4.831882187185966848e-01 1.513271452884286106e-01 2.174641250809924431e-01 7.858270055948843313e-02 7.953268815521938317e-02 2.363949644706216935e-01 1.192865440533523863e-01 2.248374547227965647e-01 2.679674260744608905e-01 2.314244297100312986e-01 2.412275109338624934e-01 
3.995035245343498964e-01 1.486983134818824770e-01 8.641838530297665799e-02 2.016442080630251876e-01 6.496849633789549827e-01 4.984752131811701070e-02 7.558032564119863128e-01 5.412599204262343727e-02 6.557296726166893519e-01 1.054663383230031309e-01 2.087820142602961060e-01 1.189844155320105845e-01 8.054490399758534869e-02 3.323622138134269682e-02 6.546781843507213372e-01 9.917150144608852247e-02 0.000000000000000000e+00 1.635338582459566203e-01 1.479539964017367037e-01 4.478562615242006467e-02 2.378490249873137230e-01 5.374908746550928484e-02 8.297485660299719346e-02 6.470082566868791407e-02 1.495589663588671181e-01 8.199641935708826268e-02 2.216521822777967887e-01 1.948717027518543643e-01 1.689183269725815784e-01 5.996335730972113254e-01 1.856524707775675243e-01 5.957325202313044077e-01 5.080754664264102161e-01 3.000717206300126949e-01 2.205422697955891284e-02 1.246758448104075545e-01 1.711660666897813488e-01 2.384540043117906183e-01 1.251387057996355134e-01 4.699861855248965714e-01 6.364728853693787936e-02 4.121342196422311810e-01 4.819949871345295955e-01 4.589004778255983963e-02 1.882510424158830575e-01 2.706789304786864636e-01 1.167619093323772894e-01 4.533956162282934965e-01 1.870673322609162914e-01 4.421558826860946256e-01 1.537675695411662991e-01 2.022213115581064646e-02 1.581269815227715966e-02 9.345432907835495018e-02 1.462216838642687033e-01 2.420995581101964556e-01 2.159306094090789885e-01 2.751893799176248767e-01 2.407842515945819023e-02 5.183775675142747452e-02 1.113672193148298462e-01 1.554283980554860278e-01 4.093420726480559990e-01 1.809597458535553982e-01 2.573131219658376101e-01 4.792708032812540431e-01 
9.987417950439339553e-02 4.666231516098685861e-02 3.030633841110659255e-01 7.598314506617180608e-02 7.497461407527276911e-02 3.076339606138362437e-01 2.825029902599957357e-02 6.733806595721256172e-02 1.607970205239290032e-02 6.295456729779952409e-02 1.138361236163092371e-01 3.763363616835378733e-02 1.128275709565827595e-01 2.184200308457655004e-01 1.104519265534027322e-01 9.647793685876938918e-02 1.635338582459566203e-01 0.000000000000000000e+00 2.407990833380941817e-02 6.170014652029500724e-01 1.124206733868551161e-01 7.773232389264632392e-02 8.103964674493148446e-02 1.541546757515734056e-01 3.370884347740840670e-02 2.957533250664774460e-01 6.092206742475303471e-02 4.542023269670845964e-02 1.769312741085408980e-02 3.436799853017136752e-01 4.626594827531617382e-03 4.700473271744702586e-02 3.305117507745409799e-01 8.974199880545605246e-02 2.811302849978141727e-01 1.153556505979965868e-01 4.522461241625255757e-02 1.628220787501725719e-01 2.180418663884709229e-01 1.785248194689639800e-01 2.417508216598286686e-02 1.589188170477005002e-01 1.241939280889194502e-01 4.683954384679571425e-02 3.554521584470058948e-01 1.289970115409516949e-01 3.361325231514214473e-01 1.588979276456544132e-01 3.069962940628521639e-02 1.918175284520285684e-01 2.100838571144735545e-01 1.742481928153390980e-01 1.908808493685478502e-01 4.625670363228540083e-02 3.444860095759426366e-02 6.955214819122294834e-02 1.871089415860617902e-02 2.310546235339450832e-02 3.996283660313890707e-01 1.500108272144636823e-01 1.761563193080363521e-01 2.205177898529254304e-02 1.649987454206305049e-01 3.156913004753093138e-02 1.921977694158667205e-01 1.845369276431113037e-01 
1.963951328547411668e-01 2.878296221998720081e-02 1.266340670680783306e-02 5.001060698267215110e-02 1.705653894071649385e-02 2.647319250535185020e-01 6.190485311020096221e-02 1.544921998471965319e-01 6.155585028062852265e-02 1.235684146000979311e-01 1.913079963251091697e-01 4.590249906180783324e-01 1.752748925638407673e-01 3.663039451000001945e-01 1.826733696377541016e-01 4.488555922030337125e-02 1.479539964017367037e-01 2.407990833380941817e-02 0.000000000000000000e+00 4.513205461878108116e-01 1.006802930709650573e-01 3.676242888822840033e-02 1.243106104295088610e-02 5.658597508524008252e-02 1.012837683117729509e-01 3.219369521486417640e-01 1.362109498734500046e-01 1.057036503397317528e-01 3.665321058716130512e-03 2.512227322127843498e-01 1.452114000113477188e-01 3.802473116156301902e-02 3.171923786784881516e-01 1.448510786635129680e-02 1.234570948312216643e-01 1.286342268633819119e-01 5.759463773080252674e-02 3.353391176551399899e-02 8.973677213287606369e-02 1.297203583205297772e-01 2.039698728277286946e-02 7.521855048947842515e-02 1.000408798586831377e-01 7.496751656228539673e-02 2.257356175596888712e-02 1.483004238639759054e-01 1.301583506957273983e-01 1.286213953923736886e-01 3.495031691007831343e-02 1.003444712955300494e-01 2.028798252559392001e-01 2.071274915871940958e-01 2.285185801706610953e-01 6.593008185739623883e-02 2.959160504413246850e-02 2.840995590427089837e-02 1.697115450736944378e-02 1.098291010867191025e-01 6.922248148265133794e-02 7.777467215256583799e-02 7.413990624493552173e-02 9.914593800834214932e-02 3.867668827654464209e-02 4.538534968420220722e-02 1.749045664177978077e-01 7.811260814850383427e-02 
3.954532842478918064e-02 6.561432065794575719e-02 9.252129310320392208e-02 9.139664116760294610e-02 1.889936468599285047e-01 1.355028859907087824e-01 2.213685016169393907e-02 1.018540232165062037e-01 4.320316099965285789e-02 9.061222040133139199e-02 1.609825984847544911e-01 2.571844098501402942e-01 1.915422845456569434e-01 3.392156594099170197e-02 6.824616833160576483e-03 5.273256651237784309e-02 4.478562615242006467e-02 6.170014652029500724e-01 4.513205461878108116e-01 0.000000000000000000e+00 1.487691905119001845e-01 3.637699796997465040e-02 3.419076662332826144e-02 4.351704464912485582e-02 1.268217207142660341e-01 3.324323281334511798e-02 1.073021461036044177e-01 1.161485602035152026e-01 3.199133605110119488e-02 1.134707960866308957e-01 1.275976915369493037e-01 8.124472747572053510e-02 2.612921394735354813e-02 3.415395087652827594e-02 2.507198080768009429e-01 8.249489799443829319e-02 3.671511579840315218e-03 1.046302822888048323e-01 1.056621112012584573e-01 6.723094043937348496e-02 4.415608808242333511e-02 7.662299604402697528e-02 3.775309983146509646e-02 4.845049720796277409e-02 2.863937190401218413e-01 1.223744758090626085e-02 1.707528595202258970e-01 3.183097083415546008e-02 9.533228840462882811e-03 7.165174387628785169e-02 2.547371492121708325e-01 2.859628341090083570e-01 2.854991949753857283e-01 1.351761804152364077e-02 3.683367055543237956e-02 4.611593548758720351e-02 2.648090467952294094e-02 5.914385181605873176e-02 2.335577735912894026e-01 1.584169049380378669e-01 1.742012243854859921e-01 6.300333529070445415e-02 6.938425816871915397e-02 4.846794988313075925e-02 6.738965987148728964e-02 4.624667574212135146e-02 
1.515601307681641308e-01 1.000234646454562087e-01 6.460706261277965323e-02 8.283956091628836838e-01 2.245556567229907985e-01 5.680067380177902803e-02 1.380956057409046811e-01 2.445482672563161763e-01 1.179951099392411162e-01 3.943654081749272677e-01 5.490276519726057236e-01 1.087667181961800844e-01 7.113781240676274598e-01 3.141263747939304629e-02 6.593817937696400122e-02 7.538839483627716997e-02 2.378490249873137230e-01 1.124206733868551161e-01 1.006802930709650573e-01 1.487691905119001845e-01 0.000000000000000000e+00 3.701134524777717396e-03 2.745639396483478059e-02 3.827457292552911144e-02 5.525806168989259026e-01 6.382045554508282426e-02 7.398562430450461580e-02 7.300679643451431222e-02 2.597160801995561652e-01 1.516164720571833990e-01 1.067215469904745223e-01 1.133382030001009316e-01 1.097387308877140061e-01 1.171717443282528082e-01 8.722976862540411658e-02 1.482317042107872233e-02 5.289976839761713068e-01 3.172520135519260598e-02 5.892663896782875110e-02 1.659951721358476212e-02 7.963412531265019745e-02 2.119162791574180291e-02 2.758931469569095296e-01 2.009365918572181622e-02 1.514852054418442673e-01 1.991335405659609981e-01 9.124791203906049142e-02 4.325444856822242834e-02 7.587115734494208341e-02 3.599833796506703154e-02 5.852322651970611606e-02 1.247950930121925761e-01 7.083411208007807380e-02 3.636906832287975511e-01 5.283342861733397733e-02 5.567042892257426101e-02 6.573950578968992819e-02 2.822098778182376422e-01 5.588550045797761878e-02 5.437429914964326400e-02 1.074639446236331231e-01 1.372668208064323492e-01 4.992204785493589703e-02 9.278085904927131644e-02 4.083962952648984707e-02 2.606704217233285492e-02 
1.452086861952006092e-01 1.122252443585214227e-01 2.139651283090710232e-01 6.355565697441073469e-02 1.816268999405480367e-01 5.694678608230044348e-02 3.840146120742261859e-02 1.576104392451689040e-01 3.761167638001702146e-02 4.167010299585056088e-01 9.878570425462872978e-03 3.022988344575705533e-02 3.441808905277811415e-02 3.718292831952230149e-02 2.826308399991920781e-02 6.681711549035072029e-01 5.374908746550928484e-02 7.773232389264632392e-02 3.676242888822840033e-02 3.637699796997465040e-02 3.701134524777717396e-03 0.000000000000000000e+00 4.919315332823725462e-01 6.830761392760260620e-01 3.401819966412827911e-01 1.002463194301336097e-01 2.127372179274411856e-01 2.617924693103781952e-01 4.787615028998342681e-01 3.455626130281552050e-02 1.348495292360402664e-01 1.629113240985260724e-01 4.713611586407346482e-02 1.597856574270714036e-01 6.917172218138890882e-02 6.976812866802176161e-02 4.873979070732599450e-02 1.737866627158522193e-01 1.356323701072757459e-01 1.326977122657563291e-01 1.017164948897469334e-01 9.913530407196788352e-02 2.351347914633862210e-02 3.406003379576545004e-02 6.070834184178121318e-02 1.084809635923459775e-01 9.075905495463229555e-02 1.136878099794735447e-01 2.097282567984059265e-01 2.006395989778159417e-01 4.983777944725122783e-02 4.312318939639072507e-02 5.875924336245882083e-03 3.463532679445192192e-02 2.506394262547345653e-02 1.914987932367039902e-01 6.254914007615167137e-02 5.330119486539360713e-02 7.022288813153812481e-02 4.602334855569659849e-02 1.471192869447673635e-01 4.316148758517604489e-02 1.726446832616580218e-01 1.919979044015945324e-01 1.574731946756453838e-01 1.914198828234519589e-01 
5.746301964190300704e-02 2.302389615145110646e-01 4.430982092594761834e-01 7.086174036768501383e-02 3.124069835044654964e-01 1.244175742249891553e-01 1.062905819756333886e-01 1.120474431492180095e-01 7.480115865037401113e-02 4.419763177873821669e-01 1.982773078599360181e-02 1.478339608085545986e-01 2.213162313269144768e-02 8.722992606766935553e-02 2.548648083949728999e-02 7.906300867742195315e-01 8.297485660299719346e-02 8.103964674493148446e-02 1.243106104295088610e-02 3.419076662332826144e-02 2.745639396483478059e-02 4.919315332823725462e-01 0.000000000000000000e+00 6.399823955583476831e-01 3.343687303109235121e-01 1.190916869521764093e-01 1.446339249360318324e-01 1.267877511276329673e-02 2.177882531954284939e-01 8.815602974707671680e-02 5.918462619229326177e-02 2.898241746486710513e-01 2.114286130319695256e-02 2.176588253518586813e-01 1.868470573638644772e-01 1.252228916082658572e-01 3.356615376444100490e-02 3.603618694054899763e-01 2.265226462913658423e-01 2.759853700727847858e-01 5.153500866210842385e-02 2.177675160878778104e-01 1.357727362733354981e-01 4.159003270253450180e-02 2.423575358410943736e-01 1.597099390582747691e-01 3.033712760999483504e-01 1.760006450503821263e-01 5.264361937543735603e-01 2.810368312873637864e-01 8.698732129176155181e-02 3.895351438673487487e-02 3.580094416959546388e-02 1.378643337405813414e-02 2.617442552385625398e-01 6.479107087978105417e-01 2.608332566275772813e-01 1.662756333992188307e-01 1.125237294540362559e-01 7.253397068909313294e-02 1.484379810791823795e-01 7.699652721682495593e-02 2.702066880323952813e-01 2.594614426678248931e-01 3.477617924388473614e-01 2.694240266022019936e-01 
1.381549421601989125e-01 9.550093636889360471e-02 5.101111365115997831e-01 2.758823607629073277e-02 2.198704929851509615e-01 1.142210371891762277e-01 4.614011317858490030e-02 9.621378998988336373e-02 5.835634250688000180e-02 3.692306443420196871e-01 4.356120722937011774e-02 7.512134729674230238e-02 2.395765334383555267e-02 5.558153561811602500e-02 3.046544260148022557e-02 6.759080299762818544e-01 6.470082566868791407e-02 1.541546757515734056e-01 5.658597508524008252e-02 4.351704464912485582e-02 3.827457292552911144e-02 6.830761392760260620e-01 6.399823955583476831e-01 0.000000000000000000e+00 2.298620116989488760e-01 1.062088578262474770e-01 2.225926206055632850e-01 7.795393304816558566e-02 2.229551318326099263e-01 2.637566679800796079e-02 1.517438589511004021e-01 2.099527329457398506e-01 1.057001765509888863e-01 2.093199477735409320e-01 2.271206227865975660e-02 9.938644215552731864e-02 5.469515566157871073e-02 2.061969578924851831e-01 1.676810358873243312e-01 1.840186770619716417e-01 1.084079818603505690e-01 1.485614052091870640e-01 9.221946127148597516e-02 2.589494298952012621e-02 1.498677056516075912e-01 1.730030377039412648e-01 1.976368056459601730e-01 1.530041052944145774e-01 1.481968372057592964e-01 2.346103941554436023e-01 9.956360071934253209e-02 2.401378929120656647e-02 2.485178483653708442e-02 6.076380097764523536e-02 8.858143398749232511e-02 1.942263807416551025e-01 1.149930418596663423e-01 4.084587519788961119e-02 1.139728768510498425e-01 1.912977275385752476e-02 1.067210977997802707e-01 6.530692875547901288e-02 2.262049705876899575e-01 2.060088649604449595e-01 1.997332823991445627e-01 2.675992536994354909e-01 
