0.000000000000000000e+00 4.227632411126305834e-02 4.856550003389156073e-02 1.074025281234659984e-01 1.398564214157608787e-01 1.088713364393961158e-01 4.333975398985008276e-01 4.203426044088242608e-01 4.670823131517736759e-01 3.129158274396125483e-01 1.151385612670726422e-01 7.765507775499905230e-02 2.049229445254027726e-01 3.201766523980056900e-02 4.501971550637982045e-01 9.073085833729857552e-03 3.797560242509331330e-01 7.442988413951223681e-02 2.551685954170059278e-01 7.351933733004792360e-02 8.308653767818774405e-02 1.750323516887176412e-01 4.601235862070680860e-02 1.668495572856909248e-01 8.139838168983286326e-02 1.103093594215567852e-01 2.037452739815862612e-01 3.781743824206073440e-02 1.075970447344643845e-03 6.217108924175717144e-01 7.308488099738597032e-01 1.080095048614888587e-01 6.854322276347591947e-01 2.638625947535579996e-01 6.490585124500329595e-02 2.888551636478322096e-02 1.542070010802725211e-01 2.136480006293235145e-01 1.940199664945340893e-02 3.021096003402168884e-01 1.966840084075779371e-01 2.317664321498968671e-01 3.637632303659999455e-01 8.081276601363261702e-02 1.600316987178916905e-01 2.773981440946789445e-01 1.444742291879969887e-01 2.613950653584714567e-01 1.230014541650695653e-01 3.384086685750868906e-01 1.070652777187659777e-01 2.342838258114014055e-02 1.959657188277775727e-02 1.326264037156640041e-01 1.083867790917264901e-01 1.281084841017418319e-01 1.427517529078980441e-01 2.636491415735253696e-01 9.132999637565755724e-02 1.944140734522645589e-02 2.119370553274051161e-02 1.621725644436816938e-01 2.935095903200156120e-01 1.974468230490763754e-01 2.100736202460686264e-01 3.157532872792048750e-01 
4.227632411126305834e-02 0.000000000000000000e+00 3.000658015508592680e-01 1.618158899993802635e-01 5.961220488744398832e-02 2.101272577729566549e-01 3.809000102743969902e-03 1.279803345332295068e-02 2.229751623350858733e-02 5.045550736163409433e-02 1.024629269787373231e-01 1.836529566496433175e-01 7.847567858123323525e-02 1.961314526150440829e-01 3.320387797869741447e-02 2.393130702393981082e-02 1.504272304719295184e-01 5.045283947494985655e-02 7.528057134360168282e-03 8.956193723327626754e-02 1.139371872779835898e-01 1.316076997623815414e-01 2.569399698797677489e-01 5.732196908077585862e-02 1.608163714695924618e-01 3.322725964716634617e-01 3.756223510590279147e-01 8.004870733681209716e-01 2.947994570430541583e-01 9.014645445773816768e-02 3.302710104789909062e-02 2.521090671605309003e-02 6.481946139912975191e-02 9.155149533891290825e-02 6.313437593850496077e-01 5.871516452518057982e-02 1.684807399922126636e-01 3.074452271258900846e-02 1.837215739527306435e-01 6.179105673433187007e-02 1.995815464795693689e-02 5.881699490615714676e-02 1.111887206860531357e-01 3.139933130156410263e-02 2.846848433062095229e-01 4.458375434737121834e-02 2.851770662579239390e-01 3.538002427740685740e-02 5.345414887135228887e-02 5.192271183997738265e-02 2.455233219364945096e-01 1.932898261568594955e-01 1.278934973946606601e-01 8.402365420544646857e-02 1.154373415146197207e-01 1.242361670158341758e-01 7.100308648484959795e-02 1.733135710217330039e-01 1.056960294556365948e-01 1.227304024654598535e-01 4.554579426483892912e-01 1.985397806896975759e-01 9.831941720750951574e-02 2.582343712660015861e-02 2.342817052481156390e-02 1.147363468285458044e-01 
4.856550003389156073e-02 3.000658015508592680e-01 0.000000000000000000e+00 5.206447178074916082e-02 1.785824947931876905e-01 2.879827087952147036e-01 7.764598581812701128e-02 8.138810970371015974e-02 1.236125517325250417e-01 1.237492156234954732e-01 1.124337103609455157e-01 1.772921282638276474e-01 8.820972738913351874e-02 2.099487409422746698e-01 2.219907622512383438e-02 3.473571728474406650e-01 5.056884888240738285e-02 3.524720102846363168e-01 1.318521249093925103e-02 1.224572941096126605e-01 7.750555831240391047e-02 1.972924136427001707e-01 4.559955004099111031e-01 4.860857721786549512e-01 2.388220052419373976e-02 1.784823620675033418e-01 3.440923364161559833e-02 3.049015557801258991e-01 3.920719185124808825e-02 1.281971342857105012e-02 9.973609289573835690e-02 2.004899808333186206e-01 5.086225026083663475e-02 6.012206562473936672e-02 4.817074365330519664e-02 2.023329267359163519e-01 1.607989643559732534e-02 1.496948895026887771e-01 2.585198435418802898e-01 1.403909987901844902e-01 4.025068921231507446e-02 1.200099554358655257e-01 3.778160664402918645e-02 7.443434683948849453e-03 2.883501858517039662e-01 5.838410939438441055e-02 3.372964389021526621e-01 1.149634140178519420e-01 1.386913251894816568e-01 1.392228617834222193e-01 1.601338962907544183e-01 1.305869072154252075e-01 1.125534873713184836e-01 1.257464877846655588e-02 1.186533180589161435e-01 1.800742864224162132e-01 3.690114619584231731e-02 7.374911421778417020e-02 3.223388959240834351e-01 1.680715369261492620e-01 1.972190375073005764e-01 7.668565972832339095e-02 1.023703869180229709e-01 2.617613644611520990e-02 1.968387763748260522e-01 1.361951852852302525e-01 
1.074025281234659984e-01 1.618158899993802635e-01 5.206447178074916082e-02 0.000000000000000000e+00 1.515653409388298956e-01 3.183872097123464223e-02 5.439503183695817978e-02 2.351132318798391241e-01 9.930465127937473935e-02 4.594098236350950271e-01 3.550316604871593951e-01 1.583494852290574795e-02 5.340710610292610516e-01 4.133534706177374729e-02 7.879078247513453259e-02 1.730419919726126354e-01 1.635967410526051047e-01 7.362032552067010460e-02 2.448941530000211739e-02 6.207267867005834133e-02 8.306206293432706333e-01 1.166677888406457558e-01 1.001625888623880745e-01 5.883684870938882261e-02 6.582348376124657063e-01 5.438001927947869879e-02 1.455322116783524800e-01 1.846485187758068469e-01 4.947409011163051984e-01 9.741848191965486736e-02 8.934999024123389810e-02 1.149245507769488944e-01 7.924773601472481777e-02 1.322053675643275195e-01 1.288101843170448846e-01 2.901519940160107378e-02 6.232587290503119881e-01 7.956346617679135869e-02 7.424364773333601286e-02 1.056447416865608779e-01 2.585766369428840403e-02 1.232988826638004021e-01 2.837435857014919960e-01 7.376502276768924504e-02 5.001885675323293479e-02 2.004644980292840106e-01 4.588954704175503968e-02 1.223515631271572118e-01 1.117706588348984925e-01 1.160828636421586124e-01 8.493203517283030163e-03 5.452905622065138541e-02 8.439520177264299428e-03 3.646156819683339378e-01 4.788512410063368308e-02 5.639905647222397123e-02 3.793092955711141467e-02 3.982159118640536954e-01 1.524466964698289149e-02 6.695063264329333130e-02 1.678468737925335741e-01 2.570963769820859279e-01 1.127119611441547431e-01 1.312015713123023952e-01 6.978831849777634988e-02 8.919090235954729717e-02 
1.398564214157608787e-01 5.961220488744398832e-02 1.785824947931876905e-01 1.515653409388298956e-01 0.000000000000000000e+00 1.318449783088957716e-01 5.429962188460316641e-01 3.581324084823845483e-02 5.693646610980169775e-01 8.456325137086988242e-02 1.747733191164800026e-01 3.537835137405207497e-01 4.510019202092899887e-02 1.161865729288455718e-01 4.828356341192808765e-01 2.310827357850741004e-01 6.685931430685259080e-01 3.807672943290974638e-02 3.068698782959353166e-02 1.907506648092730239e-01 1.912231619237375335e-01 1.703989320264549800e-01 3.049621249764085107e-01 1.986066639710603321e-01 1.895664870025126625e-01 2.782076156909378817e-01 2.814411997989655911e-01 1.208089499891445567e-01 1.573943597041215503e-01 4.495101506439635464e-01 1.386684107270385637e-02 7.066846482907409577e-01 2.425008662415429894e-01 1.721445342490649510e-01 2.401631825320661023e-02 1.396529985911541538e-01 1.326267522108921237e-01 6.319889252351004738e-02 2.714868461194336335e-01 2.274279268217526961e-01 7.088512765944859906e-02 2.043190575839298750e-01 4.181879882287479200e-01 5.227599364074309723e-02 8.163611682085343546e-02 1.426709216081082920e-01 6.275342928887968352e-02 2.056564779099327722e-01 2.563603293984396125e-01 2.153780681384164786e-01 1.793946648840608893e-01 5.702713694635856700e-02 6.472917582564367833e-02 5.911260917695530109e-02 1.701484922474730543e-01 3.468163176143393422e-01 2.312157660044774077e-01 2.619708606423981623e-01 1.721511066059359940e-01 7.719351275331429174e-02 1.643235646289074592e-01 1.559490270794511579e-01 2.317988490472386032e-01 8.144056463265417212e-02 6.711834920968393070e-02 2.863541757051732972e-01 
1.088713364393961158e-01 2.101272577729566549e-01 2.879827087952147036e-01 3.183872097123464223e-02 1.318449783088957716e-01 0.000000000000000000e+00 8.965243353181336083e-02 4.541443603361627890e-02 8.360622633958171568e-02 7.689811519391520633e-02 3.610739241576076120e-02 2.183742979369394377e-01 5.227580242035227004e-02 3.987574565751566547e-01 3.964184508734610451e-02 9.050997266948701547e-02 6.839574076183617402e-02 3.189302385694994246e-01 2.670975728722729259e-01 1.528960267828302078e-01 1.852868395971603299e-02 8.989960909998850891e-02 1.178269425295890155e-01 1.247027714240512147e-01 7.676307184296418673e-02 6.585244756151203971e-01 2.018890087175397585e-01 1.399547179153793897e-01 7.397212616444349964e-02 1.180707590340563246e-01 8.621011958729341007e-02 2.802322556760155625e-01 1.383067939362154775e-01 1.057447037917391419e-01 2.525039276680462463e-01 1.522746096763891444e-01 4.862763850924293335e-02 1.443606582546977657e-01 5.961962713481943066e-01 9.712070621269858206e-02 6.068753244193319379e-02 6.585210634219362813e-02 7.744725120431027177e-02 1.970728048303642052e-02 2.565978913184900900e-01 5.825188892977709726e-02 3.666488062290041983e-01 2.293708583159150688e-02 9.265929482949568363e-02 1.162465602531700393e-01 2.183047706859998771e-01 1.485889734084874236e-01 4.457023657156317792e-02 2.442325614865254943e-02 1.011780471288292044e-01 1.137857025662611932e-01 1.178797158238662351e-01 8.918989435362348339e-02 5.663571000501790298e-01 1.758165339573568020e-01 3.745511481099140227e-01 8.733190863169740248e-02 8.700114632465104358e-02 9.465965970246965899e-02 3.216381344251952878e-01 9.793642762178343675e-02 
4.333975398985008276e-01 3.809000102743969902e-03 7.764598581812701128e-02 5.439503183695817978e-02 5.429962188460316641e-01 8.965243353181336083e-02 0.000000000000000000e+00 7.387232775099514259e-02 8.298351423828790319e-01 2.118457475904400589e-01 2.154629325277835142e-02 2.872164621601894785e-01 3.042596210973241289e-01 1.460661672280050283e-01 7.518474667826594571e-01 5.124868801252998457e-02 7.317057127873273226e-01 6.905428278062918958e-03 1.273984417428913607e-01 6.651395061981045347e-03 6.216348788775138967e-02 2.839750133453774333e-02 8.264305506532726442e-02 1.584086487106601063e-02 1.914407785901925743e-02 1.420051087730878348e-01 1.312040826620257117e-01 3.815926573836013469e-02 2.779759914547268174e-02 5.374199069861902434e-01 2.258392772092998879e-01 6.149718505034332816e-01 4.261739175846857575e-01 3.011787857866437546e-01 6.316716334660060772e-02 1.023093723461242499e-01 1.372570649654027142e-01 1.963272427702970890e-01 1.922953406061018722e-01 4.854734782177099750e-01 1.043074581587119382e-01 4.044823140097661418e-01 4.375009589482750649e-01 7.291484807279843827e-02 9.336776589191832232e-02 3.062220060191911397e-01 2.958564003664563430e-02 4.255587620397209836e-01 1.567816824015470234e-01 4.258445722189836413e-01 1.634798496041780513e-01 2.324547482171040666e-02 2.316851235116267754e-02 1.236102674549531405e-01 1.865965202405304724e-01 2.355838537881583539e-01 2.170359666603575988e-01 2.688333889975336177e-01 1.317488698164775429e-01 5.005540386663122343e-02 8.380004342932129147e-02 1.955159846679319080e-01 3.539596616494536385e-01 1.514549593115016579e-01 2.207106753548080669e-01 4.201970906359362434e-01 
4.203426044088242608e-01 1.279803345332295068e-02 8.138810970371015974e-02 2.351132318798391241e-01 3.581324084823845483e-02 4.541443603361627890e-02 7.387232775099514259e-02 0.000000000000000000e+00 1.177286406407940800e-01 4.670665798228472165e-01 4.669191174310917125e-01 1.074739117717849468e-01 3.902137864003982770e-01 1.210627231096728096e-01 1.033961689003499163e-01 1.079660370450640089e-01 5.942232997318951798e-02 6.860700068737737856e-02 1.607717379576352745e-01 7.443707130748958289e-02 2.955531352219407659e-01 2.331202006161973983e-01 1.178208615567915840e-01 1.081653194616089553e-01 4.755488145224887608e-01 7.155912250232472627e-02 1.043370750159426791e-01 2.514617828619730017e-02 3.398036419261621366e-01 1.577485561904657940e-01 3.684340254268497761e-01 5.708640015186999123e-02 2.277320924277046743e-01 2.047914014493938950e-01 2.320667100304638422e-02 2.829223075607341722e-02 4.699465030964385115e-02 1.053579301170938370e-01 2.816888959723931260e-02 1.248582545249106862e-01 2.051567136431262373e-01 9.422313247156632876e-02 8.276532593926691495e-02 9.862254357428366924e-02 5.455827691641491201e-02 1.186626243057582464e-01 1.023456372624980543e-01 1.469135978793154329e-01 5.327076492140189745e-02 1.691748004540812311e-01 2.202396892461262745e-02 2.524732048796514416e-02 4.179222317706800249e-02 4.096896886931410825e-02 9.064614718161959073e-02 1.379591226060483851e-02 1.058967161466993351e-01 6.712806722467565268e-02 4.132064194629481851e-02 2.409521074156242143e-02 1.465566388856109035e-02 5.111113036144484395e-02 1.931409143148178076e-01 1.837486652767983952e-01 8.616835923878660153e-02 1.772174030129752831e-01 
4.670823131517736759e-01 2.229751623350858733e-02 1.236125517325250417e-01 9.930465127937473935e-02 5.693646610980169775e-01 8.360622633958171568e-02 8.298351423828790319e-01 1.177286406407940800e-01 0.000000000000000000e+00 1.722739938990742736e-01 1.354868346393690512e-02 2.484089247904316677e-01 2.124936306370112660e-01 7.582829879130160988e-02 8.551844044367147291e-01 7.675847581530974295e-02 6.673440012280007494e-01 9.374213400158043150e-03 1.067641028601947761e-01 4.357813233576458833e-02 1.077397575345636627e-01 1.227298559378263085e-02 1.014736539517416963e-01 3.223091302301812205e-02 2.718277154437280865e-02 1.533320932449873386e-01 1.710127571746553055e-01 5.696818529344328808e-02 5.137094526727837424e-02 5.592898384824372959e-01 2.229814254612992042e-01 5.715000650443847752e-01 4.117322744574526405e-01 2.462854864341736671e-01 3.959808526839611598e-02 8.193133107760945666e-02 1.486261169173577201e-01 2.024474830202678544e-01 1.764404315180235772e-01 4.240825463689533725e-01 1.014102475512121820e-01 3.419312224857713467e-01 4.212903153933250655e-01 3.708908242607582978e-02 8.792928412766104485e-02 2.936111801058208792e-01 1.382118637131935640e-02 3.605106531123607461e-01 1.556889420627754483e-01 3.996361203831974573e-01 1.370066425496189177e-01 1.303251748285287961e-02 3.884328050070205013e-02 1.186461095521932768e-01 1.601775999448430687e-01 2.205723757703843269e-01 1.923067489528823282e-01 2.567537559906623024e-01 1.272744680818419238e-01 3.780489756895321490e-02 8.405089293159362374e-02 1.715825154533598684e-01 2.963555666217740359e-01 1.228528333504890768e-01 2.095986523185444650e-01 3.525108002488027692e-01 
3.129158274396125483e-01 5.045550736163409433e-02 1.237492156234954732e-01 4.594098236350950271e-01 8.456325137086988242e-02 7.689811519391520633e-02 2.118457475904400589e-01 4.670665798228472165e-01 1.722739938990742736e-01 0.000000000000000000e+00 2.597642257863836401e-01 3.862863229397105885e-02 5.489570478193510628e-01 2.626753704958801477e-02 2.126237704074635526e-01 4.582050398468635044e-01 1.387943972719599406e-01 8.118359238655391275e-02 1.120268404414771352e-01 3.910385163315325402e-02 4.220050659649503544e-01 4.355516617656328138e-01 4.499583576868821377e-01 3.926631532446194228e-01 7.632570408429684150e-01 1.132282765430369792e-01 2.109959300901224355e-01 1.321767716639245804e-01 4.555805157824879270e-01 2.161434877372271912e-01 2.559604856912610082e-01 1.031829933961836594e-02 2.984564584123386433e-01 3.932523876399572904e-01 8.000293578727214749e-02 3.810628826589723683e-02 2.982035154732753934e-01 4.435472475729879682e-01 1.219909846342035059e-01 4.543150797079467673e-01 7.395943670953983307e-02 4.218988538593722026e-01 6.147103487313496789e-02 7.189173195249971837e-02 2.053509070273231429e-01 3.599514571052619266e-02 2.085919070132112030e-01 4.304167141007830266e-01 2.024466122349574126e-01 5.471737992939716966e-01 1.496288825957408641e-01 1.085846972731881188e-02 3.887042133638959895e-02 2.073114901368232066e-01 3.251262974883226218e-03 1.914440176326698273e-01 3.925733434589014081e-02 2.329491033949802337e-01 8.827373295927036512e-02 7.339068292284924022e-02 1.568477830801763839e-01 1.460322281765168706e-01 4.879547702402082798e-01 3.698855686021855216e-01 3.719773976967324369e-01 4.908180105785470149e-01 
1.151385612670726422e-01 1.024629269787373231e-01 1.124337103609455157e-01 3.550316604871593951e-01 1.747733191164800026e-01 3.610739241576076120e-02 2.154629325277835142e-02 4.669191174310917125e-01 1.354868346393690512e-02 2.597642257863836401e-01 0.000000000000000000e+00 1.463131932033602256e-01 5.752741618209413765e-01 8.401379290434142499e-02 1.742405309407649844e-02 3.033847276308638055e-02 1.522174832652271603e-01 9.703658844784272819e-02 1.679344849719066057e-01 1.239309065587888836e-01 5.375331063671705545e-01 3.724504280549130464e-02 4.869929938170862449e-03 4.139193518444667097e-02 3.945797044926752650e-01 6.448744964931009405e-02 1.019652907408276632e-01 1.105588480231987358e-01 2.562399551371855044e-01 2.707632577637545876e-02 7.778656938021222267e-02 1.190590386208645740e-01 2.780875619679918156e-02 7.108082432558511521e-02 6.418160284747621847e-02 1.762320573811439542e-02 1.811998790345219768e-01 5.432848740026562095e-02 1.742183038607686418e-02 1.486440851589625016e-02 8.224965150865672092e-02 1.522786516624134549e-02 1.360431689414569878e-01 1.705227119078252251e-01 1.406762632407544955e-01 2.808629327341497645e-02 7.822433653775778817e-02 7.345968551295260773e-02 8.863993228071907413e-03 2.387867578308240646e-02 6.484798513017844823e-02 1.298561732351460607e-01 8.873604395335267514e-02 7.532499639754670906e-02 4.991952722978280910e-02 8.619904106844647126e-03 5.131151106047686372e-02 7.660829167247075466e-02 5.292091282953820947e-02 5.670359524977187406e-03 3.820858690728505536e-02 1.112641072962053390e-02 4.108466212929048206e-02 5.394860903303880934e-02 2.253152828429965185e-02 3.574087766079262624e-02 
7.765507775499905230e-02 1.836529566496433175e-01 1.772921282638276474e-01 1.583494852290574795e-02 3.537835137405207497e-01 2.183742979369394377e-01 2.872164621601894785e-01 1.074739117717849468e-01 2.484089247904316677e-01 3.862863229397105885e-02 1.463131932033602256e-01 0.000000000000000000e+00 2.126559201675969762e-02 7.248540945133833402e-01 1.430838792408462290e-01 4.913782099262695158e-02 1.524033861471222329e-01 5.124054830929822973e-02 4.388850738149696618e-01 2.377395450974298663e-01 8.218978630329522306e-02 1.388820145060691916e-02 1.582152339302597410e-01 5.470693659974484174e-02 5.578225697166790120e-02 4.332233478958872896e-01 2.833389934399266688e-02 1.732412441795739833e-01 4.165426996054775316e-02 1.905516280087103387e-01 1.586319346512173739e-02 3.524216601125460535e-01 5.058721986428974665e-02 1.265879261485086393e-01 2.600736497958428539e-01 2.359241901212485171e-01 4.610799435946100200e-02 9.043424237955956235e-02 3.086141162393944426e-01 6.960916457695059956e-02 1.085454548629440248e-02 8.887877271937649759e-02 1.385509005809918703e-01 1.484065436870510846e-01 1.288957172321293469e-02 5.652387282858888778e-02 2.902725164278999181e-01 7.643941273087082044e-02 7.065731127423810487e-02 1.547031843762657066e-01 3.303105092601373860e-01 1.602637736758198428e-01 1.612430700809115713e-01 1.083991243857067160e-01 8.214827882658164507e-03 1.883880350998132502e-01 5.047150283879100335e-02 1.944065722212161632e-02 2.572651890808126396e-01 4.761806278651330160e-02 1.306270620257519166e-01 3.724259711509861348e-02 1.954350127931438474e-01 7.049537062448164859e-02 1.041931048016122175e-03 1.988097328805319142e-01 
2.049229445254027726e-01 7.847567858123323525e-02 8.820972738913351874e-02 5.340710610292610516e-01 4.510019202092899887e-02 5.227580242035227004e-02 3.042596210973241289e-01 3.902137864003982770e-01 2.124936306370112660e-01 5.489570478193510628e-01 5.752741618209413765e-01 2.126559201675969762e-02 0.000000000000000000e+00 3.066496961259559950e-02 2.538641735630186580e-01 5.872390444602369058e-02 1.192836961781924832e-01 7.144907620658472180e-02 1.608491317034819179e-01 1.441616242875087828e-01 6.972516104867747533e-01 1.032708423843027717e-01 3.526701972399569340e-02 5.585495568025625884e-02 4.876879966317529402e-01 1.948339956312067009e-02 5.923953368130945030e-02 7.796457863640236796e-02 2.469098792775905049e-01 1.343383732729077351e-01 1.571461427804554112e-01 1.172863138826164137e-01 1.886771123776995462e-01 3.088781543806494723e-01 7.501417767866300212e-02 4.080571966542626688e-02 3.135031246823358764e-01 1.248530794668762239e-01 6.481189698389804021e-02 2.797662774017615206e-01 1.186629912244860224e-01 2.728134423091863603e-01 1.380968806520234578e-02 4.836014604805836947e-02 4.551497172464113311e-02 3.851036979246874603e-02 4.700284596460156672e-02 3.301729074182222501e-01 3.916503832393023604e-02 2.534246772390779667e-01 6.612724452634927141e-02 1.053025903593309553e-01 3.868701093691349208e-02 2.138966987551060017e-01 1.574524416635175450e-01 7.852248730267498422e-02 1.587450066724522824e-01 7.048314271605903014e-02 7.178905827008284779e-02 2.991299818719005479e-02 9.193543523665213824e-03 8.731201227311398069e-03 2.946973201121286245e-01 2.001120208560093483e-01 9.483156346645944812e-02 2.873232771361451943e-01 
3.201766523980056900e-02 1.961314526150440829e-01 2.099487409422746698e-01 4.133534706177374729e-02 1.161865729288455718e-01 3.987574565751566547e-01 1.460661672280050283e-01 1.210627231096728096e-01 7.582829879130160988e-02 2.626753704958801477e-02 8.401379290434142499e-02 7.248540945133833402e-01 3.066496961259559950e-02 0.000000000000000000e+00 6.058834481057952075e-03 3.100734102717972798e-02 1.198444123848201558e-02 2.431550104848410609e-01 3.527507568028150908e-01 2.927146320522307915e-02 1.698631272930030411e-02 5.894634582409365858e-02 8.040506344888626034e-02 2.003842151752105102e-02 1.961084028562540271e-02 5.134251338149576904e-01 6.086418017436296540e-02 2.077325361737684395e-01 1.106856711865512599e-01 1.687682271084463975e-02 3.524788164070052909e-02 2.116305727706578321e-01 8.392168315657107247e-02 1.140901684158640017e-01 1.791386559559559333e-01 1.973669442821113784e-01 8.054209421856194095e-02 9.799851411980779400e-03 3.890152832322763543e-01 3.526703331423030469e-02 5.497528368742112675e-02 1.509400817884195070e-02 1.872350288280012071e-02 8.445626644072694311e-02 2.899120460088069340e-01 8.721068296663461727e-02 5.653654641288448079e-01 4.792233507315005886e-02 2.474375640676559560e-02 7.472918500806416398e-02 3.004962225533155951e-01 5.467832716246993213e-02 5.727063469561084752e-02 9.728373881462019923e-02 7.233001326799767816e-02 7.122597924509978251e-02 2.617057652908106810e-02 6.585118360113774438e-02 4.758893737772963983e-01 1.485471668139197107e-02 1.037876023202927850e-01 7.156372047142622872e-02 1.557505419453203144e-01 8.270631282691578989e-02 1.009088983396633499e-01 1.509047824334827093e-01 
4.501971550637982045e-01 3.320387797869741447e-02 2.219907622512383438e-02 7.879078247513453259e-02 4.828356341192808765e-01 3.964184508734610451e-02 7.518474667826594571e-01 1.033961689003499163e-01 8.551844044367147291e-01 2.126237704074635526e-01 1.742405309407649844e-02 1.430838792408462290e-01 2.538641735630186580e-01 6.058834481057952075e-03 0.000000000000000000e+00 5.037923388289197030e-02 6.611691138446037508e-01 7.059857174214126396e-02 2.472801747849722176e-01 1.204224236554746023e-02 6.284733510676275559e-02 6.605497843587654697e-03 5.474847315225565142e-02 2.107719354304629991e-02 1.602186798474886792e-02 4.755331415693717090e-02 1.700119440471279109e-01 8.921612356393496257e-02 5.943023550145950379e-02 6.401341902266587391e-01 2.149172444073089439e-01 6.020644185566282891e-01 5.109525037581168494e-01 2.697042896838277026e-01 5.522000937775786711e-02 7.997868606110453138e-02 1.494541220765898681e-01 2.045495321697003988e-01 1.490201527061704168e-01 4.765481645718630532e-01 1.034514672099856591e-01 3.780487425196683016e-01 4.327087439358527909e-01 7.106070841471082145e-02 8.411509896076350967e-02 3.324308936076871279e-01 1.111114996936965992e-02 4.245453822952072742e-01 1.575737232552269773e-01 4.280931772348349762e-01 1.258332296236463754e-01 4.947370801882607777e-02 1.718653869452302016e-02 1.260178122258057698e-01 1.784705504673765319e-01 2.116620363910823865e-01 2.092614468175874043e-01 2.740866722905333508e-01 6.984518475332485155e-02 3.176230739952103782e-02 8.094722773954081407e-02 1.837967913940668774e-01 3.234863369676407863e-01 1.242810099852970779e-01 2.331394979460588990e-01 3.939973768709417179e-01 
9.073085833729857552e-03 2.393130702393981082e-02 3.473571728474406650e-01 1.730419919726126354e-01 2.310827357850741004e-01 9.050997266948701547e-02 5.124868801252998457e-02 1.079660370450640089e-01 7.675847581530974295e-02 4.582050398468635044e-01 3.033847276308638055e-02 4.913782099262695158e-02 5.872390444602369058e-02 3.100734102717972798e-02 5.037923388289197030e-02 0.000000000000000000e+00 7.833995445395586232e-02 3.890752057191774332e-02 3.702601766525157045e-02 1.345022376852041818e-02 8.574356766893274917e-02 6.532179448118919929e-01 7.904111929408976778e-01 6.558469250940223150e-01 4.394196400934387570e-01 7.346956907246093849e-02 1.426868295093305095e-01 1.550269879934645378e-01 3.248224423195640309e-01 9.882968567281870398e-02 7.736592781757076209e-02 2.023529418213953768e-01 6.370681168365442681e-02 1.778413048041043720e-01 1.069365950721243817e-02 9.593456665177584053e-02 1.435482733838366887e-01 2.724300874141808992e-01 1.889604117189273569e-01 1.978273717440026391e-01 5.053808104863144468e-02 1.632030823694336774e-01 1.498742737270877257e-01 1.438880171633066807e-02 9.998962451845834487e-02 7.946522380643022965e-02 1.367520143457244819e-01 1.682496665559033433e-01 5.168126251712999997e-01 2.584263539369586193e-01 5.603024714822747721e-02 4.137738796284568671e-02 6.354517081006086365e-02 5.030499778109952941e-02 2.460136231584661715e-01 4.864902995226388360e-01 1.721539260171089936e-01 2.308452322393908518e-01 4.105979015377674707e-02 4.814251701312839693e-02 2.440986221929293265e-01 1.402671778707538230e-01 2.302309746073361585e-01 2.761360609677468991e-01 2.664018796303003200e-01 2.726381228163489712e-01 
3.797560242509331330e-01 1.504272304719295184e-01 5.056884888240738285e-02 1.635967410526051047e-01 6.685931430685259080e-01 6.839574076183617402e-02 7.317057127873273226e-01 5.942232997318951798e-02 6.673440012280007494e-01 1.387943972719599406e-01 1.522174832652271603e-01 1.524033861471222329e-01 1.192836961781924832e-01 1.198444123848201558e-02 6.611691138446037508e-01 7.833995445395586232e-02 0.000000000000000000e+00 1.679712214212465138e-01 1.357700692738476322e-01 1.007115219473400658e-01 1.814135806097290915e-01 1.839489467380370918e-02 7.638606728566904591e-02 4.565353818386803930e-02 1.046780778656262317e-01 1.087046974326225796e-01 2.246181514719760575e-01 1.860809903997632520e-01 1.544291519408181879e-01 6.052966132970840629e-01 1.728665846034058429e-01 6.260755612059928366e-01 5.020009393318675128e-01 3.322706700479360342e-01 2.727793595315407271e-02 1.076989917664267632e-01 1.787206231141935941e-01 2.196678489842238124e-01 1.750117613528088811e-01 4.720001227529773691e-01 1.487818185217510969e-01 4.132511739899162873e-01 5.351376602907960134e-01 1.921716510014112936e-02 1.918966563166256689e-01 3.005515482943417194e-01 1.025597612578539181e-01 4.321003096778535668e-01 2.215473059345771378e-01 4.342394964651387079e-01 2.006014385461267480e-01 3.074397572724531930e-02 3.435890889557408068e-02 1.176535281569945079e-01 2.087777532230567501e-01 2.659630855966632068e-01 2.662707866216713626e-01 3.443941235920280342e-01 5.012300645930723580e-02 8.120546561246307082e-02 1.662981859964055564e-01 2.133925087889944616e-01 4.038792658994045381e-01 1.804652419868529034e-01 2.334437735202691822e-01 4.751367233723015615e-01 
7.442988413951223681e-02 5.045283947494985655e-02 3.524720102846363168e-01 7.362032552067010460e-02 3.807672943290974638e-02 3.189302385694994246e-01 6.905428278062918958e-03 6.860700068737737856e-02 9.374213400158043150e-03 8.118359238655391275e-02 9.703658844784272819e-02 5.124054830929822973e-02 7.144907620658472180e-02 2.431550104848410609e-01 7.059857174214126396e-02 3.890752057191774332e-02 1.679712214212465138e-01 0.000000000000000000e+00 1.781403609314916644e-03 6.057442254732700038e-01 8.824827267999621472e-02 3.039418405274718626e-02 5.510144020137894283e-02 1.638669090687300545e-01 5.008763929081797711e-02 3.023064045378520137e-01 2.420364513351056998e-02 3.622117138021174743e-02 4.292901814510159675e-02 3.050601026253278447e-01 5.142036196684697177e-03 7.666369036175525384e-03 3.230226600880032328e-01 1.041902597393382507e-01 2.770122260005112302e-01 1.571670107595181387e-01 3.972236304031249304e-02 1.862673734689820060e-01 2.351578379969599675e-01 1.850730416332029282e-01 3.305581148302151606e-02 1.437476480876419549e-01 1.775541279497146463e-01 1.135002184567833299e-02 3.200020303277991696e-01 1.327072060391234765e-01 3.399730323460933290e-01 1.312523253325782457e-01 7.904341730145231226e-02 2.184483172759055236e-01 1.676299591137550282e-01 1.316685060769518245e-01 1.363696516946188153e-01 2.195508797306129634e-02 1.159124565542763406e-02 1.187908421615780225e-01 7.400793463649055215e-02 4.975263414486220948e-02 4.102189316888492643e-01 1.564177336831564513e-01 2.093443183648392159e-01 1.588769195767798445e-02 1.508612209371380519e-01 6.483301065902961902e-02 1.962826128701641859e-01 1.794381802293607830e-01 
2.551685954170059278e-01 7.528057134360168282e-03 1.318521249093925103e-02 2.448941530000211739e-02 3.068698782959353166e-02 2.670975728722729259e-01 1.273984417428913607e-01 1.607717379576352745e-01 1.067641028601947761e-01 1.120268404414771352e-01 1.679344849719066057e-01 4.388850738149696618e-01 1.608491317034819179e-01 3.527507568028150908e-01 2.472801747849722176e-01 3.702601766525157045e-02 1.357700692738476322e-01 1.781403609314916644e-03 0.000000000000000000e+00 4.340613986989460549e-01 7.408664095554487461e-02 2.456528853700144094e-02 1.507482876095357291e-02 4.643405845348944766e-02 8.986654737240684643e-02 3.454476831179296714e-01 1.615921335112620871e-01 8.315226325334575119e-02 9.647341354203496644e-03 2.942280238689313765e-01 1.881254737734929794e-01 4.386397458234971014e-02 3.470276553745482717e-01 3.122735195057953217e-02 1.256089098411565241e-01 1.506874298236563214e-01 6.747041266107332846e-02 1.961883070115472832e-02 1.006788314263083323e-01 1.624692830401280041e-01 3.200085738641283983e-02 9.123533004573179672e-02 8.596204200329163325e-02 9.768837928836258955e-02 2.906451633862224687e-02 1.680647252814661263e-01 1.322864380363928116e-01 1.235189743150239827e-01 2.553191993386242503e-02 1.047606900599553359e-01 1.833446864706252954e-01 1.916644743359047776e-01 1.848615438238545572e-01 9.554635784683929156e-02 7.212584917268478890e-02 1.381718682492875938e-02 3.052184450274690944e-02 1.100058030186408242e-01 7.794203680816388924e-02 1.005966343857908618e-01 1.162616556646111354e-01 1.013183093774067817e-01 2.228520990818542644e-02 5.331268094164883474e-03 1.606675198203160737e-01 5.694251211640861954e-02 
7.351933733004792360e-02 8.956193723327626754e-02 1.224572941096126605e-01 6.207267867005834133e-02 1.907506648092730239e-01 1.528960267828302078e-01 6.651395061981045347e-03 7.443707130748958289e-02 4.357813233576458833e-02 3.910385163315325402e-02 1.239309065587888836e-01 2.377395450974298663e-01 1.441616242875087828e-01 2.927146320522307915e-02 1.204224236554746023e-02 1.345022376852041818e-02 1.007115219473400658e-01 6.057442254732700038e-01 4.340613986989460549e-01 0.000000000000000000e+00 1.081916719355158901e-01 8.312310176509865589e-03 2.529681486579843375e-02 2.892870697506113101e-02 9.727592766694058424e-02 3.834419413544369604e-02 1.493089464088318830e-01 1.226188320234649631e-01 2.371504987872239192e-02 9.255240072715176236e-02 1.336421964370470283e-01 7.761972236300207495e-02 1.350974788696427710e-02 3.777951542949832542e-02 2.806075985044177434e-01 1.428668969808817579e-01 1.204921795083114568e-02 1.507673441810991333e-01 1.081104899349551035e-01 7.873973038609639874e-02 3.903197030923542983e-03 7.761178679084701493e-02 1.003751784721473583e-01 6.068024013719357929e-02 2.663814356690079044e-01 2.624265058692061559e-02 1.738340696342888236e-01 4.248050249544890050e-02 3.444935223064708729e-02 1.263120666034753814e-01 1.852668397820261825e-01 2.279023827263680357e-01 2.092278910584738916e-01 2.989063025907464852e-02 5.320707266160770721e-02 9.502463724505585962e-02 3.854814028527940237e-03 2.148251805337806145e-02 2.383607259225276609e-01 1.608982418844804307e-01 2.283596052230567608e-01 6.820138818039270245e-02 7.590831231059066986e-02 1.100929473659454511e-02 9.838294615522298614e-02 6.902671771755709840e-02 
8.308653767818774405e-02 1.139371872779835898e-01 7.750555831240391047e-02 8.306206293432706333e-01 1.912231619237375335e-01 1.852868395971603299e-02 6.216348788775138967e-02 2.955531352219407659e-01 1.077397575345636627e-01 4.220050659649503544e-01 5.375331063671705545e-01 8.218978630329522306e-02 6.972516104867747533e-01 1.698631272930030411e-02 6.284733510676275559e-02 8.574356766893274917e-02 1.814135806097290915e-01 8.824827267999621472e-02 7.408664095554487461e-02 1.081916719355158901e-01 0.000000000000000000e+00 4.062592528555635657e-02 5.334163411446673358e-02 3.204437566001352294e-02 5.739663136526222953e-01 4.932825424251358060e-02 1.131324963138883727e-01 1.281434483775221733e-01 3.380790306504461440e-01 1.160021228342630190e-01 5.797372439192441385e-02 1.043520925613315720e-01 7.261668984207522715e-02 1.390383863246028862e-01 7.288101434295500558e-02 1.219028055640201946e-02 5.288492218329192696e-01 3.998720238583820114e-02 2.694402506422452145e-02 7.124213261783159112e-02 3.560377089819665580e-02 8.391677924774675057e-02 2.692054213235958726e-01 3.613673633931684809e-02 9.253467751548416498e-02 2.127381904432313342e-01 5.671253385703699246e-02 1.052211268828925905e-01 6.450677955333609936e-02 7.025514444235053668e-02 3.053021822396680476e-02 8.658173407957878154e-02 4.649182571274705633e-02 3.574723820814853514e-01 5.509470670164240413e-02 3.940159723769012801e-02 4.904872568255069787e-02 2.972140526740173483e-01 3.431136836251636596e-02 1.261427063203738284e-02 8.067615484489880362e-02 1.583801604678109765e-01 1.026537674617452739e-01 1.126785728051392377e-01 2.562495462135271768e-02 7.000887232478789080e-02 
1.750323516887176412e-01 1.316076997623815414e-01 1.972924136427001707e-01 1.166677888406457558e-01 1.703989320264549800e-01 8.989960909998850891e-02 2.839750133453774333e-02 2.331202006161973983e-01 1.227298559378263085e-02 4.355516617656328138e-01 3.724504280549130464e-02 1.388820145060691916e-02 1.032708423843027717e-01 5.894634582409365858e-02 6.605497843587654697e-03 6.532179448118919929e-01 1.839489467380370918e-02 3.039418405274718626e-02 2.456528853700144094e-02 8.312310176509865589e-03 4.062592528555635657e-02 0.000000000000000000e+00 4.852288468167743618e-01 6.800357545896174027e-01 3.906139673507173504e-01 9.444362624510921345e-02 2.125145823494721253e-01 2.764158337997308368e-01 4.775471308686530247e-01 1.627557103229782670e-02 1.432036520441321570e-01 1.631316140989962082e-01 4.841650335287753931e-02 1.869657863009991372e-01 9.832231794244757073e-02 1.085799944827238878e-01 7.940434509702924692e-02 2.042782878144994430e-01 1.745778105280541836e-01 1.963686275172887019e-01 1.120752130471256713e-01 1.541480082124565276e-01 2.626587535876363441e-02 2.825742852565438917e-02 2.956342389182239211e-02 1.204707375716107254e-01 5.371341566821215968e-02 1.867282279937655942e-01 2.058116325951389325e-01 2.643802511675422684e-01 3.394079851284175636e-02 7.259318730301474176e-02 5.673545550190976783e-02 1.877378053519324769e-02 1.247151865513209008e-02 1.963955413333118016e-01 1.707257779118444979e-02 4.605876094940702936e-02 4.923066591315857637e-02 5.057199804617611150e-02 2.006112879171121910e-01 3.232202219584440206e-02 2.102731052109411691e-01 2.239676484593503547e-01 2.076133354822142785e-01 2.474956043536364614e-01 
4.601235862070680860e-02 2.569399698797677489e-01 4.559955004099111031e-01 1.001625888623880745e-01 3.049621249764085107e-01 1.178269425295890155e-01 8.264305506532726442e-02 1.178208615567915840e-01 1.014736539517416963e-01 4.499583576868821377e-01 4.869929938170862449e-03 1.582152339302597410e-01 3.526701972399569340e-02 8.040506344888626034e-02 5.474847315225565142e-02 7.904111929408976778e-01 7.638606728566904591e-02 5.510144020137894283e-02 1.507482876095357291e-02 2.529681486579843375e-02 5.334163411446673358e-02 4.852288468167743618e-01 0.000000000000000000e+00 6.194093410842202996e-01 3.551572300668983106e-01 9.083306768525696573e-02 1.057544402786060045e-01 6.425604042612585720e-02 1.865188741036222231e-01 1.138521652640082787e-01 2.058747401225927143e-02 2.791792965815618754e-01 3.456736580369203227e-02 1.764120238297815224e-01 2.166082870131876281e-01 1.671692095256653299e-01 6.445905269879195765e-02 3.893129706295160308e-01 2.259442140559681234e-01 2.777090967032886937e-01 6.411262134066269408e-03 2.374323345072794356e-01 1.583131752261559833e-01 2.260913636133877330e-02 2.421537697234165953e-01 1.029390401392233090e-01 3.089305999695398652e-01 2.112854867896404587e-01 5.232415359033654179e-01 2.998651977301629024e-01 9.252445364097321157e-02 3.422617828776702148e-02 3.552504975341174570e-02 3.006605029926034955e-02 2.725002929057686041e-01 6.415587200913689392e-01 2.575954617709564909e-01 1.897843542846133491e-01 9.057286545544337986e-02 5.502809006454330298e-02 1.326579410452099206e-01 9.032590647320873356e-02 2.593801947366293770e-01 2.575321166746492030e-01 3.831058104820216359e-01 2.878359421557593056e-01 
1.668495572856909248e-01 5.732196908077585862e-02 4.860857721786549512e-01 5.883684870938882261e-02 1.986066639710603321e-01 1.247027714240512147e-01 1.584086487106601063e-02 1.081653194616089553e-01 3.223091302301812205e-02 3.926631532446194228e-01 4.139193518444667097e-02 5.470693659974484174e-02 5.585495568025625884e-02 2.003842151752105102e-02 2.107719354304629991e-02 6.558469250940223150e-01 4.565353818386803930e-02 1.638669090687300545e-01 4.643405845348944766e-02 2.892870697506113101e-02 3.204437566001352294e-02 6.800357545896174027e-01 6.194093410842202996e-01 0.000000000000000000e+00 2.550469812659946212e-01 1.102746185938510981e-01 2.055014080833477419e-01 9.115925889111797797e-02 2.046372651467472659e-01 2.887639757388501746e-02 1.481257299142846595e-01 1.929091731704687951e-01 1.468282260593535560e-01 2.159496498958549948e-01 1.909891322262527447e-02 5.280272195203600943e-02 2.786935570588531738e-02 2.332322000552373431e-01 2.016692869286569600e-01 2.288221210741595291e-01 1.045127915470023261e-01 1.846207367332667881e-01 9.832947474626667350e-02 2.392573107182048922e-02 1.301355019123939527e-01 1.504477949676149839e-01 1.712405633024383089e-01 2.057289119482126616e-01 1.268607620989084528e-01 2.791035808546659114e-01 1.018061681397945117e-01 1.456591803644903191e-02 5.372254103061433611e-02 2.919796695841972781e-02 6.587704418000096818e-02 1.717032662768088191e-01 1.071879462099027819e-01 2.963161850945730813e-02 1.106709491064050560e-01 4.992679788993020958e-03 1.471873892791263627e-01 3.876951134189022402e-02 2.478091080492282883e-01 2.396649492786942781e-01 2.381629541868044986e-01 3.184578145349839517e-01 
