0.000000000000000000e+00 5.713281807719249039e-02 8.032014597259123923e-02 1.184219252334499511e-01 1.350500337700260844e-01 1.044732371491514933e-01 3.879406274685622824e-01 5.578589096472736930e-01 2.979389953397054702e-01 3.223980919760690012e-01 1.236449516181152009e-01 5.381514062282076460e-02 3.675804184795134488e-01 3.130607068700468065e-02 4.513185527146143516e-01 3.826126155265935358e-02 4.271719051887399865e-01 3.203206015488768710e-02 2.678384614194926905e-01 2.906905056178384350e-01 2.247188200052819065e-02 3.458601804424973891e-01 6.471443206584703844e-02 1.484141872286195707e-01 1.412428535983026312e-01 2.025836135120050174e-02 9.790005353622278916e-02 1.655648153102456666e-01 1.706858793310401246e-01 6.504270450404545656e-01 4.643582092134291295e-01 2.315359582677179173e-01 6.740490926113530401e-01 4.283874966039371013e-01 5.350024194634437485e-02 4.929798207503295615e-02 1.676452046122706430e-01 1.193613535099257994e-01 5.386765102777694297e-02 2.578864757230354132e-01 1.806795526082992653e-01 2.387711119911454238e-01 3.375547060973171365e-01 1.229637332731075422e-01 5.324097333091236395e-02 4.375971964109968693e-01 5.232827002146007989e-02 3.581903576345864537e-01 1.626608166611197004e-01 3.452086496744964372e-01 1.297926163356758200e-01 1.796577195992383746e-01 1.441347577998600971e-01 1.788291419787496617e-01 2.971060863509286665e-01 2.119410063344058515e-01 2.256400510770239509e-01 1.891950509740983055e-01 9.277941583699060579e-02 1.588854592465746840e-01 1.736648373141454205e-01 1.786355412392012232e-01 4.252866852038956202e-01 2.830047017777963525e-01 1.292826396161182168e-01 4.412149449360196485e-01 
5.713281807719249039e-02 0.000000000000000000e+00 6.108124705830728640e-01 1.097553601666914069e-01 2.450980076603987146e-01 2.337411920357485295e-01 8.342081752650268300e-02 2.534223108705022098e-02 2.264712983912723077e-01 8.288128487006457545e-02 6.903873803661375597e-02 3.620035402745584996e-01 6.055445603683376476e-02 2.810550517348947563e-01 9.505110215818812769e-02 3.843585460764131767e-02 4.432943768867587953e-02 5.021920979863235546e-02 2.016788702181797899e-01 7.335712686265381810e-02 1.097389225958077946e-02 2.800945999029105446e-02 2.208765900557011774e-01 1.402504594334081089e-01 1.444830671564194258e-01 3.865358057315551599e-01 3.361330492436306883e-02 8.587513662459757280e-02 1.733736698931330478e-01 7.266854739895871329e-02 3.252281315137703355e-02 3.217060004585323152e-01 7.982039684914671307e-02 5.344365090318889400e-02 6.917271619052156595e-01 1.994785757772723767e-01 1.159148109238758856e-01 2.213453231705195534e-01 3.024170143190513249e-01 1.332296284706571132e-01 5.274262083292522579e-02 1.088821406284073562e-01 9.808988695260251189e-02 9.300463813651221878e-02 3.384359601911557935e-01 6.227869016600999508e-02 3.404813038812903314e-01 4.467785922082591343e-02 8.486248841027613232e-02 6.158950913429245971e-02 3.001162992600674984e-01 2.209467968282557981e-01 2.257637568663749816e-01 5.335520554763227563e-02 8.917996314517066120e-03 1.709980770348002443e-01 5.717619049173765233e-02 1.700362172968923891e-01 3.583160858545238886e-02 5.898621163172378112e-02 9.323843599733566689e-02 1.626853137037923558e-01 4.611482502737727918e-02 3.238897962188860141e-02 2.423698069687096890e-01 5.234889561207836661e-02 
8.032014597259123923e-02 6.108124705830728640e-01 0.000000000000000000e+00 1.008439572825374081e-01 2.374163339706228670e-01 2.368232564326798184e-01 8.215153919101653157e-02 1.014441657823032528e-01 2.533437074674672607e-01 6.883399710623898382e-02 1.289122267620532447e-01 1.786282106988894003e-01 1.361639225621682769e-01 1.785125098426686985e-01 1.325064676006948994e-01 6.145411178558324999e-02 3.956583969512957044e-02 9.888539391665629452e-02 7.407326614187330349e-02 1.036643231038414104e-01 4.558840178479799110e-02 1.370775392956266880e-01 2.535063475208143569e-01 3.062738540138416066e-01 1.138774673688449923e-01 1.655752020990747531e-01 3.444510819436152199e-02 1.224342841146956323e-01 1.046898683216747478e-01 6.637414331299097692e-02 6.029708456610498313e-02 3.056868650391706965e-01 3.968943341963688393e-02 9.836430691603451071e-02 2.786010056078512265e-01 1.298725578852374662e-01 6.795196526612745647e-02 1.447251307945151000e-01 2.610728006329645634e-01 6.431135512374810959e-02 1.138067923854867297e-01 3.576218562939393469e-02 9.745221690169251702e-03 1.111272746467729666e-01 2.896027012873538253e-01 6.385784597341587210e-02 3.153479253967884643e-01 2.928863468554043434e-02 2.183434728921205062e-02 3.745329246796553352e-02 2.029784756721124128e-01 2.137811307178743292e-01 1.677887213777156661e-01 5.374684675468670986e-02 1.474315156538618700e-02 1.526078584402371374e-01 2.098701094342304493e-02 6.723339193438347683e-02 2.447071222980992944e-01 7.381714201601799474e-02 9.900499925724914885e-02 7.662312840469535924e-02 1.308156053729428621e-02 9.296529637998030005e-02 1.340148000337284540e-01 2.285404734869951257e-02 
1.184219252334499511e-01 1.097553601666914069e-01 1.008439572825374081e-01 0.000000000000000000e+00 1.801402052034455428e-02 3.087804912662460780e-02 9.222383489722851824e-02 1.064346655624669180e-01 1.216865949990837692e-01 4.825377949986283665e-01 1.963207684375789519e-01 1.426334944089617807e-01 3.219132999449729193e-01 1.724697639082353184e-01 1.130871792782955909e-01 7.265574396214390107e-02 4.535295913978826948e-02 5.816351958911501752e-02 4.882542379935156385e-02 1.034990619100058656e-01 6.532297488143640196e-01 1.662659167756338346e-02 3.348491825318209575e-02 8.270504716465368333e-02 5.185705855769516814e-01 6.504033928196885361e-02 8.320680167019837981e-02 9.748907327369446540e-02 1.806739660393601732e-01 4.435302096087587881e-02 3.356238188668758671e-02 4.263530733782627119e-02 6.134849946966407230e-02 2.115095816944069784e-01 9.558805636814528273e-02 1.138355930032887847e-01 2.773826410622992067e-01 5.702338665241055843e-02 9.198914849955759643e-02 1.318995147810057555e-01 1.088491230154538074e-02 1.150651713859950354e-01 1.059811963424096420e-01 1.911986694082458971e-01 1.143287505593693493e-01 8.787597970542999903e-02 1.208999126702728355e-01 1.882330638113558774e-01 7.509104501013875999e-02 1.726052445320727102e-01 1.038660062714848870e-01 1.006035908050168515e-01 6.543291667135414658e-02 1.429420992069512508e-01 1.391583711375058152e-01 5.787881787034142300e-02 2.943678846245298408e-02 1.628563375893640752e-01 4.721951717015011180e-02 1.275886947887809597e-01 1.067631551324389749e-01 1.382891626061132084e-01 2.258158967153969521e-01 2.026991198815730755e-01 7.343776200875475058e-02 2.144001631981364842e-01 
1.350500337700260844e-01 2.450980076603987146e-01 2.374163339706228670e-01 1.801402052034455428e-02 0.000000000000000000e+00 2.767004090758230506e-01 2.341184067426763382e-01 1.054004678599432532e-01 5.147585872118589645e-01 1.695018379594512015e-01 8.718906510250991337e-02 2.464733198390156310e-01 1.220876538596277899e-01 1.489917198250407804e-01 2.169338957575505655e-01 2.315242331698688927e-01 4.632929148991637991e-01 1.563034440004952286e-01 9.952136816923164153e-02 1.359239641515379016e-01 1.802416905921768245e-02 2.530656220380280708e-01 3.649137609774660285e-01 2.302946452077208050e-01 1.762249070527741046e-01 1.075637167012435530e-01 1.708017932909488279e-01 2.254393251153190558e-01 9.350699709340154486e-02 1.761200897890415062e-01 1.142000399095924185e-01 6.675158522052724308e-01 1.122105575449691972e-01 1.256817320465314913e-01 2.840894318347566005e-01 1.621153690826112326e-01 1.499339990348632495e-02 2.216733032432483680e-02 1.915247214788676211e-01 3.004079267281762819e-02 1.027835485371369206e-01 6.078495396710401066e-02 2.726917140812613050e-01 8.069282018605251905e-02 6.838094583088841216e-02 1.204662510204473347e-01 1.578156102662033322e-01 1.256766300618759047e-01 2.128100843487659710e-01 6.409551581741339266e-02 1.437560241866066291e-01 1.072763019698966536e-01 1.999078761852453659e-02 9.168815531126475737e-02 1.215038632535120899e-01 3.648455017595961802e-01 1.863752570613707304e-01 1.150749015032936778e-01 1.218268472693374571e-01 1.231058453080960818e-01 1.839862208336379701e-01 7.288413485568806527e-02 1.443784569195601941e-01 5.824078940854168079e-02 4.660629706225319357e-02 1.796823315371413876e-01 
1.044732371491514933e-01 2.337411920357485295e-01 2.368232564326798184e-01 3.087804912662460780e-02 2.767004090758230506e-01 0.000000000000000000e+00 1.420902683507450082e-01 1.344673797734233789e-01 2.200937709914757290e-01 6.777707029979081199e-02 4.064223306683175524e-02 2.365487319591008109e-01 1.123183074115555180e-01 3.770875823044057551e-01 2.045006238233444684e-01 1.095620227748178022e-01 1.478488616873387951e-01 1.940477018853874538e-02 1.918632807299738008e-01 7.512755398002196605e-02 1.462782923942760639e-02 1.438971510280829535e-01 2.143290214902952850e-01 1.514334676168990756e-01 9.808076358296867470e-02 2.397722052885873645e-01 3.033332231989762096e-01 2.266262477646028284e-01 5.859237116142011759e-02 4.347917966167814952e-02 5.503906467529724039e-02 4.754379408108062033e-01 1.810147140219442105e-02 7.719296282737736492e-02 2.211599065211774517e-01 1.945379416225720137e-01 4.999717938769170089e-02 2.500182107527706421e-01 6.124457699769065844e-01 2.009642111147434962e-01 5.049040574043852508e-02 2.219603592351253596e-01 1.669903450687608704e-01 2.304816947227340124e-02 3.468049116020014422e-01 4.029803072988048102e-02 4.900803105721622255e-01 1.148782314504182139e-01 1.330808468701319136e-01 1.340686270002600933e-01 1.200241177316722085e-01 3.923324497292133284e-01 1.034587204690371603e-01 6.114781498538188198e-02 1.863472061551087189e-01 2.366615301028458518e-01 1.823137775152082751e-01 9.828694643957368304e-02 4.379059194080953676e-01 3.253590485472953042e-01 3.760405156840194163e-01 1.204155984444854333e-01 4.234909554586152591e-02 1.446658382241610141e-01 3.430744367989155830e-01 9.401744013703640379e-02 
3.879406274685622824e-01 8.342081752650268300e-02 8.215153919101653157e-02 9.222383489722851824e-02 2.341184067426763382e-01 1.420902683507450082e-01 0.000000000000000000e+00 2.294669962726123280e-01 5.135273660856931599e-01 8.419647285181634799e-02 3.795129740093181603e-01 1.023605071140191586e-01 6.260221200361957283e-01 1.020337373516106427e-01 4.473605216220225000e-01 9.576333674140279084e-02 6.512601819288151850e-01 1.275482201562088691e-01 1.571685587007587426e-01 1.485824557711908356e-01 1.444749714506147475e-01 1.291739591700298041e-02 1.169978736332410729e-01 3.416568213422624400e-02 7.520260953441512686e-02 4.912708624850972011e-02 6.584102201732397464e-02 1.235132846221266290e-01 5.454664659437100105e-02 2.077538409465713998e-01 3.506172262435959530e-02 3.877044435553826940e-01 2.271992561477428063e-01 2.654840998146849596e-01 7.065917770692455024e-02 2.326835269653733038e-02 7.539791108730807545e-02 8.234795004819982223e-02 8.213979957610544058e-02 2.588170824669558945e-01 1.558121179904386755e-01 2.545691737058515813e-01 2.469286901239072241e-01 1.868677859275811592e-01 1.523585976309838330e-01 3.504603251865767710e-01 1.428119359072440031e-01 3.050306734263236175e-01 7.060658601863524508e-02 3.194198704289235580e-01 6.267136831734604341e-02 1.803874263509902542e-01 1.288609483678958278e-01 9.871049287627986502e-02 1.542338476410829162e-01 1.621111142275290795e-01 1.108986804102250062e-01 1.554413166581350425e-01 1.202456340488521069e-01 9.050546840539959448e-02 8.846881278744830879e-02 1.021159302937452995e-01 2.765138635565239089e-01 1.579086878152539120e-01 1.058064181591439612e-01 2.912604924154625352e-01 
5.578589096472736930e-01 2.534223108705022098e-02 1.014441657823032528e-01 1.064346655624669180e-01 1.054004678599432532e-01 1.344673797734233789e-01 2.294669962726123280e-01 0.000000000000000000e+00 1.307140518020418751e-01 2.838837345345062713e-01 2.945750167661231878e-01 1.028272370762781107e-01 3.402652396087354481e-01 1.841487944685259864e-02 2.180304512179742360e-01 1.213423227742181504e-01 2.064961891864999510e-01 1.158349820767577143e-01 2.160769775932709913e-01 2.469935521148744761e-01 4.447953839800342785e-02 1.111362603272493116e-01 4.749535548494589893e-02 7.174638979172064113e-02 2.029399062582776248e-01 2.093024179758799785e-02 1.058360479913285773e-01 8.843351287769105062e-02 3.152297583361615696e-01 2.320439389403775032e-01 1.788312902587672615e-01 1.231484083263416768e-01 2.504666797990343641e-01 4.058862590105963286e-01 4.390769490956318577e-02 2.278481725440438185e-02 1.228018578335212108e-01 4.868967602491307972e-02 5.251963294387301112e-02 1.210090031449595760e-01 3.036272728477857896e-01 1.351312889007349194e-01 2.832648140334042552e-01 2.080829650528478458e-01 1.161041433512977755e-01 3.782548957074412521e-01 9.128527818213319489e-02 2.465730862073245155e-01 5.039540907534716119e-02 1.531806794194263688e-01 5.891793426078367757e-02 1.417504353295027386e-01 1.129467533742975621e-01 1.940449226989011122e-01 2.067370203230352033e-01 7.920985158372516322e-02 1.369960861253951001e-01 1.964932071980919348e-01 1.343939199779848881e-01 1.509301935552810614e-01 1.520332002834986485e-01 1.944116989001052065e-01 2.831641458344285600e-01 2.446370800644449561e-01 7.599174006909106827e-02 2.648348638172203784e-01 
2.979389953397054702e-01 2.264712983912723077e-01 2.533437074674672607e-01 1.216865949990837692e-01 5.147585872118589645e-01 2.200937709914757290e-01 5.135273660856931599e-01 1.307140518020418751e-01 0.000000000000000000e+00 9.966741476007826006e-02 2.413065303664488626e-01 3.115845850464387112e-01 3.781202279600305305e-01 2.227024089027755116e-01 7.266489786662234662e-01 1.523586333126962511e-01 4.730341581353577074e-01 5.829453255488842300e-02 4.590990867578579465e-02 9.112596656519700300e-02 1.379900309569324635e-01 1.246957597415029317e-01 2.328308561710762392e-01 1.554715782292103443e-01 1.594443309676256762e-02 1.233358587671240375e-01 1.715375429623200443e-01 1.884742648238716123e-01 4.632556642940059005e-02 3.431457360193943540e-01 4.315340183471788604e-02 6.005614647652850469e-01 2.780364653033266520e-01 1.467749815736974772e-01 1.949424734162206740e-01 5.784720366443531908e-02 9.664799896163396575e-02 1.058354901624876526e-01 1.945253010160569451e-01 2.026813562088457255e-01 7.824320433330471392e-02 1.998089379469559501e-01 2.036223080440099920e-01 1.080272989090269864e-01 1.070775272893266378e-01 2.526868865899741801e-01 2.409311950306575745e-01 2.411725864341823233e-01 1.246580492770532900e-01 2.574989295538253620e-01 1.117486917632504739e-01 7.124128660979313354e-02 5.112849100940143610e-02 1.490134953603899914e-01 8.175622848204183724e-02 2.506101539951575696e-01 1.041820875380744388e-01 9.581879338031659699e-02 2.031084313659619334e-01 5.308412230625340206e-02 1.153130063239687364e-01 6.691718899279698596e-02 2.080759024995580408e-01 7.030100417436609128e-02 6.174887768399870552e-02 2.161382172259202206e-01 
3.223980919760690012e-01 8.288128487006457545e-02 6.883399710623898382e-02 4.825377949986283665e-01 1.695018379594512015e-01 6.777707029979081199e-02 8.419647285181634799e-02 2.838837345345062713e-01 9.966741476007826006e-02 0.000000000000000000e+00 1.015030900383646767e-01 9.863637355250461092e-02 3.395347897787676650e-01 9.327598918411124373e-02 1.887933053280122786e-01 4.471367831632911960e-01 1.974716417101065810e-02 2.048815495721218252e-02 2.959297948938810832e-02 1.540939866792574997e-01 3.403374655643214286e-01 3.477975843779343434e-01 4.086842227049598542e-01 2.740329157660647552e-01 7.617116567361663648e-01 1.304176768959704191e-01 2.381732026561057258e-01 1.784447238863661189e-01 5.146269682845885374e-01 2.438848986291995147e-01 2.928817266171891975e-01 6.901136869370186333e-02 2.919432842346886270e-01 4.250907794170133425e-01 5.356234252429820791e-02 7.320801428920339915e-02 9.835197271249335182e-02 3.276025124230971808e-01 1.922244217886112383e-01 3.938723192321768041e-01 5.268752638394450655e-02 2.969258268937832179e-01 2.113796016076697482e-01 1.478516137972213373e-01 1.626517444013345082e-02 2.667538592558555410e-01 1.563675227660821926e-02 3.383162065054206580e-01 2.712068272176798023e-01 4.748631700108842391e-01 1.016700836799258878e-01 1.597415542740072136e-01 6.996974123677313084e-02 6.322228309982776129e-02 1.027676374075500720e-01 2.420935036608545810e-01 2.498631366303412024e-02 2.769835660643853448e-01 7.054695798238838633e-02 1.581792415432314025e-01 1.794038754700285343e-01 4.190135936761631846e-02 4.631718219912863144e-01 2.656927579951998131e-01 3.176253179065172683e-01 4.189419515526845439e-01 
1.236449516181152009e-01 6.903873803661375597e-02 1.289122267620532447e-01 1.963207684375789519e-01 8.718906510250991337e-02 4.064223306683175524e-02 3.795129740093181603e-01 2.945750167661231878e-01 2.413065303664488626e-01 1.015030900383646767e-01 0.000000000000000000e+00 9.160153559026765202e-02 5.569510937053917532e-01 1.218787203381824572e-02 2.671801998111067999e-01 6.305191180185965028e-02 1.127597535085636676e-01 1.592925185047806003e-01 1.311844126240930830e-01 1.677164963296670086e-01 3.643227415769149657e-01 1.636245775946140180e-01 6.748529067131683878e-02 1.320069179306956053e-01 9.048348887947425812e-02 5.331047067602746187e-02 8.141325818567615724e-02 5.113591789463362014e-02 7.623754832903580081e-02 3.847179851556838809e-02 1.648906418010557262e-01 1.203538700260079752e-01 7.342832526113765058e-03 2.111302415859350190e-01 6.264576043958702822e-02 1.156399906123985605e-01 8.242668837985429875e-02 2.930544116315503961e-02 3.299302405923127540e-02 1.145654391191403831e-01 2.476860958924200218e-01 1.663081163903969983e-01 3.983036076633462291e-02 4.452595213978217670e-01 1.507190702119824421e-01 2.631478419481800834e-01 1.013851272339482273e-01 2.337937135816385015e-01 2.429561067942528560e-02 6.247235517150982048e-02 5.631366107408523197e-02 6.967264082512594769e-02 1.119011175144384862e-01 7.817599476006162340e-02 7.893429873600768532e-02 3.556328402410821599e-02 3.899444593907363393e-02 6.704021785798919275e-02 1.077390891009482043e-01 5.187519767469521426e-02 7.491399234591826495e-02 1.065429036069884261e-01 1.411267507029847212e-01 9.699446525157542909e-02 2.105443526688693945e-02 9.067865977025717228e-02 
5.381514062282076460e-02 3.620035402745584996e-01 1.786282106988894003e-01 1.426334944089617807e-01 2.464733198390156310e-01 2.365487319591008109e-01 1.023605071140191586e-01 1.028272370762781107e-01 3.115845850464387112e-01 9.863637355250461092e-02 9.160153559026765202e-02 0.000000000000000000e+00 6.918146614712308851e-02 7.587516616831738725e-01 4.046703443454845173e-02 4.516538089308246018e-02 4.232779919208300851e-02 6.473238728928663865e-02 5.479851747675330564e-01 7.405322182041525203e-02 7.093924621524355656e-02 4.820551232969023936e-02 2.556374630663623901e-02 2.932108793859096799e-02 7.007544608937940622e-02 8.990046551650134055e-02 6.151484883411312971e-02 2.825591047564783298e-01 6.273703504087907445e-02 1.002979384640871607e-01 5.604936853073506919e-02 2.723336884228572119e-01 7.771108604629438366e-02 8.567820591822544740e-02 3.133418884235050217e-01 1.893076661309485986e-01 6.144847714308025038e-02 1.837716091359837753e-02 3.127999440676491605e-01 4.106669999005389815e-02 4.699026500474152296e-02 4.752780016329941071e-02 3.659867754692685410e-02 5.385114020148015074e-02 2.305326727543299536e-01 1.004761394813029063e-01 4.521995159003319165e-01 5.034203256663462300e-02 2.402337150259136953e-02 3.789306623752265041e-02 2.265858715707369520e-01 7.707105623920315618e-02 9.731918857463756067e-02 8.141284395804524940e-03 2.555307616184827185e-02 4.166131274318499167e-02 5.098246894978949312e-02 4.661037147272868025e-02 3.759934565207406071e-02 9.492943053341225401e-02 1.843585218341239618e-01 5.084316339823023029e-02 3.964420915557020225e-02 1.000154843586919112e-01 1.020350870546694599e-01 6.244413004539798098e-03 
3.675804184795134488e-01 6.055445603683376476e-02 1.361639225621682769e-01 3.219132999449729193e-01 1.220876538596277899e-01 1.123183074115555180e-01 6.260221200361957283e-01 3.402652396087354481e-01 3.781202279600305305e-01 3.395347897787676650e-01 5.569510937053917532e-01 6.918146614712308851e-02 0.000000000000000000e+00 6.433419391224105832e-02 4.132565946089762354e-01 4.427961396142419959e-02 4.068396182981822706e-01 1.442518543841497247e-01 1.965440788150799034e-01 2.245041846218858439e-01 5.385654098988342797e-01 3.041008982412177208e-02 8.217778335770899167e-02 7.565291261925084776e-02 1.201711546341985293e-01 3.587860229320274236e-02 9.039891404934072283e-02 8.154720557513873980e-02 2.521189976654490336e-02 2.049886470577621522e-01 1.342366550229739941e-02 2.328579245647228180e-01 2.302527251498127370e-01 4.259084614272354297e-01 4.497695243362626744e-02 5.414572983652699012e-02 7.861426907930650632e-02 9.578424289085012144e-02 2.776755295060906112e-02 2.722929382138547516e-01 2.920429747311197866e-01 2.838265716228330904e-01 2.046557280355462138e-01 1.418267301494436639e-01 1.479632803935038432e-01 3.049021676000894243e-01 1.294803124293509577e-01 3.847108956348337383e-01 1.257027228159392496e-01 2.937942135689963208e-01 6.867677238012763474e-02 1.785258483549808373e-01 1.131665119394015956e-01 7.056365819526821959e-02 2.327192165859702233e-01 1.571867279869676726e-01 1.435911146921830805e-01 1.569833007385844081e-01 1.298373450807411011e-01 6.618878066855402031e-02 1.042911555602257373e-01 2.661881336633967199e-01 3.702538704085141519e-01 2.902735258674950525e-01 1.330126450914201341e-01 3.542276317165331534e-01 
3.130607068700468065e-02 2.810550517348947563e-01 1.785125098426686985e-01 1.724697639082353184e-01 1.489917198250407804e-01 3.770875823044057551e-01 1.020337373516106427e-01 1.841487944685259864e-02 2.227024089027755116e-01 9.327598918411124373e-02 1.218787203381824572e-02 7.587516616831738725e-01 6.433419391224105832e-02 0.000000000000000000e+00 3.635898991902881267e-02 7.714591541607716818e-02 6.770112577666782816e-02 2.619683904251839945e-01 5.179446241224212599e-01 9.921427766430891693e-02 1.006338007556704939e-01 6.191453212973247605e-02 2.789196558007703275e-02 7.912419034535289608e-02 6.604354896243927464e-02 7.055116133267115563e-02 1.545633902344864356e-02 2.374805267768227979e-01 5.929320120271886624e-02 1.333943837178653558e-01 5.857079121820716466e-02 1.655300137390307291e-01 1.304060260171759356e-01 5.237449386975179255e-02 2.215084494162645745e-01 2.077138180375178722e-01 9.253093060145267668e-02 1.025404355637133808e-01 3.762945764286485528e-01 1.511910758565916391e-01 1.948859576360543674e-02 1.741976004051616622e-01 4.391200887353587795e-02 2.048797352671777317e-02 5.209324809241858700e-01 6.973302364894018446e-02 7.330951689237594771e-01 6.453077175266688781e-02 4.469273469763824363e-02 3.686082790333959636e-02 2.385986060331287961e-01 3.170758597314003446e-01 4.963367289324851356e-02 1.494214532723936277e-02 5.912677983858748154e-02 1.838601877189554451e-02 1.429807100436794251e-02 5.869990770332433189e-02 2.012599261135321893e-01 1.453380744482345166e-01 1.604389181348626070e-01 6.726608192042039802e-02 3.121770005533756540e-02 6.354076035845063197e-02 1.952281266760836076e-01 5.039676184705058765e-02 
4.513185527146143516e-01 9.505110215818812769e-02 1.325064676006948994e-01 1.130871792782955909e-01 2.169338957575505655e-01 2.045006238233444684e-01 4.473605216220225000e-01 2.180304512179742360e-01 7.266489786662234662e-01 1.887933053280122786e-01 2.671801998111067999e-01 4.046703443454845173e-02 4.132565946089762354e-01 3.635898991902881267e-02 0.000000000000000000e+00 1.052685860590389516e-01 4.293606973888556277e-01 6.237365896236114066e-02 1.217679523446337786e-01 1.242979324795600027e-01 1.428910134815114530e-01 7.096449298742615874e-02 1.401283246482124822e-01 7.639119399930811849e-02 3.728424782756516176e-02 1.236624155787575258e-01 1.923183350153842841e-01 2.614881277699953044e-01 3.377061750554318648e-02 5.073939283143814594e-01 7.973386757871626929e-02 4.267041103192598661e-01 4.457903814584636693e-01 2.104265948943393194e-01 9.890797932027611816e-02 5.163043691467351232e-02 1.258022096691782665e-01 1.341636796991422520e-01 1.218744485099056418e-01 2.477728541877874946e-01 6.678501055800666053e-02 2.208422907449969219e-01 2.002092920203926152e-01 1.290840153879823371e-01 9.810171661991208547e-02 3.339534336029262307e-01 1.450612078862552889e-01 2.974283379292660401e-01 1.036537006920062315e-01 3.180383450821801516e-01 7.832259954214286501e-02 1.337200619080698705e-01 8.800694116681864743e-02 1.653442056756396494e-01 1.145022067323881870e-01 1.831076330001818464e-01 1.329723708016728734e-01 1.012975598817674600e-01 1.798049621295676748e-01 1.009015961650776838e-01 1.811953974597662331e-01 7.600358563480830165e-02 2.848947059644199031e-01 1.106206715013174913e-01 7.861771765640698795e-02 2.827932306672333862e-01 
3.826126155265935358e-02 3.843585460764131767e-02 6.145411178558324999e-02 7.265574396214390107e-02 2.315242331698688927e-01 1.095620227748178022e-01 9.576333674140279084e-02 1.213423227742181504e-01 1.523586333126962511e-01 4.471367831632911960e-01 6.305191180185965028e-02 4.516538089308246018e-02 4.427961396142419959e-02 7.714591541607716818e-02 1.052685860590389516e-01 0.000000000000000000e+00 1.766912038042129651e-01 1.982456346023099905e-02 1.467902763961831114e-01 5.569646007765691881e-03 5.067755393765396160e-02 3.751780995167710575e-01 8.138577532760293831e-01 6.055523730368350677e-01 3.934457522515941719e-01 1.606137879856952277e-01 1.703669941629095685e-01 3.833553689971419542e-01 3.890513594643005835e-01 7.941759413665849809e-02 1.378065835834288988e-01 2.087899246905443595e-01 6.538593576462270462e-02 1.732236270069566764e-01 2.935996642378036967e-02 3.579268179316198728e-02 6.575588327347352269e-02 2.330955282701932529e-01 1.731081995897435499e-01 1.734762803210962712e-01 1.032977769325726797e-01 1.443887368326244869e-01 2.321862793439745110e-01 9.507848248643764599e-02 3.637352924010029895e-03 6.892129868721962038e-02 4.624205199802700061e-02 1.840774918425111262e-01 5.783391814009217757e-01 1.947390707260046872e-01 3.259054482822791587e-02 9.608568902008483847e-02 7.404863195619033889e-02 4.787783543182496521e-02 3.292539178874682310e-02 6.186884914242236633e-01 2.164893331023460266e-01 2.087767735285881721e-01 1.840749692559222050e-01 2.342810566485762636e-01 4.121195259722146842e-01 1.554708930118686439e-01 2.803128196055819088e-01 1.126644753317664477e-01 2.391489454660716829e-01 2.471971995538108369e-01 
4.271719051887399865e-01 4.432943768867587953e-02 3.956583969512957044e-02 4.535295913978826948e-02 4.632929148991637991e-01 1.478488616873387951e-01 6.512601819288151850e-01 2.064961891864999510e-01 4.730341581353577074e-01 1.974716417101065810e-02 1.127597535085636676e-01 4.232779919208300851e-02 4.068396182981822706e-01 6.770112577666782816e-02 4.293606973888556277e-01 1.766912038042129651e-01 0.000000000000000000e+00 1.412834838189945819e-01 2.710679820216621572e-01 2.668358431058850261e-02 3.221829268886907544e-02 4.710000035818233399e-02 1.937992224181847856e-01 6.603584477450445689e-02 1.705632920405207031e-01 6.199499507356816957e-02 9.879077030244623470e-02 2.381727161312659213e-01 9.595894270868442211e-02 3.776698469628262944e-01 7.847292243622146224e-02 4.880761834032916746e-01 3.853233466654052974e-01 2.538754920837330009e-01 6.720455854779472382e-02 9.686213443897428305e-03 9.704489272609019557e-02 1.396302298202731773e-01 7.443546073693281528e-02 2.820300648909815355e-01 1.090742995105534463e-01 2.835217143310351240e-01 3.704859332711981090e-01 9.181400049380322725e-02 6.215563458168540251e-02 3.393896360161979264e-01 3.652687753090034378e-02 3.540368446533775360e-01 1.508912432078890198e-01 3.767977986456101935e-01 1.716922013372244038e-01 1.813227648513301982e-01 8.253921977159997536e-02 1.131423201767878112e-01 1.842711817060061208e-01 2.653479223855305658e-01 1.721764248248811857e-01 1.906467436325490206e-01 1.075256223535684813e-01 1.339437295594786137e-01 1.930458684956781190e-01 8.594716402893072538e-02 3.517751513997564028e-01 1.600645715833869109e-01 1.659740983628134048e-01 4.061267783250175900e-01 
3.203206015488768710e-02 5.021920979863235546e-02 9.888539391665629452e-02 5.816351958911501752e-02 1.563034440004952286e-01 1.940477018853874538e-02 1.275482201562088691e-01 1.158349820767577143e-01 5.829453255488842300e-02 2.048815495721218252e-02 1.592925185047806003e-01 6.473238728928663865e-02 1.442518543841497247e-01 2.619683904251839945e-01 6.237365896236114066e-02 1.982456346023099905e-02 1.412834838189945819e-01 0.000000000000000000e+00 8.551521172346315813e-02 5.258107896583181784e-01 7.857264335010684386e-02 4.131390922753027523e-02 3.611101779454357896e-02 8.135366308206649910e-02 3.658352152636210053e-02 6.080391048759466177e-02 1.017832606319066767e-02 6.521820171598773086e-02 2.404741401755534219e-02 2.212208109572281201e-01 2.009651842199833283e-02 8.471015996152372884e-02 2.612335022548091801e-01 6.709147570065111810e-02 2.672985828999012714e-01 2.208548148204193817e-01 7.275855102707819155e-02 1.518733255657719883e-01 1.186352480143594706e-01 9.185220621095467608e-02 6.073443430068260762e-02 6.192404744831474933e-02 4.006935773278371554e-02 4.170058147557023642e-02 3.064509731969783379e-01 5.438074901844626441e-02 3.275533938934627187e-01 6.570567260743967464e-02 5.356620430946747863e-02 1.131533681617448855e-01 2.356210914747106644e-01 6.558885644322168251e-02 1.834409234626455665e-01 6.082674635423921533e-02 3.031961540854679824e-02 8.161861815778731488e-02 6.472668455720938241e-02 2.775303226925696781e-02 2.884323051825440354e-01 1.515111510944032631e-02 3.718839217445168294e-02 9.218559760283939752e-02 1.263279751083496438e-01 5.092428873647342202e-02 1.113542806930997442e-01 1.359364777957528525e-01 
2.678384614194926905e-01 2.016788702181797899e-01 7.407326614187330349e-02 4.882542379935156385e-02 9.952136816923164153e-02 1.918632807299738008e-01 1.571685587007587426e-01 2.160769775932709913e-01 4.590990867578579465e-02 2.959297948938810832e-02 1.311844126240930830e-01 5.479851747675330564e-01 1.965440788150799034e-01 5.179446241224212599e-01 1.217679523446337786e-01 1.467902763961831114e-01 2.710679820216621572e-01 8.551521172346315813e-02 0.000000000000000000e+00 2.658066163390319092e-01 1.061571320631336628e-02 1.078116047151210510e-02 1.290097327041474229e-01 6.256623851870564412e-02 6.729882465576307593e-02 6.900538240566175818e-02 2.132629655807619651e-01 2.646888554820407413e-01 6.059087333679866183e-02 3.177128313025139872e-01 5.808017060542022131e-02 1.214789568763870869e-01 3.414338683824797438e-01 2.267876503452477821e-01 9.587636194683811508e-02 5.549922679181396035e-02 5.841731873350127641e-02 4.436891996719948689e-02 2.990651874915543074e-01 1.371940838203287716e-01 1.307026232199239302e-01 1.352540079305028509e-01 1.744688531005688104e-01 7.116118747505037478e-02 8.440641168854354226e-02 2.078045966855934512e-01 3.081410432860008930e-01 2.025661124236586841e-01 1.327409229114304423e-01 1.811260249941807621e-01 1.091488992739440972e-01 6.364414349281183325e-02 1.381544222700372693e-01 3.652057985228805703e-02 1.639354603180585290e-01 1.761168850246195849e-01 1.721911764518455346e-01 1.005180107372189435e-01 1.070775211083189876e-01 9.433776399059956574e-02 1.831199023626644273e-01 8.997289325839946672e-02 2.303274896886410017e-01 1.450975356746780909e-01 1.835838072930069675e-01 2.396531437850809299e-01 
2.906905056178384350e-01 7.335712686265381810e-02 1.036643231038414104e-01 1.034990619100058656e-01 1.359239641515379016e-01 7.512755398002196605e-02 1.485824557711908356e-01 2.469935521148744761e-01 9.112596656519700300e-02 1.540939866792574997e-01 1.677164963296670086e-01 7.405322182041525203e-02 2.245041846218858439e-01 9.921427766430891693e-02 1.242979324795600027e-01 5.569646007765691881e-03 2.668358431058850261e-02 5.258107896583181784e-01 2.658066163390319092e-01 0.000000000000000000e+00 6.238786806955335523e-02 2.605919438297043533e-01 2.895048666140912635e-02 1.233573835867677465e-01 7.119492235132388047e-02 5.655631342388445226e-02 3.284219836059279474e-01 4.979756032223423001e-02 5.366451167284358448e-02 2.016205618564996804e-01 2.804560147738147657e-01 7.276498826198939118e-02 2.227132771025761016e-01 2.316619740744224054e-01 1.567762106060857363e-01 8.542713409223180732e-02 3.747896240202375912e-02 7.841746987452906381e-02 8.069854760380293368e-02 6.375722079735414438e-02 1.410269846959733842e-01 7.499903819731618126e-02 4.527841282605273715e-02 7.587549678527137631e-02 2.192071419065704518e-01 1.111007066764814755e-01 1.679608327075212126e-01 1.528375601276547036e-01 4.133980840892222813e-02 9.083946632248943165e-02 1.162673254160281056e-01 1.439042443441306829e-01 2.267048688222943198e-01 1.147589559004138018e-02 1.940945775910447590e-01 4.347460907075603731e-02 9.354937248437387998e-02 2.219769993154893650e-02 1.793574694441271711e-01 4.995083521001936894e-02 6.444881728461201997e-02 1.189021215478516663e-01 1.874415947592429910e-01 1.896598828752196209e-01 7.322502192578020375e-02 1.784737661868513736e-01 
2.247188200052819065e-02 1.097389225958077946e-02 4.558840178479799110e-02 6.532297488143640196e-01 1.802416905921768245e-02 1.462782923942760639e-02 1.444749714506147475e-01 4.447953839800342785e-02 1.379900309569324635e-01 3.403374655643214286e-01 3.643227415769149657e-01 7.093924621524355656e-02 5.385654098988342797e-01 1.006338007556704939e-01 1.428910134815114530e-01 5.067755393765396160e-02 3.221829268886907544e-02 7.857264335010684386e-02 1.061571320631336628e-02 6.238786806955335523e-02 0.000000000000000000e+00 1.551524421857055913e-01 4.836538679672038737e-02 1.301280577022441154e-01 2.368530945267174337e-01 4.501073542290170981e-02 4.901740885410382081e-02 3.992274264316978544e-02 7.195517444647114846e-02 5.237407541175917447e-02 1.473127021602470554e-01 1.269095380981079962e-02 2.384357508499455186e-02 1.801190700443801307e-01 1.432751856913162640e-02 3.705469940037964260e-02 3.362339335169912680e-01 4.906913299092754283e-02 4.007093646451505980e-02 1.196168182924196299e-01 8.070576069288483423e-02 1.035224040157299991e-01 8.642237280025336088e-02 1.652678705345237697e-01 8.444675431127941778e-02 3.465404918426225750e-02 8.576870063236176345e-02 1.538127564488691035e-01 6.679831854399580215e-02 1.147486533083600796e-01 7.954935903127052788e-02 5.441591707546243606e-02 4.090850431647798102e-02 3.182950113443185902e-01 1.033465930836569707e-01 4.790575337494217684e-02 3.105470769637146133e-02 7.497968160532864079e-02 1.853972594104807969e-02 6.207473869173300157e-02 2.639690273037009760e-02 2.102283429300828010e-01 1.603313646976237405e-01 1.612775594605500018e-01 4.567957719268911365e-02 1.403540999674642020e-01 
3.458601804424973891e-01 2.800945999029105446e-02 1.370775392956266880e-01 1.662659167756338346e-02 2.530656220380280708e-01 1.438971510280829535e-01 1.291739591700298041e-02 1.111362603272493116e-01 1.246957597415029317e-01 3.477975843779343434e-01 1.636245775946140180e-01 4.820551232969023936e-02 3.041008982412177208e-02 6.191453212973247605e-02 7.096449298742615874e-02 3.751780995167710575e-01 4.710000035818233399e-02 4.131390922753027523e-02 1.078116047151210510e-02 2.605919438297043533e-01 1.551524421857055913e-01 0.000000000000000000e+00 4.210091243867952748e-01 5.859023103472648097e-01 2.121255225549968926e-01 1.653831023972975600e-01 3.864110953805088289e-01 2.360035035044291130e-01 3.210506060042166987e-01 3.844070201927313746e-01 6.997226674544108072e-01 2.190886117972045133e-01 4.378252445079912070e-01 2.591227630869513687e-01 4.953085141360938880e-03 5.523601233522271864e-02 5.875102199588377871e-02 1.628545828646618121e-01 1.648338554100141629e-01 1.633447807196451163e-01 5.473155307105465051e-02 1.407361502332899750e-01 2.048014197742903386e-02 4.446027070983072510e-02 2.582722309208125566e-02 2.130836286482545305e-01 1.991792903217333086e-02 2.040801977470455553e-01 1.108062185334988820e-01 2.207486492872726969e-01 2.207854648106138962e-02 1.137096867890404206e-01 1.153497527565253422e-01 8.172127847512021537e-02 1.351533190091085690e-01 1.885131195357733491e-01 4.860704660388542875e-02 4.716689194214925690e-02 1.237783552358050626e-01 1.042334290026792065e-01 1.947518431676593109e-01 5.897438388701208706e-02 3.088269980922166980e-01 1.658297484087756790e-01 1.752430850779829186e-01 3.027215203550504552e-01 
6.471443206584703844e-02 2.208765900557011774e-01 2.535063475208143569e-01 3.348491825318209575e-02 3.649137609774660285e-01 2.143290214902952850e-01 1.169978736332410729e-01 4.749535548494589893e-02 2.328308561710762392e-01 4.086842227049598542e-01 6.748529067131683878e-02 2.556374630663623901e-02 8.217778335770899167e-02 2.789196558007703275e-02 1.401283246482124822e-01 8.138577532760293831e-01 1.937992224181847856e-01 3.611101779454357896e-02 1.290097327041474229e-01 2.895048666140912635e-02 4.836538679672038737e-02 4.210091243867952748e-01 0.000000000000000000e+00 6.549259003817666791e-01 3.250397722695526626e-01 1.265759275467169542e-01 2.403924355579498129e-01 4.664629055029659299e-01 2.656573234182267873e-01 7.169284180328719391e-02 1.865778542056597544e-01 3.410710678399591633e-01 4.258400447252939924e-02 1.492085640634475963e-01 2.577520957830430337e-01 1.175670883505626763e-01 1.223100348417008668e-02 3.716644156776986452e-01 2.960769504157089171e-01 2.894625082395826388e-01 1.241430487046502606e-01 2.361470057117307786e-01 2.488463362242742671e-01 6.142368321211256338e-02 6.218506987349142062e-02 1.108849737847326239e-01 1.249344397691795894e-01 2.268615965025060355e-01 5.522391310671764808e-01 2.874161397306027599e-01 3.404140776772061894e-02 5.977465208608120223e-02 3.364725820077010821e-02 1.800785838754341214e-02 1.039009407016199121e-01 7.744884503733239223e-01 2.958714625043947777e-01 1.842825983581378169e-01 2.017753235324937777e-01 2.805093526689027006e-01 4.287336948725737895e-01 1.689094678990182563e-01 3.114548637904844819e-01 4.039285587208147482e-02 3.793963282288168037e-01 2.546395219890983386e-01 
1.484141872286195707e-01 1.402504594334081089e-01 3.062738540138416066e-01 8.270504716465368333e-02 2.302946452077208050e-01 1.514334676168990756e-01 3.416568213422624400e-02 7.174638979172064113e-02 1.554715782292103443e-01 2.740329157660647552e-01 1.320069179306956053e-01 2.932108793859096799e-02 7.565291261925084776e-02 7.912419034535289608e-02 7.639119399930811849e-02 6.055523730368350677e-01 6.603584477450445689e-02 8.135366308206649910e-02 6.256623851870564412e-02 1.233573835867677465e-01 1.301280577022441154e-01 5.859023103472648097e-01 6.549259003817666791e-01 0.000000000000000000e+00 1.285797494050961998e-01 1.443877341918055612e-01 2.974735678795584759e-01 4.332156146380281014e-01 1.532030875764737454e-01 1.109390198571384711e-01 3.131321584643207978e-01 2.486011628193585954e-01 1.635594788880383732e-01 1.903223633865454290e-01 1.324132854277661475e-01 6.473022551954241144e-02 4.464619399279341760e-02 1.992010658352635355e-01 2.005551784135753690e-01 1.530395586443593636e-01 9.045976390029727976e-02 1.228417614477160941e-01 7.485568338460370230e-02 9.063180343628755853e-02 1.991182915998974956e-02 9.232852449800481309e-02 3.404622118750315340e-02 1.831927605146104754e-01 2.413123318005423457e-01 1.908778501018575935e-01 5.316447012239769454e-02 8.206466479908551548e-02 1.030684588479787861e-01 7.117640693907011096e-02 8.927752436787921020e-02 3.720788158512223220e-01 4.643600753431117306e-02 8.615641130565648842e-02 1.535040228961095099e-01 1.005446206587574248e-01 2.759895428445257037e-01 7.340729219978328612e-02 2.991664137807909518e-01 1.015346881953099328e-01 2.029514864341850633e-01 2.946296615872141533e-01 
