0.000000000000000000e+00 0.000000000000000000e+00 0.000000000000000000e+00 0.000000000000000000e+00 0.000000000000000000e+00 0.000000000000000000e+00 0.000000000000000000e+00 5.072970000000000000e+05 1.847300000000000000e+04 1.012000000000000000e+03 4.369500000000000000e+03 1.484600000000000000e+04 0.000000000000000000e+00 4.685000000000000000e+02 1.186590000000000000e+06 1.775000000000000000e+03 0.000000000000000000e+00 9.926500000000000000e+03 8.688000000000000000e+03 2.456000000000000000e+04 0.000000000000000000e+00 1.247250000000000000e+04 4.300000000000000000e+03 1.421050000000000000e+04 9.122000000000000000e+03 4.115000000000000000e+02 9.356500000000000000e+03 3.413000000000000000e+03 2.789950000000000000e+04 1.014234500000000000e+06 3.149785000000000000e+05 1.082450000000000000e+04 5.030000000000000000e+03 1.559000000000000000e+03 0.000000000000000000e+00 0.000000000000000000e+00 0.000000000000000000e+00 0.000000000000000000e+00 0.000000000000000000e+00 0.000000000000000000e+00 3.780000000000000000e+03 1.373000000000000000e+03 4.566000000000000000e+03 9.720000000000000000e+02 4.345000000000000000e+02 0.000000000000000000e+00 0.000000000000000000e+00 3.822500000000000000e+03 8.465000000000000000e+02 0.000000000000000000e+00 0.000000000000000000e+00 0.000000000000000000e+00 6.845000000000000000e+02 0.000000000000000000e+00 7.417500000000000000e+03 1.725000000000000000e+03 8.300000000000000000e+02 2.088700000000000000e+04 0.000000000000000000e+00 5.630000000000000000e+02 1.230000000000000000e+03 1.925050000000000000e+04 4.479000000000000000e+03 1.000150000000000000e+04 0.000000000000000000e+00 0.000000000000000000e+00 
0.000000000000000000e+00 0.000000000000000000e+00 1.334500000000000000e+03 5.325000000000000000e+02 1.015500000000000000e+03 1.952000000000000000e+03 0.000000000000000000e+00 2.526000000000000000e+03 5.585000000000000000e+02 4.546700000000000000e+04 1.946500000000000000e+03 4.807000000000000000e+03 6.235000000000000000e+02 2.080050000000000000e+04 1.172000000000000000e+03 3.721350000000000000e+04 0.000000000000000000e+00 6.436000000000000000e+03 0.000000000000000000e+00 7.664500000000000000e+03 0.000000000000000000e+00 1.264000000000000000e+03 4.610420000000000000e+05 2.935000000000000000e+03 9.365850000000000000e+04 3.915305000000000000e+05 5.115350000000000000e+04 1.912911000000000000e+06 2.361000000000000000e+03 5.410000000000000000e+02 1.073500000000000000e+03 8.070000000000000000e+02 0.000000000000000000e+00 0.000000000000000000e+00 5.312365000000000000e+05 6.040000000000000000e+02 0.000000000000000000e+00 0.000000000000000000e+00 2.183500000000000000e+03 0.000000000000000000e+00 1.966500000000000000e+03 0.000000000000000000e+00 1.015250000000000000e+04 4.370000000000000000e+02 1.332000000000000000e+03 0.000000000000000000e+00 6.713000000000000000e+03 5.540000000000000000e+02 2.236900000000000000e+04 0.000000000000000000e+00 1.859500000000000000e+03 0.000000000000000000e+00 1.119000000000000000e+03 0.000000000000000000e+00 7.035000000000000000e+02 1.494725000000000000e+05 2.491500000000000000e+03 1.916350000000000000e+04 1.024200000000000000e+05 1.674900000000000000e+04 7.256680000000000000e+05 1.310500000000000000e+03 1.630000000000000000e+03 4.850000000000000000e+02 0.000000000000000000e+00 0.000000000000000000e+00 
0.000000000000000000e+00 1.334500000000000000e+03 0.000000000000000000e+00 0.000000000000000000e+00 0.000000000000000000e+00 0.000000000000000000e+00 0.000000000000000000e+00 7.848000000000000000e+03 0.000000000000000000e+00 0.000000000000000000e+00 4.780000000000000000e+02 0.000000000000000000e+00 0.000000000000000000e+00 0.000000000000000000e+00 1.059500000000000000e+03 0.000000000000000000e+00 0.000000000000000000e+00 5.353895000000000000e+05 1.083650000000000000e+04 1.279595000000000000e+05 0.000000000000000000e+00 7.759500000000000000e+03 0.000000000000000000e+00 1.493980500000000000e+06 0.000000000000000000e+00 0.000000000000000000e+00 2.392341500000000000e+06 1.989864000000000000e+06 2.159000000000000000e+03 8.410000000000000000e+02 3.368500000000000000e+03 0.000000000000000000e+00 0.000000000000000000e+00 0.000000000000000000e+00 3.471000000000000000e+03 1.308950000000000000e+04 0.000000000000000000e+00 0.000000000000000000e+00 0.000000000000000000e+00 0.000000000000000000e+00 0.000000000000000000e+00 0.000000000000000000e+00 0.000000000000000000e+00 0.000000000000000000e+00 0.000000000000000000e+00 0.000000000000000000e+00 0.000000000000000000e+00 0.000000000000000000e+00 0.000000000000000000e+00 0.000000000000000000e+00 4.138500000000000000e+03 0.000000000000000000e+00 1.242500000000000000e+03 0.000000000000000000e+00 0.000000000000000000e+00 9.075000000000000000e+02 1.479500000000000000e+03 5.200000000000000000e+02 0.000000000000000000e+00 6.506750000000000000e+04 1.807965000000000000e+05 4.735000000000000000e+02 0.000000000000000000e+00 0.000000000000000000e+00 0.000000000000000000e+00 0.000000000000000000e+00 
0.000000000000000000e+00 5.325000000000000000e+02 0.000000000000000000e+00 0.000000000000000000e+00 1.393750000000000000e+04 0.000000000000000000e+00 5.530650000000000000e+04 6.184500000000000000e+03 2.872000000000000000e+04 8.260050000000000000e+04 3.305565000000000000e+05 2.487500000000000000e+03 7.748660000000000000e+05 4.870000000000000000e+02 1.287600000000000000e+04 0.000000000000000000e+00 3.431200000000000000e+04 0.000000000000000000e+00 3.170500000000000000e+03 4.347500000000000000e+03 1.210659500000000000e+06 0.000000000000000000e+00 1.919000000000000000e+03 0.000000000000000000e+00 1.113578500000000000e+06 5.255000000000000000e+02 6.126500000000000000e+03 1.840500000000000000e+03 5.300060000000000000e+05 4.630500000000000000e+03 0.000000000000000000e+00 5.462500000000000000e+03 0.000000000000000000e+00 0.000000000000000000e+00 4.875000000000000000e+02 0.000000000000000000e+00 3.829230000000000000e+05 1.130000000000000000e+03 0.000000000000000000e+00 9.109000000000000000e+03 3.481000000000000000e+03 8.188000000000000000e+03 8.240550000000000000e+04 7.444400000000000000e+04 9.395000000000000000e+02 2.937055000000000000e+05 0.000000000000000000e+00 4.278000000000000000e+03 0.000000000000000000e+00 2.252500000000000000e+03 0.000000000000000000e+00 0.000000000000000000e+00 0.000000000000000000e+00 1.764725000000000000e+05 0.000000000000000000e+00 6.770000000000000000e+02 0.000000000000000000e+00 7.072950000000000000e+04 0.000000000000000000e+00 4.530000000000000000e+02 1.220000000000000000e+03 8.075900000000000000e+04 1.977000000000000000e+03 4.715000000000000000e+02 9.945000000000000000e+02 0.000000000000000000e+00 
0.000000000000000000e+00 1.015500000000000000e+03 0.000000000000000000e+00 1.393750000000000000e+04 0.000000000000000000e+00 2.976500000000000000e+03 3.034165000000000000e+05 5.757750000000000000e+04 2.662400000000000000e+04 1.027215000000000000e+05 9.927500000000000000e+04 8.752150000000000000e+04 5.218200000000000000e+04 8.439000000000000000e+03 6.177000000000000000e+03 0.000000000000000000e+00 3.565605000000000000e+05 4.165000000000000000e+02 1.887250000000000000e+04 1.076300000000000000e+04 2.470050000000000000e+04 0.000000000000000000e+00 5.431000000000000000e+03 4.740000000000000000e+02 6.639200000000000000e+04 8.955000000000000000e+03 3.629800000000000000e+04 7.584500000000000000e+03 3.657450000000000000e+04 4.784500000000000000e+03 6.635000000000000000e+02 2.181160000000000000e+05 0.000000000000000000e+00 7.330000000000000000e+02 5.555000000000000000e+02 0.000000000000000000e+00 3.487000000000000000e+03 0.000000000000000000e+00 0.000000000000000000e+00 8.370000000000000000e+02 3.115000000000000000e+03 1.791500000000000000e+03 1.162550000000000000e+04 3.495000000000000000e+03 4.220000000000000000e+02 2.796000000000000000e+03 2.032000000000000000e+03 2.502500000000000000e+03 0.000000000000000000e+00 0.000000000000000000e+00 0.000000000000000000e+00 0.000000000000000000e+00 0.000000000000000000e+00 2.229000000000000000e+03 0.000000000000000000e+00 1.105500000000000000e+03 0.000000000000000000e+00 1.670700000000000000e+04 1.758500000000000000e+03 1.169500000000000000e+03 5.530000000000000000e+03 1.719000000000000000e+04 1.989500000000000000e+03 3.523000000000000000e+03 0.000000000000000000e+00 0.000000000000000000e+00 
0.000000000000000000e+00 1.952000000000000000e+03 0.000000000000000000e+00 0.000000000000000000e+00 2.976500000000000000e+03 0.000000000000000000e+00 1.161000000000000000e+03 3.133000000000000000e+03 4.545500000000000000e+03 0.000000000000000000e+00 3.099500000000000000e+03 3.768600000000000000e+05 9.530000000000000000e+02 1.154815000000000000e+06 3.186000000000000000e+03 0.000000000000000000e+00 0.000000000000000000e+00 0.000000000000000000e+00 1.247000000000000000e+03 4.180000000000000000e+02 8.730000000000000000e+02 2.587000000000000000e+03 7.085000000000000000e+02 1.112500000000000000e+03 1.175000000000000000e+03 3.954200000000000000e+04 3.217135000000000000e+05 8.108700000000000000e+04 7.564000000000000000e+03 1.270150000000000000e+04 2.468000000000000000e+03 5.899100000000000000e+04 0.000000000000000000e+00 0.000000000000000000e+00 5.484500000000000000e+03 0.000000000000000000e+00 0.000000000000000000e+00 0.000000000000000000e+00 7.121700000000000000e+04 0.000000000000000000e+00 0.000000000000000000e+00 0.000000000000000000e+00 8.470000000000000000e+02 0.000000000000000000e+00 1.735650000000000000e+04 0.000000000000000000e+00 2.021750000000000000e+05 0.000000000000000000e+00 4.755000000000000000e+02 0.000000000000000000e+00 0.000000000000000000e+00 8.390000000000000000e+02 0.000000000000000000e+00 0.000000000000000000e+00 0.000000000000000000e+00 3.564000000000000000e+03 0.000000000000000000e+00 3.807500000000000000e+03 5.181500000000000000e+04 6.255100000000000000e+04 7.704150000000000000e+04 7.265000000000000000e+02 0.000000000000000000e+00 0.000000000000000000e+00 0.000000000000000000e+00 0.000000000000000000e+00 
0.000000000000000000e+00 0.000000000000000000e+00 0.000000000000000000e+00 5.530650000000000000e+04 3.034165000000000000e+05 1.161000000000000000e+03 0.000000000000000000e+00 5.949850000000000000e+04 1.716137500000000000e+06 3.405900000000000000e+04 1.542077000000000000e+06 6.165000000000000000e+03 2.082542000000000000e+06 1.888000000000000000e+03 7.228950000000000000e+04 0.000000000000000000e+00 7.787985000000000000e+05 4.035000000000000000e+02 6.145500000000000000e+03 6.247000000000000000e+03 1.428870000000000000e+05 5.490000000000000000e+02 9.615000000000000000e+02 5.680000000000000000e+02 4.240400000000000000e+04 1.933500000000000000e+03 1.825850000000000000e+04 3.175500000000000000e+03 6.201500000000000000e+04 4.153000000000000000e+03 8.285000000000000000e+02 3.585650000000000000e+04 0.000000000000000000e+00 1.561000000000000000e+03 0.000000000000000000e+00 0.000000000000000000e+00 8.371000000000000000e+03 2.433000000000000000e+03 0.000000000000000000e+00 2.767145000000000000e+05 8.485500000000000000e+03 1.212400000000000000e+04 1.251900000000000000e+04 3.836800000000000000e+04 9.525000000000000000e+02 2.130280000000000000e+05 0.000000000000000000e+00 6.526000000000000000e+03 0.000000000000000000e+00 2.440500000000000000e+03 0.000000000000000000e+00 0.000000000000000000e+00 8.540000000000000000e+02 8.876000000000000000e+03 2.629000000000000000e+03 0.000000000000000000e+00 2.230500000000000000e+03 3.347550000000000000e+04 0.000000000000000000e+00 1.017500000000000000e+03 2.593500000000000000e+03 5.129800000000000000e+04 4.611500000000000000e+03 7.376000000000000000e+03 5.345000000000000000e+02 0.000000000000000000e+00 
5.072970000000000000e+05 2.526000000000000000e+03 7.848000000000000000e+03 6.184500000000000000e+03 5.757750000000000000e+04 3.133000000000000000e+03 5.949850000000000000e+04 0.000000000000000000e+00 5.559525000000000000e+05 4.597100000000000000e+04 1.685889500000000000e+06 4.642350000000000000e+04 7.722500000000000000e+03 7.924500000000000000e+03 1.682125000000000000e+06 2.981500000000000000e+03 1.083650000000000000e+04 1.363695000000000000e+05 2.081100000000000000e+04 1.675165000000000000e+05 1.422750000000000000e+04 3.102345000000000000e+05 1.059200000000000000e+04 6.247790000000000000e+05 1.290580000000000000e+05 6.129500000000000000e+03 6.700900000000000000e+04 5.701700000000000000e+04 3.076602500000000000e+06 3.207655000000000000e+05 1.548543500000000000e+06 3.962250000000000000e+04 2.185000000000000000e+03 4.887500000000000000e+03 3.491000000000000000e+03 5.315000000000000000e+02 4.377000000000000000e+03 1.508500000000000000e+03 0.000000000000000000e+00 3.452000000000000000e+03 3.160950000000000000e+04 2.317500000000000000e+04 5.054900000000000000e+04 2.261900000000000000e+04 3.519500000000000000e+03 1.715000000000000000e+03 1.746500000000000000e+03 2.234850000000000000e+04 1.200000000000000000e+03 1.022500000000000000e+03 5.345000000000000000e+02 1.454000000000000000e+03 1.937500000000000000e+03 7.078000000000000000e+03 1.362100000000000000e+04 3.021500000000000000e+03 1.669500000000000000e+03 9.793500000000000000e+04 5.930000000000000000e+02 4.977000000000000000e+03 1.366900000000000000e+04 1.441810000000000000e+05 1.402350000000000000e+04 1.300050000000000000e+04 1.853000000000000000e+03 1.456000000000000000e+03 
1.847300000000000000e+04 5.585000000000000000e+02 0.000000000000000000e+00 2.872000000000000000e+04 2.662400000000000000e+04 4.545500000000000000e+03 1.716137500000000000e+06 5.559525000000000000e+05 0.000000000000000000e+00 2.856800000000000000e+04 9.863695000000000000e+05 4.825500000000000000e+04 1.420870000000000000e+05 5.085500000000000000e+03 2.177807000000000000e+06 1.832000000000000000e+03 2.052450000000000000e+04 4.557000000000000000e+03 2.574150000000000000e+04 1.955500000000000000e+04 1.032330000000000000e+05 1.090400000000000000e+04 4.667000000000000000e+03 1.023100000000000000e+04 5.603250000000000000e+04 3.080000000000000000e+03 6.555000000000000000e+04 7.764000000000000000e+03 1.666050000000000000e+05 7.891050000000000000e+04 2.168650000000000000e+04 2.758125000000000000e+05 1.206500000000000000e+03 2.788500000000000000e+03 6.605000000000000000e+02 0.000000000000000000e+00 1.032450000000000000e+04 8.365000000000000000e+02 0.000000000000000000e+00 3.453000000000000000e+03 1.979050000000000000e+04 1.649250000000000000e+04 2.941200000000000000e+04 3.682800000000000000e+04 2.260000000000000000e+03 8.879500000000000000e+03 7.400000000000000000e+02 1.491150000000000000e+04 3.759500000000000000e+03 6.415000000000000000e+02 4.070000000000000000e+02 8.665000000000000000e+02 1.479500000000000000e+03 1.303700000000000000e+04 1.427150000000000000e+04 1.369500000000000000e+03 1.158500000000000000e+03 7.562550000000000000e+04 5.885000000000000000e+02 1.864000000000000000e+03 3.961500000000000000e+03 1.094995000000000000e+05 9.119000000000000000e+03 1.167400000000000000e+04 1.071000000000000000e+03 7.105000000000000000e+02 
1.012000000000000000e+03 4.546700000000000000e+04 0.000000000000000000e+00 8.260050000000000000e+04 1.027215000000000000e+05 0.000000000000000000e+00 3.405900000000000000e+04 4.597100000000000000e+04 2.856800000000000000e+04 0.000000000000000000e+00 4.713250000000000000e+04 3.869500000000000000e+03 2.625345000000000000e+05 1.867500000000000000e+03 1.804200000000000000e+04 2.635000000000000000e+03 1.877105000000000000e+05 6.730000000000000000e+02 1.494500000000000000e+03 3.694000000000000000e+03 4.002500000000000000e+04 0.000000000000000000e+00 3.209430000000000000e+05 5.860000000000000000e+02 1.062078000000000000e+06 2.150300000000000000e+04 3.881500000000000000e+03 4.878950000000000000e+04 1.554285000000000000e+05 1.523550000000000000e+04 1.621000000000000000e+03 7.684000000000000000e+03 0.000000000000000000e+00 6.830000000000000000e+03 6.253500000000000000e+03 0.000000000000000000e+00 6.415450000000000000e+04 1.549500000000000000e+03 0.000000000000000000e+00 4.906500000000000000e+03 1.977850000000000000e+04 1.996500000000000000e+04 6.165370000000000000e+05 7.703950000000000000e+04 3.158500000000000000e+03 1.396300000000000000e+04 6.520000000000000000e+02 2.231350000000000000e+04 9.545000000000000000e+02 2.035500000000000000e+03 1.009000000000000000e+03 1.339000000000000000e+03 4.219500000000000000e+03 2.560750000000000000e+04 1.150500000000000000e+03 6.157550000000000000e+04 1.664500000000000000e+03 2.374515000000000000e+05 2.780000000000000000e+03 3.377000000000000000e+03 8.628500000000000000e+03 1.435295000000000000e+05 1.921550000000000000e+04 1.710250000000000000e+04 8.140000000000000000e+02 2.170000000000000000e+03 
4.369500000000000000e+03 1.946500000000000000e+03 4.780000000000000000e+02 3.305565000000000000e+05 9.927500000000000000e+04 3.099500000000000000e+03 1.542077000000000000e+06 1.685889500000000000e+06 9.863695000000000000e+05 4.713250000000000000e+04 0.000000000000000000e+00 3.693900000000000000e+04 1.247680000000000000e+06 6.900000000000000000e+03 6.899700000000000000e+05 8.745000000000000000e+02 7.887500000000000000e+04 5.197500000000000000e+03 3.170400000000000000e+04 5.809250000000000000e+04 8.673050000000000000e+05 6.259500000000000000e+03 2.333500000000000000e+03 7.001500000000000000e+03 6.270950000000000000e+04 5.087000000000000000e+03 6.054150000000000000e+04 2.062350000000000000e+04 1.140738500000000000e+06 7.391450000000000000e+04 4.969000000000000000e+03 7.615800000000000000e+04 0.000000000000000000e+00 1.070500000000000000e+03 2.092000000000000000e+03 0.000000000000000000e+00 8.202350000000000000e+04 1.310500000000000000e+03 0.000000000000000000e+00 1.053700000000000000e+04 1.172550000000000000e+04 1.880000000000000000e+04 4.933750000000000000e+04 1.960200000000000000e+05 2.219000000000000000e+03 4.891850000000000000e+04 9.785000000000000000e+02 1.154300000000000000e+04 1.016500000000000000e+03 1.604500000000000000e+03 0.000000000000000000e+00 8.080000000000000000e+02 5.760000000000000000e+02 7.099000000000000000e+04 4.527000000000000000e+03 7.430000000000000000e+02 5.340000000000000000e+02 5.036500000000000000e+04 5.350000000000000000e+02 2.349000000000000000e+03 6.297500000000000000e+03 1.405000000000000000e+05 4.571000000000000000e+03 2.756000000000000000e+03 1.395500000000000000e+03 0.000000000000000000e+00 
1.484600000000000000e+04 4.807000000000000000e+03 0.000000000000000000e+00 2.487500000000000000e+03 8.752150000000000000e+04 3.768600000000000000e+05 6.165000000000000000e+03 4.642350000000000000e+04 4.825500000000000000e+04 3.869500000000000000e+03 3.693900000000000000e+04 0.000000000000000000e+00 9.129500000000000000e+03 9.128350000000000000e+05 6.320100000000000000e+04 9.245000000000000000e+02 1.495500000000000000e+03 2.259000000000000000e+04 1.157589500000000000e+06 5.443615000000000000e+05 1.005450000000000000e+04 1.447550000000000000e+04 4.309500000000000000e+03 1.325100000000000000e+04 6.461000000000000000e+03 9.655350000000000000e+04 9.719205000000000000e+05 6.531600000000000000e+04 3.946650000000000000e+04 5.753290000000000000e+05 4.885700000000000000e+04 5.989115000000000000e+05 4.152000000000000000e+03 0.000000000000000000e+00 9.661500000000000000e+03 0.000000000000000000e+00 0.000000000000000000e+00 0.000000000000000000e+00 4.040450000000000000e+04 0.000000000000000000e+00 1.455500000000000000e+03 7.695000000000000000e+02 3.632000000000000000e+03 1.416000000000000000e+03 2.249450000000000000e+04 5.710000000000000000e+02 1.658650000000000000e+05 8.315000000000000000e+02 9.730000000000000000e+02 0.000000000000000000e+00 0.000000000000000000e+00 0.000000000000000000e+00 0.000000000000000000e+00 0.000000000000000000e+00 1.525500000000000000e+03 7.453500000000000000e+03 4.280000000000000000e+02 7.709500000000000000e+03 8.953000000000000000e+04 1.253000000000000000e+04 9.175150000000000000e+04 6.512500000000000000e+03 6.520000000000000000e+02 5.500000000000000000e+02 0.000000000000000000e+00 0.000000000000000000e+00 
0.000000000000000000e+00 6.235000000000000000e+02 0.000000000000000000e+00 7.748660000000000000e+05 5.218200000000000000e+04 9.530000000000000000e+02 2.082542000000000000e+06 7.722500000000000000e+03 1.420870000000000000e+05 2.625345000000000000e+05 1.247680000000000000e+06 9.129500000000000000e+03 0.000000000000000000e+00 1.607000000000000000e+03 4.431450000000000000e+04 0.000000000000000000e+00 3.783980000000000000e+05 6.895000000000000000e+02 1.069600000000000000e+04 1.463800000000000000e+04 1.726304500000000000e+06 0.000000000000000000e+00 3.029500000000000000e+03 0.000000000000000000e+00 6.688475000000000000e+05 1.319500000000000000e+03 2.017500000000000000e+04 4.766500000000000000e+03 1.324035000000000000e+05 1.525750000000000000e+04 0.000000000000000000e+00 2.093850000000000000e+04 0.000000000000000000e+00 0.000000000000000000e+00 5.735000000000000000e+02 0.000000000000000000e+00 1.643895000000000000e+05 5.767000000000000000e+03 0.000000000000000000e+00 3.388160000000000000e+05 4.639500000000000000e+03 9.692500000000000000e+03 1.114225000000000000e+05 6.846550000000000000e+04 9.190000000000000000e+02 8.096910000000000000e+05 0.000000000000000000e+00 4.108500000000000000e+03 0.000000000000000000e+00 1.113700000000000000e+04 0.000000000000000000e+00 0.000000000000000000e+00 0.000000000000000000e+00 1.707415000000000000e+05 2.599000000000000000e+03 6.700000000000000000e+02 3.418000000000000000e+03 7.176650000000000000e+04 4.300000000000000000e+02 6.980000000000000000e+02 2.528500000000000000e+03 4.992450000000000000e+04 2.346000000000000000e+03 1.184000000000000000e+03 1.424000000000000000e+03 0.000000000000000000e+00 
4.685000000000000000e+02 2.080050000000000000e+04 0.000000000000000000e+00 4.870000000000000000e+02 8.439000000000000000e+03 1.154815000000000000e+06 1.888000000000000000e+03 7.924500000000000000e+03 5.085500000000000000e+03 1.867500000000000000e+03 6.900000000000000000e+03 9.128350000000000000e+05 1.607000000000000000e+03 0.000000000000000000e+00 2.893000000000000000e+03 5.720000000000000000e+02 5.575000000000000000e+02 0.000000000000000000e+00 1.056500000000000000e+03 5.420000000000000000e+02 1.515500000000000000e+03 1.892500000000000000e+03 7.529500000000000000e+03 1.011000000000000000e+03 3.874000000000000000e+03 9.084275000000000000e+05 9.363350000000000000e+04 8.210310000000000000e+05 9.909000000000000000e+03 8.431000000000000000e+03 2.325500000000000000e+03 4.237150000000000000e+04 0.000000000000000000e+00 0.000000000000000000e+00 1.735800000000000000e+04 0.000000000000000000e+00 0.000000000000000000e+00 0.000000000000000000e+00 3.367580000000000000e+05 0.000000000000000000e+00 2.971500000000000000e+03 0.000000000000000000e+00 1.617500000000000000e+03 6.995000000000000000e+02 1.132100000000000000e+05 0.000000000000000000e+00 1.233137000000000000e+06 5.665000000000000000e+02 9.500000000000000000e+02 0.000000000000000000e+00 0.000000000000000000e+00 5.725000000000000000e+02 0.000000000000000000e+00 0.000000000000000000e+00 6.765000000000000000e+02 1.006050000000000000e+04 6.940000000000000000e+02 6.240500000000000000e+03 4.980675000000000000e+05 6.291800000000000000e+04 2.629220000000000000e+05 2.753500000000000000e+03 9.095000000000000000e+02 7.080000000000000000e+02 6.235000000000000000e+02 0.000000000000000000e+00 
1.186590000000000000e+06 1.172000000000000000e+03 1.059500000000000000e+03 1.287600000000000000e+04 6.177000000000000000e+03 3.186000000000000000e+03 7.228950000000000000e+04 1.682125000000000000e+06 2.177807000000000000e+06 1.804200000000000000e+04 6.899700000000000000e+05 6.320100000000000000e+04 4.431450000000000000e+04 2.893000000000000000e+03 0.000000000000000000e+00 8.304000000000000000e+03 1.624500000000000000e+03 2.898600000000000000e+04 4.680250000000000000e+04 9.428050000000000000e+04 4.620850000000000000e+04 3.926450000000000000e+04 2.340250000000000000e+04 4.261250000000000000e+04 4.674200000000000000e+04 2.290500000000000000e+03 7.167950000000000000e+04 2.403000000000000000e+04 1.549930000000000000e+05 1.917517500000000000e+06 3.147030000000000000e+05 1.608740000000000000e+05 2.181850000000000000e+04 3.088000000000000000e+03 1.296500000000000000e+03 0.000000000000000000e+00 2.989000000000000000e+03 0.000000000000000000e+00 0.000000000000000000e+00 1.320500000000000000e+03 1.508200000000000000e+04 7.656500000000000000e+03 3.163800000000000000e+04 1.308100000000000000e+04 1.028500000000000000e+03 2.841500000000000000e+03 0.000000000000000000e+00 1.013550000000000000e+04 6.888500000000000000e+03 0.000000000000000000e+00 5.085000000000000000e+02 4.480000000000000000e+02 1.155000000000000000e+03 4.581500000000000000e+03 4.076200000000000000e+04 7.378000000000000000e+03 2.980500000000000000e+03 6.716400000000000000e+04 0.000000000000000000e+00 2.220000000000000000e+03 5.843000000000000000e+03 9.018600000000000000e+04 8.252500000000000000e+03 1.255500000000000000e+04 3.995000000000000000e+02 8.375000000000000000e+02 
1.775000000000000000e+03 3.721350000000000000e+04 0.000000000000000000e+00 0.000000000000000000e+00 0.000000000000000000e+00 0.000000000000000000e+00 0.000000000000000000e+00 2.981500000000000000e+03 1.832000000000000000e+03 2.635000000000000000e+03 8.745000000000000000e+02 9.245000000000000000e+02 0.000000000000000000e+00 5.720000000000000000e+02 8.304000000000000000e+03 0.000000000000000000e+00 0.000000000000000000e+00 1.941500000000000000e+03 1.039500000000000000e+03 4.188000000000000000e+03 0.000000000000000000e+00 1.798115000000000000e+05 5.691375000000000000e+05 5.346070000000000000e+05 4.507190000000000000e+05 4.764000000000000000e+03 1.134750000000000000e+04 3.863735000000000000e+05 1.455225000000000000e+05 2.480550000000000000e+04 9.626000000000000000e+03 0.000000000000000000e+00 1.673000000000000000e+03 4.735000000000000000e+02 1.029550000000000000e+04 7.225000000000000000e+02 0.000000000000000000e+00 0.000000000000000000e+00 0.000000000000000000e+00 0.000000000000000000e+00 3.911000000000000000e+03 6.255000000000000000e+02 7.121900000000000000e+04 5.155000000000000000e+02 0.000000000000000000e+00 0.000000000000000000e+00 0.000000000000000000e+00 1.164500000000000000e+03 4.534005000000000000e+05 0.000000000000000000e+00 9.000000000000000000e+02 0.000000000000000000e+00 5.580000000000000000e+02 0.000000000000000000e+00 1.235630000000000000e+05 1.799350000000000000e+05 2.176370000000000000e+05 1.676655000000000000e+05 2.343000000000000000e+03 2.131500000000000000e+03 1.598655000000000000e+05 7.097100000000000000e+04 1.615500000000000000e+03 3.528500000000000000e+03 0.000000000000000000e+00 0.000000000000000000e+00 
0.000000000000000000e+00 0.000000000000000000e+00 0.000000000000000000e+00 3.431200000000000000e+04 3.565605000000000000e+05 0.000000000000000000e+00 7.787985000000000000e+05 1.083650000000000000e+04 2.052450000000000000e+04 1.877105000000000000e+05 7.887500000000000000e+04 1.495500000000000000e+03 3.783980000000000000e+05 5.575000000000000000e+02 1.624500000000000000e+03 0.000000000000000000e+00 0.000000000000000000e+00 0.000000000000000000e+00 6.750000000000000000e+02 5.550000000000000000e+02 3.308150000000000000e+04 0.000000000000000000e+00 3.643000000000000000e+03 0.000000000000000000e+00 1.410695000000000000e+05 5.905000000000000000e+02 1.710000000000000000e+03 8.065000000000000000e+02 1.325750000000000000e+04 5.315000000000000000e+02 0.000000000000000000e+00 4.897000000000000000e+03 0.000000000000000000e+00 0.000000000000000000e+00 0.000000000000000000e+00 0.000000000000000000e+00 4.851000000000000000e+03 8.680000000000000000e+02 0.000000000000000000e+00 5.067500000000000000e+03 1.912000000000000000e+03 1.258000000000000000e+03 1.130900000000000000e+04 3.411500000000000000e+03 0.000000000000000000e+00 1.255800000000000000e+04 0.000000000000000000e+00 1.378500000000000000e+03 0.000000000000000000e+00 2.074500000000000000e+03 0.000000000000000000e+00 0.000000000000000000e+00 0.000000000000000000e+00 4.157000000000000000e+03 5.520000000000000000e+02 5.430000000000000000e+02 6.340000000000000000e+02 1.000650000000000000e+04 0.000000000000000000e+00 0.000000000000000000e+00 4.930000000000000000e+02 9.766500000000000000e+03 1.045000000000000000e+03 1.845500000000000000e+03 0.000000000000000000e+00 0.000000000000000000e+00 
9.926500000000000000e+03 6.436000000000000000e+03 5.353895000000000000e+05 0.000000000000000000e+00 4.165000000000000000e+02 0.000000000000000000e+00 4.035000000000000000e+02 1.363695000000000000e+05 4.557000000000000000e+03 6.730000000000000000e+02 5.197500000000000000e+03 2.259000000000000000e+04 6.895000000000000000e+02 0.000000000000000000e+00 2.898600000000000000e+04 1.941500000000000000e+03 0.000000000000000000e+00 0.000000000000000000e+00 3.997500000000000000e+03 1.186225000000000000e+06 8.980000000000000000e+02 3.759450000000000000e+04 2.265000000000000000e+03 1.437354500000000000e+06 2.000500000000000000e+03 0.000000000000000000e+00 5.287810000000000000e+05 4.411390000000000000e+05 2.165600000000000000e+04 6.924900000000000000e+04 1.027755000000000000e+05 0.000000000000000000e+00 2.186500000000000000e+03 0.000000000000000000e+00 1.290050000000000000e+04 4.202500000000000000e+03 0.000000000000000000e+00 0.000000000000000000e+00 0.000000000000000000e+00 0.000000000000000000e+00 4.615000000000000000e+02 0.000000000000000000e+00 1.189500000000000000e+03 0.000000000000000000e+00 0.000000000000000000e+00 0.000000000000000000e+00 0.000000000000000000e+00 0.000000000000000000e+00 5.950000000000000000e+02 0.000000000000000000e+00 1.160000000000000000e+03 0.000000000000000000e+00 0.000000000000000000e+00 0.000000000000000000e+00 9.850000000000000000e+02 1.508000000000000000e+03 1.297500000000000000e+03 1.735000000000000000e+03 0.000000000000000000e+00 1.734550000000000000e+04 6.761700000000000000e+04 2.333000000000000000e+03 0.000000000000000000e+00 0.000000000000000000e+00 0.000000000000000000e+00 0.000000000000000000e+00 
8.688000000000000000e+03 0.000000000000000000e+00 1.083650000000000000e+04 3.170500000000000000e+03 1.887250000000000000e+04 1.247000000000000000e+03 6.145500000000000000e+03 2.081100000000000000e+04 2.574150000000000000e+04 1.494500000000000000e+03 3.170400000000000000e+04 1.157589500000000000e+06 1.069600000000000000e+04 1.056500000000000000e+03 4.680250000000000000e+04 1.039500000000000000e+03 6.750000000000000000e+02 3.997500000000000000e+03 0.000000000000000000e+00 5.617475000000000000e+05 1.298100000000000000e+04 7.527000000000000000e+03 9.990000000000000000e+02 7.448500000000000000e+03 3.132500000000000000e+03 1.589500000000000000e+03 4.546745000000000000e+05 1.052150000000000000e+04 1.780450000000000000e+04 3.533920000000000000e+05 1.582300000000000000e+04 6.739050000000000000e+04 1.819000000000000000e+03 0.000000000000000000e+00 6.425000000000000000e+02 0.000000000000000000e+00 0.000000000000000000e+00 0.000000000000000000e+00 0.000000000000000000e+00 0.000000000000000000e+00 8.295000000000000000e+02 5.530000000000000000e+02 1.827500000000000000e+03 1.204000000000000000e+03 0.000000000000000000e+00 6.165000000000000000e+02 0.000000000000000000e+00 5.455000000000000000e+02 0.000000000000000000e+00 0.000000000000000000e+00 0.000000000000000000e+00 0.000000000000000000e+00 0.000000000000000000e+00 0.000000000000000000e+00 8.150000000000000000e+02 0.000000000000000000e+00 0.000000000000000000e+00 3.010500000000000000e+03 6.720000000000000000e+02 6.148500000000000000e+03 1.270250000000000000e+04 4.131500000000000000e+03 0.000000000000000000e+00 0.000000000000000000e+00 0.000000000000000000e+00 0.000000000000000000e+00 
2.456000000000000000e+04 7.664500000000000000e+03 1.279595000000000000e+05 4.347500000000000000e+03 1.076300000000000000e+04 4.180000000000000000e+02 6.247000000000000000e+03 1.675165000000000000e+05 1.955500000000000000e+04 3.694000000000000000e+03 5.809250000000000000e+04 5.443615000000000000e+05 1.463800000000000000e+04 5.420000000000000000e+02 9.428050000000000000e+04 4.188000000000000000e+03 5.550000000000000000e+02 1.186225000000000000e+06 5.617475000000000000e+05 0.000000000000000000e+00 1.778600000000000000e+04 5.320400000000000000e+04 4.719000000000000000e+03 1.496195000000000000e+05 9.310000000000000000e+03 8.260000000000000000e+02 1.098005500000000000e+06 1.848300000000000000e+05 7.310000000000000000e+04 4.453825000000000000e+05 1.609570000000000000e+05 9.224500000000000000e+03 9.513500000000000000e+03 0.000000000000000000e+00 1.346850000000000000e+04 2.009500000000000000e+03 5.075000000000000000e+02 0.000000000000000000e+00 0.000000000000000000e+00 0.000000000000000000e+00 1.813000000000000000e+03 1.053500000000000000e+03 5.203500000000000000e+03 2.145000000000000000e+03 0.000000000000000000e+00 7.210000000000000000e+02 0.000000000000000000e+00 1.199000000000000000e+03 1.140500000000000000e+03 0.000000000000000000e+00 6.975000000000000000e+02 0.000000000000000000e+00 4.010000000000000000e+02 5.000000000000000000e+02 3.082500000000000000e+03 1.915500000000000000e+03 1.214500000000000000e+03 8.009000000000000000e+03 5.685000000000000000e+02 2.253000000000000000e+04 6.948150000000000000e+04 1.053400000000000000e+04 8.430000000000000000e+02 7.305000000000000000e+02 0.000000000000000000e+00 0.000000000000000000e+00 
0.000000000000000000e+00 0.000000000000000000e+00 0.000000000000000000e+00 1.210659500000000000e+06 2.470050000000000000e+04 8.730000000000000000e+02 1.428870000000000000e+05 1.422750000000000000e+04 1.032330000000000000e+05 4.002500000000000000e+04 8.673050000000000000e+05 1.005450000000000000e+04 1.726304500000000000e+06 1.515500000000000000e+03 4.620850000000000000e+04 0.000000000000000000e+00 3.308150000000000000e+04 8.980000000000000000e+02 1.298100000000000000e+04 1.778600000000000000e+04 0.000000000000000000e+00 0.000000000000000000e+00 4.355000000000000000e+02 0.000000000000000000e+00 4.062950000000000000e+05 1.152000000000000000e+03 2.338600000000000000e+04 3.857000000000000000e+03 2.073380000000000000e+05 1.819800000000000000e+04 0.000000000000000000e+00 2.212300000000000000e+04 0.000000000000000000e+00 0.000000000000000000e+00 0.000000000000000000e+00 0.000000000000000000e+00 1.115105000000000000e+05 1.185500000000000000e+03 0.000000000000000000e+00 6.401500000000000000e+03 3.246000000000000000e+03 6.230000000000000000e+03 6.399350000000000000e+04 3.960300000000000000e+04 6.415000000000000000e+02 2.052740000000000000e+05 0.000000000000000000e+00 3.267000000000000000e+03 0.000000000000000000e+00 1.588000000000000000e+03 0.000000000000000000e+00 0.000000000000000000e+00 0.000000000000000000e+00 6.831600000000000000e+04 0.000000000000000000e+00 0.000000000000000000e+00 0.000000000000000000e+00 4.138500000000000000e+04 0.000000000000000000e+00 5.405000000000000000e+02 1.112500000000000000e+03 3.734550000000000000e+04 1.724500000000000000e+03 1.157500000000000000e+03 8.555000000000000000e+02 0.000000000000000000e+00 
1.247250000000000000e+04 1.264000000000000000e+03 7.759500000000000000e+03 0.000000000000000000e+00 0.000000000000000000e+00 2.587000000000000000e+03 5.490000000000000000e+02 3.102345000000000000e+05 1.090400000000000000e+04 0.000000000000000000e+00 6.259500000000000000e+03 1.447550000000000000e+04 0.000000000000000000e+00 1.892500000000000000e+03 3.926450000000000000e+04 1.798115000000000000e+05 0.000000000000000000e+00 3.759450000000000000e+04 7.527000000000000000e+03 5.320400000000000000e+04 0.000000000000000000e+00 0.000000000000000000e+00 7.901500000000000000e+03 3.393791500000000000e+06 5.829550000000000000e+04 1.775000000000000000e+03 4.173450000000000000e+04 3.785500000000000000e+04 9.503715000000000000e+05 1.672095000000000000e+05 1.953325500000000000e+06 2.443000000000000000e+03 1.040960000000000000e+05 0.000000000000000000e+00 1.706000000000000000e+03 0.000000000000000000e+00 0.000000000000000000e+00 0.000000000000000000e+00 0.000000000000000000e+00 0.000000000000000000e+00 2.100500000000000000e+03 0.000000000000000000e+00 1.047350000000000000e+04 0.000000000000000000e+00 0.000000000000000000e+00 0.000000000000000000e+00 0.000000000000000000e+00 0.000000000000000000e+00 6.735700000000000000e+04 0.000000000000000000e+00 4.770000000000000000e+02 0.000000000000000000e+00 0.000000000000000000e+00 0.000000000000000000e+00 4.197950000000000000e+04 8.002000000000000000e+03 1.710650000000000000e+04 6.849200000000000000e+04 0.000000000000000000e+00 1.798500000000000000e+03 1.020850000000000000e+04 1.878300000000000000e+04 0.000000000000000000e+00 1.106500000000000000e+03 0.000000000000000000e+00 0.000000000000000000e+00 
4.300000000000000000e+03 4.610420000000000000e+05 0.000000000000000000e+00 1.919000000000000000e+03 5.431000000000000000e+03 7.085000000000000000e+02 9.615000000000000000e+02 1.059200000000000000e+04 4.667000000000000000e+03 3.209430000000000000e+05 2.333500000000000000e+03 4.309500000000000000e+03 3.029500000000000000e+03 7.529500000000000000e+03 2.340250000000000000e+04 5.691375000000000000e+05 3.643000000000000000e+03 2.265000000000000000e+03 9.990000000000000000e+02 4.719000000000000000e+03 4.355000000000000000e+02 7.901500000000000000e+03 0.000000000000000000e+00 1.990350000000000000e+04 5.750440000000000000e+05 1.058230000000000000e+05 1.270400000000000000e+04 7.116795000000000000e+05 2.405100000000000000e+04 6.309850000000000000e+04 1.425700000000000000e+04 1.124000000000000000e+03 1.516500000000000000e+03 1.802500000000000000e+03 9.249200000000000000e+04 0.000000000000000000e+00 1.851000000000000000e+03 4.680000000000000000e+02 5.045000000000000000e+02 0.000000000000000000e+00 4.734000000000000000e+03 7.825000000000000000e+02 1.703430000000000000e+05 9.635000000000000000e+02 7.105000000000000000e+02 5.845000000000000000e+02 1.927500000000000000e+03 2.775000000000000000e+03 1.202665000000000000e+05 4.740000000000000000e+02 5.640000000000000000e+02 0.000000000000000000e+00 8.535000000000000000e+02 6.860000000000000000e+02 1.058600000000000000e+04 4.696765000000000000e+05 1.013600000000000000e+04 2.366830000000000000e+05 1.797100000000000000e+04 3.552500000000000000e+03 2.051170000000000000e+05 2.167050000000000000e+04 4.009000000000000000e+03 1.135000000000000000e+04 0.000000000000000000e+00 0.000000000000000000e+00 
1.421050000000000000e+04 2.935000000000000000e+03 1.493980500000000000e+06 0.000000000000000000e+00 4.740000000000000000e+02 1.112500000000000000e+03 5.680000000000000000e+02 6.247790000000000000e+05 1.023100000000000000e+04 5.860000000000000000e+02 7.001500000000000000e+03 1.325100000000000000e+04 0.000000000000000000e+00 1.011000000000000000e+03 4.261250000000000000e+04 5.346070000000000000e+05 0.000000000000000000e+00 1.437354500000000000e+06 7.448500000000000000e+03 1.496195000000000000e+05 0.000000000000000000e+00 3.393791500000000000e+06 1.990350000000000000e+04 0.000000000000000000e+00 3.169250000000000000e+04 9.225000000000000000e+02 7.060640000000000000e+05 1.513161000000000000e+06 3.025080000000000000e+05 1.522875000000000000e+05 4.656490000000000000e+05 1.068000000000000000e+03 5.261550000000000000e+04 0.000000000000000000e+00 4.226000000000000000e+03 2.515500000000000000e+03 0.000000000000000000e+00 4.020000000000000000e+02 0.000000000000000000e+00 0.000000000000000000e+00 2.163000000000000000e+03 0.000000000000000000e+00 1.770200000000000000e+04 4.545000000000000000e+02 0.000000000000000000e+00 0.000000000000000000e+00 0.000000000000000000e+00 4.000000000000000000e+02 1.697025000000000000e+05 0.000000000000000000e+00 9.930000000000000000e+02 0.000000000000000000e+00 0.000000000000000000e+00 0.000000000000000000e+00 2.688400000000000000e+04 4.549250000000000000e+04 1.511325000000000000e+05 3.871400000000000000e+04 6.415000000000000000e+02 8.455500000000000000e+03 1.480750000000000000e+05 9.793500000000000000e+03 4.810000000000000000e+02 6.115000000000000000e+02 4.085000000000000000e+02 0.000000000000000000e+00 
