1.000000 0.200662 0.166554 0.150948 0.163368 -0.096103 0.273025 0.468387 0.356229 0.282403 0.053111 0.136899 0.423414 0.058122 0.732931 0.350932 0.361000 0.225075 0.235543 0.354622 0.102317 0.214085 0.284115 0.235113 0.246786 -0.083979 0.215250 0.206754 0.247490 0.677782 0.662916 0.202972 0.579985 0.340938 0.300839 0.152629 0.230937 0.099514 -0.012862 0.192726 0.160845 0.155670 0.399327 0.117027 0.176361 0.308509 0.121807 0.204508 0.215786 0.260417 0.095791 0.027237 0.164796 0.211374 0.324188 0.247300 0.271518 0.286144 -0.035282 0.188735 0.275522 0.319174 0.284410 0.325317 0.111660 0.368868 
0.200662 1.000000 0.218040 0.210759 0.192332 0.054440 0.149173 0.160365 0.122884 0.179219 0.055130 0.228081 0.161447 0.128822 0.176793 0.058653 0.146449 0.121481 0.162352 0.117741 0.139014 0.069112 0.181829 0.134592 0.151148 0.072746 0.351243 0.794131 0.117253 0.180783 0.118188 0.190166 0.159343 0.111132 0.577543 0.021851 0.131959 0.066019 0.007205 0.091515 0.127929 0.075799 0.197245 0.055988 0.226999 0.117247 0.189108 0.125294 0.171148 0.115351 0.117384 0.230987 0.134758 0.111547 0.080125 0.121514 0.075048 0.207008 0.007312 0.164183 0.378584 0.197814 0.150620 0.200562 0.072216 0.172963 
0.166554 0.218040 1.000000 0.202194 0.188955 -0.016060 0.183138 0.160027 0.132237 0.123890 0.064921 0.124564 0.090406 0.125565 0.135900 0.161713 0.134700 0.119696 0.036579 0.067531 0.134518 0.112541 0.241477 0.406573 0.094307 0.024522 0.138864 0.070854 0.092417 0.118866 0.222551 0.155766 0.111780 0.079673 0.139090 0.219822 0.127160 0.010411 0.039354 0.063557 0.073994 0.070211 0.115159 0.066919 0.103167 0.091819 0.065594 0.138435 0.122934 0.078635 0.210422 0.206445 0.158123 0.105800 0.151475 0.090567 0.148292 0.092580 0.065816 0.153590 0.180481 0.116797 0.161779 0.187074 -0.024773 0.194144 
0.150948 0.210759 0.202194 1.000000 0.127274 0.009674 0.122110 0.171301 0.121183 0.289865 0.252323 0.134570 0.383827 0.149429 0.198536 0.088105 0.096755 0.036451 0.115716 0.031493 0.857326 0.014042 0.119304 0.047115 0.407630 0.031491 0.166203 0.151369 0.136186 0.126503 0.146655 0.088059 0.114495 0.210500 0.177319 0.092451 0.132401 0.000457 0.017086 0.100608 0.297550 0.131132 0.162527 0.105204 0.124602 0.163050 0.155431 0.090894 0.111886 0.066636 0.045730 0.092601 0.062386 0.092178 0.049483 0.129904 0.001156 0.108556 0.071352 0.060404 0.080179 0.089781 0.108656 0.150331 -0.015423 0.120563 
0.163368 0.192332 0.188955 0.127274 1.000000 0.016420 0.667241 0.180835 0.282469 0.056716 0.109835 0.309732 0.076575 0.062140 0.144982 0.127472 0.428415 0.147660 0.089087 0.118097 0.075012 0.153291 0.278082 0.131413 0.113162 0.048944 0.076235 0.127936 0.109007 0.198589 0.178338 0.690797 0.107022 0.048011 0.186423 0.059861 0.070612 -0.086002 0.008150 -0.025600 0.015100 0.012724 0.149717 0.043225 0.057489 0.114543 0.067997 0.082998 0.159229 -0.020563 0.078177 0.120423 -0.008900 0.067600 0.039731 0.229518 0.066025 0.100001 0.013624 0.186910 0.130856 0.116298 0.072936 0.048699 -0.004181 0.068856 
-0.096103 0.054440 -0.016060 0.009674 0.016420 1.000000 -0.012074 -0.070208 -0.022790 -0.015185 -0.023935 0.054398 -0.012513 0.322706 -0.022090 -0.097051 -0.007775 0.130501 -0.064120 0.036825 0.021499 0.049430 -0.057207 0.069951 -0.086815 0.642702 0.100886 0.214066 -0.090085 -0.011801 -0.090035 0.005481 0.019785 -0.036252 0.073391 0.032415 -0.095936 0.005328 0.608548 -0.065708 0.002771 -0.063904 -0.025459 -0.062957 0.147639 -0.075007 0.297016 -0.054792 -0.037572 -0.060334 0.063879 0.017902 -0.000248 -0.056961 -0.018603 -0.025440 -0.036948 -0.034313 0.470938 0.058711 0.036963 -0.023416 0.013822 -0.044909 0.009033 -0.006378 
0.273025 0.149173 0.183138 0.122110 0.667241 -0.012074 1.000000 0.235125 0.711620 0.166695 0.092642 0.160361 0.352466 0.051324 0.315877 0.085590 0.847400 0.163291 0.141126 0.143975 0.091480 0.180938 0.267064 0.147384 0.146952 0.007526 0.080048 0.107983 0.116602 0.298266 0.231530 0.515025 0.224586 0.160373 0.169144 0.049780 0.062609 0.039722 0.020190 0.156642 0.072278 0.183902 0.364513 0.039731 0.178399 0.232073 0.122020 0.206815 0.141860 0.117089 0.099439 0.158436 0.014287 0.093318 0.105553 0.259432 0.137385 0.223824 0.051949 0.094256 0.195540 0.190493 0.218833 0.093856 0.128846 0.220091 
0.468387 0.160365 0.160027 0.171301 0.180835 -0.070208 0.235125 1.000000 0.246932 0.320234 0.329432 0.139787 0.375277 0.144847 0.490250 0.219846 0.219471 0.142615 0.166176 0.158739 0.214922 0.159912 0.187660 0.191723 0.417690 0.001714 0.245458 0.142177 0.260836 0.287975 0.461832 0.167204 0.246541 0.246214 0.195480 0.104565 0.247679 -0.008713 -0.006109 0.125959 0.289137 0.090162 0.300246 0.203778 0.148682 0.294141 0.162479 0.087298 0.189134 0.153088 0.067400 0.054444 0.211305 0.304265 0.194514 0.146052 0.141358 0.256460 0.033819 0.057964 0.194816 0.197155 0.172515 0.173275 0.020644 0.229501 
0.356229 0.122884 0.132237 0.121183 0.282469 -0.022790 0.711620 0.246932 1.000000 0.245182 0.119241 0.130521 0.503429 0.057169 0.556106 0.079508 0.642358 0.126531 0.149144 0.173984 0.141430 0.141342 0.184952 0.088184 0.203037 -0.030242 0.094861 0.092960 0.140233 0.371406 0.224932 0.353437 0.278136 0.270803 0.151385 0.049419 0.119946 0.106992 0.015938 0.234758 0.099034 0.226766 0.310437 0.022905 0.182871 0.307679 0.102734 0.244120 0.122438 0.205262 0.115346 0.133921 0.129996 0.145703 0.193410 0.206151 0.185917 0.214023 0.032810 0.028710 0.167403 0.219430 0.259366 0.179456 0.145784 0.292877 
0.282403 0.179219 0.123890 0.289865 0.056716 -0.015185 0.166695 0.320234 0.245182 1.000000 0.238961 0.149334 0.515208 0.144797 0.307027 0.299390 0.201279 0.111001 0.172016 0.128480 0.404922 0.284027 0.333879 0.151382 0.758147 -0.097222 0.184761 0.109104 0.278837 0.237517 0.322868 0.118851 0.275832 0.423503 0.194811 0.055899 0.260890 0.130460 0.001685 0.358550 0.196739 0.313023 0.281500 0.146046 0.262406 0.316839 0.235524 0.235190 0.274022 0.364290 0.046635 0.178907 0.158684 0.222412 0.250111 0.197873 0.150772 0.276550 0.054531 0.052587 0.207712 0.243290 0.333977 0.284600 0.097711 0.379528 
0.053111 0.055130 0.064921 0.252323 0.109835 -0.023935 0.092642 0.329432 0.119241 0.238961 1.000000 0.129582 0.368505 0.087554 0.222863 0.039310 0.036362 0.009752 0.096739 -0.003440 0.454442 0.074531 0.014218 0.102497 0.367991 -0.011802 0.082371 0.039817 0.146069 0.013813 0.095476 0.037078 0.051077 0.134320 0.005016 -0.039827 0.179338 -0.052715 -0.065971 0.064200 0.210495 0.076647 0.152051 0.374697 0.110313 0.276092 0.127016 0.029031 -0.003365 0.053771 0.031500 0.050549 0.081898 0.333593 0.019802 -0.038579 -0.014890 0.175674 0.006973 -0.011382 -0.035203 0.090580 -0.025891 0.055980 -0.070137 0.024344 
0.136899 0.228081 0.124564 0.134570 0.309732 0.054398 0.160361 0.139787 0.130521 0.149334 0.129582 1.000000 0.086833 0.511576 0.142027 0.174654 0.099470 0.042676 0.252481 0.069771 0.070657 0.109021 0.175634 0.118163 0.118110 0.300305 0.090422 0.149749 0.092564 0.140382 0.155749 0.276388 0.116224 0.118761 0.280438 0.145114 0.108193 -0.043849 0.129930 0.020708 0.092262 0.040389 0.129520 0.140851 0.046399 0.138031 0.183543 0.107220 0.180081 0.049941 0.232042 0.065590 0.000516 0.122754 0.092894 0.178111 0.145069 0.145243 0.138194 0.106078 0.159098 0.082555 0.122150 0.102121 -0.042533 0.163207 
0.423414 0.161447 0.090406 0.383827 0.076575 -0.012513 0.352466 0.375277 0.503429 0.515208 0.368505 0.086833 1.000000 0.080870 0.606605 0.119658 0.393782 0.076652 0.145343 0.123311 0.569378 0.154573 0.123365 0.113040 0.421441 -0.026721 0.132085 0.148180 0.222351 0.293538 0.311707 0.090615 0.295250 0.463156 0.228118 0.049625 0.149709 0.101325 0.020384 0.277376 0.385786 0.296228 0.414798 0.101923 0.179358 0.403244 0.132436 0.186282 0.149524 0.235912 0.052651 0.122730 0.192237 0.214212 0.262400 0.148701 0.151022 0.355834 0.033783 0.063932 0.198314 0.356328 0.292092 0.310873 0.087578 0.360203 
0.058122 0.128822 0.125565 0.149429 0.062140 0.322706 0.051324 0.144847 0.057169 0.144797 0.087554 0.511576 0.080870 1.000000 0.121605 0.141323 0.069699 0.063218 0.100791 0.029881 0.084433 0.099384 0.058302 0.132039 0.124748 0.463458 0.066733 0.078134 0.093877 0.078982 0.061231 0.010933 0.101913 0.073921 0.181916 0.203553 0.099329 0.021262 0.358162 0.049181 0.126229 0.044860 0.119999 0.036941 0.257035 0.106213 0.646916 0.080908 0.110184 0.062380 0.175363 0.098435 0.030538 0.064853 0.103387 0.061989 0.117630 0.092384 0.528647 0.067888 0.098580 0.015995 0.079987 0.103996 0.004467 0.121777 
0.732931 0.176793 0.135900 0.198536 0.144982 -0.022090 0.315877 0.490250 0.556106 0.307027 0.222863 0.142027 0.606605 0.121605 1.000000 0.247372 0.396033 0.134886 0.263264 0.244595 0.228312 0.176296 0.215072 0.192449 0.301652 -0.053777 0.132897 0.187839 0.238124 0.580519 0.361331 0.170833 0.477030 0.385855 0.262330 0.111086 0.269938 0.114079 -0.022474 0.232689 0.222692 0.185608 0.348011 0.177984 0.192515 0.413454 0.147078 0.213830 0.167951 0.254610 0.043919 0.075477 0.180838 0.299453 0.333379 0.207312 0.215168 0.273770 -0.017543 0.143540 0.212470 0.284530 0.303836 0.314621 0.117006 0.409461 
0.350932 0.058653 0.161713 0.088105 0.127472 -0.097051 0.085590 0.219846 0.079508 0.299390 0.039310 0.174654 0.119658 0.141323 0.247372 1.000000 0.126210 0.109082 0.043474 0.092835 0.061606 0.362017 0.667775 0.360013 0.310483 0.016037 0.271353 0.050933 0.361376 0.297664 0.286992 0.092985 0.236825 0.209197 0.180024 0.236579 0.182171 0.114599 -0.007372 0.127644 0.061016 0.105747 0.203322 0.110745 0.128989 0.171457 0.156987 0.185749 0.482710 0.210056 0.062947 0.141602 0.095309 0.142048 0.219284 0.375320 0.234343 0.188478 0.023133 0.193512 0.246773 0.130604 0.148723 0.216485 0.104145 0.163439 
0.361000 0.146449 0.134700 0.096755 0.428415 -0.007775 0.847400 0.219471 0.642358 0.201279 0.036362 0.099470 0.393782 0.069699 0.396033 0.126210 1.000000 0.166990 0.216822 0.175749 0.067647 0.157293 0.273183 0.118364 0.168461 -0.030254 0.084008 0.162065 0.156502 0.388839 0.231298 0.376433 0.325503 0.197497 0.178508 0.033140 0.050715 0.096795 0.009388 0.237387 0.087121 0.247755 0.417955 0.054078 0.201129 0.268381 0.144488 0.240327 0.196087 0.212280 0.064300 0.155976 0.024198 0.100565 0.137988 0.304082 0.207626 0.251586 0.045931 0.127499 0.205600 0.250816 0.258311 0.077890 0.174698 0.279608 
0.225075 0.121481 0.119696 0.036451 0.147660 0.130501 0.163291 0.142615 0.126531 0.111001 0.009752 0.042676 0.076652 0.063218 0.134886 0.109082 0.166990 1.000000 0.140272 0.494537 0.043035 0.127448 0.127202 0.334045 0.135124 0.111357 0.131270 0.125367 0.127703 0.219111 0.175300 0.125117 0.232825 0.058953 0.286627 0.118827 0.034895 0.062489 0.135862 0.046703 0.083160 -0.000427 0.140763 -0.038651 0.167031 0.113743 0.160600 0.098576 0.141043 0.088737 0.174731 0.033373 0.069349 0.029146 0.105495 0.117719 0.137611 0.095653 0.181656 0.191916 0.275620 0.152276 0.035316 0.059062 0.031786 0.028886 
0.235543 0.162352 0.036579 0.115716 0.089087 -0.064120 0.141126 0.166176 0.149144 0.172016 0.096739 0.252481 0.145343 0.100791 0.263264 0.043474 0.216822 0.140272 1.000000 0.373209 0.082189 0.043510 0.087134 0.024063 0.188171 -0.023282 0.060112 0.150316 0.178968 0.249232 0.125712 0.105078 0.198786 0.090270 0.195676 0.056291 0.191503 0.012308 -0.113538 0.108454 0.087158 0.115813 0.176996 0.209160 0.098972 0.152410 0.115702 0.065505 0.073918 0.118162 0.077501 0.087122 0.002822 0.179876 0.030895 0.133191 0.065219 0.148429 -0.023320 0.118731 0.116471 0.100288 0.069090 0.045448 0.007204 0.113672 
0.354622 0.117741 0.067531 0.031493 0.118097 0.036825 0.143975 0.158739 0.173984 0.128480 -0.003440 0.069771 0.123311 0.029881 0.244595 0.092835 0.175749 0.494537 0.373209 1.000000 0.016984 0.103271 0.086769 0.101374 0.137699 -0.033267 0.050546 0.144789 0.109207 0.314295 0.150019 0.164916 0.252804 0.136283 0.190044 0.039792 0.088722 0.084992 0.020555 0.118682 0.090872 0.106626 0.125702 0.048854 0.126366 0.129749 0.121935 0.112319 0.089263 0.143619 0.115437 0.025800 0.130576 0.085328 0.149148 0.107239 0.189814 0.096138 0.013510 0.220065 0.222047 0.146340 0.095292 0.137792 0.059635 0.081524 
0.102317 0.139014 0.134518 0.857326 0.075012 0.021499 0.091480 0.214922 0.141430 0.404922 0.454442 0.070657 0.569378 0.084433 0.228312 0.061606 0.067647 0.043035 0.082189 0.016984 1.000000 0.013954 0.092464 0.064006 0.512544 0.011698 0.164082 0.102930 0.135473 0.038650 0.120168 0.026417 0.047389 0.278768 0.110578 0.041084 0.086474 0.020128 -0.000639 0.132599 0.416342 0.159833 0.169440 0.134029 0.107436 0.217059 0.119795 0.070966 0.092642 0.078924 0.032755 0.074170 0.096108 0.115705 0.060836 0.062615 0.002178 0.148274 0.015349 0.004732 0.036784 0.080477 0.095546 0.157287 -0.025543 0.117200 
0.214085 0.069112 0.112541 0.014042 0.153291 0.049430 0.180938 0.159912 0.141342 0.284027 0.074531 0.109021 0.154573 0.099384 0.176296 0.362017 0.157293 0.127448 0.043510 0.103271 0.013954 1.000000 0.290134 0.577017 0.206793 0.050635 0.239420 0.083807 0.207582 0.235810 0.266005 0.111376 0.333842 0.180809 0.129364 0.085235 0.142149 0.125067 0.066556 0.072567 0.083145 0.067111 0.162938 0.089334 0.142611 0.152509 0.096784 0.116526 0.235021 0.130858 0.012539 0.110445 0.097490 0.164742 0.347562 0.203226 0.347138 0.162416 0.091040 0.141682 0.179015 0.168654 0.113514 0.152922 0.141221 0.198854 
0.284115 0.181829 0.241477 0.119304 0.278082 -0.057207 0.267064 0.187660 0.184952 0.333879 0.014218 0.175634 0.123365 0.058302 0.215072 0.667775 0.273183 0.127202 0.087134 0.086769 0.092464 0.290134 1.000000 0.292884 0.235295 -0.010525 0.236967 0.102245 0.218682 0.263117 0.300913 0.218357 0.210514 0.250466 0.214480 0.206713 0.114793 0.218001 -0.030641 0.271265 0.060113 0.221025 0.141128 0.036198 0.213294 0.126877 0.151717 0.263517 0.550709 0.310856 0.128924 0.177399 0.082100 0.055041 0.128670 0.650771 0.204480 0.115094 0.033453 0.121840 0.218975 0.162582 0.237449 0.214885 0.203520 0.216893 
0.235113 0.134592 0.406573 0.047115 0.131413 0.069951 0.147384 0.191723 0.088184 0.151382 0.102497 0.118163 0.113040 0.132039 0.192449 0.360013 0.118364 0.334045 0.024063 0.101374 0.064006 0.577017 0.292884 1.000000 0.104525 0.102838 0.172607 0.111947 0.064197 0.234184 0.180730 0.081808 0.273447 0.137167 0.174583 0.069607 0.182558 0.092262 0.110548 0.069955 0.134018 0.041510 0.140487 0.109016 0.101703 0.159519 0.066370 0.137280 0.146182 0.117032 0.103726 0.090469 0.069681 0.184714 0.243004 0.095577 0.243198 0.132110 0.086946 0.140975 0.200916 0.062079 0.089049 0.136798 0.113492 0.140216 
0.246786 0.151148 0.094307 0.407630 0.113162 -0.086815 0.146952 0.417690 0.203037 0.758147 0.367991 0.118110 0.421441 0.124748 0.301652 0.310483 0.168461 0.135124 0.188171 0.137699 0.512544 0.206793 0.235295 0.104525 1.000000 -0.102714 0.233789 0.076687 0.473565 0.164378 0.313881 0.094220 0.192123 0.321555 0.187908 0.053550 0.263574 0.054816 -0.067629 0.235913 0.266458 0.214112 0.281230 0.242654 0.190217 0.365307 0.207973 0.172844 0.231291 0.225058 0.008666 0.149770 0.097033 0.306395 0.194661 0.178856 0.146313 0.257230 0.013385 0.055924 0.159059 0.157408 0.176120 0.184638 0.026088 0.197002 
-0.083979 0.072746 0.024522 0.031491 0.048944 0.642702 0.007526 0.001714 -0.030242 -0.097222 -0.011802 0.300305 -0.026721 0.463458 -0.053777 0.016037 -0.030254 0.111357 -0.023282 -0.033267 0.011698 0.050635 -0.010525 0.102838 -0.102714 1.000000 0.083705 0.181827 -0.102633 -0.038182 -0.061212 -0.035101 -0.023896 -0.040508 0.050512 0.144652 -0.055577 -0.003486 0.545883 -0.036893 0.058092 -0.046506 0.014789 -0.026270 0.067740 -0.040351 0.255447 -0.030463 0.022885 -0.041720 0.242366 0.022166 0.005256 -0.026880 -0.019705 -0.001071 -0.007408 -0.004190 0.553818 0.021890 -0.009568 -0.024628 0.020165 0.022394 -0.007063 0.006133 
0.215250 0.351243 0.138864 0.166203 0.076235 0.100886 0.080048 0.245458 0.094861 0.184761 0.082371 0.090422 0.132085 0.066733 0.132897 0.271353 0.084008 0.131270 0.060112 0.050546 0.164082 0.239420 0.236967 0.172607 0.233789 0.083705 1.000000 0.376374 0.322626 0.154650 0.313952 0.041205 0.167078 0.137774 0.186854 0.120524 0.016383 0.129538 0.148157 0.047773 0.126608 0.028753 0.197952 0.037213 0.159479 0.027151 0.143644 0.074372 0.243060 0.102217 0.153472 0.065322 0.174735 0.049641 0.205711 0.213831 0.194421 0.188570 0.063346 0.097913 0.174428 0.127349 0.067293 0.143717 0.087854 0.097003 
0.206754 0.794131 0.070854 0.151369 0.127936 0.214066 0.107983 0.142177 0.092960 0.109104 0.039817 0.149749 0.148180 0.078134 0.187839 0.050933 0.162065 0.125367 0.150316 0.144789 0.102930 0.083807 0.102245 0.111947 0.076687 0.181827 0.376374 1.000000 0.094114 0.197444 0.115038 0.161363 0.169976 0.077646 0.477671 0.009236 0.107098 0.066749 0.143159 0.078017 0.167045 0.048691 0.212249 0.082594 0.125248 0.095969 0.119346 0.101278 0.184947 0.130137 0.123772 0.158860 0.110415 0.121651 0.080758 0.107904 0.109296 0.260902 0.008915 0.145058 0.375621 0.189344 0.115227 0.111569 0.086519 0.114835 
0.247490 0.117253 0.092417 0.136186 0.109007 -0.090085 0.116602 0.260836 0.140233 0.278837 0.146069 0.092564 0.222351 0.093877 0.238124 0.361376 0.156502 0.127703 0.178968 0.109207 0.135473 0.207582 0.218682 0.064197 0.473565 -0.102633 0.322626 0.094114 1.000000 0.208194 0.268595 0.062442 0.218883 0.191140 0.137483 0.052913 0.191629 0.059260 -0.101962 0.103592 0.131337 0.101557 0.245293 0.144465 0.069810 0.224684 0.118116 0.079412 0.271520 0.151738 0.040086 0.066476 0.117812 0.232839 0.209825 0.247889 0.194343 0.219152 -0.043148 0.131250 0.124690 0.216314 0.125427 0.185714 0.051160 0.168471 
0.677782 0.180783 0.118866 0.126503 0.198589 -0.011801 0.298266 0.287975 0.371406 0.237517 0.013813 0.140382 0.293538 0.078982 0.580519 0.297664 0.388839 0.219111 0.249232 0.314295 0.038650 0.235810 0.263117 0.234184 0.164378 -0.038182 0.154650 0.197444 0.208194 1.000000 0.414199 0.370398 0.883049 0.222900 0.246727 0.100160 0.220911 0.132716 0.026234 0.198846 0.050707 0.136819 0.354618 0.095120 0.112112 0.217768 0.108154 0.202056 0.200411 0.263986 0.149050 0.059469 0.166944 0.143509 0.275949 0.246488 0.268163 0.226800 -0.033824 0.257190 0.224327 0.271317 0.278967 0.214325 0.140955 0.395902 
0.662916 0.118188 0.222551 0.146655 0.178338 -0.090035 0.231530 0.461832 0.224932 0.322868 0.095476 0.155749 0.311707 0.061231 0.361331 0.286992 0.231298 0.175300 0.125712 0.150019 0.120168 0.266005 0.300913 0.180730 0.313881 -0.061212 0.313952 0.115038 0.268595 0.414199 1.000000 0.175619 0.415266 0.238747 0.229419 0.154377 0.182720 0.054009 0.018726 0.159933 0.161381 0.123053 0.332132 0.087180 0.119259 0.230809 0.101102 0.174476 0.243793 0.208020 0.164038 0.062402 0.151282 0.140199 0.317724 0.246364 0.211020 0.285009 0.010764 0.094463 0.242433 0.320597 0.203100 0.208822 0.057023 0.258617 
0.202972 0.190166 0.155766 0.088059 0.690797 0.005481 0.515025 0.167204 0.353437 0.118851 0.037078 0.276388 0.090615 0.010933 0.170833 0.092985 0.376433 0.125117 0.105078 0.164916 0.026417 0.111376 0.218357 0.081808 0.094220 -0.035101 0.041205 0.161363 0.062442 0.370398 0.175619 1.000000 0.235896 0.127980 0.177929 0.043298 0.097550 -0.049564 0.001468 0.051909 0.006935 0.084182 0.146727 0.035949 0.049460 0.102007 0.015310 0.149554 0.129749 0.092112 0.045262 0.090550 0.091743 0.059002 0.101867 0.181679 0.079414 0.114867 -0.056606 0.176904 0.119533 0.125088 0.159638 0.065700 0.019545 0.185444 
0.579985 0.159343 0.111780 0.114495 0.107022 0.019785 0.224586 0.246541 0.278136 0.275832 0.051077 0.116224 0.295250 0.101913 0.477030 0.236825 0.325503 0.232825 0.198786 0.252804 0.047389 0.333842 0.210514 0.273447 0.192123 -0.023896 0.167078 0.169976 0.218883 0.883049 0.415266 0.235896 1.000000 0.203722 0.219518 0.046760 0.185436 0.122475 0.086232 0.212589 0.045881 0.145913 0.352206 0.052253 0.129046 0.198410 0.121106 0.161428 0.192261 0.282789 0.149310 0.066175 0.189824 0.109090 0.304458 0.235953 0.281735 0.206018 0.023846 0.234139 0.214486 0.296987 0.277135 0.221273 0.107671 0.419274 
0.340938 0.111132 0.079673 0.210500 0.048011 -0.036252 0.160373 0.246214 0.270803 0.423503 0.134320 0.118761 0.463156 0.073921 0.385855 0.209197 0.197497 0.058953 0.090270 0.136283 0.278768 0.180809 0.250466 0.137167 0.321555 -0.040508 0.137774 0.077646 0.191140 0.222900 0.238747 0.127980 0.203722 1.000000 0.099485 0.059451 0.155497 0.089940 0.006662 0.312633 0.373248 0.423094 0.130808 0.098611 0.200407 0.265939 0.130802 0.388462 0.287800 0.359494 0.014709 0.185101 0.238633 0.150068 0.193718 0.217516 0.192673 0.193004 0.025828 0.082503 0.123016 0.192942 0.529757 0.484688 0.096263 0.487781 
0.300839 0.577543 0.139090 0.177319 0.186423 0.073391 0.169144 0.195480 0.151385 0.194811 0.005016 0.280438 0.228118 0.181916 0.262330 0.180024 0.178508 0.286627 0.195676 0.190044 0.110578 0.129364 0.214480 0.174583 0.187908 0.050512 0.186854 0.477671 0.137483 0.246727 0.229419 0.177929 0.219518 0.099485 1.000000 0.184376 0.129711 0.034841 0.037002 0.038610 0.100839 0.004205 0.211783 0.044690 0.185976 0.169730 0.189244 0.076372 0.254677 0.068807 0.062712 0.156134 0.064566 0.093078 0.138924 0.184090 0.095702 0.156932 0.020960 0.344722 0.776307 0.234576 0.090863 0.147276 0.071365 0.151505 
0.152629 0.021851 0.219822 0.092451 0.059861 0.032415 0.049780 0.104565 0.049419 0.055899 -0.039827 0.145114 0.049625 0.203553 0.111086 0.236579 0.033140 0.118827 0.056291 0.039792 0.041084 0.085235 0.206713 0.069607 0.053550 0.144652 0.120524 0.009236 0.052913 0.100160 0.154377 0.043298 0.046760 0.059451 0.184376 1.000000 0.130260 0.053951 0.053676 0.000624 0.059658 -0.001870 0.060480 0.057522 0.167104 0.053433 0.175253 0.101893 0.173752 0.008538 0.138930 -0.006764 0.036792 0.066912 0.095505 0.190895 0.229712 0.025289 0.152875 0.112877 0.158737 0.176189 0.074770 0.101914 0.117020 0.084562 
0.230937 0.131959 0.127160 0.132401 0.070612 -0.095936 0.062609 0.247679 0.119946 0.260890 0.179338 0.108193 0.149709 0.099329 0.269938 0.182171 0.050715 0.034895 0.191503 0.088722 0.086474 0.142149 0.114793 0.182558 0.263574 -0.055577 0.016383 0.107098 0.191629 0.220911 0.182720 0.097550 0.185436 0.155497 0.129711 0.130260 1.000000 0.141278 -0.027734 0.206229 0.218347 0.157998 0.310332 0.400431 0.163557 0.448112 0.123731 0.165761 0.079783 0.197669 -0.003517 0.161163 0.119444 0.741425 0.170475 0.050195 0.100976 0.394939 0.071299 0.086587 0.113481 0.075748 0.174133 0.131083 0.078480 0.203629 
0.099514 0.066019 0.010411 0.000457 -0.086002 0.005328 0.039722 -0.008713 0.106992 0.130460 -0.052715 -0.043849 0.101325 0.021262 0.114079 0.114599 0.096795 0.062489 0.012308 0.084992 0.020128 0.125067 0.218001 0.092262 0.054816 -0.003486 0.129538 0.066749 0.059260 0.132716 0.054009 -0.049564 0.122475 0.089940 0.034841 0.053951 0.141278 1.000000 0.004526 0.463772 0.067013 0.299213 0.117950 0.010709 0.203568 0.145495 0.125195 0.362327 0.160782 0.484902 0.037511 0.110874 0.099495 0.086748 0.158062 0.248622 0.280966 0.072165 0.079839 0.101579 0.060938 0.032375 0.236134 0.096921 0.709094 0.147404 
-0.012862 0.007205 0.039354 0.017086 0.008150 0.608548 0.020190 -0.006109 0.015938 0.001685 -0.065971 0.129930 0.020384 0.358162 -0.022474 -0.007372 0.009388 0.135862 -0.113538 0.020555 -0.000639 0.066556 -0.030641 0.110548 -0.067629 0.545883 0.148157 0.143159 -0.101962 0.026234 0.018726 0.001468 0.086232 0.006662 0.037002 0.053676 -0.027734 0.004526 1.000000 0.002269 0.075595 -0.023690 0.080943 -0.051882 0.129954 -0.023965 0.223043 0.035683 0.021019 0.015544 0.171111 0.085654 0.047733 -0.049135 0.076863 0.047899 0.084382 0.023953 0.535246 0.105739 0.003046 -0.043481 0.065885 0.013920 -0.014232 0.073775 
0.192726 0.091515 0.063557 0.100608 -0.025600 -0.065708 0.156642 0.125959 0.234758 0.358550 0.064200 0.020708 0.277376 0.049181 0.232689 0.127644 0.237387 0.046703 0.108454 0.118682 0.132599 0.072567 0.271265 0.069955 0.235913 -0.036893 0.047773 0.078017 0.103592 0.198846 0.159933 0.051909 0.212589 0.312633 0.038610 0.000624 0.206229 0.463772 0.002269 1.000000 0.131677 0.832138 0.158328 0.078866 0.153123 0.390189 0.141279 0.547950 0.225754 0.907462 0.031723 0.200407 0.113789 0.161301 0.086512 0.221633 0.157427 0.147830 0.035681 0.055108 0.069138 0.136028 0.394670 0.086545 0.339912 0.295841 
0.160845 0.127929 0.073994 0.297550 0.015100 0.002771 0.072278 0.289137 0.099034 0.196739 0.210495 0.092262 0.385786 0.126229 0.222692 0.061016 0.087121 0.083160 0.087158 0.090872 0.416342 0.083145 0.060113 0.134018 0.266458 0.058092 0.126608 0.167045 0.131337 0.050707 0.161381 0.006935 0.045881 0.373248 0.100839 0.059658 0.218347 0.067013 0.075595 0.131677 1.000000 0.189324 0.225816 0.224588 0.063497 0.265058 0.118918 0.192299 0.094758 0.113236 0.058286 0.113142 0.146278 0.261703 0.152908 0.057635 0.126421 0.297221 0.074926 0.052988 0.046570 0.135596 0.114786 0.121769 0.056000 0.103486 
0.155670 0.075799 0.070211 0.131132 0.012724 -0.063904 0.183902 0.090162 0.226766 0.313023 0.076647 0.040389 0.296228 0.044860 0.185608 0.105747 0.247755 -0.000427 0.115813 0.106626 0.159833 0.067111 0.221025 0.041510 0.214112 -0.046506 0.028753 0.048691 0.101557 0.136819 0.123053 0.084182 0.145913 0.423094 0.004205 -0.001870 0.157998 0.299213 -0.023690 0.832138 0.189324 1.000000 0.136501 0.066576 0.134653 0.295357 0.129419 0.619586 0.223620 0.707145 0.004090 0.188936 0.106511 0.099894 0.093753 0.206060 0.158892 0.181198 0.027826 0.069775 0.046859 0.170415 0.452024 0.102536 0.283698 0.339148 
0.399327 0.197245 0.115159 0.162527 0.149717 -0.025459 0.364513 0.300246 0.310437 0.281500 0.152051 0.129520 0.414798 0.119999 0.348011 0.203322 0.417955 0.140763 0.176996 0.125702 0.169440 0.162938 0.141128 0.140487 0.281230 0.014789 0.197952 0.212249 0.245293 0.354618 0.332132 0.146727 0.352206 0.130808 0.211783 0.060480 0.310332 0.117950 0.080943 0.158328 0.225816 0.136501 1.000000 0.154955 0.191663 0.332116 0.197277 0.131185 0.217176 0.169519 0.099717 0.109486 0.121613 0.291498 0.198797 0.255921 0.243160 0.768353 0.092341 0.100581 0.208808 0.381903 0.158196 0.155211 0.061909 0.252331 
0.117027 0.055988 0.066919 0.105204 0.043225 -0.062957 0.039731 0.203778 0.022905 0.146046 0.374697 0.140851 0.101923 0.036941 0.177984 0.110745 0.054078 -0.038651 0.209160 0.048854 0.134029 0.089334 0.036198 0.109016 0.242654 -0.026270 0.037213 0.082594 0.144465 0.095120 0.087180 0.035949 0.052253 0.098611 0.044690 0.057522 0.400431 0.010709 -0.051882 0.078866 0.224588 0.066576 0.154955 1.000000 0.066782 0.321344 0.040130 0.041250 0.090511 0.059976 -0.057151 0.040031 0.016319 0.698627 0.014240 0.005300 0.063175 0.203858 -0.027425 0.059701 0.021535 0.082688 0.066190 0.029118 0.083527 0.065363 
0.176361 0.226999 0.103167 0.124602 0.057489 0.147639 0.178399 0.148682 0.182871 0.262406 0.110313 0.046399 0.179358 0.257035 0.192515 0.128989 0.201129 0.167031 0.098972 0.126366 0.107436 0.142611 0.213294 0.101703 0.190217 0.067740 0.159479 0.125248 0.069810 0.112112 0.119259 0.049460 0.129046 0.200407 0.185976 0.167104 0.163557 0.203568 0.129954 0.153123 0.063497 0.134653 0.191663 0.066782 1.000000 0.213013 0.721473 0.177586 0.095579 0.180657 0.030980 0.297351 0.137781 0.141614 0.144128 0.137524 0.112140 0.180914 0.565881 0.112920 0.210074 0.133611 0.201282 0.133556 0.288347 0.206607 
0.308509 0.117247 0.091819 0.163050 0.114543 -0.075007 0.232073 0.294141 0.307679 0.316839 0.276092 0.138031 0.403244 0.106213 0.413454 0.171457 0.268381 0.113743 0.152410 0.129749 0.217059 0.152509 0.126877 0.159519 0.365307 -0.040351 0.027151 0.095969 0.224684 0.217768 0.230809 0.102007 0.198410 0.265939 0.169730 0.053433 0.448112 0.145495 -0.023965 0.390189 0.265058 0.295357 0.332116 0.321344 0.213013 1.000000 0.181338 0.282080 0.123359 0.326890 0.000718 0.155555 0.085269 0.608483 0.141172 0.080552 0.115608 0.223241 0.055583 0.062492 0.141696 0.171578 0.279139 0.149183 0.144452 0.306119 
0.121807 0.189108 0.065594 0.155431 0.067997 0.297016 0.122020 0.162479 0.102734 0.235524 0.127016 0.183543 0.132436 0.646916 0.147078 0.156987 0.144488 0.160600 0.115702 0.121935 0.119795 0.096784 0.151717 0.066370 0.207973 0.255447 0.143644 0.119346 0.118116 0.108154 0.101102 0.015310 0.121106 0.130802 0.189244 0.175253 0.123731 0.125195 0.223043 0.141279 0.118918 0.129419 0.197277 0.040130 0.721473 0.181338 1.000000 0.184105 0.109180 0.156555 0.057068 0.209150 0.036117 0.073249 0.165615 0.124224 0.127354 0.161392 0.627242 0.096024 0.141852 0.101173 0.136972 0.084666 0.128459 0.160268 
0.204508 0.125294 0.138435 0.090894 0.082998 -0.054792 0.206815 0.087298 0.244120 0.235190 0.029031 0.107220 0.186282 0.080908 0.213830 0.185749 0.240327 0.098576 0.065505 0.112319 0.070966 0.116526 0.263517 0.137280 0.172844 -0.030463 0.074372 0.101278 0.079412 0.202056 0.174476 0.149554 0.161428 0.388462 0.076372 0.101893 0.165761 0.362327 0.035683 0.547950 0.192299 0.619586 0.131185 0.041250 0.177586 0.282080 0.184105 1.000000 0.229107 0.519731 0.037719 0.335112 0.149623 0.083437 0.145265 0.218333 0.185425 0.123678 0.061683 0.158326 0.126817 0.100714 0.686394 0.174393 0.378055 0.480181 
0.215786 0.171148 0.122934 0.111886 0.159229 -0.037572 0.141860 0.189134 0.122438 0.274022 -0.003365 0.180081 0.149524 0.110184 0.167951 0.482710 0.196087 0.141043 0.073918 0.089263 0.092642 0.235021 0.550709 0.146182 0.231291 0.022885 0.243060 0.184947 0.271520 0.200411 0.243793 0.129749 0.192261 0.287800 0.254677 0.173752 0.079783 0.160782 0.021019 0.225754 0.094758 0.223620 0.217176 0.090511 0.095579 0.123359 0.109180 0.229107 1.000000 0.279924 0.106714 0.153219 0.052959 0.069053 0.247971 0.766641 0.472375 0.203668 -0.000067 0.122164 0.332753 0.281710 0.245891 0.261667 0.112008 0.198897 
0.260417 0.115351 0.078635 0.066636 -0.020563 -0.060334 0.117089 0.153088 0.205262 0.364290 0.053771 0.049941 0.235912 0.062380 0.254610 0.210056 0.212280 0.088737 0.118162 0.143619 0.078924 0.130858 0.310856 0.117032 0.225058 -0.041720 0.102217 0.130137 0.151738 0.263986 0.208020 0.092112 0.282789 0.359494 0.068807 0.008538 0.197669 0.484902 0.015544 0.907462 0.113236 0.707145 0.169519 0.059976 0.180657 0.326890 0.156555 0.519731 0.279924 1.000000 0.009085 0.257103 0.151948 0.140458 0.153080 0.265209 0.209770 0.161571 0.030890 0.124865 0.121247 0.142818 0.375940 0.117829 0.318034 0.294589 
0.095791 0.117384 0.210422 0.045730 0.078177 0.063879 0.099439 0.067400 0.115346 0.046635 0.031500 0.232042 0.052651 0.175363 0.043919 0.062947 0.064300 0.174731 0.077501 0.115437 0.032755 0.012539 0.128924 0.103726 0.008666 0.242366 0.153472 0.123772 0.040086 0.149050 0.164038 0.045262 0.149310 0.014709 0.062712 0.138930 -0.003517 0.037511 0.171111 0.031723 0.058286 0.004090 0.099717 -0.057151 0.030980 0.000718 0.057068 0.037719 0.106714 0.009085 1.000000 0.029585 0.379451 -0.025298 0.106176 0.118154 0.192094 0.083130 0.057873 -0.003953 0.084302 0.019219 0.066317 0.132730 0.022799 0.093560 
0.027237 0.230987 0.206445 0.092601 0.120423 0.017902 0.158436 0.054444 0.133921 0.178907 0.050549 0.065590 0.122730 0.098435 0.075477 0.141602 0.155976 0.033373 0.087122 0.025800 0.074170 0.110445 0.177399 0.090469 0.149770 0.022166 0.065322 0.158860 0.066476 0.059469 0.062402 0.090550 0.066175 0.185101 0.156134 -0.006764 0.161163 0.110874 0.085654 0.200407 0.113142 0.188936 0.109486 0.040031 0.297351 0.155555 0.209150 0.335112 0.153219 0.257103 0.029585 1.000000 0.244124 0.107637 0.028418 0.129037 0.031589 0.117887 0.164897 0.110063 0.209793 0.082225 0.258928 0.109932 0.036345 0.168449 
0.164796 0.134758 0.158123 0.062386 -0.008900 -0.000248 0.014287 0.211305 0.129996 0.158684 0.081898 0.000516 0.192237 0.030538 0.180838 0.095309 0.024198 0.069349 0.002822 0.130576 0.096108 0.097490 0.082100 0.069681 0.097033 0.005256 0.174735 0.110415 0.117812 0.166944 0.151282 0.091743 0.189824 0.238633 0.064566 0.036792 0.119444 0.099495 0.047733 0.113789 0.146278 0.106511 0.121613 0.016319 0.137781 0.085269 0.036117 0.149623 0.052959 0.151948 0.379451 0.244124 1.000000 0.076301 0.114038 0.034894 0.076610 0.116648 -0.007916 0.088849 0.158565 0.083650 0.269592 0.230830 0.085207 0.276967 
0.211374 0.111547 0.105800 0.092178 0.067600 -0.056961 0.093318 0.304265 0.145703 0.222412 0.333593 0.122754 0.214212 0.064853 0.299453 0.142048 0.100565 0.029146 0.179876 0.085328 0.115705 0.164742 0.055041 0.184714 0.306395 -0.026880 0.049641 0.121651 0.232839 0.143509 0.140199 0.059002 0.109090 0.150068 0.093078 0.066912 0.741425 0.086748 -0.049135 0.161301 0.261703 0.099894 0.291498 0.698627 0.141614 0.608483 0.073249 0.083437 0.069053 0.140458 -0.025298 0.107637 0.076301 1.000000 0.115313 0.028806 0.107178 0.313255 0.030458 0.061877 0.070902 0.113194 0.140549 0.082409 0.073108 0.156511 
0.324188 0.080125 0.151475 0.049483 0.039731 -0.018603 0.105553 0.194514 0.193410 0.250111 0.019802 0.092894 0.262400 0.103387 0.333379 0.219284 0.137988 0.105495 0.030895 0.149148 0.060836 0.347562 0.128670 0.243004 0.194661 -0.019705 0.205711 0.080758 0.209825 0.275949 0.317724 0.101867 0.304458 0.193718 0.138924 0.095505 0.170475 0.158062 0.076863 0.086512 0.152908 0.093753 0.198797 0.014240 0.144128 0.141172 0.165615 0.145265 0.247971 0.153080 0.106176 0.028418 0.114038 0.115313 1.000000 0.251947 0.622886 0.182797 0.051391 0.160484 0.165774 0.261375 0.209818 0.251010 0.072991 0.377358 
0.247300 0.121514 0.090567 0.129904 0.229518 -0.025440 0.259432 0.146052 0.206151 0.197873 -0.038579 0.178111 0.148701 0.061989 0.207312 0.375320 0.304082 0.117719 0.133191 0.107239 0.062615 0.203226 0.650771 0.095577 0.178856 -0.001071 0.213831 0.107904 0.247889 0.246488 0.246364 0.181679 0.235953 0.217516 0.184090 0.190895 0.050195 0.248622 0.047899 0.221633 0.057635 0.206060 0.255921 0.005300 0.137524 0.080552 0.124224 0.218333 0.766641 0.265209 0.118154 0.129037 0.034894 0.028806 0.251947 1.000000 0.508792 0.154418 0.034830 0.104688 0.166979 0.225762 0.195693 0.186788 0.157556 0.148244 
0.271518 0.075048 0.148292 0.001156 0.066025 -0.036948 0.137385 0.141358 0.185917 0.150772 -0.014890 0.145069 0.151022 0.117630 0.215168 0.234343 0.207626 0.137611 0.065219 0.189814 0.002178 0.347138 0.204480 0.243198 0.146313 -0.007408 0.194421 0.109296 0.194343 0.268163 0.211020 0.079414 0.281735 0.192673 0.095702 0.229712 0.100976 0.280966 0.084382 0.157427 0.126421 0.158892 0.243160 0.063175 0.112140 0.115608 0.127354 0.185425 0.472375 0.209770 0.192094 0.031589 0.076610 0.107178 0.622886 0.508792 1.000000 0.196264 0.034310 0.174924 0.141113 0.217205 0.145071 0.125355 0.196890 0.233456 
0.286144 0.207008 0.092580 0.108556 0.100001 -0.034313 0.223824 0.256460 0.214023 0.276550 0.175674 0.145243 0.355834 0.092384 0.273770 0.188478 0.251586 0.095653 0.148429 0.096138 0.148274 0.162416 0.115094 0.132110 0.257230 -0.004190 0.188570 0.260902 0.219152 0.226800 0.285009 0.114867 0.206018 0.193004 0.156932 0.025289 0.394939 0.072165 0.023953 0.147830 0.297221 0.181198 0.768353 0.203858 0.180914 0.223241 0.161392 0.123678 0.203668 0.161571 0.083130 0.117887 0.116648 0.313255 0.182797 0.154418 0.196264 1.000000 0.065046 0.078066 0.192139 0.446964 0.138930 0.132937 0.047473 0.185396 
-0.035282 0.007312 0.065816 0.071352 0.013624 0.470938 0.051949 0.033819 0.032810 0.054531 0.006973 0.138194 0.033783 0.528647 -0.017543 0.023133 0.045931 0.181656 -0.023320 0.013510 0.015349 0.091040 0.033453 0.086946 0.013385 0.553818 0.063346 0.008915 -0.043148 -0.033824 0.010764 -0.056606 0.023846 0.025828 0.020960 0.152875 0.071299 0.079839 0.535246 0.035681 0.074926 0.027826 0.092341 -0.027425 0.565881 0.055583 0.627242 0.061683 -0.000067 0.030890 0.057873 0.164897 -0.007916 0.030458 0.051391 0.034830 0.034310 0.065046 1.000000 0.015166 -0.013547 0.005827 0.096428 0.027375 0.066707 0.093431 
0.188735 0.164183 0.153590 0.060404 0.186910 0.058711 0.094256 0.057964 0.028710 0.052587 -0.011382 0.106078 0.063932 0.067888 0.143540 0.193512 0.127499 0.191916 0.118731 0.220065 0.004732 0.141682 0.121840 0.140975 0.055924 0.021890 0.097913 0.145058 0.131250 0.257190 0.094463 0.176904 0.234139 0.082503 0.344722 0.112877 0.086587 0.101579 0.105739 0.055108 0.052988 0.069775 0.100581 0.059701 0.112920 0.062492 0.096024 0.158326 0.122164 0.124865 -0.003953 0.110063 0.088849 0.061877 0.160484 0.104688 0.174924 0.078066 0.015166 1.000000 0.369510 0.186926 0.077383 0.121773 0.137058 0.090439 
0.275522 0.378584 0.180481 0.080179 0.130856 0.036963 0.195540 0.194816 0.167403 0.207712 -0.035203 0.159098 0.198314 0.098580 0.212470 0.246773 0.205600 0.275620 0.116471 0.222047 0.036784 0.179015 0.218975 0.200916 0.159059 -0.009568 0.174428 0.375621 0.124690 0.224327 0.242433 0.119533 0.214486 0.123016 0.776307 0.158737 0.113481 0.060938 0.003046 0.069138 0.046570 0.046859 0.208808 0.021535 0.210074 0.141696 0.141852 0.126817 0.332753 0.121247 0.084302 0.209793 0.158565 0.070902 0.165774 0.166979 0.141113 0.192139 -0.013547 0.369510 1.000000 0.267782 0.128421 0.147412 0.091741 0.137670 
0.319174 0.197814 0.116797 0.089781 0.116298 -0.023416 0.190493 0.197155 0.219430 0.243290 0.090580 0.082555 0.356328 0.015995 0.284530 0.130604 0.250816 0.152276 0.100288 0.146340 0.080477 0.168654 0.162582 0.062079 0.157408 -0.024628 0.127349 0.189344 0.216314 0.271317 0.320597 0.125088 0.296987 0.192942 0.234576 0.176189 0.075748 0.032375 -0.043481 0.136028 0.135596 0.170415 0.381903 0.082688 0.133611 0.171578 0.101173 0.100714 0.281710 0.142818 0.019219 0.082225 0.083650 0.113194 0.261375 0.225762 0.217205 0.446964 0.005827 0.186926 0.267782 1.000000 0.176666 0.162987 0.054057 0.213510 
0.284410 0.150620 0.161779 0.108656 0.072936 0.013822 0.218833 0.172515 0.259366 0.333977 -0.025891 0.122150 0.292092 0.079987 0.303836 0.148723 0.258311 0.035316 0.069090 0.095292 0.095546 0.113514 0.237449 0.089049 0.176120 0.020165 0.067293 0.115227 0.125427 0.278967 0.203100 0.159638 0.277135 0.529757 0.090863 0.074770 0.174133 0.236134 0.065885 0.394670 0.114786 0.452024 0.158196 0.066190 0.201282 0.279139 0.136972 0.686394 0.245891 0.375940 0.066317 0.258928 0.269592 0.140549 0.209818 0.195693 0.145071 0.138930 0.096428 0.077383 0.128421 0.176666 1.000000 0.428850 0.284450 0.869506 
0.325317 0.200562 0.187074 0.150331 0.048699 -0.044909 0.093856 0.173275 0.179456 0.284600 0.055980 0.102121 0.310873 0.103996 0.314621 0.216485 0.077890 0.059062 0.045448 0.137792 0.157287 0.152922 0.214885 0.136798 0.184638 0.022394 0.143717 0.111569 0.185714 0.214325 0.208822 0.065700 0.221273 0.484688 0.147276 0.101914 0.131083 0.096921 0.013920 0.086545 0.121769 0.102536 0.155211 0.029118 0.133556 0.149183 0.084666 0.174393 0.261667 0.117829 0.132730 0.109932 0.230830 0.082409 0.251010 0.186788 0.125355 0.132937 0.027375 0.121773 0.147412 0.162987 0.428850 1.000000 0.062298 0.454989 
0.111660 0.072216 -0.024773 -0.015423 -0.004181 0.009033 0.128846 0.020644 0.145784 0.097711 -0.070137 -0.042533 0.087578 0.004467 0.117006 0.104145 0.174698 0.031786 0.007204 0.059635 -0.025543 0.141221 0.203520 0.113492 0.026088 -0.007063 0.087854 0.086519 0.051160 0.140955 0.057023 0.019545 0.107671 0.096263 0.071365 0.117020 0.078480 0.709094 -0.014232 0.339912 0.056000 0.283698 0.061909 0.083527 0.288347 0.144452 0.128459 0.378055 0.112008 0.318034 0.022799 0.036345 0.085207 0.073108 0.072991 0.157556 0.196890 0.047473 0.066707 0.137058 0.091741 0.054057 0.284450 0.062298 1.000000 0.176088 
0.368868 0.172963 0.194144 0.120563 0.068856 -0.006378 0.220091 0.229501 0.292877 0.379528 0.024344 0.163207 0.360203 0.121777 0.409461 0.163439 0.279608 0.028886 0.113672 0.081524 0.117200 0.198854 0.216893 0.140216 0.197002 0.006133 0.097003 0.114835 0.168471 0.395902 0.258617 0.185444 0.419274 0.487781 0.151505 0.084562 0.203629 0.147404 0.073775 0.295841 0.103486 0.339148 0.252331 0.065363 0.206607 0.306119 0.160268 0.480181 0.198897 0.294589 0.093560 0.168449 0.276967 0.156511 0.377358 0.148244 0.233456 0.185396 0.093431 0.090439 0.137670 0.213510 0.869506 0.454989 0.176088 1.000000 
