0.000000000000000000e+00 1.802345747209126159e-02 6.204796834654368459e-03 2.013026219441696810e-02 2.550004496229590217e-02 1.681589866783140402e-02 6.436031499299873192e-03 3.224438934778978225e-03 1.605796282260447266e-03 2.940534152075331004e-02 7.463741119946559061e-03 1.682874503808948772e-03 9.030998291432754815e-03 1.220405174517939957e-03 5.870791207944195053e-03 1.840884857983376630e-02 2.402271238261629270e-03 2.154336292280616127e-02 2.131212825816065567e-02 1.722698251609007872e-02 1.869146872551160840e-02 6.076333132073532400e-03 3.395295659211489819e-02 9.493467620723764280e-03 2.146628470125765825e-02 1.734259984841283108e-03 8.722685405238749662e-03 1.370707706537517903e-02 3.995221150263993277e-03 9.159461994013590874e-03 9.262232956078260415e-03 1.573680356615238252e-02 3.635522783037652920e-03 9.005305550916588297e-03 1.283352388782549487e-02 2.479349459810130558e-03 1.165165782408180556e-02 1.797207199105892508e-02 2.092673715041815097e-02 7.283891936333389099e-03 1.530002697737754130e-02 1.378415528692368032e-02 1.794637925054275857e-02 1.044409901982194973e-02 4.894467068329843087e-03 3.698469997302262363e-02 3.018897010649640878e-03 1.657181763292781603e-03 2.660483280449109020e-02 1.154888686201713775e-02 8.607068072915997079e-04 2.192875403054866945e-02 2.567989414590907474e-02 1.555695438253921342e-02 9.377850288401012131e-04 1.309045129298716699e-02 2.144059196074149173e-02 7.746361265624397696e-03 4.175070333877163239e-03 6.333260537235204518e-03 1.229397633698598412e-02 4.226455814909497143e-03 5.562478321750189900e-03 1.445216654034402540e-02 8.748378145754916180e-03 1.822899939622059720e-02 
1.802345747209126159e-02 0.000000000000000000e+00 1.220405174517939957e-03 9.467774880207597762e-03 4.123684852844828469e-03 3.404288118392148187e-03 6.538802461364541865e-03 1.170304330511414033e-02 1.152319412150096950e-02 4.303534036457998431e-03 1.506879231273203744e-02 8.953920069884253527e-03 1.026424983620877890e-02 4.868774327813676570e-03 2.556427681358632280e-03 2.582120421874799232e-03 9.724702285369268145e-03 6.898500828590881789e-03 1.378415528692368032e-02 2.248114795164626260e-03 9.185154734529759127e-03 4.714617884716673125e-03 1.070102642498362011e-02 1.046979176033811625e-02 3.378595377875981236e-03 1.991187390002954576e-03 8.003288670786069814e-03 3.857764988502498937e-02 7.669283044075896408e-03 1.095795383014529223e-02 1.149750138098480298e-02 2.787662346004136579e-03 2.916126048584972204e-03 3.609830042521485535e-03 1.888416427938286119e-03 1.663604948421823493e-02 8.003288670786069814e-03 3.490358799121308364e-02 7.283891936333389099e-03 3.277109052837121062e-02 8.183137854399238909e-03 1.321891499556800305e-02 3.921996839792916273e-02 1.745821718073558432e-02 1.558264712305537994e-02 3.455673599424482524e-03 2.804362627339645336e-02 1.899978161170561355e-02 1.580103541744280098e-03 2.470357000629472277e-02 5.588171062266356418e-03 1.825469213673676372e-02 2.440810349035879914e-04 3.738293745102321160e-03 1.297483396066441462e-03 8.414372519044744508e-03 1.917963079531878265e-02 5.933738422208804930e-02 4.688925144200505740e-03 1.003301517156327503e-02 6.872808088074714404e-03 1.378415528692368032e-02 1.494032861015120138e-02 6.461724239816039710e-03 1.835746309880143326e-02 1.362999884382667601e-02 
6.204796834654368459e-03 1.220405174517939957e-03 0.000000000000000000e+00 1.131765219737163215e-02 1.034132805775728019e-02 4.817388846781341799e-03 4.843081587297509184e-03 1.740683169970324781e-02 7.258199195817221713e-03 1.935947997893195174e-02 1.491463586963503486e-02 8.054674151818402850e-03 1.581388178770088554e-02 1.246097915034107126e-03 1.156173323227522036e-04 1.334737869814883737e-02 4.046606631296327181e-03 1.477332579679611424e-03 3.121667972714309552e-03 4.997238030394511761e-03 1.306475855247099874e-02 1.066248731420936947e-03 8.183137854399238909e-03 1.704713333247690962e-02 1.925670901686728567e-02 9.442082139691429510e-03 1.676451318679907099e-02 1.085518286808062442e-02 1.530002697737754130e-02 6.358953277751371036e-03 9.596238582788433821e-03 1.425947098647277304e-03 1.003301517156327503e-02 2.943103426126948002e-02 8.799763626787250950e-03 1.005870791207944155e-02 1.118918849479079609e-02 3.400434207314723123e-02 2.917410685610780791e-02 4.109553845560937058e-02 4.226455814909497143e-03 3.762701848592680393e-02 1.278213840679316010e-02 4.123684852844828469e-03 2.493480467094022490e-02 7.322431047107639743e-04 2.840332464062279155e-02 5.874645119021620204e-02 3.184615186978918822e-02 3.631668871960227335e-02 1.468340120498953100e-02 1.360430610331050949e-02 3.609830042521485535e-03 1.013578613362794284e-02 1.419523913518235501e-02 1.239674729905065366e-02 3.207738653443469728e-02 1.838315583931759978e-02 2.632221265881325156e-02 2.943103426126948002e-02 4.592577367264879390e-02 7.181120974268720425e-03 4.230309725986922120e-02 7.592204822527395119e-03 3.744716930231362789e-02 3.503205169379391970e-02 
2.013026219441696810e-02 9.467774880207597762e-03 1.131765219737163215e-02 0.000000000000000000e+00 3.636807420063461332e-02 3.147360713230476937e-03 3.939981758154233182e-02 1.284637025808357912e-05 3.970813046773634392e-02 4.509075960587335778e-03 1.198566345079197897e-02 6.808576236784296375e-04 4.633685752090746512e-02 8.928227329368087009e-03 3.392726385159872821e-02 6.551648831622624691e-04 4.137815860128720574e-02 3.725447374844237792e-04 4.534768701103503163e-03 8.542836221625578833e-03 2.981642536901198473e-02 2.251968706242051324e-02 4.894467068329843087e-03 1.152319412150096950e-02 4.945852549362177858e-03 1.811338206389784614e-03 1.596803823079788812e-02 1.815192117467209765e-02 8.619914443174081856e-03 2.120935729609598960e-02 5.947869429492697209e-03 4.649101396400447117e-02 1.329599321711650434e-02 1.226828359646981760e-02 1.473478668602186403e-02 1.284637025808357912e-05 2.421540793648754505e-02 8.183137854399238909e-03 2.607813162390966617e-03 2.285369268913068491e-02 2.479349459810130558e-03 2.416402245545521202e-02 2.339324023997019567e-02 1.846023406086610280e-02 1.246097915034107126e-03 5.674241742995516508e-02 7.566512082011227734e-03 3.025320195778682594e-02 1.117634212453271284e-03 1.347584240072967343e-02 4.046606631296327181e-03 3.173053453746643889e-03 2.483203370887555883e-02 3.587991213082743214e-02 3.686908264069986823e-03 1.375846254640751207e-02 4.945852549362177858e-03 4.766003365749007896e-03 1.278213840679316010e-02 3.853911077425073228e-05 1.840884857983376630e-02 1.554410801228112930e-03 1.578818904718471902e-02 1.400254358131110136e-03 1.554410801228112930e-03 2.652775458294259064e-02 
2.550004496229590217e-02 4.123684852844828469e-03 1.034132805775728019e-02 3.636807420063461332e-02 0.000000000000000000e+00 8.825456367303419203e-03 5.536785581234022514e-03 1.136903767840396692e-02 6.821422607042380501e-03 3.575144842824659608e-02 4.252148555425664528e-03 2.465218452526238627e-02 1.835746309880143326e-02 1.249951826111532147e-02 1.774083732641342295e-02 9.853165987950104204e-03 2.917410685610780791e-02 1.066248731420936947e-03 8.157445113883072391e-03 4.753156995490923986e-04 3.487789525069691365e-02 9.955936950014773745e-03 4.149377593360995854e-03 4.277841295941831913e-03 2.678468198810426276e-02 1.249951826111532147e-02 5.267011805814267355e-04 2.299500276196960596e-03 1.319322225505183480e-02 3.454388962398674545e-02 6.808576236784296375e-04 5.936307696260421929e-02 3.354187274385622003e-02 4.780134373032899481e-02 2.228845239777500764e-02 8.131752373366905873e-03 9.416389399175262992e-03 1.802345747209126159e-02 1.373276980589134555e-02 3.033028017933532897e-02 2.557712318384440520e-02 4.291972303225723845e-02 2.350885757229294933e-03 1.837030946905951782e-03 1.170304330511414033e-02 1.555695438253921342e-02 4.534768701103503163e-03 3.824364425831481423e-02 1.935947997893195174e-02 2.747838598204077609e-02 2.483203370887555883e-02 2.462649178474621975e-02 1.578818904718471902e-02 1.016147887414411109e-02 1.761237362383258689e-02 3.481366339940649909e-03 3.455673599424482524e-03 5.459707359685521226e-03 8.337294297496243220e-03 1.451639839163444473e-03 3.968243772722017393e-02 7.579358452269311427e-04 4.053029816425369330e-02 2.365016764513186778e-02 1.720128977557391220e-02 3.850057166347648635e-02 
1.681589866783140402e-02 3.404288118392148187e-03 4.817388846781341799e-03 3.147360713230476937e-03 8.825456367303419203e-03 0.000000000000000000e+00 1.686728414886373706e-02 7.874824968205233755e-03 7.206813714784887810e-03 4.457690479555001875e-03 2.736276864971802242e-03 1.797207199105892508e-02 2.506326837352106096e-02 1.748390992125175084e-02 2.375293860719653732e-02 9.673316804336935110e-03 9.108076512981257838e-03 7.720668525108230311e-03 1.517156327479670698e-02 8.928227329368087009e-03 3.507059080456816861e-03 2.479349459810130558e-03 3.558444561489151198e-03 1.355292062227817472e-02 8.902534588851920491e-03 2.478064822784322233e-02 9.981629690530940263e-03 7.746361265624397696e-03 1.503025320195778593e-03 2.299500276196960596e-03 1.753529540228408387e-02 1.432370283776318934e-02 4.843081587297509184e-03 1.270506018524465881e-02 7.977595930269901561e-03 1.103503205169379352e-02 4.149377593360995854e-03 1.554410801228112930e-03 1.682874503808948772e-03 5.947869429492697209e-03 1.229397633698598412e-02 1.404108269208535070e-02 8.671299924206414891e-03 1.054686998188661753e-02 1.580103541744280098e-03 1.473478668602186403e-02 6.808576236784296375e-04 5.999254910525031112e-03 1.301337307143866570e-02 8.388679778528576256e-03 8.568528962141747085e-03 1.414385365415002024e-02 9.930244209498605493e-03 6.076333132073532400e-03 1.183150700769497639e-02 9.596238582788433821e-03 1.386123350847218161e-02 1.023855709569261238e-02 7.669283044075896408e-03 2.768392790617011170e-02 1.246097915034107126e-03 2.172321210641933037e-02 4.072299371812494566e-03 7.181120974268720425e-03 9.878858728466272457e-03 1.524864149634520827e-02 
6.436031499299873192e-03 6.538802461364541865e-03 4.843081587297509184e-03 3.939981758154233182e-02 5.536785581234022514e-03 1.686728414886373706e-02 0.000000000000000000e+00 7.566512082011227734e-03 7.129735493236385654e-03 1.951363642202895432e-02 4.072299371812494566e-03 3.436404044037356942e-02 2.154336292280616127e-02 1.265367470421232404e-02 4.252148555425664528e-03 5.716634764847192476e-03 2.311062009429235703e-02 2.185167580900016643e-02 2.196729314132291923e-03 5.973562170008863727e-03 3.456958236450290850e-02 1.008440065259560980e-02 1.028994257672494715e-02 3.892450188199324170e-03 1.229397633698598412e-02 2.506326837352106096e-02 2.171036573616124971e-03 1.604511645234639114e-02 1.413100728389193720e-04 1.833177035828526674e-02 1.154888686201713775e-02 3.567437020669809999e-02 4.329226776974165816e-03 2.149197744177382824e-02 1.522294875582904002e-02 2.183882943874208230e-04 3.392726385159872821e-02 2.434387163906838111e-02 2.508896111403722748e-02 1.905116709273794659e-02 2.950811248281797958e-02 3.259124134475804152e-02 1.714990429454157569e-02 9.377850288401012131e-04 1.708567244325115940e-03 4.394743265290391998e-02 6.551648831622624691e-04 2.018164767544930113e-02 2.901995041301080533e-02 2.141489922022532522e-02 9.339311177626761704e-03 6.037794021299282407e-04 1.362999884382667601e-02 1.977056382719062644e-02 1.008440065259560980e-02 6.423185129041789391e-05 3.725447374844237792e-04 1.357861336279434297e-02 1.355292062227817472e-02 1.447785928086019365e-02 2.108089359351515354e-02 1.239674729905065366e-02 9.878858728466272457e-03 1.144611589995246821e-02 2.855748108371979413e-02 1.926955538712536817e-04 
3.224438934778978225e-03 1.170304330511414033e-02 1.740683169970324781e-02 1.284637025808357912e-05 1.136903767840396692e-02 7.874824968205233755e-03 7.566512082011227734e-03 0.000000000000000000e+00 1.828038487725293371e-02 3.841064707166989833e-03 2.742700050100843959e-02 3.404288118392148187e-03 7.669283044075896408e-03 2.042572871035288912e-03 1.023855709569261238e-02 1.625065837647572675e-02 2.787662346004136579e-03 2.485772644939172535e-02 6.037794021299282407e-04 1.866577598499543841e-02 1.077810464653212313e-02 1.345014966021350691e-02 7.322431047107639743e-04 6.538802461364541865e-03 3.661215523553819871e-03 1.571111082563621600e-02 7.579358452269311427e-04 4.175070333877163239e-03 1.239674729905065366e-02 1.172873604563030685e-02 2.082396618835348143e-02 1.040555990904769778e-03 1.211412715337281502e-02 4.636255026142363511e-02 2.736276864971802242e-03 2.556427681358632280e-03 5.459707359685521226e-03 2.028441863751397067e-02 2.318769831584086005e-02 3.770409670747530001e-02 3.657361612476394547e-02 3.341340904127539091e-02 3.275824415811312562e-03 1.111211027324229481e-02 1.100933931117762700e-02 4.019629253754351816e-02 1.938517271944811826e-02 2.251968706242051324e-02 2.273807535680793211e-03 3.870611358760582543e-02 7.746361265624397696e-03 2.402271238261629270e-03 1.496602135066736963e-02 1.334737869814883737e-02 1.530002697737754130e-02 1.220405174517939957e-03 2.460079904423005323e-02 1.143326952969438452e-03 1.959071464357745734e-02 6.808576236784296375e-04 3.661215523553819871e-03 9.544853101756099051e-03 3.369602918695322608e-02 4.302249399432190452e-02 8.362987038012409738e-03 2.231414513829117416e-02 
1.605796282260447266e-03 1.152319412150096950e-02 7.258199195817221713e-03 3.970813046773634392e-02 6.821422607042380501e-03 7.206813714784887810e-03 7.129735493236385654e-03 1.828038487725293371e-02 0.000000000000000000e+00 6.436031499299873192e-03 7.746361265624397696e-03 2.827486093804195549e-02 1.547987616099071213e-02 1.016147887414411109e-02 7.129735493236385654e-03 1.555695438253921342e-02 9.339311177626761704e-03 1.812622843415592766e-02 1.657181763292781603e-03 1.837030946905951782e-03 2.722145857687910397e-02 9.030998291432754815e-03 1.810053569363976114e-02 5.010084400652595671e-04 1.708567244325115940e-03 2.740130776049227307e-02 2.128643551764448916e-02 2.082396618835348143e-02 1.088087560859679094e-02 2.190306129003250293e-02 2.169751936590316385e-02 2.993204270133473927e-03 1.142042315943630169e-02 6.615880682913043154e-03 5.845098467428028535e-03 3.378595377875981236e-03 3.369602918695322608e-02 1.774083732641342295e-02 2.313631283480852355e-02 1.763806636434875341e-02 1.851161954189843584e-02 2.031011137803013719e-02 1.465770846447336274e-02 2.479349459810130558e-03 1.100933931117762700e-02 5.694795935408450416e-02 3.044589751165808263e-03 2.149197744177382824e-02 1.879423968757627447e-02 1.601942371183022115e-02 3.404288118392148187e-03 1.193427796975964419e-02 1.727836799712241175e-02 3.030458743881916245e-02 3.982374780005909476e-04 1.118918849479079609e-02 6.590187942396875768e-03 3.815371966650822882e-03 1.257659648266382275e-02 2.102950811248281704e-02 3.095975232198142600e-03 1.321891499556800305e-02 5.177087214007681723e-03 1.136903767840396692e-02 1.535141245840987607e-02 8.337294297496243220e-03 
2.940534152075331004e-02 4.303534036457998431e-03 1.935947997893195174e-02 4.509075960587335778e-03 3.575144842824659608e-02 4.457690479555001875e-03 1.951363642202895432e-02 3.841064707166989833e-03 6.436031499299873192e-03 0.000000000000000000e+00 2.141489922022532522e-02 1.991187390002954576e-03 2.904564315352697185e-02 5.279858176072350397e-03 3.084413498965867320e-02 3.731870559973279877e-02 2.544865948126356914e-02 9.621931323304600339e-03 3.558444561489151198e-03 2.110658633403132006e-02 1.271790655550274294e-03 7.052657271687884366e-03 4.831519854065233904e-02 3.346479452230772395e-02 2.350885757229294933e-03 6.513109720848374480e-03 1.271790655550274294e-03 1.239674729905065366e-02 1.175442878614647510e-02 3.261693408527420457e-02 4.073584008838302545e-02 4.438420924167876119e-02 1.514587053428053873e-02 1.554410801228112930e-03 1.255090374214765624e-02 3.275824415811312562e-03 1.193427796975964419e-02 3.716454915663579273e-02 1.098364657066145875e-02 3.248847038269336851e-02 5.819405726911861150e-03 1.121488123530696435e-02 4.384466169083925391e-02 4.496229590329252302e-04 8.440065259560911026e-03 2.866025204578446367e-02 4.894467068329843087e-03 7.515126600978893831e-03 1.694436237041224008e-02 1.717559703505774568e-02 9.776087766401602916e-03 4.123684852844828469e-03 2.427963978777796222e-03 1.465770846447336274e-02 3.012473825520598988e-02 1.776653006692958947e-02 1.244813278008298670e-02 1.925670901686728567e-02 7.900517708721400273e-03 4.354919517490333201e-03 4.560461441619670549e-03 1.969348560564212688e-02 8.517143481109412315e-03 4.149377593360995854e-03 3.107536965430417533e-02 4.611846922652004452e-03 
7.463741119946559061e-03 1.506879231273203744e-02 1.491463586963503486e-02 1.198566345079197897e-02 4.252148555425664528e-03 2.736276864971802242e-03 4.072299371812494566e-03 2.742700050100843959e-02 7.746361265624397696e-03 2.141489922022532522e-02 0.000000000000000000e+00 1.580103541744280098e-03 2.501188289248872793e-02 6.692958904461544442e-03 2.118366455557981962e-02 2.427963978777796222e-03 1.003301517156327503e-02 1.201135619130814548e-02 1.697005511092840660e-02 1.622496563595956023e-02 2.710584124455634857e-03 6.692958904461544442e-03 2.993204270133473927e-03 1.156173323227522036e-04 2.727284405791143701e-02 7.797746746656732467e-03 7.463741119946559061e-03 1.450355202137636017e-02 1.411816091363385199e-02 1.106072479220996177e-02 8.208830594915407161e-03 1.066248731420936947e-03 1.939801908970620456e-03 1.694436237041224008e-02 1.946225094099662128e-02 6.718651644977711827e-03 1.663604948421823493e-02 4.175070333877163239e-03 1.000732243104710678e-02 6.230489575170535844e-03 3.866757447683157219e-03 9.377850288401012131e-04 1.201135619130814548e-02 6.487416980332207095e-03 4.560461441619670549e-03 4.985676297162236481e-02 4.097992112328661951e-03 7.720668525108230311e-03 5.305550916588517782e-03 2.196729314132291923e-03 6.384646018267538421e-03 7.438048379430391675e-03 1.247382552059915495e-02 1.517156327479670698e-02 3.866757447683157219e-03 8.414372519044744508e-03 6.436031499299873192e-03 4.997238030394511761e-03 6.847115347558547019e-03 7.104042752720219137e-03 1.190858522924347768e-02 1.637912207905656281e-02 2.710584124455634857e-03 9.853165987950104204e-03 7.322431047107639743e-04 9.377850288401012131e-04 
1.682874503808948772e-03 8.953920069884253527e-03 8.054674151818402850e-03 6.808576236784296375e-04 2.465218452526238627e-02 1.797207199105892508e-02 3.436404044037356942e-02 3.404288118392148187e-03 2.827486093804195549e-02 1.991187390002954576e-03 1.580103541744280098e-03 0.000000000000000000e+00 1.348868877098775799e-03 3.982374780005909476e-04 1.463201572395719623e-02 1.082949012756445617e-02 9.621931323304600339e-03 4.046606631296327181e-03 3.161491720514368609e-02 1.689297688937990705e-02 2.890433308068805253e-03 1.103503205169379352e-02 1.807484295312359462e-02 1.657181763292781603e-03 4.496229590329252302e-04 1.041840627930578148e-02 9.120922883239340447e-04 1.650758578163739887e-02 2.607813162390966617e-03 2.573127962694140777e-02 4.753156995490923986e-04 2.372724586668037081e-02 1.802345747209126159e-02 1.625065837647572675e-02 2.403555875287437596e-02 6.410338758783705806e-03 3.352902637359813851e-03 1.267936744472849230e-02 2.505042200326297944e-03 5.523939210975939039e-04 9.750395025885436398e-03 8.491450740593245797e-03 2.093958352067623249e-03 7.412355638914225157e-03 6.975579050139383078e-03 2.624513443726475201e-02 2.171036573616124971e-03 8.607068072915997079e-04 6.204796834654368459e-03 3.943835669231658507e-03 2.305923461326002399e-02 1.797207199105892508e-02 1.892270339015711053e-02 5.845098467428028535e-03 8.028981411302236332e-03 1.116349575427462958e-02 6.179104094138201074e-03 8.851149107819585721e-03 8.183137854399238909e-03 1.220405174517939957e-03 2.734992227945994003e-02 4.766003365749007896e-03 9.544853101756099051e-03 1.246097915034107126e-03 1.599373097131405463e-02 1.627635111699189327e-02 
9.030998291432754815e-03 1.026424983620877890e-02 1.581388178770088554e-02 4.633685752090746512e-02 1.835746309880143326e-02 2.506326837352106096e-02 2.154336292280616127e-02 7.669283044075896408e-03 1.547987616099071213e-02 2.904564315352697185e-02 2.501188289248872793e-02 1.348868877098775799e-03 0.000000000000000000e+00 2.740130776049227307e-02 4.868774327813676570e-03 1.532571971789370956e-02 3.099829143275567578e-02 1.167735056459797208e-02 1.208843441285664677e-02 7.283891936333389099e-03 5.514946751795279933e-02 3.969528409747825892e-03 2.557712318384440520e-02 7.258199195817221713e-03 3.084413498965867320e-02 2.341893298048636218e-02 9.878858728466272457e-03 1.445216654034402540e-02 1.296198759040633093e-02 4.149377593360995854e-03 3.135798979998201397e-02 2.449802808216538369e-02 4.740310625232840511e-03 6.538802461364541865e-03 1.785645465873617445e-03 1.380984802743984684e-02 1.370707706537517903e-02 7.258199195817221713e-03 1.129195945685546563e-02 7.309584676849556484e-03 1.926955538712536817e-04 1.506879231273203744e-02 3.806379507470164514e-02 2.684891383939467906e-03 3.352902637359813851e-03 4.032475624012435422e-02 8.093213262592654795e-04 9.442082139691429510e-03 1.820330665570443068e-02 1.374561617614942968e-03 2.120935729609598960e-02 7.463741119946559061e-03 2.742700050100843959e-02 8.080366892334571102e-03 1.144611589995246821e-02 8.388679778528576256e-03 1.645620030060506236e-02 1.049548450085428276e-02 1.463201572395719623e-02 8.992459180658504876e-05 1.535141245840987607e-02 1.144611589995246821e-02 1.054686998188661753e-02 1.070102642498362011e-02 1.926955538712536817e-04 4.020913890780159795e-03 
1.220405174517939957e-03 4.868774327813676570e-03 1.246097915034107126e-03 8.928227329368087009e-03 1.249951826111532147e-02 1.748390992125175084e-02 1.265367470421232404e-02 2.042572871035288912e-03 1.016147887414411109e-02 5.279858176072350397e-03 6.692958904461544442e-03 3.982374780005909476e-04 2.740130776049227307e-02 0.000000000000000000e+00 1.519725601531287350e-02 4.766003365749007896e-03 4.431997739038834490e-03 1.288490936885782964e-02 4.637539663168171837e-03 3.853911077425073228e-05 9.339311177626761704e-03 2.402271238261629270e-03 1.401538995156918418e-02 1.599373097131405463e-02 2.505042200326297944e-03 3.662500160579628544e-02 8.953920069884253527e-03 1.422093187569852153e-02 1.450355202137636017e-02 1.838315583931759978e-02 1.413100728389193720e-04 2.041288234009480673e-02 1.496602135066736963e-02 1.786930102899425901e-02 1.939801908970620456e-03 2.556427681358632280e-03 3.892450188199324170e-03 2.582120421874799232e-03 6.949886309623215692e-03 2.864740567552637868e-03 1.917963079531878265e-02 5.125701732975347820e-03 6.615880682913043154e-03 4.239302185167581160e-04 7.874824968205233755e-03 2.619374895623241550e-02 3.841064707166989833e-03 5.716634764847192476e-03 6.590187942396875768e-03 9.287925696594426933e-03 4.020913890780159795e-03 8.799763626787250950e-03 1.589096000924938509e-02 5.819405726911861150e-03 4.997238030394511761e-03 1.297483396066441462e-03 6.358953277751371036e-03 9.930244209498605493e-03 1.540279793944221085e-02 1.748390992125175084e-02 1.362999884382667601e-02 8.414372519044744508e-03 8.414372519044744508e-03 2.427963978777796222e-03 3.853911077425073228e-05 6.153411353622033689e-03 
5.870791207944195053e-03 2.556427681358632280e-03 1.156173323227522036e-04 3.392726385159872821e-02 1.774083732641342295e-02 2.375293860719653732e-02 4.252148555425664528e-03 1.023855709569261238e-02 7.129735493236385654e-03 3.084413498965867320e-02 2.118366455557981962e-02 1.463201572395719623e-02 4.868774327813676570e-03 1.519725601531287350e-02 0.000000000000000000e+00 2.434387163906838111e-02 9.262232956078260415e-03 2.331616201842169611e-02 1.670028133550865133e-04 5.613863802782523803e-03 1.848592680138226932e-02 4.843081587297509184e-03 2.878871574836529973e-02 2.273807535680793211e-03 2.684891383939467906e-03 2.454941356319772020e-02 1.653327852215356539e-02 1.604511645234639114e-02 4.817388846781341799e-03 6.821422607042380501e-03 1.804915021260742811e-02 1.355292062227817472e-02 1.416954639466618676e-02 1.648189304112123235e-02 2.697737754197551598e-04 2.582120421874799232e-03 1.149750138098480298e-02 1.452924476189252669e-02 1.657181763292781603e-03 1.738113895918708129e-02 1.560833986357154819e-02 1.509448505324820396e-02 7.155428233752553040e-03 3.892450188199324170e-03 9.287925696594426933e-03 2.860886656475213063e-02 1.477332579679611424e-03 3.253985586372570155e-02 3.932273935999383574e-02 2.241691610035584370e-02 3.044589751165808263e-03 2.824916819752578898e-02 2.077258070732114492e-02 1.496602135066736963e-02 1.216551263440514806e-02 4.046606631296327181e-03 2.074688796680497840e-02 1.434939557827935759e-02 7.065503641945968059e-04 1.643050756008889585e-02 1.014863250388602610e-03 2.453656719293963607e-03 1.509448505324820396e-02 2.922549233714014094e-02 1.571111082563621600e-02 1.761237362383258689e-02 
1.840884857983376630e-02 2.582120421874799232e-03 1.334737869814883737e-02 6.551648831622624691e-04 9.853165987950104204e-03 9.673316804336935110e-03 5.716634764847192476e-03 1.625065837647572675e-02 1.555695438253921342e-02 3.731870559973279877e-02 2.427963978777796222e-03 1.082949012756445617e-02 1.532571971789370956e-02 4.766003365749007896e-03 2.434387163906838111e-02 0.000000000000000000e+00 4.149377593360995854e-03 1.506879231273203744e-02 3.302801793353288273e-02 1.434939557827935759e-02 9.159461994013590874e-03 3.635522783037652920e-03 2.426679341751987809e-02 2.878871574836529973e-02 1.912824531428644961e-02 1.224259085595365108e-02 8.093213262592654795e-04 3.070282491681975215e-03 1.689297688937990705e-02 2.627082717778091853e-02 2.493480467094022490e-02 9.185154734529759127e-03 1.522294875582904002e-02 2.287938542964685490e-02 9.596238582788433821e-03 1.413100728389193720e-04 6.949886309623215692e-03 1.503025320195778593e-03 9.801780506917771169e-03 1.714990429454157569e-02 1.965494649486787624e-03 7.489433860462726446e-03 1.771514458589725644e-02 4.457690479555001875e-03 8.093213262592654795e-04 9.416389399175262992e-03 1.260228922317999101e-02 4.791696106265174414e-03 1.866577598499543841e-02 5.819405726911861150e-03 1.429801009724702282e-02 5.947869429492697209e-03 1.195997071027581071e-02 1.785645465873617445e-03 4.119830941767403665e-02 1.920532353583494917e-02 5.254165435556183879e-03 1.460632298344102797e-02 1.285921662834166139e-02 5.305550916588517782e-03 1.026424983620877890e-02 2.442094986061688414e-02 1.759952725357450277e-03 1.432370283776318934e-02 3.147360713230476937e-03 1.134334493788780041e-02 
2.402271238261629270e-03 9.724702285369268145e-03 4.046606631296327181e-03 4.137815860128720574e-02 2.917410685610780791e-02 9.108076512981257838e-03 2.311062009429235703e-02 2.787662346004136579e-03 9.339311177626761704e-03 2.544865948126356914e-02 1.003301517156327503e-02 9.621931323304600339e-03 3.099829143275567578e-02 4.431997739038834490e-03 9.262232956078260415e-03 4.149377593360995854e-03 0.000000000000000000e+00 3.030458743881916245e-02 2.890433308068805253e-03 1.542849067995837736e-02 3.677915804889328455e-02 1.425947098647277304e-03 1.708567244325115940e-03 1.121488123530696435e-02 1.884562516860861098e-02 2.156905566332232779e-02 1.040555990904769778e-03 1.627635111699189327e-02 1.422093187569852153e-02 2.552573770281207216e-02 2.745269324152460610e-02 6.127718613105867171e-03 4.509075960587335778e-03 2.287938542964685490e-02 6.808576236784296375e-04 6.204796834654368459e-03 1.953932916254512431e-02 7.309584676849556484e-03 1.956502190306129083e-02 5.022930770910679146e-03 3.423557673779273336e-02 7.104042752720219137e-03 1.720128977557391220e-02 9.634777693562683815e-04 4.496229590329252302e-04 4.430713102013026511e-02 6.256182315686702362e-03 5.665249283814857706e-03 4.483383220071169260e-03 3.712601004586154208e-03 4.791696106265174414e-03 8.003288670786069814e-03 3.995221150263993277e-03 1.447785928086019365e-02 2.095242989093431749e-02 1.118918849479079609e-02 2.015595493493313461e-02 2.839047827036470916e-03 1.547987616099071213e-02 4.894467068329843087e-03 6.538802461364541865e-03 1.400254358131110136e-03 2.248114795164626260e-03 1.239674729905065366e-02 1.273075292576082707e-02 5.434014619169353841e-03 
2.154336292280616127e-02 6.898500828590881789e-03 1.477332579679611424e-03 3.725447374844237792e-04 1.066248731420936947e-03 7.720668525108230311e-03 2.185167580900016643e-02 2.485772644939172535e-02 1.812622843415592766e-02 9.621931323304600339e-03 1.201135619130814548e-02 4.046606631296327181e-03 1.167735056459797208e-02 1.288490936885782964e-02 2.331616201842169611e-02 1.506879231273203744e-02 3.030458743881916245e-02 0.000000000000000000e+00 1.581388178770088554e-02 2.413832971493904550e-02 1.066248731420936947e-03 9.493467620723764280e-03 6.487416980332207095e-03 9.878858728466272457e-03 1.026424983620877890e-02 6.179104094138201074e-03 1.470909394550569751e-02 1.682874503808948772e-03 9.930244209498605493e-03 4.766003365749007896e-03 9.493467620723764280e-03 4.097992112328661951e-03 7.412355638914225157e-03 8.388679778528576256e-03 1.853731228241460235e-02 2.390709505029353990e-02 1.974487108667445992e-02 8.645607183690248373e-03 4.894467068329843087e-03 9.634777693562683815e-04 1.434939557827935759e-02 1.091941471937104115e-03 1.262798196369615752e-02 3.429980858908315573e-03 1.285921662834166139e-02 2.565420140539290475e-02 4.997238030394511761e-03 1.040555990904769778e-03 9.210847475045925645e-03 1.374561617614942968e-03 4.123684852844828469e-03 1.213981989388898154e-02 2.110658633403132006e-02 1.100933931117762700e-02 6.795729866526213116e-03 1.169019693485605620e-03 1.657181763292781603e-03 3.712601004586154208e-03 3.789679226134655497e-03 3.385018563005023212e-02 2.817208997597728595e-02 3.738293745102321160e-03 1.964210012460979038e-02 1.897408887118944704e-02 2.498619015197256141e-02 2.377863134771270384e-02 
2.131212825816065567e-02 1.378415528692368032e-02 3.121667972714309552e-03 4.534768701103503163e-03 8.157445113883072391e-03 1.517156327479670698e-02 2.196729314132291923e-03 6.037794021299282407e-04 1.657181763292781603e-03 3.558444561489151198e-03 1.697005511092840660e-02 3.161491720514368609e-02 1.208843441285664677e-02 4.637539663168171837e-03 1.670028133550865133e-04 3.302801793353288273e-02 2.890433308068805253e-03 1.581388178770088554e-02 0.000000000000000000e+00 4.329226776974165816e-03 7.052657271687884366e-03 2.710584124455634857e-03 3.279678326888737366e-02 1.709851881350924266e-02 6.153411353622033689e-03 7.155428233752553040e-03 3.943835669231658507e-03 1.434939557827935759e-02 5.382629138137019070e-03 1.003301517156327503e-02 1.784360828847808902e-02 7.617897563043561637e-03 3.173053453746643889e-03 5.665249283814857706e-03 8.928227329368087009e-03 9.005305550916588297e-03 1.013578613362794284e-02 1.866577598499543841e-02 5.254165435556183879e-03 1.201135619130814548e-02 1.095795383014529223e-02 1.262798196369615752e-02 8.131752373366905873e-03 2.023303315648163764e-02 3.300232519301671275e-02 8.876841848335752239e-03 1.429801009724702282e-02 9.030998291432754815e-03 1.953932916254512431e-02 3.866757447683157219e-03 7.129735493236385654e-03 3.241139216114486549e-02 4.073584008838302545e-02 1.267936744472849230e-02 3.429980858908315573e-03 2.254537980293667976e-02 1.156173323227522036e-04 5.382629138137019070e-03 1.694436237041224008e-02 2.233983787880734415e-02 1.969348560564212688e-02 1.902547435222178007e-02 5.511092840717855129e-03 1.657181763292781603e-03 3.451819688347057546e-02 8.953920069884253527e-03 
1.722698251609007872e-02 2.248114795164626260e-03 4.997238030394511761e-03 8.542836221625578833e-03 4.753156995490923986e-04 8.928227329368087009e-03 5.973562170008863727e-03 1.866577598499543841e-02 1.837030946905951782e-03 2.110658633403132006e-02 1.622496563595956023e-02 1.689297688937990705e-02 7.283891936333389099e-03 3.853911077425073228e-05 5.613863802782523803e-03 1.434939557827935759e-02 1.542849067995837736e-02 2.413832971493904550e-02 4.329226776974165816e-03 0.000000000000000000e+00 9.377850288401012131e-04 1.013578613362794284e-02 2.993204270133473927e-03 1.445216654034402540e-02 1.861439050396310538e-02 1.211412715337281502e-02 1.989902752977146250e-02 1.926955538712536817e-04 2.376578497745461885e-03 1.528718060711945761e-03 6.949886309623215692e-03 1.416954639466618676e-02 1.188289248872730942e-02 1.503025320195778593e-03 1.948794368151278780e-02 1.321891499556800305e-02 1.040555990904769778e-03 3.558444561489151198e-03 2.093958352067623249e-03 2.787662346004136579e-03 2.267384350551751582e-02 3.532751820972984246e-03 5.434014619169353841e-03 9.801780506917771169e-03 1.284637025808357912e-05 4.483383220071169260e-03 2.376578497745461885e-03 8.607068072915997079e-04 8.902534588851920491e-03 8.131752373366905873e-03 2.697737754197551598e-04 1.632773659802422977e-02 2.778669886823478125e-02 2.659198643423300954e-03 1.930809449789961871e-02 1.961640738409362386e-02 6.744344385493878345e-03 4.753156995490923986e-04 4.020913890780159795e-03 3.084413498965867320e-02 1.219120537492131631e-02 1.355292062227817472e-02 2.228845239777500764e-02 2.436956437958454763e-02 2.475495548732705581e-02 2.416402245545521202e-02 
1.869146872551160840e-02 9.185154734529759127e-03 1.306475855247099874e-02 2.981642536901198473e-02 3.487789525069691365e-02 3.507059080456816861e-03 3.456958236450290850e-02 1.077810464653212313e-02 2.722145857687910397e-02 1.271790655550274294e-03 2.710584124455634857e-03 2.890433308068805253e-03 5.514946751795279933e-02 9.339311177626761704e-03 1.848592680138226932e-02 9.159461994013590874e-03 3.677915804889328455e-02 1.066248731420936947e-03 7.052657271687884366e-03 9.377850288401012131e-04 0.000000000000000000e+00 5.048623511426846532e-03 8.208830594915407161e-03 1.224259085595365108e-02 1.653327852215356539e-02 2.556427681358632280e-03 1.398969721105301767e-02 1.365569158434284426e-02 1.090656834911295746e-02 1.771514458589725644e-02 4.971545289878345243e-03 4.178924244954588391e-02 6.461724239816039710e-03 1.162596508356563904e-02 2.431817889855221460e-02 5.588171062266356418e-03 2.133782099867682219e-02 6.423185129041789391e-05 1.884562516860861098e-02 2.287938542964685490e-02 5.639556543298691188e-03 1.396400447053684941e-02 1.139473041892013344e-02 2.916126048584972204e-03 4.997238030394511761e-03 5.024215407936487299e-02 2.916126048584972204e-03 2.585974332952224383e-02 3.635522783037652920e-03 2.084965892886964794e-02 2.325193016713127548e-03 8.350140667754326479e-04 1.398969721105301767e-02 2.724715131739527049e-02 9.801780506917771169e-03 1.327030047660033608e-02 7.900517708721400273e-03 1.117634212453271284e-03 7.104042752720219137e-03 1.374561617614942968e-03 2.642498362087792110e-02 2.273807535680793211e-03 1.992472027028762901e-02 1.271790655550274294e-03 1.169019693485605620e-03 2.133782099867682219e-02 
6.076333132073532400e-03 4.714617884716673125e-03 1.066248731420936947e-03 2.251968706242051324e-02 9.955936950014773745e-03 2.479349459810130558e-03 1.008440065259560980e-02 1.345014966021350691e-02 9.030998291432754815e-03 7.052657271687884366e-03 6.692958904461544442e-03 1.103503205169379352e-02 3.969528409747825892e-03 2.402271238261629270e-03 4.843081587297509184e-03 3.635522783037652920e-03 1.425947098647277304e-03 9.493467620723764280e-03 2.710584124455634857e-03 1.013578613362794284e-02 5.048623511426846532e-03 0.000000000000000000e+00 2.385570956926120686e-02 5.819405726911861150e-03 1.118918849479079609e-02 6.461724239816039710e-03 6.410338758783705806e-03 8.979612810400421780e-03 1.714990429454157569e-02 3.211592564520894424e-04 1.072671916549978836e-02 7.412355638914225157e-03 9.108076512981257838e-03 5.562478321750189900e-03 1.673882044628290447e-02 2.813355086520303531e-03 3.095975232198142600e-03 1.424662461621468805e-02 1.311614403350333351e-02 6.847115347558547019e-03 6.461724239816039710e-03 2.113227907454748658e-02 1.091941471937104115e-03 1.580103541744280098e-03 3.301517156327479514e-03 4.708194699587631843e-02 8.080366892334571102e-03 1.090656834911295746e-02 1.350153514124584168e-02 2.138920647970915870e-02 1.129195945685546563e-02 1.152319412150096950e-02 4.354919517490333201e-03 1.432370283776318934e-02 8.953920069884253527e-03 1.067533368446745359e-02 3.626530323856994031e-02 9.120922883239340447e-04 9.634777693562683815e-04 1.167735056459797208e-02 1.386123350847218161e-02 1.607080919286255766e-02 9.108076512981257838e-03 2.765823516565394519e-02 2.218568143571034157e-02 4.817388846781341799e-03 
3.395295659211489819e-02 1.070102642498362011e-02 8.183137854399238909e-03 4.894467068329843087e-03 4.149377593360995854e-03 3.558444561489151198e-03 1.028994257672494715e-02 7.322431047107639743e-04 1.810053569363976114e-02 4.831519854065233904e-02 2.993204270133473927e-03 1.807484295312359462e-02 2.557712318384440520e-02 1.401538995156918418e-02 2.878871574836529973e-02 2.426679341751987809e-02 1.708567244325115940e-03 6.487416980332207095e-03 3.279678326888737366e-02 2.993204270133473927e-03 8.208830594915407161e-03 2.385570956926120686e-02 0.000000000000000000e+00 1.339876417918117214e-02 2.290507817016302142e-02 2.239122335983967718e-02 6.281875056202869748e-03 3.841064707166989833e-03 5.022930770910679146e-03 4.330511413999973969e-02 1.792068651002659205e-02 3.352902637359813851e-03 3.981090142980100999e-02 2.783808434926711428e-02 2.102950811248281704e-02 9.120922883239340447e-04 1.309045129298716699e-02 1.953932916254512431e-02 1.121488123530696435e-02 2.465218452526238627e-02 8.953920069884253527e-03 1.586526726873321858e-02 1.892270339015711053e-02 4.920159808846010473e-03 7.065503641945968059e-04 2.479349459810130558e-03 4.303534036457998431e-03 1.540279793944221085e-02 9.467774880207597762e-03 2.300784913222768749e-02 9.904551468982438975e-03 7.694975784592063793e-03 5.356936397620852552e-03 2.402271238261629270e-03 2.711868761481443443e-02 7.412355638914225157e-03 3.173053453746643889e-03 2.632221265881325156e-02 3.198746194262810840e-03 3.378595377875981236e-03 2.668191102603959322e-02 6.795729866526213116e-03 1.902547435222178007e-02 2.002749123235229856e-02 6.808576236784296375e-04 2.839047827036470916e-03 
9.493467620723764280e-03 1.046979176033811625e-02 1.704713333247690962e-02 1.152319412150096950e-02 4.277841295941831913e-03 1.355292062227817472e-02 3.892450188199324170e-03 6.538802461364541865e-03 5.010084400652595671e-04 3.346479452230772395e-02 1.156173323227522036e-04 1.657181763292781603e-03 7.258199195817221713e-03 1.599373097131405463e-02 2.273807535680793211e-03 2.878871574836529973e-02 1.121488123530696435e-02 9.878858728466272457e-03 1.709851881350924266e-02 1.445216654034402540e-02 1.224259085595365108e-02 5.819405726911861150e-03 1.339876417918117214e-02 0.000000000000000000e+00 4.374189072877458784e-02 9.570545842272265569e-03 1.473478668602186403e-02 7.309584676849556484e-03 2.002749123235229856e-02 3.224438934778978225e-03 2.556427681358632280e-03 7.322431047107639743e-04 5.511092840717855129e-03 1.817761391518826417e-02 3.346479452230772395e-02 1.198566345079197897e-02 1.016147887414411109e-02 3.070282491681975215e-03 9.904551468982438975e-03 1.422093187569852153e-02 1.026424983620877890e-02 2.313631283480852355e-02 2.479349459810130558e-03 5.870791207944195053e-03 2.402271238261629270e-03 2.159474840383849431e-02 6.615880682913043154e-03 1.049548450085428276e-02 2.619374895623241550e-02 1.368138432485901078e-02 6.718651644977711827e-03 4.020913890780159795e-03 1.054686998188661753e-02 3.995221150263993277e-03 1.091941471937104115e-03 1.016147887414411109e-02 1.524864149634520827e-02 1.156173323227522036e-04 1.560833986357154819e-02 1.512017779376437221e-02 3.456958236450290850e-02 7.951903189753735043e-03 6.436031499299873192e-03 3.224438934778978225e-03 1.046979176033811625e-02 8.902534588851920491e-03 
