1.000000 0.531272 0.663187 0.354523 0.456775 0.185512 0.401510 0.717993 0.484740 0.477374 0.265430 0.352538 0.495818 0.237533 0.803836 0.659324 0.545691 0.547570 0.467350 0.624318 0.286534 0.652799 0.662795 0.597475 0.456535 0.110329 0.618242 0.545058 0.562743 0.779200 0.834449 0.524406 0.694906 0.594956 0.562936 0.616752 0.291671 0.393122 0.123493 0.402938 0.439392 0.413065 0.466360 0.279898 0.348634 0.361189 0.287460 0.502410 0.628878 0.447221 0.376688 0.414394 0.549438 0.267260 0.611682 0.593920 0.541183 0.486827 0.191935 0.459119 0.562340 0.667160 0.604076 0.650489 0.369024 0.629055 
0.531272 1.000000 0.544232 0.216515 0.372175 0.339686 0.225940 0.390387 0.267957 0.285653 0.031974 0.417752 0.205024 0.262751 0.387065 0.522981 0.298402 0.401487 0.414612 0.457311 0.112882 0.484880 0.534326 0.457547 0.299280 0.309547 0.516242 0.872018 0.530360 0.425612 0.537010 0.449008 0.380463 0.411500 0.753882 0.522946 0.080233 0.308954 0.276001 0.264114 0.236184 0.267780 0.170776 0.087381 0.349161 0.101233 0.299578 0.457457 0.468482 0.321072 0.411373 0.395351 0.391518 -0.002551 0.494975 0.425611 0.453763 0.236080 0.244264 0.428855 0.650271 0.521719 0.529633 0.486300 0.387486 0.519099 
0.663187 0.544232 1.000000 0.256760 0.502830 0.193274 0.369497 0.541241 0.357068 0.373111 0.099343 0.354777 0.296643 0.270564 0.499738 0.735123 0.417771 0.506426 0.453184 0.555748 0.148343 0.678043 0.742144 0.726377 0.357732 0.139271 0.621668 0.488120 0.638205 0.550778 0.652836 0.580061 0.491520 0.556188 0.543198 0.661150 0.200653 0.377115 0.162793 0.343451 0.318347 0.297359 0.295666 0.163014 0.403371 0.208722 0.356223 0.445549 0.681066 0.413449 0.427164 0.444617 0.532846 0.150044 0.635711 0.612514 0.597557 0.306164 0.281768 0.471317 0.553648 0.656476 0.580317 0.662199 0.357296 0.591154 
0.354523 0.216515 0.256760 1.000000 0.372027 0.134668 0.553727 0.522110 0.563132 0.692610 0.623405 0.269848 0.731619 0.357809 0.462974 0.235155 0.579920 0.304735 0.251087 0.177879 0.915852 0.243326 0.361320 0.319837 0.716333 0.247270 0.281621 0.169439 0.372554 0.335126 0.359945 0.229084 0.418777 0.416523 0.205394 0.184163 0.571263 0.465585 0.059899 0.519152 0.599598 0.523117 0.635084 0.465297 0.339719 0.602646 0.378910 0.355359 0.230013 0.461269 0.142996 0.179429 0.151243 0.513116 0.268408 0.396024 0.224041 0.605701 0.305961 0.163766 0.166768 0.340444 0.306611 0.252324 0.272129 0.356113 
0.456775 0.372175 0.502830 0.372027 1.000000 0.140236 0.836399 0.421372 0.530326 0.404235 0.246489 0.448062 0.369117 0.295050 0.445836 0.455868 0.627429 0.366086 0.341347 0.319884 0.310916 0.412118 0.598070 0.473043 0.369804 0.152552 0.404943 0.311117 0.401553 0.460756 0.429528 0.779009 0.442716 0.339387 0.292598 0.330594 0.305192 0.365472 0.088171 0.344956 0.386732 0.290182 0.440503 0.297891 0.270718 0.330918 0.263360 0.313463 0.401922 0.352465 0.212542 0.249025 0.261717 0.291758 0.322837 0.514956 0.329128 0.399699 0.217935 0.241979 0.292575 0.430787 0.352348 0.340622 0.261449 0.361943 
0.185512 0.339686 0.193274 0.134668 0.140236 1.000000 0.099894 0.198613 0.151192 0.141709 0.110172 0.246935 0.112806 0.412157 0.177500 0.157940 0.114837 0.280047 0.195374 0.140989 0.095912 0.197735 0.174096 0.238049 0.168266 0.666401 0.221386 0.435715 0.212775 0.122254 0.194072 0.162740 0.158696 0.183270 0.306022 0.166542 0.106658 0.294845 0.713437 0.205814 0.138405 0.169891 0.118208 0.100103 0.264558 0.121472 0.330127 0.210883 0.206821 0.196551 0.233921 0.123300 0.156296 0.085132 0.179365 0.200532 0.218782 0.121348 0.550870 0.244713 0.318208 0.175935 0.174150 0.187185 0.297588 0.156317 
0.401510 0.225940 0.369497 0.553727 0.836399 0.099894 1.000000 0.464784 0.776753 0.538488 0.430737 0.381922 0.599874 0.314392 0.519734 0.313830 0.829982 0.331635 0.283450 0.226752 0.524797 0.324243 0.484080 0.401706 0.476590 0.167445 0.341462 0.194953 0.339116 0.438591 0.392210 0.582699 0.471668 0.326066 0.173097 0.224748 0.484812 0.457207 0.030376 0.478751 0.519136 0.424683 0.660508 0.440928 0.315762 0.520027 0.295311 0.298398 0.302951 0.425135 0.143654 0.196694 0.197815 0.491626 0.264643 0.486110 0.285678 0.562472 0.250191 0.151782 0.150961 0.357241 0.275033 0.245072 0.263073 0.325800 
0.717993 0.390387 0.541241 0.522110 0.421372 0.198613 0.464784 1.000000 0.515540 0.591751 0.545443 0.344359 0.628445 0.268434 0.714738 0.491179 0.551648 0.535569 0.409425 0.469075 0.502686 0.508671 0.542502 0.517140 0.614746 0.182522 0.510309 0.379321 0.535220 0.521160 0.649856 0.417844 0.527994 0.534911 0.406170 0.421915 0.515155 0.458661 0.128084 0.457593 0.572960 0.460953 0.586117 0.481744 0.337312 0.539170 0.278154 0.432349 0.455693 0.459146 0.286370 0.388041 0.392191 0.527531 0.496983 0.499376 0.438520 0.589163 0.258480 0.330792 0.394790 0.532380 0.462024 0.497964 0.297468 0.498201 
0.484740 0.267957 0.357068 0.563132 0.530326 0.151192 0.776753 0.515540 1.000000 0.558361 0.458349 0.282883 0.689175 0.288533 0.721359 0.316739 0.793773 0.330134 0.282573 0.235449 0.534545 0.361246 0.447697 0.387065 0.482320 0.199838 0.396334 0.260212 0.331172 0.529643 0.420045 0.487622 0.541922 0.402492 0.226964 0.266713 0.458582 0.443936 0.057612 0.492351 0.510205 0.471349 0.671215 0.400111 0.345779 0.546798 0.310485 0.327638 0.338638 0.456776 0.190601 0.241737 0.248421 0.470961 0.335056 0.464143 0.320278 0.567439 0.279450 0.202002 0.197963 0.377147 0.323895 0.312922 0.269617 0.400092 
0.477374 0.285653 0.373111 0.692610 0.404235 0.141709 0.538488 0.591751 0.558361 1.000000 0.518221 0.328803 0.750077 0.365838 0.537427 0.393743 0.579921 0.390766 0.315974 0.303317 0.682414 0.417052 0.475701 0.444693 0.878559 0.238707 0.403483 0.245511 0.472586 0.427507 0.525008 0.290240 0.516571 0.525924 0.270138 0.315965 0.584275 0.502872 0.042500 0.636476 0.607537 0.612203 0.638027 0.531596 0.370816 0.639085 0.378265 0.403120 0.320864 0.601163 0.242888 0.215398 0.273672 0.552675 0.404716 0.433106 0.333201 0.616651 0.303732 0.232350 0.248550 0.459233 0.407749 0.393142 0.302749 0.488832 
0.265430 0.031974 0.099343 0.623405 0.246489 0.110172 0.430737 0.545443 0.458349 0.518221 1.000000 0.209626 0.671406 0.215516 0.441222 0.096745 0.415590 0.240320 0.145332 0.088181 0.738960 0.136877 0.188318 0.210685 0.580931 0.162944 0.109830 0.004746 0.189961 0.192441 0.230498 0.142119 0.289764 0.296751 0.020679 0.032636 0.509788 0.376663 0.012968 0.414451 0.547218 0.395924 0.533676 0.632491 0.208709 0.656994 0.190139 0.139346 0.028407 0.341518 0.087256 0.114839 0.116405 0.650093 0.118821 0.192627 0.079252 0.487032 0.183114 0.015063 -0.015973 0.187977 0.082014 0.101882 0.168072 0.141925 
0.352538 0.417752 0.354777 0.269848 0.448062 0.246935 0.381922 0.344359 0.282883 0.328803 0.209626 1.000000 0.273746 0.565325 0.315859 0.356419 0.301602 0.311086 0.411718 0.335292 0.216016 0.354881 0.372319 0.363054 0.306569 0.378847 0.351394 0.371348 0.430165 0.306493 0.345303 0.448138 0.327857 0.290155 0.404498 0.338583 0.243387 0.323941 0.215248 0.302680 0.303268 0.243056 0.236023 0.308895 0.244938 0.246978 0.297038 0.286994 0.297424 0.298849 0.369671 0.236952 0.276927 0.244107 0.321250 0.350789 0.318849 0.248360 0.242465 0.221131 0.328969 0.355605 0.278562 0.288135 0.290133 0.284986 
0.495818 0.205024 0.296643 0.731619 0.369117 0.112806 0.599874 0.628445 0.689175 0.750077 0.671406 0.273746 1.000000 0.296838 0.682118 0.256599 0.667001 0.372139 0.276521 0.261706 0.815266 0.320546 0.363331 0.367236 0.665673 0.204846 0.331011 0.171283 0.351967 0.434033 0.420555 0.245541 0.526908 0.478543 0.187831 0.237617 0.628536 0.475156 0.002984 0.568316 0.734355 0.583187 0.803592 0.557887 0.331416 0.739963 0.305440 0.338015 0.273450 0.489471 0.187898 0.183753 0.237306 0.679296 0.296720 0.390399 0.281472 0.753481 0.243062 0.179816 0.149009 0.427390 0.298968 0.296755 0.267559 0.377779 
0.237533 0.262751 0.270564 0.357809 0.295050 0.412157 0.314392 0.268434 0.288533 0.365838 0.215516 0.565325 0.296838 1.000000 0.286232 0.277734 0.302300 0.304352 0.219855 0.150288 0.277515 0.245150 0.284975 0.270550 0.330402 0.625093 0.255198 0.237383 0.322722 0.210314 0.266840 0.216826 0.252980 0.268868 0.229758 0.278093 0.315733 0.343792 0.375709 0.333420 0.316186 0.268375 0.296132 0.271308 0.371358 0.243936 0.696090 0.227386 0.224637 0.310180 0.380586 0.168309 0.205818 0.243825 0.237300 0.256747 0.219853 0.296382 0.619430 0.145839 0.231780 0.279320 0.196852 0.215330 0.252540 0.214287 
0.803836 0.387065 0.499738 0.462974 0.445836 0.177500 0.519734 0.714738 0.721359 0.537427 0.441222 0.315859 0.682118 0.286232 1.000000 0.486858 0.641973 0.460867 0.393797 0.424363 0.440718 0.526059 0.548618 0.496839 0.494914 0.180239 0.529150 0.395950 0.430648 0.685144 0.579498 0.433657 0.650301 0.525047 0.391039 0.443764 0.424800 0.423504 0.077537 0.427402 0.517304 0.441724 0.619714 0.389032 0.351862 0.523655 0.297835 0.406141 0.475412 0.431672 0.288823 0.326625 0.395219 0.443623 0.448781 0.513319 0.415969 0.586082 0.248024 0.328150 0.377708 0.518262 0.434359 0.482322 0.294539 0.488134 
0.659324 0.522981 0.735123 0.235155 0.455868 0.157940 0.313830 0.491179 0.316739 0.393743 0.096745 0.356419 0.256599 0.277734 0.486858 1.000000 0.406259 0.456464 0.420909 0.515898 0.119914 0.770900 0.861220 0.692523 0.389647 0.129153 0.646994 0.497453 0.671465 0.540141 0.638366 0.487597 0.490595 0.599802 0.566123 0.711373 0.137237 0.332337 0.159152 0.330388 0.275466 0.282712 0.260367 0.139763 0.332253 0.168715 0.309324 0.429999 0.753846 0.437648 0.458718 0.400519 0.541419 0.082625 0.687964 0.633007 0.568078 0.293386 0.203303 0.450453 0.577052 0.693061 0.624436 0.707189 0.319313 0.642806 
0.545691 0.298402 0.417771 0.579920 0.627429 0.114837 0.829982 0.551648 0.793773 0.579921 0.415590 0.301602 0.667001 0.302300 0.641973 0.406259 1.000000 0.405504 0.349027 0.301025 0.530443 0.423839 0.508965 0.439969 0.518924 0.154011 0.495836 0.318465 0.419868 0.528572 0.501412 0.495335 0.550223 0.398545 0.284899 0.329493 0.481426 0.436940 0.043836 0.494969 0.520995 0.456063 0.712014 0.415273 0.361013 0.536065 0.328539 0.376299 0.447667 0.459928 0.209522 0.259674 0.269555 0.465669 0.391261 0.537003 0.391406 0.607704 0.258756 0.251459 0.266122 0.468685 0.405479 0.381300 0.307991 0.466416 
0.547570 0.401487 0.506426 0.304735 0.366086 0.280047 0.331635 0.535569 0.330134 0.390766 0.240320 0.311086 0.372139 0.304352 0.460867 0.456464 0.405504 1.000000 0.426418 0.667135 0.253849 0.484793 0.498701 0.590415 0.362648 0.216846 0.449936 0.425266 0.486522 0.468481 0.514135 0.397952 0.498707 0.447901 0.476425 0.425461 0.260675 0.393339 0.161772 0.398597 0.396047 0.399815 0.357233 0.266050 0.342460 0.337018 0.332024 0.451052 0.445958 0.396125 0.268421 0.352512 0.366156 0.253343 0.453996 0.436183 0.396877 0.374260 0.316168 0.375063 0.462705 0.505821 0.416655 0.434053 0.328191 0.424582 
0.467350 0.414612 0.453184 0.251087 0.341347 0.195374 0.283450 0.409425 0.282573 0.315974 0.145332 0.411718 0.276521 0.219855 0.393797 0.420909 0.349027 0.426418 1.000000 0.583924 0.190608 0.430826 0.462699 0.438138 0.325204 0.175821 0.410882 0.451090 0.426663 0.442600 0.419490 0.391102 0.395701 0.323927 0.460774 0.357317 0.189439 0.230631 0.136536 0.239066 0.293359 0.245231 0.238090 0.214091 0.269820 0.208520 0.237064 0.375598 0.376864 0.296021 0.262111 0.321011 0.301183 0.156945 0.393292 0.386585 0.330628 0.273557 0.200945 0.339792 0.428568 0.426816 0.375721 0.362417 0.268637 0.383364 
0.624318 0.457311 0.555748 0.177879 0.319884 0.140989 0.226752 0.469075 0.235449 0.303317 0.088181 0.335292 0.261706 0.150288 0.424363 0.515898 0.301025 0.667135 0.583924 1.000000 0.107130 0.539389 0.519771 0.495686 0.277940 0.070633 0.489207 0.461351 0.487184 0.502745 0.548695 0.406768 0.443699 0.471359 0.505173 0.516544 0.136367 0.276974 0.133489 0.287338 0.267777 0.291781 0.253382 0.138229 0.286001 0.178524 0.216514 0.432292 0.491364 0.333202 0.308321 0.417080 0.426248 0.116244 0.538238 0.429447 0.436216 0.275214 0.145080 0.355570 0.501023 0.571529 0.495643 0.506412 0.297607 0.497018 
0.286534 0.112882 0.148343 0.915852 0.310916 0.095912 0.524797 0.502686 0.534545 0.682414 0.738960 0.216016 0.815266 0.277515 0.440718 0.119914 0.530443 0.253849 0.190608 0.107130 1.000000 0.142873 0.246964 0.244946 0.719237 0.198703 0.189167 0.067781 0.262327 0.263476 0.273558 0.162155 0.363498 0.371071 0.083849 0.097845 0.574723 0.430965 0.015025 0.504723 0.674147 0.523925 0.638740 0.513674 0.280921 0.660039 0.291773 0.271102 0.127963 0.421560 0.071117 0.124360 0.092674 0.583503 0.163608 0.303229 0.142148 0.621945 0.243717 0.085568 0.036143 0.272524 0.190587 0.148723 0.228529 0.247063 
0.652799 0.484880 0.678043 0.243326 0.412118 0.197735 0.324243 0.508671 0.361246 0.417052 0.136877 0.354881 0.320546 0.245150 0.526059 0.770900 0.423839 0.484793 0.430826 0.539389 0.142873 1.000000 0.716445 0.796580 0.372155 0.145553 0.656662 0.498060 0.616082 0.558414 0.652923 0.442359 0.560195 0.573848 0.556355 0.675457 0.171100 0.312905 0.177494 0.336128 0.273094 0.294558 0.304746 0.146738 0.266364 0.197086 0.241484 0.445383 0.638118 0.429215 0.412104 0.429184 0.499684 0.134872 0.675539 0.547620 0.595432 0.322897 0.183357 0.476843 0.560918 0.689673 0.617181 0.649869 0.305707 0.634321 
0.662795 0.534326 0.742144 0.361320 0.598070 0.174096 0.484080 0.542502 0.447697 0.475701 0.188318 0.372319 0.363331 0.284975 0.548618 0.861220 0.508965 0.498701 0.462699 0.519771 0.246964 0.716445 1.000000 0.685244 0.426421 0.171604 0.590684 0.459890 0.581056 0.593736 0.625962 0.580939 0.550193 0.600740 0.544786 0.644543 0.240596 0.473613 0.140943 0.439733 0.359741 0.403892 0.382155 0.223218 0.354650 0.269443 0.322858 0.492159 0.729370 0.520173 0.419536 0.380846 0.485133 0.187762 0.637357 0.777771 0.536000 0.391917 0.232809 0.435985 0.543664 0.689466 0.623059 0.632452 0.415919 0.644559 
0.597475 0.457547 0.726377 0.319837 0.473043 0.238049 0.401706 0.517140 0.387065 0.444693 0.210685 0.363054 0.367236 0.270550 0.496839 0.692523 0.439969 0.590415 0.438138 0.495686 0.244946 0.796580 0.685244 1.000000 0.428786 0.174709 0.554376 0.454695 0.546960 0.520815 0.556596 0.488646 0.544588 0.556561 0.529463 0.557975 0.248265 0.404103 0.164716 0.397583 0.392084 0.355722 0.354736 0.236183 0.340417 0.319444 0.298599 0.435747 0.541246 0.451990 0.366706 0.367871 0.445719 0.231059 0.589115 0.523554 0.572672 0.360702 0.249276 0.420924 0.501097 0.568128 0.547000 0.566572 0.325824 0.579054 
0.456535 0.299280 0.357732 0.716333 0.369804 0.168266 0.476590 0.614746 0.482320 0.878559 0.580931 0.306569 0.665673 0.330402 0.494914 0.389647 0.518924 0.362648 0.325204 0.277940 0.719237 0.372155 0.426421 0.428786 1.000000 0.233425 0.398663 0.269711 0.555727 0.385683 0.494629 0.280043 0.465343 0.533829 0.277947 0.274325 0.546140 0.443592 0.084885 0.551031 0.620528 0.554156 0.568129 0.472345 0.359807 0.636159 0.367777 0.371221 0.290310 0.535901 0.210796 0.222462 0.267297 0.511257 0.365576 0.388824 0.296006 0.564438 0.309746 0.213093 0.249569 0.420477 0.376531 0.381765 0.265296 0.437374 
0.110329 0.309547 0.139271 0.247270 0.152552 0.666401 0.167445 0.182522 0.199838 0.238707 0.162944 0.378847 0.204846 0.625093 0.180239 0.129153 0.154011 0.216846 0.175821 0.070633 0.198703 0.145553 0.171604 0.174709 0.233425 1.000000 0.148687 0.293102 0.205638 0.091656 0.134098 0.104996 0.154312 0.178722 0.196955 0.190664 0.179623 0.373136 0.588708 0.280297 0.204836 0.213734 0.194083 0.148420 0.284553 0.191277 0.461959 0.209521 0.148391 0.242418 0.369564 0.148092 0.159164 0.158973 0.162398 0.175459 0.208476 0.186118 0.689660 0.155886 0.196207 0.138302 0.150054 0.131277 0.257247 0.170014 
0.618242 0.516242 0.621668 0.281621 0.404943 0.221386 0.341462 0.510309 0.396334 0.403483 0.109830 0.351394 0.331011 0.255198 0.529150 0.646994 0.495836 0.449936 0.410882 0.489207 0.189167 0.656662 0.590684 0.554376 0.398663 0.148687 1.000000 0.582250 0.630911 0.505015 0.625508 0.441681 0.473199 0.490609 0.492628 0.556511 0.186069 0.313737 0.161466 0.314301 0.322175 0.312581 0.331018 0.165011 0.297581 0.226754 0.249480 0.422905 0.590853 0.378199 0.353458 0.405630 0.470372 0.140242 0.547621 0.526688 0.484961 0.351415 0.183700 0.439909 0.503471 0.600539 0.519268 0.554382 0.314276 0.523925 
0.545058 0.872018 0.488120 0.169439 0.311117 0.435715 0.194953 0.379321 0.260212 0.245511 0.004746 0.371348 0.171283 0.237383 0.395950 0.497453 0.318465 0.425266 0.451090 0.461351 0.067781 0.498060 0.459890 0.454695 0.269711 0.293102 0.582250 1.000000 0.505287 0.420532 0.546809 0.393969 0.366718 0.371680 0.711319 0.474845 0.031828 0.268276 0.367717 0.238534 0.209162 0.253155 0.144148 0.059654 0.268901 0.069458 0.230272 0.433254 0.481832 0.293040 0.377581 0.362637 0.396462 -0.033241 0.456014 0.385574 0.446517 0.220848 0.235661 0.436048 0.688812 0.482245 0.494422 0.452361 0.363821 0.474748 
0.562743 0.530360 0.638205 0.372554 0.401553 0.212775 0.339116 0.535220 0.331172 0.472586 0.189961 0.430165 0.351967 0.322722 0.430648 0.671465 0.419868 0.486522 0.426663 0.487184 0.262327 0.616082 0.581056 0.546960 0.555727 0.205638 0.630911 0.505287 1.000000 0.459836 0.567274 0.404529 0.467768 0.543488 0.534390 0.560947 0.295022 0.336694 0.200743 0.377389 0.386851 0.336494 0.358008 0.236904 0.387413 0.307327 0.388790 0.421611 0.556430 0.436419 0.374563 0.391841 0.452398 0.235320 0.551687 0.500668 0.457059 0.373037 0.298521 0.363117 0.515927 0.612509 0.523113 0.596825 0.288362 0.541872 
0.779200 0.425612 0.550778 0.335126 0.460756 0.122254 0.438591 0.521160 0.529643 0.427507 0.192441 0.306493 0.434033 0.210314 0.685144 0.540141 0.528572 0.468481 0.442600 0.502745 0.263476 0.558414 0.593736 0.520815 0.385683 0.091656 0.505015 0.420532 0.459836 1.000000 0.651536 0.583498 0.929063 0.520768 0.425048 0.505884 0.265639 0.341216 0.051718 0.385211 0.382094 0.415583 0.427981 0.249797 0.346836 0.349431 0.277374 0.468566 0.514950 0.415765 0.251240 0.364907 0.410399 0.243532 0.508513 0.539505 0.420449 0.394406 0.188362 0.369975 0.432362 0.579981 0.542507 0.512849 0.322959 0.581563 
0.834449 0.537010 0.652836 0.359945 0.429528 0.194072 0.392210 0.649856 0.420045 0.525008 0.230498 0.345303 0.420555 0.266840 0.579498 0.638366 0.501412 0.514135 0.419490 0.548695 0.273558 0.652923 0.625962 0.556596 0.494629 0.134098 0.625508 0.546809 0.567274 0.651536 1.000000 0.482060 0.616218 0.595787 0.522730 0.580236 0.274890 0.428440 0.147409 0.454971 0.406007 0.437065 0.410193 0.241453 0.367736 0.312020 0.321499 0.521213 0.616957 0.492565 0.352770 0.399503 0.512151 0.204370 0.597223 0.566163 0.523895 0.442251 0.224730 0.461903 0.521860 0.637212 0.607029 0.644955 0.401030 0.626725 
0.524406 0.449008 0.580061 0.229084 0.779009 0.162740 0.582699 0.417844 0.487622 0.290240 0.142119 0.448138 0.245541 0.216826 0.433657 0.487597 0.495335 0.397952 0.391102 0.406768 0.162155 0.442359 0.580939 0.488646 0.280043 0.104996 0.441681 0.393969 0.404529 0.583498 0.482060 1.000000 0.479621 0.369602 0.396970 0.382150 0.154155 0.297649 0.130402 0.307538 0.287456 0.274081 0.291893 0.178399 0.238946 0.218517 0.209630 0.367739 0.475340 0.350990 0.263943 0.302633 0.310949 0.138393 0.408847 0.520295 0.396221 0.256658 0.176054 0.319650 0.390485 0.458887 0.439479 0.435405 0.282769 0.435173 
0.694906 0.380463 0.491520 0.418777 0.442716 0.158696 0.471668 0.527994 0.541922 0.516571 0.289764 0.327857 0.526908 0.252980 0.650301 0.490595 0.550223 0.498707 0.395701 0.443699 0.363498 0.560195 0.550193 0.544588 0.465343 0.154312 0.473199 0.366718 0.467768 0.929063 0.616218 0.479621 1.000000 0.530229 0.358965 0.439591 0.363290 0.400972 0.048818 0.461776 0.443962 0.473932 0.518245 0.328829 0.362622 0.462114 0.300962 0.468666 0.447351 0.469960 0.212216 0.348708 0.362069 0.355199 0.465136 0.508142 0.391987 0.472054 0.230133 0.321391 0.363672 0.541679 0.511745 0.463902 0.318659 0.567901 
0.594956 0.411500 0.556188 0.416523 0.339387 0.183270 0.326066 0.534911 0.402492 0.525924 0.296751 0.290155 0.478543 0.268868 0.525047 0.599802 0.398545 0.447901 0.323927 0.471359 0.371071 0.573848 0.600740 0.556561 0.533829 0.178722 0.490609 0.371680 0.543488 0.520768 0.595787 0.369602 0.530229 1.000000 0.410625 0.538732 0.321922 0.413132 0.143141 0.465428 0.550597 0.535029 0.399885 0.246282 0.372343 0.418558 0.312241 0.549451 0.540444 0.541199 0.347616 0.390579 0.481961 0.296451 0.525177 0.503609 0.452539 0.390560 0.276255 0.360387 0.414319 0.574323 0.675858 0.723118 0.313755 0.683532 
0.562936 0.753882 0.543198 0.205394 0.292598 0.306022 0.173097 0.406170 0.226964 0.270138 0.020679 0.404498 0.187831 0.229758 0.391039 0.566123 0.284899 0.476425 0.460774 0.505173 0.083849 0.556355 0.544786 0.529463 0.277947 0.196955 0.492628 0.711319 0.534390 0.425048 0.522730 0.396970 0.358965 0.410625 1.000000 0.597931 0.076080 0.307683 0.248722 0.256114 0.218430 0.231962 0.154330 0.085102 0.329439 0.081902 0.298952 0.418983 0.519720 0.341307 0.381057 0.395295 0.453005 -0.013497 0.584373 0.449622 0.502381 0.251474 0.208186 0.583364 0.881304 0.611687 0.550478 0.544737 0.400201 0.543351 
0.616752 0.522946 0.661150 0.184163 0.330594 0.166542 0.224748 0.421915 0.266713 0.315965 0.032636 0.338583 0.237617 0.278093 0.443764 0.711373 0.329493 0.425461 0.357317 0.516544 0.097845 0.675457 0.644543 0.557975 0.274325 0.190664 0.556511 0.474845 0.560947 0.505884 0.580236 0.382150 0.439591 0.538732 0.597931 1.000000 0.119356 0.324443 0.199801 0.273410 0.242185 0.253325 0.231395 0.063603 0.368470 0.108098 0.334635 0.430830 0.652247 0.341417 0.497336 0.393241 0.491719 0.040736 0.668744 0.564436 0.597273 0.253493 0.202371 0.467103 0.571781 0.719859 0.640202 0.679588 0.398833 0.648070 
0.291671 0.080233 0.200653 0.571263 0.305192 0.106658 0.484812 0.515155 0.458582 0.584275 0.509788 0.243387 0.628536 0.315733 0.424800 0.137237 0.481426 0.260675 0.189439 0.136367 0.574723 0.171100 0.240596 0.248265 0.546140 0.179623 0.186069 0.031828 0.295022 0.265639 0.274890 0.154155 0.363290 0.321922 0.076080 0.119356 1.000000 0.362990 0.051621 0.448806 0.555373 0.471471 0.682871 0.621247 0.286198 0.676659 0.314941 0.231037 0.088158 0.362102 0.079497 0.082482 0.063846 0.842441 0.195315 0.258266 0.151832 0.659847 0.228770 0.091377 0.004680 0.199251 0.179885 0.160761 0.146751 0.242993 
0.393122 0.308954 0.377115 0.465585 0.365472 0.294845 0.457207 0.458661 0.443936 0.502872 0.376663 0.323941 0.475156 0.343792 0.423504 0.332337 0.436940 0.393339 0.230631 0.276974 0.430965 0.312905 0.473613 0.404103 0.443592 0.373136 0.313737 0.268276 0.336694 0.341216 0.428440 0.297649 0.400972 0.413132 0.307683 0.324443 0.362990 1.000000 0.210192 0.751893 0.472738 0.558324 0.427070 0.375025 0.386270 0.455788 0.365269 0.524465 0.371760 0.667613 0.316458 0.239397 0.338581 0.363275 0.416519 0.521929 0.431480 0.432957 0.366110 0.325633 0.288522 0.377409 0.388355 0.348315 0.705467 0.404084 
0.123493 0.276001 0.162793 0.059899 0.088171 0.713437 0.030376 0.128084 0.057612 0.042500 0.012968 0.215248 0.002984 0.375709 0.077537 0.159152 0.043836 0.161772 0.136536 0.133489 0.015025 0.177494 0.140943 0.164716 0.084885 0.588708 0.161466 0.367717 0.200743 0.051718 0.147409 0.130402 0.048818 0.143141 0.248722 0.199801 0.051621 0.210192 1.000000 0.136457 0.056341 0.112702 0.017605 0.035546 0.194507 0.004154 0.290136 0.201385 0.207440 0.135117 0.273052 0.128426 0.119780 0.022054 0.162548 0.155786 0.184508 0.040231 0.566979 0.222638 0.251210 0.133507 0.176316 0.167788 0.223892 0.156728 
0.402938 0.264114 0.343451 0.519152 0.344956 0.205814 0.478751 0.457593 0.492351 0.636476 0.414451 0.302680 0.568316 0.333420 0.427402 0.330388 0.494969 0.398597 0.239066 0.287338 0.504723 0.336128 0.439733 0.397583 0.551031 0.280297 0.314301 0.238534 0.377389 0.385211 0.454971 0.307538 0.461776 0.465428 0.256114 0.273410 0.448806 0.751893 0.136457 1.000000 0.527121 0.842451 0.512815 0.400492 0.327939 0.570365 0.367390 0.571549 0.339038 0.910993 0.252506 0.295810 0.308199 0.415450 0.340964 0.442796 0.309383 0.482852 0.323570 0.287613 0.247179 0.417446 0.389321 0.344515 0.482559 0.404043 
0.439392 0.236184 0.318347 0.599598 0.386732 0.138405 0.519136 0.572960 0.510205 0.607537 0.547218 0.303268 0.734355 0.316186 0.517304 0.275466 0.520995 0.396047 0.293359 0.267777 0.674147 0.273094 0.359741 0.392084 0.620528 0.204836 0.322175 0.209162 0.386851 0.382094 0.406007 0.287456 0.443962 0.550597 0.218430 0.242185 0.555373 0.472738 0.056341 0.527121 1.000000 0.553440 0.626225 0.532896 0.283182 0.630449 0.277593 0.393578 0.265713 0.466516 0.239208 0.193923 0.294957 0.597727 0.286560 0.363387 0.284081 0.627783 0.246203 0.199932 0.174525 0.408508 0.284505 0.294260 0.267341 0.322323 
0.413065 0.267780 0.297359 0.523117 0.290182 0.169891 0.424683 0.460953 0.471349 0.612203 0.395924 0.243056 0.583187 0.268375 0.441724 0.282712 0.456063 0.399815 0.245231 0.291781 0.523925 0.294558 0.403892 0.355722 0.554156 0.213734 0.312581 0.253155 0.336494 0.415583 0.437065 0.274081 0.473932 0.535029 0.231962 0.253325 0.471471 0.558324 0.112702 0.842451 0.553440 1.000000 0.497883 0.376279 0.317460 0.585455 0.323485 0.652958 0.266476 0.759780 0.182362 0.287986 0.279780 0.424319 0.292415 0.375881 0.249277 0.469853 0.282416 0.254219 0.208420 0.372769 0.441893 0.294071 0.384032 0.441246 
0.466360 0.170776 0.295666 0.635084 0.440503 0.118208 0.660508 0.586117 0.671215 0.638027 0.533676 0.236023 0.803592 0.296132 0.619714 0.260367 0.712014 0.357233 0.238090 0.253382 0.638740 0.304746 0.382155 0.354736 0.568129 0.194083 0.331018 0.144148 0.358008 0.427981 0.410193 0.291893 0.518245 0.399885 0.154330 0.231395 0.682871 0.427070 0.017605 0.512815 0.626225 0.497883 1.000000 0.511673 0.329758 0.670328 0.320373 0.311562 0.271439 0.440000 0.124197 0.172998 0.168082 0.695273 0.267857 0.417356 0.240684 0.880980 0.235787 0.170710 0.132286 0.419092 0.297158 0.274419 0.211980 0.387188 
0.279898 0.087381 0.163014 0.465297 0.297891 0.100103 0.440928 0.481744 0.400111 0.531596 0.632491 0.308895 0.557887 0.271308 0.389032 0.139763 0.415273 0.266050 0.214091 0.138229 0.513674 0.146738 0.223218 0.236183 0.472345 0.148420 0.165011 0.059654 0.236904 0.249797 0.241453 0.178399 0.328829 0.246282 0.085102 0.063603 0.621247 0.375025 0.035546 0.400492 0.532896 0.376279 0.511673 1.000000 0.246426 0.651260 0.228191 0.174126 0.072236 0.326794 0.105221 0.093411 0.157670 0.804191 0.158312 0.234438 0.123741 0.479491 0.206052 0.084879 0.026879 0.193125 0.113361 0.101364 0.186664 0.177751 
0.348634 0.349161 0.403371 0.339719 0.270718 0.264558 0.315762 0.337312 0.345779 0.370816 0.208709 0.244938 0.331416 0.371358 0.351862 0.332253 0.361013 0.342460 0.269820 0.286001 0.280921 0.266364 0.354650 0.340417 0.359807 0.284553 0.297581 0.268901 0.387413 0.346836 0.367736 0.238946 0.362622 0.372343 0.329439 0.368470 0.286198 0.386270 0.194507 0.327939 0.283182 0.317460 0.329758 0.246426 1.000000 0.293855 0.798234 0.341174 0.331879 0.327797 0.241745 0.426586 0.296765 0.229576 0.346476 0.349540 0.297864 0.331868 0.638506 0.270877 0.287649 0.346343 0.346594 0.305434 0.426495 0.367973 
0.361189 0.101233 0.208722 0.602646 0.330918 0.121472 0.520027 0.539170 0.546798 0.639085 0.656994 0.246978 0.739963 0.243936 0.523655 0.168715 0.536065 0.337018 0.208520 0.178524 0.660039 0.197086 0.269443 0.319444 0.636159 0.191277 0.226754 0.069458 0.307327 0.349431 0.312020 0.218517 0.462114 0.418558 0.081902 0.108098 0.676659 0.455788 0.004154 0.570365 0.630449 0.585455 0.670328 0.651260 0.293855 1.000000 0.283279 0.356239 0.130856 0.475041 0.096310 0.149526 0.185280 0.807286 0.173928 0.265760 0.166531 0.571053 0.249278 0.081616 0.032635 0.265744 0.236120 0.205543 0.240519 0.305218 
0.287460 0.299578 0.356223 0.378910 0.263360 0.330127 0.295311 0.278154 0.310485 0.378265 0.190139 0.297038 0.305440 0.696090 0.297835 0.309324 0.328539 0.332024 0.237064 0.216514 0.291773 0.241484 0.322858 0.298599 0.367777 0.461959 0.249480 0.230272 0.388790 0.277374 0.321499 0.209630 0.300962 0.312241 0.298952 0.334635 0.314941 0.365269 0.290136 0.367390 0.277593 0.323485 0.320373 0.228191 0.798234 0.283279 1.000000 0.322584 0.274721 0.361784 0.271893 0.317929 0.194030 0.221756 0.319924 0.293298 0.256416 0.323736 0.757084 0.213871 0.283721 0.325218 0.299080 0.260617 0.325938 0.319890 
0.502410 0.457457 0.445549 0.355359 0.313463 0.210883 0.298398 0.432349 0.327638 0.403120 0.139346 0.286994 0.338015 0.227386 0.406141 0.429999 0.376299 0.451052 0.375598 0.432292 0.271102 0.445383 0.492159 0.435747 0.371221 0.209521 0.422905 0.433254 0.421611 0.468566 0.521213 0.367739 0.468666 0.549451 0.418983 0.430830 0.231037 0.524465 0.201385 0.571549 0.393578 0.652958 0.311562 0.174126 0.341174 0.356239 0.322584 1.000000 0.425954 0.585915 0.295444 0.460596 0.404712 0.170034 0.460516 0.463984 0.415043 0.332656 0.255325 0.388071 0.410803 0.470710 0.746957 0.438866 0.557649 0.658530 
0.628878 0.468482 0.681066 0.230013 0.401922 0.206821 0.302951 0.455693 0.338638 0.320864 0.028407 0.297424 0.273450 0.224637 0.475412 0.753846 0.447667 0.445958 0.376864 0.491364 0.127963 0.638118 0.729370 0.541246 0.290310 0.148391 0.590853 0.481832 0.556430 0.514950 0.616957 0.475340 0.447351 0.540444 0.519720 0.652247 0.088158 0.371760 0.207440 0.339038 0.265713 0.266476 0.271439 0.072236 0.331879 0.130856 0.274721 0.425954 1.000000 0.433273 0.428745 0.388720 0.500726 0.021720 0.617088 0.825296 0.669924 0.305800 0.245769 0.460864 0.565910 0.690668 0.592641 0.673924 0.372274 0.577024 
0.447221 0.321072 0.413449 0.461269 0.352465 0.196551 0.425135 0.459146 0.456776 0.601163 0.341518 0.298849 0.489471 0.310180 0.431672 0.437648 0.459928 0.396125 0.296021 0.333202 0.421560 0.429215 0.520173 0.451990 0.535901 0.242418 0.378199 0.293040 0.436419 0.415765 0.492565 0.350990 0.469960 0.541199 0.341307 0.341417 0.362102 0.667613 0.135117 0.910993 0.466516 0.759780 0.440000 0.326794 0.327797 0.475041 0.361784 0.585915 0.433273 1.000000 0.289115 0.363608 0.369039 0.323943 0.430820 0.497270 0.374351 0.435350 0.305406 0.372207 0.358042 0.486367 0.470346 0.430546 0.438341 0.471428 
0.376688 0.411373 0.427164 0.142996 0.212542 0.233921 0.143654 0.286370 0.190601 0.242888 0.087256 0.369671 0.187898 0.380586 0.288823 0.458718 0.209522 0.268421 0.262111 0.308321 0.071117 0.412104 0.419536 0.366706 0.210796 0.369564 0.353458 0.377581 0.374563 0.251240 0.352770 0.263943 0.212216 0.347616 0.381057 0.497336 0.079497 0.316458 0.273052 0.252506 0.239208 0.182362 0.124197 0.105221 0.241745 0.096310 0.271893 0.295444 0.428745 0.289115 1.000000 0.244944 0.543015 0.044646 0.435199 0.359332 0.472683 0.134514 0.248476 0.302372 0.398477 0.400908 0.360020 0.450750 0.314410 0.371423 
0.414394 0.395351 0.444617 0.179429 0.249025 0.123300 0.196694 0.388041 0.241737 0.215398 0.114839 0.236952 0.183753 0.168309 0.326625 0.400519 0.259674 0.352512 0.321011 0.417080 0.124360 0.429184 0.380846 0.367871 0.222462 0.148092 0.405630 0.362637 0.391841 0.364907 0.399503 0.302633 0.348708 0.390579 0.395295 0.393241 0.082482 0.239397 0.128426 0.295810 0.193923 0.287986 0.172998 0.093411 0.426586 0.149526 0.317929 0.460596 0.388720 0.363608 0.244944 1.000000 0.455847 0.079233 0.424389 0.342726 0.372016 0.205376 0.262868 0.345278 0.389613 0.384703 0.433428 0.383032 0.229725 0.399684 
0.549438 0.391518 0.532846 0.151243 0.261717 0.156296 0.197815 0.392191 0.248421 0.273672 0.116405 0.276927 0.237306 0.205818 0.395219 0.541419 0.269555 0.366156 0.301183 0.426248 0.092674 0.499684 0.485133 0.445719 0.267297 0.159164 0.470372 0.396462 0.452398 0.410399 0.512151 0.310949 0.362069 0.481961 0.453005 0.491719 0.063846 0.338581 0.119780 0.308199 0.294957 0.279780 0.168082 0.157670 0.296765 0.185280 0.194030 0.404712 0.500726 0.369039 0.543015 0.455847 1.000000 0.079768 0.460735 0.400924 0.425656 0.182810 0.164953 0.413063 0.468944 0.462578 0.456265 0.528280 0.317972 0.440729 
0.267260 -0.002551 0.150044 0.513116 0.291758 0.085132 0.491626 0.527531 0.470961 0.552675 0.650093 0.244107 0.679296 0.243825 0.443623 0.082625 0.465669 0.253343 0.156945 0.116244 0.583503 0.134872 0.187762 0.231059 0.511257 0.158973 0.140242 -0.033241 0.235320 0.243532 0.204370 0.138393 0.355199 0.296451 -0.013497 0.040736 0.842441 0.363275 0.022054 0.415450 0.597727 0.424319 0.695273 0.804191 0.229576 0.807286 0.221756 0.170034 0.021720 0.323943 0.044646 0.079233 0.079768 1.000000 0.111442 0.194792 0.095355 0.612795 0.198316 0.031332 -0.071457 0.146306 0.095189 0.085398 0.112077 0.167530 
0.611682 0.494975 0.635711 0.268408 0.322837 0.179365 0.264643 0.496983 0.335056 0.404716 0.118821 0.321250 0.296720 0.237300 0.448781 0.687964 0.391261 0.453996 0.393292 0.538238 0.163608 0.675539 0.637357 0.589115 0.365576 0.162398 0.547621 0.456014 0.551687 0.508513 0.597223 0.408847 0.465136 0.525177 0.584373 0.668744 0.195315 0.416519 0.162548 0.340964 0.286560 0.292415 0.267857 0.158312 0.346476 0.173928 0.319924 0.460516 0.617088 0.430820 0.435199 0.424389 0.460735 0.111442 1.000000 0.586340 0.797557 0.295092 0.202452 0.528732 0.580121 0.664069 0.626265 0.667291 0.369572 0.689879 
0.593920 0.425611 0.612514 0.396024 0.514956 0.200532 0.486110 0.499376 0.464143 0.433106 0.192627 0.350789 0.390399 0.256747 0.513319 0.633007 0.537003 0.436183 0.386585 0.429447 0.303229 0.547620 0.777771 0.523554 0.388824 0.175459 0.526688 0.385574 0.500668 0.539505 0.566163 0.520295 0.508142 0.503609 0.449622 0.564436 0.258266 0.521929 0.155786 0.442796 0.363387 0.375881 0.417356 0.234438 0.349540 0.265760 0.293298 0.463984 0.825296 0.497270 0.359332 0.342726 0.400924 0.194792 0.586340 1.000000 0.643897 0.394865 0.241103 0.395690 0.446697 0.605769 0.542354 0.529073 0.429856 0.539092 
0.541183 0.453763 0.597557 0.224041 0.329128 0.218782 0.285678 0.438520 0.320278 0.333201 0.079252 0.318849 0.281472 0.219853 0.415969 0.568078 0.391406 0.396877 0.330628 0.436216 0.142148 0.595432 0.536000 0.572672 0.296006 0.208476 0.484961 0.446517 0.457059 0.420449 0.523895 0.396221 0.391987 0.452539 0.502381 0.597273 0.151832 0.431480 0.184508 0.309383 0.284081 0.249277 0.240684 0.123741 0.297864 0.166531 0.256416 0.415043 0.669924 0.374351 0.472683 0.372016 0.425656 0.095355 0.797557 0.643897 1.000000 0.264855 0.225250 0.491679 0.525105 0.539947 0.521847 0.528265 0.351603 0.552229 
0.486827 0.236080 0.306164 0.605701 0.399699 0.121348 0.562472 0.589163 0.567439 0.616651 0.487032 0.248360 0.753481 0.296382 0.586082 0.293386 0.607704 0.374260 0.273557 0.275214 0.621945 0.322897 0.391917 0.360702 0.564438 0.186118 0.351415 0.220848 0.373037 0.394406 0.442251 0.256658 0.472054 0.390560 0.251474 0.253493 0.659847 0.432957 0.040231 0.482852 0.627783 0.469853 0.880980 0.479491 0.331868 0.571053 0.323736 0.332656 0.305800 0.435350 0.134514 0.205376 0.182810 0.612795 0.295092 0.394865 0.264855 1.000000 0.223840 0.226291 0.231954 0.486745 0.307449 0.283750 0.244691 0.370473 
0.191935 0.244264 0.281768 0.305961 0.217935 0.550870 0.250191 0.258480 0.279450 0.303732 0.183114 0.242465 0.243062 0.619430 0.248024 0.203303 0.258756 0.316168 0.200945 0.145080 0.243717 0.183357 0.232809 0.249276 0.309746 0.689660 0.183700 0.235661 0.298521 0.188362 0.224730 0.176054 0.230133 0.276255 0.208186 0.202371 0.228770 0.366110 0.566979 0.323570 0.246203 0.282416 0.235787 0.206052 0.638506 0.249278 0.757084 0.255325 0.245769 0.305406 0.248476 0.262868 0.164953 0.198316 0.202452 0.241103 0.225250 0.223840 1.000000 0.184627 0.201330 0.202526 0.218601 0.179539 0.279790 0.233882 
0.459119 0.428855 0.471317 0.163766 0.241979 0.244713 0.151782 0.330792 0.202002 0.232350 0.015063 0.221131 0.179816 0.145839 0.328150 0.450453 0.251459 0.375063 0.339792 0.355570 0.085568 0.476843 0.435985 0.420924 0.213093 0.155886 0.439909 0.436048 0.363117 0.369975 0.461903 0.319650 0.321391 0.360387 0.583364 0.467103 0.091377 0.325633 0.222638 0.287613 0.199932 0.254219 0.170710 0.084879 0.270877 0.081616 0.213871 0.388071 0.460864 0.372207 0.302372 0.345278 0.413063 0.031332 0.528732 0.395690 0.491679 0.226291 0.184627 1.000000 0.621174 0.518402 0.415843 0.457027 0.335261 0.423180 
0.562340 0.650271 0.553648 0.166768 0.292575 0.318208 0.150961 0.394790 0.197963 0.248550 -0.015973 0.328969 0.149009 0.231780 0.377708 0.577052 0.266122 0.462705 0.428568 0.501023 0.036143 0.560918 0.543664 0.501097 0.249569 0.196207 0.503471 0.688812 0.515927 0.432362 0.521860 0.390485 0.363672 0.414319 0.881304 0.571781 0.004680 0.288522 0.251210 0.247179 0.174525 0.208420 0.132286 0.026879 0.287649 0.032635 0.283721 0.410803 0.565910 0.358042 0.398477 0.389613 0.468944 -0.071457 0.580121 0.446697 0.525105 0.231954 0.201330 0.621174 1.000000 0.617010 0.532341 0.549888 0.367852 0.519311 
0.667160 0.521719 0.656476 0.340444 0.430787 0.175935 0.357241 0.532380 0.377147 0.459233 0.187977 0.355605 0.427390 0.279320 0.518262 0.693061 0.468685 0.505821 0.426816 0.571529 0.272524 0.689673 0.689466 0.568128 0.420477 0.138302 0.600539 0.482245 0.612509 0.579981 0.637212 0.458887 0.541679 0.574323 0.611687 0.719859 0.199251 0.377409 0.133507 0.417446 0.408508 0.372769 0.419092 0.193125 0.346343 0.265744 0.325218 0.470710 0.690668 0.486367 0.400908 0.384703 0.462578 0.146306 0.664069 0.605769 0.539947 0.486745 0.202526 0.518402 0.617010 1.000000 0.619002 0.681028 0.379703 0.634997 
0.604076 0.529633 0.580317 0.306611 0.352348 0.174150 0.275033 0.462024 0.323895 0.407749 0.082014 0.278562 0.298968 0.196852 0.434359 0.624436 0.405479 0.416655 0.375721 0.495643 0.190587 0.617181 0.623059 0.547000 0.376531 0.150054 0.519268 0.494422 0.523113 0.542507 0.607029 0.439479 0.511745 0.675858 0.550478 0.640202 0.179885 0.388355 0.176316 0.389321 0.284505 0.441893 0.297158 0.113361 0.346594 0.236120 0.299080 0.746957 0.592641 0.470346 0.360020 0.433428 0.456265 0.095189 0.626265 0.542354 0.521847 0.307449 0.218601 0.415843 0.532341 0.619002 1.000000 0.733082 0.484747 0.951178 
0.650489 0.486300 0.662199 0.252324 0.340622 0.187185 0.245072 0.497964 0.312922 0.393142 0.101882 0.288135 0.296755 0.215330 0.482322 0.707189 0.381300 0.434053 0.362417 0.506412 0.148723 0.649869 0.632452 0.566572 0.381765 0.131277 0.554382 0.452361 0.596825 0.512849 0.644955 0.435405 0.463902 0.723118 0.544737 0.679588 0.160761 0.348315 0.167788 0.344515 0.294260 0.294071 0.274419 0.101364 0.305434 0.205543 0.260617 0.438866 0.673924 0.430546 0.450750 0.383032 0.528280 0.085398 0.667291 0.529073 0.528265 0.283750 0.179539 0.457027 0.549888 0.681028 0.733082 1.000000 0.345738 0.751142 
0.369024 0.387486 0.357296 0.272129 0.261449 0.297588 0.263073 0.297468 0.269617 0.302749 0.168072 0.290133 0.267559 0.252540 0.294539 0.319313 0.307991 0.328191 0.268637 0.297607 0.228529 0.305707 0.415919 0.325824 0.265296 0.257247 0.314276 0.363821 0.288362 0.322959 0.401030 0.282769 0.318659 0.313755 0.400201 0.398833 0.146751 0.705467 0.223892 0.482559 0.267341 0.384032 0.211980 0.186664 0.426495 0.240519 0.325938 0.557649 0.372274 0.438341 0.314410 0.229725 0.317972 0.112077 0.369572 0.429856 0.351603 0.244691 0.279790 0.335261 0.367852 0.379703 0.484747 0.345738 1.000000 0.438770 
0.629055 0.519099 0.591154 0.356113 0.361943 0.156317 0.325800 0.498201 0.400092 0.488832 0.141925 0.284986 0.377779 0.214287 0.488134 0.642806 0.466416 0.424582 0.383364 0.497018 0.247063 0.634321 0.644559 0.579054 0.437374 0.170014 0.523925 0.474748 0.541872 0.581563 0.626725 0.435173 0.567901 0.683532 0.543351 0.648070 0.242993 0.404084 0.156728 0.404043 0.322323 0.441246 0.387188 0.177751 0.367973 0.305218 0.319890 0.658530 0.577024 0.471428 0.371423 0.399684 0.440729 0.167530 0.689879 0.539092 0.552229 0.370473 0.233882 0.423180 0.519311 0.634997 0.951178 0.751142 0.438770 1.000000 
