0.000000000000000000e+00 3.275824415811312562e-03 5.780866616137610723e-04 9.262232956078260415e-03 4.097992112328661951e-03 9.878858728466272457e-03 1.194712434001772789e-03 2.556427681358632280e-03 5.922176688976529824e-03 4.431997739038834490e-03 1.401538995156918418e-02 1.284637025808357912e-05 5.523939210975939039e-04 3.070282491681975215e-03 2.042572871035288912e-03 2.556427681358632280e-03 3.841064707166989833e-03 3.584137302005318583e-03 5.716634764847192476e-03 7.129735493236385654e-03 5.048623511426846532e-03 1.257659648266382275e-02 7.052657271687884366e-03 1.044409901982194973e-02 2.427963978777796222e-03 5.511092840717855129e-03 6.551648831622624691e-04 6.307567796719037133e-03 1.670028133550865133e-04 1.811338206389784614e-03 1.324460773608416957e-02 1.785645465873617445e-03 2.248114795164626260e-03 5.279858176072350397e-03 4.663232403684339222e-03 3.275824415811312562e-03 1.979625656770679296e-02 7.155428233752553040e-03 2.171036573616124971e-03 4.663232403684339222e-03 2.402271238261629270e-03 8.607068072915997079e-04 4.586154182135837934e-03 4.354919517490333201e-03 2.350885757229294933e-03 1.965494649486787624e-03 3.018897010649640878e-03 3.404288118392148187e-03 1.018717161466027761e-02 3.892450188199324170e-03 5.151394473491515205e-03 9.930244209498605493e-03 1.785645465873617445e-03 1.637912207905656281e-02 4.239302185167581160e-04 6.423185129041789391e-05 6.808576236784296375e-04 1.072671916549978836e-02 7.617897563043561637e-03 3.943835669231658507e-03 3.866757447683157219e-03 7.001271790655550463e-03 2.839047827036470916e-03 6.307567796719037133e-03 3.584137302005318583e-03 3.468519969682566108e-04 
3.275824415811312562e-03 0.000000000000000000e+00 8.208830594915407161e-03 5.922176688976529824e-03 1.067533368446745359e-02 1.563403260408771644e-02 1.337307143866500563e-02 1.374561617614942968e-03 6.024947651041198497e-03 1.242244003956682018e-02 6.641573423429209672e-03 3.468519969682566108e-04 3.095975232198142600e-03 2.736276864971802242e-03 6.037794021299282407e-04 3.120383335688501139e-02 7.694975784592063793e-03 1.888416427938286119e-03 1.914109168454453287e-03 2.325193016713127548e-03 8.953920069884253527e-03 4.520637693819611058e-02 3.618822501702143729e-02 3.904011921431599363e-02 1.129195945685546563e-02 1.763806636434875341e-02 2.200583225209716901e-02 6.294721426460953007e-04 8.799763626787250950e-03 1.631489022776614435e-03 3.558444561489151198e-03 2.068265611551456298e-03 8.234523335431573679e-03 1.622496563595956023e-02 1.580103541744280098e-03 1.460632298344102797e-02 2.633505902907133569e-03 6.667266163945377057e-03 2.736276864971802242e-03 7.900517708721400273e-03 1.188289248872730942e-02 8.208830594915407161e-03 4.560461441619670549e-03 1.632773659802422977e-02 8.953920069884253527e-03 9.570545842272265569e-03 4.072299371812494566e-03 5.999254910525031112e-03 4.791696106265174414e-03 1.016147887414411109e-02 1.856300502293077234e-02 2.607813162390966617e-03 1.884562516860861098e-02 4.663232403684339222e-03 2.221137417622650809e-02 6.487416980332207095e-03 9.981629690530940263e-03 1.124057397582313086e-02 3.532751820972984246e-03 5.613863802782523803e-03 4.303534036457998431e-03 1.481186490757036532e-02 1.535141245840987607e-02 2.395848053132587294e-02 1.323176136582608631e-03 2.372724586668037081e-02 
5.780866616137610723e-04 8.208830594915407161e-03 0.000000000000000000e+00 2.941818789101139590e-03 3.352902637359813851e-03 5.408321878653186456e-03 1.528718060711945761e-03 4.868774327813676570e-03 8.851149107819585721e-03 5.819405726911861150e-03 4.123684852844828469e-03 8.157445113883072391e-03 9.647624063820766857e-03 2.813355086520303531e-03 8.774070886271084432e-03 2.350885757229294933e-03 1.926955538712536817e-04 1.991187390002954576e-03 4.920159808846010473e-03 7.772054006140565081e-03 3.018897010649640878e-03 8.362987038012409738e-03 1.503025320195778593e-03 1.100933931117762700e-02 5.947869429492697209e-03 6.847115347558547019e-03 6.423185129041789391e-05 5.716634764847192476e-03 3.095975232198142600e-03 1.082949012756445617e-02 6.641573423429209672e-03 1.811338206389784614e-03 9.082383772465089586e-03 4.226455814909497143e-03 5.716634764847192476e-03 8.208830594915407161e-03 6.358953277751371036e-03 3.532751820972984246e-03 4.791696106265174414e-03 3.866757447683157219e-03 9.724702285369268145e-03 9.891705098724354415e-04 8.928227329368087009e-03 4.072299371812494566e-03 1.156173323227522036e-04 1.965494649486787624e-03 4.663232403684339222e-03 4.380612258006500587e-03 9.634777693562683815e-04 6.564495201880708383e-03 6.692958904461544442e-03 7.322431047107639743e-04 1.811338206389784614e-03 3.198746194262810840e-03 2.376578497745461885e-03 6.076333132073532400e-03 5.202779954523849108e-03 1.116349575427462958e-02 1.874285420654394144e-02 2.376578497745461885e-03 8.260216075947740197e-03 1.314183677401950003e-02 3.095975232198142600e-03 7.746361265624397696e-03 1.278213840679316010e-02 3.095975232198142600e-03 
9.262232956078260415e-03 5.922176688976529824e-03 2.941818789101139590e-03 0.000000000000000000e+00 2.016880130519121961e-03 1.323176136582608631e-03 2.556427681358632280e-03 6.718651644977711827e-03 5.305550916588517782e-03 8.350140667754326479e-04 3.481366339940649909e-03 7.155428233752553040e-03 9.108076512981257838e-03 8.054674151818402850e-03 7.412355638914225157e-03 7.720668525108230311e-03 5.819405726911861150e-03 1.041840627930578148e-02 1.573680356615238252e-02 1.537710519892604259e-02 5.780866616137610723e-04 1.547987616099071213e-02 1.413100728389193720e-04 8.928227329368087009e-03 1.108641753272612829e-02 7.926210449237568526e-03 4.406304998522667105e-03 6.821422607042380501e-03 1.054686998188661753e-02 9.853165987950104204e-03 6.050640391557365882e-03 3.841064707166989833e-03 1.591665274976555508e-02 7.977595930269901561e-03 1.496602135066736963e-02 8.671299924206414891e-03 6.281875056202869748e-03 4.791696106265174414e-03 5.485400100201687744e-03 3.455673599424482524e-03 5.074316251943013917e-03 3.455673599424482524e-03 6.333260537235204518e-03 3.918142928715491122e-03 4.997238030394511761e-03 8.260216075947740197e-03 9.416389399175262992e-03 5.100008992459180435e-03 8.080366892334571102e-03 7.052657271687884366e-03 7.001271790655550463e-03 9.930244209498605493e-03 1.246097915034107126e-03 5.100008992459180435e-03 1.152319412150096950e-02 9.365003918142928221e-03 8.311601556980074967e-03 1.722698251609007872e-02 2.954665159359223282e-04 1.413100728389193720e-04 2.167182662538699733e-02 1.722698251609007872e-02 3.468519969682566108e-04 2.530734940842464895e-03 1.374561617614942968e-03 7.065503641945968059e-04 
4.097992112328661951e-03 1.067533368446745359e-02 3.352902637359813851e-03 2.016880130519121961e-03 0.000000000000000000e+00 1.702144059196074311e-02 1.930809449789961871e-02 1.429801009724702282e-02 2.400986601235820944e-02 1.517156327479670698e-02 1.324460773608416957e-02 1.491463586963503486e-02 6.808576236784296375e-04 2.293077091067918793e-02 1.203704893182431374e-02 8.722685405238749662e-03 8.979612810400421780e-03 1.375846254640751207e-02 2.183882943874208230e-04 1.213981989388898154e-02 7.617897563043561637e-03 8.607068072915997079e-04 1.404108269208535070e-02 4.843081587297509184e-03 1.075241190601595488e-02 1.545418342047454562e-02 8.183137854399238909e-03 2.002749123235229856e-02 2.505042200326297944e-03 2.149197744177382824e-02 1.028994257672494715e-02 2.842901738113895807e-02 1.278213840679316010e-02 3.352902637359813851e-03 1.862723687422118950e-03 1.098364657066145875e-02 2.248114795164626260e-03 9.596238582788433821e-03 1.807484295312359462e-02 2.208291047364567203e-02 1.528718060711945761e-03 1.799776473157509507e-02 1.118918849479079609e-02 5.793712986395693765e-03 2.440810349035879914e-04 1.106072479220996177e-02 9.647624063820766857e-03 1.750960266176791735e-02 1.528718060711945761e-03 2.372724586668037081e-02 1.108641753272612829e-02 2.479349459810130558e-03 8.774070886271084432e-03 7.206813714784887810e-03 5.665249283814857706e-03 8.876841848335752239e-03 8.414372519044744508e-03 1.093226108962912571e-02 1.974487108667445992e-02 3.661215523553819871e-03 5.254165435556183879e-03 8.979612810400421780e-03 4.945852549362177858e-03 3.982374780005909476e-04 6.024947651041198497e-03 7.849132227689067237e-03 
9.878858728466272457e-03 1.563403260408771644e-02 5.408321878653186456e-03 1.323176136582608631e-03 1.702144059196074311e-02 0.000000000000000000e+00 9.493467620723764280e-03 1.926955538712536817e-04 1.759952725357450277e-03 4.894467068329843087e-03 6.590187942396875768e-03 4.663232403684339222e-03 1.154888686201713775e-02 1.062394820343511882e-02 1.278213840679316010e-02 5.947869429492697209e-03 4.496229590329252302e-04 3.468519969682566108e-04 2.325193016713127548e-03 3.121667972714309552e-03 3.275824415811312562e-03 1.198566345079197897e-02 7.206813714784887810e-03 1.021286435517644413e-02 6.487416980332207095e-03 1.923101627635111568e-02 6.333260537235204518e-03 1.129195945685546563e-02 5.459707359685521226e-03 8.953920069884253527e-03 4.560461441619670549e-03 4.534768701103503163e-03 1.016147887414411109e-02 1.348868877098775799e-03 3.018897010649640878e-03 1.041840627930578148e-02 7.592204822527395119e-03 5.896483948460362438e-03 3.455673599424482524e-03 2.440810349035879914e-04 3.841064707166989833e-03 2.736276864971802242e-03 1.573680356615238252e-02 9.377850288401012131e-04 5.639556543298691188e-03 1.049548450085428276e-02 1.067533368446745359e-02 5.125701732975347820e-03 1.914109168454453287e-03 3.609830042521485535e-03 1.257659648266382275e-02 5.459707359685521226e-03 2.941818789101139590e-03 8.542836221625578833e-03 5.100008992459180435e-03 2.864740567552637868e-03 1.117634212453271284e-03 1.211412715337281502e-02 8.362987038012409738e-03 1.297483396066441462e-03 2.222422054648458874e-03 1.440078105931169063e-02 7.669283044075896408e-03 9.878858728466272457e-03 2.222422054648458874e-03 7.977595930269901561e-03 
1.194712434001772789e-03 1.337307143866500563e-02 1.528718060711945761e-03 2.556427681358632280e-03 1.930809449789961871e-02 9.493467620723764280e-03 0.000000000000000000e+00 7.026964531171717848e-03 2.835193915959045852e-02 1.360430610331050949e-02 9.904551468982438975e-03 7.206813714784887810e-03 1.914109168454453287e-03 1.406677543260151896e-02 1.188289248872730942e-02 9.699009544853101628e-03 7.694975784592063793e-03 7.746361265624397696e-03 6.872808088074714404e-03 9.108076512981257838e-03 2.171036573616124971e-03 4.509075960587335778e-03 1.848592680138226932e-02 1.682874503808948772e-03 9.159461994013590874e-03 7.669283044075896408e-03 4.868774327813676570e-03 1.745821718073558432e-02 1.759952725357450277e-03 1.887131790912477750e-02 5.870791207944195053e-03 1.085518286808062442e-02 1.195997071027581071e-02 4.046606631296327181e-03 4.431997739038834490e-03 6.230489575170535844e-03 1.306475855247099874e-02 1.825469213673676372e-02 1.450355202137636017e-02 2.745269324152460610e-02 3.853911077425073228e-05 1.596803823079788812e-02 6.744344385493878345e-03 1.329599321711650434e-02 6.513109720848374480e-03 1.028994257672494715e-02 1.066248731420936947e-03 2.002749123235229856e-02 8.607068072915997079e-04 2.570558688642524126e-02 4.817388846781341799e-03 5.793712986395693765e-03 1.657181763292781603e-03 1.365569158434284426e-02 4.457690479555001875e-03 1.768945184538108645e-02 5.151394473491515205e-03 1.275644566627699358e-02 1.401538995156918418e-02 2.761969605487969194e-03 2.453656719293963607e-03 5.768020245879526380e-03 1.216551263440514806e-02 6.294721426460953007e-04 1.935947997893195174e-02 1.267936744472849230e-02 
2.556427681358632280e-03 1.374561617614942968e-03 4.868774327813676570e-03 6.718651644977711827e-03 1.429801009724702282e-02 1.926955538712536817e-04 7.026964531171717848e-03 0.000000000000000000e+00 6.179104094138201074e-03 4.277841295941831913e-03 2.619374895623241550e-02 5.588171062266356418e-03 4.496229590329252302e-04 5.151394473491515205e-03 3.635522783037652920e-03 1.324460773608416957e-02 1.118918849479079609e-02 1.811338206389784614e-03 2.453656719293963607e-03 1.246097915034107126e-03 1.345014966021350691e-02 1.530002697737754130e-02 7.823439487172898985e-03 9.210847475045925645e-03 1.657181763292781603e-03 7.669283044075896408e-03 5.228472695040016494e-03 5.305550916588517782e-03 7.258199195817221713e-03 1.862723687422118950e-03 3.815371966650822882e-03 6.590187942396875768e-03 3.892450188199324170e-03 1.052117724137045102e-02 9.891705098724354415e-04 2.350885757229294933e-03 2.537158125971506611e-02 1.926955538712536817e-04 8.337294297496243220e-03 5.742327505363359862e-03 1.586526726873321858e-02 7.720668525108230311e-03 8.311601556980074967e-03 1.925670901686728567e-02 6.037794021299282407e-04 2.113227907454748658e-02 8.465758000077077544e-03 3.763986485618488545e-03 4.431997739038834490e-03 1.528718060711945761e-03 3.943835669231658507e-03 1.374561617614942968e-03 7.001271790655550463e-03 3.575144842824659608e-02 1.134334493788780041e-02 7.617897563043561637e-03 1.576249630666855250e-02 1.113780301375846306e-02 3.018897010649640878e-03 5.408321878653186456e-03 8.928227329368087009e-03 1.246097915034107126e-03 1.348868877098775799e-03 1.939801908970620456e-03 1.605796282260447266e-03 4.509075960587335778e-03 
5.922176688976529824e-03 6.024947651041198497e-03 8.851149107819585721e-03 5.305550916588517782e-03 2.400986601235820944e-02 1.759952725357450277e-03 2.835193915959045852e-02 6.179104094138201074e-03 0.000000000000000000e+00 1.563403260408771644e-02 9.120922883239340447e-04 1.031563531724111367e-02 7.772054006140565081e-03 3.661215523553819871e-03 1.347584240072967343e-02 7.643590303559729023e-03 3.378595377875981236e-03 7.720668525108230311e-03 2.761969605487969194e-03 1.657181763292781603e-03 9.904551468982438975e-03 9.544853101756099051e-03 1.864008324447927190e-02 1.532571971789370956e-02 1.149750138098480298e-02 1.285921662834166139e-02 5.819405726911861150e-03 1.323176136582608631e-03 7.052657271687884366e-03 2.357308942358336823e-02 1.091941471937104115e-03 1.477332579679611424e-03 1.612219467389489069e-02 1.098364657066145875e-02 2.697737754197551598e-04 9.377850288401012131e-04 1.374561617614942968e-03 1.676451318679907099e-02 1.271790655550274294e-03 2.508896111403722748e-02 2.042572871035288912e-03 1.856300502293077234e-02 1.605796282260447266e-03 1.237105455853448541e-02 1.247382552059915495e-02 1.085518286808062442e-02 1.643050756008889585e-02 9.287925696594426933e-03 1.554410801228112930e-03 2.174890484693549689e-02 2.993204270133473927e-03 8.131752373366905873e-03 2.787662346004136579e-03 1.093226108962912571e-02 1.451639839163444473e-03 5.228472695040016494e-03 7.065503641945968059e-04 9.082383772465089586e-03 9.365003918142928221e-03 1.014863250388602610e-03 1.169019693485605620e-03 2.145343833099957586e-03 2.916126048584972204e-03 1.605796282260447266e-03 2.028441863751397067e-02 4.509075960587335778e-03 
4.431997739038834490e-03 1.242244003956682018e-02 5.819405726911861150e-03 8.350140667754326479e-04 1.517156327479670698e-02 4.894467068329843087e-03 1.360430610331050949e-02 4.277841295941831913e-03 1.563403260408771644e-02 0.000000000000000000e+00 8.799763626787250950e-03 6.024947651041198497e-03 2.390709505029353990e-02 1.619927289544339372e-02 9.133769253497424356e-03 1.558264712305537994e-02 1.730406073763858174e-02 4.149377593360995854e-03 9.544853101756099051e-03 1.491463586963503486e-02 2.350885757229294933e-03 1.026424983620877890e-02 1.194712434001772789e-03 2.273807535680793211e-03 1.605796282260447266e-03 6.050640391557365882e-03 2.273807535680793211e-03 1.288490936885782964e-02 7.322431047107639743e-04 5.382629138137019070e-03 9.981629690530940263e-03 1.131765219737163215e-02 9.981629690530940263e-03 1.242244003956682018e-02 1.437508831879552411e-02 1.594234549028172160e-02 4.097992112328661951e-03 5.434014619169353841e-03 1.413100728389193720e-04 1.180581426717880814e-02 9.108076512981257838e-03 3.866757447683157219e-03 6.564495201880708383e-03 4.329226776974165816e-03 4.997238030394511761e-03 3.558444561489151198e-03 1.293629484989016268e-02 6.795729866526213116e-03 1.059825546291895230e-02 6.487416980332207095e-03 8.876841848335752239e-03 1.247382552059915495e-02 2.273807535680793211e-03 1.118918849479079609e-02 2.927687781817247398e-02 5.665249283814857706e-03 1.779222280744575599e-02 9.853165987950104204e-03 9.185154734529759127e-03 8.350140667754326479e-04 2.552573770281207216e-02 1.774083732641342295e-02 7.065503641945968059e-04 6.294721426460953007e-04 5.613863802782523803e-03 8.234523335431573679e-03 
1.401538995156918418e-02 6.641573423429209672e-03 4.123684852844828469e-03 3.481366339940649909e-03 1.324460773608416957e-02 6.590187942396875768e-03 9.904551468982438975e-03 2.619374895623241550e-02 9.120922883239340447e-04 8.799763626787250950e-03 0.000000000000000000e+00 4.431997739038834490e-03 8.953920069884253527e-03 3.507059080456816861e-03 1.031563531724111367e-02 2.839047827036470916e-03 2.248114795164626260e-03 2.582120421874799232e-03 3.468519969682566108e-04 5.202779954523849108e-03 6.615880682913043154e-03 2.196729314132291923e-03 1.413100728389193720e-04 3.584137302005318583e-03 1.555695438253921342e-02 3.404288118392148187e-03 5.999254910525031112e-03 9.750395025885436398e-03 1.581388178770088554e-02 4.611846922652004452e-03 4.123684852844828469e-03 8.748378145754916180e-03 2.710584124455634857e-03 1.062394820343511882e-02 9.519160361239930798e-03 6.872808088074714404e-03 1.323176136582608631e-03 9.801780506917771169e-03 7.438048379430391675e-03 3.815371966650822882e-03 8.825456367303419203e-03 5.716634764847192476e-03 5.523939210975939039e-04 1.194712434001772789e-03 3.763986485618488545e-03 1.118918849479079609e-02 7.360970157881890387e-03 3.250131675295145177e-03 3.378595377875981236e-03 3.250131675295145177e-03 4.920159808846010473e-03 2.684891383939467906e-03 3.661215523553819871e-03 7.232506455301054328e-03 4.046606631296327181e-03 8.619914443174081856e-03 1.605796282260447266e-03 4.483383220071169260e-03 3.982374780005909476e-04 1.348868877098775799e-03 1.635342933854039629e-02 3.378595377875981236e-03 1.914109168454453287e-03 2.479349459810130558e-03 1.542849067995837736e-02 2.633505902907133569e-03 
1.284637025808357912e-05 3.468519969682566108e-04 8.157445113883072391e-03 7.155428233752553040e-03 1.491463586963503486e-02 4.663232403684339222e-03 7.206813714784887810e-03 5.588171062266356418e-03 1.031563531724111367e-02 6.024947651041198497e-03 4.431997739038834490e-03 0.000000000000000000e+00 6.744344385493878345e-03 9.699009544853101628e-03 8.748378145754916180e-03 4.740310625232840511e-03 2.068265611551456298e-03 3.429980858908315573e-03 4.496229590329252302e-04 8.080366892334571102e-03 1.605796282260447266e-03 1.049548450085428276e-02 1.226828359646981760e-02 4.688925144200505740e-03 2.222422054648458874e-03 1.503025320195778593e-03 1.965494649486787624e-03 4.097992112328661951e-03 1.491463586963503486e-02 6.590187942396875768e-03 2.530734940842464895e-03 9.891705098724354415e-04 5.665249283814857706e-03 7.258199195817221713e-03 1.503025320195778593e-03 3.609830042521485535e-03 1.554410801228112930e-03 3.121667972714309552e-03 8.106059632850737620e-03 9.904551468982438975e-03 1.018717161466027761e-02 8.208830594915407161e-03 8.953920069884253527e-03 8.928227329368087009e-03 7.258199195817221713e-03 3.789679226134655497e-03 8.774070886271084432e-03 1.301337307143866570e-02 5.100008992459180435e-03 9.724702285369268145e-03 4.586154182135837934e-03 6.024947651041198497e-03 1.837030946905951782e-03 4.097992112328661951e-03 6.127718613105867171e-03 7.463741119946559061e-03 6.410338758783705806e-03 7.772054006140565081e-03 9.853165987950104204e-03 4.252148555425664528e-03 7.232506455301054328e-03 2.761969605487969194e-03 1.327030047660033608e-02 1.991187390002954576e-03 1.888416427938286119e-03 1.221689811543748283e-02 
5.523939210975939039e-04 3.095975232198142600e-03 9.647624063820766857e-03 9.108076512981257838e-03 6.808576236784296375e-04 1.154888686201713775e-02 1.914109168454453287e-03 4.496229590329252302e-04 7.772054006140565081e-03 2.390709505029353990e-02 8.953920069884253527e-03 6.744344385493878345e-03 0.000000000000000000e+00 1.014863250388602610e-03 2.954665159359223282e-04 3.853911077425073228e-05 9.891705098724354415e-04 4.380612258006500587e-03 9.056691031948923068e-03 1.154888686201713775e-02 8.671299924206414891e-03 3.918142928715491122e-03 1.198566345079197897e-02 8.465758000077077544e-03 1.465770846447336274e-02 5.177087214007681723e-03 1.246097915034107126e-03 1.185719974821114291e-02 1.028994257672494715e-02 3.481366339940649909e-03 7.052657271687884366e-03 6.294721426460953007e-04 1.091941471937104115e-03 8.054674151818402850e-03 3.532751820972984246e-03 3.853911077425073228e-05 1.321891499556800305e-02 7.052657271687884366e-03 6.153411353622033689e-03 1.203704893182431374e-02 4.868774327813676570e-03 6.153411353622033689e-03 3.661215523553819871e-03 4.072299371812494566e-03 1.134334493788780041e-02 1.175442878614647510e-02 5.254165435556183879e-03 9.904551468982438975e-03 5.768020245879526380e-03 1.072671916549978836e-02 3.481366339940649909e-03 9.185154734529759127e-03 1.734259984841283108e-03 1.297483396066441462e-03 3.507059080456816861e-03 2.196729314132291923e-03 1.759952725357450277e-03 7.617897563043561637e-03 8.003288670786069814e-03 8.992459180658504876e-05 1.211412715337281502e-02 6.050640391557365882e-03 6.256182315686702362e-03 3.095975232198142600e-03 8.388679778528576256e-03 4.123684852844828469e-03 
3.070282491681975215e-03 2.736276864971802242e-03 2.813355086520303531e-03 8.054674151818402850e-03 2.293077091067918793e-02 1.062394820343511882e-02 1.406677543260151896e-02 5.151394473491515205e-03 3.661215523553819871e-03 1.619927289544339372e-02 3.507059080456816861e-03 9.699009544853101628e-03 1.014863250388602610e-03 0.000000000000000000e+00 7.540819341495060349e-03 6.204796834654368459e-03 1.914109168454453287e-03 4.277841295941831913e-03 5.845098467428028535e-03 6.436031499299873192e-03 1.249951826111532147e-02 1.404108269208535070e-02 8.619914443174081856e-03 7.720668525108230311e-03 2.305923461326002399e-02 2.761969605487969194e-03 5.151394473491515205e-03 4.329226776974165816e-03 2.817208997597728595e-02 7.515126600978893831e-03 2.697737754197551598e-04 1.014863250388602610e-03 3.198746194262810840e-03 7.309584676849556484e-03 8.028981411302236332e-03 5.973562170008863727e-03 1.491463586963503486e-02 1.734259984841283108e-03 1.142042315943630169e-02 1.657181763292781603e-03 1.465770846447336274e-02 3.532751820972984246e-03 1.785645465873617445e-03 8.863995478077668763e-04 8.093213262592654795e-04 8.825456367303419203e-03 2.196729314132291923e-03 7.720668525108230311e-03 1.422093187569852153e-02 1.837030946905951782e-03 1.411816091363385199e-02 1.023855709569261238e-02 2.376578497745461885e-03 6.384646018267538421e-03 1.293629484989016268e-02 1.432370283776318934e-02 1.699574785144457312e-02 9.377850288401012131e-04 1.451639839163444473e-03 7.579358452269311427e-04 4.239302185167581160e-04 6.179104094138201074e-03 7.772054006140565081e-03 3.918142928715491122e-03 9.634777693562683815e-04 3.301517156327479514e-03 
2.042572871035288912e-03 6.037794021299282407e-04 8.774070886271084432e-03 7.412355638914225157e-03 1.203704893182431374e-02 1.278213840679316010e-02 1.188289248872730942e-02 3.635522783037652920e-03 1.347584240072967343e-02 9.133769253497424356e-03 1.031563531724111367e-02 8.748378145754916180e-03 2.954665159359223282e-04 7.540819341495060349e-03 0.000000000000000000e+00 1.682874503808948772e-03 1.149750138098480298e-02 1.255090374214765624e-02 5.279858176072350397e-03 7.129735493236385654e-03 7.874824968205233755e-03 1.118918849479079609e-02 1.244813278008298670e-02 1.697005511092840660e-02 7.181120974268720425e-03 9.930244209498605493e-03 8.131752373366905873e-03 6.564495201880708383e-03 1.180581426717880814e-02 4.920159808846010473e-03 4.920159808846010473e-03 9.339311177626761704e-03 1.026424983620877890e-02 9.236540215562092163e-03 2.196729314132291923e-03 9.133769253497424356e-03 7.335277417365723002e-03 2.479349459810130558e-03 2.222422054648458874e-03 8.851149107819585721e-03 1.458063024292486146e-02 8.491450740593245797e-03 1.939801908970620456e-03 4.072299371812494566e-03 7.335277417365723002e-03 1.085518286808062442e-02 1.411816091363385199e-02 4.997238030394511761e-03 7.836285857430983111e-04 5.074316251943013917e-03 1.554410801228112930e-03 5.485400100201687744e-03 2.273807535680793211e-03 6.423185129041789391e-05 2.505042200326297944e-03 2.505042200326297944e-03 8.093213262592654795e-04 6.770037126010045730e-03 1.103503205169379352e-02 1.682874503808948772e-03 2.453656719293963607e-03 4.303534036457998431e-03 6.692958904461544442e-03 3.712601004586154208e-03 7.322431047107639743e-04 3.763986485618488545e-03 
2.556427681358632280e-03 3.120383335688501139e-02 2.350885757229294933e-03 7.720668525108230311e-03 8.722685405238749662e-03 5.947869429492697209e-03 9.699009544853101628e-03 1.324460773608416957e-02 7.643590303559729023e-03 1.558264712305537994e-02 2.839047827036470916e-03 4.740310625232840511e-03 3.853911077425073228e-05 6.204796834654368459e-03 1.682874503808948772e-03 0.000000000000000000e+00 3.918142928715491122e-03 3.301517156327479514e-03 4.457690479555001875e-03 1.422093187569852153e-02 9.801780506917771169e-03 1.599373097131405463e-02 1.676451318679907099e-02 8.953920069884253527e-03 1.810053569363976114e-02 4.303534036457998431e-03 8.696992664722583144e-03 2.303354187274385748e-02 9.262232956078260415e-03 8.350140667754326479e-04 6.230489575170535844e-03 4.997238030394511761e-03 6.615880682913043154e-03 1.599373097131405463e-02 3.051012936294849806e-02 1.355292062227817472e-02 1.066248731420936947e-03 1.640481481957272933e-02 7.335277417365723002e-03 3.712601004586154208e-03 1.106072479220996177e-02 8.825456367303419203e-03 8.491450740593245797e-03 3.147360713230476937e-03 1.846023406086610280e-02 1.419523913518235501e-02 1.383554076795601336e-02 1.136903767840396692e-02 1.028994257672494715e-02 4.277841295941831913e-03 2.434387163906838111e-02 8.722685405238749662e-03 1.707282607299307614e-02 2.171036573616124971e-03 1.262798196369615752e-02 4.817388846781341799e-03 9.493467620723764280e-03 5.048623511426846532e-03 1.219120537492131631e-02 1.066248731420936947e-03 3.099829143275567578e-02 1.645620030060506236e-02 2.376578497745461885e-03 1.224259085595365108e-02 9.750395025885436398e-03 1.323176136582608631e-03 
3.841064707166989833e-03 7.694975784592063793e-03 1.926955538712536817e-04 5.819405726911861150e-03 8.979612810400421780e-03 4.496229590329252302e-04 7.694975784592063793e-03 1.118918849479079609e-02 3.378595377875981236e-03 1.730406073763858174e-02 2.248114795164626260e-03 2.068265611551456298e-03 9.891705098724354415e-04 1.914109168454453287e-03 1.149750138098480298e-02 3.918142928715491122e-03 0.000000000000000000e+00 2.119651092583790634e-03 3.121667972714309552e-03 3.815371966650822882e-03 3.507059080456816861e-03 6.847115347558547019e-03 9.699009544853101628e-03 2.376578497745461885e-03 9.647624063820766857e-03 4.380612258006500587e-03 6.281875056202869748e-03 2.813355086520303531e-03 6.795729866526213116e-03 8.542836221625578833e-03 3.070282491681975215e-03 8.093213262592654795e-04 3.018897010649640878e-03 6.898500828590881789e-03 3.841064707166989833e-03 2.093958352067623249e-03 8.285908816463908450e-03 1.142042315943630169e-02 6.358953277751371036e-03 2.475495548732705581e-02 6.294721426460953007e-04 1.684159140834757054e-02 3.995221150263993277e-03 1.198566345079197897e-02 6.667266163945377057e-03 1.242244003956682018e-02 4.817388846781341799e-03 9.416389399175262992e-03 4.496229590329252302e-04 2.239122335983967718e-02 1.413100728389193720e-04 7.309584676849556484e-03 3.429980858908315573e-03 1.655897126266973191e-02 7.412355638914225157e-03 1.211412715337281502e-02 2.633505902907133569e-03 9.262232956078260415e-03 1.477332579679611424e-03 1.139473041892013344e-02 4.380612258006500587e-03 5.716634764847192476e-03 7.977595930269901561e-03 3.018897010649640878e-03 1.650758578163739887e-02 6.975579050139383078e-03 
3.584137302005318583e-03 1.888416427938286119e-03 1.991187390002954576e-03 1.041840627930578148e-02 1.375846254640751207e-02 3.468519969682566108e-04 7.746361265624397696e-03 1.811338206389784614e-03 7.720668525108230311e-03 4.149377593360995854e-03 2.582120421874799232e-03 3.429980858908315573e-03 4.380612258006500587e-03 4.277841295941831913e-03 1.255090374214765624e-02 3.301517156327479514e-03 2.119651092583790634e-03 0.000000000000000000e+00 1.117634212453271284e-03 6.423185129041789391e-05 1.169019693485605620e-03 2.068265611551456298e-03 4.200763074393329757e-03 1.619927289544339372e-02 1.939801908970620456e-03 8.157445113883072391e-03 1.198566345079197897e-02 3.918142928715491122e-03 3.121667972714309552e-03 7.463741119946559061e-03 1.682874503808948772e-03 3.147360713230476937e-03 1.391261898950451464e-02 2.684891383939467906e-03 5.267011805814267355e-04 1.170304330511414033e-02 5.010084400652595671e-04 1.404108269208535070e-02 1.503025320195778593e-03 9.287925696594426933e-03 2.967511529617306541e-03 4.226455814909497143e-03 1.021286435517644413e-02 5.845098467428028535e-03 3.918142928715491122e-03 9.634777693562683815e-04 3.661215523553819871e-03 9.544853101756099051e-03 7.129735493236385654e-03 5.408321878653186456e-03 3.982374780005909476e-04 1.401538995156918418e-02 1.070102642498362011e-02 1.271790655550274294e-03 9.416389399175262992e-03 2.967511529617306541e-03 1.297483396066441462e-03 1.139473041892013344e-02 5.690942024331025091e-03 7.772054006140565081e-03 1.657181763292781603e-03 2.505042200326297944e-03 8.774070886271084432e-03 6.102025872589699786e-03 9.056691031948923068e-03 1.147180864046863473e-02 
5.716634764847192476e-03 1.914109168454453287e-03 4.920159808846010473e-03 1.573680356615238252e-02 2.183882943874208230e-04 2.325193016713127548e-03 6.872808088074714404e-03 2.453656719293963607e-03 2.761969605487969194e-03 9.544853101756099051e-03 3.468519969682566108e-04 4.496229590329252302e-04 9.056691031948923068e-03 5.845098467428028535e-03 5.279858176072350397e-03 4.457690479555001875e-03 3.121667972714309552e-03 1.117634212453271284e-03 0.000000000000000000e+00 4.586154182135837934e-03 1.460632298344102797e-02 1.681589866783140402e-02 3.455673599424482524e-03 1.422093187569852153e-02 1.226828359646981760e-02 2.530734940842464895e-03 5.267011805814267355e-04 1.888416427938286119e-03 1.098364657066145875e-02 9.236540215562092163e-03 3.250131675295145177e-03 2.299500276196960596e-03 2.633505902907133569e-03 1.257659648266382275e-02 4.303534036457998431e-03 9.377850288401012131e-04 4.740310625232840511e-03 5.485400100201687744e-03 3.686908264069986823e-03 7.977595930269901561e-03 1.201135619130814548e-02 6.076333132073532400e-03 1.028994257672494715e-02 3.892450188199324170e-03 1.965494649486787624e-03 1.528718060711945761e-03 5.511092840717855129e-03 1.143326952969438452e-03 8.093213262592654795e-04 7.797746746656732467e-03 4.277841295941831913e-03 2.145343833099957586e-03 3.173053453746643889e-03 7.836285857430983111e-04 1.170304330511414033e-02 8.311601556980074967e-03 9.724702285369268145e-03 4.534768701103503163e-03 8.131752373366905873e-03 8.491450740593245797e-03 4.457690479555001875e-03 4.097992112328661951e-03 6.423185129041789391e-05 2.402271238261629270e-03 6.564495201880708383e-03 2.016880130519121961e-03 
7.129735493236385654e-03 2.325193016713127548e-03 7.772054006140565081e-03 1.537710519892604259e-02 1.213981989388898154e-02 3.121667972714309552e-03 9.108076512981257838e-03 1.246097915034107126e-03 1.657181763292781603e-03 1.491463586963503486e-02 5.202779954523849108e-03 8.080366892334571102e-03 1.154888686201713775e-02 6.436031499299873192e-03 7.129735493236385654e-03 1.422093187569852153e-02 3.815371966650822882e-03 6.423185129041789391e-05 4.586154182135837934e-03 0.000000000000000000e+00 9.776087766401602916e-03 2.221137417622650809e-02 1.296198759040633093e-02 2.652775458294259064e-02 1.188289248872730942e-02 1.064964094395128708e-02 7.309584676849556484e-03 8.093213262592654795e-04 9.801780506917771169e-03 9.377850288401012131e-04 6.037794021299282407e-04 2.427963978777796222e-03 6.410338758783705806e-03 1.131765219737163215e-02 5.331243657104685167e-03 8.542836221625578833e-03 2.145343833099957586e-03 1.021286435517644413e-02 5.382629138137019070e-03 1.380984802743984684e-02 1.347584240072967343e-02 5.768020245879526380e-03 1.481186490757036532e-02 3.661215523553819871e-03 2.042572871035288912e-03 5.228472695040016494e-03 5.010084400652595671e-04 7.694975784592063793e-03 7.579358452269311427e-04 1.082949012756445617e-02 2.093958352067623249e-03 3.892450188199324170e-03 5.074316251943013917e-03 1.067533368446745359e-02 1.843454132034993628e-02 2.196729314132291923e-03 1.134334493788780041e-02 1.383554076795601336e-02 1.926955538712536817e-04 9.519160361239930798e-03 2.736276864971802242e-03 8.825456367303419203e-03 1.201135619130814548e-02 1.640481481957272933e-02 3.468519969682566108e-04 1.185719974821114291e-02 
5.048623511426846532e-03 8.953920069884253527e-03 3.018897010649640878e-03 5.780866616137610723e-04 7.617897563043561637e-03 3.275824415811312562e-03 2.171036573616124971e-03 1.345014966021350691e-02 9.904551468982438975e-03 2.350885757229294933e-03 6.615880682913043154e-03 1.605796282260447266e-03 8.671299924206414891e-03 1.249951826111532147e-02 7.874824968205233755e-03 9.801780506917771169e-03 3.507059080456816861e-03 1.169019693485605620e-03 1.460632298344102797e-02 9.776087766401602916e-03 0.000000000000000000e+00 1.445216654034402540e-02 5.228472695040016494e-03 4.097992112328661951e-03 8.106059632850737620e-03 8.414372519044744508e-03 5.074316251943013917e-03 9.955936950014773745e-03 3.018897010649640878e-03 1.106072479220996177e-02 6.718651644977711827e-03 7.283891936333389099e-03 1.763806636434875341e-02 9.082383772465089586e-03 7.746361265624397696e-03 1.160027234304947079e-02 7.951903189753735043e-03 8.208830594915407161e-03 1.014863250388602610e-03 5.588171062266356418e-03 8.388679778528576256e-03 5.356936397620852552e-03 3.725447374844237792e-04 1.503025320195778593e-03 1.451639839163444473e-03 1.398969721105301767e-02 7.489433860462726446e-03 1.862723687422118950e-03 2.119651092583790634e-03 9.570545842272265569e-03 2.890433308068805253e-03 8.362987038012409738e-03 1.413100728389193720e-04 2.248114795164626260e-03 9.056691031948923068e-03 2.427963978777796222e-03 5.870791207944195053e-03 1.198566345079197897e-02 1.926955538712536817e-04 3.429980858908315573e-03 1.679020592731523751e-02 1.085518286808062442e-02 5.780866616137610723e-04 5.408321878653186456e-03 2.710584124455634857e-03 8.607068072915997079e-04 
1.257659648266382275e-02 4.520637693819611058e-02 8.362987038012409738e-03 1.547987616099071213e-02 8.607068072915997079e-04 1.198566345079197897e-02 4.509075960587335778e-03 1.530002697737754130e-02 9.544853101756099051e-03 1.026424983620877890e-02 2.196729314132291923e-03 1.049548450085428276e-02 3.918142928715491122e-03 1.404108269208535070e-02 1.118918849479079609e-02 1.599373097131405463e-02 6.847115347558547019e-03 2.068265611551456298e-03 1.681589866783140402e-02 2.221137417622650809e-02 1.445216654034402540e-02 0.000000000000000000e+00 2.400986601235820944e-02 8.054674151818402850e-03 1.881993242809244099e-02 4.483383220071169260e-03 1.550556890150687865e-02 4.713333247690865146e-02 2.436956437958454763e-02 9.262232956078260415e-03 3.943835669231658507e-03 8.607068072915997079e-04 6.744344385493878345e-03 1.837030946905951782e-03 3.248847038269336851e-02 1.332168595763267085e-02 1.167735056459797208e-02 1.591665274976555508e-02 1.503025320195778593e-03 3.507059080456816861e-03 4.971545289878345243e-03 6.744344385493878345e-03 7.181120974268720425e-03 2.068265611551456298e-03 1.699574785144457312e-02 7.283891936333389099e-03 1.550556890150687865e-02 7.206813714784887810e-03 2.710584124455634857e-03 7.360970157881890387e-03 2.842901738113895807e-02 5.511092840717855129e-03 1.691866962989607356e-02 3.327209896843646899e-03 1.216551263440514806e-02 1.915393805480261613e-02 8.440065259560911026e-03 1.437508831879552411e-02 1.288490936885782964e-02 8.388679778528576256e-03 3.531467183947175487e-02 2.729853679842760353e-02 4.971545289878345243e-03 2.556427681358632280e-03 1.522294875582904002e-02 1.477332579679611424e-03 
7.052657271687884366e-03 3.618822501702143729e-02 1.503025320195778593e-03 1.413100728389193720e-04 1.404108269208535070e-02 7.206813714784887810e-03 1.848592680138226932e-02 7.823439487172898985e-03 1.864008324447927190e-02 1.194712434001772789e-03 1.413100728389193720e-04 1.226828359646981760e-02 1.198566345079197897e-02 8.619914443174081856e-03 1.244813278008298670e-02 1.676451318679907099e-02 9.699009544853101628e-03 4.200763074393329757e-03 3.455673599424482524e-03 1.296198759040633093e-02 5.228472695040016494e-03 2.400986601235820944e-02 0.000000000000000000e+00 2.596251429158691337e-02 2.325193016713127548e-03 1.028994257672494715e-02 8.774070886271084432e-03 2.475495548732705581e-02 4.766003365749007896e-03 1.131765219737163215e-02 7.026964531171717848e-03 1.445216654034402540e-02 4.945852549362177858e-03 1.830607761776910022e-02 1.740683169970324781e-02 2.813355086520303531e-03 3.211592564520894424e-04 1.717559703505774568e-02 1.759952725357450277e-03 4.920159808846010473e-03 1.740683169970324781e-02 8.093213262592654795e-04 5.356936397620852552e-03 6.037794021299282407e-04 2.164613388487083082e-02 1.323176136582608631e-03 1.178012152666264162e-02 6.050640391557365882e-03 9.750395025885436398e-03 1.143326952969438452e-03 3.451819688347057546e-02 1.288490936885782964e-02 1.856300502293077234e-02 3.070282491681975215e-03 1.249951826111532147e-02 7.065503641945968059e-04 7.797746746656732467e-03 8.992459180658504876e-05 8.106059632850737620e-03 5.356936397620852552e-03 1.722698251609007872e-02 1.180581426717880814e-02 4.226455814909497143e-03 1.465770846447336274e-02 1.766375910486491993e-02 2.093958352067623249e-03 
1.044409901982194973e-02 3.904011921431599363e-02 1.100933931117762700e-02 8.928227329368087009e-03 4.843081587297509184e-03 1.021286435517644413e-02 1.682874503808948772e-03 9.210847475045925645e-03 1.532571971789370956e-02 2.273807535680793211e-03 3.584137302005318583e-03 4.688925144200505740e-03 8.465758000077077544e-03 7.720668525108230311e-03 1.697005511092840660e-02 8.953920069884253527e-03 2.376578497745461885e-03 1.619927289544339372e-02 1.422093187569852153e-02 2.652775458294259064e-02 4.097992112328661951e-03 8.054674151818402850e-03 2.596251429158691337e-02 0.000000000000000000e+00 7.155428233752553040e-03 6.692958904461544442e-03 7.412355638914225157e-03 3.277109052837121062e-02 1.005870791207944155e-02 1.298768033092249745e-02 2.839047827036470916e-03 2.325193016713127548e-03 1.545418342047454562e-02 6.551648831622624691e-04 3.284816874991971364e-02 1.429801009724702282e-02 7.489433860462726446e-03 1.984764204873912946e-02 6.037794021299282407e-04 9.339311177626761704e-03 5.523939210975939039e-04 6.204796834654368459e-03 2.993204270133473927e-03 1.528718060711945761e-03 8.979612810400421780e-03 3.635522783037652920e-03 6.281875056202869748e-03 9.442082139691429510e-03 6.423185129041789391e-05 1.208843441285664677e-02 2.141489922022532522e-02 7.052657271687884366e-03 8.979612810400421780e-03 4.920159808846010473e-03 8.337294297496243220e-03 1.267936744472849230e-02 7.155428233752553040e-03 3.943835669231658507e-03 1.734259984841283108e-03 5.922176688976529824e-03 2.670760376655575974e-02 1.003301517156327503e-02 3.841064707166989833e-03 4.239302185167581160e-04 1.866577598499543841e-02 4.431997739038834490e-03 
