0.000000000000000000e+00 0.000000000000000000e+00 0.000000000000000000e+00 0.000000000000000000e+00 0.000000000000000000e+00 0.000000000000000000e+00 0.000000000000000000e+00 1.299105000000000000e+05 4.954500000000000000e+03 7.237500000000000000e+03 0.000000000000000000e+00 4.032500000000000000e+03 0.000000000000000000e+00 0.000000000000000000e+00 1.625394500000000000e+06 0.000000000000000000e+00 0.000000000000000000e+00 2.009400000000000000e+04 2.826500000000000000e+03 2.869100000000000000e+04 0.000000000000000000e+00 1.513300000000000000e+04 0.000000000000000000e+00 9.742000000000000000e+03 1.866500000000000000e+04 0.000000000000000000e+00 4.062950000000000000e+04 3.535000000000000000e+03 7.494300000000000000e+04 1.217829000000000000e+06 2.994460000000000000e+05 3.978000000000000000e+03 1.129300000000000000e+04 9.735000000000000000e+02 0.000000000000000000e+00 0.000000000000000000e+00 8.890000000000000000e+02 0.000000000000000000e+00 0.000000000000000000e+00 0.000000000000000000e+00 2.055000000000000000e+03 0.000000000000000000e+00 5.614000000000000000e+03 1.046500000000000000e+03 0.000000000000000000e+00 0.000000000000000000e+00 0.000000000000000000e+00 2.290500000000000000e+03 0.000000000000000000e+00 0.000000000000000000e+00 0.000000000000000000e+00 0.000000000000000000e+00 0.000000000000000000e+00 0.000000000000000000e+00 1.046000000000000000e+03 0.000000000000000000e+00 9.945000000000000000e+02 1.498750000000000000e+04 0.000000000000000000e+00 1.638000000000000000e+03 1.144000000000000000e+03 1.564750000000000000e+04 4.857500000000000000e+03 3.542000000000000000e+03 0.000000000000000000e+00 0.000000000000000000e+00 
0.000000000000000000e+00 0.000000000000000000e+00 1.167000000000000000e+03 1.001200000000000000e+04 3.555500000000000000e+03 6.536500000000000000e+03 9.930000000000000000e+02 4.065000000000000000e+03 1.386000000000000000e+03 2.136025000000000000e+05 2.341500000000000000e+03 1.055950000000000000e+04 5.398000000000000000e+03 3.210300000000000000e+04 1.882500000000000000e+03 1.659695000000000000e+05 0.000000000000000000e+00 1.839500000000000000e+04 9.720000000000000000e+02 4.538000000000000000e+03 2.293500000000000000e+03 5.899500000000000000e+03 9.474010000000000000e+05 1.684700000000000000e+04 3.713290000000000000e+05 4.037740000000000000e+05 3.775650000000000000e+04 2.219068000000000000e+06 1.430200000000000000e+04 4.176500000000000000e+03 2.803000000000000000e+03 4.827000000000000000e+03 0.000000000000000000e+00 0.000000000000000000e+00 9.310835000000000000e+05 1.476600000000000000e+04 2.421500000000000000e+03 1.091000000000000000e+03 6.000000000000000000e+03 1.518500000000000000e+03 1.041000000000000000e+04 1.490000000000000000e+03 1.007750000000000000e+04 6.798000000000000000e+03 8.205000000000000000e+03 1.121500000000000000e+03 2.892250000000000000e+04 1.900000000000000000e+03 2.705350000000000000e+04 0.000000000000000000e+00 1.254700000000000000e+04 0.000000000000000000e+00 3.155500000000000000e+03 1.618000000000000000e+03 5.124000000000000000e+03 3.856760000000000000e+05 1.493800000000000000e+04 5.745300000000000000e+04 1.203035000000000000e+05 3.506800000000000000e+04 7.635445000000000000e+05 1.067600000000000000e+04 4.822500000000000000e+03 4.136000000000000000e+03 1.163500000000000000e+03 0.000000000000000000e+00 
0.000000000000000000e+00 1.167000000000000000e+03 0.000000000000000000e+00 0.000000000000000000e+00 0.000000000000000000e+00 0.000000000000000000e+00 1.608000000000000000e+03 1.643910000000000000e+05 2.002500000000000000e+04 0.000000000000000000e+00 2.660000000000000000e+03 0.000000000000000000e+00 0.000000000000000000e+00 0.000000000000000000e+00 6.229000000000000000e+04 1.255500000000000000e+03 0.000000000000000000e+00 4.261640000000000000e+05 0.000000000000000000e+00 1.049550000000000000e+04 0.000000000000000000e+00 9.630600000000000000e+04 0.000000000000000000e+00 2.377792000000000000e+06 1.111500000000000000e+03 0.000000000000000000e+00 1.571705000000000000e+06 1.109579000000000000e+06 1.001740000000000000e+05 3.447000000000000000e+03 2.825450000000000000e+04 0.000000000000000000e+00 0.000000000000000000e+00 0.000000000000000000e+00 4.174000000000000000e+03 1.284905000000000000e+05 0.000000000000000000e+00 0.000000000000000000e+00 0.000000000000000000e+00 0.000000000000000000e+00 1.125250000000000000e+04 3.988500000000000000e+03 0.000000000000000000e+00 1.361000000000000000e+03 0.000000000000000000e+00 0.000000000000000000e+00 1.013500000000000000e+03 4.549000000000000000e+03 2.712500000000000000e+03 0.000000000000000000e+00 2.704950000000000000e+04 0.000000000000000000e+00 3.809000000000000000e+03 0.000000000000000000e+00 5.561500000000000000e+03 3.494500000000000000e+03 4.752950000000000000e+04 7.865000000000000000e+03 0.000000000000000000e+00 9.289200000000000000e+04 2.849240000000000000e+05 6.629500000000000000e+03 3.305500000000000000e+03 5.612500000000000000e+03 0.000000000000000000e+00 0.000000000000000000e+00 
0.000000000000000000e+00 1.001200000000000000e+04 0.000000000000000000e+00 0.000000000000000000e+00 1.084850000000000000e+04 9.890000000000000000e+02 6.428500000000000000e+03 3.208500000000000000e+03 5.293500000000000000e+03 1.458975000000000000e+05 2.714205000000000000e+05 3.922000000000000000e+03 4.756385000000000000e+05 2.349000000000000000e+03 4.356000000000000000e+03 1.768500000000000000e+03 3.150850000000000000e+04 0.000000000000000000e+00 1.303500000000000000e+03 1.274500000000000000e+03 1.046939000000000000e+06 8.385000000000000000e+02 7.562500000000000000e+03 0.000000000000000000e+00 7.034170000000000000e+05 3.873000000000000000e+03 3.395000000000000000e+03 9.712000000000000000e+03 6.742380000000000000e+05 4.197000000000000000e+03 0.000000000000000000e+00 7.031000000000000000e+03 0.000000000000000000e+00 0.000000000000000000e+00 9.725500000000000000e+03 0.000000000000000000e+00 2.633510000000000000e+05 0.000000000000000000e+00 0.000000000000000000e+00 1.453000000000000000e+03 2.204500000000000000e+03 0.000000000000000000e+00 5.829900000000000000e+04 9.118550000000000000e+04 8.780000000000000000e+02 2.504500000000000000e+04 1.642500000000000000e+03 0.000000000000000000e+00 0.000000000000000000e+00 1.838500000000000000e+03 0.000000000000000000e+00 0.000000000000000000e+00 0.000000000000000000e+00 3.703350000000000000e+04 0.000000000000000000e+00 1.579200000000000000e+04 0.000000000000000000e+00 3.187495000000000000e+05 4.513000000000000000e+03 1.003000000000000000e+03 1.921700000000000000e+04 2.173520000000000000e+05 1.396500000000000000e+03 0.000000000000000000e+00 0.000000000000000000e+00 0.000000000000000000e+00 
0.000000000000000000e+00 3.555500000000000000e+03 0.000000000000000000e+00 1.084850000000000000e+04 0.000000000000000000e+00 1.489650000000000000e+04 4.266090000000000000e+05 3.274350000000000000e+04 3.763050000000000000e+04 9.999650000000000000e+04 6.823200000000000000e+04 5.681325000000000000e+05 8.327250000000000000e+04 4.576500000000000000e+04 6.023000000000000000e+03 0.000000000000000000e+00 6.519120000000000000e+05 0.000000000000000000e+00 2.051600000000000000e+04 7.939000000000000000e+03 3.312850000000000000e+04 9.920000000000000000e+02 0.000000000000000000e+00 1.160500000000000000e+03 5.251350000000000000e+04 2.035700000000000000e+04 5.029300000000000000e+04 3.254500000000000000e+04 2.732950000000000000e+04 2.166450000000000000e+04 1.329500000000000000e+03 2.623495000000000000e+05 0.000000000000000000e+00 0.000000000000000000e+00 2.800000000000000000e+03 0.000000000000000000e+00 2.796000000000000000e+03 0.000000000000000000e+00 0.000000000000000000e+00 3.014500000000000000e+03 1.403500000000000000e+03 0.000000000000000000e+00 4.315500000000000000e+03 5.929500000000000000e+03 1.283000000000000000e+03 6.195500000000000000e+03 2.834000000000000000e+03 0.000000000000000000e+00 0.000000000000000000e+00 7.893500000000000000e+03 0.000000000000000000e+00 0.000000000000000000e+00 0.000000000000000000e+00 7.422500000000000000e+03 2.055000000000000000e+03 0.000000000000000000e+00 4.300500000000000000e+03 8.544000000000000000e+03 5.056000000000000000e+03 1.557500000000000000e+03 4.054500000000000000e+03 9.459500000000000000e+03 8.875000000000000000e+02 0.000000000000000000e+00 0.000000000000000000e+00 0.000000000000000000e+00 
0.000000000000000000e+00 6.536500000000000000e+03 0.000000000000000000e+00 9.890000000000000000e+02 1.489650000000000000e+04 0.000000000000000000e+00 5.173000000000000000e+03 1.565600000000000000e+04 5.649000000000000000e+03 1.964500000000000000e+03 1.766250000000000000e+04 8.906535000000000000e+05 4.525500000000000000e+03 1.719995500000000000e+06 1.178050000000000000e+04 4.951000000000000000e+03 1.643000000000000000e+03 0.000000000000000000e+00 7.692500000000000000e+03 2.351500000000000000e+03 1.856500000000000000e+03 3.792500000000000000e+03 2.082500000000000000e+03 2.185500000000000000e+03 4.042500000000000000e+03 1.392840000000000000e+05 2.407340000000000000e+05 2.609755000000000000e+05 1.470650000000000000e+04 1.149650000000000000e+04 2.206500000000000000e+03 1.531600000000000000e+04 0.000000000000000000e+00 0.000000000000000000e+00 1.706350000000000000e+04 0.000000000000000000e+00 0.000000000000000000e+00 0.000000000000000000e+00 1.013110000000000000e+05 1.168000000000000000e+03 2.582000000000000000e+03 0.000000000000000000e+00 1.285500000000000000e+03 3.397000000000000000e+03 5.205000000000000000e+04 0.000000000000000000e+00 3.943090000000000000e+05 0.000000000000000000e+00 7.920000000000000000e+02 0.000000000000000000e+00 0.000000000000000000e+00 0.000000000000000000e+00 0.000000000000000000e+00 0.000000000000000000e+00 0.000000000000000000e+00 1.220850000000000000e+04 0.000000000000000000e+00 7.971500000000000000e+03 2.497420000000000000e+05 1.264300000000000000e+04 1.801860000000000000e+05 3.176000000000000000e+03 1.034500000000000000e+03 0.000000000000000000e+00 8.775000000000000000e+02 0.000000000000000000e+00 
0.000000000000000000e+00 9.930000000000000000e+02 1.608000000000000000e+03 6.428500000000000000e+03 4.266090000000000000e+05 5.173000000000000000e+03 0.000000000000000000e+00 3.760735000000000000e+05 2.060983000000000000e+06 4.239450000000000000e+04 1.594637500000000000e+06 3.739500000000000000e+04 1.502589500000000000e+06 9.681500000000000000e+03 1.504640000000000000e+05 0.000000000000000000e+00 8.754300000000000000e+05 3.406500000000000000e+03 1.060700000000000000e+04 1.466500000000000000e+04 2.498500000000000000e+04 5.833000000000000000e+03 8.025000000000000000e+02 1.028550000000000000e+04 1.784400000000000000e+04 3.561000000000000000e+03 4.508050000000000000e+04 2.359150000000000000e+04 1.307280000000000000e+05 1.692100000000000000e+04 7.183500000000000000e+03 1.387675000000000000e+05 0.000000000000000000e+00 0.000000000000000000e+00 0.000000000000000000e+00 0.000000000000000000e+00 4.285500000000000000e+03 0.000000000000000000e+00 0.000000000000000000e+00 5.125800000000000000e+04 3.083500000000000000e+03 7.015500000000000000e+03 7.156500000000000000e+03 1.346600000000000000e+04 8.970000000000000000e+02 6.007700000000000000e+04 1.053000000000000000e+03 1.355500000000000000e+03 0.000000000000000000e+00 5.145000000000000000e+03 0.000000000000000000e+00 0.000000000000000000e+00 0.000000000000000000e+00 6.558500000000000000e+03 1.173500000000000000e+03 0.000000000000000000e+00 1.710000000000000000e+03 2.543150000000000000e+04 8.995000000000000000e+02 2.780500000000000000e+03 3.723500000000000000e+03 2.771900000000000000e+04 3.589500000000000000e+03 2.074000000000000000e+03 0.000000000000000000e+00 0.000000000000000000e+00 
1.299105000000000000e+05 4.065000000000000000e+03 1.643910000000000000e+05 3.208500000000000000e+03 3.274350000000000000e+04 1.565600000000000000e+04 3.760735000000000000e+05 0.000000000000000000e+00 9.694690000000000000e+05 3.746950000000000000e+04 1.327624500000000000e+06 2.185685000000000000e+05 3.167500000000000000e+04 2.593450000000000000e+04 2.311671000000000000e+06 1.439000000000000000e+03 3.986550000000000000e+04 1.640280000000000000e+05 9.318950000000000000e+04 1.736985000000000000e+05 1.698500000000000000e+03 4.528020000000000000e+05 8.375000000000000000e+02 6.185075000000000000e+05 2.983600000000000000e+04 6.478000000000000000e+03 2.709260000000000000e+05 5.796900000000000000e+04 3.441754000000000000e+06 4.070330000000000000e+05 2.341892000000000000e+06 9.476050000000000000e+04 5.912000000000000000e+03 4.747500000000000000e+03 3.410000000000000000e+03 6.338500000000000000e+03 7.045000000000000000e+03 1.153000000000000000e+03 9.205000000000000000e+02 2.896500000000000000e+03 1.788800000000000000e+04 3.058000000000000000e+03 2.392500000000000000e+04 3.921150000000000000e+04 7.786000000000000000e+03 2.154000000000000000e+03 4.885000000000000000e+03 1.317350000000000000e+04 1.335500000000000000e+03 1.079000000000000000e+03 3.627500000000000000e+03 3.714500000000000000e+03 4.967000000000000000e+03 3.070000000000000000e+03 1.897500000000000000e+03 1.384500000000000000e+03 1.348050000000000000e+04 1.309390000000000000e+05 2.450500000000000000e+03 1.980700000000000000e+04 2.810000000000000000e+04 1.493550000000000000e+05 3.647250000000000000e+04 1.641600000000000000e+04 4.297500000000000000e+03 0.000000000000000000e+00 
4.954500000000000000e+03 1.386000000000000000e+03 2.002500000000000000e+04 5.293500000000000000e+03 3.763050000000000000e+04 5.649000000000000000e+03 2.060983000000000000e+06 9.694690000000000000e+05 0.000000000000000000e+00 1.226250000000000000e+04 1.367917500000000000e+06 2.919350000000000000e+04 7.011700000000000000e+04 1.095500000000000000e+04 2.308410500000000000e+06 0.000000000000000000e+00 5.769400000000000000e+04 2.099850000000000000e+04 9.884500000000000000e+03 2.823550000000000000e+04 2.196550000000000000e+04 3.711800000000000000e+04 0.000000000000000000e+00 9.324700000000000000e+04 1.126700000000000000e+04 6.589000000000000000e+03 8.680300000000000000e+04 1.747350000000000000e+04 8.083950000000000000e+04 4.043100000000000000e+04 2.751300000000000000e+04 3.234595000000000000e+05 8.450000000000000000e+02 0.000000000000000000e+00 1.012000000000000000e+03 1.822500000000000000e+03 2.860000000000000000e+03 0.000000000000000000e+00 0.000000000000000000e+00 1.184000000000000000e+03 4.569500000000000000e+03 0.000000000000000000e+00 5.190500000000000000e+03 1.039450000000000000e+04 1.124000000000000000e+03 1.469000000000000000e+03 1.024500000000000000e+03 2.155000000000000000e+03 0.000000000000000000e+00 0.000000000000000000e+00 1.057000000000000000e+03 0.000000000000000000e+00 7.875000000000000000e+02 1.737000000000000000e+03 0.000000000000000000e+00 0.000000000000000000e+00 1.663500000000000000e+03 3.324350000000000000e+04 1.515500000000000000e+03 3.873500000000000000e+03 7.743000000000000000e+03 3.755400000000000000e+04 7.159500000000000000e+03 3.847000000000000000e+03 0.000000000000000000e+00 0.000000000000000000e+00 
7.237500000000000000e+03 2.136025000000000000e+05 0.000000000000000000e+00 1.458975000000000000e+05 9.999650000000000000e+04 1.964500000000000000e+03 4.239450000000000000e+04 3.746950000000000000e+04 1.226250000000000000e+04 0.000000000000000000e+00 8.257500000000000000e+04 2.681800000000000000e+04 6.193235000000000000e+05 5.507500000000000000e+03 3.369450000000000000e+04 6.602000000000000000e+03 2.467695000000000000e+05 2.718500000000000000e+03 7.332000000000000000e+03 8.431000000000000000e+03 2.325630000000000000e+05 1.086000000000000000e+03 3.261240000000000000e+05 1.589000000000000000e+03 1.283730000000000000e+06 3.438850000000000000e+04 2.220350000000000000e+04 1.134930000000000000e+05 4.406815000000000000e+05 4.948550000000000000e+04 1.374950000000000000e+04 1.709200000000000000e+04 9.325000000000000000e+02 5.576500000000000000e+03 3.980650000000000000e+04 8.110000000000000000e+02 5.809850000000000000e+04 0.000000000000000000e+00 0.000000000000000000e+00 2.246000000000000000e+03 2.477650000000000000e+04 3.798000000000000000e+03 4.894720000000000000e+05 5.529200000000000000e+04 3.956500000000000000e+03 9.999500000000000000e+03 2.277500000000000000e+03 2.203500000000000000e+04 1.089000000000000000e+03 1.155500000000000000e+03 3.033000000000000000e+03 2.643500000000000000e+03 5.297500000000000000e+03 3.744750000000000000e+04 1.143000000000000000e+03 1.183395000000000000e+05 4.187500000000000000e+03 4.356455000000000000e+05 6.654500000000000000e+03 8.702500000000000000e+03 2.089950000000000000e+04 1.902940000000000000e+05 5.512750000000000000e+04 3.831500000000000000e+04 1.740000000000000000e+03 9.825000000000000000e+02 
0.000000000000000000e+00 2.341500000000000000e+03 2.660000000000000000e+03 2.714205000000000000e+05 6.823200000000000000e+04 1.766250000000000000e+04 1.594637500000000000e+06 1.327624500000000000e+06 1.367917500000000000e+06 8.257500000000000000e+04 0.000000000000000000e+00 1.553450000000000000e+05 8.251645000000000000e+05 4.656200000000000000e+04 5.815445000000000000e+05 0.000000000000000000e+00 1.781980000000000000e+05 3.335000000000000000e+03 6.204050000000000000e+04 5.906550000000000000e+04 4.054635000000000000e+05 4.577500000000000000e+03 8.295000000000000000e+02 8.634000000000000000e+03 3.187000000000000000e+04 8.943500000000000000e+03 1.034530000000000000e+05 2.749750000000000000e+04 1.137234000000000000e+06 1.066570000000000000e+05 2.150500000000000000e+03 1.551835000000000000e+05 0.000000000000000000e+00 0.000000000000000000e+00 1.884500000000000000e+03 0.000000000000000000e+00 3.123400000000000000e+04 0.000000000000000000e+00 0.000000000000000000e+00 7.617500000000000000e+03 3.427000000000000000e+03 0.000000000000000000e+00 4.000200000000000000e+04 2.170840000000000000e+05 1.678500000000000000e+03 2.647600000000000000e+04 7.570000000000000000e+03 8.080000000000000000e+02 0.000000000000000000e+00 1.430000000000000000e+03 0.000000000000000000e+00 0.000000000000000000e+00 0.000000000000000000e+00 3.558200000000000000e+04 0.000000000000000000e+00 1.029000000000000000e+03 8.570000000000000000e+02 5.067750000000000000e+04 3.357000000000000000e+03 7.289500000000000000e+03 6.652000000000000000e+03 1.130230000000000000e+05 2.023000000000000000e+03 0.000000000000000000e+00 0.000000000000000000e+00 0.000000000000000000e+00 
4.032500000000000000e+03 1.055950000000000000e+04 0.000000000000000000e+00 3.922000000000000000e+03 5.681325000000000000e+05 8.906535000000000000e+05 3.739500000000000000e+04 2.185685000000000000e+05 2.919350000000000000e+04 2.681800000000000000e+04 1.553450000000000000e+05 0.000000000000000000e+00 3.144250000000000000e+04 1.239687000000000000e+06 5.965700000000000000e+04 4.678500000000000000e+03 2.959600000000000000e+04 1.621700000000000000e+04 1.107510000000000000e+06 4.262570000000000000e+05 1.937200000000000000e+04 2.253700000000000000e+04 1.803500000000000000e+03 1.435600000000000000e+04 1.871000000000000000e+04 1.708360000000000000e+05 1.077148500000000000e+06 1.914030000000000000e+05 7.649750000000000000e+04 2.248085000000000000e+05 1.911200000000000000e+04 7.072080000000000000e+05 1.914500000000000000e+03 0.000000000000000000e+00 9.719500000000000000e+03 0.000000000000000000e+00 1.694500000000000000e+03 9.110000000000000000e+02 1.252000000000000000e+04 1.161500000000000000e+03 3.610000000000000000e+03 0.000000000000000000e+00 6.829000000000000000e+03 7.617000000000000000e+03 1.371000000000000000e+04 1.015000000000000000e+03 4.784450000000000000e+04 8.130000000000000000e+02 0.000000000000000000e+00 0.000000000000000000e+00 0.000000000000000000e+00 0.000000000000000000e+00 0.000000000000000000e+00 9.405000000000000000e+02 0.000000000000000000e+00 2.338500000000000000e+03 1.506000000000000000e+03 1.477350000000000000e+04 2.680650000000000000e+04 8.180000000000000000e+03 3.479450000000000000e+04 1.665200000000000000e+04 2.023000000000000000e+03 1.121000000000000000e+03 9.575000000000000000e+02 0.000000000000000000e+00 
0.000000000000000000e+00 5.398000000000000000e+03 0.000000000000000000e+00 4.756385000000000000e+05 8.327250000000000000e+04 4.525500000000000000e+03 1.502589500000000000e+06 3.167500000000000000e+04 7.011700000000000000e+04 6.193235000000000000e+05 8.251645000000000000e+05 3.144250000000000000e+04 0.000000000000000000e+00 6.352500000000000000e+03 2.439250000000000000e+04 0.000000000000000000e+00 5.788955000000000000e+05 0.000000000000000000e+00 8.038500000000000000e+03 6.208000000000000000e+03 1.418441500000000000e+06 8.835000000000000000e+02 5.695500000000000000e+03 1.220000000000000000e+03 4.416435000000000000e+05 5.098500000000000000e+03 1.990350000000000000e+04 9.031500000000000000e+03 3.616055000000000000e+05 1.791600000000000000e+04 0.000000000000000000e+00 4.930600000000000000e+04 0.000000000000000000e+00 0.000000000000000000e+00 2.777500000000000000e+03 0.000000000000000000e+00 3.168055000000000000e+05 3.981000000000000000e+03 0.000000000000000000e+00 6.605800000000000000e+04 1.101500000000000000e+03 2.790000000000000000e+03 7.406350000000000000e+04 3.655050000000000000e+04 5.596500000000000000e+03 5.137075000000000000e+05 1.024500000000000000e+03 1.023000000000000000e+03 0.000000000000000000e+00 3.818550000000000000e+04 0.000000000000000000e+00 1.935000000000000000e+03 2.214500000000000000e+03 1.654750000000000000e+05 1.237000000000000000e+03 9.064500000000000000e+03 1.497500000000000000e+03 1.217890000000000000e+05 1.512500000000000000e+03 3.392500000000000000e+03 6.043000000000000000e+03 3.777150000000000000e+04 2.878500000000000000e+03 0.000000000000000000e+00 9.090000000000000000e+02 0.000000000000000000e+00 
0.000000000000000000e+00 3.210300000000000000e+04 0.000000000000000000e+00 2.349000000000000000e+03 4.576500000000000000e+04 1.719995500000000000e+06 9.681500000000000000e+03 2.593450000000000000e+04 1.095500000000000000e+04 5.507500000000000000e+03 4.656200000000000000e+04 1.239687000000000000e+06 6.352500000000000000e+03 0.000000000000000000e+00 1.376200000000000000e+04 1.612850000000000000e+04 4.600000000000000000e+03 1.122000000000000000e+03 4.381500000000000000e+03 3.359500000000000000e+03 3.892000000000000000e+03 2.832000000000000000e+03 7.415500000000000000e+03 3.134000000000000000e+03 1.266850000000000000e+04 8.339855000000000000e+05 1.676385000000000000e+05 1.323319000000000000e+06 2.886650000000000000e+04 3.459250000000000000e+04 2.653500000000000000e+03 6.416550000000000000e+04 0.000000000000000000e+00 0.000000000000000000e+00 4.914650000000000000e+04 1.006500000000000000e+03 1.996500000000000000e+03 4.804000000000000000e+03 4.005530000000000000e+05 2.273000000000000000e+03 4.403000000000000000e+03 9.170000000000000000e+02 4.191000000000000000e+03 6.263500000000000000e+03 1.377900000000000000e+05 1.404500000000000000e+03 1.531865500000000000e+06 1.192000000000000000e+03 2.371500000000000000e+03 0.000000000000000000e+00 0.000000000000000000e+00 0.000000000000000000e+00 0.000000000000000000e+00 1.076000000000000000e+03 0.000000000000000000e+00 2.866950000000000000e+04 2.378500000000000000e+03 1.951950000000000000e+04 6.938365000000000000e+05 3.595850000000000000e+04 4.091370000000000000e+05 7.766000000000000000e+03 2.896500000000000000e+03 1.133500000000000000e+03 3.533500000000000000e+03 0.000000000000000000e+00 
1.625394500000000000e+06 1.882500000000000000e+03 6.229000000000000000e+04 4.356000000000000000e+03 6.023000000000000000e+03 1.178050000000000000e+04 1.504640000000000000e+05 2.311671000000000000e+06 2.308410500000000000e+06 3.369450000000000000e+04 5.815445000000000000e+05 5.965700000000000000e+04 2.439250000000000000e+04 1.376200000000000000e+04 0.000000000000000000e+00 1.434500000000000000e+03 1.480850000000000000e+04 2.464880000000000000e+05 1.803350000000000000e+04 1.529510000000000000e+05 1.534400000000000000e+04 5.501850000000000000e+04 9.830000000000000000e+02 1.571140000000000000e+05 4.969800000000000000e+04 2.672500000000000000e+03 4.439565000000000000e+05 2.300800000000000000e+04 1.717550000000000000e+05 2.295473500000000000e+06 4.636495000000000000e+05 2.366790000000000000e+05 3.039500000000000000e+03 2.441000000000000000e+03 1.625500000000000000e+03 3.459000000000000000e+03 2.611000000000000000e+03 0.000000000000000000e+00 0.000000000000000000e+00 0.000000000000000000e+00 5.590500000000000000e+03 1.424500000000000000e+03 1.943300000000000000e+04 6.737500000000000000e+03 2.509000000000000000e+03 0.000000000000000000e+00 1.670000000000000000e+03 5.956000000000000000e+03 0.000000000000000000e+00 0.000000000000000000e+00 2.114000000000000000e+03 1.059500000000000000e+03 1.430500000000000000e+03 8.860000000000000000e+02 1.918500000000000000e+03 1.153000000000000000e+03 3.119500000000000000e+03 3.899750000000000000e+04 1.292500000000000000e+03 8.801000000000000000e+03 1.221250000000000000e+04 4.613950000000000000e+04 1.042700000000000000e+04 5.885000000000000000e+03 1.536500000000000000e+03 0.000000000000000000e+00 
0.000000000000000000e+00 1.659695000000000000e+05 1.255500000000000000e+03 1.768500000000000000e+03 0.000000000000000000e+00 4.951000000000000000e+03 0.000000000000000000e+00 1.439000000000000000e+03 0.000000000000000000e+00 6.602000000000000000e+03 0.000000000000000000e+00 4.678500000000000000e+03 0.000000000000000000e+00 1.612850000000000000e+04 1.434500000000000000e+03 0.000000000000000000e+00 0.000000000000000000e+00 1.062750000000000000e+04 1.108000000000000000e+03 6.660500000000000000e+03 0.000000000000000000e+00 2.429885000000000000e+05 6.904510000000000000e+05 2.774145000000000000e+05 4.393495000000000000e+05 9.038500000000000000e+03 6.285450000000000000e+04 9.394740000000000000e+05 1.303805000000000000e+05 1.058550000000000000e+04 3.681000000000000000e+03 0.000000000000000000e+00 0.000000000000000000e+00 0.000000000000000000e+00 5.540550000000000000e+04 4.991500000000000000e+03 1.730000000000000000e+03 0.000000000000000000e+00 3.283500000000000000e+03 0.000000000000000000e+00 3.586000000000000000e+03 0.000000000000000000e+00 4.117050000000000000e+04 9.665000000000000000e+02 2.676000000000000000e+03 8.305000000000000000e+02 5.922500000000000000e+03 9.595000000000000000e+02 7.213735000000000000e+05 0.000000000000000000e+00 5.337000000000000000e+03 0.000000000000000000e+00 1.870500000000000000e+03 0.000000000000000000e+00 1.603855000000000000e+05 4.262290000000000000e+05 4.315120000000000000e+05 2.076820000000000000e+05 6.464000000000000000e+03 1.183650000000000000e+04 3.404665000000000000e+05 1.036495000000000000e+05 3.036000000000000000e+03 8.496500000000000000e+03 0.000000000000000000e+00 0.000000000000000000e+00 
0.000000000000000000e+00 0.000000000000000000e+00 0.000000000000000000e+00 3.150850000000000000e+04 6.519120000000000000e+05 1.643000000000000000e+03 8.754300000000000000e+05 3.986550000000000000e+04 5.769400000000000000e+04 2.467695000000000000e+05 1.781980000000000000e+05 2.959600000000000000e+04 5.788955000000000000e+05 4.600000000000000000e+03 1.480850000000000000e+04 0.000000000000000000e+00 0.000000000000000000e+00 0.000000000000000000e+00 2.600500000000000000e+03 2.516000000000000000e+03 9.310600000000000000e+04 1.377000000000000000e+03 1.360000000000000000e+03 1.066500000000000000e+03 1.447675000000000000e+05 1.918500000000000000e+03 7.857000000000000000e+03 5.344000000000000000e+03 5.920150000000000000e+04 5.982500000000000000e+03 9.825000000000000000e+02 2.514050000000000000e+04 0.000000000000000000e+00 0.000000000000000000e+00 0.000000000000000000e+00 0.000000000000000000e+00 3.950500000000000000e+03 0.000000000000000000e+00 0.000000000000000000e+00 9.344500000000000000e+03 9.465000000000000000e+02 0.000000000000000000e+00 9.792000000000000000e+03 5.245500000000000000e+03 0.000000000000000000e+00 2.737400000000000000e+04 0.000000000000000000e+00 0.000000000000000000e+00 0.000000000000000000e+00 1.778300000000000000e+04 0.000000000000000000e+00 0.000000000000000000e+00 0.000000000000000000e+00 8.425500000000000000e+03 2.348500000000000000e+03 1.062000000000000000e+03 5.134000000000000000e+03 8.346500000000000000e+03 0.000000000000000000e+00 0.000000000000000000e+00 2.151000000000000000e+03 6.167500000000000000e+03 0.000000000000000000e+00 0.000000000000000000e+00 0.000000000000000000e+00 0.000000000000000000e+00 
2.009400000000000000e+04 1.839500000000000000e+04 4.261640000000000000e+05 0.000000000000000000e+00 0.000000000000000000e+00 0.000000000000000000e+00 3.406500000000000000e+03 1.640280000000000000e+05 2.099850000000000000e+04 2.718500000000000000e+03 3.335000000000000000e+03 1.621700000000000000e+04 0.000000000000000000e+00 1.122000000000000000e+03 2.464880000000000000e+05 1.062750000000000000e+04 0.000000000000000000e+00 0.000000000000000000e+00 3.183200000000000000e+04 6.474865000000000000e+05 0.000000000000000000e+00 1.506155000000000000e+05 2.189000000000000000e+03 1.224145000000000000e+06 1.063950000000000000e+04 0.000000000000000000e+00 5.707300000000000000e+05 4.459715000000000000e+05 5.044600000000000000e+04 2.411495000000000000e+05 1.081795000000000000e+05 3.728000000000000000e+03 4.982500000000000000e+03 0.000000000000000000e+00 1.176100000000000000e+04 1.437900000000000000e+04 0.000000000000000000e+00 0.000000000000000000e+00 0.000000000000000000e+00 0.000000000000000000e+00 1.863500000000000000e+03 0.000000000000000000e+00 1.560500000000000000e+03 8.980000000000000000e+02 0.000000000000000000e+00 0.000000000000000000e+00 0.000000000000000000e+00 0.000000000000000000e+00 2.006500000000000000e+03 0.000000000000000000e+00 4.522500000000000000e+03 0.000000000000000000e+00 0.000000000000000000e+00 0.000000000000000000e+00 3.834500000000000000e+03 3.089500000000000000e+03 9.971000000000000000e+03 2.507000000000000000e+03 0.000000000000000000e+00 3.295700000000000000e+04 5.388800000000000000e+04 3.993500000000000000e+03 1.076500000000000000e+03 9.900000000000000000e+02 0.000000000000000000e+00 0.000000000000000000e+00 
2.826500000000000000e+03 9.720000000000000000e+02 0.000000000000000000e+00 1.303500000000000000e+03 2.051600000000000000e+04 7.692500000000000000e+03 1.060700000000000000e+04 9.318950000000000000e+04 9.884500000000000000e+03 7.332000000000000000e+03 6.204050000000000000e+04 1.107510000000000000e+06 8.038500000000000000e+03 4.381500000000000000e+03 1.803350000000000000e+04 1.108000000000000000e+03 2.600500000000000000e+03 3.183200000000000000e+04 0.000000000000000000e+00 4.800345000000000000e+05 4.066500000000000000e+03 2.782500000000000000e+04 0.000000000000000000e+00 1.693900000000000000e+04 5.796000000000000000e+03 6.667000000000000000e+03 6.603595000000000000e+05 1.372850000000000000e+04 4.257700000000000000e+04 8.140200000000000000e+04 1.586350000000000000e+04 6.051450000000000000e+04 1.647500000000000000e+03 0.000000000000000000e+00 1.102000000000000000e+03 0.000000000000000000e+00 0.000000000000000000e+00 0.000000000000000000e+00 4.762500000000000000e+03 0.000000000000000000e+00 1.320000000000000000e+03 0.000000000000000000e+00 2.347000000000000000e+03 3.662000000000000000e+03 1.428500000000000000e+03 0.000000000000000000e+00 4.480500000000000000e+03 0.000000000000000000e+00 0.000000000000000000e+00 0.000000000000000000e+00 0.000000000000000000e+00 0.000000000000000000e+00 0.000000000000000000e+00 0.000000000000000000e+00 0.000000000000000000e+00 0.000000000000000000e+00 1.802000000000000000e+03 7.214000000000000000e+03 3.534500000000000000e+03 2.426750000000000000e+04 2.970050000000000000e+04 8.653500000000000000e+03 8.245000000000000000e+02 0.000000000000000000e+00 0.000000000000000000e+00 0.000000000000000000e+00 
2.869100000000000000e+04 4.538000000000000000e+03 1.049550000000000000e+04 1.274500000000000000e+03 7.939000000000000000e+03 2.351500000000000000e+03 1.466500000000000000e+04 1.736985000000000000e+05 2.823550000000000000e+04 8.431000000000000000e+03 5.906550000000000000e+04 4.262570000000000000e+05 6.208000000000000000e+03 3.359500000000000000e+03 1.529510000000000000e+05 6.660500000000000000e+03 2.516000000000000000e+03 6.474865000000000000e+05 4.800345000000000000e+05 0.000000000000000000e+00 2.927500000000000000e+03 1.490510000000000000e+05 0.000000000000000000e+00 1.215100000000000000e+05 1.301600000000000000e+04 3.694500000000000000e+03 1.267353500000000000e+06 8.511450000000000000e+04 9.739900000000000000e+04 6.312380000000000000e+05 8.818800000000000000e+04 2.771400000000000000e+04 5.563500000000000000e+03 0.000000000000000000e+00 4.282000000000000000e+03 3.825500000000000000e+03 8.390000000000000000e+02 0.000000000000000000e+00 0.000000000000000000e+00 0.000000000000000000e+00 2.350500000000000000e+03 0.000000000000000000e+00 4.371500000000000000e+03 4.161000000000000000e+03 0.000000000000000000e+00 0.000000000000000000e+00 1.769500000000000000e+03 8.560000000000000000e+02 1.477500000000000000e+03 0.000000000000000000e+00 1.909000000000000000e+03 0.000000000000000000e+00 0.000000000000000000e+00 0.000000000000000000e+00 4.480500000000000000e+03 1.090500000000000000e+03 9.398000000000000000e+03 1.008950000000000000e+04 2.384500000000000000e+03 3.783650000000000000e+04 3.796800000000000000e+04 1.250450000000000000e+04 1.533000000000000000e+03 1.367500000000000000e+03 0.000000000000000000e+00 0.000000000000000000e+00 
0.000000000000000000e+00 2.293500000000000000e+03 0.000000000000000000e+00 1.046939000000000000e+06 3.312850000000000000e+04 1.856500000000000000e+03 2.498500000000000000e+04 1.698500000000000000e+03 2.196550000000000000e+04 2.325630000000000000e+05 4.054635000000000000e+05 1.937200000000000000e+04 1.418441500000000000e+06 3.892000000000000000e+03 1.534400000000000000e+04 0.000000000000000000e+00 9.310600000000000000e+04 0.000000000000000000e+00 4.066500000000000000e+03 2.927500000000000000e+03 0.000000000000000000e+00 0.000000000000000000e+00 1.652000000000000000e+03 0.000000000000000000e+00 4.703355000000000000e+05 2.028500000000000000e+03 9.992000000000000000e+03 4.078500000000000000e+03 3.163765000000000000e+05 1.255600000000000000e+04 0.000000000000000000e+00 3.335050000000000000e+04 0.000000000000000000e+00 0.000000000000000000e+00 1.041500000000000000e+03 0.000000000000000000e+00 1.112355000000000000e+05 0.000000000000000000e+00 0.000000000000000000e+00 0.000000000000000000e+00 0.000000000000000000e+00 0.000000000000000000e+00 3.201700000000000000e+04 3.435450000000000000e+04 0.000000000000000000e+00 2.853350000000000000e+04 0.000000000000000000e+00 0.000000000000000000e+00 0.000000000000000000e+00 0.000000000000000000e+00 0.000000000000000000e+00 0.000000000000000000e+00 0.000000000000000000e+00 1.728200000000000000e+04 0.000000000000000000e+00 2.171000000000000000e+03 0.000000000000000000e+00 6.824400000000000000e+04 0.000000000000000000e+00 0.000000000000000000e+00 1.938000000000000000e+03 3.314100000000000000e+04 0.000000000000000000e+00 0.000000000000000000e+00 0.000000000000000000e+00 0.000000000000000000e+00 
1.513300000000000000e+04 5.899500000000000000e+03 9.630600000000000000e+04 8.385000000000000000e+02 9.920000000000000000e+02 3.792500000000000000e+03 5.833000000000000000e+03 4.528020000000000000e+05 3.711800000000000000e+04 1.086000000000000000e+03 4.577500000000000000e+03 2.253700000000000000e+04 8.835000000000000000e+02 2.832000000000000000e+03 5.501850000000000000e+04 2.429885000000000000e+05 1.377000000000000000e+03 1.506155000000000000e+05 2.782500000000000000e+04 1.490510000000000000e+05 0.000000000000000000e+00 0.000000000000000000e+00 2.502000000000000000e+03 3.850813000000000000e+06 1.046400000000000000e+04 1.008000000000000000e+03 1.776070000000000000e+05 8.420800000000000000e+04 1.669438000000000000e+06 2.933380000000000000e+05 3.017663500000000000e+06 8.230500000000000000e+03 7.035900000000000000e+04 0.000000000000000000e+00 6.055500000000000000e+03 4.622000000000000000e+03 0.000000000000000000e+00 0.000000000000000000e+00 0.000000000000000000e+00 0.000000000000000000e+00 3.146000000000000000e+03 0.000000000000000000e+00 4.267500000000000000e+03 1.467500000000000000e+03 0.000000000000000000e+00 0.000000000000000000e+00 1.135500000000000000e+03 0.000000000000000000e+00 4.791600000000000000e+04 1.332500000000000000e+03 5.641500000000000000e+03 0.000000000000000000e+00 9.215000000000000000e+02 0.000000000000000000e+00 1.248210000000000000e+05 2.909450000000000000e+04 6.386800000000000000e+04 9.958100000000000000e+04 1.387000000000000000e+03 1.297350000000000000e+04 3.257800000000000000e+04 1.139745000000000000e+05 1.829500000000000000e+03 1.684500000000000000e+04 0.000000000000000000e+00 0.000000000000000000e+00 
0.000000000000000000e+00 9.474010000000000000e+05 0.000000000000000000e+00 7.562500000000000000e+03 0.000000000000000000e+00 2.082500000000000000e+03 8.025000000000000000e+02 8.375000000000000000e+02 0.000000000000000000e+00 3.261240000000000000e+05 8.295000000000000000e+02 1.803500000000000000e+03 5.695500000000000000e+03 7.415500000000000000e+03 9.830000000000000000e+02 6.904510000000000000e+05 1.360000000000000000e+03 2.189000000000000000e+03 0.000000000000000000e+00 0.000000000000000000e+00 1.652000000000000000e+03 2.502000000000000000e+03 0.000000000000000000e+00 4.010000000000000000e+03 5.175540000000000000e+05 4.996400000000000000e+04 5.326000000000000000e+03 1.103699500000000000e+06 1.137600000000000000e+04 2.082500000000000000e+03 1.070500000000000000e+03 0.000000000000000000e+00 0.000000000000000000e+00 0.000000000000000000e+00 2.799875000000000000e+05 2.248500000000000000e+03 6.383000000000000000e+03 0.000000000000000000e+00 1.705000000000000000e+03 0.000000000000000000e+00 1.428500000000000000e+03 0.000000000000000000e+00 1.371645000000000000e+05 1.032500000000000000e+03 1.662000000000000000e+03 1.803500000000000000e+03 5.336500000000000000e+03 0.000000000000000000e+00 8.525500000000000000e+04 0.000000000000000000e+00 4.444500000000000000e+03 0.000000000000000000e+00 1.783000000000000000e+03 1.410500000000000000e+03 6.948000000000000000e+03 8.907970000000000000e+05 1.990400000000000000e+04 1.408340000000000000e+05 1.283750000000000000e+04 5.487500000000000000e+03 2.836750000000000000e+05 1.582150000000000000e+04 1.524500000000000000e+03 1.648500000000000000e+03 0.000000000000000000e+00 0.000000000000000000e+00 
9.742000000000000000e+03 1.684700000000000000e+04 2.377792000000000000e+06 0.000000000000000000e+00 1.160500000000000000e+03 2.185500000000000000e+03 1.028550000000000000e+04 6.185075000000000000e+05 9.324700000000000000e+04 1.589000000000000000e+03 8.634000000000000000e+03 1.435600000000000000e+04 1.220000000000000000e+03 3.134000000000000000e+03 1.571140000000000000e+05 2.774145000000000000e+05 1.066500000000000000e+03 1.224145000000000000e+06 1.693900000000000000e+04 1.215100000000000000e+05 0.000000000000000000e+00 3.850813000000000000e+06 4.010000000000000000e+03 0.000000000000000000e+00 4.548500000000000000e+03 9.535000000000000000e+02 5.820275000000000000e+05 1.333387500000000000e+06 5.065880000000000000e+05 1.475810000000000000e+05 6.339170000000000000e+05 4.837000000000000000e+03 3.034050000000000000e+04 0.000000000000000000e+00 1.543400000000000000e+04 4.006900000000000000e+04 0.000000000000000000e+00 0.000000000000000000e+00 0.000000000000000000e+00 9.095000000000000000e+02 1.233000000000000000e+04 2.541500000000000000e+03 1.100500000000000000e+03 1.918500000000000000e+03 1.089500000000000000e+03 0.000000000000000000e+00 1.882000000000000000e+03 3.189000000000000000e+03 1.816875000000000000e+05 1.767000000000000000e+03 1.343250000000000000e+04 0.000000000000000000e+00 3.628000000000000000e+03 0.000000000000000000e+00 4.967800000000000000e+04 3.844200000000000000e+04 4.638850000000000000e+05 4.161000000000000000e+04 1.079500000000000000e+03 3.265250000000000000e+04 3.185885000000000000e+05 3.564300000000000000e+04 2.547500000000000000e+03 3.661500000000000000e+03 0.000000000000000000e+00 0.000000000000000000e+00 
