1.000000 -0.019039 0.079385 0.005756 0.020155 0.036422 0.210716 0.397744 0.129566 0.042425 -0.049542 0.008231 0.187915 -0.006189 0.276072 -0.067698 0.196779 -0.020058 0.047901 0.045338 -0.031146 0.069239 -0.076167 -0.025452 -0.035020 -0.017611 -0.069664 -0.119871 -0.029597 0.593025 0.352544 0.098780 0.631802 0.235310 -0.014133 0.050933 -0.047047 0.041578 0.061837 0.141914 0.071980 0.115300 0.188151 0.046406 -0.003723 0.300285 0.017912 0.218620 0.126378 0.172402 -0.107630 0.089407 0.042698 -0.007387 0.138651 0.059013 0.053522 0.057778 0.037696 0.026471 -0.027663 0.131521 0.211669 0.053474 0.052396 0.191912 
-0.019039 1.000000 0.466237 0.104658 0.095767 0.084327 0.027731 -0.034846 0.098098 -0.052462 -0.144502 0.104358 -0.003521 0.091737 0.048163 -0.029228 0.005073 0.069474 0.027204 0.015796 0.044758 0.022242 0.078910 0.054547 -0.006516 0.248324 0.102920 0.080323 -0.014850 0.090860 0.031032 0.195555 0.106771 0.059698 0.637701 0.074913 0.073459 0.069158 0.103331 0.008662 0.021636 0.009878 -0.082276 0.017577 0.198454 -0.049269 0.178973 -0.058260 -0.030302 -0.112383 0.098447 0.055302 -0.021485 0.095698 0.017603 0.015622 0.073549 -0.006535 0.101420 0.028706 0.039010 -0.036373 0.030687 0.094725 0.108156 0.059572 
0.079385 0.466237 1.000000 0.062614 0.139491 0.118391 0.098373 -0.019860 0.167974 -0.069949 -0.075862 0.031931 0.047018 0.023108 0.099553 -0.067949 0.075250 0.110012 0.054851 0.138689 -0.028361 0.182073 0.063340 0.244878 -0.070732 -0.025896 0.030002 0.023967 -0.130515 0.113239 0.114575 0.231642 0.107885 0.136270 0.109003 0.082849 -0.001915 0.016248 0.082764 0.000845 0.094536 -0.008857 -0.008859 -0.076061 0.229013 -0.095253 0.202862 -0.060002 -0.050295 -0.028358 0.085990 0.210614 -0.054441 -0.054035 -0.042476 -0.033459 0.004897 0.052657 0.121532 -0.099830 -0.047408 -0.028942 -0.035373 0.052793 -0.009034 -0.039066 
0.005756 0.104658 0.062614 1.000000 -0.039378 -0.015993 -0.007252 0.034513 0.059719 0.377776 0.079129 -0.041143 0.217587 0.027058 0.025206 -0.009367 -0.055501 0.077932 0.003844 0.027482 0.605914 -0.038920 0.048961 0.013117 0.500275 0.049593 -0.007898 0.030583 0.175345 -0.007468 -0.033375 -0.027065 -0.010522 0.001994 0.074923 -0.064310 0.115635 0.055693 0.105274 0.063175 -0.005167 0.072531 -0.074328 0.089921 0.096142 0.042436 0.091914 0.050632 -0.050873 -0.000349 0.023071 -0.025332 0.036926 -0.012934 -0.021494 0.019668 -0.050648 -0.002388 0.039464 0.002285 0.041015 -0.063251 0.039367 -0.009114 0.085706 0.005836 
0.020155 0.095767 0.139491 -0.039378 1.000000 0.119055 0.152478 -0.034319 0.365023 -0.030562 0.012576 0.174062 0.027486 0.090386 0.117592 -0.018650 0.342183 0.145124 0.027976 -0.004018 -0.019465 0.069686 0.141535 0.147109 0.004978 -0.058380 0.040611 0.122606 -0.052205 0.075618 0.037599 0.628360 0.072633 -0.020348 0.231444 0.176644 0.120094 -0.065070 -0.046224 0.014402 -0.006073 0.055773 0.104335 -0.000272 0.036709 0.089508 0.045626 0.062920 -0.115447 -0.006613 0.102594 -0.061571 -0.051386 0.067291 0.070182 0.052043 0.011255 0.007820 -0.011496 -0.053854 0.011222 -0.005394 0.024663 -0.079139 -0.046563 0.066769 
0.036422 0.084327 0.118391 -0.015993 0.119055 1.000000 0.107309 0.070556 0.127661 0.013431 -0.065126 0.109458 0.010163 0.268515 0.121482 -0.025352 0.058030 0.022883 0.100962 -0.020761 -0.033871 0.000604 0.058690 -0.061713 0.053418 0.131888 0.101508 -0.015791 0.116181 0.047016 0.046717 0.252955 -0.014311 0.036323 0.094762 0.088499 0.056301 0.068298 0.531191 0.048172 0.076438 0.030463 0.184662 -0.033641 0.216068 0.045592 0.379419 -0.017896 0.027210 0.065812 0.096957 0.280768 0.030861 0.066507 0.042494 0.082487 -0.046248 0.133697 0.305191 0.092428 0.104797 0.101075 -0.051490 0.044900 0.165431 -0.105273 
0.210716 0.027731 0.098373 -0.007252 0.152478 0.107309 1.000000 0.062547 0.391048 0.059226 0.058885 -0.035724 0.522525 -0.072861 0.231553 -0.068007 0.564060 0.119562 0.015705 0.051341 -0.062832 0.020364 0.029786 -0.018791 0.061334 0.026265 0.028913 0.010970 0.010531 0.124352 0.037100 0.315864 0.120275 0.142731 0.126174 0.157500 -0.013072 0.074463 0.082587 0.095201 0.136624 0.108088 0.190186 0.054005 0.031135 0.254336 0.025862 0.185636 0.027526 0.140108 -0.063003 0.100936 0.091940 0.013237 0.077095 0.059539 0.022249 0.160059 0.159677 0.042202 0.014180 0.055311 0.163936 0.056792 0.106272 0.153523 
0.397744 -0.034846 -0.019860 0.034513 -0.034319 0.070556 0.062547 1.000000 -0.077531 0.127148 0.134571 0.072614 0.181400 0.058510 0.012366 0.090935 0.041184 -0.056825 0.123162 -0.053366 -0.032667 -0.001419 -0.008461 -0.011916 0.100891 0.013854 0.062076 -0.065399 0.158216 0.048907 0.024252 -0.058624 0.067860 0.240365 0.002647 0.025878 0.107970 0.050705 0.093563 0.108225 0.222720 0.098603 0.173542 0.169018 0.023769 0.370049 0.059983 0.125446 0.082987 0.074363 -0.019661 0.156525 0.104546 0.181306 0.064169 0.013425 -0.015953 0.102447 0.073748 0.054128 0.003351 0.099487 0.120122 0.071801 0.038622 0.062158 
0.129566 0.098098 0.167974 0.059719 0.365023 0.127661 0.391048 -0.077531 1.000000 -0.009925 -0.087885 0.095195 0.177879 -0.048297 0.641113 -0.051964 0.236848 0.075735 -0.085334 0.112476 0.026640 -0.007614 0.037683 0.009809 -0.019507 0.075112 0.053469 0.030528 -0.096622 0.183488 0.029521 0.468766 0.115442 0.023662 0.168633 0.063869 -0.046524 0.037423 0.078374 0.039351 0.014441 0.066660 0.082257 -0.122763 -0.014188 0.021335 0.013448 0.060561 0.067798 0.036166 -0.002315 -0.027016 -0.023152 -0.062613 0.066794 0.068387 0.008523 0.032205 0.202472 -0.037055 0.055342 0.057243 0.056393 -0.032650 0.095238 0.045913 
0.042425 -0.052462 -0.069949 0.377776 -0.030562 0.013431 0.059226 0.127148 -0.009925 1.000000 0.049610 0.003617 0.143209 -0.001266 -0.052478 0.312980 -0.005961 -0.028875 0.003256 -0.042149 0.147407 0.125908 0.243894 0.044477 0.805866 -0.010750 0.020466 0.041849 0.525231 0.043333 0.102618 -0.017286 0.052932 0.181585 -0.035671 -0.011358 0.042184 0.126187 0.043684 0.187052 0.019905 0.119177 0.038068 0.100553 0.015022 0.153061 -0.018831 0.114736 0.061308 0.251018 0.025353 -0.026592 0.065423 0.027583 -0.004578 0.074302 -0.017260 0.071397 -0.006316 -0.009269 0.064645 -0.143170 0.193694 0.033163 0.137705 0.164367 
-0.049542 -0.144502 -0.075862 0.079129 0.012576 -0.065126 0.058885 0.134571 -0.087885 0.049610 1.000000 -0.025193 0.364372 -0.107325 -0.082333 0.080490 -0.024577 -0.040421 -0.017784 -0.023647 0.183268 0.060298 0.028634 0.131359 0.018302 0.004639 0.025496 0.086003 0.049234 -0.067474 0.024215 -0.066210 -0.071358 0.076716 -0.080624 0.025523 -0.005064 -0.047517 -0.098833 0.036630 0.029430 0.086885 -0.020432 0.199391 -0.079959 0.096511 -0.125049 0.072893 0.005805 0.019736 0.120214 0.031315 0.135113 -0.003613 0.070243 -0.018644 -0.028204 -0.058486 -0.002486 0.025776 0.044861 -0.013675 0.061224 0.035776 -0.115135 0.061797 
0.008231 0.104358 0.031931 -0.041143 0.174062 0.109458 -0.035724 0.072614 0.095195 0.003617 -0.025193 1.000000 -0.039560 0.670916 -0.044462 0.023513 0.026978 0.095754 0.394992 0.057737 -0.018334 0.127306 -0.000544 0.018624 0.035462 0.075676 0.120750 0.127793 0.068547 0.045082 0.160928 0.152868 0.079486 -0.017606 0.126918 0.090368 0.075603 -0.033549 0.111908 0.058974 -0.017667 0.033216 0.016893 0.045635 0.065584 0.071851 0.230495 0.023657 0.018546 0.048269 0.099365 0.039387 0.039079 0.005742 -0.017977 0.010105 -0.013516 0.034773 0.048457 -0.027712 0.038831 -0.026362 0.028605 -0.044025 0.018762 -0.006290 
0.187915 -0.003521 0.047018 0.217587 0.027486 0.010163 0.522525 0.181400 0.177879 0.143209 0.364372 -0.039560 1.000000 -0.074687 0.119763 0.012929 0.183092 -0.011429 0.010010 0.016557 0.334183 0.006614 0.021119 0.054840 0.066120 -0.052709 0.063442 0.021667 0.013453 0.075485 -0.013105 0.094740 0.049408 0.325859 0.054072 0.124271 0.016283 0.068461 0.041474 0.083495 0.137464 0.076305 0.038599 0.037219 0.055078 0.141276 -0.035926 0.222167 0.049788 0.125476 -0.059929 0.108146 0.060229 0.005926 0.073676 0.058101 0.033264 0.055810 0.014766 0.086878 0.022393 0.142749 0.279365 0.163799 0.038413 0.224667 
-0.006189 0.091737 0.023108 0.027058 0.090386 0.268515 -0.072861 0.058510 -0.048297 -0.001266 -0.107325 0.670916 -0.074687 1.000000 -0.104614 0.004141 0.078688 0.201064 0.395493 0.034065 -0.050281 0.125588 -0.033831 0.019126 0.064483 0.105509 0.070247 0.082891 0.135833 0.014833 0.144176 0.027318 0.058027 -0.004250 0.002968 0.054203 0.076190 -0.040741 0.184365 0.042937 0.035285 0.008475 0.095023 0.121964 0.338810 0.044298 0.626982 -0.012789 -0.021405 0.016025 0.143641 0.169498 -0.027801 0.011816 0.034275 -0.047186 -0.061941 0.121334 0.010937 -0.000144 -0.015606 0.009020 0.024552 0.021795 0.037058 0.004352 
0.276072 0.048163 0.099553 0.025206 0.117592 0.121482 0.231553 0.012366 0.641113 -0.052478 -0.082333 -0.044462 0.119763 -0.104614 1.000000 -0.084376 0.220689 0.047957 0.020073 0.048861 -0.002040 -0.060394 -0.020111 -0.030430 -0.050769 0.003601 0.098130 -0.000456 -0.104131 0.378988 0.019913 0.239433 0.246963 -0.033155 0.106830 -0.001840 -0.031102 0.063601 0.094187 0.053811 0.002216 0.042845 0.189857 -0.093083 0.015618 0.082621 -0.008206 0.048886 0.152864 0.058581 -0.028155 0.025158 -0.057213 -0.022493 0.031154 0.084440 0.043760 0.098355 0.137781 -0.056090 0.018236 0.127658 -0.003540 -0.092087 0.073281 0.006375 
-0.067698 -0.029228 -0.067949 -0.009367 -0.018650 -0.025352 -0.068007 0.090935 -0.051964 0.312980 0.080490 0.023513 0.012929 0.004141 -0.084376 1.000000 -0.052708 -0.098021 0.110056 -0.141785 -0.024965 0.115122 0.750640 0.439573 0.153359 0.031788 0.052351 0.278248 0.182841 -0.009560 -0.082219 -0.000781 -0.028308 0.054002 -0.028690 -0.016686 -0.090709 0.093482 0.091451 0.035850 -0.073785 -0.028046 0.036957 0.069341 -0.040082 -0.013562 -0.058578 -0.047379 0.428565 0.002683 0.056432 0.022961 0.105804 0.003049 0.045851 0.478788 0.130869 0.059379 -0.041238 0.094544 0.220257 0.010682 0.052189 0.057218 0.050223 0.071975 
0.196779 0.005073 0.075250 -0.055501 0.342183 0.058030 0.564060 0.041184 0.236848 -0.005961 -0.024577 0.026978 0.183092 0.078688 0.220689 -0.052708 1.000000 0.156359 0.155200 -0.045759 -0.093729 0.047756 0.055017 0.003987 0.006352 0.062881 -0.046323 0.105868 -0.067629 0.181213 0.009883 0.410157 0.222525 0.107217 0.131132 0.157364 0.084896 0.056591 -0.011992 0.122910 0.085566 0.093784 0.272895 0.089440 0.076001 0.248478 0.089267 0.148000 -0.014041 0.202694 0.012296 0.082425 -0.041544 0.108263 0.111546 0.088144 0.049250 0.184276 0.111981 -0.012185 0.054707 0.012682 0.214921 0.015141 0.060397 0.275624 
-0.020058 0.069474 0.110012 0.077932 0.145124 0.022883 0.119562 -0.056825 0.075735 -0.028875 -0.040421 0.095754 -0.011429 0.201064 0.047957 -0.098021 0.156359 1.000000 0.097760 0.443350 0.002851 0.042347 -0.052392 -0.006695 0.037319 0.144856 0.049151 0.069184 0.049142 0.017993 -0.032642 0.144322 0.051564 -0.073582 0.143892 0.106417 0.032001 0.015444 0.019559 0.098172 -0.078523 0.057878 0.080990 0.020924 0.234359 0.052039 0.252003 0.007588 -0.084995 0.090094 0.123901 0.024729 0.154320 -0.005487 -0.021715 -0.071192 -0.106009 0.080753 0.292474 0.002668 0.051990 -0.064850 0.026953 -0.014780 0.019829 0.047717 
0.047901 0.027204 0.054851 0.003844 0.027976 0.100962 0.015705 0.123162 -0.085334 0.003256 -0.017784 0.394992 0.010010 0.395493 0.020073 0.110056 0.155200 0.097760 1.000000 0.150010 -0.005239 0.088324 0.109530 0.021722 0.033464 0.014444 0.100961 0.133614 0.026909 0.191121 0.094222 0.045718 0.163023 0.033437 0.036811 0.080913 0.165365 0.007836 0.106217 0.057614 0.071506 0.025871 0.210086 0.168540 0.048121 0.179566 0.152624 -0.000520 0.030780 0.033295 0.050330 0.106601 0.072414 0.188458 0.044281 0.087548 0.007230 0.171153 0.028537 0.037392 0.040993 0.060880 -0.010467 0.028511 0.002332 0.008527 
0.045338 0.015796 0.138689 0.027482 -0.004018 -0.020761 0.051341 -0.053366 0.112476 -0.042149 -0.023647 0.057737 0.016557 0.034065 0.048861 -0.141785 -0.045759 0.443350 0.150010 1.000000 0.044128 0.049007 -0.094364 0.078021 -0.041741 0.152039 0.089742 0.087613 -0.027348 0.035748 0.079139 0.080639 0.028260 0.012628 0.006228 0.059535 -0.009532 -0.007189 -0.028152 0.101222 0.089971 0.104356 -0.043394 0.051345 0.105948 0.065711 0.090388 -0.009781 -0.069152 0.054909 0.036311 0.093403 0.260629 -0.022096 0.085744 -0.091394 -0.004044 -0.022013 0.323692 0.071841 0.164396 0.022338 -0.000468 0.117277 -0.022195 -0.008825 
-0.031146 0.044758 -0.028361 0.605914 -0.019465 -0.033871 -0.062832 -0.032667 0.026640 0.147407 0.183268 -0.018334 0.334183 -0.050281 -0.002040 -0.024965 -0.093729 0.002851 -0.005239 0.044128 1.000000 -0.000077 -0.019990 0.003238 0.204699 0.011420 0.011336 0.035567 0.109008 -0.038249 0.000711 0.007080 -0.042522 0.044098 0.050515 -0.015882 0.129306 -0.020183 0.070240 0.047116 -0.074227 0.092372 -0.141093 -0.003531 -0.004849 -0.024146 -0.020152 0.100586 -0.015210 -0.036151 0.013805 -0.088731 0.057207 0.127619 -0.057974 -0.051217 -0.106790 -0.118954 0.012148 -0.042369 -0.014037 0.008565 0.094861 0.015876 0.058275 0.026456 
0.069239 0.022242 0.182073 -0.038920 0.069686 0.000604 0.020364 -0.001419 -0.007614 0.125908 0.060298 0.127306 0.006614 0.125588 -0.060394 0.115122 0.047756 0.042347 0.088324 0.049007 -0.000077 1.000000 0.177270 0.390680 0.092662 0.009864 0.199259 0.156027 0.138447 0.136188 0.599940 0.088476 0.221099 0.060110 0.013005 0.094216 -0.019281 -0.076531 -0.030184 -0.043831 0.008296 -0.005234 -0.006487 0.017872 -0.029818 -0.029280 0.001783 -0.013516 -0.074760 -0.011688 0.074291 -0.084787 0.071566 -0.006317 -0.005964 -0.016626 0.022815 -0.021602 -0.018943 -0.029643 0.059309 0.016417 0.013226 0.045994 -0.076183 0.071776 
-0.076167 0.078910 0.063340 0.048961 0.141535 0.058690 0.029786 -0.008461 0.037683 0.243894 0.028634 -0.000544 0.021119 -0.033831 -0.020111 0.750640 0.055017 -0.052392 0.109530 -0.094364 -0.019990 0.177270 1.000000 0.512672 0.134502 0.000189 0.113103 0.374348 0.035379 0.005717 -0.048262 0.136521 0.002676 -0.007388 0.100651 0.022291 -0.037099 0.232196 0.106647 0.118414 -0.024814 0.028098 0.122382 0.004679 -0.053006 -0.020354 -0.055919 -0.034234 0.404513 0.066425 0.085514 -0.034519 0.043009 0.043807 0.103600 0.725926 0.189437 0.074586 0.052962 0.103299 0.291472 0.072116 0.031602 0.059972 0.155647 0.050542 
-0.025452 0.054547 0.244878 0.013117 0.147109 -0.061713 -0.018791 -0.011916 0.009809 0.044477 0.131359 0.018624 0.054840 0.019126 -0.030430 0.439573 0.003987 -0.006695 0.021722 0.078021 0.003238 0.390680 0.512672 1.000000 -0.041711 -0.016324 0.169210 0.278917 -0.007803 0.010202 0.078893 0.173478 0.070651 0.023043 0.020453 0.070166 -0.086042 -0.024701 -0.063310 -0.068332 -0.031803 -0.076098 -0.036417 0.066072 -0.010275 -0.064089 -0.043057 -0.062886 0.057203 -0.050620 0.107943 -0.021651 0.021009 -0.030269 0.099551 0.157018 0.038677 -0.020408 -0.067962 -0.025911 0.117841 0.047951 0.069075 0.073511 -0.055062 0.129629 
-0.035020 -0.006516 -0.070732 0.500275 0.004978 0.053418 0.061334 0.100891 -0.019507 0.805866 0.018302 0.035462 0.066120 0.064483 -0.050769 0.153359 0.006352 0.037319 0.033464 -0.041741 0.204699 0.092662 0.134502 -0.041711 1.000000 0.043196 0.030797 0.067123 0.672203 -0.018307 0.083796 0.004659 -0.041426 0.059174 -0.004836 -0.050589 0.090716 -0.019059 0.033058 0.072476 0.064436 0.058004 0.076185 0.082467 0.003717 0.151851 0.037611 0.012047 0.043899 0.053263 0.027148 -0.099703 0.083736 0.042437 -0.017163 0.028203 -0.089783 0.092181 0.030360 -0.048017 0.036883 -0.109845 0.029452 0.055866 0.026581 0.024147 
-0.017611 0.248324 -0.025896 0.049593 -0.058380 0.131888 0.026265 0.013854 0.075112 -0.010750 0.004639 0.075676 -0.052709 0.105509 0.003601 0.031788 0.062881 0.144856 0.014444 0.152039 0.011420 0.009864 0.000189 -0.016324 0.043196 1.000000 0.292218 0.399261 0.091505 0.011592 -0.028184 0.020887 0.030378 0.020013 0.143185 0.044369 0.037379 0.044802 0.158202 0.166320 0.046235 0.142783 -0.016508 0.036058 0.020210 0.116746 0.097290 0.035885 0.080187 0.088788 0.147219 0.010266 0.122276 0.048087 0.101255 0.074329 0.078348 -0.004136 0.411227 0.045947 0.301244 0.018420 0.040920 0.070546 0.069329 0.019113 
-0.069664 0.102920 0.030002 -0.007898 0.040611 0.101508 0.028913 0.062076 0.053469 0.020466 0.025496 0.120750 0.063442 0.070247 0.098130 0.052351 -0.046323 0.049151 0.100961 0.089742 0.011336 0.199259 0.113103 0.169210 0.030797 0.292218 1.000000 0.344739 0.032525 0.085197 0.021561 0.130695 0.099709 0.042634 0.108170 0.061401 0.007131 0.032987 0.222784 0.090271 -0.039807 0.133503 -0.034715 0.065046 0.028477 0.070775 0.035630 0.124592 0.022217 0.048116 -0.022055 0.035655 -0.005814 0.020018 0.032791 0.069733 0.047438 -0.026849 0.074020 0.046475 0.102899 0.056828 0.107603 0.012289 0.145923 0.028729 
-0.119871 0.080323 0.023967 0.030583 0.122606 -0.015791 0.010970 -0.065399 0.030528 0.041849 0.086003 0.127793 0.021667 0.082891 -0.000456 0.278248 0.105868 0.069184 0.133614 0.087613 0.035567 0.156027 0.374348 0.278917 0.067123 0.399261 0.344739 1.000000 0.042347 -0.043805 -0.054801 0.114280 -0.041390 -0.037056 0.121199 0.081327 -0.010406 0.063880 -0.034323 0.063738 -0.106440 0.058991 0.010834 -0.030428 0.003055 -0.060780 -0.010009 -0.035482 0.146002 -0.016349 0.081404 -0.020300 0.115196 -0.003800 0.101414 0.316815 0.202452 0.015699 0.227714 0.068584 0.525299 0.059035 0.035900 0.065512 0.033352 0.046757 
-0.029597 -0.014850 -0.130515 0.175345 -0.052205 0.116181 0.010531 0.158216 -0.096622 0.525231 0.049234 0.068547 0.013453 0.135833 -0.104131 0.182841 -0.067629 0.049142 0.026909 -0.027348 0.109008 0.138447 0.035379 -0.007803 0.672203 0.091505 0.032525 0.042347 1.000000 -0.014812 0.097108 -0.052715 -0.021184 0.109410 -0.022870 -0.032430 0.099772 -0.040782 0.062771 0.056405 0.094923 0.050058 0.027884 0.078804 -0.015306 0.179187 0.053180 0.035690 0.052911 0.050881 0.062496 -0.088220 0.088899 0.096025 0.062183 -0.017540 -0.029412 0.053991 0.027205 -0.000467 0.053488 -0.020768 0.053799 0.096744 0.060276 0.059364 
0.593025 0.090860 0.113239 -0.007468 0.075618 0.047016 0.124352 0.048907 0.183488 0.043333 -0.067474 0.045082 0.075485 0.014833 0.378988 -0.009560 0.181213 0.017993 0.191121 0.035748 -0.038249 0.136188 0.005717 0.010202 -0.018307 0.011592 0.085197 -0.043805 -0.014812 1.000000 0.349566 0.172085 0.829785 0.155642 0.095990 0.023292 -0.037742 0.119920 0.079401 0.180347 0.100297 0.118582 0.161038 0.059270 -0.020785 0.208075 0.009337 0.203606 0.127856 0.269340 -0.041166 0.024560 0.020633 -0.021287 0.082247 0.065195 0.047179 0.122201 0.072848 -0.001468 -0.037856 0.135377 0.163208 -0.006258 0.118533 0.167745 
0.352544 0.031032 0.114575 -0.033375 0.037599 0.046717 0.037100 0.024252 0.029521 0.102618 0.024215 0.160928 -0.013105 0.144176 0.019913 -0.082219 0.009883 -0.032642 0.094222 0.079139 0.000711 0.599940 -0.048262 0.078893 0.083796 -0.028184 0.021561 -0.054801 0.097108 0.349566 1.000000 0.069955 0.404862 0.079337 0.012939 0.028166 -0.002462 -0.063772 -0.023129 0.030833 0.026622 0.064848 0.020676 0.042844 -0.027327 0.109969 0.033208 0.083997 -0.025954 0.072108 -0.026148 0.009456 0.012974 -0.000507 0.029406 -0.071574 0.015160 -0.022595 0.023636 0.004092 0.013792 0.051427 0.033496 0.000449 -0.038834 0.039674 
0.098780 0.195555 0.231642 -0.027065 0.628360 0.252955 0.315864 -0.058624 0.468766 -0.017286 -0.066210 0.152868 0.094740 0.027318 0.239433 -0.000781 0.410157 0.144322 0.045718 0.080639 0.007080 0.088476 0.136521 0.173478 0.004659 0.020887 0.130695 0.114280 -0.052715 0.172085 0.069955 1.000000 0.193311 -0.001700 0.275525 0.194916 0.053505 -0.042148 0.117176 -0.004495 -0.006604 0.051434 0.070647 -0.041003 0.028628 0.046189 0.036344 0.040249 -0.081245 0.042297 0.029165 -0.021700 0.023858 0.016884 0.007635 0.031550 -0.019178 0.025569 0.128355 0.051752 0.059969 -0.040825 0.034617 -0.074536 0.052454 0.083976 
0.631802 0.106771 0.107885 -0.010522 0.072633 -0.014311 0.120275 0.067860 0.115442 0.052932 -0.071358 0.079486 0.049408 0.058027 0.246963 -0.028308 0.222525 0.051564 0.163023 0.028260 -0.042522 0.221099 0.002676 0.070651 -0.041426 0.030378 0.099709 -0.041390 -0.021184 0.829785 0.404862 0.193311 1.000000 0.116169 0.058318 0.016257 -0.029686 0.099708 0.029841 0.174684 0.056805 0.118029 0.141442 0.040428 -0.020694 0.221089 0.028106 0.207433 0.107085 0.320717 -0.006008 0.024803 0.005745 0.017328 0.118257 0.063264 0.081291 0.067081 0.060184 0.050958 0.001258 0.037295 0.222388 -0.003109 0.123671 0.278544 
0.235310 0.059698 0.136270 0.001994 -0.020348 0.036323 0.142731 0.240365 0.023662 0.181585 0.076716 -0.017606 0.325859 -0.004250 -0.033155 0.054002 0.107217 -0.073582 0.033437 0.012628 0.044098 0.060110 -0.007388 0.023043 0.059174 0.020013 0.042634 -0.037056 0.109410 0.155642 0.079337 -0.001700 0.116169 1.000000 -0.016017 0.090632 0.102400 -0.011565 -0.014956 0.078946 0.435549 0.082008 0.036866 0.189325 0.120203 0.220492 0.053817 0.305878 -0.016647 0.081628 -0.017163 0.263882 0.126964 0.088246 0.074313 -0.041079 0.054614 0.066898 0.053109 0.021025 0.018200 0.040359 0.548544 0.471619 -0.009269 0.347970 
-0.014133 0.637701 0.109003 0.074923 0.231444 0.094762 0.126174 0.002647 0.168633 -0.035671 -0.080624 0.126918 0.054072 0.002968 0.106830 -0.028690 0.131132 0.143892 0.036811 0.006228 0.050515 0.013005 0.100651 0.020453 -0.004836 0.143185 0.108170 0.121199 -0.022870 0.095990 0.012939 0.275525 0.058318 -0.016017 1.000000 0.433771 0.113379 0.112770 0.114942 0.070508 -0.070833 0.075999 -0.057852 0.020173 0.107770 -0.007834 0.015766 -0.047845 -0.072605 -0.054529 0.038136 -0.024077 0.037180 0.150061 -0.001007 0.041901 0.066151 -0.021494 0.203953 0.000182 0.104780 0.035432 0.010413 0.039012 0.139520 0.020979 
0.050933 0.074913 0.082849 -0.064310 0.176644 0.088499 0.157500 0.025878 0.063869 -0.011358 0.025523 0.090368 0.124271 0.054203 -0.001840 -0.016686 0.157364 0.106417 0.080913 0.059535 -0.015882 0.094216 0.022291 0.070166 -0.050589 0.044369 0.061401 0.081327 -0.032430 0.023292 0.028166 0.194916 0.016257 0.090632 0.433771 1.000000 0.074321 0.077472 0.036171 0.072758 -0.063762 0.075328 0.038209 0.049329 0.076169 -0.018094 0.002756 -0.004076 -0.062311 -0.009545 0.007965 0.014488 0.082266 0.019807 0.025928 0.012378 0.174287 0.061624 0.110264 -0.015295 0.002994 0.066249 0.036692 0.027213 0.078975 0.040696 
-0.047047 0.073459 -0.001915 0.115635 0.120094 0.056301 -0.013072 0.107970 -0.046524 0.042184 -0.005064 0.075603 0.016283 0.076190 -0.031102 -0.090709 0.084896 0.032001 0.165365 -0.009532 0.129306 -0.019281 -0.037099 -0.086042 0.090716 0.037379 0.007131 -0.010406 0.099772 -0.037742 -0.002462 0.053505 -0.029686 0.102400 0.113379 0.074321 1.000000 -0.154354 -0.088925 -0.110509 0.106441 -0.072972 0.167812 0.188823 0.060969 0.248484 0.038095 -0.061138 -0.136092 -0.092482 0.052425 -0.019320 -0.014328 0.665760 0.028805 -0.079851 0.033225 0.280251 0.059040 -0.070126 0.004282 0.028777 0.013206 0.044029 -0.123154 0.028232 
0.041578 0.069158 0.016248 0.055693 -0.065070 0.068298 0.074463 0.050705 0.037423 0.126187 -0.047517 -0.033549 0.068461 -0.040741 0.063601 0.093482 0.056591 0.015444 0.007836 -0.007189 -0.020183 -0.076531 0.232196 -0.024701 -0.019059 0.044802 0.032987 0.063880 -0.040782 0.119920 -0.063772 -0.042148 0.099708 -0.011565 0.112770 0.077472 -0.154354 1.000000 0.295508 0.691793 0.016876 0.441781 0.142300 0.000276 0.091139 0.105511 0.072784 0.276009 0.159844 0.492470 -0.078818 0.108614 -0.020912 -0.036743 0.132514 0.334191 0.206431 0.039799 0.152255 0.222774 0.149669 0.114634 0.119713 -0.138366 0.792543 0.004061 
0.061837 0.103331 0.082764 0.105274 -0.046224 0.531191 0.082587 0.093563 0.078374 0.043684 -0.098833 0.111908 0.041474 0.184365 0.094187 0.091451 -0.011992 0.019559 0.106217 -0.028152 0.070240 -0.030184 0.106647 -0.063310 0.033058 0.158202 0.222784 -0.034323 0.062771 0.079401 -0.023129 0.117176 0.029841 -0.014956 0.114942 0.036171 -0.088925 0.295508 1.000000 0.194145 0.032975 0.167411 0.135340 0.020662 0.160126 0.031610 0.363964 0.130240 0.175160 0.145076 -0.009158 0.146215 0.006651 -0.025760 0.108183 0.223472 0.084687 0.040927 0.264879 0.193657 0.071026 0.155078 0.010618 -0.005683 0.496446 -0.118229 
0.141914 0.008662 0.000845 0.063175 0.014402 0.048172 0.095201 0.108225 0.039351 0.187052 0.036630 0.058974 0.083495 0.042937 0.053811 0.035850 0.122910 0.098172 0.057614 0.101222 0.047116 -0.043831 0.118414 -0.068332 0.072476 0.166320 0.090271 0.063738 0.056405 0.180347 0.030833 -0.004495 0.174684 0.078946 0.070508 0.072758 -0.110509 0.691793 0.194145 1.000000 0.070652 0.783108 0.065851 0.055721 0.110114 0.337353 0.104747 0.451802 0.134021 0.741195 -0.039501 0.133856 0.010432 -0.029206 0.100016 0.210021 0.092297 0.041045 0.180562 0.140256 0.129180 0.056225 0.222037 -0.065605 0.585571 0.069823 
0.071980 0.021636 0.094536 -0.005167 -0.006073 0.076438 0.136624 0.222720 0.014441 0.019905 0.029430 -0.017667 0.137464 0.035285 0.002216 -0.073785 0.085566 -0.078523 0.071506 0.089971 -0.074227 0.008296 -0.024814 -0.031803 0.064436 0.046235 -0.039807 -0.106440 0.094923 0.100297 0.026622 -0.006604 0.056805 0.435549 -0.070833 -0.063762 0.106441 0.016876 0.032975 0.070652 1.000000 0.055248 0.252409 0.225953 -0.004583 0.245112 0.055082 0.128995 0.037030 0.084458 0.051926 0.117780 0.082380 0.128604 0.056518 -0.017836 -0.038014 0.197265 0.100045 0.053148 0.012085 0.197714 0.110884 0.171801 -0.023733 0.058401 
0.115300 0.009878 -0.008857 0.072531 0.055773 0.030463 0.108088 0.098603 0.066660 0.119177 0.086885 0.033216 0.076305 0.008475 0.042845 -0.028046 0.093784 0.057878 0.025871 0.104356 0.092372 -0.005234 0.028098 -0.076098 0.058004 0.142783 0.133503 0.058991 0.050058 0.118582 0.064848 0.051434 0.118029 0.082008 0.075999 0.075328 -0.072972 0.441781 0.167411 0.783108 0.055248 1.000000 -0.042519 0.146876 0.084268 0.363093 0.090407 0.671105 0.054579 0.476324 -0.009277 0.126151 0.062254 0.020772 0.076184 0.058977 0.009223 -0.092126 0.124523 0.099333 0.086884 -0.036530 0.261863 -0.048334 0.457306 0.068206 
0.188151 -0.082276 -0.008859 -0.074328 0.104335 0.184662 0.190186 0.173542 0.082257 0.038068 -0.020432 0.016893 0.038599 0.095023 0.189857 0.036957 0.272895 0.080990 0.210086 -0.043394 -0.141093 -0.006487 0.122382 -0.036417 0.076185 -0.016508 -0.034715 0.010834 0.027884 0.161038 0.020676 0.070647 0.141442 0.036866 -0.057852 0.038209 0.167812 0.142300 0.135340 0.065851 0.252409 -0.042519 1.000000 0.094948 -0.000277 0.231199 0.078594 -0.051418 0.281611 0.077442 0.112741 -0.007752 -0.007817 0.259593 0.195684 0.288876 0.156307 0.725947 0.149388 0.039466 0.105495 0.290298 -0.005495 0.036549 0.078924 0.065384 
0.046406 0.017577 -0.076061 0.089921 -0.000272 -0.033641 0.054005 0.169018 -0.122763 0.100553 0.199391 0.045635 0.037219 0.121964 -0.093083 0.069341 0.089440 0.020924 0.168540 0.051345 -0.003531 0.017872 0.004679 0.066072 0.082467 0.036058 0.065046 -0.030428 0.078804 0.059270 0.042844 -0.041003 0.040428 0.189325 0.020173 0.049329 0.188823 0.000276 0.020662 0.055721 0.225953 0.146876 0.094948 1.000000 0.015395 0.391770 0.044866 0.182366 -0.089757 -0.022717 0.050112 0.085524 0.124458 0.373094 0.184342 -0.084922 0.018166 0.013279 -0.049537 0.055731 -0.047909 0.057892 0.182559 0.159747 0.039499 0.125694 
-0.003723 0.198454 0.229013 0.096142 0.036709 0.216068 0.031135 0.023769 -0.014188 0.015022 -0.079959 0.065584 0.055078 0.338810 0.015618 -0.040082 0.076001 0.234359 0.048121 0.105948 -0.004849 -0.029818 -0.053006 -0.010275 0.003717 0.020210 0.028477 0.003055 -0.015306 -0.020785 -0.027327 0.028628 -0.020694 0.120203 0.107770 0.076169 0.060969 0.091139 0.160126 0.110114 -0.004583 0.084268 -0.000277 0.015395 1.000000 -0.007494 0.788817 0.021509 -0.078887 -0.002732 -0.013110 0.621433 -0.014803 -0.031660 -0.022561 -0.065109 -0.029462 0.059577 0.157331 -0.054463 -0.000061 -0.032486 0.064547 0.013359 0.120492 0.042874 
0.300285 -0.049269 -0.095253 0.042436 0.089508 0.045592 0.254336 0.370049 0.021335 0.153061 0.096511 0.071851 0.141276 0.044298 0.082621 -0.013562 0.248478 0.052039 0.179566 0.065711 -0.024146 -0.029280 -0.020354 -0.064089 0.151851 0.116746 0.070775 -0.060780 0.179187 0.208075 0.109969 0.046189 0.221089 0.220492 -0.007834 -0.018094 0.248484 0.105511 0.031610 0.337353 0.245112 0.363093 0.231199 0.391770 -0.007494 1.000000 0.043331 0.385273 0.014718 0.313457 0.036963 0.157510 0.078555 0.451616 0.122423 0.000469 0.003867 0.123360 0.137672 0.014908 0.011813 0.050267 0.243453 0.025448 0.074355 0.193986 
0.017912 0.178973 0.202862 0.091914 0.045626 0.379419 0.025862 0.059983 0.013448 -0.018831 -0.125049 0.230495 -0.035926 0.626982 -0.008206 -0.058578 0.089267 0.252003 0.152624 0.090388 -0.020152 0.001783 -0.055919 -0.043057 0.037611 0.097290 0.035630 -0.010009 0.053180 0.009337 0.033208 0.036344 0.028106 0.053817 0.015766 0.002756 0.038095 0.072784 0.363964 0.104747 0.055082 0.090407 0.078594 0.044866 0.788817 0.043331 1.000000 0.011216 -0.034801 0.014598 0.069467 0.486616 -0.018042 -0.022143 0.002860 -0.056629 -0.081150 0.084412 0.240888 -0.038283 -0.020024 -0.000063 0.038867 0.004266 0.156130 0.007649 
0.218620 -0.058260 -0.060002 0.050632 0.062920 -0.017896 0.185636 0.125446 0.060561 0.114736 0.072893 0.023657 0.222167 -0.012789 0.048886 -0.047379 0.148000 0.007588 -0.000520 -0.009781 0.100586 -0.013516 -0.034234 -0.062886 0.012047 0.035885 0.124592 -0.035482 0.035690 0.203606 0.083997 0.040249 0.207433 0.305878 -0.047845 -0.004076 -0.061138 0.276009 0.130240 0.451802 0.128995 0.671105 -0.051418 0.182366 0.021509 0.385273 0.011216 1.000000 0.044224 0.447856 -0.063684 0.167570 -0.006474 0.041508 0.056765 0.007719 -0.011523 -0.117916 0.020211 0.119492 0.024683 -0.017805 0.573620 -0.048580 0.320851 0.282140 
0.126378 -0.030302 -0.050295 -0.050873 -0.115447 0.027210 0.027526 0.082987 0.067798 0.061308 0.005805 0.018546 0.049788 -0.021405 0.152864 0.428565 -0.014041 -0.084995 0.030780 -0.069152 -0.015210 -0.074760 0.404513 0.057203 0.043899 0.080187 0.022217 0.146002 0.052911 0.127856 -0.025954 -0.081245 0.107085 -0.016647 -0.072605 -0.062311 -0.136092 0.159844 0.175160 0.134021 0.037030 0.054579 0.281611 -0.089757 -0.078887 0.014718 -0.034801 0.044224 1.000000 0.117448 -0.062912 0.003842 0.004370 -0.018396 0.219258 0.699288 0.341250 0.160002 0.139122 0.123963 0.217554 0.417726 -0.024714 0.007671 0.169383 -0.050757 
0.172402 -0.112383 -0.028358 -0.000349 -0.006613 0.065812 0.140108 0.074363 0.036166 0.251018 0.019736 0.048269 0.125476 0.016025 0.058581 0.002683 0.202694 0.090094 0.033295 0.054909 -0.036151 -0.011688 0.066425 -0.050620 0.053263 0.088788 0.048116 -0.016349 0.050881 0.269340 0.072108 0.042297 0.320717 0.081628 -0.054529 -0.009545 -0.092482 0.492470 0.145076 0.741195 0.084458 0.476324 0.077442 -0.022717 -0.002732 0.313457 0.014598 0.447856 0.117448 1.000000 -0.023137 0.117594 -0.029521 -0.047097 0.077637 0.157408 0.070516 0.099021 0.147812 0.153386 0.128269 0.008275 0.286252 -0.089245 0.440855 0.179390 
-0.107630 0.098447 0.085990 0.023071 0.102594 0.096957 -0.063003 -0.019661 -0.002315 0.025353 0.120214 0.099365 -0.059929 0.143641 -0.028155 0.056432 0.012296 0.123901 0.050330 0.036311 0.013805 0.074291 0.085514 0.107943 0.027148 0.147219 -0.022055 0.081404 0.062496 -0.041166 -0.026148 0.029165 -0.006008 -0.017163 0.038136 0.007965 0.052425 -0.078818 -0.009158 -0.039501 0.051926 -0.009277 0.112741 0.050112 -0.013110 0.036963 0.069467 -0.063684 -0.062912 -0.023137 1.000000 -0.059456 0.350632 0.027708 0.079523 0.017486 0.068928 0.050460 0.107688 0.050488 0.070558 -0.095583 -0.006446 0.128023 -0.123596 0.117567 
0.089407 0.055302 0.210614 -0.025332 -0.061571 0.280768 0.100936 0.156525 -0.027016 -0.026592 0.031315 0.039387 0.108146 0.169498 0.025158 0.022961 0.082425 0.024729 0.106601 0.093403 -0.088731 -0.084787 -0.034519 -0.021651 -0.099703 0.010266 0.035655 -0.020300 -0.088220 0.024560 0.009456 -0.021700 0.024803 0.263882 -0.024077 0.014488 -0.019320 0.108614 0.146215 0.133856 0.117780 0.126151 -0.007752 0.085524 0.621433 0.157510 0.486616 0.167570 0.003842 0.117594 -0.059456 1.000000 0.092856 -0.055010 0.032589 -0.022282 0.020118 0.038470 0.174025 -0.031825 -0.017764 0.013739 0.208831 0.059339 0.084032 0.125609 
0.042698 -0.021485 -0.054441 0.036926 -0.051386 0.030861 0.091940 0.104546 -0.023152 0.065423 0.135113 0.039079 0.060229 -0.027801 -0.057213 0.105804 -0.041544 0.154320 0.072414 0.260629 0.057207 0.071566 0.043009 0.021009 0.083736 0.122276 -0.005814 0.115196 0.088899 0.020633 0.012974 0.023858 0.005745 0.126964 0.037180 0.082266 -0.014328 -0.020912 0.006651 0.010432 0.082380 0.062254 -0.007817 0.124458 -0.014803 0.078555 -0.018042 -0.006474 0.004370 -0.029521 0.350632 0.092856 1.000000 -0.014632 0.093170 0.001919 0.048447 -0.055904 0.247615 0.270368 0.123719 -0.121464 0.066744 0.256984 -0.080141 0.073474 
-0.007387 0.095698 -0.054035 -0.012934 0.067291 0.066507 0.013237 0.181306 -0.062613 0.027583 -0.003613 0.005742 0.005926 0.011816 -0.022493 0.003049 0.108263 -0.005487 0.188458 -0.022096 0.127619 -0.006317 0.043807 -0.030269 0.042437 0.048087 0.020018 -0.003800 0.096025 -0.021287 -0.000507 0.016884 0.017328 0.088246 0.150061 0.019807 0.665760 -0.036743 -0.025760 -0.029206 0.128604 0.020772 0.259593 0.373094 -0.031660 0.451616 -0.022143 0.041508 -0.018396 -0.047097 0.027708 -0.055010 -0.014632 1.000000 0.126046 -0.007037 0.067358 0.112203 0.079904 0.002621 0.065206 0.106279 0.053302 0.095002 -0.028921 0.051560 
0.138651 0.017603 -0.042476 -0.021494 0.070182 0.042494 0.077095 0.064169 0.066794 -0.004578 0.070243 -0.017977 0.073676 0.034275 0.031154 0.045851 0.111546 -0.021715 0.044281 0.085744 -0.057974 -0.005964 0.103600 0.099551 -0.017163 0.101255 0.032791 0.101414 0.062183 0.082247 0.029406 0.007635 0.118257 0.074313 -0.001007 0.025928 0.028805 0.132514 0.108183 0.100016 0.056518 0.076184 0.195684 0.184342 -0.022561 0.122423 0.002860 0.056765 0.219258 0.077637 0.079523 0.032589 0.093170 0.126046 1.000000 0.309703 0.399443 0.081220 0.084447 0.294284 0.206663 0.304751 0.199507 0.511975 0.175466 0.318238 
0.059013 0.015622 -0.033459 0.019668 0.052043 0.082487 0.059539 0.013425 0.068387 0.074302 -0.018644 0.010105 0.058101 -0.047186 0.084440 0.478788 0.088144 -0.071192 0.087548 -0.091394 -0.051217 -0.016626 0.725926 0.157018 0.028203 0.074329 0.069733 0.316815 -0.017540 0.065195 -0.071574 0.031550 0.063264 -0.041079 0.041901 0.012378 -0.079851 0.334191 0.223472 0.210021 -0.017836 0.058977 0.288876 -0.084922 -0.065109 0.000469 -0.056629 0.007719 0.699288 0.157408 0.017486 -0.022282 0.001919 -0.007037 0.309703 1.000000 0.475715 0.125530 0.115951 0.226208 0.372249 0.237558 -0.031464 0.083027 0.280571 -0.024261 
0.053522 0.073549 0.004897 -0.050648 0.011255 -0.046248 0.022249 -0.015953 0.008523 -0.017260 -0.028204 -0.013516 0.033264 -0.061941 0.043760 0.130869 0.049250 -0.106009 0.007230 -0.004044 -0.106790 0.022815 0.189437 0.038677 -0.089783 0.078348 0.047438 0.202452 -0.029412 0.047179 0.015160 -0.019178 0.081291 0.054614 0.066151 0.174287 0.033225 0.206431 0.084687 0.092297 -0.038014 0.009223 0.156307 0.018166 -0.029462 0.003867 -0.081150 -0.011523 0.341250 0.070516 0.068928 0.020118 0.048447 0.067358 0.399443 0.475715 1.000000 0.078111 0.008725 0.191717 0.262262 0.217612 -0.020451 0.164024 0.214512 0.029389 
0.057778 -0.006535 0.052657 -0.002388 0.007820 0.133697 0.160059 0.102447 0.032205 0.071397 -0.058486 0.034773 0.055810 0.121334 0.098355 0.059379 0.184276 0.080753 0.171153 -0.022013 -0.118954 -0.021602 0.074586 -0.020408 0.092181 -0.004136 -0.026849 0.015699 0.053991 0.122201 -0.022595 0.025569 0.067081 0.066898 -0.021494 0.061624 0.280251 0.039799 0.040927 0.041045 0.197265 -0.092126 0.725947 0.013279 0.059577 0.123360 0.084412 -0.117916 0.160002 0.099021 0.050460 0.038470 -0.055904 0.112203 0.081220 0.125530 0.078111 1.000000 0.102312 -0.018212 0.055926 0.289078 -0.007968 0.007604 0.015229 0.036847 
0.037696 0.101420 0.121532 0.039464 -0.011496 0.305191 0.159677 0.073748 0.202472 -0.006316 -0.002486 0.048457 0.014766 0.010937 0.137781 -0.041238 0.111981 0.292474 0.028537 0.323692 0.012148 -0.018943 0.052962 -0.067962 0.030360 0.411227 0.074020 0.227714 0.027205 0.072848 0.023636 0.128355 0.060184 0.053109 0.203953 0.110264 0.059040 0.152255 0.264879 0.180562 0.100045 0.124523 0.149388 -0.049537 0.157331 0.137672 0.240888 0.020211 0.139122 0.147812 0.107688 0.174025 0.247615 0.079904 0.084447 0.115951 0.008725 0.102312 1.000000 0.179558 0.484273 0.109818 0.035616 0.085066 0.087365 0.005232 
0.026471 0.028706 -0.099830 0.002285 -0.053854 0.092428 0.042202 0.054128 -0.037055 -0.009269 0.025776 -0.027712 0.086878 -0.000144 -0.056090 0.094544 -0.012185 0.002668 0.037392 0.071841 -0.042369 -0.029643 0.103299 -0.025911 -0.048017 0.045947 0.046475 0.068584 -0.000467 -0.001468 0.004092 0.051752 0.050958 0.021025 0.000182 -0.015295 -0.070126 0.222774 0.193657 0.140256 0.053148 0.099333 0.039466 0.055731 -0.054463 0.014908 -0.038283 0.119492 0.123963 0.153386 0.050488 -0.031825 0.270368 0.002621 0.294284 0.226208 0.191717 -0.018212 0.179558 1.000000 0.490215 0.036497 0.046560 0.205156 0.222493 0.023696 
-0.027663 0.039010 -0.047408 0.041015 0.011222 0.104797 0.014180 0.003351 0.055342 0.064645 0.044861 0.038831 0.022393 -0.015606 0.018236 0.220257 0.054707 0.051990 0.040993 0.164396 -0.014037 0.059309 0.291472 0.117841 0.036883 0.301244 0.102899 0.525299 0.053488 -0.037856 0.013792 0.059969 0.001258 0.018200 0.104780 0.002994 0.004282 0.149669 0.071026 0.129180 0.012085 0.086884 0.105495 -0.047909 -0.000061 0.011813 -0.020024 0.024683 0.217554 0.128269 0.070558 -0.017764 0.123719 0.065206 0.206663 0.372249 0.262262 0.055926 0.484273 0.490215 1.000000 0.099036 -0.009040 0.152395 0.122704 -0.038215 
0.131521 -0.036373 -0.028942 -0.063251 -0.005394 0.101075 0.055311 0.099487 0.057243 -0.143170 -0.013675 -0.026362 0.142749 0.009020 0.127658 0.010682 0.012682 -0.064850 0.060880 0.022338 0.008565 0.016417 0.072116 0.047951 -0.109845 0.018420 0.056828 0.059035 -0.020768 0.135377 0.051427 -0.040825 0.037295 0.040359 0.035432 0.066249 0.028777 0.114634 0.155078 0.056225 0.197714 -0.036530 0.290298 0.057892 -0.032486 0.050267 -0.000063 -0.017805 0.417726 0.008275 -0.095583 0.013739 -0.121464 0.106279 0.304751 0.237558 0.217612 0.289078 0.109818 0.036497 0.099036 1.000000 -0.024979 0.042546 0.115874 -0.046343 
0.211669 0.030687 -0.035373 0.039367 0.024663 -0.051490 0.163936 0.120122 0.056393 0.193694 0.061224 0.028605 0.279365 0.024552 -0.003540 0.052189 0.214921 0.026953 -0.010467 -0.000468 0.094861 0.013226 0.031602 0.069075 0.029452 0.040920 0.107603 0.035900 0.053799 0.163208 0.033496 0.034617 0.222388 0.548544 0.010413 0.036692 0.013206 0.119713 0.010618 0.222037 0.110884 0.261863 -0.005495 0.182559 0.064547 0.243453 0.038867 0.573620 -0.024714 0.286252 -0.006446 0.208831 0.066744 0.053302 0.199507 -0.031464 -0.020451 -0.007968 0.035616 0.046560 -0.009040 -0.024979 1.000000 0.283108 0.163201 0.852040 
0.053474 0.094725 0.052793 -0.009114 -0.079139 0.044900 0.056792 0.071801 -0.032650 0.033163 0.035776 -0.044025 0.163799 0.021795 -0.092087 0.057218 0.015141 -0.014780 0.028511 0.117277 0.015876 0.045994 0.059972 0.073511 0.055866 0.070546 0.012289 0.065512 0.096744 -0.006258 0.000449 -0.074536 -0.003109 0.471619 0.039012 0.027213 0.044029 -0.138366 -0.005683 -0.065605 0.171801 -0.048334 0.036549 0.159747 0.013359 0.025448 0.004266 -0.048580 0.007671 -0.089245 0.128023 0.059339 0.256984 0.095002 0.511975 0.083027 0.164024 0.007604 0.085066 0.205156 0.152395 0.042546 0.283108 1.000000 -0.097341 0.312609 
0.052396 0.108156 -0.009034 0.085706 -0.046563 0.165431 0.106272 0.038622 0.095238 0.137705 -0.115135 0.018762 0.038413 0.037058 0.073281 0.050223 0.060397 0.019829 0.002332 -0.022195 0.058275 -0.076183 0.155647 -0.055062 0.026581 0.069329 0.145923 0.033352 0.060276 0.118533 -0.038834 0.052454 0.123671 -0.009269 0.139520 0.078975 -0.123154 0.792543 0.496446 0.585571 -0.023733 0.457306 0.078924 0.039499 0.120492 0.074355 0.156130 0.320851 0.169383 0.440855 -0.123596 0.084032 -0.080141 -0.028921 0.175466 0.280571 0.214512 0.015229 0.087365 0.222493 0.122704 0.115874 0.163201 -0.097341 1.000000 0.007225 
