0.000000000000000000e+00 1.940626270841805737e-02 6.360309068727124440e-03 6.750711671411142346e-03 3.302155347702318087e-03 8.735258235054900108e-03 1.013420089467263058e-02 2.454656364375762401e-02 1.481903212688084545e-02 2.228548190321268628e-03 2.440016266775111914e-04 7.303782025213501408e-03 3.562423749491663068e-03 9.873932492883286463e-03 3.627490849938999531e-03 1.626677511183407829e-05 1.098007320048800285e-02 1.423342822285481903e-02 6.653111020740138520e-03 4.538430256201707834e-03 7.596583977226514621e-03 7.531516876779178159e-03 6.067507116714111227e-03 1.187474583163887834e-03 7.271248474989833177e-03 8.133387555917038808e-05 5.319235461569743646e-03 7.954453029686864296e-03 5.384302562017080108e-03 4.017893452623017871e-03 1.680357869052460235e-02 1.179341195607970690e-02 2.586417242781618737e-03 1.122407482716551372e-03 1.055713704758031758e-02 4.717364782431882671e-04 8.149654331028873683e-03 4.570963806425376065e-03 1.032940219601463996e-02 9.093127287515250651e-03 1.052460349735664935e-02 1.120780805205368047e-02 1.625050833672224415e-02 8.946726311508742960e-04 1.101260675071167108e-02 1.104514030093533931e-02 1.189101260675071159e-02 5.124034160227735127e-03 5.514436762911753033e-03 7.043513623424156427e-03 7.498983326555510795e-03 1.480276535176901264e-03 2.391215941439609784e-03 1.563237088247254949e-02 6.994713298088653429e-04 6.360309068727124440e-03 1.062220414802765404e-02 6.522976819845465596e-03 3.041886945912972672e-03 4.603497356649044296e-03 9.906466043106954694e-03 6.425376169174460902e-03 4.880032533550223827e-05 4.636030906872712527e-03 6.262708418056120614e-03 1.610410736071573755e-03 
1.940626270841805737e-02 0.000000000000000000e+00 2.033346888979259675e-03 1.738918259455063051e-02 1.244408296055306978e-02 7.970719804798698195e-04 4.310695404636031083e-03 1.740544936966246462e-03 1.055713704758031758e-02 8.995526636844245957e-03 4.928832858885725740e-03 6.653111020740138520e-03 9.060593737291582420e-03 2.976819845465636643e-03 1.293208621390809325e-02 1.252541683611224079e-03 8.572590483936558953e-03 1.582757218381455888e-02 3.920292801952013177e-03 1.159821065473769751e-02 1.527450183001220069e-02 3.855225701504676715e-03 3.725091500610004224e-03 8.930459536396909495e-03 1.198861325742171628e-02 1.364782431882879260e-02 8.312322082147214838e-03 4.993899959333062202e-03 2.196014640097600831e-03 7.336315575437169639e-03 9.353395689304594765e-03 8.377389182594551301e-03 7.303782025213501408e-03 6.002440016266774765e-03 8.296055307035380506e-04 2.749084993899959459e-03 1.052460349735664935e-02 1.740544936966246462e-03 7.336315575437169639e-03 1.805612037413582708e-03 9.906466043106954694e-03 3.952826352175681408e-03 1.084993899959332993e-02 5.644570963806425090e-03 7.303782025213501408e-03 5.742171614477429784e-03 3.741358275721837906e-04 4.050427002846685234e-03 7.921919479463196065e-03 4.766165107767385452e-03 8.735258235054900108e-03 2.976819845465636643e-03 9.093127287515250651e-03 8.995526636844245957e-03 6.620577470516470289e-03 2.488816592110614043e-03 3.074420496136640903e-03 7.596583977226514621e-03 1.355022366815778791e-02 1.122407482716551372e-03 5.904839365595770939e-03 2.093533956893045903e-02 8.182187881252541914e-03 1.968279788531923646e-03 3.106954046360309134e-03 1.439609597397316018e-02 
6.360309068727124440e-03 2.033346888979259675e-03 0.000000000000000000e+00 1.699877999186661173e-02 2.740951606344042141e-02 2.651484343228954765e-03 7.629117527450182852e-03 4.733631557543717221e-03 1.413582757218381433e-02 1.342008946726311498e-02 1.127287515250101693e-02 1.527450183001220069e-02 1.317608784058560325e-03 8.442456283041887763e-03 6.588043920292802058e-03 2.879219194794631950e-03 1.055713704758031758e-02 1.833265555103700747e-02 4.538430256201707834e-03 1.283448556323708856e-02 1.520943472956486422e-02 1.089873932492883358e-03 2.228548190321268628e-03 4.213094753965026390e-03 1.654331028873525997e-02 3.237088247254981625e-03 1.699877999186661173e-02 7.498983326555510795e-03 1.032940219601463996e-02 6.815778771858478809e-03 6.002440016266774765e-03 7.401382675884506102e-03 7.726718178121187545e-03 2.098413989426596137e-03 3.692557950386335993e-03 1.154941032940219603e-03 1.234648230988206509e-02 3.237088247254981625e-03 1.708011386742578231e-03 5.058967059780398665e-03 8.296055307035380506e-04 5.286701911346075415e-03 1.332248881659211029e-02 1.328995526636844206e-02 1.797478649857665867e-02 1.016673444489629881e-02 1.768198454656364285e-02 1.111020740138267578e-02 3.367222448149654115e-03 3.725091500610004224e-03 1.138674257828385514e-04 9.450996339975599458e-03 1.039446929646197643e-02 9.873932492883286463e-03 2.261081740544936859e-03 7.320048800325335741e-04 1.512810085400569278e-03 6.457909719398129134e-03 1.823505490036600105e-02 2.130947539650264368e-03 2.716551443676291228e-03 1.452623017486783311e-02 9.873932492883286463e-03 5.481903212688084802e-03 2.781618544123627690e-03 1.150061000406669455e-02 
6.750711671411142346e-03 1.738918259455063051e-02 1.699877999186661173e-02 0.000000000000000000e+00 9.906466043106954694e-03 4.668564457096380758e-03 1.252541683611224079e-03 3.725091500610004224e-03 6.978446522976819964e-03 1.610410736071573755e-03 6.165107767385115921e-03 3.627490849938999531e-03 4.538430256201707834e-03 1.610410736071573755e-03 8.637657584383895415e-03 9.353395689304594765e-03 1.559983733224888126e-02 4.733631557543717221e-03 3.041886945912972672e-03 7.694184627897519314e-03 2.474176494509963339e-02 3.627490849938999531e-03 1.146807645384302632e-02 7.206181374542496715e-03 3.529890199267995271e-03 1.455876372509150134e-02 9.597397315982106498e-04 4.180561203741358159e-03 4.668564457096380758e-03 1.124034160227734870e-02 6.815778771858478809e-03 2.033346888979259675e-03 1.773078487189914693e-03 1.546970313135420834e-02 4.148027653517689928e-03 3.952826352175681408e-03 2.749084993899959459e-03 2.911752745018300181e-03 4.766165107767385452e-03 6.262708418056120614e-03 9.255795038633590072e-03 8.572590483936558953e-03 2.944286295241968412e-03 1.442862952419682841e-02 3.529890199267995271e-03 1.156567710451402928e-02 6.978446522976819964e-03 1.364782431882879260e-02 4.636030906872712527e-03 1.382675884505896787e-03 1.719398129320862112e-02 5.937372915819439170e-03 1.595770638470923181e-02 5.449369662464416571e-03 5.416836112240748340e-03 1.104514030093533931e-02 4.017893452623017871e-03 1.805612037413582708e-03 6.425376169174460902e-03 8.182187881252541914e-03 1.968279788531923646e-03 9.808865392435950001e-03 7.954453029686864296e-03 8.442456283041887763e-03 6.555510370069133827e-03 3.090687271248474910e-04 
3.302155347702318087e-03 1.244408296055306978e-02 2.740951606344042141e-02 9.906466043106954694e-03 0.000000000000000000e+00 1.382675884505896787e-03 8.735258235054900108e-03 8.117120780805205452e-03 2.130947539650264368e-03 4.115494103294021697e-03 8.312322082147214838e-03 2.200894672631150892e-02 9.125660837738918882e-03 1.374542496949979729e-02 4.473363155754371372e-03 7.076047173647824658e-03 7.531516876779178159e-03 2.098413989426596137e-03 6.018706791378608664e-04 4.343228954859699315e-03 7.791785278568524008e-03 7.889385929239527834e-03 5.514436762911753033e-03 2.879219194794631950e-03 1.423342822285481903e-02 1.057340382269215126e-03 1.577877185847905740e-03 4.310695404636031083e-03 1.198861325742171628e-02 5.368035786905246210e-04 1.317608784058560325e-03 9.597397315982106498e-04 1.789345262301748646e-04 3.009353395689304440e-03 9.483529890199267690e-03 7.986986579910532527e-03 3.367222448149654115e-03 4.505896705978039603e-03 8.865392435949573033e-03 2.684017893452622996e-03 6.994713298088653429e-04 9.125660837738918882e-03 5.026433509556730433e-03 7.564050427002846390e-03 8.832858885725904802e-03 1.468889792598617253e-02 4.440829605530703141e-03 1.927612850752338444e-02 7.726718178121187545e-03 1.642944286295241986e-03 6.945912972753151733e-03 8.019520130134200758e-03 7.726718178121187545e-03 7.433916226108174333e-03 6.392842618950792671e-03 5.189101260675071589e-03 4.180561203741358159e-03 6.034973566490442996e-03 3.432289548596990578e-03 5.872305815372102708e-03 1.250915006100040625e-02 7.645384302562016968e-04 9.971533143554291156e-03 1.052460349735664935e-02 4.505896705978039603e-03 5.514436762911753033e-03 
8.735258235054900108e-03 7.970719804798698195e-04 2.651484343228954765e-03 4.668564457096380758e-03 1.382675884505896787e-03 0.000000000000000000e+00 1.823505490036600105e-02 3.562423749491663068e-03 1.400569337128914141e-02 3.041886945912972672e-03 1.960146400976006675e-02 2.553883692557950506e-03 7.824318828792191372e-03 1.626677511183407829e-05 3.074420496136640903e-03 9.223261488409923575e-03 2.440016266775111914e-04 9.060593737291582420e-03 7.856852379015859603e-03 4.636030906872712527e-03 3.464823098820658809e-03 1.315982106547376913e-02 1.154941032940219603e-03 6.522976819845465596e-03 7.271248474989833177e-03 4.180561203741358159e-03 9.922732818218788810e-04 1.055713704758031758e-02 8.149654331028873683e-03 2.488816592110614043e-03 3.562423749491663068e-03 7.498983326555510795e-03 7.206181374542496715e-03 7.726718178121187545e-03 6.620577470516470289e-03 1.138674257828385514e-04 7.954453029686864296e-03 5.416836112240748340e-03 3.090687271248474910e-04 2.879219194794631950e-03 6.653111020740138520e-03 4.717364782431882671e-04 1.449369662464416487e-02 1.045953639690931289e-02 5.254168361122407184e-03 4.310695404636031083e-03 5.774705164701098015e-03 3.432289548596990578e-03 1.317608784058560325e-03 6.522976819845465596e-03 1.000406669377795765e-02 1.220008133387555848e-03 3.106954046360309134e-03 2.114680764538430144e-04 5.384302562017080108e-03 4.392029280195201444e-04 7.759251728344855777e-03 9.776331842212281770e-03 1.317608784058560325e-03 9.922732818218788810e-04 4.880032533550223827e-05 7.173647824318828484e-03 2.423749491663277581e-03 6.620577470516470289e-03 2.944286295241968412e-03 5.742171614477429784e-03 
1.013420089467263058e-02 4.310695404636031083e-03 7.629117527450182852e-03 1.252541683611224079e-03 8.735258235054900108e-03 1.823505490036600105e-02 0.000000000000000000e+00 1.735664904432696054e-02 1.078487189914599347e-02 8.670191134607563646e-03 4.082960553070353465e-03 4.408296055307035777e-03 4.538430256201707834e-03 5.481903212688084802e-03 2.207401382675884538e-02 1.903212688084587184e-03 7.661651077673851083e-03 1.332248881659211029e-02 8.995526636844245957e-03 7.856852379015859603e-03 8.572590483936558953e-03 1.390809272061813671e-02 4.766165107767385452e-03 9.450996339975599458e-03 4.278161854412362852e-03 1.228141520943473036e-02 3.334688897925986318e-03 4.668564457096380758e-03 5.189101260675071589e-03 1.252541683611224079e-03 1.302968686457909794e-02 5.221634810898738953e-03 5.319235461569743646e-03 9.938999593330622925e-03 9.906466043106954694e-03 1.740544936966246462e-03 9.028060187067914188e-03 9.906466043106954694e-03 4.392029280195201444e-04 1.104514030093533931e-02 1.903212688084587184e-03 1.908092720618137506e-02 1.699877999186661173e-02 1.049206994713298112e-02 8.344855632370883070e-03 1.293208621390809325e-02 8.409922732818219532e-03 8.442456283041887763e-03 4.408296055307035777e-03 5.156567710451403358e-03 1.935746238308255415e-03 1.127287515250101693e-02 6.344042293615290975e-04 8.507523383489222490e-03 2.911752745018300181e-03 2.130947539650264368e-03 1.124034160227734870e-02 5.677104514030093321e-03 2.944286295241968412e-03 8.133387555917038808e-05 3.074420496136640903e-03 5.384302562017080108e-03 8.377389182594551301e-03 1.254168361122407448e-02 1.176087840585603866e-02 4.766165107767385452e-03 
2.454656364375762401e-02 1.740544936966246462e-03 4.733631557543717221e-03 3.725091500610004224e-03 8.117120780805205452e-03 3.562423749491663068e-03 1.735664904432696054e-02 0.000000000000000000e+00 1.296461976413176148e-02 1.550223668157787657e-02 2.666124440829605383e-02 1.332248881659211029e-02 1.963399755998373325e-02 1.342008946726311498e-02 1.968279788531923646e-03 3.952826352175681408e-03 3.627490849938999531e-03 1.237901586010573332e-02 1.586010573403822538e-02 4.066693777958519675e-04 1.319235461569743736e-02 1.062220414802765404e-02 1.512810085400569278e-03 6.620577470516470289e-03 1.472143147620984076e-02 1.078487189914599347e-02 3.204554697031313393e-03 6.344042293615290975e-04 1.716144774298495462e-02 1.838145587637250939e-03 1.068727124847499051e-02 9.678731191541277076e-03 1.187474583163887834e-03 1.348515656771045144e-02 2.456283041886945812e-03 2.358682391215941553e-03 8.474989833265554259e-03 2.765351769011793683e-04 8.409922732818219532e-03 2.423749491663277581e-03 1.963399755998373325e-02 5.254168361122407184e-03 3.139487596583977365e-03 4.213094753965026390e-03 7.661651077673851083e-03 4.148027653517689928e-03 1.494916632777551838e-02 3.464823098820658809e-03 4.880032533550223827e-05 8.605124034160227184e-03 8.052053680357868989e-03 2.098413989426596137e-03 7.759251728344855777e-03 1.751931679544530343e-02 7.320048800325335741e-04 2.488816592110614043e-03 1.098007320048800285e-02 5.286701911346075415e-03 1.013420089467263058e-02 4.570963806425376065e-03 3.741358275721837906e-04 1.039446929646197643e-02 1.512810085400569278e-03 1.382675884505896787e-03 5.774705164701098015e-03 4.603497356649044296e-03 
1.481903212688084545e-02 1.055713704758031758e-02 1.413582757218381433e-02 6.978446522976819964e-03 2.130947539650264368e-03 1.400569337128914141e-02 1.078487189914599347e-02 1.296461976413176148e-02 0.000000000000000000e+00 4.505896705978039603e-03 6.913379422529483502e-03 2.098413989426596137e-03 7.238714924766164946e-03 2.065880439202927906e-03 3.294021960146401029e-02 7.661651077673851083e-03 7.564050427002846390e-03 4.392029280195201444e-04 8.540056933712890722e-03 1.751931679544530343e-02 7.173647824318828484e-03 5.058967059780398665e-03 2.553883692557950506e-03 2.196014640097600831e-03 7.271248474989833177e-03 6.994713298088653429e-04 1.514436762911752776e-02 9.190727938186255344e-03 4.603497356649044296e-03 1.270435136234241563e-02 3.952826352175681408e-03 9.678731191541277076e-03 9.190727938186255344e-03 6.457909719398129134e-03 1.312728751525010090e-02 4.180561203741358159e-03 8.637657584383895415e-03 5.969906466043106534e-03 8.296055307035380506e-04 8.865392435949573033e-03 2.098413989426596137e-03 1.289955266368442502e-02 9.743798291988613539e-03 1.382675884505896787e-03 5.481903212688084802e-03 1.462383082553883606e-02 3.334688897925986318e-03 6.002440016266774765e-03 6.848312322082147040e-03 3.464823098820658809e-03 5.481903212688084802e-03 1.045953639690931289e-02 3.497356649044327040e-03 5.124034160227735127e-03 9.320862139080926534e-03 8.133387555917038808e-05 1.252541683611224079e-03 6.034973566490442996e-03 5.351769011793411877e-03 1.805612037413582708e-03 2.228548190321268628e-03 1.198861325742171628e-02 8.296055307035380506e-04 2.651484343228954765e-03 7.694184627897519314e-03 2.651484343228954765e-03 
2.228548190321268628e-03 8.995526636844245957e-03 1.342008946726311498e-02 1.610410736071573755e-03 4.115494103294021697e-03 3.041886945912972672e-03 8.670191134607563646e-03 1.550223668157787657e-02 4.505896705978039603e-03 0.000000000000000000e+00 3.952826352175681408e-03 7.108580723871492889e-03 3.302155347702318087e-03 9.922732818218788810e-04 4.603497356649044296e-03 3.106954046360309134e-03 9.125660837738918882e-03 5.872305815372102708e-03 2.781618544123627690e-03 1.026433509556730350e-02 1.078487189914599347e-02 7.401382675884506102e-03 5.579503863359088628e-03 5.189101260675071589e-03 8.572590483936558953e-03 1.208621390809272098e-02 4.440829605530703141e-03 5.709638064253761552e-03 4.701098007320048990e-03 1.150061000406669455e-02 1.254168361122407448e-02 7.759251728344855777e-03 6.457909719398129134e-03 2.363562423749491700e-02 2.521350142334282275e-03 6.669377795851972202e-04 3.741358275721837906e-04 1.195607970719804805e-02 5.368035786905246210e-04 2.033346888979259675e-03 8.962993086620577726e-03 1.400569337128914141e-02 3.009353395689304440e-03 1.319235461569743736e-02 9.678731191541277076e-03 1.273688491256608386e-02 5.221634810898738953e-03 3.098820658804391989e-02 1.708011386742578231e-03 9.125660837738918882e-03 9.646197641317608845e-03 4.701098007320048990e-03 6.848312322082147040e-03 1.016673444489629881e-02 4.017893452623017871e-03 3.855225701504676715e-03 9.190727938186255344e-03 3.855225701504676715e-03 1.137047580317202163e-02 9.906466043106954694e-03 3.887759251728344946e-03 3.367222448149654115e-03 1.501423342822285484e-02 9.483529890199267690e-03 7.173647824318828484e-03 9.516063440422935921e-03 
2.440016266775111914e-04 4.928832858885725740e-03 1.127287515250101693e-02 6.165107767385115921e-03 8.312322082147214838e-03 1.960146400976006675e-02 4.082960553070353465e-03 2.666124440829605383e-02 6.913379422529483502e-03 3.952826352175681408e-03 0.000000000000000000e+00 2.130947539650264368e-03 7.498983326555510795e-03 1.202114680764538451e-02 4.505896705978039603e-03 6.620577470516470289e-03 2.423749491663277581e-03 1.098007320048800285e-02 9.255795038633590072e-03 8.621390809272061733e-04 4.701098007320048990e-03 4.880032533550223827e-05 4.213094753965026390e-03 1.708011386742578231e-03 1.870679137860919170e-03 1.309475396502643267e-02 1.371289141927612906e-02 1.576250508336722242e-02 1.642944286295241986e-03 5.546970313135421264e-03 1.413582757218381433e-02 1.317608784058560325e-03 6.067507116714111227e-03 1.252541683611224079e-03 7.141114274095160253e-03 4.717364782431882671e-04 4.538430256201707834e-03 1.055713704758031758e-02 1.280195201301342033e-02 2.701911346075640610e-02 5.644570963806425090e-03 3.167141114274095448e-02 7.759251728344855777e-03 1.377795851972346552e-02 1.869052460349735628e-02 3.302155347702318087e-03 1.062220414802765404e-02 1.468889792598617253e-02 1.068727124847499051e-02 1.488409922732818191e-02 3.822692151281008484e-03 1.878812525416836271e-02 1.140300935339568986e-02 8.084587230581537221e-03 9.922732818218788810e-04 4.213094753965026390e-03 7.401382675884506102e-03 5.221634810898738953e-03 6.815778771858478809e-03 2.065880439202927906e-03 8.149654331028873683e-03 1.644570963806425354e-02 6.994713298088653429e-04 5.969906466043106534e-03 1.169581130540870220e-02 5.693371289141927437e-04 
7.303782025213501408e-03 6.653111020740138520e-03 1.527450183001220069e-02 3.627490849938999531e-03 2.200894672631150892e-02 2.553883692557950506e-03 4.408296055307035777e-03 1.332248881659211029e-02 2.098413989426596137e-03 7.108580723871492889e-03 2.130947539650264368e-03 0.000000000000000000e+00 4.701098007320048990e-03 2.103294021960146545e-02 6.165107767385115921e-03 1.104514030093533931e-02 1.610410736071573755e-03 1.117527450183001224e-02 5.319235461569743646e-03 1.740544936966246462e-03 1.805612037413582708e-03 1.491663277755185014e-02 1.068727124847499051e-02 1.703131354209028170e-02 8.474989833265554259e-03 1.296461976413176148e-02 1.545343635624237509e-03 1.838145587637250939e-03 6.132574217161447690e-03 1.350142334282228556e-03 1.153314355429036278e-02 1.540463603090687188e-02 1.740544936966246462e-03 1.091500610004066639e-02 1.029686864579097173e-02 1.797478649857665867e-02 3.757625050833672022e-03 3.790158601057340253e-03 5.612037413582756859e-03 1.024806832045546895e-03 1.019926799511996704e-02 2.130947539650264368e-03 1.317608784058560325e-03 8.442456283041887763e-03 2.228548190321268628e-03 2.879219194794631950e-03 2.440016266775111914e-04 4.880032533550223827e-05 7.043513623424156427e-03 3.594957299715331300e-03 8.621390809272061733e-04 5.693371289141927437e-04 5.514436762911753033e-03 4.570963806425376065e-03 2.228548190321268628e-03 4.863765758438389278e-03 1.642944286295241986e-03 1.415209434729564801e-03 2.114680764538430144e-04 1.459129727531516957e-02 3.464823098820658809e-03 2.326148840992273321e-03 6.669377795851972202e-04 8.247254981699878376e-03 6.262708418056120614e-03 1.317608784058560325e-03 
3.562423749491663068e-03 9.060593737291582420e-03 1.317608784058560325e-03 4.538430256201707834e-03 9.125660837738918882e-03 7.824318828792191372e-03 4.538430256201707834e-03 1.963399755998373325e-02 7.238714924766164946e-03 3.302155347702318087e-03 7.498983326555510795e-03 4.701098007320048990e-03 0.000000000000000000e+00 2.488816592110614043e-03 7.173647824318828484e-03 1.195607970719804805e-02 2.976819845465636643e-03 7.271248474989833177e-03 8.962993086620577726e-03 1.296461976413176148e-02 4.245628304188694621e-03 8.800325335502236571e-03 2.163481089873932599e-03 1.317608784058560325e-03 8.117120780805205452e-03 2.291988613257421592e-02 1.127287515250101693e-02 1.071980479869865874e-02 5.221634810898738953e-03 1.257421716144774271e-02 1.114274095160634401e-02 1.621797478649857766e-02 5.709638064253761552e-03 1.885319235461569917e-02 1.122407482716551372e-03 5.416836112240748340e-03 3.464823098820658809e-03 2.944286295241968412e-03 7.141114274095160253e-03 2.217161447742984834e-02 2.630337535583570502e-02 3.658397722651484524e-02 1.654331028873525997e-02 1.280195201301342033e-02 2.976819845465636643e-03 1.351769011793411968e-02 3.399755998373322347e-03 3.729971533143554285e-02 6.685644570963806751e-03 1.468889792598617253e-02 3.855225701504676715e-03 3.139487596583977365e-03 8.621390809272061733e-04 1.338755591703944675e-02 4.408296055307035777e-03 2.261081740544936859e-03 1.023180154534363527e-02 1.846278975193168040e-02 7.320048800325335741e-04 9.808865392435950001e-03 1.319235461569743736e-02 1.719398129320862112e-02 1.154941032940219603e-03 3.399755998373322347e-03 1.577877185847905740e-03 9.353395689304594765e-03 
9.873932492883286463e-03 2.976819845465636643e-03 8.442456283041887763e-03 1.610410736071573755e-03 1.374542496949979729e-02 1.626677511183407829e-05 5.481903212688084802e-03 1.342008946726311498e-02 2.065880439202927906e-03 9.922732818218788810e-04 1.202114680764538451e-02 2.103294021960146545e-02 2.488816592110614043e-03 0.000000000000000000e+00 7.368849125660837870e-03 1.805612037413582708e-03 1.285075233834892311e-03 7.921919479463196065e-03 3.079300528670191051e-02 3.562423749491663068e-03 9.776331842212281770e-03 1.696624644164294524e-02 8.296055307035380506e-04 1.114274095160634401e-02 1.610410736071573755e-03 3.887759251728344946e-03 8.344855632370883070e-03 1.626677511183407829e-05 8.279788531923546607e-03 3.302155347702318087e-03 1.169581130540870220e-02 3.529890199267995271e-03 7.303782025213501408e-03 1.953639690931273029e-02 1.257421716144774271e-02 9.320862139080926534e-03 4.928832858885725740e-03 6.490443269621797365e-03 8.182187881252541914e-03 3.562423749491663068e-03 2.135827572183814430e-02 7.401382675884506102e-03 1.447742984953233033e-03 1.563237088247254949e-02 4.017893452623017871e-03 7.433916226108174333e-03 1.138674257828385514e-04 6.815778771858478809e-03 6.425376169174460902e-03 2.358682391215941553e-03 5.042700284668564983e-04 3.594957299715331300e-03 1.626677511183407829e-05 3.497356649044327040e-03 9.776331842212281770e-03 5.351769011793411877e-03 1.708011386742578231e-03 8.296055307035380506e-04 4.766165107767385452e-03 8.214721431476210145e-03 1.480276535176901264e-03 5.579503863359088628e-03 5.042700284668564983e-04 4.245628304188694621e-03 8.377389182594551301e-03 5.546970313135421264e-03 
3.627490849938999531e-03 1.293208621390809325e-02 6.588043920292802058e-03 8.637657584383895415e-03 4.473363155754371372e-03 3.074420496136640903e-03 2.207401382675884538e-02 1.968279788531923646e-03 3.294021960146401029e-02 4.603497356649044296e-03 4.505896705978039603e-03 6.165107767385115921e-03 7.173647824318828484e-03 7.368849125660837870e-03 0.000000000000000000e+00 8.637657584383895415e-03 2.025213501423342791e-02 7.596583977226514621e-03 3.432289548596990578e-03 4.570963806425376065e-03 1.512810085400569278e-03 5.904839365595770939e-03 7.320048800325335741e-04 5.693371289141927437e-04 6.522976819845465596e-03 2.765351769011793683e-04 1.055713704758031758e-02 3.692557950386335993e-03 3.009353395689304440e-03 1.968279788531923646e-03 2.440016266775111914e-04 1.039446929646197643e-02 5.026433509556730433e-03 9.938999593330622925e-03 5.058967059780398665e-03 1.838145587637250939e-03 1.553477023180154480e-02 6.750711671411142346e-03 3.627490849938999531e-03 1.647824318828792350e-02 2.749084993899959459e-03 2.321268808458723173e-02 1.608784058560390473e-02 9.548596990646604152e-03 4.668564457096380758e-03 1.309475396502643267e-02 5.026433509556730433e-03 2.776738511590077368e-02 3.562423749491663068e-03 1.322488816592110560e-02 1.023180154534363527e-02 1.377795851972346552e-02 7.645384302562016968e-04 1.888572590483936567e-02 1.351769011793411968e-02 3.855225701504676715e-03 4.180561203741358159e-03 6.392842618950792671e-03 9.841398942659618232e-03 3.920292801952013177e-03 4.213094753965026390e-03 9.581130540870272383e-03 1.049206994713298112e-02 2.586417242781618737e-03 5.969906466043106534e-03 6.457909719398129134e-03 
1.626677511183407829e-05 1.252541683611224079e-03 2.879219194794631950e-03 9.353395689304594765e-03 7.076047173647824658e-03 9.223261488409923575e-03 1.903212688084587184e-03 3.952826352175681408e-03 7.661651077673851083e-03 3.106954046360309134e-03 6.620577470516470289e-03 1.104514030093533931e-02 1.195607970719804805e-02 1.805612037413582708e-03 8.637657584383895415e-03 0.000000000000000000e+00 1.062220414802765404e-02 5.026433509556730433e-03 5.937372915819439170e-03 4.928832858885725740e-03 1.960146400976006675e-02 6.620577470516470289e-03 2.586417242781618737e-03 9.808865392435950001e-03 9.272061813745425271e-04 2.651484343228954765e-03 1.838145587637250939e-03 6.522976819845465596e-03 6.100040666937779459e-03 2.065880439202927906e-03 7.303782025213501408e-03 4.701098007320048990e-03 6.555510370069133827e-03 7.889385929239527834e-03 1.512810085400569278e-03 2.765351769011793683e-04 1.198861325742171628e-02 3.790158601057340253e-03 1.740544936966246462e-03 6.978446522976819964e-03 1.280195201301342033e-02 1.154941032940219603e-03 8.474989833265554259e-03 4.701098007320048990e-03 1.377795851972346552e-02 1.903212688084587184e-03 1.527450183001220069e-02 1.224888165921106213e-02 8.800325335502236571e-03 7.694184627897519314e-03 3.090687271248474910e-04 1.345262301748678321e-02 1.317608784058560325e-03 1.317608784058560325e-03 2.976819845465636643e-03 8.312322082147214838e-03 3.627490849938999531e-03 2.000813338755591878e-03 1.740544936966246462e-03 1.410329402196014610e-02 1.198861325742171628e-02 1.563237088247254949e-02 6.880845872305815271e-03 8.214721431476210145e-03 9.597397315982106498e-04 1.075233834892232697e-02 
1.098007320048800285e-02 8.572590483936558953e-03 1.055713704758031758e-02 1.559983733224888126e-02 7.531516876779178159e-03 2.440016266775111914e-04 7.661651077673851083e-03 3.627490849938999531e-03 7.564050427002846390e-03 9.125660837738918882e-03 2.423749491663277581e-03 1.610410736071573755e-03 2.976819845465636643e-03 1.285075233834892311e-03 2.025213501423342791e-02 1.062220414802765404e-02 0.000000000000000000e+00 1.397315982106547318e-02 4.717364782431882671e-04 5.124034160227735127e-03 1.838145587637250939e-03 6.880845872305815271e-03 4.505896705978039603e-03 2.911752745018300181e-03 1.133794225294835339e-02 5.449369662464416571e-03 6.848312322082147040e-03 7.303782025213501408e-03 5.969906466043106534e-03 2.456283041886945812e-03 2.293615290768605090e-03 3.985359902399349639e-03 1.870679137860919170e-03 9.873932492883286463e-03 1.577877185847905740e-03 4.798698657991053683e-03 2.749084993899959459e-03 1.057340382269215126e-03 7.726718178121187545e-03 6.344042293615290975e-04 2.098413989426596137e-03 1.512810085400569278e-03 7.645384302562016968e-04 7.629117527450182852e-03 2.261081740544936859e-03 9.288328588857258303e-03 3.741358275721837906e-04 2.846685644570963718e-03 1.545343635624237509e-03 3.090687271248474910e-04 1.089873932492883358e-03 2.033346888979259675e-03 4.245628304188694621e-03 2.488816592110614043e-03 1.537210248068320538e-02 4.896299308662057509e-03 6.018706791378608664e-04 2.326148840992273321e-03 4.245628304188694621e-03 7.726718178121187545e-03 8.637657584383895415e-03 1.626677511183407829e-05 5.156567710451403358e-03 1.550223668157787657e-02 4.066693777958519675e-04 8.019520130134200758e-03 
1.423342822285481903e-02 1.582757218381455888e-02 1.833265555103700747e-02 4.733631557543717221e-03 2.098413989426596137e-03 9.060593737291582420e-03 1.332248881659211029e-02 1.237901586010573332e-02 4.392029280195201444e-04 5.872305815372102708e-03 1.098007320048800285e-02 1.117527450183001224e-02 7.271248474989833177e-03 7.921919479463196065e-03 7.596583977226514621e-03 5.026433509556730433e-03 1.397315982106547318e-02 0.000000000000000000e+00 8.474989833265554259e-03 3.204554697031313393e-03 1.675477836518910217e-03 1.267181781211874740e-02 3.920292801952013177e-03 1.187474583163887834e-03 4.668564457096380758e-03 5.579503863359088628e-03 3.009353395689304440e-03 6.230174867832452383e-03 9.597397315982106498e-04 9.125660837738918882e-03 1.019926799511996704e-02 1.410329402196014610e-02 1.491663277755185014e-02 1.094753965026433462e-02 1.286701911346075679e-02 1.252541683611224079e-03 3.090687271248474910e-04 5.839772265148434477e-03 1.612037413582757123e-02 9.678731191541277076e-03 1.849532330215534690e-02 1.179341195607970690e-02 1.075233834892232697e-02 1.673851159007726588e-02 3.529890199267995271e-03 2.529483529890199159e-02 2.781618544123627690e-03 1.283448556323708856e-02 1.068727124847499051e-02 2.098413989426596137e-03 1.773078487189914693e-03 8.019520130134200758e-03 7.401382675884506102e-03 8.377389182594551301e-03 9.548596990646604152e-03 9.971533143554291156e-03 4.017893452623017871e-03 7.043513623424156427e-03 4.636030906872712527e-03 6.457909719398129134e-03 4.278161854412362852e-03 6.344042293615290975e-04 5.514436762911753033e-03 5.709638064253761552e-03 8.962993086620577726e-03 3.594957299715331300e-03 
6.653111020740138520e-03 3.920292801952013177e-03 4.538430256201707834e-03 3.041886945912972672e-03 6.018706791378608664e-04 7.856852379015859603e-03 8.995526636844245957e-03 1.586010573403822538e-02 8.540056933712890722e-03 2.781618544123627690e-03 9.255795038633590072e-03 5.319235461569743646e-03 8.962993086620577726e-03 3.079300528670191051e-02 3.432289548596990578e-03 5.937372915819439170e-03 4.717364782431882671e-04 8.474989833265554259e-03 0.000000000000000000e+00 2.440016266775111914e-04 6.132574217161447690e-03 5.351769011793411877e-03 7.986986579910532527e-03 1.228141520943473036e-02 1.024806832045546895e-03 5.807238714924766246e-03 8.946726311508742960e-04 5.872305815372102708e-03 6.880845872305815271e-03 7.498983326555510795e-03 8.507523383489222490e-03 8.133387555917038808e-05 4.213094753965026390e-03 1.436356242374949195e-02 5.546970313135421264e-03 4.766165107767385452e-03 4.863765758438389278e-03 2.879219194794631950e-03 1.870679137860919170e-03 4.766165107767385452e-03 1.166327775518503397e-02 4.863765758438389278e-03 1.078487189914599347e-02 8.117120780805205452e-03 2.757218381455876430e-02 4.408296055307035777e-03 1.677104514030093585e-02 1.641317608784058704e-02 7.271248474989833177e-03 3.204554697031313393e-03 2.456283041886945812e-03 1.400569337128914141e-02 5.872305815372102708e-03 7.498983326555510795e-03 9.922732818218788810e-04 1.263928426189507917e-02 2.326148840992273321e-03 2.553883692557950506e-03 9.353395689304594765e-03 1.296461976413176148e-02 4.717364782431882671e-04 1.057340382269215126e-03 1.218381455876372567e-02 6.002440016266774765e-03 5.774705164701098015e-03 8.605124034160227184e-03 
4.538430256201707834e-03 1.159821065473769751e-02 1.283448556323708856e-02 7.694184627897519314e-03 4.343228954859699315e-03 4.636030906872712527e-03 7.856852379015859603e-03 4.066693777958519675e-04 1.751931679544530343e-02 1.026433509556730350e-02 8.621390809272061733e-04 1.740544936966246462e-03 1.296461976413176148e-02 3.562423749491663068e-03 4.570963806425376065e-03 4.928832858885725740e-03 5.124034160227735127e-03 3.204554697031313393e-03 2.440016266775111914e-04 0.000000000000000000e+00 1.956893045953639679e-02 1.089873932492883358e-03 2.440016266775111914e-04 6.669377795851972202e-04 4.440829605530703141e-03 1.062220414802765404e-02 1.968279788531923646e-03 1.154941032940219603e-03 1.192354615697437982e-02 4.570963806425376065e-03 6.230174867832452383e-03 1.690117934119560877e-02 3.106954046360309134e-03 6.490443269621797365e-03 1.524196827978853246e-02 8.133387555917038808e-05 4.668564457096380758e-03 2.814152094347295487e-03 1.805612037413582708e-03 1.415209434729564801e-03 7.564050427002846390e-03 2.456283041886945812e-03 2.293615290768605090e-03 9.060593737291582420e-03 6.197641317608784152e-03 1.647824318828792350e-02 3.237088247254981625e-03 5.937372915819439170e-03 3.855225701504676715e-03 8.182187881252541914e-03 6.392842618950792671e-03 8.865392435949573033e-03 2.456283041886945812e-03 1.675477836518910217e-03 9.223261488409923575e-03 1.610410736071573755e-03 7.320048800325335741e-04 4.603497356649044296e-03 8.019520130134200758e-03 1.124034160227734870e-02 1.317608784058560325e-03 5.937372915819439170e-03 7.629117527450182852e-03 1.830012200081333751e-02 8.296055307035380506e-04 6.165107767385115921e-03 
7.596583977226514621e-03 1.527450183001220069e-02 1.520943472956486422e-02 2.474176494509963339e-02 7.791785278568524008e-03 3.464823098820658809e-03 8.572590483936558953e-03 1.319235461569743736e-02 7.173647824318828484e-03 1.078487189914599347e-02 4.701098007320048990e-03 1.805612037413582708e-03 4.245628304188694621e-03 9.776331842212281770e-03 1.512810085400569278e-03 1.960146400976006675e-02 1.838145587637250939e-03 1.675477836518910217e-03 6.132574217161447690e-03 1.956893045953639679e-02 0.000000000000000000e+00 1.166327775518503397e-02 1.283448556323708856e-02 3.529890199267995271e-03 1.049206994713298112e-02 1.426596177307848726e-02 1.550223668157787657e-02 4.343228954859699315e-03 1.870679137860919170e-03 8.377389182594551301e-03 1.790971939812932220e-02 1.045953639690931289e-02 4.717364782431882671e-04 1.036193574623830820e-02 4.717364782431882671e-04 1.084993899959332993e-02 1.350142334282228556e-03 4.180561203741358159e-03 7.043513623424156427e-03 1.211874745831638921e-02 2.223668157787718480e-02 2.373322488816591996e-02 1.019926799511996704e-02 2.031720211468076437e-02 4.766165107767385452e-03 1.446116307442049664e-02 4.082960553070353465e-03 2.207401382675884538e-02 1.140300935339568986e-02 9.581130540870272383e-03 1.120780805205368047e-02 6.002440016266774765e-03 1.244408296055306978e-02 7.791785278568524008e-03 2.618950793005286534e-03 9.418462789751931227e-03 5.677104514030093321e-03 1.517690117934119599e-02 4.961366409109393971e-03 1.055713704758031758e-02 7.921919479463196065e-03 1.260675071167141094e-02 7.320048800325335741e-04 4.863765758438389278e-03 5.286701911346075415e-03 7.921919479463196065e-03 
7.531516876779178159e-03 3.855225701504676715e-03 1.089873932492883358e-03 3.627490849938999531e-03 7.889385929239527834e-03 1.315982106547376913e-02 1.390809272061813671e-02 1.062220414802765404e-02 5.058967059780398665e-03 7.401382675884506102e-03 4.880032533550223827e-05 1.491663277755185014e-02 8.800325335502236571e-03 1.696624644164294524e-02 5.904839365595770939e-03 6.620577470516470289e-03 6.880845872305815271e-03 1.267181781211874740e-02 5.351769011793411877e-03 1.089873932492883358e-03 1.166327775518503397e-02 0.000000000000000000e+00 5.384302562017080108e-03 7.466449776331842564e-03 8.279788531923546607e-03 3.172021146807645596e-03 2.846685644570963718e-03 6.327775518503457076e-03 3.041886945912972672e-03 1.098007320048800285e-02 8.214721431476210145e-03 2.553883692557950506e-03 1.153314355429036278e-02 2.000813338755591878e-03 2.781618544123627690e-03 9.288328588857258303e-03 1.220008133387555848e-03 6.457909719398129134e-03 5.091500610004066896e-03 4.717364782431882671e-04 1.464009760065067148e-04 5.368035786905246210e-04 7.970719804798698195e-04 8.702724684831231877e-03 1.154941032940219603e-03 9.125660837738918882e-03 1.057340382269215126e-03 1.220008133387555848e-03 4.993899959333062202e-03 5.042700284668564983e-04 8.621390809272061733e-04 3.757625050833672022e-03 5.058967059780398665e-03 3.594957299715331300e-03 1.511183407889385953e-02 7.661651077673851083e-03 2.012200081333875498e-02 1.122407482716551372e-03 5.579503863359088628e-03 1.024806832045546895e-03 6.327775518503457076e-03 1.789345262301748646e-04 3.562423749491663068e-03 2.618950793005286534e-03 4.538430256201707834e-03 8.946726311508742960e-04 
6.067507116714111227e-03 3.725091500610004224e-03 2.228548190321268628e-03 1.146807645384302632e-02 5.514436762911753033e-03 1.154941032940219603e-03 4.766165107767385452e-03 1.512810085400569278e-03 2.553883692557950506e-03 5.579503863359088628e-03 4.213094753965026390e-03 1.068727124847499051e-02 2.163481089873932599e-03 8.296055307035380506e-04 7.320048800325335741e-04 2.586417242781618737e-03 4.505896705978039603e-03 3.920292801952013177e-03 7.986986579910532527e-03 2.440016266775111914e-04 1.283448556323708856e-02 5.384302562017080108e-03 0.000000000000000000e+00 3.367222448149654115e-03 2.440016266775111914e-04 1.057340382269215126e-03 1.138674257828385514e-04 6.197641317608784152e-03 6.165107767385115921e-03 4.701098007320048990e-03 1.101260675071167108e-02 2.553883692557950506e-03 4.798698657991053683e-03 1.464009760065067148e-04 2.163481089873932599e-03 4.717364782431882671e-04 1.179341195607970690e-02 4.375762505083367546e-03 8.296055307035380506e-04 9.516063440422935921e-03 3.594957299715331300e-03 8.182187881252541914e-03 5.481903212688084802e-03 1.146807645384302632e-02 1.260675071167141094e-02 5.091500610004066896e-03 1.478649857665717722e-02 4.375762505083367546e-03 5.709638064253761552e-03 3.237088247254981625e-03 1.789345262301748646e-04 9.223261488409923575e-03 1.140300935339568986e-02 7.759251728344855777e-03 1.642944286295241986e-03 5.514436762911753033e-03 1.675477836518910217e-03 2.065880439202927906e-03 4.310695404636031083e-03 1.013420089467263058e-02 8.702724684831231877e-03 1.045953639690931289e-02 3.367222448149654115e-03 4.570963806425376065e-03 5.026433509556730433e-03 7.108580723871492889e-03 
1.187474583163887834e-03 8.930459536396909495e-03 4.213094753965026390e-03 7.206181374542496715e-03 2.879219194794631950e-03 6.522976819845465596e-03 9.450996339975599458e-03 6.620577470516470289e-03 2.196014640097600831e-03 5.189101260675071589e-03 1.708011386742578231e-03 1.703131354209028170e-02 1.317608784058560325e-03 1.114274095160634401e-02 5.693371289141927437e-04 9.808865392435950001e-03 2.911752745018300181e-03 1.187474583163887834e-03 1.228141520943473036e-02 6.669377795851972202e-04 3.529890199267995271e-03 7.466449776331842564e-03 3.367222448149654115e-03 0.000000000000000000e+00 8.019520130134200758e-03 9.223261488409923575e-03 7.564050427002846390e-03 1.480276535176901264e-03 1.773078487189914693e-03 6.490443269621797365e-03 1.631557543716958061e-02 4.961366409109393971e-03 4.180561203741358159e-03 7.824318828792191372e-03 2.098413989426596137e-03 1.382675884505896787e-03 3.741358275721837906e-04 5.709638064253761552e-03 8.637657584383895415e-03 6.262708418056120614e-03 1.667344448962992942e-02 9.320862139080926534e-03 7.368849125660837870e-03 1.187474583163887834e-03 2.033346888979259675e-03 6.815778771858478809e-03 2.944286295241968412e-03 1.029686864579097173e-02 5.677104514030093321e-03 4.570963806425376065e-03 6.034973566490442996e-03 8.670191134607563646e-03 6.815778771858478809e-03 9.158194387962587113e-03 1.494916632777551838e-02 6.522976819845465596e-03 1.789345262301748646e-04 1.016673444489629881e-02 4.440829605530703141e-03 1.870679137860919170e-03 8.442456283041887763e-03 4.733631557543717221e-03 5.514436762911753033e-03 1.577877185847905740e-03 7.076047173647824658e-03 2.521350142334282275e-03 
