0.000000000000000000e+00 1.937511935014762585e-02 2.357624454661633173e-02 1.678981153693611533e-02 7.770612688573233680e-03 2.971635060299366790e-02 2.713104278978215739e-02 1.129603243386165592e-02 2.898188815605858004e-02 1.953670108847334590e-03 3.805984400017627112e-02 2.037398827797934700e-02 1.925760535863801221e-02 4.152650674970988914e-02 9.548011810156146291e-04 5.361575862626143628e-03 1.928698385651541475e-02 3.247792940346960061e-02 1.831749342656109961e-02 2.160788518883029544e-02 7.741234190695829402e-03 3.745758479368949991e-03 8.534453633385724949e-03 1.893444188198657382e-02 2.436946398930622815e-02 2.854121068789752802e-02 1.458642419613085175e-02 1.452766720037604493e-02 3.450504575701044546e-02 2.222483364425576965e-02 9.841796788930181478e-04 5.185304875361723166e-03 4.320108112872188960e-02 3.628244487859335916e-03 4.152650674970988914e-02 2.624968785346005334e-02 1.056156998692656807e-02 9.004509599424181249e-03 3.162595296502489911e-02 2.952539036679054443e-03 3.720786756173156962e-02 1.072315172525228812e-03 1.370506925980874598e-02 2.008020329920531116e-02 6.585190299220000654e-02 1.308812080438327176e-02 6.508806204738751267e-02 1.902257737561878492e-02 1.643726956240727441e-02 4.333328436917020798e-03 8.005640671592461829e-03 4.608017392070743595e-02 1.482145217915008077e-02 3.274233588436623044e-02 2.389940802326777011e-02 1.220676586806116598e-02 2.689601480676293010e-02 2.525081892562833219e-02 3.388809730158497124e-02 6.918636250128531312e-03 1.135478942961646448e-02 2.063839475887598029e-02 6.859879254373723624e-03 6.654229769231898885e-03 1.512992640686281701e-03 8.975131101546778706e-03 
1.937511935014762585e-02 0.000000000000000000e+00 3.030392056054173958e-02 2.384065102751296156e-02 1.734800299660678446e-02 6.903947001189829607e-04 2.669036532162110537e-02 2.151974969519808434e-02 1.637851256665246585e-02 4.487565550773389006e-02 1.772992346901302793e-02 1.023840651027512968e-02 2.504516944048650745e-02 4.480220926304037850e-03 6.595472773477092064e-03 1.082597646782319963e-02 2.795364073034945634e-02 4.093893679216181747e-02 9.548011810156146291e-04 6.096038309561232355e-03 1.772992346901302793e-02 2.804177622398166744e-02 2.954007961572924917e-02 3.955814739192384938e-02 2.157850669095289289e-02 1.189829164034842887e-03 1.535026514094334389e-02 2.090280123977261012e-02 9.974000029378498125e-03 2.387002952539036757e-02 2.501579094260910491e-02 2.416381450416440341e-02 4.170277773697431134e-02 3.001013558176770374e-02 9.092645093056392347e-03 1.558529312396257117e-02 3.318301335252728246e-02 7.183042731025162872e-03 1.540902213669815071e-02 1.881692789047696018e-02 2.721917828341436849e-02 1.317625629801548286e-02 3.393216504840107332e-03 1.020902801239772541e-02 4.098300453897791781e-03 1.173670990202270968e-02 1.120789694022944656e-02 7.770612688573233680e-03 2.041805602479545255e-03 1.693670402632313499e-02 1.476269518339527222e-02 2.163726368670769798e-02 1.435139621311162274e-02 3.929374091102721955e-02 1.764178797538082030e-02 8.387561143998707031e-03 3.303612086314026974e-02 1.111976144659723546e-02 1.358755526829913234e-02 1.602597059212362493e-02 3.246324015453089847e-03 1.693670402632313499e-02 3.136154648412826929e-02 3.676719009357051760e-02 9.180780586688603445e-03 3.488696622941669240e-02 
2.357624454661633173e-02 3.030392056054173958e-02 0.000000000000000000e+00 2.378189403175815647e-02 2.892313116030377496e-02 9.548011810156146291e-04 1.006213552301070922e-02 1.097286895721021754e-02 2.717511053659826294e-03 1.702483951995534608e-02 5.648016216930828309e-02 1.549715763033036181e-02 2.486889845322208525e-02 2.952539036679054443e-03 1.041467749753955015e-02 8.093776165224672928e-03 1.344066277891211442e-02 3.644402661691907575e-02 3.305081011207897101e-03 2.551522540652496548e-02 3.703159657446714742e-02 2.163726368670769798e-02 7.241799726779969693e-03 2.539771141501535184e-02 6.154795305316039175e-03 8.270047152489093389e-03 2.835025045169440368e-03 9.738972046359269108e-03 8.387561143998707031e-03 1.164857440839049858e-02 9.474565565462637548e-03 2.627906635133745589e-02 1.505648016216930805e-02 3.275702513330493258e-03 2.319432407421008480e-02 1.887568488623176527e-02 1.411636823009239546e-02 3.892650968755967476e-03 8.035019169469864372e-03 4.333328436917020798e-03 6.389823288335267325e-03 9.768350544236673386e-03 3.099431526066072362e-03 4.715248909323265999e-03 2.768923424945282652e-02 4.274571441162213110e-03 2.193104866548173382e-02 3.863272470878564065e-03 2.031523128222453844e-02 1.294122831499625384e-02 2.713104278978215739e-02 1.203049488079674552e-02 4.851858924453193028e-02 1.388134024707316644e-02 8.666656873834040729e-04 3.485758773153928985e-02 3.206663043318595113e-02 1.799432994990966123e-02 3.422595002717511176e-03 1.579094260910439765e-02 2.648471583647928063e-02 2.203387340805264716e-04 1.020902801239772541e-02 1.258868634046741118e-02 9.063266595178988069e-03 1.305874230650586922e-02 
1.678981153693611533e-02 2.384065102751296156e-02 2.378189403175815647e-02 0.000000000000000000e+00 4.026323134098153816e-02 3.641464811904167320e-02 1.887568488623176527e-02 4.049825932400076545e-02 1.855252140958032689e-02 4.975248615538287872e-02 3.288922837375325009e-02 1.311749930226067604e-02 4.170277773697431134e-02 1.587907810273660875e-02 3.070053028188668518e-03 2.658754057905019473e-03 1.336721653421860589e-03 2.669036532162110537e-02 1.424857147054071037e-03 2.413443600628699739e-02 3.277171438224363298e-02 1.966890432892166168e-02 4.774005905078073687e-03 1.681919003481352134e-02 4.681463636764252034e-02 1.376382625556355280e-02 1.311749930226067604e-02 4.010164960265581550e-03 4.303949939039616521e-03 3.097962601172202235e-02 3.382934030583016616e-02 3.485758773153928985e-02 3.456380275276525055e-02 1.452766720037604493e-02 1.044405599541695442e-02 2.886437416454896640e-02 3.084742277127370549e-04 3.394685429733977633e-02 4.728469233368098185e-02 2.533895441926054329e-02 2.912878064544559970e-02 2.918753764120040478e-02 6.154795305316039175e-03 3.506323721668110766e-02 3.761916653201521910e-02 1.114913994447463974e-02 4.281916065631564267e-02 1.969828282679906423e-02 4.803384402955477098e-03 2.857058918577493056e-02 1.608472758787843349e-02 1.878754939259955764e-02 3.803046550229886857e-02 1.395478649176667627e-03 2.864403543046844212e-03 1.505648016216930805e-02 1.000337852725590067e-02 1.147230342112607812e-02 3.415250378248160107e-02 1.837625042231590816e-02 1.458642419613085175e-02 1.085535496570060390e-02 1.611410608575583603e-02 3.218414442469556824e-02 1.082597646782319963e-02 1.984517531618608388e-02 
7.770612688573233680e-03 1.734800299660678446e-02 2.892313116030377496e-02 4.026323134098153816e-02 0.000000000000000000e+00 1.894913113092527553e-03 7.329935220412179923e-03 2.401692201477738375e-02 6.610162022415794420e-04 1.452766720037604493e-02 1.361693376617653488e-02 1.931636235439282076e-02 6.477958781967478423e-03 1.091411196145541072e-02 1.424857147054071037e-03 1.205987337867414806e-02 2.663160832586629681e-02 9.768350544236673386e-03 2.188698091866562740e-03 6.419201786212670735e-03 2.328245956784229589e-02 4.810729027424828080e-02 2.339997355935190954e-02 1.388134024707316644e-02 1.790619445627745013e-02 4.847452149771582213e-04 3.745758479368949991e-03 1.041467749753955015e-02 2.222483364425576965e-02 3.011296032433861698e-03 9.592079556972251189e-03 1.432201771523422019e-02 5.390954360503547038e-03 2.005082480132790862e-02 3.215476592681815876e-02 4.167339923909690186e-02 2.169602068246250653e-02 5.677394714808231546e-02 4.832762900832880508e-03 5.019316362354393074e-02 4.847452149771582213e-04 2.889375266242636894e-02 3.275702513330493258e-03 1.211863037442895488e-02 4.303949939039616521e-03 1.106100445084242864e-02 8.975131101546778706e-03 3.770730202564742672e-02 1.028247425709123426e-04 4.299543164358006486e-02 2.423726074885790890e-03 3.510730496349721841e-03 4.715248909323265999e-03 2.225421214213317220e-02 2.619093085770524479e-02 2.912878064544559970e-02 1.696608252420053753e-02 4.362706934794424209e-03 1.808246544354187232e-02 1.909602362031229258e-04 2.245986162727499694e-02 9.122023590933794890e-03 2.616155235982784225e-02 2.864403543046844212e-03 6.115134333181544701e-02 7.564963203431408940e-03 
2.971635060299366790e-02 6.903947001189829607e-04 9.548011810156146291e-04 3.641464811904167320e-02 1.894913113092527553e-03 0.000000000000000000e+00 1.432201771523422019e-02 1.599659209424622239e-02 2.463387047020285797e-02 1.338190578315730760e-02 4.569825344830118902e-02 1.571749636441088739e-03 2.733669227492398213e-02 1.620224157938804713e-02 3.476945223790707529e-02 1.355817677042172806e-02 3.070053028188668518e-03 4.259882192223511839e-04 6.918636250128531312e-03 9.474565565462637548e-03 2.895250965818117750e-02 3.481351998472317997e-03 1.200111638291934124e-02 3.040674530311265108e-03 3.241917240771479553e-02 2.084404424401780503e-02 1.708359651571015117e-02 4.434684254594062347e-02 5.361575862626143628e-03 2.334121656359710445e-02 1.076721947206839280e-02 6.360444790457863914e-03 1.772992346901302793e-02 2.674912231737591392e-02 2.886437416454896640e-02 1.770054497113562539e-02 7.344624469350882387e-05 3.863272470878564065e-03 1.482145217915008077e-02 6.037281313806424667e-03 4.098300453897791781e-03 3.142030347988307437e-02 1.483614142808878074e-03 6.419201786212670735e-03 4.950276892342494149e-03 1.996268930769569752e-02 6.830500756496320214e-03 3.130278948837345726e-02 2.768923424945282652e-02 2.805646547292036958e-03 4.950276892342494149e-03 7.653098697063619171e-03 1.479207368127267649e-02 1.347004127678951696e-02 1.993331080981829498e-02 1.620224157938804713e-02 1.799432994990966123e-02 1.659885130073299403e-03 1.273557882985442910e-02 6.801122258618916804e-03 8.666656873834040729e-04 2.453104572763194734e-03 2.219545514637836711e-02 5.332197364748740218e-03 1.983048606724738001e-03 1.864065690321253799e-02 
2.713104278978215739e-02 2.669036532162110537e-02 1.006213552301070922e-02 1.887568488623176527e-02 7.329935220412179923e-03 1.432201771523422019e-02 0.000000000000000000e+00 8.593210629140531770e-03 4.333328436917020798e-03 2.683725781100812155e-02 6.272309296825653684e-03 1.270620033197702656e-02 2.316494557633268225e-02 7.976262173715057552e-03 6.301687794703057094e-03 1.740675999236158955e-02 4.008696035371711597e-02 6.242930798948249406e-03 1.767116647325822285e-02 7.212421228902566282e-03 2.507454793836390999e-02 3.744289554475079690e-02 1.308812080438327176e-02 4.296605314570266232e-02 7.065528739515548363e-03 2.776268049414633548e-03 2.090280123977261012e-02 2.012427104602141845e-03 6.096038309561232355e-03 1.156043891475828922e-02 4.505192649499831226e-02 5.097169381729512068e-03 8.123154663102075471e-03 1.322032404483158884e-04 2.431070699355141959e-02 1.311749930226067604e-02 8.270047152489093389e-03 2.198980566123654237e-02 1.731862449872937845e-02 1.385196174919576390e-02 1.799432994990966123e-02 6.742365262864109983e-03 3.103838300747682744e-02 8.960441852608075916e-04 1.173670990202270968e-02 2.104969372915962977e-02 1.699546102207794007e-02 1.911071286925099602e-02 2.213669815062355856e-02 4.803384402955477098e-03 7.006771743760741543e-03 9.180780586688603445e-03 1.523275114943373025e-02 1.355817677042172806e-02 2.169602068246250653e-02 1.714235351146495973e-02 2.319432407421008480e-02 9.797729042114075929e-03 1.593783509849141383e-02 1.015027101664291859e-02 3.657622985736739326e-03 1.708359651571015117e-02 1.958076883528945059e-02 1.940449784802503186e-02 1.652540505603948551e-02 2.721917828341436849e-02 
1.129603243386165592e-02 2.151974969519808434e-02 1.097286895721021754e-02 4.049825932400076545e-02 2.401692201477738375e-02 1.599659209424622239e-02 8.593210629140531770e-03 0.000000000000000000e+00 2.746889551537229704e-03 1.902257737561878492e-02 1.311749930226067604e-02 2.570618564272808809e-03 6.654229769231898885e-03 4.590390293344301376e-02 3.006889257752251229e-02 2.688132555782422883e-03 1.596721359636881638e-02 5.155926377484318888e-03 2.203387340805264716e-04 2.434008549142882213e-02 1.949263334165723949e-02 4.217283370301276590e-02 2.453104572763194734e-03 1.958076883528945059e-02 4.685870411445862589e-03 1.806777619460316888e-03 2.721917828341436849e-02 3.922029466633371320e-03 2.272426810817163023e-02 3.350617682917872431e-02 2.790957298353335361e-04 3.471069524215227020e-02 3.562142867635177679e-02 7.770612688573233680e-03 7.917505177960250731e-03 5.332197364748740218e-03 2.519206192987352710e-02 9.503944063340041826e-03 1.658416205179429059e-02 7.447449211921794432e-03 5.533440075208954229e-02 4.290729614994785029e-02 1.408698973221499118e-02 6.830500756496320214e-03 3.421126077823640615e-02 9.944621531501093847e-03 2.613217386195043970e-02 1.916946986500580111e-02 8.563832131263129227e-03 1.382258325131835962e-02 1.220676586806116598e-02 2.886437416454896640e-02 9.298294578198217086e-03 1.649602655816207950e-02 2.360562304449373427e-02 1.558529312396257117e-02 1.482145217915008077e-02 2.901126665393598258e-02 2.483951995534468271e-02 8.079086916285970355e-04 2.364969079130984069e-03 1.611410608575583603e-02 1.953670108847334590e-03 1.966890432892166168e-02 8.358182646121304488e-03 2.864403543046844212e-03 
2.898188815605858004e-02 1.637851256665246585e-02 2.717511053659826294e-03 1.855252140958032689e-02 6.610162022415794420e-04 2.463387047020285797e-02 4.333328436917020798e-03 2.746889551537229704e-03 0.000000000000000000e+00 8.563832131263129227e-03 2.642595884072447207e-02 6.889257752251127034e-03 2.107907222703703232e-02 3.099431526066072362e-03 4.129147876669066186e-02 9.797729042114075929e-03 7.359313718289584201e-03 1.144292492324867384e-02 1.608472758787843349e-02 1.943387634590243440e-02 2.134347870793366214e-02 1.875817089472215163e-02 3.657622985736739326e-03 2.143161420156587324e-02 2.497172319579300174e-04 2.660222982798889427e-02 2.893782040924247623e-03 3.510730496349721841e-03 1.366100151299263999e-03 1.658416205179429059e-02 2.569149639378938421e-02 1.144292492324867384e-02 1.746551698811639811e-02 1.094349045933281500e-02 1.273557882985442910e-02 2.243048312939759439e-02 7.300556722534776513e-03 3.012764957327731738e-02 3.687001483614142736e-03 3.785419451503444638e-02 5.067790883852108658e-03 2.713104278978215739e-02 1.969828282679906423e-02 5.772874832909793107e-03 1.073784097419099026e-02 8.828238612159760787e-03 9.180780586688603445e-03 3.033329905841914212e-02 2.331183806571969844e-02 4.437622104381803295e-02 2.497172319579300174e-04 1.076721947206839280e-02 1.367569076193134170e-02 1.366100151299263999e-03 3.847114297045992060e-02 3.720786756173156962e-02 3.794233000866665401e-02 1.734800299660678446e-02 2.624968785346005334e-02 2.404630051265478630e-02 1.676043303905871279e-02 1.728924600085197591e-02 1.468924893870176444e-05 1.564405011971737799e-02 3.832425048107290094e-02 1.267682183409962228e-02 
1.953670108847334590e-03 4.487565550773389006e-02 1.702483951995534608e-02 4.975248615538287872e-02 1.452766720037604493e-02 1.338190578315730760e-02 2.683725781100812155e-02 1.902257737561878492e-02 8.563832131263129227e-03 0.000000000000000000e+00 1.549715763033036181e-02 1.819997943505148597e-02 5.185304875361723166e-03 3.018640656903212593e-02 1.909602362031229258e-04 3.863272470878564065e-03 1.101693670402632223e-03 2.859996768365233658e-02 2.431070699355141959e-02 2.915815914332300224e-02 4.035136683461374579e-02 2.298867458906826006e-02 4.627113415691055769e-03 2.642595884072447207e-02 3.905871292800799227e-02 5.435022107319652587e-04 3.130278948837345726e-02 1.214800887230635916e-02 1.661354054967169661e-02 1.223614436593857026e-02 8.270047152489093389e-03 1.150168191900348066e-02 2.707228579402735230e-02 1.299998531075106066e-02 1.120789694022944656e-02 1.496834466853709696e-02 3.099431526066072362e-03 3.641464811904167320e-02 3.415250378248160107e-02 2.724855678129177103e-02 2.093217973765001266e-02 5.239655096434919085e-02 1.352879827254432551e-02 3.371182631432054905e-02 3.421126077823640615e-02 1.396947574070537754e-02 3.958752588980125192e-02 4.434684254594062347e-02 6.360444790457863914e-03 4.023385284310412868e-02 3.070053028188668518e-03 2.122596471642404850e-02 1.252992934471260436e-02 9.797729042114075929e-03 8.005640671592461829e-03 1.643726956240727441e-02 6.419201786212670735e-03 1.347004127678951696e-02 1.855252140958032689e-02 7.711855692818425992e-03 1.476269518339527222e-02 1.890506338410917128e-02 3.764854502989262164e-02 1.849376441382552180e-02 1.488020917490488759e-02 2.307681008270047116e-02 
3.805984400017627112e-02 1.772992346901302793e-02 5.648016216930828309e-02 3.288922837375325009e-02 1.361693376617653488e-02 4.569825344830118902e-02 6.272309296825653684e-03 1.311749930226067604e-02 2.642595884072447207e-02 1.549715763033036181e-02 0.000000000000000000e+00 3.647340511479647829e-02 3.966097213449476110e-04 3.861803545984694025e-02 6.918636250128531312e-03 7.006771743760741543e-03 2.028585278434713590e-02 4.619768791221704612e-02 3.471069524215227020e-02 2.952539036679054443e-03 2.063839475887598029e-02 1.924291610969931180e-03 9.503944063340041826e-03 1.811184394141927487e-02 6.184173803193442585e-03 2.216607664850096110e-02 2.482483070640598144e-03 7.006771743760741543e-03 1.335252728527990332e-02 5.122141104925305444e-02 1.608472758787843349e-02 6.918636250128531312e-03 5.521688676057993211e-02 2.483951995534468271e-02 1.473331668551786967e-02 1.689263627950702814e-03 1.000337852725590067e-02 2.146099269944327578e-02 4.778412679759683895e-02 3.451973500594914587e-03 1.094349045933281500e-02 3.074459802870279160e-02 2.100562598234352076e-03 3.541577919120995205e-02 2.995137858601289865e-02 2.724855678129177103e-02 4.414119306079879873e-02 3.262482189285662026e-02 2.436946398930622815e-02 7.153664233147759462e-03 1.702483951995534608e-02 3.159657446714749657e-02 1.855252140958032689e-02 2.795364073034945634e-02 8.710724620650145411e-03 1.123727543810684910e-02 2.394347577008387479e-03 3.045081304992875576e-02 6.026998839549333603e-02 1.924291610969931180e-03 7.418070714044391022e-03 1.394009724282797499e-02 1.811184394141927487e-02 7.785301937511935168e-04 7.711855692818425992e-03 3.209600893106335368e-02 
2.037398827797934700e-02 1.023840651027512968e-02 1.549715763033036181e-02 1.311749930226067604e-02 1.931636235439282076e-02 1.571749636441088739e-03 1.270620033197702656e-02 2.570618564272808809e-03 6.889257752251127034e-03 1.819997943505148597e-02 3.647340511479647829e-02 0.000000000000000000e+00 3.973441837918827158e-02 1.878754939259955764e-02 4.715248909323265999e-03 8.798860114282356509e-03 3.687001483614142736e-03 1.344066277891211442e-02 1.335252728527990332e-02 1.101693670402632223e-03 2.724855678129177103e-02 1.925760535863801221e-02 1.000337852725590067e-02 4.493441250348869515e-02 7.271178224657373103e-03 1.364631226405393916e-02 3.628244487859335916e-03 1.276495732773183338e-02 8.005640671592461829e-03 6.360444790457863914e-03 9.151402088811199168e-03 6.903947001189829607e-04 3.775136977246353401e-03 1.872879239684474909e-02 2.013896029496011972e-02 2.149037119732068180e-02 2.489827695109949127e-02 1.570280711547218655e-02 9.239537582443410266e-03 2.228359064001057474e-02 6.624851271354495474e-03 5.728807086093687774e-04 1.520337265155632597e-02 1.667229754542650169e-02 2.589714587893120895e-02 9.033888097301585526e-03 1.552653612820776435e-02 2.022709578859233082e-02 1.047343449329435870e-02 4.981124315113768380e-02 5.537846849890564957e-03 1.003275702513330495e-02 3.598865989981932072e-03 2.087342274189520758e-02 2.316494557633268225e-02 1.579094260910439765e-02 2.019771729071492480e-02 3.488696622941669240e-02 5.508468352013161547e-03 2.486889845322208525e-02 2.995137858601289865e-02 1.849376441382552180e-02 1.637851256665246585e-02 2.666098682374370282e-02 2.322370257208749081e-02 1.141354642537127130e-02 
1.925760535863801221e-02 2.504516944048650745e-02 2.486889845322208525e-02 4.170277773697431134e-02 6.477958781967478423e-03 2.733669227492398213e-02 2.316494557633268225e-02 6.654229769231898885e-03 2.107907222703703232e-02 5.185304875361723166e-03 3.966097213449476110e-04 3.973441837918827158e-02 0.000000000000000000e+00 4.707904284853915711e-02 1.658416205179429059e-02 3.011296032433861698e-03 1.417512522584720228e-02 3.775136977246353401e-03 3.042143455205135322e-02 6.272309296825653684e-03 4.384740808202476636e-02 1.711297501358755371e-02 3.040674530311265108e-03 3.732538155324117979e-02 2.624968785346005334e-02 1.590845660061401129e-02 1.966890432892166168e-02 1.179546689777751650e-02 1.470393818764046540e-02 8.299425650366495932e-03 1.088473346357800645e-02 4.421463930549231029e-03 3.833893973001160655e-03 1.072315172525228812e-03 1.314687780013807858e-02 1.349941977466692124e-02 2.247455087621369994e-03 7.594341701308812351e-03 4.023385284310412868e-02 1.664291904754909915e-02 1.755365248174860920e-02 3.350617682917872431e-02 3.863272470878564065e-03 3.847114297045992060e-02 3.077397652658019761e-02 3.791295151078925146e-02 2.671974381949850791e-02 8.505075135508320672e-03 5.038412385974705247e-03 7.491516958737899981e-04 5.435022107319652587e-04 2.287116059755864642e-02 1.305874230650586922e-02 3.321239185040469194e-02 1.482145217915008077e-02 1.781805896264523903e-02 1.277964657667053552e-03 1.629037707302025476e-02 4.775474829971943641e-02 5.038412385974705247e-03 1.170733140414530540e-02 4.656491913568459179e-03 1.179546689777751650e-02 4.568356419936248948e-03 1.865534615215124143e-03 2.028585278434713590e-02 
4.152650674970988914e-02 4.480220926304037850e-03 2.952539036679054443e-03 1.587907810273660875e-02 1.091411196145541072e-02 1.620224157938804713e-02 7.976262173715057552e-03 4.590390293344301376e-02 3.099431526066072362e-03 3.018640656903212593e-02 3.861803545984694025e-02 1.878754939259955764e-02 4.707904284853915711e-02 0.000000000000000000e+00 1.928698385651541475e-02 2.833556120275570328e-02 1.405761123433758863e-02 3.540108994227125251e-03 1.411636823009239546e-02 8.446318139753513851e-03 2.962821510936145680e-02 1.878754939259955764e-02 3.086211202021240524e-02 1.916946986500580111e-02 1.925760535863801221e-02 3.338866283766910720e-02 1.743613849023899556e-02 2.707228579402735230e-02 2.536833291713794583e-02 5.031067761505354091e-02 4.017509584734932360e-02 1.601128134318492366e-03 4.046888082612336290e-02 4.715248909323265999e-03 1.241241535320299072e-02 1.924291610969931180e-03 5.244061871116529987e-03 1.576156411122699164e-02 1.135478942961646448e-02 1.189829164034842887e-03 3.911746992376279736e-02 3.804515475123756811e-03 2.998075708389030120e-02 4.258413267329641538e-02 7.976262173715057552e-03 2.792426223247205380e-02 8.181911658856882291e-03 8.328804148243900210e-03 1.114913994447463974e-02 1.038529899966214760e-02 2.151974969519808434e-02 8.886995607914567608e-03 1.601128134318492366e-03 1.106100445084242864e-02 3.021578506690952848e-02 1.468924893870176444e-05 1.831749342656109961e-02 2.698415030039514120e-02 4.744627407200669410e-03 3.888244194074357007e-02 3.165533146290230165e-02 3.653216211055129031e-02 1.109038294871983119e-02 2.974572910087107391e-02 5.537846849890564957e-03 1.270620033197702656e-02 
9.548011810156146291e-04 6.595472773477092064e-03 1.041467749753955015e-02 3.070053028188668518e-03 1.424857147054071037e-03 3.476945223790707529e-02 6.301687794703057094e-03 3.006889257752251229e-02 4.129147876669066186e-02 1.909602362031229258e-04 6.918636250128531312e-03 4.715248909323265999e-03 1.658416205179429059e-02 1.928698385651541475e-02 0.000000000000000000e+00 7.917505177960250731e-03 2.116720772066924341e-02 2.149037119732068180e-02 9.944621531501093847e-03 1.690732552844572897e-02 1.101693670402632223e-03 1.767116647325822285e-02 5.567225347767968367e-03 3.238979390983739298e-02 3.009827107539991484e-02 3.256606489710180824e-02 1.250055084683520182e-02 2.776268049414633548e-03 2.868810317728454420e-02 1.699546102207794007e-02 5.890388824419407615e-03 7.197731979963864794e-04 5.802253330787196517e-03 1.261806483834481546e-02 4.509599424181441260e-03 1.532088664306593961e-02 7.623720199186215761e-03 3.230165841620517841e-02 1.902257737561878492e-02 2.645533733860187808e-02 1.864065690321253799e-02 7.829369684328039633e-03 9.210159084566005988e-03 3.305081011207897101e-03 3.394685429733977633e-02 3.510730496349721841e-03 3.015702807115472339e-02 7.212421228902566282e-03 2.143161420156587324e-02 2.818866871336868710e-02 4.406774681610529161e-05 2.287116059755864642e-02 6.007902815929021256e-03 4.715248909323265999e-03 3.253668639922440570e-02 3.970503988131086903e-02 4.475814151622427295e-02 1.173670990202270968e-02 2.959883661148405426e-02 2.530957592138314075e-02 2.560336090015717658e-02 8.211290156734286569e-03 4.039543458142984961e-03 5.302818866871336807e-03 3.297736386738545772e-02 1.546777913245295753e-02 
5.361575862626143628e-03 1.082597646782319963e-02 8.093776165224672928e-03 2.658754057905019473e-03 1.205987337867414806e-02 1.355817677042172806e-02 1.740675999236158955e-02 2.688132555782422883e-03 9.797729042114075929e-03 3.863272470878564065e-03 7.006771743760741543e-03 8.798860114282356509e-03 3.011296032433861698e-03 2.833556120275570328e-02 7.917505177960250731e-03 0.000000000000000000e+00 7.653098697063619171e-03 1.778868046476783649e-02 1.496834466853709696e-02 2.398754351689998121e-02 7.491516958737899981e-04 1.053219148904916552e-02 9.768350544236673386e-03 1.255930784259000864e-02 1.579094260910439765e-02 2.069715175463078538e-02 2.986324309238068755e-02 2.378189403175815647e-02 1.837625042231590816e-02 2.453104572763194734e-03 1.689263627950702814e-03 1.111976144659723546e-02 8.945752603669374428e-03 4.264288966905122047e-02 1.211863037442895488e-02 9.856486037868884484e-03 6.213552301070845996e-03 5.126547879606915478e-03 9.856486037868884484e-03 2.629375560027615629e-03 1.914009136712839856e-02 1.261806483834481546e-02 3.569487492104528661e-03 1.294122831499625384e-02 2.730731377704657958e-02 4.920898394465090739e-03 3.353555532705612685e-02 2.157850669095289289e-02 1.035592050178474333e-02 1.012089251876551604e-02 1.101693670402632223e-03 9.357051573953023907e-03 3.863272470878564065e-03 1.777399121582913478e-03 1.570280711547218655e-02 8.475696637630918129e-03 1.811184394141927487e-02 3.775136977246353401e-03 1.493896617065969441e-02 7.653098697063619171e-03 1.767116647325822285e-02 6.801122258618916804e-03 4.981124315113768380e-02 2.392878652114517266e-02 2.143161420156587324e-02 4.393554357565697399e-02 
1.928698385651541475e-02 2.795364073034945634e-02 1.344066277891211442e-02 1.336721653421860589e-03 2.663160832586629681e-02 3.070053028188668518e-03 4.008696035371711597e-02 1.596721359636881638e-02 7.359313718289584201e-03 1.101693670402632223e-03 2.028585278434713590e-02 3.687001483614142736e-03 1.417512522584720228e-02 1.405761123433758863e-02 2.116720772066924341e-02 7.653098697063619171e-03 0.000000000000000000e+00 6.154795305316039175e-03 5.126547879606915478e-03 1.605534909000102747e-02 3.216945517575686437e-03 1.009151402088811177e-02 1.111976144659723546e-02 2.337059506147450699e-02 8.886995607914567608e-03 3.142030347988307437e-02 4.240786168603199319e-02 2.331183806571969844e-02 7.359313718289584201e-03 3.003951407964510628e-02 1.191298088928713014e-02 5.772874832909793107e-03 2.160788518883029544e-02 2.364969079130984069e-03 1.893444188198657382e-02 2.416381450416440341e-02 4.553667170997547026e-04 3.850052146833732314e-02 1.294122831499625384e-02 1.082597646782319963e-02 5.361575862626143628e-03 1.626099857514285221e-02 3.758978803413781655e-02 1.395478649176667627e-03 8.079086916285970355e-04 7.476827709799197842e-03 8.975131101546778706e-03 3.393216504840107332e-03 1.160450666157439477e-03 5.097169381729512068e-03 4.509599424181441260e-03 1.073784097419099026e-02 1.282371432348664020e-02 1.088473346357800645e-02 1.855252140958032689e-02 1.013558176770421775e-03 9.445187067585235005e-03 2.057963776312117174e-02 9.092645093056392347e-03 6.037281313806424667e-03 7.300556722534776513e-03 1.332314878740250078e-02 6.566094275599688654e-03 3.305081011207897101e-03 8.446318139753513851e-03 2.281240360180384133e-02 
3.247792940346960061e-02 4.093893679216181747e-02 3.644402661691907575e-02 2.669036532162110537e-02 9.768350544236673386e-03 4.259882192223511839e-04 6.242930798948249406e-03 5.155926377484318888e-03 1.144292492324867384e-02 2.859996768365233658e-02 4.619768791221704612e-02 1.344066277891211442e-02 3.775136977246353401e-03 3.540108994227125251e-03 2.149037119732068180e-02 1.778868046476783649e-02 6.154795305316039175e-03 0.000000000000000000e+00 1.101693670402632223e-03 1.012089251876551604e-02 1.696608252420053753e-02 2.630844484921485843e-02 7.858748182205443911e-03 6.610162022415794420e-04 2.257737561878461058e-02 3.863272470878564065e-03 1.814122243929667741e-02 7.212421228902566282e-03 1.961014733316685660e-02 3.291860687163065263e-02 1.542371138563685328e-03 9.474565565462637548e-03 3.206663043318595113e-02 1.542371138563685328e-03 3.065646253507058050e-02 2.071184100356948665e-03 1.511523715792411487e-02 3.657622985736739326e-03 2.472200596383506907e-02 9.357051573953023907e-03 3.951407964510774730e-03 3.468131674427486766e-02 2.160788518883029544e-02 5.537846849890564957e-03 2.959883661148405426e-02 1.160450666157439477e-03 3.347679833130132176e-02 1.391071874495057072e-02 9.474565565462637548e-03 8.769481616404953966e-03 2.298867458906826006e-02 1.875817089472215163e-02 3.456380275276525055e-02 1.424857147054071037e-03 1.517399415367892170e-02 1.197173788504193696e-02 1.670167604330390423e-02 3.253668639922440570e-02 2.005082480132790862e-02 1.020902801239772541e-02 9.974000029378498125e-03 4.117396477518104475e-02 1.761240947750341429e-02 3.951407964510774730e-03 1.000337852725590067e-02 8.123154663102075471e-03 
1.831749342656109961e-02 9.548011810156146291e-04 3.305081011207897101e-03 1.424857147054071037e-03 2.188698091866562740e-03 6.918636250128531312e-03 1.767116647325822285e-02 2.203387340805264716e-04 1.608472758787843349e-02 2.431070699355141959e-02 3.471069524215227020e-02 1.335252728527990332e-02 3.042143455205135322e-02 1.411636823009239546e-02 9.944621531501093847e-03 1.496834466853709696e-02 5.126547879606915478e-03 1.101693670402632223e-03 0.000000000000000000e+00 1.969828282679906423e-02 1.814122243929667741e-02 3.481351998472317997e-03 8.534453633385724949e-03 2.119658621854664596e-02 2.166664218458510052e-02 1.388134024707316644e-02 1.881692789047696018e-02 6.213552301070845996e-03 1.173670990202270968e-02 1.211863037442895488e-02 1.229490136169337708e-02 1.748020623705509851e-03 6.536715777722285244e-03 6.331066292580460504e-03 2.824742570912349218e-02 1.426326071947941337e-02 3.510730496349721841e-03 3.393216504840107332e-03 1.182484539565492078e-02 1.461580269400825603e-02 1.643726956240727441e-02 1.925760535863801221e-02 2.510392643624131601e-02 2.765985575157542051e-02 3.378527255901405736e-04 8.123154663102075471e-03 6.360444790457863914e-03 2.193104866548173382e-02 1.352879827254432551e-02 3.647340511479647829e-02 1.514461565580151915e-02 1.631975557089766077e-02 1.890506338410917128e-02 2.627906635133745589e-02 1.761240947750341429e-02 1.902257737561878492e-02 1.881692789047696018e-02 1.969828282679906423e-02 1.097286895721021754e-02 1.678981153693611533e-02 2.790957298353335361e-04 1.990393231194088897e-02 9.445187067585235005e-03 3.277171438224363298e-02 3.497510172304890003e-02 2.805646547292036958e-03 
2.160788518883029544e-02 6.096038309561232355e-03 2.551522540652496548e-02 2.413443600628699739e-02 6.419201786212670735e-03 9.474565565462637548e-03 7.212421228902566282e-03 2.434008549142882213e-02 1.943387634590243440e-02 2.915815914332300224e-02 2.952539036679054443e-03 1.101693670402632223e-03 6.272309296825653684e-03 8.446318139753513851e-03 1.690732552844572897e-02 2.398754351689998121e-02 1.605534909000102747e-02 1.012089251876551604e-02 1.969828282679906423e-02 0.000000000000000000e+00 1.546777913245295753e-02 1.282371432348664020e-02 1.009151402088811177e-02 7.623720199186215761e-03 2.190167016760433127e-02 5.244061871116529987e-03 2.466324896808026051e-02 9.474565565462637548e-03 2.486889845322208525e-02 1.905195587349618747e-02 6.448580284090074145e-03 7.741234190695829402e-03 9.709593548481866565e-03 1.103162595296502436e-02 1.640789106452987187e-02 3.600334914875802372e-02 2.604403836831822860e-02 1.517399415367892170e-02 4.685870411445862589e-03 3.926436241314981701e-02 1.740675999236158955e-02 2.071184100356948665e-03 1.561467162183997545e-02 1.806777619460316888e-03 3.158188521820879183e-03 4.950276892342494149e-03 5.596603845645371778e-03 2.880561716879415785e-02 3.422595002717511176e-03 3.914684842164019990e-02 3.124403249261865217e-02 2.848245369214271946e-02 3.150843897351528200e-02 1.064970548055877916e-02 2.469262746595766653e-02 1.382258325131835962e-02 3.949939039616904429e-02 3.773668052352482927e-02 2.466324896808026051e-02 1.520337265155632597e-02 5.890388824419407615e-03 2.231296913788798075e-02 2.930505163271001842e-02 1.667229754542650169e-02 3.797170850654406349e-02 6.859879254373723624e-03 
7.741234190695829402e-03 1.772992346901302793e-02 3.703159657446714742e-02 3.277171438224363298e-02 2.328245956784229589e-02 2.895250965818117750e-02 2.507454793836390999e-02 1.949263334165723949e-02 2.134347870793366214e-02 4.035136683461374579e-02 2.063839475887598029e-02 2.724855678129177103e-02 4.384740808202476636e-02 2.962821510936145680e-02 1.101693670402632223e-03 7.491516958737899981e-04 3.216945517575686437e-03 1.696608252420053753e-02 1.814122243929667741e-02 1.546777913245295753e-02 0.000000000000000000e+00 1.790619445627745013e-02 3.598865989981932072e-03 2.751296326218840432e-02 1.426326071947941337e-02 1.147230342112607812e-02 2.469262746595766653e-02 5.302818866871336807e-03 1.983048606724738001e-03 2.666098682374370282e-02 2.116720772066924341e-02 2.686663630888552756e-02 2.633782334709226444e-02 1.670167604330390423e-02 3.672312234675440923e-04 1.784743746052264504e-02 1.189829164034842887e-03 1.837625042231590816e-02 4.452311353320504567e-02 1.276495732773183338e-02 1.038529899966214760e-02 3.259544339497921772e-02 6.419201786212670735e-03 3.926436241314981701e-02 2.986324309238068755e-02 4.656491913568459179e-03 4.273102516268343504e-02 3.086211202021240524e-02 6.022592064867722961e-04 1.952201183953464550e-02 4.421463930549231029e-03 2.466324896808026051e-02 2.478076295958987763e-02 1.775930196689043394e-02 1.796495145203225868e-02 9.709593548481866565e-03 2.031523128222453844e-02 3.775136977246353401e-03 3.335928433979170465e-02 9.533322561217444369e-03 8.666656873834040729e-04 3.393216504840107332e-03 1.461580269400825603e-02 1.752427398387120319e-02 9.797729042114075929e-03 1.958076883528945059e-02 
3.745758479368949991e-03 2.804177622398166744e-02 2.163726368670769798e-02 1.966890432892166168e-02 4.810729027424828080e-02 3.481351998472317997e-03 3.744289554475079690e-02 4.217283370301276590e-02 1.875817089472215163e-02 2.298867458906826006e-02 1.924291610969931180e-03 1.925760535863801221e-02 1.711297501358755371e-02 1.878754939259955764e-02 1.767116647325822285e-02 1.053219148904916552e-02 1.009151402088811177e-02 2.630844484921485843e-02 3.481351998472317997e-03 1.282371432348664020e-02 1.790619445627745013e-02 0.000000000000000000e+00 3.785419451503444638e-02 4.605079542283003341e-02 1.038529899966214760e-02 1.358755526829913234e-02 1.659885130073299403e-03 3.378527255901405736e-04 2.483951995534468271e-02 1.681919003481352134e-02 3.538640069333254951e-02 3.077397652658019761e-02 2.501579094260910491e-02 2.204856265699134746e-02 1.620224157938804713e-02 8.240668654611689112e-03 6.595472773477092064e-03 3.006889257752251229e-02 6.301687794703057094e-03 1.366100151299263999e-03 4.161464224334209677e-02 1.244179385108039500e-02 2.805646547292036958e-03 8.079086916285970355e-04 3.711973206809935505e-02 1.454235644931474664e-03 3.250730790134700315e-02 2.248924012515239948e-02 6.389823288335267325e-03 6.610162022415794420e-04 3.980786462388178140e-03 1.764178797538082030e-02 5.743496335032389696e-03 1.203049488079674552e-02 1.129603243386165592e-02 4.421463930549231029e-03 7.653098697063619171e-03 1.091411196145541072e-02 6.316377043641758149e-04 9.738972046359269108e-03 9.210159084566005988e-03 2.569149639378938421e-02 4.070390880914259019e-02 2.243048312939759439e-02 2.392878652114517266e-02 3.224290142045037333e-02 
8.534453633385724949e-03 2.954007961572924917e-02 7.241799726779969693e-03 4.774005905078073687e-03 2.339997355935190954e-02 1.200111638291934124e-02 1.308812080438327176e-02 2.453104572763194734e-03 3.657622985736739326e-03 4.627113415691055769e-03 9.503944063340041826e-03 1.000337852725590067e-02 3.040674530311265108e-03 3.086211202021240524e-02 5.567225347767968367e-03 9.768350544236673386e-03 1.111976144659723546e-02 7.858748182205443911e-03 8.534453633385724949e-03 1.009151402088811177e-02 3.598865989981932072e-03 3.785419451503444638e-02 0.000000000000000000e+00 1.781805896264523903e-02 2.671974381949850791e-02 1.869941389896734654e-02 1.969828282679906423e-02 3.124403249261865217e-02 2.613217386195043970e-02 1.160450666157439477e-03 5.244061871116529987e-03 2.392878652114517266e-02 7.623720199186215761e-03 2.765985575157542051e-02 2.037398827797934700e-02 1.511523715792411487e-02 1.836156117337720516e-03 1.837625042231590816e-02 1.305874230650586922e-02 7.388692216166987611e-03 1.258868634046741118e-02 8.886995607914567608e-03 1.502710166429190551e-02 8.035019169469864372e-03 3.221352292257297079e-02 7.682477194941022582e-03 4.440559954169543549e-02 1.817060093717408342e-02 3.598865989981932072e-03 1.299998531075106066e-02 8.916374105791970150e-03 1.615817383257194071e-04 3.246324015453089847e-03 1.496834466853709696e-02 2.031523128222453844e-02 8.681346122772742868e-03 1.958076883528945059e-02 9.944621531501093847e-03 2.034460978010194446e-02 6.830500756496320214e-03 2.002144630345050608e-02 1.963952583104425914e-02 3.421126077823640615e-02 3.569487492104528661e-03 2.921691613907780732e-02 1.203049488079674552e-02 
1.893444188198657382e-02 3.955814739192384938e-02 2.539771141501535184e-02 1.681919003481352134e-02 1.388134024707316644e-02 3.040674530311265108e-03 4.296605314570266232e-02 1.958076883528945059e-02 2.143161420156587324e-02 2.642595884072447207e-02 1.811184394141927487e-02 4.493441250348869515e-02 3.732538155324117979e-02 1.916946986500580111e-02 3.238979390983739298e-02 1.255930784259000864e-02 2.337059506147450699e-02 6.610162022415794420e-04 2.119658621854664596e-02 7.623720199186215761e-03 2.751296326218840432e-02 4.605079542283003341e-02 1.781805896264523903e-02 0.000000000000000000e+00 1.684856853269092389e-02 9.841796788930181478e-04 9.503944063340041826e-03 1.909602362031229258e-04 5.684739339277582876e-03 3.451973500594914587e-03 2.952539036679054443e-03 8.093776165224672928e-03 2.511861568518001554e-03 2.936380862846482698e-02 2.060901626099857428e-02 4.039543458142984961e-03 4.157057449652599469e-03 2.275364660604903277e-02 2.040336677585674954e-02 1.787681595840004758e-02 2.483951995534468271e-02 2.046212377161155810e-02 4.303949939039616521e-03 1.314687780013807858e-02 3.230165841620517841e-02 1.006213552301070922e-02 5.036943461080834600e-02 1.963952583104425914e-02 2.627906635133745589e-02 2.845307519426531692e-02 2.022709578859233082e-02 9.151402088811199168e-03 3.729600305536377725e-02 2.057963776312117174e-02 7.418070714044391022e-03 2.110845072491443486e-02 1.966890432892166168e-02 6.419201786212670735e-03 1.277964657667053552e-03 7.153664233147759462e-03 4.421463930549231029e-03 4.715248909323265999e-03 2.774799124520763161e-02 1.088473346357800645e-02 2.757172025794321288e-02 1.299998531075106066e-02 
