0.000000000000000000e+00 3.876295148841966964e-02 4.948007149935942928e-02 2.053571059747839878e-02 1.642459806188970861e-01 2.131051083777904254e-01 4.391161885342396709e-01 3.798458734580190121e-01 3.638786286269815595e-01 2.096778786129703531e-01 1.237288380405946742e-01 2.275003653246058244e-01 1.931951348354716547e-01 4.939686700351461623e-02 6.328263884684669494e-01 6.380816714139578294e-02 5.054747726726650514e-01 6.711730146454482349e-02 1.917254547799026876e-01 6.022622520224110015e-02 1.552752289936853124e-02 1.616276965080238881e-01 6.164221411549260232e-02 8.958116039884352066e-02 6.389976926616279529e-02 1.404752502505086931e-01 1.805897419102046042e-01 1.250215753988641598e-01 8.340924000709404318e-02 8.232614131169208038e-01 6.937529276662920408e-01 3.274663833870572471e-01 7.555284193286853078e-01 2.783426539998650751e-01 9.514456025083067869e-02 2.793245413830882512e-02 1.123422131148800601e-01 1.466713531760287514e-01 7.480723244659157056e-02 2.748836402392144107e-01 2.267372095831795553e-01 2.359610660054746178e-01 3.386705936132671790e-01 1.022355879929385536e-01 1.638562074701057913e-01 3.011920712976016712e-01 7.170818165534129096e-02 2.558595170932599361e-01 1.559814583208161687e-01 3.226874788886613943e-01 1.230457361691527085e-01 3.667999934100085735e-02 4.922509039104994155e-02 1.488403161817214715e-01 2.282441500415866575e-01 1.919688783572015833e-01 1.998327215882008401e-01 1.793027190150917327e-01 1.888139107532731953e-01 4.634547157897803832e-02 1.006449019026740659e-02 2.003388824573959781e-01 2.523639267360119343e-01 2.302244561440209281e-01 1.961368054980344999e-01 2.814355338892531866e-01 
3.876295148841966964e-02 0.000000000000000000e+00 4.526532052689103414e-01 1.111440845306109343e-01 1.287793281267584078e-01 1.473603125083958743e-01 9.399761109082288568e-02 5.387671131137272695e-02 1.485214852046498057e-01 3.751115967184384670e-02 1.177439758340220466e-01 2.740580625876747334e-01 1.014878197269391130e-01 1.744716907397090011e-01 1.136918905590136447e-01 1.527608797564633802e-01 1.762698202809514711e-02 8.379937905108625351e-02 2.103766996596233840e-01 8.743445640195746105e-02 6.824339605300953904e-02 7.865870389875517787e-02 3.700074656056775990e-01 2.000063090042385472e-01 6.355520537455382202e-02 3.213317297344368551e-01 3.836335507581312143e-01 4.019778345597667668e-01 6.943404849590226191e-02 5.941875503114329993e-02 1.272350554922998568e-02 2.181961127430546710e-01 3.632660680012980703e-02 9.566518060302481308e-02 7.063637469185233275e-01 8.747490397341750601e-02 1.205110604457663992e-01 2.853907006607174224e-01 4.985977466094185934e-02 1.974031438731482513e-01 1.084402378307407627e-01 1.331761330523458520e-01 2.467324910171315999e-02 5.636013613335140449e-02 2.830713001219018476e-01 6.612823688321564641e-02 3.065989868563109844e-01 1.502010267166672131e-01 7.611948518358040150e-02 5.570928068745006206e-02 1.840060935129363695e-01 2.076395481797186082e-01 2.181297770490468746e-01 7.607620517612863342e-02 5.715424089265056656e-02 2.745334909131886270e-01 1.261322413061811282e-02 8.118920277324143120e-02 2.234555007651903291e-01 7.785395547013407302e-02 2.787757030540376491e-01 1.408564259382955597e-01 1.531671389649278681e-01 8.246761748635254852e-02 2.796519212418873135e-01 1.302930139538663878e-01 
4.948007149935942928e-02 4.526532052689103414e-01 0.000000000000000000e+00 3.120836655158901879e-02 1.791064147228212944e-01 1.623679868187618835e-01 8.522500977093468155e-02 6.640909462972754973e-02 2.284506838386866912e-01 2.142015649370987429e-01 5.421270660033487149e-02 1.891798516645858130e-01 1.723739260679583649e-02 1.193249263047245351e-01 7.855580015624684387e-02 2.978566481094199192e-01 3.715576470411966620e-02 4.306082723773841936e-01 1.672094314487289068e-01 2.246706976263713323e-02 3.681562032474750001e-02 3.031568278214205048e-01 3.827612360356035248e-01 5.264543111207622417e-01 1.672204776420597727e-01 7.870014604465627728e-02 2.392904456731353990e-01 2.595844845871622328e-02 1.449543876288962307e-01 5.566372430652537923e-02 4.438713897121637775e-02 2.026097031898186074e-01 1.175577708900755053e-01 1.010250453858020092e-01 1.045005128442931808e-01 2.916695317537029153e-01 5.751610295993406924e-02 2.076082405149358157e-01 2.235998083150349813e-01 1.745702117194075642e-01 7.470677619068430420e-02 1.034349505739844133e-01 8.428116696999693458e-03 2.626444484784433778e-02 2.647769859228292777e-01 8.083839921538825413e-02 2.671749329288896635e-01 1.000748024127100233e-01 4.403470219326200558e-02 1.050339079125915398e-01 1.967469067187741227e-01 1.798233539658926350e-01 1.800021564862226975e-01 6.252638581676223106e-02 2.183242925779090016e-01 8.256858572128464302e-02 2.397499246382272797e-01 3.209553554495090527e-02 1.629234433251034175e-01 5.627717710142250696e-02 3.970135592702474930e-02 6.413685103976664303e-02 1.213522756348208581e-01 9.499867696590758026e-02 1.757381178029702451e-01 1.344157709156087177e-01 
2.053571059747839878e-02 1.111440845306109343e-01 3.120836655158901879e-02 0.000000000000000000e+00 1.493275524701068724e-01 1.057036959654267944e-01 2.994347035559693712e-02 4.044938995283381966e-01 4.962678196085933136e-02 6.048104125088921146e-01 4.658262216705283398e-01 4.850363004891682095e-02 5.696037559815529949e-01 4.144079175164705475e-02 2.861946633827144870e-02 1.642590535367095539e-01 1.684560955742643237e-02 5.277440474472567394e-02 3.363432580853443349e-02 7.575353918546091914e-02 9.004890073066109668e-01 1.226313132066131489e-01 1.053701049312788657e-01 5.602274405525933115e-02 6.601341558923614627e-01 9.112556694166618065e-02 1.331937448190599338e-01 1.994490999608285742e-01 4.458966730046386995e-01 6.560139725792764331e-02 1.027035801165956247e-01 4.985505039899798541e-02 9.988140962030840619e-02 1.495761118998445993e-01 1.317302645478967971e-01 5.464440192481781478e-02 5.015102707276705152e-01 7.497763603400196819e-02 7.636147621092410909e-02 1.844332517555041517e-01 1.153888411264345076e-01 1.560378042807497312e-01 2.959918971429038592e-01 5.398755083978878933e-02 8.963773170680412739e-02 3.919528965222425498e-02 1.035108926854646089e-01 1.520360669113330065e-01 7.907638020834657777e-02 1.922398537382457584e-01 4.708159963344200200e-02 7.304207974139076409e-02 1.741113169378523048e-02 2.688819318260372571e-01 1.905762390739517906e-02 5.587995916461128282e-02 9.970252694327278592e-03 2.955875992501069138e-01 5.131321245066517572e-02 9.332261780181839994e-02 1.435224246848381680e-01 6.735501932512019674e-02 9.583028072583120449e-02 4.717727484654620634e-02 1.092591134024683691e-01 7.717823773118406838e-02 
1.642459806188970861e-01 1.287793281267584078e-01 1.791064147228212944e-01 1.493275524701068724e-01 0.000000000000000000e+00 2.472345688856489032e-01 4.657556410535195757e-01 9.614242794721085394e-02 6.201956136069195491e-01 1.953543619656122332e-01 3.568379735065156655e-02 5.799254402121925001e-01 1.162509589609342191e-02 2.463221574805628533e-01 3.800196807271921107e-01 1.597074042449220521e-01 4.981426926163315394e-01 2.803050093907655596e-02 1.673671979767508700e-01 3.176610796750531929e-01 1.476932606171864337e-01 1.746533130464136829e-01 2.833770682227339521e-01 1.739250581689356367e-01 2.217170031784146955e-01 2.781990578456203789e-01 2.076546830249045017e-01 2.023139113939839140e-01 1.537252464187385537e-01 1.687131584510348226e-01 8.722703851952810783e-02 6.632006258744973515e-01 1.183771117945858903e-01 2.324414581147716818e-01 1.664198324909065552e-01 1.347167128978969119e-01 7.274709531310516453e-02 1.202670078911298041e-01 1.665869620470484813e-01 1.938103838879446650e-01 1.402413182377216239e-01 2.396013101976655069e-01 4.230168037047992713e-01 4.230303537864053137e-02 5.653446364273876507e-02 2.515685648594426782e-01 1.048791251606048247e-01 2.518383637678592302e-01 1.564370301575419286e-01 2.631132480983089383e-01 1.774092887618818060e-01 4.518788767213029189e-02 1.306896403233026582e-01 7.973855057058121254e-02 7.348869495641413563e-02 2.629076721616812606e-01 1.143724895597994506e-01 1.868555303936492995e-01 1.220889841808093651e-01 3.540057938472424698e-02 1.149790238230984224e-01 1.150961134920784473e-01 2.084289449733563448e-01 9.414893114743859426e-02 1.458231452852071786e-01 2.062275388774309215e-01 
2.131051083777904254e-01 1.473603125083958743e-01 1.623679868187618835e-01 1.057036959654267944e-01 2.472345688856489032e-01 0.000000000000000000e+00 4.937937704234393599e-02 1.678099508602988732e-01 2.039848268106993767e-01 2.318953408400638572e-01 5.982239855028344960e-02 2.118623299510836167e-01 7.230147343678085259e-02 3.472163248298340554e-01 5.329749730079038489e-02 1.304576753165356262e-01 4.621386431310673532e-02 2.637839814316012554e-01 2.766169711195196057e-01 3.495720979415432861e-02 6.923385627987180269e-02 1.419493685033165475e-01 1.793199191393651526e-01 1.444321465703590490e-01 1.807001693031581036e-01 6.930755844632966456e-01 3.628187605997426068e-01 4.990473070057074856e-01 1.002912571217658283e-01 2.760607357725927691e-01 1.964392472945952761e-01 1.003928645176524331e-01 2.935196388285087887e-01 2.384333261014852379e-02 9.733033810271109199e-02 1.977044329356889285e-01 3.331549451877648810e-02 1.072048283446803141e-01 5.584188262026044125e-01 2.027326761619780149e-01 2.585906279707524298e-03 1.412585665477366914e-01 7.988349432751572221e-02 2.634177273500637809e-02 2.097671530956017327e-01 9.749228910883200871e-02 2.684546726665151817e-01 6.054732338251691409e-02 1.185476722906344121e-01 1.347564144008757958e-01 2.097476876962211245e-01 1.725560280136544111e-01 4.998220033016179120e-02 3.897237830062507541e-02 2.287328801211920351e-02 1.522869528298137209e-01 1.039470423359403484e-01 8.527923751218337289e-02 5.616913786977230094e-01 8.447444527523180480e-02 2.174756245909237051e-01 4.081797459791992877e-02 8.712036105331064442e-03 3.718926131285387598e-02 1.616837692325267528e-01 2.360404769450555329e-02 
4.391161885342396709e-01 9.399761109082288568e-02 8.522500977093468155e-02 2.994347035559693712e-02 4.657556410535195757e-01 4.937937704234393599e-02 0.000000000000000000e+00 1.314022124631498700e-01 6.597233877277595138e-01 1.318827818959949494e-01 2.643324143074411436e-01 3.306946026868228805e-01 3.923768755046300183e-01 1.128291241096258529e-01 6.322827116569422756e-01 7.667697788253748092e-02 8.077701819675808803e-01 5.117862315069081347e-02 1.445892791578614299e-02 6.122295398662456166e-03 4.466984609952508872e-02 1.159962000702213919e-01 1.305025732144282080e-01 1.032314184866868628e-01 5.078636829465380670e-02 3.435029751182564622e-02 4.057678749439818516e-02 3.161361329838236617e-02 7.819581263291976170e-02 3.758127527831274795e-01 1.213565872168211462e-01 5.650756927070862412e-01 3.547879636633211597e-01 3.297806597142626805e-01 1.263284401709257876e-01 4.666875560824886027e-02 1.076206302722232250e-01 1.470291189297160961e-01 1.524858992792890722e-01 3.436910106468275550e-01 2.451831997660544604e-01 3.642243257386149624e-01 3.866568897824317896e-01 2.152994330698911329e-01 1.128092699092594769e-01 3.717171247726314132e-01 4.055115540333351087e-02 3.564551741066203094e-01 7.237743491547489472e-02 3.758583684121483137e-01 1.656177346008004536e-01 6.271605884612517501e-02 1.241422635182277828e-01 1.938138973663662556e-01 1.054525437575681013e-01 1.660047720290360740e-01 1.011631095405005482e-01 2.105830806620369589e-01 6.866750602328373920e-02 6.138944134285910514e-02 5.284576369987019351e-02 1.623729712526312818e-01 2.916084173286277448e-01 1.802551264615885329e-01 2.166914033585117527e-01 2.985023617093745529e-01 
3.798458734580190121e-01 5.387671131137272695e-02 6.640909462972754973e-02 4.044938995283381966e-01 9.614242794721085394e-02 1.678099508602988732e-01 1.314022124631498700e-01 0.000000000000000000e+00 1.003571967315332186e-01 5.090855759371443190e-01 4.696652707502484425e-01 1.578120557973899246e-02 4.321133815583659277e-01 2.084428210159731346e-03 2.290380060127279738e-01 1.244791642741486792e-01 1.514077222858640770e-01 7.401961368658015183e-02 1.503448028445628637e-01 1.538106808593011077e-01 3.803707018637559889e-01 1.937505162444745632e-01 8.944720157732481691e-02 7.840424955356095627e-02 4.877041565995898220e-01 1.448350050846334836e-01 2.122210538591820239e-01 1.939628273787505075e-01 4.833233902274842730e-01 3.911256097647401453e-01 4.327713901611541236e-01 4.210867671461382411e-02 3.530272764403692420e-01 2.153863120622812599e-01 7.948832787175409698e-02 3.067159910149923688e-02 3.059852711541857437e-02 5.151862335993256242e-02 5.539627548898079512e-02 1.708777175601500498e-01 2.510277950217156828e-01 1.349446835038006776e-01 4.876839590778413169e-02 1.090887489201393529e-01 1.542485899643301211e-02 2.164848669412146043e-01 1.289553201918122206e-02 1.544419583889383163e-01 3.946251038312601628e-02 1.883855170240051335e-01 2.800177928959072735e-02 5.895150353667519966e-02 4.561717065344605970e-02 1.453913653412207962e-01 1.631225202222826853e-01 8.256868230575876988e-02 1.483915163961532502e-01 2.108079107440723188e-02 9.839945320283319252e-02 2.036826031828360695e-02 4.954456625560215571e-02 1.136798098809215368e-01 1.696653394530630854e-01 1.946847169702089764e-01 1.006397689634973142e-01 1.744551639050235525e-01 
3.638786286269815595e-01 1.485214852046498057e-01 2.284506838386866912e-01 4.962678196085933136e-02 6.201956136069195491e-01 2.039848268106993767e-01 6.597233877277595138e-01 1.003571967315332186e-01 0.000000000000000000e+00 4.056396294571009559e-02 1.435585826190062531e-01 5.679170782157063613e-01 2.241666335283600264e-01 2.179460918944075565e-01 7.458718337815366528e-01 1.266207167104758669e-01 5.623619974394157284e-01 7.920930870541324775e-02 1.820154587140825619e-01 2.323609107793848105e-01 4.012155340001100773e-02 1.794762342364542296e-01 2.017878814431759704e-01 1.969177227276052433e-01 9.215463688968957012e-02 1.707028215184196729e-01 1.154721166392270459e-01 1.400257618926181169e-01 7.827651285900781575e-02 3.606407692529097764e-01 6.182134667934501004e-02 7.048873511557894878e-01 3.182640016790279081e-01 2.266181713367419193e-01 1.578140622001467652e-01 9.683356230819037402e-02 1.152800218619064038e-01 1.893372820855485361e-01 1.803734126250522984e-01 2.813113515457549285e-01 1.347530263161526021e-01 3.025961942875227129e-01 3.461577697461821201e-01 9.897674059724016760e-02 8.905515467395772045e-02 2.976736158486243400e-01 8.009334453499969420e-02 2.883479244538725839e-01 7.099412500450025254e-02 3.180941658550891504e-01 1.812890132354745554e-01 2.171928267753334488e-02 1.772211768965098466e-01 1.404346764928832147e-01 3.222659671259734543e-02 1.813950521218991307e-01 5.626228750501249126e-02 1.665127295966489507e-01 4.868343223574533862e-02 9.115845396004565449e-02 5.767873596945543441e-02 9.138323110353284429e-02 2.086992154972684699e-01 8.239515166074030950e-02 1.859529360183056201e-01 2.172931930588386795e-01 
2.096778786129703531e-01 3.751115967184384670e-02 2.142015649370987429e-01 6.048104125088921146e-01 1.953543619656122332e-01 2.318953408400638572e-01 1.318827818959949494e-01 5.090855759371443190e-01 4.056396294571009559e-02 0.000000000000000000e+00 3.044635668986473420e-01 4.266949278903956616e-02 5.687874687195171308e-01 4.883547901659462953e-02 1.517204611775249956e-01 4.647639650348786011e-01 1.538300856376291215e-01 1.023702597992992153e-01 7.230865760121196750e-02 3.621550152052809002e-02 5.530686189430756849e-01 4.163672958381335887e-01 4.218551569918215227e-01 3.354564982561263897e-01 7.756061991826160851e-01 1.170842018425817532e-01 2.403693247533275623e-01 3.343547541035808979e-01 5.247031875918449773e-01 2.606511769854867877e-01 2.619954837537387116e-01 2.372158845832329430e-02 3.185547367015496012e-01 3.450837054296526096e-01 7.091405232469624731e-02 2.933465505598398249e-02 2.234730104819530050e-01 2.952829939346885979e-01 9.389442207676371166e-02 3.875297016196486699e-01 1.701708290542827129e-01 3.047138865927404572e-01 2.427391777951315166e-01 5.121185831584982445e-02 9.028312144264687145e-02 1.261454691386867943e-01 2.241469494954050762e-02 3.548916902643495241e-01 2.677249949650735705e-01 4.149629863910083705e-01 1.272905148282918730e-01 3.544147730740773716e-02 9.058714656436060719e-02 7.215103684460262568e-02 9.557383823006466994e-02 2.377839793392795831e-01 1.173552181929520856e-02 3.377766267578229398e-01 1.225816463122095246e-01 8.554758436588283388e-02 1.689245408492392186e-01 1.171719408165159682e-01 3.585050357800393384e-01 1.969357705882399667e-01 3.571131984505577228e-01 3.386455000498986845e-01 
1.237288380405946742e-01 1.177439758340220466e-01 5.421270660033487149e-02 4.658262216705283398e-01 3.568379735065156655e-02 5.982239855028344960e-02 2.643324143074411436e-01 4.696652707502484425e-01 1.435585826190062531e-01 3.044635668986473420e-01 0.000000000000000000e+00 2.582032123017201017e-02 5.835769763659621745e-01 1.119213621410804042e-02 1.759888103780013757e-01 3.065303035390019512e-02 1.228630574059465935e-01 9.125166505812494500e-02 5.568778929099202357e-02 1.039815159402207173e-01 5.298080553486022026e-01 6.040177421534307506e-02 1.737385703778463950e-02 4.029861886640744711e-02 3.195558699960893700e-01 9.238329082805407655e-02 1.140588390852016187e-01 1.260844423371534351e-01 2.292015326662140695e-01 1.092482390850181978e-01 5.083390382750425929e-02 6.621125408909059318e-02 9.761879594350467149e-02 1.545749205224118406e-01 7.291454789275593484e-02 1.578986123171551015e-02 3.301379461747597222e-02 2.522301608158935074e-02 2.409576705988172862e-02 1.469066778636880510e-01 1.631481105850630664e-01 1.469724558068323805e-01 3.154954214897631032e-02 3.067284257447756568e-01 6.763275730990432610e-02 2.492994811667661181e-01 5.746236818724616974e-02 1.273217564648734534e-01 2.748901679948930962e-02 9.405090755660228119e-02 3.318424421729756352e-02 7.324639818862958840e-02 6.100736731742999880e-02 1.861661199846243731e-01 2.490159287834782520e-02 4.011585065967340769e-02 4.095649469060232833e-02 9.769016180918450518e-03 4.388543598303482757e-02 9.159597575014638560e-03 2.154360352648251875e-02 5.327216884667598101e-02 8.975297991004130282e-02 1.042883499657079605e-01 2.078879210889151424e-02 8.580728136233027603e-02 
2.275003653246058244e-01 2.740580625876747334e-01 1.891798516645858130e-01 4.850363004891682095e-02 5.799254402121925001e-01 2.118623299510836167e-01 3.306946026868228805e-01 1.578120557973899246e-02 5.679170782157063613e-01 4.266949278903956616e-02 2.582032123017201017e-02 0.000000000000000000e+00 6.528082083116129586e-02 6.315807174716897565e-01 3.579808415966275192e-01 6.337491680871873423e-02 2.825938117751479739e-01 4.004967257637551126e-02 3.807478780743535629e-01 3.619672733783375063e-01 6.879044588435419272e-02 2.459242593006866900e-02 1.433098227921808521e-01 5.137204513324338667e-02 7.486942693243600622e-02 3.314445445954341540e-01 4.742801817427749062e-02 2.753177249074069063e-02 1.255491704047697818e-02 2.423573966605577223e-01 1.005412980555791119e-01 5.818832010154316725e-01 2.086977126896713830e-01 1.674209263602393361e-01 3.498970492572734403e-01 2.771090291912060022e-01 5.181801209418777920e-02 7.658131085853749076e-02 1.964992939554846552e-01 1.216755499336769075e-01 8.342102550520674731e-02 1.423166156414218120e-01 3.185426695106894912e-01 2.908774367496374039e-02 4.678506248016231495e-02 2.216311849158807690e-01 3.151525096532421522e-01 1.646158436848045303e-01 7.775395532233621287e-02 2.363845213809293855e-01 3.006648724861158417e-01 6.828716512580623732e-02 1.632049921074441856e-01 5.239452579545021693e-02 7.494590280918470016e-02 1.968588586151941988e-01 1.139111223111479720e-01 1.296566813018593667e-01 1.224621248864730810e-01 1.039650283806551612e-01 1.096584852677601196e-01 7.514310479773129992e-02 1.788855715779610334e-01 7.796582081029347633e-02 1.063522002718714637e-01 2.105671694334782518e-01 
1.931951348354716547e-01 1.014878197269391130e-01 1.723739260679583649e-02 5.696037559815529949e-01 1.162509589609342191e-02 7.230147343678085259e-02 3.923768755046300183e-01 4.321133815583659277e-01 2.241666335283600264e-01 5.687874687195171308e-01 5.835769763659621745e-01 6.528082083116129586e-02 0.000000000000000000e+00 5.919400750660807828e-03 2.916354940740388813e-01 3.474171586646736254e-02 3.419698514855605831e-01 2.639564748127191246e-02 6.455198493919526992e-02 8.396859750647998888e-02 6.729209320607228983e-01 1.344509549362757003e-02 4.501046163028237651e-02 1.448217944062431782e-02 3.793277762431273015e-01 1.250578584226473000e-01 8.357417125541993785e-02 9.004656938772899466e-02 1.977963588515433135e-01 2.465670776209019366e-01 1.468837583826126669e-01 1.854179133650297184e-01 3.018794461365951753e-01 2.930968205955907235e-01 1.244191480640572528e-01 4.338693329968770079e-02 9.886924101608406124e-02 1.087631388093129453e-01 5.837240949796779210e-02 2.646918970827283335e-01 2.549582938676980270e-01 2.760661462949065004e-01 7.326433653961292314e-02 1.819335266744817881e-01 4.648621791633394951e-02 1.934323850957528623e-01 5.273816305912676014e-03 3.017269537688209713e-01 4.488586086371822159e-02 2.556703347971963081e-01 1.400464968009341449e-01 5.298602898210919010e-02 9.373326817060015359e-02 9.350871238926931894e-02 9.968399686377810154e-02 1.174831698551480202e-01 9.796642465050890702e-02 3.647842860443568230e-02 1.030701702673243736e-01 4.332363067343137503e-02 1.210207567405596416e-02 1.192213953659394116e-01 2.600338637298093558e-01 1.583280757716898357e-01 1.794291471419337258e-01 2.740293082668359137e-01 
4.939686700351461623e-02 1.744716907397090011e-01 1.193249263047245351e-01 4.144079175164705475e-02 2.463221574805628533e-01 3.472163248298340554e-01 1.128291241096258529e-01 2.084428210159731346e-03 2.179460918944075565e-01 4.883547901659462953e-02 1.119213621410804042e-02 6.315807174716897565e-01 5.919400750660807828e-03 0.000000000000000000e+00 6.270524953360195886e-03 8.098540936377494892e-02 9.534646547737187991e-03 1.747053344570348998e-01 3.973621636519255040e-01 4.978003227138704662e-02 2.126261575291699124e-02 1.189503321813495385e-01 4.585328979058934940e-02 3.231136322904887975e-02 2.593401736516616832e-02 4.475135715209447307e-01 1.129090173592324775e-01 1.125086722539258288e-01 6.686185356504532884e-02 2.714439126015244855e-02 9.189676510362282391e-02 1.468020518065206448e-01 4.733975467392070174e-02 3.889507958425570538e-02 2.514779275168306238e-01 2.883443375153854071e-01 6.251874062579676483e-02 5.156466982524512965e-02 2.641515908229117304e-01 6.878277413430518294e-02 3.234501637033408011e-02 6.097879623627487644e-02 9.283326524374641009e-02 1.026416147718572786e-01 3.279976173636280357e-01 5.545787484803717249e-02 6.344857300628209407e-01 3.418626005939166823e-02 6.651367262631370514e-02 1.166109975917849068e-01 3.447316217469254540e-01 2.095703298305214290e-01 1.205880613545566027e-01 5.314727469686694045e-02 3.115261300404094380e-02 6.901037597466715134e-02 6.506981449952002616e-02 2.213449798447684677e-02 3.490263280043722216e-01 2.013996641381644304e-01 2.076439178782134021e-01 6.635618292205373858e-02 9.125971597383578104e-02 3.225571963103308210e-02 4.329754856874663826e-02 1.166961939169836870e-01 
6.328263884684669494e-01 1.136918905590136447e-01 7.855580015624684387e-02 2.861946633827144870e-02 3.800196807271921107e-01 5.329749730079038489e-02 6.322827116569422756e-01 2.290380060127279738e-01 7.458718337815366528e-01 1.517204611775249956e-01 1.759888103780013757e-01 3.579808415966275192e-01 2.916354940740388813e-01 6.270524953360195886e-03 0.000000000000000000e+00 1.086387645144999831e-01 6.438451023450396660e-01 6.492045301916850308e-02 6.452246464358470102e-02 1.226088532353677846e-01 3.615883203172431254e-02 9.652286277573801643e-02 1.509867362528524160e-01 9.847917297430647254e-02 2.870422958619290102e-02 7.476868134311927261e-02 5.210402364300849298e-02 3.048047303844134831e-02 8.663895709693172908e-02 6.715965578375080458e-01 2.526631014962857913e-01 6.671411110119089827e-01 6.187819483381973296e-01 2.669040499452824955e-01 1.383788135605932834e-01 3.117360877744169978e-02 1.111215333137122313e-01 2.160088327539505249e-01 4.362152926957064969e-02 3.407063530087390268e-01 1.792863667457961774e-01 3.214518181400071728e-01 3.261913322948140070e-01 1.345635746079222594e-01 1.983864508564503193e-01 2.913143485723779236e-01 1.038442545644722714e-01 3.094632335411577340e-01 1.031940745209054544e-01 3.657509197294557257e-01 1.530681761117283213e-01 1.827450204271906589e-02 1.291292885762576059e-01 1.463214844823735594e-01 1.007486978303783892e-01 1.877153178295521696e-01 1.018957111594066822e-01 1.607599441134734686e-01 1.629217943620096254e-01 4.521601548723870601e-02 4.210298341682703477e-02 1.429343511553516077e-01 2.492979677986661147e-01 1.596064234863369402e-01 2.172763197792967893e-01 2.660838778773053637e-01 
6.380816714139578294e-02 1.527608797564633802e-01 2.978566481094199192e-01 1.642590535367095539e-01 1.597074042449220521e-01 1.304576753165356262e-01 7.667697788253748092e-02 1.244791642741486792e-01 1.266207167104758669e-01 4.647639650348786011e-01 3.065303035390019512e-02 6.337491680871873423e-02 3.474171586646736254e-02 8.098540936377494892e-02 1.086387645144999831e-01 0.000000000000000000e+00 7.784710297828595360e-02 1.319097869115474497e-01 1.153585684618900903e-01 8.356427932566448669e-02 9.610828444389529768e-02 6.264156478795728233e-01 8.178176060669924974e-01 6.225376434976787055e-01 5.098702308705780339e-01 3.463477942709106833e-02 2.288036978362915919e-01 3.824346173578968555e-01 4.739610729392382815e-01 9.544308923510108622e-02 3.392771931487323367e-02 1.819653957695409052e-01 7.305931726361923617e-02 3.016486116998563505e-01 1.070953253489690671e-01 2.170254666999624910e-02 5.311256764583263679e-02 2.894090213089711150e-01 1.026009115512213493e-01 2.827130323767717002e-01 2.068626185113923155e-01 1.914245691011644268e-01 2.013210025102831757e-01 4.765941986704183564e-02 5.926828481001446269e-02 1.571633333401730448e-01 6.347429425780606871e-02 2.658610434375475173e-01 5.348197156672077623e-01 2.372971212789863615e-01 2.328975432810388366e-02 1.384994907982661089e-02 4.498319352514548730e-02 4.181800446925000581e-02 1.536534004032287515e-01 5.176082540433842860e-01 4.997413896233549035e-02 2.507755573136114524e-01 5.015316545189863612e-02 2.801051899770860831e-02 1.423328048082648234e-01 6.329279948316775262e-02 3.301488111484088828e-01 2.936535547564566584e-01 2.980820374032878139e-01 2.726442825381573676e-01 
5.054747726726650514e-01 1.762698202809514711e-02 3.715576470411966620e-02 1.684560955742643237e-02 4.981426926163315394e-01 4.621386431310673532e-02 8.077701819675808803e-01 1.514077222858640770e-01 5.623619974394157284e-01 1.538300856376291215e-01 1.228630574059465935e-01 2.825938117751479739e-01 3.419698514855605831e-01 9.534646547737187991e-03 6.438451023450396660e-01 7.784710297828595360e-02 0.000000000000000000e+00 1.334817691753329705e-01 8.937184868455783082e-02 9.602630373243986606e-02 1.626953040229282789e-03 7.341462014671412684e-02 1.296401059431294134e-01 3.906059585107955062e-02 7.968903649848452231e-02 3.982554823684325562e-02 1.210246258671832248e-01 6.078108047345905096e-02 1.070757360940937930e-01 5.097117372881401209e-01 1.803944283998240583e-01 5.864388671756679550e-01 5.017216660531601535e-01 4.114182312711696654e-01 9.951644083178200206e-02 3.915228155742723343e-02 1.044700910059676441e-01 2.344772651698042998e-01 9.677547885722119492e-02 4.213168234355925690e-01 3.009550047471503120e-01 4.308436149871772702e-01 4.502810142971408469e-01 1.762494278852596019e-01 2.274539341797337244e-01 3.601457787012855571e-01 1.218438707741293647e-01 4.418282852837401298e-01 1.199291404311950138e-01 4.535025719260805666e-01 2.077918392112794721e-01 5.048071304323117209e-02 1.604812648325961155e-01 1.675581822090146111e-01 1.651877535042839407e-01 2.065652452122303806e-01 1.560136124471575292e-01 2.272462799630622088e-01 1.326954655922113757e-01 3.280486109944528300e-02 7.935569776492759630e-02 2.122688154408354233e-01 3.820859832365495201e-01 2.536127199813157929e-01 3.018787471103464015e-01 3.996682568202573060e-01 
6.711730146454482349e-02 8.379937905108625351e-02 4.306082723773841936e-01 5.277440474472567394e-02 2.803050093907655596e-02 2.637839814316012554e-01 5.117862315069081347e-02 7.401961368658015183e-02 7.920930870541324775e-02 1.023702597992992153e-01 9.125166505812494500e-02 4.004967257637551126e-02 2.639564748127191246e-02 1.747053344570348998e-01 6.492045301916850308e-02 1.319097869115474497e-01 1.334817691753329705e-01 0.000000000000000000e+00 1.324120630750553335e-02 5.703121019969056293e-01 4.043816673328606143e-02 1.679137950684028990e-01 1.573977412557862887e-01 3.231955118213488687e-01 5.868276991819949134e-02 4.239206142775761403e-03 1.931305604314306479e-01 7.745502968091302898e-02 4.198526263619917903e-02 1.715212649457281968e-01 5.996410387525868274e-02 6.980808505254543217e-02 2.494950887578829823e-01 1.377434533689322338e-01 1.181259542570108206e-01 1.398761698511460094e-01 8.046396319976721612e-02 2.104065202654027689e-01 1.979281375276269461e-01 2.380552480509257884e-01 4.902036720864990510e-02 1.903502603453968156e-01 1.014303162555291599e-01 3.159202520867106234e-02 3.293083321964910271e-01 1.518584315104317406e-01 3.199686637564233549e-01 1.779515584188195165e-01 5.420471544359822813e-02 1.894186744652762988e-01 1.939334422045567996e-01 1.012950020499245041e-01 1.790842745869487551e-01 7.701134818888276390e-02 6.492198045380723204e-02 3.196164598020109771e-02 6.700065670535611251e-02 4.705898485117166602e-02 2.901994570131952722e-01 9.160110443585178785e-02 8.863083771275462319e-02 2.616563869225665279e-02 1.616536546292699494e-01 7.051589015397292937e-02 2.124065052298381440e-01 1.804113714130137769e-01 
1.917254547799026876e-01 2.103766996596233840e-01 1.672094314487289068e-01 3.363432580853443349e-02 1.673671979767508700e-01 2.766169711195196057e-01 1.445892791578614299e-02 1.503448028445628637e-01 1.820154587140825619e-01 7.230865760121196750e-02 5.568778929099202357e-02 3.807478780743535629e-01 6.455198493919526992e-02 3.973621636519255040e-01 6.452246464358470102e-02 1.153585684618900903e-01 8.937184868455783082e-02 1.324120630750553335e-02 0.000000000000000000e+00 4.410751742837302203e-01 4.056102829262473591e-02 4.827105768395800744e-02 6.395427683909518657e-02 4.007573768911104617e-02 6.346621879176984893e-02 2.610132704534667836e-01 2.520067404254941468e-02 1.139621529639467112e-01 5.074003179206373892e-02 2.790054898943065131e-01 1.904874058161986905e-01 3.936503070926860443e-02 2.660980823511608917e-01 7.236140142940668263e-02 2.165086953783616763e-01 1.928768639119859962e-01 2.475609245656432839e-02 6.385752462730814871e-02 1.581913677539859286e-01 2.420664481641578158e-02 8.414089866692261999e-02 1.106919477170198278e-02 5.451892894553188318e-02 7.500682973270236809e-02 5.572567404067373109e-02 2.936549379607423377e-02 2.231429824124684103e-01 2.040133855639719718e-02 1.405286876548456632e-01 4.033821584750169054e-02 1.135079548524254300e-01 9.056749413529451009e-02 1.386637999829168910e-01 2.333438156987982515e-02 9.845298994164725093e-02 7.511899251000071775e-02 7.111229608880367814e-02 5.643830172649186988e-02 1.186107359817553109e-01 1.696110738382984595e-01 2.067370574950666284e-01 1.119877627638355133e-01 5.560879993805785404e-02 9.466498797334550741e-02 4.517565230282395705e-02 5.360129905311311616e-02 
6.022622520224110015e-02 8.743445640195746105e-02 2.246706976263713323e-02 7.575353918546091914e-02 3.176610796750531929e-01 3.495720979415432861e-02 6.122295398662456166e-03 1.538106808593011077e-01 2.323609107793848105e-01 3.621550152052809002e-02 1.039815159402207173e-01 3.619672733783375063e-01 8.396859750647998888e-02 4.978003227138704662e-02 1.226088532353677846e-01 8.356427932566448669e-02 9.602630373243986606e-02 5.703121019969056293e-01 4.410751742837302203e-01 0.000000000000000000e+00 7.439644384836865965e-02 5.117218418014221615e-02 6.228485192239802126e-02 1.097368148657789783e-01 3.115040443506938636e-02 1.951380760371940470e-01 2.110626500226005786e-01 2.813626795185925067e-02 1.180137522412638001e-02 4.947589530463083682e-03 1.791180344887473297e-01 2.428084699957356873e-01 2.917638196554298013e-02 8.604304356067593584e-02 1.936696050846000439e-01 1.551494417617114152e-01 5.250066053417098977e-02 2.204541336792805450e-01 4.058912606200707623e-02 2.126808704606041045e-01 2.021505375875500693e-02 1.906744507555191981e-01 1.152300776231763579e-01 1.257840765349030549e-03 2.132903879571132755e-01 1.508450229731984338e-01 1.168589978374924843e-01 1.587243709886612120e-01 9.950873403707058418e-02 1.760073501966998855e-01 2.013535922171004189e-01 1.410779069630180849e-01 2.360891609356047527e-01 6.185610328127712221e-02 6.659554219155890131e-02 4.107428126128109813e-02 4.014614614242940915e-02 2.059429953654837511e-02 9.523159421669179225e-02 1.586447309301472208e-01 1.174192367840201368e-01 3.808512814875809199e-02 9.926742884137325362e-02 2.072942331644645961e-02 1.565240423602950737e-01 1.089177944644363905e-01 
1.552752289936853124e-02 6.824339605300953904e-02 3.681562032474750001e-02 9.004890073066109668e-01 1.476932606171864337e-01 6.923385627987180269e-02 4.466984609952508872e-02 3.803707018637559889e-01 4.012155340001100773e-02 5.530686189430756849e-01 5.298080553486022026e-01 6.879044588435419272e-02 6.729209320607228983e-01 2.126261575291699124e-02 3.615883203172431254e-02 9.610828444389529768e-02 1.626953040229282789e-03 4.043816673328606143e-02 4.056102829262473591e-02 7.439644384836865965e-02 0.000000000000000000e+00 5.790378561355784964e-02 6.586231163748283712e-02 2.981194340312329910e-02 5.585283411560860722e-01 7.215784435583755263e-02 6.196459257054959952e-02 9.653811665312996004e-02 3.291829717631813979e-01 4.889217952275909385e-02 7.235604456119705541e-02 3.694495799357590260e-02 8.834557200519475850e-02 1.482942100847390587e-01 8.677831948913283799e-02 5.926066520442369728e-02 3.806228875210497242e-01 5.823399868703185711e-02 4.990536177265959827e-02 1.522150648396681238e-01 1.493334437491970756e-01 1.334791230005969997e-01 2.099007098084199607e-01 9.605592061061282716e-02 5.121572235435809667e-02 2.784968490986446804e-02 3.809542463187275130e-02 1.317810696498420975e-01 1.531999141353974740e-02 1.260074735765311371e-01 6.341953884015436027e-02 4.348542182492007302e-02 3.095047644298506290e-02 1.716464212264256495e-01 2.112840839198129594e-02 2.096321328628095865e-02 2.517107571254039583e-02 1.772285213645533597e-01 3.983371802819722640e-02 5.516080988405581281e-02 6.677121379445198623e-02 3.154933843591981729e-02 9.317086158507349725e-02 6.527189667901235615e-02 6.755393723803622408e-02 8.408260236003413379e-02 
1.616276965080238881e-01 7.865870389875517787e-02 3.031568278214205048e-01 1.226313132066131489e-01 1.746533130464136829e-01 1.419493685033165475e-01 1.159962000702213919e-01 1.937505162444745632e-01 1.794762342364542296e-01 4.163672958381335887e-01 6.040177421534307506e-02 2.459242593006866900e-02 1.344509549362757003e-02 1.189503321813495385e-01 9.652286277573801643e-02 6.264156478795728233e-01 7.341462014671412684e-02 1.679137950684028990e-01 4.827105768395800744e-02 5.117218418014221615e-02 5.790378561355784964e-02 0.000000000000000000e+00 5.426861089834730256e-01 7.997489912499078368e-01 3.828003872196305557e-01 4.264275910005026204e-02 3.396659941257506587e-01 3.916306149663290603e-01 4.043802921005296702e-01 8.692230343285366201e-02 2.924166333985403488e-01 1.897090123559510844e-01 1.379065874770226130e-01 2.478529287497883982e-01 3.328157584417752723e-02 9.702796173262141777e-02 3.413282934222227477e-02 1.280833582509046387e-01 8.385029910969060696e-02 1.615543532627114476e-01 1.817541980331313090e-01 9.692479900897164879e-02 5.521309904105591027e-02 1.284583439199263322e-02 2.782863677515894432e-02 1.235042118222340612e-01 8.487712170062934602e-02 1.685469220719561789e-01 1.177165912118365437e-01 1.808996606201831170e-01 4.746767662262584009e-02 4.970400632501864591e-02 7.346484680552396729e-02 3.436636170362034060e-02 3.743839919329094434e-01 1.372289510075137553e-01 2.738037088583396561e-01 9.956228871812332348e-02 4.580596714327996727e-02 1.388688474186946520e-01 2.730222073968645996e-02 7.040356775205636186e-02 2.833754538036998283e-01 3.075567573482739236e-01 1.934125533206514924e-01 2.739388533817374571e-01 
6.164221411549260232e-02 3.700074656056775990e-01 3.827612360356035248e-01 1.053701049312788657e-01 2.833770682227339521e-01 1.793199191393651526e-01 1.305025732144282080e-01 8.944720157732481691e-02 2.017878814431759704e-01 4.218551569918215227e-01 1.737385703778463950e-02 1.433098227921808521e-01 4.501046163028237651e-02 4.585328979058934940e-02 1.509867362528524160e-01 8.178176060669924974e-01 1.296401059431294134e-01 1.573977412557862887e-01 6.395427683909518657e-02 6.228485192239802126e-02 6.586231163748283712e-02 5.426861089834730256e-01 0.000000000000000000e+00 6.042458471717977453e-01 4.075120067538439139e-01 5.036332100513393750e-02 1.370849451972804278e-01 2.888685771469518548e-01 3.229022030285457201e-01 9.137034906537840062e-02 3.791112329785339269e-02 3.004786173453019571e-01 6.593661342861159569e-02 2.470906261520000036e-01 2.906568232260823836e-01 5.902530268678850278e-02 2.555078198089157093e-02 3.518078766904347843e-01 1.651136121501816656e-01 3.313494940787002907e-01 1.507658117954625288e-01 2.199812528878851980e-01 2.450567798281316489e-01 5.579845570564021667e-02 1.306919483029126416e-01 1.417081691709723146e-01 9.037020853388996744e-02 2.639098312466592877e-01 5.572060986806449678e-01 2.421515447643473040e-01 8.893378128599128268e-03 1.116507274821399026e-01 3.588816276240689579e-02 5.549591181156760672e-02 5.878326538011893754e-02 6.635447695146644564e-01 1.295409602792482462e-01 2.342025975661323478e-01 5.181648529092850591e-02 1.720138624775129077e-02 1.331040980840263455e-01 8.058487521349153027e-02 2.901805203270717559e-01 2.037109142884858948e-01 3.566894061772984403e-01 2.280678155739881141e-01 
8.958116039884352066e-02 2.000063090042385472e-01 5.264543111207622417e-01 5.602274405525933115e-02 1.739250581689356367e-01 1.444321465703590490e-01 1.032314184866868628e-01 7.840424955356095627e-02 1.969177227276052433e-01 3.354564982561263897e-01 4.029861886640744711e-02 5.137204513324338667e-02 1.448217944062431782e-02 3.231136322904887975e-02 9.847917297430647254e-02 6.225376434976787055e-01 3.906059585107955062e-02 3.231955118213488687e-01 4.007573768911104617e-02 1.097368148657789783e-01 2.981194340312329910e-02 7.997489912499078368e-01 6.042458471717977453e-01 0.000000000000000000e+00 2.790787283055506940e-01 5.917282641246968816e-02 1.730764572922193767e-01 2.962412511170303686e-01 2.512984761506975584e-01 4.476018663091280853e-02 1.357137481684694835e-01 1.971351251664867910e-01 1.087526180677897691e-01 2.262115669840324972e-01 5.181208748321230323e-02 2.121970688567432761e-01 6.161955221546829009e-02 1.663435766044720487e-01 1.293322161385468405e-01 1.892308822994473450e-01 1.546992886056656191e-01 1.211040022036481700e-01 3.972742884732164553e-02 4.439043495030708941e-02 6.517886570550092407e-02 1.453225499246765529e-01 3.283789006262018834e-02 1.758819184224149901e-01 1.223647229313275936e-01 1.516220359298628417e-01 7.606506275903612835e-02 3.959361300407367862e-02 5.393482113527798064e-03 8.312718889721273929e-02 3.919416769077995744e-01 1.491518664584919884e-01 3.186607246734546317e-01 3.267571708718936679e-02 1.961658776312778102e-02 8.959970277131051875e-02 1.992951297329832033e-02 1.015540603432968370e-01 2.679182464041265366e-01 2.687401342733668486e-01 1.951677132481857424e-01 2.753143064832911935e-01 
