0.000000000000000000e+00 4.925291069886957723e-02 5.001755624311003678e-02 1.468946479586829418e-02 1.513013826790826077e-01 2.437752726705525175e-01 4.074476083475637722e-01 3.737105244853308195e-01 3.660647172006375460e-01 1.983809784080790839e-01 1.286189633931848764e-01 2.223233021417629351e-01 1.196930554212990161e-01 3.201100154888473354e-02 6.255736828206075462e-01 1.549044543902980062e-02 4.609325657878339255e-01 1.836816475952662564e-01 1.925985073338821463e-01 3.564246955393680222e-02 2.534742042924067670e-02 2.112763520997152367e-01 1.683264667888911825e-02 1.086391938316304262e-01 4.407050937673964719e-02 1.113795311474293642e-01 1.884323618270999090e-01 1.405472803987555530e-01 4.855948684290574413e-03 8.126526648440707268e-01 6.927411765590261172e-01 3.302433009213803783e-01 7.518968188671038000e-01 2.884913648440411427e-01 1.254193494041417056e-01 3.888614868414441705e-02 9.414270305415624318e-02 1.736748775755486973e-01 5.866008115554744579e-02 3.133317810900937417e-01 2.257826608056063000e-01 2.618213241680583669e-01 3.286207799342525382e-01 1.060008619522253143e-01 1.507715433967247443e-01 3.182535813970597260e-01 4.734735147037619912e-02 2.728371767642863155e-01 1.084503362719402425e-01 3.567532352858847067e-01 1.175401467420559287e-01 3.082183702192925479e-02 5.154348950341353097e-02 1.378990171099640505e-01 2.102382603625148894e-01 1.378161044971943361e-01 1.785861944032614279e-01 1.547258299555488714e-01 1.649822444101277930e-01 1.388491571283234811e-02 1.098247561643445232e-02 1.760778879471449621e-01 2.660254522364305929e-01 2.196670499166377688e-01 2.275575580680449794e-01 2.759926068391548859e-01 
4.925291069886957723e-02 0.000000000000000000e+00 4.716533379427901296e-01 1.084013413922528535e-01 1.286127928051986891e-01 1.657884051801343239e-01 9.147214437843147194e-02 2.595545252055855151e-02 1.603624460096056970e-01 6.708819665285729872e-02 8.947658826464337245e-02 2.494854191916873465e-01 8.877806952299892307e-02 1.328277938872168273e-01 1.168956610087853176e-01 2.199548218428866719e-01 8.972789234719768039e-03 1.003300943853924765e-01 1.575999092070277940e-01 5.195397407502738013e-02 7.659621720297746239e-02 1.090361795727721045e-01 4.277433478373832143e-01 2.670804305093212871e-01 1.584067089926105565e-02 3.647687660144969257e-01 3.883925873166403364e-01 4.413160563648363399e-01 3.575449483701436532e-02 7.494193871955812103e-02 3.332854583474018084e-02 2.393638321712760197e-01 4.606595606610886656e-02 1.034945592044356349e-01 7.055686763265014427e-01 1.034188183911937536e-01 1.602740952842876543e-01 3.025569345454415804e-01 5.367834290705138928e-02 2.102387754731376568e-01 8.253236633740226869e-02 1.590421729366365833e-01 3.281789889241842201e-02 6.711235002787899195e-02 2.912223737249927114e-01 1.172652463295269093e-01 3.010809618154018930e-01 1.567254825284714881e-01 1.224917642365755954e-01 1.105560467273272729e-01 1.685967557071064160e-01 2.158700382985169752e-01 2.320212892461740173e-01 1.068076603007125092e-01 5.912082195233328563e-02 2.931137764061589879e-01 2.176593922639172979e-02 5.452722261215640215e-02 2.344801135925223823e-01 1.054812647351829474e-01 2.750869222008063830e-01 1.042319947234528338e-01 1.503957612106884556e-01 7.162854951536433423e-02 3.216622239615908874e-01 1.460809941444477233e-01 
5.001755624311003678e-02 4.716533379427901296e-01 0.000000000000000000e+00 1.852017834058561352e-02 1.697544370012750714e-01 1.316680835807938488e-01 5.620664552742393044e-02 9.023036760675269552e-02 2.261290775516774931e-01 2.378148195063884696e-01 4.613410167694198538e-02 1.951016653794314382e-01 7.978239275584261825e-03 1.215371708372231241e-01 8.042139452037334879e-02 3.327059707975183467e-01 6.004039987334332251e-02 4.394215562708099210e-01 1.383624789683212397e-01 6.854291771390341736e-02 4.377163478452212632e-03 3.372261443487448163e-01 4.091877637550962454e-01 5.796197013198922665e-01 1.876363869919220329e-01 1.342754534672823963e-01 2.968872582873404165e-01 8.901223208544778442e-02 1.602951393039064032e-01 5.138414374726968381e-02 6.327722756796193282e-02 2.058083944413865718e-01 1.132588328606891209e-01 9.085504827698741293e-02 1.142816329668609743e-01 2.622458058859871710e-01 5.607347362607429525e-02 2.405124465924062260e-01 2.126084302953046568e-01 1.820896733299366965e-01 4.544515851205382928e-02 1.150715351747079174e-01 1.019820022671806894e-02 1.950150610863545658e-02 2.594868813908498550e-01 8.337039646970628715e-02 2.656666494312830418e-01 1.196514338848858328e-01 7.212259212475345682e-02 1.755781138153238718e-01 1.538758818604530620e-01 1.797588772385735612e-01 1.685861862559742963e-01 5.240131189243119048e-02 1.598166300535580064e-01 1.229508985267194487e-01 1.835086333624559585e-01 3.226587406317629747e-02 1.293461649460262708e-01 8.475405497673516031e-02 6.708203747829309671e-02 2.918353793719204517e-02 1.250875565518340948e-01 6.855275630057684755e-02 2.141777955826735247e-01 1.453930767551729342e-01 
1.468946479586829418e-02 1.084013413922528535e-01 1.852017834058561352e-02 0.000000000000000000e+00 1.581215185600753914e-01 1.356884444243284249e-01 3.170997550844466273e-02 4.351209256519921742e-01 2.115130020254189780e-02 5.904820943629904839e-01 4.771842809063094881e-01 4.303641945011001113e-02 5.910311128372223166e-01 1.115806148581683505e-02 3.560873884433622683e-02 1.598434874686294471e-01 1.680240871969469404e-02 4.130922202652911185e-02 8.401225735136443051e-02 1.074589534836060262e-01 9.027787036853106573e-01 1.243959701824281505e-01 1.009405801823156645e-01 5.980245589194857492e-02 6.436247071732600356e-01 9.516054025124610904e-02 1.509264917322256649e-01 2.105055759753264588e-01 4.447374484476195322e-01 8.715020345643373356e-02 1.010340467528311054e-01 5.412821190810278293e-02 1.143189034250418207e-01 1.690961169685490650e-01 1.069220001024530631e-01 1.341868590820504900e-02 4.695997145594885125e-01 8.068400490653997170e-02 7.854626370463432816e-02 1.801036973314875389e-01 1.484733816106825754e-01 1.546679033382078183e-01 2.657768077428698250e-01 1.464964043751725009e-01 6.657067213698017460e-02 4.133502501135801616e-02 7.501117168701577909e-02 1.823472007120679472e-01 8.244335212048051198e-02 1.666610395937653533e-01 2.733587186099932856e-02 5.673618368832396980e-02 1.720082366009005603e-02 2.158764109118941898e-01 1.272423520646989714e-02 5.985917551674911630e-02 5.263645588326325980e-03 2.700491953610357765e-01 6.313096707716576994e-02 4.980744460498234827e-02 1.096206971698068244e-01 4.387552783600307676e-02 1.312528572654723391e-01 7.250780518812223463e-02 1.137826514744107176e-01 1.053469021875450273e-01 
1.513013826790826077e-01 1.286127928051986891e-01 1.697544370012750714e-01 1.581215185600753914e-01 0.000000000000000000e+00 2.187807154699442924e-01 4.420035293586797032e-01 7.760875263035155180e-02 6.061847950469190227e-01 2.399489290256051899e-01 3.874769025903938152e-02 5.846749614217402469e-01 4.707261857489935392e-02 2.409459418114606455e-01 3.538345379263778123e-01 2.222310822305129940e-01 5.017690315836014214e-01 3.208868714147618956e-02 1.903674720928590913e-01 3.223844674709045455e-01 1.594342809893733171e-01 2.146976358229429616e-01 3.365938494694281635e-01 2.104738624808001890e-01 2.619280184922766486e-01 2.436117551516087110e-01 1.655019959763179838e-01 1.769723273561095989e-01 1.697784451434324049e-01 1.897036224705025143e-01 5.969640729941284862e-02 6.605531167335092491e-01 1.306617768370283150e-01 1.906432092702078918e-01 1.704886850387366259e-01 1.814112831650436797e-01 1.068484237451984981e-01 7.226962097242690952e-02 1.983163390486253619e-01 1.778653711990333952e-01 1.308968814497881716e-01 2.085163232854484738e-01 4.676474768104339486e-01 3.090797158457508215e-02 6.393622386868105800e-02 2.234475208601097995e-01 1.022620996040273095e-01 2.040691647007435994e-01 2.292333759080444899e-01 1.844324767504083029e-01 2.101225431645468156e-01 1.637132188408485511e-02 1.335415491833822910e-01 9.686863053838108695e-02 1.433853022584347936e-01 3.413499777459273465e-01 1.906729847298429814e-01 2.578176764606920912e-01 1.216769366459130586e-01 1.536824070828583626e-02 1.253794381011246184e-01 1.459432051517716711e-01 1.962983176997324941e-01 1.076746020576612312e-01 1.200634056329987626e-01 2.276446081385334330e-01 
2.437752726705525175e-01 1.657884051801343239e-01 1.316680835807938488e-01 1.356884444243284249e-01 2.187807154699442924e-01 0.000000000000000000e+00 1.635547596744994434e-02 1.861836656436670345e-01 1.350659888106038597e-01 2.510605410131720450e-01 5.658438317975356124e-02 1.824541385991773346e-01 6.227229767031097069e-02 3.317490620384663802e-01 8.902775658801848069e-02 1.777964839934452479e-01 1.495942116903534874e-02 2.309968898017396577e-01 2.547080999194792916e-01 1.907168250126627454e-02 8.562776246683631576e-02 1.940874189998190447e-01 2.062073708917747938e-01 1.570294736698220894e-01 2.183150862549645965e-01 6.330970474991300945e-01 3.794154298389827984e-01 5.307682307356451634e-01 1.439284930775632243e-01 2.893754575936655082e-01 2.424989920137294586e-01 4.918194696303341412e-02 2.935171605542511442e-01 2.091883793181251866e-02 1.100788183285300037e-01 1.927778763812180163e-01 6.802115691697348254e-02 1.476687251274073909e-01 5.546183939165416632e-01 2.145146594231034931e-01 2.207469764617839281e-02 1.418485288452321080e-01 1.019715857952731008e-01 2.828900432696344891e-02 1.770357592502876387e-01 8.636149520087715858e-02 2.050166247692170596e-01 8.373100615396963931e-02 1.651290563356747343e-01 2.050842669251580486e-01 2.198838696486704047e-01 1.585636373501815577e-01 3.453790326940456984e-02 1.303445284622855964e-02 8.820588166392683005e-02 1.916040055358146921e-01 1.636458602540904750e-01 1.278983804855006734e-01 4.927960218857415087e-01 6.584163179295288160e-02 2.587164076538732704e-01 8.206760541078206295e-02 6.732232181295964672e-03 4.267949995887706377e-02 1.729289557076494621e-01 3.602071684729291068e-02 
4.074476083475637722e-01 9.147214437843147194e-02 5.620664552742393044e-02 3.170997550844466273e-02 4.420035293586797032e-01 1.635547596744994434e-02 0.000000000000000000e+00 1.036631813607424568e-01 6.378038841793175484e-01 1.319950131414588945e-01 2.306711408226845839e-01 3.361508598942906656e-01 3.643027096634117168e-01 1.023579317050226783e-01 6.119952517529781977e-01 1.057442212467688269e-01 7.930057468347745386e-01 1.880334740783737996e-02 2.892090752575733614e-02 4.089088054913328496e-02 5.626972176799434344e-02 8.024137311944370965e-02 1.435466688167963134e-01 8.247735657825802646e-02 6.815290430205483974e-02 1.417213861132472948e-02 2.932274922274135179e-02 1.573791852440218145e-02 1.039558867377287366e-01 3.797383398519031394e-01 1.445195260314378616e-01 5.671566487586705563e-01 3.746943261720619422e-01 3.230642829619346790e-01 1.317308531499497282e-01 5.052469931828286465e-02 1.356310165770919507e-01 1.446778671234817681e-01 1.713111480814866749e-01 3.508052503917155618e-01 2.430391925084378346e-01 3.631062131096681189e-01 3.861381944347809791e-01 1.818388687666845360e-01 1.292648413159004084e-01 3.187233991760953233e-01 1.727841484208348516e-02 3.610240476148735556e-01 1.142878252709470382e-01 3.423630149848911897e-01 2.021258376782709698e-01 3.779330981128229544e-02 1.282082445381704516e-01 1.772341391323725424e-01 1.378678232333769849e-01 2.018853093602916149e-01 1.501526413116304193e-01 2.307244057673571158e-01 6.118956389003075286e-02 4.025676447407759879e-03 8.640421154901244127e-02 1.667444248858692413e-01 3.038799045354609873e-01 1.946027582820103463e-01 2.296997736060060746e-01 3.174452695440387884e-01 
3.737105244853308195e-01 2.595545252055855151e-02 9.023036760675269552e-02 4.351209256519921742e-01 7.760875263035155180e-02 1.861836656436670345e-01 1.036631813607424568e-01 0.000000000000000000e+00 1.085413215825128674e-01 5.273428634976390361e-01 4.483359146300139875e-01 4.396135619838698050e-02 4.028623672396674515e-01 7.981649863134411549e-03 2.402683379181929091e-01 1.814411892192654141e-01 1.357501124196866804e-01 2.143126241955640651e-02 1.522764406664149917e-01 9.965387035066594623e-02 3.890814701687440591e-01 2.440413415184989054e-01 1.362676510921903283e-01 1.119288199276422813e-01 5.090774476304694707e-01 9.098800909383124302e-02 1.984457129023358690e-01 1.727997846727683529e-01 5.019334342792907133e-01 4.049762237027417777e-01 4.240919179162286334e-01 5.326307883259393666e-02 3.824313074270122570e-01 2.494173611144996916e-01 6.732269682528584098e-02 5.422448949446605909e-02 1.905867218896682008e-02 1.050344524275281938e-01 6.118114759004562864e-02 2.119043172622551152e-01 2.635102653357702107e-01 1.532297548848664259e-01 6.996483470579052677e-02 1.444652241121173464e-01 3.828758528373328585e-02 2.418224464067762758e-01 4.995549379300697791e-03 1.994912559914897854e-01 1.257325725665637585e-02 2.124373901614529658e-01 4.827291955262173750e-02 3.402508056703429373e-02 8.432261340339823955e-03 1.599829328551920504e-01 1.537215962667489721e-01 2.339518654246381182e-02 1.265905187223527739e-01 2.091825769622988884e-02 7.687847084259034902e-02 2.280224782175813494e-02 4.056609265938287273e-02 1.093770751840673489e-01 2.106365096113900215e-01 1.913515733246234363e-01 1.347210224764141262e-01 2.026295926288801119e-01 
3.660647172006375460e-01 1.603624460096056970e-01 2.261290775516774931e-01 2.115130020254189780e-02 6.061847950469190227e-01 1.350659888106038597e-01 6.378038841793175484e-01 1.085413215825128674e-01 0.000000000000000000e+00 4.120721389284385042e-03 1.419110913734825119e-01 5.964154541064998760e-01 1.763146886426344984e-01 2.183904001375130410e-01 7.346228753803346612e-01 1.741320302147645049e-01 5.381693279740581426e-01 3.113440509409131501e-02 1.830633441651057236e-01 2.524108412579550986e-01 2.181469065267664306e-02 1.766036484338261991e-01 2.430057496753234292e-01 2.016576626279487638e-01 1.094158251301505236e-01 1.311676556930631843e-01 2.825145608440304823e-02 7.969480420421141964e-02 9.149240097186348009e-02 4.000239513349541642e-01 1.044846659412339840e-01 6.835767652718357512e-01 3.574479930242076553e-01 2.156346042919505268e-01 1.805520737871209591e-01 1.415391131226074184e-01 1.365206188328281500e-01 1.425183513754925968e-01 1.731808423905608074e-01 2.696974915400999762e-01 1.583652291108727239e-01 2.696781435242618929e-01 3.939590498594856549e-01 1.147816987116977439e-01 9.375216822176764275e-02 2.905919008023281069e-01 8.301537822543883505e-02 2.501200656059817673e-01 1.500914107533997677e-01 2.751632050796522511e-01 1.993773007852306656e-01 3.663091610339645754e-02 1.634012548154791800e-01 1.563505720809253707e-01 1.093673894796092921e-01 2.552275475761418555e-01 1.529390361154853994e-01 2.102852572670974585e-01 4.047332159279161401e-02 3.509235750202435028e-02 7.426915136132133943e-02 1.260427735198996202e-01 1.982325604924143891e-01 1.130642700588223443e-01 1.501029941340546736e-01 2.195280242433926832e-01 
1.983809784080790839e-01 6.708819665285729872e-02 2.378148195063884696e-01 5.904820943629904839e-01 2.399489290256051899e-01 2.510605410131720450e-01 1.319950131414588945e-01 5.273428634976390361e-01 4.120721389284385042e-03 0.000000000000000000e+00 2.843317956425289728e-01 1.898817746568166528e-02 5.946428866245360156e-01 1.225418505681951341e-02 1.401992540806494270e-01 4.329441425276435162e-01 1.354775518146774105e-01 1.123016942724448519e-01 1.073356729163478657e-01 6.437824732645222592e-02 5.425537518441035933e-01 4.217411802015822997e-01 4.194055989185344058e-01 3.415973862599329669e-01 7.619017744037109852e-01 1.052163815405463970e-01 2.257562327270509761e-01 2.637866661351276343e-01 5.085089594299738724e-01 2.524978736427812565e-01 2.842915737642410234e-01 3.160211653372800578e-02 3.154554352111504367e-01 2.996232885054235240e-01 3.166226313423165656e-02 2.223398178763845087e-02 2.045421205436129264e-01 3.087833423656329290e-01 9.036493404006210040e-02 3.513845090446199304e-01 1.559655504344816257e-01 2.741384385688806491e-01 2.226979536779253310e-01 1.066254845340220553e-01 1.003088923086372791e-01 9.467090525065531559e-02 3.576157325234909090e-02 3.360382502517061387e-01 2.279417361727925917e-01 3.934878409313550263e-01 1.525455823797638999e-01 2.385872058757753170e-02 1.335844707481765314e-01 2.195087646951704094e-02 8.685296886318311094e-02 2.344304185701669985e-01 3.061475443246480452e-02 3.143935725791919822e-01 1.376145321744134953e-01 6.046256757906409013e-02 1.117884347346819046e-01 8.193890268865956783e-02 3.405167228038393779e-01 1.745600652340740522e-01 3.351850370924265854e-01 3.530719686970940074e-01 
1.286189633931848764e-01 8.947658826464337245e-02 4.613410167694198538e-02 4.771842809063094881e-01 3.874769025903938152e-02 5.658438317975356124e-02 2.306711408226845839e-01 4.483359146300139875e-01 1.419110913734825119e-01 2.843317956425289728e-01 0.000000000000000000e+00 1.563614147733351917e-02 5.391740583898810835e-01 3.840229261179195497e-02 1.811062840875654889e-01 2.048191464130338924e-02 9.892379842920069610e-02 5.622284999047856557e-02 8.126510811277116997e-02 8.389606157970495859e-02 5.601038848604478204e-01 4.362772942121696806e-02 1.176782520545798134e-02 2.514068209048502672e-02 2.930561653692676516e-01 7.588587062580985643e-02 8.807423573848065235e-02 1.013445123913218615e-01 1.883729107120299673e-01 1.422776209493190613e-01 4.582531450310760313e-02 3.538467289817417288e-02 1.256396009584501150e-01 1.824303497530826157e-01 4.897165671291966310e-02 2.187109996661073391e-02 1.243195645088791303e-02 6.459883054951471790e-03 1.559313325016326891e-02 1.701948210662104499e-01 2.191856350850060475e-01 1.480445414589413033e-01 2.840534024129984236e-02 3.576751310032249553e-01 5.390056685791735913e-02 2.342153434198594453e-01 3.634107245679724096e-02 1.647174710137807030e-01 1.060417236061625759e-02 7.099785502240454904e-02 9.913798442387300111e-03 7.811968839711848356e-02 4.291145089228359105e-02 2.056261836519710506e-01 5.406685092673650661e-02 4.061338692270861916e-02 4.988640225138543660e-02 2.667641127888962377e-02 3.614302460680211132e-02 2.285082897369569710e-02 7.093750489451434472e-03 8.585618081771302645e-02 1.126393442905691822e-01 1.118133434114691738e-01 4.248505964239223526e-02 7.930488016083525604e-02 
2.223233021417629351e-01 2.494854191916873465e-01 1.951016653794314382e-01 4.303641945011001113e-02 5.846749614217402469e-01 1.824541385991773346e-01 3.361508598942906656e-01 4.396135619838698050e-02 5.964154541064998760e-01 1.898817746568166528e-02 1.563614147733351917e-02 0.000000000000000000e+00 5.814210095511036097e-02 6.154476608831929152e-01 3.514484359037662875e-01 8.907485628518993503e-02 2.920855676642001852e-01 3.672211786622633922e-02 3.800189904221860648e-01 3.647235905646786236e-01 6.201247161963091559e-02 7.942506357428580008e-03 1.774309663665111780e-01 6.013762020847753659e-02 7.496074610905895108e-02 3.287558249565538659e-01 6.836836941598148365e-02 6.451878203177546789e-02 1.464405562403004943e-02 2.455889731788748198e-01 1.127735050378344817e-01 5.781198919463778063e-01 2.199545111389591967e-01 1.645512525653384517e-01 3.327612916814920996e-01 3.196415276436925246e-01 6.881442030803823495e-02 4.099744397229366372e-02 2.091162107894426192e-01 1.445396475133568781e-01 8.553888950813560987e-02 1.469686764470069795e-01 3.575529342400304289e-01 3.984283996041259462e-02 7.514236382033767647e-02 2.104656180547611333e-01 3.419590016594887261e-01 1.470704314615107478e-01 1.438841462984297714e-01 2.138238776477075775e-01 3.113961099433187329e-01 6.317756221267110950e-02 1.445952891476980917e-01 7.146211007509206681e-02 1.539573727686253668e-01 2.590239907786177631e-01 2.048953302384260711e-01 1.511006126552309758e-01 1.670319649662329320e-01 8.066963381113846643e-02 5.275869849206150930e-02 7.302726985294469286e-02 1.918232982261081632e-01 1.058827127239830301e-01 8.276308969675734428e-02 2.431801953383111448e-01 
1.196930554212990161e-01 8.877806952299892307e-02 7.978239275584261825e-03 5.910311128372223166e-01 4.707261857489935392e-02 6.227229767031097069e-02 3.643027096634117168e-01 4.028623672396674515e-01 1.763146886426344984e-01 5.946428866245360156e-01 5.391740583898810835e-01 5.814210095511036097e-02 0.000000000000000000e+00 3.349844747067789834e-03 2.403965193998817140e-01 1.559872640020690780e-02 3.073651295190458765e-01 2.383136277611311998e-02 7.215931139191586463e-02 7.975133449526358720e-02 6.929326203856193134e-01 4.512083575009021713e-02 1.920361130906193120e-02 2.083741675853532926e-02 3.678116679946685230e-01 9.304792420684132592e-02 1.121571149332530881e-01 8.168862921933198185e-02 1.791296633728581833e-01 2.007255055528924803e-01 1.513022368836103027e-01 1.473440978676305024e-01 2.661345025689037525e-01 2.684623753181553107e-01 1.190926358645883060e-01 2.618295163158079752e-02 9.405779082034472494e-02 9.866128603732524094e-02 7.386003871015911493e-02 2.251150772051361826e-01 2.485195742527661067e-01 2.334109136676726093e-01 4.156181741757394160e-02 2.121503801044998805e-01 4.934471084052658579e-02 1.211090287431468848e-01 7.268654681934124881e-03 2.913987570564327001e-01 7.576739622468167679e-02 1.821959053978763898e-01 1.775287168365215773e-01 3.541778217416759189e-02 1.175885000739180092e-01 8.615581219954172865e-02 1.399090124784049816e-01 1.209838501859021587e-01 1.354340962962030936e-01 4.114518665483365978e-02 9.840792440745176062e-02 1.335962269938472009e-02 3.706682048461792944e-02 1.259905603855571987e-01 2.674066628627746467e-01 1.745496884578200958e-01 1.692128742851698453e-01 2.885987195369272285e-01 
3.201100154888473354e-02 1.328277938872168273e-01 1.215371708372231241e-01 1.115806148581683505e-02 2.409459418114606455e-01 3.317490620384663802e-01 1.023579317050226783e-01 7.981649863134411549e-03 2.183904001375130410e-01 1.225418505681951341e-02 3.840229261179195497e-02 6.154476608831929152e-01 3.349844747067789834e-03 0.000000000000000000e+00 3.153909470632067225e-02 5.015379217089607072e-02 4.412004973922104174e-03 1.866462639981034399e-01 3.585518376865718393e-01 3.851705275383408844e-02 3.598131825785469418e-02 1.367673199193972511e-01 7.034001159221993892e-03 3.134713425513997731e-02 2.328829448987544334e-02 4.760469907635063169e-01 1.148035242033828146e-01 1.329113126188056770e-01 9.276410491501896338e-02 5.141442847638570679e-02 7.503837151533461480e-02 1.166817059911511717e-01 5.951563007178722886e-02 5.831511072203546253e-02 1.975948519932861358e-01 2.976525220755329437e-01 5.322277309823623265e-02 5.944289325745976543e-02 2.616766811480147892e-01 2.200871025584556426e-02 2.465930551031661477e-02 2.088919138318818744e-02 9.593397794842188631e-02 9.245460188078530317e-02 3.610793837670640549e-01 3.190209709741885502e-02 6.494215856210115989e-01 3.340429777390209465e-02 7.215162533246824092e-03 1.090780430113487687e-01 3.456636116556358052e-01 2.072131629006661035e-01 1.178114343969543648e-01 3.862155646538949216e-02 4.924203244418955128e-02 6.429967662633341574e-02 8.229558907332096274e-02 8.927521915492472523e-03 3.930912762706377239e-01 1.985246564011562687e-01 1.649676472822907691e-01 4.528168459707036797e-02 1.251029438021891149e-01 3.030957187409073425e-02 3.959571565023004697e-02 1.681153790109515267e-01 
6.255736828206075462e-01 1.168956610087853176e-01 8.042139452037334879e-02 3.560873884433622683e-02 3.538345379263778123e-01 8.902775658801848069e-02 6.119952517529781977e-01 2.402683379181929091e-01 7.346228753803346612e-01 1.401992540806494270e-01 1.811062840875654889e-01 3.514484359037662875e-01 2.403965193998817140e-01 3.153909470632067225e-02 0.000000000000000000e+00 1.235770941911923937e-01 6.176119497235448286e-01 1.596185186664967059e-01 7.567984086558877943e-02 1.851497832587868653e-01 3.948056065582931928e-02 7.370281796331600022e-02 1.571826668149710060e-01 8.282330496670078923e-02 3.269771164657362533e-02 7.763301916400046354e-02 2.698293353996459101e-02 1.261989177884148029e-02 8.842236488683312412e-02 7.079231278256988835e-01 2.943439203240164059e-01 6.595545131977983422e-01 6.672719339828072638e-01 2.760729392084416145e-01 1.632603815196116137e-01 6.401005023880816658e-02 1.241520697047243937e-01 1.943521926798667254e-01 5.312306983009094929e-02 3.259693542586056814e-01 2.046852329528924541e-01 2.952462863083942790e-01 3.546949356955018118e-01 1.471328434078819081e-01 1.922637942735451189e-01 2.946252309912636980e-01 1.012237562898610083e-01 2.971180268754055054e-01 1.392130287107844200e-01 3.417223924942864866e-01 1.630597446398633632e-01 2.020551036891819405e-02 1.028790246880280923e-01 1.472522025132990409e-01 1.631478060738846547e-01 2.177290589126187059e-01 1.738023612758830549e-01 1.866893087075311708e-01 1.534255063110247508e-01 1.059027476293169547e-02 8.319707993925846978e-02 1.649916752798334663e-01 2.576053846313899331e-01 1.842481156447843549e-01 2.068388290535673468e-01 2.755117586345180447e-01 
1.549044543902980062e-02 2.199548218428866719e-01 3.327059707975183467e-01 1.598434874686294471e-01 2.222310822305129940e-01 1.777964839934452479e-01 1.057442212467688269e-01 1.814411892192654141e-01 1.741320302147645049e-01 4.329441425276435162e-01 2.048191464130338924e-02 8.907485628518993503e-02 1.559872640020690780e-02 5.015379217089607072e-02 1.235770941911923937e-01 0.000000000000000000e+00 1.123696735832769300e-01 9.532948273898002312e-02 1.592609939012918502e-02 1.072605375824333199e-02 8.368742533942631623e-02 6.161783045935839143e-01 8.174892734316006049e-01 6.149137071163738311e-01 5.281731378108436292e-01 3.778493469066360883e-02 1.977973092948371037e-01 3.187651154283965838e-01 5.024045706788142773e-01 3.883411405883006179e-02 2.121909844065059114e-02 2.169531683184281745e-01 2.558323938855737792e-02 2.495147344217093499e-01 1.399138285682460514e-01 1.640152470943091745e-02 6.303342720819711531e-02 2.441333568558183564e-01 1.520833608511782675e-01 2.435853545578748613e-01 1.585791932865032450e-01 1.700770861510984833e-01 1.936843230642266156e-01 5.659734183375576821e-02 3.336120856445706079e-02 1.226068406460059934e-01 1.868600757284743369e-02 2.261375192446506699e-01 5.283078522423081402e-01 2.628102898015063915e-01 1.392684976241521239e-02 8.584144801377131470e-03 2.547613914529755705e-02 2.301185767630975834e-02 9.155533709948307508e-02 5.263622782210795048e-01 6.758107648788222455e-02 2.484729165717929067e-01 6.999608604194323090e-03 1.225260871785533237e-02 1.588132579951348766e-01 4.813124925897013101e-02 2.768575412056893392e-01 2.271733700958813440e-01 2.578219476991733261e-01 2.543594854540701111e-01 
4.609325657878339255e-01 8.972789234719768039e-03 6.004039987334332251e-02 1.680240871969469404e-02 5.017690315836014214e-01 1.495942116903534874e-02 7.930057468347745386e-01 1.357501124196866804e-01 5.381693279740581426e-01 1.354775518146774105e-01 9.892379842920069610e-02 2.920855676642001852e-01 3.073651295190458765e-01 4.412004973922104174e-03 6.176119497235448286e-01 1.123696735832769300e-01 0.000000000000000000e+00 2.090650722625618518e-01 6.964413019362895862e-02 1.592118985037357937e-01 1.020045158175166521e-02 5.423845276763517020e-02 1.529008827485939248e-01 2.436591138305521306e-02 9.637436680430065683e-02 2.746323592423171450e-02 9.711273463085430546e-02 9.301999466823768214e-02 1.265522285865718077e-01 5.075431250685941142e-01 1.875914301968306941e-01 5.968120408396091481e-01 5.120921003564742335e-01 3.912792004235223775e-01 1.073054770288858345e-01 6.699657904561852340e-02 1.384529747846530712e-01 2.059822152511877891e-01 1.602818087456074347e-01 3.942697985853030884e-01 2.717981723637261648e-01 3.998153559058742479e-01 4.819839553283278843e-01 1.207409541413753118e-01 2.382692495688907008e-01 3.242985457381002412e-01 1.120402385213083996e-01 4.334847037607555409e-01 1.715301543316372357e-01 3.942829348530032529e-01 2.701023052208056940e-01 1.887008592623776182e-02 1.666699181445689681e-01 1.589875947847675108e-01 2.152014538583414960e-01 2.630545534779241135e-01 2.250737941114105412e-01 2.735062024423312588e-01 9.097002637713921813e-02 2.289065424596866197e-02 1.402476646868129617e-01 2.188995070988632996e-01 4.065207840422742080e-01 2.601365014995128400e-01 3.059169238340598840e-01 4.475090102958131921e-01 
1.836816475952662564e-01 1.003300943853924765e-01 4.394215562708099210e-01 4.130922202652911185e-02 3.208868714147618956e-02 2.309968898017396577e-01 1.880334740783737996e-02 2.143126241955640651e-02 3.113440509409131501e-02 1.123016942724448519e-01 5.622284999047856557e-02 3.672211786622633922e-02 2.383136277611311998e-02 1.866462639981034399e-01 1.596185186664967059e-01 9.532948273898002312e-02 2.090650722625618518e-01 0.000000000000000000e+00 2.725297535494851028e-02 5.773043374541996231e-01 4.300811315889595948e-02 1.725500045178136876e-01 1.189298854166126324e-01 3.407455405642439983e-01 2.656867614212666748e-02 2.702977525588834071e-02 2.216029563227931154e-01 3.198248129413094193e-02 4.428277169364375210e-02 2.654574808471883984e-01 5.403478264100664702e-02 1.184367126845013996e-01 3.408853030271914442e-01 1.622368944411031466e-01 1.149375063387065160e-01 1.434637905059356899e-01 6.902314533276592001e-02 2.359897339210316192e-01 1.805391849549073391e-01 2.585198660103267820e-01 8.041395395443860783e-02 1.936363096843596587e-01 1.610606241090738189e-01 3.675619019988869002e-02 3.239087873263298833e-01 1.776947699489889454e-01 3.103937505203253067e-01 1.902312475886211718e-01 2.688148376131576853e-02 2.584974504610156876e-01 1.681746583525118299e-01 1.053028928550737986e-01 1.596717301794249033e-01 8.972881926529915897e-02 9.903547449416548465e-02 1.511296725912642490e-02 9.491831445363765885e-02 2.964295187432267054e-02 2.605870185961128849e-01 1.029891259738785619e-01 6.664131991572934399e-02 2.771278362927364486e-02 1.832130339452674173e-01 9.937296367048077672e-02 2.223361355459377298e-01 2.067255262987259534e-01 
1.925985073338821463e-01 1.575999092070277940e-01 1.383624789683212397e-01 8.401225735136443051e-02 1.903674720928590913e-01 2.547080999194792916e-01 2.892090752575733614e-02 1.522764406664149917e-01 1.830633441651057236e-01 1.073356729163478657e-01 8.126510811277116997e-02 3.800189904221860648e-01 7.215931139191586463e-02 3.585518376865718393e-01 7.567984086558877943e-02 1.592609939012918502e-02 6.964413019362895862e-02 2.725297535494851028e-02 0.000000000000000000e+00 4.826589572215891355e-01 7.973495039691862185e-02 2.767879277381870770e-02 2.722187509758865892e-02 9.702552156226260799e-03 7.795094743883569655e-02 2.515935532054142110e-01 4.950561170994224880e-02 9.543497021173914796e-02 7.895343615907136903e-03 2.643869652880858068e-01 2.024502200314120259e-01 5.612560851986012067e-02 2.582358042092778860e-01 1.313966089115217728e-01 1.976822400071322205e-01 2.341981250495788203e-01 4.909651355390749067e-02 6.842579859328326575e-02 1.491362284025651852e-01 6.049178913061304536e-02 1.047282231622158888e-01 5.194456993201005540e-02 3.063661875788544625e-02 6.471390798732046257e-02 1.091430402878834117e-02 6.682967174217194217e-03 1.471895643178083024e-01 8.149967336255578565e-02 5.442331090791348303e-02 7.093386481967359214e-02 1.546962233274633558e-01 1.528336969491989050e-01 1.957145083161525023e-01 3.101544350112258805e-02 5.758776532100834400e-02 1.663077413924080386e-02 1.924952519990820107e-02 1.959751076154718843e-02 7.596250771965007420e-02 1.882325933774622040e-01 1.500866256336680915e-01 7.896194412931319129e-02 9.842905650257316452e-02 1.182984215041702758e-01 8.809925581211956735e-02 6.328008305407047118e-02 
3.564246955393680222e-02 5.195397407502738013e-02 6.854291771390341736e-02 1.074589534836060262e-01 3.223844674709045455e-01 1.907168250126627454e-02 4.089088054913328496e-02 9.965387035066594623e-02 2.524108412579550986e-01 6.437824732645222592e-02 8.389606157970495859e-02 3.647235905646786236e-01 7.975133449526358720e-02 3.851705275383408844e-02 1.851497832587868653e-01 1.072605375824333199e-02 1.592118985037357937e-01 5.773043374541996231e-01 4.826589572215891355e-01 0.000000000000000000e+00 9.969148567068054911e-02 3.915972568080292211e-03 1.670068222638510305e-02 1.038416927623982411e-01 8.506362209977624822e-02 2.032185178034682516e-01 2.231221264582368136e-01 1.487659345758191032e-02 5.477025328811740978e-02 1.000265681312685895e-01 1.163884184850058345e-01 2.763623768550655946e-01 1.158358242070704619e-01 7.515748286523006583e-02 1.840157231940558469e-01 2.074935012592682981e-01 9.486676925343408284e-02 2.175323588899123750e-01 2.214744161838047912e-02 1.937623943766748069e-01 1.654068702366602583e-02 1.514838661427913846e-01 2.041342818870332532e-01 1.915652490178914452e-02 2.358139030883503739e-01 1.712714294625169720e-01 1.369331836640857170e-01 1.291591055080121841e-01 2.080864401217417253e-02 1.818794610972498671e-01 2.148947264563739468e-01 1.657301469252218662e-01 2.421089262744193504e-01 1.007311902855737573e-01 1.806141921180387522e-02 6.378311118558620263e-02 5.012276395106178561e-02 5.961005556434557234e-02 8.703119656856105057e-02 1.505543311562163866e-01 6.859624561912200380e-02 2.312516958956485624e-02 9.767589719915967250e-02 1.953489949203198774e-03 1.334940762114094071e-01 1.248285504922016231e-01 
2.534742042924067670e-02 7.659621720297746239e-02 4.377163478452212632e-03 9.027787036853106573e-01 1.594342809893733171e-01 8.562776246683631576e-02 5.626972176799434344e-02 3.890814701687440591e-01 2.181469065267664306e-02 5.425537518441035933e-01 5.601038848604478204e-01 6.201247161963091559e-02 6.929326203856193134e-01 3.598131825785469418e-02 3.948056065582931928e-02 8.368742533942631623e-02 1.020045158175166521e-02 4.300811315889595948e-02 7.973495039691862185e-02 9.969148567068054911e-02 0.000000000000000000e+00 4.859364185520574642e-02 5.369676508607822141e-02 2.375972227013709026e-02 5.316718362078164395e-01 8.691232445069156654e-02 8.983307583491234594e-02 1.216358253369262260e-01 3.116910196510964681e-01 5.057100664451735089e-02 5.740387016947291754e-02 4.304526541951635144e-02 8.429525082883258802e-02 1.535372031975701101e-01 6.055781442725961805e-02 2.217537449480420572e-02 3.527177003399046273e-01 5.298490511089744975e-02 4.514919128844374629e-02 1.450382780955371820e-01 1.706911114648626826e-01 1.320301597691811990e-01 1.950852417161304808e-01 2.000684711154620543e-01 3.824375534387912390e-02 7.650580804522529033e-03 1.851234706679748265e-02 1.577415164167139672e-01 1.563486977961523611e-02 8.435642220898446897e-02 3.420995305284853238e-02 3.499844139444489161e-02 2.369985695296214154e-02 1.224006894105086757e-01 3.749592226890768182e-02 1.052314544140730765e-02 2.776438444152113522e-02 1.595486272428502661e-01 5.946071024769505886e-02 1.350489521140663032e-03 3.110547177426484927e-02 3.305202128563772268e-02 1.145256911457700338e-01 8.252706950186150525e-02 7.118718149936355266e-02 9.499493629948536910e-02 
2.112763520997152367e-01 1.090361795727721045e-01 3.372261443487448163e-01 1.243959701824281505e-01 2.146976358229429616e-01 1.940874189998190447e-01 8.024137311944370965e-02 2.440413415184989054e-01 1.766036484338261991e-01 4.217411802015822997e-01 4.362772942121696806e-02 7.942506357428580008e-03 4.512083575009021713e-02 1.367673199193972511e-01 7.370281796331600022e-02 6.161783045935839143e-01 5.423845276763517020e-02 1.725500045178136876e-01 2.767879277381870770e-02 3.915972568080292211e-03 4.859364185520574642e-02 0.000000000000000000e+00 5.392058251877125397e-01 7.774265016078443225e-01 4.029322624415093146e-01 5.750896211586328105e-02 3.014707865159408362e-01 3.508944454416745851e-01 4.154196828049602774e-01 1.182834494356805738e-01 3.352476076509574576e-01 1.737466298887948291e-01 1.706059703917426340e-01 2.402696615100477495e-01 1.082290299325473076e-02 1.009888196072453032e-01 5.468771976932187973e-02 1.182285812372841499e-01 1.172326214277605305e-01 1.836412645471337257e-01 1.661767978806399371e-01 1.345455000211951413e-01 9.032749548600166670e-03 1.045749931210190366e-02 2.336964616562292943e-02 1.271573859766394199e-01 9.363900853393671009e-02 1.885780013611836337e-01 1.267764084798483348e-01 2.289577355537430747e-01 4.401104799855771327e-02 4.926961646521950400e-02 4.752962256996108581e-02 1.949034860655603218e-02 3.209332421803962609e-01 1.519369715057109493e-01 2.293535479118145870e-01 8.547452400552547902e-02 1.820768183421491229e-02 7.656418579705510929e-02 6.620609167984796428e-02 7.583324175504539688e-02 2.582021397169734223e-01 2.592491573901558044e-01 2.038272980266205570e-01 2.710757356776574145e-01 
1.683264667888911825e-02 4.277433478373832143e-01 4.091877637550962454e-01 1.009405801823156645e-01 3.365938494694281635e-01 2.062073708917747938e-01 1.435466688167963134e-01 1.362676510921903283e-01 2.430057496753234292e-01 4.194055989185344058e-01 1.176782520545798134e-02 1.774309663665111780e-01 1.920361130906193120e-02 7.034001159221993892e-03 1.571826668149710060e-01 8.174892734316006049e-01 1.529008827485939248e-01 1.189298854166126324e-01 2.722187509758865892e-02 1.670068222638510305e-02 5.369676508607822141e-02 5.392058251877125397e-01 0.000000000000000000e+00 6.094230955866988264e-01 4.312040735953238668e-01 5.471575608399944363e-02 1.141136816873632165e-01 2.222354964300697344e-01 3.411582524592409738e-01 4.636141280461368586e-02 3.975746232971077293e-02 3.159556151130932800e-01 2.752429175441126544e-02 1.964860594274291106e-01 3.284008284373265418e-01 8.280811306527202653e-02 8.793953319848403158e-03 3.324415272594073434e-01 1.943479439619468785e-01 3.011095612206200478e-01 7.879663380723908594e-02 2.047067991069714821e-01 2.356991235788845063e-01 7.673143441970414758e-02 1.033124751166157318e-01 1.352103488857849256e-01 7.692491880391323644e-02 2.298884511034824940e-01 5.519410596439713323e-01 2.944659151735791180e-01 1.415648663807817648e-02 8.295873631953491756e-02 5.960031330348580791e-02 4.474430538777235400e-02 1.797765079185185619e-02 6.688465717564973101e-01 1.509636278310335367e-01 2.558824122983549554e-01 1.274529984231329363e-02 2.203006844664423536e-02 1.364069398610602557e-01 9.527900333473116046e-02 2.434301364783667820e-01 1.244874560713662842e-01 3.303740986682501823e-01 2.181528875831239833e-01 
1.086391938316304262e-01 2.670804305093212871e-01 5.796197013198922665e-01 5.980245589194857492e-02 2.104738624808001890e-01 1.570294736698220894e-01 8.247735657825802646e-02 1.119288199276422813e-01 2.016576626279487638e-01 3.415973862599329669e-01 2.514068209048502672e-02 6.013762020847753659e-02 2.083741675853532926e-02 3.134713425513997731e-02 8.282330496670078923e-02 6.149137071163738311e-01 2.436591138305521306e-02 3.407455405642439983e-01 9.702552156226260799e-03 1.038416927623982411e-01 2.375972227013709026e-02 7.774265016078443225e-01 6.094230955866988264e-01 0.000000000000000000e+00 2.952996954767021509e-01 9.841098457205509076e-02 9.643253732843790060e-02 2.139167941356058811e-01 2.617212652105890269e-01 5.965552181722966196e-02 1.535540613298113644e-01 1.811366374668069990e-01 1.352173091430899088e-01 2.090996752587507002e-01 7.256528538710339815e-02 2.032569259737475043e-01 3.607824173927760142e-02 1.714341137814560656e-01 1.458600788916264990e-01 2.030758899030165321e-01 1.345654124345146418e-01 1.493497923936094041e-01 3.259785544688541953e-02 4.333754379505427856e-02 8.876142303234677011e-02 1.402439486047199202e-01 5.161275100968548690e-02 1.891836463049103023e-01 1.202309936004292978e-01 2.163797635719987289e-01 8.929573427406865826e-02 4.595176500873063286e-02 3.170476528524784204e-02 6.425939795961521650e-02 3.402917828554132829e-01 1.621214358369546804e-01 2.832099983324888326e-01 2.476419521681187674e-02 2.545112892698020088e-02 4.391208385864329294e-02 3.540164181924574521e-02 9.629351158589027904e-02 2.358440364104115172e-01 2.196318203398779090e-01 2.152898734732237584e-01 2.608581495872132616e-01 
