1.000000 0.121725 0.038008 0.120854 0.092299 0.187564 0.335403 0.269595 0.213160 0.163079 0.069444 0.113758 0.100746 0.080204 0.380740 0.138322 0.298519 0.159932 0.048027 0.017076 0.116505 0.264418 0.170221 0.157391 0.078205 0.034971 0.114820 0.124226 0.060175 0.704277 0.621853 0.135655 0.611802 0.118214 0.111619 0.003143 0.128173 0.162382 0.027483 0.126687 0.106808 0.091912 0.180764 0.070800 0.076641 0.189767 0.081189 0.105855 0.120638 0.137729 0.097292 0.053566 0.124590 0.138262 0.023141 0.123269 0.050103 0.148119 0.099442 0.033157 0.047764 0.113166 0.156341 0.109137 0.123614 0.158179 
0.121725 1.000000 0.412131 0.103770 0.087439 0.040944 0.119917 0.091017 0.184223 0.076909 0.120725 0.145587 0.034561 0.085355 0.109040 0.132193 0.065554 0.006567 0.132853 -0.030341 0.095601 0.063751 0.344388 0.240461 0.056348 0.252605 0.291315 0.234700 0.053360 0.071462 0.043458 0.180886 0.007485 0.100612 0.663022 0.082182 0.084597 0.220698 0.022972 0.098844 0.148046 0.093057 0.099572 0.047981 0.132779 0.065045 0.108822 0.115973 0.174742 0.093401 0.003242 0.096642 0.064656 0.070963 0.027720 0.240473 0.074414 0.159718 0.105694 0.087554 0.164295 0.120408 0.109549 0.062129 0.214424 0.078389 
0.038008 0.412131 1.000000 0.064745 0.145375 0.146970 0.079519 0.034044 0.202907 0.141369 0.013286 0.219109 0.036294 0.189906 0.032057 0.142577 0.021188 0.265634 0.111580 0.004556 0.067403 0.238897 0.267883 0.501896 0.137422 0.113750 0.295963 0.126118 0.128761 0.035050 0.067936 0.127101 0.000736 0.101921 0.092510 0.114144 0.009373 0.132661 0.194426 0.158418 0.096573 0.122980 0.050055 0.087613 0.138095 0.088301 0.219479 0.133588 0.097271 0.124480 0.034814 0.088621 0.043793 0.059250 0.102811 0.098249 0.123902 0.080349 0.091239 -0.025236 0.128946 0.078197 0.085135 -0.001868 0.144311 0.084894 
0.120854 0.103770 0.064745 1.000000 -0.031160 0.152293 0.190167 0.348031 0.032820 0.534435 0.462417 -0.004079 0.586979 0.031449 0.041053 0.058670 0.143590 0.025031 0.054060 -0.027409 0.933049 0.034585 0.070502 -0.015045 0.548419 0.111356 0.135532 0.154481 0.228705 0.079893 0.071719 -0.036327 0.099321 0.137095 0.068036 0.020198 0.530200 0.083500 0.067722 0.185391 0.231715 0.096959 0.157100 0.151473 0.095658 0.142679 0.091962 0.026319 0.035549 0.146531 0.013189 0.109940 0.100663 0.355868 -0.025476 0.045394 -0.025233 0.265912 0.161725 0.026600 0.078133 0.151357 0.069831 0.139832 0.003489 0.089498 
0.092299 0.087439 0.145375 -0.031160 1.000000 0.207584 0.178342 0.036105 0.594051 0.118645 0.023167 0.530994 -0.009363 0.175547 0.256835 0.014277 0.255229 0.070012 0.166772 0.200099 0.001604 0.085404 0.112538 0.124997 0.076518 0.160141 0.123485 0.090151 0.000236 0.133530 0.053099 0.607175 0.069920 0.113991 0.132161 0.145586 0.013746 0.005363 0.132605 0.146977 0.151291 0.161737 0.309848 0.129963 0.116035 0.165352 0.110160 0.112633 0.100063 0.036342 0.120534 0.137584 0.118029 0.074497 0.191974 0.188515 0.213305 0.146830 0.075756 -0.037911 0.058549 0.149837 0.065204 0.029021 0.023028 0.066512 
0.187564 0.040944 0.146970 0.152293 0.207584 1.000000 0.072101 0.114820 0.151524 0.223064 0.090020 0.233403 0.023662 0.393974 0.015097 0.163707 0.061321 0.355154 0.362819 0.031898 0.141252 0.182717 0.202873 0.138921 0.221059 0.574717 0.232098 0.383858 0.092446 0.204018 0.133634 0.038193 0.232505 0.108522 0.031233 0.088952 0.067454 0.043257 0.528349 0.068907 0.134919 0.007074 0.202905 0.077180 0.231684 0.140979 0.291670 -0.035825 0.165795 0.040416 0.018403 0.192502 0.048043 0.078910 0.105843 0.205928 0.143928 0.170411 0.561166 0.032070 0.205337 0.117154 0.078138 0.133229 -0.016032 0.098169 
0.335403 0.119917 0.079519 0.190167 0.178342 0.072101 1.000000 0.105414 0.357033 0.160136 0.101423 0.097721 0.308479 0.066346 0.397094 0.058036 0.726615 0.088907 0.005377 -0.028534 0.199039 0.087825 0.096907 0.133038 0.107083 0.023328 0.092438 0.134368 0.046722 0.228402 0.079500 0.350261 0.203731 0.155357 0.122121 0.058416 0.200067 0.123675 0.104059 0.252413 0.158198 0.221315 0.264618 0.075354 0.023121 0.223277 0.074344 0.172514 0.094488 0.209136 0.092862 0.068539 0.103366 0.137893 0.129083 0.121993 0.120055 0.200744 0.106239 0.045736 0.052907 0.202220 0.083851 0.120651 0.065491 0.088972 
0.269595 0.091017 0.034044 0.348031 0.036105 0.114820 0.105414 1.000000 0.111543 0.362768 0.226342 0.089543 0.233114 0.063304 0.089579 0.080934 0.059840 0.008958 0.056305 0.022153 0.277818 0.100535 0.092462 0.050664 0.365666 0.068653 0.107320 0.099414 0.352064 0.261729 0.348099 0.032484 0.207542 0.103455 0.050061 -0.026261 0.173920 0.089016 0.031240 0.100537 0.190841 0.048194 0.132866 0.115460 0.050586 0.108484 0.040299 0.002871 0.091514 0.096910 0.037694 0.031205 0.047550 0.188617 0.090038 0.094611 0.093114 0.140483 0.100611 0.010989 0.007580 0.126569 0.105326 0.151009 -0.021551 0.108815 
0.213160 0.184223 0.202907 0.032820 0.594051 0.151524 0.357033 0.111543 1.000000 0.069334 0.028144 0.595756 0.100418 0.202122 0.663876 0.074732 0.297682 0.107147 0.185425 0.179232 0.052111 0.091277 0.145561 0.114903 0.074261 0.062872 0.110737 0.117964 0.033376 0.277609 0.051110 0.621862 0.188759 0.151237 0.152593 0.057931 0.043956 0.025472 0.042729 0.179968 0.201166 0.187043 0.247841 0.095390 0.096730 0.161038 0.099673 0.116043 0.143373 0.106757 0.067452 0.082788 0.123137 0.078921 0.115318 0.197349 0.148174 0.172414 0.051645 -0.025586 0.019331 0.190228 0.040563 0.069319 -0.018277 0.031239 
0.163079 0.076909 0.141369 0.534435 0.118645 0.223064 0.160136 0.362768 0.069334 1.000000 0.115540 0.048781 0.479120 0.084908 0.025546 0.345771 0.076409 0.086891 0.045970 0.024243 0.469320 0.411206 0.351298 0.288419 0.767533 0.122997 0.164352 0.200262 0.391264 0.098764 0.274168 -0.013163 0.163803 0.288029 0.015077 -0.056095 0.246513 0.273234 0.126559 0.262004 0.210605 0.153485 0.225618 0.144619 0.107510 0.163129 0.123010 0.231876 0.179879 0.344772 0.060007 0.098043 0.070040 0.219972 0.081200 0.203067 0.048235 0.356111 0.189256 -0.061824 0.059926 0.216289 0.311432 0.153228 0.176915 0.325006 
0.069444 0.120725 0.013286 0.462417 0.023167 0.090020 0.101423 0.226342 0.028144 0.115540 1.000000 0.081401 0.445462 0.122326 -0.005960 -0.074747 0.038249 0.061357 0.143719 -0.006508 0.523852 -0.096021 -0.024186 -0.097594 0.141615 0.124420 0.141452 0.050639 0.031606 0.017382 -0.003092 -0.028432 -0.002821 0.147495 0.113681 0.087697 0.283200 0.028906 0.035963 0.108218 0.233431 -0.002672 0.105631 0.285882 0.142507 0.176839 0.149982 -0.009015 0.004607 0.003324 -0.029178 0.111709 0.025206 0.221111 0.036123 0.019237 0.010832 0.125464 0.122796 0.065223 0.066736 0.124485 0.091441 0.113329 -0.049462 0.111507 
0.113758 0.145587 0.219109 -0.004079 0.530994 0.233403 0.097721 0.089543 0.595756 0.048781 0.081401 1.000000 0.040389 0.602725 0.223755 0.016756 0.088238 0.155769 0.416172 0.304025 0.010209 0.054578 0.075889 0.078571 0.056830 0.258978 0.122481 0.109619 0.029495 0.159214 0.098378 0.500492 0.126817 0.166664 0.164445 0.155967 0.001211 -0.005976 0.217026 0.124165 0.119417 0.092146 0.200074 0.135843 0.152151 0.180035 0.280588 0.069777 0.129830 0.059660 0.196262 0.151668 0.147735 0.057056 0.217223 0.164746 0.214697 0.129645 0.150432 0.005096 0.101030 0.197378 0.105334 0.084588 -0.003663 0.119025 
0.100746 0.034561 0.036294 0.586979 -0.009363 0.023662 0.308479 0.233114 0.100418 0.479120 0.445462 0.040389 1.000000 0.054585 0.138831 -0.023447 0.203197 0.063655 0.005878 0.001760 0.654180 -0.000342 -0.000609 0.005932 0.251132 0.056249 0.044120 0.038183 0.066069 0.089248 0.058926 0.009580 0.147051 0.165140 0.049145 -0.013779 0.299856 0.038025 0.001936 0.176578 0.173894 0.129438 0.053890 0.131742 0.044358 0.131105 0.075491 0.115067 -0.007301 0.128942 -0.000589 0.000278 0.012257 0.243860 0.047924 0.013151 0.009907 0.131472 0.085441 -0.053010 -0.000623 0.159621 0.093283 0.080372 0.008860 0.108058 
0.080204 0.085355 0.189906 0.031449 0.175547 0.393974 0.066346 0.063304 0.202122 0.084908 0.122326 0.602725 0.054585 1.000000 0.047487 0.072069 0.027095 0.266256 0.373862 0.111926 0.043438 0.131788 0.087900 0.106008 0.074402 0.412940 0.130011 0.133103 0.073416 0.124963 0.090052 0.138392 0.134368 0.126803 0.112634 0.177267 -0.006072 0.069172 0.354389 0.108973 0.079807 0.043245 0.077115 0.151659 0.413084 0.135049 0.671999 0.005279 0.127057 0.087278 0.169448 0.262834 0.087130 0.065599 0.141458 0.118096 0.121033 0.090533 0.369595 0.089533 0.130797 0.166059 0.078916 0.101744 0.039461 0.089292 
0.380740 0.109040 0.032057 0.041053 0.256835 0.015097 0.397094 0.089579 0.663876 0.025546 -0.005960 0.223755 0.138831 0.047487 1.000000 0.101554 0.447180 0.059238 -0.004011 0.146253 0.054211 0.009210 0.110139 0.001562 0.037208 -0.056175 0.012605 0.021415 0.062663 0.577327 0.047532 0.624695 0.476387 0.110946 0.107029 -0.028766 0.064924 0.067267 0.033822 0.125096 0.134601 0.116092 0.208808 0.048607 0.099840 0.100412 0.094078 0.071170 0.103561 0.120057 0.095474 0.008352 0.110947 0.054012 0.032849 0.161233 0.054953 0.126203 0.047044 -0.000135 -0.018482 0.132677 0.025489 0.102862 -0.020008 0.020364 
0.138322 0.132193 0.142577 0.058670 0.014277 0.163707 0.058036 0.080934 0.074732 0.345771 -0.074747 0.016756 -0.023447 0.072069 0.101554 1.000000 0.090545 0.091011 0.026628 0.054217 0.025760 0.478195 0.852521 0.441980 0.421539 0.139384 0.158177 0.239473 0.365641 0.085905 0.148255 0.067437 0.099681 0.267535 0.077889 0.021073 0.099877 0.135049 0.137008 0.126536 0.191497 0.088929 0.159704 0.116460 0.002576 0.121893 0.067182 0.185896 0.546316 0.172094 0.105301 0.078394 0.080781 0.127232 0.100222 0.573609 0.127838 0.253342 0.100603 0.067866 0.158448 0.162979 0.260788 0.232731 0.101783 0.262129 
0.298519 0.065554 0.021188 0.143590 0.255229 0.061321 0.726615 0.059840 0.297682 0.076409 0.038249 0.088238 0.203197 0.027095 0.447180 0.090545 1.000000 0.081187 0.052940 -0.001139 0.136934 0.028901 0.101589 0.041162 0.091133 -0.009173 0.008423 0.091567 0.073747 0.381102 0.070012 0.432202 0.399727 0.186961 0.148565 0.018352 0.215107 0.109945 0.123572 0.213478 0.161652 0.211491 0.360486 0.049741 0.044244 0.190424 0.040201 0.181230 0.121147 0.205442 0.158712 0.081831 0.140705 0.133144 0.151090 0.203386 0.155993 0.205033 0.103030 0.033292 0.047069 0.171575 0.137666 0.138914 0.095187 0.172403 
0.159932 0.006567 0.265634 0.025031 0.070012 0.355154 0.088907 0.008958 0.107147 0.086891 0.061357 0.155769 0.063655 0.266256 0.059238 0.091011 0.081187 1.000000 0.241319 0.423168 0.063037 0.202730 0.079966 0.233988 0.081809 0.194593 0.075598 0.082654 0.105216 0.258983 0.102155 0.010086 0.307991 0.061813 0.020949 0.078932 0.046307 0.154269 0.151505 0.119239 0.141466 0.069210 0.130252 0.130047 0.212760 0.156714 0.252088 0.067865 0.105652 0.112817 0.108148 0.126769 0.141111 0.131518 0.110448 0.068696 0.086133 0.090368 0.305390 0.027979 0.037287 0.117393 0.060751 0.033409 0.065498 0.100804 
0.048027 0.132853 0.111580 0.054060 0.166772 0.362819 0.005377 0.056305 0.185425 0.045970 0.143719 0.416172 0.005878 0.373862 -0.004011 0.026628 0.052940 0.241319 1.000000 0.383888 0.060255 0.059538 0.046903 0.009430 0.079684 0.282143 0.165340 0.141951 0.040101 0.112867 0.038199 0.059113 0.122198 0.159107 0.189987 0.136254 0.068619 -0.010635 0.236664 0.069301 0.157444 0.016811 0.089013 0.092409 0.135909 0.111653 0.183322 -0.002392 0.077542 -0.023194 0.095880 0.147152 0.093972 0.050562 0.071692 0.076147 0.078151 0.086550 0.247324 0.057439 0.119268 0.101525 0.096373 0.084615 -0.022346 0.096981 
0.017076 -0.030341 0.004556 -0.027409 0.200099 0.031898 -0.028534 0.022153 0.179232 0.024243 -0.006508 0.304025 0.001760 0.111926 0.146253 0.054217 -0.001139 0.423168 0.383888 1.000000 -0.012740 0.009235 0.041224 -0.017312 0.081016 0.093710 0.098429 0.021812 0.069501 0.086467 0.009320 0.149748 0.082886 0.012519 0.042575 0.098993 0.025624 0.063903 0.000580 0.069140 0.035046 0.036208 0.103676 0.062458 0.109725 0.079420 0.063745 0.016957 0.109600 0.027053 0.153130 0.122760 0.222249 0.061581 0.091341 0.110949 0.102508 0.102427 0.043044 0.027313 0.042387 0.124009 0.024849 -0.010322 -0.011958 0.049570 
0.116505 0.095601 0.067403 0.933049 0.001604 0.141252 0.199039 0.277818 0.052111 0.469320 0.523852 0.010209 0.654180 0.043438 0.054211 0.025760 0.136934 0.063037 0.060255 -0.012740 1.000000 0.026602 0.056281 -0.002151 0.426945 0.124768 0.115006 0.119368 0.131530 0.068528 0.037143 -0.020425 0.088842 0.126397 0.059249 0.029007 0.491234 0.072789 0.036525 0.182961 0.229504 0.093276 0.154711 0.167730 0.094719 0.161635 0.085642 0.038285 0.045255 0.132728 -0.007995 0.109151 0.102094 0.356128 0.017998 0.044737 0.003598 0.253279 0.158872 0.028367 0.060277 0.162890 0.060014 0.122674 0.002598 0.073337 
0.264418 0.063751 0.238897 0.034585 0.085404 0.182717 0.087825 0.100535 0.091277 0.411206 -0.096021 0.054578 -0.000342 0.131788 0.009210 0.478195 0.028901 0.202730 0.059538 0.009235 0.026602 1.000000 0.457849 0.777982 0.273072 0.050089 0.098393 0.209902 0.226579 0.117080 0.414407 -0.002313 0.156420 0.177157 0.015986 0.016396 0.031913 0.219521 0.101951 0.090348 0.099857 0.079634 0.082226 0.074174 0.043154 0.111857 0.106765 0.197120 0.141037 0.169868 0.042217 0.110072 0.069784 0.073539 0.108620 0.144652 0.084137 0.140840 0.122305 0.014373 0.070794 0.040530 0.230764 0.103583 0.137677 0.248754 
0.170221 0.344388 0.267883 0.070502 0.112538 0.202873 0.096907 0.092462 0.145561 0.351298 -0.024186 0.075889 -0.000609 0.087900 0.110139 0.852521 0.101589 0.079966 0.046903 0.041224 0.056281 0.457849 1.000000 0.507442 0.340407 0.186807 0.157243 0.213724 0.230975 0.071603 0.178749 0.131635 0.075962 0.276485 0.209517 0.043814 0.094086 0.249880 0.205651 0.157281 0.206872 0.114962 0.181119 0.088856 0.039086 0.105114 0.081487 0.220832 0.569631 0.212171 0.094816 0.095544 0.093271 0.106167 0.114776 0.710413 0.168859 0.268771 0.132086 0.068525 0.157036 0.186397 0.288160 0.218241 0.204021 0.271261 
0.157391 0.240461 0.501896 -0.015045 0.124997 0.138921 0.133038 0.050664 0.114903 0.288419 -0.097594 0.078571 0.005932 0.106008 0.001562 0.441980 0.041162 0.233988 0.009430 -0.017312 -0.002151 0.777982 0.507442 1.000000 0.175155 0.120767 0.041995 0.124310 0.140539 0.083042 0.226168 0.058813 0.098711 0.129993 0.087175 0.064375 0.008905 0.212116 0.100080 0.080667 0.126954 0.083559 0.120510 0.065030 -0.005299 0.102291 0.053940 0.179223 0.141669 0.155370 0.024520 0.054236 0.031755 0.066155 0.184859 0.160056 0.150531 0.139519 0.104513 0.040314 0.092935 0.101596 0.166575 0.097363 0.185331 0.188287 
0.078205 0.056348 0.137422 0.548419 0.076518 0.221059 0.107083 0.365666 0.074261 0.767533 0.141615 0.056830 0.251132 0.074402 0.037208 0.421539 0.091133 0.081809 0.079684 0.081016 0.426945 0.273072 0.340407 0.175155 1.000000 0.128408 0.200682 0.255556 0.702233 0.042601 0.137051 0.047775 0.044467 0.211305 0.017548 -0.021224 0.287092 0.203158 0.165090 0.221817 0.218501 0.115434 0.318945 0.175258 0.099060 0.135052 0.132176 0.117848 0.226985 0.249951 0.054152 0.135473 0.076463 0.190745 0.103934 0.274707 0.097640 0.476684 0.181329 -0.033013 0.119234 0.263601 0.179757 0.156635 0.066343 0.198396 
0.034971 0.252605 0.113750 0.111356 0.160141 0.574717 0.023328 0.068653 0.062872 0.122997 0.124420 0.258978 0.056249 0.412940 -0.056175 0.139384 -0.009173 0.194593 0.282143 0.093710 0.124768 0.050089 0.186807 0.120767 0.128408 1.000000 0.262143 0.237051 0.045558 0.035218 0.019265 0.027182 0.044318 0.136203 0.129023 0.021798 0.062839 0.058828 0.275115 0.054717 0.151911 -0.000165 0.249443 0.089653 0.195580 0.193020 0.280532 -0.005687 0.168341 0.002249 0.060826 0.126404 0.025849 0.116636 0.103634 0.190852 0.135714 0.171899 0.632552 -0.005187 0.169901 0.123705 0.124129 0.130933 -0.058702 0.145286 
0.114820 0.291315 0.295963 0.135532 0.123485 0.232098 0.092438 0.107320 0.110737 0.164352 0.141452 0.122481 0.044120 0.130011 0.012605 0.158177 0.008423 0.075598 0.165340 0.098429 0.115006 0.098393 0.157243 0.041995 0.200682 0.262143 1.000000 0.585216 0.181864 0.011289 0.135787 0.024623 -0.027117 0.102713 0.099645 0.040767 0.049944 0.071678 0.102766 0.104753 0.092083 0.071953 0.072734 0.103287 0.164084 0.119071 0.219961 0.066906 0.173117 0.016446 0.007341 0.110327 0.107276 0.078381 0.048866 0.171618 0.101133 0.121960 0.103921 -0.010761 0.116557 0.062968 0.076962 0.073901 -0.057444 0.064378 
0.124226 0.234700 0.126118 0.154481 0.090151 0.383858 0.134368 0.099414 0.117964 0.200262 0.050639 0.109619 0.038183 0.133103 0.021415 0.239473 0.091567 0.082654 0.141951 0.021812 0.119368 0.209902 0.213724 0.124310 0.255556 0.237051 0.585216 1.000000 0.153530 0.035065 0.115247 0.020064 0.027337 0.132790 0.110641 0.038119 0.114012 0.079813 0.161929 0.119435 0.097524 0.090136 0.177866 0.088093 0.099306 0.157579 0.122209 0.071272 0.261688 0.096486 0.072278 0.089526 0.093800 0.126696 0.112219 0.266173 0.183620 0.222701 0.147914 0.023105 0.314310 0.172260 0.080542 0.081597 -0.045376 0.087281 
0.060175 0.053360 0.128761 0.228705 0.000236 0.092446 0.046722 0.352064 0.033376 0.391264 0.031606 0.029495 0.066069 0.073416 0.062663 0.365641 0.073747 0.105216 0.040101 0.069501 0.131530 0.226579 0.230975 0.140539 0.702233 0.045558 0.181864 0.153530 1.000000 0.042973 0.130361 0.076100 0.038918 0.156032 0.091412 0.109017 0.115352 0.157319 0.095582 0.097699 0.201925 0.053827 0.197870 0.172775 0.061977 0.087085 0.132157 0.081340 0.201876 0.127295 0.076376 0.115997 0.082095 0.101696 0.087862 0.203294 0.115154 0.246859 0.115838 0.049590 0.114341 0.149781 0.147158 0.172452 0.014461 0.150123 
0.704277 0.071462 0.035050 0.079893 0.133530 0.204018 0.228402 0.261729 0.277609 0.098764 0.017382 0.159214 0.089248 0.124963 0.577327 0.085905 0.381102 0.258983 0.112867 0.086467 0.068528 0.117080 0.071603 0.083042 0.042601 0.035218 0.011289 0.035065 0.042973 1.000000 0.400064 0.300918 0.913828 0.117066 0.085035 -0.064662 0.138443 0.151082 0.082230 0.150153 0.133387 0.110392 0.162781 0.077958 0.124553 0.151828 0.113944 0.106121 0.046327 0.196217 0.132614 0.017836 0.126955 0.149790 -0.000827 0.050737 -0.009463 0.092808 0.126464 -0.009498 -0.037055 0.075597 0.122915 0.103786 0.128497 0.142211 
0.621853 0.043458 0.067936 0.071719 0.053099 0.133634 0.079500 0.348099 0.051110 0.274168 -0.003092 0.098378 0.058926 0.090052 0.047532 0.148255 0.070012 0.102155 0.038199 0.009320 0.037143 0.414407 0.178749 0.226168 0.137051 0.019265 0.135787 0.115247 0.130361 0.400064 1.000000 0.028285 0.462524 0.127819 0.062361 0.061983 0.012790 0.238893 0.071152 0.079503 0.127359 0.081823 0.115093 0.089320 0.040156 0.083167 0.051629 0.141438 0.168643 0.116122 0.057778 0.047809 0.079057 0.058482 0.105148 0.165639 0.125525 0.097412 0.056714 0.049248 0.053287 0.089725 0.192290 0.126943 0.176280 0.189035 
0.135655 0.180886 0.127101 -0.036327 0.607175 0.038193 0.350261 0.032484 0.621862 -0.013163 -0.028432 0.500492 0.009580 0.138392 0.624695 0.067437 0.432202 0.010086 0.059113 0.149748 -0.020425 -0.002313 0.131635 0.058813 0.047775 0.027182 0.024623 0.020064 0.076100 0.300918 0.028285 1.000000 0.219246 0.126719 0.196114 0.076195 0.018918 0.038070 0.163032 0.079294 0.145165 0.086586 0.247495 0.067851 0.079965 0.059857 0.104376 0.088733 0.127688 0.075133 0.144736 0.100849 0.130477 0.006843 0.204153 0.226986 0.222583 0.140307 0.070397 0.029650 0.062401 0.160969 0.046052 0.119634 0.020894 0.038977 
0.611802 0.007485 0.000736 0.099321 0.069920 0.232505 0.203731 0.207542 0.188759 0.163803 -0.002821 0.126817 0.147051 0.134368 0.476387 0.099681 0.399727 0.307991 0.122198 0.082886 0.088842 0.156420 0.075962 0.098711 0.044467 0.044318 -0.027117 0.027337 0.038918 0.913828 0.462524 0.219246 1.000000 0.156451 0.039188 -0.042348 0.163068 0.171743 0.131806 0.163411 0.153137 0.116697 0.182952 0.076326 0.118582 0.152837 0.114371 0.129564 0.060155 0.245534 0.140154 0.024746 0.108129 0.165799 0.019682 0.077557 0.011120 0.099411 0.144947 -0.005127 -0.030533 0.070784 0.172528 0.138088 0.176704 0.205200 
0.118214 0.100612 0.101921 0.137095 0.113991 0.108522 0.155357 0.103455 0.151237 0.288029 0.147495 0.166664 0.165140 0.126803 0.110946 0.267535 0.186961 0.061813 0.159107 0.012519 0.126397 0.177157 0.276485 0.129993 0.211305 0.136203 0.102713 0.132790 0.156032 0.117066 0.127819 0.126719 0.156451 1.000000 0.057752 0.017410 0.161855 0.163739 0.169125 0.506027 0.538883 0.479880 0.249463 0.295165 0.079244 0.465275 0.134585 0.631618 0.259235 0.351377 0.059562 0.201861 0.075012 0.288987 0.158774 0.249867 0.109883 0.150196 0.169176 0.096893 0.149036 0.181463 0.784305 0.578539 0.194197 0.687232 
0.111619 0.663022 0.092510 0.068036 0.132161 0.031233 0.122121 0.050061 0.152593 0.015077 0.113681 0.164445 0.049145 0.112634 0.107029 0.077889 0.148565 0.020949 0.189987 0.042575 0.059249 0.015986 0.209517 0.087175 0.017548 0.129023 0.099645 0.110641 0.091412 0.085035 0.062361 0.196114 0.039188 0.057752 1.000000 0.431278 0.082755 0.088930 -0.037774 0.064927 0.133689 0.080935 0.026342 0.073880 0.091393 0.058410 0.087038 0.058382 0.137683 0.023993 0.058318 0.037147 0.020488 0.039642 0.012708 0.267935 0.127677 0.072708 0.195751 0.268911 0.224734 0.083987 0.035350 0.025086 0.139545 0.003251 
0.003143 0.082182 0.114144 0.020198 0.145586 0.088952 0.058416 -0.026261 0.057931 -0.056095 0.087697 0.155967 -0.013779 0.177267 -0.028766 0.021073 0.018352 0.078932 0.136254 0.098993 0.029007 0.016396 0.043814 0.064375 -0.021224 0.021798 0.040767 0.038119 0.109017 -0.064662 0.061983 0.076195 -0.042348 0.017410 0.431278 1.000000 0.018842 0.046180 0.048178 0.043164 0.071384 0.074423 0.044686 0.117297 0.125499 -0.020922 0.168052 0.062694 0.137829 0.016457 0.209009 0.069513 0.063079 0.020992 0.172759 0.199605 0.326111 0.057862 0.052880 0.386591 0.150694 0.130706 0.053569 0.025895 0.117612 0.044989 
0.128173 0.084597 0.009373 0.530200 0.013746 0.067454 0.200067 0.173920 0.043956 0.246513 0.283200 0.001211 0.299856 -0.006072 0.064924 0.099877 0.215107 0.046307 0.068619 0.025624 0.491234 0.031913 0.094086 0.008905 0.287092 0.062839 0.049944 0.114012 0.115352 0.138443 0.012790 0.018918 0.163068 0.161855 0.082755 0.018842 1.000000 0.029590 0.055986 0.234782 0.276900 0.088583 0.318854 0.229127 -0.002626 0.259355 0.033573 0.054322 0.038018 0.196008 0.117359 0.073178 0.128843 0.706930 0.083229 0.080796 0.042585 0.412974 0.113687 0.080606 0.079368 0.210632 0.162553 0.191506 0.023912 0.217058 
0.162382 0.220698 0.132661 0.083500 0.005363 0.043257 0.123675 0.089016 0.025472 0.273234 0.028906 -0.005976 0.038025 0.069172 0.067267 0.135049 0.109945 0.154269 -0.010635 0.063903 0.072789 0.219521 0.249880 0.212116 0.203158 0.058828 0.071678 0.079813 0.157319 0.151082 0.238893 0.038070 0.171743 0.163739 0.088930 0.046180 0.029590 1.000000 0.070404 0.233344 0.158750 0.182803 0.157261 0.048398 0.310333 0.059026 0.203766 0.306963 0.244810 0.379227 0.032355 0.212680 0.252607 0.050160 0.059181 0.246092 0.113616 0.189829 0.172377 0.010494 0.025818 0.102403 0.266176 0.091877 0.569439 0.222002 
0.027483 0.022972 0.194426 0.067722 0.132605 0.528349 0.104059 0.031240 0.042729 0.126559 0.035963 0.217026 0.001936 0.354389 0.033822 0.137008 0.123572 0.151505 0.236664 0.000580 0.036525 0.101951 0.205651 0.100080 0.165090 0.275115 0.102766 0.161929 0.095582 0.082230 0.071152 0.163032 0.131806 0.169125 -0.037774 0.048178 0.055986 0.070404 1.000000 0.111771 0.091271 0.048835 0.197147 0.018905 0.214243 0.124436 0.388231 0.023948 0.125412 0.090280 0.157347 0.319771 0.033118 0.065427 0.113148 0.218491 0.124376 0.098723 0.396007 -0.025596 0.174278 0.064552 0.137351 0.168201 0.044089 0.186403 
0.126687 0.098844 0.158418 0.185391 0.146977 0.068907 0.252413 0.100537 0.179968 0.262004 0.108218 0.124165 0.176578 0.108973 0.125096 0.126536 0.213478 0.119239 0.069301 0.069140 0.182961 0.090348 0.157281 0.080667 0.221817 0.054717 0.104753 0.119435 0.097699 0.150153 0.079503 0.079294 0.163411 0.506027 0.064927 0.043164 0.234782 0.233344 0.111771 1.000000 0.206952 0.846108 0.118015 0.312292 0.130452 0.511528 0.128006 0.582333 0.146733 0.737760 0.075648 0.119611 0.135635 0.238272 0.070830 0.144878 0.050290 0.191402 0.090284 0.036462 0.064211 0.137996 0.330970 0.162541 0.380795 0.236511 
0.106808 0.148046 0.096573 0.231715 0.151291 0.134919 0.158198 0.190841 0.201166 0.210605 0.233431 0.119417 0.173894 0.079807 0.134601 0.191497 0.161652 0.141466 0.157444 0.035046 0.229504 0.099857 0.206872 0.126954 0.218501 0.151911 0.092083 0.097524 0.201925 0.133387 0.127359 0.145165 0.153137 0.538883 0.133689 0.071384 0.276900 0.158750 0.091271 0.206952 1.000000 0.148888 0.430542 0.390406 0.120847 0.339454 0.124950 0.205084 0.189673 0.104697 0.006968 0.156477 0.120516 0.368766 0.147892 0.219326 0.097001 0.378941 0.188041 0.173598 0.190168 0.455116 0.313039 0.500448 0.042625 0.274356 
0.091912 0.093057 0.122980 0.096959 0.161737 0.007074 0.221315 0.048194 0.187043 0.153485 -0.002672 0.092146 0.129438 0.043245 0.116092 0.088929 0.211491 0.069210 0.016811 0.036208 0.093276 0.079634 0.114962 0.083559 0.115434 -0.000165 0.071953 0.090136 0.053827 0.110392 0.081823 0.086586 0.116697 0.479880 0.080935 0.074423 0.088583 0.182803 0.048835 0.846108 0.148888 1.000000 0.071453 0.228796 0.092449 0.317422 0.047140 0.739748 0.100641 0.528500 0.074139 0.052293 0.103192 0.114160 0.035649 0.105522 0.017824 0.070835 0.013686 0.064732 0.042216 0.076539 0.342757 0.143676 0.429570 0.236292 
0.180764 0.099572 0.050055 0.157100 0.309848 0.202905 0.264618 0.132866 0.247841 0.225618 0.105631 0.200074 0.053890 0.077115 0.208808 0.159704 0.360486 0.130252 0.089013 0.103676 0.154711 0.082226 0.181119 0.120510 0.318945 0.249443 0.072734 0.177866 0.197870 0.162781 0.115093 0.247495 0.182952 0.249463 0.026342 0.044686 0.318854 0.157261 0.197147 0.118015 0.430542 0.071453 1.000000 0.110184 0.073142 0.371826 0.088776 0.047196 0.257924 0.087455 0.090046 0.107795 0.122958 0.350459 0.371937 0.354452 0.315476 0.636601 0.218161 0.103549 0.206924 0.466961 0.135712 0.347519 -0.035660 0.207404 
0.070800 0.047981 0.087613 0.151473 0.129963 0.077180 0.075354 0.115460 0.095390 0.144619 0.285882 0.135843 0.131742 0.151659 0.048607 0.116460 0.049741 0.130047 0.092409 0.062458 0.167730 0.074174 0.088856 0.065030 0.175258 0.089653 0.103287 0.088093 0.172775 0.077958 0.089320 0.067851 0.076326 0.295165 0.073880 0.117297 0.229127 0.048398 0.018905 0.312292 0.390406 0.228796 0.110184 1.000000 0.105083 0.454906 0.136475 0.199882 0.140197 0.096025 0.013726 0.073165 0.054907 0.462501 0.086437 0.102152 0.050594 0.198983 0.127255 0.125549 0.129728 0.194696 0.193104 0.220020 0.008158 0.176257 
0.076641 0.132779 0.138095 0.095658 0.116035 0.231684 0.023121 0.050586 0.096730 0.107510 0.142507 0.152151 0.044358 0.413084 0.099840 0.002576 0.044244 0.212760 0.135909 0.109725 0.094719 0.043154 0.039086 -0.005299 0.099060 0.195580 0.164084 0.099306 0.061977 0.124553 0.040156 0.079965 0.118582 0.079244 0.091393 0.125499 -0.002626 0.310333 0.214243 0.130452 0.120847 0.092449 0.073142 0.105083 1.000000 0.039550 0.830252 0.046302 0.101913 0.117223 0.057304 0.604337 0.121230 0.024959 0.016782 0.065382 0.042409 0.096209 0.394794 0.097354 0.167539 0.090203 0.117886 0.069166 0.169158 0.121798 
0.189767 0.065045 0.088301 0.142679 0.165352 0.140979 0.223277 0.108484 0.161038 0.163129 0.176839 0.180035 0.131105 0.135049 0.100412 0.121893 0.190424 0.156714 0.111653 0.079420 0.161635 0.111857 0.105114 0.102291 0.135052 0.193020 0.119071 0.157579 0.087085 0.151828 0.083167 0.059857 0.152837 0.465275 0.058410 -0.020922 0.259355 0.059026 0.124436 0.511528 0.339454 0.317422 0.371826 0.454906 0.039550 1.000000 0.122450 0.238728 0.104799 0.197136 0.066390 0.057452 0.111594 0.551262 0.091879 0.074857 0.029707 0.136032 0.197618 0.061203 0.088106 0.155690 0.250081 0.255307 -0.015083 0.250266 
0.081189 0.108822 0.219479 0.091962 0.110160 0.291670 0.074344 0.040299 0.099673 0.123010 0.149982 0.280588 0.075491 0.671999 0.094078 0.067182 0.040201 0.252088 0.183322 0.063745 0.085642 0.106765 0.081487 0.053940 0.132176 0.280532 0.219961 0.122209 0.132157 0.113944 0.051629 0.104376 0.114371 0.134585 0.087038 0.168052 0.033573 0.203766 0.388231 0.128006 0.124950 0.047140 0.088776 0.136475 0.830252 0.122450 1.000000 0.037051 0.106526 0.116351 0.100526 0.521504 0.082699 0.092976 0.069777 0.091180 0.067360 0.106212 0.477106 0.093011 0.122619 0.114551 0.135817 0.095827 0.071264 0.152070 
0.105855 0.115973 0.133588 0.026319 0.112633 -0.035825 0.172514 0.002871 0.116043 0.231876 -0.009015 0.069777 0.115067 0.005279 0.071170 0.185896 0.181230 0.067865 -0.002392 0.016957 0.038285 0.197120 0.220832 0.179223 0.117848 -0.005687 0.066906 0.071272 0.081340 0.106121 0.141438 0.088733 0.129564 0.631618 0.058382 0.062694 0.054322 0.306963 0.023948 0.582333 0.205084 0.739748 0.047196 0.199882 0.046302 0.238728 0.037051 1.000000 0.156516 0.453498 0.072942 0.040819 0.070738 0.129377 0.072838 0.150329 0.031383 0.056036 0.016965 0.017192 0.015553 0.064385 0.697431 0.183526 0.602706 0.565058 
0.120638 0.174742 0.097271 0.035549 0.100063 0.165795 0.094488 0.091514 0.143373 0.179879 0.004607 0.129830 -0.007301 0.127057 0.103561 0.546316 0.121147 0.105652 0.077542 0.109600 0.045255 0.141037 0.569631 0.141669 0.226985 0.168341 0.173117 0.261688 0.201876 0.046327 0.168643 0.127688 0.060155 0.259235 0.137683 0.137829 0.038018 0.244810 0.125412 0.146733 0.189673 0.100641 0.257924 0.140197 0.101913 0.104799 0.106526 0.156516 1.000000 0.151371 0.080344 0.089423 0.042096 0.049923 0.367519 0.841736 0.545242 0.413940 0.141624 0.124446 0.278485 0.414608 0.216945 0.208370 0.106738 0.172560 
0.137729 0.093401 0.124480 0.146531 0.036342 0.040416 0.209136 0.096910 0.106757 0.344772 0.003324 0.059660 0.128942 0.087278 0.120057 0.172094 0.205442 0.112817 -0.023194 0.027053 0.132728 0.169868 0.212171 0.155370 0.249951 0.002249 0.016446 0.096486 0.127295 0.196217 0.116122 0.075133 0.245534 0.351377 0.023993 0.016457 0.196008 0.379227 0.090280 0.737760 0.104697 0.528500 0.087455 0.096025 0.117223 0.197136 0.116351 0.453498 0.151371 1.000000 0.110824 0.142865 0.166769 0.156807 0.090720 0.175989 0.076276 0.214689 0.075664 -0.002983 0.019149 0.121517 0.339548 0.097507 0.475356 0.259728 
0.097292 0.003242 0.034814 0.013189 0.120534 0.018403 0.092862 0.037694 0.067452 0.060007 -0.029178 0.196262 -0.000589 0.169448 0.095474 0.105301 0.158712 0.108148 0.095880 0.153130 -0.007995 0.042217 0.094816 0.024520 0.054152 0.060826 0.007341 0.072278 0.076376 0.132614 0.057778 0.144736 0.140154 0.059562 0.058318 0.209009 0.117359 0.032355 0.157347 0.075648 0.006968 0.074139 0.090046 0.013726 0.057304 0.066390 0.100526 0.072942 0.080344 0.110824 1.000000 0.035932 0.557580 0.099153 0.051689 0.098921 0.112881 0.041286 0.000550 0.086302 0.012680 0.033942 0.121524 0.008140 0.020607 0.197285 
0.053566 0.096642 0.088621 0.109940 0.137584 0.192502 0.068539 0.031205 0.082788 0.098043 0.111709 0.151668 0.000278 0.262834 0.008352 0.078394 0.081831 0.126769 0.147152 0.122760 0.109151 0.110072 0.095544 0.054236 0.135473 0.126404 0.110327 0.089526 0.115997 0.017836 0.047809 0.100849 0.024746 0.201861 0.037147 0.069513 0.073178 0.212680 0.319771 0.119611 0.156477 0.052293 0.107795 0.073165 0.604337 0.057452 0.521504 0.040819 0.089423 0.142865 0.035932 1.000000 0.282298 0.103778 0.081718 0.082316 0.091786 0.079971 0.238148 0.006265 0.099088 0.081800 0.189499 0.115927 0.109133 0.187145 
0.124590 0.064656 0.043793 0.100663 0.118029 0.048043 0.103366 0.047550 0.123137 0.070040 0.025206 0.147735 0.012257 0.087130 0.110947 0.080781 0.140705 0.141111 0.093972 0.222249 0.102094 0.069784 0.093271 0.031755 0.076463 0.025849 0.107276 0.093800 0.082095 0.126955 0.079057 0.130477 0.108129 0.075012 0.020488 0.063079 0.128843 0.252607 0.033118 0.135635 0.120516 0.103192 0.122958 0.054907 0.121230 0.111594 0.082699 0.070738 0.042096 0.166769 0.557580 0.282298 1.000000 0.131025 0.008212 0.064692 0.029253 0.054282 -0.003952 0.038205 -0.021853 0.039150 0.048851 0.107576 0.161519 0.071222 
0.138262 0.070963 0.059250 0.355868 0.074497 0.078910 0.137893 0.188617 0.078921 0.219972 0.221111 0.057056 0.243860 0.065599 0.054012 0.127232 0.133144 0.131518 0.050562 0.061581 0.356128 0.073539 0.106167 0.066155 0.190745 0.116636 0.078381 0.126696 0.101696 0.149790 0.058482 0.006843 0.165799 0.288987 0.039642 0.020992 0.706930 0.050160 0.065427 0.238272 0.368766 0.114160 0.350459 0.462501 0.024959 0.551262 0.092976 0.129377 0.049923 0.156807 0.099153 0.103778 0.131025 1.000000 0.080120 0.052785 0.006905 0.250245 0.154600 0.092790 0.069225 0.147257 0.238841 0.255151 0.004571 0.274975 
0.023141 0.027720 0.102811 -0.025476 0.191974 0.105843 0.129083 0.090038 0.115318 0.081200 0.036123 0.217223 0.047924 0.141458 0.032849 0.100222 0.151090 0.110448 0.071692 0.091341 0.017998 0.108620 0.114776 0.184859 0.103934 0.103634 0.048866 0.112219 0.087862 -0.000827 0.105148 0.204153 0.019682 0.158774 0.012708 0.172759 0.083229 0.059181 0.113148 0.070830 0.147892 0.035649 0.371937 0.086437 0.016782 0.091879 0.069777 0.072838 0.367519 0.090720 0.051689 0.081718 0.008212 0.080120 1.000000 0.444346 0.829760 0.354516 0.060523 0.195988 0.188048 0.545954 0.119074 0.320754 0.034768 0.146277 
0.123269 0.240473 0.098249 0.045394 0.188515 0.205928 0.121993 0.094611 0.197349 0.203067 0.019237 0.164746 0.013151 0.118096 0.161233 0.573609 0.203386 0.068696 0.076147 0.110949 0.044737 0.144652 0.710413 0.160056 0.274707 0.190852 0.171618 0.266173 0.203294 0.050737 0.165639 0.226986 0.077557 0.249867 0.267935 0.199605 0.080796 0.246092 0.218491 0.144878 0.219326 0.105522 0.354452 0.102152 0.065382 0.074857 0.091180 0.150329 0.841736 0.175989 0.098921 0.082316 0.064692 0.052785 0.444346 1.000000 0.611614 0.430908 0.151552 0.123862 0.241247 0.391935 0.199058 0.228161 0.115445 0.171610 
0.050103 0.074414 0.123902 -0.025233 0.213305 0.143928 0.120055 0.093114 0.148174 0.048235 0.010832 0.214697 0.009907 0.121033 0.054953 0.127838 0.155993 0.086133 0.078151 0.102508 0.003598 0.084137 0.168859 0.150531 0.097640 0.135714 0.101133 0.183620 0.115154 -0.009463 0.125525 0.222583 0.011120 0.109883 0.127677 0.326111 0.042585 0.113616 0.124376 0.050290 0.097001 0.017824 0.315476 0.050594 0.042409 0.029707 0.067360 0.031383 0.545242 0.076276 0.112881 0.091786 0.029253 0.006905 0.829760 0.611614 1.000000 0.354640 0.057688 0.135797 0.220566 0.431447 0.072297 0.153598 0.037956 0.072683 
0.148119 0.159718 0.080349 0.265912 0.146830 0.170411 0.200744 0.140483 0.172414 0.356111 0.125464 0.129645 0.131472 0.090533 0.126203 0.253342 0.205033 0.090368 0.086550 0.102427 0.253279 0.140840 0.268771 0.139519 0.476684 0.171899 0.121960 0.222701 0.246859 0.092808 0.097412 0.140307 0.099411 0.150196 0.072708 0.057862 0.412974 0.189829 0.098723 0.191402 0.378941 0.070835 0.636601 0.198983 0.096209 0.136032 0.106212 0.056036 0.413940 0.214689 0.041286 0.079971 0.054282 0.250245 0.354516 0.430908 0.354640 1.000000 0.127184 0.032513 0.176054 0.720860 0.116307 0.202760 0.045380 0.145859 
0.099442 0.105694 0.091239 0.161725 0.075756 0.561166 0.106239 0.100611 0.051645 0.189256 0.122796 0.150432 0.085441 0.369595 0.047044 0.100603 0.103030 0.305390 0.247324 0.043044 0.158872 0.122305 0.132086 0.104513 0.181329 0.632552 0.103921 0.147914 0.115838 0.126464 0.056714 0.070397 0.144947 0.169176 0.195751 0.052880 0.113687 0.172377 0.396007 0.090284 0.188041 0.013686 0.218161 0.127255 0.394794 0.197618 0.477106 0.016965 0.141624 0.075664 0.000550 0.238148 -0.003952 0.154600 0.060523 0.151552 0.057688 0.127184 1.000000 0.135785 0.251055 0.075086 0.151777 0.156875 -0.012104 0.170864 
0.033157 0.087554 -0.025236 0.026600 -0.037911 0.032070 0.045736 0.010989 -0.025586 -0.061824 0.065223 0.005096 -0.053010 0.089533 -0.000135 0.067866 0.033292 0.027979 0.057439 0.027313 0.028367 0.014373 0.068525 0.040314 -0.033013 -0.005187 -0.010761 0.023105 0.049590 -0.009498 0.049248 0.029650 -0.005127 0.096893 0.268911 0.386591 0.080606 0.010494 -0.025596 0.036462 0.173598 0.064732 0.103549 0.125549 0.097354 0.061203 0.093011 0.017192 0.124446 -0.002983 0.086302 0.006265 0.038205 0.092790 0.195988 0.123862 0.135797 0.032513 0.135785 1.000000 0.507409 0.121386 0.050049 0.327280 -0.036769 0.045581 
0.047764 0.164295 0.128946 0.078133 0.058549 0.205337 0.052907 0.007580 0.019331 0.059926 0.066736 0.101030 -0.000623 0.130797 -0.018482 0.158448 0.047069 0.037287 0.119268 0.042387 0.060277 0.070794 0.157036 0.092935 0.119234 0.169901 0.116557 0.314310 0.114341 -0.037055 0.053287 0.062401 -0.030533 0.149036 0.224734 0.150694 0.079368 0.025818 0.174278 0.064211 0.190168 0.042216 0.206924 0.129728 0.167539 0.088106 0.122619 0.015553 0.278485 0.019149 0.012680 0.099088 -0.021853 0.069225 0.188048 0.241247 0.220566 0.176054 0.251055 0.507409 1.000000 0.228261 0.058100 0.208780 -0.036045 0.045755 
0.113166 0.120408 0.078197 0.151357 0.149837 0.117154 0.202220 0.126569 0.190228 0.216289 0.124485 0.197378 0.159621 0.166059 0.132677 0.162979 0.171575 0.117393 0.101525 0.124009 0.162890 0.040530 0.186397 0.101596 0.263601 0.123705 0.062968 0.172260 0.149781 0.075597 0.089725 0.160969 0.070784 0.181463 0.083987 0.130706 0.210632 0.102403 0.064552 0.137996 0.455116 0.076539 0.466961 0.194696 0.090203 0.155690 0.114551 0.064385 0.414608 0.121517 0.033942 0.081800 0.039150 0.147257 0.545954 0.391935 0.431447 0.720860 0.075086 0.121386 0.228261 1.000000 0.105258 0.291889 0.035165 0.108233 
0.156341 0.109549 0.085135 0.069831 0.065204 0.078138 0.083851 0.105326 0.040563 0.311432 0.091441 0.105334 0.093283 0.078916 0.025489 0.260788 0.137666 0.060751 0.096373 0.024849 0.060014 0.230764 0.288160 0.166575 0.179757 0.124129 0.076962 0.080542 0.147158 0.122915 0.192290 0.046052 0.172528 0.784305 0.035350 0.053569 0.162553 0.266176 0.137351 0.330970 0.313039 0.342757 0.135712 0.193104 0.117886 0.250081 0.135817 0.697431 0.216945 0.339548 0.121524 0.189499 0.048851 0.238841 0.119074 0.199058 0.072297 0.116307 0.151777 0.050049 0.058100 0.105258 1.000000 0.458515 0.401916 0.938572 
0.109137 0.062129 -0.001868 0.139832 0.029021 0.133229 0.120651 0.151009 0.069319 0.153228 0.113329 0.084588 0.080372 0.101744 0.102862 0.232731 0.138914 0.033409 0.084615 -0.010322 0.122674 0.103583 0.218241 0.097363 0.156635 0.130933 0.073901 0.081597 0.172452 0.103786 0.126943 0.119634 0.138088 0.578539 0.025086 0.025895 0.191506 0.091877 0.168201 0.162541 0.500448 0.143676 0.347519 0.220020 0.069166 0.255307 0.095827 0.183526 0.208370 0.097507 0.008140 0.115927 0.107576 0.255151 0.320754 0.228161 0.153598 0.202760 0.156875 0.327280 0.208780 0.291889 0.458515 1.000000 0.029304 0.468044 
0.123614 0.214424 0.144311 0.003489 0.023028 -0.016032 0.065491 -0.021551 -0.018277 0.176915 -0.049462 -0.003663 0.008860 0.039461 -0.020008 0.101783 0.095187 0.065498 -0.022346 -0.011958 0.002598 0.137677 0.204021 0.185331 0.066343 -0.058702 -0.057444 -0.045376 0.014461 0.128497 0.176280 0.020894 0.176704 0.194197 0.139545 0.117612 0.023912 0.569439 0.044089 0.380795 0.042625 0.429570 -0.035660 0.008158 0.169158 -0.015083 0.071264 0.602706 0.106738 0.475356 0.020607 0.109133 0.161519 0.004571 0.034768 0.115445 0.037956 0.045380 -0.012104 -0.036769 -0.036045 0.035165 0.401916 0.029304 1.000000 0.279735 
0.158179 0.078389 0.084894 0.089498 0.066512 0.098169 0.088972 0.108815 0.031239 0.325006 0.111507 0.119025 0.108058 0.089292 0.020364 0.262129 0.172403 0.100804 0.096981 0.049570 0.073337 0.248754 0.271261 0.188287 0.198396 0.145286 0.064378 0.087281 0.150123 0.142211 0.189035 0.038977 0.205200 0.687232 0.003251 0.044989 0.217058 0.222002 0.186403 0.236511 0.274356 0.236292 0.207404 0.176257 0.121798 0.250266 0.152070 0.565058 0.172560 0.259728 0.197285 0.187145 0.071222 0.274975 0.146277 0.171610 0.072683 0.145859 0.170864 0.045581 0.045755 0.108233 0.938572 0.468044 0.279735 1.000000 
