0.000000000000000000e+00 0.000000000000000000e+00 3.067000000000000000e+03 2.769000000000000000e+03 9.705000000000000000e+02 0.000000000000000000e+00 1.329700000000000000e+04 4.282330000000000000e+05 2.604400000000000000e+04 1.126250000000000000e+04 2.549900000000000000e+04 2.838950000000000000e+04 4.285000000000000000e+03 0.000000000000000000e+00 7.983385000000000000e+05 6.632000000000000000e+03 0.000000000000000000e+00 6.609500000000000000e+03 1.036050000000000000e+04 2.106350000000000000e+04 7.112000000000000000e+03 4.558900000000000000e+04 1.424500000000000000e+03 1.578400000000000000e+04 3.469650000000000000e+04 0.000000000000000000e+00 1.550250000000000000e+04 2.441500000000000000e+03 5.853050000000000000e+04 6.461970000000000000e+05 2.972835000000000000e+05 7.641500000000000000e+03 3.213500000000000000e+03 0.000000000000000000e+00 0.000000000000000000e+00 0.000000000000000000e+00 1.482000000000000000e+03 0.000000000000000000e+00 0.000000000000000000e+00 1.843500000000000000e+03 2.731000000000000000e+03 2.782000000000000000e+03 6.828000000000000000e+03 1.146500000000000000e+03 0.000000000000000000e+00 0.000000000000000000e+00 0.000000000000000000e+00 3.707000000000000000e+03 3.097000000000000000e+03 0.000000000000000000e+00 0.000000000000000000e+00 0.000000000000000000e+00 0.000000000000000000e+00 0.000000000000000000e+00 0.000000000000000000e+00 1.069500000000000000e+03 0.000000000000000000e+00 2.227550000000000000e+04 0.000000000000000000e+00 0.000000000000000000e+00 0.000000000000000000e+00 1.110650000000000000e+04 4.069000000000000000e+03 1.906000000000000000e+03 0.000000000000000000e+00 0.000000000000000000e+00 
0.000000000000000000e+00 0.000000000000000000e+00 4.345000000000000000e+03 4.590000000000000000e+03 0.000000000000000000e+00 1.754000000000000000e+03 0.000000000000000000e+00 2.474000000000000000e+03 0.000000000000000000e+00 5.003600000000000000e+04 0.000000000000000000e+00 6.661000000000000000e+03 2.651000000000000000e+03 1.464100000000000000e+04 1.075500000000000000e+03 7.182300000000000000e+04 0.000000000000000000e+00 2.759000000000000000e+04 0.000000000000000000e+00 6.703000000000000000e+03 1.181000000000000000e+03 2.678500000000000000e+03 3.121435000000000000e+05 1.397700000000000000e+04 7.828300000000000000e+04 1.723145000000000000e+05 4.885950000000000000e+04 1.098007500000000000e+06 4.168500000000000000e+03 1.146500000000000000e+03 1.352500000000000000e+03 0.000000000000000000e+00 0.000000000000000000e+00 0.000000000000000000e+00 4.296415000000000000e+05 1.908200000000000000e+04 0.000000000000000000e+00 0.000000000000000000e+00 1.300500000000000000e+03 0.000000000000000000e+00 1.172000000000000000e+03 0.000000000000000000e+00 7.044000000000000000e+03 0.000000000000000000e+00 2.144000000000000000e+03 7.560000000000000000e+02 1.079900000000000000e+04 8.185000000000000000e+02 5.512200000000000000e+04 0.000000000000000000e+00 7.409500000000000000e+03 0.000000000000000000e+00 2.366000000000000000e+03 0.000000000000000000e+00 1.646000000000000000e+03 1.243930000000000000e+05 1.000200000000000000e+04 2.007600000000000000e+04 7.616950000000000000e+04 3.846100000000000000e+04 9.306045000000000000e+05 5.377500000000000000e+03 1.244000000000000000e+03 9.275000000000000000e+02 0.000000000000000000e+00 0.000000000000000000e+00 
3.067000000000000000e+03 4.345000000000000000e+03 0.000000000000000000e+00 0.000000000000000000e+00 0.000000000000000000e+00 0.000000000000000000e+00 0.000000000000000000e+00 1.025590000000000000e+05 6.657000000000000000e+03 0.000000000000000000e+00 1.541000000000000000e+03 2.011000000000000000e+03 0.000000000000000000e+00 0.000000000000000000e+00 2.629650000000000000e+04 8.840000000000000000e+02 0.000000000000000000e+00 2.554350000000000000e+05 1.206000000000000000e+03 9.767500000000000000e+03 0.000000000000000000e+00 1.339135000000000000e+05 1.276500000000000000e+03 1.151606500000000000e+06 5.140000000000000000e+03 0.000000000000000000e+00 9.259345000000000000e+05 7.691145000000000000e+05 6.956850000000000000e+04 3.103500000000000000e+03 9.615500000000000000e+03 0.000000000000000000e+00 0.000000000000000000e+00 0.000000000000000000e+00 1.577500000000000000e+03 4.088450000000000000e+04 0.000000000000000000e+00 0.000000000000000000e+00 0.000000000000000000e+00 7.380000000000000000e+02 1.682500000000000000e+03 1.006000000000000000e+03 0.000000000000000000e+00 0.000000000000000000e+00 0.000000000000000000e+00 0.000000000000000000e+00 0.000000000000000000e+00 2.763500000000000000e+03 1.170500000000000000e+03 0.000000000000000000e+00 5.900500000000000000e+03 0.000000000000000000e+00 0.000000000000000000e+00 0.000000000000000000e+00 8.165000000000000000e+02 1.516500000000000000e+03 8.904500000000000000e+03 6.477500000000000000e+03 0.000000000000000000e+00 1.191600000000000000e+04 6.160450000000000000e+04 3.977000000000000000e+03 3.851000000000000000e+03 2.133500000000000000e+03 0.000000000000000000e+00 0.000000000000000000e+00 
2.769000000000000000e+03 4.590000000000000000e+03 0.000000000000000000e+00 0.000000000000000000e+00 3.503500000000000000e+03 0.000000000000000000e+00 2.064900000000000000e+04 1.379500000000000000e+03 1.620350000000000000e+04 8.228200000000000000e+04 2.634165000000000000e+05 5.634500000000000000e+03 3.543890000000000000e+05 0.000000000000000000e+00 9.459000000000000000e+03 6.108500000000000000e+03 1.206700000000000000e+04 0.000000000000000000e+00 0.000000000000000000e+00 0.000000000000000000e+00 5.415525000000000000e+05 0.000000000000000000e+00 7.955500000000000000e+03 0.000000000000000000e+00 7.325945000000000000e+05 1.593000000000000000e+03 1.561500000000000000e+03 4.667000000000000000e+03 2.680655000000000000e+05 5.415000000000000000e+03 7.415000000000000000e+02 4.414500000000000000e+03 0.000000000000000000e+00 0.000000000000000000e+00 8.180000000000000000e+02 0.000000000000000000e+00 2.846925000000000000e+05 0.000000000000000000e+00 0.000000000000000000e+00 9.077000000000000000e+03 6.199500000000000000e+03 7.365000000000000000e+03 3.761700000000000000e+04 9.244500000000000000e+04 1.056000000000000000e+03 1.901570000000000000e+05 0.000000000000000000e+00 5.277500000000000000e+03 4.901500000000000000e+03 1.082000000000000000e+03 0.000000000000000000e+00 0.000000000000000000e+00 0.000000000000000000e+00 5.568950000000000000e+04 0.000000000000000000e+00 5.027500000000000000e+03 0.000000000000000000e+00 2.101545000000000000e+05 0.000000000000000000e+00 7.360000000000000000e+02 1.406000000000000000e+03 8.348150000000000000e+04 2.572000000000000000e+03 0.000000000000000000e+00 0.000000000000000000e+00 0.000000000000000000e+00 
9.705000000000000000e+02 0.000000000000000000e+00 0.000000000000000000e+00 3.503500000000000000e+03 0.000000000000000000e+00 7.795000000000000000e+02 2.039940000000000000e+05 7.096500000000000000e+03 3.983800000000000000e+04 2.675000000000000000e+04 2.887950000000000000e+04 1.562320000000000000e+05 2.754350000000000000e+04 1.880000000000000000e+03 5.747000000000000000e+03 0.000000000000000000e+00 1.645265000000000000e+05 1.964500000000000000e+03 5.086500000000000000e+03 5.741000000000000000e+03 1.303050000000000000e+04 4.409000000000000000e+03 0.000000000000000000e+00 7.248000000000000000e+03 1.086050000000000000e+04 1.437000000000000000e+03 1.823150000000000000e+04 5.453500000000000000e+03 1.860650000000000000e+04 9.963000000000000000e+03 2.138000000000000000e+03 1.691830000000000000e+05 0.000000000000000000e+00 0.000000000000000000e+00 0.000000000000000000e+00 0.000000000000000000e+00 1.255500000000000000e+03 1.096100000000000000e+04 0.000000000000000000e+00 2.557000000000000000e+03 2.560000000000000000e+03 1.249500000000000000e+03 2.896500000000000000e+03 2.342500000000000000e+03 0.000000000000000000e+00 3.682000000000000000e+03 8.280000000000000000e+02 1.256000000000000000e+03 0.000000000000000000e+00 6.735500000000000000e+03 0.000000000000000000e+00 0.000000000000000000e+00 0.000000000000000000e+00 1.127000000000000000e+03 2.946000000000000000e+03 0.000000000000000000e+00 4.689500000000000000e+03 7.605500000000000000e+03 2.822500000000000000e+03 1.002500000000000000e+03 1.739500000000000000e+03 5.552500000000000000e+03 1.910500000000000000e+03 2.338500000000000000e+03 0.000000000000000000e+00 0.000000000000000000e+00 
0.000000000000000000e+00 1.754000000000000000e+03 0.000000000000000000e+00 0.000000000000000000e+00 7.795000000000000000e+02 0.000000000000000000e+00 1.031000000000000000e+03 1.597500000000000000e+03 1.459000000000000000e+03 0.000000000000000000e+00 3.560500000000000000e+03 1.616700000000000000e+05 9.515000000000000000e+02 3.361315000000000000e+05 2.936000000000000000e+03 0.000000000000000000e+00 0.000000000000000000e+00 0.000000000000000000e+00 0.000000000000000000e+00 0.000000000000000000e+00 1.162000000000000000e+03 2.378000000000000000e+03 0.000000000000000000e+00 1.813500000000000000e+03 7.590000000000000000e+02 3.005750000000000000e+04 9.296400000000000000e+04 5.246950000000000000e+04 2.332000000000000000e+03 1.268500000000000000e+03 0.000000000000000000e+00 2.067500000000000000e+03 0.000000000000000000e+00 0.000000000000000000e+00 2.017500000000000000e+03 0.000000000000000000e+00 0.000000000000000000e+00 0.000000000000000000e+00 4.153350000000000000e+04 0.000000000000000000e+00 0.000000000000000000e+00 0.000000000000000000e+00 0.000000000000000000e+00 0.000000000000000000e+00 4.596600000000000000e+04 0.000000000000000000e+00 2.125645000000000000e+05 0.000000000000000000e+00 0.000000000000000000e+00 0.000000000000000000e+00 0.000000000000000000e+00 0.000000000000000000e+00 0.000000000000000000e+00 0.000000000000000000e+00 0.000000000000000000e+00 0.000000000000000000e+00 0.000000000000000000e+00 0.000000000000000000e+00 9.007850000000000000e+04 2.410150000000000000e+04 5.868600000000000000e+04 0.000000000000000000e+00 0.000000000000000000e+00 0.000000000000000000e+00 0.000000000000000000e+00 0.000000000000000000e+00 
1.329700000000000000e+04 0.000000000000000000e+00 0.000000000000000000e+00 2.064900000000000000e+04 2.039940000000000000e+05 1.031000000000000000e+03 0.000000000000000000e+00 8.821300000000000000e+04 9.848440000000000000e+05 2.721200000000000000e+04 9.525035000000000000e+05 5.192750000000000000e+04 1.135983500000000000e+06 2.278500000000000000e+03 1.854425000000000000e+05 8.765000000000000000e+02 4.468655000000000000e+05 2.701500000000000000e+03 6.714500000000000000e+03 1.180550000000000000e+04 1.329225000000000000e+05 3.131000000000000000e+03 0.000000000000000000e+00 4.343000000000000000e+03 4.851400000000000000e+04 8.240000000000000000e+02 2.389450000000000000e+04 5.393000000000000000e+03 1.753740000000000000e+05 3.320250000000000000e+04 5.296000000000000000e+03 5.982700000000000000e+04 0.000000000000000000e+00 0.000000000000000000e+00 0.000000000000000000e+00 0.000000000000000000e+00 1.035600000000000000e+04 2.203500000000000000e+03 0.000000000000000000e+00 2.542300000000000000e+04 6.043500000000000000e+03 6.581500000000000000e+03 7.393000000000000000e+03 1.363250000000000000e+04 1.102000000000000000e+03 5.237650000000000000e+04 0.000000000000000000e+00 6.112000000000000000e+03 1.438000000000000000e+03 6.460500000000000000e+03 0.000000000000000000e+00 0.000000000000000000e+00 7.700000000000000000e+02 1.031800000000000000e+04 0.000000000000000000e+00 0.000000000000000000e+00 0.000000000000000000e+00 3.942100000000000000e+04 2.118500000000000000e+03 1.853500000000000000e+03 2.435500000000000000e+03 1.853350000000000000e+04 5.919000000000000000e+03 3.281000000000000000e+03 8.885000000000000000e+02 0.000000000000000000e+00 
4.282330000000000000e+05 2.474000000000000000e+03 1.025590000000000000e+05 1.379500000000000000e+03 7.096500000000000000e+03 1.597500000000000000e+03 8.821300000000000000e+04 0.000000000000000000e+00 4.200525000000000000e+05 1.250400000000000000e+04 6.456390000000000000e+05 6.571300000000000000e+04 1.199500000000000000e+03 8.126500000000000000e+03 1.149278500000000000e+06 3.641500000000000000e+03 9.110000000000000000e+03 6.502150000000000000e+04 2.556250000000000000e+04 7.392200000000000000e+04 9.335000000000000000e+02 2.212700000000000000e+05 1.769000000000000000e+03 2.285760000000000000e+05 8.138600000000000000e+04 9.165000000000000000e+02 7.923500000000000000e+04 2.494850000000000000e+04 2.161928000000000000e+06 1.936225000000000000e+05 1.083977500000000000e+06 1.352700000000000000e+04 2.183450000000000000e+04 1.194000000000000000e+03 8.155000000000000000e+02 1.455500000000000000e+03 3.198500000000000000e+03 0.000000000000000000e+00 0.000000000000000000e+00 5.965000000000000000e+03 7.188500000000000000e+03 9.566000000000000000e+03 1.122600000000000000e+04 2.929500000000000000e+03 1.087500000000000000e+03 0.000000000000000000e+00 0.000000000000000000e+00 7.506500000000000000e+03 2.450500000000000000e+03 0.000000000000000000e+00 0.000000000000000000e+00 0.000000000000000000e+00 0.000000000000000000e+00 9.475000000000000000e+02 0.000000000000000000e+00 1.215500000000000000e+03 9.940000000000000000e+02 3.757450000000000000e+04 1.894500000000000000e+03 2.272000000000000000e+03 5.259000000000000000e+03 2.085450000000000000e+04 3.907500000000000000e+03 1.257000000000000000e+03 0.000000000000000000e+00 0.000000000000000000e+00 
2.604400000000000000e+04 0.000000000000000000e+00 6.657000000000000000e+03 1.620350000000000000e+04 3.983800000000000000e+04 1.459000000000000000e+03 9.848440000000000000e+05 4.200525000000000000e+05 0.000000000000000000e+00 9.909000000000000000e+03 4.471790000000000000e+05 8.744200000000000000e+04 8.486450000000000000e+04 2.129500000000000000e+03 1.052267000000000000e+06 1.006500000000000000e+03 2.508000000000000000e+04 4.102000000000000000e+03 8.748500000000000000e+03 1.182700000000000000e+04 6.435650000000000000e+04 2.864450000000000000e+04 0.000000000000000000e+00 3.420900000000000000e+04 5.671000000000000000e+04 8.800000000000000000e+02 2.505050000000000000e+04 5.696500000000000000e+03 2.345490000000000000e+05 7.461500000000000000e+04 3.170050000000000000e+04 1.458875000000000000e+05 1.058000000000000000e+03 9.350000000000000000e+02 0.000000000000000000e+00 0.000000000000000000e+00 9.759000000000000000e+03 0.000000000000000000e+00 0.000000000000000000e+00 7.008500000000000000e+03 9.447000000000000000e+03 9.328500000000000000e+03 5.914500000000000000e+03 1.196850000000000000e+04 1.369000000000000000e+03 5.651000000000000000e+03 0.000000000000000000e+00 8.940000000000000000e+03 1.784500000000000000e+03 9.990000000000000000e+02 0.000000000000000000e+00 0.000000000000000000e+00 9.425000000000000000e+02 4.530000000000000000e+03 0.000000000000000000e+00 0.000000000000000000e+00 0.000000000000000000e+00 5.829550000000000000e+04 1.845000000000000000e+03 1.665500000000000000e+03 2.091500000000000000e+03 2.339750000000000000e+04 7.818500000000000000e+03 3.949000000000000000e+03 9.095000000000000000e+02 0.000000000000000000e+00 
1.126250000000000000e+04 5.003600000000000000e+04 0.000000000000000000e+00 8.228200000000000000e+04 2.675000000000000000e+04 0.000000000000000000e+00 2.721200000000000000e+04 1.250400000000000000e+04 9.909000000000000000e+03 0.000000000000000000e+00 1.610950000000000000e+04 5.514500000000000000e+03 1.878710000000000000e+05 1.125500000000000000e+03 3.120050000000000000e+04 1.123970000000000000e+05 1.469480000000000000e+05 1.353000000000000000e+03 2.762000000000000000e+03 8.038500000000000000e+03 3.982850000000000000e+04 5.601500000000000000e+03 2.129060000000000000e+05 2.342500000000000000e+03 8.421585000000000000e+05 1.727050000000000000e+04 8.082000000000000000e+03 4.986500000000000000e+04 1.427540000000000000e+05 8.555050000000000000e+04 3.036950000000000000e+04 3.224500000000000000e+03 2.702500000000000000e+03 3.448500000000000000e+03 5.839000000000000000e+03 0.000000000000000000e+00 6.718000000000000000e+04 2.031000000000000000e+03 0.000000000000000000e+00 1.860500000000000000e+04 5.287300000000000000e+04 2.733200000000000000e+04 3.222420000000000000e+05 1.215725000000000000e+05 4.134000000000000000e+03 3.820950000000000000e+04 0.000000000000000000e+00 3.705000000000000000e+04 7.071250000000000000e+04 7.637500000000000000e+03 1.893500000000000000e+03 1.157000000000000000e+03 3.960500000000000000e+03 3.252800000000000000e+04 2.438500000000000000e+03 1.268885000000000000e+05 2.748000000000000000e+03 4.095525000000000000e+05 1.569000000000000000e+03 4.414000000000000000e+03 9.452500000000000000e+03 1.372495000000000000e+05 2.915500000000000000e+04 7.736500000000000000e+03 1.745000000000000000e+03 9.450000000000000000e+02 
2.549900000000000000e+04 0.000000000000000000e+00 1.541000000000000000e+03 2.634165000000000000e+05 2.887950000000000000e+04 3.560500000000000000e+03 9.525035000000000000e+05 6.456390000000000000e+05 4.471790000000000000e+05 1.610950000000000000e+04 0.000000000000000000e+00 1.148520000000000000e+05 4.001540000000000000e+05 6.517500000000000000e+03 3.341045000000000000e+05 7.315000000000000000e+02 6.376900000000000000e+04 4.173500000000000000e+03 1.822650000000000000e+04 3.747850000000000000e+04 5.384760000000000000e+05 4.050000000000000000e+03 0.000000000000000000e+00 7.598500000000000000e+03 6.531950000000000000e+04 2.353500000000000000e+03 3.745200000000000000e+04 6.344500000000000000e+03 7.954590000000000000e+05 1.202320000000000000e+05 2.644000000000000000e+03 4.192400000000000000e+04 7.037000000000000000e+03 0.000000000000000000e+00 0.000000000000000000e+00 0.000000000000000000e+00 2.373250000000000000e+04 0.000000000000000000e+00 0.000000000000000000e+00 1.072050000000000000e+04 3.702500000000000000e+03 7.406000000000000000e+03 6.275000000000000000e+03 9.355100000000000000e+04 1.496500000000000000e+03 1.591600000000000000e+04 9.355000000000000000e+02 5.464500000000000000e+03 0.000000000000000000e+00 8.840000000000000000e+02 0.000000000000000000e+00 0.000000000000000000e+00 0.000000000000000000e+00 1.846650000000000000e+04 0.000000000000000000e+00 0.000000000000000000e+00 0.000000000000000000e+00 3.586100000000000000e+04 5.230500000000000000e+03 1.251000000000000000e+03 1.658500000000000000e+03 4.235650000000000000e+04 3.023500000000000000e+03 0.000000000000000000e+00 0.000000000000000000e+00 0.000000000000000000e+00 
2.838950000000000000e+04 6.661000000000000000e+03 2.011000000000000000e+03 5.634500000000000000e+03 1.562320000000000000e+05 1.616700000000000000e+05 5.192750000000000000e+04 6.571300000000000000e+04 8.744200000000000000e+04 5.514500000000000000e+03 1.148520000000000000e+05 0.000000000000000000e+00 2.117750000000000000e+04 4.348230000000000000e+05 1.161985000000000000e+05 5.811000000000000000e+03 9.518500000000000000e+03 1.669300000000000000e+04 4.110570000000000000e+05 2.354935000000000000e+05 2.939700000000000000e+04 7.157450000000000000e+04 3.286000000000000000e+03 5.485100000000000000e+04 2.412750000000000000e+04 1.713710000000000000e+05 4.264940000000000000e+05 1.119025000000000000e+05 9.634900000000000000e+04 2.483110000000000000e+05 3.562400000000000000e+04 4.218470000000000000e+05 7.037500000000000000e+03 0.000000000000000000e+00 6.714000000000000000e+03 2.316500000000000000e+03 2.362000000000000000e+03 4.652000000000000000e+03 2.468200000000000000e+04 1.121700000000000000e+04 9.563500000000000000e+03 5.885500000000000000e+03 2.946500000000000000e+03 6.731000000000000000e+03 3.452500000000000000e+04 1.977500000000000000e+03 1.808680000000000000e+05 6.120500000000000000e+03 3.086500000000000000e+03 3.190500000000000000e+03 9.099000000000000000e+03 0.000000000000000000e+00 4.692500000000000000e+03 1.732500000000000000e+03 6.845500000000000000e+03 1.842500000000000000e+03 2.828150000000000000e+04 1.894300000000000000e+04 1.885475000000000000e+05 5.979600000000000000e+04 9.546750000000000000e+04 1.409600000000000000e+04 9.431000000000000000e+03 1.691550000000000000e+04 9.395000000000000000e+03 1.042500000000000000e+03 
4.285000000000000000e+03 2.651000000000000000e+03 0.000000000000000000e+00 3.543890000000000000e+05 2.754350000000000000e+04 9.515000000000000000e+02 1.135983500000000000e+06 1.199500000000000000e+03 8.486450000000000000e+04 1.878710000000000000e+05 4.001540000000000000e+05 2.117750000000000000e+04 0.000000000000000000e+00 1.046500000000000000e+03 3.335600000000000000e+04 1.098500000000000000e+03 2.203295000000000000e+05 0.000000000000000000e+00 1.997500000000000000e+03 1.161000000000000000e+03 7.302790000000000000e+05 0.000000000000000000e+00 7.553500000000000000e+03 1.002000000000000000e+03 1.729395000000000000e+05 1.829000000000000000e+03 5.086000000000000000e+03 2.498000000000000000e+03 3.275350000000000000e+04 1.512100000000000000e+04 0.000000000000000000e+00 2.105200000000000000e+04 0.000000000000000000e+00 0.000000000000000000e+00 2.450000000000000000e+03 0.000000000000000000e+00 1.005580000000000000e+05 3.697500000000000000e+03 0.000000000000000000e+00 5.409100000000000000e+04 2.095500000000000000e+03 3.910000000000000000e+03 3.869900000000000000e+04 5.272950000000000000e+04 0.000000000000000000e+00 3.533385000000000000e+05 0.000000000000000000e+00 2.840500000000000000e+03 1.262000000000000000e+03 1.767750000000000000e+04 0.000000000000000000e+00 0.000000000000000000e+00 0.000000000000000000e+00 7.423100000000000000e+04 0.000000000000000000e+00 8.017000000000000000e+03 0.000000000000000000e+00 8.257250000000000000e+04 2.030500000000000000e+03 0.000000000000000000e+00 3.435000000000000000e+03 2.353550000000000000e+04 1.721500000000000000e+03 8.345000000000000000e+02 0.000000000000000000e+00 0.000000000000000000e+00 
0.000000000000000000e+00 1.464100000000000000e+04 0.000000000000000000e+00 0.000000000000000000e+00 1.880000000000000000e+03 3.361315000000000000e+05 2.278500000000000000e+03 8.126500000000000000e+03 2.129500000000000000e+03 1.125500000000000000e+03 6.517500000000000000e+03 4.348230000000000000e+05 1.046500000000000000e+03 0.000000000000000000e+00 2.995000000000000000e+03 1.539000000000000000e+03 8.015000000000000000e+02 9.215000000000000000e+02 1.047500000000000000e+03 1.353000000000000000e+03 1.371500000000000000e+03 4.600500000000000000e+03 2.497500000000000000e+03 4.363000000000000000e+03 3.936500000000000000e+03 4.236930000000000000e+05 1.056985000000000000e+05 3.572135000000000000e+05 1.262650000000000000e+04 3.172500000000000000e+03 2.049000000000000000e+03 4.277500000000000000e+03 0.000000000000000000e+00 0.000000000000000000e+00 1.201550000000000000e+04 0.000000000000000000e+00 0.000000000000000000e+00 0.000000000000000000e+00 1.054825000000000000e+05 9.505000000000000000e+02 1.118000000000000000e+03 0.000000000000000000e+00 0.000000000000000000e+00 8.775000000000000000e+02 1.196020000000000000e+05 0.000000000000000000e+00 6.632810000000000000e+05 1.087000000000000000e+03 0.000000000000000000e+00 0.000000000000000000e+00 9.170000000000000000e+02 1.145000000000000000e+03 8.060000000000000000e+02 0.000000000000000000e+00 0.000000000000000000e+00 8.000000000000000000e+02 1.946500000000000000e+03 1.869000000000000000e+03 3.173510000000000000e+05 7.414200000000000000e+04 1.964810000000000000e+05 1.474500000000000000e+03 1.546500000000000000e+03 1.141000000000000000e+03 9.505000000000000000e+02 0.000000000000000000e+00 
7.983385000000000000e+05 1.075500000000000000e+03 2.629650000000000000e+04 9.459000000000000000e+03 5.747000000000000000e+03 2.936000000000000000e+03 1.854425000000000000e+05 1.149278500000000000e+06 1.052267000000000000e+06 3.120050000000000000e+04 3.341045000000000000e+05 1.161985000000000000e+05 3.335600000000000000e+04 2.995000000000000000e+03 0.000000000000000000e+00 1.033550000000000000e+04 4.304000000000000000e+03 1.687050000000000000e+04 3.132050000000000000e+04 4.431650000000000000e+04 5.603550000000000000e+04 1.294425000000000000e+05 2.865500000000000000e+03 1.222980000000000000e+05 8.490850000000000000e+04 9.610000000000000000e+02 6.022900000000000000e+04 9.047500000000000000e+03 2.460590000000000000e+05 1.174111000000000000e+06 2.956665000000000000e+05 5.773850000000000000e+04 4.339650000000000000e+04 1.490500000000000000e+03 0.000000000000000000e+00 0.000000000000000000e+00 4.728000000000000000e+03 7.550000000000000000e+02 0.000000000000000000e+00 6.410000000000000000e+03 7.787500000000000000e+03 9.017500000000000000e+03 1.858150000000000000e+04 4.314000000000000000e+03 1.289500000000000000e+03 3.296000000000000000e+03 7.340000000000000000e+02 8.878000000000000000e+03 5.936500000000000000e+03 7.340000000000000000e+02 0.000000000000000000e+00 0.000000000000000000e+00 7.320000000000000000e+02 1.974500000000000000e+03 1.020000000000000000e+03 1.992000000000000000e+03 9.785000000000000000e+02 5.488600000000000000e+04 1.880500000000000000e+03 1.651500000000000000e+03 2.726000000000000000e+03 3.018800000000000000e+04 6.565500000000000000e+03 3.101500000000000000e+03 0.000000000000000000e+00 0.000000000000000000e+00 
6.632000000000000000e+03 7.182300000000000000e+04 8.840000000000000000e+02 6.108500000000000000e+03 0.000000000000000000e+00 0.000000000000000000e+00 8.765000000000000000e+02 3.641500000000000000e+03 1.006500000000000000e+03 1.123970000000000000e+05 7.315000000000000000e+02 5.811000000000000000e+03 1.098500000000000000e+03 1.539000000000000000e+03 1.033550000000000000e+04 0.000000000000000000e+00 0.000000000000000000e+00 2.617500000000000000e+03 2.346500000000000000e+03 8.412500000000000000e+03 1.044000000000000000e+03 1.630145000000000000e+05 7.740835000000000000e+05 1.207455000000000000e+05 7.941435000000000000e+05 1.357300000000000000e+04 2.270650000000000000e+04 3.314090000000000000e+05 6.574350000000000000e+04 7.072200000000000000e+04 5.056750000000000000e+04 9.735000000000000000e+02 9.550000000000000000e+03 5.071500000000000000e+03 1.363950000000000000e+04 1.690500000000000000e+03 5.003500000000000000e+03 1.224000000000000000e+03 0.000000000000000000e+00 4.636000000000000000e+03 1.360450000000000000e+04 7.622500000000000000e+03 1.187230000000000000e+05 1.697500000000000000e+03 3.845000000000000000e+03 4.268500000000000000e+03 7.350000000000000000e+02 1.979500000000000000e+04 5.176695000000000000e+05 2.260500000000000000e+03 4.435000000000000000e+03 1.090000000000000000e+03 7.323000000000000000e+03 1.209500000000000000e+03 7.513300000000000000e+04 4.114600000000000000e+05 1.327460000000000000e+05 3.189090000000000000e+05 2.891000000000000000e+03 1.004500000000000000e+04 1.275145000000000000e+05 7.927900000000000000e+04 6.403750000000000000e+04 3.895050000000000000e+04 1.739000000000000000e+03 8.726000000000000000e+03 
0.000000000000000000e+00 0.000000000000000000e+00 0.000000000000000000e+00 1.206700000000000000e+04 1.645265000000000000e+05 0.000000000000000000e+00 4.468655000000000000e+05 9.110000000000000000e+03 2.508000000000000000e+04 1.469480000000000000e+05 6.376900000000000000e+04 9.518500000000000000e+03 2.203295000000000000e+05 8.015000000000000000e+02 4.304000000000000000e+03 0.000000000000000000e+00 0.000000000000000000e+00 7.245000000000000000e+02 2.976500000000000000e+03 4.627500000000000000e+03 2.640950000000000000e+04 1.608500000000000000e+03 1.600500000000000000e+03 2.056500000000000000e+03 5.902300000000000000e+04 0.000000000000000000e+00 9.673000000000000000e+03 1.669500000000000000e+03 3.678400000000000000e+04 2.650500000000000000e+03 1.521000000000000000e+03 5.400500000000000000e+03 0.000000000000000000e+00 0.000000000000000000e+00 0.000000000000000000e+00 0.000000000000000000e+00 3.242000000000000000e+03 8.537500000000000000e+03 0.000000000000000000e+00 8.860000000000000000e+03 1.402000000000000000e+03 1.426000000000000000e+03 1.317450000000000000e+04 3.465000000000000000e+03 0.000000000000000000e+00 1.827400000000000000e+04 0.000000000000000000e+00 1.017500000000000000e+03 1.180500000000000000e+03 7.925500000000000000e+03 0.000000000000000000e+00 0.000000000000000000e+00 0.000000000000000000e+00 9.878000000000000000e+03 1.192500000000000000e+03 1.262500000000000000e+03 1.704500000000000000e+03 8.193500000000000000e+03 0.000000000000000000e+00 8.015000000000000000e+02 1.133500000000000000e+03 5.362000000000000000e+03 1.016000000000000000e+03 1.056500000000000000e+03 0.000000000000000000e+00 0.000000000000000000e+00 
6.609500000000000000e+03 2.759000000000000000e+04 2.554350000000000000e+05 0.000000000000000000e+00 1.964500000000000000e+03 0.000000000000000000e+00 2.701500000000000000e+03 6.502150000000000000e+04 4.102000000000000000e+03 1.353000000000000000e+03 4.173500000000000000e+03 1.669300000000000000e+04 0.000000000000000000e+00 9.215000000000000000e+02 1.687050000000000000e+04 2.617500000000000000e+03 7.245000000000000000e+02 0.000000000000000000e+00 8.261500000000000000e+03 4.618055000000000000e+05 0.000000000000000000e+00 3.011100000000000000e+04 2.627000000000000000e+03 5.736080000000000000e+05 5.581000000000000000e+03 0.000000000000000000e+00 3.426115000000000000e+05 2.883080000000000000e+05 2.616050000000000000e+04 5.080650000000000000e+04 2.622400000000000000e+04 2.282500000000000000e+03 1.893500000000000000e+03 0.000000000000000000e+00 1.101500000000000000e+04 1.952000000000000000e+04 0.000000000000000000e+00 0.000000000000000000e+00 0.000000000000000000e+00 0.000000000000000000e+00 0.000000000000000000e+00 0.000000000000000000e+00 7.920000000000000000e+02 0.000000000000000000e+00 0.000000000000000000e+00 0.000000000000000000e+00 0.000000000000000000e+00 7.460000000000000000e+02 9.965000000000000000e+02 0.000000000000000000e+00 1.822200000000000000e+04 0.000000000000000000e+00 2.404500000000000000e+03 0.000000000000000000e+00 9.850000000000000000e+02 2.037500000000000000e+03 5.687500000000000000e+03 2.093500000000000000e+03 8.180000000000000000e+02 5.001600000000000000e+04 9.592200000000000000e+04 2.007500000000000000e+03 7.550000000000000000e+02 0.000000000000000000e+00 0.000000000000000000e+00 0.000000000000000000e+00 
1.036050000000000000e+04 0.000000000000000000e+00 1.206000000000000000e+03 0.000000000000000000e+00 5.086500000000000000e+03 0.000000000000000000e+00 6.714500000000000000e+03 2.556250000000000000e+04 8.748500000000000000e+03 2.762000000000000000e+03 1.822650000000000000e+04 4.110570000000000000e+05 1.997500000000000000e+03 1.047500000000000000e+03 3.132050000000000000e+04 2.346500000000000000e+03 2.976500000000000000e+03 8.261500000000000000e+03 0.000000000000000000e+00 2.260540000000000000e+05 3.800000000000000000e+03 2.241300000000000000e+04 2.072000000000000000e+03 2.414950000000000000e+04 6.194000000000000000e+03 0.000000000000000000e+00 2.245430000000000000e+05 8.699000000000000000e+03 2.040050000000000000e+04 1.118520000000000000e+05 9.544000000000000000e+03 3.008600000000000000e+04 2.584000000000000000e+03 0.000000000000000000e+00 0.000000000000000000e+00 0.000000000000000000e+00 0.000000000000000000e+00 0.000000000000000000e+00 0.000000000000000000e+00 0.000000000000000000e+00 0.000000000000000000e+00 0.000000000000000000e+00 8.485000000000000000e+02 0.000000000000000000e+00 8.730000000000000000e+02 0.000000000000000000e+00 7.350000000000000000e+02 0.000000000000000000e+00 8.320000000000000000e+02 0.000000000000000000e+00 0.000000000000000000e+00 0.000000000000000000e+00 0.000000000000000000e+00 0.000000000000000000e+00 0.000000000000000000e+00 1.026000000000000000e+03 1.119500000000000000e+03 2.816000000000000000e+03 1.778500000000000000e+03 4.537000000000000000e+03 4.741500000000000000e+03 1.429000000000000000e+03 0.000000000000000000e+00 0.000000000000000000e+00 0.000000000000000000e+00 0.000000000000000000e+00 
2.106350000000000000e+04 6.703000000000000000e+03 9.767500000000000000e+03 0.000000000000000000e+00 5.741000000000000000e+03 0.000000000000000000e+00 1.180550000000000000e+04 7.392200000000000000e+04 1.182700000000000000e+04 8.038500000000000000e+03 3.747850000000000000e+04 2.354935000000000000e+05 1.161000000000000000e+03 1.353000000000000000e+03 4.431650000000000000e+04 8.412500000000000000e+03 4.627500000000000000e+03 4.618055000000000000e+05 2.260540000000000000e+05 0.000000000000000000e+00 2.904500000000000000e+03 7.223350000000000000e+04 6.787000000000000000e+03 1.666055000000000000e+05 2.401200000000000000e+04 1.907000000000000000e+03 3.520275000000000000e+05 5.322550000000000000e+04 7.679600000000000000e+04 2.750100000000000000e+05 5.371000000000000000e+04 7.127500000000000000e+03 1.831150000000000000e+04 0.000000000000000000e+00 3.694500000000000000e+03 3.095000000000000000e+03 0.000000000000000000e+00 0.000000000000000000e+00 0.000000000000000000e+00 8.915000000000000000e+02 9.385000000000000000e+02 1.130000000000000000e+03 4.486500000000000000e+03 0.000000000000000000e+00 0.000000000000000000e+00 0.000000000000000000e+00 0.000000000000000000e+00 1.440500000000000000e+03 4.028500000000000000e+03 0.000000000000000000e+00 7.120000000000000000e+03 0.000000000000000000e+00 3.270500000000000000e+03 0.000000000000000000e+00 2.015000000000000000e+03 3.875000000000000000e+03 4.646000000000000000e+03 1.023150000000000000e+04 2.344000000000000000e+03 5.057250000000000000e+04 5.962450000000000000e+04 6.855500000000000000e+03 1.896000000000000000e+03 1.198500000000000000e+03 0.000000000000000000e+00 0.000000000000000000e+00 
7.112000000000000000e+03 1.181000000000000000e+03 0.000000000000000000e+00 5.415525000000000000e+05 1.303050000000000000e+04 1.162000000000000000e+03 1.329225000000000000e+05 9.335000000000000000e+02 6.435650000000000000e+04 3.982850000000000000e+04 5.384760000000000000e+05 2.939700000000000000e+04 7.302790000000000000e+05 1.371500000000000000e+03 5.603550000000000000e+04 1.044000000000000000e+03 2.640950000000000000e+04 0.000000000000000000e+00 3.800000000000000000e+03 2.904500000000000000e+03 0.000000000000000000e+00 0.000000000000000000e+00 1.798000000000000000e+03 8.735000000000000000e+02 2.021770000000000000e+05 1.248000000000000000e+03 8.821000000000000000e+03 2.241000000000000000e+03 8.544000000000000000e+04 2.131950000000000000e+04 0.000000000000000000e+00 2.307850000000000000e+04 0.000000000000000000e+00 0.000000000000000000e+00 0.000000000000000000e+00 0.000000000000000000e+00 4.796900000000000000e+04 0.000000000000000000e+00 0.000000000000000000e+00 6.558000000000000000e+03 2.271500000000000000e+03 3.728000000000000000e+03 1.065300000000000000e+04 8.103450000000000000e+04 0.000000000000000000e+00 8.349700000000000000e+04 0.000000000000000000e+00 3.054000000000000000e+03 0.000000000000000000e+00 9.815000000000000000e+02 0.000000000000000000e+00 0.000000000000000000e+00 0.000000000000000000e+00 3.030350000000000000e+04 0.000000000000000000e+00 0.000000000000000000e+00 0.000000000000000000e+00 4.205550000000000000e+04 1.813500000000000000e+03 0.000000000000000000e+00 0.000000000000000000e+00 3.558000000000000000e+04 1.673500000000000000e+03 0.000000000000000000e+00 0.000000000000000000e+00 0.000000000000000000e+00 
4.558900000000000000e+04 2.678500000000000000e+03 1.339135000000000000e+05 0.000000000000000000e+00 4.409000000000000000e+03 2.378000000000000000e+03 3.131000000000000000e+03 2.212700000000000000e+05 2.864450000000000000e+04 5.601500000000000000e+03 4.050000000000000000e+03 7.157450000000000000e+04 0.000000000000000000e+00 4.600500000000000000e+03 1.294425000000000000e+05 1.630145000000000000e+05 1.608500000000000000e+03 3.011100000000000000e+04 2.241300000000000000e+04 7.223350000000000000e+04 0.000000000000000000e+00 0.000000000000000000e+00 2.559950000000000000e+04 1.722605000000000000e+06 8.946400000000000000e+04 8.035000000000000000e+02 5.478000000000000000e+04 3.346400000000000000e+04 7.380085000000000000e+05 2.184885000000000000e+05 1.299121000000000000e+06 6.068000000000000000e+03 7.242050000000000000e+04 2.185500000000000000e+03 8.980000000000000000e+02 9.455000000000000000e+02 0.000000000000000000e+00 3.079000000000000000e+03 0.000000000000000000e+00 1.547000000000000000e+03 5.354500000000000000e+03 2.098500000000000000e+03 1.187200000000000000e+04 0.000000000000000000e+00 1.819000000000000000e+03 9.025000000000000000e+02 0.000000000000000000e+00 8.079500000000000000e+03 4.151350000000000000e+04 1.443000000000000000e+03 2.397500000000000000e+03 0.000000000000000000e+00 3.701000000000000000e+03 0.000000000000000000e+00 2.108950000000000000e+04 1.738550000000000000e+04 1.338800000000000000e+04 5.463300000000000000e+04 2.751000000000000000e+03 4.251500000000000000e+03 6.427500000000000000e+03 2.308150000000000000e+04 3.384850000000000000e+04 2.129450000000000000e+04 8.295000000000000000e+02 5.104000000000000000e+03 
1.424500000000000000e+03 3.121435000000000000e+05 1.276500000000000000e+03 7.955500000000000000e+03 0.000000000000000000e+00 0.000000000000000000e+00 0.000000000000000000e+00 1.769000000000000000e+03 0.000000000000000000e+00 2.129060000000000000e+05 0.000000000000000000e+00 3.286000000000000000e+03 7.553500000000000000e+03 2.497500000000000000e+03 2.865500000000000000e+03 7.740835000000000000e+05 1.600500000000000000e+03 2.627000000000000000e+03 2.072000000000000000e+03 6.787000000000000000e+03 1.798000000000000000e+03 2.559950000000000000e+04 0.000000000000000000e+00 6.501550000000000000e+04 3.811680000000000000e+05 4.844250000000000000e+04 1.921850000000000000e+04 5.309575000000000000e+05 1.201700000000000000e+04 5.292150000000000000e+04 5.332000000000000000e+04 0.000000000000000000e+00 5.646500000000000000e+03 3.163500000000000000e+03 4.711850000000000000e+04 3.164500000000000000e+03 2.004000000000000000e+03 0.000000000000000000e+00 0.000000000000000000e+00 8.715000000000000000e+02 5.245500000000000000e+03 1.122000000000000000e+03 1.219215000000000000e+05 7.495000000000000000e+02 2.073000000000000000e+03 7.544000000000000000e+03 9.365000000000000000e+02 7.025000000000000000e+03 3.377500000000000000e+05 1.235000000000000000e+03 3.664000000000000000e+03 0.000000000000000000e+00 5.041500000000000000e+03 0.000000000000000000e+00 2.572750000000000000e+04 5.657300000000000000e+05 8.972750000000000000e+04 2.163835000000000000e+05 7.595500000000000000e+03 1.713700000000000000e+04 2.590465000000000000e+05 2.165400000000000000e+04 4.575100000000000000e+04 2.138550000000000000e+04 9.310000000000000000e+02 5.285500000000000000e+03 
1.578400000000000000e+04 1.397700000000000000e+04 1.151606500000000000e+06 0.000000000000000000e+00 7.248000000000000000e+03 1.813500000000000000e+03 4.343000000000000000e+03 2.285760000000000000e+05 3.420900000000000000e+04 2.342500000000000000e+03 7.598500000000000000e+03 5.485100000000000000e+04 1.002000000000000000e+03 4.363000000000000000e+03 1.222980000000000000e+05 1.207455000000000000e+05 2.056500000000000000e+03 5.736080000000000000e+05 2.414950000000000000e+04 1.666055000000000000e+05 8.735000000000000000e+02 1.722605000000000000e+06 6.501550000000000000e+04 0.000000000000000000e+00 2.018400000000000000e+04 7.710000000000000000e+02 1.044780000000000000e+05 6.200960000000000000e+05 2.083470000000000000e+05 1.524185000000000000e+05 1.620715000000000000e+05 4.072000000000000000e+03 4.657050000000000000e+04 8.645000000000000000e+02 1.973500000000000000e+03 9.969500000000000000e+03 0.000000000000000000e+00 7.098000000000000000e+03 0.000000000000000000e+00 1.388500000000000000e+03 3.919500000000000000e+03 1.420500000000000000e+03 3.929000000000000000e+03 9.090000000000000000e+02 1.299500000000000000e+03 1.219500000000000000e+03 0.000000000000000000e+00 4.176000000000000000e+03 7.647300000000000000e+04 2.605000000000000000e+03 3.111000000000000000e+03 0.000000000000000000e+00 2.684500000000000000e+03 0.000000000000000000e+00 3.194000000000000000e+04 4.523400000000000000e+04 1.203530000000000000e+05 2.934050000000000000e+04 3.287500000000000000e+03 8.584000000000000000e+03 8.548000000000000000e+04 1.061950000000000000e+04 1.192050000000000000e+04 1.420700000000000000e+04 0.000000000000000000e+00 3.448000000000000000e+03 
