0.000000000000000000e+00 2.610135322838387159e-02 1.106481419313801728e-01 2.070647710994280299e-01 4.567173333505412242e-02 6.252287540861457826e-02 3.537716278524728475e-01 6.634981882437683831e-01 2.233361539297284426e-01 2.178048460582200085e-01 3.742661886120215997e-01 5.067378138266306203e-02 4.988773424451339866e-01 9.442504787004464550e-02 4.727663384012977810e-01 1.165013013656458069e-01 2.851393270283493764e-01 1.559203263962752606e-01 1.794049117224110756e-01 3.212801115580870559e-01 2.579139005329401102e-01 1.670965852981325661e-01 6.313976031753087970e-02 7.120682331390583431e-02 1.139039631447953532e-01 1.449829961624693742e-01 2.640207343869996892e-01 6.268092589062619624e-02 1.349783147933071858e-01 7.888980404440513183e-01 6.289969396949589564e-01 2.031688094313554016e-01 5.921692543097332173e-01 2.658422140656861998e-01 1.978583004762843670e-02 3.947960683815068123e-02 1.048147834961334762e-01 1.063521787917832834e-01 2.390968625122456490e-02 2.308052020189851616e-01 1.598460468798974798e-01 1.487274847874740513e-01 2.635742446321118759e-01 1.072081040251327971e-01 3.927442153377255774e-02 2.600407259698997442e-01 4.554477645263802638e-02 2.006828435803700295e-01 2.080396983024376256e-01 2.334031182915605740e-01 4.195430345302598313e-02 7.025839538887529434e-02 9.273503688341278028e-02 9.658256283760775773e-02 2.185797977394209057e-01 1.578020008267548568e-01 1.911022330518769019e-01 2.520782412695553587e-01 5.845884807622862833e-02 1.176910592956581791e-01 3.890616638741519612e-02 1.795504437136054565e-01 2.821102782431733069e-01 2.202061450140702092e-01 1.541016671268796434e-01 3.362874269489187773e-01 
2.610135322838387159e-02 0.000000000000000000e+00 3.214988994291229085e-01 1.558354204844786262e-01 1.805652289439123315e-01 2.024014772568645260e-01 3.319112142124401588e-02 3.245446665678157483e-02 1.038655050101785215e-01 5.695414791950783456e-02 2.034477984902779285e-02 5.993988244829274309e-02 6.408711457755705831e-02 8.994312447880542516e-02 2.660161102294034130e-02 1.421405697510783606e-01 2.822492172953502965e-02 1.846197603690122868e-01 1.022122459780996639e-01 1.751292666916065000e-01 1.456807338722468093e-01 8.118020458881633483e-02 3.506755343333180508e-01 1.129753227444346003e-01 2.004483720153254767e-01 4.495209170022453904e-01 2.711420175336587968e-01 7.541466788180221092e-01 1.875191084100422956e-01 8.254983394521896167e-02 1.844640723479190267e-02 1.636304639618076928e-01 9.685796249441480654e-02 3.949666307561513351e-02 6.194723449346869470e-01 5.526438572221597373e-02 1.200019628493675106e-01 1.940354745317686980e-01 1.716982798093087681e-01 2.348202403279465653e-02 7.981757710112669102e-02 4.763052497301821508e-02 7.408840527866042414e-02 4.382728558825699228e-02 1.839958639186227984e-01 6.048675565446062774e-02 1.338970268818370224e-01 1.948977305041872318e-02 9.642611818757530762e-02 3.464148216990461937e-02 3.730575774129161748e-01 2.368993763645463324e-01 2.689140800851079205e-01 1.165602834329819426e-01 1.632099974660314867e-01 2.859304313348691728e-01 1.231710788580669264e-01 1.440767837517288597e-01 1.760739995937058711e-01 2.616779245948818930e-02 4.972761952693577903e-01 1.680209076379690081e-01 4.113778714081009480e-02 2.280659073563660530e-02 1.613202720006247926e-01 9.254939481401451562e-02 
1.106481419313801728e-01 3.214988994291229085e-01 0.000000000000000000e+00 2.644082671317075223e-02 2.354094928070291914e-01 2.096279979036525520e-01 4.386921769230021223e-02 9.899843649232617504e-02 1.938964862024343538e-01 1.898955725758808277e-01 5.648381085863913437e-02 1.132797686826154254e-01 2.695194268473308577e-02 8.148820588426691769e-02 1.597069630045923339e-01 2.428946961385911596e-01 1.681325007002447761e-02 1.439477132091948053e-01 1.026499568268900292e-01 5.320793617878823850e-02 1.565598011944980064e-02 2.845912829942621181e-01 3.312466118483826105e-01 5.043702149129509760e-01 1.040400751705089777e-01 6.897538434009896358e-02 3.995628214765675063e-02 1.603126313024033356e-01 2.446275989782455487e-02 7.162845215756655226e-02 1.523800460584675553e-01 3.118394715075122892e-01 1.362793814580306184e-01 1.442621761833841332e-01 1.089675164113857730e-01 2.966028565704861841e-01 3.962087409065363081e-02 8.613833401094657394e-02 8.736859070770981728e-02 9.779347811083904940e-02 6.086483230155832064e-02 8.669460991565587638e-02 4.288315749207930079e-03 2.979023307305027346e-02 1.524907363660033266e-01 7.505233690076461295e-02 9.364100192380739318e-02 8.855698444159325333e-02 8.015983843589589986e-02 1.284226189319918332e-01 1.206844458762697941e-01 1.281066107442306035e-01 6.822528018406651129e-02 3.277401363651211152e-02 2.267172892254741279e-01 1.714113107910875469e-02 2.132454702440868544e-01 6.787220305088664807e-02 1.116683521773634141e-01 7.535311478617247316e-02 2.183970341684864369e-01 5.662321362427032850e-02 1.506159591095854455e-01 1.456324470432424634e-01 1.202147365334715751e-01 1.698611467101545647e-01 
2.070647710994280299e-01 1.558354204844786262e-01 2.644082671317075223e-02 0.000000000000000000e+00 1.056039077636621720e-01 5.905478023918411118e-02 1.541015717559995057e-01 2.170335937366948686e-01 6.090216592539070273e-02 4.610873100843699279e-01 1.204099501060080513e-01 9.370082150447903158e-02 4.785601693334841644e-01 1.073499731773552984e-01 8.239964689243123308e-02 1.093973092662668956e-01 1.282440843437004374e-01 2.152885374156283255e-02 1.039069240815648776e-01 2.235507326284891585e-02 8.125062850439034312e-01 3.212021394431429505e-02 9.059437603040890186e-02 4.573891516439780591e-02 6.201681349993628523e-01 5.955294578560509089e-02 6.014189706155952803e-02 1.592213124969461546e-01 4.283693010494461495e-01 1.536013926302309818e-01 1.312328201769183134e-01 6.087203436853801108e-02 1.136841138752562180e-01 9.602253278349243137e-02 1.772699553467139977e-01 3.158659604145388350e-02 3.838412511088659662e-01 3.353662846458831809e-02 3.709954176768642115e-02 1.297081469570815770e-01 4.492251762065515436e-02 1.304871406559052760e-01 2.134675100585492480e-01 5.451643915412519859e-02 1.305290167486898856e-01 1.156251148954546420e-01 1.623004604757545544e-01 1.024612198867241586e-01 9.131408723588929632e-02 8.901855918855437755e-02 3.395300424430424541e-02 8.136859401477870846e-02 1.678204336555497861e-02 2.359985330628661115e-01 9.231758269439283016e-02 9.975300377597445811e-02 2.836887705897741477e-03 3.258125011202260835e-01 6.971458309625072625e-02 4.559928180655191399e-02 1.616662334466882345e-01 3.251646763590859135e-01 1.028798867769223496e-01 1.331998495895982682e-01 2.282038073274162554e-02 1.087649410074253281e-01 
4.567173333505412242e-02 1.805652289439123315e-01 2.354094928070291914e-01 1.056039077636621720e-01 0.000000000000000000e+00 1.482662864496330779e-01 3.331182027027501102e-01 6.774583001000228366e-02 7.194554223630457157e-01 1.906235607427488321e-01 4.891219024780565916e-02 9.094523995764794422e-02 7.199334641136710677e-02 9.503177917439689648e-02 3.616633061190303033e-01 2.368651683488556259e-01 5.308563226495178755e-01 1.475621858047061197e-01 3.135142936726569712e-02 1.810559653340088615e-01 6.170113428749473411e-02 9.639791681508634580e-02 3.442043598984913522e-01 2.427775668071096571e-01 1.763587626557612253e-01 4.308083942350848100e-02 1.533762173304492327e-01 2.149686158164821823e-02 1.254832748931568875e-01 1.881510077464862984e-01 3.290697913913438744e-02 6.869579012175063282e-01 1.613402009374760859e-01 1.596610240674021797e-01 1.556788299723136926e-01 1.087825684592326758e-01 7.065564227094821292e-02 1.761833388483528551e-01 3.219708528079220228e-02 8.304144858735511281e-02 1.191324634318008807e-01 1.432257425113293292e-01 3.019209719050384710e-01 4.614516923275782667e-02 1.098988558320087849e-01 1.442735844300007675e-01 8.470243724706474908e-02 1.580918725993593343e-01 1.806610807657883511e-01 2.297842040771622407e-01 1.043024036809525046e-01 5.048169549223634894e-02 3.184262823007224380e-02 3.306112622258375322e-02 7.345206625824243774e-02 2.982560393368848262e-01 1.549457723720022162e-01 1.778182369458327916e-01 8.132579710409022777e-02 4.289083899204243489e-02 1.015993767693223054e-01 8.449678267099151874e-02 1.701500627131930510e-01 9.196088696934329176e-02 8.731294627822736021e-02 2.139381711304951805e-01 
6.252287540861457826e-02 2.024014772568645260e-01 2.096279979036525520e-01 5.905478023918411118e-02 1.482662864496330779e-01 0.000000000000000000e+00 6.172562019504893027e-02 6.765073909108362815e-02 2.002401747454373993e-01 1.155799977455760491e-01 1.947395290797541284e-02 1.632761142089251549e-01 5.041893775167559377e-02 3.419473536384594614e-01 1.938236285912793289e-01 8.481850937123193435e-02 7.204614032747187757e-02 1.793166391258806391e-01 4.172394418678004868e-02 4.944867182746412460e-02 6.092444242843670504e-02 1.773547539900623693e-01 1.091045229929767379e-01 1.768826348611295673e-01 9.205803039472543192e-02 6.433548473449535177e-01 4.086094157356152667e-01 4.288894020988394118e-01 1.048902554513881091e-01 1.202252796869958951e-01 1.227689798934204629e-01 2.940260041705841654e-01 1.639009223460027864e-01 4.570246312777917486e-02 2.155424214735695843e-01 1.277203148345900652e-01 1.680951978220820986e-02 8.025404850078785013e-02 6.479807213458091963e-01 1.373452817245301438e-01 4.118732873348657925e-02 1.748027116407502579e-01 9.142845548849140580e-02 4.981201384642612584e-02 1.357022842109548988e-01 1.123211631978611874e-01 2.693361775092402155e-01 1.487811756709140065e-01 6.002889665203003239e-02 1.202323037202238654e-01 3.180536679203487815e-01 6.535887235940789075e-02 1.618107576338516096e-01 1.628630749771170505e-02 1.325465430553920965e-01 9.071261110866833677e-02 1.661614654382229939e-01 7.317993196609558215e-02 5.117725667187862371e-01 1.610634490218634529e-01 4.167321450115192838e-01 6.269655916107419458e-02 1.942930033604735318e-02 4.837518558648961492e-02 2.577840674851418767e-01 5.911261273919593551e-02 
3.537716278524728475e-01 3.319112142124401588e-02 4.386921769230021223e-02 1.541015717559995057e-01 3.331182027027501102e-01 6.172562019504893027e-02 0.000000000000000000e+00 2.594109295279177774e-01 5.263156056465545518e-01 1.420544675484546569e-02 3.767541136371633792e-01 6.241293899864321787e-02 4.186008786996043840e-01 8.923344804157129495e-02 4.709585568114205700e-01 9.576272288773701735e-02 7.671581589658024170e-01 4.414804666043064402e-02 1.523894696955830075e-01 6.829544976791761257e-02 1.559400120288487873e-02 4.480270781431379412e-02 1.059939218080264561e-01 5.284212968489634954e-02 1.538079636188943167e-01 8.068857193766295136e-03 8.931797386369326464e-02 1.265761561448816019e-01 1.303035171565483930e-01 3.136240323051601719e-01 1.096871717431342486e-01 4.346830496926081255e-01 2.417388753673556656e-01 2.837655243533369065e-01 4.519150410517334265e-02 4.949785242118541484e-02 1.195730642688934697e-01 2.122531756528564517e-01 9.987733553233266171e-02 4.223610041434120443e-01 1.705810854479014316e-01 3.077236413286337791e-01 2.752077136404056934e-01 6.812539401939732286e-02 1.059442123685455789e-01 3.937648438776419346e-01 7.999591395274864569e-02 3.093356670607773640e-01 1.067805699375499184e-01 4.706567078514068414e-01 8.366350628141443202e-02 6.375048619131691574e-02 1.335092017758071452e-02 8.488994888282981599e-02 1.140908582974562852e-01 1.154479607930601892e-01 1.188044391166517277e-01 2.483922176256560810e-01 4.985747280077338500e-02 1.504993783504840130e-02 3.584172849319749304e-02 1.243058297411067520e-01 2.691601365746271179e-01 1.314107545422023848e-01 2.313810288951178018e-01 3.478434230419136797e-01 
6.634981882437683831e-01 3.245446665678157483e-02 9.899843649232617504e-02 2.170335937366948686e-01 6.774583001000228366e-02 6.765073909108362815e-02 2.594109295279177774e-01 0.000000000000000000e+00 1.521087701099565759e-01 2.486197734541753246e-01 4.610775447456953446e-01 6.532658584215521314e-02 5.027688199553803639e-01 1.040532268679592726e-01 2.997508698783510339e-01 1.270818539697497196e-01 1.739601498405079216e-01 2.358715215055174896e-01 1.134145956111106135e-01 2.511843018972123032e-01 2.940781755547324239e-01 2.202293023690699361e-02 1.524060898453051885e-02 1.587891911387420696e-02 1.736415788613691058e-01 1.143776940462804398e-01 1.752865328076141649e-01 8.867173141023849958e-02 2.684293574970014751e-01 4.803929759188875770e-01 4.900723072674383340e-01 1.334075931885849442e-01 3.053668243138462080e-01 2.225956632419381076e-01 3.814199160255245941e-02 1.467864209602891962e-02 8.883410935235241945e-02 1.297880618011706677e-01 4.921708740021107226e-02 2.037103645002888708e-01 1.526474177873057558e-01 1.348775510364482455e-01 8.351113897807414810e-02 6.623144105974980433e-02 2.572842610552712739e-02 2.114090107266776986e-01 2.895156184267073593e-02 1.563460182019467126e-01 1.558721936979274303e-01 2.016586836347350198e-01 4.926166772171736152e-02 5.752835623427688533e-02 1.172320720924642928e-01 7.656648722483382075e-02 1.388199298246918234e-01 5.501002159756367138e-02 1.389089524337435155e-01 1.715356025203907675e-01 5.526518678997483641e-02 9.285551004119525775e-02 5.311328301719427103e-02 1.034039880287026952e-01 2.146057678570488514e-01 1.854302681229950955e-01 1.379492750293089820e-01 2.018285959805352914e-01 
2.233361539297284426e-01 1.038655050101785215e-01 1.938964862024343538e-01 6.090216592539070273e-02 7.194554223630457157e-01 2.002401747454373993e-01 5.263156056465545518e-01 1.521087701099565759e-01 0.000000000000000000e+00 1.209887422495557474e-01 2.384215238586664398e-01 6.182074885125433267e-02 2.442388648695689446e-01 8.804629739244076991e-02 6.818732858169873623e-01 2.175340429157087696e-01 5.826680416948986085e-01 5.084141946873989293e-02 3.770349975987368624e-02 1.228547345652079709e-01 2.618760491349493569e-02 1.437205761973841256e-01 2.863746255235830040e-01 2.322024749859487591e-01 1.418081470767662833e-01 1.059564720120366177e-01 2.108313582720915680e-01 7.886451210174585946e-02 1.462752694201292780e-01 3.127184902070810346e-01 2.466934687300577356e-02 5.956113732478551803e-01 2.243395066025586082e-01 1.751752671067804135e-01 9.770142877048887398e-02 7.900310388553519192e-02 8.659588764063540223e-02 1.733859135398473084e-01 8.908454036016795474e-02 1.839686469516462475e-01 1.090643417792406533e-01 2.050218941441461495e-01 3.066788982972054600e-01 4.627508946977382243e-02 1.054427559397869557e-01 2.219753194763993687e-01 7.919408565771604569e-02 2.156415881593968797e-01 1.403201155857135285e-01 2.984485869627514498e-01 1.175028325895928205e-01 5.465112389744293531e-02 6.601856512667148014e-02 5.762970736464340799e-02 6.065085024590185364e-02 2.427002104824060036e-01 1.219710163573589495e-01 1.848966563506423966e-01 2.273710518434613956e-02 3.597350087179850692e-02 5.729126313977070395e-02 9.489023505984518769e-02 1.886160531256778072e-01 7.176520896854997333e-02 1.239989159210284214e-01 2.560855361963794152e-01 
2.178048460582200085e-01 5.695414791950783456e-02 1.898955725758808277e-01 4.610873100843699279e-01 1.906235607427488321e-01 1.155799977455760491e-01 1.420544675484546569e-02 2.486197734541753246e-01 1.209887422495557474e-01 0.000000000000000000e+00 1.550049789617634066e-01 8.118810216538334401e-02 4.238126493859102339e-01 1.171055161366478942e-01 3.348413236182384151e-02 3.337115302733926203e-01 6.602558421686770262e-02 7.000379848573648478e-02 6.436792483395595288e-02 2.017994545866388240e-02 3.337117219900432308e-01 2.474842514786441960e-01 4.036899613476417348e-01 2.885409133447587871e-01 8.033562440665704685e-01 6.963988065889582801e-02 1.565175803637452734e-01 1.201316034829387897e-01 5.568257763398409832e-01 1.939782674791647177e-01 1.854754113826280748e-01 1.208188438258792213e-01 2.250271333500573068e-01 1.982417213257358091e-01 1.476669245369682526e-01 7.159770754411026034e-03 3.265758105558300706e-01 2.857436254144045673e-01 7.704136598337113506e-02 1.536960633324202241e-01 6.672178695387856462e-02 2.251822063949822095e-01 3.543012951299109314e-01 1.809602789990827632e-01 3.221632271406188464e-02 7.173339303091140484e-02 9.381021568521816234e-02 1.869750181104516129e-01 1.166832359782207368e-01 3.866801208718865235e-01 8.333970585957047039e-02 1.131291321097531721e-01 4.321403380366385660e-02 2.779265370541913471e-01 1.460130341832624468e-01 1.991732275878763947e-01 2.760706622300508617e-02 4.273755041374867059e-01 1.860176130835461752e-02 4.177505330139612977e-02 1.526888219996432317e-01 3.778226383885486817e-01 2.083301118936799201e-01 2.195133072380577588e-01 2.242171278216200936e-01 2.062436312238534741e-01 
3.742661886120215997e-01 2.034477984902779285e-02 5.648381085863913437e-02 1.204099501060080513e-01 4.891219024780565916e-02 1.947395290797541284e-02 3.767541136371633792e-01 4.610775447456953446e-01 2.384215238586664398e-01 1.550049789617634066e-01 0.000000000000000000e+00 5.065736477413525923e-02 5.813116324413655223e-01 6.199522326014404033e-02 3.536751174731390113e-01 1.015335025909587241e-01 1.576642165823597952e-01 9.625175209802136478e-02 6.835056421934457282e-02 1.180033117930146258e-01 3.664153553397493934e-01 5.008725911880177600e-02 5.974835091105346746e-02 4.935568778104342663e-02 1.293320712814681472e-01 4.529896335425916826e-02 3.211281793402346457e-02 4.025500553286976563e-02 1.149279516946579843e-01 2.508776979546490926e-01 8.635507010371441805e-02 1.035073197546880208e-01 1.419239887692258506e-01 1.445935692166117337e-01 3.397338290707123398e-02 1.669971620826306985e-02 1.897836589550400133e-02 4.845542889707695616e-02 1.985687930393896863e-02 2.276115535706627613e-01 1.001501811796483427e-01 1.621857275061900361e-01 2.760986830454909002e-02 1.822815797157505968e-01 4.617304415128464096e-02 1.329631967570288342e-01 2.403492104160353388e-02 1.728497131855081526e-01 8.933503625930550029e-02 1.483924487156999816e-01 5.711377902921513719e-03 3.704731502897162104e-02 2.577404372309510805e-02 3.057103413351082433e-02 2.913773664630006643e-02 6.958812577639318653e-02 6.452258112617204056e-02 8.068609623399906894e-02 4.202977188051081059e-02 2.677631669901286635e-02 5.461215724087109535e-02 4.699999539805960885e-02 1.326356235037263465e-01 7.369822903485240273e-02 9.221873470879049517e-02 1.389071689722780334e-01 
5.067378138266306203e-02 5.993988244829274309e-02 1.132797686826154254e-01 9.370082150447903158e-02 9.094523995764794422e-02 1.632761142089251549e-01 6.241293899864321787e-02 6.532658584215521314e-02 6.182074885125433267e-02 8.118810216538334401e-02 5.065736477413525923e-02 0.000000000000000000e+00 2.603166162055213506e-02 7.089508419250425408e-01 1.776798071588145123e-01 8.132000018061401325e-02 6.191140017551184649e-02 7.910377185877603967e-02 5.355096091740848552e-01 1.814801004606256263e-01 6.899955887726134940e-02 1.182566129773338359e-01 1.640871380171268767e-02 1.546086008004413093e-01 1.175719116287909372e-01 3.854380648668199738e-01 6.154644754684229779e-02 1.343380151997788929e-02 9.840478237232312686e-02 7.251550086054904531e-02 1.439305620934878786e-02 2.951774982321332674e-02 4.639669044315142959e-02 4.651760972258986437e-02 2.191837385954518436e-01 1.884332384951800943e-01 1.003664505836220772e-01 1.559607161134895191e-02 1.604987011719101742e-01 3.887115064068065451e-02 4.222567004076810404e-02 1.776958372791140675e-02 3.406691838784299542e-02 1.364144017849081292e-01 3.189374738638070528e-02 5.446134737797134195e-02 3.772985837384919550e-01 2.631838226076864753e-02 3.613994706827124148e-02 1.206313092261026287e-01 2.606613984502657577e-01 1.987652402425424403e-01 2.315882534719712893e-01 1.325048755000316214e-01 8.721397468588601432e-02 1.014185473411115118e-01 8.439225138494721445e-02 9.626983284724759116e-02 2.376067050094796407e-01 1.423521457805740353e-01 6.217368964598962017e-02 1.134930388500643844e-01 7.512783796698556393e-02 5.706064923074983392e-02 3.845970789883208785e-02 1.282302145400092686e-01 
4.988773424451339866e-01 6.408711457755705831e-02 2.695194268473308577e-02 4.785601693334841644e-01 7.199334641136710677e-02 5.041893775167559377e-02 4.186008786996043840e-01 5.027688199553803639e-01 2.442388648695689446e-01 4.238126493859102339e-01 5.813116324413655223e-01 2.603166162055213506e-02 0.000000000000000000e+00 3.780098990604974923e-02 4.127940239519796717e-01 1.195327834784632587e-01 3.231016927916075532e-01 3.075770291991397967e-02 4.978496229284828933e-02 6.828714085407998347e-02 6.283703826704044593e-01 1.825619883347229938e-02 7.707844115142396813e-02 5.878617309017936110e-02 3.666487741091607466e-01 7.625936344824388313e-02 3.486768029222614418e-02 4.437915533070943552e-02 2.475276863159439067e-01 3.841923536430359443e-01 2.229866891767839643e-01 1.990339771248647305e-01 3.000186799311082009e-01 3.195677102414591908e-01 9.835019255554090789e-02 2.296073013857679104e-02 1.907523607410719912e-01 1.558722961908920457e-01 6.372394512518254894e-02 3.180576322687749813e-01 2.094932563833197536e-01 3.076229055151856184e-01 2.538668403516341696e-02 5.150506912167115980e-02 2.471438035714216067e-02 1.307466821828750791e-01 1.243949478122480072e-02 3.184553128571034342e-01 1.362002950364939735e-01 3.638039687422953694e-01 1.001347447550668263e-01 9.386756350058066134e-02 5.508917310203370263e-03 1.672746009652315569e-01 1.675901798541442334e-01 1.101936946994919730e-01 1.126893470368611205e-01 2.428838127213015993e-02 4.654605329229494909e-02 3.550539836535952787e-02 1.036726483173099900e-01 6.089769495984852926e-02 3.044935688819673247e-01 2.065511835437060240e-01 1.546037375312531159e-01 3.503761467026397791e-01 
9.442504787004464550e-02 8.994312447880542516e-02 8.148820588426691769e-02 1.073499731773552984e-01 9.503177917439689648e-02 3.419473536384594614e-01 8.923344804157129495e-02 1.040532268679592726e-01 8.804629739244076991e-02 1.171055161366478942e-01 6.199522326014404033e-02 7.089508419250425408e-01 3.780098990604974923e-02 0.000000000000000000e+00 1.933323313986217429e-01 2.047031933237588586e-01 1.179170457237854741e-01 1.457396737121218755e-01 2.484483993162956150e-01 9.352833145991279462e-02 7.765650823690928295e-02 2.570905070308522958e-02 1.654489400682147282e-01 1.751386899895168714e-01 1.517139410984224002e-01 5.307188512180409656e-01 6.098080696059613587e-02 1.361821502669833261e-01 1.078042001614138989e-01 1.621852835065218656e-01 6.218876635166065148e-02 1.304259891832507401e-01 1.460469695936649770e-01 2.771444577125765224e-02 9.965433603257425887e-03 7.414621946212326953e-02 1.601341525703021407e-01 9.277429430611045316e-03 3.639722814033896081e-01 6.669458649183405974e-02 3.747006465244144546e-02 7.125350381595954574e-02 8.900197413342282593e-02 1.183699779128726814e-01 2.313370603843613871e-01 9.790613602919231995e-02 6.109157185461493444e-01 6.689684101989477882e-02 1.065495263291031947e-01 7.956566181403387783e-02 3.075478996195107340e-01 5.084299152385557408e-02 1.856554784909338895e-01 1.840155182897918740e-01 1.011650472329578276e-01 8.196019016724478967e-02 2.002584572828938411e-02 1.732807021593769925e-01 5.525279979480757220e-01 2.030507599365102833e-02 1.869739519058179200e-01 1.732749123299397731e-01 6.764194765958504718e-02 7.813919653993249559e-02 5.825334840801178055e-02 1.165124502789540023e-01 
4.727663384012977810e-01 2.660161102294034130e-02 1.597069630045923339e-01 8.239964689243123308e-02 3.616633061190303033e-01 1.938236285912793289e-01 4.709585568114205700e-01 2.997508698783510339e-01 6.818732858169873623e-01 3.348413236182384151e-02 3.536751174731390113e-01 1.776798071588145123e-01 4.127940239519796717e-01 1.933323313986217429e-01 0.000000000000000000e+00 1.843133418638774057e-01 4.600090243239546850e-01 1.932498515240132358e-02 1.626264922246398459e-01 4.285237046086482621e-02 1.741738664657728197e-01 1.797902543493645477e-01 1.975436630261863669e-01 2.153282266683627932e-01 1.112303339317396306e-02 4.357575712833643145e-02 2.071478838031055036e-01 1.510680938466872347e-01 4.033241042312474267e-02 5.327490649238713072e-01 9.252251570369750266e-02 4.953537795654482379e-01 3.714591737229127055e-01 1.752242056020481553e-01 3.068425119502489820e-02 3.112781136717646460e-02 9.015359349090798502e-02 1.204075505043474409e-01 1.003806197297670566e-01 2.076275124330402289e-01 9.392187973842792970e-02 1.802643532971352491e-01 2.100534437041776947e-01 1.276984376450131242e-01 5.445772333127268938e-02 2.114508685106727959e-01 8.926384313595124576e-02 2.139033726332814078e-01 1.042438183573037164e-01 2.198396574367215695e-01 9.308975806333903702e-02 7.431695123768203293e-02 3.377231915773028226e-02 9.608770701714108853e-02 8.818538845773347956e-02 1.609013029805632655e-01 1.148150450639846415e-01 1.639917759955098753e-01 2.600542971025701297e-02 3.439096921377884919e-02 1.645427600653931455e-02 1.182555032663615419e-01 2.087254430491048696e-01 9.323492744916661579e-02 1.319065959278654110e-01 2.725837920060329989e-01 
1.165013013656458069e-01 1.421405697510783606e-01 2.428946961385911596e-01 1.093973092662668956e-01 2.368651683488556259e-01 8.481850937123193435e-02 9.576272288773701735e-02 1.270818539697497196e-01 2.175340429157087696e-01 3.337115302733926203e-01 1.015335025909587241e-01 8.132000018061401325e-02 1.195327834784632587e-01 2.047031933237588586e-01 1.843133418638774057e-01 0.000000000000000000e+00 1.568792475350841431e-01 4.970376337758845853e-02 5.385570710529807847e-02 1.295878120559346147e-02 1.526599122859876312e-01 3.051616770753134977e-01 8.245377878710375974e-01 7.113667482496842664e-01 1.966825630412966652e-01 1.286496146588313738e-01 7.306196194959685419e-02 6.257569207278614043e-02 8.319652394558536834e-02 1.131620283472658112e-01 9.696828891406676643e-02 2.270844873249245055e-01 4.070346315629897599e-02 1.828332845424677222e-01 5.177428895376296608e-02 5.975212806376413444e-02 7.116544218254276799e-02 2.234818281002554641e-01 7.626155915619491077e-02 7.441135320442728018e-02 1.410653774158659168e-01 8.778811141390827077e-02 1.818099870227367076e-01 5.017209819443307212e-02 7.170345994772585330e-02 4.960301732274430275e-02 1.587205544072159136e-01 8.698736673135952502e-02 3.913814564400566187e-01 1.869324573532379907e-01 2.904716996154660391e-02 9.346313197428188224e-02 1.302759592260021582e-01 9.404898696841396122e-02 1.601564331194299529e-01 4.836197108044321680e-01 8.725001579041589961e-02 1.394659289434886373e-01 1.947940578852655757e-01 1.575408889396817946e-01 5.257080702498583002e-02 3.909095717383465757e-02 1.872197098458295295e-01 2.201480596449980343e-01 2.017335606922297520e-01 1.582194451325720785e-01 
2.851393270283493764e-01 2.822492172953502965e-02 1.681325007002447761e-02 1.282440843437004374e-01 5.308563226495178755e-01 7.204614032747187757e-02 7.671581589658024170e-01 1.739601498405079216e-01 5.826680416948986085e-01 6.602558421686770262e-02 1.576642165823597952e-01 6.191140017551184649e-02 3.231016927916075532e-01 1.179170457237854741e-01 4.600090243239546850e-01 1.568792475350841431e-01 0.000000000000000000e+00 1.711123794004870968e-01 1.562505877258031084e-01 5.025353591565470679e-02 3.675137339590858754e-02 3.865883554303937986e-02 1.800246813420978420e-01 9.408560815675379163e-02 1.987578644565904662e-01 3.279257014902763057e-02 9.528602164291045951e-02 1.301977754231196105e-01 1.791918260203179680e-01 3.718300740184601882e-01 1.357098977655769589e-01 5.260223187567817371e-01 3.649005184913773348e-01 3.287566759529073623e-01 8.091960940067491337e-02 9.278477194563074237e-02 1.153505895833597528e-01 2.570608199849261366e-01 1.182225685122578474e-01 3.256986661564086893e-01 1.924683643349179574e-01 3.063949140706804242e-01 3.909740551119307295e-01 1.302255836808705394e-02 1.949299154918161525e-01 3.675443150300174988e-01 1.517068584523668384e-01 3.410476159896062565e-01 1.591507546548505125e-01 5.080717026321260876e-01 1.725208948948684651e-01 4.236390382034474489e-02 3.005904413672073200e-02 6.701108207024919494e-02 1.886163924567095529e-01 1.993751592877672785e-01 1.772537262333011288e-01 2.682435030137172438e-01 9.343337768482334882e-02 1.620084738649191919e-02 4.771829007189332117e-02 1.389638483082813458e-01 3.375007033530175726e-01 1.852498585576406176e-01 2.330541847281902557e-01 4.315831192182607579e-01 
1.559203263962752606e-01 1.846197603690122868e-01 1.439477132091948053e-01 2.152885374156283255e-02 1.475621858047061197e-01 1.793166391258806391e-01 4.414804666043064402e-02 2.358715215055174896e-01 5.084141946873989293e-02 7.000379848573648478e-02 9.625175209802136478e-02 7.910377185877603967e-02 3.075770291991397967e-02 1.457396737121218755e-01 1.932498515240132358e-02 4.970376337758845853e-02 1.711123794004870968e-01 0.000000000000000000e+00 1.638463762287135084e-01 6.167204097510771144e-01 5.362845806958271150e-02 3.140445672973956603e-01 4.585324876162335389e-02 1.316931043015908409e-01 7.122072460450655507e-02 1.181266284480166767e-01 6.337426416989827560e-02 2.569955627061160652e-01 2.905806914704257143e-02 8.488071584021619764e-02 6.781706488727390347e-02 8.612406130921235192e-02 3.130605003928368379e-01 1.284286811437099773e-01 4.177082518141780887e-01 2.126036929640648387e-01 2.043623356559546786e-02 8.340301062793258058e-02 7.641709636753668544e-02 7.785127978585150432e-02 6.856958102885177264e-02 1.204338285247028295e-01 1.060598040662179276e-01 1.555571846696861965e-02 2.906450494577022536e-01 1.106635326034121625e-01 2.202552727332975913e-01 1.408988918447300898e-01 1.064903593886652733e-01 1.701992484493572155e-01 1.581301950631013586e-01 6.876817511792090998e-02 9.811857749933414197e-02 2.506751538528088560e-02 1.233686380239325947e-01 2.050616663348161783e-01 1.447439451647386244e-01 6.654561822498493429e-02 3.492651658299402717e-01 1.937161261664429868e-01 3.988392255064820979e-01 6.164414934880033808e-02 1.428099196754999689e-01 7.051808416092672505e-02 7.362781441617431699e-02 1.775961108115428622e-01 
1.794049117224110756e-01 1.022122459780996639e-01 1.026499568268900292e-01 1.039069240815648776e-01 3.135142936726569712e-02 4.172394418678004868e-02 1.523894696955830075e-01 1.134145956111106135e-01 3.770349975987368624e-02 6.436792483395595288e-02 6.835056421934457282e-02 5.355096091740848552e-01 4.978496229284828933e-02 2.484483993162956150e-01 1.626264922246398459e-01 5.385570710529807847e-02 1.562505877258031084e-01 1.638463762287135084e-01 0.000000000000000000e+00 5.359124646401777214e-01 6.636646910865101612e-02 5.782135040580451552e-02 3.656381413289811616e-02 1.023869840272049331e-01 1.185750869863992918e-01 2.151776096812217098e-01 2.317883117497974710e-01 8.247698042802244223e-02 9.619140957986103968e-02 2.037252019271258152e-01 7.500527537784973386e-02 1.181601659718536229e-01 1.362902208881671684e-01 2.175848372972848457e-02 2.566285387506423987e-01 1.522968185387590101e-01 1.256913662943571763e-01 3.015566522661360799e-02 5.601412224184260102e-02 5.400486529483768117e-02 1.876004338137841898e-02 2.531259779138652147e-02 4.397535566474521096e-02 1.028281524663645918e-01 1.556548282133743133e-01 1.002607227687739438e-01 7.541276211077826974e-02 2.842469975741292870e-02 4.513329609112164825e-02 5.217186243882647326e-04 1.131081364257819771e-01 2.787748039624857732e-01 2.143085120974931590e-01 1.229292120050036741e-01 1.660702622235874990e-02 9.144154233508917928e-02 4.486705798243778576e-02 1.344259548105865010e-01 5.080704832337423760e-02 2.261670640693969059e-01 2.125744608455039375e-01 1.253399988434092394e-01 2.762240716313012906e-02 2.726130097155472082e-02 6.542601749788384824e-02 2.915911132085366453e-02 
3.212801115580870559e-01 1.751292666916065000e-01 5.320793617878823850e-02 2.235507326284891585e-02 1.810559653340088615e-01 4.944867182746412460e-02 6.829544976791761257e-02 2.511843018972123032e-01 1.228547345652079709e-01 2.017994545866388240e-02 1.180033117930146258e-01 1.814801004606256263e-01 6.828714085407998347e-02 9.352833145991279462e-02 4.285237046086482621e-02 1.295878120559346147e-02 5.025353591565470679e-02 6.167204097510771144e-01 5.359124646401777214e-01 0.000000000000000000e+00 3.196486078380765539e-02 3.948227268842689763e-02 9.945000929881984975e-02 2.233565739216388304e-02 5.390401376239411374e-02 7.627938736135166098e-02 3.967244065207105042e-01 1.740041816994906676e-01 2.856205373042784712e-02 2.183289587469947057e-01 2.546296083223440476e-01 7.593429026994423514e-02 7.054116494846124352e-02 1.417786258823068926e-02 3.951290341416221485e-01 1.815464766216515480e-01 7.432950306987858025e-02 2.824983701769328073e-02 5.615262005308066517e-02 3.247736532406597654e-02 1.838019630327193329e-02 4.377921509737574962e-02 3.955826705889939343e-02 5.309144583045441457e-02 2.470529904183607905e-01 3.197823063737464250e-02 1.648819479447353187e-01 3.726698723386770440e-02 6.829219603196602650e-02 2.897921612732447944e-02 1.160343600685159321e-01 1.380322003810111331e-01 1.410081084314556144e-01 6.148712766258073587e-02 2.353334107005328538e-02 1.592472982577420315e-01 7.057201150279662771e-02 1.179336170977833276e-01 2.738239709015943268e-01 2.671891716786671256e-01 3.708046523667841154e-01 1.000323539778443654e-01 6.071686132201829095e-03 5.468907681748674809e-02 3.734595909577094475e-02 1.900246692776559609e-02 
2.579139005329401102e-01 1.456807338722468093e-01 1.565598011944980064e-02 8.125062850439034312e-01 6.170113428749473411e-02 6.092444242843670504e-02 1.559400120288487873e-02 2.940781755547324239e-01 2.618760491349493569e-02 3.337117219900432308e-01 3.664153553397493934e-01 6.899955887726134940e-02 6.283703826704044593e-01 7.765650823690928295e-02 1.741738664657728197e-01 1.526599122859876312e-01 3.675137339590858754e-02 5.362845806958271150e-02 6.636646910865101612e-02 3.196486078380765539e-02 0.000000000000000000e+00 1.266223061349822099e-01 1.268315919623498322e-01 1.116646052372486791e-01 4.596772424718912342e-01 6.039361330005509065e-02 3.782819641836782792e-02 1.319869449933548100e-01 2.757972695086132187e-01 1.793242186549579564e-01 7.492876753114839639e-02 3.406336283708722573e-02 9.956641087473147578e-02 1.299456903587019319e-01 1.475054415823840448e-01 1.755258351378172904e-02 3.515278842634619316e-01 2.938385075903834215e-02 4.858119811992252235e-02 2.001995892156958334e-01 7.199392510769045406e-02 1.669716416756863719e-01 1.673541801108132110e-01 1.050538872702159315e-01 1.283577878637414682e-01 7.990095283194166564e-02 1.408581049563424059e-01 1.552749688694463892e-01 8.219364174360292707e-02 1.072665017544898181e-01 2.901018080700355425e-02 9.407483173948838484e-02 2.323204599641603627e-02 2.540175469753412352e-01 5.352330209571055236e-02 1.005881640681100947e-01 1.206137158077081814e-02 2.322922412593544372e-01 5.588910734185285195e-02 5.565234627997729666e-02 1.385776181555385123e-01 2.371504164048238716e-01 1.292564707866714346e-01 1.005458832023597426e-01 3.728029761271955261e-02 1.386103666936048806e-01 
1.670965852981325661e-01 8.118020458881633483e-02 2.845912829942621181e-01 3.212021394431429505e-02 9.639791681508634580e-02 1.773547539900623693e-01 4.480270781431379412e-02 2.202293023690699361e-02 1.437205761973841256e-01 2.474842514786441960e-01 5.008725911880177600e-02 1.182566129773338359e-01 1.825619883347229938e-02 2.570905070308522958e-02 1.797902543493645477e-01 3.051616770753134977e-01 3.865883554303937986e-02 3.140445672973956603e-01 5.782135040580451552e-02 3.948227268842689763e-02 1.266223061349822099e-01 0.000000000000000000e+00 2.219104219230250419e-01 5.724979191237169474e-01 1.248205098913412053e-01 1.406206691971931821e-01 3.968519292940180798e-01 1.840122209712889145e-01 1.715077581896024550e-01 2.546397950812365196e-01 4.546500840160047074e-01 1.087298846138545355e-01 4.585890026712630685e-01 2.083969217633784565e-01 1.630632481602105055e-01 1.549273107091260204e-01 4.658917578160724771e-02 7.731052178954632426e-02 5.281581508955931342e-02 5.530916306490590850e-02 1.243469744577202357e-01 3.586062097719434211e-02 1.974741997049301312e-01 2.295820405461154734e-02 1.113235411623151733e-01 1.435376136818921344e-01 5.039526333599137625e-02 8.388469883455075549e-02 1.641412484289497264e-01 1.429875731980989606e-01 7.061265568320254649e-02 9.125997791259947423e-02 5.900820099511846356e-02 2.401714410093899743e-02 3.049404832426872991e-01 1.198346483319852607e-01 2.585306656980170259e-01 1.151467134163747102e-01 1.109029609989710397e-01 6.297608476801003219e-02 1.851122755299468015e-01 9.239824818517627936e-02 2.082210192889739631e-01 2.242414629298741247e-01 7.336894767010625207e-02 2.411338942376955730e-01 
6.313976031753087970e-02 3.506755343333180508e-01 3.312466118483826105e-01 9.059437603040890186e-02 3.442043598984913522e-01 1.091045229929767379e-01 1.059939218080264561e-01 1.524060898453051885e-02 2.863746255235830040e-01 4.036899613476417348e-01 5.974835091105346746e-02 1.640871380171268767e-02 7.707844115142396813e-02 1.654489400682147282e-01 1.975436630261863669e-01 8.245377878710375974e-01 1.800246813420978420e-01 4.585324876162335389e-02 3.656381413289811616e-02 9.945000929881984975e-02 1.268315919623498322e-01 2.219104219230250419e-01 0.000000000000000000e+00 5.894182267182916934e-01 2.052326531570298207e-01 1.394181003181336753e-01 6.641901171660426206e-02 1.786558551191449185e-01 8.912559651489060375e-02 1.047146673247908999e-01 3.627852426987972917e-02 3.191422643756420263e-01 6.372833085496482086e-02 1.322156742439683785e-01 2.077584722839461717e-01 1.702611652371471274e-01 3.105074560430864244e-02 3.251933921752713785e-01 5.191096228138130514e-02 1.059237276328012095e-01 7.160810366292717777e-02 1.415116642019421389e-01 2.673154145887562949e-01 2.747979211043221834e-02 5.240988889498317954e-02 6.578550279345388163e-02 8.476388873847683081e-02 1.235111046190284223e-01 4.892573952884965993e-01 2.356708719448712963e-01 5.496144559724074757e-02 8.112218846631363833e-02 5.020046810430858070e-02 3.518686809320668851e-02 1.080439561249097735e-01 6.768549667171560591e-01 1.836123074999874150e-01 1.649577329044971674e-01 1.829616621982069202e-01 9.459308465759475038e-02 1.562222014630191280e-01 6.415009921102667045e-02 1.720030986270733864e-01 1.569233627719958946e-01 3.058454525123701084e-01 1.472712912079457981e-01 
7.120682331390583431e-02 1.129753227444346003e-01 5.043702149129509760e-01 4.573891516439780591e-02 2.427775668071096571e-01 1.768826348611295673e-01 5.284212968489634954e-02 1.587891911387420696e-02 2.322024749859487591e-01 2.885409133447587871e-01 4.935568778104342663e-02 1.546086008004413093e-01 5.878617309017936110e-02 1.751386899895168714e-01 2.153282266683627932e-01 7.113667482496842664e-01 9.408560815675379163e-02 1.316931043015908409e-01 1.023869840272049331e-01 2.233565739216388304e-02 1.116646052372486791e-01 5.724979191237169474e-01 5.894182267182916934e-01 0.000000000000000000e+00 1.646751465806503001e-01 4.388654006762023052e-02 2.193117377593672146e-01 3.074796204011508508e-02 1.161897676752672443e-01 7.393561074100069019e-02 2.021358618769300008e-01 2.609248984226446577e-01 1.924864646901146836e-01 2.257388344285434501e-01 6.291871572603467688e-02 1.258218676606760456e-01 2.464065666843403765e-02 1.369795586359074391e-01 3.221768074576587815e-02 9.173359718885883141e-02 1.220193874800728495e-01 7.570019228539243139e-02 1.625775042881604307e-02 2.145875109836489769e-02 7.406808816548582364e-02 9.831761938685351643e-02 7.950802881675973766e-02 9.419876344796723755e-02 6.928828534953840323e-02 1.683572582782694727e-01 1.728157578290593840e-02 6.078118824180363255e-02 1.037031230341907001e-01 4.000045891303770362e-02 3.214373965979017700e-01 1.699082302812862932e-01 2.104775353950819605e-01 1.721699882935627188e-02 7.952080526003699190e-02 1.432376772231279127e-01 1.091928170426966493e-01 6.496721524853359131e-02 2.259910909057620820e-01 2.592229692104621175e-01 1.361364971561969672e-01 2.344075738007480314e-01 
