1.000000 0.115617 0.158706 0.162984 0.028534 0.107144 0.247592 0.564962 0.134012 0.176648 0.202112 0.079195 0.466828 0.065275 0.394915 0.089491 0.186168 0.041210 0.083597 0.169271 0.204990 0.146313 0.121962 0.080596 0.093372 0.095201 0.187768 0.043770 0.049908 0.724558 0.634251 0.080189 0.593375 0.030107 0.183100 0.087085 0.108920 0.037649 0.091142 0.105590 0.048395 0.051331 0.089878 -0.005765 0.022040 0.072613 0.073186 0.062597 0.173154 0.146581 0.127631 0.018457 0.111991 0.149315 0.129490 0.138171 0.156024 0.097393 0.096155 0.116542 0.124553 0.077854 0.089190 0.120305 0.083013 0.097618 
0.115617 1.000000 0.361174 0.079688 0.233601 0.119552 0.088400 0.152702 0.186771 0.089302 0.101184 0.125969 0.141485 0.094444 0.112686 0.125821 0.123263 0.118085 0.061683 0.142419 0.109332 0.107866 0.294615 0.112931 0.139882 0.317472 0.158341 0.707823 0.138955 0.050436 0.108705 0.162788 0.045355 0.118061 0.578098 0.167422 0.046151 0.128394 0.173302 0.066109 0.101744 0.165804 0.147065 0.019793 0.141519 0.032036 0.052974 0.104874 0.167488 0.052825 0.327694 0.144651 0.124355 0.056187 0.232861 0.258849 0.315210 0.157779 0.015963 0.058112 0.427150 0.235017 0.150484 0.066577 0.100951 0.125714 
0.158706 0.361174 1.000000 0.138203 0.225954 0.104061 0.003176 0.150852 0.201469 0.129418 0.068055 0.102334 0.095655 0.161516 0.170755 0.217072 -0.000775 0.147116 0.010831 0.168208 0.147141 0.195658 0.342426 0.411727 0.109244 0.097958 0.141823 0.204499 0.075097 0.090824 0.196009 0.221654 0.088063 0.050859 0.223456 0.279115 0.079667 0.100954 0.090236 0.121606 0.026562 0.056003 0.163005 0.019142 0.024517 0.126685 0.096674 0.047291 0.231939 0.034820 0.200472 0.061570 0.158870 0.087316 0.165150 0.235386 0.213928 0.182910 0.034721 0.154554 0.236225 0.255502 0.103241 0.181749 0.056176 0.097353 
0.162984 0.079688 0.138203 1.000000 0.061365 -0.098036 0.110468 0.188121 0.115401 0.343929 0.131702 0.047110 0.427871 0.005455 0.132936 0.201826 0.075326 -0.025655 0.042593 0.097670 0.852676 -0.016538 0.200252 0.034978 0.556262 -0.075114 -0.001924 0.041682 0.290617 0.150406 0.164428 0.056805 0.101554 0.033352 0.110035 0.073469 0.320813 0.037540 -0.055742 0.199043 0.038009 0.025456 0.220782 0.112638 0.046581 0.062051 0.023268 -0.021818 0.199517 0.095091 0.124790 0.054208 0.106536 0.168447 0.103238 0.175701 0.106377 0.319858 -0.009837 0.157180 0.114263 0.336103 -0.015640 0.086483 0.008028 0.005777 
0.028534 0.233601 0.225954 0.061365 1.000000 0.155351 0.249613 0.124571 0.710448 0.106270 0.111587 0.233495 0.144172 0.160961 0.199872 0.143402 0.405977 0.060786 0.077622 0.112506 0.115761 0.074041 0.274795 0.148439 0.092463 0.164519 0.142338 0.110853 0.124801 0.010220 0.085275 0.539740 -0.000457 0.167759 0.210811 0.146388 0.056170 0.091805 0.142509 0.113209 0.176748 0.134906 0.288165 0.013629 0.168138 0.139499 0.123005 0.099126 0.175536 0.048470 0.256928 0.060923 0.137286 0.071380 0.219645 0.272771 0.272186 0.169064 0.125752 0.122623 0.129586 0.195991 0.157109 0.166390 0.048803 0.162363 
0.107144 0.119552 0.104061 -0.098036 0.155351 1.000000 0.042803 0.043756 0.143663 0.102129 -0.013202 0.141480 0.035692 0.226427 0.199817 0.141126 0.130587 0.181287 0.070359 0.066415 -0.030296 0.246108 0.199363 0.195137 0.021037 0.531095 0.361101 0.256537 0.042024 0.087603 0.140095 0.231013 0.125696 0.042232 0.127974 0.058815 -0.008800 0.071651 0.551002 0.023958 0.079748 0.056404 0.229705 -0.002460 0.158415 0.000767 0.136545 0.062570 0.171509 0.075899 0.212212 0.058656 0.116913 0.021662 0.013862 0.184681 0.172408 0.190206 0.385660 0.134337 0.171068 0.208859 0.060212 -0.029395 0.093343 0.076270 
0.247592 0.088400 0.003176 0.110468 0.249613 0.042803 1.000000 0.216907 0.399476 0.148751 0.217496 0.162890 0.457335 0.084169 0.293104 0.137462 0.750043 -0.075345 0.036405 -0.030319 0.102054 0.022050 0.147614 0.008466 0.131710 0.036859 0.033121 0.102633 0.178773 0.209391 0.124750 0.353806 0.176019 0.269042 0.070820 0.033628 0.104195 0.049089 0.031216 0.229876 0.020500 0.191672 0.183261 -0.019907 0.099078 0.238212 0.084830 0.188482 0.098023 0.206507 0.078444 0.030335 0.017891 0.113134 0.195177 0.129718 0.174098 0.120325 0.034191 0.085170 0.022977 0.088368 0.250447 0.204630 0.080915 0.284826 
0.564962 0.152702 0.150852 0.188121 0.124571 0.043756 0.216907 1.000000 0.183741 0.225636 0.409753 0.085707 0.453489 0.019068 0.212286 0.112671 0.144260 0.035339 0.086936 0.084663 0.218585 0.056839 0.154242 0.024950 0.194510 0.029727 0.093183 0.046409 0.258786 0.359625 0.429134 0.083926 0.267647 0.018475 0.212751 0.161036 0.097014 0.034882 0.077701 0.069916 0.069837 0.041331 0.086938 -0.017659 0.128931 0.054144 0.080162 -0.008449 0.177620 0.062603 0.176039 0.083504 0.158502 0.092834 0.132920 0.164352 0.126804 0.107696 0.069644 0.110532 0.202283 0.099849 -0.008333 0.129950 0.071885 -0.007594 
0.134012 0.186771 0.201469 0.115401 0.710448 0.143663 0.399476 0.183741 1.000000 0.126507 0.170747 0.278399 0.262095 0.172290 0.560112 0.151541 0.492117 0.042063 0.077371 0.065601 0.150723 0.078596 0.214796 0.119363 0.092077 0.151747 0.119702 0.104320 0.120400 0.197536 0.140696 0.431690 0.144730 0.137520 0.121229 0.082516 0.046052 0.097667 0.109038 0.171614 0.096553 0.158987 0.271698 0.034636 0.195469 0.196046 0.096027 0.113475 0.202732 0.159645 0.239861 0.143569 0.152056 0.068211 0.224447 0.226883 0.298548 0.148374 0.104524 0.169317 0.066230 0.180029 0.128887 0.171127 0.074115 0.162547 
0.176648 0.089302 0.129418 0.343929 0.106270 0.102129 0.148751 0.225636 0.126507 1.000000 0.163710 0.057960 0.304475 0.055538 0.119550 0.316105 0.151349 0.075938 0.094278 0.048714 0.295694 0.153518 0.351079 0.219229 0.810879 0.020722 0.116632 0.120442 0.566662 0.221050 0.212578 0.032481 0.234249 0.048904 0.153461 0.055628 0.318430 0.143165 0.002030 0.211719 0.044687 0.056221 0.414150 0.193862 0.050963 -0.048513 0.069776 0.028374 0.162612 0.445218 0.035244 0.073981 0.060956 0.203258 0.022147 0.180378 0.043975 0.499850 0.065149 0.136811 0.132577 0.391260 0.027495 0.053658 0.034488 0.010624 
0.202112 0.101184 0.068055 0.131702 0.111587 -0.013202 0.217496 0.409753 0.170747 0.163710 1.000000 0.081860 0.429943 -0.028818 0.115477 0.140254 0.053574 0.021146 0.074483 0.044613 0.218772 0.114776 0.105057 0.092414 0.174174 -0.038254 0.058949 0.033435 0.139775 0.110928 0.147022 0.032216 0.098103 0.031833 0.116157 0.092464 0.121936 -0.001725 0.015533 0.093362 0.110944 -0.004563 0.025040 0.044399 -0.015296 0.048984 -0.026947 0.007034 0.065793 0.051750 0.071630 0.051042 0.127611 0.105255 0.048312 0.055253 0.001016 0.058700 -0.080522 0.100349 0.115835 0.055141 0.029155 0.083939 0.021432 0.030179 
0.079195 0.125969 0.102334 0.047110 0.233495 0.141480 0.162890 0.085707 0.278399 0.057960 0.081860 1.000000 0.142825 0.678121 0.057186 0.090115 0.162613 0.053010 0.489141 0.059717 0.109740 0.098895 0.125266 0.086801 0.027487 0.329591 0.020425 0.087848 0.099799 0.067128 0.107697 0.145514 0.057729 0.102073 0.171781 0.151396 -0.024044 0.090060 0.099670 0.143684 0.025848 0.152494 0.121919 0.102975 0.189131 0.061006 0.334081 0.135261 0.156999 0.084658 0.248564 0.137649 0.203512 0.059874 0.193954 0.174432 0.224953 0.032384 0.198678 0.186129 0.114491 0.070999 0.127582 0.105585 0.113013 0.181281 
0.466828 0.141485 0.095655 0.427871 0.144172 0.035692 0.457335 0.453489 0.262095 0.304475 0.429943 0.142825 1.000000 0.053901 0.346967 0.193300 0.353980 -0.002120 0.090650 0.120464 0.566518 0.102400 0.217637 0.021093 0.249340 0.037047 0.100258 0.063625 0.152391 0.373256 0.268926 0.153252 0.322646 0.222108 0.197732 0.112732 0.144898 0.142365 0.007145 0.290594 0.127870 0.206019 0.151417 0.038489 0.124473 0.159683 0.072717 0.164857 0.232917 0.262343 0.137616 0.023283 0.068504 0.155381 0.197641 0.230030 0.202444 0.131623 0.074515 0.145651 0.156878 0.131677 0.166413 0.132488 0.142656 0.176607 
0.065275 0.094444 0.161516 0.005455 0.160961 0.226427 0.084169 0.019068 0.172290 0.055538 -0.028818 0.678121 0.053901 1.000000 0.118308 0.057643 0.084828 0.164097 0.180571 0.047449 0.048494 0.106264 0.104993 0.089386 0.021207 0.508611 0.041783 0.043548 0.056095 0.097661 0.087918 0.182450 0.081020 0.054975 0.126153 0.167067 0.002048 0.089766 0.259980 0.111193 0.021919 0.137647 0.114958 0.084084 0.307614 0.028937 0.660018 0.120055 0.059327 0.083078 0.230187 0.173033 0.189432 0.047883 0.087012 0.100260 0.100540 0.074530 0.494739 0.096832 0.093185 0.123452 0.093604 0.076545 0.079887 0.138799 
0.394915 0.112686 0.170755 0.132936 0.199872 0.199817 0.293104 0.212286 0.560112 0.119550 0.115477 0.057186 0.346967 0.118308 1.000000 0.173902 0.379799 0.138798 0.041642 0.058825 0.185479 0.132143 0.222748 0.123360 0.037597 0.097528 0.134836 0.043789 0.042146 0.569545 0.207202 0.357438 0.432571 0.066799 0.079085 0.097367 -0.026248 0.075177 0.114022 0.162116 0.012784 0.106830 0.114992 0.025734 0.118902 0.147541 0.076457 0.080908 0.195003 0.202251 0.161901 0.136141 0.124679 0.002478 0.093064 0.199876 0.182802 0.049536 0.059427 0.100213 0.072723 0.043502 0.063417 0.102000 0.115972 0.074655 
0.089491 0.125821 0.217072 0.201826 0.143402 0.141126 0.137462 0.112671 0.151541 0.316105 0.140254 0.090115 0.193300 0.057643 0.173902 1.000000 0.160099 0.040041 0.079125 0.102785 0.240012 0.150336 0.839925 0.579833 0.197300 -0.041893 0.139616 0.079647 0.110859 0.107573 0.122376 0.122843 0.133276 0.106238 0.144260 0.124464 0.131853 0.034540 0.031184 0.025548 0.097466 0.074017 0.257297 0.065053 0.138445 0.110688 0.115566 0.021565 0.265917 0.103123 0.057862 0.162667 0.134413 0.178310 0.161995 0.371558 0.095943 0.266039 0.023764 0.113007 0.138690 0.220171 0.126137 0.206141 -0.002998 0.130247 
0.186168 0.123263 -0.000775 0.075326 0.405977 0.130587 0.750043 0.144260 0.492117 0.151349 0.053574 0.162613 0.353980 0.084828 0.379799 0.160099 1.000000 0.057426 0.116934 -0.029203 0.105689 0.063345 0.205857 0.032842 0.134306 0.133065 0.103657 0.129260 0.188959 0.268239 0.088595 0.422989 0.285873 0.338699 0.091012 0.091378 0.074756 0.167538 0.126612 0.275641 0.085760 0.274244 0.334859 0.005898 0.160260 0.255433 0.103181 0.262694 0.195480 0.328748 0.177361 0.052314 0.015810 0.094168 0.273432 0.276425 0.321513 0.165564 0.081211 0.089760 0.028229 0.108990 0.346181 0.220925 0.153399 0.434230 
0.041210 0.118085 0.147116 -0.025655 0.060786 0.181287 -0.075345 0.035339 0.042063 0.075938 0.021146 0.053010 -0.002120 0.164097 0.138798 0.040041 0.057426 1.000000 0.138642 0.415470 -0.018528 0.250000 0.089527 0.108616 0.085151 0.138093 0.135166 0.075346 0.059125 0.134721 0.071661 0.090912 0.259822 0.063636 0.224820 0.236803 0.017986 0.094350 0.178985 0.067332 0.075448 0.073690 0.097905 0.025350 0.091493 0.041802 0.155182 0.050692 0.154915 0.166069 0.082899 0.052823 -0.004347 0.033419 0.106414 0.189559 0.156362 0.106293 0.146780 0.000629 0.154227 0.084179 0.102496 0.039303 0.081521 0.174666 
0.083597 0.061683 0.010831 0.042593 0.077622 0.070359 0.036405 0.086936 0.077371 0.094278 0.074483 0.489141 0.090650 0.180571 0.041642 0.079125 0.116934 0.138642 1.000000 0.410351 0.097591 0.112919 0.121795 0.032929 0.050993 0.176447 0.110425 0.053700 0.048344 0.097842 0.039848 0.032080 0.122053 0.097914 0.125542 0.202623 0.030065 0.050474 0.089523 0.106734 0.048585 0.092992 0.103983 0.146964 0.135598 0.070173 0.069954 0.074818 0.143818 0.110019 0.175055 0.109155 0.148020 0.085440 0.126858 0.172590 0.185260 0.050822 0.094542 0.211212 0.108780 0.031604 0.052724 0.056428 0.090734 0.073143 
0.169271 0.142419 0.168208 0.097670 0.112506 0.066415 -0.030319 0.084663 0.065601 0.048714 0.044613 0.059717 0.120464 0.047449 0.058825 0.102785 -0.029203 0.415470 0.410351 1.000000 0.128038 0.135503 0.142870 0.112376 0.044845 0.066159 0.297073 0.103856 0.008264 0.029608 0.161069 0.064124 0.033036 0.059063 0.220461 0.205923 0.074784 0.019633 0.141291 -0.025354 0.127806 0.047970 0.066381 0.128868 0.058124 0.071532 -0.007210 0.016957 0.165282 0.020031 0.169095 0.032079 0.092516 0.128327 0.158654 0.190194 0.212270 0.072331 0.084137 0.154148 0.204728 0.103975 0.056037 0.058711 0.028923 0.073697 
0.204990 0.109332 0.147141 0.852676 0.115761 -0.030296 0.102054 0.218585 0.150723 0.295694 0.218772 0.109740 0.566518 0.048494 0.185479 0.240012 0.105689 -0.018528 0.097591 0.128038 1.000000 0.014812 0.249763 0.076503 0.419365 -0.036118 0.057511 0.074077 0.164145 0.178965 0.158583 0.081029 0.121787 0.070779 0.134709 0.080828 0.292176 0.089562 -0.010676 0.190797 0.086142 0.057899 0.216444 0.139734 0.091026 0.088742 0.074976 0.027855 0.213984 0.128094 0.134103 0.046821 0.098142 0.193736 0.131919 0.227021 0.130677 0.266482 0.032563 0.172867 0.120355 0.268918 0.032877 0.077588 0.048592 0.057259 
0.146313 0.107866 0.195658 -0.016538 0.074041 0.246108 0.022050 0.056839 0.078596 0.153518 0.114776 0.098895 0.102400 0.106264 0.132143 0.150336 0.063345 0.250000 0.112919 0.135503 0.014812 1.000000 0.141762 0.565405 0.027344 0.189017 0.316170 0.121209 0.143067 0.171063 0.429249 0.086994 0.356853 0.040932 0.114293 0.083704 -0.023849 0.097393 0.186877 0.086793 0.035455 0.087431 0.048339 -0.016214 0.109225 0.077866 0.107347 0.107234 0.102800 0.166501 0.065916 0.034824 0.030144 0.004211 0.074136 0.079621 0.129692 0.033572 0.091147 0.036586 0.108955 0.059624 0.066682 0.007593 0.126686 0.087728 
0.121962 0.294615 0.342426 0.200252 0.274795 0.199363 0.147614 0.154242 0.214796 0.351079 0.105057 0.125266 0.217637 0.104993 0.222748 0.839925 0.205857 0.089527 0.121795 0.142870 0.249763 0.141762 1.000000 0.483683 0.203020 0.011966 0.147574 0.135559 0.137381 0.135677 0.154810 0.217991 0.148673 0.126960 0.232625 0.242705 0.147022 0.144357 0.112167 0.029278 0.118663 0.111669 0.378162 0.073479 0.157274 0.113556 0.152406 0.025551 0.398748 0.101211 0.179743 0.119574 0.151059 0.171986 0.254623 0.634281 0.230908 0.326740 0.039859 0.164654 0.176827 0.261921 0.159699 0.230865 0.092388 0.145603 
0.080596 0.112931 0.411727 0.034978 0.148439 0.195137 0.008466 0.024950 0.119363 0.219229 0.092414 0.086801 0.021093 0.089386 0.123360 0.579833 0.032842 0.108616 0.032929 0.112376 0.076503 0.565405 0.483683 1.000000 0.090328 0.039316 0.226863 0.101183 0.076924 0.076246 0.211363 0.109467 0.157859 0.017411 0.126155 0.102104 0.089127 0.032699 0.086425 0.018596 0.053815 0.021389 0.140583 0.020938 0.078691 0.085252 0.081394 0.032796 0.136584 0.095531 0.036690 0.076528 0.091232 0.110891 0.095883 0.130552 0.124554 0.160950 0.034728 0.108359 0.148045 0.133985 0.065922 0.093932 0.018949 0.077198 
0.093372 0.139882 0.109244 0.556262 0.092463 0.021037 0.131710 0.194510 0.092077 0.810879 0.174174 0.027487 0.249340 0.021207 0.037597 0.197300 0.134306 0.085151 0.050993 0.044845 0.419365 0.027344 0.203020 0.090328 1.000000 -0.019287 0.074128 0.196461 0.698284 0.108030 0.158630 0.029196 0.105620 0.025998 0.189348 0.042734 0.379000 0.035963 -0.035862 0.179942 0.027057 0.042569 0.420540 0.105184 0.036303 -0.070578 0.023952 0.002073 0.144213 0.238292 0.057845 0.087159 0.084770 0.204974 0.040235 0.136089 0.067482 0.574736 0.002802 0.148626 0.188410 0.469043 0.031998 0.041875 -0.018027 0.009290 
0.095201 0.317472 0.097958 -0.075114 0.164519 0.531095 0.036859 0.029727 0.151747 0.020722 -0.038254 0.329591 0.037047 0.508611 0.097528 -0.041893 0.133065 0.138093 0.176447 0.066159 -0.036118 0.189017 0.011966 0.039316 -0.019287 1.000000 0.301619 0.318022 -0.001286 0.088587 0.094189 0.174296 0.093924 0.140987 0.203483 0.176514 -0.065542 0.120329 0.412010 0.058927 0.029797 0.163043 0.154829 0.020921 0.172828 0.018711 0.229513 0.147209 0.102145 0.067731 0.289840 0.108707 0.126948 -0.028334 0.172647 0.112649 0.258679 0.083549 0.543006 0.116589 0.178093 0.136360 0.162991 0.041967 0.113612 0.195406 
0.187768 0.158341 0.141823 -0.001924 0.142338 0.361101 0.033121 0.093183 0.119702 0.116632 0.058949 0.020425 0.100258 0.041783 0.134836 0.139616 0.103657 0.135166 0.110425 0.297073 0.057511 0.316170 0.147574 0.226863 0.074128 0.301619 1.000000 0.298312 0.123986 0.127894 0.311063 0.134662 0.177881 0.097635 0.062259 0.076334 0.081672 0.067323 0.164159 0.059947 0.116598 0.053541 0.175208 0.005032 0.074720 0.076488 -0.001936 0.087757 0.141125 0.069805 0.153034 0.089568 0.124987 0.137626 0.099962 0.135431 0.141565 0.149998 0.024274 0.136766 0.100327 0.199168 0.125213 0.080484 0.051207 0.121484 
0.043770 0.707823 0.204499 0.041682 0.110853 0.256537 0.102633 0.046409 0.104320 0.120442 0.033435 0.087848 0.063625 0.043548 0.043789 0.079647 0.129260 0.075346 0.053700 0.103856 0.074077 0.121209 0.135559 0.101183 0.196461 0.318022 0.298312 1.000000 0.186395 -0.020985 0.085667 0.072315 0.011753 0.132233 0.358872 -0.008314 0.103601 0.082061 0.162517 0.030589 0.047451 0.121620 0.156460 -0.008182 0.072347 -0.027855 -0.010947 0.087138 0.157628 0.039957 0.258523 0.120812 0.128417 0.088307 0.165207 0.148236 0.247497 0.173498 0.031240 0.099013 0.373068 0.227029 0.155928 0.061670 0.052314 0.106036 
0.049908 0.138955 0.075097 0.290617 0.124801 0.042024 0.178773 0.258786 0.120400 0.566662 0.139775 0.099799 0.152391 0.056095 0.042146 0.110859 0.188959 0.059125 0.048344 0.008264 0.164145 0.143067 0.137381 0.076924 0.698284 -0.001286 0.123986 0.186395 1.000000 0.066572 0.223507 0.072744 0.088210 0.047337 0.105770 0.051351 0.164121 0.024377 -0.009237 0.142208 0.038079 0.061219 0.189046 -0.027949 0.110259 0.020790 0.072398 0.047746 0.096734 0.175591 0.098913 0.097817 0.101842 0.073372 0.055030 0.086942 0.084503 0.247141 -0.030372 0.067523 0.116563 0.291937 0.065849 0.049950 0.037207 0.053307 
0.724558 0.050436 0.090824 0.150406 0.010220 0.087603 0.209391 0.359625 0.197536 0.221050 0.110928 0.067128 0.373256 0.097661 0.569545 0.107573 0.268239 0.134721 0.097842 0.029608 0.178965 0.171063 0.135677 0.076246 0.108030 0.088587 0.127894 -0.020985 0.066572 1.000000 0.455429 0.185150 0.898359 0.067647 0.103750 0.085330 0.042941 0.070768 0.072060 0.198837 -0.005326 0.082423 0.089112 0.030596 0.071081 0.121005 0.128369 0.084178 0.186818 0.274355 0.078198 0.055459 0.057070 0.091398 0.113094 0.188158 0.172480 0.049885 0.109056 0.071924 0.038136 0.007349 0.092097 0.111746 0.122544 0.121795 
0.634251 0.108705 0.196009 0.164428 0.085275 0.140095 0.124750 0.429134 0.140696 0.212578 0.147022 0.107697 0.268926 0.087918 0.207202 0.122376 0.088595 0.071661 0.039848 0.161069 0.158583 0.429249 0.154810 0.211363 0.158630 0.094189 0.311063 0.085667 0.223507 0.455429 1.000000 0.093441 0.480486 0.010184 0.144708 0.038811 0.068057 0.008643 0.091969 0.071768 0.061155 -0.001046 0.068248 -0.062349 0.050596 0.056970 0.105881 0.052644 0.156154 0.114142 0.079200 0.026923 0.105711 0.096017 0.106858 0.136801 0.092888 0.084556 0.065006 0.140441 0.133805 0.096043 0.049511 0.157028 0.003033 0.030311 
0.080189 0.162788 0.221654 0.056805 0.539740 0.231013 0.353806 0.083926 0.431690 0.032481 0.032216 0.145514 0.153252 0.182450 0.357438 0.122843 0.422989 0.090912 0.032080 0.064124 0.081029 0.086994 0.217991 0.109467 0.029196 0.174296 0.134662 0.072315 0.072744 0.185150 0.093441 1.000000 0.138706 0.154516 0.128684 0.132564 0.009660 -0.002149 0.135136 0.122568 0.087097 0.111252 0.217201 -0.049069 0.107210 0.081364 0.091528 0.014325 0.226614 0.027365 0.147791 0.039188 0.026429 0.020397 0.160978 0.283747 0.303329 0.135526 0.075465 0.036562 0.073079 0.166631 0.102712 0.081044 -0.006928 0.134961 
0.593375 0.045355 0.088063 0.101554 -0.000457 0.125696 0.176019 0.267647 0.144730 0.234249 0.098103 0.057729 0.322646 0.081020 0.432571 0.133276 0.285873 0.259822 0.122053 0.033036 0.121787 0.356853 0.148673 0.157859 0.105620 0.093924 0.177881 0.011753 0.088210 0.898359 0.480486 0.138706 1.000000 0.113049 0.100817 0.079232 0.053917 0.094931 0.085896 0.250949 0.001062 0.098054 0.098660 0.026606 0.083454 0.146714 0.151149 0.105074 0.214383 0.353033 0.068668 0.037179 0.024823 0.101949 0.119007 0.211984 0.191463 0.049161 0.103990 0.049897 0.040341 0.004566 0.132362 0.127326 0.152649 0.183289 
0.030107 0.118061 0.050859 0.033352 0.167759 0.042232 0.269042 0.018475 0.137520 0.048904 0.031833 0.102073 0.222108 0.054975 0.066799 0.106238 0.338699 0.063636 0.097914 0.059063 0.070779 0.040932 0.126960 0.017411 0.025998 0.140987 0.097635 0.132233 0.047337 0.067647 0.010184 0.154516 0.113049 1.000000 0.056432 0.153580 0.116616 0.099085 0.020298 0.364300 0.344389 0.408550 0.204910 0.047794 0.073624 0.326429 0.020056 0.517240 0.150848 0.200428 0.140898 0.003960 0.045314 0.146747 0.388162 0.197118 0.264417 0.117590 0.038093 0.087267 -0.002308 0.146332 0.814994 0.556275 0.144421 0.705627 
0.183100 0.578098 0.223456 0.110035 0.210811 0.127974 0.070820 0.212751 0.121229 0.153461 0.116157 0.171781 0.197732 0.126153 0.079085 0.144260 0.091012 0.224820 0.125542 0.220461 0.134709 0.114293 0.232625 0.126155 0.189348 0.203483 0.062259 0.358872 0.105770 0.103750 0.144708 0.128684 0.100817 0.056432 1.000000 0.405030 0.190081 0.140336 0.169227 0.021907 0.114212 0.106744 0.186367 0.041072 0.112233 -0.004306 0.079008 0.040253 0.205996 0.038494 0.300706 0.160637 0.224576 0.195088 0.229350 0.286983 0.249038 0.277637 0.163372 0.195225 0.821685 0.324117 0.041325 0.123148 0.119825 0.038263 
0.087085 0.167422 0.279115 0.073469 0.146388 0.058815 0.033628 0.161036 0.082516 0.055628 0.092464 0.151396 0.112732 0.167067 0.097367 0.124464 0.091378 0.236803 0.202623 0.205923 0.080828 0.083704 0.242705 0.102104 0.042734 0.176514 0.076334 -0.008314 0.051351 0.085330 0.038811 0.132564 0.079232 0.153580 0.405030 1.000000 0.108874 0.312341 0.131206 0.092424 0.059325 0.206992 0.161634 0.050558 0.122613 0.126520 0.135854 0.151814 0.305915 0.097649 0.241998 0.158696 0.138170 0.121151 0.231370 0.440152 0.294877 0.132289 0.076136 0.086059 0.364215 0.163858 0.182660 0.203074 0.345237 0.205218 
0.108920 0.046151 0.079667 0.320813 0.056170 -0.008800 0.104195 0.097014 0.046052 0.318430 0.121936 -0.024044 0.144898 0.002048 -0.026248 0.131853 0.074756 0.017986 0.030065 0.074784 0.292176 -0.023849 0.147022 0.089127 0.379000 -0.065542 0.081672 0.103601 0.164121 0.042941 0.068057 0.009660 0.053917 0.116616 0.190081 0.108874 1.000000 0.053408 -0.035657 0.101659 0.150109 -0.016466 0.360271 0.220247 0.038205 0.144957 0.048540 -0.011314 0.129375 0.151300 0.073493 0.003902 0.060553 0.832676 0.150348 0.105977 0.135486 0.558891 0.047179 0.179582 0.135384 0.513400 0.075327 0.168640 0.004605 0.075966 
0.037649 0.128394 0.100954 0.037540 0.091805 0.071651 0.049089 0.034882 0.097667 0.143165 -0.001725 0.090060 0.142365 0.089766 0.075177 0.034540 0.167538 0.094350 0.050474 0.019633 0.089562 0.097393 0.144357 0.032699 0.035963 0.120329 0.067323 0.082061 0.024377 0.070768 0.008643 -0.002149 0.094931 0.099085 0.140336 0.312341 0.053408 1.000000 0.133233 0.120944 -0.020617 0.408257 0.090152 0.057088 0.106620 -0.018067 0.166494 0.173639 0.227546 0.389169 0.084234 0.010019 0.092991 0.066116 0.088300 0.302142 0.145631 0.033639 0.068731 0.138594 0.087702 0.025077 0.137824 0.062545 0.749895 0.121673 
0.091142 0.173302 0.090236 -0.055742 0.142509 0.551002 0.031216 0.077701 0.109038 0.002030 0.015533 0.099670 0.007145 0.259980 0.114022 0.031184 0.126612 0.178985 0.089523 0.141291 -0.010676 0.186877 0.112167 0.086425 -0.035862 0.412010 0.164159 0.162517 -0.009237 0.072060 0.091969 0.135136 0.085896 0.020298 0.169227 0.131206 -0.035657 0.133233 1.000000 -0.035391 0.084163 0.081217 0.091875 0.059928 0.087870 0.009950 0.183376 0.107700 0.086995 0.058026 0.310730 0.030392 0.145617 -0.033052 0.085258 0.137370 0.200482 0.064549 0.428445 0.188887 0.207339 0.094273 0.068965 -0.004496 0.152066 0.092758 
0.105590 0.066109 0.121606 0.199043 0.113209 0.023958 0.229876 0.069916 0.171614 0.211719 0.093362 0.143684 0.290594 0.111193 0.162116 0.025548 0.275641 0.067332 0.106734 -0.025354 0.190797 0.086793 0.029278 0.018596 0.179942 0.058927 0.059947 0.030589 0.142208 0.198837 0.071768 0.122568 0.250949 0.364300 0.021907 0.092424 0.101659 0.120944 -0.035391 1.000000 0.018577 0.471801 0.135176 0.086044 0.096561 0.333676 0.119424 0.390108 0.100515 0.616075 0.047428 0.020327 0.011342 0.054076 0.084297 0.058339 0.121224 0.108236 0.065616 0.010669 -0.053939 0.129679 0.268347 0.082997 0.225649 0.309944 
0.048395 0.101744 0.026562 0.038009 0.176748 0.079748 0.020500 0.069837 0.096553 0.044687 0.110944 0.025848 0.127870 0.021919 0.012784 0.097466 0.085760 0.075448 0.048585 0.127806 0.086142 0.035455 0.118663 0.053815 0.027057 0.029797 0.116598 0.047451 0.038079 -0.005326 0.061155 0.087097 0.001062 0.344389 0.114212 0.059325 0.150109 -0.020617 0.084163 0.018577 1.000000 0.072751 0.300462 0.331221 0.069648 0.292919 -0.005181 0.099766 0.068276 -0.035725 0.109164 0.045087 0.079984 0.168610 0.167961 0.097721 0.154654 0.271305 0.034664 0.104525 0.074404 0.265856 0.194976 0.168964 -0.013172 0.154608 
0.051331 0.165804 0.056003 0.025456 0.134906 0.056404 0.191672 0.041331 0.158987 0.056221 -0.004563 0.152494 0.206019 0.137647 0.106830 0.074017 0.274244 0.073690 0.092992 0.047970 0.057899 0.087431 0.111669 0.021389 0.042569 0.163043 0.053541 0.121620 0.061219 0.082423 -0.001046 0.111252 0.098054 0.408550 0.106744 0.206992 -0.016466 0.408257 0.081217 0.471801 0.072751 1.000000 0.059038 -0.032281 0.293587 0.139996 0.219456 0.680361 0.118764 0.352747 0.104019 0.112247 0.056943 -0.012460 0.106294 0.127606 0.138260 0.018313 0.167298 0.047459 0.053524 0.076150 0.390135 0.071527 0.479473 0.340025 
0.089878 0.147065 0.163005 0.220782 0.288165 0.229705 0.183261 0.086938 0.271698 0.414150 0.025040 0.121919 0.151417 0.114958 0.114992 0.257297 0.334859 0.097905 0.103983 0.066381 0.216444 0.048339 0.378162 0.140583 0.420540 0.154829 0.175208 0.156460 0.189046 0.089112 0.068248 0.217201 0.098660 0.204910 0.186367 0.161634 0.360271 0.090152 0.091875 0.135176 0.300462 0.059038 1.000000 0.291518 0.127364 0.255532 0.069101 0.044447 0.353275 0.098901 0.178734 0.112456 0.114857 0.288129 0.368245 0.447718 0.372590 0.859094 0.089951 0.233259 0.104150 0.611957 0.152680 0.210342 0.034621 0.203502 
-0.005765 0.019793 0.019142 0.112638 0.013629 -0.002460 -0.019907 -0.017659 0.034636 0.193862 0.044399 0.102975 0.038489 0.084084 0.025734 0.065053 0.005898 0.025350 0.146964 0.128868 0.139734 -0.016214 0.073479 0.020938 0.105184 0.020921 0.005032 -0.008182 -0.027949 0.030596 -0.062349 -0.049069 0.026606 0.047794 0.041072 0.050558 0.220247 0.057088 0.059928 0.086044 0.331221 -0.032281 0.291518 1.000000 0.069051 0.271827 0.054276 0.033575 -0.033577 0.146790 0.193228 0.083107 0.099021 0.227590 0.020929 0.002441 0.084542 0.327293 0.046977 0.096087 0.010613 0.203951 0.003540 -0.013837 -0.018201 0.005511 
0.022040 0.141519 0.024517 0.046581 0.168138 0.158415 0.099078 0.128931 0.195469 0.050963 -0.015296 0.189131 0.124473 0.307614 0.118902 0.138445 0.160260 0.091493 0.135598 0.058124 0.091026 0.109225 0.157274 0.078691 0.036303 0.172828 0.074720 0.072347 0.110259 0.071081 0.050596 0.107210 0.083454 0.073624 0.112233 0.122613 0.038205 0.106620 0.087870 0.096561 0.069648 0.293587 0.127364 0.069051 1.000000 0.074059 0.696594 0.113638 0.092751 0.137442 0.186582 0.488399 0.170291 0.062166 0.080082 0.104857 0.115586 0.131577 0.405673 0.116160 0.058106 0.167444 0.063887 0.034121 0.126615 0.065835 
0.072613 0.032036 0.126685 0.062051 0.139499 0.000767 0.238212 0.054144 0.196046 -0.048513 0.048984 0.061006 0.159683 0.028937 0.147541 0.110688 0.255433 0.041802 0.070173 0.071532 0.088742 0.077866 0.113556 0.085252 -0.070578 0.018711 0.076488 -0.027855 0.020790 0.121005 0.056970 0.081364 0.146714 0.326429 -0.004306 0.126520 0.144957 -0.018067 0.009950 0.333676 0.292919 0.139996 0.255532 0.271827 0.074059 1.000000 0.041303 0.258237 0.060778 0.139669 0.090060 0.027312 0.084239 0.245705 0.209262 0.075895 0.153860 0.193310 -0.011027 0.061391 -0.055627 0.146557 0.279560 0.207139 0.072860 0.328287 
0.073186 0.052974 0.096674 0.023268 0.123005 0.136545 0.084830 0.080162 0.096027 0.069776 -0.026947 0.334081 0.072717 0.660018 0.076457 0.115566 0.103181 0.155182 0.069954 -0.007210 0.074976 0.107347 0.152406 0.081394 0.023952 0.229513 -0.001936 -0.010947 0.072398 0.128369 0.105881 0.091528 0.151149 0.020056 0.079008 0.135854 0.048540 0.166494 0.183376 0.119424 -0.005181 0.219456 0.069101 0.054276 0.696594 0.041303 1.000000 0.121448 0.025784 0.150044 0.089290 0.229581 0.080678 0.064655 0.001397 0.089873 -0.019044 0.070836 0.549591 0.057764 0.012174 0.068529 0.077424 0.041743 0.111774 0.092844 
0.062597 0.104874 0.047291 -0.021818 0.099126 0.062570 0.188482 -0.008449 0.113475 0.028374 0.007034 0.135261 0.164857 0.120055 0.080908 0.021565 0.262694 0.050692 0.074818 0.016957 0.027855 0.107234 0.025551 0.032796 0.002073 0.147209 0.087757 0.087138 0.047746 0.084178 0.052644 0.014325 0.105074 0.517240 0.040253 0.151814 -0.011314 0.173639 0.107700 0.390108 0.099766 0.680361 0.044447 0.033575 0.113638 0.258237 0.121448 1.000000 0.006046 0.327020 0.127314 0.135318 0.064031 0.003868 0.038900 -0.006543 0.030034 -0.017789 0.107598 -0.019445 0.038221 0.035932 0.614949 0.121959 0.319729 0.598235 
0.173154 0.167488 0.231939 0.199517 0.175536 0.171509 0.098023 0.177620 0.202732 0.162612 0.065793 0.156999 0.232917 0.059327 0.195003 0.265917 0.195480 0.154915 0.143818 0.165282 0.213984 0.102800 0.398748 0.136584 0.144213 0.102145 0.141125 0.157628 0.096734 0.186818 0.156154 0.226614 0.214383 0.150848 0.205996 0.305915 0.129375 0.227546 0.086995 0.100515 0.068276 0.118764 0.353275 -0.033577 0.092751 0.060778 0.025784 0.006046 1.000000 0.097071 0.241598 0.110111 0.110045 0.159961 0.340382 0.828515 0.574636 0.236203 -0.004261 0.215230 0.185622 0.222661 0.091863 0.194385 0.156207 0.119019 
0.146581 0.052825 0.034820 0.095091 0.048470 0.075899 0.206507 0.062603 0.159645 0.445218 0.051750 0.084658 0.262343 0.083078 0.202251 0.103123 0.328748 0.166069 0.110019 0.020031 0.128094 0.166501 0.101211 0.095531 0.238292 0.067731 0.069805 0.039957 0.175591 0.274355 0.114142 0.027365 0.353033 0.200428 0.038494 0.097649 0.151300 0.389169 0.058026 0.616075 -0.035725 0.352747 0.098901 0.146790 0.137442 0.139669 0.150044 0.327020 0.097071 1.000000 0.035171 0.038956 -0.001996 0.156262 -0.001322 0.079590 0.068888 0.121351 0.101805 0.057630 0.003879 0.135270 0.221006 0.034554 0.331695 0.288330 
0.127631 0.327694 0.200472 0.124790 0.256928 0.212212 0.078444 0.176039 0.239861 0.035244 0.071630 0.248564 0.137616 0.230187 0.161901 0.057862 0.177361 0.082899 0.175055 0.169095 0.134103 0.065916 0.179743 0.036690 0.057845 0.289840 0.153034 0.258523 0.098913 0.078198 0.079200 0.147791 0.068668 0.140898 0.300706 0.241998 0.073493 0.084234 0.310730 0.047428 0.109164 0.104019 0.178734 0.193228 0.186582 0.090060 0.089290 0.127314 0.241598 0.035171 1.000000 0.233469 0.555598 0.135718 0.263809 0.275539 0.468837 0.140896 0.144481 0.197424 0.336981 0.232824 0.144232 0.135389 0.070012 0.180448 
0.018457 0.144651 0.061570 0.054208 0.060923 0.058656 0.030335 0.083504 0.143569 0.073981 0.051042 0.137649 0.023283 0.173033 0.136141 0.162667 0.052314 0.052823 0.109155 0.032079 0.046821 0.034824 0.119574 0.076528 0.087159 0.108707 0.089568 0.120812 0.097817 0.055459 0.026923 0.039188 0.037179 0.003960 0.160637 0.158696 0.003902 0.010019 0.030392 0.020327 0.045087 0.112247 0.112456 0.083107 0.488399 0.027312 0.229581 0.135318 0.110111 0.038956 0.233469 1.000000 0.447859 0.017676 0.018582 0.081483 0.052275 0.114228 0.079162 0.093492 0.126907 0.152150 0.048126 0.086732 0.067832 0.082142 
0.111991 0.124355 0.158870 0.106536 0.137286 0.116913 0.017891 0.158502 0.152056 0.060956 0.127611 0.203512 0.068504 0.189432 0.124679 0.134413 0.015810 -0.004347 0.148020 0.092516 0.098142 0.030144 0.151059 0.091232 0.084770 0.126948 0.124987 0.128417 0.101842 0.057070 0.105711 0.026429 0.024823 0.045314 0.224576 0.138170 0.060553 0.092991 0.145617 0.011342 0.079984 0.056943 0.114857 0.099021 0.170291 0.084239 0.080678 0.064031 0.110045 -0.001996 0.555598 0.447859 1.000000 0.086065 0.075332 0.115030 0.069228 0.137979 0.032575 0.315865 0.273237 0.185494 0.068801 0.222133 0.081940 0.051718 
0.149315 0.056187 0.087316 0.168447 0.071380 0.021662 0.113134 0.092834 0.068211 0.203258 0.105255 0.059874 0.155381 0.047883 0.002478 0.178310 0.094168 0.033419 0.085440 0.128327 0.193736 0.004211 0.171986 0.110891 0.204974 -0.028334 0.137626 0.088307 0.073372 0.091398 0.096017 0.020397 0.101949 0.146747 0.195088 0.121151 0.832676 0.066116 -0.033052 0.054076 0.168610 -0.012460 0.288129 0.227590 0.062166 0.245705 0.064655 0.003868 0.159961 0.156262 0.135718 0.017676 0.086065 1.000000 0.217003 0.143165 0.187486 0.422048 0.023785 0.200944 0.125970 0.412493 0.111571 0.241863 0.023773 0.120142 
0.129490 0.232861 0.165150 0.103238 0.219645 0.013862 0.195177 0.132920 0.224447 0.022147 0.048312 0.193954 0.197641 0.087012 0.093064 0.161995 0.273432 0.106414 0.126858 0.158654 0.131919 0.074136 0.254623 0.095883 0.040235 0.172647 0.099962 0.165207 0.055030 0.113094 0.106858 0.160978 0.119007 0.388162 0.229350 0.231370 0.150348 0.088300 0.085258 0.084297 0.167961 0.106294 0.368245 0.020929 0.080082 0.209262 0.001397 0.038900 0.340382 -0.001322 0.263809 0.018582 0.075332 0.217003 1.000000 0.415264 0.718319 0.222160 0.026087 0.342866 0.173870 0.192075 0.376836 0.567656 0.087215 0.426881 
0.138171 0.258849 0.235386 0.175701 0.272771 0.184681 0.129718 0.164352 0.226883 0.180378 0.055253 0.174432 0.230030 0.100260 0.199876 0.371558 0.276425 0.189559 0.172590 0.190194 0.227021 0.079621 0.634281 0.130552 0.136089 0.112649 0.135431 0.148236 0.086942 0.188158 0.136801 0.283747 0.211984 0.197118 0.286983 0.440152 0.105977 0.302142 0.137370 0.058339 0.097721 0.127606 0.447718 0.002441 0.104857 0.075895 0.089873 -0.006543 0.828515 0.079590 0.275539 0.081483 0.115030 0.143165 0.415264 1.000000 0.566403 0.270406 0.013864 0.225157 0.213382 0.211360 0.166748 0.230496 0.238092 0.185037 
0.156024 0.315210 0.213928 0.106377 0.272186 0.172408 0.174098 0.126804 0.298548 0.043975 0.001016 0.224953 0.202444 0.100540 0.182802 0.095943 0.321513 0.156362 0.185260 0.212270 0.130677 0.129692 0.230908 0.124554 0.067482 0.258679 0.141565 0.247497 0.084503 0.172480 0.092888 0.303329 0.191463 0.264417 0.249038 0.294877 0.135486 0.145631 0.200482 0.121224 0.154654 0.138260 0.372590 0.084542 0.115586 0.153860 -0.019044 0.030034 0.574636 0.068888 0.468837 0.052275 0.069228 0.187486 0.718319 0.566403 1.000000 0.216878 0.043587 0.275313 0.191684 0.231814 0.230081 0.195319 0.143646 0.297102 
0.097393 0.157779 0.182910 0.319858 0.169064 0.190206 0.120325 0.107696 0.148374 0.499850 0.058700 0.032384 0.131623 0.074530 0.049536 0.266039 0.165564 0.106293 0.050822 0.072331 0.266482 0.033572 0.326740 0.160950 0.574736 0.083549 0.149998 0.173498 0.247141 0.049885 0.084556 0.135526 0.049161 0.117590 0.277637 0.132289 0.558891 0.033639 0.064549 0.108236 0.271305 0.018313 0.859094 0.327293 0.131577 0.193310 0.070836 -0.017789 0.236203 0.121351 0.140896 0.114228 0.137979 0.422048 0.222160 0.270406 0.216878 1.000000 0.109865 0.250443 0.228653 0.805246 0.078581 0.160052 -0.027411 0.080990 
0.096155 0.015963 0.034721 -0.009837 0.125752 0.385660 0.034191 0.069644 0.104524 0.065149 -0.080522 0.198678 0.074515 0.494739 0.059427 0.023764 0.081211 0.146780 0.094542 0.084137 0.032563 0.091147 0.039859 0.034728 0.002802 0.543006 0.024274 0.031240 -0.030372 0.109056 0.065006 0.075465 0.103990 0.038093 0.163372 0.076136 0.047179 0.068731 0.428445 0.065616 0.034664 0.167298 0.089951 0.046977 0.405673 -0.011027 0.549591 0.107598 -0.004261 0.101805 0.144481 0.079162 0.032575 0.023785 0.026087 0.013864 0.043587 0.109865 1.000000 0.151246 0.162096 0.104889 0.056112 -0.030486 0.053139 0.072573 
0.116542 0.058112 0.154554 0.157180 0.122623 0.134337 0.085170 0.110532 0.169317 0.136811 0.100349 0.186129 0.145651 0.096832 0.100213 0.113007 0.089760 0.000629 0.211212 0.154148 0.172867 0.036586 0.164654 0.108359 0.148626 0.116589 0.136766 0.099013 0.067523 0.071924 0.140441 0.036562 0.049897 0.087267 0.195225 0.086059 0.179582 0.138594 0.188887 0.010669 0.104525 0.047459 0.233259 0.096087 0.116160 0.061391 0.057764 -0.019445 0.215230 0.057630 0.197424 0.093492 0.315865 0.200944 0.342866 0.225157 0.275313 0.250443 0.151246 1.000000 0.243074 0.241779 0.081175 0.241354 0.082134 0.057644 
0.124553 0.427150 0.236225 0.114263 0.129586 0.171068 0.022977 0.202283 0.066230 0.132577 0.115835 0.114491 0.156878 0.093185 0.072723 0.138690 0.028229 0.154227 0.108780 0.204728 0.120355 0.108955 0.176827 0.148045 0.188410 0.178093 0.100327 0.373068 0.116563 0.038136 0.133805 0.073079 0.040341 -0.002308 0.821685 0.364215 0.135384 0.087702 0.207339 -0.053939 0.074404 0.053524 0.104150 0.010613 0.058106 -0.055627 0.012174 0.038221 0.185622 0.003879 0.336981 0.126907 0.273237 0.125970 0.173870 0.213382 0.191684 0.228653 0.162096 0.243074 1.000000 0.322283 0.009621 0.094218 0.050639 -0.011011 
0.077854 0.235017 0.255502 0.336103 0.195991 0.208859 0.088368 0.099849 0.180029 0.391260 0.055141 0.070999 0.131677 0.123452 0.043502 0.220171 0.108990 0.084179 0.031604 0.103975 0.268918 0.059624 0.261921 0.133985 0.469043 0.136360 0.199168 0.227029 0.291937 0.007349 0.096043 0.166631 0.004566 0.146332 0.324117 0.163858 0.513400 0.025077 0.094273 0.129679 0.265856 0.076150 0.611957 0.203951 0.167444 0.146557 0.068529 0.035932 0.222661 0.135270 0.232824 0.152150 0.185494 0.412493 0.192075 0.211360 0.231814 0.805246 0.104889 0.241779 0.322283 1.000000 0.105526 0.136648 -0.036469 0.101608 
0.089190 0.150484 0.103241 -0.015640 0.157109 0.060212 0.250447 -0.008333 0.128887 0.027495 0.029155 0.127582 0.166413 0.093604 0.063417 0.126137 0.346181 0.102496 0.052724 0.056037 0.032877 0.066682 0.159699 0.065922 0.031998 0.162991 0.125213 0.155928 0.065849 0.092097 0.049511 0.102712 0.132362 0.814994 0.041325 0.182660 0.075327 0.137824 0.068965 0.268347 0.194976 0.390135 0.152680 0.003540 0.063887 0.279560 0.077424 0.614949 0.091863 0.221006 0.144232 0.048126 0.068801 0.111571 0.376836 0.166748 0.230081 0.078581 0.056112 0.081175 0.009621 0.105526 1.000000 0.557841 0.208021 0.904345 
0.120305 0.066577 0.181749 0.086483 0.166390 -0.029395 0.204630 0.129950 0.171127 0.053658 0.083939 0.105585 0.132488 0.076545 0.102000 0.206141 0.220925 0.039303 0.056428 0.058711 0.077588 0.007593 0.230865 0.093932 0.041875 0.041967 0.080484 0.061670 0.049950 0.111746 0.157028 0.081044 0.127326 0.556275 0.123148 0.203074 0.168640 0.062545 -0.004496 0.082997 0.168964 0.071527 0.210342 -0.013837 0.034121 0.207139 0.041743 0.121959 0.194385 0.034554 0.135389 0.086732 0.222133 0.241863 0.567656 0.230496 0.195319 0.160052 -0.030486 0.241354 0.094218 0.136648 0.557841 1.000000 0.067235 0.495309 
0.083013 0.100951 0.056176 0.008028 0.048803 0.093343 0.080915 0.071885 0.074115 0.034488 0.021432 0.113013 0.142656 0.079887 0.115972 -0.002998 0.153399 0.081521 0.090734 0.028923 0.048592 0.126686 0.092388 0.018949 -0.018027 0.113612 0.051207 0.052314 0.037207 0.122544 0.003033 -0.006928 0.152649 0.144421 0.119825 0.345237 0.004605 0.749895 0.152066 0.225649 -0.013172 0.479473 0.034621 -0.018201 0.126615 0.072860 0.111774 0.319729 0.156207 0.331695 0.070012 0.067832 0.081940 0.023773 0.087215 0.238092 0.143646 -0.027411 0.053139 0.082134 0.050639 -0.036469 0.208021 0.067235 1.000000 0.200922 
0.097618 0.125714 0.097353 0.005777 0.162363 0.076270 0.284826 -0.007594 0.162547 0.010624 0.030179 0.181281 0.176607 0.138799 0.074655 0.130247 0.434230 0.174666 0.073143 0.073697 0.057259 0.087728 0.145603 0.077198 0.009290 0.195406 0.121484 0.106036 0.053307 0.121795 0.030311 0.134961 0.183289 0.705627 0.038263 0.205218 0.075966 0.121673 0.092758 0.309944 0.154608 0.340025 0.203502 0.005511 0.065835 0.328287 0.092844 0.598235 0.119019 0.288330 0.180448 0.082142 0.051718 0.120142 0.426881 0.185037 0.297102 0.080990 0.072573 0.057644 -0.011011 0.101608 0.904345 0.495309 0.200922 1.000000 
