1.000000 0.111486 0.003620 0.073966 -0.027844 0.067398 0.144186 0.509745 0.170770 0.183349 0.143505 0.101702 0.470194 0.068932 0.346818 0.169387 0.340906 -0.003835 0.044212 0.113119 0.098300 0.093405 0.103263 0.174905 0.127110 0.063869 0.030666 0.076089 0.104059 0.670317 0.511047 0.053470 0.566375 0.224598 0.150266 0.084625 0.106008 0.135786 0.114081 0.101789 0.180826 0.109275 0.269964 0.016520 0.065074 0.131531 0.034975 0.183047 -0.006622 0.216863 -0.021954 0.073386 0.093539 0.048775 0.151161 0.031350 -0.076479 0.139156 0.060062 0.077192 0.018136 0.160297 0.248167 0.251055 0.183278 0.277096 
0.111486 1.000000 0.299143 0.019669 0.030891 0.142083 0.015789 0.053957 0.010018 0.058475 -0.008231 0.176764 -0.066356 0.242785 0.040738 0.050415 0.030875 0.129160 0.066804 0.064327 0.027080 0.056235 0.071597 0.056411 0.039311 0.104957 0.191491 0.698700 0.138101 0.130318 0.101804 0.016794 0.076824 0.003356 0.444451 0.019343 0.103837 0.117198 0.106161 0.139966 0.106845 0.154378 -0.004635 0.082254 0.024493 0.060754 0.069419 0.001536 -0.017899 0.079623 0.193860 0.101832 0.073938 0.083960 -0.006663 -0.016642 -0.086107 0.051692 0.002586 -0.010346 0.265218 0.057147 -0.018236 -0.019272 0.080549 0.000692 
0.003620 0.299143 1.000000 -0.082248 0.048976 0.188235 0.042287 -0.012896 0.107271 0.145758 -0.024471 0.128566 -0.015036 0.150453 0.042800 -0.026589 0.067289 0.148406 0.027490 0.021585 -0.079310 0.011742 0.245928 0.163111 0.040779 0.143644 0.092941 0.462545 -0.008211 0.046402 0.069790 0.060056 0.012015 0.032251 -0.022127 0.027562 0.028663 0.041308 0.031036 0.047516 -0.009196 0.132750 0.005599 -0.062366 0.044688 -0.046728 0.047870 0.073900 0.059276 0.094325 0.067400 -0.096329 -0.064583 0.057357 0.007881 0.062037 0.030748 0.020417 0.087748 0.097697 0.036017 0.022032 0.057329 -0.004780 0.094173 0.075743 
0.073966 0.019669 -0.082248 1.000000 0.213654 -0.078702 0.235421 0.157113 0.070575 0.393726 0.302210 0.010928 0.378046 0.074245 0.011360 0.114540 0.182500 -0.026895 -0.103738 0.029885 0.875754 0.104702 0.053404 0.131801 0.682114 0.022225 0.121993 -0.033617 0.185858 0.113779 0.183020 -0.023649 0.087284 0.125653 0.087927 0.106705 0.409518 0.116950 0.091208 0.132247 0.042263 0.030178 0.173493 0.163302 -0.017392 0.059713 -0.008544 0.084287 0.001675 0.109957 0.043700 -0.042679 0.050129 0.240086 0.204094 0.024158 -0.046105 0.263209 -0.039994 -0.056493 0.107769 0.174203 0.167519 0.099632 0.125638 0.169250 
-0.027844 0.030891 0.048976 0.213654 1.000000 -0.002341 0.615633 -0.018452 0.290870 -0.019206 0.220442 -0.027279 -0.012198 -0.028627 0.159770 0.149760 0.256308 0.009161 -0.046034 0.035034 0.234049 0.095044 0.218856 0.231742 0.118463 -0.012505 0.104242 0.080156 0.117643 0.064387 0.057021 0.321713 0.060924 0.059744 0.092287 0.059916 0.081278 0.063818 0.045490 0.093988 0.114424 0.025608 0.178874 0.143717 -0.085235 0.056120 -0.069828 0.076897 -0.014046 -0.008913 0.072669 -0.006984 -0.041373 0.077648 0.044506 0.108298 -0.051363 0.104210 -0.043912 0.028332 0.156858 0.101191 0.061927 0.054912 0.037743 0.085656 
0.067398 0.142083 0.188235 -0.078702 -0.002341 1.000000 0.003163 0.058955 -0.008160 -0.066269 0.020943 0.068277 0.009809 0.232087 0.008537 -0.028124 0.018002 0.147235 -0.023908 -0.057276 -0.098370 -0.116894 -0.067310 -0.066276 -0.027997 0.404326 0.043256 0.104569 -0.033195 -0.017224 -0.000498 0.076134 -0.055571 -0.014490 0.046714 0.002961 0.023679 0.015592 0.478996 -0.029795 0.028722 0.067053 0.020455 0.052249 0.232555 -0.031615 0.320313 0.008529 -0.015036 -0.052194 0.048269 0.021024 -0.000533 0.000470 0.010136 -0.003269 0.033105 0.052550 0.439836 -0.032876 0.000174 0.026528 -0.022639 0.009633 0.005407 -0.045493 
0.144186 0.015789 0.042287 0.235421 0.615633 0.003163 1.000000 0.028149 0.567406 0.080469 0.070632 0.076428 0.143166 -0.018647 0.195248 0.111901 0.553114 0.055114 -0.065628 0.051222 0.246860 0.064335 0.119535 0.115884 0.144700 0.069414 0.075735 0.038785 0.103139 0.190363 0.116987 0.334999 0.170399 0.191318 0.112113 0.156232 0.165923 0.181579 0.088817 0.211242 0.104664 0.149213 0.281729 0.155701 -0.039073 0.113162 -0.054635 0.232190 0.039292 0.187867 0.194827 -0.012050 0.040534 0.161448 0.119954 0.181746 -0.010809 0.166919 -0.062014 -0.045930 0.121490 0.119285 0.259947 0.094356 0.141600 0.309832 
0.509745 0.053957 -0.012896 0.157113 -0.018452 0.058955 0.028149 1.000000 0.016727 0.264562 0.252239 0.073246 0.385330 0.095954 0.078488 0.075875 0.067540 0.075937 -0.034941 0.110306 0.187840 0.069999 0.036671 0.048271 0.258237 0.059694 0.099803 0.019074 0.114957 0.191735 0.324406 -0.022334 0.177256 0.125468 0.066499 0.081612 0.029834 0.055941 0.134981 0.039513 0.201405 0.022941 0.067256 0.052030 0.088041 0.015967 0.074100 0.147875 -0.037854 0.170456 0.043140 0.049682 0.105172 0.024382 0.141161 -0.043866 -0.105490 0.079588 0.110815 0.070843 -0.005888 0.163981 0.160467 0.164032 0.085027 0.167863 
0.170770 0.010018 0.107271 0.070575 0.290870 -0.008160 0.567406 0.016727 1.000000 -0.045699 -0.062081 0.140302 0.055624 0.009829 0.408876 0.060452 0.290591 -0.016007 0.000608 0.010787 0.082223 0.100571 0.099809 0.098154 -0.018388 0.078883 0.115997 0.016701 0.063198 0.215835 0.151871 0.301786 0.155611 0.024327 0.037681 0.041150 0.136056 0.112387 0.078518 0.124328 0.027379 0.123611 0.189672 -0.011851 -0.070956 0.111196 -0.091458 0.228703 0.052554 0.096532 0.119515 -0.015656 -0.020035 0.151079 0.117245 0.177375 0.068761 0.119384 -0.050963 -0.064650 0.022068 0.058513 0.134467 0.019392 0.099472 0.175244 
0.183349 0.058475 0.145758 0.393726 -0.019206 -0.066269 0.080469 0.264562 -0.045699 1.000000 0.156909 0.081434 0.463710 0.048370 -0.046124 0.379334 0.133262 -0.006152 -0.071297 0.063021 0.339746 0.281449 0.416985 0.310989 0.785924 0.046811 0.065955 0.161097 0.298231 0.118691 0.118708 -0.113187 0.170845 0.310393 0.078962 0.191739 0.346092 0.238504 0.015602 0.115795 0.051622 0.202292 0.149943 0.033717 0.015616 -0.009835 -0.012227 0.238519 0.171870 0.563782 0.097953 0.011327 0.021044 0.281317 0.201405 0.135823 0.036873 0.283689 -0.007900 0.074553 0.087355 0.152021 0.347555 0.187842 0.325730 0.346554 
0.143505 -0.008231 -0.024471 0.302210 0.220442 0.020943 0.070632 0.252239 -0.062081 0.156909 1.000000 -0.021642 0.297582 0.052553 0.126976 0.108663 0.148797 0.043931 -0.030129 0.042414 0.426283 0.060164 0.060024 0.115607 0.243505 0.024658 0.097874 -0.017351 0.136543 0.167899 0.060483 0.045395 0.149630 0.124827 0.062577 0.102313 0.132146 0.081781 0.094525 0.105793 0.129545 -0.002136 0.071969 0.215957 0.019243 0.088168 0.012728 0.143658 -0.026917 0.035726 0.073803 0.089869 0.071903 0.111963 0.077234 -0.058762 -0.060842 0.086367 0.060014 0.096960 0.089235 0.090619 0.154828 0.049602 0.130258 0.147893 
0.101702 0.176764 0.128566 0.010928 -0.027279 0.068277 0.076428 0.073246 0.140302 0.081434 -0.021642 1.000000 0.015368 0.704461 0.010409 -0.012566 0.130469 0.082161 0.228272 0.045567 0.006512 0.070033 0.001977 -0.028842 0.050650 0.506647 0.053357 0.137491 0.058921 0.104060 0.107935 -0.018766 0.131822 0.010231 0.246983 0.088071 0.099407 -0.050059 0.035887 -0.023360 0.121133 0.023747 0.130564 -0.005152 0.031774 0.083275 0.151617 0.005013 -0.062337 -0.001578 0.037454 -0.089850 -0.126250 0.114233 -0.025151 0.005150 -0.013835 0.118227 0.012538 -0.020571 0.113019 0.109576 -0.009500 -0.003418 -0.048950 0.031607 
0.470194 -0.066356 -0.015036 0.378046 -0.012198 0.009809 0.143166 0.385330 0.055624 0.463710 0.297582 0.015368 1.000000 0.012368 0.113361 0.092857 0.221580 -0.004491 0.011929 0.060879 0.469505 0.080911 0.029447 0.139000 0.472536 0.053046 -0.008768 -0.064478 0.056925 0.240385 0.134373 -0.005446 0.174512 0.281319 0.032418 0.081260 0.243596 0.143622 0.146869 0.073388 0.038523 0.084873 0.084930 0.040499 0.060287 -0.037782 0.041910 0.255412 -0.030973 0.261153 -0.036214 -0.007042 0.014516 0.087963 0.144773 -0.028329 -0.041917 0.078576 0.100782 -0.025688 -0.002637 0.012763 0.281401 0.155480 0.142563 0.280302 
0.068932 0.242785 0.150453 0.074245 -0.028627 0.232087 -0.018647 0.095954 0.009829 0.048370 0.052553 0.704461 0.012368 1.000000 -0.023293 -0.039186 0.131812 0.157300 0.082567 0.079659 0.051180 -0.033361 -0.089403 -0.071557 0.085730 0.670581 0.035544 0.132828 0.075063 0.073249 0.081523 -0.036395 0.074148 -0.084238 0.195720 -0.018576 0.137674 -0.035541 0.180335 0.013745 0.124918 -0.019662 0.064463 0.109001 0.250073 0.107121 0.460325 -0.043625 -0.090116 0.010613 0.080433 -0.034974 -0.059381 0.143469 -0.038681 -0.114431 -0.065923 0.117210 0.251490 -0.001492 -0.000633 0.158255 -0.113546 -0.104595 -0.005345 -0.073578 
0.346818 0.040738 0.042800 0.011360 0.159770 0.008537 0.195248 0.078488 0.408876 -0.046124 0.126976 0.010409 0.113361 -0.023293 1.000000 0.056347 0.337621 -0.027391 0.064961 0.003758 0.045338 0.036587 0.073459 0.119061 -0.049332 -0.020241 0.151610 0.054169 0.001028 0.500727 0.080274 0.338367 0.426295 0.098225 0.079079 0.026370 0.056335 0.133965 0.045299 0.215986 0.074585 0.194994 0.151602 0.074923 0.053459 0.159644 0.015147 0.283506 0.002574 0.122312 0.036154 0.069102 0.089322 0.080487 0.171516 0.078963 0.028191 0.045893 -0.014551 0.082278 0.010450 0.050868 0.268129 0.147661 0.104621 0.300918 
0.169387 0.050415 -0.026589 0.114540 0.149760 -0.028124 0.111901 0.075875 0.060452 0.379334 0.108663 -0.012566 0.092857 -0.039186 0.056347 1.000000 0.127346 -0.006599 -0.048847 0.028654 0.092505 0.328270 0.762315 0.706797 0.320598 -0.058966 0.140162 0.140004 0.444148 0.131946 0.154514 0.150038 0.134046 0.106165 0.012098 0.057688 0.173801 0.110824 0.015031 0.079503 0.022868 0.106765 0.165580 -0.020012 -0.050060 -0.011441 -0.070651 0.046915 0.444177 0.212442 0.059681 0.023011 0.051283 0.098923 0.072708 0.355002 0.148517 0.220948 0.008949 0.055589 0.041504 0.153823 0.127173 0.143582 0.241677 0.132812 
0.340906 0.030875 0.067289 0.182500 0.256308 0.018002 0.553114 0.067540 0.290591 0.133262 0.148797 0.130469 0.221580 0.131812 0.337621 0.127346 1.000000 0.058690 0.036353 0.037130 0.220762 -0.012469 0.107544 0.162644 0.141556 0.135247 0.162453 0.031385 0.130500 0.355047 0.119338 0.426199 0.344579 0.313153 0.062454 0.099401 0.179567 0.164197 0.013967 0.194304 0.178136 0.190784 0.261151 0.126830 0.056851 0.167350 0.061153 0.289558 0.075652 0.294025 0.149529 0.053104 0.150675 0.154033 0.159232 0.114594 0.027705 0.083011 -0.006221 0.072936 0.044366 0.106635 0.365214 0.166379 0.231448 0.416664 
-0.003835 0.129160 0.148406 -0.026895 0.009161 0.147235 0.055114 0.075937 -0.016007 -0.006152 0.043931 0.082161 -0.004491 0.157300 -0.027391 -0.006599 0.058690 1.000000 0.079847 0.538573 -0.032694 0.091264 -0.054379 -0.037330 -0.037240 0.108716 0.016961 0.086256 -0.033736 0.037275 0.134279 0.065577 0.062050 -0.044901 0.095038 0.132536 0.010736 0.041947 0.112504 0.106085 -0.040664 0.072412 -0.011215 0.003900 0.096823 -0.039198 0.137431 -0.142256 0.020448 0.034810 0.171841 0.006215 -0.031767 0.058083 0.078718 0.016953 -0.004299 -0.026111 0.241232 0.003467 0.012782 0.023407 -0.020687 -0.021596 -0.066413 0.016467 
0.044212 0.066804 0.027490 -0.103738 -0.046034 -0.023908 -0.065628 -0.034941 0.000608 -0.071297 -0.030129 0.228272 0.011929 0.082567 0.064961 -0.048847 0.036353 0.079847 1.000000 0.403903 -0.072913 -0.026022 -0.021894 -0.002388 -0.034676 0.080803 0.113662 0.091010 -0.026076 0.173227 0.022086 0.019085 0.160247 0.068953 -0.004755 -0.027251 -0.042402 -0.073160 -0.108399 -0.025243 0.114828 -0.022771 -0.021649 -0.082709 -0.004540 0.010064 0.038847 0.000306 -0.007082 -0.086019 0.067610 0.045578 -0.009813 -0.018690 -0.006532 0.012346 0.041208 -0.005206 -0.083994 -0.017775 0.047590 -0.061119 0.021716 -0.009184 -0.055905 0.006016 
0.113119 0.064327 0.021585 0.029885 0.035034 -0.057276 0.051222 0.110306 0.010787 0.063021 0.042414 0.045567 0.060879 0.079659 0.003758 0.028654 0.037130 0.538573 0.403903 1.000000 0.042744 0.010873 -0.004746 0.009346 0.068594 0.005395 0.122393 0.070615 -0.033812 0.138638 0.236595 -0.015721 0.102031 0.043100 0.102059 0.109760 0.028377 0.009783 0.013082 0.065599 0.071882 0.013743 -0.001432 0.010291 0.048396 -0.010164 0.055274 -0.045139 0.049450 0.028096 0.089727 0.048587 0.074190 0.043051 0.026641 0.080700 0.043619 0.031219 0.059113 0.045715 0.070683 0.081154 -0.009061 0.034695 -0.060613 -0.023706 
0.098300 0.027080 -0.079310 0.875754 0.234049 -0.098370 0.246860 0.187840 0.082223 0.339746 0.426283 0.006512 0.469505 0.051180 0.045338 0.092505 0.220762 -0.032694 -0.072913 0.042744 1.000000 0.055856 -0.012150 0.085831 0.602053 0.008996 0.139970 -0.028169 0.185247 0.131085 0.148230 0.022448 0.098764 0.104505 0.091172 0.109679 0.438364 0.140384 0.079803 0.156779 0.111600 0.029586 0.191501 0.174773 -0.002158 0.085396 0.005339 0.131126 -0.002204 0.088053 0.071513 0.020493 0.068834 0.269963 0.176132 -0.019840 -0.046394 0.253449 -0.010182 0.017525 0.090743 0.195407 0.150765 0.086905 0.136389 0.146245 
0.093405 0.056235 0.011742 0.104702 0.095044 -0.116894 0.064335 0.069999 0.100571 0.281449 0.060164 0.070033 0.080911 -0.033361 0.036587 0.328270 -0.012469 0.091264 -0.026022 0.010873 0.055856 1.000000 0.239305 0.396317 0.197657 0.002878 0.198234 0.097756 0.346596 0.113094 0.087253 -0.064491 0.229399 0.092384 0.060440 0.131983 0.122991 0.025503 0.001662 -0.021753 0.010846 0.058353 0.046947 -0.001516 -0.067662 0.024840 -0.055487 0.097685 0.008193 0.114395 0.031924 -0.096375 -0.065305 0.135737 0.227193 0.017978 0.007778 0.081500 -0.048653 0.055033 0.098749 0.093842 0.169947 0.193015 0.120988 0.216417 
0.103263 0.071597 0.245928 0.053404 0.218856 -0.067310 0.119535 0.036671 0.099809 0.416985 0.060024 0.001977 0.029447 -0.089403 0.073459 0.762315 0.107544 -0.054379 -0.021894 -0.004746 -0.012150 0.239305 1.000000 0.707333 0.271935 -0.080811 0.101968 0.297865 0.266804 0.151179 0.068572 0.134012 0.147994 0.132758 -0.043936 0.014770 0.065622 0.178011 -0.013019 0.096641 -0.024257 0.189138 0.093940 -0.107451 -0.129758 -0.049737 -0.157001 0.087980 0.502207 0.258129 0.024111 -0.044247 -0.022245 0.032648 0.096286 0.540100 0.193665 0.109180 -0.077760 0.091050 0.060405 0.037383 0.175109 0.127516 0.285261 0.173790 
0.174905 0.056411 0.163111 0.131801 0.231742 -0.066276 0.115884 0.048271 0.098154 0.310989 0.115607 -0.028842 0.139000 -0.071557 0.119061 0.706797 0.162644 -0.037330 -0.002388 0.009346 0.085831 0.396317 0.707333 1.000000 0.246824 -0.071159 0.192850 0.185243 0.279409 0.181211 0.110358 0.178299 0.147931 0.098486 0.049082 0.040197 0.186739 0.094731 -0.002225 0.090534 0.032260 0.118249 0.071595 0.006677 -0.035579 -0.005035 -0.054178 0.039878 0.149593 0.194612 0.013256 -0.059497 -0.042206 0.110727 0.134003 0.144976 0.019435 0.133389 -0.019886 0.009662 0.058794 0.122183 0.119475 0.173757 0.152656 0.141118 
0.127110 0.039311 0.040779 0.682114 0.118463 -0.027997 0.144700 0.258237 -0.018388 0.785924 0.243505 0.050650 0.472536 0.085730 -0.049332 0.320598 0.141556 -0.037240 -0.034676 0.068594 0.602053 0.197657 0.271935 0.246824 1.000000 0.053784 0.100638 0.064215 0.330645 0.084672 0.164565 -0.082681 0.088439 0.225381 0.069547 0.166302 0.411496 0.162626 0.044849 0.098925 0.098744 0.126494 0.176340 0.071944 0.036489 0.003769 0.011505 0.134636 0.082267 0.319720 0.060302 0.019564 0.019814 0.278515 0.223135 0.038391 -0.025035 0.303471 -0.014728 -0.039409 0.094414 0.165312 0.252459 0.189888 0.237918 0.246247 
0.063869 0.104957 0.143644 0.022225 -0.012505 0.404326 0.069414 0.059694 0.078883 0.046811 0.024658 0.506647 0.053046 0.670581 -0.020241 -0.058966 0.135247 0.108716 0.080803 0.005395 0.008996 0.002878 -0.080811 -0.071159 0.053784 1.000000 0.016340 0.141580 0.073840 0.026224 0.017265 -0.028418 0.047892 -0.013302 0.081861 0.087643 0.113177 0.048699 0.431965 0.038024 0.072926 0.115342 0.111082 0.031207 0.248235 0.072835 0.447280 0.018892 -0.092136 0.001134 0.101112 0.027195 -0.015087 0.129611 0.066104 -0.034176 -0.042270 0.142723 0.567166 -0.016013 0.009086 0.140792 0.003661 -0.009869 0.054546 0.015558 
0.030666 0.191491 0.092941 0.121993 0.104242 0.043256 0.075735 0.099803 0.115997 0.065955 0.097874 0.053357 -0.008768 0.035544 0.151610 0.140162 0.162453 0.016961 0.113662 0.122393 0.139970 0.198234 0.101968 0.192850 0.100638 0.016340 1.000000 0.076288 0.238861 0.050467 0.114118 0.242340 0.045217 -0.001061 0.106951 0.086641 0.090512 0.078799 0.002368 0.129356 0.160647 0.038840 0.072225 0.136147 0.028209 0.064259 0.005575 -0.063849 0.035653 0.067119 0.088237 0.049513 0.092269 0.123642 0.047665 0.026623 -0.008209 0.160886 0.017994 0.039886 0.143181 0.213260 -0.010050 0.065979 0.007299 0.000601 
0.076089 0.698700 0.462545 -0.033617 0.080156 0.104569 0.038785 0.019074 0.016701 0.161097 -0.017351 0.137491 -0.064478 0.132828 0.054169 0.140004 0.031385 0.086256 0.091010 0.070615 -0.028169 0.097756 0.297865 0.185243 0.064215 0.141580 0.076288 1.000000 0.099199 0.110124 0.079155 -0.017850 0.124121 0.125110 0.185802 0.021792 0.036055 0.153412 0.149725 0.154615 0.079741 0.176248 0.046827 -0.019694 -0.051102 0.042636 0.007522 0.056069 0.080867 0.109007 0.152883 0.016028 0.013370 0.063990 0.086593 0.125549 -0.010500 0.040909 0.006010 0.063987 0.205403 0.003879 0.116108 0.101013 0.143714 0.147651 
0.104059 0.138101 -0.008211 0.185858 0.117643 -0.033195 0.103139 0.114957 0.063198 0.298231 0.136543 0.058921 0.056925 0.075063 0.001028 0.444148 0.130500 -0.033736 -0.026076 -0.033812 0.185247 0.346596 0.266804 0.279409 0.330645 0.073840 0.238861 0.099199 1.000000 0.027582 0.137181 0.035673 0.056860 0.128603 0.078501 0.039464 0.179808 0.073907 -0.037064 0.040204 0.164489 0.051477 0.093872 0.007622 -0.007647 -0.008979 0.014794 0.044175 0.051028 0.202656 0.028192 0.006739 0.061963 0.110363 0.080749 0.024907 -0.026794 0.170989 -0.017519 0.114169 0.093912 0.239890 0.103499 0.129101 0.206838 0.110007 
0.670317 0.130318 0.046402 0.113779 0.064387 -0.017224 0.190363 0.191735 0.215835 0.118691 0.167899 0.104060 0.240385 0.073249 0.500727 0.131946 0.355047 0.037275 0.173227 0.138638 0.131085 0.113094 0.151179 0.181211 0.084672 0.026224 0.050467 0.110124 0.027582 1.000000 0.422088 0.182232 0.898716 0.170261 0.124494 0.081381 0.118064 0.146651 0.082701 0.126859 0.081502 0.081050 0.207626 0.049984 0.016451 0.131148 0.003756 0.203253 0.026707 0.192830 0.003887 0.077618 0.087944 0.074461 0.231471 0.147276 0.003897 0.089842 -0.016096 0.062161 0.022251 0.103346 0.320257 0.153726 0.164602 0.363329 
0.511047 0.101804 0.069790 0.183020 0.057021 -0.000498 0.116987 0.324406 0.151871 0.118708 0.060483 0.107935 0.134373 0.081523 0.080274 0.154514 0.119338 0.134279 0.022086 0.236595 0.148230 0.087253 0.068572 0.110358 0.164565 0.017265 0.114118 0.079155 0.137181 0.422088 1.000000 0.043530 0.395232 0.058066 0.101556 0.088475 0.141834 0.038607 0.057761 0.037854 0.153190 -0.004407 0.236890 0.000531 0.037754 0.104488 -0.004358 0.025517 0.000071 0.033352 0.092233 0.021779 0.088759 0.090018 0.079054 0.066362 -0.026489 0.186044 -0.012782 0.038336 0.063226 0.178904 0.051350 0.105700 0.055784 0.066669 
0.053470 0.016794 0.060056 -0.023649 0.321713 0.076134 0.334999 -0.022334 0.301786 -0.113187 0.045395 -0.018766 -0.005446 -0.036395 0.338367 0.150038 0.426199 0.065577 0.019085 -0.015721 0.022448 -0.064491 0.134012 0.178299 -0.082681 -0.028418 0.242340 -0.017850 0.035673 0.182232 0.043530 1.000000 0.113177 0.016393 -0.036891 0.006492 0.049296 0.036285 0.025425 0.111291 0.045478 0.034120 0.086700 0.060283 0.017512 0.022934 0.000870 0.028357 0.066323 0.052162 0.137199 0.113040 0.161529 0.042230 0.004386 0.111296 0.037066 0.028868 0.012533 0.041930 0.000660 0.012405 0.041161 0.015708 -0.003369 0.039321 
0.566375 0.076824 0.012015 0.087284 0.060924 -0.055571 0.170399 0.177256 0.155611 0.170845 0.149630 0.131822 0.174512 0.074148 0.426295 0.134046 0.344579 0.062050 0.160247 0.102031 0.098764 0.229399 0.147994 0.147931 0.088439 0.047892 0.045217 0.124121 0.056860 0.898716 0.395232 0.113177 1.000000 0.227542 0.113633 0.124273 0.082477 0.130443 0.088139 0.117081 0.085563 0.071706 0.220837 0.023814 0.023666 0.137875 0.029041 0.213582 0.020171 0.241714 0.040674 0.057536 0.095116 0.070002 0.289448 0.135895 -0.014541 0.067890 -0.032215 0.071405 0.004793 0.087792 0.403338 0.195151 0.171274 0.459897 
0.224598 0.003356 0.032251 0.125653 0.059744 -0.014490 0.191318 0.125468 0.024327 0.310393 0.124827 0.010231 0.281319 -0.084238 0.098225 0.106165 0.313153 -0.044901 0.068953 0.043100 0.104505 0.092384 0.132758 0.098486 0.225381 -0.013302 -0.001061 0.125110 0.128603 0.170261 0.058066 0.016393 0.227542 1.000000 0.041278 0.128419 0.059827 0.082489 -0.011114 0.040054 0.285576 0.171779 0.251585 0.085817 -0.088233 0.208688 -0.105827 0.429293 0.081665 0.205870 -0.020312 -0.034460 0.115628 0.049659 0.260547 0.060856 0.021895 0.061836 -0.070372 0.131432 0.043060 0.042341 0.747572 0.648735 0.212929 0.676067 
0.150266 0.444451 -0.022127 0.087927 0.092287 0.046714 0.112113 0.066499 0.037681 0.078962 0.062577 0.246983 0.032418 0.195720 0.079079 0.012098 0.062454 0.095038 -0.004755 0.102059 0.091172 0.060440 -0.043936 0.049082 0.069547 0.081861 0.106951 0.185802 0.078501 0.124494 0.101556 -0.036891 0.113633 0.041278 1.000000 0.449930 0.127592 0.083553 -0.018516 0.073935 0.140461 0.105173 0.164946 0.185393 0.113491 0.158333 0.130204 0.068822 -0.067137 0.103755 0.028403 0.078546 0.065273 0.180638 0.039536 0.060645 -0.039168 0.181946 0.038726 0.090209 0.685224 0.215735 0.036424 0.063995 0.019307 0.055051 
0.084625 0.019343 0.027562 0.106705 0.059916 0.002961 0.156232 0.081612 0.041150 0.191739 0.102313 0.088071 0.081260 -0.018576 0.026370 0.057688 0.099401 0.132536 -0.027251 0.109760 0.109679 0.131983 0.014770 0.040197 0.166302 0.087643 0.086641 0.021792 0.039464 0.081381 0.088475 0.006492 0.124273 0.128419 0.449930 1.000000 0.055436 0.075528 0.139071 0.036096 0.124133 0.129306 0.185696 0.143662 0.053049 0.081050 0.033516 0.046495 0.169847 0.151069 0.120412 0.080980 0.143328 0.136430 0.145324 0.272772 0.224420 0.181530 0.114383 0.012353 0.491446 0.172792 0.173934 0.142283 0.126111 0.211613 
0.106008 0.103837 0.028663 0.409518 0.081278 0.023679 0.165923 0.029834 0.136056 0.346092 0.132146 0.099407 0.243596 0.137674 0.056335 0.173801 0.179567 0.010736 -0.042402 0.028377 0.438364 0.122991 0.065622 0.186739 0.411496 0.113177 0.090512 0.036055 0.179808 0.118064 0.141834 0.049296 0.082477 0.059827 0.127592 0.055436 1.000000 0.127638 0.006026 0.113237 0.138996 0.186369 0.351854 0.199668 0.138265 0.239421 0.151067 0.166921 -0.055788 0.228955 0.017899 0.023208 -0.041029 0.819577 0.037078 -0.056567 -0.022015 0.636251 0.008096 -0.029529 0.085857 0.406625 0.052612 0.012277 0.189696 0.078921 
0.135786 0.117198 0.041308 0.116950 0.063818 0.015592 0.181579 0.055941 0.112387 0.238504 0.081781 -0.050059 0.143622 -0.035541 0.133965 0.110824 0.164197 0.041947 -0.073160 0.009783 0.140384 0.025503 0.178011 0.094731 0.162626 0.048699 0.078799 0.153412 0.073907 0.146651 0.038607 0.036285 0.130443 0.082489 0.083553 0.075528 0.127638 1.000000 0.043791 0.818233 0.077675 0.391003 0.192655 -0.023692 0.068281 0.012105 0.037886 0.150854 0.201810 0.428925 0.030590 0.057030 -0.040678 0.124524 0.091561 0.245656 0.145289 0.150500 0.041258 0.050230 0.131716 0.083819 0.186641 0.149913 0.621952 0.170643 
0.114081 0.106161 0.031036 0.091208 0.045490 0.478996 0.088817 0.134981 0.078518 0.015602 0.094525 0.035887 0.146869 0.180335 0.045299 0.015031 0.013967 0.112504 -0.108399 0.013082 0.079803 0.001662 -0.013019 -0.002225 0.044849 0.431965 0.002368 0.149725 -0.037064 0.082701 0.057761 0.025425 0.088139 -0.011114 -0.018516 0.139071 0.006026 0.043791 1.000000 0.067204 -0.031919 0.065348 0.016791 -0.032440 0.160869 -0.043509 0.272713 -0.017342 0.012277 -0.008064 0.189134 0.065326 0.086121 -0.020997 0.098037 0.025537 0.010924 0.017892 0.595942 -0.085700 -0.097976 -0.018388 0.023757 -0.041276 0.055276 0.013029 
0.101789 0.139966 0.047516 0.132247 0.093988 -0.029795 0.211242 0.039513 0.124328 0.115795 0.105793 -0.023360 0.073388 0.013745 0.215986 0.079503 0.194304 0.106085 -0.025243 0.065599 0.156779 -0.021753 0.096641 0.090534 0.098925 0.038024 0.129356 0.154615 0.040204 0.126859 0.037854 0.111291 0.117081 0.040054 0.073935 0.036096 0.113237 0.818233 0.067204 1.000000 0.091515 0.476536 0.160973 0.007481 0.161883 0.085715 0.101855 0.090638 0.106186 0.270177 0.057520 0.089728 -0.007903 0.136475 0.036791 0.115030 0.055507 0.135874 0.043375 0.018740 0.093437 0.085993 0.111616 0.118662 0.419148 0.097377 
0.180826 0.106845 -0.009196 0.042263 0.114424 0.028722 0.104664 0.201405 0.027379 0.051622 0.129545 0.121133 0.038523 0.124918 0.074585 0.022868 0.178136 -0.040664 0.114828 0.071882 0.111600 0.010846 -0.024257 0.032260 0.098744 0.072926 0.160647 0.079741 0.164489 0.081502 0.153190 0.045478 0.085563 0.285576 0.140461 0.124133 0.138996 0.077675 -0.031919 0.091515 1.000000 0.075879 0.421570 0.251398 0.143165 0.418158 0.112032 0.108833 -0.094842 0.040628 -0.009388 0.112270 0.093292 0.252912 0.007934 -0.049361 -0.061242 0.334525 0.055293 0.090021 0.101681 0.447042 0.125901 0.196837 0.134590 0.131983 
0.109275 0.154378 0.132750 0.030178 0.025608 0.067053 0.149213 0.022941 0.123611 0.202292 -0.002136 0.023747 0.084873 -0.019662 0.194994 0.106765 0.190784 0.072412 -0.022771 0.013743 0.029586 0.058353 0.189138 0.118249 0.126494 0.115342 0.038840 0.176248 0.051477 0.081050 -0.004407 0.034120 0.071706 0.171779 0.105173 0.129306 0.186369 0.391003 0.065348 0.476536 0.075879 1.000000 0.101874 0.045647 0.149233 0.112638 0.090968 0.414531 0.095595 0.201373 0.040298 0.075106 0.061136 0.221755 0.084549 0.106034 0.073241 0.114497 0.064376 0.148402 0.112315 0.064330 0.209274 0.167241 0.476864 0.197551 
0.269964 -0.004635 0.005599 0.173493 0.178874 0.020455 0.281729 0.067256 0.189672 0.149943 0.071969 0.130564 0.084930 0.064463 0.151602 0.165580 0.261151 -0.011215 -0.021649 -0.001432 0.191501 0.046947 0.093940 0.071595 0.176340 0.111082 0.072225 0.046827 0.093872 0.207626 0.236890 0.086700 0.220837 0.251585 0.164946 0.185696 0.351854 0.192655 0.016791 0.160973 0.421570 0.101874 1.000000 0.212050 0.105713 0.496183 0.073290 0.218601 0.127277 0.065076 0.002623 -0.002450 0.046064 0.423518 0.051486 0.179365 0.078474 0.763282 0.070089 0.124488 0.134040 0.572924 0.194376 0.242440 0.143703 0.236322 
0.016520 0.082254 -0.062366 0.163302 0.143717 0.052249 0.155701 0.052030 -0.011851 0.033717 0.215957 -0.005152 0.040499 0.109001 0.074923 -0.020012 0.126830 0.003900 -0.082709 0.010291 0.174773 -0.001516 -0.107451 0.006677 0.071944 0.031207 0.136147 -0.019694 0.007622 0.049984 0.000531 0.060283 0.023814 0.085817 0.185393 0.143662 0.199668 -0.023692 -0.032440 0.007481 0.251398 0.045647 0.212050 1.000000 0.117675 0.430077 0.091971 0.118646 -0.018677 0.058067 0.022657 0.086129 0.115343 0.366887 0.003595 -0.020149 0.004365 0.284087 0.040555 -0.012690 0.098910 0.292701 0.039925 0.015163 0.022627 0.063704 
0.065074 0.024493 0.044688 -0.017392 -0.085235 0.232555 -0.039073 0.088041 -0.070956 0.015616 0.019243 0.031774 0.060287 0.250073 0.053459 -0.050060 0.056851 0.096823 -0.004540 0.048396 -0.002158 -0.067662 -0.129758 -0.035579 0.036489 0.248235 0.028209 -0.051102 -0.007647 0.016451 0.037754 0.017512 0.023666 -0.088233 0.113491 0.053049 0.138265 0.068281 0.160869 0.161883 0.143165 0.149233 0.105713 0.117675 1.000000 0.173229 0.886373 0.081856 -0.101683 0.081451 -0.061155 0.380051 0.085055 0.172172 -0.099323 -0.144558 -0.077845 0.122322 0.413712 0.062951 -0.018436 0.061040 -0.095026 -0.137510 0.046636 -0.078724 
0.131531 0.060754 -0.046728 0.059713 0.056120 -0.031615 0.113162 0.015967 0.111196 -0.009835 0.088168 0.083275 -0.037782 0.107121 0.159644 -0.011441 0.167350 -0.039198 0.010064 -0.010164 0.085396 0.024840 -0.049737 -0.005035 0.003769 0.072835 0.064259 0.042636 -0.008979 0.131148 0.104488 0.022934 0.137875 0.208688 0.158333 0.081050 0.239421 0.012105 -0.043509 0.085715 0.418158 0.112638 0.496183 0.430077 0.173229 1.000000 0.126182 0.183432 -0.092743 -0.082990 -0.003484 0.132609 0.087081 0.529758 -0.090774 -0.095845 -0.078700 0.371889 0.038928 0.034494 0.070438 0.244698 0.115434 0.104922 0.034624 0.150056 
0.034975 0.069419 0.047870 -0.008544 -0.069828 0.320313 -0.054635 0.074100 -0.091458 -0.012227 0.012728 0.151617 0.041910 0.460325 0.015147 -0.070651 0.061153 0.137431 0.038847 0.055274 0.005339 -0.055487 -0.157001 -0.054178 0.011505 0.447280 0.005575 0.007522 0.014794 0.003756 -0.004358 0.000870 0.029041 -0.105827 0.130204 0.033516 0.151067 0.037886 0.272713 0.101855 0.112032 0.090968 0.073290 0.091971 0.886373 0.126182 1.000000 0.048638 -0.123698 0.052393 -0.034082 0.171265 0.005027 0.164076 -0.097144 -0.177261 -0.079267 0.106288 0.459690 0.061927 -0.033672 0.075850 -0.114802 -0.146695 0.029406 -0.078081 
0.183047 0.001536 0.073900 0.084287 0.076897 0.008529 0.232190 0.147875 0.228703 0.238519 0.143658 0.005013 0.255412 -0.043625 0.283506 0.046915 0.289558 -0.142256 0.000306 -0.045139 0.131126 0.097685 0.087980 0.039878 0.134636 0.018892 -0.063849 0.056069 0.044175 0.203253 0.025517 0.028357 0.213582 0.429293 0.068822 0.046495 0.166921 0.150854 -0.017342 0.090638 0.108833 0.414531 0.218601 0.118646 0.081856 0.183432 0.048638 1.000000 0.011212 0.224343 -0.027233 -0.067193 -0.048701 0.191543 0.114872 0.037154 0.020077 0.124986 -0.040902 0.203105 0.011367 0.072374 0.593611 0.162965 0.394754 0.583856 
-0.006622 -0.017899 0.059276 0.001675 -0.014046 -0.015036 0.039292 -0.037854 0.052554 0.171870 -0.026917 -0.062337 -0.030973 -0.090116 0.002574 0.444177 0.075652 0.020448 -0.007082 0.049450 -0.002204 0.008193 0.502207 0.149593 0.082267 -0.092136 0.035653 0.080867 0.051028 0.026707 0.000071 0.066323 0.020171 0.081665 -0.067137 0.169847 -0.055788 0.201810 0.012277 0.106186 -0.094842 0.095595 0.127277 -0.018677 -0.101683 -0.092743 -0.123698 0.011212 1.000000 0.181205 0.065665 0.079387 0.098104 -0.055582 0.128371 0.792974 0.765408 0.084994 -0.087171 0.126453 0.103377 -0.012360 0.082899 0.086098 0.232669 0.064016 
0.216863 0.079623 0.094325 0.109957 -0.008913 -0.052194 0.187867 0.170456 0.096532 0.563782 0.035726 -0.001578 0.261153 0.010613 0.122312 0.212442 0.294025 0.034810 -0.086019 0.028096 0.088053 0.114395 0.258129 0.194612 0.319720 0.001134 0.067119 0.109007 0.202656 0.192830 0.033352 0.052162 0.241714 0.205870 0.103755 0.151069 0.228955 0.428925 -0.008064 0.270177 0.040628 0.201373 0.065076 0.058067 0.081451 -0.082990 0.052393 0.224343 0.181205 1.000000 0.037145 0.093548 0.042042 0.224047 0.092173 0.167173 0.101610 0.135422 -0.010977 0.079164 0.077846 0.081864 0.329041 0.042273 0.480995 0.328243 
-0.021954 0.193860 0.067400 0.043700 0.072669 0.048269 0.194827 0.043140 0.119515 0.097953 0.073803 0.037454 -0.036214 0.080433 0.036154 0.059681 0.149529 0.171841 0.067610 0.089727 0.071513 0.031924 0.024111 0.013256 0.060302 0.101112 0.088237 0.152883 0.028192 0.003887 0.092233 0.137199 0.040674 -0.020312 0.028403 0.120412 0.017899 0.030590 0.189134 0.057520 -0.009388 0.040298 0.002623 0.022657 -0.061155 -0.003484 -0.034082 -0.027233 0.065665 0.037145 1.000000 0.033974 0.333235 0.028722 0.192885 0.065297 0.032286 -0.006904 0.103294 0.034236 0.128917 0.033212 0.041024 0.002106 0.024247 0.059901 
0.073386 0.101832 -0.096329 -0.042679 -0.006984 0.021024 -0.012050 0.049682 -0.015656 0.011327 0.089869 -0.089850 -0.007042 -0.034974 0.069102 0.023011 0.053104 0.006215 0.045578 0.048587 0.020493 -0.096375 -0.044247 -0.059497 0.019564 0.027195 0.049513 0.016028 0.006739 0.077618 0.021779 0.113040 0.057536 -0.034460 0.078546 0.080980 0.023208 0.057030 0.065326 0.089728 0.112270 0.075106 -0.002450 0.086129 0.380051 0.132609 0.171265 -0.067193 0.079387 0.093548 0.033974 1.000000 0.447594 0.048152 0.016128 0.038150 0.033506 0.033952 0.163838 -0.004720 -0.005677 -0.022290 -0.033403 -0.081428 0.059893 -0.083639 
0.093539 0.073938 -0.064583 0.050129 -0.041373 -0.000533 0.040534 0.105172 -0.020035 0.021044 0.071903 -0.126250 0.014516 -0.059381 0.089322 0.051283 0.150675 -0.031767 -0.009813 0.074190 0.068834 -0.065305 -0.022245 -0.042206 0.019814 -0.015087 0.092269 0.013370 0.061963 0.087944 0.088759 0.161529 0.095116 0.115628 0.065273 0.143328 -0.041029 -0.040678 0.086121 -0.007903 0.093292 0.061136 0.046064 0.115343 0.085055 0.087081 0.005027 -0.048701 0.098104 0.042042 0.333235 0.447594 1.000000 0.011278 0.137351 0.092268 0.043500 0.021847 0.093281 0.213460 0.059636 0.060993 0.051010 0.101494 0.046228 0.031140 
0.048775 0.083960 0.057357 0.240086 0.077648 0.000470 0.161448 0.024382 0.151079 0.281317 0.111963 0.114233 0.087963 0.143469 0.080487 0.098923 0.154033 0.058083 -0.018690 0.043051 0.269963 0.135737 0.032648 0.110727 0.278515 0.129611 0.123642 0.063990 0.110363 0.074461 0.090018 0.042230 0.070002 0.049659 0.180638 0.136430 0.819577 0.124524 -0.020997 0.136475 0.252912 0.221755 0.423518 0.366887 0.172172 0.529758 0.164076 0.191543 -0.055582 0.224047 0.028722 0.048152 0.011278 1.000000 -0.005346 -0.039924 -0.018809 0.654693 0.035677 0.006748 0.142207 0.449893 0.037401 0.002264 0.157297 0.074207 
0.151161 -0.006663 0.007881 0.204094 0.044506 0.010136 0.119954 0.141161 0.117245 0.201405 0.077234 -0.025151 0.144773 -0.038681 0.171516 0.072708 0.159232 0.078718 -0.006532 0.026641 0.176132 0.227193 0.096286 0.134003 0.223135 0.066104 0.047665 0.086593 0.080749 0.231471 0.079054 0.004386 0.289448 0.260547 0.039536 0.145324 0.037078 0.091561 0.098037 0.036791 0.007934 0.084549 0.051486 0.003595 -0.099323 -0.090774 -0.097144 0.114872 0.128371 0.092173 0.192885 0.016128 0.137351 -0.005346 1.000000 0.148807 0.155221 0.007371 0.062994 0.141396 0.077861 0.053185 0.497731 0.430697 0.125829 0.521471 
0.031350 -0.016642 0.062037 0.024158 0.108298 -0.003269 0.181746 -0.043866 0.177375 0.135823 -0.058762 0.005150 -0.028329 -0.114431 0.078963 0.355002 0.114594 0.016953 0.012346 0.080700 -0.019840 0.017978 0.540100 0.144976 0.038391 -0.034176 0.026623 0.125549 0.024907 0.147276 0.066362 0.111296 0.135895 0.060856 0.060645 0.272772 -0.056567 0.245656 0.025537 0.115030 -0.049361 0.106034 0.179365 -0.020149 -0.144558 -0.095845 -0.177261 0.037154 0.792974 0.167173 0.065297 0.038150 0.092268 -0.039924 0.148807 1.000000 0.685906 0.146884 -0.053584 0.098497 0.285332 0.040245 0.099666 0.038009 0.232185 0.094250 
-0.076479 -0.086107 0.030748 -0.046105 -0.051363 0.033105 -0.010809 -0.105490 0.068761 0.036873 -0.060842 -0.013835 -0.041917 -0.065923 0.028191 0.148517 0.027705 -0.004299 0.041208 0.043619 -0.046394 0.007778 0.193665 0.019435 -0.025035 -0.042270 -0.008209 -0.010500 -0.026794 0.003897 -0.026489 0.037066 -0.014541 0.021895 -0.039168 0.224420 -0.022015 0.145289 0.010924 0.055507 -0.061242 0.073241 0.078474 0.004365 -0.077845 -0.078700 -0.079267 0.020077 0.765408 0.101610 0.032286 0.033506 0.043500 -0.018809 0.155221 0.685906 1.000000 0.058433 -0.068025 0.119087 0.184598 -0.017121 0.000249 0.006585 0.152272 0.001115 
0.139156 0.051692 0.020417 0.263209 0.104210 0.052550 0.166919 0.079588 0.119384 0.283689 0.086367 0.118227 0.078576 0.117210 0.045893 0.220948 0.083011 -0.026111 -0.005206 0.031219 0.253449 0.081500 0.109180 0.133389 0.303471 0.142723 0.160886 0.040909 0.170989 0.089842 0.186044 0.028868 0.067890 0.061836 0.181946 0.181530 0.636251 0.150500 0.017892 0.135874 0.334525 0.114497 0.763282 0.284087 0.122322 0.371889 0.106288 0.124986 0.084994 0.135422 -0.006904 0.033952 0.021847 0.654693 0.007371 0.146884 0.058433 1.000000 0.084831 0.021097 0.182952 0.758369 0.028142 0.067103 0.140023 0.047180 
0.060062 0.002586 0.087748 -0.039994 -0.043912 0.439836 -0.062014 0.110815 -0.050963 -0.007900 0.060014 0.012538 0.100782 0.251490 -0.014551 0.008949 -0.006221 0.241232 -0.083994 0.059113 -0.010182 -0.048653 -0.077760 -0.019886 -0.014728 0.567166 0.017994 0.006010 -0.017519 -0.016096 -0.012782 0.012533 -0.032215 -0.070372 0.038726 0.114383 0.008096 0.041258 0.595942 0.043375 0.055293 0.064376 0.070089 0.040555 0.413712 0.038928 0.459690 -0.040902 -0.087171 -0.010977 0.103294 0.163838 0.093281 0.035677 0.062994 -0.053584 -0.068025 0.084831 1.000000 0.022428 -0.044349 0.097041 -0.047497 -0.067965 -0.037954 -0.057526 
0.077192 -0.010346 0.097697 -0.056493 0.028332 -0.032876 -0.045930 0.070843 -0.064650 0.074553 0.096960 -0.020571 -0.025688 -0.001492 0.082278 0.055589 0.072936 0.003467 -0.017775 0.045715 0.017525 0.055033 0.091050 0.009662 -0.039409 -0.016013 0.039886 0.063987 0.114169 0.062161 0.038336 0.041930 0.071405 0.131432 0.090209 0.012353 -0.029529 0.050230 -0.085700 0.018740 0.090021 0.148402 0.124488 -0.012690 0.062951 0.034494 0.061927 0.203105 0.126453 0.079164 0.034236 -0.004720 0.213460 0.006748 0.141396 0.098497 0.119087 0.021097 0.022428 1.000000 0.074412 0.088065 0.053032 0.106916 0.237291 0.065308 
0.018136 0.265218 0.036017 0.107769 0.156858 0.000174 0.121490 -0.005888 0.022068 0.087355 0.089235 0.113019 -0.002637 -0.000633 0.010450 0.041504 0.044366 0.012782 0.047590 0.070683 0.090743 0.098749 0.060405 0.058794 0.094414 0.009086 0.143181 0.205403 0.093912 0.022251 0.063226 0.000660 0.004793 0.043060 0.685224 0.491446 0.085857 0.131716 -0.097976 0.093437 0.101681 0.112315 0.134040 0.098910 -0.018436 0.070438 -0.033672 0.011367 0.103377 0.077846 0.128917 -0.005677 0.059636 0.142207 0.077861 0.285332 0.184598 0.182952 -0.044349 0.074412 1.000000 0.189012 0.038181 0.076818 0.112388 0.045327 
0.160297 0.057147 0.022032 0.174203 0.101191 0.026528 0.119285 0.163981 0.058513 0.152021 0.090619 0.109576 0.012763 0.158255 0.050868 0.153823 0.106635 0.023407 -0.061119 0.081154 0.195407 0.093842 0.037383 0.122183 0.165312 0.140792 0.213260 0.003879 0.239890 0.103346 0.178904 0.012405 0.087792 0.042341 0.215735 0.172792 0.406625 0.083819 -0.018388 0.085993 0.447042 0.064330 0.572924 0.292701 0.061040 0.244698 0.075850 0.072374 -0.012360 0.081864 0.033212 -0.022290 0.060993 0.449893 0.053185 0.040245 -0.017121 0.758369 0.097041 0.088065 0.189012 1.000000 0.042820 0.132828 0.105126 0.061690 
0.248167 -0.018236 0.057329 0.167519 0.061927 -0.022639 0.259947 0.160467 0.134467 0.347555 0.154828 -0.009500 0.281401 -0.113546 0.268129 0.127173 0.365214 -0.020687 0.021716 -0.009061 0.150765 0.169947 0.175109 0.119475 0.252459 0.003661 -0.010050 0.116108 0.103499 0.320257 0.051350 0.041161 0.403338 0.747572 0.036424 0.173934 0.052612 0.186641 0.023757 0.111616 0.125901 0.209274 0.194376 0.039925 -0.095026 0.115434 -0.114802 0.593611 0.082899 0.329041 0.041024 -0.033403 0.051010 0.037401 0.497731 0.099666 0.000249 0.028142 -0.047497 0.053032 0.038181 0.042820 1.000000 0.561865 0.343518 0.942870 
0.251055 -0.019272 -0.004780 0.099632 0.054912 0.009633 0.094356 0.164032 0.019392 0.187842 0.049602 -0.003418 0.155480 -0.104595 0.147661 0.143582 0.166379 -0.021596 -0.009184 0.034695 0.086905 0.193015 0.127516 0.173757 0.189888 -0.009869 0.065979 0.101013 0.129101 0.153726 0.105700 0.015708 0.195151 0.648735 0.063995 0.142283 0.012277 0.149913 -0.041276 0.118662 0.196837 0.167241 0.242440 0.015163 -0.137510 0.104922 -0.146695 0.162965 0.086098 0.042273 0.002106 -0.081428 0.101494 0.002264 0.430697 0.038009 0.006585 0.067103 -0.067965 0.106916 0.076818 0.132828 0.561865 1.000000 0.154462 0.534510 
0.183278 0.080549 0.094173 0.125638 0.037743 0.005407 0.141600 0.085027 0.099472 0.325730 0.130258 -0.048950 0.142563 -0.005345 0.104621 0.241677 0.231448 -0.066413 -0.055905 -0.060613 0.136389 0.120988 0.285261 0.152656 0.237918 0.054546 0.007299 0.143714 0.206838 0.164602 0.055784 -0.003369 0.171274 0.212929 0.019307 0.126111 0.189696 0.621952 0.055276 0.419148 0.134590 0.476864 0.143703 0.022627 0.046636 0.034624 0.029406 0.394754 0.232669 0.480995 0.024247 0.059893 0.046228 0.157297 0.125829 0.232185 0.152272 0.140023 -0.037954 0.237291 0.112388 0.105126 0.343518 0.154462 1.000000 0.313562 
