1.000000 0.222483 0.257197 0.089094 0.163208 0.083057 0.216312 0.637895 0.123811 0.247515 0.207028 0.148255 0.405667 0.166567 0.516233 0.413151 0.237074 0.280047 0.200783 0.357707 0.138381 0.291579 0.333895 0.355994 0.216891 0.128871 0.299314 0.265886 0.275873 0.826888 0.711670 0.286299 0.743372 0.343983 0.210420 0.148409 0.140569 0.146745 0.097464 0.120162 0.418207 0.086122 0.390131 0.276348 0.139857 0.285592 0.093830 0.129829 0.410942 0.187009 0.283842 0.232024 0.254775 0.165453 0.307263 0.342385 0.329026 0.358974 0.171114 0.244922 0.219577 0.366214 0.294968 0.453087 0.112630 0.296551 
0.222483 1.000000 0.415929 0.104318 0.121244 0.060826 0.138488 0.220231 0.094144 0.271205 0.100420 0.234406 0.162642 0.296374 0.126693 0.267709 0.088195 0.168975 0.105883 0.141247 0.090815 0.280366 0.304415 0.278226 0.229699 0.215654 0.248390 0.825927 0.362936 0.193133 0.261561 0.086144 0.227663 0.255147 0.548052 0.239201 0.148864 0.251949 0.254581 0.194295 0.170955 0.108166 0.152701 0.168652 0.109808 0.153596 0.150159 0.100482 0.286630 0.191333 0.356378 0.190173 0.172484 0.106388 0.260039 0.264330 0.290698 0.157748 0.187160 0.126368 0.419525 0.171917 0.231867 0.308805 0.192787 0.214694 
0.257197 0.415929 1.000000 0.104095 0.143780 0.150557 0.052300 0.389362 0.070359 0.346178 0.075676 0.181760 0.251457 0.242861 0.136444 0.385064 0.053743 0.251415 0.216087 0.257127 0.130632 0.294914 0.463674 0.488368 0.281623 0.169626 0.153269 0.502766 0.336466 0.206919 0.314442 0.155474 0.222179 0.208810 0.136438 0.191035 0.146262 0.224812 0.040388 0.203301 0.193889 0.084250 0.150189 0.217632 0.165595 0.186696 0.182147 0.047414 0.277072 0.210536 0.162403 0.188443 0.098556 0.197259 0.175399 0.219507 0.211527 0.219243 0.117301 0.080508 0.167109 0.206504 0.166225 0.244239 0.116857 0.139800 
0.089094 0.104318 0.104095 1.000000 0.261858 0.169210 0.207170 0.215927 0.065434 0.501234 0.328163 0.117886 0.422765 0.145806 0.048080 0.204503 0.148814 0.249278 0.087426 0.220663 0.892059 0.195077 0.257753 0.124730 0.767102 0.191578 0.179102 0.167713 0.311935 0.128388 0.119083 0.068833 0.163519 0.268014 0.131973 0.103759 0.468224 0.230355 0.165303 0.248055 0.296572 0.157398 0.276930 0.214695 0.191837 0.186706 0.150251 0.133225 0.194705 0.231010 0.204014 0.174448 0.176772 0.343770 0.061069 0.217190 0.093787 0.317429 0.164712 0.089575 0.132699 0.220805 0.178832 0.214784 0.172136 0.182870 
0.163208 0.121244 0.143780 0.261858 1.000000 0.134114 0.553048 0.249911 0.347748 0.183916 0.333635 0.191836 0.180831 0.169793 0.193854 0.216845 0.378704 0.214807 0.193568 0.268845 0.296361 0.197817 0.303952 0.201090 0.298281 0.196184 0.216009 0.177803 0.258273 0.232948 0.185805 0.391469 0.270740 0.182385 0.193602 0.190905 0.219433 0.194652 0.123366 0.160881 0.180689 0.140181 0.269714 0.162650 0.184983 0.150369 0.176186 -0.003460 0.217023 0.126699 0.105300 0.112969 0.128358 0.198364 0.055585 0.285180 0.156705 0.198286 0.113113 0.124347 0.207870 0.162713 0.087452 0.161625 0.076140 0.113180 
0.083057 0.060826 0.150557 0.169210 0.134114 1.000000 0.079447 0.147053 0.037583 0.164222 0.126125 0.180471 0.042248 0.235284 0.125735 0.112844 0.034902 0.153646 0.103727 0.096581 0.156177 0.161096 0.090751 0.025657 0.177775 0.381594 0.153959 0.098484 0.139843 0.072854 0.073028 0.186365 0.103679 0.171201 0.037319 0.026055 0.196679 0.192181 0.526881 0.192086 0.169886 0.185214 0.132479 0.092928 0.219777 0.130421 0.251276 0.085312 0.084340 0.159013 0.096074 0.049401 0.062454 0.168286 0.098419 0.057474 0.046604 0.156128 0.354670 0.153010 0.046434 0.126982 0.104656 0.133412 0.157461 0.105749 
0.216312 0.138488 0.052300 0.207170 0.553048 0.079447 1.000000 0.131930 0.419380 0.153115 0.254599 0.169581 0.241762 0.179747 0.205335 0.153733 0.744324 0.233216 0.083752 0.240170 0.208422 0.137532 0.166287 0.082912 0.224173 0.160481 0.203003 0.110977 0.210820 0.265938 0.184899 0.493425 0.244840 0.328152 0.195438 0.183022 0.134354 0.131805 0.196050 0.149724 0.226250 0.173242 0.324028 0.126680 0.251890 0.166729 0.224770 0.260530 0.210159 0.245786 0.200096 0.160282 0.189057 0.131181 0.155370 0.284492 0.187085 0.197407 0.169582 0.179627 0.166122 0.138535 0.294249 0.222117 0.164284 0.367570 
0.637895 0.220231 0.389362 0.215927 0.249911 0.147053 0.131930 1.000000 0.042657 0.377788 0.358810 0.158351 0.423166 0.171093 0.328682 0.422174 0.091402 0.400734 0.225383 0.446706 0.267162 0.383175 0.384276 0.404314 0.466037 0.119151 0.336209 0.347513 0.402206 0.468547 0.669960 0.188918 0.452143 0.294747 0.229972 0.187727 0.257594 0.203431 0.092766 0.166620 0.414922 0.142249 0.294564 0.306967 0.240488 0.296017 0.186809 0.140241 0.376686 0.185091 0.222383 0.235954 0.163827 0.235008 0.179934 0.292884 0.273745 0.331332 0.074715 0.137705 0.254586 0.365694 0.210866 0.346349 0.172331 0.207514 
0.123811 0.094144 0.070359 0.065434 0.347748 0.037583 0.419380 0.042657 1.000000 0.054305 0.064488 0.325226 0.026364 0.181014 0.363335 0.181060 0.245010 0.115440 0.122203 0.181797 0.035469 0.167481 0.257443 0.192091 0.066527 0.241807 0.114494 0.091565 0.098825 0.198277 0.072075 0.313955 0.183024 0.077844 0.139663 0.297169 0.003666 0.108310 0.166685 0.096302 0.100578 0.115670 0.175287 0.039211 0.086691 0.102427 0.058703 0.091813 0.250283 0.093701 0.079595 0.108552 0.106693 0.031227 0.101434 0.319972 0.247922 0.070788 0.155682 0.069017 0.180364 0.021821 0.084135 0.092794 0.041635 0.098600 
0.247515 0.271205 0.346178 0.501234 0.183916 0.164222 0.153115 0.377788 0.054305 1.000000 0.262529 0.145050 0.570130 0.183843 0.137240 0.456471 0.094067 0.302697 0.149258 0.313806 0.448921 0.458151 0.470906 0.380684 0.804894 0.181480 0.247813 0.339132 0.503164 0.259750 0.334464 0.049499 0.307872 0.472498 0.296388 0.229324 0.467304 0.388640 0.154577 0.326487 0.366405 0.220716 0.326493 0.283780 0.129242 0.245422 0.114977 0.236890 0.375123 0.607039 0.413575 0.220890 0.263565 0.464339 0.306695 0.313669 0.278399 0.490396 0.123294 0.226142 0.325929 0.404760 0.417199 0.441975 0.278371 0.407494 
0.207028 0.100420 0.075676 0.328163 0.333635 0.126125 0.254599 0.358810 0.064488 0.262529 1.000000 0.202130 0.383970 0.246333 0.190397 0.196649 0.208181 0.245451 0.145738 0.262036 0.475825 0.147042 0.190861 0.139252 0.406757 0.210649 0.187657 0.159124 0.341165 0.206960 0.244190 0.137120 0.231615 0.178210 0.199796 0.177576 0.182581 0.139719 0.151434 0.140067 0.222732 0.138191 0.169890 0.287145 0.272418 0.169568 0.266499 0.053945 0.241456 0.173037 0.186266 0.207589 0.100694 0.177753 0.114362 0.240161 0.189418 0.197466 0.096666 0.183779 0.227768 0.248929 0.140192 0.196249 0.086162 0.160788 
0.148255 0.234406 0.181760 0.117886 0.191836 0.180471 0.169581 0.158351 0.325226 0.145050 0.202130 1.000000 0.086072 0.827146 0.137322 0.207978 0.042962 0.216837 0.365553 0.216013 0.110195 0.241297 0.193580 0.202937 0.144045 0.719925 0.130605 0.248580 0.254604 0.142505 0.167521 0.111508 0.144104 0.097505 0.226177 0.213680 0.125639 0.141826 0.277409 0.130128 0.198211 0.044522 0.120125 0.152447 0.302159 0.169954 0.390422 -0.017348 0.209110 0.153645 0.196177 0.207218 0.110473 0.126849 0.133456 0.197396 0.209109 0.136475 0.270690 0.112832 0.181501 0.169265 0.131085 0.146779 0.080316 0.149320 
0.405667 0.162642 0.251457 0.422765 0.180831 0.042248 0.241762 0.423166 0.026364 0.570130 0.383970 0.086072 1.000000 0.094820 0.240736 0.193247 0.152171 0.251962 0.142938 0.289936 0.544614 0.245250 0.222686 0.241806 0.557524 0.098837 0.242367 0.223791 0.294262 0.313102 0.245370 0.207100 0.284580 0.361224 0.134487 0.079434 0.327626 0.212304 0.087746 0.216582 0.314978 0.147678 0.217422 0.216664 0.100415 0.158144 0.065741 0.200423 0.196161 0.331128 0.286997 0.179709 0.225345 0.280422 0.226911 0.148378 0.138260 0.268824 0.123524 0.211496 0.142719 0.272926 0.287576 0.272886 0.116418 0.309537 
0.166567 0.296374 0.242861 0.145806 0.169793 0.235284 0.179747 0.171093 0.181014 0.183843 0.246333 0.827146 0.094820 1.000000 0.124444 0.236988 0.115598 0.267173 0.258053 0.238514 0.151671 0.231374 0.172170 0.187684 0.169774 0.768336 0.185157 0.253631 0.344537 0.174282 0.207366 0.099523 0.159660 0.138216 0.238494 0.145854 0.164751 0.155331 0.269787 0.143635 0.208418 0.075160 0.082802 0.199027 0.443526 0.158848 0.626140 0.025900 0.212617 0.160964 0.198220 0.221627 0.119211 0.148026 0.087586 0.166766 0.183290 0.152269 0.306966 0.134661 0.173443 0.225922 0.132184 0.197868 0.126440 0.134695 
0.516233 0.126693 0.136444 0.048080 0.193854 0.125735 0.205335 0.328682 0.363335 0.137240 0.190397 0.137322 0.240736 0.124444 1.000000 0.216086 0.311114 0.162723 0.174705 0.245613 0.104480 0.105469 0.200698 0.214443 0.119821 0.116856 0.231881 0.168532 0.079391 0.616819 0.277195 0.387726 0.546035 0.208944 0.154861 0.184511 0.092551 0.084519 0.025200 0.111930 0.183492 0.168499 0.284666 0.179834 0.074808 0.177800 0.055560 0.243210 0.233083 0.161712 0.139966 0.140746 0.143336 0.128513 0.136497 0.251373 0.190254 0.234376 0.125309 0.150272 0.190606 0.195227 0.228584 0.228010 0.055671 0.229856 
0.413151 0.267709 0.385064 0.204503 0.216845 0.112844 0.153733 0.422174 0.181060 0.456471 0.196649 0.207978 0.193247 0.236988 0.216086 1.000000 0.172274 0.318780 0.194717 0.402423 0.197253 0.569034 0.831649 0.777593 0.438415 0.177141 0.395173 0.349574 0.624246 0.435040 0.578673 0.228333 0.396590 0.323797 0.236234 0.257033 0.191362 0.210633 0.147033 0.168430 0.406614 0.178537 0.324497 0.289305 0.147556 0.234087 0.096706 0.172358 0.752547 0.218097 0.266519 0.242648 0.236978 0.214461 0.327784 0.596060 0.544330 0.384523 0.082397 0.299852 0.297085 0.350814 0.237309 0.514776 0.216431 0.184725 
0.237074 0.088195 0.053743 0.148814 0.378704 0.034902 0.744324 0.091402 0.245010 0.094067 0.208181 0.042962 0.152171 0.115598 0.311114 0.172274 1.000000 0.217319 0.067690 0.170050 0.178094 0.099511 0.157831 0.086427 0.157674 0.034552 0.178276 0.062915 0.167028 0.324854 0.156104 0.493133 0.320607 0.338578 0.155160 0.122842 0.114098 0.116088 0.030807 0.144655 0.200110 0.201879 0.388497 0.169502 0.173752 0.211026 0.163761 0.317269 0.249855 0.216000 0.106716 0.114760 0.147816 0.135144 0.190155 0.321087 0.224851 0.246447 0.045742 0.205226 0.154538 0.181773 0.341405 0.245393 0.181390 0.393638 
0.280047 0.168975 0.251415 0.249278 0.214807 0.153646 0.233216 0.400734 0.115440 0.302697 0.245451 0.216837 0.251962 0.267173 0.162723 0.318780 0.217319 1.000000 0.238588 0.676448 0.245840 0.427252 0.241300 0.261308 0.411793 0.198002 0.195265 0.264785 0.373984 0.322253 0.420947 0.076766 0.398915 0.252233 0.324478 0.259842 0.202718 0.106480 0.185502 0.131035 0.292408 0.073947 0.267283 0.226150 0.338989 0.161705 0.305263 0.100262 0.319646 0.174359 0.221362 0.244079 0.159904 0.157415 0.250811 0.286277 0.254994 0.221995 0.303896 0.149133 0.319812 0.272262 0.217724 0.288488 0.085953 0.238018 
0.200783 0.105883 0.216087 0.087426 0.193568 0.103727 0.083752 0.225383 0.122203 0.149258 0.145738 0.365553 0.142938 0.258053 0.174705 0.194717 0.067690 0.238588 1.000000 0.486361 0.075770 0.217673 0.194503 0.269787 0.174232 0.305504 0.135644 0.139152 0.194565 0.258800 0.189959 0.169906 0.235102 0.094003 0.082368 0.049110 0.016945 0.076954 0.029695 0.126542 0.193483 0.134415 0.110776 0.210737 0.139858 0.119939 0.147558 0.058364 0.129675 0.107544 0.128742 0.121976 0.090308 0.038507 0.107167 0.096514 0.110469 0.153796 0.139697 0.132822 0.072841 0.122964 0.075791 0.062998 -0.004473 0.087246 
0.357707 0.141247 0.257127 0.220663 0.268845 0.096581 0.240170 0.446706 0.181797 0.313806 0.262036 0.216013 0.289936 0.238514 0.245613 0.402423 0.170050 0.676448 0.486361 1.000000 0.240101 0.380436 0.339761 0.365735 0.393566 0.183031 0.306448 0.232604 0.412387 0.403363 0.518426 0.184620 0.396304 0.242390 0.232916 0.211180 0.200414 0.117597 0.111330 0.147914 0.383358 0.087593 0.290156 0.244239 0.272224 0.162354 0.198268 0.056705 0.410771 0.192041 0.294514 0.250103 0.226909 0.158044 0.263209 0.305909 0.314323 0.316865 0.147748 0.225417 0.233336 0.312256 0.179279 0.328547 0.067700 0.180660 
0.138381 0.090815 0.130632 0.892059 0.296361 0.156177 0.208422 0.267162 0.035469 0.448921 0.475825 0.110195 0.544614 0.151671 0.104480 0.197253 0.178094 0.245840 0.075770 0.240101 1.000000 0.172433 0.260194 0.161688 0.704161 0.199591 0.222780 0.170685 0.348219 0.193745 0.157492 0.098839 0.221552 0.240827 0.147582 0.094092 0.465249 0.194717 0.137330 0.229871 0.297292 0.171040 0.281523 0.231335 0.220079 0.202353 0.181311 0.132654 0.196099 0.182010 0.176175 0.206898 0.192909 0.350420 0.030278 0.214156 0.109344 0.306546 0.168283 0.121249 0.157565 0.260509 0.159887 0.219825 0.136341 0.161074 
0.291579 0.280366 0.294914 0.195077 0.197817 0.161096 0.137532 0.383175 0.167481 0.458151 0.147042 0.241297 0.245250 0.231374 0.105469 0.569034 0.099511 0.427252 0.217673 0.380436 0.172433 1.000000 0.501773 0.611629 0.450313 0.219293 0.407707 0.357385 0.579899 0.302009 0.476643 0.116263 0.350459 0.305835 0.318121 0.252301 0.279443 0.211930 0.205007 0.158828 0.386896 0.150362 0.303474 0.300013 0.248153 0.262807 0.169038 0.130395 0.461909 0.233916 0.353956 0.274823 0.300156 0.249465 0.400430 0.391488 0.413171 0.327434 0.155694 0.245133 0.367387 0.404468 0.270334 0.459610 0.202426 0.275290 
0.333895 0.304415 0.463674 0.257753 0.303952 0.090751 0.166287 0.384276 0.257443 0.470906 0.190861 0.193580 0.222686 0.172170 0.200698 0.831649 0.157831 0.241300 0.194503 0.339761 0.260194 0.501773 1.000000 0.803069 0.427432 0.161819 0.323526 0.441558 0.479322 0.364165 0.434292 0.274206 0.338213 0.292107 0.166011 0.190170 0.174143 0.270446 0.102821 0.178584 0.303291 0.234002 0.297757 0.271325 0.119386 0.224445 0.056016 0.171865 0.679611 0.225627 0.252245 0.206673 0.214487 0.203218 0.290519 0.684566 0.485181 0.296567 0.063064 0.209262 0.285107 0.229324 0.261922 0.430384 0.258579 0.213352 
0.355994 0.278226 0.488368 0.124730 0.201090 0.025657 0.082912 0.404314 0.192091 0.380684 0.139252 0.202937 0.241806 0.187684 0.214443 0.777593 0.086427 0.261308 0.269787 0.365735 0.161688 0.611629 0.803069 1.000000 0.345079 0.144582 0.366319 0.379407 0.480629 0.370830 0.471913 0.248098 0.323480 0.193407 0.160063 0.154817 0.124171 0.207922 0.054000 0.173505 0.304092 0.160450 0.231500 0.228657 0.119490 0.195837 0.070672 0.160400 0.471302 0.169026 0.269412 0.221194 0.224659 0.149711 0.320159 0.416843 0.357256 0.250557 0.034160 0.179909 0.241181 0.239845 0.204346 0.383858 0.176885 0.182761 
0.216891 0.229699 0.281623 0.767102 0.298281 0.177775 0.224173 0.466037 0.066527 0.804894 0.406757 0.144045 0.557524 0.169774 0.119821 0.438415 0.157674 0.411793 0.174232 0.393566 0.704161 0.450313 0.427432 0.345079 1.000000 0.182971 0.303045 0.304549 0.593394 0.217226 0.327508 0.085097 0.267588 0.393864 0.278215 0.219379 0.505885 0.281978 0.155490 0.266632 0.412268 0.190714 0.367493 0.288950 0.272875 0.251768 0.208122 0.194595 0.353447 0.393697 0.354458 0.279537 0.245944 0.415281 0.220454 0.320332 0.246923 0.459489 0.158151 0.192627 0.289825 0.376020 0.304461 0.365489 0.231025 0.296793 
0.128871 0.215654 0.169626 0.191578 0.196184 0.381594 0.160481 0.119151 0.241807 0.181480 0.210649 0.719925 0.098837 0.768336 0.116856 0.177141 0.034552 0.198002 0.305504 0.183031 0.199591 0.219293 0.161819 0.144582 0.182971 1.000000 0.165843 0.228562 0.260230 0.154320 0.131335 0.070782 0.139164 0.155242 0.200491 0.172349 0.196954 0.171229 0.428327 0.185323 0.205601 0.147255 0.089284 0.150781 0.450997 0.147795 0.572115 0.032560 0.139281 0.173987 0.224238 0.248751 0.160575 0.159792 0.115105 0.141304 0.109973 0.135966 0.543380 0.159579 0.174906 0.178654 0.131265 0.163065 0.119983 0.149350 
0.299314 0.248390 0.153269 0.179102 0.216009 0.153959 0.203003 0.336209 0.114494 0.247813 0.187657 0.130605 0.242367 0.185157 0.231881 0.395173 0.178276 0.195265 0.135644 0.306448 0.222780 0.407707 0.323526 0.366319 0.303045 0.165843 1.000000 0.270121 0.490196 0.295993 0.397824 0.337901 0.286386 0.189318 0.187364 0.142323 0.176206 0.204731 0.139322 0.164326 0.342504 0.121497 0.266556 0.288162 0.194810 0.170934 0.130531 0.144058 0.345741 0.130637 0.240422 0.231152 0.276168 0.157303 0.139579 0.305605 0.289454 0.294912 0.101602 0.220643 0.219915 0.341272 0.112545 0.260495 0.214074 0.089974 
0.265886 0.825927 0.502766 0.167713 0.177803 0.098484 0.110977 0.347513 0.091565 0.339132 0.159124 0.248580 0.223791 0.253631 0.168532 0.349574 0.062915 0.264785 0.139152 0.232604 0.170685 0.357385 0.441558 0.379407 0.304549 0.228562 0.270121 1.000000 0.426169 0.241591 0.353686 0.082093 0.296025 0.273238 0.414575 0.244626 0.185614 0.246636 0.211778 0.200127 0.220098 0.156319 0.175227 0.205371 0.123533 0.195809 0.113819 0.081310 0.336696 0.183541 0.345277 0.189856 0.192379 0.168875 0.287660 0.319161 0.295256 0.173215 0.147455 0.116492 0.405291 0.213757 0.241709 0.360579 0.161940 0.227326 
0.275873 0.362936 0.336466 0.311935 0.258273 0.139843 0.210820 0.402206 0.098825 0.503164 0.341165 0.254604 0.294262 0.344537 0.079391 0.624246 0.167028 0.373984 0.194565 0.412387 0.348219 0.579899 0.479322 0.480629 0.593394 0.260230 0.490196 0.426169 1.000000 0.286112 0.503319 0.101544 0.315254 0.308797 0.346955 0.251117 0.270195 0.147042 0.157087 0.111102 0.424098 0.136980 0.258020 0.285438 0.313313 0.211300 0.272815 0.131068 0.504651 0.245019 0.367173 0.289136 0.261990 0.248741 0.247724 0.368262 0.408270 0.362038 0.117812 0.254913 0.334517 0.407840 0.232514 0.438017 0.183893 0.179626 
0.826888 0.193133 0.206919 0.128388 0.232948 0.072854 0.265938 0.468547 0.198277 0.259750 0.206960 0.142505 0.313102 0.174282 0.616819 0.435040 0.324854 0.322253 0.258800 0.403363 0.193745 0.302009 0.364165 0.370830 0.217226 0.154320 0.295993 0.241591 0.286112 1.000000 0.620758 0.383076 0.922705 0.368734 0.246254 0.225760 0.142989 0.111210 0.094704 0.116312 0.403123 0.125821 0.417000 0.287708 0.148921 0.287813 0.104932 0.191702 0.419699 0.215820 0.238431 0.268129 0.277347 0.171986 0.280840 0.373676 0.326451 0.360945 0.199577 0.268835 0.243891 0.348874 0.332899 0.451736 0.098090 0.339678 
0.711670 0.261561 0.314442 0.119083 0.185805 0.073028 0.184899 0.669960 0.072075 0.334464 0.244190 0.167521 0.245370 0.207366 0.277195 0.578673 0.156104 0.420947 0.189959 0.518426 0.157492 0.476643 0.434292 0.471913 0.327508 0.131335 0.397824 0.353686 0.503319 0.620758 1.000000 0.179380 0.588034 0.306299 0.326965 0.257793 0.216899 0.168331 0.095221 0.130502 0.450128 0.083595 0.371409 0.300422 0.243209 0.284936 0.166507 0.073457 0.514451 0.182009 0.308545 0.270710 0.300076 0.225132 0.306658 0.408812 0.419804 0.392370 0.094723 0.255664 0.335015 0.429993 0.214584 0.476814 0.137718 0.206225 
0.286299 0.086144 0.155474 0.068833 0.391469 0.186365 0.493425 0.188918 0.313955 0.049499 0.137120 0.111508 0.207100 0.099523 0.387726 0.228333 0.493133 0.076766 0.169906 0.184620 0.098839 0.116263 0.274206 0.248098 0.085097 0.070782 0.337901 0.082093 0.101544 0.383076 0.179380 1.000000 0.283822 0.159854 0.051343 0.086962 0.031723 0.114485 0.097851 0.092890 0.194193 0.100227 0.247003 0.053384 0.090449 0.102503 0.044931 0.116292 0.212089 0.099895 0.032454 0.119792 0.143282 0.052072 0.120824 0.252794 0.168780 0.173208 0.042755 0.169806 0.058088 0.114096 0.157180 0.097849 0.099635 0.178940 
0.743372 0.227663 0.222179 0.163519 0.270740 0.103679 0.244840 0.452143 0.183024 0.307872 0.231615 0.144104 0.284580 0.159660 0.546035 0.396590 0.320607 0.398915 0.235102 0.396304 0.221552 0.350459 0.338213 0.323480 0.267588 0.139164 0.286386 0.296025 0.315254 0.922705 0.588034 0.283822 1.000000 0.370888 0.303487 0.302004 0.172298 0.135985 0.134417 0.152950 0.410822 0.169278 0.445044 0.315904 0.163083 0.293302 0.121403 0.200935 0.415939 0.244158 0.258830 0.255341 0.277654 0.196884 0.307963 0.389739 0.348234 0.361019 0.212621 0.268835 0.304044 0.366379 0.342184 0.448113 0.124764 0.369169 
0.343983 0.255147 0.208810 0.268014 0.182385 0.171201 0.328152 0.294747 0.077844 0.472498 0.178210 0.097505 0.361224 0.138216 0.208944 0.323797 0.338578 0.252233 0.094003 0.242390 0.240827 0.305835 0.292107 0.193407 0.393864 0.155242 0.189318 0.273238 0.308797 0.368734 0.306299 0.159854 0.370888 1.000000 0.225565 0.193853 0.287342 0.249008 0.273690 0.208770 0.446383 0.204332 0.361587 0.286623 0.157896 0.337530 0.135301 0.473233 0.379728 0.441696 0.312540 0.299073 0.334329 0.255438 0.385708 0.293299 0.290073 0.285924 0.230038 0.295659 0.236334 0.271226 0.811649 0.688917 0.270686 0.751018 
0.210420 0.548052 0.136438 0.131973 0.193602 0.037319 0.195438 0.229972 0.139663 0.296388 0.199796 0.226177 0.134487 0.238494 0.154861 0.236234 0.155160 0.324478 0.082368 0.232916 0.147582 0.318121 0.166011 0.160063 0.278215 0.200491 0.187364 0.414575 0.346955 0.246254 0.326965 0.051343 0.303487 0.225565 1.000000 0.519945 0.216083 0.231223 0.156246 0.191037 0.283578 0.142274 0.259738 0.306012 0.214276 0.226854 0.217467 0.125465 0.326146 0.261324 0.348194 0.276872 0.259595 0.227921 0.203809 0.380659 0.348255 0.275126 0.190846 0.242823 0.850122 0.356687 0.171253 0.318739 0.178377 0.163113 
0.148409 0.239201 0.191035 0.103759 0.190905 0.026055 0.183022 0.187727 0.297169 0.229324 0.177576 0.213680 0.079434 0.145854 0.184511 0.257033 0.122842 0.259842 0.049110 0.211180 0.094092 0.252301 0.190170 0.154817 0.219379 0.172349 0.142323 0.244626 0.251117 0.225760 0.257793 0.086962 0.302004 0.193853 0.519945 1.000000 0.135322 0.204534 0.172694 0.150175 0.238563 0.111956 0.256737 0.200751 0.167842 0.207999 0.106539 0.060887 0.398673 0.200033 0.222457 0.260993 0.218639 0.166073 0.205489 0.425792 0.467079 0.211970 0.129174 0.113431 0.588656 0.234801 0.162046 0.269494 0.161622 0.151284 
0.140569 0.148864 0.146262 0.468224 0.219433 0.196679 0.134354 0.257594 0.003666 0.467304 0.182581 0.125639 0.327626 0.164751 0.092551 0.191362 0.114098 0.202718 0.016945 0.200414 0.465249 0.279443 0.174143 0.124171 0.505885 0.196954 0.176206 0.185614 0.270195 0.142989 0.216899 0.031723 0.172298 0.287342 0.216083 0.135322 1.000000 0.263081 0.140169 0.242018 0.339557 0.281719 0.385330 0.289638 0.172652 0.430526 0.141189 0.127336 0.212976 0.308513 0.221004 0.221414 0.188683 0.845895 0.222168 0.191236 0.180087 0.626000 0.139254 0.235206 0.218000 0.431445 0.179981 0.290548 0.221709 0.153254 
0.146745 0.251949 0.224812 0.230355 0.194652 0.192181 0.131805 0.203431 0.108310 0.388640 0.139719 0.141826 0.212304 0.155331 0.084519 0.210633 0.116088 0.106480 0.076954 0.117597 0.194717 0.211930 0.270446 0.207922 0.281978 0.171229 0.204731 0.246636 0.147042 0.111210 0.168331 0.114485 0.135985 0.249008 0.231223 0.204534 0.263081 1.000000 0.215271 0.860312 0.158529 0.442850 0.235243 0.232462 0.069438 0.253883 0.091684 0.208973 0.265879 0.514163 0.213151 0.179895 0.113946 0.290121 0.228754 0.276868 0.255601 0.288677 0.133720 0.126478 0.242205 0.208477 0.258060 0.272103 0.588805 0.235469 
0.097464 0.254581 0.040388 0.165303 0.123366 0.526881 0.196050 0.092766 0.166685 0.154577 0.151434 0.277409 0.087746 0.269787 0.025200 0.147033 0.030807 0.185502 0.029695 0.111330 0.137330 0.205007 0.102821 0.054000 0.155490 0.428327 0.139322 0.211778 0.157087 0.094704 0.095221 0.097851 0.134417 0.273690 0.156246 0.172694 0.140169 0.215271 1.000000 0.222443 0.210223 0.182004 0.121182 0.086525 0.198718 0.134987 0.256110 0.088770 0.168348 0.133330 0.244245 0.149796 0.193213 0.109351 0.280374 0.117404 0.166873 0.096982 0.610423 0.183264 0.121868 0.123809 0.235927 0.284207 0.199706 0.261156 
0.120162 0.194295 0.203301 0.248055 0.160881 0.192086 0.149724 0.166620 0.096302 0.326487 0.140067 0.130128 0.216582 0.143635 0.111930 0.168430 0.144655 0.131035 0.126542 0.147914 0.229871 0.158828 0.178584 0.173505 0.266632 0.185323 0.164326 0.200127 0.111102 0.116312 0.130502 0.092890 0.152950 0.208770 0.191037 0.150175 0.242018 0.860312 0.222443 1.000000 0.193250 0.526578 0.190824 0.202193 0.134102 0.244437 0.152663 0.223063 0.165293 0.439920 0.186077 0.123940 0.066617 0.270640 0.168597 0.134463 0.151113 0.269672 0.162832 0.100561 0.177485 0.204755 0.164979 0.209671 0.394857 0.173552 
0.418207 0.170955 0.193889 0.296572 0.180689 0.169886 0.226250 0.414922 0.100578 0.366405 0.222732 0.198211 0.314978 0.208418 0.183492 0.406614 0.200110 0.292408 0.193483 0.383358 0.297292 0.386896 0.303291 0.304092 0.412268 0.205601 0.342504 0.220098 0.424098 0.403123 0.450128 0.194193 0.410822 0.446383 0.283578 0.238563 0.339557 0.158529 0.210223 0.193250 1.000000 0.157812 0.652726 0.470765 0.271480 0.611057 0.190027 0.118385 0.408927 0.252716 0.375378 0.289676 0.407608 0.443238 0.272124 0.300578 0.311620 0.623341 0.158897 0.321645 0.255772 0.637587 0.273322 0.534926 0.137895 0.273433 
0.086122 0.108166 0.084250 0.157398 0.140181 0.185214 0.173242 0.142249 0.115670 0.220716 0.138191 0.044522 0.147678 0.075160 0.168499 0.178537 0.201879 0.073947 0.134415 0.087593 0.171040 0.150362 0.234002 0.160450 0.190714 0.147255 0.121497 0.156319 0.136980 0.125821 0.083595 0.100227 0.169278 0.204332 0.142274 0.111956 0.281719 0.442850 0.182004 0.526578 0.157812 1.000000 0.130098 0.232645 0.128019 0.240855 0.147631 0.531344 0.156320 0.311600 0.109015 0.072900 0.074037 0.290859 0.143338 0.180074 0.177794 0.201719 0.194483 0.267720 0.138470 0.207886 0.224968 0.209643 0.496563 0.201233 
0.390131 0.152701 0.150189 0.276930 0.269714 0.132479 0.324028 0.294564 0.175287 0.326493 0.169890 0.120125 0.217422 0.082802 0.284666 0.324497 0.388497 0.267283 0.110776 0.290156 0.281523 0.303474 0.297757 0.231500 0.367493 0.089284 0.266556 0.175227 0.258020 0.417000 0.371409 0.247003 0.445044 0.361587 0.259738 0.256737 0.385330 0.235243 0.121182 0.190824 0.652726 0.130098 1.000000 0.392037 0.146082 0.608169 0.055190 0.074439 0.410047 0.230495 0.318929 0.242386 0.376599 0.452422 0.302375 0.426228 0.341878 0.791733 0.151776 0.339119 0.266469 0.590832 0.283570 0.488710 0.187116 0.306677 
0.276348 0.168652 0.217632 0.214695 0.162650 0.092928 0.126680 0.306967 0.039211 0.283780 0.287145 0.152447 0.216664 0.199027 0.179834 0.289305 0.169502 0.226150 0.210737 0.244239 0.231335 0.300013 0.271325 0.228657 0.288950 0.150781 0.288162 0.205371 0.285438 0.287708 0.300422 0.053384 0.315904 0.286623 0.306012 0.200751 0.289638 0.232462 0.086525 0.202193 0.470765 0.232645 0.392037 1.000000 0.289388 0.560616 0.249263 0.217535 0.349498 0.257885 0.274842 0.267139 0.250386 0.490693 0.206271 0.317338 0.306608 0.461670 0.165137 0.270583 0.315927 0.497845 0.236399 0.359409 0.197412 0.221242 
0.139857 0.109808 0.165595 0.191837 0.184983 0.219777 0.251890 0.240488 0.086691 0.129242 0.272418 0.302159 0.100415 0.443526 0.074808 0.147556 0.173752 0.338989 0.139858 0.272224 0.220079 0.248153 0.119386 0.119490 0.272875 0.450997 0.194810 0.123533 0.313313 0.148921 0.243209 0.090449 0.163083 0.157896 0.214276 0.167842 0.172652 0.069438 0.198718 0.134102 0.271480 0.128019 0.146082 0.289388 1.000000 0.219654 0.884414 0.096979 0.165999 0.078066 0.183013 0.486547 0.227275 0.206483 0.119458 0.161832 0.150783 0.149290 0.445379 0.164489 0.184587 0.255691 0.138821 0.191985 0.126577 0.161310 
0.285592 0.153596 0.186696 0.186706 0.150369 0.130421 0.166729 0.296017 0.102427 0.245422 0.169568 0.169954 0.158144 0.158848 0.177800 0.234087 0.211026 0.161705 0.119939 0.162354 0.202353 0.262807 0.224445 0.195837 0.251768 0.147795 0.170934 0.195809 0.211300 0.287813 0.284936 0.102503 0.293302 0.337530 0.226854 0.207999 0.430526 0.253883 0.134987 0.244437 0.611057 0.240855 0.608169 0.560616 0.219654 1.000000 0.166734 0.191505 0.279144 0.240702 0.222222 0.279066 0.274731 0.675425 0.177648 0.238034 0.230203 0.584053 0.131904 0.229421 0.216021 0.492246 0.271160 0.399540 0.215591 0.248137 
0.093830 0.150159 0.182147 0.150251 0.176186 0.251276 0.224770 0.186809 0.058703 0.114977 0.266499 0.390422 0.065741 0.626140 0.055560 0.096706 0.163761 0.305263 0.147558 0.198268 0.181311 0.169038 0.056016 0.070672 0.208122 0.572115 0.130531 0.113819 0.272815 0.104932 0.166507 0.044931 0.121403 0.135301 0.217467 0.106539 0.141189 0.091684 0.256110 0.152663 0.190027 0.147631 0.055190 0.249263 0.884414 0.166734 1.000000 0.106108 0.060386 0.091634 0.143054 0.291259 0.142167 0.152575 0.043547 0.060873 0.034814 0.094656 0.441337 0.148634 0.151068 0.219698 0.118522 0.128557 0.139461 0.152230 
0.129829 0.100482 0.047414 0.133225 -0.003460 0.085312 0.260530 0.140241 0.091813 0.236890 0.053945 -0.017348 0.200423 0.025900 0.243210 0.172358 0.317269 0.100262 0.058364 0.056705 0.132654 0.130395 0.171865 0.160400 0.194595 0.032560 0.144058 0.081310 0.131068 0.191702 0.073457 0.116292 0.200935 0.473233 0.125465 0.060887 0.127336 0.208973 0.088770 0.223063 0.118385 0.531344 0.074439 0.217535 0.096979 0.191505 0.106108 1.000000 0.149579 0.350157 0.113606 0.154289 0.103754 0.125690 0.150603 0.135654 0.134163 0.063113 0.109032 0.263451 0.103584 0.085880 0.561584 0.239739 0.450636 0.536495 
0.410942 0.286630 0.277072 0.194705 0.217023 0.084340 0.210159 0.376686 0.250283 0.375123 0.241456 0.209110 0.196161 0.212617 0.233083 0.752547 0.249855 0.319646 0.129675 0.410771 0.196099 0.461909 0.679611 0.471302 0.353447 0.139281 0.345741 0.336696 0.504651 0.419699 0.514451 0.212089 0.415939 0.379728 0.326146 0.398673 0.212976 0.265879 0.168348 0.165293 0.408927 0.156320 0.410047 0.349498 0.165999 0.279144 0.060386 0.149579 1.000000 0.240373 0.308834 0.297581 0.273267 0.258217 0.424655 0.851031 0.872147 0.411707 0.092123 0.353663 0.431656 0.393004 0.292698 0.549277 0.254699 0.233007 
0.187009 0.191333 0.210536 0.231010 0.126699 0.159013 0.245786 0.185091 0.093701 0.607039 0.173037 0.153645 0.331128 0.160964 0.161712 0.218097 0.216000 0.174359 0.107544 0.192041 0.182010 0.233916 0.225627 0.169026 0.393697 0.173987 0.130637 0.183541 0.245019 0.215820 0.182009 0.099895 0.244158 0.441696 0.261324 0.200033 0.308513 0.514163 0.133330 0.439920 0.252716 0.311600 0.230495 0.257885 0.078066 0.240702 0.091634 0.350157 0.240373 1.000000 0.288645 0.191557 0.174561 0.376986 0.233189 0.222999 0.192827 0.363632 0.116906 0.201621 0.246303 0.227311 0.470675 0.290882 0.393085 0.442303 
0.283842 0.356378 0.162403 0.204014 0.105300 0.096074 0.200096 0.222383 0.079595 0.413575 0.186266 0.196177 0.286997 0.198220 0.139966 0.266519 0.106716 0.221362 0.128742 0.294514 0.176175 0.353956 0.252245 0.269412 0.354458 0.224238 0.240422 0.345277 0.367173 0.238431 0.308545 0.032454 0.258830 0.312540 0.348194 0.222457 0.221004 0.213151 0.244245 0.186077 0.375378 0.109015 0.318929 0.274842 0.183013 0.222222 0.143054 0.113606 0.308834 0.288645 1.000000 0.279965 0.441802 0.259599 0.447471 0.259819 0.306068 0.328849 0.169333 0.264167 0.390737 0.374704 0.319448 0.432600 0.178786 0.328847 
0.232024 0.190173 0.188443 0.174448 0.112969 0.049401 0.160282 0.235954 0.108552 0.220890 0.207589 0.207218 0.179709 0.221627 0.140746 0.242648 0.114760 0.244079 0.121976 0.250103 0.206898 0.274823 0.206673 0.221194 0.279537 0.248751 0.231152 0.189856 0.289136 0.268129 0.270710 0.119792 0.255341 0.299073 0.276872 0.260993 0.221414 0.179895 0.149796 0.123940 0.289676 0.072900 0.242386 0.267139 0.486547 0.279066 0.291259 0.154289 0.297581 0.191557 0.279965 1.000000 0.518982 0.253933 0.299319 0.254649 0.304173 0.249918 0.312030 0.244003 0.256825 0.279914 0.356579 0.379208 0.259461 0.320325 
0.254775 0.172484 0.098556 0.176772 0.128358 0.062454 0.189057 0.163827 0.106693 0.263565 0.100694 0.110473 0.225345 0.119211 0.143336 0.236978 0.147816 0.159904 0.090308 0.226909 0.192909 0.300156 0.214487 0.224659 0.245944 0.160575 0.276168 0.192379 0.261990 0.277347 0.300076 0.143282 0.277654 0.334329 0.259595 0.218639 0.188683 0.113946 0.193213 0.066617 0.407608 0.074037 0.376599 0.250386 0.227275 0.274731 0.142167 0.103754 0.273267 0.174561 0.441802 0.518982 1.000000 0.240977 0.301096 0.261045 0.243621 0.339187 0.234857 0.385583 0.258999 0.373169 0.295809 0.463687 0.215104 0.288049 
0.165453 0.106388 0.197259 0.343770 0.198364 0.168286 0.131181 0.235008 0.031227 0.464339 0.177753 0.126849 0.280422 0.148026 0.128513 0.214461 0.135144 0.157415 0.038507 0.158044 0.350420 0.249465 0.203218 0.149711 0.415281 0.159792 0.157303 0.168875 0.248741 0.171986 0.225132 0.052072 0.196884 0.255438 0.227921 0.166073 0.845895 0.290121 0.109351 0.270640 0.443238 0.290859 0.452422 0.490693 0.206483 0.675425 0.152575 0.125690 0.258217 0.376986 0.259599 0.253933 0.240977 1.000000 0.213378 0.228280 0.225853 0.700341 0.140201 0.259719 0.269971 0.518122 0.189720 0.303641 0.224125 0.160826 
0.307263 0.260039 0.175399 0.061069 0.055585 0.098419 0.155370 0.179934 0.101434 0.306695 0.114362 0.133456 0.226911 0.087586 0.136497 0.327784 0.190155 0.250811 0.107167 0.263209 0.030278 0.400430 0.290519 0.320159 0.220454 0.115105 0.139579 0.287660 0.247724 0.280840 0.306658 0.120824 0.307963 0.385708 0.203809 0.205489 0.222168 0.228754 0.280374 0.168597 0.272124 0.143338 0.302375 0.206271 0.119458 0.177648 0.043547 0.150603 0.424655 0.233189 0.447471 0.299319 0.301096 0.213378 1.000000 0.347074 0.508885 0.257581 0.201541 0.473510 0.213583 0.292115 0.492415 0.559097 0.215944 0.516579 
0.342385 0.264330 0.219507 0.217190 0.285180 0.057474 0.284492 0.292884 0.319972 0.313669 0.240161 0.197396 0.148378 0.166766 0.251373 0.596060 0.321087 0.286277 0.096514 0.305909 0.214156 0.391488 0.684566 0.416843 0.320332 0.141304 0.305605 0.319161 0.368262 0.373676 0.408812 0.252794 0.389739 0.293299 0.380659 0.425792 0.191236 0.276868 0.117404 0.134463 0.300578 0.180074 0.426228 0.317338 0.161832 0.238034 0.060873 0.135654 0.851031 0.222999 0.259819 0.254649 0.261045 0.228280 0.347074 1.000000 0.767064 0.357698 0.106799 0.262473 0.550022 0.297506 0.237047 0.415419 0.282516 0.181818 
0.329026 0.290698 0.211527 0.093787 0.156705 0.046604 0.187085 0.273745 0.247922 0.278399 0.189418 0.209109 0.138260 0.183290 0.190254 0.544330 0.224851 0.254994 0.110469 0.314323 0.109344 0.413171 0.485181 0.357256 0.246923 0.109973 0.289454 0.295256 0.408270 0.326451 0.419804 0.168780 0.348234 0.290073 0.348255 0.467079 0.180087 0.255601 0.166873 0.151113 0.311620 0.177794 0.341878 0.306608 0.150783 0.230203 0.034814 0.134163 0.872147 0.192827 0.306068 0.304173 0.243621 0.225853 0.508885 0.767064 1.000000 0.344088 0.111324 0.377925 0.440808 0.369494 0.239956 0.439336 0.283149 0.197203 
0.358974 0.157748 0.219243 0.317429 0.198286 0.156128 0.197407 0.331332 0.070788 0.490396 0.197466 0.136475 0.268824 0.152269 0.234376 0.384523 0.246447 0.221995 0.153796 0.316865 0.306546 0.327434 0.296567 0.250557 0.459489 0.135966 0.294912 0.173215 0.362038 0.360945 0.392370 0.173208 0.361019 0.285924 0.275126 0.211970 0.626000 0.288677 0.096982 0.269672 0.623341 0.201719 0.791733 0.461670 0.149290 0.584053 0.094656 0.063113 0.411707 0.363632 0.328849 0.249918 0.339187 0.700341 0.257581 0.357698 0.344088 1.000000 0.149957 0.340779 0.288688 0.768480 0.190215 0.412223 0.231185 0.167865 
0.171114 0.187160 0.117301 0.164712 0.113113 0.354670 0.169582 0.074715 0.155682 0.123294 0.096666 0.270690 0.123524 0.306966 0.125309 0.082397 0.045742 0.303896 0.139697 0.147748 0.168283 0.155694 0.063064 0.034160 0.158151 0.543380 0.101602 0.147455 0.117812 0.199577 0.094723 0.042755 0.212621 0.230038 0.190846 0.129174 0.139254 0.133720 0.610423 0.162832 0.158897 0.194483 0.151776 0.165137 0.445379 0.131904 0.441337 0.109032 0.092123 0.116906 0.169333 0.312030 0.234857 0.140201 0.201541 0.106799 0.111324 0.149957 1.000000 0.166489 0.159105 0.159789 0.212867 0.204172 0.144557 0.233106 
0.244922 0.126368 0.080508 0.089575 0.124347 0.153010 0.179627 0.137705 0.069017 0.226142 0.183779 0.112832 0.211496 0.134661 0.150272 0.299852 0.205226 0.149133 0.132822 0.225417 0.121249 0.245133 0.209262 0.179909 0.192627 0.159579 0.220643 0.116492 0.254913 0.268835 0.255664 0.169806 0.268835 0.295659 0.242823 0.113431 0.235206 0.126478 0.183264 0.100561 0.321645 0.267720 0.339119 0.270583 0.164489 0.229421 0.148634 0.263451 0.353663 0.201621 0.264167 0.244003 0.385583 0.259719 0.473510 0.262473 0.377925 0.340779 0.166489 1.000000 0.182764 0.432624 0.264538 0.401672 0.283476 0.266930 
0.219577 0.419525 0.167109 0.132699 0.207870 0.046434 0.166122 0.254586 0.180364 0.325929 0.227768 0.181501 0.142719 0.173443 0.190606 0.297085 0.154538 0.319812 0.072841 0.233336 0.157565 0.367387 0.285107 0.241181 0.289825 0.174906 0.219915 0.405291 0.334517 0.243891 0.335015 0.058088 0.304044 0.236334 0.850122 0.588656 0.218000 0.242205 0.121868 0.177485 0.255772 0.138470 0.266469 0.315927 0.184587 0.216021 0.151068 0.103584 0.431656 0.246303 0.390737 0.256825 0.258999 0.269971 0.213583 0.550022 0.440808 0.288688 0.159105 0.182764 1.000000 0.347714 0.182048 0.332347 0.173347 0.144424 
0.366214 0.171917 0.206504 0.220805 0.162713 0.126982 0.138535 0.365694 0.021821 0.404760 0.248929 0.169265 0.272926 0.225922 0.195227 0.350814 0.181773 0.272262 0.122964 0.312256 0.260509 0.404468 0.229324 0.239845 0.376020 0.178654 0.341272 0.213757 0.407840 0.348874 0.429993 0.114096 0.366379 0.271226 0.356687 0.234801 0.431445 0.208477 0.123809 0.204755 0.637587 0.207886 0.590832 0.497845 0.255691 0.492246 0.219698 0.085880 0.393004 0.227311 0.374704 0.279914 0.373169 0.518122 0.292115 0.297506 0.369494 0.768480 0.159789 0.432624 0.347714 1.000000 0.174957 0.443889 0.213449 0.182786 
0.294968 0.231867 0.166225 0.178832 0.087452 0.104656 0.294249 0.210866 0.084135 0.417199 0.140192 0.131085 0.287576 0.132184 0.228584 0.237309 0.341405 0.217724 0.075791 0.179279 0.159887 0.270334 0.261922 0.204346 0.304461 0.131265 0.112545 0.241709 0.232514 0.332899 0.214584 0.157180 0.342184 0.811649 0.171253 0.162046 0.179981 0.258060 0.235927 0.164979 0.273322 0.224968 0.283570 0.236399 0.138821 0.271160 0.118522 0.561584 0.292698 0.470675 0.319448 0.356579 0.295809 0.189720 0.492415 0.237047 0.239956 0.190215 0.212867 0.264538 0.182048 0.174957 1.000000 0.634319 0.380663 0.941460 
0.453087 0.308805 0.244239 0.214784 0.161625 0.133412 0.222117 0.346349 0.092794 0.441975 0.196249 0.146779 0.272886 0.197868 0.228010 0.514776 0.245393 0.288488 0.062998 0.328547 0.219825 0.459610 0.430384 0.383858 0.365489 0.163065 0.260495 0.360579 0.438017 0.451736 0.476814 0.097849 0.448113 0.688917 0.318739 0.269494 0.290548 0.272103 0.284207 0.209671 0.534926 0.209643 0.488710 0.359409 0.191985 0.399540 0.128557 0.239739 0.549277 0.290882 0.432600 0.379208 0.463687 0.303641 0.559097 0.415419 0.439336 0.412223 0.204172 0.401672 0.332347 0.443889 0.634319 1.000000 0.313988 0.588016 
0.112630 0.192787 0.116857 0.172136 0.076140 0.157461 0.164284 0.172331 0.041635 0.278371 0.086162 0.080316 0.116418 0.126440 0.055671 0.216431 0.181390 0.085953 -0.004473 0.067700 0.136341 0.202426 0.258579 0.176885 0.231025 0.119983 0.214074 0.161940 0.183893 0.098090 0.137718 0.099635 0.124764 0.270686 0.178377 0.161622 0.221709 0.588805 0.199706 0.394857 0.137895 0.496563 0.187116 0.197412 0.126577 0.215591 0.139461 0.450636 0.254699 0.393085 0.178786 0.259461 0.215104 0.224125 0.215944 0.282516 0.283149 0.231185 0.144557 0.283476 0.173347 0.213449 0.380663 0.313988 1.000000 0.337983 
0.296551 0.214694 0.139800 0.182870 0.113180 0.105749 0.367570 0.207514 0.098600 0.407494 0.160788 0.149320 0.309537 0.134695 0.229856 0.184725 0.393638 0.238018 0.087246 0.180660 0.161074 0.275290 0.213352 0.182761 0.296793 0.149350 0.089974 0.227326 0.179626 0.339678 0.206225 0.178940 0.369169 0.751018 0.163113 0.151284 0.153254 0.235469 0.261156 0.173552 0.273433 0.201233 0.306677 0.221242 0.161310 0.248137 0.152230 0.536495 0.233007 0.442303 0.328847 0.320325 0.288049 0.160826 0.516579 0.181818 0.197203 0.167865 0.233106 0.266930 0.144424 0.182786 0.941460 0.588016 0.337983 1.000000 
