0.000000000000000000e+00 9.500000000000000000e+00 3.010000000000000000e+02 2.063500000000000000e+03 3.250000000000000000e+01 0.000000000000000000e+00 6.900000000000000000e+01 2.478200000000000000e+05 2.350500000000000000e+03 6.715500000000000000e+03 6.305000000000000000e+02 0.000000000000000000e+00 1.140000000000000000e+02 0.000000000000000000e+00 6.952680000000000000e+05 1.500000000000000000e+02 6.750000000000000000e+01 2.595000000000000000e+02 2.500000000000000000e+00 2.350000000000000000e+01 8.365000000000000000e+02 3.716150000000000000e+04 1.349000000000000000e+03 7.893500000000000000e+04 3.146300000000000000e+04 0.000000000000000000e+00 1.375000000000000000e+02 2.665000000000000000e+02 5.259000000000000000e+03 4.120525000000000000e+05 3.632055000000000000e+05 0.000000000000000000e+00 3.750000000000000000e+01 1.400000000000000000e+01 1.000000000000000000e+01 7.000000000000000000e+00 5.300000000000000000e+01 0.000000000000000000e+00 0.000000000000000000e+00 8.000000000000000000e+00 1.800000000000000000e+01 1.150000000000000000e+01 4.483500000000000000e+03 2.510000000000000000e+02 0.000000000000000000e+00 3.500000000000000000e+01 0.000000000000000000e+00 8.500000000000000000e+01 2.100000000000000000e+01 1.225000000000000000e+02 8.000000000000000000e+00 0.000000000000000000e+00 7.500000000000000000e+00 2.760000000000000000e+02 2.535000000000000000e+02 2.859500000000000000e+03 5.470000000000000000e+02 2.342000000000000000e+03 0.000000000000000000e+00 2.200000000000000000e+01 2.100000000000000000e+01 2.028500000000000000e+03 6.315000000000000000e+02 2.479000000000000000e+03 0.000000000000000000e+00 1.720000000000000000e+02 
9.500000000000000000e+00 0.000000000000000000e+00 2.656000000000000000e+03 8.800000000000000000e+01 2.500000000000000000e+00 0.000000000000000000e+00 3.500000000000000000e+00 0.000000000000000000e+00 0.000000000000000000e+00 2.647050000000000000e+04 0.000000000000000000e+00 5.200000000000000000e+02 1.372500000000000000e+03 5.958000000000000000e+03 8.000000000000000000e+00 2.349000000000000000e+03 8.500000000000000000e+00 2.507700000000000000e+04 3.500000000000000000e+00 3.693500000000000000e+03 4.600000000000000000e+01 3.850000000000000000e+01 2.084380000000000000e+05 4.048500000000000000e+03 9.609500000000000000e+03 1.616435000000000000e+05 1.061895000000000000e+05 9.001395000000000000e+05 1.160000000000000000e+02 7.150000000000000000e+01 9.500000000000000000e+01 2.500000000000000000e+00 0.000000000000000000e+00 0.000000000000000000e+00 5.197200000000000000e+05 1.570000000000000000e+02 3.905000000000000000e+02 0.000000000000000000e+00 3.000000000000000000e+00 0.000000000000000000e+00 0.000000000000000000e+00 0.000000000000000000e+00 2.580500000000000000e+03 0.000000000000000000e+00 1.700000000000000000e+01 1.750000000000000000e+01 1.978000000000000000e+03 0.000000000000000000e+00 4.035000000000000000e+02 0.000000000000000000e+00 2.360000000000000000e+02 0.000000000000000000e+00 0.000000000000000000e+00 2.500000000000000000e+01 1.400000000000000000e+01 3.651300000000000000e+04 1.775000000000000000e+02 1.496700000000000000e+04 5.369000000000000000e+04 5.055500000000000000e+03 3.773990000000000000e+05 1.660000000000000000e+02 0.000000000000000000e+00 1.300000000000000000e+01 0.000000000000000000e+00 0.000000000000000000e+00 
3.010000000000000000e+02 2.656000000000000000e+03 0.000000000000000000e+00 0.000000000000000000e+00 0.000000000000000000e+00 0.000000000000000000e+00 0.000000000000000000e+00 1.891000000000000000e+03 4.200000000000000000e+01 2.750000000000000000e+01 0.000000000000000000e+00 0.000000000000000000e+00 0.000000000000000000e+00 0.000000000000000000e+00 4.119500000000000000e+03 3.160000000000000000e+02 0.000000000000000000e+00 2.418650000000000000e+05 0.000000000000000000e+00 2.200000000000000000e+02 0.000000000000000000e+00 6.392000000000000000e+03 1.560000000000000000e+02 1.238781000000000000e+06 1.900000000000000000e+02 0.000000000000000000e+00 7.779555000000000000e+05 1.012077500000000000e+06 2.428000000000000000e+03 2.035000000000000000e+03 6.928500000000000000e+03 0.000000000000000000e+00 0.000000000000000000e+00 0.000000000000000000e+00 1.848500000000000000e+03 6.300000000000000000e+01 0.000000000000000000e+00 0.000000000000000000e+00 0.000000000000000000e+00 0.000000000000000000e+00 0.000000000000000000e+00 0.000000000000000000e+00 0.000000000000000000e+00 0.000000000000000000e+00 0.000000000000000000e+00 0.000000000000000000e+00 0.000000000000000000e+00 0.000000000000000000e+00 5.500000000000000000e+00 0.000000000000000000e+00 1.020000000000000000e+02 0.000000000000000000e+00 0.000000000000000000e+00 0.000000000000000000e+00 4.000000000000000000e+00 3.250000000000000000e+01 6.850000000000000000e+01 4.000000000000000000e+00 5.500000000000000000e+00 2.150000000000000000e+01 2.742000000000000000e+03 1.000000000000000000e+01 0.000000000000000000e+00 0.000000000000000000e+00 0.000000000000000000e+00 0.000000000000000000e+00 
2.063500000000000000e+03 8.800000000000000000e+01 0.000000000000000000e+00 0.000000000000000000e+00 5.815000000000000000e+02 0.000000000000000000e+00 7.020500000000000000e+03 1.844000000000000000e+03 3.203500000000000000e+03 2.387500000000000000e+04 1.002210000000000000e+05 1.314500000000000000e+03 3.703700000000000000e+04 0.000000000000000000e+00 1.313350000000000000e+04 9.300000000000000000e+01 8.390000000000000000e+02 1.460000000000000000e+03 7.925000000000000000e+02 6.165000000000000000e+03 3.696950000000000000e+05 1.550000000000000000e+01 1.724000000000000000e+03 6.650000000000000000e+01 5.571880000000000000e+05 6.000000000000000000e+00 1.059000000000000000e+03 3.350000000000000000e+01 1.744825000000000000e+05 1.759550000000000000e+04 2.135000000000000000e+02 0.000000000000000000e+00 1.770000000000000000e+02 6.000000000000000000e+00 5.610000000000000000e+02 7.500000000000000000e+00 6.342900000000000000e+04 2.200000000000000000e+01 6.500000000000000000e+00 5.290000000000000000e+02 3.743000000000000000e+03 4.215000000000000000e+02 1.920800000000000000e+04 2.503050000000000000e+04 4.450000000000000000e+01 1.796600000000000000e+04 2.500000000000000000e+00 7.515000000000000000e+02 2.100000000000000000e+01 7.300000000000000000e+01 3.700000000000000000e+01 2.750000000000000000e+01 2.055000000000000000e+02 6.913000000000000000e+04 1.210000000000000000e+02 1.361000000000000000e+03 8.650000000000000000e+01 6.532850000000000000e+04 2.600000000000000000e+01 5.395000000000000000e+02 2.830000000000000000e+02 6.427650000000000000e+04 2.699000000000000000e+03 1.195000000000000000e+02 0.000000000000000000e+00 6.255000000000000000e+02 
3.250000000000000000e+01 2.500000000000000000e+00 0.000000000000000000e+00 5.815000000000000000e+02 0.000000000000000000e+00 9.550000000000000000e+01 2.537100000000000000e+04 6.750000000000000000e+01 6.035500000000000000e+03 5.754350000000000000e+04 4.005000000000000000e+02 6.412500000000000000e+03 1.645000000000000000e+03 1.730000000000000000e+02 5.070000000000000000e+02 7.500000000000000000e+00 1.674695000000000000e+05 6.300000000000000000e+01 3.605000000000000000e+02 2.340000000000000000e+02 5.950000000000000000e+02 0.000000000000000000e+00 3.700000000000000000e+01 4.000000000000000000e+00 1.679500000000000000e+03 1.799000000000000000e+03 2.101500000000000000e+03 2.550000000000000000e+01 4.080000000000000000e+02 2.657500000000000000e+03 0.000000000000000000e+00 6.171150000000000000e+04 6.000000000000000000e+00 0.000000000000000000e+00 0.000000000000000000e+00 0.000000000000000000e+00 5.050000000000000000e+01 1.250000000000000000e+01 0.000000000000000000e+00 0.000000000000000000e+00 4.000000000000000000e+00 0.000000000000000000e+00 1.458500000000000000e+03 1.725000000000000000e+02 0.000000000000000000e+00 3.015000000000000000e+02 2.500000000000000000e+00 4.500000000000000000e+00 0.000000000000000000e+00 4.950000000000000000e+01 0.000000000000000000e+00 0.000000000000000000e+00 0.000000000000000000e+00 9.935000000000000000e+02 2.500000000000000000e+00 5.500000000000000000e+00 1.100000000000000000e+01 7.335000000000000000e+02 0.000000000000000000e+00 3.400000000000000000e+01 6.250000000000000000e+01 5.500000000000000000e+01 3.600000000000000000e+01 6.500000000000000000e+00 0.000000000000000000e+00 9.500000000000000000e+00 
0.000000000000000000e+00 0.000000000000000000e+00 0.000000000000000000e+00 0.000000000000000000e+00 9.550000000000000000e+01 0.000000000000000000e+00 0.000000000000000000e+00 0.000000000000000000e+00 0.000000000000000000e+00 0.000000000000000000e+00 0.000000000000000000e+00 4.423910000000000000e+05 0.000000000000000000e+00 7.950360000000000000e+05 0.000000000000000000e+00 0.000000000000000000e+00 0.000000000000000000e+00 0.000000000000000000e+00 8.000000000000000000e+00 0.000000000000000000e+00 0.000000000000000000e+00 0.000000000000000000e+00 0.000000000000000000e+00 0.000000000000000000e+00 0.000000000000000000e+00 4.638500000000000000e+03 1.119475000000000000e+05 2.511650000000000000e+04 0.000000000000000000e+00 7.500000000000000000e+00 0.000000000000000000e+00 4.800000000000000000e+01 0.000000000000000000e+00 0.000000000000000000e+00 0.000000000000000000e+00 0.000000000000000000e+00 0.000000000000000000e+00 0.000000000000000000e+00 1.215400000000000000e+04 0.000000000000000000e+00 0.000000000000000000e+00 0.000000000000000000e+00 0.000000000000000000e+00 0.000000000000000000e+00 2.956050000000000000e+04 3.500000000000000000e+00 1.471105000000000000e+05 0.000000000000000000e+00 0.000000000000000000e+00 0.000000000000000000e+00 0.000000000000000000e+00 0.000000000000000000e+00 0.000000000000000000e+00 0.000000000000000000e+00 0.000000000000000000e+00 0.000000000000000000e+00 0.000000000000000000e+00 0.000000000000000000e+00 9.505000000000000000e+02 1.150000000000000000e+02 1.711500000000000000e+03 0.000000000000000000e+00 0.000000000000000000e+00 0.000000000000000000e+00 0.000000000000000000e+00 0.000000000000000000e+00 
6.900000000000000000e+01 3.500000000000000000e+00 0.000000000000000000e+00 7.020500000000000000e+03 2.537100000000000000e+04 0.000000000000000000e+00 0.000000000000000000e+00 1.010950000000000000e+04 5.472860000000000000e+05 4.347500000000000000e+03 2.750140000000000000e+05 1.208550000000000000e+04 3.355290000000000000e+05 0.000000000000000000e+00 1.751850000000000000e+04 4.500000000000000000e+00 1.832745000000000000e+05 7.090000000000000000e+02 6.662000000000000000e+03 1.425450000000000000e+04 5.142500000000000000e+03 1.100000000000000000e+01 8.500000000000000000e+00 7.050000000000000000e+01 7.696500000000000000e+03 6.185000000000000000e+02 4.889500000000000000e+03 2.000000000000000000e+01 5.400450000000000000e+04 2.183300000000000000e+04 1.650000000000000000e+01 5.975000000000000000e+03 5.000000000000000000e+00 0.000000000000000000e+00 2.500000000000000000e+00 0.000000000000000000e+00 5.595000000000000000e+02 2.500000000000000000e+00 0.000000000000000000e+00 2.498500000000000000e+03 1.810000000000000000e+02 3.400000000000000000e+01 1.378000000000000000e+03 1.038500000000000000e+03 5.500000000000000000e+00 4.212350000000000000e+04 0.000000000000000000e+00 9.200000000000000000e+01 0.000000000000000000e+00 1.600000000000000000e+01 5.000000000000000000e+00 5.500000000000000000e+00 5.250000000000000000e+01 2.216500000000000000e+03 1.200000000000000000e+01 4.000000000000000000e+00 2.000000000000000000e+01 1.129500000000000000e+03 0.000000000000000000e+00 2.455000000000000000e+02 1.905000000000000000e+02 7.685000000000000000e+02 4.075000000000000000e+02 1.600000000000000000e+01 0.000000000000000000e+00 4.500000000000000000e+01 
2.478200000000000000e+05 0.000000000000000000e+00 1.891000000000000000e+03 1.844000000000000000e+03 6.750000000000000000e+01 0.000000000000000000e+00 1.010950000000000000e+04 0.000000000000000000e+00 1.057115000000000000e+05 2.285000000000000000e+02 2.770235000000000000e+05 3.000000000000000000e+01 4.050000000000000000e+01 0.000000000000000000e+00 4.183680000000000000e+05 0.000000000000000000e+00 2.335000000000000000e+02 3.615000000000000000e+02 6.450000000000000000e+01 9.355000000000000000e+02 7.700000000000000000e+01 1.947165000000000000e+05 0.000000000000000000e+00 2.003935000000000000e+05 3.860500000000000000e+04 0.000000000000000000e+00 7.050000000000000000e+01 1.150000000000000000e+01 1.506638000000000000e+06 7.823500000000000000e+04 1.460397500000000000e+06 0.000000000000000000e+00 4.500000000000000000e+00 0.000000000000000000e+00 0.000000000000000000e+00 0.000000000000000000e+00 3.500000000000000000e+01 0.000000000000000000e+00 0.000000000000000000e+00 8.000000000000000000e+00 6.350000000000000000e+01 7.000000000000000000e+00 3.445000000000000000e+02 2.115000000000000000e+02 0.000000000000000000e+00 1.850000000000000000e+01 0.000000000000000000e+00 4.100000000000000000e+01 0.000000000000000000e+00 4.000000000000000000e+00 0.000000000000000000e+00 0.000000000000000000e+00 9.000000000000000000e+00 3.060000000000000000e+02 5.500000000000000000e+00 0.000000000000000000e+00 3.500000000000000000e+00 2.765000000000000000e+02 0.000000000000000000e+00 1.900000000000000000e+01 4.500000000000000000e+00 2.655000000000000000e+02 2.340000000000000000e+02 3.000000000000000000e+00 0.000000000000000000e+00 2.900000000000000000e+01 
2.350500000000000000e+03 0.000000000000000000e+00 4.200000000000000000e+01 3.203500000000000000e+03 6.035500000000000000e+03 0.000000000000000000e+00 5.472860000000000000e+05 1.057115000000000000e+05 0.000000000000000000e+00 2.218500000000000000e+03 1.953370000000000000e+05 1.245000000000000000e+04 3.046250000000000000e+04 0.000000000000000000e+00 1.166104500000000000e+06 0.000000000000000000e+00 3.516500000000000000e+03 1.260000000000000000e+03 1.494700000000000000e+04 1.112350000000000000e+04 2.509700000000000000e+04 1.986000000000000000e+03 0.000000000000000000e+00 6.100500000000000000e+03 1.664350000000000000e+04 6.985000000000000000e+02 6.824500000000000000e+03 9.500000000000000000e+00 2.749200000000000000e+04 4.659300000000000000e+04 2.846500000000000000e+03 6.150350000000000000e+04 1.000000000000000000e+01 0.000000000000000000e+00 0.000000000000000000e+00 3.500000000000000000e+00 4.625000000000000000e+02 3.000000000000000000e+00 0.000000000000000000e+00 6.200000000000000000e+01 3.405000000000000000e+02 4.850000000000000000e+01 2.442000000000000000e+03 1.413000000000000000e+03 5.000000000000000000e+00 2.500000000000000000e+02 0.000000000000000000e+00 2.120000000000000000e+02 0.000000000000000000e+00 2.050000000000000000e+01 9.000000000000000000e+00 7.000000000000000000e+00 4.950000000000000000e+01 2.054000000000000000e+03 2.950000000000000000e+01 0.000000000000000000e+00 2.400000000000000000e+01 1.481500000000000000e+03 0.000000000000000000e+00 9.000000000000000000e+01 3.350000000000000000e+01 1.190500000000000000e+03 9.285000000000000000e+02 3.000000000000000000e+01 0.000000000000000000e+00 1.510000000000000000e+02 
6.715500000000000000e+03 2.647050000000000000e+04 2.750000000000000000e+01 2.387500000000000000e+04 5.754350000000000000e+04 0.000000000000000000e+00 4.347500000000000000e+03 2.285000000000000000e+02 2.218500000000000000e+03 0.000000000000000000e+00 1.609000000000000000e+03 2.995000000000000000e+02 1.335015000000000000e+05 4.500000000000000000e+00 9.117500000000000000e+03 9.606500000000000000e+03 1.436560000000000000e+05 1.694000000000000000e+03 2.810000000000000000e+02 3.370000000000000000e+03 1.276900000000000000e+04 1.250000000000000000e+01 1.397910000000000000e+05 1.215000000000000000e+02 3.901065000000000000e+05 2.890000000000000000e+02 1.213500000000000000e+03 1.112550000000000000e+04 5.270500000000000000e+03 2.461400000000000000e+04 2.767000000000000000e+03 2.775000000000000000e+02 5.550000000000000000e+02 3.150000000000000000e+01 2.068000000000000000e+03 3.300000000000000000e+01 1.185700000000000000e+04 5.550000000000000000e+01 4.000000000000000000e+00 7.755000000000000000e+02 4.143500000000000000e+03 5.050000000000000000e+02 3.002150000000000000e+05 2.681500000000000000e+03 8.700000000000000000e+01 1.047600000000000000e+04 2.500000000000000000e+00 2.071500000000000000e+03 2.205000000000000000e+02 6.010000000000000000e+02 2.090000000000000000e+02 7.850000000000000000e+01 7.915000000000000000e+02 3.842850000000000000e+04 6.580000000000000000e+02 3.484250000000000000e+04 5.680000000000000000e+02 1.757105000000000000e+05 1.105000000000000000e+02 1.272000000000000000e+03 1.639000000000000000e+03 2.913300000000000000e+04 1.424900000000000000e+04 2.301000000000000000e+03 0.000000000000000000e+00 4.878500000000000000e+03 
6.305000000000000000e+02 0.000000000000000000e+00 0.000000000000000000e+00 1.002210000000000000e+05 4.005000000000000000e+02 0.000000000000000000e+00 2.750140000000000000e+05 2.770235000000000000e+05 1.953370000000000000e+05 1.609000000000000000e+03 0.000000000000000000e+00 3.957500000000000000e+03 1.141395000000000000e+05 0.000000000000000000e+00 1.067770000000000000e+05 0.000000000000000000e+00 9.150000000000000000e+02 2.142500000000000000e+03 2.630500000000000000e+03 1.413600000000000000e+04 2.136435000000000000e+05 6.250000000000000000e+01 2.500000000000000000e+00 2.845000000000000000e+02 6.523500000000000000e+03 5.500000000000000000e+00 1.773500000000000000e+03 1.400000000000000000e+01 2.876595000000000000e+05 4.737000000000000000e+04 6.050000000000000000e+01 0.000000000000000000e+00 0.000000000000000000e+00 0.000000000000000000e+00 0.000000000000000000e+00 0.000000000000000000e+00 2.121000000000000000e+03 4.000000000000000000e+00 0.000000000000000000e+00 9.150000000000000000e+01 4.265000000000000000e+02 5.550000000000000000e+01 2.273500000000000000e+03 4.959500000000000000e+03 5.000000000000000000e+00 2.748000000000000000e+03 0.000000000000000000e+00 1.555000000000000000e+02 0.000000000000000000e+00 1.400000000000000000e+01 6.000000000000000000e+00 3.500000000000000000e+00 2.350000000000000000e+01 1.557650000000000000e+04 3.550000000000000000e+01 0.000000000000000000e+00 1.650000000000000000e+01 1.068500000000000000e+03 0.000000000000000000e+00 6.250000000000000000e+01 4.700000000000000000e+01 2.294000000000000000e+03 5.600000000000000000e+02 2.100000000000000000e+01 0.000000000000000000e+00 1.490000000000000000e+02 
0.000000000000000000e+00 5.200000000000000000e+02 0.000000000000000000e+00 1.314500000000000000e+03 6.412500000000000000e+03 4.423910000000000000e+05 1.208550000000000000e+04 3.000000000000000000e+01 1.245000000000000000e+04 2.995000000000000000e+02 3.957500000000000000e+03 0.000000000000000000e+00 3.905100000000000000e+04 7.176490000000000000e+05 6.935000000000000000e+04 0.000000000000000000e+00 1.579500000000000000e+03 2.128500000000000000e+03 9.023770000000000000e+05 1.916745000000000000e+05 2.504000000000000000e+04 0.000000000000000000e+00 4.500000000000000000e+00 4.500000000000000000e+00 3.107000000000000000e+03 4.106950000000000000e+04 1.337223500000000000e+06 9.111500000000000000e+03 1.501500000000000000e+03 4.236065000000000000e+05 0.000000000000000000e+00 5.745550000000000000e+04 0.000000000000000000e+00 0.000000000000000000e+00 4.250000000000000000e+01 0.000000000000000000e+00 2.475000000000000000e+02 7.500000000000000000e+00 1.134500000000000000e+03 7.000000000000000000e+00 5.500000000000000000e+00 0.000000000000000000e+00 1.550000000000000000e+02 1.070000000000000000e+02 5.333500000000000000e+03 2.620000000000000000e+02 1.783050000000000000e+04 3.500000000000000000e+00 0.000000000000000000e+00 0.000000000000000000e+00 0.000000000000000000e+00 0.000000000000000000e+00 0.000000000000000000e+00 6.535000000000000000e+02 0.000000000000000000e+00 0.000000000000000000e+00 3.500000000000000000e+00 1.495000000000000000e+02 3.671000000000000000e+03 1.420000000000000000e+02 1.002000000000000000e+03 3.450000000000000000e+01 2.150000000000000000e+01 2.500000000000000000e+00 2.500000000000000000e+00 3.000000000000000000e+00 
1.140000000000000000e+02 1.372500000000000000e+03 0.000000000000000000e+00 3.703700000000000000e+04 1.645000000000000000e+03 0.000000000000000000e+00 3.355290000000000000e+05 4.050000000000000000e+01 3.046250000000000000e+04 1.335015000000000000e+05 1.141395000000000000e+05 3.905100000000000000e+04 0.000000000000000000e+00 0.000000000000000000e+00 5.332500000000000000e+04 7.320000000000000000e+02 4.201650000000000000e+04 1.377000000000000000e+03 1.072200000000000000e+04 4.341100000000000000e+04 4.775905000000000000e+05 0.000000000000000000e+00 6.022500000000000000e+03 5.400000000000000000e+01 1.425645000000000000e+05 3.200000000000000000e+01 1.033300000000000000e+04 1.172500000000000000e+03 3.634000000000000000e+03 6.700050000000000000e+04 5.550000000000000000e+01 1.600000000000000000e+01 1.500000000000000000e+01 0.000000000000000000e+00 3.000000000000000000e+02 4.500000000000000000e+00 1.344800000000000000e+05 0.000000000000000000e+00 0.000000000000000000e+00 1.595000000000000000e+02 1.600000000000000000e+01 0.000000000000000000e+00 1.780050000000000000e+04 5.655500000000000000e+03 0.000000000000000000e+00 1.010495000000000000e+05 0.000000000000000000e+00 3.500000000000000000e+00 1.750000000000000000e+01 4.000000000000000000e+00 9.500000000000000000e+00 0.000000000000000000e+00 2.000000000000000000e+01 7.914400000000000000e+04 0.000000000000000000e+00 1.441000000000000000e+03 4.000000000000000000e+00 5.479400000000000000e+04 2.200000000000000000e+01 7.050000000000000000e+01 2.585000000000000000e+02 4.625000000000000000e+03 2.750000000000000000e+01 5.000000000000000000e+00 0.000000000000000000e+00 1.200000000000000000e+01 
0.000000000000000000e+00 5.958000000000000000e+03 0.000000000000000000e+00 0.000000000000000000e+00 1.730000000000000000e+02 7.950360000000000000e+05 0.000000000000000000e+00 0.000000000000000000e+00 0.000000000000000000e+00 4.500000000000000000e+00 0.000000000000000000e+00 7.176490000000000000e+05 0.000000000000000000e+00 0.000000000000000000e+00 0.000000000000000000e+00 0.000000000000000000e+00 4.000000000000000000e+00 0.000000000000000000e+00 9.150000000000000000e+01 3.000000000000000000e+00 0.000000000000000000e+00 0.000000000000000000e+00 6.600000000000000000e+01 0.000000000000000000e+00 0.000000000000000000e+00 6.180555000000000000e+05 1.511035000000000000e+05 6.422250000000000000e+05 0.000000000000000000e+00 1.505000000000000000e+02 0.000000000000000000e+00 2.940000000000000000e+02 0.000000000000000000e+00 0.000000000000000000e+00 6.470000000000000000e+02 0.000000000000000000e+00 0.000000000000000000e+00 3.000000000000000000e+00 7.145900000000000000e+04 0.000000000000000000e+00 0.000000000000000000e+00 0.000000000000000000e+00 0.000000000000000000e+00 0.000000000000000000e+00 6.981650000000000000e+04 1.650000000000000000e+01 6.831505000000000000e+05 0.000000000000000000e+00 0.000000000000000000e+00 0.000000000000000000e+00 0.000000000000000000e+00 0.000000000000000000e+00 0.000000000000000000e+00 0.000000000000000000e+00 0.000000000000000000e+00 9.500000000000000000e+00 0.000000000000000000e+00 0.000000000000000000e+00 6.320900000000000000e+04 7.145000000000000000e+02 1.543450000000000000e+04 0.000000000000000000e+00 5.000000000000000000e+00 0.000000000000000000e+00 2.500000000000000000e+00 0.000000000000000000e+00 
6.952680000000000000e+05 8.000000000000000000e+00 4.119500000000000000e+03 1.313350000000000000e+04 5.070000000000000000e+02 0.000000000000000000e+00 1.751850000000000000e+04 4.183680000000000000e+05 1.166104500000000000e+06 9.117500000000000000e+03 1.067770000000000000e+05 6.935000000000000000e+04 5.332500000000000000e+04 0.000000000000000000e+00 0.000000000000000000e+00 1.090000000000000000e+02 8.345000000000000000e+02 4.765000000000000000e+02 6.758250000000000000e+04 2.232900000000000000e+04 5.328950000000000000e+04 9.386400000000000000e+04 7.640000000000000000e+02 2.470965000000000000e+05 3.595550000000000000e+04 2.084500000000000000e+03 2.085050000000000000e+04 1.865000000000000000e+02 1.369050000000000000e+04 1.083193000000000000e+06 2.937650000000000000e+05 4.340500000000000000e+04 9.500000000000000000e+01 3.700000000000000000e+01 1.550000000000000000e+01 1.800000000000000000e+01 8.090000000000000000e+02 4.500000000000000000e+00 0.000000000000000000e+00 3.750000000000000000e+01 7.050000000000000000e+01 5.100000000000000000e+01 7.347500000000000000e+03 8.800000000000000000e+02 0.000000000000000000e+00 3.505000000000000000e+02 0.000000000000000000e+00 2.270000000000000000e+02 1.350000000000000000e+01 3.050000000000000000e+02 1.600000000000000000e+01 0.000000000000000000e+00 1.250000000000000000e+01 1.080000000000000000e+03 2.365000000000000000e+02 2.316500000000000000e+03 5.205000000000000000e+02 2.833500000000000000e+03 0.000000000000000000e+00 4.700000000000000000e+01 5.850000000000000000e+01 2.749500000000000000e+03 1.205000000000000000e+03 2.707000000000000000e+03 0.000000000000000000e+00 4.365000000000000000e+02 
1.500000000000000000e+02 2.349000000000000000e+03 3.160000000000000000e+02 9.300000000000000000e+01 7.500000000000000000e+00 0.000000000000000000e+00 4.500000000000000000e+00 0.000000000000000000e+00 0.000000000000000000e+00 9.606500000000000000e+03 0.000000000000000000e+00 0.000000000000000000e+00 7.320000000000000000e+02 0.000000000000000000e+00 1.090000000000000000e+02 0.000000000000000000e+00 8.700000000000000000e+01 8.150000000000000000e+02 0.000000000000000000e+00 1.485000000000000000e+02 2.250000000000000000e+01 1.409350000000000000e+04 3.615850000000000000e+05 9.830250000000000000e+04 1.689670000000000000e+05 1.950000000000000000e+01 3.550000000000000000e+02 1.510550000000000000e+05 3.607500000000000000e+04 1.520000000000000000e+03 9.657500000000000000e+03 0.000000000000000000e+00 3.500000000000000000e+01 8.650000000000000000e+01 2.696000000000000000e+03 5.100000000000000000e+01 1.800000000000000000e+01 2.500000000000000000e+00 0.000000000000000000e+00 1.900000000000000000e+01 1.985000000000000000e+02 5.550000000000000000e+01 2.884000000000000000e+03 7.500000000000000000e+00 0.000000000000000000e+00 0.000000000000000000e+00 0.000000000000000000e+00 1.680000000000000000e+02 9.906650000000000000e+04 5.650000000000000000e+01 4.000000000000000000e+00 0.000000000000000000e+00 2.250000000000000000e+01 3.500000000000000000e+00 2.534550000000000000e+04 1.318185000000000000e+05 2.482950000000000000e+04 2.424200000000000000e+04 1.835000000000000000e+02 4.650000000000000000e+01 3.039550000000000000e+04 4.841850000000000000e+04 9.650000000000000000e+01 7.382500000000000000e+03 0.000000000000000000e+00 8.000000000000000000e+00 
6.750000000000000000e+01 8.500000000000000000e+00 0.000000000000000000e+00 8.390000000000000000e+02 1.674695000000000000e+05 0.000000000000000000e+00 1.832745000000000000e+05 2.335000000000000000e+02 3.516500000000000000e+03 1.436560000000000000e+05 9.150000000000000000e+02 1.579500000000000000e+03 4.201650000000000000e+04 4.000000000000000000e+00 8.345000000000000000e+02 8.700000000000000000e+01 0.000000000000000000e+00 9.800000000000000000e+01 6.720000000000000000e+02 1.908000000000000000e+03 4.310000000000000000e+02 2.450000000000000000e+01 1.750000000000000000e+02 2.750000000000000000e+01 5.086000000000000000e+03 9.950000000000000000e+01 1.017500000000000000e+03 2.050000000000000000e+01 2.659500000000000000e+03 1.548500000000000000e+03 7.000000000000000000e+00 1.722500000000000000e+03 2.050000000000000000e+01 0.000000000000000000e+00 0.000000000000000000e+00 2.500000000000000000e+00 2.225000000000000000e+02 9.500000000000000000e+00 0.000000000000000000e+00 0.000000000000000000e+00 9.500000000000000000e+00 0.000000000000000000e+00 6.338500000000000000e+03 7.965000000000000000e+02 0.000000000000000000e+00 1.411500000000000000e+03 6.500000000000000000e+00 1.100000000000000000e+01 3.500000000000000000e+00 3.150000000000000000e+01 3.000000000000000000e+00 0.000000000000000000e+00 0.000000000000000000e+00 4.603000000000000000e+03 2.550000000000000000e+01 6.550000000000000000e+01 3.250000000000000000e+01 3.209500000000000000e+03 7.500000000000000000e+00 1.045000000000000000e+02 3.150000000000000000e+01 2.365000000000000000e+02 1.090000000000000000e+02 8.700000000000000000e+01 0.000000000000000000e+00 3.200000000000000000e+01 
2.595000000000000000e+02 2.507700000000000000e+04 2.418650000000000000e+05 1.460000000000000000e+03 6.300000000000000000e+01 0.000000000000000000e+00 7.090000000000000000e+02 3.615000000000000000e+02 1.260000000000000000e+03 1.694000000000000000e+03 2.142500000000000000e+03 2.128500000000000000e+03 1.377000000000000000e+03 0.000000000000000000e+00 4.765000000000000000e+02 8.150000000000000000e+02 9.800000000000000000e+01 0.000000000000000000e+00 3.241700000000000000e+04 6.846470000000000000e+05 3.873500000000000000e+03 4.399000000000000000e+03 5.585000000000000000e+02 5.942110000000000000e+05 5.361500000000000000e+03 2.500000000000000000e+00 5.797630000000000000e+05 1.106885000000000000e+05 4.945000000000000000e+03 2.070900000000000000e+04 8.213000000000000000e+03 0.000000000000000000e+00 6.500000000000000000e+01 3.000000000000000000e+00 2.440000000000000000e+04 1.563000000000000000e+03 4.200000000000000000e+01 0.000000000000000000e+00 0.000000000000000000e+00 4.000000000000000000e+00 7.500000000000000000e+00 3.500000000000000000e+00 1.335500000000000000e+03 9.850000000000000000e+01 0.000000000000000000e+00 4.150000000000000000e+01 0.000000000000000000e+00 2.750000000000000000e+01 7.350000000000000000e+01 2.700000000000000000e+01 1.012500000000000000e+03 0.000000000000000000e+00 3.000000000000000000e+00 1.400000000000000000e+02 2.360000000000000000e+02 4.075000000000000000e+02 1.119500000000000000e+03 3.460000000000000000e+02 2.800000000000000000e+01 7.965000000000000000e+02 3.514900000000000000e+04 2.990000000000000000e+02 1.760000000000000000e+02 7.750000000000000000e+01 0.000000000000000000e+00 8.900000000000000000e+01 
2.500000000000000000e+00 3.500000000000000000e+00 0.000000000000000000e+00 7.925000000000000000e+02 3.605000000000000000e+02 8.000000000000000000e+00 6.662000000000000000e+03 6.450000000000000000e+01 1.494700000000000000e+04 2.810000000000000000e+02 2.630500000000000000e+03 9.023770000000000000e+05 1.072200000000000000e+04 9.150000000000000000e+01 6.758250000000000000e+04 0.000000000000000000e+00 6.720000000000000000e+02 3.241700000000000000e+04 0.000000000000000000e+00 3.961190000000000000e+05 6.111500000000000000e+03 0.000000000000000000e+00 2.500000000000000000e+00 9.500000000000000000e+00 9.085000000000000000e+02 5.990000000000000000e+02 2.181690000000000000e+05 1.150000000000000000e+01 1.301500000000000000e+03 4.040690000000000000e+05 3.500000000000000000e+00 1.845150000000000000e+04 0.000000000000000000e+00 0.000000000000000000e+00 0.000000000000000000e+00 0.000000000000000000e+00 9.100000000000000000e+01 0.000000000000000000e+00 0.000000000000000000e+00 0.000000000000000000e+00 4.000000000000000000e+00 0.000000000000000000e+00 2.010000000000000000e+02 6.600000000000000000e+01 0.000000000000000000e+00 1.045000000000000000e+02 0.000000000000000000e+00 6.500000000000000000e+00 0.000000000000000000e+00 0.000000000000000000e+00 0.000000000000000000e+00 0.000000000000000000e+00 0.000000000000000000e+00 2.495000000000000000e+02 0.000000000000000000e+00 0.000000000000000000e+00 3.500000000000000000e+00 6.350000000000000000e+01 0.000000000000000000e+00 1.950000000000000000e+01 4.800000000000000000e+01 2.000000000000000000e+01 2.400000000000000000e+01 3.000000000000000000e+00 0.000000000000000000e+00 1.000000000000000000e+01 
2.350000000000000000e+01 3.693500000000000000e+03 2.200000000000000000e+02 6.165000000000000000e+03 2.340000000000000000e+02 0.000000000000000000e+00 1.425450000000000000e+04 9.355000000000000000e+02 1.112350000000000000e+04 3.370000000000000000e+03 1.413600000000000000e+04 1.916745000000000000e+05 4.341100000000000000e+04 3.000000000000000000e+00 2.232900000000000000e+04 1.485000000000000000e+02 1.908000000000000000e+03 6.846470000000000000e+05 3.961190000000000000e+05 0.000000000000000000e+00 4.820400000000000000e+04 3.080000000000000000e+02 1.955000000000000000e+02 1.083610000000000000e+05 1.059100000000000000e+04 2.400000000000000000e+02 3.240435000000000000e+05 1.183200000000000000e+04 4.509000000000000000e+03 6.616750000000000000e+04 8.690000000000000000e+02 1.885000000000000000e+02 4.900000000000000000e+01 0.000000000000000000e+00 3.581000000000000000e+03 4.240000000000000000e+02 4.405000000000000000e+02 0.000000000000000000e+00 0.000000000000000000e+00 5.000000000000000000e+00 3.000000000000000000e+01 8.500000000000000000e+00 2.960500000000000000e+03 4.950000000000000000e+02 0.000000000000000000e+00 3.665000000000000000e+02 0.000000000000000000e+00 5.500000000000000000e+01 1.700000000000000000e+01 3.800000000000000000e+01 1.940000000000000000e+02 0.000000000000000000e+00 4.000000000000000000e+00 1.155000000000000000e+03 6.400000000000000000e+01 1.480000000000000000e+02 2.895000000000000000e+02 6.105000000000000000e+02 6.500000000000000000e+00 3.860000000000000000e+02 1.018250000000000000e+04 2.785000000000000000e+02 4.345000000000000000e+02 8.750000000000000000e+01 0.000000000000000000e+00 1.855000000000000000e+02 
8.365000000000000000e+02 4.600000000000000000e+01 0.000000000000000000e+00 3.696950000000000000e+05 5.950000000000000000e+02 0.000000000000000000e+00 5.142500000000000000e+03 7.700000000000000000e+01 2.509700000000000000e+04 1.276900000000000000e+04 2.136435000000000000e+05 2.504000000000000000e+04 4.775905000000000000e+05 0.000000000000000000e+00 5.328950000000000000e+04 2.250000000000000000e+01 4.310000000000000000e+02 3.873500000000000000e+03 6.111500000000000000e+03 4.820400000000000000e+04 0.000000000000000000e+00 0.000000000000000000e+00 2.775000000000000000e+02 8.550000000000000000e+01 1.502550000000000000e+05 8.500000000000000000e+00 1.075450000000000000e+04 8.750000000000000000e+01 1.500000000000000000e+03 7.884600000000000000e+04 3.000000000000000000e+01 0.000000000000000000e+00 1.350000000000000000e+01 0.000000000000000000e+00 3.250000000000000000e+01 2.500000000000000000e+00 4.907950000000000000e+04 4.000000000000000000e+00 0.000000000000000000e+00 1.120000000000000000e+02 8.705000000000000000e+02 7.850000000000000000e+01 4.565500000000000000e+03 1.612400000000000000e+04 1.000000000000000000e+01 1.484050000000000000e+04 0.000000000000000000e+00 1.315000000000000000e+02 0.000000000000000000e+00 1.500000000000000000e+01 6.500000000000000000e+00 0.000000000000000000e+00 2.550000000000000000e+01 6.042300000000000000e+04 2.550000000000000000e+01 6.050000000000000000e+01 1.750000000000000000e+01 1.495600000000000000e+04 0.000000000000000000e+00 9.650000000000000000e+01 1.185000000000000000e+02 1.046100000000000000e+04 4.950000000000000000e+02 2.050000000000000000e+01 0.000000000000000000e+00 1.320000000000000000e+02 
3.716150000000000000e+04 3.850000000000000000e+01 6.392000000000000000e+03 1.550000000000000000e+01 0.000000000000000000e+00 0.000000000000000000e+00 1.100000000000000000e+01 1.947165000000000000e+05 1.986000000000000000e+03 1.250000000000000000e+01 6.250000000000000000e+01 0.000000000000000000e+00 0.000000000000000000e+00 0.000000000000000000e+00 9.386400000000000000e+04 1.409350000000000000e+04 2.450000000000000000e+01 4.399000000000000000e+03 0.000000000000000000e+00 3.080000000000000000e+02 0.000000000000000000e+00 0.000000000000000000e+00 5.545000000000000000e+02 1.460374500000000000e+06 4.633000000000000000e+03 0.000000000000000000e+00 1.858500000000000000e+03 3.953500000000000000e+03 8.885955000000000000e+05 4.066850000000000000e+04 1.439566000000000000e+06 0.000000000000000000e+00 4.292950000000000000e+04 0.000000000000000000e+00 4.300000000000000000e+01 0.000000000000000000e+00 0.000000000000000000e+00 0.000000000000000000e+00 0.000000000000000000e+00 0.000000000000000000e+00 0.000000000000000000e+00 0.000000000000000000e+00 6.500000000000000000e+00 0.000000000000000000e+00 0.000000000000000000e+00 0.000000000000000000e+00 0.000000000000000000e+00 0.000000000000000000e+00 3.000000000000000000e+02 0.000000000000000000e+00 0.000000000000000000e+00 0.000000000000000000e+00 0.000000000000000000e+00 0.000000000000000000e+00 1.930000000000000000e+03 5.070000000000000000e+02 8.850000000000000000e+01 5.280000000000000000e+02 0.000000000000000000e+00 0.000000000000000000e+00 6.150000000000000000e+01 4.565000000000000000e+02 0.000000000000000000e+00 2.800000000000000000e+01 0.000000000000000000e+00 0.000000000000000000e+00 
1.349000000000000000e+03 2.084380000000000000e+05 1.560000000000000000e+02 1.724000000000000000e+03 3.700000000000000000e+01 0.000000000000000000e+00 8.500000000000000000e+00 0.000000000000000000e+00 0.000000000000000000e+00 1.397910000000000000e+05 2.500000000000000000e+00 4.500000000000000000e+00 6.022500000000000000e+03 6.600000000000000000e+01 7.640000000000000000e+02 3.615850000000000000e+05 1.750000000000000000e+02 5.585000000000000000e+02 2.500000000000000000e+00 1.955000000000000000e+02 2.775000000000000000e+02 5.545000000000000000e+02 0.000000000000000000e+00 2.215500000000000000e+03 1.606315000000000000e+05 4.624000000000000000e+03 2.411500000000000000e+03 2.745935000000000000e+05 2.902500000000000000e+03 1.299750000000000000e+04 1.869700000000000000e+04 0.000000000000000000e+00 2.570000000000000000e+02 0.000000000000000000e+00 3.562250000000000000e+04 1.150000000000000000e+01 1.192500000000000000e+03 0.000000000000000000e+00 0.000000000000000000e+00 0.000000000000000000e+00 3.100000000000000000e+01 0.000000000000000000e+00 3.638050000000000000e+04 3.500000000000000000e+00 0.000000000000000000e+00 3.500000000000000000e+01 8.000000000000000000e+00 4.500000000000000000e+00 9.776250000000000000e+04 0.000000000000000000e+00 4.000000000000000000e+00 0.000000000000000000e+00 2.500000000000000000e+00 5.950000000000000000e+01 1.287800000000000000e+04 4.587075000000000000e+05 1.312500000000000000e+03 5.181650000000000000e+04 1.728500000000000000e+03 1.900000000000000000e+01 5.288850000000000000e+04 2.169100000000000000e+04 1.150000000000000000e+01 8.650000000000000000e+01 0.000000000000000000e+00 3.000000000000000000e+00 
7.893500000000000000e+04 4.048500000000000000e+03 1.238781000000000000e+06 6.650000000000000000e+01 4.000000000000000000e+00 0.000000000000000000e+00 7.050000000000000000e+01 2.003935000000000000e+05 6.100500000000000000e+03 1.215000000000000000e+02 2.845000000000000000e+02 4.500000000000000000e+00 5.400000000000000000e+01 0.000000000000000000e+00 2.470965000000000000e+05 9.830250000000000000e+04 2.750000000000000000e+01 5.942110000000000000e+05 9.500000000000000000e+00 1.083610000000000000e+05 8.550000000000000000e+01 1.460374500000000000e+06 2.215500000000000000e+03 0.000000000000000000e+00 4.765000000000000000e+03 0.000000000000000000e+00 2.204505000000000000e+05 7.324325000000000000e+05 7.139000000000000000e+04 1.523030000000000000e+05 4.572875000000000000e+05 0.000000000000000000e+00 9.884000000000000000e+03 0.000000000000000000e+00 3.022500000000000000e+03 2.795000000000000000e+02 0.000000000000000000e+00 0.000000000000000000e+00 0.000000000000000000e+00 0.000000000000000000e+00 0.000000000000000000e+00 0.000000000000000000e+00 4.650000000000000000e+01 6.500000000000000000e+00 0.000000000000000000e+00 0.000000000000000000e+00 0.000000000000000000e+00 2.500000000000000000e+00 1.556650000000000000e+04 1.100000000000000000e+01 6.300000000000000000e+01 0.000000000000000000e+00 0.000000000000000000e+00 3.500000000000000000e+00 9.845000000000000000e+02 5.365000000000000000e+03 1.411000000000000000e+03 1.240000000000000000e+02 7.000000000000000000e+00 1.310000000000000000e+02 2.103300000000000000e+04 6.440000000000000000e+02 9.000000000000000000e+00 4.350000000000000000e+01 0.000000000000000000e+00 3.000000000000000000e+00 
