0.000000000000000000e+00 6.575815806639281891e-03 2.008003807979126532e-02 1.796449412055074746e-02 2.699081501331029864e-02 7.245738060398780427e-03 1.528480510551275505e-02 1.510850977557604523e-02 1.941011582603176938e-02 1.463251238474692732e-03 9.819649877474745381e-03 1.175889850677855515e-02 1.316926114627223546e-02 1.979796555189252891e-02 4.338628069742432591e-02 3.825608659626606681e-03 3.749801667753821510e-02 4.178199319500026758e-03 3.711016695167745211e-02 2.272446802884191611e-02 2.314757682069001898e-02 4.684166916418384258e-02 1.392733106500008847e-03 7.580699187278529044e-04 1.253459795850007941e-02 1.249933889251273779e-02 7.633587786259541687e-03 1.465014191774059900e-02 1.056009026320892802e-02 6.267298979250039703e-02 3.982511503270278613e-02 3.291433809918375281e-02 6.168573594485481787e-02 2.674400155139890212e-02 1.884597077023429657e-02 6.082188882816494044e-03 1.010172240537348179e-02 4.918639705234208528e-03 1.323977927824691869e-02 9.255504821677274299e-03 2.952946776439891938e-02 5.165453167145602452e-03 5.447525695044337993e-03 1.145919644588614924e-03 1.533769370449376834e-03 1.003120427339879682e-02 1.338081554219628690e-02 3.238545210937362334e-02 2.625037462757611600e-02 9.713872679512720529e-03 7.280997126386122044e-03 7.774624050208909891e-03 2.660296528744953565e-02 5.130194101158259967e-03 5.235971299120286554e-03 1.027801773531019161e-02 9.255504821677274299e-03 1.461488285175325738e-02 3.072827600796854824e-02 1.747086719672795788e-02 1.189993477072792336e-02 1.197045290270260659e-02 2.822488232286726739e-02 3.760379387550023822e-02 1.412125592793046953e-02 1.549635950143680649e-02 
6.575815806639281891e-03 0.000000000000000000e+00 1.468540098372794062e-02 2.944132009943056707e-03 1.992137228284822630e-03 2.533363891190522355e-02 2.526312077993054031e-02 2.706133314528498188e-02 1.075401512613930822e-03 7.034183664474728120e-03 1.080690372512032107e-02 1.359236993812033834e-02 8.021437512120303814e-03 8.374028171993723457e-03 9.290763887664615917e-03 1.110660578601272873e-03 9.255504821677274299e-03 1.151208504486716210e-02 2.572148863776598654e-02 4.054792588544329363e-04 7.598328720272200069e-03 4.530789979373446401e-03 3.120427339879766528e-03 1.077164465913297946e-02 1.498510304462034783e-03 1.535532323748743828e-02 7.598328720272200069e-03 1.669516774500643536e-02 1.221726636461400138e-02 7.069442730462069738e-03 8.550323501930433279e-03 9.361282019639299151e-03 6.857888334538018299e-03 5.094935035170918350e-03 3.578795197715212324e-03 2.529837984591788019e-02 2.871850924669005350e-02 6.998924598487385636e-03 4.389753715424078197e-03 8.303510040019040223e-03 3.294959716517109616e-02 1.101845812104437425e-02 2.485764152107610477e-03 1.101845812104437425e-02 7.633587786259541687e-03 2.473423479012041085e-02 1.757664439468998446e-02 2.415246020132926809e-03 1.234067309556969888e-04 2.498104825203180390e-02 2.617985649560143277e-02 2.238950690196216554e-03 1.510850977557604523e-02 1.674805634398744822e-03 2.487527105406977732e-02 1.740034906475327464e-02 1.768242159265201105e-02 7.351515258360806146e-03 4.883380639246866044e-03 1.623679988717098913e-02 2.022107434374063525e-02 4.142940253512684273e-03 1.334555647620894528e-02 7.915660314158277228e-03 1.302822488232286725e-02 7.986178446132962197e-03 
2.008003807979126532e-02 1.468540098372794062e-02 0.000000000000000000e+00 2.191350951113305023e-02 2.838354811981030554e-03 2.944132009943056707e-03 2.201928670909507682e-02 2.556282284082294579e-03 3.703964881970276540e-02 1.616628175519630589e-02 1.673042681099377524e-02 3.069301694198120836e-02 8.656100699892459865e-03 2.979391075930398758e-03 3.513565925638630072e-02 2.780177353101916451e-02 8.268250974031698605e-03 5.271230365107628171e-03 1.041905399925955981e-02 8.162473776069672018e-03 1.792923505456340411e-02 1.736508999876593129e-02 8.620841633905118248e-03 6.893147400525359916e-03 1.234067309556969888e-04 8.867655095816511304e-03 3.309063342912046263e-02 3.014650141917740809e-03 5.800116354917758503e-03 3.153923452567741759e-02 6.187966080778519763e-03 2.787229166299384775e-02 2.420534880031028138e-02 6.329002344727887967e-03 1.851100964335454860e-03 4.335102163143698256e-02 1.778819879061403764e-02 3.508277065740528656e-03 2.626800416056978681e-03 2.716711034324700846e-02 3.101034853586728465e-02 1.884597077023429657e-02 1.475591911570262559e-02 3.614054263702554375e-03 5.518043827019022095e-03 3.196234331752551699e-02 9.608095481550693942e-03 4.072422121538000171e-03 6.752111136575991712e-03 6.611074872626624375e-03 7.228108527405108534e-04 1.694198120691782841e-02 1.309874301429755049e-02 6.857888334538018299e-03 1.539058230347478164e-02 1.743560813074061799e-02 2.635615182553814259e-02 1.532006417150009667e-02 4.812862507272181942e-03 1.863441637431024339e-02 7.809883116196252376e-03 1.373340620206970654e-02 9.043950425753221126e-03 1.181178710575956758e-03 8.515064435943091661e-03 9.643354547538035559e-03 
1.796449412055074746e-02 2.944132009943056707e-03 2.191350951113305023e-02 0.000000000000000000e+00 1.775293972462669428e-02 2.450505086120268860e-03 2.332387215062672881e-02 1.472066004971528223e-02 2.565097050579130331e-02 7.933289847151948470e-04 5.235971299120286554e-03 2.413483066833559468e-02 1.271089328843678923e-02 1.570791389736085966e-02 1.898700703418366303e-02 9.326022953651957534e-03 8.550323501930433279e-03 2.646192902350016918e-02 4.460271847398762299e-03 9.149727623715247712e-03 2.364120374451280857e-02 5.465155228038009235e-04 1.976270648590518902e-02 5.288859898101299522e-05 6.540556740651940273e-03 1.249933889251273779e-02 1.031327680129753323e-02 9.043950425753221126e-03 1.921619096310138745e-03 1.242882076053805282e-02 3.005835375420905231e-02 2.670874248541156223e-02 7.386774324348147763e-03 2.732577614019004834e-03 1.024275866932284999e-02 1.736508999876593129e-02 4.460271847398762299e-03 3.302011529714577592e-02 5.024416903196234248e-03 1.137104878091779389e-02 4.601308111348130503e-03 2.399379440438622821e-02 8.585582567917776631e-03 1.045431306524690143e-02 1.549635950143680649e-02 3.402499867778502503e-03 9.572836415563352325e-03 5.976411684854468324e-03 1.762953299367099841e-05 1.376866526805704989e-02 1.673042681099377524e-02 2.096151472947481789e-02 1.718879466882922147e-02 7.633587786259541687e-03 2.011529714577860867e-02 1.181178710575956758e-03 2.117306912539886760e-02 9.326022953651957534e-03 8.902914161803854656e-03 1.087742185709500604e-02 7.457292456322831865e-03 3.143345732771538753e-02 1.207623010066463318e-02 2.309468822170900656e-03 2.307705868871533575e-02 1.482643724767730882e-02 
2.699081501331029864e-02 1.992137228284822630e-03 2.838354811981030554e-03 1.775293972462669428e-02 0.000000000000000000e+00 5.518043827019022095e-03 3.155686405867108579e-03 1.926907956208239944e-02 9.361282019639299151e-03 2.344727888158242707e-03 1.877545263825961333e-02 2.783703259700650440e-02 2.053840593762671154e-02 2.450505086120268860e-03 2.797806886095587434e-02 2.952946776439891938e-02 3.120427339879766528e-03 1.034853586728487485e-02 3.361951941893059209e-02 1.775293972462669428e-02 1.708301747086719835e-02 2.910635897255081650e-02 3.781534827142429139e-02 3.270278370325969963e-02 7.933289847151948470e-04 5.482784761031680477e-03 3.931385857588632834e-03 6.399520476702572069e-03 4.248717451474710860e-03 2.674400155139890212e-02 1.852863917634821680e-02 1.392733106500008847e-03 2.639141089152548247e-02 8.127214710082330401e-03 1.503799164360136026e-02 2.092625566348747454e-02 1.745323766373428707e-03 4.425012781411420681e-03 1.939248629303809825e-04 1.115949438499374072e-02 2.062655360259506732e-03 9.572836415563352325e-03 1.591946829328490937e-02 3.349611268797489426e-04 6.787370202563334197e-03 3.473017999753186605e-03 7.915660314158277228e-03 9.255504821677274299e-03 1.357474040512666796e-03 1.710064700386086873e-03 9.696243146519048853e-04 3.742749854556352840e-02 7.457292456322831865e-03 1.355711087213299672e-02 1.221726636461400138e-02 1.884597077023429657e-02 5.835375420905100120e-03 2.635615182553814259e-02 5.271230365107628171e-03 1.313400208028489384e-02 5.271230365107628171e-03 5.235971299120286554e-03 3.896126791601290350e-03 4.283976517462052477e-03 1.366288807009502330e-02 1.463251238474692732e-03 
7.245738060398780427e-03 2.533363891190522355e-02 2.944132009943056707e-03 2.450505086120268860e-03 5.518043827019022095e-03 0.000000000000000000e+00 5.870634486892442605e-03 3.508277065740528656e-03 7.563069654284857585e-03 7.598328720272200069e-03 1.521428697353807181e-02 2.279498616081659934e-02 6.998924598487385636e-03 2.431112599827230450e-02 1.623679988717098913e-02 1.048957213123424305e-02 3.337270595701919557e-02 8.268250974031698605e-03 1.145919644588614924e-03 2.138462352132292077e-02 1.137104878091779389e-02 7.809883116196252376e-03 4.759973908291169299e-04 1.087742185709500604e-02 1.105371718703171587e-02 7.563069654284857585e-03 1.288718861837349905e-02 7.386774324348147763e-03 1.390970153200641636e-02 3.051672161204449854e-02 3.790349593639264630e-03 9.396541085626642503e-03 2.194876857712039359e-02 5.200712233132944069e-03 3.206812051548754705e-02 2.699081501331029864e-02 2.290076335877862593e-02 1.673042681099377524e-02 9.502318283588667355e-03 4.777603441284840324e-03 1.569028436436718885e-03 5.059675969183576733e-03 1.687146307494314518e-02 1.242882076053805282e-02 1.267563422244944761e-02 4.636567177335472120e-03 1.613102268920896254e-02 1.031327680129753323e-02 1.045431306524690143e-02 3.700438975371542205e-02 1.627205895315833248e-02 8.515064435943091661e-03 1.782345785660137752e-02 2.697318548031662783e-03 3.086931227191791818e-02 1.175889850677855515e-02 2.610933836362674607e-02 3.543536131727870707e-03 6.928406466512702401e-03 1.697724027290517176e-02 5.976411684854468324e-03 1.673042681099377524e-02 4.742344375297498707e-03 1.489695537965199379e-02 2.529837984591788019e-02 3.896126791601290350e-03 
1.528480510551275505e-02 2.526312077993054031e-02 2.201928670909507682e-02 2.332387215062672881e-02 3.155686405867108579e-03 5.870634486892442605e-03 0.000000000000000000e+00 1.563739576538617643e-02 7.691765245138655616e-02 1.204097103467729156e-02 7.880401248170935610e-03 5.421081395553831866e-02 1.412125592793046953e-02 3.263226557128501987e-02 1.242882076053805282e-02 2.124358725737355083e-02 8.453361070465242877e-02 6.522927207658268597e-04 3.746275761155087175e-02 1.105371718703171587e-02 3.220915677943691352e-02 4.775840487985473504e-02 1.546110043544946487e-02 1.500273257761401864e-02 1.510850977557604523e-02 7.880401248170935610e-03 9.431800151613984121e-03 1.468540098372794062e-02 2.431112599827230450e-02 4.398568481920914208e-02 3.584084057613314001e-02 1.616628175519630589e-02 5.033231669693069565e-02 9.537577349576008973e-03 6.575815806639281891e-03 3.331981735803818401e-03 6.046929816829152426e-03 2.653244715547485241e-02 1.828182571443682375e-02 1.651887241506972553e-02 6.364261410715230452e-03 4.142940253512684273e-03 2.291839289177229793e-04 3.132768012975336441e-02 1.955115208998113585e-02 1.154734411085450371e-02 7.774624050208909891e-03 3.261463603829134732e-03 9.960686141424113585e-03 1.123001251696842569e-02 8.091955644094988784e-03 2.485764152107610477e-03 9.890168009449430350e-03 3.367240801791160452e-03 1.630731801914567236e-02 1.369814713608236492e-02 6.752111136575991712e-03 1.687146307494314518e-02 1.147682597887981874e-02 1.586657969430389857e-04 8.761877897854486452e-03 7.915660314158277228e-03 7.633587786259541687e-03 2.274209756183558605e-03 7.210478994411437942e-03 2.607407929763940618e-02 
1.510850977557604523e-02 2.706133314528498188e-02 2.556282284082294579e-03 1.472066004971528223e-02 1.926907956208239944e-02 3.508277065740528656e-03 1.563739576538617643e-02 0.000000000000000000e+00 9.361282019639299151e-03 3.014650141917740809e-03 3.718068508365213187e-02 2.730814660719637493e-02 3.488884579447490419e-02 2.159617791724697047e-02 2.291839289177229793e-04 7.580699187278529044e-04 2.455793946018370102e-02 2.804858699293055757e-02 4.384464855525976867e-02 4.606596971246231659e-02 4.303369003755090627e-02 1.722405373481656482e-02 2.644429949050649490e-04 6.117447948803836529e-03 5.588561958993706197e-03 1.517902790755072846e-02 1.348659274015831348e-02 2.307705868871533575e-02 1.722405373481656482e-02 9.572836415563352325e-03 1.433281032385452097e-02 3.340796502300653892e-02 2.815436419089258416e-02 2.205454577508241670e-02 1.331029741022160366e-02 4.953898771221550146e-03 2.667348341942421888e-02 2.113781005941152771e-02 1.591946829328490937e-02 2.498104825203180390e-02 5.953493291962695666e-02 1.916330236412037286e-02 4.648907850431042293e-02 2.350016748056343863e-02 2.644429949050649490e-04 2.833065952082929398e-02 2.684977874936092870e-02 5.001498510304461936e-02 1.253459795850007941e-02 7.175219928424096325e-03 1.286955908537982911e-03 9.749131745500062146e-03 1.563739576538617643e-02 2.191350951113305023e-02 2.385275814043685827e-02 1.405073779595578456e-02 2.022107434374063525e-02 3.259700650529767652e-02 4.248717451474710860e-03 3.379581474886730191e-02 8.761877897854486452e-03 2.998783562223436561e-02 1.373340620206970654e-02 2.734340567318371829e-02 4.671826243322814605e-03 1.912804329813303297e-02 
1.941011582603176938e-02 1.075401512613930822e-03 3.703964881970276540e-02 2.565097050579130331e-02 9.361282019639299151e-03 7.563069654284857585e-03 7.691765245138655616e-02 9.361282019639299151e-03 0.000000000000000000e+00 1.905752516615834974e-02 2.117306912539886760e-02 3.520617738836098048e-02 1.680094494296846194e-02 8.832396029829169687e-03 2.713185127725966511e-02 1.200571196868994994e-02 7.811646069495618849e-02 5.412266629056996375e-03 3.305537436313311928e-02 1.119475345098108407e-02 2.903584084057613326e-02 2.963524496236094596e-02 3.543536131727870707e-03 2.145514165329760400e-02 2.110255099342418436e-02 9.431800151613984121e-03 5.094935035170918350e-03 7.527810588297515967e-03 5.870634486892442605e-03 4.246954498175343345e-02 1.376866526805704989e-02 3.725120321562681858e-02 3.929622904289265667e-02 2.556282284082294579e-03 8.832396029829169687e-03 6.082188882816494044e-03 4.213458385487368375e-03 1.140630784690513551e-02 1.066586746117095287e-02 2.550993424184193337e-02 4.742344375297498707e-03 1.745323766373428707e-03 1.204097103467729156e-02 6.522927207658268597e-04 2.251291363291786293e-02 1.630731801914567236e-02 8.585582567917776631e-03 8.938173227791196274e-03 2.187825044514570688e-02 9.925427075436771968e-03 1.620154082118364577e-02 1.514376884156338685e-02 1.553161856742414811e-02 4.037163055550658554e-03 8.691359765879801483e-03 9.184986689702589330e-03 1.992137228284822630e-03 9.925427075436771968e-03 1.771768065863935093e-02 1.357474040512666796e-03 9.713872679512720529e-03 3.083405320593057483e-02 6.575815806639281891e-03 2.203691624208874503e-03 1.004883380639246936e-03 2.133173492234190834e-03 
1.463251238474692732e-03 7.034183664474728120e-03 1.616628175519630589e-02 7.933289847151948470e-04 2.344727888158242707e-03 7.598328720272200069e-03 1.204097103467729156e-02 3.014650141917740809e-03 1.905752516615834974e-02 0.000000000000000000e+00 2.716711034324700846e-02 2.868325018070271362e-02 6.434779542689914554e-03 3.037568534809512860e-02 3.259700650529767652e-02 7.915660314158277228e-03 9.713872679512720529e-03 1.362762900410768169e-02 2.617985649560143277e-02 9.290763887664615917e-03 4.460271847398762299e-03 1.472066004971528223e-02 1.253459795850007941e-02 2.603882023165206283e-02 1.771768065863935093e-02 1.327503834423426204e-02 1.450910565379123079e-02 9.537577349576008973e-03 1.651887241506972553e-02 1.722405373481656482e-02 4.839306806762688762e-02 2.307705868871533575e-02 1.637783615112035560e-02 1.939248629303809825e-04 2.963524496236094596e-02 1.586657969430389857e-04 7.986178446132962197e-03 6.822629268550675814e-03 1.387444246601907474e-02 1.010172240537348179e-02 6.364261410715230452e-03 3.647550376390529259e-02 5.447525695044337993e-03 9.396541085626642503e-03 2.979391075930398758e-03 1.454436471977857241e-02 1.725931280080390817e-02 9.043950425753221126e-03 1.070112652715829622e-02 4.636567177335472120e-03 6.998924598487385636e-03 3.296722669816476350e-03 4.389753715424078197e-03 7.245738060398780427e-03 4.014244662658886242e-02 5.800116354917758503e-03 2.836591858681663386e-02 8.973432293778537891e-03 5.112564568164589809e-04 3.718068508365213187e-02 2.307705868871533575e-02 3.428944167269008803e-02 2.360594467852546521e-02 2.914161803853815985e-02 2.325335401865204557e-02 1.172363944079121353e-02 
9.819649877474745381e-03 1.080690372512032107e-02 1.673042681099377524e-02 5.235971299120286554e-03 1.877545263825961333e-02 1.521428697353807181e-02 7.880401248170935610e-03 3.718068508365213187e-02 2.117306912539886760e-02 2.716711034324700846e-02 0.000000000000000000e+00 3.931385857588632834e-03 3.224441584542425687e-02 8.638471166898788406e-04 1.087742185709500604e-02 1.680094494296846194e-02 1.253459795850007941e-02 2.632089275955079924e-02 1.322214974525324745e-03 8.973432293778537891e-03 1.630731801914567236e-02 9.960686141424113585e-03 3.296722669816476350e-03 4.495530913386104784e-03 3.150397545969007423e-02 2.342964934858875539e-02 5.341748497082312273e-03 1.323977927824691869e-02 1.639546568411402771e-03 7.034183664474728120e-03 1.824656664844948387e-02 2.959998589637360608e-02 1.151208504486716210e-02 3.719831461664580528e-03 2.762547820108245469e-02 3.629920843396858277e-02 3.825608659626606681e-03 2.300654055674065251e-02 1.004883380639246936e-03 4.812862507272181942e-03 1.992137228284822630e-03 3.755090527651922579e-03 1.145919644588614924e-03 5.112564568164589809e-04 1.214674823263931815e-02 3.896126791601290350e-03 5.306489431094970656e-03 9.960686141424113585e-03 1.313400208028489384e-02 7.245738060398780427e-03 2.415246020132926809e-03 1.412125592793046953e-02 1.040142446626588770e-03 9.290763887664615917e-03 1.648361334908238218e-02 1.616628175519630589e-02 3.079879413994323148e-02 2.291839289177229793e-04 1.962167022195581909e-02 2.893006364261410668e-02 3.213863864746222682e-02 8.303510040019040223e-03 4.989157837208892630e-03 5.341748497082312273e-03 1.886360030322796694e-03 2.556282284082294579e-03 
1.175889850677855515e-02 1.359236993812033834e-02 3.069301694198120836e-02 2.413483066833559468e-02 2.783703259700650440e-02 2.279498616081659934e-02 5.421081395553831866e-02 2.730814660719637493e-02 3.520617738836098048e-02 2.868325018070271362e-02 3.931385857588632834e-03 0.000000000000000000e+00 1.842286197838619369e-02 2.318283588667736234e-02 1.251696842550640860e-03 5.377007563069653891e-03 3.795638453537365786e-02 5.835375420905100120e-03 2.043262873966468496e-02 1.075401512613930822e-03 2.409957160234825480e-02 6.575815806639281891e-03 1.574317296334819954e-02 1.013698147136082341e-02 4.102392327627241153e-02 7.228108527405108534e-04 2.591541350069636630e-03 1.886360030322796694e-03 3.340796502300653892e-02 1.634257708513301571e-02 1.038379493327221820e-02 3.231493397739893664e-02 5.764857288930416018e-03 1.151208504486716210e-02 1.997426088182923873e-02 1.260511609047476264e-02 6.187966080778519763e-03 2.818962325687992404e-02 2.036211060769000172e-02 2.328861308463938892e-02 1.313400208028489384e-02 6.575815806639281891e-03 8.550323501930433279e-03 2.556282284082294579e-03 2.591541350069636630e-03 4.918639705234208528e-03 1.234067309556969888e-04 1.588420922729756948e-02 3.245597024134831005e-02 3.055198067803183842e-02 3.155686405867108579e-03 1.463251238474692732e-03 2.508682544999383049e-02 2.027396294272164681e-03 1.218200729862665976e-02 3.813267986531036768e-02 2.656770622146219230e-02 4.354494649436736579e-03 1.992137228284822630e-03 1.094793998906968928e-02 1.256985702448742102e-02 1.225252543060134300e-02 4.759973908291169299e-04 7.351515258360806146e-03 4.178199319500026758e-03 2.662059482044320732e-03 
1.316926114627223546e-02 8.021437512120303814e-03 8.656100699892459865e-03 1.271089328843678923e-02 2.053840593762671154e-02 6.998924598487385636e-03 1.412125592793046953e-02 3.488884579447490419e-02 1.680094494296846194e-02 6.434779542689914554e-03 3.224441584542425687e-02 1.842286197838619369e-02 0.000000000000000000e+00 2.838354811981030554e-03 8.991061826772208916e-04 1.496747351162667702e-02 6.787370202563334197e-03 1.020749960333550838e-02 1.390970153200641636e-02 2.908872943955714656e-03 1.856389824233556016e-02 2.275972709482925946e-02 1.771768065863935093e-02 6.716852070588650095e-03 1.348659274015831348e-02 1.251696842550640860e-03 2.053840593762671154e-02 6.875517867531689108e-04 2.027396294272164681e-03 1.574317296334819954e-02 1.732983093277859141e-02 5.306489431094970656e-03 1.948063395800645262e-02 3.809742079932302433e-02 2.755496006910776799e-02 1.073638559314563784e-02 6.787370202563334197e-03 4.812862507272181942e-03 1.357474040512666796e-03 2.216032297304444329e-02 8.285880507025368980e-04 2.008003807979126532e-02 3.014650141917740809e-03 2.089099659750013119e-02 1.246407982652539617e-02 4.213458385487368375e-03 4.848121573259524426e-03 2.684977874936092870e-02 2.536889797789256690e-02 3.825608659626606681e-03 1.962167022195581909e-02 1.140630784690513551e-02 1.390970153200641636e-02 8.620841633905118248e-03 1.327503834423426204e-02 1.644835428309504230e-02 3.702201928670909394e-04 7.245738060398780427e-03 1.762953299367099841e-05 1.472066004971528223e-02 9.678613613525377177e-03 4.107681187525342656e-03 2.251291363291786293e-02 1.327503834423426204e-02 1.886360030322796694e-03 3.464203233256350767e-02 
1.979796555189252891e-02 8.374028171993723457e-03 2.979391075930398758e-03 1.570791389736085966e-02 2.450505086120268860e-03 2.431112599827230450e-02 3.263226557128501987e-02 2.159617791724697047e-02 8.832396029829169687e-03 3.037568534809512860e-02 8.638471166898788406e-04 2.318283588667736234e-02 2.838354811981030554e-03 0.000000000000000000e+00 3.508277065740528656e-03 5.112564568164589809e-04 2.935317243446220956e-02 6.752111136575991712e-03 1.408599686194312792e-02 7.422033390335490248e-03 3.506514112441161402e-02 4.530789979373446401e-03 1.785871692258872087e-02 1.380392433404439151e-02 3.541773178428503366e-02 4.566049045360788018e-03 5.094935035170918350e-03 1.204097103467729156e-02 3.136293919574070777e-02 6.152707014791178146e-03 1.472066004971528223e-02 2.907109990656347662e-02 1.145919644588614924e-03 4.848121573259524426e-03 2.187825044514570688e-02 4.793470020979144486e-02 1.710064700386086873e-03 9.396541085626642503e-03 2.314757682069001898e-02 1.888122983622163992e-02 7.598328720272200069e-03 2.644429949050649490e-04 1.274615235442413085e-02 4.037163055550658554e-03 2.062655360259506732e-03 1.200571196868994994e-02 3.120427339879766528e-03 1.341607460818362851e-02 3.168027078962678406e-02 1.264037515646210599e-02 1.912804329813303297e-02 7.492551522310174350e-03 7.139960862436753840e-03 2.644429949050649490e-04 6.187966080778519763e-03 4.007192849461417572e-02 4.511397493080408078e-02 1.729457186679124805e-02 2.062655360259506732e-03 1.992137228284822630e-03 9.361282019639299151e-03 7.563069654284857585e-03 9.608095481550693942e-03 9.255504821677274299e-03 2.328861308463938892e-02 5.059675969183576733e-03 
4.338628069742432591e-02 9.290763887664615917e-03 3.513565925638630072e-02 1.898700703418366303e-02 2.797806886095587434e-02 1.623679988717098913e-02 1.242882076053805282e-02 2.291839289177229793e-04 2.713185127725966511e-02 3.259700650529767652e-02 1.087742185709500604e-02 1.251696842550640860e-03 8.991061826772208916e-04 3.508277065740528656e-03 0.000000000000000000e+00 3.120427339879766528e-03 4.451457080901927155e-02 1.710064700386086873e-03 4.109444140824709824e-02 8.656100699892459865e-03 3.614054263702554375e-03 6.752111136575991712e-03 1.299296581633552564e-02 3.245597024134831005e-02 3.372529661689261521e-02 8.902914161803854656e-03 5.112564568164589809e-04 1.443858752181654756e-02 7.210478994411437942e-03 2.184299137915836700e-02 1.762953299367099841e-05 5.124905241260158811e-02 8.938173227791196274e-03 1.683620400895580183e-02 9.925427075436771968e-03 1.274615235442413085e-02 1.722405373481656482e-02 8.638471166898788406e-04 9.502318283588667355e-03 1.969218835393050579e-02 9.149727623715247712e-03 2.318283588667736234e-02 1.320452021225957707e-02 2.741392380515840152e-02 1.251696842550640860e-03 1.052483119722158640e-02 6.152707014791178146e-03 1.627205895315833248e-02 4.142940253512684273e-03 1.221726636461400138e-02 1.831708478042416710e-02 1.553161856742414811e-02 6.329002344727887967e-03 2.226610017100646988e-02 2.450505086120268860e-03 5.694339156955731916e-03 1.870493450628493010e-02 1.073638559314563784e-02 1.056009026320892802e-02 3.397211007880401173e-02 2.046788780565202831e-02 3.943726530684202314e-02 8.056696578107645432e-03 9.343652486645628343e-04 3.280856090122172969e-02 9.960686141424113585e-03 
3.825608659626606681e-03 1.110660578601272873e-03 2.780177353101916451e-02 9.326022953651957534e-03 2.952946776439891938e-02 1.048957213123424305e-02 2.124358725737355083e-02 7.580699187278529044e-04 1.200571196868994994e-02 7.915660314158277228e-03 1.680094494296846194e-02 5.377007563069653891e-03 1.496747351162667702e-02 5.112564568164589809e-04 3.120427339879766528e-03 0.000000000000000000e+00 3.543536131727870707e-03 1.715353560284188159e-02 3.160975265765209735e-02 2.674400155139890212e-02 9.431800151613984121e-03 2.261869083087988952e-02 2.415246020132926809e-03 3.587609964212048336e-02 6.716852070588650095e-03 2.291839289177229793e-04 2.187825044514570688e-02 1.133578971493045227e-02 2.170195511520899706e-02 7.774624050208909891e-03 1.921619096310138745e-03 4.742344375297498707e-03 7.422033390335490248e-03 1.923382049609505956e-02 3.104560760185462800e-02 2.074996033355076472e-02 8.585582567917776631e-03 1.387444246601907474e-02 2.556282284082294579e-03 1.323977927824691869e-02 1.962167022195581909e-02 1.747086719672795788e-02 7.280997126386122044e-03 9.854908943462086998e-03 6.522927207658268597e-04 2.251291363291786293e-02 9.184986689702589330e-03 1.253459795850007941e-02 3.702201928670909394e-04 6.293743278740546350e-03 1.285192955238615743e-02 2.644429949050649490e-04 7.104701796449412222e-03 1.838760291239885034e-02 1.302822488232286725e-02 3.224441584542425687e-02 2.473423479012041085e-02 1.979796555189252891e-02 2.036211060769000172e-02 1.521428697353807181e-02 1.182941663875324012e-02 1.828182571443682375e-02 2.600356116566472295e-02 2.748444193713308475e-02 2.152565978527228724e-02 1.782345785660137752e-02 
3.749801667753821510e-02 9.255504821677274299e-03 8.268250974031698605e-03 8.550323501930433279e-03 3.120427339879766528e-03 3.337270595701919557e-02 8.453361070465242877e-02 2.455793946018370102e-02 7.811646069495618849e-02 9.713872679512720529e-03 1.253459795850007941e-02 3.795638453537365786e-02 6.787370202563334197e-03 2.935317243446220956e-02 4.451457080901927155e-02 3.543536131727870707e-03 0.000000000000000000e+00 1.260511609047476264e-02 3.372529661689261521e-02 2.773125539904447781e-02 2.374698094247483515e-02 1.108897625301905748e-02 9.431800151613984121e-03 2.379986954145584758e-03 1.048957213123424305e-02 2.473423479012041085e-02 1.017224053734816502e-02 4.530789979373446401e-03 1.517902790755072846e-02 4.003666942862683237e-02 2.769599633305713793e-02 5.269467411808261004e-02 5.636161698076617987e-02 1.921619096310138745e-03 1.323977927824691869e-02 1.004883380639246936e-03 2.085573753151279131e-02 1.225252543060134300e-02 5.870634486892442605e-03 1.422703312589249439e-02 8.620841633905118248e-03 1.539058230347478164e-02 1.486169631366465044e-02 3.488884579447490419e-02 2.198402764310773347e-02 3.263226557128501987e-02 1.986848368386721561e-02 8.268250974031698605e-03 1.535532323748743828e-02 1.323977927824691869e-02 2.415246020132926809e-03 1.151208504486716210e-02 1.147682597887981874e-02 1.828182571443682375e-02 2.424060786629762126e-02 4.460271847398762299e-03 9.925427075436771968e-03 1.158260317684184533e-02 8.991061826772208916e-04 1.655413148105706542e-02 5.817745887911429745e-04 1.045431306524690143e-02 2.424060786629762126e-02 1.992137228284822630e-03 2.589778396770269636e-02 5.530384500114592095e-02 
4.178199319500026758e-03 1.151208504486716210e-02 5.271230365107628171e-03 2.646192902350016918e-02 1.034853586728487485e-02 8.268250974031698605e-03 6.522927207658268597e-04 2.804858699293055757e-02 5.412266629056996375e-03 1.362762900410768169e-02 2.632089275955079924e-02 5.835375420905100120e-03 1.020749960333550838e-02 6.752111136575991712e-03 1.710064700386086873e-03 1.715353560284188159e-02 1.260511609047476264e-02 0.000000000000000000e+00 1.648361334908238218e-02 2.730814660719637493e-02 1.533769370449376834e-03 1.020749960333550838e-02 6.540556740651940273e-03 5.618532165082947005e-02 1.993900181584189885e-02 6.082188882816494044e-03 5.341748497082312273e-03 3.190945471854450630e-03 1.281667048639881581e-02 2.441690319623433109e-02 2.838354811981030554e-03 1.161786224282918695e-02 1.408599686194312792e-02 2.261869083087988952e-02 1.084216279110766269e-02 1.020749960333550838e-02 8.585582567917776631e-03 9.537577349576008973e-03 1.498510304462034783e-03 7.580699187278529044e-04 1.926907956208239944e-02 2.141988258731026065e-02 1.747086719672795788e-02 2.015055621176595202e-02 1.958641115596847920e-02 1.052483119722158640e-02 1.556687763341149146e-02 2.057366500361405490e-02 1.674805634398744822e-03 9.079209491740564478e-03 3.510040019039895737e-02 8.761877897854486452e-03 2.766073726706979458e-02 6.170336547784849171e-04 2.498104825203180390e-02 1.278141142041147246e-02 1.281667048639881581e-02 1.845812104437353357e-02 8.867655095816511304e-03 9.361282019639299151e-03 2.928265430248752632e-02 2.053840593762671154e-02 4.017770569257620578e-02 3.647550376390529259e-02 1.641309521710769895e-02 2.367646281050014845e-02 
3.711016695167745211e-02 2.572148863776598654e-02 1.041905399925955981e-02 4.460271847398762299e-03 3.361951941893059209e-02 1.145919644588614924e-03 3.746275761155087175e-02 4.384464855525976867e-02 3.305537436313311928e-02 2.617985649560143277e-02 1.322214974525324745e-03 2.043262873966468496e-02 1.390970153200641636e-02 1.408599686194312792e-02 4.109444140824709824e-02 3.160975265765209735e-02 3.372529661689261521e-02 1.648361334908238218e-02 0.000000000000000000e+00 1.436806938984186259e-02 1.204097103467729156e-02 8.585582567917776631e-03 4.299843097156356292e-02 7.580699187278529044e-04 2.512208451598117037e-02 1.754138532870264111e-02 6.187966080778519763e-03 1.524954603952541343e-02 6.752111136575991712e-03 3.644024469791794923e-02 2.096151472947481789e-02 2.067944220157608148e-02 2.314757682069001898e-02 6.681593004601308478e-03 4.116495954022177800e-02 2.843643671879132057e-02 8.902914161803854656e-03 1.648361334908238218e-02 5.341748497082312273e-03 8.232991908044355253e-03 5.024416903196234248e-03 9.678613613525377177e-03 1.524954603952541343e-02 1.359236993812033834e-02 1.137104878091779389e-02 1.221726636461400138e-02 5.112564568164589809e-04 1.024275866932284999e-02 2.043262873966468496e-02 1.429755125786717936e-02 5.817745887911429745e-04 7.774624050208909891e-03 1.077164465913297946e-02 1.909278423214568962e-02 2.600356116566472295e-02 4.730003702201928534e-02 4.042451915448759536e-02 1.939248629303809825e-04 4.601308111348130503e-03 6.646333938613965993e-03 7.880401248170935610e-03 9.784390811487403763e-03 1.392733106500008847e-03 3.649313329689896426e-03 1.288718861837349905e-02 7.034183664474728120e-03 
2.272446802884191611e-02 4.054792588544329363e-04 8.162473776069672018e-03 9.149727623715247712e-03 1.775293972462669428e-02 2.138462352132292077e-02 1.105371718703171587e-02 4.606596971246231659e-02 1.119475345098108407e-02 9.290763887664615917e-03 8.973432293778537891e-03 1.075401512613930822e-03 2.908872943955714656e-03 7.422033390335490248e-03 8.656100699892459865e-03 2.674400155139890212e-02 2.773125539904447781e-02 2.730814660719637493e-02 1.436806938984186259e-02 0.000000000000000000e+00 4.848121573259524426e-03 1.338081554219628690e-02 7.668846852246884171e-03 1.066586746117095287e-02 1.708301747086719835e-02 6.611074872626624375e-03 1.313400208028489384e-02 7.386774324348147763e-03 3.014650141917740809e-03 1.306348394831020887e-02 5.588561958993706197e-03 2.314757682069001898e-02 2.184299137915836700e-02 1.045431306524690143e-02 9.784390811487403763e-03 4.601308111348130503e-03 1.422703312589249439e-02 1.912804329813303297e-02 1.921619096310138745e-03 1.944537489201910926e-02 1.327503834423426204e-02 1.750612626271530123e-02 1.750612626271530123e-02 1.412125592793046953e-02 2.062655360259506732e-03 1.658939054704440877e-02 8.374028171993723457e-03 3.428944167269008803e-02 1.710064700386086873e-03 1.048957213123424305e-02 2.803095745993688503e-03 2.342964934858875539e-02 2.716711034324700846e-02 1.771768065863935093e-02 1.993900181584189885e-02 7.492551522310174350e-03 1.440332845582920594e-02 9.854908943462086998e-03 3.120427339879766528e-03 9.361282019639299151e-03 3.397211007880401173e-02 1.426229219187983774e-02 4.885143592546233732e-02 1.362762900410768169e-02 2.265394989686723287e-02 4.518449306277876748e-02 
2.314757682069001898e-02 7.598328720272200069e-03 1.792923505456340411e-02 2.364120374451280857e-02 1.708301747086719835e-02 1.137104878091779389e-02 3.220915677943691352e-02 4.303369003755090627e-02 2.903584084057613326e-02 4.460271847398762299e-03 1.630731801914567236e-02 2.409957160234825480e-02 1.856389824233556016e-02 3.506514112441161402e-02 3.614054263702554375e-03 9.431800151613984121e-03 2.374698094247483515e-02 1.533769370449376834e-03 1.204097103467729156e-02 4.848121573259524426e-03 0.000000000000000000e+00 1.197045290270260659e-02 4.178199319500026758e-03 4.213458385487368375e-03 1.017224053734816502e-02 1.101845812104437425e-02 4.636567177335472120e-03 3.367240801791160452e-03 2.099677379546215777e-02 1.115949438499374072e-02 1.884597077023429657e-02 1.955115208998113585e-02 2.029159247571531849e-02 2.556282284082294579e-03 3.679283535779136888e-02 4.789944114380410151e-02 2.591541350069636630e-03 4.758210954991802522e-02 4.072422121538000171e-03 1.075401512613930822e-03 2.873613877968372605e-03 1.331029741022160366e-02 1.604287502424060720e-03 1.075401512613930822e-03 7.986178446132962197e-03 1.221726636461400138e-02 4.072422121538000171e-03 1.260511609047476264e-02 1.151208504486716210e-02 1.577843202933554290e-02 8.444546303968408427e-03 8.726618831867143100e-03 1.845812104437353357e-02 1.299296581633552564e-02 1.602524549124693595e-02 1.207623010066463318e-02 3.614054263702554375e-03 3.120427339879766528e-03 1.214674823263931815e-02 7.386774324348147763e-03 1.725931280080390817e-02 2.808384605891790092e-02 5.465155228038009235e-04 8.585582567917776631e-03 1.359236993812033834e-02 4.495530913386104784e-03 
4.684166916418384258e-02 4.530789979373446401e-03 1.736508999876593129e-02 5.465155228038009235e-04 2.910635897255081650e-02 7.809883116196252376e-03 4.775840487985473504e-02 1.722405373481656482e-02 2.963524496236094596e-02 1.472066004971528223e-02 9.960686141424113585e-03 6.575815806639281891e-03 2.275972709482925946e-02 4.530789979373446401e-03 6.752111136575991712e-03 2.261869083087988952e-02 1.108897625301905748e-02 1.020749960333550838e-02 8.585582567917776631e-03 1.338081554219628690e-02 1.197045290270260659e-02 0.000000000000000000e+00 1.524954603952541343e-02 4.930980378329778008e-02 4.072422121538000171e-03 1.577843202933554290e-02 4.460271847398762299e-03 8.127214710082330401e-03 1.539058230347478164e-02 8.797136963841828070e-03 1.884597077023429657e-02 4.624226504239902641e-02 9.343652486645628343e-04 8.091955644094988784e-03 2.727288754120903505e-02 1.084216279110766269e-02 1.401547872996844295e-02 3.296722669816476350e-03 2.450505086120268860e-03 4.178199319500026758e-03 1.253459795850007941e-02 1.851100964335454860e-03 2.804858699293055757e-02 2.367646281050014845e-02 6.046929816829152426e-03 2.353542654655078198e-02 3.755090527651922579e-03 5.341748497082312273e-03 1.634257708513301571e-02 3.266752463727235628e-02 1.866967544029758674e-02 1.271089328843678923e-02 6.329002344727887967e-03 1.715353560284188159e-02 7.457292456322831865e-03 1.606050455723427930e-02 1.204097103467729156e-02 3.294959716517109616e-02 1.392733106500008847e-03 7.580699187278529044e-04 8.638471166898788406e-04 1.993900181584189885e-02 1.003120427339879682e-02 1.803501225252543069e-02 7.704105918234225789e-03 2.050314687163937166e-02 
1.392733106500008847e-03 3.120427339879766528e-03 8.620841633905118248e-03 1.976270648590518902e-02 3.781534827142429139e-02 4.759973908291169299e-04 1.546110043544946487e-02 2.644429949050649490e-04 3.543536131727870707e-03 1.253459795850007941e-02 3.296722669816476350e-03 1.574317296334819954e-02 1.771768065863935093e-02 1.785871692258872087e-02 1.299296581633552564e-02 2.415246020132926809e-03 9.431800151613984121e-03 6.540556740651940273e-03 4.299843097156356292e-02 7.668846852246884171e-03 4.178199319500026758e-03 1.524954603952541343e-02 0.000000000000000000e+00 7.598328720272200069e-03 1.040142446626588770e-03 2.556282284082294579e-03 1.598998642525959607e-02 4.460271847398762299e-03 7.422033390335490248e-03 4.001903989563316069e-03 4.530789979373446401e-03 1.838760291239885034e-02 2.591541350069636630e-03 9.079209491740564478e-03 2.346490841457609874e-02 1.747086719672795788e-02 3.120427339879766528e-03 3.473017999753186605e-03 1.708301747086719835e-02 2.046788780565202831e-02 1.514376884156338685e-02 1.941011582603176938e-02 6.575815806639281891e-03 2.212506390705710341e-02 9.502318283588667355e-03 1.993900181584189885e-02 9.749131745500062146e-03 4.389753715424078197e-03 5.412266629056996375e-03 2.099677379546215777e-02 1.955115208998113585e-02 1.075401512613930822e-03 2.732577614019004834e-03 3.755090527651922579e-03 2.498104825203180390e-02 1.357474040512666796e-03 2.593304303369003624e-02 1.137104878091779389e-02 2.344727888158242707e-03 2.441690319623433109e-02 1.701249933889251165e-02 1.627205895315833248e-02 1.331029741022160366e-02 1.020749960333550838e-02 4.070659168238633524e-02 1.463251238474692732e-03 
7.580699187278529044e-04 1.077164465913297946e-02 6.893147400525359916e-03 5.288859898101299522e-05 3.270278370325969963e-02 1.087742185709500604e-02 1.500273257761401864e-02 6.117447948803836529e-03 2.145514165329760400e-02 2.603882023165206283e-02 4.495530913386104784e-03 1.013698147136082341e-02 6.716852070588650095e-03 1.380392433404439151e-02 3.245597024134831005e-02 3.587609964212048336e-02 2.379986954145584758e-03 5.618532165082947005e-02 7.580699187278529044e-04 1.066586746117095287e-02 4.213458385487368375e-03 4.930980378329778008e-02 7.598328720272200069e-03 0.000000000000000000e+00 7.351515258360806146e-03 7.210478994411437942e-03 8.303510040019040223e-03 4.072422121538000171e-03 1.955115208998113585e-02 4.983868977310790954e-02 3.014650141917740809e-03 3.190945471854450630e-03 2.875376831267739686e-02 1.500273257761401864e-02 3.146871639370273088e-02 3.562928618020908683e-02 6.522927207658268597e-04 1.059534932919626964e-02 4.001903989563316069e-03 3.182130705357615053e-02 3.055198067803183842e-02 2.291839289177229793e-04 3.002309468822170896e-02 2.293602242476596928e-02 3.120427339879766528e-03 3.280856090122172969e-02 6.082188882816494044e-03 1.828182571443682375e-02 1.145919644588614924e-03 1.077164465913297946e-02 3.608765403804452959e-02 8.761877897854486452e-03 1.426229219187983774e-02 1.179415757276589677e-02 5.059675969183576733e-03 1.080690372512032107e-02 7.175219928424096325e-03 3.460677326657617126e-02 9.431800151613984121e-03 6.329002344727887967e-03 1.930433862806974279e-02 5.258889692012058692e-02 2.050314687163937166e-02 2.628563369356345589e-02 8.162473776069672018e-03 1.281667048639881581e-02 
