1.000000 0.323036 0.342505 0.361202 0.335164 0.364877 0.273531 0.665055 0.307326 0.410363 0.436165 0.333614 0.403360 0.355474 0.651565 0.254818 0.302681 0.375244 0.408444 0.484946 0.319072 0.558471 0.278024 0.489710 0.371110 0.366383 0.421267 0.370743 0.399736 0.788808 0.653884 0.288193 0.713752 0.337559 0.315808 0.350553 0.332929 0.321786 0.352058 0.334589 0.356575 0.356643 0.391411 0.363945 0.374611 0.463971 0.429548 0.404394 0.316398 0.358043 0.245329 0.184587 0.262393 0.365950 0.422466 0.340775 0.372577 0.360252 0.386908 0.343121 0.324076 0.340042 0.370677 0.357405 0.386216 0.319690 
0.323036 1.000000 0.513320 0.365071 0.339471 0.376814 0.286613 0.285190 0.326516 0.361144 0.222634 0.440249 0.311863 0.428467 0.285293 0.369065 0.226402 0.370929 0.290963 0.306317 0.294800 0.388608 0.391081 0.370376 0.378743 0.450282 0.374656 0.649241 0.409938 0.328451 0.397312 0.332090 0.342731 0.275121 0.721445 0.362621 0.360684 0.427675 0.273142 0.297718 0.393089 0.283532 0.302411 0.305245 0.397176 0.272080 0.446707 0.249270 0.400887 0.291142 0.384490 0.267755 0.332561 0.327084 0.339051 0.408991 0.393413 0.344417 0.322929 0.426046 0.521827 0.347205 0.278823 0.336807 0.373058 0.284516 
0.342505 0.513320 1.000000 0.230803 0.494182 0.347678 0.368815 0.296189 0.442605 0.277644 0.252259 0.352338 0.287701 0.355842 0.343240 0.277840 0.265843 0.338176 0.310971 0.385929 0.252678 0.426939 0.428392 0.470007 0.231393 0.313258 0.348366 0.359955 0.291568 0.397840 0.425423 0.470705 0.429739 0.266427 0.280036 0.342816 0.259319 0.352505 0.290614 0.195373 0.200094 0.304497 0.330448 0.195119 0.418625 0.186174 0.442012 0.246141 0.335987 0.343343 0.273349 0.223148 0.293430 0.276420 0.347914 0.400764 0.368013 0.307363 0.368919 0.390845 0.369460 0.289754 0.292520 0.234951 0.338073 0.269441 
0.361202 0.365071 0.230803 1.000000 0.183192 0.185908 0.240329 0.441583 0.256027 0.564751 0.434222 0.365519 0.430295 0.392301 0.358522 0.353119 0.266988 0.302585 0.337368 0.307986 0.797947 0.323874 0.351034 0.291113 0.690833 0.283542 0.292314 0.374834 0.533580 0.327320 0.333326 0.166414 0.346161 0.291606 0.426708 0.339702 0.628073 0.331323 0.199152 0.341345 0.469788 0.306124 0.382333 0.411665 0.266977 0.434208 0.376037 0.305943 0.367488 0.358608 0.281972 0.164593 0.246084 0.485347 0.277810 0.377671 0.267267 0.430541 0.264467 0.267686 0.340918 0.406204 0.330425 0.318618 0.322283 0.330465 
0.335164 0.339471 0.494182 0.183192 1.000000 0.470771 0.864975 0.310850 0.809626 0.317223 0.280264 0.544544 0.361466 0.424698 0.354986 0.264875 0.646026 0.316844 0.308514 0.331232 0.244932 0.384605 0.484024 0.440326 0.224745 0.428076 0.331704 0.281331 0.240259 0.375368 0.428357 0.790790 0.427783 0.348620 0.301951 0.315332 0.255373 0.407153 0.419533 0.273218 0.178223 0.401158 0.442333 0.235445 0.337874 0.230227 0.399135 0.375815 0.334315 0.426797 0.258842 0.302073 0.178360 0.240090 0.373123 0.518131 0.379374 0.307061 0.366902 0.439752 0.339797 0.240387 0.311316 0.237790 0.442964 0.372097 
0.364877 0.376814 0.347678 0.185908 0.470771 1.000000 0.435187 0.319256 0.473979 0.252179 0.248024 0.372935 0.312352 0.430694 0.348988 0.279397 0.335092 0.315188 0.451618 0.380359 0.170798 0.361843 0.321364 0.381321 0.203619 0.576120 0.377121 0.437555 0.229118 0.393456 0.400042 0.482538 0.379090 0.250630 0.355066 0.421137 0.254236 0.393449 0.693775 0.244042 0.277813 0.359562 0.347398 0.211892 0.354349 0.227667 0.416219 0.232454 0.330750 0.285486 0.305310 0.377690 0.314787 0.217875 0.362822 0.382143 0.414585 0.308351 0.462392 0.387890 0.455838 0.337057 0.268721 0.249594 0.487455 0.273126 
0.273531 0.286613 0.368815 0.240329 0.864975 0.435187 1.000000 0.309542 0.826014 0.315057 0.286045 0.444472 0.466193 0.365402 0.363548 0.284808 0.855903 0.299550 0.319361 0.301340 0.316602 0.335569 0.447478 0.371369 0.238600 0.393925 0.311235 0.276592 0.267925 0.331558 0.388524 0.725172 0.401132 0.340512 0.304653 0.328510 0.302209 0.394366 0.403090 0.283281 0.174868 0.400197 0.501874 0.248007 0.318539 0.294346 0.389012 0.388505 0.315003 0.437815 0.300173 0.276768 0.211588 0.264636 0.360155 0.475341 0.357033 0.361313 0.342666 0.421944 0.332724 0.285998 0.320214 0.251525 0.412004 0.440568 
0.665055 0.285190 0.296189 0.441583 0.310850 0.319256 0.309542 1.000000 0.354460 0.414719 0.475360 0.310987 0.482440 0.318410 0.439740 0.303931 0.342521 0.406638 0.353663 0.415554 0.433719 0.519220 0.314515 0.484174 0.453081 0.354374 0.437372 0.421762 0.412389 0.563545 0.582462 0.307707 0.567220 0.346338 0.322161 0.271610 0.447452 0.341937 0.346948 0.373848 0.389346 0.304918 0.449939 0.348324 0.320415 0.494503 0.370817 0.333109 0.370118 0.323234 0.191013 0.184954 0.271709 0.439067 0.356958 0.376838 0.310942 0.472950 0.353074 0.353210 0.384818 0.412458 0.324206 0.317039 0.345400 0.291658 
0.307326 0.326516 0.442605 0.256027 0.809626 0.473979 0.826014 0.354460 1.000000 0.287705 0.320478 0.525900 0.386018 0.392857 0.550154 0.273067 0.615797 0.345670 0.300713 0.356433 0.284819 0.413178 0.445496 0.432124 0.226371 0.447219 0.366965 0.288267 0.258254 0.416865 0.438922 0.777706 0.448938 0.386816 0.344253 0.345254 0.325446 0.462483 0.454625 0.260404 0.262208 0.429514 0.430017 0.262207 0.361863 0.267308 0.410557 0.386825 0.340914 0.420153 0.252356 0.261391 0.231994 0.249156 0.386813 0.524979 0.427056 0.331954 0.432968 0.417995 0.301923 0.268070 0.342989 0.270761 0.470273 0.363133 
0.410363 0.361144 0.277644 0.564751 0.317223 0.252179 0.315057 0.414719 0.287705 1.000000 0.352897 0.349012 0.543548 0.424801 0.359270 0.529680 0.314362 0.284023 0.323406 0.327274 0.575544 0.318443 0.487357 0.391017 0.904901 0.264916 0.305123 0.391746 0.685407 0.353837 0.394935 0.242159 0.404245 0.381738 0.381113 0.398949 0.424548 0.405994 0.344639 0.353334 0.422664 0.435837 0.430368 0.353031 0.315960 0.385035 0.406788 0.393303 0.426088 0.582341 0.287263 0.349040 0.307295 0.384078 0.406059 0.427660 0.375046 0.416365 0.280761 0.312599 0.337041 0.367255 0.505160 0.507770 0.425189 0.433696 
0.436165 0.222634 0.252259 0.434222 0.280264 0.248024 0.286045 0.475360 0.320478 0.352897 1.000000 0.276867 0.462225 0.280908 0.387471 0.302821 0.292216 0.345976 0.354781 0.402635 0.527503 0.377336 0.332107 0.327103 0.381344 0.207443 0.300315 0.314913 0.366264 0.434240 0.386750 0.256417 0.440285 0.356984 0.250024 0.294520 0.478160 0.314421 0.316054 0.272022 0.289111 0.380786 0.368801 0.478276 0.344012 0.350968 0.378646 0.426315 0.380419 0.395651 0.184114 0.180222 0.240725 0.392585 0.270024 0.369507 0.269998 0.371628 0.227265 0.272200 0.253407 0.318278 0.324780 0.261835 0.327236 0.230383 
0.333614 0.440249 0.352338 0.365519 0.544544 0.372935 0.444472 0.310987 0.525900 0.349012 0.276867 1.000000 0.324765 0.780575 0.302852 0.289781 0.349145 0.369716 0.472492 0.377791 0.332413 0.426072 0.351964 0.365666 0.350793 0.536977 0.414923 0.400137 0.367670 0.358900 0.420907 0.463143 0.385782 0.353796 0.416235 0.331609 0.363035 0.368429 0.362307 0.354199 0.401137 0.315308 0.361477 0.388113 0.356561 0.301518 0.458895 0.371444 0.312778 0.356876 0.382165 0.279298 0.315603 0.339000 0.313594 0.416222 0.354053 0.353832 0.394195 0.401774 0.331636 0.316026 0.318234 0.276094 0.376081 0.373348 
0.403360 0.311863 0.287701 0.430295 0.361466 0.312352 0.466193 0.482440 0.386018 0.543548 0.462225 0.324765 1.000000 0.380877 0.411108 0.332725 0.468740 0.345908 0.375578 0.323235 0.574366 0.341585 0.312487 0.279867 0.520872 0.344645 0.287443 0.378497 0.412284 0.342107 0.411653 0.351209 0.425416 0.469231 0.302618 0.343840 0.392538 0.368045 0.275666 0.419139 0.424109 0.389530 0.479712 0.415416 0.383467 0.432145 0.435242 0.530962 0.361165 0.402747 0.274335 0.335328 0.258185 0.404009 0.428856 0.376430 0.360353 0.427804 0.348508 0.366633 0.361110 0.392569 0.510434 0.424936 0.326184 0.504039 
0.355474 0.428467 0.355842 0.392301 0.424698 0.430694 0.365402 0.318410 0.392857 0.424801 0.280908 0.780575 0.380877 1.000000 0.312799 0.296861 0.307390 0.316006 0.441184 0.266096 0.419357 0.332128 0.349256 0.329761 0.418979 0.527576 0.392136 0.401231 0.349499 0.344010 0.377199 0.400552 0.360693 0.365818 0.361909 0.375637 0.384361 0.420136 0.425691 0.389516 0.382578 0.384293 0.377581 0.325062 0.445282 0.308922 0.677133 0.345667 0.353009 0.409166 0.400420 0.350804 0.346624 0.363732 0.346242 0.391379 0.347334 0.389030 0.467153 0.388451 0.333199 0.363788 0.349497 0.323930 0.407567 0.367223 
0.651565 0.285293 0.343240 0.358522 0.354986 0.348988 0.363548 0.439740 0.550154 0.359270 0.387471 0.302852 0.411108 0.312799 1.000000 0.231181 0.381235 0.384831 0.348856 0.418434 0.336608 0.436740 0.285258 0.354485 0.327051 0.280097 0.345372 0.256592 0.309535 0.727069 0.454966 0.450125 0.682726 0.376934 0.318273 0.343001 0.344368 0.392058 0.308599 0.256569 0.340357 0.395232 0.312982 0.320234 0.342605 0.363032 0.391932 0.403044 0.270507 0.374814 0.216247 0.162544 0.241439 0.323827 0.355079 0.369412 0.364692 0.281352 0.365198 0.319473 0.227938 0.272294 0.361905 0.305647 0.425753 0.297450 
0.254818 0.369065 0.277840 0.353119 0.264875 0.279397 0.284808 0.303931 0.273067 0.529680 0.302821 0.289781 0.332725 0.296861 0.231181 1.000000 0.282837 0.258489 0.284326 0.287689 0.337042 0.279411 0.785097 0.468785 0.438874 0.259384 0.330606 0.394401 0.531062 0.255863 0.352210 0.247260 0.293084 0.274509 0.380458 0.409587 0.424394 0.422008 0.316811 0.298062 0.369026 0.354868 0.370464 0.286064 0.271309 0.360184 0.298884 0.250372 0.636113 0.490850 0.367166 0.286778 0.432837 0.342589 0.361027 0.607105 0.355061 0.349037 0.201315 0.347706 0.413243 0.362114 0.391300 0.452641 0.384081 0.393046 
0.302681 0.226402 0.265843 0.266988 0.646026 0.335092 0.855903 0.342521 0.615797 0.314362 0.292216 0.349145 0.468740 0.307390 0.381235 0.282837 1.000000 0.303403 0.347987 0.308531 0.338468 0.320136 0.412614 0.332374 0.244949 0.293462 0.344056 0.282913 0.295232 0.376034 0.373094 0.560409 0.456470 0.284440 0.277362 0.299902 0.352931 0.318543 0.308829 0.251413 0.171996 0.395733 0.566034 0.247768 0.259480 0.408373 0.335726 0.384957 0.286636 0.420904 0.241862 0.180995 0.195189 0.333089 0.338045 0.431902 0.319572 0.432767 0.255973 0.396270 0.316440 0.334923 0.309221 0.247394 0.380878 0.468822 
0.375244 0.370929 0.338176 0.302585 0.316844 0.315188 0.299550 0.406638 0.345670 0.284023 0.345976 0.369716 0.345908 0.316006 0.384831 0.258489 0.303403 1.000000 0.410630 0.590798 0.336502 0.538374 0.270465 0.440854 0.303153 0.387335 0.378198 0.463291 0.342124 0.454886 0.497065 0.332811 0.520434 0.278583 0.376632 0.273963 0.304545 0.306180 0.265062 0.199583 0.305762 0.287170 0.333645 0.295307 0.385562 0.247665 0.382003 0.275493 0.342292 0.273653 0.269994 0.153962 0.274628 0.320631 0.278382 0.326218 0.286198 0.332279 0.361242 0.255676 0.284011 0.278997 0.272587 0.257270 0.311378 0.266282 
0.408444 0.290963 0.310971 0.337368 0.308514 0.451618 0.319361 0.353663 0.300713 0.323406 0.354781 0.472492 0.375578 0.441184 0.348856 0.284326 0.347987 0.410630 1.000000 0.548819 0.323921 0.490684 0.294693 0.370417 0.330448 0.447197 0.396162 0.375508 0.377695 0.497264 0.441389 0.256684 0.529282 0.304307 0.279098 0.292197 0.370465 0.294393 0.398579 0.325640 0.292960 0.327564 0.317370 0.293861 0.362644 0.284759 0.395193 0.373923 0.290426 0.306953 0.199378 0.228244 0.259033 0.345728 0.280230 0.321229 0.269377 0.317849 0.379455 0.338068 0.305349 0.289391 0.353106 0.271809 0.445384 0.372783 
0.484946 0.306317 0.385929 0.307986 0.331232 0.380359 0.301340 0.415554 0.356433 0.327274 0.402635 0.377791 0.323235 0.266096 0.418434 0.287689 0.308531 0.590798 0.548819 1.000000 0.289060 0.543849 0.289244 0.402586 0.339529 0.373714 0.469952 0.457274 0.364389 0.567914 0.517250 0.327026 0.557254 0.228513 0.286135 0.292717 0.310427 0.289742 0.356892 0.225657 0.271898 0.282286 0.348706 0.329586 0.351496 0.232843 0.322408 0.264882 0.420746 0.240476 0.254311 0.200079 0.359785 0.286238 0.357897 0.385142 0.326905 0.340077 0.295852 0.347716 0.334863 0.339484 0.296225 0.284243 0.336904 0.227310 
0.319072 0.294800 0.252678 0.797947 0.244932 0.170798 0.316602 0.433719 0.284819 0.575544 0.527503 0.332413 0.574366 0.419357 0.336608 0.337042 0.338468 0.336502 0.323921 0.289060 1.000000 0.289833 0.355891 0.264353 0.690920 0.241275 0.265780 0.334552 0.442101 0.289298 0.310907 0.192208 0.348067 0.290976 0.357068 0.361596 0.500364 0.343715 0.239432 0.361017 0.331112 0.365257 0.411400 0.394664 0.327807 0.392600 0.432288 0.367658 0.344658 0.418780 0.251208 0.198131 0.208009 0.426103 0.238652 0.356690 0.236592 0.400870 0.262034 0.272926 0.328555 0.361910 0.312360 0.261325 0.317970 0.319848 
0.558471 0.388608 0.426939 0.323874 0.384605 0.361843 0.335569 0.519220 0.413178 0.318443 0.377336 0.426072 0.341585 0.332128 0.436740 0.279411 0.320136 0.538374 0.490684 0.543849 0.289833 1.000000 0.313627 0.684076 0.344280 0.443068 0.570622 0.505894 0.431951 0.703029 0.785905 0.384866 0.770650 0.308127 0.360867 0.283231 0.383124 0.313028 0.383163 0.270650 0.356206 0.237992 0.409130 0.312653 0.389473 0.366124 0.385920 0.290242 0.369282 0.246562 0.192928 0.104065 0.260821 0.387927 0.363790 0.400227 0.347216 0.409996 0.375373 0.389161 0.324720 0.311443 0.291387 0.295166 0.354003 0.302279 
0.278024 0.391081 0.428392 0.351034 0.484024 0.321364 0.447478 0.314515 0.445496 0.487357 0.332107 0.351964 0.312487 0.349256 0.285258 0.785097 0.412614 0.270465 0.294693 0.289244 0.355891 0.313627 1.000000 0.524787 0.371323 0.314357 0.294236 0.307224 0.435793 0.329291 0.358735 0.393614 0.374796 0.285561 0.390910 0.465639 0.477984 0.482975 0.363200 0.249811 0.329777 0.475313 0.450133 0.275490 0.319006 0.368023 0.368105 0.285002 0.605757 0.555968 0.294965 0.293005 0.365762 0.401053 0.402936 0.818012 0.422837 0.371719 0.286405 0.370107 0.374215 0.303896 0.354779 0.401330 0.471253 0.363016 
0.489710 0.370376 0.470007 0.291113 0.440326 0.381321 0.371369 0.484174 0.432124 0.391017 0.327103 0.365666 0.279867 0.329761 0.354485 0.468785 0.332374 0.440854 0.370417 0.402586 0.264353 0.684076 0.524787 1.000000 0.364939 0.375517 0.508706 0.444387 0.433849 0.509411 0.601064 0.386595 0.553187 0.308242 0.355011 0.317314 0.353160 0.324368 0.407453 0.210824 0.341761 0.305847 0.390224 0.271125 0.364960 0.334740 0.382783 0.265116 0.392251 0.344183 0.219323 0.243537 0.346569 0.338981 0.404722 0.454462 0.405502 0.386069 0.350259 0.404034 0.370121 0.320275 0.327602 0.351382 0.391694 0.318907 
0.371110 0.378743 0.231393 0.690833 0.224745 0.203619 0.238600 0.453081 0.226371 0.904901 0.381344 0.350793 0.520872 0.418979 0.327051 0.438874 0.244949 0.303153 0.330448 0.339529 0.690920 0.344280 0.371323 0.364939 1.000000 0.279042 0.306205 0.412888 0.711425 0.332748 0.370180 0.167471 0.360398 0.359096 0.394795 0.349629 0.456041 0.365162 0.283916 0.378305 0.485702 0.311438 0.411594 0.392937 0.292812 0.369185 0.392451 0.344874 0.363793 0.433913 0.318266 0.309321 0.337627 0.380993 0.360161 0.349352 0.307783 0.424132 0.258520 0.302718 0.334142 0.413308 0.467342 0.465460 0.350060 0.363839 
0.366383 0.450282 0.313258 0.283542 0.428076 0.576120 0.393925 0.354374 0.447219 0.264916 0.207443 0.536977 0.344645 0.527576 0.280097 0.259384 0.293462 0.387335 0.447197 0.373714 0.241275 0.443068 0.314357 0.375517 0.279042 1.000000 0.332003 0.468593 0.310980 0.423865 0.451924 0.334231 0.424112 0.342005 0.357052 0.332440 0.302203 0.339554 0.493406 0.310823 0.373395 0.270729 0.348940 0.218061 0.343544 0.256070 0.390334 0.252882 0.332184 0.221461 0.456655 0.251099 0.299626 0.262987 0.333516 0.373858 0.351470 0.319674 0.625374 0.380322 0.390957 0.333130 0.308581 0.281326 0.331330 0.326485 
0.421267 0.374656 0.348366 0.292314 0.331704 0.377121 0.311235 0.437372 0.366965 0.305123 0.300315 0.414923 0.287443 0.392136 0.345372 0.330606 0.344056 0.378198 0.396162 0.469952 0.265780 0.570622 0.294236 0.508706 0.306205 0.332003 1.000000 0.565344 0.330114 0.450839 0.566287 0.360807 0.464367 0.189234 0.365287 0.318294 0.356547 0.225746 0.365211 0.238564 0.271725 0.196966 0.396168 0.233580 0.274989 0.257360 0.374489 0.223166 0.383319 0.202427 0.205253 0.128557 0.291697 0.274860 0.295573 0.351464 0.327574 0.414948 0.293561 0.429928 0.389186 0.355224 0.257601 0.286637 0.337746 0.253544 
0.370743 0.649241 0.359955 0.374834 0.281331 0.437555 0.276592 0.421762 0.288267 0.391746 0.314913 0.400137 0.378497 0.401231 0.256592 0.394401 0.282913 0.463291 0.375508 0.457274 0.334552 0.505894 0.307224 0.444387 0.412888 0.468593 0.565344 1.000000 0.473703 0.389813 0.450463 0.286911 0.417081 0.231541 0.490460 0.365651 0.400817 0.307174 0.404830 0.254867 0.427229 0.258530 0.433218 0.347599 0.301832 0.319707 0.362020 0.239206 0.527468 0.261434 0.321736 0.199242 0.312973 0.366544 0.345119 0.384480 0.412073 0.450254 0.295581 0.414280 0.586504 0.423030 0.265640 0.309499 0.307907 0.259144 
0.399736 0.409938 0.291568 0.533580 0.240259 0.229118 0.267925 0.412389 0.258254 0.685407 0.366264 0.367670 0.412284 0.349499 0.309535 0.531062 0.295232 0.342124 0.377695 0.364389 0.442101 0.431951 0.435793 0.433849 0.711425 0.310980 0.330114 0.473703 1.000000 0.375049 0.491970 0.173509 0.386577 0.347165 0.403848 0.394262 0.501536 0.340141 0.274658 0.282467 0.549185 0.279962 0.421433 0.407626 0.292365 0.428003 0.342767 0.294788 0.390251 0.392630 0.306107 0.230424 0.318338 0.430305 0.399723 0.412908 0.379087 0.467396 0.257650 0.347215 0.366199 0.439049 0.423696 0.485104 0.330902 0.358499 
0.788808 0.328451 0.397840 0.327320 0.375368 0.393456 0.331558 0.563545 0.416865 0.353837 0.434240 0.358900 0.342107 0.344010 0.727069 0.255863 0.376034 0.454886 0.497264 0.567914 0.289298 0.703029 0.329291 0.509411 0.332748 0.423865 0.450839 0.389813 0.375049 1.000000 0.659636 0.398387 0.929609 0.307854 0.307276 0.317538 0.389524 0.384558 0.370796 0.277521 0.341065 0.363461 0.387937 0.316417 0.373284 0.445668 0.400931 0.346252 0.316911 0.360939 0.205004 0.134889 0.268725 0.394667 0.380925 0.392436 0.362059 0.363622 0.407952 0.327422 0.259123 0.306843 0.333710 0.320273 0.459775 0.319398 
0.653884 0.397312 0.425423 0.333326 0.428357 0.400042 0.388524 0.582462 0.438922 0.394935 0.386750 0.420907 0.411653 0.377199 0.454966 0.352210 0.373094 0.497065 0.441389 0.517250 0.310907 0.785905 0.358735 0.601064 0.370180 0.451924 0.566287 0.450463 0.491970 0.659636 1.000000 0.403862 0.710646 0.370336 0.395068 0.347291 0.392891 0.336036 0.390211 0.338853 0.348237 0.315428 0.449973 0.260939 0.434477 0.426197 0.459597 0.365123 0.414470 0.367280 0.207823 0.236340 0.302943 0.368170 0.433642 0.414556 0.371250 0.445281 0.411985 0.444189 0.365577 0.403217 0.384614 0.386305 0.421047 0.392092 
0.288193 0.332090 0.470705 0.166414 0.790790 0.482538 0.725172 0.307707 0.777706 0.242159 0.256417 0.463143 0.351209 0.400552 0.450125 0.247260 0.560409 0.332811 0.256684 0.327026 0.192208 0.384866 0.393614 0.386595 0.167471 0.334231 0.360807 0.286911 0.173509 0.398387 0.403862 1.000000 0.438646 0.316173 0.249608 0.292364 0.245958 0.398476 0.427833 0.259605 0.199638 0.399608 0.388877 0.224514 0.311041 0.234983 0.384297 0.333194 0.318895 0.436750 0.240014 0.318821 0.214719 0.221455 0.356711 0.443686 0.381483 0.302679 0.324509 0.419956 0.267620 0.225739 0.280224 0.235727 0.432383 0.335591 
0.713752 0.342731 0.429739 0.346161 0.427783 0.379090 0.401132 0.567220 0.448938 0.404245 0.440285 0.385782 0.425416 0.360693 0.682726 0.293084 0.456470 0.520434 0.529282 0.557254 0.348067 0.770650 0.374796 0.553187 0.360398 0.424112 0.464367 0.417081 0.386577 0.929609 0.710646 0.438646 1.000000 0.352680 0.303125 0.296880 0.421156 0.412925 0.410036 0.308912 0.329933 0.422343 0.427617 0.312686 0.452168 0.472338 0.458149 0.400125 0.363075 0.430380 0.203116 0.164645 0.274934 0.436176 0.378018 0.429775 0.379053 0.397604 0.425785 0.359846 0.283712 0.310198 0.367002 0.326687 0.483681 0.398575 
0.337559 0.275121 0.266427 0.291606 0.348620 0.250630 0.340512 0.346338 0.386816 0.381738 0.356984 0.353796 0.469231 0.365818 0.376934 0.274509 0.284440 0.278583 0.304307 0.228513 0.290976 0.308127 0.285561 0.308242 0.359096 0.342005 0.189234 0.231541 0.347165 0.307854 0.370336 0.316173 0.352680 1.000000 0.289680 0.313694 0.310563 0.426303 0.308205 0.385504 0.520401 0.425457 0.283738 0.365537 0.452072 0.267699 0.419042 0.711215 0.323360 0.377721 0.357761 0.404797 0.359699 0.276658 0.371640 0.325683 0.302096 0.271245 0.412141 0.348798 0.286349 0.231542 0.731800 0.593115 0.359849 0.527495 
0.315808 0.721445 0.280036 0.426708 0.301951 0.355066 0.304653 0.322161 0.344253 0.381113 0.250024 0.416235 0.302618 0.361909 0.318273 0.380458 0.277362 0.376632 0.279098 0.286135 0.357068 0.360867 0.390910 0.355011 0.394795 0.357052 0.365287 0.490460 0.403848 0.307276 0.395068 0.249608 0.303125 0.289680 1.000000 0.555574 0.399582 0.429031 0.323318 0.299824 0.419344 0.297058 0.319718 0.297795 0.327649 0.314000 0.367341 0.286386 0.359707 0.291020 0.316125 0.250156 0.317499 0.325781 0.319385 0.441100 0.349256 0.354405 0.427089 0.441989 0.626081 0.393110 0.323185 0.381159 0.438750 0.317539 
0.350553 0.362621 0.342816 0.339702 0.315332 0.421137 0.328510 0.271610 0.345254 0.398949 0.294520 0.331609 0.343840 0.375637 0.343001 0.409587 0.299902 0.273963 0.292197 0.292717 0.361596 0.283231 0.465639 0.317314 0.349629 0.332440 0.318294 0.365651 0.394262 0.317538 0.347291 0.292364 0.296880 0.313694 0.555574 1.000000 0.369384 0.464802 0.394102 0.247966 0.327531 0.445029 0.415388 0.266992 0.295619 0.253498 0.355540 0.304247 0.397775 0.396929 0.395454 0.268119 0.345354 0.301083 0.438606 0.532367 0.557312 0.380150 0.336739 0.403924 0.463647 0.427276 0.362690 0.404553 0.502814 0.327908 
0.332929 0.360684 0.259319 0.628073 0.255373 0.254236 0.302209 0.447452 0.325446 0.424548 0.478160 0.363035 0.392538 0.384361 0.344368 0.424394 0.352931 0.304545 0.370465 0.310427 0.500364 0.383124 0.477984 0.353160 0.456041 0.302203 0.356547 0.400817 0.501536 0.389524 0.392891 0.245958 0.421156 0.310563 0.399582 0.369384 1.000000 0.390946 0.319174 0.323744 0.510125 0.391187 0.523363 0.452207 0.321772 0.567794 0.398402 0.307762 0.424273 0.434443 0.271633 0.145482 0.307914 0.764981 0.313659 0.507817 0.346925 0.652297 0.261812 0.401110 0.332960 0.517386 0.314220 0.358677 0.405662 0.353650 
0.321786 0.427675 0.352505 0.331323 0.407153 0.393449 0.394366 0.341937 0.462483 0.405994 0.314421 0.368429 0.368045 0.420136 0.392058 0.422008 0.318543 0.306180 0.294393 0.289742 0.343715 0.313028 0.482975 0.324368 0.365162 0.339554 0.225746 0.307174 0.340141 0.384558 0.336036 0.398476 0.412925 0.426303 0.429031 0.464802 0.390946 1.000000 0.405754 0.533963 0.398359 0.569018 0.362054 0.320125 0.539876 0.308161 0.484077 0.360728 0.414954 0.553199 0.384539 0.379225 0.326733 0.362887 0.474972 0.549883 0.482722 0.325440 0.378078 0.394402 0.352366 0.359780 0.465457 0.398231 0.615381 0.446556 
0.352058 0.273142 0.290614 0.199152 0.419533 0.693775 0.403090 0.346948 0.454625 0.344639 0.316054 0.362307 0.275666 0.425691 0.308599 0.316811 0.308829 0.265062 0.398579 0.356892 0.239432 0.383163 0.363200 0.407453 0.283916 0.493406 0.365211 0.404830 0.274658 0.370796 0.390211 0.427833 0.410036 0.308205 0.323318 0.394102 0.319174 0.405754 1.000000 0.236567 0.284859 0.442025 0.352132 0.263126 0.360421 0.264918 0.419055 0.290373 0.349272 0.359941 0.319478 0.343225 0.304527 0.261098 0.325769 0.410389 0.360025 0.304246 0.485930 0.360397 0.415965 0.280840 0.270166 0.278771 0.564115 0.257631 
0.334589 0.297718 0.195373 0.341345 0.273218 0.244042 0.283281 0.373848 0.260404 0.353334 0.272022 0.354199 0.419139 0.389516 0.256569 0.298062 0.251413 0.199583 0.325640 0.225657 0.361017 0.270650 0.249811 0.210824 0.378305 0.310823 0.238564 0.254867 0.282467 0.277521 0.338853 0.259605 0.308912 0.385504 0.299824 0.247966 0.323744 0.533963 0.236567 1.000000 0.384971 0.227865 0.287259 0.326366 0.505818 0.399571 0.441056 0.372094 0.249532 0.454478 0.273974 0.327997 0.232329 0.303757 0.280098 0.270996 0.243095 0.299516 0.288504 0.370765 0.291213 0.345183 0.313548 0.293625 0.311388 0.328592 
0.356575 0.393089 0.200094 0.469788 0.178223 0.277813 0.174868 0.389346 0.262208 0.422664 0.289111 0.401137 0.424109 0.382578 0.340357 0.369026 0.171996 0.305762 0.292960 0.271898 0.331112 0.356206 0.329777 0.341761 0.485702 0.373395 0.271725 0.427229 0.549185 0.341065 0.348237 0.199638 0.329933 0.520401 0.419344 0.327531 0.510125 0.398359 0.284859 0.384971 1.000000 0.266400 0.359281 0.550772 0.356358 0.493610 0.364222 0.317468 0.354676 0.304852 0.343027 0.256720 0.393012 0.500562 0.386394 0.372300 0.356781 0.452124 0.313434 0.397065 0.350765 0.456242 0.476423 0.604416 0.309196 0.344155 
0.356643 0.283532 0.304497 0.306124 0.401158 0.359562 0.400197 0.304918 0.429514 0.435837 0.380786 0.315308 0.389530 0.384293 0.395232 0.354868 0.395733 0.287170 0.327564 0.282286 0.365257 0.237992 0.475313 0.305847 0.311438 0.270729 0.196966 0.258530 0.279962 0.363461 0.315428 0.399608 0.422343 0.425457 0.297058 0.445029 0.391187 0.569018 0.442025 0.227865 0.266400 1.000000 0.306390 0.320729 0.403162 0.301481 0.413990 0.605622 0.361211 0.614722 0.335153 0.335080 0.300105 0.352653 0.346121 0.477930 0.357737 0.273454 0.311604 0.373997 0.313729 0.251251 0.498451 0.417220 0.649348 0.508824 
0.391411 0.302411 0.330448 0.382333 0.442333 0.347398 0.501874 0.449939 0.430017 0.430368 0.368801 0.361477 0.479712 0.377581 0.312982 0.370464 0.566034 0.333645 0.317370 0.348706 0.411400 0.409130 0.450133 0.390224 0.411594 0.348940 0.396168 0.433218 0.421433 0.387937 0.449973 0.388877 0.427617 0.283738 0.319718 0.415388 0.523363 0.362054 0.352132 0.287259 0.359281 0.306390 1.000000 0.367934 0.324390 0.594199 0.403194 0.316778 0.466077 0.401851 0.295985 0.202785 0.285025 0.496455 0.483720 0.492371 0.457287 0.883667 0.324803 0.458298 0.384925 0.655635 0.287831 0.290548 0.370428 0.325266 
0.363945 0.305245 0.195119 0.411665 0.235445 0.211892 0.248007 0.348324 0.262207 0.353031 0.478276 0.388113 0.415416 0.325062 0.320234 0.286064 0.247768 0.295307 0.293861 0.329586 0.394664 0.312653 0.275490 0.271125 0.392937 0.218061 0.233580 0.347599 0.407626 0.316417 0.260939 0.224514 0.312686 0.365537 0.297795 0.266992 0.452207 0.320125 0.263126 0.326366 0.550772 0.320729 0.367934 1.000000 0.296981 0.421381 0.319889 0.421324 0.359991 0.346220 0.283489 0.237542 0.333432 0.550609 0.315851 0.320893 0.317808 0.435935 0.171588 0.318897 0.306972 0.420796 0.328260 0.336304 0.292957 0.260718 
0.374611 0.397176 0.418625 0.266977 0.337874 0.354349 0.318539 0.320415 0.361863 0.315960 0.344012 0.356561 0.383467 0.445282 0.342605 0.271309 0.259480 0.385562 0.362644 0.351496 0.327807 0.389473 0.319006 0.364960 0.292812 0.343544 0.274989 0.301832 0.292365 0.373284 0.434477 0.311041 0.452168 0.452072 0.327649 0.295619 0.321772 0.539876 0.360421 0.505818 0.356358 0.403162 0.324390 0.296981 1.000000 0.292572 0.841411 0.385153 0.285679 0.391726 0.277407 0.421769 0.342941 0.355301 0.417715 0.321265 0.368685 0.313103 0.536656 0.422981 0.338044 0.289594 0.374715 0.372089 0.364500 0.347652 
0.463971 0.272080 0.186174 0.434208 0.230227 0.227667 0.294346 0.494503 0.267308 0.385035 0.350968 0.301518 0.432145 0.308922 0.363032 0.360184 0.408373 0.247665 0.284759 0.232843 0.392600 0.366124 0.368023 0.334740 0.369185 0.256070 0.257360 0.319707 0.428003 0.445668 0.426197 0.234983 0.472338 0.267699 0.314000 0.253498 0.567794 0.308161 0.264918 0.399571 0.493610 0.301481 0.594199 0.421381 0.292572 1.000000 0.340102 0.353292 0.355360 0.445259 0.192021 0.185745 0.276632 0.696914 0.288051 0.381485 0.266922 0.621023 0.313732 0.334668 0.266128 0.436169 0.316416 0.346698 0.295688 0.344092 
0.429548 0.446707 0.442012 0.376037 0.399135 0.416219 0.389012 0.370817 0.410557 0.406788 0.378646 0.458895 0.435242 0.677133 0.391932 0.298884 0.335726 0.382003 0.395193 0.322408 0.432288 0.385920 0.368105 0.382783 0.392451 0.390334 0.374489 0.362020 0.342767 0.400931 0.459597 0.384297 0.458149 0.419042 0.367341 0.355540 0.398402 0.484077 0.419055 0.441056 0.364222 0.413990 0.403194 0.319889 0.841411 0.340102 1.000000 0.380490 0.363882 0.440769 0.294207 0.406374 0.336348 0.403676 0.426413 0.383347 0.387914 0.395086 0.550320 0.473836 0.396327 0.355996 0.378896 0.401006 0.427695 0.363596 
0.404394 0.249270 0.246141 0.305943 0.375815 0.232454 0.388505 0.333109 0.386825 0.393303 0.426315 0.371444 0.530962 0.345667 0.403044 0.250372 0.384957 0.275493 0.373923 0.264882 0.367658 0.290242 0.285002 0.265116 0.344874 0.252882 0.223166 0.239206 0.294788 0.346252 0.365123 0.333194 0.400125 0.711215 0.286386 0.304247 0.307762 0.360728 0.290373 0.372094 0.317468 0.605622 0.316778 0.421324 0.385153 0.353292 0.380490 1.000000 0.280500 0.421801 0.296178 0.388888 0.266469 0.311546 0.341502 0.327866 0.246167 0.277656 0.365630 0.307491 0.274107 0.225747 0.665803 0.425376 0.447567 0.631249 
0.316398 0.400887 0.335987 0.367488 0.334315 0.330750 0.315003 0.370118 0.340914 0.426088 0.380419 0.312778 0.361165 0.353009 0.270507 0.636113 0.286636 0.342292 0.290426 0.420746 0.344658 0.369282 0.605757 0.392251 0.363793 0.332184 0.383319 0.527468 0.390251 0.316911 0.414470 0.318895 0.363075 0.323360 0.359707 0.397775 0.424273 0.414954 0.349272 0.249532 0.354676 0.361211 0.466077 0.359991 0.285679 0.355360 0.363882 0.280500 1.000000 0.411849 0.301999 0.243742 0.365044 0.397682 0.470228 0.772709 0.562291 0.436228 0.250286 0.381893 0.460722 0.433586 0.353655 0.354592 0.345837 0.295746 
0.358043 0.291142 0.343343 0.358608 0.426797 0.285486 0.437815 0.323234 0.420153 0.582341 0.395651 0.356876 0.402747 0.409166 0.374814 0.490850 0.420904 0.273653 0.306953 0.240476 0.418780 0.246562 0.555968 0.344183 0.433913 0.221461 0.202427 0.261434 0.392630 0.360939 0.367280 0.436750 0.430380 0.377721 0.291020 0.396929 0.434443 0.553199 0.359941 0.454478 0.304852 0.614722 0.401851 0.346220 0.391726 0.445259 0.440769 0.421801 0.411849 1.000000 0.294598 0.344851 0.282582 0.400252 0.353920 0.509557 0.391298 0.362229 0.272966 0.389444 0.299274 0.311538 0.418024 0.415702 0.551486 0.440591 
0.245329 0.384490 0.273349 0.281972 0.258842 0.305310 0.300173 0.191013 0.252356 0.287263 0.184114 0.382165 0.274335 0.400420 0.216247 0.367166 0.241862 0.269994 0.199378 0.254311 0.251208 0.192928 0.294965 0.219323 0.318266 0.456655 0.205253 0.321736 0.306107 0.205004 0.207823 0.240014 0.203116 0.357761 0.316125 0.395454 0.271633 0.384539 0.319478 0.273974 0.343027 0.335153 0.295985 0.283489 0.277407 0.192021 0.294207 0.296178 0.301999 0.294598 1.000000 0.348737 0.563329 0.218330 0.300772 0.318895 0.283462 0.280844 0.332960 0.346086 0.398749 0.312562 0.398823 0.394079 0.310075 0.372002 
0.184587 0.267755 0.223148 0.164593 0.302073 0.377690 0.276768 0.184954 0.261391 0.349040 0.180222 0.279298 0.335328 0.350804 0.162544 0.286778 0.180995 0.153962 0.228244 0.200079 0.198131 0.104065 0.293005 0.243537 0.309321 0.251099 0.128557 0.199242 0.230424 0.134889 0.236340 0.318821 0.164645 0.404797 0.250156 0.268119 0.145482 0.379225 0.343225 0.327997 0.256720 0.335080 0.202785 0.237542 0.421769 0.185745 0.406374 0.388888 0.243742 0.344851 0.348737 1.000000 0.408175 0.137436 0.336668 0.241867 0.260970 0.181111 0.310779 0.307783 0.311110 0.207572 0.499527 0.364762 0.323535 0.440939 
0.262393 0.332561 0.293430 0.246084 0.178360 0.314787 0.211588 0.271709 0.231994 0.307295 0.240725 0.315603 0.258185 0.346624 0.241439 0.432837 0.195189 0.274628 0.259033 0.359785 0.208009 0.260821 0.365762 0.346569 0.337627 0.299626 0.291697 0.312973 0.318338 0.268725 0.302943 0.214719 0.274934 0.359699 0.317499 0.345354 0.307914 0.326733 0.304527 0.232329 0.393012 0.300105 0.285025 0.333432 0.342941 0.276632 0.336348 0.266469 0.365044 0.282582 0.563329 0.408175 1.000000 0.272856 0.416049 0.372497 0.336779 0.309754 0.333742 0.443846 0.352566 0.313625 0.540788 0.509022 0.340302 0.429838 
0.365950 0.327084 0.276420 0.485347 0.240090 0.217875 0.264636 0.439067 0.249156 0.384078 0.392585 0.339000 0.404009 0.363732 0.323827 0.342589 0.333089 0.320631 0.345728 0.286238 0.426103 0.387927 0.401053 0.338981 0.380993 0.262987 0.274860 0.366544 0.430305 0.394667 0.368170 0.221455 0.436176 0.276658 0.325781 0.301083 0.764981 0.362887 0.261098 0.303757 0.500562 0.352653 0.496455 0.550609 0.355301 0.696914 0.403676 0.311546 0.397682 0.400252 0.218330 0.137436 0.272856 1.000000 0.322310 0.429268 0.306540 0.614296 0.266897 0.346135 0.287760 0.428590 0.267886 0.313062 0.300429 0.297073 
0.422466 0.339051 0.347914 0.277810 0.373123 0.362822 0.360155 0.356958 0.386813 0.406059 0.270024 0.313594 0.428856 0.346242 0.355079 0.361027 0.338045 0.278382 0.280230 0.357897 0.238652 0.363790 0.402936 0.404722 0.360161 0.333516 0.295573 0.345119 0.399723 0.380925 0.433642 0.356711 0.378018 0.371640 0.319385 0.438606 0.313659 0.474972 0.325769 0.280098 0.386394 0.346121 0.483720 0.315851 0.417715 0.288051 0.426413 0.341502 0.470228 0.353920 0.300772 0.336668 0.416049 0.322310 1.000000 0.528295 0.760711 0.406585 0.357930 0.516990 0.386906 0.463490 0.479670 0.487936 0.398163 0.422938 
0.340775 0.408991 0.400764 0.377671 0.518131 0.382143 0.475341 0.376838 0.524979 0.427660 0.369507 0.416222 0.376430 0.391379 0.369412 0.607105 0.431902 0.326218 0.321229 0.385142 0.356690 0.400227 0.818012 0.454462 0.349352 0.373858 0.351464 0.384480 0.412908 0.392436 0.414556 0.443686 0.429775 0.325683 0.441100 0.532367 0.507817 0.549883 0.410389 0.270996 0.372300 0.477930 0.492371 0.320893 0.321265 0.381485 0.383347 0.327866 0.772709 0.509557 0.318895 0.241867 0.372497 0.429268 0.528295 1.000000 0.613761 0.408825 0.324493 0.410471 0.401120 0.348525 0.366658 0.361030 0.505688 0.342198 
0.372577 0.393413 0.368013 0.267267 0.379374 0.414585 0.357033 0.310942 0.427056 0.375046 0.269998 0.354053 0.360353 0.347334 0.364692 0.355061 0.319572 0.286198 0.269377 0.326905 0.236592 0.347216 0.422837 0.405502 0.307783 0.351470 0.327574 0.412073 0.379087 0.362059 0.371250 0.381483 0.379053 0.302096 0.349256 0.557312 0.346925 0.482722 0.360025 0.243095 0.356781 0.357737 0.457287 0.317808 0.368685 0.266922 0.387914 0.246167 0.562291 0.391298 0.283462 0.260970 0.336779 0.306540 0.760711 0.613761 1.000000 0.402995 0.316356 0.456776 0.399480 0.414778 0.348817 0.345824 0.384645 0.322456 
0.360252 0.344417 0.307363 0.430541 0.307061 0.308351 0.361313 0.472950 0.331954 0.416365 0.371628 0.353832 0.427804 0.389030 0.281352 0.349037 0.432767 0.332279 0.317849 0.340077 0.400870 0.409996 0.371719 0.386069 0.424132 0.319674 0.414948 0.450254 0.467396 0.363622 0.445281 0.302679 0.397604 0.271245 0.354405 0.380150 0.652297 0.325440 0.304246 0.299516 0.452124 0.273454 0.883667 0.435935 0.313103 0.621023 0.395086 0.277656 0.436228 0.362229 0.280844 0.181111 0.309754 0.614296 0.406585 0.408825 0.402995 1.000000 0.280568 0.470990 0.370272 0.768456 0.262957 0.279696 0.318559 0.284370 
0.386908 0.322929 0.368919 0.264467 0.366902 0.462392 0.342666 0.353074 0.432968 0.280761 0.227265 0.394195 0.348508 0.467153 0.365198 0.201315 0.255973 0.361242 0.379455 0.295852 0.262034 0.375373 0.286405 0.350259 0.258520 0.625374 0.293561 0.295581 0.257650 0.407952 0.411985 0.324509 0.425785 0.412141 0.427089 0.336739 0.261812 0.378078 0.485930 0.288504 0.313434 0.311604 0.324803 0.171588 0.536656 0.313732 0.550320 0.365630 0.250286 0.272966 0.332960 0.310779 0.333742 0.266897 0.357930 0.324493 0.316356 0.280568 1.000000 0.357821 0.386285 0.265952 0.443817 0.330433 0.368714 0.388231 
0.343121 0.426046 0.390845 0.267686 0.439752 0.387890 0.421944 0.353210 0.417995 0.312599 0.272200 0.401774 0.366633 0.388451 0.319473 0.347706 0.396270 0.255676 0.338068 0.347716 0.272926 0.389161 0.370107 0.404034 0.302718 0.380322 0.429928 0.414280 0.347215 0.327422 0.444189 0.419956 0.359846 0.348798 0.441989 0.403924 0.401110 0.394402 0.360397 0.370765 0.397065 0.373997 0.458298 0.318897 0.422981 0.334668 0.473836 0.307491 0.381893 0.389444 0.346086 0.307783 0.443846 0.346135 0.516990 0.410471 0.456776 0.470990 0.357821 1.000000 0.614101 0.539797 0.399465 0.418513 0.401392 0.412326 
0.324076 0.521827 0.369460 0.340918 0.339797 0.455838 0.332724 0.384818 0.301923 0.337041 0.253407 0.331636 0.361110 0.333199 0.227938 0.413243 0.316440 0.284011 0.305349 0.334863 0.328555 0.324720 0.374215 0.370121 0.334142 0.390957 0.389186 0.586504 0.366199 0.259123 0.365577 0.267620 0.283712 0.286349 0.626081 0.463647 0.332960 0.352366 0.415965 0.291213 0.350765 0.313729 0.384925 0.306972 0.338044 0.266128 0.396327 0.274107 0.460722 0.299274 0.398749 0.311110 0.352566 0.287760 0.386906 0.401120 0.399480 0.370272 0.386285 0.614101 1.000000 0.452497 0.323238 0.313765 0.348779 0.340897 
0.340042 0.347205 0.289754 0.406204 0.240387 0.337057 0.285998 0.412458 0.268070 0.367255 0.318278 0.316026 0.392569 0.363788 0.272294 0.362114 0.334923 0.278997 0.289391 0.339484 0.361910 0.311443 0.303896 0.320275 0.413308 0.333130 0.355224 0.423030 0.439049 0.306843 0.403217 0.225739 0.310198 0.231542 0.393110 0.427276 0.517386 0.359780 0.280840 0.345183 0.456242 0.251251 0.655635 0.420796 0.289594 0.436169 0.355996 0.225747 0.433586 0.311538 0.312562 0.207572 0.313625 0.428590 0.463490 0.348525 0.414778 0.768456 0.265952 0.539797 0.452497 1.000000 0.293785 0.294070 0.328261 0.254470 
0.370677 0.278823 0.292520 0.330425 0.311316 0.268721 0.320214 0.324206 0.342989 0.505160 0.324780 0.318234 0.510434 0.349497 0.361905 0.391300 0.309221 0.272587 0.353106 0.296225 0.312360 0.291387 0.354779 0.327602 0.467342 0.308581 0.257601 0.265640 0.423696 0.333710 0.384614 0.280224 0.367002 0.731800 0.323185 0.362690 0.314220 0.465457 0.270166 0.313548 0.476423 0.498451 0.287831 0.328260 0.374715 0.316416 0.378896 0.665803 0.353655 0.418024 0.398823 0.499527 0.540788 0.267886 0.479670 0.366658 0.348817 0.262957 0.443817 0.399465 0.323238 0.293785 1.000000 0.771557 0.466343 0.791318 
0.357405 0.336807 0.234951 0.318618 0.237790 0.249594 0.251525 0.317039 0.270761 0.507770 0.261835 0.276094 0.424936 0.323930 0.305647 0.452641 0.247394 0.257270 0.271809 0.284243 0.261325 0.295166 0.401330 0.351382 0.465460 0.281326 0.286637 0.309499 0.485104 0.320273 0.386305 0.235727 0.326687 0.593115 0.381159 0.404553 0.358677 0.398231 0.278771 0.293625 0.604416 0.417220 0.290548 0.336304 0.372089 0.346698 0.401006 0.425376 0.354592 0.415702 0.394079 0.364762 0.509022 0.313062 0.487936 0.361030 0.345824 0.279696 0.330433 0.418513 0.313765 0.294070 0.771557 1.000000 0.436708 0.594117 
0.386216 0.373058 0.338073 0.322283 0.442964 0.487455 0.412004 0.345400 0.470273 0.425189 0.327236 0.376081 0.326184 0.407567 0.425753 0.384081 0.380878 0.311378 0.445384 0.336904 0.317970 0.354003 0.471253 0.391694 0.350060 0.331330 0.337746 0.307907 0.330902 0.459775 0.421047 0.432383 0.483681 0.359849 0.438750 0.502814 0.405662 0.615381 0.564115 0.311388 0.309196 0.649348 0.370428 0.292957 0.364500 0.295688 0.427695 0.447567 0.345837 0.551486 0.310075 0.323535 0.340302 0.300429 0.398163 0.505688 0.384645 0.318559 0.368714 0.401392 0.348779 0.328261 0.466343 0.436708 1.000000 0.504080 
0.319690 0.284516 0.269441 0.330465 0.372097 0.273126 0.440568 0.291658 0.363133 0.433696 0.230383 0.373348 0.504039 0.367223 0.297450 0.393046 0.468822 0.266282 0.372783 0.227310 0.319848 0.302279 0.363016 0.318907 0.363839 0.326485 0.253544 0.259144 0.358499 0.319398 0.392092 0.335591 0.398575 0.527495 0.317539 0.327908 0.353650 0.446556 0.257631 0.328592 0.344155 0.508824 0.325266 0.260718 0.347652 0.344092 0.363596 0.631249 0.295746 0.440591 0.372002 0.440939 0.429838 0.297073 0.422938 0.342198 0.322456 0.284370 0.388231 0.412326 0.340897 0.254470 0.791318 0.594117 0.504080 1.000000 
