0.000000000000000000e+00 1.362762900410768169e-02 1.193519383671526497e-02 2.194876857712039359e-02 5.024416903196234248e-03 4.566049045360788018e-03 4.213458385487368375e-03 3.051672161204449854e-02 4.918639705234208528e-03 1.412125592793046953e-02 2.062655360259506732e-03 1.926907956208239944e-02 3.220915677943691352e-02 1.521428697353807181e-02 1.274615235442413085e-02 2.133173492234190834e-03 1.197045290270260659e-02 7.104701796449412222e-03 8.127214710082330401e-03 7.104701796449412222e-03 1.627205895315833248e-02 1.863441637431024339e-02 4.918639705234208528e-03 1.338081554219628690e-02 2.550993424184193337e-02 1.158260317684184533e-02 8.691359765879801483e-03 5.870634486892442605e-03 2.653244715547485241e-02 1.792923505456340411e-02 1.926907956208239944e-02 4.425012781411420681e-03 3.199760238351286035e-02 3.702201928670909394e-04 7.069442730462069738e-03 3.702201928670909394e-04 3.513565925638630072e-02 1.623679988717098913e-02 8.867655095816511304e-03 2.924739523650018644e-02 6.152707014791178146e-03 6.258484212753203865e-03 4.054792588544329363e-04 1.939248629303809825e-04 1.398021966398110133e-02 1.320452021225957707e-02 1.674805634398744822e-03 6.187966080778519763e-03 1.186467570474058174e-02 1.524954603952541343e-02 1.722405373481656482e-02 1.627205895315833248e-02 6.928406466512702401e-03 2.265394989686723287e-02 8.374028171993723457e-03 1.708301747086719835e-02 1.003120427339879682e-02 4.989157837208892630e-03 2.168432558221532885e-03 9.502318283588667355e-03 8.585582567917776631e-03 1.221726636461400138e-02 3.614054263702554375e-03 3.014650141917740809e-03 5.165453167145602452e-03 1.921619096310138745e-03 
1.362762900410768169e-02 0.000000000000000000e+00 1.415651499391781115e-02 1.570791389736085966e-02 1.676568587698111859e-02 9.043950425753221126e-03 1.447384658780388918e-02 2.344727888158242707e-03 1.390970153200641636e-02 1.373340620206970654e-02 1.105371718703171587e-02 8.585582567917776631e-03 2.168432558221532885e-03 1.359236993812033834e-02 1.327503834423426204e-02 1.743560813074061799e-02 2.378224000846217503e-02 3.331981735803818401e-03 1.073638559314563784e-02 1.454436471977857241e-02 1.433281032385452097e-02 2.803095745993688503e-03 2.120832819138621095e-02 3.349611268797489426e-04 1.098319905505703090e-02 9.608095481550693942e-03 2.944132009943056707e-03 1.510850977557604523e-02 2.626800416056978681e-03 1.874019357227226998e-02 8.091955644094988784e-03 4.460271847398762299e-03 8.585582567917776631e-03 1.295770675034818402e-02 7.139960862436753840e-03 1.496747351162667702e-02 9.008691359765879508e-03 1.216437776563298809e-03 2.979391075930398758e-03 2.838354811981030554e-03 7.739364984221568274e-03 8.938173227791196274e-03 1.498510304462034783e-03 1.080690372512032107e-02 1.429755125786717936e-02 1.073638559314563784e-02 1.264037515646210599e-02 1.133578971493045227e-02 1.398021966398110133e-02 2.485764152107610477e-03 2.029159247571531849e-02 4.072422121538000171e-03 1.457962378576591576e-02 1.639546568411402771e-03 2.838354811981030554e-03 1.345133367417097187e-02 7.386774324348147763e-03 2.089099659750013119e-02 8.021437512120303814e-03 6.963665532500044018e-03 7.351515258360806146e-03 1.969218835393050579e-02 1.807027131851277404e-02 1.080690372512032107e-02 3.261463603829134732e-03 2.099677379546215777e-02 
1.193519383671526497e-02 1.415651499391781115e-02 0.000000000000000000e+00 3.614054263702554375e-03 2.168432558221532885e-03 1.639546568411402771e-03 7.809883116196252376e-03 1.886360030322796694e-03 8.285880507025368980e-04 5.482784761031680477e-03 4.248717451474710860e-03 6.787370202563334197e-03 3.508277065740528656e-03 1.549635950143680649e-02 9.114468557727906095e-03 9.343652486645628343e-04 3.331981735803818401e-03 3.331981735803818401e-03 7.809883116196252376e-03 1.285192955238615743e-02 9.749131745500062146e-03 7.563069654284857585e-03 1.355711087213299672e-02 3.825608659626606681e-03 3.402499867778502503e-03 5.024416903196234248e-03 1.584895016131022613e-02 3.473017999753186605e-03 5.976411684854468324e-03 2.787229166299384775e-02 1.147682597887981874e-02 1.251696842550640860e-03 1.930433862806974279e-02 8.479805369955750044e-03 8.867655095816511304e-03 8.550323501930433279e-03 7.175219928424096325e-03 1.130053064894310892e-02 1.648361334908238218e-02 2.462845759215838426e-02 2.979391075930398758e-03 1.080690372512032107e-02 3.684572395677238477e-03 1.168838037480387192e-02 2.191350951113305023e-02 6.893147400525359916e-03 2.448742132820901432e-02 5.482784761031680477e-03 4.354494649436736579e-03 6.223225146765862248e-03 5.112564568164589809e-04 4.601308111348130503e-03 1.821130758246214051e-02 4.812862507272181942e-03 3.261463603829134732e-03 5.588561958993706197e-03 1.514376884156338685e-02 7.386774324348147763e-03 3.437758933765844554e-03 1.221726636461400138e-02 2.873613877968372605e-03 6.399520476702572069e-03 7.915660314158277228e-03 3.261463603829134732e-03 4.072422121538000171e-03 1.405073779595578456e-02 
2.194876857712039359e-02 1.570791389736085966e-02 3.614054263702554375e-03 0.000000000000000000e+00 9.854908943462086998e-03 1.658939054704440877e-02 1.040142446626588770e-03 1.701249933889251165e-02 5.377007563069653891e-03 5.040283482890538236e-02 2.997020608924069458e-04 5.377007563069653891e-03 1.207623010066463318e-02 9.995945207411455202e-03 2.089099659750013119e-02 3.774483013944960469e-02 2.979391075930398758e-03 1.944537489201910926e-02 4.389753715424078197e-03 1.239356169455071120e-02 2.730814660719637493e-02 1.923382049609505956e-02 3.055198067803183842e-02 4.024822382455088554e-02 4.581915625055092006e-02 9.008691359765879508e-03 1.123001251696842569e-02 2.261869083087988952e-02 2.473423479012041085e-02 2.064418313558873813e-02 1.101845812104437425e-02 4.001903989563316069e-03 2.335913121661407216e-02 2.004477901380392543e-02 2.258343176489254964e-02 6.998924598487385636e-03 2.450505086120268860e-03 6.434779542689914554e-03 2.219558203903178664e-02 1.669516774500643536e-02 5.588561958993706197e-03 3.266752463727235628e-02 1.560213669939883308e-02 1.676568587698111859e-02 3.649313329689896426e-03 3.132768012975336441e-02 4.213458385487368375e-03 2.558045237381661660e-02 1.972744741991784567e-02 3.168027078962678406e-02 5.094935035170918350e-03 5.412266629056996375e-03 1.584895016131022613e-02 2.908872943955714656e-03 1.242882076053805282e-02 1.641309521710769895e-02 7.915660314158277228e-03 9.537577349576008973e-03 2.431112599827230450e-02 2.632089275955079924e-02 4.109444140824709824e-02 1.309874301429755049e-02 4.248717451474710860e-03 5.482784761031680477e-03 2.480475292209509408e-02 8.991061826772208916e-04 
5.024416903196234248e-03 1.676568587698111859e-02 2.168432558221532885e-03 9.854908943462086998e-03 0.000000000000000000e+00 1.392733106500008847e-03 1.004883380639246936e-03 4.601308111348130503e-03 1.956878162297480579e-03 1.322214974525324745e-03 8.056696578107645432e-03 1.690672214093048506e-02 5.412266629056996375e-03 1.560213669939883308e-02 2.027396294272164681e-03 1.175889850677855515e-02 1.235830262856336959e-02 1.427992172487350898e-03 1.246407982652539617e-02 3.684572395677238477e-03 6.187966080778519763e-03 8.374028171993723457e-03 1.951589302399379597e-02 2.395853533839888486e-02 3.860867725613948299e-03 7.739364984221568274e-03 9.819649877474745381e-03 4.601308111348130503e-03 1.105371718703171587e-02 1.123001251696842569e-02 4.636567177335472120e-03 6.857888334538018299e-03 1.852863917634821680e-02 1.785871692258872087e-02 7.069442730462069738e-03 1.080690372512032107e-02 4.742344375297498707e-03 4.354494649436736579e-03 1.533769370449376834e-03 5.870634486892442605e-03 3.702201928670909394e-04 6.187966080778519763e-03 1.137104878091779389e-02 4.248717451474710860e-03 1.108897625301905748e-02 6.258484212753203865e-03 2.300654055674065251e-02 1.479117818168996720e-02 3.349611268797489426e-04 1.604287502424060720e-03 8.867655095816511304e-03 1.020749960333550838e-02 1.392733106500008847e-03 1.851100964335454860e-03 2.173721418119634041e-02 1.762953299367099841e-05 9.008691359765879508e-03 7.986178446132962197e-03 7.933289847151948470e-04 6.787370202563334197e-03 2.697318548031662783e-03 1.175889850677855515e-02 7.527810588297515967e-03 3.049909207905082426e-03 3.896126791601290350e-03 5.694339156955731916e-03 
4.566049045360788018e-03 9.043950425753221126e-03 1.639546568411402771e-03 1.658939054704440877e-02 1.392733106500008847e-03 0.000000000000000000e+00 8.091955644094988784e-03 7.280997126386122044e-03 8.285880507025368980e-04 1.045431306524690143e-02 8.285880507025368980e-04 2.485764152107610477e-03 6.011670750841809942e-03 6.170336547784849171e-04 2.203691624208874503e-03 6.170336547784849171e-04 4.989157837208892630e-03 2.979391075930398758e-03 1.091268092308234766e-02 5.764857288930416018e-03 1.851100964335454860e-03 1.181178710575956758e-03 6.681593004601308478e-03 4.283976517462052477e-03 1.098319905505703090e-02 1.493221444563933541e-02 9.255504821677274299e-03 8.444546303968408427e-03 9.502318283588667355e-03 3.473017999753186605e-03 1.242882076053805282e-02 1.745323766373428707e-03 5.447525695044337993e-03 4.319235583449394095e-03 1.383918340003173313e-02 1.080690372512032107e-02 1.322214974525324745e-03 1.392733106500008847e-03 1.921619096310138745e-03 2.873613877968372605e-03 4.918639705234208528e-03 4.530789979373446401e-03 3.085168273892424477e-03 1.992137228284822630e-03 2.626800416056978681e-03 9.749131745500062146e-03 3.649313329689896426e-03 3.155686405867108579e-03 6.046929816829152426e-03 8.991061826772208916e-04 1.807027131851277404e-02 2.662059482044320732e-03 9.890168009449430350e-03 4.107681187525342656e-03 2.415246020132926809e-03 4.054792588544329363e-04 5.377007563069653891e-03 7.950919380145620580e-03 3.367240801791160452e-03 1.498510304462034783e-03 4.601308111348130503e-03 6.082188882816494044e-03 5.059675969183576733e-03 8.162473776069672018e-03 9.043950425753221126e-03 6.857888334538018299e-03 
4.213458385487368375e-03 1.447384658780388918e-02 7.809883116196252376e-03 1.040142446626588770e-03 1.004883380639246936e-03 8.091955644094988784e-03 0.000000000000000000e+00 8.867655095816511304e-03 2.342964934858875539e-02 1.144156691289247713e-02 5.341748497082312273e-03 3.411314634275337820e-02 9.290763887664615917e-03 1.905752516615834974e-02 3.261463603829134732e-03 1.433281032385452097e-02 2.861273204872803039e-02 1.655413148105706542e-02 1.750612626271530123e-02 1.507325070958870361e-02 1.075401512613930822e-03 1.553161856742414811e-02 1.105371718703171587e-02 2.434638506425964785e-02 2.291839289177229793e-04 3.684572395677238477e-03 1.225252543060134300e-02 1.443858752181654756e-02 5.482784761031680477e-03 3.349611268797489426e-04 8.285880507025368980e-04 9.467059217601325738e-03 6.293743278740546350e-03 9.643354547538035559e-03 2.871850924669005350e-02 2.275972709482925946e-02 8.162473776069672018e-03 4.495530913386104784e-03 1.101845812104437425e-02 9.995945207411455202e-03 6.928406466512702401e-03 1.182941663875324012e-02 1.070112652715829622e-02 1.216437776563298809e-03 6.963665532500044018e-03 6.011670750841809942e-03 9.008691359765879508e-03 7.422033390335490248e-03 1.549635950143680649e-02 1.472066004971528223e-02 1.574317296334819954e-02 2.133173492234190834e-03 5.059675969183576733e-03 6.752111136575991712e-03 1.137104878091779389e-02 2.732577614019004834e-03 5.412266629056996375e-03 2.385275814043685827e-02 2.238950690196216554e-03 1.352185180614565510e-02 1.331029741022160366e-02 2.096151472947481789e-02 2.450505086120268860e-03 3.719831461664580528e-03 1.674805634398744822e-03 4.848121573259524426e-03 
3.051672161204449854e-02 2.344727888158242707e-03 1.886360030322796694e-03 1.701249933889251165e-02 4.601308111348130503e-03 7.280997126386122044e-03 8.867655095816511304e-03 0.000000000000000000e+00 9.713872679512720529e-03 2.732577614019004834e-03 4.636567177335472120e-03 1.369814713608236492e-02 3.767431200747492492e-02 1.158260317684184533e-02 5.817745887911429745e-04 5.412266629056996375e-03 2.089099659750013119e-02 3.349611268797489426e-04 3.508277065740528656e-03 1.535532323748743828e-02 2.776651446503182116e-02 2.141988258731026065e-02 1.782345785660137752e-02 1.376866526805704989e-02 3.120427339879766528e-03 4.742344375297498707e-03 1.004883380639246936e-03 1.144156691289247713e-02 1.990374274985455549e-02 7.915660314158277228e-03 7.580699187278529044e-04 1.463251238474692732e-03 2.734340567318371829e-02 2.274209756183558605e-03 2.344727888158242707e-03 9.467059217601325738e-03 1.281667048639881581e-02 9.043950425753221126e-03 2.944132009943056707e-03 2.265394989686723287e-02 6.540556740651940273e-03 2.944132009943056707e-03 1.031327680129753323e-02 5.235971299120286554e-03 1.193519383671526497e-02 1.465014191774059900e-02 3.649313329689896426e-03 8.268250974031698605e-03 3.331981735803818401e-03 1.630731801914567236e-02 3.296722669816476350e-03 9.396541085626642503e-03 1.161786224282918695e-02 2.141988258731026065e-02 1.718879466882922147e-02 1.948063395800645262e-02 1.006646333938614017e-02 3.261463603829134732e-03 6.046929816829152426e-03 2.908872943955714656e-03 6.893147400525359916e-03 7.580699187278529044e-04 1.260511609047476264e-02 4.636567177335472120e-03 3.649313329689896426e-03 1.419177405990515277e-02 
4.918639705234208528e-03 1.390970153200641636e-02 8.285880507025368980e-04 5.377007563069653891e-03 1.956878162297480579e-03 8.285880507025368980e-04 2.342964934858875539e-02 9.713872679512720529e-03 0.000000000000000000e+00 1.123001251696842569e-02 2.556282284082294579e-03 2.498104825203180390e-02 1.553161856742414811e-02 1.168838037480387192e-02 5.341748497082312273e-03 5.553302893006364579e-03 3.894363838301923703e-02 7.774624050208909891e-03 2.082047846552544795e-02 1.077164465913297946e-02 7.580699187278529044e-04 2.626800416056978681e-03 5.588561958993706197e-03 8.127214710082330401e-03 7.845142182183593993e-03 1.427992172487350898e-03 2.644429949050649490e-04 4.142940253512684273e-03 1.286955908537982911e-03 1.234067309556969888e-04 8.814766496835499203e-05 1.780582832360770758e-03 1.225252543060134300e-02 1.606050455723427930e-02 1.884597077023429657e-02 1.486169631366465044e-02 9.326022953651957534e-03 5.941152618867125840e-03 3.226204537841792681e-03 1.151208504486716210e-02 1.366288807009502330e-02 1.133578971493045227e-02 2.000951994781658208e-02 5.465155228038009235e-04 1.193519383671526497e-02 6.187966080778519763e-03 1.228778449658868462e-02 9.326022953651957534e-03 9.255504821677274299e-03 5.482784761031680477e-03 4.742344375297498707e-03 9.537577349576008973e-03 3.719831461664580528e-03 5.870634486892442605e-03 1.242882076053805282e-02 5.817745887911429745e-04 4.777603441284840324e-03 3.150397545969007423e-02 3.349611268797489426e-04 4.354494649436736579e-03 6.505297674664597789e-03 2.773125539904447781e-02 1.533769370449376834e-03 8.867655095816511304e-03 6.011670750841809942e-03 5.059675969183576733e-03 
1.412125592793046953e-02 1.373340620206970654e-02 5.482784761031680477e-03 5.040283482890538236e-02 1.322214974525324745e-03 1.045431306524690143e-02 1.144156691289247713e-02 2.732577614019004834e-03 1.123001251696842569e-02 0.000000000000000000e+00 2.838354811981030554e-03 8.285880507025368980e-04 3.684572395677238477e-03 5.482784761031680477e-03 1.718879466882922147e-02 6.048692770128519247e-02 5.800116354917758503e-03 7.580699187278529044e-04 5.024416903196234248e-03 2.133173492234190834e-03 2.466371665814572414e-02 2.944132009943056707e-03 4.324524443347495944e-02 3.679283535779136888e-02 4.680641009819649923e-02 1.137104878091779389e-02 9.149727623715247712e-03 2.272446802884191611e-02 8.162473776069672018e-03 9.326022953651957534e-03 1.186467570474058174e-02 3.702201928670909394e-04 9.784390811487403763e-03 1.465014191774059900e-02 4.530789979373446401e-03 1.119475345098108407e-02 2.230135923699381323e-02 3.120427339879766528e-03 5.412266629056996375e-03 1.045431306524690143e-02 2.240713643495583635e-02 1.334555647620894528e-02 5.694339156955731916e-03 1.003120427339879682e-02 4.953898771221550146e-03 5.216578812827248057e-02 9.749131745500062146e-03 1.948063395800645262e-02 2.547467517585459001e-02 2.491053012005712067e-02 7.598328720272200069e-03 5.447525695044337993e-03 2.133173492234190834e-03 2.748444193713308475e-02 3.622869030199390300e-02 2.173721418119634041e-02 2.878902737866474021e-02 1.359236993812033834e-02 4.354494649436736579e-03 4.425012781411420681e-03 1.796449412055074746e-02 3.014650141917740809e-03 5.659080090968390299e-03 1.214674823263931815e-02 1.366288807009502330e-02 2.415246020132926809e-03 
2.062655360259506732e-03 1.105371718703171587e-02 4.248717451474710860e-03 2.997020608924069458e-04 8.056696578107645432e-03 8.285880507025368980e-04 5.341748497082312273e-03 4.636567177335472120e-03 2.556282284082294579e-03 2.838354811981030554e-03 0.000000000000000000e+00 1.662464961303175212e-02 2.399379440438622821e-02 6.170336547784849171e-04 4.636567177335472120e-03 3.085168273892424477e-03 2.110255099342418436e-02 7.774624050208909891e-03 2.485764152107610477e-03 2.027396294272164681e-03 9.854908943462086998e-03 1.524954603952541343e-02 7.386774324348147763e-03 7.422033390335490248e-03 4.989157837208892630e-03 8.515064435943091661e-03 5.518043827019022095e-03 3.331981735803818401e-03 4.918639705234208528e-03 2.732577614019004834e-03 5.341748497082312273e-03 1.570791389736085966e-02 8.232991908044355253e-03 7.422033390335490248e-03 5.024416903196234248e-03 1.059534932919626964e-02 1.165312130881653030e-02 3.270278370325969963e-02 1.115949438499374072e-02 1.856389824233556016e-02 1.782345785660137752e-02 8.303510040019040223e-03 6.170336547784849171e-04 3.049909207905082426e-03 2.314757682069001898e-02 1.851100964335454860e-03 1.112423531900639910e-02 9.784390811487403763e-03 5.941152618867125840e-03 6.187966080778519763e-03 3.085168273892424477e-03 1.427992172487350898e-03 2.344727888158242707e-03 2.469897572413306749e-02 1.762953299367099841e-05 1.256985702448742102e-02 7.950919380145620580e-03 6.505297674664597789e-03 2.997020608924069458e-04 6.716852070588650095e-03 1.126527158295576730e-02 3.049909207905082426e-03 7.139960862436753840e-03 2.057366500361405490e-02 7.280997126386122044e-03 3.402499867778502503e-03 
1.926907956208239944e-02 8.585582567917776631e-03 6.787370202563334197e-03 5.377007563069653891e-03 1.690672214093048506e-02 2.485764152107610477e-03 3.411314634275337820e-02 1.369814713608236492e-02 2.498104825203180390e-02 8.285880507025368980e-04 1.662464961303175212e-02 0.000000000000000000e+00 3.049909207905082426e-03 2.156091885125963059e-02 6.787370202563334197e-03 2.662059482044320732e-03 2.893006364261410668e-02 2.413483066833559468e-02 1.020749960333550838e-02 2.908872943955714656e-03 3.120427339879766528e-03 2.062655360259506732e-03 1.154734411085450371e-02 1.320452021225957707e-02 5.306489431094970656e-03 2.767836680006346452e-03 3.702201928670909394e-04 6.470038608677256171e-03 5.905893552879784222e-03 8.973432293778537891e-03 1.189993477072792336e-02 5.377007563069653891e-03 5.941152618867125840e-03 1.694198120691782841e-02 5.059675969183576733e-03 1.955115208998113585e-02 1.264037515646210599e-02 2.238950690196216554e-03 2.309468822170900656e-03 1.172363944079121353e-02 4.530789979373446401e-03 1.606050455723427930e-02 1.542584136946212325e-02 1.006646333938614017e-02 1.010172240537348179e-02 6.893147400525359916e-03 1.429755125786717936e-02 1.852863917634821680e-02 5.165453167145602452e-03 8.479805369955750044e-03 2.062655360259506732e-03 7.139960862436753840e-03 6.152707014791178146e-03 4.812862507272181942e-03 3.508277065740528656e-03 9.696243146519048853e-04 1.768242159265201105e-02 6.364261410715230452e-03 2.626800416056978681e-03 5.288859898101299522e-05 1.322214974525324745e-03 8.991061826772208916e-04 1.214674823263931815e-02 2.450505086120268860e-03 1.274615235442413085e-02 1.524954603952541343e-02 
3.220915677943691352e-02 2.168432558221532885e-03 3.508277065740528656e-03 1.207623010066463318e-02 5.412266629056996375e-03 6.011670750841809942e-03 9.290763887664615917e-03 3.767431200747492492e-02 1.553161856742414811e-02 3.684572395677238477e-03 2.399379440438622821e-02 3.049909207905082426e-03 0.000000000000000000e+00 5.976411684854468324e-03 1.415651499391781115e-02 1.271089328843678923e-02 1.658939054704440877e-02 1.052483119722158640e-02 6.082188882816494044e-03 5.288859898101299522e-05 1.197045290270260659e-02 2.244239550094317970e-02 1.888122983622163992e-02 6.875517867531689108e-04 8.479805369955750044e-03 8.409287237981065075e-03 1.427992172487350898e-03 1.387444246601907474e-02 8.761877897854486452e-03 2.803095745993688503e-03 5.835375420905100120e-03 4.848121573259524426e-03 1.598998642525959607e-02 1.281667048639881581e-02 2.521023218094952528e-03 2.803095745993688503e-03 1.898700703418366303e-02 1.075401512613930822e-03 2.662059482044320732e-03 4.601308111348130503e-03 2.392327627241154497e-02 8.761877897854486452e-03 1.556687763341149146e-02 1.937485676004442603e-02 6.187966080778519763e-03 1.038379493327221820e-02 1.639546568411402771e-03 2.399379440438622821e-02 1.919856143010771621e-02 1.207623010066463318e-02 1.376866526805704989e-02 4.319235583449394095e-03 1.648361334908238218e-02 2.924739523650018644e-02 1.630731801914567236e-02 2.801332792694321422e-02 1.969218835393050579e-02 7.774624050208909891e-03 1.154734411085450371e-02 2.291839289177229793e-04 3.049909207905082426e-03 1.815841898348112809e-03 4.566049045360788018e-03 2.485764152107610477e-03 1.225252543060134300e-02 5.817745887911429745e-04 
1.521428697353807181e-02 1.359236993812033834e-02 1.549635950143680649e-02 9.995945207411455202e-03 1.560213669939883308e-02 6.170336547784849171e-04 1.905752516615834974e-02 1.158260317684184533e-02 1.168838037480387192e-02 5.482784761031680477e-03 6.170336547784849171e-04 2.156091885125963059e-02 5.976411684854468324e-03 0.000000000000000000e+00 5.059675969183576733e-03 2.838354811981030554e-03 1.888122983622163992e-02 2.237187736896849646e-02 1.392733106500008847e-03 1.369814713608236492e-02 1.569028436436718885e-03 5.976411684854468324e-03 1.031327680129753323e-02 1.874019357227226998e-02 8.991061826772208916e-04 2.450505086120268860e-03 3.966644923575974452e-03 5.341748497082312273e-03 1.357474040512666796e-03 7.245738060398780427e-03 1.161786224282918695e-02 2.274209756183558605e-03 8.268250974031698605e-03 8.991061826772208916e-04 4.953898771221550146e-03 2.378224000846217503e-02 1.264037515646210599e-02 6.998924598487385636e-03 1.110660578601272873e-03 1.221726636461400138e-02 1.533769370449376834e-03 1.405073779595578456e-02 5.941152618867125840e-03 1.145919644588614924e-03 1.542584136946212325e-02 1.392733106500008847e-03 1.450910565379123079e-02 5.094935035170918350e-03 7.245738060398780427e-03 3.296722669816476350e-03 2.309468822170900656e-03 1.792923505456340411e-02 3.367240801791160452e-03 4.072422121538000171e-03 1.024275866932284999e-02 9.467059217601325738e-03 2.237187736896849646e-02 3.402499867778502503e-03 1.533769370449376834e-03 3.049909207905082426e-03 5.024416903196234248e-03 5.024416903196234248e-03 1.362762900410768169e-02 6.522927207658268597e-04 8.409287237981065075e-03 1.412125592793046953e-02 
1.274615235442413085e-02 1.327503834423426204e-02 9.114468557727906095e-03 2.089099659750013119e-02 2.027396294272164681e-03 2.203691624208874503e-03 3.261463603829134732e-03 5.817745887911429745e-04 5.341748497082312273e-03 1.718879466882922147e-02 4.636567177335472120e-03 6.787370202563334197e-03 1.415651499391781115e-02 5.059675969183576733e-03 0.000000000000000000e+00 3.473017999753186605e-03 7.245738060398780427e-03 8.303510040019040223e-03 4.989157837208892630e-03 5.817745887911429745e-04 1.542584136946212325e-02 8.021437512120303814e-03 1.533769370449376834e-03 1.676568587698111859e-02 1.930433862806974279e-02 7.986178446132962197e-03 3.543536131727870707e-03 1.392733106500008847e-03 1.722405373481656482e-02 7.880401248170935610e-03 4.001903989563316069e-03 1.362762900410768169e-02 1.181178710575956758e-03 5.905893552879784222e-03 8.797136963841828070e-03 9.343652486645628343e-04 3.407788727676604179e-02 1.881071170424695321e-02 1.286955908537982911e-03 2.279498616081659934e-02 1.877545263825961333e-02 5.112564568164589809e-04 1.817604851647479716e-02 3.349611268797489426e-04 1.658939054704440877e-02 8.374028171993723457e-03 1.077164465913297946e-02 1.886360030322796694e-03 7.704105918234225789e-03 2.201928670909507682e-02 1.602524549124693595e-02 1.369814713608236492e-02 7.457292456322831865e-03 2.099677379546215777e-02 1.322214974525324745e-03 4.178199319500026758e-03 4.037163055550658554e-03 2.727288754120903505e-02 1.073638559314563784e-02 1.886360030322796694e-03 1.126527158295576730e-02 2.663822435343687900e-02 9.678613613525377177e-03 5.059675969183576733e-03 8.515064435943091661e-03 1.637783615112035560e-02 
2.133173492234190834e-03 1.743560813074061799e-02 9.343652486645628343e-04 3.774483013944960469e-02 1.175889850677855515e-02 6.170336547784849171e-04 1.433281032385452097e-02 5.412266629056996375e-03 5.553302893006364579e-03 6.048692770128519247e-02 3.085168273892424477e-03 2.662059482044320732e-03 1.271089328843678923e-02 2.838354811981030554e-03 3.473017999753186605e-03 0.000000000000000000e+00 1.454436471977857241e-02 2.374698094247483515e-02 8.867655095816511304e-03 8.409287237981065075e-03 2.022107434374063525e-02 1.450910565379123079e-02 9.326022953651957534e-03 1.175889850677855515e-02 5.082594362075348871e-02 1.639546568411402771e-03 8.691359765879801483e-03 2.110255099342418436e-02 2.099677379546215777e-02 7.104701796449412222e-03 4.054792588544329363e-04 4.389753715424078197e-03 9.608095481550693942e-03 1.722405373481656482e-02 1.718879466882922147e-02 1.267563422244944761e-02 4.296317190557621957e-02 8.991061826772208916e-04 6.646333938613965993e-03 4.213458385487368375e-03 1.362762900410768169e-02 7.422033390335490248e-03 3.076353507395589160e-02 2.450505086120268860e-03 9.043950425753221126e-03 2.374698094247483515e-02 7.422033390335490248e-03 1.130053064894310892e-02 5.623821024981048682e-03 8.620841633905118248e-03 7.245738060398780427e-03 2.803095745993688503e-03 1.179415757276589677e-02 1.207623010066463318e-02 1.338081554219628690e-02 1.457962378576591576e-02 1.338081554219628690e-02 4.035400102251291560e-02 1.939248629303809825e-04 1.683620400895580183e-02 2.015055621176595202e-02 3.305537436313311928e-02 1.546110043544946487e-02 1.345133367417097187e-02 4.389753715424078197e-03 1.251696842550640860e-03 
1.197045290270260659e-02 2.378224000846217503e-02 3.331981735803818401e-03 2.979391075930398758e-03 1.235830262856336959e-02 4.989157837208892630e-03 2.861273204872803039e-02 2.089099659750013119e-02 3.894363838301923703e-02 5.800116354917758503e-03 2.110255099342418436e-02 2.893006364261410668e-02 1.658939054704440877e-02 1.888122983622163992e-02 7.245738060398780427e-03 1.454436471977857241e-02 0.000000000000000000e+00 6.187966080778519763e-03 1.881071170424695321e-02 1.010172240537348179e-02 6.998924598487385636e-03 1.919856143010771621e-02 2.238950690196216554e-03 1.764716252666466770e-02 1.181178710575956758e-03 1.003120427339879682e-02 1.697724027290517176e-02 1.225252543060134300e-02 1.123001251696842569e-02 3.649313329689896426e-03 3.508277065740528656e-03 2.441690319623433109e-02 7.950919380145620580e-03 1.239356169455071120e-02 1.380392433404439151e-02 7.139960862436753840e-03 1.299296581633552564e-02 7.034183664474728120e-03 6.046929816829152426e-03 1.027801773531019161e-02 6.681593004601308478e-03 1.533769370449376834e-03 1.357474040512666796e-03 8.938173227791196274e-03 1.288718861837349905e-02 6.223225146765862248e-03 1.556687763341149146e-02 1.052483119722158640e-02 1.288718861837349905e-02 2.949420869841157949e-02 2.434638506425964785e-02 3.931385857588632834e-03 1.436806938984186259e-02 1.031327680129753323e-02 1.292244768436084067e-02 6.875517867531689108e-04 5.130194101158259967e-03 1.105371718703171587e-02 8.620841633905118248e-03 8.374028171993723457e-03 1.239356169455071120e-02 2.522786171394319696e-02 4.107681187525342656e-03 9.696243146519048853e-04 6.223225146765862248e-03 7.915660314158277228e-03 
7.104701796449412222e-03 3.331981735803818401e-03 3.331981735803818401e-03 1.944537489201910926e-02 1.427992172487350898e-03 2.979391075930398758e-03 1.655413148105706542e-02 3.349611268797489426e-04 7.774624050208909891e-03 7.580699187278529044e-04 7.774624050208909891e-03 2.413483066833559468e-02 1.052483119722158640e-02 2.237187736896849646e-02 8.303510040019040223e-03 2.374698094247483515e-02 6.187966080778519763e-03 0.000000000000000000e+00 1.479117818168996720e-02 1.017224053734816502e-02 5.465155228038009235e-04 8.973432293778537891e-03 2.596830209967737960e-02 2.445216226222167444e-02 1.528480510551275505e-02 8.991061826772208916e-04 1.316926114627223546e-02 1.200571196868994994e-02 7.774624050208909891e-03 2.415246020132926809e-03 2.212506390705710341e-02 8.797136963841828070e-03 6.875517867531689108e-04 5.694339156955731916e-03 4.425012781411420681e-03 4.283976517462052477e-03 2.480475292209509408e-02 4.953898771221550146e-03 1.639546568411402771e-03 2.309468822170900656e-03 7.245738060398780427e-03 6.752111136575991712e-03 1.390970153200641636e-02 7.139960862436753840e-03 1.161786224282918695e-02 2.871850924669005350e-02 1.091268092308234766e-02 1.390970153200641636e-02 3.548824991625972036e-02 1.323977927824691869e-02 4.107681187525342656e-03 7.950919380145620580e-03 5.729598222943074401e-03 1.115949438499374072e-02 1.595472735927225272e-02 2.431112599827230450e-02 1.080690372512032107e-02 2.896532270860145003e-02 7.175219928424096325e-03 1.080690372512032107e-02 1.140630784690513551e-02 3.649313329689896426e-03 6.364261410715230452e-03 3.719831461664580528e-03 1.454436471977857241e-02 7.280997126386122044e-03 
8.127214710082330401e-03 1.073638559314563784e-02 7.809883116196252376e-03 4.389753715424078197e-03 1.246407982652539617e-02 1.091268092308234766e-02 1.750612626271530123e-02 3.508277065740528656e-03 2.082047846552544795e-02 5.024416903196234248e-03 2.485764152107610477e-03 1.020749960333550838e-02 6.082188882816494044e-03 1.392733106500008847e-03 4.989157837208892630e-03 8.867655095816511304e-03 1.881071170424695321e-02 1.479117818168996720e-02 0.000000000000000000e+00 1.373340620206970654e-02 1.851100964335454860e-03 8.479805369955750044e-03 1.211148916665197479e-02 3.367240801791160452e-03 2.450505086120268860e-03 2.873613877968372605e-03 1.006646333938614017e-02 1.604287502424060720e-03 8.197732842057013636e-03 7.228108527405108534e-04 6.117447948803836529e-03 7.633587786259541687e-03 4.407383248417749331e-04 1.145919644588614924e-03 1.281667048639881581e-02 5.235971299120286554e-03 1.123001251696842569e-02 1.948063395800645262e-02 7.580699187278529044e-04 2.847169578477866045e-02 4.248717451474710860e-03 9.343652486645628343e-04 1.108897625301905748e-02 3.473017999753186605e-03 1.754138532870264111e-02 1.216437776563298809e-03 1.306348394831020887e-02 4.953898771221550146e-03 1.886360030322796694e-03 4.425012781411420681e-03 5.306489431094970656e-03 4.389753715424078197e-03 6.187966080778519763e-03 7.245738060398780427e-03 9.220245755689930947e-03 8.127214710082330401e-03 4.407383248417749331e-04 2.873613877968372605e-03 2.662059482044320732e-03 1.063060839518361125e-02 3.896126791601290350e-03 1.004883380639246936e-03 1.075401512613930822e-03 3.014650141917740809e-03 8.268250974031698605e-03 2.027396294272164681e-03 
7.104701796449412222e-03 1.454436471977857241e-02 1.285192955238615743e-02 1.239356169455071120e-02 3.684572395677238477e-03 5.764857288930416018e-03 1.507325070958870361e-02 1.535532323748743828e-02 1.077164465913297946e-02 2.133173492234190834e-03 2.027396294272164681e-03 2.908872943955714656e-03 5.288859898101299522e-05 1.369814713608236492e-02 5.817745887911429745e-04 8.409287237981065075e-03 1.010172240537348179e-02 1.017224053734816502e-02 1.373340620206970654e-02 0.000000000000000000e+00 1.762953299367099841e-05 8.814766496835499203e-05 9.696243146519048853e-04 6.329002344727887967e-03 1.108897625301905748e-02 2.626800416056978681e-03 1.179415757276589677e-02 7.228108527405108534e-04 5.729598222943074401e-03 3.719831461664580528e-03 3.860867725613948299e-03 1.419177405990515277e-02 6.364261410715230452e-03 5.235971299120286554e-03 6.011670750841809942e-03 7.809883116196252376e-03 9.643354547538035559e-03 1.532006417150009667e-02 1.992137228284822630e-03 1.457962378576591576e-02 4.918639705234208528e-03 3.190945471854450630e-03 1.965692928794316244e-02 1.249933889251273779e-02 8.162473776069672018e-03 1.048957213123424305e-02 1.369814713608236492e-02 1.181178710575956758e-03 9.396541085626642503e-03 8.409287237981065075e-03 8.268250974031698605e-03 1.762953299367099841e-05 3.349611268797489426e-04 6.575815806639281891e-03 2.697318548031662783e-03 5.764857288930416018e-03 1.584895016131022613e-02 8.303510040019040223e-03 6.082188882816494044e-03 1.863441637431024339e-02 1.204097103467729156e-02 2.591541350069636630e-03 1.886360030322796694e-03 1.427992172487350898e-03 1.463251238474692732e-03 1.073638559314563784e-02 
1.627205895315833248e-02 1.433281032385452097e-02 9.749131745500062146e-03 2.730814660719637493e-02 6.187966080778519763e-03 1.851100964335454860e-03 1.075401512613930822e-03 2.776651446503182116e-02 7.580699187278529044e-04 2.466371665814572414e-02 9.854908943462086998e-03 3.120427339879766528e-03 1.197045290270260659e-02 1.569028436436718885e-03 1.542584136946212325e-02 2.022107434374063525e-02 6.998924598487385636e-03 5.465155228038009235e-04 1.851100964335454860e-03 1.762953299367099841e-05 0.000000000000000000e+00 4.213458385487368375e-03 2.057366500361405490e-02 1.662464961303175212e-02 2.265394989686723287e-02 8.268250974031698605e-03 1.627205895315833248e-02 2.071470126756342137e-02 6.963665532500044018e-03 7.950919380145620580e-03 3.261463603829134732e-03 1.251696842550640860e-03 1.322214974525324745e-03 4.460271847398762299e-03 1.158260317684184533e-02 4.142940253512684273e-03 2.168432558221532885e-03 5.059675969183576733e-03 7.845142182183593993e-03 7.704105918234225789e-03 9.678613613525377177e-03 9.572836415563352325e-03 1.264037515646210599e-02 2.237187736896849646e-02 1.251696842550640860e-03 2.395853533839888486e-02 1.110660578601272873e-03 1.500273257761401864e-02 1.405073779595578456e-02 5.518043827019022095e-03 4.953898771221550146e-03 6.752111136575991712e-03 1.204097103467729156e-02 6.258484212753203865e-03 1.249933889251273779e-02 1.221726636461400138e-02 1.239356169455071120e-02 7.457292456322831865e-03 1.503799164360136026e-02 4.707085309310156222e-03 1.454436471977857241e-02 1.447384658780388918e-02 5.905893552879784222e-03 5.235971299120286554e-03 1.824656664844948387e-02 5.976411684854468324e-03 
1.863441637431024339e-02 2.803095745993688503e-03 7.563069654284857585e-03 1.923382049609505956e-02 8.374028171993723457e-03 1.181178710575956758e-03 1.553161856742414811e-02 2.141988258731026065e-02 2.626800416056978681e-03 2.944132009943056707e-03 1.524954603952541343e-02 2.062655360259506732e-03 2.244239550094317970e-02 5.976411684854468324e-03 8.021437512120303814e-03 1.450910565379123079e-02 1.919856143010771621e-02 8.973432293778537891e-03 8.479805369955750044e-03 8.814766496835499203e-05 4.213458385487368375e-03 0.000000000000000000e+00 1.789397598857606422e-02 6.963665532500044018e-03 8.303510040019040223e-03 8.620841633905118248e-03 6.787370202563334197e-03 8.268250974031698605e-03 9.255504821677274299e-03 2.274209756183558605e-03 2.402905347037356809e-02 5.288859898101299522e-05 2.203691624208874503e-03 3.437758933765844554e-03 2.191350951113305023e-02 6.822629268550675814e-03 2.085573753151279131e-02 1.119475345098108407e-02 6.681593004601308478e-03 5.729598222943074401e-03 1.905752516615834974e-02 1.754138532870264111e-02 8.973432293778537891e-03 1.357474040512666796e-03 4.407383248417749331e-04 2.247765456693052305e-02 1.810553038450011393e-02 1.496747351162667702e-02 3.048146254605715519e-02 1.930433862806974279e-02 2.873613877968372605e-03 4.425012781411420681e-03 4.601308111348130503e-03 9.008691359765879508e-03 1.126527158295576730e-02 3.975459690072809943e-02 2.833065952082929398e-02 2.469897572413306749e-02 1.886360030322796694e-03 7.739364984221568274e-03 3.825608659626606681e-03 1.075401512613930822e-03 1.295770675034818402e-02 9.572836415563352325e-03 1.140630784690513551e-02 1.468540098372794062e-02 
4.918639705234208528e-03 2.120832819138621095e-02 1.355711087213299672e-02 3.055198067803183842e-02 1.951589302399379597e-02 6.681593004601308478e-03 1.105371718703171587e-02 1.782345785660137752e-02 5.588561958993706197e-03 4.324524443347495944e-02 7.386774324348147763e-03 1.154734411085450371e-02 1.888122983622163992e-02 1.031327680129753323e-02 1.533769370449376834e-03 9.326022953651957534e-03 2.238950690196216554e-03 2.596830209967737960e-02 1.211148916665197479e-02 9.696243146519048853e-04 2.057366500361405490e-02 1.789397598857606422e-02 0.000000000000000000e+00 7.139960862436753840e-03 3.989563316467746590e-02 7.280997126386122044e-03 1.027801773531019161e-02 2.381749907444951839e-02 1.747086719672795788e-02 1.260511609047476264e-02 1.024275866932284999e-02 2.291839289177229793e-04 1.775293972462669428e-02 1.112423531900639910e-02 1.179415757276589677e-02 4.848121573259524426e-03 3.502988205842427066e-02 9.696243146519048853e-04 1.075401512613930822e-03 4.777603441284840324e-03 9.290763887664615917e-03 3.825608659626606681e-03 2.536889797789256690e-02 6.329002344727887967e-03 1.461488285175325738e-02 2.219558203903178664e-02 1.246407982652539617e-02 4.107681187525342656e-03 3.296722669816476350e-03 2.838354811981030554e-03 7.492551522310174350e-03 1.851100964335454860e-03 5.235971299120286554e-03 8.479805369955750044e-03 2.170195511520899706e-02 8.021437512120303814e-03 1.383918340003173313e-02 2.314757682069001898e-02 9.220245755689930947e-03 1.181178710575956758e-03 1.355711087213299672e-02 1.253459795850007941e-02 9.925427075436771968e-03 3.508277065740528656e-03 1.604287502424060720e-03 1.045431306524690143e-02 
1.338081554219628690e-02 3.349611268797489426e-04 3.825608659626606681e-03 4.024822382455088554e-02 2.395853533839888486e-02 4.283976517462052477e-03 2.434638506425964785e-02 1.376866526805704989e-02 8.127214710082330401e-03 3.679283535779136888e-02 7.422033390335490248e-03 1.320452021225957707e-02 6.875517867531689108e-04 1.874019357227226998e-02 1.676568587698111859e-02 1.175889850677855515e-02 1.764716252666466770e-02 2.445216226222167444e-02 3.367240801791160452e-03 6.329002344727887967e-03 1.662464961303175212e-02 6.963665532500044018e-03 7.139960862436753840e-03 0.000000000000000000e+00 3.968407876875341272e-02 2.697318548031662783e-03 3.578795197715212324e-03 1.216437776563298809e-03 2.441690319623433109e-02 1.362762900410768169e-02 7.228108527405108534e-04 5.553302893006364579e-03 1.341607460818362851e-02 5.764857288930416018e-03 1.563739576538617643e-02 1.874019357227226998e-02 3.605239497205719318e-02 1.110660578601272873e-03 8.638471166898788406e-04 4.407383248417749331e-04 9.960686141424113585e-03 2.238950690196216554e-03 2.247765456693052305e-02 4.107681187525342656e-03 1.704775840487985500e-02 2.614459742961408942e-02 2.776651446503182116e-02 1.024275866932284999e-02 3.340796502300653892e-02 2.133173492234190834e-03 1.463251238474692732e-03 1.762953299367099841e-05 1.110660578601272873e-03 1.249933889251273779e-02 2.674400155139890212e-02 2.843643671879132057e-02 3.453625513460148455e-02 3.108086666784196789e-02 1.031327680129753323e-02 7.316256192373463661e-03 1.514376884156338685e-02 1.123001251696842569e-02 1.232304356257602797e-02 5.941152618867125840e-03 7.351515258360806146e-03 1.669516774500643536e-02 
