0.000000000000000000e+00 1.122246785530468284e-02 3.347027694187137276e-02 1.210088845149989850e-01 5.898977599539748096e-02 2.808207238857783269e-02 4.392592917890075083e-02 5.733410816114952180e-01 1.025489218873717745e-01 2.439070349464063092e-01 2.216292464468559709e-01 1.858335471214969670e-02 3.755705727352557921e-01 1.862317323449736925e-02 4.627752418086669151e-01 1.063579110568381586e-01 1.916023142991546413e-01 8.361787017232319430e-02 1.531687198973482600e-01 2.157219264676341619e-01 3.374256737036324116e-02 3.300740487617767061e-01 1.577365882690957011e-01 2.478991208934794299e-01 1.466789937436510927e-01 1.001503678497382976e-01 2.003320247615827943e-01 7.905065260814754524e-02 1.066858878325718241e-01 6.716369440257706769e-01 5.450899047676763809e-01 1.091969722810836596e-01 6.079809612719735412e-01 2.949447478451476257e-01 2.497848028394838646e-02 6.505286173610369538e-02 1.350109574690336323e-01 7.550067687385707271e-02 1.195006749061071488e-01 4.582565322027456339e-02 1.761990698521308518e-01 2.413143340624397393e-01 1.890253800404734230e-01 2.455860421754461898e-01 3.881890196090510836e-02 4.340874441736936040e-01 3.226236270980160914e-02 3.757956087490270658e-01 3.308989008423360301e-02 3.388788759198714251e-01 2.918605918663874643e-02 1.131975289460482176e-01 6.528885382686439032e-02 2.005372423720878094e-01 1.014308081486628987e-01 3.144820300020186032e-02 8.150720050799131755e-02 1.532020086270595993e-01 6.775986506361453277e-02 2.804278424006372353e-02 8.662767441353023956e-02 1.243030428239804003e-01 3.127005990976633454e-01 2.195843715216540815e-01 2.265808544941202429e-01 2.782716515712366778e-01 
1.122246785530468284e-02 0.000000000000000000e+00 4.919442764171503835e-01 1.952114727312775633e-01 2.542280925167818562e-01 1.139631178565759934e-01 1.598988399285405926e-01 4.689093386458977747e-02 1.794895718208870394e-01 1.413780856139781050e-01 1.504575074603038687e-01 1.020411187591850066e-01 5.380083518765017142e-02 5.803846278918339818e-02 1.144409484149802453e-01 7.609790406593477941e-02 3.000358284075266974e-02 1.529724748750614094e-01 4.114084269690103206e-03 1.318832317133556975e-01 1.988000459370684592e-01 9.061234182674822446e-02 2.721505485714429962e-01 9.866789150658121510e-02 2.067539877882141885e-01 3.967748697248323353e-01 2.727679166769785279e-01 5.339672249578818475e-01 9.716953906825255560e-02 7.248789273113181997e-02 6.229635202531307731e-02 2.630977653626465629e-01 3.703791072700861331e-02 1.699043735790730855e-02 6.496965867046019527e-01 3.302883872104135643e-02 1.975648038273258023e-01 2.618770526902972628e-01 7.305264924266464954e-02 2.174049685895115547e-01 3.125566873211060859e-02 1.170185715756878325e-01 1.676251195438451802e-01 3.318702131528928484e-02 1.681350766603501301e-01 1.055668514623742671e-01 1.454793781008527631e-01 4.461073601375528663e-02 3.287003280023130525e-02 3.403873145129945876e-02 2.478216127537811453e-01 7.582130641286083383e-02 1.399394014158409361e-01 1.685615228506399388e-01 3.259699268073779771e-02 2.302650323601730387e-01 5.711907218937251757e-02 2.468678393038850893e-01 1.705682786338266477e-01 1.485603002282433471e-01 3.710305772796853585e-01 1.813327388293368703e-01 5.158746133130475559e-02 2.779635071636422233e-02 2.183494930172547865e-01 1.043468326240528515e-01 
3.347027694187137276e-02 4.919442764171503835e-01 0.000000000000000000e+00 1.596800970218529014e-01 3.847598784111741499e-01 2.144375798962205315e-01 3.174761981325627813e-01 1.403771298130805645e-01 3.750143796815039732e-01 2.164594854085812037e-02 2.260239810203561739e-01 1.812298767435300828e-01 9.784838180014703013e-02 1.876069426602233747e-01 2.364280969699117108e-01 1.790319080167775967e-01 1.328530583888658800e-01 1.121565333386242425e-01 5.308396277560948479e-02 7.357226693065462009e-02 2.074902825097183767e-01 1.164744544439852286e-01 3.298613235217196515e-01 3.553132621270691516e-01 1.308014305930587928e-01 4.807146909408800683e-02 2.192820864109037426e-01 2.147710552141038898e-01 6.609901441372206810e-02 1.763723557229051817e-02 6.570766351036438913e-02 3.471283420650158047e-01 5.250983025494965206e-02 9.356079402106208531e-02 1.108937418884886478e-01 1.774912913069273124e-01 1.345815165847245032e-01 2.005750387984223948e-01 1.782567154048417812e-01 2.249123856054966453e-01 9.956100146242777282e-03 8.306640981227070286e-02 1.696413955254594264e-02 3.460354073076713638e-02 2.873932839968205699e-01 5.102565938089938247e-02 3.018433331277933229e-01 7.226573468311350834e-02 1.130341379696531423e-01 3.172894574459912687e-02 1.129494752652767664e-01 1.753115542681368266e-01 1.334859256488669377e-01 1.118680251007513338e-01 7.686150864007243455e-02 1.984236030844294119e-01 1.524425851077814212e-02 5.628007296328428610e-02 2.324114455758725106e-01 2.592353425841690748e-02 1.848520165268524931e-02 3.382105401478560647e-02 8.438991134430709473e-02 8.848919958250668627e-02 1.653386869784103930e-01 1.829786267141773198e-02 
1.210088845149989850e-01 1.952114727312775633e-01 1.596800970218529014e-01 0.000000000000000000e+00 6.198932767778838476e-02 8.067803603873867357e-02 1.341533467756953757e-01 7.834880381965589335e-02 5.279887306819418258e-02 4.339870757466688378e-01 1.271415943850599251e-01 3.295776986314946644e-02 1.611669089189790294e-01 7.105118780825461777e-02 6.229854020533683034e-02 1.364973627059631045e-01 2.122809028583847735e-01 2.769747660987281757e-02 3.329427794687483261e-02 4.358845422289427812e-02 7.348651992886109374e-01 4.440033443967716931e-02 1.502309569625009111e-01 6.973438405731896550e-02 6.250393728445046149e-01 5.957700483234781158e-02 2.073212421535847449e-01 1.876765982445653957e-01 4.419887484467377448e-01 4.018124929428981695e-02 2.567515771710329742e-02 5.656021307261682035e-02 8.490397014908803580e-03 7.601137538938876337e-02 1.600842651474588818e-01 7.628668092912255227e-02 4.959028713317138459e-01 8.768908845782331929e-02 9.420611477786530741e-02 9.849970823895078109e-02 1.165739838244616300e-01 3.535499587308644359e-02 2.653273640979018078e-01 1.159815829743879728e-01 9.247723422912515479e-02 1.734351524052763494e-01 9.967316327345158988e-02 8.492902631756893417e-02 2.027209449626755644e-01 4.676835429104615055e-02 2.616715898551834688e-02 1.183043869546080047e-02 3.707535250087397316e-02 2.568666517171647179e-01 4.666853977178356261e-02 2.071833126420362936e-01 7.023635594471099031e-02 2.884822285513024553e-01 1.948644295083489311e-02 1.297655713757364659e-01 1.642920347563456840e-01 1.064454791424129798e-01 3.389158781370779638e-02 3.660588901584139326e-02 5.442007997453917646e-03 3.325507124697551359e-02 
5.898977599539748096e-02 2.542280925167818562e-01 3.847598784111741499e-01 6.198932767778838476e-02 0.000000000000000000e+00 2.970188295175607562e-01 8.689101464974410272e-01 1.286973977722017104e-01 7.602005482096965139e-01 1.768166176120929689e-01 1.072039108671942187e-01 4.840634192101895272e-01 1.012532454088980322e-01 3.578361620981964641e-01 3.641458606516451701e-01 1.882050979981580441e-01 5.654873262309743076e-01 8.568606725164856427e-03 6.135148171860865807e-02 1.435363325329412909e-01 8.494172294214338836e-02 6.554014089224179627e-03 3.612594953172074130e-01 2.259805410402772330e-01 1.512422542871842412e-01 2.210754841863038500e-01 4.153655457816175095e-02 3.203516478614253093e-02 1.060452981738835287e-01 1.517722793360656575e-01 9.175776062085559681e-02 7.235832203852287092e-01 1.041482175309385444e-01 4.832262556408756932e-02 2.296917990288528666e-01 1.860612544328308082e-01 2.264341579029895482e-02 9.277354012983865528e-02 2.680744636344620790e-01 1.505884948699345027e-01 3.664686370514856628e-02 5.288599869417009991e-02 3.230439396862196388e-01 1.129129207735491275e-01 1.420419842876365912e-01 1.026660271442852573e-01 2.383629508238451766e-01 6.646938892354997686e-02 1.954946080013248988e-01 5.652297664040165093e-02 2.058498739621853479e-01 1.519350577119077395e-01 1.591295776378501585e-03 2.289029666077408917e-02 2.200254407508953347e-01 3.670520516338420802e-01 2.395828354700452190e-01 1.580948496277841397e-01 2.234341934953387454e-01 1.100686437314551125e-01 1.306246239002093190e-01 1.058397717720081094e-01 1.664506733439884978e-01 1.027097070990617561e-01 3.649519187419903582e-02 2.773691936395007995e-01 
2.808207238857783269e-02 1.139631178565759934e-01 2.144375798962205315e-01 8.067803603873867357e-02 2.970188295175607562e-01 0.000000000000000000e+00 3.081891694568220097e-01 2.996717290337197123e-02 3.222191977292095943e-01 1.532925801773038776e-01 3.112572092243544655e-02 3.381556083940595037e-01 1.512541279694295526e-01 4.216222347513263746e-01 1.674313489775833552e-01 1.145341282368419339e-01 2.409483949297373251e-01 2.728847726587783629e-01 3.654304465832274862e-01 2.610767777915266874e-02 2.174526684280430819e-02 1.715651679748767811e-01 2.074874066131235928e-01 2.205740265324273308e-01 1.183121892790818946e-01 5.292674814549822582e-01 2.918813911522855631e-01 3.990874816536666980e-01 8.473999319987389478e-02 7.070754327609907186e-02 7.859165311724441993e-02 3.485640963348938248e-01 9.527603772031038865e-02 1.314768740427513793e-01 7.588892787187556666e-02 2.000344317878653688e-01 1.077735454079292859e-01 1.062741856925827205e-01 7.006266120568191980e-01 1.686761414540711990e-01 9.699672357237144882e-02 1.881170685171937862e-01 2.385857240592202944e-01 7.411133402400939263e-02 3.041585365093280036e-01 1.944089080797602523e-02 3.727364294701305814e-01 2.710499168458552904e-02 1.763053992376840684e-01 1.387222549994583665e-01 1.810412664434974395e-01 3.424329983825850077e-01 1.322824980495105329e-01 8.116677622014605020e-02 2.047069049227630555e-01 2.186111324241082898e-01 2.356432537866273713e-01 2.176955824415992002e-01 4.744610541991948205e-01 2.129107360231434209e-01 4.546954998416040117e-01 2.157693121441715822e-01 1.558631855616908757e-01 1.426131143508878873e-01 3.099794522717267409e-01 1.409527302580984576e-01 
4.392592917890075083e-02 1.598988399285405926e-01 3.174761981325627813e-01 1.341533467756953757e-01 8.689101464974410272e-01 3.081891694568220097e-01 0.000000000000000000e+00 1.022606005456171835e-01 8.162877427630956806e-01 1.722719557934026535e-01 1.026126054906949941e-01 4.118184980094463099e-01 2.096107180539701353e-01 3.057398917510038006e-01 4.544787287952345434e-01 1.895944666528990019e-01 7.480548197856484727e-01 1.909224285576854169e-02 5.154852106594481898e-02 1.533518839247007826e-01 1.425654503245405713e-01 2.084940166536483619e-02 3.337009020009716886e-01 2.106435819962751976e-01 1.918290793364478275e-01 2.465743889083664153e-01 1.348159204734176164e-01 1.188423578835000605e-01 1.390802209258032163e-01 2.191377980884306742e-01 7.108041585957225461e-02 6.946288359102836818e-01 1.778668404484659016e-01 9.297208875026291564e-02 1.688318530758258496e-01 1.654970320503951486e-01 8.624837678367860971e-02 4.768996367180567547e-02 3.135030075091116419e-01 1.153008218903973231e-01 4.720355185645341151e-02 3.249971193094237931e-02 3.998306229693364133e-01 8.314889659878572925e-02 1.232006603239744758e-01 1.929656821525360944e-01 2.149789364314158568e-01 1.548603191735823392e-01 1.946413266542074139e-01 1.272352971834669333e-01 2.391347643670266032e-01 1.654679817058050950e-01 4.354454399773931284e-02 4.707210104293824832e-02 2.185010577607687521e-01 3.481000696824157470e-01 2.377582233080460239e-01 2.159611225894601527e-01 2.338201773963044794e-01 8.061672064722734399e-02 1.443646889870582872e-01 1.278677561740211577e-01 2.135042875992647082e-01 1.057568164596880828e-01 1.271754981179674775e-02 3.506351832310175554e-01 
5.733410816114952180e-01 4.689093386458977747e-02 1.403771298130805645e-01 7.834880381965589335e-02 1.286973977722017104e-01 2.996717290337197123e-02 1.022606005456171835e-01 0.000000000000000000e+00 3.948891787778004148e-02 3.780456201799063387e-01 1.722612599923323551e-01 2.643353774464068592e-02 3.893784437853824998e-01 1.422347651321852202e-02 1.920433107498906722e-01 2.621461104294195085e-02 2.536353524334830287e-02 6.326386465999876696e-02 7.700285803562310905e-02 1.362607766466616688e-01 2.933622073965439503e-01 1.957848984184820396e-01 8.802010080435507255e-02 3.662826148347545635e-02 3.948422272680789935e-01 6.284253585178861679e-02 1.855544164801708196e-01 9.193107573940111077e-02 2.962506006376771084e-01 2.958166903667334702e-01 4.617244697467270398e-01 5.398213799249670930e-02 3.127480438992504275e-01 2.047554468281080620e-01 3.308657137423200167e-02 2.904727094292122724e-02 3.857338879669874876e-02 3.480597447255133481e-02 1.226838906623803349e-01 5.106790869452184495e-02 1.831002475665088614e-01 1.190065044254089710e-01 5.635480130879042676e-02 1.877370156506317778e-01 5.936966833707973262e-02 2.960817778468671224e-01 3.964515735364922133e-02 2.190863963282386195e-01 7.800991616989227939e-02 2.035568495093262320e-01 9.955852648428503010e-03 7.756668234594028821e-02 6.439807046930960677e-02 1.045950490112731029e-01 8.770080571712951523e-02 8.708357654733163422e-03 7.338349474696095887e-02 5.776884145282232957e-02 4.288945159499978760e-02 2.206940720292286523e-02 9.392533089159310622e-02 8.255068280212544962e-02 2.023658754422643924e-01 1.842340806506941320e-01 1.198420965991598558e-01 1.355865927692538886e-01 
1.025489218873717745e-01 1.794895718208870394e-01 3.750143796815039732e-01 5.279887306819418258e-02 7.602005482096965139e-01 3.222191977292095943e-01 8.162877427630956806e-01 3.948891787778004148e-02 0.000000000000000000e+00 1.235807406627914690e-01 1.340189029014320909e-01 4.481718032726421663e-01 1.480430449850906882e-01 2.928323873427311486e-01 6.512855185510260103e-01 1.774209339855284395e-01 5.575999680149477111e-01 1.289652217456906114e-02 1.039125155258475153e-01 1.604032911094186442e-01 5.172483681705746655e-02 8.323008060853773205e-03 3.019668203964536168e-01 2.345920181786761427e-01 1.226164407867602890e-01 2.413416991266295053e-01 9.898335566176014177e-02 9.760191489880566673e-02 1.147740805010434850e-01 3.164749526707026361e-01 5.731107135604854297e-02 6.712104164065970657e-01 2.454226124202034953e-01 8.068388124820850826e-02 1.455307722346353971e-01 1.355676031843603413e-01 6.734004891250333635e-02 3.306956402791478428e-02 3.030280112867859144e-01 8.152684610240175378e-02 4.333375998609381372e-03 4.483862284303315182e-02 3.093292575976472891e-01 6.145623145536091569e-02 9.439305764826008693e-02 1.627985788751178942e-01 1.928408905525071937e-01 1.417264747916686107e-01 1.552423199737800186e-01 1.327658736287773977e-01 1.950886912866322820e-01 9.103431674477262259e-02 6.392356405362249749e-02 3.205347193225234481e-02 1.640185767640262582e-01 2.949049020612034555e-01 1.879637322532113630e-01 1.558873904187357828e-01 2.313860266646000641e-01 5.952427904438798573e-02 1.453487938807498936e-01 9.260632172935501227e-02 1.616130615376663304e-01 6.061784651591602818e-02 1.067242487705505165e-02 2.690207841280061740e-01 
2.439070349464063092e-01 1.413780856139781050e-01 2.164594854085812037e-02 4.339870757466688378e-01 1.768166176120929689e-01 1.532925801773038776e-01 1.722719557934026535e-01 3.780456201799063387e-01 1.235807406627914690e-01 0.000000000000000000e+00 3.812289023650481529e-02 2.581279314531019151e-02 4.181402881573353381e-01 2.311982358529985140e-02 4.349751496579477156e-02 2.718721349438931734e-01 1.192123689372433792e-01 9.856960474042389397e-02 4.762556932825145334e-02 1.244182077156139044e-01 4.603796170413726463e-01 2.306134827535477050e-01 3.066195642519677356e-01 2.722214691672963371e-01 8.484797661601062302e-01 1.552398062857236749e-01 3.136182804192275686e-01 3.014522870186581160e-01 6.436033732165215016e-01 1.624456987815533771e-01 2.908226572014663280e-01 6.724333552687557225e-02 2.425985119467889695e-01 1.997508205377744595e-01 1.427602012151781008e-01 3.450113977752181788e-02 1.850754900122914270e-01 1.898752796242186569e-01 2.372300091292864621e-01 4.429861207206564622e-02 1.959908316621953861e-01 2.765275191616567985e-01 2.851708397583628263e-01 7.094998962524502739e-02 5.606448971043190288e-02 1.722734180438333096e-01 5.497908340182644515e-02 2.924628036129727771e-01 2.756363284221929888e-02 4.441091563115206475e-01 4.126089739518852550e-02 1.022440478980712331e-01 1.949685438044306690e-02 6.897635869723864332e-02 9.708361130168914610e-02 6.879398630266946035e-02 7.696885465217409572e-02 2.987446962508615300e-01 9.286957288164773838e-02 1.596125610395031924e-01 3.247621253535490360e-01 8.707806882337792986e-02 2.765412854335905779e-01 2.712471793130827313e-01 2.499909223909891620e-01 2.674555196985587413e-01 
2.216292464468559709e-01 1.504575074603038687e-01 2.260239810203561739e-01 1.271415943850599251e-01 1.072039108671942187e-01 3.112572092243544655e-02 1.026126054906949941e-01 1.722612599923323551e-01 1.340189029014320909e-01 3.812289023650481529e-02 0.000000000000000000e+00 7.470615559257785809e-02 2.275576363263669688e-01 1.292241198748560749e-01 2.264598049601031782e-01 1.096545957762908724e-01 3.009811746038712141e-02 1.106614641012628325e-01 7.632559184645175410e-02 1.472206756889660739e-01 3.224174152103213564e-01 7.131086637739784961e-02 1.306230230066670051e-01 1.418918941047524196e-01 9.826797139927266611e-02 1.712517476710825187e-02 1.722786590958279573e-01 9.179503931755561563e-02 9.377426255144298561e-02 1.402537698248587372e-01 8.620476833216565715e-02 6.951704873993543032e-02 7.759245087274756203e-02 2.319044076950300126e-01 4.996986414109250152e-02 2.518699619202707102e-02 3.345899520531563781e-02 1.944790195122827470e-01 2.727475645479287419e-02 2.294723616642903863e-01 9.158931381856021126e-03 6.982431556669493888e-02 5.028936685608726559e-02 3.474661719620406597e-01 1.822700759933792991e-01 7.346409358866838601e-02 1.851363337046878499e-01 2.913386277085247555e-01 2.727596738426585343e-02 1.140281590040295029e-02 2.441040703947399901e-02 9.940857300123381868e-02 3.692669374179427533e-02 7.663045720192063204e-02 1.927439008953461125e-02 7.176717549637103011e-02 9.782222142904653528e-03 6.586218411406405404e-02 1.176969520955905152e-01 3.991405800694236561e-02 3.749608054382820577e-02 5.268049709406451980e-02 1.734607824934716325e-01 5.032873515139196785e-02 2.402708848407173955e-02 8.068452682837023993e-02 
1.858335471214969670e-02 1.020411187591850066e-01 1.812298767435300828e-01 3.295776986314946644e-02 4.840634192101895272e-01 3.381556083940595037e-01 4.118184980094463099e-01 2.643353774464068592e-02 4.481718032726421663e-01 2.581279314531019151e-02 7.470615559257785809e-02 0.000000000000000000e+00 3.054395285406405480e-02 7.972575050808874408e-01 9.884690190084768902e-02 1.198009395833214870e-02 1.014074577645102393e-01 8.812696946750396554e-02 5.445325187796924427e-01 2.181559226474748536e-01 2.242212112890040049e-02 2.567955886055863293e-02 9.411476870049360899e-02 4.497462838430785204e-02 2.689432957535184063e-02 4.987290535246576284e-01 7.554951493707245946e-02 4.275514713220741891e-02 1.380201843993686221e-02 2.276582188150082231e-02 2.997739540757952265e-02 3.360171849616475637e-01 4.622548278815820366e-02 1.367724941757125778e-02 1.951421922387778507e-01 2.697641671962441312e-01 1.229088412481334387e-02 5.576628034293132363e-02 3.098640198509679533e-01 4.194851013012449586e-02 6.102089005879275663e-02 8.331858468082707636e-02 8.299507776526932057e-02 1.732495099528325588e-01 2.594420888900345612e-01 2.547753410385079562e-02 4.866367411339918569e-01 1.964633341161896307e-02 2.296303409421987171e-02 3.361178696283224909e-02 3.127017026649271947e-01 1.290866344679248434e-01 1.042828969619944146e-01 7.379537257487422952e-02 9.546018365352176849e-02 1.450016379159461133e-01 1.588126746988684779e-01 7.178761487588426748e-03 3.596772306606920711e-01 4.111252645112305204e-02 5.808806556135574090e-02 3.338107371618088959e-02 7.104055250850536962e-02 1.623667347325996949e-02 6.554843956551201223e-02 1.794845598374064932e-01 
3.755705727352557921e-01 5.380083518765017142e-02 9.784838180014703013e-02 1.611669089189790294e-01 1.012532454088980322e-01 1.512541279694295526e-01 2.096107180539701353e-01 3.893784437853824998e-01 1.480430449850906882e-01 4.181402881573353381e-01 2.275576363263669688e-01 3.054395285406405480e-02 0.000000000000000000e+00 9.963781600834509256e-02 2.648788531963877646e-01 3.035151690473813363e-02 3.366798316718229711e-01 4.320237709036969104e-02 5.902117444992559941e-02 1.508755251637403372e-01 3.839005747710244609e-01 1.255632622332534531e-01 5.517512484187149513e-02 7.858358122718080152e-02 3.692282298978071253e-01 2.693997566370775337e-02 1.871674323974300766e-02 6.383524667745243963e-02 3.179871012787860995e-01 2.600295080131440617e-01 2.842667939244876152e-01 2.264528609877532184e-01 3.265936893506036776e-01 3.412144210339571049e-01 5.141794341604600388e-02 2.298310394820788846e-02 6.878400589410914312e-02 1.402530922344487167e-02 6.397788351833444409e-02 1.388875516203046112e-01 2.690906025205132002e-01 2.272363495360049945e-01 2.982222444569114783e-01 2.232556702287949724e-01 1.559046927276966921e-01 3.830683782506702495e-01 1.486004097872647423e-01 4.550601003876660888e-01 2.334224763963961280e-01 2.669674070170832136e-01 1.022835093550460150e-01 2.064851349169711525e-01 3.818251563455137693e-02 1.278580199920539562e-01 2.518944122934559382e-01 2.206967055245370457e-01 2.246150705235050726e-01 2.239278601931969093e-01 8.796094902248009773e-02 7.910963051687454339e-02 3.031962216319089576e-02 2.600348801951418709e-01 3.915330232440767388e-01 2.759502995893785560e-01 1.307582532850596058e-01 4.047692147095887094e-01 
1.862317323449736925e-02 5.803846278918339818e-02 1.876069426602233747e-01 7.105118780825461777e-02 3.578361620981964641e-01 4.216222347513263746e-01 3.057398917510038006e-01 1.422347651321852202e-02 2.928323873427311486e-01 2.311982358529985140e-02 1.292241198748560749e-01 7.972575050808874408e-01 9.963781600834509256e-02 0.000000000000000000e+00 1.673344199794909656e-02 3.404673919283080635e-02 6.699183166484971863e-02 2.255657361359788560e-01 4.957565297829276685e-01 5.198628456441739543e-02 8.896430348196650295e-02 3.589023548560896226e-02 6.818533110756984372e-02 4.808920081013050990e-02 2.447266965212392328e-02 5.441988177518459757e-01 1.148433008525864274e-01 2.355143230455408743e-02 1.957060641799390766e-02 6.445795285378670691e-02 3.139725162938708514e-02 2.652295089706723230e-01 7.794250923860344960e-02 6.479576412564930221e-02 1.245837701210255194e-01 2.598318079421688687e-01 4.373488318092757371e-02 1.531641039978723640e-01 4.133936402401705568e-01 1.650710749262205845e-01 3.212476723981524951e-02 1.687320578071141997e-01 5.005082488915058719e-02 1.256149614407522930e-01 5.067978783213310523e-01 3.970083165204358472e-02 7.227830101937621210e-01 3.303572702082287205e-02 9.619535403344849078e-03 3.077417372503742088e-02 3.332419243594010871e-01 3.464947357656429361e-01 1.591816897213730111e-02 8.941647986841906592e-02 9.538154142501109600e-02 1.140714135634450094e-01 1.619472672064430074e-01 2.052599801839886939e-02 5.153398721643245306e-01 1.003134619111742815e-01 4.596765435608989731e-02 3.664866826592640126e-02 1.263479683659172736e-01 2.051688175843969369e-02 1.421553081133380692e-01 1.905403893387804526e-01 
4.627752418086669151e-01 1.144409484149802453e-01 2.364280969699117108e-01 6.229854020533683034e-02 3.641458606516451701e-01 1.674313489775833552e-01 4.544787287952345434e-01 1.920433107498906722e-01 6.512855185510260103e-01 4.349751496579477156e-02 2.264598049601031782e-01 9.884690190084768902e-02 2.648788531963877646e-01 1.673344199794909656e-02 0.000000000000000000e+00 8.199354183573576149e-02 4.693797666529860302e-01 9.489404998741028663e-02 1.402223783182706407e-01 2.105070140390086567e-02 2.465665070963005134e-02 1.442995914942815927e-01 1.173784583010518273e-01 6.475697434877805692e-02 6.600474917633449533e-03 1.784007634070683065e-02 5.882284361883904217e-02 4.226928506910165168e-02 7.569390220771009259e-02 6.569117548182522581e-01 1.120035444823068022e-01 5.234015023579059456e-01 5.585529926741715778e-01 2.216755304350903899e-01 5.621968249847705129e-02 1.591589282366246208e-02 1.088301440045765373e-01 5.131023335107713634e-02 7.809619499744492599e-02 4.980159647718510746e-02 6.711427578460410492e-02 2.038622952952892087e-01 2.559798211787092659e-01 1.441263815319974440e-01 6.957356771665055249e-03 3.367048630130564102e-01 8.932628159209220209e-03 3.244393319253417451e-01 9.532136356871225014e-02 3.015042637441567308e-01 9.022219128412575784e-02 9.277035181398378405e-02 9.786739990603096975e-03 1.325548602467956638e-01 1.056309560784134682e-01 1.383725879018382343e-01 1.050890046851957887e-01 1.493246797013795257e-01 4.239097357445965192e-02 7.792258200229984499e-02 6.025659005086926590e-02 1.039954462062441659e-01 2.578272724181852049e-01 1.308276424235983448e-01 1.457953141261555119e-01 2.822440061974631487e-01 
1.063579110568381586e-01 7.609790406593477941e-02 1.790319080167775967e-01 1.364973627059631045e-01 1.882050979981580441e-01 1.145341282368419339e-01 1.895944666528990019e-01 2.621461104294195085e-02 1.774209339855284395e-01 2.718721349438931734e-01 1.096545957762908724e-01 1.198009395833214870e-02 3.035151690473813363e-02 3.404673919283080635e-02 8.199354183573576149e-02 0.000000000000000000e+00 1.423645428204231012e-01 8.941322025453193878e-02 6.669215844426461259e-02 1.239110591845351064e-02 5.251346763239061327e-02 1.688556593547808349e-01 8.011573026825526966e-01 5.310656275411016480e-01 9.092009663419915733e-02 6.584693300558916440e-02 2.065071755584141078e-01 2.601373924680415728e-01 2.068831485713289731e-01 4.939017062851811662e-02 1.650730272240927554e-01 1.219300434179806797e-01 9.605964474489182836e-02 1.200425481162085556e-01 4.782163766779766456e-02 1.185817048650791711e-01 2.315303889228185474e-01 2.474927382329983605e-01 1.767398017002045352e-01 1.637135296930209982e-01 1.490619433133959781e-01 2.051968616543938528e-01 4.510596365535080726e-02 4.324683079789030937e-02 4.008473460968425134e-02 2.540296862415269974e-01 2.940292138021486854e-02 1.434932689877539136e-01 5.077118431277067856e-01 2.764076914238899896e-01 9.958810897084846570e-02 9.340165156158083959e-02 1.344244520563156187e-01 1.495926920974550711e-01 2.191649275118901646e-02 4.880258841246591373e-01 5.876496536786948374e-03 6.942866394784205641e-02 7.758632951162632019e-02 5.038831004198859875e-02 2.695268404356186420e-01 7.249665524625388546e-02 1.789801623175751033e-01 1.964333922424947310e-01 1.783432763154736145e-01 2.130616522301101434e-01 
1.916023142991546413e-01 3.000358284075266974e-02 1.328530583888658800e-01 2.122809028583847735e-01 5.654873262309743076e-01 2.409483949297373251e-01 7.480548197856484727e-01 2.536353524334830287e-02 5.575999680149477111e-01 1.192123689372433792e-01 3.009811746038712141e-02 1.014074577645102393e-01 3.366798316718229711e-01 6.699183166484971863e-02 4.693797666529860302e-01 1.423645428204231012e-01 0.000000000000000000e+00 1.139428041730012608e-01 1.083799560960268804e-01 8.363995791331563234e-02 2.007362242695811261e-01 5.800765389125780297e-02 2.451953385773545102e-01 9.476575122474535651e-02 1.938736422584276531e-01 1.200895049770940720e-01 2.519455166167576809e-01 1.855224063015830649e-01 1.130112028360743121e-01 3.466819880755920291e-01 5.719965486177420316e-02 5.520081992833902884e-01 3.535705371739844560e-01 1.694072973279606431e-01 7.486695566488384135e-02 8.648022494808901839e-02 1.437897650965413721e-01 3.679492045461742189e-02 1.906360764672594965e-01 7.295131741990475149e-02 1.208782349364072306e-01 1.456584981230336917e-01 5.196022902095221996e-01 2.458011161492231270e-02 2.320080053541392559e-02 3.661004847718494215e-01 3.798101972482955530e-02 2.667976287327976648e-01 2.235324988949285996e-01 2.396733957385069613e-01 1.746690005118618216e-01 1.848762915267641860e-01 2.435982231080027413e-02 1.372738988939802285e-01 2.575345481156494087e-01 3.063608526667327414e-01 2.521180333540714580e-01 3.193801737925384132e-01 9.682250808007908383e-02 1.511163172407335165e-01 1.390384597294225255e-01 2.179133412934223524e-01 3.049453615788205174e-01 1.937671628742930752e-01 1.106939111825689936e-01 4.325825824343205728e-01 
8.361787017232319430e-02 1.529724748750614094e-01 1.121565333386242425e-01 2.769747660987281757e-02 8.568606725164856427e-03 2.728847726587783629e-01 1.909224285576854169e-02 6.326386465999876696e-02 1.289652217456906114e-02 9.856960474042389397e-02 1.106614641012628325e-01 8.812696946750396554e-02 4.320237709036969104e-02 2.255657361359788560e-01 9.489404998741028663e-02 8.941322025453193878e-02 1.139428041730012608e-01 0.000000000000000000e+00 1.324080623753551567e-01 4.569765677730560638e-01 6.942543270054329918e-02 4.206058496225670296e-01 7.893613326946549713e-02 3.319513179843005535e-01 2.640788670945687019e-02 2.681794477134417654e-01 6.910372659321478706e-02 2.851552128810207476e-01 4.075482723358968273e-02 2.337871442420534629e-01 1.339377572900300462e-01 1.140518093341097022e-01 3.072399490221375817e-01 1.765099099008783992e-02 2.757661531702240154e-01 9.248623076788731190e-02 3.299017169699149099e-02 1.602553560647320963e-01 2.158630965378223465e-01 1.426071523651888384e-01 1.801852522078154287e-02 1.536807209832798948e-01 3.205758426169137004e-02 5.002376182157235174e-02 3.284018629538588141e-01 1.392694753994730972e-01 3.368389932661070008e-01 6.284656237390562339e-02 5.878641040169971937e-02 1.973052025259731945e-01 1.264653003277293741e-01 6.683536331092813920e-02 1.115732029404257059e-01 2.766529575210201208e-02 3.550392629810023015e-02 1.704108773218543024e-02 6.008707770823355082e-02 4.414006943681445666e-02 3.668583228103285410e-01 4.108883905935431513e-02 1.755410244705913614e-01 5.195418695122861613e-02 6.997968828871774238e-02 2.078596264402638935e-02 1.772394890089338537e-01 1.526975360169066098e-01 
1.531687198973482600e-01 4.114084269690103206e-03 5.308396277560948479e-02 3.329427794687483261e-02 6.135148171860865807e-02 3.654304465832274862e-01 5.154852106594481898e-02 7.700285803562310905e-02 1.039125155258475153e-01 4.762556932825145334e-02 7.632559184645175410e-02 5.445325187796924427e-01 5.902117444992559941e-02 4.957565297829276685e-01 1.402223783182706407e-01 6.669215844426461259e-02 1.083799560960268804e-01 1.324080623753551567e-01 0.000000000000000000e+00 3.655760513611713280e-01 1.010041453407215135e-02 1.847273253952071703e-01 2.682334680429983298e-02 8.144705324926361512e-02 3.240493537555674819e-02 3.555837954748453100e-01 1.322043323655526792e-01 1.207988987878515739e-02 6.165878275572738310e-04 2.959079402883442178e-01 1.137258803940439100e-01 1.789126572461324782e-02 3.012783148039378522e-01 1.165686720396003906e-01 6.581461290239754014e-02 1.650313247080475165e-01 1.322270411728880893e-02 1.441759917790603508e-02 3.045225226488271764e-01 6.751266351269678834e-02 9.028313953129732394e-02 7.402001809794266085e-02 4.025768228680099564e-02 1.386922049895036591e-01 1.200526115146579587e-01 1.386119218853002211e-01 2.971126274670976564e-01 1.382238972071851979e-01 6.009934785210858249e-02 1.554798588342236609e-01 7.392309959310269796e-02 2.319739652909722991e-02 5.424924813406158813e-02 5.728224581345615213e-02 2.166487492029284950e-02 2.236330376042897777e-02 4.266022837420722219e-02 3.025210660932666981e-02 2.297115131473921879e-01 2.637026289362168902e-02 8.555503986531583227e-02 1.924840642822981535e-02 1.302617974078223162e-01 1.197226695025058046e-01 2.478995310629076021e-01 8.176011930211057877e-02 
2.157219264676341619e-01 1.318832317133556975e-01 7.357226693065462009e-02 4.358845422289427812e-02 1.435363325329412909e-01 2.610767777915266874e-02 1.533518839247007826e-01 1.362607766466616688e-01 1.604032911094186442e-01 1.244182077156139044e-01 1.472206756889660739e-01 2.181559226474748536e-01 1.508755251637403372e-01 5.198628456441739543e-02 2.105070140390086567e-02 1.239110591845351064e-02 8.363995791331563234e-02 4.569765677730560638e-01 3.655760513611713280e-01 0.000000000000000000e+00 1.180733248079680053e-01 1.122990091849455779e-01 2.110624223078630055e-02 8.046860132822701572e-02 1.382688784457480891e-01 3.901503680349985292e-02 1.732975967204346546e-01 1.517332033057562646e-01 1.253290210485855372e-01 1.512400244489194578e-01 2.102822581265527124e-01 1.479994999299137359e-01 1.565763197187943767e-01 1.374666416675609792e-01 1.727530351900085359e-01 1.084671810917149093e-01 3.701247235489386889e-02 5.489444911216204148e-02 8.347867244416916355e-02 1.404923762796967401e-01 1.242802692839418827e-01 2.586520127042271286e-02 1.664815169290967400e-02 1.421263126926615439e-01 1.364390611966056488e-01 3.513790252908936124e-02 6.482865830881875957e-02 8.101761358992999595e-02 1.032574149364609423e-01 2.487144983094455655e-02 1.338623494105255773e-01 8.364727202472571621e-02 1.657930500833127152e-01 2.559866229402570775e-02 6.702367409110113194e-02 2.040063620976754338e-02 2.952822807386690923e-02 2.620857155492208046e-02 5.246197825803440573e-02 6.631986239400895766e-02 1.401130440664475306e-02 7.850760098875272930e-02 1.197197475584373394e-01 1.595459460492493764e-01 3.986140449037662431e-02 2.229015343577720257e-02 
3.374256737036324116e-02 1.988000459370684592e-01 2.074902825097183767e-01 7.348651992886109374e-01 8.494172294214338836e-02 2.174526684280430819e-02 1.425654503245405713e-01 2.933622073965439503e-01 5.172483681705746655e-02 4.603796170413726463e-01 3.224174152103213564e-01 2.242212112890040049e-02 3.839005747710244609e-01 8.896430348196650295e-02 2.465665070963005134e-02 5.251346763239061327e-02 2.007362242695811261e-01 6.942543270054329918e-02 1.010041453407215135e-02 1.180733248079680053e-01 0.000000000000000000e+00 2.561201562186011388e-02 7.957299887764798796e-02 4.905935832188528661e-02 6.377323122210302175e-01 6.891157070160111586e-02 2.142818735702468058e-01 1.706863051092008809e-01 4.250926175043765465e-01 1.463976006985942546e-02 6.578041302243170518e-02 4.222950432618549632e-02 4.935831283896369159e-02 1.914896763110455480e-01 1.056699090374355193e-01 3.274331779013650578e-02 2.553267707332666503e-01 1.170499585228522710e-01 8.568357911698845641e-02 1.519161568079816504e-01 1.268321167862396792e-01 6.110300881209667495e-02 1.593456041062538131e-01 2.218146536113843603e-01 1.796213837924585388e-01 3.489328258256260695e-02 1.702076796415741555e-01 2.080072677195243802e-01 1.318844239241613869e-01 5.983981378584947441e-02 3.207388382725476217e-02 1.011786017459267162e-01 3.893429826139712530e-02 1.499683130977847167e-01 5.389287362078819948e-02 1.319715035202120579e-01 5.584308238914135331e-02 1.421525899721231279e-01 5.618829708703292070e-02 6.701426609739713491e-02 1.380104949541384463e-01 9.135525365927271366e-03 1.309081915212708114e-01 9.112243520522175788e-02 1.765189925931103659e-02 3.467899711594387563e-02 
3.300740487617767061e-01 9.061234182674822446e-02 1.164744544439852286e-01 4.440033443967716931e-02 6.554014089224179627e-03 1.715651679748767811e-01 2.084940166536483619e-02 1.957848984184820396e-01 8.323008060853773205e-03 2.306134827535477050e-01 7.131086637739784961e-02 2.567955886055863293e-02 1.255632622332534531e-01 3.589023548560896226e-02 1.442995914942815927e-01 1.688556593547808349e-01 5.800765389125780297e-02 4.206058496225670296e-01 1.847273253952071703e-01 1.122990091849455779e-01 2.561201562186011388e-02 0.000000000000000000e+00 1.082048909940730858e-01 6.256927508556915374e-01 1.301401477536766049e-01 2.016526675327668106e-01 3.293490985783431579e-01 2.065737806929227593e-01 9.436664677786578415e-02 5.026927923684806343e-01 6.203049596388803266e-01 1.140596124664960409e-01 6.251435097548805331e-01 6.940634652938207361e-02 1.636795280888731219e-01 5.948761875860984066e-02 3.009165048658156427e-02 1.843604923514216565e-01 1.735263566619251185e-01 1.146922457550630103e-01 1.034289851344534356e-01 1.795438348371683202e-01 1.377066307968065895e-01 2.081311612920329693e-02 1.944151556352812782e-01 2.313661998839355582e-01 1.637132165837794917e-01 1.114549939935038925e-01 7.418040397823960630e-02 2.617267100056109297e-01 6.913068995229015856e-02 1.187275498878166170e-02 1.692987553027015812e-02 3.961586734249369218e-02 1.681624447901451103e-01 1.151997851594456501e-01 1.820705407715968172e-01 5.498873221515332421e-02 2.307646002865012258e-01 2.807306312849998722e-02 1.235867236335433800e-01 9.522349210957592458e-02 1.667824885021446657e-01 1.659622492776482994e-01 1.947090316040758495e-01 2.433102093818361178e-01 
1.577365882690957011e-01 2.721505485714429962e-01 3.298613235217196515e-01 1.502309569625009111e-01 3.612594953172074130e-01 2.074874066131235928e-01 3.337009020009716886e-01 8.802010080435507255e-02 3.019668203964536168e-01 3.066195642519677356e-01 1.306230230066670051e-01 9.411476870049360899e-02 5.517512484187149513e-02 6.818533110756984372e-02 1.173784583010518273e-01 8.011573026825526966e-01 2.451953385773545102e-01 7.893613326946549713e-02 2.682334680429983298e-02 2.110624223078630055e-02 7.957299887764798796e-02 1.082048909940730858e-01 0.000000000000000000e+00 4.730894421442488618e-01 1.079300638203356394e-01 7.880187334253117848e-02 1.850595429203729103e-01 1.894748878488304589e-01 1.889093683928214085e-01 4.492757386928909746e-02 1.740985593212123761e-01 2.536265257276310026e-01 8.651004689451473328e-02 9.616003119080376860e-02 2.278645226264630896e-01 1.957566846352211398e-01 2.321313570635229750e-01 3.897069430192381390e-01 2.481661174741621179e-01 2.929369253103421555e-01 7.047935538861760385e-02 3.084205183464876487e-01 1.661124844479107410e-01 5.913052295343546733e-02 1.104167809300397596e-01 2.319827028197649910e-01 1.019879120413178381e-01 1.754065949708819017e-01 5.383821168133654522e-01 3.514522637767555913e-01 6.623004432025046684e-02 3.830081836428418651e-02 6.443145078354832467e-02 1.700925784605710478e-01 1.082930576093168590e-01 7.011414813759927478e-01 1.374515437430486042e-01 1.095770429595533529e-02 1.069351855998655204e-01 9.598840180609199968e-02 2.446198850713648676e-01 2.488409735887273100e-02 1.430262464063782601e-01 1.042977161461515895e-01 3.229616353118306971e-01 1.909993295129994717e-01 
2.478991208934794299e-01 9.866789150658121510e-02 3.553132621270691516e-01 6.973438405731896550e-02 2.259805410402772330e-01 2.205740265324273308e-01 2.106435819962751976e-01 3.662826148347545635e-02 2.345920181786761427e-01 2.722214691672963371e-01 1.418918941047524196e-01 4.497462838430785204e-02 7.858358122718080152e-02 4.808920081013050990e-02 6.475697434877805692e-02 5.310656275411016480e-01 9.476575122474535651e-02 3.319513179843005535e-01 8.144705324926361512e-02 8.046860132822701572e-02 4.905935832188528661e-02 6.256927508556915374e-01 4.730894421442488618e-01 0.000000000000000000e+00 1.019879449269081445e-01 1.510974279249425178e-01 2.771267958218153749e-01 1.837792038094975544e-01 1.080289509148033289e-01 2.495254920357994344e-01 4.292853199445574308e-01 9.176889394334630801e-02 3.667714467183974536e-01 1.039942422439889963e-01 3.884797056153562606e-02 1.871977736826930389e-02 1.410793182253784472e-01 2.144724207225574275e-01 2.264215658888990568e-01 1.467699185062505129e-01 1.476443687082443779e-01 2.086174088959641681e-01 7.110176596104757218e-02 2.928871417638984065e-02 1.505205381424464528e-01 2.603245087664468604e-01 1.300685229660452635e-01 1.428869318070871974e-01 1.062466476002676685e-01 2.792998493027056828e-01 1.425971509233357574e-02 2.237950578117232914e-02 4.435348063793508738e-02 1.210521209222795852e-01 1.243971102453179656e-01 1.335434797503218529e-01 1.704387407558191625e-01 9.627577297709156989e-02 2.054572109882859543e-01 1.988192475727842273e-02 1.902592362421482164e-01 1.251045463202738461e-01 1.778508428528548790e-01 1.655837273883971617e-01 2.333875316973431369e-01 2.345872166365398914e-01 
