0.000000000000000000e+00 5.129176539040602306e-02 1.603079003344389311e-02 1.725411817067530051e-01 3.426251447233412406e-02 4.450860544445052469e-02 3.983255345669563519e-01 5.781999805008763982e-01 2.919980053544920517e-01 1.728078877138522762e-01 2.501153301121106787e-01 2.128034744169454151e-01 4.378719514625832865e-01 1.076439354036534540e-01 7.265168601015772332e-01 9.135715012587562744e-02 2.943646403671583145e-01 1.407885716332234194e-02 3.864372216810326721e-01 3.718973988436657385e-01 1.852276754741776776e-01 4.720191302545240220e-01 3.187493463316901782e-02 2.779114596068040788e-01 3.762256543537534359e-01 1.701158527251293295e-01 3.811052612907681603e-01 5.975186562740214535e-02 2.065324855771731305e-01 7.367182979296840184e-01 6.510000215459382789e-01 2.550277486197771726e-01 7.228156170606974129e-01 4.951128921702494523e-01 4.259778590947208704e-02 2.667823934329295946e-02 1.988715943722980661e-01 7.340193057148206024e-02 7.398032131769380348e-02 3.873454880009654100e-01 2.807195046011883299e-01 3.312031523740255334e-01 3.440269420456792404e-01 2.166441215905718642e-01 2.176448914009036784e-01 3.723333441402469912e-01 1.505469504664948277e-01 3.359246290950094194e-01 8.856346896372294109e-02 2.582218443623031101e-01 4.053636466199933563e-02 2.390086731073365334e-01 2.516972902561064318e-01 1.991362407834916526e-01 2.981560800052888704e-01 1.243867251644142774e-01 3.114349709217978379e-01 3.042477817040146748e-01 1.199176034607582209e-01 2.299591267765597191e-01 7.233990425139169567e-02 1.632710738265067407e-01 5.188773789756704335e-01 4.088178961522973553e-01 2.088051872200268333e-01 4.983710606959440015e-01 
5.129176539040602306e-02 0.000000000000000000e+00 4.790360495058704204e-01 1.420228118295827346e-01 1.486995035228524387e-01 6.297730466059205112e-02 2.990969381743963790e-02 2.584575914408217615e-02 9.218625751078957098e-02 9.134420707710649845e-02 1.894614651937745822e-02 1.526367584363361729e-01 1.613891052888648259e-02 1.190943111523689174e-01 3.014534519736651944e-02 1.125956111004822457e-01 7.758377010103376104e-02 3.047442426598890100e-02 8.493039415962583272e-02 4.926690314826810690e-02 9.663150382124800764e-02 1.626158192262066801e-02 2.212308301545878320e-01 1.114330935254516652e-01 1.618487888838699706e-01 2.012026317927707308e-01 1.422503067185030556e-01 3.355022945200741291e-01 1.816455799188904929e-01 4.247659016528816667e-02 1.733952929448279862e-02 1.295889096252808570e-01 5.781683328085922280e-02 2.239756336419506180e-02 4.854103089303551388e-01 1.734276577795815233e-02 1.047806717310337532e-01 1.394253772031427141e-01 2.738585719255472520e-02 7.125704079926156731e-02 2.320332345862909096e-03 6.006138333036130372e-02 1.863972075358521219e-01 6.651931247340529818e-02 2.329998848497790709e-01 6.123214394817475675e-02 1.887577079540369296e-01 9.434413742473972408e-02 1.846865498793134885e-01 6.486099971391072472e-02 3.555691095435169480e-01 2.239285516447676871e-01 3.026749819614616976e-01 7.401135149064928809e-02 1.359812066103064376e-01 4.887229891329538528e-02 2.152089255590990402e-01 1.549259931282098712e-01 4.021413997949709745e-02 4.174063649818924443e-02 2.584118157827064444e-01 1.012986953976637572e-01 1.376509603682574689e-01 5.085817868782326751e-02 1.495625893053486311e-01 1.668623504799105206e-01 
1.603079003344389311e-02 4.790360495058704204e-01 0.000000000000000000e+00 2.739982386151581031e-02 2.860443643832740190e-01 2.340816655290264836e-01 3.030570333416857803e-02 7.839134728777789884e-02 2.449816442788812776e-01 4.758834424186047379e-02 2.566147081093955729e-02 5.089013103940651789e-02 8.132448074952138700e-03 4.185361732036484844e-02 4.526830157425208723e-02 6.448398190133404484e-02 6.971320815095988568e-03 1.028697213295044766e-01 3.710158337277096041e-02 5.970230664197893888e-02 1.793767776036295572e-02 3.574708599715183815e-02 2.520415289525493319e-01 2.973427653750182476e-01 5.991740573211353643e-02 3.983271403708320973e-02 1.018063796706591001e-01 4.629096293935761053e-02 1.735212015078483050e-01 4.016107271007045981e-02 2.214103621058903862e-02 2.483825321018206245e-01 3.190969048818514953e-02 1.054266864276773852e-01 2.116140640915181032e-02 3.619919834447257179e-01 2.625644490566666003e-02 7.932475628875527984e-02 6.382675919646184359e-02 1.852595254832115068e-02 1.203309396650404234e-01 1.591985816416232116e-02 3.754784947137902729e-02 3.410211595373909693e-02 1.574832996401452634e-01 1.455869623396757045e-02 1.043303116339803632e-01 6.432375669308633415e-02 8.451043601160276864e-02 1.199093906181394192e-02 2.783431453319902271e-01 1.514306234920864414e-01 1.984735442506544711e-01 1.963268679168337846e-02 9.545717269263176430e-02 3.489723960714434525e-02 1.932257710472960743e-01 3.832136404834753790e-02 1.939110377781361749e-01 1.409590826367424221e-01 1.025772000697117298e-01 1.525455562084356009e-01 5.277543498274834405e-02 7.966310504607787557e-02 1.195852923487100011e-01 1.141687780291077564e-01 
1.725411817067530051e-01 1.420228118295827346e-01 2.739982386151581031e-02 0.000000000000000000e+00 2.424036278489254820e-02 2.405361816691351656e-02 1.105747087883775653e-01 3.311944681325055817e-01 5.722314959934490103e-02 2.708487938005610385e-01 2.715470958492944842e-01 1.113053945755592272e-01 4.114951381832961941e-01 1.466051683329873123e-01 1.633666003939285016e-01 7.421087686090038771e-02 1.509818883981131968e-02 1.098221611929900594e-02 2.845694156205312228e-02 6.147722591864928504e-02 8.188493482777126076e-01 4.804463761607825206e-02 9.738451379226793769e-02 1.156714804857247175e-02 6.639395998063387649e-01 2.558393058728089531e-02 1.413339818079224763e-01 1.666747607134687614e-01 1.161756269582223944e-01 1.431525358448998420e-01 7.860662456930413156e-02 3.251434102465288606e-02 1.943158018879676541e-01 3.899149114831338553e-02 1.452714818143872599e-01 5.329991992657721195e-02 3.593230866183683148e-01 8.366885538501149522e-02 4.584772345975115376e-02 1.571277928918121680e-01 1.059551574536744811e-01 1.408273952143881125e-01 2.768934348007071611e-01 1.138014394918288458e-01 8.343012200325400363e-02 9.198522331938557839e-02 1.361180265806624101e-01 7.344906522122326975e-02 2.875478203451435621e-02 1.546238878154063690e-01 4.588060171862777537e-02 8.933316993927961636e-02 5.036117966695009135e-02 3.145771689185435926e-01 8.222287187311283496e-02 8.072751187741435130e-02 7.030381165221638584e-02 2.828816263454559943e-01 3.272034851238029424e-02 1.094185851386306058e-01 1.426713086733317482e-01 4.366584249162305809e-02 8.587601881377182611e-02 8.562048113446173170e-02 8.768566196215636654e-02 7.994844565532580050e-02 
3.426251447233412406e-02 1.486995035228524387e-01 2.860443643832740190e-01 2.424036278489254820e-02 0.000000000000000000e+00 2.409998708194557304e-01 2.186342756188455749e-01 4.421860852744614878e-02 5.576637463829935415e-01 1.671887121201426629e-01 6.344793052236137598e-02 2.570958675180110564e-01 2.555723130521888112e-02 8.353955464272676268e-02 1.264809804417378614e-01 1.692509229077988897e-01 4.306272233261414506e-01 7.004368804743010823e-02 3.919029971572828008e-02 8.218423401913479975e-02 4.194526889432586420e-02 3.240585266941350961e-02 2.856904357386014781e-01 2.230694544760302711e-01 6.778337909252306337e-02 2.454232079643052511e-01 3.348640688683592742e-02 2.315981378376758826e-01 1.834852926808579546e-02 2.678780733819046689e-01 4.935187749367787174e-02 5.607769152382525712e-01 1.973573679084052734e-01 3.145143288420672312e-02 2.276453208368642567e-01 8.358356365176512759e-02 2.361281533371602237e-02 8.320676782952653172e-02 1.004293627349673867e-01 5.410452465794774596e-02 6.171984548601190668e-02 3.345447018975331033e-02 1.694490972380959248e-01 6.396099294736774798e-02 1.325512435271431269e-02 3.837951542683765843e-02 6.928639770407586662e-02 5.810727192629779048e-02 1.014775557899187525e-01 1.658113220473712290e-01 1.423271905742201915e-01 6.666045585926835826e-02 6.932975951754023758e-02 3.863211328826265945e-02 7.689012044537395230e-02 1.876497911440226096e-01 1.475013281254866915e-01 7.141206411267762844e-02 1.137667155293354826e-01 3.295253667685871246e-02 1.055910253498645729e-01 6.668480840326929115e-02 1.387636019881729188e-01 5.346963530035900303e-02 7.055991229957529753e-02 1.825773036142311345e-01 
4.450860544445052469e-02 6.297730466059205112e-02 2.340816655290264836e-01 2.405361816691351656e-02 2.409998708194557304e-01 0.000000000000000000e+00 1.167156472417791302e-01 3.139789199413897669e-02 2.940921070305182461e-01 1.216335636003144371e-01 5.775603051403009613e-02 2.346931450407479525e-01 1.085319506335813942e-03 3.031443163070967062e-01 5.423471147122584796e-02 8.784223099468600748e-02 1.197212040202417505e-01 1.597904573868274003e-01 2.608801203255279311e-01 1.238844736381055911e-01 2.105764982503868440e-02 1.378319592327175436e-01 1.638846026454738314e-01 1.969408817136902579e-01 7.047109008146845710e-02 4.236959579915708929e-01 3.101074284162346206e-01 4.116414305641394877e-01 8.655992008831041307e-02 5.604243014287152436e-02 9.738645972402887319e-02 4.106131835701056776e-01 7.861111555709759946e-02 1.699444244032741191e-02 4.744889532951999250e-02 1.936148601212785494e-02 2.741072740668469912e-02 1.726788661726947616e-01 5.865488936007396958e-01 1.589454466491447837e-01 5.319661117972309533e-02 1.748319019402571617e-01 7.671212733958923669e-02 5.413301580269162111e-02 1.581045509892244627e-01 3.794451702173680385e-02 2.529624334262897123e-01 1.528665160057291750e-01 1.034803840470131103e-01 9.178408290527390045e-02 1.388793865087873391e-01 1.600588470213311909e-01 5.038205618655503676e-02 6.987610497424330026e-03 4.725191515012253790e-02 1.093248069107765202e-01 9.995372000678258428e-02 6.381493146050069842e-02 4.050542068897393655e-01 2.738252991726486396e-01 4.226899441981872840e-01 9.504595447557881438e-02 3.840540160897343291e-02 5.710224918599504651e-02 3.679756130233167166e-01 3.539282006674437236e-02 
3.983255345669563519e-01 2.990969381743963790e-02 3.030570333416857803e-02 1.105747087883775653e-01 2.186342756188455749e-01 1.167156472417791302e-01 0.000000000000000000e+00 2.500887066471694786e-01 3.997803193611613737e-01 1.997102779711042997e-01 2.831138484897158802e-01 9.498124054791079462e-02 6.019539351856060261e-01 4.956840574200686161e-02 4.393166704016761570e-01 2.193326468565105214e-01 6.933257484005042048e-01 4.536464565238523816e-02 2.775727633943665396e-01 1.556720063335916282e-01 1.755343995842234550e-01 2.360088465981019512e-02 2.151572666221121810e-01 4.714861235749986251e-02 4.904364861780702994e-02 3.733004132828069560e-02 5.710031462576407174e-02 2.180679482445825046e-01 1.449218879962416995e-01 2.833882978861130830e-01 6.547229283295907809e-02 3.574254051367239393e-01 3.217246077885325684e-01 2.933815506120087124e-01 3.535090948022003715e-02 1.500278721609925661e-02 1.361637403283040559e-01 3.502251867013325692e-02 4.429186487770597064e-02 2.218295034517874798e-01 1.744436310167381821e-01 2.330992468626577330e-01 3.427389791876330749e-01 1.151653498321126567e-01 1.350369766630107882e-01 1.610464713071523835e-01 1.066691009141458035e-01 2.156357782991315530e-01 1.391568446180062313e-01 1.436643731899703014e-01 3.353568078776637124e-02 1.660083996509513771e-01 8.759540279309804833e-02 1.518959675904718865e-01 1.097286628868603814e-01 2.233498447375951712e-01 1.682812838837148828e-01 2.704922740167845507e-01 1.570609374519719159e-01 1.127983522293852792e-01 1.020667806897265079e-01 1.157491952055525880e-01 2.886953661965838136e-01 1.568491904239261159e-01 1.510029874765758950e-01 2.820616539614407281e-01 
5.781999805008763982e-01 2.584575914408217615e-02 7.839134728777789884e-02 3.311944681325055817e-01 4.421860852744614878e-02 3.139789199413897669e-02 2.500887066471694786e-01 0.000000000000000000e+00 1.192792836100561721e-01 1.403278789880852140e-01 5.066982796660535193e-01 2.070810822837910459e-01 3.681503381532152952e-01 9.414655457182317944e-02 4.367236632390489315e-01 7.041353598944166681e-02 1.619585229865897202e-01 1.644845804753764518e-01 3.198234840646865251e-01 3.379433661276328715e-01 3.471789132654213295e-01 1.317774301261430692e-01 2.862361192700133700e-02 2.590409296212567783e-02 4.827550024897822034e-01 1.456505265418028272e-01 2.909262374656848005e-01 1.966310497860587411e-02 1.150604145031290798e-01 4.001147733440605925e-01 4.407743162160485118e-01 1.731048595638444154e-01 3.370203126572637875e-01 4.723048084352729492e-01 5.219555798898736082e-02 1.135977925600912819e-01 5.582947788519915244e-02 7.835340291984085881e-02 6.521217357357832201e-02 2.544113936569013523e-01 4.633551184012774660e-01 2.316758912336154552e-01 1.473814553268578409e-01 2.720900392688880287e-01 2.439413497276376463e-01 2.658195403393414646e-01 1.641391857256241926e-01 2.132903636452494756e-01 1.765319345141460119e-02 1.876123127808627666e-01 8.672792413830245073e-02 2.279944982580159318e-01 2.274656125462622136e-01 1.349600659876685482e-01 1.494058841429092843e-01 2.267935956217119117e-02 1.280084021464630850e-01 2.331442631329539994e-01 9.785353975700410156e-02 1.361850096332017090e-01 2.276861079764538540e-02 2.237942937170287749e-01 3.129152641272273661e-01 3.469792160010554682e-01 1.303602718790531634e-01 2.324017749404880262e-01 
2.919980053544920517e-01 9.218625751078957098e-02 2.449816442788812776e-01 5.722314959934490103e-02 5.576637463829935415e-01 2.940921070305182461e-01 3.997803193611613737e-01 1.192792836100561721e-01 0.000000000000000000e+00 9.304323951826702632e-02 5.515453818584584167e-02 8.883336498858822317e-02 2.844654754963193977e-01 4.797144927240210716e-02 5.340140863374537306e-01 1.752528765707511982e-01 3.394135019949162668e-01 1.798794846161972522e-02 6.253053570892699864e-02 4.651853362569313699e-02 1.035254499340219764e-01 6.494768853539169620e-03 2.397494780055182406e-01 1.597032944530920873e-01 5.917455309467230251e-02 1.659661556051529874e-01 8.596938457525277189e-02 2.771795887898928501e-01 1.118218311161247973e-02 4.287352366125684044e-01 8.282081158175658153e-02 6.197388025476712192e-01 3.958648161273896071e-01 1.604808788345472303e-01 1.457105040252264505e-01 5.848303984763807140e-02 1.234606627827534858e-01 3.135302934663442009e-02 1.672949881710411590e-01 1.644382563896077121e-01 1.068225575227002844e-01 1.275342764481594005e-01 2.575100012815241812e-01 6.049236781186432405e-02 1.005456918373968528e-01 1.680583137097144131e-01 8.484131480878301379e-02 1.655080150869889799e-01 1.102389229655464237e-01 1.614623025275355173e-01 5.914169301796417394e-02 1.242576264944004333e-01 4.848402155856312845e-02 1.186534399140482116e-01 7.641636901679098315e-02 2.105961046131707703e-01 1.608364623655246239e-01 1.881805249191791096e-01 2.289742225536749443e-01 1.240460454717852851e-01 1.678498853133573998e-01 6.948502617159020567e-02 2.549031697630071425e-01 8.382724818300475722e-02 4.035637887237875088e-02 2.810648250943910686e-01 
1.728078877138522762e-01 9.134420707710649845e-02 4.758834424186047379e-02 2.708487938005610385e-01 1.671887121201426629e-01 1.216335636003144371e-01 1.997102779711042997e-01 1.403278789880852140e-01 9.304323951826702632e-02 0.000000000000000000e+00 7.988972999451655899e-02 3.460371580301296185e-02 6.441797295461285100e-02 8.710876651827698103e-02 7.804187331244116788e-02 5.580779849861879915e-01 2.796101720803941815e-01 7.369112259125019937e-02 4.302540422555441169e-02 1.105350508776632538e-02 1.858399416308600671e-01 3.393448330561076309e-01 5.308757693828324298e-01 4.114380256945701086e-01 6.438721796720898727e-01 7.119142138376552409e-02 2.579360902983064974e-01 3.324332612807756049e-01 4.081614491845633741e-01 1.476537114767344783e-01 2.121005963688366025e-01 6.231053346480702054e-02 1.783803030773898068e-01 1.748255570984239560e-01 5.099944262987324978e-02 3.651190004448530424e-02 8.444003107731544444e-02 3.068365512482461588e-01 7.184110007015594157e-02 4.051698642672953987e-01 5.731235244731571615e-02 2.247334433557008904e-01 3.458178096679228042e-01 2.298243968959161332e-02 1.076670461310256094e-01 2.628974102895146880e-01 1.129649879603028262e-01 1.628464103360311166e-01 4.594143471358006492e-01 4.730907237013285416e-01 4.957434153188339937e-02 1.764372522382607889e-01 1.561885615407764549e-01 5.933929255859561602e-02 1.798472135396299021e-01 4.352311418997120707e-01 1.107774231217008298e-01 2.357708337202393534e-01 2.421216855350638575e-02 9.719374259037301400e-02 3.041230237011729454e-01 1.415108431407836043e-01 2.105294397665645467e-01 2.742341107317914362e-01 1.720295180691711334e-01 2.358808146562552943e-01 
2.501153301121106787e-01 1.894614651937745822e-02 2.566147081093955729e-02 2.715470958492944842e-01 6.344793052236137598e-02 5.775603051403009613e-02 2.831138484897158802e-01 5.066982796660535193e-01 5.515453818584584167e-02 7.988972999451655899e-02 0.000000000000000000e+00 1.122865111843970587e-01 5.063351916468096237e-01 6.979454695398662478e-02 2.877230177335298733e-01 1.082098531697341937e-01 5.330858517901379545e-02 8.762995851440279205e-02 1.370376717922809073e-01 9.938480521717166227e-02 4.287024905006378006e-01 3.983110192161485458e-02 9.357822393116339843e-02 3.763662600099514088e-02 2.337689085790868593e-01 5.318521745104368842e-02 6.734163045652975799e-02 6.110901344873671814e-02 1.609719633981450682e-01 1.156795916350253639e-01 7.782332782432008211e-02 6.063426626897452237e-02 8.223264897469625967e-02 2.445715645122482906e-01 3.599282826401606350e-02 9.357224840322576898e-02 1.031116244640874202e-01 7.533901496050533775e-02 2.977119002353319221e-02 1.119783541581846897e-01 2.820106192920203703e-01 1.383414515183312155e-01 1.176128473971351923e-01 3.286769682233969814e-01 1.161754598995572152e-01 1.446789410982371460e-01 8.173509146994971386e-02 1.023061591014746419e-01 5.411731901181700277e-02 6.544767941117612953e-02 2.328754574817290535e-02 7.837616480104862837e-02 4.622152866536765464e-02 1.148690181867714627e-01 5.914564558320196952e-02 5.555608277882623930e-02 3.640818278484699022e-02 2.008995334343156858e-01 5.181833655781099834e-02 5.203754023701085557e-02 4.889652116105230872e-02 1.143420571172305972e-01 1.157490684238986767e-01 1.228745646044917678e-01 3.297219439355887627e-02 6.378458275127107946e-02 
2.128034744169454151e-01 1.526367584363361729e-01 5.089013103940651789e-02 1.113053945755592272e-01 2.570958675180110564e-01 2.346931450407479525e-01 9.498124054791079462e-02 2.070810822837910459e-01 8.883336498858822317e-02 3.460371580301296185e-02 1.122865111843970587e-01 0.000000000000000000e+00 1.349715806696800968e-01 7.823801367514777727e-01 2.147359333065529674e-01 8.057652044476021347e-02 1.302581373391234199e-01 3.611774392198501688e-02 5.129851501847798589e-01 1.738608267153706199e-01 3.676484613194341833e-02 2.896327841747416490e-02 2.550737851990857868e-02 4.982171578954607688e-02 3.366273592238037266e-02 5.969951859357174317e-01 5.487575138504120070e-02 1.611932119715463740e-01 5.307996737231272799e-02 1.589487368431139747e-01 1.064710263248705852e-01 1.307920649240582600e-01 1.354396669695481503e-01 2.406478015936784620e-01 2.524846901101497343e-01 1.545342425398389952e-01 5.448418662055388301e-02 9.196666403426033420e-02 2.561997651609756455e-01 1.013427594583324182e-01 2.013486290981935933e-01 1.470606731913624288e-01 1.278991882267707658e-01 1.358348857596253789e-01 1.894533122126997385e-02 1.447850923699520453e-01 3.588545539833997156e-01 9.979994081501469827e-02 7.218192943926944605e-02 4.661804237865915801e-02 3.423674852487034181e-01 8.211194799134564903e-02 2.858973134290757612e-01 8.812591539971618981e-02 4.897836007004364306e-02 1.775277069073901912e-02 1.002098236295333178e-01 1.327295387388102987e-01 1.849425324142484617e-01 1.436977594962556282e-01 1.082782678288411043e-01 1.743807577563377953e-01 6.281824879482449109e-02 1.402147057436581301e-01 3.819082985022211052e-02 5.486601208962665899e-02 
4.378719514625832865e-01 1.613891052888648259e-02 8.132448074952138700e-03 4.114951381832961941e-01 2.555723130521888112e-02 1.085319506335813942e-03 6.019539351856060261e-01 3.681503381532152952e-01 2.844654754963193977e-01 6.441797295461285100e-02 5.063351916468096237e-01 1.349715806696800968e-01 0.000000000000000000e+00 8.064611574735304489e-02 4.682821972592300375e-01 2.300899466718741293e-01 3.650675396509495685e-01 8.780383555074234084e-03 2.361669033515965410e-01 1.733813073601271904e-01 5.736197890743139904e-01 9.560872027169207976e-02 2.127123946220893236e-01 7.728772973496242024e-03 3.026392085679622257e-01 8.397364270669553654e-02 9.656229410990584128e-02 8.400705694504358167e-02 1.649183673299222108e-01 3.194368669070387634e-01 1.739331000374971792e-01 1.856218065003992779e-01 3.711782078569940135e-01 2.723757175287067067e-01 4.538641325967424783e-02 2.251964960209554972e-02 6.855070181089524539e-02 2.474253346348345012e-02 2.922178976733796549e-02 2.112184933358539629e-01 1.743086105566926391e-01 2.253325450568255672e-01 2.790323560601321584e-01 1.260297189618303226e-01 1.197739029988959120e-01 1.167413142643467933e-01 9.608551572799756135e-02 2.093657773550661183e-01 1.544831418699741943e-01 7.577914389915536841e-02 3.017246891091947270e-02 1.000052114279321031e-01 9.501366912127662268e-02 6.005675437616943280e-02 1.906954600798102528e-01 2.379096713252314976e-01 1.804866109218776493e-01 2.251950181434468345e-01 1.080193280229529290e-01 1.040484581756921517e-01 6.041293270121862041e-02 2.040887413690488650e-01 3.052845910317408262e-01 2.620172232060470341e-01 1.005258254291826747e-01 2.972001599123784699e-01 
1.076439354036534540e-01 1.190943111523689174e-01 4.185361732036484844e-02 1.466051683329873123e-01 8.353955464272676268e-02 3.031443163070967062e-01 4.956840574200686161e-02 9.414655457182317944e-02 4.797144927240210716e-02 8.710876651827698103e-02 6.979454695398662478e-02 7.823801367514777727e-01 8.064611574735304489e-02 0.000000000000000000e+00 1.671114117189500536e-01 1.246536074574048081e-01 1.402189199098253791e-01 1.575119830327115500e-01 3.783333707424438308e-01 6.766802086570093688e-02 8.680699932175937883e-02 5.435148117161820586e-02 7.856147933498085212e-02 1.462783888171098959e-02 1.148049046149471064e-01 6.124277565327052031e-01 8.372555604809357732e-02 1.981557885425471177e-01 9.684076932119738135e-02 1.575525893027203694e-01 4.574072058131287144e-02 7.090874673780452053e-02 1.289402356033106933e-01 1.351250981229973891e-01 1.809621926494023036e-01 1.508266216071953436e-01 8.239257516213487065e-02 2.591795951000654477e-02 3.404293896542334164e-01 8.708682258087915851e-02 1.194463963928173861e-01 1.236017851895014480e-01 1.300774076654905020e-01 4.635804036690261559e-02 2.479049483151164746e-01 7.003587436339585304e-02 6.205248524219082462e-01 6.535274996335839470e-02 1.207345001327172068e-01 4.887243811300811397e-02 3.485594667612512132e-01 9.747197148928041233e-02 2.205411737946886552e-01 6.027541804801280628e-02 9.104191496610583578e-02 7.599078967506153748e-02 1.584989137266066550e-01 1.260639390022011419e-01 3.522157282654709842e-01 1.362137061080456735e-01 1.209738564576562092e-01 1.746020515672702111e-01 7.658256466044167932e-02 5.053184222555848204e-02 6.970652702538678025e-02 7.811588883179179654e-02 
7.265168601015772332e-01 3.014534519736651944e-02 4.526830157425208723e-02 1.633666003939285016e-01 1.264809804417378614e-01 5.423471147122584796e-02 4.393166704016761570e-01 4.367236632390489315e-01 5.340140863374537306e-01 7.804187331244116788e-02 2.877230177335298733e-01 2.147359333065529674e-01 4.682821972592300375e-01 1.671114117189500536e-01 0.000000000000000000e+00 1.562097987559678824e-01 3.100924649755586460e-01 1.197366349737966247e-02 3.186894245603489328e-01 2.197081028394522462e-01 2.086362657654314834e-01 2.065508287673682719e-01 1.372285991478505440e-01 7.524726685681686067e-02 2.726112662830268429e-01 1.328222237590590271e-01 1.093093532339175361e-01 1.987750593367503815e-01 1.645135973729013393e-02 6.442339605196201191e-01 3.008332868203125732e-01 3.782722281111430274e-01 6.171143760950885682e-01 4.233942988040893529e-01 4.703967219462422411e-02 1.824348130236680410e-02 2.293583902562250920e-01 1.179072380995760047e-02 6.807861309301593833e-02 3.477928432038494555e-01 2.147798847939657030e-01 3.336958502812202298e-01 3.207176145320670413e-01 2.298445018807402096e-01 1.768888020447011433e-01 3.238490311624648288e-01 8.711053518306823007e-02 3.465917150432502036e-01 1.098831883397423936e-01 1.880628665773717845e-01 5.292516250627755242e-02 2.070457224463193024e-01 1.909536108143813360e-01 2.003533898774336464e-01 1.637525471519711007e-01 1.811118756426970122e-01 1.981728301499263156e-01 3.052288771015580493e-01 1.275889666883678331e-01 1.549853434619624104e-01 1.063472626296536327e-01 1.407866357760419185e-01 4.610897350123862037e-01 2.499410457799694230e-01 1.603364263016244240e-01 4.237224433039357141e-01 
9.135715012587562744e-02 1.125956111004822457e-01 6.448398190133404484e-02 7.421087686090038771e-02 1.692509229077988897e-01 8.784223099468600748e-02 2.193326468565105214e-01 7.041353598944166681e-02 1.752528765707511982e-01 5.580779849861879915e-01 1.082098531697341937e-01 8.057652044476021347e-02 2.300899466718741293e-01 1.246536074574048081e-01 1.562097987559678824e-01 0.000000000000000000e+00 2.676393508535460097e-01 4.867847895920092427e-02 1.576773899983160976e-01 1.217416474069012711e-01 1.261461479465534608e-01 1.351957069017328816e-01 7.088833189164486237e-01 3.827786403167330875e-01 2.176422195276135618e-01 1.580017007890161668e-02 1.467744910397876523e-01 4.008457154785355359e-01 3.770653827220615817e-01 1.246917164969551933e-01 9.457898077712481588e-02 1.066557962375669216e-01 1.113753361591437036e-01 1.691616304217272437e-01 2.736660630463649477e-02 4.089121867086897844e-02 3.071269532787430923e-02 1.647214823509535186e-01 5.868851649065748993e-02 1.964214625067582098e-01 4.223912745621882792e-02 1.089714477132674719e-01 2.098450347032514984e-01 7.354161898638379713e-02 7.359522740869883783e-02 2.041657245169860024e-01 1.057990169745880171e-01 1.272980810339723323e-01 6.003066927440723344e-01 2.455114757044289941e-01 4.245031291315067706e-02 1.483432292769098215e-01 1.414765124350424175e-01 7.969217618245463819e-02 1.385794425150305431e-01 5.388514836806296282e-01 8.956214187095913604e-02 7.132399440161002468e-02 3.828305524071493049e-02 1.241598448664693044e-01 3.593062639250364509e-01 1.201905811091280030e-01 1.762105544792593459e-01 1.927358434179239355e-01 8.662882347570345642e-02 1.770063687189101509e-01 
2.943646403671583145e-01 7.758377010103376104e-02 6.971320815095988568e-03 1.509818883981131968e-02 4.306272233261414506e-01 1.197212040202417505e-01 6.933257484005042048e-01 1.619585229865897202e-01 3.394135019949162668e-01 2.796101720803941815e-01 5.330858517901379545e-02 1.302581373391234199e-01 3.650675396509495685e-01 1.402189199098253791e-01 3.100924649755586460e-01 2.676393508535460097e-01 0.000000000000000000e+00 1.105641577480383497e-01 3.015763497585617903e-01 5.979137228681371402e-02 9.318985597340933777e-03 2.953034858432650872e-02 2.648537902336361993e-01 4.420486619281521756e-02 9.820788103702964011e-02 2.929256149547670302e-02 5.135657635943738364e-02 3.483306699301361165e-01 1.541834309841364492e-01 3.129383110466779083e-01 7.926009614342025000e-02 4.218859138763770278e-01 3.338129925709593659e-01 2.326909388094438869e-01 7.607115260832944537e-02 7.148872901967920357e-02 8.027168969258131892e-02 4.247246389290761093e-02 7.753637203151372836e-02 1.703554791031451354e-01 1.427027473819077741e-01 2.031852935996363019e-01 3.940303758530198097e-01 4.175828255314290721e-02 5.379424964056218200e-02 7.140216211352269637e-02 3.621087281679975789e-02 2.186254944748034501e-01 2.063987620800041001e-01 1.452992226784486640e-01 1.056061448426047766e-01 1.548301142862547886e-01 4.528777387402026927e-02 8.763043706987813652e-02 1.614042025166272654e-01 2.965001164337363604e-01 2.572599668875312218e-01 2.433149854945372281e-01 1.051937613292646678e-01 1.314558875305796293e-01 1.609453474472755941e-01 1.630501951548482265e-01 3.214632803827668917e-01 1.818488347565831442e-01 1.880944734800167051e-01 3.670385108818042807e-01 
1.407885716332234194e-02 3.047442426598890100e-02 1.028697213295044766e-01 1.098221611929900594e-02 7.004368804743010823e-02 1.597904573868274003e-01 4.536464565238523816e-02 1.644845804753764518e-01 1.798794846161972522e-02 7.369112259125019937e-02 8.762995851440279205e-02 3.611774392198501688e-02 8.780383555074234084e-03 1.575119830327115500e-01 1.197366349737966247e-02 4.867847895920092427e-02 1.105641577480383497e-01 0.000000000000000000e+00 5.270326924265773122e-02 4.793018071828619164e-01 3.289838918289334641e-02 3.032593489163827871e-01 3.307559226189696333e-02 3.033388842110814609e-01 1.689611439489311501e-02 6.546892574051214886e-02 3.844023319719862275e-02 1.010728351213192877e-01 6.182954935194361068e-02 2.179557029902625676e-01 4.302406534850053421e-02 3.236903531964558517e-02 2.980096044516051257e-01 4.055256999484837394e-02 2.419147530799862222e-01 1.591633000277144494e-01 5.523535614162696644e-02 1.838385359490914139e-01 8.230482561404911523e-02 1.286455497564562844e-01 6.271980818359744470e-02 7.586644761457093933e-02 6.874839943239539897e-02 1.895793371276339317e-02 2.592013256225228490e-01 5.809266681611464228e-02 2.194835834730205770e-01 8.831713551770353776e-02 2.888961441968243907e-02 1.815682486607261004e-01 2.233964885611322837e-01 1.007142920736086161e-01 1.603321137970012411e-01 3.212676254747809379e-02 1.165166916271300895e-01 5.802425607579170252e-02 1.418668798421367505e-01 3.357882573209003407e-02 3.230092092045341867e-01 9.834044216340537270e-02 1.183079890239741028e-01 7.514811536702545314e-02 1.103991740201529098e-01 4.674472222801108467e-02 1.868660420990083670e-01 1.772374137924486726e-01 
3.864372216810326721e-01 8.493039415962583272e-02 3.710158337277096041e-02 2.845694156205312228e-02 3.919029971572828008e-02 2.608801203255279311e-01 2.775727633943665396e-01 3.198234840646865251e-01 6.253053570892699864e-02 4.302540422555441169e-02 1.370376717922809073e-01 5.129851501847798589e-01 2.361669033515965410e-01 3.783333707424438308e-01 3.186894245603489328e-01 1.576773899983160976e-01 3.015763497585617903e-01 5.270326924265773122e-02 0.000000000000000000e+00 4.511019681014318827e-01 7.046281417543534542e-02 1.433859103306826810e-01 1.016758278646957558e-01 8.091311820457944282e-02 8.462457517032927201e-02 4.273337386113967851e-01 3.200765892571293403e-01 1.660506819994228001e-01 6.146999308450533384e-02 4.213487408977847903e-01 1.968822476150270118e-01 9.365954005950180572e-02 4.079982835892137505e-01 2.668928258225065075e-01 1.345660863251772199e-01 1.111325338834862897e-01 4.753992146538169733e-02 5.288734614177145743e-02 1.887680075364755738e-01 2.073731232894027721e-01 1.743198671074698558e-01 1.951765966719960221e-01 1.339567304735275466e-01 7.862219887952603958e-02 7.614749709345609852e-02 1.325880027920360860e-01 1.574084153551170151e-01 1.695085751691131348e-01 9.373279072362614150e-02 1.220972701496602641e-01 1.511128054544998711e-01 1.751691027614983021e-01 2.189048568612523560e-01 3.942637646202903912e-02 5.180811942951812216e-02 1.060604558595686642e-01 3.810901110562660982e-02 1.034620897387250604e-01 1.246413261845018966e-01 1.001509989097995740e-01 5.791630200811167389e-02 1.617868104186752365e-01 1.871036471461224315e-01 1.966395646103020478e-01 1.892366778772913982e-01 1.635032215082494467e-01 
3.718973988436657385e-01 4.926690314826810690e-02 5.970230664197893888e-02 6.147722591864928504e-02 8.218423401913479975e-02 1.238844736381055911e-01 1.556720063335916282e-01 3.379433661276328715e-01 4.651853362569313699e-02 1.105350508776632538e-02 9.938480521717166227e-02 1.738608267153706199e-01 1.733813073601271904e-01 6.766802086570093688e-02 2.197081028394522462e-01 1.217416474069012711e-01 5.979137228681371402e-02 4.793018071828619164e-01 4.511019681014318827e-01 0.000000000000000000e+00 7.650432241408736123e-02 1.807493914370701393e-01 5.019458645697641441e-02 3.028264231643252105e-02 1.348741561622671947e-01 1.781674197897517853e-01 4.634029374067140106e-01 3.809019707198450788e-02 5.467986495523412260e-02 2.407157027050944587e-01 3.520773699165405946e-01 7.908770229916246841e-02 1.896763900816944570e-01 2.057146903953298300e-01 2.146625259800515884e-01 1.174289217139691949e-01 4.445111959695182552e-02 1.020662788002489191e-01 8.731262791912718091e-02 5.430520615059235973e-02 1.449008550309641985e-01 8.289796150148300014e-02 1.283535001791893948e-01 5.615454505027531185e-02 2.424320471188839421e-01 7.885093357314504336e-02 1.513958488854239282e-01 8.507023514470636594e-02 7.289376807457120799e-02 6.540021250397294594e-02 1.969597794773560728e-01 1.426659718891760686e-01 2.881715153274670427e-01 4.476181875672409494e-02 1.235540291203319763e-01 6.344869384810838953e-02 7.741613283006647250e-02 8.824735104186196000e-02 2.626615762099098750e-01 2.141199728685389825e-01 1.245030915401828392e-01 1.710718343056452095e-01 1.606083368172008252e-01 2.308152942205035918e-01 1.429619163765478117e-02 1.256804257673715119e-01 
1.852276754741776776e-01 9.663150382124800764e-02 1.793767776036295572e-02 8.188493482777126076e-01 4.194526889432586420e-02 2.105764982503868440e-02 1.755343995842234550e-01 3.471789132654213295e-01 1.035254499340219764e-01 1.858399416308600671e-01 4.287024905006378006e-01 3.676484613194341833e-02 5.736197890743139904e-01 8.680699932175937883e-02 2.086362657654314834e-01 1.261461479465534608e-01 9.318985597340933777e-03 3.289838918289334641e-02 7.046281417543534542e-02 7.650432241408736123e-02 0.000000000000000000e+00 1.239640209454428467e-02 1.114630733617047731e-01 4.170814337753499940e-02 5.486096524438532906e-01 9.749057136130495974e-03 8.155690501060314235e-02 1.027438891680667599e-01 1.787584711987031116e-01 1.346703376008516195e-01 5.169133740331310900e-02 7.181903537720009389e-02 1.707436058028685144e-01 9.043340348634282266e-02 9.086000884704535652e-02 1.894979435008725330e-02 2.758559405590909064e-01 6.763823367983705370e-02 2.698989117756117953e-02 1.320429022193313762e-01 7.861369101871233667e-02 1.243274393491232421e-01 1.936777966771233983e-01 8.548956862413575886e-02 9.002493147076089108e-02 8.208045719865604550e-02 1.153200071707810859e-01 7.108560993208676293e-02 8.066268217872327173e-02 1.090996591189732634e-01 3.222083561959621784e-02 7.777383886710918792e-02 3.267489835610727644e-02 2.778372160690604775e-01 7.234966481194393673e-02 9.561542988135862675e-02 5.658401820622439848e-02 1.871265339594961608e-01 4.034697658490281336e-02 3.576626475156470530e-02 8.559406572778678612e-02 1.248944858346894976e-01 1.049816326587268700e-01 1.078651317028210682e-01 6.817036572562712449e-02 8.360961130135756425e-02 
4.720191302545240220e-01 1.626158192262066801e-02 3.574708599715183815e-02 4.804463761607825206e-02 3.240585266941350961e-02 1.378319592327175436e-01 2.360088465981019512e-02 1.317774301261430692e-01 6.494768853539169620e-03 3.393448330561076309e-01 3.983110192161485458e-02 2.896327841747416490e-02 9.560872027169207976e-02 5.435148117161820586e-02 2.065508287673682719e-01 1.351957069017328816e-01 2.953034858432650872e-02 3.032593489163827871e-01 1.433859103306826810e-01 1.807493914370701393e-01 1.239640209454428467e-02 0.000000000000000000e+00 1.371328432087778881e-01 6.990537989169584021e-01 2.915698083913123573e-01 9.813862462169167800e-02 5.075846557782434099e-01 1.274185937489146214e-01 4.283263424440127976e-01 4.698378683168726311e-01 5.795210366364370591e-01 4.284515483096239946e-02 5.178738853187926372e-01 2.234100752707393056e-01 1.048281262391525803e-01 1.442508761015304786e-01 6.536029169165270825e-02 9.437097625101054099e-02 8.908426145323017353e-02 2.110291861759905907e-01 6.312879875444514510e-02 1.311231679412394324e-01 2.120974143665794731e-01 7.083557451197529387e-02 6.360750408151097379e-02 2.339841541718950813e-01 1.062447985737564465e-01 1.546355769423410353e-01 5.832051057322761023e-02 1.729424293027270187e-01 5.766053149730174937e-02 6.257736871517416422e-02 1.204783818375941284e-01 9.436288564265328527e-02 4.521095835618954006e-01 9.788392484090290002e-02 4.099547202472300089e-01 1.119403870005288570e-01 3.335340768157205038e-02 2.053946844149406314e-01 1.422759328984104545e-02 1.074411262191713040e-01 3.504210317594693147e-01 3.765030829618348229e-01 1.251854315027295106e-01 4.294429613055764094e-01 
3.187493463316901782e-02 2.212308301545878320e-01 2.520415289525493319e-01 9.738451379226793769e-02 2.856904357386014781e-01 1.638846026454738314e-01 2.151572666221121810e-01 2.862361192700133700e-02 2.397494780055182406e-01 5.308757693828324298e-01 9.357822393116339843e-02 2.550737851990857868e-02 2.127123946220893236e-01 7.856147933498085212e-02 1.372285991478505440e-01 7.088833189164486237e-01 2.648537902336361993e-01 3.307559226189696333e-02 1.016758278646957558e-01 5.019458645697641441e-02 1.114630733617047731e-01 1.371328432087778881e-01 0.000000000000000000e+00 3.966197958227883347e-01 1.503396173830044980e-01 2.437536568948632520e-02 1.505380880905552166e-01 3.367542103522097041e-01 2.124773825381897074e-01 7.908802160066637221e-02 2.880938807361077200e-02 1.677988217143079330e-01 5.314380110806413843e-02 1.681449868784768986e-01 2.666312735316453408e-01 7.401698600140330098e-02 1.127088588049473955e-01 3.321431121904499517e-01 8.775705338301867386e-02 3.107460975098036982e-01 2.264610836098937194e-02 2.013157164410009636e-01 1.181099193608168979e-01 9.319303455739094688e-02 9.746865659734652715e-03 2.620971768568570726e-01 3.685132800079703175e-02 2.396242767864330270e-01 5.060381539389889882e-01 3.425852470031472974e-01 9.533116581823239399e-02 9.596458120817691340e-02 7.634806816524208894e-02 1.241863114265738394e-01 2.063683803122836891e-01 6.938354049691430880e-01 1.425184174881054811e-01 2.300896911162995592e-02 1.232515360275701286e-02 1.306740632843327865e-01 3.238668525015400146e-01 8.343106773765106288e-02 2.628593064741777674e-01 1.714805425546392370e-01 2.405451585345085019e-01 2.586613668251852571e-01 
2.779114596068040788e-01 1.114330935254516652e-01 2.973427653750182476e-01 1.156714804857247175e-02 2.230694544760302711e-01 1.969408817136902579e-01 4.714861235749986251e-02 2.590409296212567783e-02 1.597032944530920873e-01 4.114380256945701086e-01 3.763662600099514088e-02 4.982171578954607688e-02 7.728772973496242024e-03 1.462783888171098959e-02 7.524726685681686067e-02 3.827786403167330875e-01 4.420486619281521756e-02 3.033388842110814609e-01 8.091311820457944282e-02 3.028264231643252105e-02 4.170814337753499940e-02 6.990537989169584021e-01 3.966197958227883347e-01 0.000000000000000000e+00 2.300145100175146062e-01 1.047394114782668750e-01 3.699394658355483201e-01 2.142224102370990646e-01 3.691196357072613066e-01 2.499537467343218022e-01 2.878488431300096351e-01 1.116271405368853553e-01 3.113685238029541558e-01 1.711472884935695826e-01 7.011385178474280333e-02 1.995232417975740802e-01 2.407131441944274433e-02 1.154709786921241099e-01 6.485060931845101906e-02 1.993374257440316266e-01 3.567418840075008146e-02 1.202107021515129714e-01 1.094620746044106807e-01 7.539383395173362978e-02 3.544599032649230208e-02 1.994814058395025513e-01 4.397091117438847035e-02 1.421300414166685455e-01 3.512672468157673061e-02 1.803415898677122597e-01 9.131701373651006370e-02 5.639164071346278173e-02 9.307451925563371697e-02 6.510470094441907218e-02 4.022846153729276453e-01 2.465851302445094470e-02 4.216539572479101050e-01 4.898055095727783109e-02 5.420874177064955585e-02 1.489079229415608552e-01 8.341098453328815721e-02 2.877508715007958545e-02 2.982923465552225206e-01 2.814390607648383780e-01 1.430132066618078346e-01 3.850069489390842148e-01 
