1.000000 0.162404 0.095582 0.077084 0.071389 -0.016661 0.336480 0.499347 0.294556 0.101210 0.178261 0.172584 0.317638 0.089168 0.747278 0.121886 0.227800 0.161372 0.282215 0.211824 0.067406 0.411757 0.119035 0.185538 0.215536 0.120764 0.248304 0.143145 0.265699 0.736191 0.620414 0.174717 0.702442 0.402545 0.107527 0.120478 0.162826 0.142481 0.048224 0.249204 0.226212 0.207777 0.198451 0.143267 0.138076 0.253633 0.061845 0.247056 0.113622 0.121271 0.128756 0.232975 0.256987 0.128392 0.184809 0.158135 0.196645 0.181275 0.076760 0.114324 0.117203 0.227472 0.432337 0.325577 0.127228 0.333687 
0.162404 1.000000 0.375506 0.234474 0.116589 0.113747 0.062942 0.173349 0.106765 0.099874 0.099533 0.186378 0.065094 0.153349 0.123380 0.150737 0.065928 0.120765 0.172916 0.171052 0.127672 0.163599 0.242218 0.134360 0.214042 0.116436 0.269951 0.188919 0.185950 0.152420 0.150345 0.090282 0.167854 0.137149 0.405260 0.090450 0.161723 0.094525 0.152334 0.066040 0.186639 0.119452 0.169937 0.086866 0.255765 0.114110 0.183934 0.110874 0.156872 0.049206 0.201524 0.213720 0.179597 0.160837 0.161707 0.171764 0.145584 0.206075 0.153420 0.072047 0.220866 0.156769 0.098877 0.114406 0.177179 0.072221 
0.095582 0.375506 1.000000 0.235402 0.193133 0.196449 0.122625 0.137793 0.156078 0.200117 0.027586 0.172171 0.125973 0.192668 0.091458 0.253541 0.074641 0.111826 0.091777 0.216852 0.162703 0.086409 0.329035 0.210341 0.184021 0.049483 0.252979 0.144647 0.248435 0.055275 0.173523 0.155715 0.056117 0.154293 0.126814 0.250941 0.212092 0.130081 0.146240 0.170518 0.211289 0.149659 0.175726 0.093095 0.271624 0.175442 0.273605 0.076683 0.249850 0.181261 0.185062 0.179461 0.115302 0.182030 0.175276 0.229555 0.137833 0.184622 0.218018 -0.019554 0.143335 0.130418 0.074306 0.168055 0.147907 0.068523 
0.077084 0.234474 0.235402 1.000000 0.091590 -0.005174 0.164671 0.311022 0.145346 0.351462 0.257752 0.070889 0.423623 0.077446 0.157420 0.124105 0.082642 0.139950 0.042317 0.136205 0.829287 0.187861 0.156425 0.206314 0.654163 -0.007213 0.162501 0.085239 0.150918 0.083412 0.160190 0.111393 0.128912 0.141979 0.162428 0.161218 0.356987 0.163206 0.062382 0.211317 0.229161 0.151793 0.191012 0.152030 0.138495 0.165179 0.139591 0.109896 0.105032 0.228808 0.073506 0.117061 0.092458 0.283478 0.160782 0.170189 0.040667 0.252580 0.102821 0.063190 0.107955 0.172609 0.088000 0.111429 0.058753 0.053799 
0.071389 0.116589 0.193133 0.091590 1.000000 0.153102 0.271998 0.165332 0.438230 0.223991 0.102900 0.220759 0.103901 0.097420 0.145524 0.245349 0.399250 0.126452 0.146714 0.084429 0.031680 0.171364 0.338179 0.276361 0.106078 0.144616 0.115826 0.103595 0.146062 0.186502 0.119003 0.523887 0.147254 0.176959 0.243072 0.113988 0.114486 -0.002420 0.088619 0.151485 0.152605 0.136600 0.143056 0.084979 0.141924 0.186478 0.096032 0.141458 0.172750 0.084910 0.182933 0.114208 0.124868 0.072096 0.189683 0.280899 0.237480 0.108418 0.077938 0.024644 0.074730 0.104196 0.084357 0.077018 0.032749 0.122446 
-0.016661 0.113747 0.196449 -0.005174 0.153102 1.000000 0.085738 -0.011019 0.202577 0.122626 0.026442 0.177062 -0.037907 0.248432 0.028021 0.124198 0.135082 0.154530 0.150177 0.114371 -0.050391 0.066490 0.100466 0.165900 0.063545 0.275836 0.256607 0.352704 0.094340 0.063759 -0.029709 0.311665 0.079868 -0.047197 0.023875 0.037872 -0.015176 0.056621 0.539712 -0.050850 0.015356 -0.024814 0.009890 -0.023897 0.050519 -0.064370 0.133659 0.024955 0.055061 0.034157 0.119809 0.036526 -0.033791 -0.038260 0.052809 0.080853 0.091289 0.013248 0.229015 0.139805 0.301372 0.062068 0.025955 -0.011734 0.217982 0.023361 
0.336480 0.062942 0.122625 0.164671 0.271998 0.085738 1.000000 0.210441 0.602147 0.216950 0.079999 0.059268 0.491050 0.057417 0.359897 0.137163 0.685683 0.199284 0.097130 0.164350 0.124690 0.257413 0.190613 0.185246 0.187844 0.040094 0.141174 0.215713 0.262611 0.259778 0.221451 0.390780 0.289721 0.259098 0.143246 0.168572 0.240559 0.093375 0.117642 0.268558 0.176820 0.234762 0.296435 0.107728 0.150619 0.239504 0.146415 0.233627 0.114696 0.170594 0.136700 0.189989 0.102837 0.195415 0.150375 0.229371 0.241894 0.274722 0.157688 0.117703 0.213300 0.198548 0.288606 0.157819 0.048926 0.300889 
0.499347 0.173349 0.137793 0.311022 0.165332 -0.011019 0.210441 1.000000 0.210093 0.216406 0.401462 0.143171 0.243129 0.043748 0.405205 0.240461 0.176384 0.243089 0.188118 0.266131 0.220625 0.265595 0.243644 0.217469 0.416228 0.045946 0.255809 0.145504 0.182000 0.305452 0.490676 0.089081 0.261050 0.486315 0.214449 0.245466 0.289234 0.087954 0.038293 0.255267 0.476534 0.203646 0.199510 0.266913 0.259420 0.309100 0.110655 0.209871 0.210738 0.114950 0.208558 0.292838 0.346612 0.229582 0.176243 0.287807 0.136559 0.268101 0.076138 0.164616 0.153421 0.251116 0.296836 0.369075 0.068397 0.137520 
0.294556 0.106765 0.156078 0.145346 0.438230 0.202577 0.602147 0.210093 1.000000 0.182083 0.078975 0.150938 0.304292 0.109557 0.452842 0.213076 0.391913 0.214190 0.124918 0.175570 0.093366 0.195088 0.215308 0.202665 0.165254 0.137208 0.152947 0.286328 0.259316 0.356356 0.162591 0.546494 0.360254 0.203462 0.168747 0.145508 0.170558 0.086921 0.170621 0.191208 0.123004 0.185493 0.248139 0.033487 0.136802 0.176877 0.131122 0.153693 0.180109 0.098989 0.200025 0.147514 0.121455 0.097458 0.108557 0.259642 0.228413 0.178129 0.151798 0.094327 0.249530 0.169025 0.186719 0.091783 0.031431 0.201741 
0.101210 0.099874 0.200117 0.351462 0.223991 0.122626 0.216950 0.216406 0.182083 1.000000 0.085424 0.148469 0.141642 0.164356 0.126774 0.506516 0.219128 0.224793 0.123441 0.197746 0.199221 0.376734 0.468521 0.417466 0.692474 0.109960 0.310291 0.293779 0.414324 0.141699 0.263106 0.109191 0.123171 0.200064 0.169819 0.259254 0.242914 0.306648 0.094722 0.347192 0.232172 0.194408 0.328660 0.214275 0.246729 0.251112 0.229936 0.207252 0.393041 0.430927 0.172010 0.209209 0.302676 0.187250 0.283795 0.448054 0.125937 0.303512 0.129485 0.103423 0.325596 0.277296 0.160051 0.307098 0.096147 0.124134 
0.178261 0.099533 0.027586 0.257752 0.102900 0.026442 0.079999 0.401462 0.078975 0.085424 1.000000 0.159431 0.297557 0.115407 0.274531 -0.050658 0.040809 0.125516 0.127122 0.057833 0.379156 0.098197 0.048724 0.008524 0.210038 0.086953 0.066171 0.045569 0.079575 0.113717 0.068467 0.080082 0.168185 0.262901 0.110365 0.041847 0.188240 0.095565 0.093482 0.088431 0.272169 0.086460 0.101939 0.272171 0.165768 0.101965 0.116450 0.081951 -0.001411 0.083650 0.034394 0.129631 0.111787 0.156498 0.031206 0.124208 -0.002899 0.172847 0.019388 0.062426 0.056383 0.057838 0.091575 0.075282 -0.022327 0.005139 
0.172584 0.186378 0.172171 0.070889 0.220759 0.177062 0.059268 0.143171 0.150938 0.148469 0.159431 1.000000 0.105883 0.731488 0.252882 0.060086 0.061848 0.115868 0.363737 0.107252 0.043549 0.141277 0.111888 0.126652 0.138406 0.565968 0.172063 0.187612 0.176204 0.117587 0.104694 0.175852 0.129985 0.199913 0.236754 0.118895 0.120462 0.045334 0.176897 0.119839 0.210016 0.140731 0.093381 0.121452 0.142500 0.158406 0.292684 0.184503 0.133977 0.090878 0.216516 0.139920 0.197060 0.104383 0.071357 0.162934 0.089324 0.116503 0.158040 0.092917 0.129227 0.141831 0.081303 0.184042 0.108184 0.060779 
0.317638 0.065094 0.125973 0.423623 0.103901 -0.037907 0.491050 0.243129 0.304292 0.141642 0.297557 0.105883 1.000000 0.050594 0.405323 -0.001576 0.261656 0.078318 0.059408 0.088211 0.600070 0.219769 0.076173 0.182194 0.304427 0.015474 0.100365 0.058318 0.164230 0.188251 0.187072 0.162793 0.285740 0.162007 0.056975 0.087928 0.238545 0.079892 0.083334 0.146390 0.149464 0.092504 0.184609 0.102931 0.099577 0.176333 0.085926 0.088704 0.058679 0.106276 0.026376 0.083577 0.031891 0.183856 0.136519 0.138668 0.111930 0.174798 0.101494 0.009825 0.083366 0.197634 0.181922 0.161122 -0.038422 0.181537 
0.089168 0.153349 0.192668 0.077446 0.097420 0.248432 0.057417 0.043748 0.109557 0.164356 0.115407 0.731488 0.050594 1.000000 0.129908 0.095272 0.052984 0.195939 0.226757 0.137814 0.044847 0.130826 0.132121 0.069283 0.129713 0.611776 0.183229 0.172409 0.180943 0.119370 0.107887 0.165018 0.134242 0.092236 0.132464 0.104404 0.125909 0.087931 0.217742 0.091056 0.144574 0.098634 0.086916 0.105094 0.169474 0.102140 0.552062 0.090042 0.193843 0.123940 0.205970 0.101776 0.155693 0.091000 0.028923 0.199254 0.001941 0.097117 0.192383 0.137264 0.151154 0.128683 0.056216 0.139712 0.137923 0.043575 
0.747278 0.123380 0.091458 0.157420 0.145524 0.028021 0.359897 0.405205 0.452842 0.126774 0.274531 0.252882 0.405323 0.129908 1.000000 0.128512 0.211723 0.167983 0.224835 0.128818 0.144367 0.264141 0.142915 0.162107 0.245626 0.102442 0.174876 0.210497 0.236820 0.562503 0.320107 0.241568 0.534108 0.349478 0.115841 0.117772 0.271006 0.167621 0.027992 0.238122 0.207422 0.245686 0.222993 0.153102 0.147549 0.212364 0.050798 0.269801 0.134442 0.111570 0.112902 0.254251 0.231194 0.210142 0.114480 0.201454 0.132830 0.238210 0.064847 0.088538 0.150434 0.225585 0.313024 0.196001 0.116689 0.218387 
0.121886 0.150737 0.253541 0.124105 0.245349 0.124198 0.137163 0.240461 0.213076 0.506516 -0.050658 0.060086 -0.001576 0.095272 0.128512 1.000000 0.167930 0.173704 0.137354 0.195566 -0.014304 0.166983 0.763884 0.411042 0.247584 0.043810 0.245077 0.390828 0.309539 0.138571 0.281789 0.133513 0.124568 0.283654 0.171846 0.241801 0.199689 0.159193 0.150055 0.189567 0.255713 0.170467 0.205156 0.143595 0.209052 0.249481 0.160860 0.256364 0.566464 0.177519 0.142281 0.216853 0.286749 0.169531 0.305839 0.557794 0.205971 0.189371 0.123292 0.216378 0.358562 0.198450 0.204361 0.311547 0.119139 0.164519 
0.227800 0.065928 0.074641 0.082642 0.399250 0.135082 0.685683 0.176384 0.391913 0.219128 0.040809 0.061848 0.261656 0.052984 0.211723 0.167930 1.000000 0.134787 0.159706 0.108739 0.029583 0.271881 0.236366 0.214041 0.144210 0.031646 0.158285 0.263872 0.214883 0.234470 0.189210 0.412314 0.246425 0.183260 0.162801 0.192037 0.123746 0.040203 0.093053 0.182346 0.111262 0.188158 0.280592 0.060691 0.163903 0.160809 0.113481 0.207304 0.171008 0.059345 0.176117 0.186246 0.101427 0.084013 0.248563 0.278027 0.353556 0.206540 0.098462 0.165676 0.211893 0.209920 0.269420 0.167866 0.080359 0.354854 
0.161372 0.120765 0.111826 0.139950 0.126452 0.154530 0.199284 0.243089 0.214190 0.224793 0.125516 0.115868 0.078318 0.195939 0.167983 0.173704 0.134787 1.000000 0.258365 0.555075 0.025376 0.349831 0.208534 0.294382 0.212869 0.124433 0.202458 0.066028 0.224377 0.236962 0.248855 0.056359 0.283497 0.125037 0.310784 0.193009 0.175202 0.228942 0.104697 0.154251 0.147678 0.127505 0.115411 0.100644 0.250776 0.155180 0.243698 0.117691 0.219180 0.213012 0.191662 0.166140 0.189638 0.097905 0.075538 0.268035 0.074771 0.115689 0.250495 0.160899 0.151645 0.159871 0.127822 0.181031 0.106078 0.096238 
0.282215 0.172916 0.091777 0.042317 0.146714 0.150177 0.097130 0.188118 0.124918 0.123441 0.127122 0.363737 0.059408 0.226757 0.224835 0.137354 0.159706 0.258365 1.000000 0.386802 -0.001581 0.173546 0.171383 0.157929 0.078610 0.335619 0.302458 0.145799 0.083074 0.379284 0.182887 0.100844 0.317757 0.182677 0.246005 0.197892 0.093543 0.040600 0.132525 0.110975 0.177394 0.100326 0.065710 0.080288 0.125979 0.114655 0.067181 0.098617 0.130041 0.018032 0.134338 0.131375 0.228065 0.051054 0.086702 0.183940 0.114276 0.105775 0.171012 0.070748 0.068369 0.141507 0.150112 0.151551 0.056001 0.140675 
0.211824 0.171052 0.216852 0.136205 0.084429 0.114371 0.164350 0.266131 0.175570 0.197746 0.057833 0.107252 0.088211 0.137814 0.128818 0.195566 0.108739 0.555075 0.386802 1.000000 0.030152 0.250725 0.180833 0.166931 0.189861 0.129699 0.451042 0.124866 0.234784 0.178627 0.350795 0.056220 0.133704 0.173692 0.204684 0.133089 0.122929 0.144497 0.130077 0.139626 0.132036 0.113333 0.128166 0.105457 0.266563 0.112162 0.252744 0.091350 0.170626 0.167584 0.193563 0.186722 0.239047 0.082383 0.150170 0.170828 0.126995 0.129987 0.270160 0.156655 0.153691 0.167275 0.126648 0.170914 0.043749 0.045332 
0.067406 0.127672 0.162703 0.829287 0.031680 -0.050391 0.124690 0.220625 0.093366 0.199221 0.379156 0.043549 0.600070 0.044847 0.144367 -0.014304 0.029583 0.025376 -0.001581 0.030152 1.000000 0.104232 0.060057 0.114679 0.479336 -0.015882 0.042271 0.009452 0.081583 0.036075 0.064388 0.097635 0.106442 0.111793 0.064706 0.089510 0.258632 0.057415 0.054383 0.103347 0.171487 0.047449 0.101919 0.105681 0.096893 0.100433 0.092206 0.017396 0.016821 0.114920 -0.002107 0.066455 -0.000974 0.231727 0.104943 0.072554 -0.022062 0.140084 0.077830 0.054444 0.038505 0.145963 0.044079 0.076575 -0.059880 0.019592 
0.411757 0.163599 0.086409 0.187861 0.171364 0.066490 0.257413 0.265595 0.195088 0.376734 0.098197 0.141277 0.219769 0.130826 0.264141 0.166983 0.271881 0.349831 0.173546 0.250725 0.104232 1.000000 0.215880 0.637438 0.351500 0.136352 0.437404 0.156360 0.543894 0.431172 0.497662 0.131384 0.466216 0.234424 0.261098 0.252925 0.217229 0.244680 0.083066 0.250335 0.179968 0.226257 0.211899 0.129315 0.178058 0.269002 0.173158 0.241056 0.173222 0.221758 0.206261 0.181569 0.213710 0.160449 0.312861 0.281937 0.257058 0.186731 0.051166 0.150266 0.172536 0.293905 0.288967 0.309968 0.143392 0.293673 
0.119035 0.242218 0.329035 0.156425 0.338179 0.100466 0.190613 0.243644 0.215308 0.468521 0.048724 0.111888 0.076173 0.132121 0.142915 0.763884 0.236366 0.208534 0.171383 0.180833 0.060057 0.215880 1.000000 0.395063 0.190798 0.065757 0.222751 0.283809 0.243730 0.136813 0.210898 0.142352 0.128863 0.285248 0.309512 0.256389 0.251827 0.260568 0.155256 0.213284 0.307031 0.180394 0.255501 0.193079 0.236510 0.336241 0.173589 0.304637 0.461643 0.226971 0.127974 0.221162 0.227435 0.248890 0.310330 0.695968 0.166043 0.244313 0.138946 0.212419 0.315982 0.187733 0.232041 0.317326 0.213843 0.205195 
0.185538 0.134360 0.210341 0.206314 0.276361 0.165900 0.185246 0.217469 0.202665 0.417466 0.008524 0.126652 0.182194 0.069283 0.162107 0.411042 0.214041 0.294382 0.157929 0.166931 0.114679 0.637438 0.395063 1.000000 0.322306 0.126474 0.361325 0.224451 0.354272 0.210985 0.262431 0.154091 0.213374 0.202196 0.234277 0.246679 0.131978 0.174827 0.132901 0.254749 0.143474 0.211963 0.081941 0.063918 0.191146 0.231672 0.105588 0.229449 0.205940 0.186085 0.199938 0.152085 0.194860 0.079247 0.238455 0.276905 0.256142 0.080606 0.112353 0.071266 0.154198 0.160971 0.195353 0.245768 0.155181 0.205739 
0.215536 0.214042 0.184021 0.654163 0.106078 0.063545 0.187844 0.416228 0.165254 0.692474 0.210038 0.138406 0.304427 0.129713 0.245626 0.247584 0.144210 0.212869 0.078610 0.189861 0.479336 0.351500 0.190798 0.322306 1.000000 0.058935 0.294948 0.212504 0.326942 0.181397 0.305521 0.117787 0.222085 0.200080 0.203230 0.236278 0.250631 0.193555 0.042614 0.266721 0.181489 0.199078 0.158465 0.138546 0.233747 0.178882 0.201050 0.188682 0.211466 0.267646 0.135956 0.209124 0.242735 0.173023 0.203983 0.208417 0.075886 0.216920 0.150600 0.098250 0.258897 0.222469 0.167248 0.269836 0.072849 0.111805 
0.120764 0.116436 0.049483 -0.007213 0.144616 0.275836 0.040094 0.045946 0.137208 0.109960 0.086953 0.565968 0.015474 0.611776 0.102442 0.043810 0.031646 0.124433 0.335619 0.129699 -0.015882 0.136352 0.065757 0.126474 0.058935 1.000000 0.151069 0.164391 0.105015 0.157370 0.123475 0.136959 0.123961 0.099856 0.063861 0.056278 0.020128 -0.017903 0.222766 0.027066 0.137284 0.028320 0.065024 0.007385 0.121896 0.065279 0.343845 0.023771 0.026587 -0.011195 0.309324 0.110297 0.228691 0.000739 0.029353 0.088598 0.012382 0.077859 0.291727 0.089523 0.114366 0.096372 0.047821 0.100817 0.040153 0.021192 
0.248304 0.269951 0.252979 0.162501 0.115826 0.256607 0.141174 0.255809 0.152947 0.310291 0.066171 0.172063 0.100365 0.183229 0.174876 0.245077 0.158285 0.202458 0.302458 0.451042 0.042271 0.437404 0.222751 0.361325 0.294948 0.151069 1.000000 0.445065 0.351252 0.300242 0.338749 0.062311 0.250363 0.156984 0.231704 0.174507 0.212532 0.140476 0.200701 0.162335 0.163835 0.172344 0.194927 0.121283 0.252821 0.137695 0.203588 0.136301 0.143338 0.125881 0.164152 0.130773 0.205277 0.148321 0.150191 0.213980 0.125748 0.195791 0.168566 0.088626 0.237858 0.167530 0.063829 0.170658 0.154889 0.012471 
0.143145 0.188919 0.144647 0.085239 0.103595 0.352704 0.215713 0.145504 0.286328 0.293779 0.045569 0.187612 0.058318 0.172409 0.210497 0.390828 0.263872 0.066028 0.145799 0.124866 0.009452 0.156360 0.283809 0.224451 0.212504 0.164391 0.445065 1.000000 0.310242 0.166921 0.072086 0.181016 0.144505 0.092275 0.138834 0.198584 0.116775 0.012697 0.291104 0.020328 0.150599 0.077475 0.235851 0.064233 0.127434 0.039116 0.117929 0.111132 0.290976 -0.021298 0.122709 0.152469 0.150864 0.098678 0.142668 0.324687 0.165319 0.194594 0.120162 0.237210 0.617189 0.192037 0.034388 0.149134 0.021405 0.016005 
0.265699 0.185950 0.248435 0.150918 0.146062 0.094340 0.262611 0.182000 0.259316 0.414324 0.079575 0.176204 0.164230 0.180943 0.236820 0.309539 0.214883 0.224377 0.083074 0.234784 0.081583 0.543894 0.243730 0.354272 0.326942 0.105015 0.351252 0.310242 1.000000 0.240445 0.366192 0.224877 0.228129 0.278120 0.220112 0.310940 0.255581 0.218046 0.134846 0.229677 0.242483 0.196647 0.203419 0.097750 0.247863 0.223173 0.253085 0.224366 0.260797 0.222735 0.264452 0.287111 0.293069 0.173089 0.228768 0.313447 0.214551 0.207202 0.145163 0.138254 0.279139 0.256630 0.245533 0.274381 0.136363 0.199905 
0.736191 0.152420 0.055275 0.083412 0.186502 0.063759 0.259778 0.305452 0.356356 0.141699 0.113717 0.117587 0.188251 0.119370 0.562503 0.138571 0.234470 0.236962 0.379284 0.178627 0.036075 0.431172 0.136813 0.210985 0.181397 0.157370 0.300242 0.166921 0.240445 1.000000 0.465023 0.269692 0.896763 0.268998 0.128630 0.108394 0.152844 0.138426 0.077425 0.226903 0.168274 0.160490 0.170288 0.055616 0.102082 0.231092 0.054992 0.199630 0.103870 0.151709 0.114971 0.211764 0.203138 0.086922 0.148325 0.191015 0.179926 0.136370 0.091971 0.104442 0.152507 0.206831 0.348178 0.223550 0.142150 0.327588 
0.620414 0.150345 0.173523 0.160190 0.119003 -0.029709 0.221451 0.490676 0.162591 0.263106 0.068467 0.104694 0.187072 0.107887 0.320107 0.281789 0.189210 0.248855 0.182887 0.350795 0.064388 0.497662 0.210898 0.262431 0.305521 0.123475 0.338749 0.072086 0.366192 0.465023 1.000000 0.070964 0.426398 0.333779 0.183525 0.258643 0.227507 0.160735 0.059241 0.228298 0.280479 0.186934 0.263776 0.135875 0.223241 0.276193 0.172398 0.182781 0.232480 0.178796 0.196338 0.206120 0.294275 0.157104 0.289491 0.267768 0.209691 0.249591 0.090021 0.152863 0.143552 0.289031 0.299210 0.439798 0.088070 0.217988 
0.174717 0.090282 0.155715 0.111393 0.523887 0.311665 0.390780 0.089081 0.546494 0.109191 0.080082 0.175852 0.162793 0.165018 0.241568 0.133513 0.412314 0.056359 0.100844 0.056220 0.097635 0.131384 0.142352 0.154091 0.117787 0.136959 0.062311 0.181016 0.224877 0.269692 0.070964 1.000000 0.271439 0.132156 0.106022 0.078646 0.088700 0.017613 0.206689 0.096044 0.071868 0.112999 0.067870 0.010143 0.088250 0.095413 0.115609 0.126740 0.075323 0.067441 0.190700 0.129673 0.054638 0.029505 0.136884 0.126834 0.239458 0.051100 0.152301 0.018045 0.150247 0.067234 0.206905 0.067918 0.045023 0.271681 
0.702442 0.167854 0.056117 0.128912 0.147254 0.079868 0.289721 0.261050 0.360254 0.123171 0.168185 0.129985 0.285740 0.134242 0.534108 0.124568 0.246425 0.283497 0.317757 0.133704 0.106442 0.466216 0.128863 0.213374 0.222085 0.123961 0.250363 0.144505 0.228129 0.896763 0.426398 0.271439 1.000000 0.222937 0.148994 0.117377 0.147142 0.167982 0.096238 0.210344 0.149101 0.162881 0.173154 0.066031 0.083144 0.201369 0.074494 0.203155 0.091658 0.180562 0.115999 0.170715 0.144825 0.088094 0.181071 0.176474 0.200360 0.130387 0.062429 0.100081 0.156609 0.210305 0.359404 0.209394 0.171020 0.378884 
0.402545 0.137149 0.154293 0.141979 0.176959 -0.047197 0.259098 0.486315 0.203462 0.200064 0.262901 0.199913 0.162007 0.092236 0.349478 0.283654 0.183260 0.125037 0.182677 0.173692 0.111793 0.234424 0.285248 0.202196 0.200080 0.099856 0.156984 0.092275 0.278120 0.268998 0.333779 0.132156 0.222937 1.000000 0.173650 0.248709 0.329158 0.199355 0.004868 0.364527 0.559614 0.427611 0.243434 0.345379 0.289390 0.424240 0.119218 0.572992 0.220122 0.252847 0.222438 0.447571 0.507239 0.320031 0.164458 0.325412 0.157442 0.355766 0.100467 0.193460 0.145711 0.180782 0.608412 0.435964 0.133217 0.359087 
0.107527 0.405260 0.126814 0.162428 0.243072 0.023875 0.143246 0.214449 0.168747 0.169819 0.110365 0.236754 0.056975 0.132464 0.115841 0.171846 0.162801 0.310784 0.246005 0.204684 0.064706 0.261098 0.309512 0.234277 0.203230 0.063861 0.231704 0.138834 0.220112 0.128630 0.183525 0.106022 0.148994 0.173650 1.000000 0.526162 0.244648 0.185569 0.093406 0.156871 0.193345 0.219278 0.166583 0.164031 0.175101 0.214907 0.145129 0.230282 0.163137 0.089248 0.198192 0.201148 0.117973 0.212015 0.200577 0.304587 0.180827 0.238292 0.103069 0.110375 0.176563 0.205887 0.106174 0.150524 0.202569 0.091016 
0.120478 0.090450 0.250941 0.161218 0.113988 0.037872 0.168572 0.245466 0.145508 0.259254 0.041847 0.118895 0.087928 0.104404 0.117772 0.241801 0.192037 0.193009 0.197892 0.133089 0.089510 0.252925 0.256389 0.246679 0.236278 0.056278 0.174507 0.198584 0.310940 0.108394 0.258643 0.078646 0.117377 0.248709 0.526162 1.000000 0.240048 0.261523 0.132888 0.148788 0.294594 0.110339 0.173553 0.097965 0.166440 0.188730 0.138016 0.128174 0.335781 0.133439 0.206838 0.168796 0.209838 0.148977 0.257741 0.461784 0.336932 0.236875 0.103968 0.199228 0.223017 0.325716 0.167846 0.280034 0.156655 0.114741 
0.162826 0.161723 0.212092 0.356987 0.114486 -0.015176 0.240559 0.289234 0.170558 0.242914 0.188240 0.120462 0.238545 0.125909 0.271006 0.199689 0.123746 0.175202 0.093543 0.122929 0.258632 0.217229 0.251827 0.131978 0.250631 0.020128 0.212532 0.116775 0.255581 0.152844 0.227507 0.088700 0.147142 0.329158 0.244648 0.240048 1.000000 0.170379 0.009813 0.228988 0.424240 0.219405 0.476649 0.390061 0.215137 0.482956 0.210039 0.268751 0.269490 0.226319 0.203453 0.225136 0.267844 0.808587 0.128519 0.339204 0.075285 0.691660 0.081550 0.170485 0.189456 0.346048 0.281096 0.263262 0.097448 0.228942 
0.142481 0.094525 0.130081 0.163206 -0.002420 0.056621 0.093375 0.087954 0.086921 0.306648 0.095565 0.045334 0.079892 0.087931 0.167621 0.159193 0.040203 0.228942 0.040600 0.144497 0.057415 0.244680 0.260568 0.174827 0.193555 -0.017903 0.140476 0.012697 0.218046 0.138426 0.160735 0.017613 0.167982 0.199355 0.185569 0.261523 0.170379 1.000000 0.072901 0.267604 0.193406 0.206709 0.198192 0.162612 0.178620 0.145964 0.105280 0.199646 0.197998 0.598351 0.072838 0.162266 0.169248 0.153143 0.154827 0.369177 0.050898 0.188939 0.040695 0.097796 0.128038 0.174632 0.186715 0.221059 0.557791 0.140467 
0.048224 0.152334 0.146240 0.062382 0.088619 0.539712 0.117642 0.038293 0.170621 0.094722 0.093482 0.176897 0.083334 0.217742 0.027992 0.150055 0.093053 0.104697 0.132525 0.130077 0.054383 0.083066 0.155256 0.132901 0.042614 0.222766 0.200701 0.291104 0.134846 0.077425 0.059241 0.206689 0.096238 0.004868 0.093406 0.132888 0.009813 0.072901 1.000000 -0.005847 0.099837 -0.034553 0.014620 0.055899 0.132900 0.001777 0.152477 -0.008189 0.046233 0.054224 0.166945 0.162821 0.025287 -0.012520 0.065437 0.136186 0.127895 0.047262 0.227105 0.121917 0.304006 0.121157 0.016247 0.038717 0.195209 -0.016435 
0.249204 0.066040 0.170518 0.211317 0.151485 -0.050850 0.268558 0.255267 0.191208 0.347192 0.088431 0.119839 0.146390 0.091056 0.238122 0.189567 0.182346 0.154251 0.110975 0.139626 0.103347 0.250335 0.213284 0.254749 0.266721 0.027066 0.162335 0.020328 0.229677 0.226903 0.228298 0.096044 0.210344 0.364527 0.156871 0.148788 0.228988 0.267604 -0.005847 1.000000 0.235999 0.784666 0.107822 0.228678 0.155678 0.555727 0.098897 0.562784 0.146149 0.666282 0.119787 0.276102 0.261260 0.151865 0.112231 0.246846 0.041918 0.152446 0.035616 0.113342 0.026671 0.244981 0.251940 0.152080 0.292881 0.226091 
0.226212 0.186639 0.211289 0.229161 0.152605 0.015356 0.176820 0.476534 0.123004 0.232172 0.272169 0.210016 0.149464 0.144574 0.207422 0.255713 0.111262 0.147678 0.177394 0.132036 0.171487 0.179968 0.307031 0.143474 0.181489 0.137284 0.163835 0.150599 0.242483 0.168274 0.280479 0.071868 0.149101 0.559614 0.193345 0.294594 0.424240 0.193406 0.099837 0.235999 1.000000 0.203577 0.374961 0.431642 0.223882 0.404264 0.149245 0.337083 0.274839 0.203527 0.270267 0.286300 0.355038 0.446998 0.207552 0.345178 0.160082 0.560788 0.065827 0.152339 0.168827 0.242718 0.330498 0.527222 0.172145 0.232751 
0.207777 0.119452 0.149659 0.151793 0.136600 -0.024814 0.234762 0.203646 0.185493 0.194408 0.086460 0.140731 0.092504 0.098634 0.245686 0.170467 0.188158 0.127505 0.100326 0.113333 0.047449 0.226257 0.180394 0.211963 0.199078 0.028320 0.172344 0.077475 0.196647 0.160490 0.186934 0.112999 0.162881 0.427611 0.219278 0.110339 0.219405 0.206709 -0.034553 0.784666 0.203577 1.000000 0.098611 0.220250 0.152934 0.360466 0.078796 0.729313 0.104804 0.435463 0.090640 0.262088 0.255422 0.158054 0.060797 0.198869 0.008150 0.146077 0.045535 0.104108 0.069128 0.148614 0.258029 0.128249 0.305602 0.234085 
0.198451 0.169937 0.175726 0.191012 0.143056 0.009890 0.296435 0.199510 0.248139 0.328660 0.101939 0.093381 0.184609 0.086916 0.222993 0.205156 0.280592 0.115411 0.065710 0.128166 0.101919 0.211899 0.255501 0.081941 0.158465 0.065024 0.194927 0.235851 0.203419 0.170288 0.263776 0.067870 0.173154 0.243434 0.166583 0.173553 0.476649 0.198192 0.014620 0.107822 0.374961 0.098611 1.000000 0.346715 0.157508 0.330331 0.156875 0.212025 0.286580 0.209751 0.158253 0.114687 0.205685 0.598610 0.237366 0.408187 0.201982 0.840641 0.044119 0.222240 0.286365 0.331673 0.228457 0.251277 0.044803 0.209847 
0.143267 0.086866 0.093095 0.152030 0.084979 -0.023897 0.107728 0.266913 0.033487 0.214275 0.272171 0.121452 0.102931 0.105094 0.153102 0.143595 0.060691 0.100644 0.080288 0.105457 0.105681 0.129315 0.193079 0.063918 0.138546 0.007385 0.121283 0.064233 0.097750 0.055616 0.135875 0.010143 0.066031 0.345379 0.164031 0.097965 0.390061 0.162612 0.055899 0.228678 0.431642 0.220250 0.346715 1.000000 0.146918 0.535199 0.079574 0.338380 0.174636 0.208597 0.099730 0.166627 0.207701 0.559525 0.027649 0.234227 0.034052 0.453441 -0.001253 0.147476 0.144086 0.234620 0.146351 0.163519 0.051276 0.079293 
0.138076 0.255765 0.271624 0.138495 0.141924 0.050519 0.150619 0.259420 0.136802 0.246729 0.165768 0.142500 0.099577 0.169474 0.147549 0.209052 0.163903 0.250776 0.125979 0.266563 0.096893 0.178058 0.236510 0.191146 0.233747 0.121896 0.252821 0.127434 0.247863 0.102082 0.223241 0.088250 0.083144 0.289390 0.175101 0.166440 0.215137 0.178620 0.132900 0.155678 0.223882 0.152934 0.157508 0.146918 1.000000 0.125067 0.677772 0.210863 0.189233 0.154835 0.155887 0.604707 0.260254 0.147875 0.152975 0.211091 0.074641 0.190165 0.452691 0.093797 0.204940 0.182576 0.162699 0.225120 0.180281 0.067428 
0.253633 0.114110 0.175442 0.165179 0.186478 -0.064370 0.239504 0.309100 0.176877 0.251112 0.101965 0.158406 0.176333 0.102140 0.212364 0.249481 0.160809 0.155180 0.114655 0.112162 0.100433 0.269002 0.336241 0.231672 0.178882 0.065279 0.137695 0.039116 0.223173 0.231092 0.276193 0.095413 0.201369 0.424240 0.214907 0.188730 0.482956 0.145964 0.001777 0.555727 0.404264 0.360466 0.330331 0.535199 0.125067 1.000000 0.092615 0.491080 0.241580 0.310445 0.164185 0.217634 0.241825 0.627304 0.095881 0.332859 0.075836 0.371557 0.026374 0.196627 0.123552 0.296235 0.309417 0.284958 0.141307 0.285644 
0.061845 0.183934 0.273605 0.139591 0.096032 0.133659 0.146415 0.110655 0.131122 0.229936 0.116450 0.292684 0.085926 0.552062 0.050798 0.160860 0.113481 0.243698 0.067181 0.252744 0.092206 0.173158 0.173589 0.105588 0.201050 0.343845 0.203588 0.117929 0.253085 0.054992 0.172398 0.115609 0.074494 0.119218 0.145129 0.138016 0.210039 0.105280 0.152477 0.098897 0.149245 0.078796 0.156875 0.079574 0.677772 0.092615 1.000000 0.091926 0.237169 0.113173 0.176735 0.326781 0.142417 0.129275 0.131307 0.217835 0.042868 0.175324 0.400872 0.118531 0.195581 0.181331 0.060554 0.157114 0.081505 0.018795 
0.247056 0.110874 0.076683 0.109896 0.141458 0.024955 0.233627 0.209871 0.153693 0.207252 0.081951 0.184503 0.088704 0.090042 0.269801 0.256364 0.207304 0.117691 0.098617 0.091350 0.017396 0.241056 0.304637 0.229449 0.188682 0.023771 0.136301 0.111132 0.224366 0.199630 0.182781 0.126740 0.203155 0.572992 0.230282 0.128174 0.268751 0.199646 -0.008189 0.562784 0.337083 0.729313 0.212025 0.338380 0.210863 0.491080 0.091926 1.000000 0.161292 0.350766 0.103496 0.343885 0.264853 0.296187 0.149896 0.267182 0.106606 0.269465 0.031288 0.150273 0.157683 0.187318 0.457808 0.233184 0.329296 0.414665 
0.113622 0.156872 0.249850 0.105032 0.172750 0.055061 0.114696 0.210738 0.180109 0.393041 -0.001411 0.133977 0.058679 0.193843 0.134442 0.566464 0.171008 0.219180 0.130041 0.170626 0.016821 0.173222 0.461643 0.205940 0.211466 0.026587 0.143338 0.290976 0.260797 0.103870 0.232480 0.075323 0.091658 0.220122 0.163137 0.335781 0.269490 0.197998 0.046233 0.146149 0.274839 0.104804 0.286580 0.174636 0.189233 0.241580 0.237169 0.161292 1.000000 0.168400 0.235501 0.158912 0.300127 0.217224 0.272735 0.725994 0.325558 0.251282 0.104155 0.233489 0.432955 0.284952 0.176141 0.342588 0.053044 0.158283 
0.121271 0.049206 0.181261 0.228808 0.084910 0.034157 0.170594 0.114950 0.098989 0.430927 0.083650 0.090878 0.106276 0.123940 0.111570 0.177519 0.059345 0.213012 0.018032 0.167584 0.114920 0.221758 0.226971 0.186085 0.267646 -0.011195 0.125881 -0.021298 0.222735 0.151709 0.178796 0.067441 0.180562 0.252847 0.089248 0.133439 0.226319 0.598351 0.054224 0.666282 0.203527 0.435463 0.209751 0.208597 0.154835 0.310445 0.113173 0.350766 0.168400 1.000000 0.075020 0.259974 0.217468 0.188943 0.155100 0.294513 0.019455 0.236883 0.019838 0.096909 0.113357 0.247270 0.261530 0.200603 0.368048 0.217321 
0.128756 0.201524 0.185062 0.073506 0.182933 0.119809 0.136700 0.208558 0.200025 0.172010 0.034394 0.216516 0.026376 0.205970 0.112902 0.142281 0.176117 0.191662 0.134338 0.193563 -0.002107 0.206261 0.127974 0.199938 0.135956 0.309324 0.164152 0.122709 0.264452 0.114971 0.196338 0.190700 0.115999 0.222438 0.198192 0.206838 0.203453 0.072838 0.166945 0.119787 0.270267 0.090640 0.158253 0.099730 0.155887 0.164185 0.176735 0.103496 0.235501 0.075020 1.000000 0.209231 0.462531 0.131941 0.184490 0.207384 0.365864 0.192940 0.158553 0.041381 0.136727 0.180900 0.131970 0.237861 0.070625 0.136076 
0.232975 0.213720 0.179461 0.117061 0.114208 0.036526 0.189989 0.292838 0.147514 0.209209 0.129631 0.139920 0.083577 0.101776 0.254251 0.216853 0.186246 0.166140 0.131375 0.186722 0.066455 0.181569 0.221162 0.152085 0.209124 0.110297 0.130773 0.152469 0.287111 0.211764 0.206120 0.129673 0.170715 0.447571 0.201148 0.168796 0.225136 0.162266 0.162821 0.276102 0.286300 0.262088 0.114687 0.166627 0.604707 0.217634 0.326781 0.343885 0.158912 0.259974 0.209231 1.000000 0.491262 0.167290 0.152054 0.174706 0.093419 0.216636 0.212678 0.116161 0.197860 0.251200 0.345179 0.254120 0.227467 0.220293 
0.256987 0.179597 0.115302 0.092458 0.124868 -0.033791 0.102837 0.346612 0.121455 0.302676 0.111787 0.197060 0.031891 0.155693 0.231194 0.286749 0.101427 0.189638 0.228065 0.239047 -0.000974 0.213710 0.227435 0.194860 0.242735 0.228691 0.205277 0.150864 0.293069 0.203138 0.294275 0.054638 0.144825 0.507239 0.117973 0.209838 0.267844 0.169248 0.025287 0.261260 0.355038 0.255422 0.205685 0.207701 0.260254 0.241825 0.142417 0.264853 0.300127 0.217468 0.462531 0.491262 1.000000 0.194127 0.133446 0.295018 0.098459 0.272243 0.079961 0.247889 0.150922 0.271176 0.323838 0.428708 0.110710 0.184124 
0.128392 0.160837 0.182030 0.283478 0.072096 -0.038260 0.195415 0.229582 0.097458 0.187250 0.156498 0.104383 0.183856 0.091000 0.210142 0.169531 0.084013 0.097905 0.051054 0.082383 0.231727 0.160449 0.248890 0.079247 0.173023 0.000739 0.148321 0.098678 0.173089 0.086922 0.157104 0.029505 0.088094 0.320031 0.212015 0.148977 0.808587 0.153143 -0.012520 0.151865 0.446998 0.158054 0.598610 0.559525 0.147875 0.627304 0.129275 0.296187 0.217224 0.188943 0.131941 0.167290 0.194127 1.000000 0.105841 0.283728 0.046313 0.727173 0.052899 0.186051 0.183830 0.274403 0.251383 0.245013 0.086678 0.210803 
0.184809 0.161707 0.175276 0.160782 0.189683 0.052809 0.150375 0.176243 0.108557 0.283795 0.031206 0.071357 0.136519 0.028923 0.114480 0.305839 0.248563 0.075538 0.086702 0.150170 0.104943 0.312861 0.310330 0.238455 0.203983 0.029353 0.150191 0.142668 0.228768 0.148325 0.289491 0.136884 0.181071 0.164458 0.200577 0.257741 0.128519 0.154827 0.065437 0.112231 0.207552 0.060797 0.237366 0.027649 0.152975 0.095881 0.131307 0.149896 0.272735 0.155100 0.184490 0.152054 0.133446 0.105841 1.000000 0.283095 0.702545 0.178138 0.113602 0.265130 0.177286 0.269115 0.289812 0.341680 0.109763 0.353903 
0.158135 0.171764 0.229555 0.170189 0.280899 0.080853 0.229371 0.287807 0.259642 0.448054 0.124208 0.162934 0.138668 0.199254 0.201454 0.557794 0.278027 0.268035 0.183940 0.170828 0.072554 0.281937 0.695968 0.276905 0.208417 0.088598 0.213980 0.324687 0.313447 0.191015 0.267768 0.126834 0.176474 0.325412 0.304587 0.461784 0.339204 0.369177 0.136186 0.246846 0.345178 0.198869 0.408187 0.234227 0.211091 0.332859 0.217835 0.267182 0.725994 0.294513 0.207384 0.174706 0.295018 0.283728 0.283095 1.000000 0.328277 0.344241 0.127279 0.276328 0.391826 0.260974 0.229591 0.325717 0.136867 0.167176 
0.196645 0.145584 0.137833 0.040667 0.237480 0.091289 0.241894 0.136559 0.228413 0.125937 -0.002899 0.089324 0.111930 0.001941 0.132830 0.205971 0.353556 0.074771 0.114276 0.126995 -0.022062 0.257058 0.166043 0.256142 0.075886 0.012382 0.125748 0.165319 0.214551 0.179926 0.209691 0.239458 0.200360 0.157442 0.180827 0.336932 0.075285 0.050898 0.127895 0.041918 0.160082 0.008150 0.201982 0.034052 0.074641 0.075836 0.042868 0.106606 0.325558 0.019455 0.365864 0.093419 0.098459 0.046313 0.702545 0.328277 1.000000 0.148097 0.146009 0.228017 0.219376 0.149889 0.249473 0.142011 0.019622 0.330442 
0.181275 0.206075 0.184622 0.252580 0.108418 0.013248 0.274722 0.268101 0.178129 0.303512 0.172847 0.116503 0.174798 0.097117 0.238210 0.189371 0.206540 0.115689 0.105775 0.129987 0.140084 0.186731 0.244313 0.080606 0.216920 0.077859 0.195791 0.194594 0.207202 0.136370 0.249591 0.051100 0.130387 0.355766 0.238292 0.236875 0.691660 0.188939 0.047262 0.152446 0.560788 0.146077 0.840641 0.453441 0.190165 0.371557 0.175324 0.269465 0.251282 0.236883 0.192940 0.216636 0.272243 0.727173 0.178138 0.344241 0.148097 1.000000 0.061908 0.221325 0.272100 0.372062 0.295918 0.297010 0.101134 0.227252 
0.076760 0.153420 0.218018 0.102821 0.077938 0.229015 0.157688 0.076138 0.151798 0.129485 0.019388 0.158040 0.101494 0.192383 0.064847 0.123292 0.098462 0.250495 0.171012 0.270160 0.077830 0.051166 0.138946 0.112353 0.150600 0.291727 0.168566 0.120162 0.145163 0.091971 0.090021 0.152301 0.062429 0.100467 0.103069 0.103968 0.081550 0.040695 0.227105 0.035616 0.065827 0.045535 0.044119 -0.001253 0.452691 0.026374 0.400872 0.031288 0.104155 0.019838 0.158553 0.212678 0.079961 0.052899 0.113602 0.127279 0.146009 0.061908 1.000000 0.117846 0.178186 0.026291 0.150364 0.097121 0.025577 0.105538 
0.114324 0.072047 -0.019554 0.063190 0.024644 0.139805 0.117703 0.164616 0.094327 0.103423 0.062426 0.092917 0.009825 0.137264 0.088538 0.216378 0.165676 0.160899 0.070748 0.156655 0.054444 0.150266 0.212419 0.071266 0.098250 0.089523 0.088626 0.237210 0.138254 0.104442 0.152863 0.018045 0.100081 0.193460 0.110375 0.199228 0.170485 0.097796 0.121917 0.113342 0.152339 0.104108 0.222240 0.147476 0.093797 0.196627 0.118531 0.150273 0.233489 0.096909 0.041381 0.116161 0.247889 0.186051 0.265130 0.276328 0.228017 0.221325 0.117846 1.000000 0.491863 0.333463 0.194139 0.220366 0.149469 0.119933 
0.117203 0.220866 0.143335 0.107955 0.074730 0.301372 0.213300 0.153421 0.249530 0.325596 0.056383 0.129227 0.083366 0.151154 0.150434 0.358562 0.211893 0.151645 0.068369 0.153691 0.038505 0.172536 0.315982 0.154198 0.258897 0.114366 0.237858 0.617189 0.279139 0.152507 0.143552 0.150247 0.156609 0.145711 0.176563 0.223017 0.189456 0.128038 0.304006 0.026671 0.168827 0.069128 0.286365 0.144086 0.204940 0.123552 0.195581 0.157683 0.432955 0.113357 0.136727 0.197860 0.150922 0.183830 0.177286 0.391826 0.219376 0.272100 0.178186 0.491863 1.000000 0.315949 0.102197 0.172046 0.139394 0.050256 
0.227472 0.156769 0.130418 0.172609 0.104196 0.062068 0.198548 0.251116 0.169025 0.277296 0.057838 0.141831 0.197634 0.128683 0.225585 0.198450 0.209920 0.159871 0.141507 0.167275 0.145963 0.293905 0.187733 0.160971 0.222469 0.096372 0.167530 0.192037 0.256630 0.206831 0.289031 0.067234 0.210305 0.180782 0.205887 0.325716 0.346048 0.174632 0.121157 0.244981 0.242718 0.148614 0.331673 0.234620 0.182576 0.296235 0.181331 0.187318 0.284952 0.247270 0.180900 0.251200 0.271176 0.274403 0.269115 0.260974 0.149889 0.372062 0.026291 0.333463 0.315949 1.000000 0.251473 0.314136 0.091979 0.226513 
0.432337 0.098877 0.074306 0.088000 0.084357 0.025955 0.288606 0.296836 0.186719 0.160051 0.091575 0.081303 0.181922 0.056216 0.313024 0.204361 0.269420 0.127822 0.150112 0.126648 0.044079 0.288967 0.232041 0.195353 0.167248 0.047821 0.063829 0.034388 0.245533 0.348178 0.299210 0.206905 0.359404 0.608412 0.106174 0.167846 0.281096 0.186715 0.016247 0.251940 0.330498 0.258029 0.228457 0.146351 0.162699 0.309417 0.060554 0.457808 0.176141 0.261530 0.131970 0.345179 0.323838 0.251383 0.289812 0.229591 0.249473 0.295918 0.150364 0.194139 0.102197 0.251473 1.000000 0.521821 0.171907 0.850828 
0.325577 0.114406 0.168055 0.111429 0.077018 -0.011734 0.157819 0.369075 0.091783 0.307098 0.075282 0.184042 0.161122 0.139712 0.196001 0.311547 0.167866 0.181031 0.151551 0.170914 0.076575 0.309968 0.317326 0.245768 0.269836 0.100817 0.170658 0.149134 0.274381 0.223550 0.439798 0.067918 0.209394 0.435964 0.150524 0.280034 0.263262 0.221059 0.038717 0.152080 0.527222 0.128249 0.251277 0.163519 0.225120 0.284958 0.157114 0.233184 0.342588 0.200603 0.237861 0.254120 0.428708 0.245013 0.341680 0.325717 0.142011 0.297010 0.097121 0.220366 0.172046 0.314136 0.521821 1.000000 0.109413 0.443492 
0.127228 0.177179 0.147907 0.058753 0.032749 0.217982 0.048926 0.068397 0.031431 0.096147 -0.022327 0.108184 -0.038422 0.137923 0.116689 0.119139 0.080359 0.106078 0.056001 0.043749 -0.059880 0.143392 0.213843 0.155181 0.072849 0.040153 0.154889 0.021405 0.136363 0.142150 0.088070 0.045023 0.171020 0.133217 0.202569 0.156655 0.097448 0.557791 0.195209 0.292881 0.172145 0.305602 0.044803 0.051276 0.180281 0.141307 0.081505 0.329296 0.053044 0.368048 0.070625 0.227467 0.110710 0.086678 0.109763 0.136867 0.019622 0.101134 0.025577 0.149469 0.139394 0.091979 0.171907 0.109413 1.000000 0.179548 
0.333687 0.072221 0.068523 0.053799 0.122446 0.023361 0.300889 0.137520 0.201741 0.124134 0.005139 0.060779 0.181537 0.043575 0.218387 0.164519 0.354854 0.096238 0.140675 0.045332 0.019592 0.293673 0.205195 0.205739 0.111805 0.021192 0.012471 0.016005 0.199905 0.327588 0.217988 0.271681 0.378884 0.359087 0.091016 0.114741 0.228942 0.140467 -0.016435 0.226091 0.232751 0.234085 0.209847 0.079293 0.067428 0.285644 0.018795 0.414665 0.158283 0.217321 0.136076 0.220293 0.184124 0.210803 0.353903 0.167176 0.330442 0.227252 0.105538 0.119933 0.050256 0.226513 0.850828 0.443492 0.179548 1.000000 
