1.000000 0.042459 0.094752 0.114060 0.113680 -0.071966 0.222975 0.401009 0.179373 0.095531 0.134263 -0.007847 0.328994 -0.053228 0.580794 0.078201 0.171589 0.040478 0.223713 0.137969 0.133087 0.299948 0.117638 0.235765 0.197344 0.034379 0.098651 0.006318 0.118804 0.659158 0.519641 0.124488 0.640434 0.311657 0.033905 0.032250 0.036783 0.065546 0.018587 0.195492 0.073640 0.089616 0.197555 0.019348 0.002790 0.192118 0.002286 0.133928 0.132758 0.219469 0.103150 -0.023428 0.145957 0.086553 0.089984 0.188579 0.143143 0.138538 0.023881 0.046942 0.064958 0.155081 0.312360 0.153319 0.124469 0.315240 
0.042459 1.000000 0.364257 0.092188 0.041614 -0.106660 0.036228 0.025223 -0.035389 0.091316 0.042760 0.026319 -0.002257 0.057805 0.037531 0.140050 0.024242 0.086061 -0.011538 0.052429 0.041951 0.057854 0.250490 0.045695 0.051677 0.052640 -0.048897 0.002016 0.127684 0.085910 0.059548 -0.043741 0.099316 0.048836 0.439221 0.147054 0.092466 0.159409 -0.010857 0.092978 0.059734 0.057737 0.042438 -0.017907 0.177857 0.099032 0.128537 0.084472 0.086482 0.100939 0.231109 0.049703 0.136870 0.061786 0.066682 0.110101 0.067367 0.101052 -0.007091 -0.004544 0.068694 0.054837 0.050313 0.061117 0.066214 0.093040 
0.094752 0.364257 1.000000 0.017111 0.184099 -0.014225 0.045025 0.132175 0.116162 -0.001163 -0.004388 0.107483 0.017690 0.089828 0.100112 0.163100 0.014953 0.161007 0.049170 -0.007487 -0.004332 0.140385 0.205154 0.194002 -0.031702 0.000189 0.016130 -0.017593 0.135569 0.135771 0.116794 0.170028 0.146223 0.076366 0.062174 0.150607 0.070046 0.152474 0.010192 0.115833 0.097042 0.094088 0.040815 -0.002648 0.149886 0.048095 0.136513 0.008005 0.054711 0.150171 0.114597 0.079616 0.058359 0.041307 0.035524 0.086731 0.044826 0.073853 0.055810 0.010932 -0.018582 -0.078101 -0.052195 -0.016616 0.083950 -0.018782 
0.114060 0.092188 0.017111 1.000000 0.033387 -0.022766 0.066981 0.283570 0.026439 0.325799 0.211338 -0.038919 0.258527 -0.021369 0.073063 -0.003403 0.098812 0.010295 0.037624 0.074264 0.831548 0.082703 0.035877 0.030467 0.670263 -0.064512 0.073792 0.015406 0.132355 0.083850 0.019421 -0.000129 0.116425 0.123249 0.096029 0.089204 0.197482 0.091521 -0.071039 0.184876 0.071829 0.145056 0.181917 -0.005604 0.165726 0.043101 0.130007 0.085504 0.107857 0.192949 0.033086 0.034350 0.005563 0.136334 0.023606 0.172656 0.049083 0.151164 0.004654 0.024638 0.059256 0.052482 0.058879 0.087984 0.003995 0.091120 
0.113680 0.041614 0.184099 0.033387 1.000000 0.035423 0.080335 0.023799 0.513938 0.105989 0.017199 0.186025 -0.026381 0.073383 0.163163 0.165156 0.249620 0.100012 -0.050766 0.011309 0.021764 0.137650 0.240496 0.203614 0.004123 0.089347 0.014670 0.177636 0.055287 0.248636 0.035922 0.468280 0.239799 0.060165 0.132407 0.042090 0.036314 0.000614 -0.004423 0.043413 0.052924 0.043600 0.133577 0.046188 0.004103 0.038730 0.027321 0.056407 0.066672 0.045262 0.033594 -0.008977 0.051876 0.055911 0.098872 0.146748 0.078858 0.053731 0.038750 -0.025461 0.080335 -0.003077 0.112505 0.077836 0.066453 0.129130 
-0.071966 -0.106660 -0.014225 -0.022766 0.035423 1.000000 0.033278 -0.060738 0.098025 -0.040389 -0.002981 0.140059 0.026874 0.214030 -0.021561 -0.020969 0.005996 0.033057 0.060164 -0.033374 -0.024104 -0.051524 -0.053089 0.019529 -0.028202 0.235432 0.191931 0.281449 -0.026216 -0.075332 -0.112054 0.259338 -0.054245 -0.053147 -0.120272 -0.050771 0.095948 0.026888 0.456706 -0.078667 0.032775 -0.084832 0.069374 0.038617 0.001635 0.001799 0.094765 -0.051311 -0.053759 -0.050236 0.095192 0.028340 0.003660 0.080377 0.054493 -0.045595 0.069255 0.060419 0.221895 0.134597 0.266095 -0.040805 -0.069884 -0.012407 0.133182 -0.062050 
0.222975 0.036228 0.045025 0.066981 0.080335 0.033278 1.000000 0.063882 0.246721 0.165964 0.153835 0.004567 0.555949 0.035099 0.255521 0.071237 0.765427 0.165609 0.058024 -0.023345 0.100685 0.031684 0.088210 0.083404 0.076107 0.083625 0.005902 0.111404 0.087487 0.084976 -0.016709 0.128470 0.179009 0.104512 -0.036992 -0.033045 0.119070 0.018160 -0.035473 0.124514 0.058374 0.157841 0.270715 -0.020060 0.020708 0.073956 0.071600 0.085353 0.049588 0.080280 0.095113 0.032013 0.048889 0.124508 -0.062783 0.083853 -0.006402 0.179516 0.096426 -0.053701 -0.000083 0.032174 0.117875 0.014001 -0.031987 0.103239 
0.401009 0.025223 0.132175 0.283570 0.023799 -0.060738 0.063882 1.000000 0.003342 0.076566 0.428999 0.112583 0.262836 -0.012869 0.190905 0.006112 -0.002903 0.050662 0.238848 0.217624 0.267657 0.079028 0.001267 0.083008 0.359664 -0.001004 0.096429 -0.057079 0.156414 0.075197 0.311011 0.001156 0.078095 0.301297 0.018998 0.050687 0.087721 0.058500 -0.008596 0.135489 0.356070 0.098058 0.085956 0.152064 0.215522 0.155543 0.127708 0.049193 0.046929 0.144539 0.023399 0.111815 0.130844 0.127466 0.036536 0.045650 0.018091 0.129529 0.040819 0.116387 -0.017282 0.130187 0.049422 0.176573 0.099524 0.034137 
0.179373 -0.035389 0.116162 0.026439 0.513938 0.098025 0.246721 0.003342 1.000000 0.089980 -0.018639 0.054001 0.127382 -0.003392 0.437915 0.171009 0.190078 0.102226 0.033737 -0.007043 0.050463 0.084684 0.193506 0.143731 -0.010364 0.094798 0.016260 0.182912 0.047366 0.305713 0.023439 0.524466 0.337236 0.085196 -0.001721 -0.005598 -0.011975 -0.041209 -0.016069 0.053491 0.071281 0.130846 0.165641 0.047356 0.037260 0.016628 0.007840 0.141946 0.160167 0.103099 0.019743 0.019617 -0.043035 0.034060 0.134994 0.209885 0.112356 0.071239 0.186482 0.072414 0.138570 0.038082 0.121988 0.090256 0.018857 0.129083 
0.095531 0.091316 -0.001163 0.325799 0.105989 -0.040389 0.165964 0.076566 0.089980 1.000000 0.057712 -0.022539 0.116679 -0.030925 0.111805 0.379943 0.204333 0.079659 -0.060916 -0.022259 0.262364 0.202211 0.414963 0.209918 0.667767 -0.020165 0.134274 0.178684 0.223358 0.094857 0.069891 0.075105 0.128149 0.118403 -0.000576 0.086358 0.128681 0.228063 0.032806 0.343829 0.036351 0.149575 0.325237 0.068922 0.110488 0.110001 0.053526 0.157876 0.354378 0.401593 0.036302 0.052991 0.108013 0.126354 -0.012336 0.344000 -0.068694 0.254750 0.039548 0.088876 0.217375 0.099666 0.064971 0.130057 0.143081 0.057245 
0.134263 0.042760 -0.004388 0.211338 0.017199 -0.002981 0.153835 0.428999 -0.018639 0.057712 1.000000 0.099145 0.489933 0.038826 0.139156 -0.039673 -0.002534 0.054762 0.039713 0.098643 0.369575 0.089750 -0.033041 0.098959 0.177340 0.031750 0.048174 -0.091983 0.096679 -0.086177 0.014235 -0.088485 -0.051677 0.157045 0.063876 0.113015 0.061879 0.086754 -0.053402 0.075397 0.135963 0.062980 0.013539 0.300117 0.194240 0.058112 0.115490 -0.046673 0.025497 0.124477 0.069365 0.136398 0.085456 0.090791 0.104260 0.016965 0.108718 0.062724 0.079787 0.061653 0.004109 0.082358 -0.016838 0.042304 0.080102 -0.016851 
-0.007847 0.026319 0.107483 -0.038919 0.186025 0.140059 0.004567 0.112583 0.054001 -0.022539 0.099145 1.000000 0.012447 0.719056 0.011418 0.041102 0.018785 0.026774 0.362676 0.047257 -0.019069 0.064404 -0.011333 0.084478 -0.104684 0.506474 0.046534 -0.049057 0.073485 -0.044246 -0.000630 0.084768 -0.031329 0.105887 0.127928 0.094372 0.078645 0.037410 0.086367 -0.002410 0.214892 -0.009779 0.031643 0.115105 0.036471 -0.000813 0.204310 -0.094479 -0.011215 0.006609 0.092054 0.085971 0.132461 0.027260 0.022680 -0.011917 -0.013906 0.101000 0.079666 0.033679 0.010102 0.030581 -0.087578 0.069770 0.058238 -0.078727 
0.328994 -0.002257 0.017690 0.258527 -0.026381 0.026874 0.555949 0.262836 0.127382 0.116679 0.489933 0.012447 1.000000 0.005802 0.307374 0.029292 0.287884 0.073894 0.061520 -0.000326 0.473276 0.112572 0.063999 0.129080 0.170514 0.073056 0.027292 0.022094 0.123090 0.090811 0.062008 0.011539 0.203764 0.175842 -0.007558 0.035442 0.065483 0.053488 -0.007071 0.195331 0.113123 0.132617 0.186510 0.025457 0.045260 0.080030 0.070776 0.042212 0.126682 0.162481 0.156747 0.072035 0.086297 0.052362 -0.035288 0.183859 0.066326 0.143212 0.102031 0.042113 0.025452 0.088536 0.114581 0.144748 0.023115 0.117165 
-0.053228 0.057805 0.089828 -0.021369 0.073383 0.214030 0.035099 -0.012869 -0.003392 -0.030925 0.038826 0.719056 0.005802 1.000000 0.025674 0.010500 0.074390 0.082550 0.199469 0.031005 0.018146 -0.036824 -0.023564 -0.053206 -0.081534 0.618996 -0.064177 -0.081260 0.071151 0.002195 -0.049641 0.036643 -0.003409 0.076302 0.101731 0.116890 0.114856 0.045524 0.213097 -0.051944 0.145928 -0.071798 -0.001640 0.067864 0.195238 0.000738 0.612057 -0.068160 -0.000122 -0.066030 0.190451 0.073484 0.095970 0.071885 0.036370 0.010255 0.038292 0.091590 0.306416 0.045510 -0.063392 -0.023147 -0.004625 0.015590 0.013629 -0.021452 
0.580794 0.037531 0.100112 0.073063 0.163163 -0.021561 0.255521 0.190905 0.437915 0.111805 0.139156 0.011418 0.307374 0.025674 1.000000 0.102596 0.194853 0.066664 0.136292 0.033639 0.107408 0.055693 0.123688 0.113804 0.145087 0.078074 -0.040939 0.087000 0.059221 0.518873 0.057739 0.299098 0.557600 0.196509 0.006550 -0.011375 0.081121 0.108308 -0.032529 0.171992 0.040248 0.123351 0.195221 0.029683 0.022825 0.111105 0.043861 0.134999 0.122941 0.196957 0.057033 -0.050592 0.024705 0.121297 0.053450 0.191121 0.077186 0.178406 0.080027 0.112409 0.054110 0.097580 0.174074 0.088410 0.092768 0.150585 
0.078201 0.140050 0.163100 -0.003403 0.165156 -0.020969 0.071237 0.006112 0.171009 0.379943 -0.039673 0.041102 0.029292 0.010500 0.102596 1.000000 0.100881 0.112701 0.012397 0.005663 -0.020518 0.113736 0.752666 0.179916 0.011963 0.064733 0.020791 0.346952 0.140354 0.104145 0.072772 0.143190 0.154002 0.117596 0.140798 0.152144 0.088212 0.153122 -0.005347 0.156237 0.169974 0.037433 0.163180 0.084925 0.057217 0.081712 0.012866 0.151215 0.648538 0.179597 0.068152 0.058025 0.070800 0.082479 0.083227 0.570989 0.058369 0.134248 0.048245 0.093117 0.360907 0.124902 0.084736 0.166927 0.173437 0.092185 
0.171589 0.024242 0.014953 0.098812 0.249620 0.005996 0.765427 -0.002903 0.190078 0.204333 -0.002534 0.018785 0.287884 0.074390 0.194853 0.100881 1.000000 0.147497 0.054890 -0.008835 0.079934 -0.015207 0.152732 0.034174 0.067558 0.073932 -0.010958 0.177775 0.064129 0.139873 -0.025176 0.149681 0.195074 0.066926 0.045660 0.035304 0.163144 0.075048 -0.018505 0.041704 0.056971 0.098578 0.402740 0.016353 0.021050 0.020997 0.083068 0.086176 0.045066 0.021745 0.056796 -0.017439 0.024255 0.161497 -0.067149 0.168957 0.021537 0.268267 0.071401 -0.070099 -0.015914 0.011373 0.195084 0.032744 -0.013087 0.224397 
0.040478 0.086061 0.161007 0.010295 0.100012 0.033057 0.165609 0.050662 0.102226 0.079659 0.054762 0.026774 0.073894 0.082550 0.066664 0.112701 0.147497 1.000000 -0.001462 0.398603 0.001293 0.235123 0.103877 0.402613 0.009207 0.125595 0.084765 0.062598 0.042692 0.140943 -0.003299 0.070297 0.216038 0.002700 0.109644 0.146764 -0.017835 0.089094 0.053786 0.103831 0.040556 0.087827 0.097646 -0.020615 0.117185 0.067608 0.111906 0.086945 0.085471 0.111263 0.060740 0.025687 -0.017764 -0.016207 0.124267 0.104617 0.109982 0.008213 0.168863 0.049419 0.016601 -0.031138 0.068509 0.041058 0.085103 0.116359 
0.223713 -0.011538 0.049170 0.037624 -0.050766 0.060164 0.058024 0.238848 0.033737 -0.060916 0.039713 0.362676 0.061520 0.199469 0.136292 0.012397 0.054890 -0.001462 1.000000 0.340569 0.021546 0.074624 -0.010320 0.110138 -0.015269 0.226251 0.163995 -0.001918 0.036651 0.189201 0.112714 0.000153 0.135920 0.112998 0.066255 0.139548 0.050709 0.016698 0.062850 0.013614 0.153662 0.023411 0.044186 -0.018204 -0.001525 0.003931 0.015402 -0.004105 0.018933 0.027035 0.042672 -0.016967 0.092736 0.003161 0.081506 0.009577 0.031776 0.078200 0.025439 0.036950 -0.041278 0.078397 -0.009834 0.109251 0.088182 -0.010207 
0.137969 0.052429 -0.007487 0.074264 0.011309 -0.033374 -0.023345 0.217624 -0.007043 -0.022259 0.098643 0.047257 -0.000326 0.031005 0.033639 0.005663 -0.008835 0.398603 0.340569 1.000000 0.073838 0.046469 -0.017430 0.047373 0.031906 0.037636 0.337254 -0.015766 0.068551 0.074824 0.158238 -0.035936 0.067831 0.013462 0.064115 0.098902 -0.043919 0.058746 0.061332 0.005944 0.084458 -0.028365 0.002754 -0.031573 0.124812 0.033583 0.092679 -0.008228 -0.014961 0.026101 0.014389 -0.000070 0.025311 -0.038038 0.124807 0.016201 0.095453 -0.031636 0.079996 0.107421 -0.037502 0.050596 0.024075 0.098208 0.024908 0.067713 
0.133087 0.041951 -0.004332 0.831548 0.021764 -0.024104 0.100685 0.267657 0.050463 0.262364 0.369575 -0.019069 0.473276 0.018146 0.107408 -0.020518 0.079934 0.001293 0.021546 0.073838 1.000000 0.089953 0.017560 0.052753 0.520035 -0.003415 0.052798 -0.014744 0.149013 0.076321 0.047354 -0.003294 0.090948 0.086651 0.098670 0.098375 0.130083 0.080375 -0.065470 0.154028 0.086775 0.085907 0.152893 -0.024603 0.159493 -0.008679 0.174692 0.010466 0.119651 0.156947 0.063235 0.015606 0.005365 0.085721 -0.026979 0.164731 0.042155 0.132265 0.037996 0.051028 0.031430 0.054799 0.003656 0.129139 -0.017776 0.037000 
0.299948 0.057854 0.140385 0.082703 0.137650 -0.051524 0.031684 0.079028 0.084684 0.202211 0.089750 0.064404 0.112572 -0.036824 0.055693 0.113736 -0.015207 0.235123 0.074624 0.046469 0.089953 1.000000 0.135526 0.718380 0.165194 -0.010541 0.263179 -0.029824 0.247381 0.277453 0.432936 0.086790 0.318586 0.123581 0.056225 0.069386 -0.060361 0.058274 -0.079752 0.147740 0.079781 0.133682 0.029067 0.025011 -0.040556 0.082245 -0.115412 0.124400 0.075272 0.160880 0.021884 0.014280 0.091421 -0.041793 0.162362 0.074262 0.086286 0.013046 -0.039814 -0.005517 0.030510 -0.049405 0.072110 0.135553 0.108308 0.133992 
0.117638 0.250490 0.205154 0.035877 0.240496 -0.053089 0.088210 0.001267 0.193506 0.414963 -0.033041 -0.011333 0.063999 -0.023564 0.123688 0.752666 0.152732 0.103877 -0.010320 -0.017430 0.017560 0.135526 1.000000 0.221935 0.040328 0.026292 0.051485 0.244201 0.088992 0.134527 0.034627 0.109783 0.169297 0.169014 0.276510 0.170162 0.116196 0.288808 -0.011740 0.267374 0.148270 0.119964 0.149755 0.097511 0.057094 0.149586 0.007850 0.223296 0.470733 0.276259 0.059150 -0.012882 0.008164 0.138813 0.042322 0.677341 0.022783 0.153535 0.013196 0.041290 0.199323 0.130401 0.192027 0.177572 0.241417 0.177279 
0.235765 0.045695 0.194002 0.030467 0.203614 0.019529 0.083404 0.083008 0.143731 0.209918 0.098959 0.084478 0.129080 -0.053206 0.113804 0.179916 0.034174 0.402613 0.110138 0.047373 0.052753 0.718380 0.221935 1.000000 0.106546 0.070312 0.181116 0.088586 0.155176 0.221616 0.142426 0.067969 0.267271 0.056753 0.096631 0.145131 -0.041380 0.112979 -0.014314 0.142614 0.080114 0.116319 0.078794 0.022020 -0.019853 0.038662 -0.103342 0.070827 0.061469 0.175028 0.015182 0.000234 0.056412 -0.034610 0.139699 0.048712 0.084663 0.052659 -0.008817 0.013020 0.060350 0.005492 0.049563 0.112292 0.196043 0.117765 
0.197344 0.051677 -0.031702 0.670263 0.004123 -0.028202 0.076107 0.359664 -0.010364 0.667767 0.177340 -0.104684 0.170514 -0.081534 0.145087 0.011963 0.067558 0.009207 -0.015269 0.031906 0.520035 0.165194 0.040328 0.106546 1.000000 -0.109959 0.110125 -0.011109 0.218175 0.106761 0.099425 -0.010030 0.150348 0.137636 0.018357 0.070458 0.074739 0.132532 -0.040133 0.290872 0.000452 0.165316 0.119061 0.009661 0.159283 0.143581 0.093004 0.145232 0.096153 0.275968 0.020352 0.092264 0.082306 0.068839 0.019248 0.093558 0.013109 0.078200 -0.022567 0.048636 0.074940 0.085237 0.062048 0.076137 0.077218 0.070006 
0.034379 0.052640 0.000189 -0.064512 0.089347 0.235432 0.083625 -0.001004 0.094798 -0.020165 0.031750 0.506474 0.073056 0.618996 0.078074 0.064733 0.073932 0.125595 0.226251 0.037636 -0.003415 -0.010541 0.026292 0.070312 -0.109959 1.000000 -0.033406 0.020024 0.003387 0.013148 -0.014813 0.043639 0.017979 0.069275 0.035770 0.178576 0.032093 0.004335 0.160373 -0.087788 0.102830 -0.109300 0.039954 0.024370 0.164402 -0.044468 0.391157 -0.068915 0.020465 -0.061476 0.302820 0.108786 0.144315 0.020877 0.084532 0.019362 0.132906 0.076391 0.412675 0.000045 -0.054643 0.067076 0.008141 0.038228 0.013175 -0.003368 
0.098651 -0.048897 0.016130 0.073792 0.014670 0.191931 0.005902 0.096429 0.016260 0.134274 0.048174 0.046534 0.027292 -0.064177 -0.040939 0.020791 -0.010958 0.084765 0.163995 0.337254 0.052798 0.263179 0.051485 0.181116 0.110125 -0.033406 1.000000 0.345225 0.100615 0.047071 0.161489 -0.006032 0.048977 0.107862 -0.053235 -0.071141 0.025937 0.076239 0.111230 0.092882 0.058096 0.016703 0.056561 0.007257 0.042170 0.045457 -0.052224 -0.012591 -0.027642 0.109784 -0.019266 0.062603 0.107208 0.029161 0.018054 -0.018747 -0.050824 0.041587 0.012629 0.102350 0.121017 0.014492 0.010213 0.075256 0.071414 0.023720 
0.006318 0.002016 -0.017593 0.015406 0.177636 0.281449 0.111404 -0.057079 0.182912 0.178684 -0.091983 -0.049057 0.022094 -0.081260 0.087000 0.346952 0.177775 0.062598 -0.001918 -0.015766 -0.014744 -0.029824 0.244201 0.088586 -0.011109 0.020024 0.345225 1.000000 0.090014 -0.014329 -0.068026 0.158961 0.035353 -0.046046 -0.069161 -0.043609 0.134819 0.056876 0.148472 -0.059722 0.022985 -0.106301 0.269221 0.018441 0.012600 -0.003670 -0.077125 -0.036483 0.235838 -0.021906 0.044573 -0.014292 0.081078 0.141968 -0.020742 0.180025 -0.020606 0.204869 0.017233 0.114311 0.607909 0.099170 -0.036729 0.067524 0.064587 -0.029334 
0.118804 0.127684 0.135569 0.132355 0.055287 -0.026216 0.087487 0.156414 0.047366 0.223358 0.096679 0.073485 0.123090 0.071151 0.059221 0.140354 0.064129 0.042692 0.036651 0.068551 0.149013 0.247381 0.088992 0.155176 0.218175 0.003387 0.100615 0.090014 1.000000 0.059503 0.246123 0.047756 0.071762 0.109799 0.067513 0.051235 0.112895 0.098043 -0.034283 0.079119 0.175726 0.066165 0.068265 0.019998 0.189338 0.100139 0.169329 0.078655 0.075508 0.072613 0.027295 0.070454 0.011463 0.081729 -0.007332 0.090525 -0.017110 0.098408 0.072658 0.043016 0.091288 0.001775 0.055131 0.097495 0.099046 0.059572 
0.659158 0.085910 0.135771 0.083850 0.248636 -0.075332 0.084976 0.075197 0.305713 0.094857 -0.086177 -0.044246 0.090811 0.002195 0.518873 0.104145 0.139873 0.140943 0.189201 0.074824 0.076321 0.277453 0.134527 0.221616 0.106761 0.013148 0.047071 -0.014329 0.059503 1.000000 0.313395 0.308410 0.903964 0.108522 0.033174 0.017083 0.018939 0.074911 0.014334 0.165393 -0.001171 0.084238 0.121025 -0.052457 -0.039544 0.101250 0.026071 0.150574 0.195759 0.211079 0.123536 -0.085374 -0.011200 0.019646 0.158315 0.212220 0.186939 0.049964 0.026419 0.013050 0.042514 0.005343 0.265544 0.075517 0.115711 0.324367 
0.519641 0.059548 0.116794 0.019421 0.035922 -0.112054 -0.016709 0.311011 0.023439 0.069891 0.014235 -0.000630 0.062008 -0.049641 0.057739 0.072772 -0.025176 -0.003299 0.112714 0.158238 0.047354 0.432936 0.034627 0.142426 0.099425 -0.014813 0.161489 -0.068026 0.246123 0.313395 1.000000 -0.076831 0.255107 0.174035 -0.039282 0.008468 -0.003198 -0.028808 -0.063309 0.084876 0.143717 0.028487 0.076886 -0.045996 -0.006157 0.113766 -0.046236 0.105543 0.104580 0.087006 0.071825 -0.004684 0.093883 -0.009694 0.068781 0.051015 0.042369 0.066731 -0.035206 0.052599 0.007908 0.079559 0.131567 0.112470 0.017145 0.136334 
0.124488 -0.043741 0.170028 -0.000129 0.468280 0.259338 0.128470 0.001156 0.524466 0.075105 -0.088485 0.084768 0.011539 0.036643 0.299098 0.143190 0.149681 0.070297 0.000153 -0.035936 -0.003294 0.086790 0.109783 0.067969 -0.010030 0.043639 -0.006032 0.158961 0.047756 0.308410 -0.076831 1.000000 0.321783 0.072338 -0.037432 -0.045459 -0.000386 0.037820 0.169174 0.111187 0.089672 0.080604 0.082491 0.043292 -0.018492 0.044458 0.014303 0.089925 0.127190 0.128251 0.017249 -0.014925 -0.035828 0.036936 0.077178 0.163900 0.091157 0.049707 0.050813 0.095791 0.125102 -0.027755 0.111602 0.091618 0.065204 0.132279 
0.640434 0.099316 0.146223 0.116425 0.239799 -0.054245 0.179009 0.078095 0.337236 0.128149 -0.051677 -0.031329 0.203764 -0.003409 0.557600 0.154002 0.195074 0.216038 0.135920 0.067831 0.090948 0.318586 0.169297 0.267271 0.150348 0.017979 0.048977 0.035353 0.071762 0.903964 0.255107 0.321783 1.000000 0.118436 0.033940 0.029745 0.025494 0.133523 0.009803 0.230602 0.003600 0.131641 0.170365 -0.065826 -0.008439 0.103267 0.024712 0.204650 0.222903 0.284139 0.125099 -0.044082 -0.003834 0.022871 0.202176 0.267975 0.239744 0.075672 0.053546 0.014671 0.073050 0.038605 0.312899 0.105841 0.152180 0.399513 
0.311657 0.048836 0.076366 0.123249 0.060165 -0.053147 0.104512 0.301297 0.085196 0.118403 0.157045 0.105887 0.175842 0.076302 0.196509 0.117596 0.066926 0.002700 0.112998 0.013462 0.086651 0.123581 0.169014 0.056753 0.137636 0.069275 0.107862 -0.046046 0.109799 0.108522 0.174035 0.072338 0.118436 1.000000 0.071368 0.132588 0.115541 0.074848 0.062885 0.290027 0.371692 0.324391 0.126381 0.227602 0.203465 0.382669 0.107560 0.367461 0.161420 0.217952 0.101409 0.191365 0.234602 0.212439 -0.040439 0.201894 0.010883 0.212406 0.062829 0.018799 -0.012743 0.110184 0.454235 0.182695 0.071442 0.280869 
0.033905 0.439221 0.062174 0.096029 0.132407 -0.120272 -0.036992 0.018998 -0.001721 -0.000576 0.063876 0.127928 -0.007558 0.101731 0.006550 0.140798 0.045660 0.109644 0.066255 0.064115 0.098670 0.056225 0.276510 0.096631 0.018357 0.035770 -0.053235 -0.069161 0.067513 0.033174 -0.039282 -0.037432 0.033940 0.071368 1.000000 0.418668 0.072711 0.173782 -0.011351 0.123461 0.105084 0.095621 -0.022507 0.018058 0.139398 0.085540 0.149813 0.093605 0.044568 0.042690 0.013246 0.024793 -0.010606 0.016672 0.030499 0.206231 0.033076 0.039955 0.065021 -0.016231 -0.004852 0.087723 0.126494 0.119545 0.138172 0.125349 
0.032250 0.147054 0.150607 0.089204 0.042090 -0.050771 -0.033045 0.050687 -0.005598 0.086358 0.113015 0.094372 0.035442 0.116890 -0.011375 0.152144 0.035304 0.146764 0.139548 0.098902 0.098375 0.069386 0.170162 0.145131 0.070458 0.178576 -0.071141 -0.043609 0.051235 0.017083 0.008468 -0.045459 0.029745 0.132588 0.418668 1.000000 0.104335 0.206632 0.037487 0.110293 0.140847 0.042166 0.031570 0.035737 0.183358 0.051429 0.184494 0.025742 0.155077 0.117636 0.127319 0.108658 0.091926 0.069131 0.141796 0.230911 0.180052 0.072730 0.115379 0.001590 -0.013563 0.153401 0.066335 0.168297 0.147424 0.089228 
0.036783 0.092466 0.070046 0.197482 0.036314 0.095948 0.119070 0.087721 -0.011975 0.128681 0.061879 0.078645 0.065483 0.114856 0.081121 0.088212 0.163144 -0.017835 0.050709 -0.043919 0.130083 -0.060361 0.116196 -0.041380 0.074739 0.032093 0.025937 0.134819 0.112895 0.018939 -0.003198 -0.000386 0.025494 0.115541 0.072711 0.104335 1.000000 0.108278 0.086229 0.114506 0.218357 0.063035 0.436806 0.159725 0.048132 0.343412 0.109263 0.047709 0.124610 0.126421 0.091253 0.003503 0.012506 0.773019 0.054639 0.150775 0.020533 0.644555 -0.015912 0.029907 0.085201 0.037720 0.058689 0.112217 0.112534 0.050441 
0.065546 0.159409 0.152474 0.091521 0.000614 0.026888 0.018160 0.058500 -0.041209 0.228063 0.086754 0.037410 0.053488 0.045524 0.108308 0.153122 0.075048 0.089094 0.016698 0.058746 0.080375 0.058274 0.288808 0.112979 0.132532 0.004335 0.076239 0.056876 0.098043 0.074911 -0.028808 0.037820 0.133523 0.074848 0.173782 0.206632 0.108278 1.000000 0.160899 0.384062 0.106912 0.158799 0.143513 0.072345 0.193787 0.013978 0.091090 0.161712 0.150290 0.521767 0.065781 -0.007108 0.031969 0.096907 0.049620 0.313006 0.051438 0.183583 0.070095 0.084635 0.058184 0.080281 0.128232 0.084111 0.616287 0.121417 
0.018587 -0.010857 0.010192 -0.071039 -0.004423 0.456706 -0.035473 -0.008596 -0.016069 0.032806 -0.053402 0.086367 -0.007071 0.213097 -0.032529 -0.005347 -0.018505 0.053786 0.062850 0.061332 -0.065470 -0.079752 -0.011740 -0.014314 -0.040133 0.160373 0.111230 0.148472 -0.034283 0.014334 -0.063309 0.169174 0.009803 0.062885 -0.011351 0.037487 0.086229 0.160899 1.000000 0.006215 0.102450 -0.057469 0.044930 0.071292 0.040014 0.062868 0.155665 0.032890 0.051247 0.067064 0.155313 0.046891 0.086603 0.093226 0.114456 0.067476 0.093942 0.054100 0.239333 0.094996 0.133890 -0.020234 0.029645 0.073823 0.263705 0.030061 
0.195492 0.092978 0.115833 0.184876 0.043413 -0.078667 0.124514 0.135489 0.053491 0.343829 0.075397 -0.002410 0.195331 -0.051944 0.171992 0.156237 0.041704 0.103831 0.013614 0.005944 0.154028 0.147740 0.267374 0.142614 0.290872 -0.087788 0.092882 -0.059722 0.079119 0.165393 0.084876 0.111187 0.230602 0.290027 0.123461 0.110293 0.114506 0.384062 0.006215 1.000000 0.114785 0.738308 0.012505 0.073438 -0.028041 0.489132 -0.044889 0.484759 0.259138 0.800158 0.067264 0.048801 0.029598 0.103572 0.018795 0.337231 -0.004464 0.088522 -0.028978 0.087329 0.045517 0.131925 0.256971 0.143980 0.342332 0.244538 
0.073640 0.059734 0.097042 0.071829 0.052924 0.032775 0.058374 0.356070 0.071281 0.036351 0.135963 0.214892 0.113123 0.145928 0.040248 0.169974 0.056971 0.040556 0.153662 0.084458 0.086775 0.079781 0.148270 0.080114 0.000452 0.102830 0.058096 0.022985 0.175726 -0.001171 0.143717 0.089672 0.003600 0.371692 0.105084 0.140847 0.218357 0.106912 0.102450 0.114785 1.000000 0.109786 0.245661 0.260906 0.061331 0.138351 0.072379 0.135136 0.143974 0.116506 0.083565 0.060611 0.121971 0.247203 0.087227 0.151106 0.031334 0.441896 0.049310 0.082078 0.072439 0.126642 0.118985 0.307966 0.183483 0.098398 
0.089616 0.057737 0.094088 0.145056 0.043600 -0.084832 0.157841 0.098058 0.130846 0.149575 0.062980 -0.009779 0.132617 -0.071798 0.123351 0.037433 0.098578 0.087827 0.023411 -0.028365 0.085907 0.133682 0.119964 0.116319 0.165316 -0.109300 0.016703 -0.106301 0.066165 0.084238 0.028487 0.080604 0.131641 0.324391 0.095621 0.042166 0.063035 0.158799 -0.057469 0.738308 0.109786 1.000000 0.031578 0.100976 -0.038243 0.327821 -0.081541 0.594744 0.127550 0.508488 0.007836 0.051684 -0.010852 0.067496 0.053648 0.152747 0.020225 0.055978 -0.007787 0.037701 -0.001339 0.075237 0.255885 0.078620 0.225974 0.245269 
0.197555 0.042438 0.040815 0.181917 0.133577 0.069374 0.270715 0.085956 0.165641 0.325237 0.013539 0.031643 0.186510 -0.001640 0.195221 0.163180 0.402740 0.097646 0.044186 0.002754 0.152893 0.029067 0.149755 0.078794 0.119061 0.039954 0.056561 0.269221 0.068265 0.121025 0.076886 0.082491 0.170365 0.126381 -0.022507 0.031570 0.436806 0.143513 0.044930 0.012505 0.245661 0.031578 1.000000 0.142539 0.068491 0.073666 0.045084 0.074247 0.144806 0.119682 0.037488 -0.012815 0.032424 0.475940 0.116607 0.237828 0.087880 0.833683 0.128429 0.088977 0.145412 0.178462 0.093826 0.183577 0.096282 0.131517 
0.019348 -0.017907 -0.002648 -0.005604 0.046188 0.038617 -0.020060 0.152064 0.047356 0.068922 0.300117 0.115105 0.025457 0.067864 0.029683 0.084925 0.016353 -0.020615 -0.018204 -0.031573 -0.024603 0.025011 0.097511 0.022020 0.009661 0.024370 0.007257 0.018441 0.019998 -0.052457 -0.045996 0.043292 -0.065826 0.227602 0.018058 0.035737 0.159725 0.072345 0.071292 0.073438 0.260906 0.100976 0.142539 1.000000 0.084865 0.429353 0.031017 0.147880 0.144059 0.112633 0.010257 0.154396 0.088004 0.488641 0.075037 0.138206 0.042969 0.177277 0.024071 0.049460 0.109724 0.117662 0.016591 0.048672 0.038956 0.003987 
0.002790 0.177857 0.149886 0.165726 0.004103 0.001635 0.020708 0.215522 0.037260 0.110488 0.194240 0.036471 0.045260 0.195238 0.022825 0.057217 0.021050 0.117185 -0.001525 0.124812 0.159493 -0.040556 0.057094 -0.019853 0.159283 0.164402 0.042170 0.012600 0.189338 -0.039544 -0.006157 -0.018492 -0.008439 0.203465 0.139398 0.183358 0.048132 0.193787 0.040014 -0.028041 0.061331 -0.038243 0.068491 0.084865 1.000000 0.000068 0.677604 0.033704 0.027109 0.053268 0.109083 0.559125 0.136749 0.067502 -0.000910 0.048763 0.046307 0.074425 0.439536 0.063056 0.029711 0.108850 0.054356 0.042473 0.026586 0.022610 
0.192118 0.099032 0.048095 0.043101 0.038730 0.001799 0.073956 0.155543 0.016628 0.110001 0.058112 -0.000813 0.080030 0.000738 0.111105 0.081712 0.020997 0.067608 0.003931 0.033583 -0.008679 0.082245 0.149586 0.038662 0.143581 -0.044468 0.045457 -0.003670 0.100139 0.101250 0.113766 0.044458 0.103267 0.382669 0.085540 0.051429 0.343412 0.013978 0.062868 0.489132 0.138351 0.327821 0.073666 0.429353 0.000068 1.000000 -0.002490 0.352792 0.195372 0.272350 -0.006683 0.061387 0.027786 0.556633 -0.016530 0.196833 -0.030383 0.141662 -0.089809 0.041058 0.073325 0.127834 0.166061 0.057063 0.031488 0.163728 
0.002286 0.128537 0.136513 0.130007 0.027321 0.094765 0.071600 0.127708 0.007840 0.053526 0.115490 0.204310 0.070776 0.612057 0.043861 0.012866 0.083068 0.111906 0.015402 0.092679 0.174692 -0.115412 0.007850 -0.103342 0.093004 0.391157 -0.052224 -0.077125 0.169329 0.026071 -0.046236 0.014303 0.024712 0.107560 0.149813 0.184494 0.109263 0.091090 0.155665 -0.044889 0.072379 -0.081541 0.045084 0.031017 0.677604 -0.002490 1.000000 -0.026695 -0.008542 -0.021035 0.174212 0.221152 0.040278 0.094822 0.008417 0.018072 0.075593 0.097714 0.502994 0.063093 -0.071791 0.028311 0.072231 0.047881 -0.009221 0.050310 
0.133928 0.084472 0.008005 0.085504 0.056407 -0.051311 0.085353 0.049193 0.141946 0.157876 -0.046673 -0.094479 0.042212 -0.068160 0.134999 0.151215 0.086176 0.086945 -0.004105 -0.008228 0.010466 0.124400 0.223296 0.070827 0.145232 -0.068915 -0.012591 -0.036483 0.078655 0.150574 0.105543 0.089925 0.204650 0.367461 0.093605 0.025742 0.047709 0.161712 0.032890 0.484759 0.135136 0.594744 0.074247 0.147880 0.033704 0.352792 -0.026695 1.000000 0.204018 0.315993 0.067572 0.020614 0.012332 0.158204 -0.010865 0.246821 0.039472 0.102213 0.063145 0.034185 0.053737 0.046444 0.549620 0.040908 0.285476 0.463958 
0.132758 0.086482 0.054711 0.107857 0.066672 -0.053759 0.049588 0.046929 0.160167 0.354378 0.025497 -0.011215 0.126682 -0.000122 0.122941 0.648538 0.045066 0.085471 0.018933 -0.014961 0.119651 0.075272 0.470733 0.061469 0.096153 0.020465 -0.027642 0.235838 0.075508 0.195759 0.104580 0.127190 0.222903 0.161420 0.044568 0.155077 0.124610 0.150290 0.051247 0.259138 0.143974 0.127550 0.144806 0.144059 0.027109 0.195372 -0.008542 0.204018 1.000000 0.291606 0.162965 0.076593 0.059070 0.148901 0.083663 0.755686 0.143350 0.111006 0.050032 0.209312 0.426353 0.122763 0.121224 0.186355 0.120035 0.127717 
0.219469 0.100939 0.150171 0.192949 0.045262 -0.050236 0.080280 0.144539 0.103099 0.401593 0.124477 0.006609 0.162481 -0.066030 0.196957 0.179597 0.021745 0.111263 0.027035 0.026101 0.156947 0.160880 0.276259 0.175028 0.275968 -0.061476 0.109784 -0.021906 0.072613 0.211079 0.087006 0.128251 0.284139 0.217952 0.042690 0.117636 0.126421 0.521767 0.067064 0.800158 0.116506 0.508488 0.119682 0.112633 0.053268 0.272350 -0.021035 0.315993 0.291606 1.000000 0.115464 0.084526 0.039654 0.111568 0.075695 0.355181 0.025386 0.171333 0.041445 0.127369 0.108755 0.161184 0.201757 0.126547 0.402353 0.188161 
0.103150 0.231109 0.114597 0.033086 0.033594 0.095192 0.095113 0.023399 0.019743 0.036302 0.069365 0.092054 0.156747 0.190451 0.057033 0.068152 0.056796 0.060740 0.042672 0.014389 0.063235 0.021884 0.059150 0.015182 0.020352 0.302820 -0.019266 0.044573 0.027295 0.123536 0.071825 0.017249 0.125099 0.101409 0.013246 0.127319 0.091253 0.065781 0.155313 0.067264 0.083565 0.007836 0.037488 0.010257 0.109083 -0.006683 0.174212 0.067572 0.162965 0.115464 1.000000 0.102270 0.457427 0.026915 0.220949 0.123924 0.458269 0.080868 0.196779 0.054799 0.127398 0.019125 0.081346 0.000440 0.026940 0.099721 
-0.023428 0.049703 0.079616 0.034350 -0.008977 0.028340 0.032013 0.111815 0.019617 0.052991 0.136398 0.085971 0.072035 0.073484 -0.050592 0.058025 -0.017439 0.025687 -0.016967 -0.000070 0.015606 0.014280 -0.012882 0.000234 0.092264 0.108786 0.062603 -0.014292 0.070454 -0.085374 -0.004684 -0.014925 -0.044082 0.191365 0.024793 0.108658 0.003503 -0.007108 0.046891 0.048801 0.060611 0.051684 -0.012815 0.154396 0.559125 0.061387 0.221152 0.020614 0.076593 0.084526 0.102270 1.000000 0.338011 0.028869 0.025464 0.017745 0.060456 -0.030970 0.202461 -0.014740 0.068730 0.090923 0.067092 0.063405 -0.069484 0.030767 
0.145957 0.136870 0.058359 0.005563 0.051876 0.003660 0.048889 0.130844 -0.043035 0.108013 0.085456 0.132461 0.086297 0.095970 0.024705 0.070800 0.024255 -0.017764 0.092736 0.025311 0.005365 0.091421 0.008164 0.056412 0.082306 0.144315 0.107208 0.081078 0.011463 -0.011200 0.093883 -0.035828 -0.003834 0.234602 -0.010606 0.091926 0.012506 0.031969 0.086603 0.029598 0.121971 -0.010852 0.032424 0.088004 0.136749 0.027786 0.040278 0.012332 0.059070 0.039654 0.457427 0.338011 1.000000 0.028642 0.050824 0.015538 0.048568 0.032141 0.037533 0.131104 0.171501 0.055918 0.012415 0.166483 0.013312 0.001928 
0.086553 0.061786 0.041307 0.136334 0.055911 0.080377 0.124508 0.127466 0.034060 0.126354 0.090791 0.027260 0.052362 0.071885 0.121297 0.082479 0.161497 -0.016207 0.003161 -0.038038 0.085721 -0.041793 0.138813 -0.034610 0.068839 0.020877 0.029161 0.141968 0.081729 0.019646 -0.009694 0.036936 0.022871 0.212439 0.016672 0.069131 0.773019 0.096907 0.093226 0.103572 0.247203 0.067496 0.475940 0.488641 0.067502 0.556633 0.094822 0.158204 0.148901 0.111568 0.026915 0.028869 0.028642 1.000000 0.027070 0.171604 0.010295 0.592011 -0.007201 0.012626 0.091269 0.053391 0.074778 0.100587 0.068421 0.061520 
0.089984 0.066682 0.035524 0.023606 0.098872 0.054493 -0.062783 0.036536 0.134994 -0.012336 0.104260 0.022680 -0.035288 0.036370 0.053450 0.083227 -0.067149 0.124267 0.081506 0.124807 -0.026979 0.162362 0.042322 0.139699 0.019248 0.084532 0.018054 -0.020742 -0.007332 0.158315 0.068781 0.077178 0.202176 -0.040439 0.030499 0.141796 0.054639 0.049620 0.114456 0.018795 0.087227 0.053648 0.116607 0.075037 -0.000910 -0.016530 0.008417 -0.010865 0.083663 0.075695 0.220949 0.025464 0.050824 0.027070 1.000000 0.066224 0.717430 0.066498 0.116617 0.140197 0.089944 0.104067 0.101933 0.199456 0.150149 0.276302 
0.188579 0.110101 0.086731 0.172656 0.146748 -0.045595 0.083853 0.045650 0.209885 0.344000 0.016965 -0.011917 0.183859 0.010255 0.191121 0.570989 0.168957 0.104617 0.009577 0.016201 0.164731 0.074262 0.677341 0.048712 0.093558 0.019362 -0.018747 0.180025 0.090525 0.212220 0.051015 0.163900 0.267975 0.201894 0.206231 0.230911 0.150775 0.313006 0.067476 0.337231 0.151106 0.152747 0.237828 0.138206 0.048763 0.196833 0.018072 0.246821 0.755686 0.355181 0.123924 0.017745 0.015538 0.171604 0.066224 1.000000 0.185602 0.168960 0.102494 0.162075 0.275005 0.114494 0.189477 0.178400 0.194408 0.162562 
0.143143 0.067367 0.044826 0.049083 0.078858 0.069255 -0.006402 0.018091 0.112356 -0.068694 0.108718 -0.013906 0.066326 0.038292 0.077186 0.058369 0.021537 0.109982 0.031776 0.095453 0.042155 0.086286 0.022783 0.084663 0.013109 0.132906 -0.050824 -0.020606 -0.017110 0.186939 0.042369 0.091157 0.239744 0.010883 0.033076 0.180052 0.020533 0.051438 0.093942 -0.004464 0.031334 0.020225 0.087880 0.042969 0.046307 -0.030383 0.075593 0.039472 0.143350 0.025386 0.458269 0.060456 0.048568 0.010295 0.717430 0.185602 1.000000 0.010701 0.175160 0.084833 0.069099 -0.037294 0.232935 -0.012927 0.103102 0.390882 
0.138538 0.101052 0.073853 0.151164 0.053731 0.060419 0.179516 0.129529 0.071239 0.254750 0.062724 0.101000 0.143212 0.091590 0.178406 0.134248 0.268267 0.008213 0.078200 -0.031636 0.132265 0.013046 0.153535 0.052659 0.078200 0.076391 0.041587 0.204869 0.098408 0.049964 0.066731 0.049707 0.075672 0.212406 0.039955 0.072730 0.644555 0.183583 0.054100 0.088522 0.441896 0.055978 0.833683 0.177277 0.074425 0.141662 0.097714 0.102213 0.111006 0.171333 0.080868 -0.030970 0.032141 0.592011 0.066498 0.168960 0.010701 1.000000 0.082963 0.066979 0.114430 0.172199 0.134854 0.209887 0.156481 0.118814 
0.023881 -0.007091 0.055810 0.004654 0.038750 0.221895 0.096426 0.040819 0.186482 0.039548 0.079787 0.079666 0.102031 0.306416 0.080027 0.048245 0.071401 0.168863 0.025439 0.079996 0.037996 -0.039814 0.013196 -0.008817 -0.022567 0.412675 0.012629 0.017233 0.072658 0.026419 -0.035206 0.050813 0.053546 0.062829 0.065021 0.115379 -0.015912 0.070095 0.239333 -0.028978 0.049310 -0.007787 0.128429 0.024071 0.439536 -0.089809 0.502994 0.063145 0.050032 0.041445 0.196779 0.202461 0.037533 -0.007201 0.116617 0.102494 0.175160 0.082963 1.000000 0.074726 0.031417 0.017152 0.147210 0.045423 0.052071 0.137012 
0.046942 -0.004544 0.010932 0.024638 -0.025461 0.134597 -0.053701 0.116387 0.072414 0.088876 0.061653 0.033679 0.042113 0.045510 0.112409 0.093117 -0.070099 0.049419 0.036950 0.107421 0.051028 -0.005517 0.041290 0.013020 0.048636 0.000045 0.102350 0.114311 0.043016 0.013050 0.052599 0.095791 0.014671 0.018799 -0.016231 0.001590 0.029907 0.084635 0.094996 0.087329 0.082078 0.037701 0.088977 0.049460 0.063056 0.041058 0.063093 0.034185 0.209312 0.127369 0.054799 -0.014740 0.131104 0.012626 0.140197 0.162075 0.084833 0.066979 0.074726 1.000000 0.413065 0.269775 -0.057518 0.026821 0.115592 -0.083784 
0.064958 0.068694 -0.018582 0.059256 0.080335 0.266095 -0.000083 -0.017282 0.138570 0.217375 0.004109 0.010102 0.025452 -0.063392 0.054110 0.360907 -0.015914 0.016601 -0.041278 -0.037502 0.031430 0.030510 0.199323 0.060350 0.074940 -0.054643 0.121017 0.607909 0.091288 0.042514 0.007908 0.125102 0.073050 -0.012743 -0.004852 -0.013563 0.085201 0.058184 0.133890 0.045517 0.072439 -0.001339 0.145412 0.109724 0.029711 0.073325 -0.071791 0.053737 0.426353 0.108755 0.127398 0.068730 0.171501 0.091269 0.089944 0.275005 0.069099 0.114430 0.031417 0.413065 1.000000 0.184800 -0.033058 0.022115 0.139219 -0.030728 
0.155081 0.054837 -0.078101 0.052482 -0.003077 -0.040805 0.032174 0.130187 0.038082 0.099666 0.082358 0.030581 0.088536 -0.023147 0.097580 0.124902 0.011373 -0.031138 0.078397 0.050596 0.054799 -0.049405 0.130401 0.005492 0.085237 0.067076 0.014492 0.099170 0.001775 0.005343 0.079559 -0.027755 0.038605 0.110184 0.087723 0.153401 0.037720 0.080281 -0.020234 0.131925 0.126642 0.075237 0.178462 0.117662 0.108850 0.127834 0.028311 0.046444 0.122763 0.161184 0.019125 0.090923 0.055918 0.053391 0.104067 0.114494 -0.037294 0.172199 0.017152 0.269775 0.184800 1.000000 0.064841 0.169328 0.076213 0.007400 
0.312360 0.050313 -0.052195 0.058879 0.112505 -0.069884 0.117875 0.049422 0.121988 0.064971 -0.016838 -0.087578 0.114581 -0.004625 0.174074 0.084736 0.195084 0.068509 -0.009834 0.024075 0.003656 0.072110 0.192027 0.049563 0.062048 0.008141 0.010213 -0.036729 0.055131 0.265544 0.131567 0.111602 0.312899 0.454235 0.126494 0.066335 0.058689 0.128232 0.029645 0.256971 0.118985 0.255885 0.093826 0.016591 0.054356 0.166061 0.072231 0.549620 0.121224 0.201757 0.081346 0.067092 0.012415 0.074778 0.101933 0.189477 0.232935 0.134854 0.147210 -0.057518 -0.033058 0.064841 1.000000 0.186518 0.190763 0.875334 
0.153319 0.061117 -0.016616 0.087984 0.077836 -0.012407 0.014001 0.176573 0.090256 0.130057 0.042304 0.069770 0.144748 0.015590 0.088410 0.166927 0.032744 0.041058 0.109251 0.098208 0.129139 0.135553 0.177572 0.112292 0.076137 0.038228 0.075256 0.067524 0.097495 0.075517 0.112470 0.091618 0.105841 0.182695 0.119545 0.168297 0.112217 0.084111 0.073823 0.143980 0.307966 0.078620 0.183577 0.048672 0.042473 0.057063 0.047881 0.040908 0.186355 0.126547 0.000440 0.063405 0.166483 0.100587 0.199456 0.178400 -0.012927 0.209887 0.045423 0.026821 0.022115 0.169328 0.186518 1.000000 0.103782 0.248030 
0.124469 0.066214 0.083950 0.003995 0.066453 0.133182 -0.031987 0.099524 0.018857 0.143081 0.080102 0.058238 0.023115 0.013629 0.092768 0.173437 -0.013087 0.085103 0.088182 0.024908 -0.017776 0.108308 0.241417 0.196043 0.077218 0.013175 0.071414 0.064587 0.099046 0.115711 0.017145 0.065204 0.152180 0.071442 0.138172 0.147424 0.112534 0.616287 0.263705 0.342332 0.183483 0.225974 0.096282 0.038956 0.026586 0.031488 -0.009221 0.285476 0.120035 0.402353 0.026940 -0.069484 0.013312 0.068421 0.150149 0.194408 0.103102 0.156481 0.052071 0.115592 0.139219 0.076213 0.190763 0.103782 1.000000 0.209791 
0.315240 0.093040 -0.018782 0.091120 0.129130 -0.062050 0.103239 0.034137 0.129083 0.057245 -0.016851 -0.078727 0.117165 -0.021452 0.150585 0.092185 0.224397 0.116359 -0.010207 0.067713 0.037000 0.133992 0.177279 0.117765 0.070006 -0.003368 0.023720 -0.029334 0.059572 0.324367 0.136334 0.132279 0.399513 0.280869 0.125349 0.089228 0.050441 0.121417 0.030061 0.244538 0.098398 0.245269 0.131517 0.003987 0.022610 0.163728 0.050310 0.463958 0.127717 0.188161 0.099721 0.030767 0.001928 0.061520 0.276302 0.162562 0.390882 0.118814 0.137012 -0.083784 -0.030728 0.007400 0.875334 0.248030 0.209791 1.000000 
