0.000000000000000000e+00 7.001231677227962198e-03 6.064368923446424725e-02 2.149504261896604818e-01 2.528439216874645012e-02 8.085189922867483392e-02 3.931107707642999549e-01 5.962332903668808859e-01 2.523778334723219552e-01 1.574317768842173615e-01 3.070156166935165132e-01 2.480417343831836097e-01 4.480139327943429284e-01 1.368586462829425587e-01 6.687338207155045788e-01 6.979862562193667186e-02 3.128468722856138085e-01 8.298705528275480969e-02 4.382720007698271414e-01 2.806453751282473319e-01 2.327835211173387708e-01 4.372328035424576376e-01 1.732047382292443635e-02 3.312856105436355891e-01 3.463827808174370082e-01 1.591756316688425765e-01 3.351361351278084322e-01 6.315745975197219197e-02 1.706386857480386710e-01 7.306616036403100756e-01 6.073385017388620577e-01 2.375465450121499178e-01 7.058609499165997558e-01 4.834023118076206105e-01 3.307040664547692549e-02 3.083808129571357498e-02 1.871234255701878513e-01 7.055066167461858384e-02 4.115523521134682033e-02 3.659458245664556908e-01 2.598408687466952083e-01 3.154060964604362138e-01 3.294588666122168497e-01 1.864665579057482037e-01 1.986277430115971354e-01 3.947360424253253952e-01 1.133575735576184684e-01 3.493754615950847575e-01 1.171720961969744679e-01 2.852465492494172805e-01 1.174744392258728932e-02 2.461324461390238250e-01 2.257879753871136763e-01 2.040824528431968987e-01 2.350059234959248067e-01 1.563743301976145694e-01 2.775707459140140942e-01 2.921802381708444307e-01 7.122610521681115026e-02 1.898647746943264158e-01 3.598045188534172018e-02 1.834032641956656051e-01 4.652510396825758066e-01 3.220696266808286690e-01 2.013733176137512404e-01 4.489763493473732936e-01 
7.001231677227962198e-03 0.000000000000000000e+00 4.696219551480561583e-01 1.479387381721390948e-01 1.571631335666092699e-01 6.254802900915869268e-02 4.729996138025581442e-02 2.954882519726123244e-02 9.715574593389529612e-02 1.447243549741365487e-01 8.121738887940715620e-03 1.558828414204071477e-01 2.407132392605627891e-02 9.250429117628040931e-02 4.730549337508287155e-02 3.991606541987377521e-02 9.726055008202105778e-02 9.975779260241536550e-02 8.380977229016432772e-02 1.094699748607678852e-01 8.501744331604475791e-02 1.144648756685549829e-01 2.289959512656190022e-01 1.063813452957307337e-03 2.003942177910650879e-01 2.091592940225733277e-01 1.185597401830358194e-01 2.605861466966491458e-01 2.345249472048990813e-01 5.692863358051088174e-02 3.150689043277174473e-02 1.578863771342958744e-01 2.253825945572523332e-02 1.797503039554323653e-02 5.004610630114529890e-01 5.034733464934434966e-02 1.022782216199692729e-01 1.908377236048206804e-01 4.579289445966877592e-02 4.606742757074713118e-02 2.849079970542207213e-02 3.189265889588605019e-02 1.654130268903615530e-01 4.279853992322754479e-03 2.243766640217177977e-01 6.228172595747931591e-03 1.440334018372027014e-01 5.120470893919652072e-02 1.210981568876460940e-01 2.571793179925575823e-02 3.247362815295309901e-01 2.392491454462035427e-01 3.110699406270314715e-01 5.889788867904402481e-02 1.892410954000164902e-01 8.371005961604301160e-02 2.304167425713307960e-01 1.754485357095933729e-01 5.598269304214475994e-02 5.700726748923573561e-02 2.577692179092532232e-01 1.528668584159576238e-01 1.015789391697660971e-01 1.975481494133387098e-02 1.662134456370062408e-01 1.127081130961422178e-01 
6.064368923446424725e-02 4.696219551480561583e-01 0.000000000000000000e+00 8.828814973187544546e-02 3.137755410148866941e-01 1.813243858196890990e-01 6.645235997822764029e-02 1.402677970846277211e-01 2.563311884111286743e-01 1.758849893130967970e-02 2.885089560866183414e-02 1.679198734749798305e-01 2.742523196602206920e-02 1.618423670383196955e-01 1.234648742845821379e-01 9.955657386309228751e-02 4.919287327366157064e-02 1.381693458380070516e-01 7.340441979844057607e-02 4.861615575009409912e-02 5.250292663619660072e-02 1.437019977977061977e-02 2.810039952824956444e-01 2.627442976708854738e-01 1.049944127900574314e-01 6.333542769734221145e-02 1.216999016621637397e-01 9.097765349772276092e-03 2.159991664388033472e-01 5.634441674403790901e-02 1.041529481610202063e-01 2.630992801695010153e-01 3.297689826518940964e-02 1.157990527227302918e-01 5.996587546729752194e-02 2.409809456277093864e-01 6.026858499028444477e-02 1.405308256473826456e-01 4.654944644523534986e-02 1.510113804838399305e-02 7.969649227583444628e-02 4.429494882922768717e-02 1.088167884115577404e-02 6.080648643754126004e-02 2.281264756618655853e-01 3.385735446939921317e-02 2.231225423842815858e-01 6.952929423715994636e-03 1.965067266431736598e-02 1.239773840415439761e-02 1.675636726609454619e-01 1.983504983235002406e-01 1.481720485880189397e-01 1.522370740596741545e-02 1.115609150459948712e-01 1.024730915626915206e-01 1.312201859307105256e-01 2.999251367523886672e-02 2.356713967371938112e-01 3.028399315016306464e-02 2.010965833774856423e-02 5.268436135518919650e-02 8.753816619774087288e-03 5.245945560685823239e-02 9.156036581181137279e-02 3.414967477662560202e-02 
2.149504261896604818e-01 1.479387381721390948e-01 8.828814973187544546e-02 0.000000000000000000e+00 6.473739851081684871e-02 5.287479418329281422e-02 5.204107398482321623e-02 3.684108160100295071e-01 7.944222116338754691e-02 3.979963002050516674e-01 3.023659185308509856e-01 5.211892929809561897e-02 3.878936406037844509e-01 1.103742877269229122e-01 2.036179472394539780e-01 3.387550762670824694e-02 7.447872064120453217e-02 1.120197820213539829e-02 2.612823091818311516e-02 7.172671810907184364e-02 8.311596423089135932e-01 1.354209843934546520e-01 2.928460931131092113e-02 1.054141239217320780e-01 6.917733946618653817e-01 2.816723698045973251e-02 1.915865195051966730e-01 1.607933530780688569e-01 2.029956829043497168e-02 1.576986314694977243e-01 1.462204218634137187e-01 2.964500756870606241e-02 1.918054977664399585e-01 1.909922772281912318e-01 9.524338028309460580e-02 4.444345656414489670e-02 3.061968648005309324e-01 4.845150060014742632e-02 5.947427425866042006e-02 2.428164664494240621e-01 4.752993879516035497e-02 2.186593943967703180e-01 2.290678735881705452e-01 2.601103725277494408e-02 1.839627532696786749e-01 7.121083240942284454e-02 1.803555469835485814e-01 1.714567172343283707e-01 3.972389118866603841e-02 2.056995146472269109e-01 1.260282372022967189e-02 1.359455456455802846e-01 7.165233739177667704e-02 2.495731010392093774e-01 3.749769489377446224e-02 2.699212448939210252e-02 5.001516492721260615e-02 2.167508387707955120e-01 8.597985453886516916e-02 1.015070769486750013e-01 1.773350717893756590e-01 3.026070287272574280e-02 1.859701967474767792e-01 1.140072376879063681e-01 9.649171263860460701e-02 1.662939572973904934e-01 
2.528439216874645012e-02 1.571631335666092699e-01 3.137755410148866941e-01 6.473739851081684871e-02 0.000000000000000000e+00 2.654046594842755513e-01 3.001846931239567917e-01 5.834227177424566868e-02 5.855955109380298618e-01 2.825403408970645902e-01 1.871336284003026207e-01 3.531421734429428527e-01 4.386166346541531258e-02 1.857682111943119163e-01 1.771598274431178122e-01 2.752901211787832647e-01 4.561995593935205817e-01 3.653279058803327733e-02 6.898027665610856340e-02 1.379502334506729766e-01 8.335822645915495765e-02 3.212200638803761749e-02 4.132430566517735215e-01 2.076364678246457596e-01 1.614724749314555841e-01 3.037771501454459289e-01 8.095780540969403638e-02 2.653546625161013472e-01 1.362689451175835322e-02 2.802982115435078692e-01 3.990206054815860492e-02 5.745424095970642631e-01 2.630672461472197132e-01 2.847874318065331603e-02 2.517720945361990870e-01 1.221799163454298370e-01 1.829948016499855640e-02 2.034794227037829001e-02 9.768678336574193599e-02 2.050380832148208932e-03 2.236834180169350664e-02 5.290091409585111898e-02 2.403678182954356868e-01 5.173173960372021152e-02 1.525934486763168979e-02 5.441111910612327074e-03 1.148685316113813304e-01 2.195614076804293380e-02 1.813794429051924784e-01 3.544862875991475898e-02 1.923314210334666763e-01 2.243585242340897720e-02 7.127851793877969244e-02 2.911652489587824091e-02 9.643893659148473907e-02 3.323749438392927247e-01 2.161447053807753482e-01 8.753769286606548350e-02 1.592913716144715164e-01 4.733616663070304431e-02 1.600577098466871573e-01 3.871149261688131699e-02 9.560259542710056180e-02 1.633270759485714110e-02 2.246930551872007228e-02 1.827896738192033854e-01 
8.085189922867483392e-02 6.254802900915869268e-02 1.813243858196890990e-01 5.287479418329281422e-02 2.654046594842755513e-01 0.000000000000000000e+00 1.446294756914593971e-01 2.236421298229887555e-02 2.767835994263617150e-01 1.978711267124150519e-01 3.070812674172292839e-02 2.851237567345150103e-01 2.881471996976724126e-02 3.781667310276051741e-01 7.497173519783729978e-02 1.811961750647810288e-01 1.822884647306986794e-01 1.369375290973408876e-01 2.638997230195983534e-01 1.571085510910426308e-01 1.872302765430711169e-02 1.643780022850710731e-01 2.398387176088900563e-01 2.367186847925050464e-01 1.262854113365114717e-01 3.930276157654986613e-01 3.673814677924188143e-01 4.656914261062804483e-01 1.592552650091485777e-01 9.255119654391132100e-02 1.036106347184898857e-01 4.487628551583693337e-01 6.530754600329026494e-02 5.392055866595592967e-02 7.531523891619976152e-02 1.643128430381143867e-02 3.314534513609650873e-02 1.470807687180754886e-01 5.708483910604942313e-01 1.089445185214502620e-01 3.646733876146160402e-02 6.993427450375101773e-02 1.174071324409410588e-01 1.388985104805900289e-02 1.740303255941088312e-01 3.517095918175489055e-02 3.078108734315238570e-01 1.149428786252206930e-01 1.388919122161263453e-01 1.140284775339372864e-01 1.529478122390346140e-01 1.227135115154968786e-01 1.697590248458271181e-02 1.560829344817276677e-02 5.850104620270357714e-02 1.758712731276688424e-01 1.125509979933705801e-01 8.643694146106452314e-02 3.608132032676404921e-01 2.525223606444246260e-01 4.334396026181315253e-01 1.254875936419277416e-01 2.036213829413530130e-02 4.824703363584923951e-03 3.360819116439725529e-01 1.936193748686550545e-02 
3.931107707642999549e-01 4.729996138025581442e-02 6.645235997822764029e-02 5.204107398482321623e-02 3.001846931239567917e-01 1.446294756914593971e-01 0.000000000000000000e+00 1.720651891535401601e-01 4.300629935831556949e-01 2.424208522704909274e-01 2.271757888894276878e-01 4.011929610916638300e-02 6.108520885534713951e-01 2.361214373513590564e-02 4.263306402749997281e-01 1.665000377351035787e-01 7.596771551355089303e-01 7.704497465550622093e-02 2.376631718039144414e-01 1.107507090861382104e-01 1.527460186396552011e-01 5.505738583702024513e-02 1.796035485581464752e-01 6.048274388744208363e-02 7.953987670108485231e-02 8.696690311777934002e-02 3.279495300193968621e-02 2.215375394382506913e-01 1.783200639015788125e-01 2.928015355202157610e-01 1.979476225632962466e-02 3.671517502770645369e-01 3.460986577249934859e-01 2.849892619660261417e-01 3.148410042765693168e-02 1.438428454701773385e-02 1.771208108333963693e-01 2.027083664143799341e-02 4.155018634802157274e-02 2.309398529458879246e-01 1.377535284257083437e-01 2.602248198272573143e-01 4.189074759770624601e-01 1.431538893131164281e-01 1.388665534190811346e-01 2.562762903155256788e-01 1.336551218855155931e-01 2.347222264233706224e-01 1.227782394077854278e-01 1.540700776025760443e-01 9.507969401683506738e-02 1.660118987541149560e-01 8.039150801913022559e-02 1.973864817663742721e-01 1.229510591248958312e-01 2.115827716067115727e-01 2.213422970115579702e-01 3.057327897074634260e-01 1.767200364221041820e-01 1.379744639106089410e-01 1.425728541554398265e-01 1.366260086807944141e-01 3.135105808683087969e-01 1.540377053562325960e-01 1.102900458017074398e-01 3.308865830350188886e-01 
5.962332903668808859e-01 2.954882519726123244e-02 1.402677970846277211e-01 3.684108160100295071e-01 5.834227177424566868e-02 2.236421298229887555e-02 1.720651891535401601e-01 0.000000000000000000e+00 2.579315528152332365e-02 1.819506471145155846e-01 5.370695819859098163e-01 2.849456779127655937e-01 3.430418966581661455e-01 1.193985803642610005e-01 3.811162797786044054e-01 5.621552290550478614e-02 1.131981531684309594e-01 1.155638683251486165e-01 3.411927247598575685e-01 2.899260116313710500e-01 3.396307031205748062e-01 1.658602157650409525e-01 5.114511745646341950e-03 6.292389238564825849e-02 4.909380613633326229e-01 1.166922850965281394e-01 2.476563047989484012e-01 5.807321541590390601e-02 1.212351993921499255e-01 3.535196826887457289e-01 4.960162229744205509e-01 6.141328285105239482e-02 3.130892788172187635e-01 4.640271882080990729e-01 5.751337528213288502e-02 8.896937913844472912e-02 6.867505843992477432e-02 2.746057929908542194e-02 8.113201359911730026e-02 2.016107077751076448e-01 4.524507957203703912e-01 1.917891547069228986e-01 1.838149655818854533e-01 3.177430203735782666e-01 2.847267200855858604e-01 2.993681930411229430e-01 1.757528076045447030e-01 2.056560576519191885e-01 3.851840926960847095e-02 1.281050381484489242e-01 9.310329324453725519e-02 2.820142801352222839e-01 2.368836541934411233e-01 1.552673380769721279e-01 1.101193167049709098e-01 6.047334126030233514e-02 1.117326144988029651e-01 2.365384213189558882e-01 8.135224743841201756e-02 1.384558453768089115e-01 2.530975871885542475e-02 1.661632352874393703e-01 2.588447880786213795e-01 3.177656129000636098e-01 5.696697542125318814e-02 2.146637569449131033e-01 
2.523778334723219552e-01 9.715574593389529612e-02 2.563311884111286743e-01 7.944222116338754691e-02 5.855955109380298618e-01 2.767835994263617150e-01 4.300629935831556949e-01 2.579315528152332365e-02 0.000000000000000000e+00 1.671204364420742217e-01 1.398968947881149699e-02 2.137803214102761973e-01 3.118913336533404856e-01 1.159960566494325357e-01 5.740699710860898142e-01 2.327914075799349947e-01 3.745252841365174223e-01 2.364383224013668489e-02 2.582746310313415242e-02 2.165789396149219240e-02 1.297297694438366844e-01 1.886940240288214471e-02 3.055725007341643096e-01 1.171104214344567962e-01 2.059468591786740854e-02 2.248545109728530556e-01 7.319921356668036838e-02 2.766939320393800861e-01 8.057807370184726092e-02 4.362517249063472824e-01 5.131119045612143187e-02 6.236050917533924043e-01 4.637600959109740018e-01 1.250723629526306335e-01 1.272552798340925717e-01 8.558105506033571175e-02 1.146223584553782704e-01 4.426912675119425156e-02 1.384829701382552514e-01 1.122958908035731479e-01 1.533054895966219633e-02 1.435087181498157782e-01 2.741689047027049964e-01 4.361958952239194942e-02 9.271210067596497018e-02 1.183504729625248358e-01 1.223635779859269940e-01 1.229693930762150722e-01 1.902103951242231639e-01 1.026184125568924271e-01 1.113643312822198972e-01 5.952213699654033963e-02 4.147989573857246981e-02 7.438568668936136608e-02 1.463324373535764833e-01 3.124885002434628634e-01 2.439139715399176456e-01 1.673199161505449506e-01 2.638449476910929015e-01 1.637659215922929457e-01 2.228742106407484436e-01 1.101580185436152881e-01 2.217639012471912807e-01 5.462047566898803330e-02 1.438904215985954173e-02 2.634109134113837847e-01 
1.574317768842173615e-01 1.447243549741365487e-01 1.758849893130967970e-02 3.979963002050516674e-01 2.825403408970645902e-01 1.978711267124150519e-01 2.424208522704909274e-01 1.819506471145155846e-01 1.671204364420742217e-01 0.000000000000000000e+00 5.853381579976095483e-02 1.351491943886526902e-02 2.585508259822542898e-02 2.567038887814751535e-02 2.687866324423584738e-02 5.339825925470167434e-01 3.747205505982751927e-01 1.309158380397064114e-01 1.312342848020643139e-02 1.420456183259458799e-02 3.091920542265682026e-01 3.729917758743708789e-01 5.347416340990122086e-01 4.160760153749700208e-01 7.267208327987083605e-01 1.391350873366229979e-01 3.221105466199996048e-01 3.821175931323542163e-01 4.012306623503141823e-01 1.134970264374535465e-01 2.240567002609383518e-01 1.032847584488115339e-01 1.289279918635533317e-01 2.093387462667149479e-01 2.866170478241180861e-02 3.619469224667624246e-02 1.283876523479502429e-01 3.306954360158163575e-01 1.160480946357742155e-01 4.572476563566773011e-01 7.692566349301098449e-02 2.586811922557346599e-01 4.522378508087993576e-01 7.184409024351556816e-02 1.044002766221457795e-01 2.532792458786857770e-01 6.313679600568736228e-02 1.969417805359892359e-01 4.432370800514640607e-01 5.150072012491218043e-01 1.012230368012934367e-01 1.725780612578359519e-01 1.466472857069210101e-01 1.293797204644775434e-01 3.883184806309906284e-02 4.642459670419162299e-01 3.920941086606295062e-02 3.202213848680278141e-01 8.396665121566190826e-02 1.464687472725500761e-01 3.812834957347513432e-01 1.537826791837575979e-01 2.119495332911877639e-01 2.029557460823028237e-01 2.230643266358424692e-01 2.168321952415719345e-01 
3.070156166935165132e-01 8.121738887940715620e-03 2.885089560866183414e-02 3.023659185308509856e-01 1.871336284003026207e-01 3.070812674172292839e-02 2.271757888894276878e-01 5.370695819859098163e-01 1.398968947881149699e-02 5.853381579976095483e-02 0.000000000000000000e+00 2.406040949799032047e-01 5.178928581664467012e-01 9.879349561843422944e-02 2.953768296582574004e-01 4.256701375957656214e-02 3.254364437188804471e-02 6.474381031428222411e-02 1.973066000921845919e-01 1.139486566568626014e-01 4.659363974705105771e-01 2.762347380927630131e-02 1.317772644181962501e-02 8.647098192782550971e-03 2.614947293106994475e-01 8.611792630638374912e-02 4.226487293973579112e-02 7.189591120131440249e-02 1.701394728019849090e-01 7.869026203061318947e-02 8.288099829187021983e-02 3.423423207572696969e-02 6.447654313835708695e-02 3.138850519725617794e-01 6.681273273978699523e-02 6.194603041206298011e-02 1.259661289433849085e-01 6.867165894713701813e-02 4.756497317406264275e-02 1.361704770118157548e-01 2.780374134286000554e-01 1.358996663069438060e-01 9.769268170577796728e-02 3.640034290092599711e-01 2.008603719102086405e-01 2.373796740937511862e-01 9.987854188354886031e-02 1.148347832742520475e-01 1.934032079289129194e-02 4.174673402059675409e-02 1.119178346885816300e-01 1.728613676438964242e-01 1.421712337433831685e-01 1.502711150901072934e-01 2.194432652218403917e-02 1.490474012603984662e-02 2.081728802473656673e-02 1.846493863709344485e-01 5.523240329574791857e-02 5.917954597898802266e-02 3.986356862357662983e-02 6.625014217888855472e-02 9.694009180456537866e-02 1.283588320688399675e-01 2.631712478357797064e-02 3.339769717550806344e-02 
2.480417343831836097e-01 1.558828414204071477e-01 1.679198734749798305e-01 5.211892929809561897e-02 3.531421734429428527e-01 2.851237567345150103e-01 4.011929610916638300e-02 2.849456779127655937e-01 2.137803214102761973e-01 1.351491943886526902e-02 2.406040949799032047e-01 0.000000000000000000e+00 1.321457602504367834e-01 7.617291009701899762e-01 1.617282417426529895e-01 3.029246753154125893e-02 4.084791457155347028e-02 8.492000882224973179e-02 5.469562518827377762e-01 1.451299938593456629e-01 2.515812555670598333e-02 1.422312304213934828e-02 7.636985976841079160e-02 8.034794059369114450e-02 2.992372810940016961e-02 6.158356788559691264e-01 1.806848609777058495e-02 9.856034168750416047e-02 9.317866390643250729e-02 1.334419724147291597e-01 1.079189500610627656e-01 2.572240727280836192e-01 1.204640846702597912e-01 2.038311195108229723e-01 2.775843012953724820e-01 1.767362863095778280e-01 7.730581373791371724e-02 1.943948588412940451e-02 2.649428473101752002e-01 5.265006481489243467e-02 2.505044316312970976e-01 4.095612079090436841e-02 1.064113193208908043e-01 1.529666741692742027e-01 6.909856424489642379e-02 1.280284362808331855e-01 3.980547475977277982e-01 1.846180064145946237e-02 4.630192327502460903e-02 3.415486648083664728e-02 3.301812938220702875e-01 7.313035808004636484e-02 2.776989419967293982e-01 8.489139358318266437e-02 1.459441405097241032e-02 2.753115366982397325e-02 1.032694373627280476e-01 1.411231986424606732e-01 2.493061667959971528e-01 2.174339487865754317e-01 8.381124865458057516e-02 1.801131735380630539e-01 3.025632188057966743e-02 1.775552514539482096e-01 2.183108160050598739e-02 5.210912498663239356e-02 
4.480139327943429284e-01 2.407132392605627891e-02 2.742523196602206920e-02 3.878936406037844509e-01 4.386166346541531258e-02 2.881471996976724126e-02 6.108520885534713951e-01 3.430418966581661455e-01 3.118913336533404856e-01 2.585508259822542898e-02 5.178928581664467012e-01 1.321457602504367834e-01 0.000000000000000000e+00 3.096982542778262473e-02 4.705586129675475293e-01 1.539652257283545267e-01 3.904770404985228316e-01 2.886798532693940836e-02 2.122443510956063262e-01 1.239205152176572483e-01 5.690833395916348181e-01 6.220938100102002544e-02 1.172069293911295607e-01 4.656965238364230153e-02 2.238401760600883528e-01 1.146022107481181607e-02 4.802847968035222487e-02 9.282399743604198561e-02 1.955288641879678047e-01 2.938341789063658727e-01 1.448616210613126454e-01 1.535081078341375693e-01 3.659977554153456270e-01 3.122383770364768885e-01 3.303225797382563361e-02 7.837287785636999973e-03 8.729066432472698533e-02 2.016942394114816170e-02 2.320414611436982799e-02 2.564915722077590332e-01 1.392981069876999822e-01 2.421539093686252420e-01 2.929404065784435574e-01 1.388977858976628565e-01 1.790195103370021967e-01 2.499658630255144620e-01 1.190703397757843784e-01 2.266396340084848027e-01 1.167791278234429075e-01 1.491135622364093694e-01 2.897905844930917518e-02 1.442805397087068009e-01 1.020736989736731881e-01 1.019200986558360666e-01 1.559838336313555673e-01 1.859909549418423402e-01 1.814553838357761129e-01 2.287122258692705912e-01 1.356750156349139647e-01 1.002751703990405890e-01 5.840227534597419723e-02 1.799066399460088617e-01 3.046989442426408790e-01 2.363730400320144809e-01 8.536547050850246121e-02 2.994430123044399816e-01 
1.368586462829425587e-01 9.250429117628040931e-02 1.618423670383196955e-01 1.103742877269229122e-01 1.857682111943119163e-01 3.781667310276051741e-01 2.361214373513590564e-02 1.193985803642610005e-01 1.159960566494325357e-01 2.567038887814751535e-02 9.879349561843422944e-02 7.617291009701899762e-01 3.096982542778262473e-02 0.000000000000000000e+00 1.326166964163322526e-01 5.454267647347661035e-02 1.635562084129776536e-02 2.417581185595887305e-01 3.754854058366896563e-01 6.002297683700325015e-02 3.892531055743604640e-02 1.517795225619397032e-02 2.550499399298173514e-02 7.521645249564760938e-02 2.943946146791696222e-02 6.886537148838736133e-01 8.159140314662605142e-02 1.084280953471481040e-01 9.771143410561813902e-02 1.479858938984287553e-01 5.346395072311842245e-02 2.022315749664740925e-01 1.312816475452009690e-01 7.312846521689966850e-02 1.766398843161829102e-01 1.593964079305164872e-01 1.205775929944076785e-01 4.970026929425384182e-02 3.766450588410830136e-01 4.747016183658409744e-02 1.321828900397756523e-01 3.344923814823937830e-02 7.939066972796997301e-02 5.454723146016678820e-02 3.463303721838651428e-01 7.865017849028260732e-02 6.983665351662475818e-01 4.295545857367161907e-02 6.961594628197019519e-02 2.219406904410307912e-02 3.700482254475186972e-01 1.303642152117236996e-01 2.223077975413162433e-01 7.057369156662397780e-02 1.641678614553390009e-02 8.244100648803473486e-03 1.369306476385612481e-01 1.149848515527591569e-01 4.576573886819749193e-01 2.188679510586875321e-01 8.493145817485160676e-02 1.703377384036050268e-01 1.040092310063679970e-01 9.139658798108943327e-02 9.083408744736264084e-02 9.001267776022066347e-02 
6.687338207155045788e-01 4.730549337508287155e-02 1.234648742845821379e-01 2.036179472394539780e-01 1.771598274431178122e-01 7.497173519783729978e-02 4.263306402749997281e-01 3.811162797786044054e-01 5.740699710860898142e-01 2.687866324423584738e-02 2.953768296582574004e-01 1.617282417426529895e-01 4.705586129675475293e-01 1.326166964163322526e-01 0.000000000000000000e+00 1.454407059247913858e-01 3.467365068183967947e-01 6.606168907577679439e-02 2.898497438107515145e-01 1.050554766772312243e-01 2.596738270946344906e-01 1.613701869162517677e-01 1.342447520778626280e-01 1.116295780547517796e-01 2.291639403270614717e-01 8.377538866149339403e-02 6.239679731840572924e-02 2.149863931569641062e-01 3.174078504738027384e-02 6.514391941432658983e-01 2.314617391809041802e-01 4.315250559024439436e-01 6.554857629073163050e-01 3.807614154144722818e-01 1.900119743116390411e-02 5.266028679521168356e-03 2.309764067225765494e-01 2.726833635534876149e-02 4.487996221909359290e-02 2.945596139325523666e-01 1.437669148991040924e-01 2.886030817105293411e-01 3.132534022139330521e-01 1.256014649658697691e-01 1.575401010105653421e-01 3.120634127396051394e-01 7.196577304688696330e-02 2.902870082273553698e-01 1.664209281594696554e-01 2.102863423226195294e-01 1.680686653601047575e-02 1.746483092051450137e-01 1.891661631495135942e-01 1.814208490682493458e-01 1.486541602322256073e-01 2.369227669916170176e-01 2.287423460088622573e-01 2.883883160622149888e-01 1.360012620281950413e-01 2.108113599364493662e-01 1.434868867570498197e-01 1.757813631259411147e-01 3.843068160576704750e-01 1.658805534662117220e-01 1.055936246317003419e-01 3.577911236042782828e-01 
6.979862562193667186e-02 3.991606541987377521e-02 9.955657386309228751e-02 3.387550762670824694e-02 2.752901211787832647e-01 1.811961750647810288e-01 1.665000377351035787e-01 5.621552290550478614e-02 2.327914075799349947e-01 5.339825925470167434e-01 4.256701375957656214e-02 3.029246753154125893e-02 1.539652257283545267e-01 5.454267647347661035e-02 1.454407059247913858e-01 0.000000000000000000e+00 2.458360099388730291e-01 3.483256170152164433e-02 7.732224324990787101e-02 4.492669608241670054e-02 4.383764814407984517e-02 1.088671426336785958e-01 7.604296167099818815e-01 3.209636298180842395e-01 2.554640033967009449e-01 7.395318034933416607e-02 2.402206534916624669e-01 4.742813824706773596e-01 3.368360487620754018e-01 1.168977644395104432e-01 1.184289529299403509e-01 1.590334152016023295e-01 1.295995340187834632e-01 1.977749638153068756e-01 7.708391043613449511e-02 6.138686288718030876e-02 4.799407179262580453e-02 2.149782974349123965e-01 1.066947184650483271e-01 2.321750118880884506e-01 2.906670290461216971e-02 1.455251615419179412e-01 2.225958447422631825e-01 4.843031485094913269e-02 3.190204222170704706e-02 1.889892001515751929e-01 4.471857035395267188e-02 1.962838724333850204e-01 6.379347237433076190e-01 2.582891871453033006e-01 4.150111117476495970e-02 1.078642961434742170e-01 1.148714024703198083e-01 6.434629796016977377e-02 1.215138096949943958e-01 5.911400007303608817e-01 4.586986527425134658e-02 8.008720892927388701e-02 5.156303882188090909e-02 1.266147624562881657e-01 4.199108886964849630e-01 9.440203162794374991e-02 2.387470495746041033e-01 2.075420530550808884e-01 1.778151515663861371e-01 2.280505261951282781e-01 
3.128468722856138085e-01 9.726055008202105778e-02 4.919287327366157064e-02 7.447872064120453217e-02 4.561995593935205817e-01 1.822884647306986794e-01 7.596771551355089303e-01 1.131981531684309594e-01 3.745252841365174223e-01 3.747205505982751927e-01 3.254364437188804471e-02 4.084791457155347028e-02 3.904770404985228316e-01 1.635562084129776536e-02 3.467365068183967947e-01 2.458360099388730291e-01 0.000000000000000000e+00 2.496804654140628854e-02 2.194887491588598527e-01 1.952910341205743236e-02 3.368464471405079735e-02 8.234907327003850031e-02 2.798917695209519052e-01 8.895659414918932750e-02 2.008710336493429172e-01 1.268518288079631129e-01 1.361253857057065642e-01 3.477497898581140001e-01 1.733739036216649931e-01 2.998364098046290005e-01 2.778781971648363811e-02 4.159629624336752540e-01 3.390970045822494505e-01 1.951075097648637957e-01 1.083240384369556046e-02 3.429802533057182967e-02 1.451876203622008699e-01 1.789905519372947049e-02 9.601194842105281735e-02 1.423813935509210538e-01 1.438081992868642800e-01 2.187781369769352946e-01 4.973719583677176370e-01 1.017094030457845882e-01 6.291619462654526873e-02 1.618170727714114965e-01 8.968517054867587712e-02 2.242676052940622833e-01 2.016738026253161176e-01 8.043089171407413751e-02 1.598768144914956835e-01 1.301153868875743469e-01 4.235748163062604682e-02 1.849687806470282081e-01 1.502831485118481247e-01 3.311667242847717851e-01 2.982245825063402078e-01 3.248774736904133098e-01 1.679597797347873178e-01 1.818223220536887286e-01 2.171206581778672429e-01 1.787345859732308861e-01 3.136865719348111425e-01 1.418180556677851312e-01 1.139050199770109961e-01 3.699259779952976945e-01 
8.298705528275480969e-02 9.975779260241536550e-02 1.381693458380070516e-01 1.120197820213539829e-02 3.653279058803327733e-02 1.369375290973408876e-01 7.704497465550622093e-02 1.155638683251486165e-01 2.364383224013668489e-02 1.309158380397064114e-01 6.474381031428222411e-02 8.492000882224973179e-02 2.886798532693940836e-02 2.417581185595887305e-01 6.606168907577679439e-02 3.483256170152164433e-02 2.496804654140628854e-02 0.000000000000000000e+00 4.420067720291250002e-02 5.153328267383763261e-01 5.151895123013562096e-03 3.492047364742739690e-01 5.818821383845796356e-03 4.716253768190408757e-01 8.643696266552060303e-02 1.849124162136648875e-01 6.055464860194782750e-02 3.727764950821255141e-02 6.576490488438108128e-02 2.338309119742905673e-01 3.301103340574657041e-02 5.784705461551500200e-02 2.833220201888292378e-01 3.876304185623646176e-02 2.795052125119235620e-01 1.260397495880126728e-01 5.761305044043794898e-02 1.888080829917397063e-01 4.854265752411683621e-02 1.550955710820604294e-01 4.999788268145832076e-02 6.269557549385298967e-02 2.484535372099234626e-02 5.505636860024001877e-02 2.203350978788937709e-01 8.490816028121223047e-02 2.553636492371646471e-01 6.135521190189067997e-02 1.470243955770255198e-02 1.951910610245209399e-01 6.435701367435366083e-02 5.004912083109630538e-02 3.479681000483061254e-02 2.487377385019321971e-02 6.119935364029006203e-02 4.354924980458457079e-02 9.243180229977056295e-02 3.561655478026289762e-02 3.240588505459504609e-01 4.025946833389713181e-02 1.000172941042809377e-01 5.508996371397981151e-02 8.922196627354736509e-02 3.573346319670556159e-02 1.662303144346348183e-01 1.386827152504101213e-01 
4.382720007698271414e-01 8.380977229016432772e-02 7.340441979844057607e-02 2.612823091818311516e-02 6.898027665610856340e-02 2.638997230195983534e-01 2.376631718039144414e-01 3.411927247598575685e-01 2.582746310313415242e-02 1.312342848020643139e-02 1.973066000921845919e-01 5.469562518827377762e-01 2.122443510956063262e-01 3.754854058366896563e-01 2.898497438107515145e-01 7.732224324990787101e-02 2.194887491588598527e-01 4.420067720291250002e-02 0.000000000000000000e+00 4.355586278989048710e-01 7.979709699047743410e-02 1.638550668959037893e-01 1.780298671532432042e-02 1.804122239265769367e-01 7.321823897687290694e-02 3.911682776529114558e-01 3.143549758044587583e-01 9.833500919712585830e-02 6.901531804651182822e-02 4.405846726616475806e-01 2.431148757644033542e-01 4.523994367878144546e-02 4.032169432170672474e-01 2.708348766797685769e-01 1.638181415070281977e-01 1.006074309334426820e-01 1.957116391999854169e-02 5.487105921213840387e-02 1.361655871654411099e-01 1.648119555797945002e-01 1.975019709689384839e-01 1.396065514337891389e-01 1.501096400349663240e-01 9.765353766415947601e-02 9.781188105625658602e-02 1.501107672257876169e-01 9.723581076211543217e-02 1.322453393876923677e-01 9.359458789443590720e-02 1.307166483581100880e-01 7.491677821971796936e-02 1.516816272997112136e-01 1.796731717571664610e-01 3.498701937711636012e-02 8.524061525947256024e-02 5.746513592130347153e-02 9.508282533317041763e-02 1.291989084757311779e-01 7.216999484470953963e-02 1.444390470400168380e-01 6.321894910487305119e-02 1.617571040972482499e-01 1.694208065839362676e-01 1.869601987384060249e-01 1.557762198904493467e-01 1.606948064591066094e-01 
2.806453751282473319e-01 1.094699748607678852e-01 4.861615575009409912e-02 7.172671810907184364e-02 1.379502334506729766e-01 1.571085510910426308e-01 1.107507090861382104e-01 2.899260116313710500e-01 2.165789396149219240e-02 1.420456183259458799e-02 1.139486566568626014e-01 1.451299938593456629e-01 1.239205152176572483e-01 6.002297683700325015e-02 1.050554766772312243e-01 4.492669608241670054e-02 1.952910341205743236e-02 5.153328267383763261e-01 4.355586278989048710e-01 0.000000000000000000e+00 8.212659475791042607e-02 1.246102836818418769e-01 3.958897553090103688e-02 1.040002964109085215e-02 7.316545239426038016e-02 5.263342355627386587e-02 4.611153856344187285e-01 6.523858695332193647e-02 3.840301037487860170e-02 1.626888385479902666e-01 2.803799456963806391e-01 1.060113157973074094e-01 1.172022602919723933e-01 1.781273234001617967e-01 2.402821193312084935e-01 7.328567833934039599e-02 4.355339187596394407e-02 1.003088348873490965e-01 4.591098971856988342e-02 1.144288475335834138e-02 1.164925045791451175e-01 4.072394493898474216e-02 7.991045557321857506e-02 6.309019292659157063e-02 2.576894752214417550e-01 2.786218642382453856e-02 1.933109984343892584e-01 8.042266392003651065e-02 7.760687425753054480e-02 5.085081576929390695e-02 4.687825873041571306e-02 1.362869987187664278e-01 1.310020896990321260e-01 7.279339607620326572e-03 8.986588080441093584e-02 3.247820230241460493e-02 7.592047296567347447e-02 6.909164785185366309e-02 2.393022445012935318e-01 8.726841245778142742e-02 5.483414093194644012e-02 9.967194000645172858e-02 1.048611134186987759e-01 1.191043837328821936e-01 1.331802723724404870e-02 7.311801483090912823e-02 
2.327835211173387708e-01 8.501744331604475791e-02 5.250292663619660072e-02 8.311596423089135932e-01 8.335822645915495765e-02 1.872302765430711169e-02 1.527460186396552011e-01 3.396307031205748062e-01 1.297297694438366844e-01 3.091920542265682026e-01 4.659363974705105771e-01 2.515812555670598333e-02 5.690833395916348181e-01 3.892531055743604640e-02 2.596738270946344906e-01 4.383764814407984517e-02 3.368464471405079735e-02 5.151895123013562096e-03 7.979709699047743410e-02 8.212659475791042607e-02 0.000000000000000000e+00 7.860176970289765863e-02 1.963661381704910613e-02 6.746775136781639481e-02 5.499122809376136845e-01 9.754522333589938504e-03 1.137799276237703577e-01 6.717916344144929386e-02 1.445566273054247064e-01 1.618070414259301648e-01 1.100640294028165100e-01 3.975794704078058905e-02 2.028881985554224499e-01 1.874289746513068677e-01 3.040984858877927854e-02 1.027628236948123497e-02 2.298989150738321163e-01 5.141790556824559627e-02 4.258643800877666419e-02 2.245376745165372778e-01 1.732079897006618199e-02 1.800778300096708695e-01 1.584744041056854458e-01 2.230422806306586042e-02 1.505124550894153534e-01 7.441690364973733984e-02 1.187211388076599011e-01 1.323116754761413383e-01 2.475432977580198715e-02 1.844594896065503142e-01 3.803443754646071429e-02 1.013181791271018373e-01 7.842332538801384534e-02 2.382820898867678283e-01 4.407946860002746881e-02 3.323280299941398785e-02 3.891801650010050240e-02 1.423895941698580525e-01 7.395233978762423555e-02 3.061380594967565150e-02 7.986742050366511803e-02 5.551733678512774106e-02 1.647230644314611470e-01 1.281607213299106318e-01 7.095672063229477300e-02 1.442224317855677340e-01 
4.372328035424576376e-01 1.144648756685549829e-01 1.437019977977061977e-02 1.354209843934546520e-01 3.212200638803761749e-02 1.643780022850710731e-01 5.505738583702024513e-02 1.658602157650409525e-01 1.886940240288214471e-02 3.729917758743708789e-01 2.762347380927630131e-02 1.422312304213934828e-02 6.220938100102002544e-02 1.517795225619397032e-02 1.613701869162517677e-01 1.088671426336785958e-01 8.234907327003850031e-02 3.492047364742739690e-01 1.638550668959037893e-01 1.246102836818418769e-01 7.860176970289765863e-02 0.000000000000000000e+00 1.380200844261872672e-01 7.589300284022816312e-01 3.520149398777311922e-01 1.033699353532067378e-01 4.825354440303470382e-01 1.814049513669518665e-01 4.161315375715775589e-01 4.497387931425833041e-01 5.719447138476508874e-01 7.571338383381477632e-02 4.811034142607867325e-01 1.819402318788490291e-01 1.520944344859203878e-01 1.125565718446401436e-01 3.443443493125942362e-02 1.437460677242657359e-01 4.758982492006166853e-02 2.159019854213035383e-01 4.006346650392159786e-02 1.226519992868196907e-01 6.493054611769105700e-02 2.925824084911648332e-02 5.616795484479737699e-02 1.938114080429772235e-01 5.751218229782882607e-02 1.915253803280435874e-01 3.642497646061305938e-02 2.337371596386409733e-01 6.646267657475458945e-02 9.001292735316951399e-02 9.912572710269493270e-02 5.523283447389605583e-02 3.131846073861194735e-01 7.464626218446962502e-02 2.993625174319173299e-01 2.980211462250201629e-02 5.337980154861120957e-02 8.769092917957455047e-02 1.213580993851701012e-01 4.440386731632168377e-02 3.032534272855298418e-01 2.601039860545534266e-01 1.849316309504296652e-01 3.601957182253468503e-01 
1.732047382292443635e-02 2.289959512656190022e-01 2.810039952824956444e-01 2.928460931131092113e-02 4.132430566517735215e-01 2.398387176088900563e-01 1.796035485581464752e-01 5.114511745646341950e-03 3.055725007341643096e-01 5.347416340990122086e-01 1.317772644181962501e-02 7.636985976841079160e-02 1.172069293911295607e-01 2.550499399298173514e-02 1.342447520778626280e-01 7.604296167099818815e-01 2.798917695209519052e-01 5.818821383845796356e-03 1.780298671532432042e-02 3.958897553090103688e-02 1.963661381704910613e-02 1.380200844261872672e-01 0.000000000000000000e+00 3.512656335083895187e-01 2.263299729083267930e-01 1.102629621039525193e-01 2.403716532493718749e-01 4.032502181551158582e-01 1.972459421146404435e-01 6.263705358499034592e-02 1.052891968813552542e-02 2.421778850105036074e-01 6.075381442322681097e-02 1.825688198083646463e-01 3.398488786638481085e-01 1.851771151532926041e-01 9.268930448949348755e-02 4.088617961156392200e-01 1.460738767362597113e-01 3.454686347323733253e-01 6.503365365599982247e-03 1.935684523288628833e-01 1.985898534093591683e-01 1.899010520598902810e-02 5.914646469670280932e-02 2.248581287410110208e-01 5.016133912057677696e-02 2.576238601433251674e-01 5.487336651613746730e-01 3.709490065570318906e-01 5.506646598337007481e-02 2.428133772029425833e-02 3.047259717615722133e-02 6.880309940212007980e-02 1.671388023638018250e-01 7.227075247949517056e-01 6.216778483339522460e-02 3.570847686154788453e-02 8.381018967019621124e-02 1.127372532261118054e-01 3.378954418117080527e-01 2.856423932998954085e-02 2.797348424173682901e-01 1.862036590272151404e-01 3.191922576853243876e-01 2.654990774927001307e-01 
3.312856105436355891e-01 1.063813452957307337e-03 2.627442976708854738e-01 1.054141239217320780e-01 2.076364678246457596e-01 2.367186847925050464e-01 6.048274388744208363e-02 6.292389238564825849e-02 1.171104214344567962e-01 4.160760153749700208e-01 8.647098192782550971e-03 8.034794059369114450e-02 4.656965238364230153e-02 7.521645249564760938e-02 1.116295780547517796e-01 3.209636298180842395e-01 8.895659414918932750e-02 4.716253768190408757e-01 1.804122239265769367e-01 1.040002964109085215e-02 6.746775136781639481e-02 7.589300284022816312e-01 3.512656335083895187e-01 0.000000000000000000e+00 3.081046282145294968e-01 1.750827406928462393e-01 3.943631630926490717e-01 2.431638250504455090e-01 3.157560298817103095e-01 3.386819789240842482e-01 2.944238719713504482e-01 2.524488569701888868e-02 3.807730029018748796e-01 1.731376383451273815e-01 1.112356585708389606e-01 1.430095876690727075e-01 4.622539627031242715e-02 2.133120129717512026e-01 6.399800219803990220e-02 2.561469977518036067e-01 2.409319766843467589e-02 1.452302913434903309e-01 8.248105142335928133e-03 1.140967503813481929e-02 2.096856896917697818e-02 1.886170568103135436e-01 3.306327457612889820e-02 2.195334951486798969e-01 5.773194337085231498e-02 2.791924101537908709e-01 7.899712179883719432e-02 6.251487202580921498e-02 8.577475754529355345e-02 4.807509295540481759e-02 3.008129544892610419e-01 5.790737487213150347e-02 3.030838084397198262e-01 1.754961268651997891e-02 1.453969150509104025e-01 7.344041232495522598e-02 1.778054222557820530e-01 2.281126783818311979e-02 3.222302962064901299e-01 2.263375126648023705e-01 2.413966491809779458e-01 3.680339614671722659e-01 
