0.000000000000000000e+00 3.325726155414238799e-02 6.045856970324051116e-02 1.053090446155143661e-01 6.500811354688058874e-02 7.452333294381982554e-02 4.919399450119902456e-02 5.878783901224903241e-01 8.973204361270749330e-02 2.816945555027112746e-01 2.466308152902959294e-01 6.018613568507277800e-02 4.477044627616438288e-01 2.499563498478349008e-02 4.527256730956665809e-01 5.069684114164876160e-02 1.790923165342074297e-01 2.771020343751109602e-02 8.905283354873189117e-02 2.156396133536028492e-01 2.276722508383246038e-02 2.376769339552149418e-01 8.722321289183375403e-02 1.128753172452279518e-01 2.019709895227533580e-01 7.415365677707326519e-02 1.424532262891813061e-01 1.982435970646465040e-02 1.280166043574327561e-01 6.133138612252224675e-01 4.764471943220446870e-01 1.376326259548526498e-01 5.501943821882796515e-01 2.402455182052233296e-01 2.997376655577179555e-02 3.794301448195831761e-02 1.713897347694748607e-01 2.929104508234242968e-02 4.648384287218536304e-02 7.560511889123375240e-02 2.080839665983983955e-01 3.239890731003563368e-02 2.039068637557013008e-01 1.979841061208014452e-01 2.665879807143716265e-02 3.857603478394927010e-01 3.723714028793345676e-02 3.295490755862314214e-01 1.009151866838563089e-01 1.763337370642304724e-01 2.776204506144632281e-02 9.774600756114985856e-02 1.523557453568602504e-01 2.350429442049879469e-01 1.648150526671936511e-01 5.616992867093491271e-02 1.403428559390849373e-01 1.566178447580379718e-01 2.094296767677603782e-02 1.334992282941376840e-01 1.349634655185155685e-02 1.377723775492719072e-01 3.028763505453831439e-01 2.417278520072826120e-01 9.976671875076463525e-02 3.158541940266426651e-01 
3.325726155414238799e-02 0.000000000000000000e+00 4.950662788822930982e-01 2.065139554033290081e-01 1.509380747631970665e-01 6.619787204208067710e-02 8.851629828348686613e-02 8.616733975345355900e-02 1.258615634243946124e-01 2.517556901276143955e-01 1.178426191985315202e-01 8.471838747366956801e-02 8.993680246091108332e-02 1.055557544282574589e-01 4.586398681127789451e-02 2.817803061062543538e-02 4.991497208447587958e-02 9.810307827316813722e-02 7.874436020100399058e-02 9.411456815177624002e-02 2.056450375967530664e-01 8.049123714270593755e-02 2.333508670455847755e-01 1.183526214336648591e-01 2.585463226137767467e-01 3.751761352057695897e-01 2.767405131050363898e-01 6.066047355733132918e-01 1.646680879176878609e-01 2.022982372199577661e-02 3.722371422786517614e-02 1.745982607606855752e-01 2.652846130753431717e-02 7.377687752550789006e-03 6.280061645496679557e-01 2.212528909200783822e-02 2.213383518902896363e-01 2.552221931897723506e-01 2.670634376603371954e-02 1.925216068768096089e-01 4.584206062359347245e-02 8.239764525098527970e-02 2.386216088389208623e-01 6.816726814500979892e-02 2.006154806689033065e-01 1.164403238234778398e-01 2.194721745569686300e-01 9.997036771707322120e-03 6.664177811661489703e-02 4.938350213251770093e-02 2.780629239473046965e-01 9.692819568480708081e-02 1.309263506085748541e-01 1.545229208419950928e-01 5.072646440448200927e-02 2.236960320511713340e-01 5.619731545489481395e-02 2.613157006007101324e-01 1.469213443367980432e-01 1.764196179462343417e-01 4.074507230953814396e-01 1.902434615275819529e-01 4.050808559557012023e-02 5.112547876640005651e-03 1.854962741297957185e-01 8.823434788951434182e-02 
6.045856970324051116e-02 4.950662788822930982e-01 0.000000000000000000e+00 7.436042244273341484e-02 2.814830886408928867e-01 1.855703838492541446e-01 2.168656209789570355e-01 1.411387402575918215e-01 2.890318925641060521e-01 8.450567789368315652e-02 1.098161006370334536e-01 6.892801441113489969e-02 4.183714601066967909e-02 8.934060294733699170e-02 1.489187919352898404e-01 8.337539055012022082e-02 3.657125840628625002e-02 1.030543886795349251e-01 4.346893957322246760e-02 5.989289131355281237e-02 8.204446365126361052e-02 2.750188222623095938e-02 2.497848451656071167e-01 3.245958223595730163e-01 9.640058814754647043e-02 1.313389656563001828e-01 2.551345663965579047e-01 2.910631713788770503e-01 3.749160346385505688e-02 2.305679183726054918e-02 8.814167458021297807e-02 2.958472294746937736e-01 4.394209903383395482e-02 3.364464546396601918e-02 6.907420222978749580e-02 3.242057689711408952e-01 1.321335019277495304e-01 8.126413146571868917e-02 1.755694786436570731e-01 1.120704152122869307e-01 1.142586336252978535e-01 4.474980473739975650e-02 7.357638735667712537e-02 4.594407592224391407e-02 2.604887956469997823e-01 1.235227039168806523e-01 2.500760448711964457e-01 2.701144006733460778e-02 4.623364468525758414e-02 6.798006400658790360e-02 2.176272337144626035e-01 1.694419899529902018e-01 1.397726324628979500e-01 1.168380343000511024e-01 2.682197301306788600e-02 1.262596045541850565e-01 8.418808552246270782e-02 1.232377163081438409e-01 1.779952198827401411e-01 3.910198484042113481e-02 4.529601651093718290e-02 3.946227451126628309e-03 2.889732849311157231e-02 3.190259464105484055e-02 1.282724170524163210e-01 5.838631044000007486e-02 
1.053090446155143661e-01 2.065139554033290081e-01 7.436042244273341484e-02 0.000000000000000000e+00 6.663546413001245061e-02 7.001931307675304805e-02 1.218005287507142320e-01 8.266778936873615813e-02 3.873997358828958765e-02 4.496070316709974146e-01 8.157692280869749402e-02 6.187102210308900035e-02 1.261945088592597575e-01 6.076754052429220176e-02 8.240973723340337675e-02 1.059798106339006063e-01 2.479650326434047203e-01 6.051039906174533051e-02 7.353183259358916923e-02 2.885871107226628887e-02 7.492355183136908403e-01 8.770866086138000284e-02 1.325405985528574360e-01 1.710121403567364459e-02 6.471832340158574226e-01 5.363041488996966866e-02 1.311682502196634681e-01 1.452143031194757516e-01 4.838308381734619523e-01 3.742700912158271331e-02 1.064934846938292989e-01 7.802805423415494490e-02 2.166527625903728188e-02 1.442213671600051372e-01 1.954345100388310552e-01 1.114089151253493531e-01 5.232027343621464821e-01 6.636296677975739300e-02 8.612812908310191196e-02 7.900501097649299809e-02 1.602039329754165187e-01 4.670160270816212794e-02 2.956851968349442639e-01 1.350697301733045086e-01 5.232982761125194032e-02 1.880711921599023395e-01 9.458945222811526721e-02 9.741563327218791257e-02 2.012939761224653845e-01 2.074444851671418399e-02 1.961869108170231912e-02 2.339515178835743087e-02 1.372776021027295561e-02 2.749374727274990216e-01 1.925617239461324126e-01 2.448124083541127760e-01 1.738945423232378107e-01 3.015635357170396436e-01 3.689778976217705092e-02 7.666325282891432724e-02 1.274293795737628521e-01 1.060351609841524989e-01 1.009863457326119068e-01 1.037168640360252303e-01 4.746933694375297247e-02 2.813604381707114285e-02 
6.500811354688058874e-02 1.509380747631970665e-01 2.814830886408928867e-01 6.663546413001245061e-02 0.000000000000000000e+00 3.505985943603024402e-01 8.812306099758737687e-01 8.273330286783139864e-02 7.386545660135477309e-01 3.958873091502166514e-02 1.701756976260574913e-02 3.584852000413652484e-01 1.439703672997180717e-01 2.874516999846747356e-01 3.077771650751520149e-01 1.107696812476717807e-01 5.636732071091654639e-01 2.777784197403100619e-02 4.290971465336729934e-02 3.209247226149565535e-02 6.578775731255430415e-02 6.749077552443624728e-02 2.249472790274557321e-01 2.000188821519233440e-01 6.011204519109625971e-02 2.496030677003945042e-01 1.385631563406860833e-01 7.521766676813970709e-02 4.147016317833018828e-02 1.615717486603666375e-01 2.953293154486233071e-02 7.570927008182246620e-01 1.286620450273590899e-01 3.116674955493124038e-02 1.439846953957155673e-01 8.396210770585676997e-02 5.598119822047972066e-02 6.646700192701489318e-02 2.183482903143203480e-01 8.385926484422209781e-02 3.506483531782358248e-02 1.874641389643870101e-02 2.578622025211397273e-01 1.586425709752083135e-01 8.496763689721732737e-02 1.313265200135105004e-01 1.884072058312924458e-01 1.125044779673937123e-01 1.103948009010930903e-01 2.130753673440363150e-01 1.535986374570823265e-01 1.971328037335911276e-01 5.025203275224677905e-03 1.731771994859142294e-02 4.636030185505352758e-02 2.145457121684117008e-01 1.028606441676672839e-01 1.189925526481686591e-01 1.952717447175569554e-01 7.654904477670242124e-02 8.039780151097605798e-02 8.721991003908895201e-02 1.126552131669627671e-01 3.561930914176984764e-02 2.509322812933263702e-02 2.516730831276335345e-01 
7.452333294381982554e-02 6.619787204208067710e-02 1.855703838492541446e-01 7.001931307675304805e-02 3.505985943603024402e-01 0.000000000000000000e+00 3.329618757249531713e-01 4.216717452139394362e-02 3.635862877710851482e-01 4.964057761026097887e-02 3.615721772150680413e-02 4.132390683827512068e-01 6.794438336427903458e-02 5.295761428663700032e-01 1.492078305814081574e-01 4.829008739739943518e-02 2.170878556954886907e-01 1.988592723773409121e-01 4.085005550712232369e-01 7.643577114551433627e-02 4.698461491412424945e-02 1.007451662844059959e-01 7.976209271410882040e-02 1.696386661361566905e-01 3.053579878304054501e-02 5.452473151912829996e-01 1.432564612517015501e-01 2.390152471578812221e-01 6.208185117520659962e-02 3.194306672760115901e-02 2.345670447334081282e-02 3.958287824376833242e-01 4.126933863397947572e-02 2.419098346433173202e-02 2.784448452502354815e-02 1.969868187586513442e-01 3.558201265591137002e-02 3.622414134328998808e-02 7.024059063962816429e-01 1.293808113364604273e-01 1.437941791220579899e-02 1.886887359302275302e-01 1.193854505678237088e-01 1.845384584180473353e-02 3.060918786391227941e-01 2.586054809448480596e-02 4.513304792007046817e-01 2.801925091398381820e-02 6.516277046349357172e-02 4.805984666950757073e-02 2.008201233602213698e-01 3.598219020765342502e-01 8.616321368556791038e-02 2.115403889140991464e-02 8.030305723661318451e-02 8.522232327768929083e-02 1.191685908749996331e-01 5.762296537863089568e-02 5.200803582537848468e-01 6.837721554458088546e-02 3.077972688522479516e-01 5.424128639957838394e-02 5.174442983617028730e-02 3.447379282312855453e-02 3.105693217796738348e-01 1.114889659125039428e-01 
4.919399450119902456e-02 8.851629828348686613e-02 2.168656209789570355e-01 1.218005287507142320e-01 8.812306099758737687e-01 3.329618757249531713e-01 0.000000000000000000e+00 7.421500178666200209e-02 8.007456509414521140e-01 3.531501710242719583e-02 3.781988053521678772e-02 3.099679104079074432e-01 2.106324389748289172e-01 2.609907868101009609e-01 3.714260306165438341e-01 1.104386539907435405e-01 6.951030187523379311e-01 2.402786363674516007e-02 5.736596550520874777e-02 4.430718135309909267e-02 1.129667528278396754e-01 3.612296075262236283e-02 2.076622261585654994e-01 2.208718272350829182e-01 8.632553013632471295e-02 2.840926549004123558e-01 2.305047404011797141e-01 1.422123308557653731e-01 5.781783952678780369e-02 1.980050329590326563e-01 3.968055092076635398e-02 7.133806880192471445e-01 1.650562601424361842e-01 3.280413469415414257e-02 1.316301500630187582e-01 9.423598202755825715e-02 9.563262638174246932e-02 6.640518534354200586e-02 2.494010760414956951e-01 8.556079882663150671e-02 4.953955993825939763e-02 4.284657049832217568e-02 2.843779475245833965e-01 1.846283607076451005e-01 8.913235602641791933e-02 1.828747489875518495e-01 1.934376881614924548e-01 1.478426380238505033e-01 8.526112089835800878e-02 2.563876184680892178e-01 1.817041162984525948e-01 2.268540732119590786e-01 3.801387601245103526e-02 3.824651438653555585e-02 4.006578132223067440e-02 1.876615081167495591e-01 8.646518320608283237e-02 1.414211040938853081e-01 1.893238779205953237e-01 8.048869697581777227e-02 4.813370764712920219e-02 7.515974853667709010e-02 1.150536074171956830e-01 2.028435574419870657e-02 3.424634730526378984e-02 3.027362002346119518e-01 
5.878783901224903241e-01 8.616733975345355900e-02 1.411387402575918215e-01 8.266778936873615813e-02 8.273330286783139864e-02 4.216717452139394362e-02 7.421500178666200209e-02 0.000000000000000000e+00 1.475794175373998894e-02 3.630296886664157729e-01 2.303009487253096788e-01 2.045942087651012042e-02 4.249913511095910201e-01 3.048545056710293133e-02 1.936082750468873792e-01 5.201303565589858457e-02 4.154603154273516646e-02 3.522575506147414270e-02 2.242284194555011281e-02 8.650298448553647712e-02 2.391028862691018664e-01 1.439646144568713648e-01 5.854490276340528626e-02 8.046585123122175498e-02 3.898607870292882249e-01 2.659925990776983856e-02 1.448740447543132859e-01 4.634676266497954333e-02 2.826082903038533156e-01 2.807588378340862278e-01 4.135397646780797909e-01 4.987722763483553451e-02 2.840955520021697378e-01 1.859707008545828377e-01 6.322849951540313040e-02 7.740669735459340672e-02 6.049904802423260869e-02 1.235454841027141398e-02 6.251423786996788967e-02 5.994038579562799979e-02 2.506172774541847725e-01 1.629154006181789821e-02 7.976421936618804942e-02 1.895005278211123190e-01 4.635675505623331610e-02 3.050325696497620531e-01 5.251054740035526053e-02 1.843881278691463232e-01 9.466976011707155247e-02 1.333529983762941629e-01 9.705980335724824146e-03 6.193924701997677307e-02 9.524473218984802481e-02 1.476595065225615733e-01 1.320175853021612333e-01 6.495352888010219594e-02 1.160706329532867481e-01 7.835781269822418571e-02 3.722167625257010587e-02 7.692104268561011926e-02 2.578819277308195407e-02 8.616916280951132656e-02 1.944759155343250001e-01 1.927702071940426976e-01 4.557782944256322244e-02 1.600474351916162941e-01 
8.973204361270749330e-02 1.258615634243946124e-01 2.890318925641060521e-01 3.873997358828958765e-02 7.386545660135477309e-01 3.635862877710851482e-01 8.007456509414521140e-01 1.475794175373998894e-02 0.000000000000000000e+00 2.932884130590637795e-02 2.919209611181849268e-02 3.548534864411442280e-01 1.378101829561993452e-01 2.649139304484993129e-01 5.883432371955706897e-01 9.920256784924993965e-02 4.789900303791683189e-01 2.030029760293011395e-02 4.562242842454536373e-02 7.605297107753609953e-02 3.592763162996791965e-02 4.493110267295383209e-02 1.794787182906191769e-01 2.446743431475901231e-01 1.670777308638096703e-02 3.182522639049954472e-01 2.011912204730776088e-01 1.119229256486328483e-01 1.252113320659742866e-02 3.109745638476401619e-01 2.837902012391302353e-02 6.834037841119577905e-01 2.311334815393768505e-01 3.154657969614294011e-02 1.300548057809672031e-01 6.973558359592967049e-02 6.195439780209299058e-02 7.763513183051375111e-02 2.891064795396135478e-01 2.826962660168165498e-02 3.640207299317447381e-02 6.141464353226579187e-02 2.064605877279013235e-01 1.562680111612507472e-01 9.184433938543801190e-02 1.219358893136728295e-01 2.008362100681292950e-01 1.144986834803234932e-01 6.097041830679794661e-02 1.887916860926029672e-01 1.740337905924441431e-01 1.877001558355244348e-01 5.681974570447086842e-02 3.510278525465661270e-02 4.395541470729655287e-02 1.581765095594906412e-01 7.324294303878796375e-02 9.019534258302809582e-02 2.182109530075746484e-01 7.630174310554943551e-02 5.403247504613083174e-02 3.988700144735844721e-02 1.070687647166665701e-01 1.908718109119144149e-02 1.369326424306294143e-02 2.647918970508685299e-01 
2.816945555027112746e-01 2.517556901276143955e-01 8.450567789368315652e-02 4.496070316709974146e-01 3.958873091502166514e-02 4.964057761026097887e-02 3.531501710242719583e-02 3.630296886664157729e-01 2.932884130590637795e-02 0.000000000000000000e+00 1.061235687491720731e-01 1.091315855415942726e-01 4.826228352662151888e-01 1.583755799940614606e-01 8.504583228194145805e-02 2.822218536673406497e-01 4.784635129958177829e-02 3.717943608399943561e-02 2.872866597096660618e-02 1.180617765814855197e-01 4.759835580257231191e-01 1.913143842898746838e-01 2.543062468917485219e-01 1.774709465804781838e-01 8.472728625716527961e-01 8.683197155449265403e-02 3.085320463306910344e-01 2.823565283465777065e-01 6.484591232778901260e-01 2.053029907894071693e-01 2.745912354700758562e-01 4.132397355505411374e-02 2.809981106261153494e-01 2.812929542773173752e-01 2.124362187984591976e-01 5.467322587399027489e-02 2.060495281433312731e-01 1.473611281265536921e-01 1.319433742799550613e-01 1.428052337624478169e-02 2.602562591685157467e-01 1.788880802136788850e-01 2.847238441660678854e-01 5.372799713517838888e-02 1.030049884154428108e-01 2.006759264592093694e-01 1.520096441129070441e-01 3.497728180444759638e-01 5.930105156815395490e-02 4.237388803367410639e-01 9.169553090345103352e-02 1.866180917609236989e-01 1.781881548497990242e-01 6.516348089514854836e-02 2.178141124370906179e-01 2.270738496997200609e-02 1.658836782815277522e-01 2.747371601207629355e-01 2.948215860106547653e-02 4.728285031643376241e-02 2.816961704889734408e-01 8.100065436018717702e-02 4.160529398200321083e-01 3.712367559771844183e-01 2.357896276388214418e-01 3.641280742826461525e-01 
2.466308152902959294e-01 1.178426191985315202e-01 1.098161006370334536e-01 8.157692280869749402e-02 1.701756976260574913e-02 3.615721772150680413e-02 3.781988053521678772e-02 2.303009487253096788e-01 2.919209611181849268e-02 1.061235687491720731e-01 0.000000000000000000e+00 4.658660715088561166e-02 2.857063689176367882e-01 2.340329612358497263e-02 1.722877305505244594e-01 5.875411527339310241e-02 6.506070319353211839e-02 6.141155655273646680e-02 4.059324097587642399e-02 1.182043711517149209e-01 3.228126314926016427e-01 1.252814227578184780e-02 7.470484425784551519e-02 1.031728407640489786e-01 1.313845471571234713e-01 1.183475840072904517e-01 1.265239140863806400e-01 9.683717604773724175e-02 4.861855842255293630e-02 1.140440060457163229e-01 5.648543124387452735e-02 9.444043352976425054e-03 6.156108289987947957e-02 2.109674673918953136e-01 3.721853254081776419e-02 5.131743646841766676e-02 1.609989376594131438e-01 8.902120875778776754e-02 5.581946702422968531e-02 1.243415948925903763e-01 3.354815823235420685e-02 2.454369022996768374e-02 6.504822054124946573e-02 4.770300853299905830e-01 6.138126503805523687e-02 1.606237552932166246e-01 6.607631593687374183e-02 3.117242876204697755e-01 1.892277743687243927e-02 6.125794139121459869e-02 7.897220840852477164e-02 3.831643391690096878e-02 9.464318661722334602e-02 2.057081297273439247e-01 2.807424139480070580e-02 2.639976340496428056e-02 3.829176164282559885e-02 5.718243909357764027e-02 6.751568645638681733e-03 9.028969311556127655e-03 3.560182451037167267e-02 5.200860482233152227e-02 1.480068679738348880e-01 5.541111359774388706e-02 3.411845066987238134e-02 5.370875184574707556e-02 
6.018613568507277800e-02 8.471838747366956801e-02 6.892801441113489969e-02 6.187102210308900035e-02 3.584852000413652484e-01 4.132390683827512068e-01 3.099679104079074432e-01 2.045942087651012042e-02 3.548534864411442280e-01 1.091315855415942726e-01 4.658660715088561166e-02 0.000000000000000000e+00 6.934841313044859748e-03 7.786801314720634970e-01 4.270233067202244652e-03 8.397768473157758706e-02 2.532867978927062780e-02 3.013276359047713238e-02 5.038628898572955483e-01 2.490423022625499472e-01 4.739058184847914218e-02 7.838529567310316415e-02 7.696289901787070620e-02 7.719133140778342006e-02 7.598317037564540632e-02 5.170290713156459050e-01 3.084562812581301272e-02 3.740801563423903908e-02 8.258274139736605790e-02 2.428660154740367241e-02 6.805973632962168673e-02 2.953656915908238201e-01 4.068594670469480312e-02 3.558491201603541237e-02 2.254245606370416932e-01 2.944689955725957597e-01 3.061451897359532617e-02 5.463392062716185271e-02 3.366391648858709229e-01 2.690297751261894188e-02 8.498669642140282282e-03 4.780413657236420172e-02 4.217460874711397717e-02 1.569140537379230815e-01 1.322794069590494115e-01 2.926559838297217858e-02 4.072392515385223066e-01 2.497050484129963860e-02 4.924458241932178071e-02 9.416606427493642850e-02 3.199812740145827616e-01 1.886491724699072559e-01 9.517372130508190697e-02 5.983625374154908499e-02 4.286290001048798093e-02 2.554072655233678019e-02 1.136186299057627275e-01 2.021171024422996343e-02 2.847903233882184693e-01 6.044129882291571221e-02 2.599305708282680788e-02 1.730259126246551718e-02 3.770352318698926009e-02 3.916923291857306311e-02 8.166704366891001932e-02 2.026323024245609561e-01 
4.477044627616438288e-01 8.993680246091108332e-02 4.183714601066967909e-02 1.261945088592597575e-01 1.439703672997180717e-01 6.794438336427903458e-02 2.106324389748289172e-01 4.249913511095910201e-01 1.378101829561993452e-01 4.826228352662151888e-01 2.857063689176367882e-01 6.934841313044859748e-03 0.000000000000000000e+00 1.048605436242832922e-01 2.822018873963957897e-01 3.956063339194595962e-02 3.606573735801515967e-01 3.225002677136445950e-02 1.354653735818099891e-01 1.846980637647752665e-01 3.263231324914060427e-01 1.558872032528094975e-01 2.164289580788110456e-02 7.493145179860533078e-02 4.075004689727839691e-01 5.161036527532711360e-02 4.231761864526864536e-02 1.706219956050959372e-02 3.175709524057088173e-01 3.158538178745757263e-01 2.671667779413575694e-01 2.574793959237878238e-01 3.760824944583530671e-01 3.074833140491627370e-01 1.267396718893120389e-01 8.081234033007436701e-02 7.431908635212514103e-02 4.468833757245418287e-02 2.107150059614177479e-02 1.603875839040899975e-01 2.889791553353436848e-01 6.884947898314364156e-02 2.345232741043979940e-01 1.738505984938376048e-01 9.674978342862949887e-02 4.223586378104984274e-01 1.008154783606719646e-01 4.314938072055545804e-01 1.386822863678799644e-01 2.959792001831603181e-01 4.842516368322560827e-02 2.018093406631610298e-01 8.390441217188394918e-02 1.249398789355922190e-01 2.368264728893411109e-01 1.773025651807266789e-01 2.070438691366673634e-01 1.628373752767713345e-01 3.667104725669408788e-02 5.791219638666054992e-02 6.644373391550133234e-02 2.041134775087615205e-01 3.618455752420827176e-01 2.591937641348053267e-01 1.373673332782895107e-01 4.047639831193701743e-01 
2.499563498478349008e-02 1.055557544282574589e-01 8.934060294733699170e-02 6.076754052429220176e-02 2.874516999846747356e-01 5.295761428663700032e-01 2.609907868101009609e-01 3.048545056710293133e-02 2.649139304484993129e-01 1.583755799940614606e-01 2.340329612358497263e-02 7.786801314720634970e-01 1.048605436242832922e-01 0.000000000000000000e+00 3.204972506228448426e-02 8.562418197728474678e-02 5.071468744135105428e-02 1.393202367228790484e-01 4.903918583588766089e-01 1.069126828957776415e-01 6.793427319743723658e-02 2.049308929589051947e-02 5.730623308545539779e-02 9.792070294876756634e-03 9.935788370559844873e-02 4.857064727481974487e-01 6.061162218663662671e-02 4.354558314436789146e-02 6.926408890461470402e-02 3.851698387659031192e-02 4.064841265826628358e-02 2.864297085103690299e-01 2.559571958578256076e-02 2.061992078487286800e-02 1.878402251108738097e-01 2.493242667310255067e-01 6.073451336922221222e-02 1.158966387143064297e-01 4.978416655629329113e-01 1.557362291352998585e-01 2.903570377359628377e-02 1.464745212080298953e-01 2.674333211921517753e-02 1.179976162897979214e-01 4.084798331807864002e-01 3.706958852038052393e-02 6.751754092069253144e-01 6.368535772779895798e-02 6.138578735517927903e-02 1.262880106579773176e-01 2.590591745834166515e-01 4.422382566450506758e-01 5.923003758909531347e-02 7.399794702233689070e-02 3.262892929793489993e-02 1.709186262607619716e-02 1.009145087439796834e-01 5.410223979793903071e-02 4.585568394094332589e-01 1.126605456197864730e-01 2.731781784408427241e-02 7.358776697938818057e-02 9.007457809283221650e-02 3.326399288604724169e-02 1.630020287278774183e-01 2.294740046672866796e-01 
4.527256730956665809e-01 4.586398681127789451e-02 1.489187919352898404e-01 8.240973723340337675e-02 3.077771650751520149e-01 1.492078305814081574e-01 3.714260306165438341e-01 1.936082750468873792e-01 5.883432371955706897e-01 8.504583228194145805e-02 1.722877305505244594e-01 4.270233067202244652e-03 2.822018873963957897e-01 3.204972506228448426e-02 0.000000000000000000e+00 6.124707596315170921e-02 3.874619677371409776e-01 4.845599763628240242e-02 1.935721474876453130e-01 5.351575079608114627e-02 2.014203312817041888e-02 9.594306066825585011e-02 6.808456983384160444e-02 1.440973699283676634e-01 4.149004340082543263e-02 3.822082486216343833e-02 1.846250234950160274e-01 7.853212606348336511e-02 2.483503109161120867e-02 6.422776660302903506e-01 8.011168056906878276e-02 4.915626452910594746e-01 5.043713389000399339e-01 1.659372324565470957e-01 7.899129044952227230e-02 5.105287707565836497e-02 1.371485340910187090e-01 6.774193203951814346e-02 6.875066509247459989e-02 8.989513607784957103e-03 6.727762750759094801e-02 8.283263975452979933e-02 2.060076266717327798e-01 8.183067843297746335e-02 3.797140571053989749e-02 2.469651146183662327e-01 4.760522301566450648e-02 2.511389298728955444e-01 3.181511306554214019e-02 1.939449723852971486e-01 8.180467510422821664e-02 1.204587182409387475e-01 7.538925768449389331e-03 1.357350444353762065e-01 5.471517316464064723e-02 6.133283509114739046e-02 5.120320448695816345e-02 1.112883048529310498e-01 1.865464181800527074e-02 7.903855976187233734e-02 4.401158397124458471e-02 7.856023571462419919e-02 2.108035478256416462e-01 1.232525407223200309e-01 1.088925900390374235e-01 2.817116999045814474e-01 
5.069684114164876160e-02 2.817803061062543538e-02 8.337539055012022082e-02 1.059798106339006063e-01 1.107696812476717807e-01 4.829008739739943518e-02 1.104386539907435405e-01 5.201303565589858457e-02 9.920256784924993965e-02 2.822218536673406497e-01 5.875411527339310241e-02 8.397768473157758706e-02 3.956063339194595962e-02 8.562418197728474678e-02 6.124707596315170921e-02 0.000000000000000000e+00 1.096056386561051338e-01 2.733549977139433651e-02 8.796475754563219673e-02 1.843105440916661952e-02 1.451453576967175196e-02 1.138239728647660737e-01 8.127094570850856847e-01 4.550146636205065209e-01 1.184142271079537956e-01 5.096457056311121114e-02 1.952011494321883589e-01 2.264466751828596580e-01 2.163306049107995843e-01 2.081570415340798855e-02 5.318157906633974585e-02 6.880434125258104439e-02 7.317699995851500994e-02 1.883099349620922791e-01 2.967862429437498686e-02 6.305578040938084050e-02 2.660134591838670959e-01 1.889762845770447952e-01 8.096114822529928978e-02 1.376650362339501277e-01 2.510952390467312556e-01 1.673000609139645156e-01 4.255387857450584205e-02 3.679857096996042715e-02 8.044386531478141603e-03 2.429604447034540704e-01 4.211020666616889507e-02 1.570811391560451853e-01 5.449076851794489862e-01 2.198093586207070238e-01 1.138094213746675409e-01 1.064187143109365380e-01 1.797961679612731511e-01 1.646059825101485463e-01 6.721436659121761414e-02 5.259495662156490337e-01 6.130138092366468200e-02 1.319739060840881550e-01 5.200602652235084694e-02 4.541445403039091888e-02 1.999201248800626662e-01 1.622701426801344549e-01 2.567585511941448684e-01 3.137646389385868040e-01 1.413791090968484487e-01 2.381129671841158979e-01 
1.790923165342074297e-01 4.991497208447587958e-02 3.657125840628625002e-02 2.479650326434047203e-01 5.636732071091654639e-01 2.170878556954886907e-01 6.951030187523379311e-01 4.154603154273516646e-02 4.789900303791683189e-01 4.784635129958177829e-02 6.506070319353211839e-02 2.532867978927062780e-02 3.606573735801515967e-01 5.071468744135105428e-02 3.874619677371409776e-01 1.096056386561051338e-01 0.000000000000000000e+00 2.524112938996990116e-02 2.298687306126560026e-01 9.028145116854655039e-02 2.198245535614666013e-01 3.405620106718187240e-02 1.669592843777094882e-01 1.485349286073326669e-01 1.398665553970356301e-01 1.149666916618406476e-01 2.877666021111748296e-01 2.123484879258219771e-01 9.832677563711417212e-02 2.979915034455578038e-01 6.199804618261062217e-02 5.438920358812310285e-01 3.011514554059678273e-01 1.117790514992120648e-01 4.990470712790601171e-02 6.728910708227990589e-02 1.667868848064855414e-01 6.069903380196937231e-02 1.055889573777254314e-01 1.147725201718597515e-01 6.227608134646099580e-02 4.905419568463640495e-02 3.950539342066314852e-01 1.292565183609639401e-01 3.260670550906076548e-02 3.364810197420933791e-01 3.609446110984616818e-02 2.413227245483051397e-01 1.142875156134255110e-01 3.152507459965432357e-01 1.082113594551585289e-01 2.128154496158025377e-01 3.308173392739569701e-02 1.069888014918655289e-01 7.197113086630790857e-02 1.802160217073830173e-01 9.304172794567092120e-02 2.181382789256930688e-01 6.829532269539018152e-02 6.845923029757845779e-02 5.141797395609105925e-02 1.380757231224492287e-01 1.862321794292105537e-01 9.567961783118034136e-02 1.089020659620553999e-01 3.489307428017844881e-01 
2.771020343751109602e-02 9.810307827316813722e-02 1.030543886795349251e-01 6.051039906174533051e-02 2.777784197403100619e-02 1.988592723773409121e-01 2.402786363674516007e-02 3.522575506147414270e-02 2.030029760293011395e-02 3.717943608399943561e-02 6.141155655273646680e-02 3.013276359047713238e-02 3.225002677136445950e-02 1.393202367228790484e-01 4.845599763628240242e-02 2.733549977139433651e-02 2.524112938996990116e-02 0.000000000000000000e+00 1.090122274156209575e-01 4.575434547276087671e-01 4.526570641056245486e-02 3.720643076334961830e-01 1.552718577627502233e-02 2.848400893256696764e-01 2.321929498684106863e-02 1.570116080119247914e-01 4.122552568250683475e-02 2.125034240613593306e-01 3.685501571279038019e-02 1.661376032018558324e-01 4.031074780550692599e-02 7.444582808574343180e-02 2.559144709005498619e-01 4.947055804190358952e-02 2.713157776247929198e-01 1.614568611115216323e-01 1.486047399668800548e-02 6.979693267723990902e-02 1.900820385063034523e-01 5.879277630157900281e-02 9.062261282184795597e-02 4.820189040552375764e-02 5.548929890781924279e-02 4.668309367602850590e-02 3.642135488073356409e-01 8.251287785880015435e-02 3.438783106263584299e-01 2.979208198179345707e-02 3.084804551761321026e-02 7.702043115170986720e-02 2.874022422356827255e-01 9.267868855257567484e-02 1.936727930293919153e-01 2.961034303292800832e-02 3.443963219859993291e-02 6.442579639026517480e-02 7.204319663431267562e-02 6.964216520553631606e-02 3.623526031722694163e-01 6.636040724502306754e-02 1.368103783061114243e-01 7.546749512025074935e-02 3.251525856684019805e-02 6.749082674950482308e-02 9.989789204896154517e-02 8.658914171894808998e-02 
8.905283354873189117e-02 7.874436020100399058e-02 4.346893957322246760e-02 7.353183259358916923e-02 4.290971465336729934e-02 4.085005550712232369e-01 5.736596550520874777e-02 2.242284194555011281e-02 4.562242842454536373e-02 2.872866597096660618e-02 4.059324097587642399e-02 5.038628898572955483e-01 1.354653735818099891e-01 4.903918583588766089e-01 1.935721474876453130e-01 8.796475754563219673e-02 2.298687306126560026e-01 1.090122274156209575e-01 0.000000000000000000e+00 3.588264181094983352e-01 5.256156495360720521e-02 1.701313202404682035e-01 7.579106946351625573e-02 4.020688212117415339e-02 6.279164646861155885e-02 3.475423761568720016e-01 9.033341843659993542e-02 1.858344671057322178e-02 6.738101162203771755e-02 2.688302656553515635e-01 6.462628292485166071e-02 6.555041067996841830e-02 2.769568139508545856e-01 1.140354374379754926e-01 9.142861626553452914e-02 1.626997575698018450e-01 4.513370839279121777e-02 8.236184137390986648e-02 3.450497871179533105e-01 3.513359550061302683e-02 3.528229290582948069e-02 8.586061509386173907e-02 9.918760049031165316e-02 6.687740212943349416e-02 1.619062984026006791e-01 8.890934042928133607e-02 3.728695797962922609e-01 1.639722828947833277e-01 5.840028054577942745e-02 1.330033749063602722e-01 6.938147340772643501e-02 6.904468466969547469e-02 4.856284457492676676e-02 5.535159625585795579e-02 2.853119492566048160e-02 4.154425527322684608e-02 7.303896908400996091e-02 5.198520325411071230e-02 2.533993938814694813e-01 1.000956412978692978e-01 2.768396828647607527e-02 3.521739259878160083e-02 1.647554709136730966e-01 9.621741082861964833e-02 3.002873148637724143e-01 1.396044598275370252e-01 
2.156396133536028492e-01 9.411456815177624002e-02 5.989289131355281237e-02 2.885871107226628887e-02 3.209247226149565535e-02 7.643577114551433627e-02 4.430718135309909267e-02 8.650298448553647712e-02 7.605297107753609953e-02 1.180617765814855197e-01 1.182043711517149209e-01 2.490423022625499472e-01 1.846980637647752665e-01 1.069126828957776415e-01 5.351575079608114627e-02 1.843105440916661952e-02 9.028145116854655039e-02 4.575434547276087671e-01 3.588264181094983352e-01 0.000000000000000000e+00 1.984751235555715088e-02 1.571154455249147430e-01 2.392489178156167670e-02 4.935925957228326499e-02 7.613949856475427103e-02 1.399523648086906380e-01 1.835290361210370758e-01 1.176309921631142758e-01 4.421716789404746967e-02 2.113265299276562703e-01 2.251952799853945697e-01 6.589002136647229002e-02 2.270724325946034405e-01 1.356097161840376930e-01 1.524680586273797489e-01 1.173859649847130426e-01 1.913894160479790579e-02 4.482642371658412256e-02 1.024024883410534492e-01 4.509950736285857353e-02 6.328954619373189372e-02 3.245995320826866593e-02 3.897212694958132606e-02 9.593268258495353529e-02 1.106604827861866203e-01 9.349380454301428611e-02 1.900642043164833817e-02 1.651280162918056238e-01 4.859124175593979023e-02 1.076607559204498382e-01 2.433348318497813301e-01 9.961391926771458183e-02 2.621482174743021698e-01 4.510374216122871316e-02 6.685905095212833771e-02 4.661122631315053194e-02 2.620206476018014860e-02 1.865457436931217128e-02 6.577906353852291943e-02 1.835407485503177394e-01 5.763924059401116795e-02 3.513727135919413047e-02 2.168523335834933452e-01 1.807410408911326039e-01 1.217951100323253211e-01 1.365541073086278534e-01 
2.276722508383246038e-02 2.056450375967530664e-01 8.204446365126361052e-02 7.492355183136908403e-01 6.578775731255430415e-02 4.698461491412424945e-02 1.129667528278396754e-01 2.391028862691018664e-01 3.592763162996791965e-02 4.759835580257231191e-01 3.228126314926016427e-01 4.739058184847914218e-02 3.263231324914060427e-01 6.793427319743723658e-02 2.014203312817041888e-02 1.451453576967175196e-02 2.198245535614666013e-01 4.526570641056245486e-02 5.256156495360720521e-02 1.984751235555715088e-02 0.000000000000000000e+00 8.428961722006202140e-02 4.696017535859925429e-02 5.837513565291215650e-02 6.532173764302837693e-01 8.668045231555311647e-02 1.349390033219355356e-01 1.566813207768575078e-01 4.428804033468232704e-01 2.824984524495154775e-02 9.103454560428002329e-02 4.743531312052381294e-02 5.848831199647481355e-02 2.185750593431826094e-01 1.823476672730835468e-01 1.139488402816291879e-01 2.805907308127009170e-01 7.089336945966838444e-02 7.479676987804237398e-02 7.594795025887064732e-02 1.618514627422343866e-01 5.234106504313907476e-02 1.955912824651326043e-01 2.642268635023327095e-01 8.389724747256900594e-02 3.793726978589934823e-02 1.417823519026473467e-01 2.027660955605015691e-01 9.041272575929294730e-02 3.086899946761871225e-02 4.580041760086609598e-02 9.235302896783850746e-02 5.211174696499537573e-02 1.567597377582523044e-01 1.604837859575253822e-01 1.441750017945181150e-01 1.458055512679905241e-01 1.508086052580867864e-01 2.591752180138272993e-02 5.493702282016146160e-02 1.442007014277769672e-01 4.023331683875316922e-02 1.765548176010894310e-01 1.320027803879745831e-01 6.084816992574330202e-02 7.264527910429550983e-02 
2.376769339552149418e-01 8.049123714270593755e-02 2.750188222623095938e-02 8.770866086138000284e-02 6.749077552443624728e-02 1.007451662844059959e-01 3.612296075262236283e-02 1.439646144568713648e-01 4.493110267295383209e-02 1.913143842898746838e-01 1.252814227578184780e-02 7.838529567310316415e-02 1.558872032528094975e-01 2.049308929589051947e-02 9.594306066825585011e-02 1.138239728647660737e-01 3.405620106718187240e-02 3.720643076334961830e-01 1.701313202404682035e-01 1.571154455249147430e-01 8.428961722006202140e-02 0.000000000000000000e+00 6.988441345035824315e-02 5.667952070310580126e-01 1.451747680042299593e-01 1.173571373875748614e-01 3.583385430983256348e-01 1.481016015985021639e-01 1.179408060821206666e-01 4.855800328737456262e-01 5.847780510237786666e-01 1.132149914595753648e-01 6.449784580787953914e-01 1.300490897567015414e-01 1.506482356402471523e-01 1.335205498257121537e-01 5.964624926729904242e-02 1.153184291642090631e-01 1.232370254644461482e-01 6.338168067634764036e-02 1.530664217470594224e-01 8.093419328537727886e-02 1.883926832050839828e-01 2.259549288765926034e-02 2.285944800685069112e-01 2.054479881100085004e-01 1.721621401272147578e-01 1.373999732508483229e-01 1.610531642882488124e-01 1.426993043121181082e-01 8.738962691633046787e-02 3.460232586101379820e-02 5.152086399101775405e-02 1.011681213909953331e-01 2.860122954603732115e-01 1.874626219149450601e-01 2.938601009414138487e-01 1.120084334290638584e-01 1.609711554677816514e-01 1.274933586644236561e-01 3.466147766799895086e-02 1.874951277416172235e-01 2.335217925470045863e-01 2.051435558999859798e-01 1.137500847458096931e-01 3.034902613282170480e-01 
8.722321289183375403e-02 2.333508670455847755e-01 2.497848451656071167e-01 1.325405985528574360e-01 2.249472790274557321e-01 7.976209271410882040e-02 2.076622261585654994e-01 5.854490276340528626e-02 1.794787182906191769e-01 2.543062468917485219e-01 7.470484425784551519e-02 7.696289901787070620e-02 2.164289580788110456e-02 5.730623308545539779e-02 6.808456983384160444e-02 8.127094570850856847e-01 1.669592843777094882e-01 1.552718577627502233e-02 7.579106946351625573e-02 2.392489178156167670e-02 4.696017535859925429e-02 6.988441345035824315e-02 0.000000000000000000e+00 4.155173326950150625e-01 8.628503531213845001e-02 2.032066890672373782e-02 1.499724297255339844e-01 1.273812001727636090e-01 1.718679329951687540e-01 3.764225148035119095e-02 4.936357294931374706e-02 1.524561739746512212e-01 5.791468872133500451e-02 1.643105406330932217e-01 1.923141677243290215e-01 8.910491080306237599e-02 2.767343738539269071e-01 3.212038108083040688e-01 1.189567278231759562e-01 2.311426953619588054e-01 1.957182993931815551e-01 2.406324570294210152e-01 9.945113258313421911e-02 4.160620314404481213e-02 5.449832422529234804e-02 2.449706060106822680e-01 2.217805671448033408e-02 1.765468996033439930e-01 5.787108660684073813e-01 2.810662556776477028e-01 4.435289224451569035e-02 7.969055033919250630e-02 1.288484549116551137e-01 1.881956994018839091e-01 4.142943879475300545e-02 7.236850312592395529e-01 8.759482933427860385e-02 9.430185973954659240e-02 5.684216591089823883e-02 1.473348418313507983e-02 1.662960160428358369e-01 6.759375081836827004e-02 2.408844781413513048e-01 2.569085959732806401e-01 2.547289620815649802e-01 2.227759870906078077e-01 
1.128753172452279518e-01 1.183526214336648591e-01 3.245958223595730163e-01 1.710121403567364459e-02 2.000188821519233440e-01 1.696386661361566905e-01 2.208718272350829182e-01 8.046585123122175498e-02 2.446743431475901231e-01 1.774709465804781838e-01 1.031728407640489786e-01 7.719133140778342006e-02 7.493145179860533078e-02 9.792070294876756634e-03 1.440973699283676634e-01 4.550146636205065209e-01 1.485349286073326669e-01 2.848400893256696764e-01 4.020688212117415339e-02 4.935925957228326499e-02 5.837513565291215650e-02 5.667952070310580126e-01 4.155173326950150625e-01 0.000000000000000000e+00 7.908463823704398044e-02 7.206469159590762896e-02 2.693893701828032894e-01 7.946281778211675140e-02 1.084371983714716298e-01 1.748029068952888510e-01 3.137690566816177529e-01 1.448881290945655820e-01 3.244009848947958519e-01 1.458461803635975607e-01 5.578683157601379422e-02 1.453796379214276624e-01 1.518795207639951073e-01 1.006029685721402944e-01 1.637880855335264729e-01 8.735245009238713776e-02 2.402550582515673994e-01 8.805007959183264177e-02 1.513119946909793623e-01 8.789318351183093847e-02 1.858121390963890229e-01 2.254112733395388368e-01 1.541911618979689147e-01 1.209285182384760848e-01 5.145930798039299869e-02 1.098155550946647852e-01 8.698484552183163854e-02 5.246935717432470864e-02 6.606863630703932455e-02 1.598659982900078325e-01 2.574798749874462334e-01 1.029873860656511375e-01 2.896228616332264805e-01 2.095122469869642456e-01 1.388336576367586173e-01 1.423755932364782484e-01 8.736895849536832626e-02 2.678039232314157192e-01 2.092546164605137426e-01 2.279017056084382820e-01 1.592749013247387047e-01 2.447924031751117779e-01 
