0.000000000000000000e+00 5.066499135923011043e-02 5.730639695794656485e-02 4.898450526500117835e-02 4.449634178702834009e-02 7.962261853250852950e-02 4.804501855651545361e-02 5.747378919022202437e-01 1.089545259911925273e-01 2.672339697247836932e-01 2.157392605394939933e-01 3.377903143330829999e-02 4.588564482637229602e-01 2.668193993505715844e-02 5.153839948657349401e-01 8.237029889396339441e-03 1.838170168941399840e-01 3.266800089499934806e-02 1.476521529898272289e-01 2.593616734486777209e-01 7.867686025894271573e-02 2.918358624503057941e-01 4.179045289302708160e-02 1.580132516015547162e-01 1.959232257218495865e-01 1.020718617514496246e-01 1.490663442864746668e-01 9.059026436889933490e-03 1.356227972139232574e-01 6.526923291511799174e-01 5.166119367160408871e-01 1.573125061925914614e-01 5.660592096532123252e-01 3.254462796321952456e-01 4.085149821342648480e-02 5.203667412368139650e-02 1.034164982300514041e-01 3.967177983152369442e-02 2.799248106938445960e-02 1.575704407232332571e-01 2.034719874874741097e-01 3.628142660099037409e-02 2.261738865461844217e-01 2.141886394888282696e-01 4.703074373714787731e-02 3.832456132123032155e-01 2.184122295472653436e-02 3.881425266770696658e-01 1.386377657693502463e-01 1.893351867102927577e-01 5.510675491528652103e-02 1.227625274950992357e-01 1.802004132116264978e-01 1.904303349454392613e-01 2.412818016081928196e-01 1.109780038566743204e-01 2.210333052736753456e-01 2.054314638102555379e-01 3.412794941710705493e-02 1.427632062687878567e-01 9.031626640080270968e-03 1.954285097061382870e-01 3.663647082999378357e-01 2.880292775146009454e-01 1.294566029506012961e-01 3.240626357644666999e-01 
5.066499135923011043e-02 0.000000000000000000e+00 4.654062053134914723e-01 1.712011136801817046e-01 1.598147651700970451e-01 8.972328988072295064e-02 8.368450597836864235e-02 8.880182102560056634e-02 1.038161577755383619e-01 1.342574171141579231e-01 1.219925344778447912e-01 1.244254850761370851e-01 6.009327902340833027e-02 1.336415934462784616e-01 3.764130958563344231e-02 9.910941258773712029e-03 4.158305146669930008e-02 1.133325711400627184e-01 7.312457114810508307e-02 7.080899273529227267e-02 1.738340412501172272e-01 1.015199468636504704e-01 2.553726895990762746e-01 1.093304981455981012e-01 1.668662669906544049e-01 3.962378104871999152e-01 2.951755094884616071e-01 6.323449560219394083e-01 8.039023943112616477e-02 6.235997575630926326e-02 4.492986039582731045e-02 1.911633905137529454e-01 2.533842152722768498e-02 2.459233678574112431e-02 6.309748901296590162e-01 6.018434856416799567e-02 2.222000492159234564e-01 3.172676167305632511e-01 5.621803085910887648e-02 2.367456829361853088e-01 4.481177937470291056e-02 1.407092389815854105e-01 1.379197779660695233e-01 3.468428082261600098e-02 2.952597971563391543e-01 8.423266994828605692e-02 2.731125865447684986e-01 2.987983577093402190e-02 5.271764881080205634e-02 6.257708033099798617e-02 2.352028297489112962e-01 1.072656197895005548e-01 1.191839675773131296e-01 1.621271393449475462e-01 4.934626091499928063e-02 2.246512785204694551e-01 2.222604590848964792e-02 1.877163290220049130e-01 1.024382265276150700e-01 1.819057172880467754e-01 3.841745418394777456e-01 1.430328622123561988e-01 5.193157324052848772e-02 4.868988457374243128e-02 2.064343962334846683e-01 7.853188103112800078e-02 
5.730639695794656485e-02 4.654062053134914723e-01 0.000000000000000000e+00 1.018915888040914097e-01 2.920439499293385199e-01 1.875127373200446423e-01 2.243806452944920871e-01 1.440608723316728346e-01 2.974981502896919539e-01 1.620329541940473961e-02 1.640382898314411697e-01 1.048538590446555507e-01 6.722516863900741824e-02 1.266802411004283868e-01 1.378999556547544914e-01 7.853897503597342955e-02 2.935226779474219352e-02 1.090041730377685619e-01 7.458054168218715418e-02 6.516686837923259257e-02 1.452286769698031832e-01 3.159261154304591340e-02 2.864983972621480968e-01 3.055835301965482143e-01 8.516155456294985382e-02 6.852405207627734751e-02 2.675629466838403969e-01 2.946701971842870527e-01 3.422252838199667940e-02 5.463521716231457825e-02 3.946609344341497211e-02 2.837336898824743270e-01 9.207754486244788816e-02 6.813426316497739332e-02 2.213386208217001452e-02 3.242870157016168875e-01 7.800028695157039393e-02 1.303132911216333123e-01 2.111313244340954354e-01 1.466528734703613224e-01 3.599015492156610457e-02 7.686568513853345164e-02 4.645052403688787468e-02 7.455222088910408440e-02 3.234989794066288615e-01 4.935575536718378453e-02 2.780723758215014052e-01 7.917897438759312345e-02 8.752668505468873261e-02 7.357753261754569618e-02 1.490550785991377192e-01 1.559201692122056948e-01 1.229016572308322813e-01 2.456999466217571482e-02 2.107063712272790393e-02 1.403310454958253128e-01 5.505247427577582287e-02 3.550454056814697501e-02 2.943347168374366163e-01 3.106948334990308758e-02 1.001790589620603494e-01 1.020936239871577805e-01 6.118991647516016513e-02 3.123279514158171580e-02 1.555343901374469096e-01 1.332707716825960384e-02 
4.898450526500117835e-02 1.712011136801817046e-01 1.018915888040914097e-01 0.000000000000000000e+00 5.701026408769655635e-02 7.788230270731606730e-02 9.333790203565309196e-02 1.336376429745317063e-01 3.216298824561722447e-02 4.831710611222533869e-01 1.136257328725509691e-01 7.412483834344700540e-02 1.546761344400426064e-01 6.488306100968029011e-02 4.159600545653278220e-02 9.042935771869313466e-02 2.130697663918565687e-01 4.336349483175096220e-02 3.604473477219036909e-02 1.290845979489167739e-02 7.460591863709246097e-01 1.127763406940692908e-01 9.643504531807353675e-02 5.786757529430217734e-02 6.537745145182107809e-01 5.369362105339776231e-02 1.468184482296149007e-01 1.484318681128352913e-01 4.601144510097476270e-01 5.472216649350777895e-02 1.615801879261308249e-01 4.556629172411209155e-02 1.004128986676989660e-01 1.591438906886628868e-01 1.528263137856009646e-01 5.992909800664779352e-02 4.878316393308417265e-01 5.668970297688281229e-02 7.611621147050580405e-02 1.531633563960700835e-02 1.793481786217065721e-01 4.799542063633824990e-02 2.173865526148700544e-01 1.578136979354405611e-01 4.753506299919792871e-02 1.003121048643221130e-01 7.273521300907585807e-02 1.550242161293225174e-01 1.919464574181969085e-01 6.872506634875862053e-02 4.192142396300128915e-02 5.552389594588004462e-02 3.634757299748359732e-02 2.377922914073852534e-01 1.117814755462565868e-01 1.896351162537026347e-01 8.389036767609173162e-02 2.248792003810890505e-01 1.570644369139660018e-02 6.096452225938724795e-02 1.151020839211956276e-01 8.496509702263330133e-02 1.335483720245191630e-01 1.083380723195027234e-01 8.224604859419495928e-02 6.919441900412381941e-02 
4.449634178702834009e-02 1.598147651700970451e-01 2.920439499293385199e-01 5.701026408769655635e-02 0.000000000000000000e+00 3.300401333152756522e-01 8.736252302431456451e-01 3.166036042119788757e-02 7.360726193095012970e-01 1.032209882556274078e-01 4.051673916850846019e-02 4.362308278619559943e-01 1.627877566245729546e-01 2.876479559479061532e-01 2.420117985261217575e-01 1.463616188035392340e-01 5.548785687589751214e-01 2.868918850823158617e-02 5.046487798005631908e-02 3.875963849129449718e-02 4.656801806012942496e-02 1.241001468180214229e-01 2.976060155313648425e-01 2.017431673176357243e-01 7.543146055644082970e-02 2.457317841927021407e-01 3.402686143953045916e-02 3.501767350196641204e-02 4.570756154515980690e-02 1.597423328238009310e-01 7.718869936245326135e-02 7.323087931199911971e-01 1.568752927558249854e-01 3.068247786264954868e-02 1.413173525549919485e-01 1.081209685492303119e-01 5.302398300465960279e-02 1.624608977293304224e-02 2.060779928069293720e-01 1.600324063671152985e-01 2.131775665821046203e-02 4.699367867979577229e-02 3.065472414135159140e-01 1.100162133466163344e-01 8.996680598654249739e-02 1.389237730680859539e-01 2.013637712100525001e-01 8.758895023920694467e-02 1.734251070216421553e-01 1.680701875646392618e-01 2.185745403718250823e-01 1.649707516035761046e-01 3.586866259972436993e-02 3.816850246519552792e-02 1.011105257354598941e-01 2.974915637422319015e-01 1.570946003919753142e-01 1.629638185292376640e-01 2.512067128389514625e-01 7.305595939106711290e-02 1.251550896538483337e-01 1.195804291108438083e-01 1.470159319872983983e-01 3.084960475359910942e-02 2.195322234238096526e-02 2.876265953802633057e-01 
7.962261853250852950e-02 8.972328988072295064e-02 1.875127373200446423e-01 7.788230270731606730e-02 3.300401333152756522e-01 0.000000000000000000e+00 3.210361643234336815e-01 5.692836358867087859e-02 3.532181208077141976e-01 7.884777298382890376e-02 2.812590321126162696e-02 3.031299405916040857e-01 1.052892014255250308e-01 4.278816821138576865e-01 2.077761155302587093e-01 5.021806277046887701e-02 2.416099196555896722e-01 1.820573223075778457e-01 4.105218521897411321e-01 5.736163643653884037e-02 2.751903164896413526e-02 5.008980998817316732e-02 1.100232456375962314e-01 1.603619055621276213e-01 6.555291211421590547e-02 5.315987610220354043e-01 9.309162255366010275e-02 2.040349805794989257e-01 6.580051444314054254e-02 5.370488385327602116e-02 1.958049079439827186e-02 3.867813389713530836e-01 4.030985895898051702e-02 7.333849326633913590e-02 1.066149706982131712e-01 1.356000989191456785e-01 7.815493662008619891e-02 2.203710082851737320e-02 6.642555692624881880e-01 9.767008486455355798e-02 4.190120352251969910e-02 1.662296555299297429e-01 1.456036001569135652e-01 5.070562246522800770e-02 2.047590483026042463e-01 4.717792150109173521e-02 3.469369619038379371e-01 3.502879098110429912e-02 8.196411841965510481e-02 5.841196132626677584e-02 1.893267049644669076e-01 3.782669130916511135e-01 1.094119809882243971e-01 5.628115694150298554e-02 1.013212255910216492e-01 9.590495690209768775e-02 1.340866684160348377e-01 1.137749739220816070e-01 4.958669228365007453e-01 1.577002809978381437e-01 3.836415246129919465e-01 1.157914818318174777e-01 1.044680598756599632e-01 5.438069366330634119e-02 2.845842433527646653e-01 1.334307325039627845e-01 
4.804501855651545361e-02 8.368450597836864235e-02 2.243806452944920871e-01 9.333790203565309196e-02 8.736252302431456451e-01 3.210361643234336815e-01 0.000000000000000000e+00 2.844218014225520508e-02 7.840048644637513942e-01 8.185643195334747768e-02 2.910134045478307216e-02 3.737024545042837431e-01 2.532230073226910405e-01 2.622218828301825511e-01 3.142825795374431519e-01 1.357934896644670264e-01 7.066606070962786479e-01 1.667134357101111505e-02 5.874016784455896728e-02 4.822764166326737323e-02 7.933923774246134930e-02 9.668538438411566904e-02 2.595787199665021694e-01 1.832341891719289073e-01 9.564972433792535977e-02 2.764813089690820180e-01 1.415035391020726119e-01 1.153457801433761948e-01 5.989708685656230935e-02 1.945697798693138691e-01 6.839166462659948542e-02 6.925504118222258754e-01 2.037088591525048065e-01 6.615686074624249624e-02 1.017122777752084428e-01 7.336643573047840761e-02 8.984289113708354702e-02 2.979758443375936372e-02 2.248761228411993718e-01 1.356227211730740290e-01 2.677313413861616767e-02 2.994802721765629783e-02 3.564823451075841976e-01 1.166749119553509295e-01 7.759744253928695101e-02 2.083202672472022898e-01 1.905800618501336252e-01 1.470794425787518012e-01 1.658948783275015770e-01 2.192349675176857859e-01 2.409643416525321102e-01 2.048015056909622544e-01 5.977386425899714611e-02 7.002507798290252827e-02 1.158554139008552003e-01 2.712088097448379642e-01 1.474790633508252513e-01 2.077133378330750235e-01 2.531799587051204448e-01 2.289922556109607113e-02 1.134850364866513139e-01 1.364685153383629335e-01 1.888693586921022793e-01 5.203024422684313782e-02 4.570994734520640590e-02 3.694720271795202127e-01 
5.747378919022202437e-01 8.880182102560056634e-02 1.440608723316728346e-01 1.336376429745317063e-01 3.166036042119788757e-02 5.692836358867087859e-02 2.844218014225520508e-02 0.000000000000000000e+00 1.053917885385361082e-02 4.022795378296406543e-01 2.262179774968643420e-01 5.354554756040050961e-02 4.839148688193488645e-01 3.126940233348132758e-02 2.178929373871674180e-01 4.986765051796850437e-03 4.983710695317453143e-02 4.201131190299744328e-02 7.556772418065646479e-02 1.439185430699855273e-01 3.109583716222853456e-01 1.743644600077251805e-01 4.402846813594494396e-02 5.543849180037101199e-02 4.456990116894621323e-01 2.572435580855273254e-02 1.940823493736798244e-01 7.956955288687392325e-02 3.322272843389224573e-01 2.836038314387637205e-01 4.870993341645525332e-01 3.787264163427015579e-02 2.872792849308441476e-01 2.769452447715547994e-01 6.597618105899102914e-02 6.442882012479204945e-02 4.070898114194718836e-02 1.976538275712043380e-02 2.970583216595629183e-02 1.042784583104292978e-01 2.654043288092645114e-01 3.596059143146045078e-02 1.018919256470170731e-01 1.814971129714656184e-01 3.341442016352850347e-02 3.214408161755502036e-01 2.598947750962351394e-02 2.437732412270681437e-01 1.211431300293367985e-01 1.335232106612775638e-01 4.979138777359347345e-02 7.195830806425423942e-02 1.554875891014525502e-01 1.215489102784272218e-01 2.080741413714101706e-01 8.652126185647437961e-02 1.729777190114120955e-01 1.111672906749289064e-01 4.307607683741539184e-02 9.472574732450589341e-02 2.590338661782065968e-02 1.279494751371552108e-01 2.804341672641933458e-01 2.693587267945947716e-01 6.948994047371200022e-02 2.060543890648980359e-01 
1.089545259911925273e-01 1.038161577755383619e-01 2.974981502896919539e-01 3.216298824561722447e-02 7.360726193095012970e-01 3.532181208077141976e-01 7.840048644637513942e-01 1.053917885385361082e-02 0.000000000000000000e+00 5.982913754913718463e-02 4.019552951016332892e-02 4.107022578609846875e-01 1.473546684341383306e-01 2.546978594641504667e-01 5.178036714160803022e-01 1.191971948382794660e-01 4.606688607454971773e-01 4.828479059380280658e-02 8.908815371429741614e-02 7.098245831668027750e-02 3.721250746019295896e-02 9.806760554186041978e-02 2.214696342316358757e-01 2.035856514337157086e-01 5.506151009844988120e-02 2.857457273458567371e-01 1.269465282905326564e-01 9.906303141161069969e-02 1.635822327156539677e-02 3.034451921128722418e-01 5.952824130133294034e-02 6.803420043807469897e-01 2.621637783591367343e-01 7.006695955795270991e-02 7.587257322092401390e-02 6.319776353660039314e-02 4.995467357320878404e-02 5.824088605422465814e-02 2.523148706844132727e-01 4.907829115287733884e-02 2.291749852457269226e-02 5.680904903121881261e-02 2.823055158693054678e-01 7.131768836731440520e-02 6.964981151524214653e-02 1.371350587419076228e-01 1.821941151176367513e-01 1.136462350735118754e-01 1.289590902258863636e-01 1.423931574892483842e-01 1.717277210920286623e-01 1.509910586804316945e-01 4.564941116008752742e-02 5.190771760172043642e-02 9.985235320672551651e-02 2.279324388635995124e-01 1.215494729261518830e-01 1.638695657320476395e-01 2.650295429190615004e-01 2.025481302378813117e-02 1.212328101880402048e-01 1.327011242279599601e-01 1.631924458472445716e-01 5.270370427812062081e-02 2.389375045616115578e-02 2.872198256406481853e-01 
2.672339697247836932e-01 1.342574171141579231e-01 1.620329541940473961e-02 4.831710611222533869e-01 1.032209882556274078e-01 7.884777298382890376e-02 8.185643195334747768e-02 4.022795378296406543e-01 5.982913754913718463e-02 0.000000000000000000e+00 7.687416569303497094e-02 8.883909856563045049e-02 4.462455836877879944e-01 1.364062848559609853e-01 8.355751326338878293e-02 3.124149762501180483e-01 5.356039222092848218e-02 7.576982255650406561e-02 6.514455901547624994e-02 7.159137863181863626e-02 5.162883558018944719e-01 2.136870595278221041e-01 3.190019394438958211e-01 2.529318701884615272e-01 8.478523158774805557e-01 8.015532337534057861e-02 2.672613976825881643e-01 2.364833965431478446e-01 6.335959229420039529e-01 1.998766645441530376e-01 3.386378228697415893e-01 3.237595722071077986e-02 2.882056861222226374e-01 3.163248450953506929e-01 1.687083895134063594e-01 6.881220608796585758e-02 2.234452587000599344e-01 1.768019414821640767e-01 1.620803169005171351e-01 1.236493577179762111e-02 2.896362892604210648e-01 2.068863584645508347e-01 2.419390592487264402e-01 7.840522759714063650e-02 4.235224800112253468e-02 2.321858781747393463e-01 1.131000265048071884e-01 3.497192775710706858e-01 4.819302886826707516e-02 4.350139555623305787e-01 4.398111730630658439e-02 1.794581263134422122e-01 1.533711391762674903e-01 8.955260423347539966e-02 2.043013672841753892e-01 4.776992444811878347e-02 1.609815374115186049e-01 2.154654482665141757e-01 5.257153265666339274e-03 8.576625396965099901e-02 2.392979947230303439e-01 4.738707443055963781e-02 3.976753871837097054e-01 3.833196875682548521e-01 2.837417315298988441e-01 3.644967624720164556e-01 
2.157392605394939933e-01 1.219925344778447912e-01 1.640382898314411697e-01 1.136257328725509691e-01 4.051673916850846019e-02 2.812590321126162696e-02 2.910134045478307216e-02 2.262179774968643420e-01 4.019552951016332892e-02 7.687416569303497094e-02 0.000000000000000000e+00 3.312833115958023489e-02 3.022239942836829618e-01 5.131017153564890708e-03 1.779874285476118201e-01 9.178076947653547590e-02 7.515119168073242095e-02 1.158965282384706030e-01 3.748869271848426915e-02 1.030745481969411598e-01 3.422665720910805787e-01 4.799423688344046923e-02 1.001499180984383730e-01 1.672906097807087822e-01 1.278840893623138242e-01 7.417560955780334864e-02 1.043376361099958988e-01 7.858529359826009475e-02 8.168456465472570538e-02 6.177664893687596914e-02 2.849043608894234747e-02 4.680285862602753116e-02 1.761036027419102257e-02 2.235487834479150115e-01 4.807936352928995904e-02 6.694627444713406594e-02 7.978116355939109117e-02 1.497611880131298201e-01 2.938461409157838711e-02 1.927291750121360725e-01 3.444597267293152826e-02 4.666981838487486989e-02 2.527424367862453683e-02 4.418558558930024138e-01 1.509624807030448268e-01 9.600204685246804814e-02 9.137322343862681884e-02 2.853323302893497337e-01 6.693206118497023460e-02 1.084975290437174833e-01 7.021180149387515335e-02 3.739442518347373817e-02 7.530824687005535645e-02 1.523962229606840302e-01 3.069405949343460144e-02 8.302647226079427900e-02 4.366090220818467232e-02 1.719505865762894006e-02 6.502261336955167392e-02 4.819926904065333084e-02 4.042454999319582826e-02 3.138654031591057297e-02 1.251872383117089982e-01 5.227356929770816951e-02 2.009206951217584400e-02 2.216403033811691070e-02 
3.377903143330829999e-02 1.244254850761370851e-01 1.048538590446555507e-01 7.412483834344700540e-02 4.362308278619559943e-01 3.031299405916040857e-01 3.737024545042837431e-01 5.354554756040050961e-02 4.107022578609846875e-01 8.883909856563045049e-02 3.312833115958023489e-02 0.000000000000000000e+00 4.044724572506242649e-02 7.394076496143008326e-01 3.321351726029559553e-02 4.675637454490009365e-02 6.877116821327065865e-02 5.789964624504642665e-02 4.300717083451913170e-01 2.435266003561555592e-01 5.938437103457441107e-02 1.113575841665838811e-01 3.155661450786348410e-02 4.617477677491971244e-02 7.015812692485871860e-02 4.460117109754023756e-01 1.203620790896953174e-01 7.346544569966302618e-02 4.552649434510429999e-02 4.111163313596762070e-02 9.430550786141941866e-02 3.537149624824209582e-01 4.286315993921836764e-02 6.700267137411619611e-02 2.359186486743885813e-01 2.650246549442044630e-01 3.683794883160166483e-02 2.545397538084655242e-02 2.885584089935738783e-01 2.772100847758985145e-02 9.263027280031937982e-02 6.132104108136086917e-02 3.809971983162088044e-02 2.317170619892810202e-01 7.504346084430479902e-02 3.889158033273262122e-02 3.897129197889867558e-01 8.606293176086705909e-02 6.174468525839742900e-02 8.745409294839578962e-02 3.323569870438174423e-01 1.376058240167099544e-01 1.294286663401098270e-01 9.967036333974758910e-02 9.170446969621146027e-02 1.229958194669016763e-01 1.467258247235393998e-01 5.640043896839485454e-02 2.897929840784393418e-01 2.781488659554429144e-02 2.220857139032815508e-02 5.380900243358222035e-02 3.870412577777307406e-02 4.593613314671905062e-02 6.423917062113716769e-02 1.983725306740455607e-01 
4.588564482637229602e-01 6.009327902340833027e-02 6.722516863900741824e-02 1.546761344400426064e-01 1.627877566245729546e-01 1.052892014255250308e-01 2.532230073226910405e-01 4.839148688193488645e-01 1.473546684341383306e-01 4.462455836877879944e-01 3.022239942836829618e-01 4.044724572506242649e-02 0.000000000000000000e+00 5.600863128167062749e-02 3.135641656486272688e-01 2.112631043885993334e-02 3.818124307190062794e-01 2.245930844396363049e-02 1.414851722521655586e-01 1.359670203447323755e-01 3.518413514450363655e-01 1.553487346853101858e-01 4.111685206021638284e-02 4.772660405917807797e-02 4.213591138932265556e-01 7.502281488255683681e-03 7.899334259385236423e-03 4.586260847566878129e-02 2.919890888089915482e-01 2.869630213481844105e-01 3.188149528443935954e-01 2.132256678048427834e-01 3.597392790144960939e-01 4.430880060662549802e-01 8.293321027824689107e-02 4.483567794389557715e-02 5.866024436346992110e-02 1.603706266951011872e-02 1.243605790137022014e-02 2.071026399137627094e-01 3.126784891257138321e-01 8.482563789916632013e-02 2.875898841951365914e-01 2.397815126329813085e-01 1.003558304119650246e-01 4.664343402196627353e-01 6.242593171390837387e-02 5.142534733381391998e-01 2.288851096673023000e-01 2.617487986790273391e-01 5.375743691542626129e-02 2.096893790725133377e-01 1.414809665555208096e-01 1.258119579354108064e-01 3.105139256537191028e-01 2.247229695283843309e-01 2.638670879171304828e-01 2.347838794693719588e-01 9.135551207350428582e-02 1.083591294276433081e-01 3.294191506067501579e-02 2.773799326636362528e-01 4.656401540110784443e-01 3.308725497697761475e-01 1.570674489184898104e-01 4.682762614206840146e-01 
2.668193993505715844e-02 1.336415934462784616e-01 1.266802411004283868e-01 6.488306100968029011e-02 2.876479559479061532e-01 4.278816821138576865e-01 2.622218828301825511e-01 3.126940233348132758e-02 2.546978594641504667e-01 1.364062848559609853e-01 5.131017153564890708e-03 7.394076496143008326e-01 5.600863128167062749e-02 0.000000000000000000e+00 7.060709119401373246e-02 9.309680374544636317e-02 4.826836112089356173e-02 1.182123885470937191e-01 4.617800513987551092e-01 1.122194529355781956e-01 6.881253138413291615e-02 1.112682122042002626e-02 2.639295918426279655e-02 1.581916513067429392e-02 8.896773400972385337e-02 4.541141156161661030e-01 1.517379870316604429e-01 9.089153523291913783e-02 3.453853270700357747e-02 3.775495587411827753e-02 2.929738339912328626e-02 2.748748899482451602e-01 3.239490744393224569e-02 1.863403671737901002e-02 1.793977121371548022e-01 2.146660999472878306e-01 6.542143093659337494e-02 1.351672626903103747e-01 4.635958707511260712e-01 1.338119645351671938e-01 5.905970723913775422e-02 1.838288069251472201e-01 1.954381420187423918e-02 1.682664629521050392e-01 3.593964466504642741e-01 2.557802110400156717e-02 6.850282185328152584e-01 4.382685853734717696e-02 9.546685705661614452e-02 7.410289244865876646e-02 3.279484140130656811e-01 3.958309254259920751e-01 1.397381183509602623e-02 1.109386393966411977e-01 5.683147299597249291e-02 6.557540623589354356e-02 1.181754544165176529e-01 7.657998380223801638e-02 4.804349220022382516e-01 6.495307875831822508e-02 1.733585866673878831e-02 7.155720520582554978e-02 6.624045509796365472e-02 4.039266712101438617e-02 1.550726401379719233e-01 1.935557054745235261e-01 
5.153839948657349401e-01 3.764130958563344231e-02 1.378999556547544914e-01 4.159600545653278220e-02 2.420117985261217575e-01 2.077761155302587093e-01 3.142825795374431519e-01 2.178929373871674180e-01 5.178036714160803022e-01 8.355751326338878293e-02 1.779874285476118201e-01 3.321351726029559553e-02 3.135641656486272688e-01 7.060709119401373246e-02 0.000000000000000000e+00 7.132238847981954566e-02 3.465736442049537902e-01 1.578005254289181064e-02 1.556403797656370214e-01 8.928211147336150011e-02 5.214235041002318605e-02 1.227559070589821222e-01 8.835402444445095149e-02 8.676037812979313368e-02 6.285210453858075530e-02 1.699546571525305944e-02 1.757239620650123957e-01 7.917789429584203009e-02 7.650309881568956825e-03 6.277474951579729012e-01 1.293842018839700680e-01 4.337834422739386686e-01 5.306570100649025123e-01 2.704404767024671252e-01 1.042049543128861951e-02 3.222899405559800229e-02 9.540414686457028559e-02 6.060705982121641217e-02 3.431281883658789111e-02 4.806587979749969708e-02 1.477896692045331251e-01 1.313863999067206578e-01 2.678568902351001757e-01 1.860036451384333711e-01 1.469942441536764045e-02 2.919286125498576911e-01 3.534624467736047909e-02 3.325492672110128001e-01 1.144697244640218159e-01 1.653188586216196299e-01 1.862803045343340916e-02 1.437401867394522137e-01 9.667283463341629079e-02 1.603626156561767657e-01 1.451870468467215958e-01 1.339386782086085526e-01 1.159061144865950049e-01 2.184178552569472909e-01 2.893996072567457320e-02 1.174876187936813865e-01 1.023250472076571160e-01 1.925471896521376569e-01 2.944608479166305748e-01 1.976838440293396670e-01 1.334169129547160271e-01 2.822539672084483087e-01 
8.237029889396339441e-03 9.910941258773712029e-03 7.853897503597342955e-02 9.042935771869313466e-02 1.463616188035392340e-01 5.021806277046887701e-02 1.357934896644670264e-01 4.986765051796850437e-03 1.191971948382794660e-01 3.124149762501180483e-01 9.178076947653547590e-02 4.675637454490009365e-02 2.112631043885993334e-02 9.309680374544636317e-02 7.132238847981954566e-02 0.000000000000000000e+00 9.647204828390808229e-02 4.488235295474529707e-02 6.599303379580931384e-02 2.797146946630118050e-02 2.294400911936109524e-02 4.541139357162352758e-02 7.821723100009002616e-01 4.848038205088019970e-01 1.189033011305459103e-01 6.919561498133607047e-02 1.989533770965070392e-01 2.373569768412671088e-01 2.375346449528909498e-01 6.476542787232521421e-03 4.711447597521888769e-02 9.299956021066330125e-02 4.181190848092131845e-02 1.859207025757525777e-01 5.591022443392078267e-02 9.001150980474394159e-02 1.681135687836426140e-01 1.961704973263539709e-01 8.972255323719283138e-02 1.119149403288622335e-01 1.995283964430491219e-01 1.571431046217119931e-01 8.916480539261155414e-02 4.019051588889548804e-02 3.557225547521414288e-02 2.065491997036270899e-01 4.290257172701920224e-02 1.399088840028857028e-01 5.000767888948423057e-01 2.564570055300502971e-01 1.158110074569328046e-01 8.873653563131597699e-02 1.419501677682420138e-01 7.298099524396796378e-02 4.978530940680538780e-02 5.090650893516355247e-01 3.535923945752016823e-02 7.076254644602658628e-02 1.348432489564538490e-02 2.710064159840785969e-02 1.690115512608241222e-01 1.579398485151278231e-01 2.310796125837266124e-01 2.868520571727390389e-01 1.686144728102991208e-01 2.104662413178681746e-01 
1.838170168941399840e-01 4.158305146669930008e-02 2.935226779474219352e-02 2.130697663918565687e-01 5.548785687589751214e-01 2.416099196555896722e-01 7.066606070962786479e-01 4.983710695317453143e-02 4.606688607454971773e-01 5.356039222092848218e-02 7.515119168073242095e-02 6.877116821327065865e-02 3.818124307190062794e-01 4.826836112089356173e-02 3.465736442049537902e-01 9.647204828390808229e-02 0.000000000000000000e+00 1.105985951594851656e-02 1.742936558432840455e-01 6.914790262321672543e-02 1.822228134856528070e-01 8.804620442825589199e-02 1.771407154180531796e-01 8.452650668381454790e-02 1.127166690064701493e-01 1.366396725453421224e-01 2.633595907668380143e-01 2.060127936244050828e-01 4.674522365247774092e-02 2.685493736197225312e-01 1.007812895353157462e-01 5.111171448292697317e-01 3.132300287079460843e-01 1.363772999394636809e-01 2.106092477618570769e-02 2.831192247223912953e-02 1.532961331104183977e-01 5.620342433780426555e-02 9.660382399006099685e-02 1.541302474657382793e-01 1.089280852323594589e-01 6.136949623350241440e-02 4.571196251983008496e-01 7.751962710284147906e-02 1.988995223965760520e-02 3.696099899738957695e-01 2.300876516148846543e-02 2.448210866628959259e-01 1.818013591113206429e-01 3.048728732669050978e-01 1.529188460655592219e-01 2.033719105520142012e-01 2.811879120894857434e-02 1.297597439493028137e-01 1.577133003651877141e-01 2.322783258408918916e-01 1.725745714442789291e-01 2.999771108888460991e-01 1.099535573881018635e-01 1.247096057309598771e-01 1.379766072102809604e-01 2.141220519927995725e-01 2.616750228242609166e-01 1.502977574998279331e-01 1.109453921927538306e-01 4.082137357030751756e-01 
3.266800089499934806e-02 1.133325711400627184e-01 1.090041730377685619e-01 4.336349483175096220e-02 2.868918850823158617e-02 1.820573223075778457e-01 1.667134357101111505e-02 4.201131190299744328e-02 4.828479059380280658e-02 7.576982255650406561e-02 1.158965282384706030e-01 5.789964624504642665e-02 2.245930844396363049e-02 1.182123885470937191e-01 1.578005254289181064e-02 4.488235295474529707e-02 1.105985951594851656e-02 0.000000000000000000e+00 9.953081786582110291e-02 4.512812470056565273e-01 9.808485739353270047e-03 3.241947749757143615e-01 5.942127535750830331e-02 2.582778689826392693e-01 2.909088073335719393e-02 1.930314209159489924e-01 2.170543948389798763e-02 2.500578864746543784e-01 4.056680871031529551e-02 1.287577674273786554e-01 3.430297851480831189e-02 9.398848861411882027e-02 2.099762316472914003e-01 4.087114306511597378e-02 2.935437549018207748e-01 2.087535644001173862e-01 4.538467239632677785e-02 9.500424754066220945e-02 1.899589089751761717e-01 8.036795266685847761e-02 3.028731764619628855e-02 1.058622969011299708e-01 2.177891969243437101e-02 1.071519499057792535e-01 3.131173829988005419e-01 3.951703891103627159e-02 2.766622725484421119e-01 4.159810368991688490e-02 3.490826388252329937e-02 1.151777468695423662e-01 2.282937039789701972e-01 5.716636957842625294e-02 2.109138813730375150e-01 5.359615061333389274e-02 4.310684033390009551e-02 3.518116531510930706e-02 3.934462279913122917e-02 2.575327919664643569e-02 3.462959782296278766e-01 1.179293692135514604e-01 1.765388252164627747e-01 2.989160873428799506e-02 5.755444430212710433e-02 7.316195163882323327e-02 1.336150426326944418e-01 9.333536372540433834e-02 
1.476521529898272289e-01 7.312457114810508307e-02 7.458054168218715418e-02 3.604473477219036909e-02 5.046487798005631908e-02 4.105218521897411321e-01 5.874016784455896728e-02 7.556772418065646479e-02 8.908815371429741614e-02 6.514455901547624994e-02 3.748869271848426915e-02 4.300717083451913170e-01 1.414851722521655586e-01 4.617800513987551092e-01 1.556403797656370214e-01 6.599303379580931384e-02 1.742936558432840455e-01 9.953081786582110291e-02 0.000000000000000000e+00 3.913638480790932461e-01 4.403394010508391437e-02 2.074099379163541479e-01 6.693236317238575317e-02 1.034936140524618520e-01 6.565834821530051879e-02 3.565430434658095615e-01 9.395977824879465923e-02 1.119347731363678350e-02 4.241135372197671338e-02 2.823440894639596133e-01 1.321738103434155764e-01 6.080369647198455990e-02 3.188227132325561208e-01 1.312201746434187022e-01 6.477355110161510388e-02 1.178158638480821113e-01 4.269004941555778337e-02 3.447509984427270940e-02 3.613485094181367319e-01 9.145607209491164735e-02 6.801317526189587515e-02 5.560907489907052775e-02 9.552484865485912080e-02 9.064959802914948628e-02 1.365352831035364922e-01 1.394626690263279234e-01 3.405598939065440645e-01 1.801149550978039249e-01 9.932261055095993607e-02 1.944309033145687482e-01 8.201164183984221978e-02 5.120381842439726550e-02 5.971485719061404851e-02 8.286223370041088943e-02 4.161540445966663976e-02 8.836106409201263667e-02 5.894288900474591725e-02 8.227540843432726292e-02 2.624737443778205059e-01 3.650425633103493352e-03 1.012824294976853862e-01 6.919027550269093996e-02 1.597573095137903021e-01 1.134647414125325438e-01 3.049531829637007196e-01 1.406876575275167185e-01 
2.593616734486777209e-01 7.080899273529227267e-02 6.516686837923259257e-02 1.290845979489167739e-02 3.875963849129449718e-02 5.736163643653884037e-02 4.822764166326737323e-02 1.439185430699855273e-01 7.098245831668027750e-02 7.159137863181863626e-02 1.030745481969411598e-01 2.435266003561555592e-01 1.359670203447323755e-01 1.122194529355781956e-01 8.928211147336150011e-02 2.797146946630118050e-02 6.914790262321672543e-02 4.512812470056565273e-01 3.913638480790932461e-01 0.000000000000000000e+00 9.446986895048666358e-03 2.094744116040704318e-01 2.915054881504821130e-02 9.803368951129645681e-02 7.054625857529579769e-02 8.345541391177416224e-02 1.757323567882665416e-01 1.474809271010583955e-01 5.848915803210807951e-02 2.517045905576970610e-01 2.744065320137191177e-01 7.471914841598857604e-02 2.443224269635272117e-01 1.388744120773632018e-01 1.135065354907269092e-01 9.191471936854062053e-02 3.253195679985519673e-02 5.352303140063308790e-02 8.421461271300609286e-02 1.650412367757291832e-01 8.279821344500030988e-02 8.296031827684210991e-02 6.799350135389473082e-02 1.398247287026567198e-01 1.057396593627448617e-01 1.144563955636452163e-01 1.062521241273709123e-02 1.525141828733490301e-01 9.989574771142439857e-02 9.476568309768003406e-02 1.948350163243200706e-01 8.339235969229748247e-02 2.686987165942264499e-01 8.252592700190536368e-02 1.021374963697911226e-01 6.601164179262113130e-02 9.386704119563624160e-02 5.489553545706998133e-02 4.679396436550974786e-02 1.440748537920261418e-01 4.195585088917953842e-02 6.533859467717460789e-02 1.837158598485356953e-01 1.687713621702647826e-01 7.939486764471348490e-02 1.190686363987576851e-01 
7.867686025894271573e-02 1.738340412501172272e-01 1.452286769698031832e-01 7.460591863709246097e-01 4.656801806012942496e-02 2.751903164896413526e-02 7.933923774246134930e-02 3.109583716222853456e-01 3.721250746019295896e-02 5.162883558018944719e-01 3.422665720910805787e-01 5.938437103457441107e-02 3.518413514450363655e-01 6.881253138413291615e-02 5.214235041002318605e-02 2.294400911936109524e-02 1.822228134856528070e-01 9.808485739353270047e-03 4.403394010508391437e-02 9.446986895048666358e-03 0.000000000000000000e+00 9.181962499480837703e-02 3.560845536008312023e-02 5.996078977596491777e-02 6.796070235890698807e-01 5.359502709879761934e-02 1.499348352195423173e-01 1.385114825142175210e-01 4.371744378941775921e-01 8.273517857086071237e-02 1.545118053673329439e-01 2.457603573432597457e-02 1.220080971356299060e-01 2.383216498039084086e-01 1.193793400449611880e-01 5.849929103003648906e-02 2.896618622510283014e-01 6.202821647686585643e-02 6.189540813962699645e-02 4.475409135132514538e-02 1.771183989411477810e-01 5.229957512436456818e-02 1.455553183563162989e-01 2.327139165921515429e-01 6.990111247358436752e-02 3.820086945405304357e-02 9.868113270910432167e-02 2.354778101332141438e-01 1.383790544458454730e-01 7.002212149838552002e-02 4.817887717754146953e-02 8.320639474514530953e-02 1.061760822825749268e-01 1.598655926446967135e-01 1.360284183870265895e-01 1.313936110735881846e-01 9.739840520324664908e-02 1.210076711472969496e-01 3.886271119085013548e-02 1.330826480353216115e-02 7.639087823412223088e-02 5.405999143755063630e-02 1.937535306466037777e-01 1.491192517465296796e-01 7.803353074255160726e-02 1.100601037657167741e-01 
2.918358624503057941e-01 1.015199468636504704e-01 3.159261154304591340e-02 1.127763406940692908e-01 1.241001468180214229e-01 5.008980998817316732e-02 9.668538438411566904e-02 1.743644600077251805e-01 9.806760554186041978e-02 2.136870595278221041e-01 4.799423688344046923e-02 1.113575841665838811e-01 1.553487346853101858e-01 1.112682122042002626e-02 1.227559070589821222e-01 4.541139357162352758e-02 8.804620442825589199e-02 3.241947749757143615e-01 2.074099379163541479e-01 2.094744116040704318e-01 9.181962499480837703e-02 0.000000000000000000e+00 4.907749710588287656e-02 4.585495200332623256e-01 1.683613464138838944e-01 1.137799111264732738e-01 3.503585233721226433e-01 1.297323548501075896e-01 1.250268428851582792e-01 5.031712688311307247e-01 6.177226506014998897e-01 1.669713359062361957e-01 6.188976377762726022e-01 1.674869364916843073e-01 1.775734930558468261e-01 1.476870308452616909e-01 7.004227149847665548e-03 7.868171216891935160e-02 8.298556876015028561e-02 2.848777565613551735e-02 1.269457068843137804e-01 6.420814566039699522e-02 2.131538668487045762e-01 3.798982749354518768e-02 1.657180413523547113e-01 1.981693187289519653e-01 1.175460467515034302e-01 1.779731225354085622e-01 1.658529044955754650e-01 2.343489338068548977e-01 1.026812532671579486e-01 2.974191623329141068e-02 1.027897275154611434e-02 3.246139697122477075e-02 2.449169997943689836e-01 2.395810132867604303e-01 2.611054604168699944e-01 1.128772569165926581e-01 9.467270127497462440e-02 5.547196781622339840e-02 5.860799016817905271e-02 1.421008331108230827e-01 2.382026936494657798e-01 2.013133892675701420e-01 1.627782270801254039e-01 3.012127610606415429e-01 
4.179045289302708160e-02 2.553726895990762746e-01 2.864983972621480968e-01 9.643504531807353675e-02 2.976060155313648425e-01 1.100232456375962314e-01 2.595787199665021694e-01 4.402846813594494396e-02 2.214696342316358757e-01 3.190019394438958211e-01 1.001499180984383730e-01 3.155661450786348410e-02 4.111685206021638284e-02 2.639295918426279655e-02 8.835402444445095149e-02 7.821723100009002616e-01 1.771407154180531796e-01 5.942127535750830331e-02 6.693236317238575317e-02 2.915054881504821130e-02 3.560845536008312023e-02 4.907749710588287656e-02 0.000000000000000000e+00 4.541896356390249800e-01 1.164353082046374332e-01 3.616957737534193251e-02 1.229270678219467616e-01 1.059335125132739586e-01 1.895174819174892389e-01 7.298568379177403954e-03 2.443208277316267704e-02 2.020315709825259987e-01 3.093059601373472287e-02 1.491305232542651793e-01 2.027214170171068308e-01 7.229036331472235566e-02 1.805923348228948844e-01 3.372885117404228472e-01 1.571213160283105870e-01 2.236715391070260572e-01 1.297836013329391469e-01 2.599789002188028775e-01 1.935681499254794380e-01 3.998571132705154574e-02 1.536739860435152594e-01 1.734802735590055822e-01 7.835356764557462050e-02 1.165568423308652041e-01 5.080356581603737709e-01 3.025797324350971151e-01 8.665298844458659000e-02 2.275162820965252741e-02 1.040424017537940476e-01 8.613112318421294045e-02 3.167875268137478051e-02 6.879260368719900542e-01 7.928140972416844456e-02 2.209471665719638794e-02 6.617089833804085108e-02 2.833357124372131233e-02 1.712429045442931952e-01 5.316212664088426632e-02 1.976498783647687441e-01 2.393823274730052242e-01 2.952645229151029116e-01 1.878573375393207956e-01 
1.580132516015547162e-01 1.093304981455981012e-01 3.055835301965482143e-01 5.786757529430217734e-02 2.017431673176357243e-01 1.603619055621276213e-01 1.832341891719289073e-01 5.543849180037101199e-02 2.035856514337157086e-01 2.529318701884615272e-01 1.672906097807087822e-01 4.617477677491971244e-02 4.772660405917807797e-02 1.581916513067429392e-02 8.676037812979313368e-02 4.848038205088019970e-01 8.452650668381454790e-02 2.582778689826392693e-01 1.034936140524618520e-01 9.803368951129645681e-02 5.996078977596491777e-02 4.585495200332623256e-01 4.541896356390249800e-01 0.000000000000000000e+00 8.807534293080700183e-02 1.091303754501573992e-01 2.691997774036381519e-01 7.689478812074242164e-02 1.312467311905475831e-01 2.072808508254161963e-01 2.976801690151659741e-01 1.212818671258560632e-01 3.056177754614496367e-01 1.403049866630042830e-01 4.754811385267851409e-02 1.131025672527916776e-01 9.520615224906762986e-02 1.282990769839409684e-01 1.525861644193085287e-01 6.413890124810053828e-02 1.613645457576475817e-01 1.059246259583803695e-01 1.145296529708310501e-01 6.122520301016894095e-02 1.808553485543316353e-01 2.144712397989547159e-01 1.235954533417371187e-01 1.168160551254490143e-01 4.331348239024419150e-02 2.344265830424304142e-01 4.015862339756815641e-02 1.452782727019141622e-02 5.444805636438248414e-02 6.091329911472956327e-02 2.461673656609681404e-01 8.963663703067428767e-02 2.856868424863721057e-01 1.559809443563947295e-01 1.449993913197457074e-01 1.054096331545169435e-01 1.172846429822411995e-01 2.308123648733730326e-01 2.143590716276675134e-01 2.219617976951304139e-01 2.165158680632359445e-01 2.646760571537177253e-01 
