1.000000 0.085188 0.069792 0.178108 0.154593 0.216878 0.166157 0.560353 0.224968 0.248021 0.162378 0.209796 0.302459 0.183648 0.518040 0.166418 0.187249 0.149697 0.289880 0.405689 0.121257 0.274352 0.219593 0.173211 0.219746 0.142506 0.158418 0.046954 0.183143 0.634428 0.528796 0.111819 0.532086 0.252542 0.095604 0.130340 0.214413 0.147614 0.137068 0.107438 0.209865 0.213008 0.250248 0.155757 0.138684 0.338423 0.173430 0.246084 0.221005 0.203733 0.028746 0.109862 0.165403 0.200581 0.193503 0.253468 0.168207 0.245172 0.068799 0.216659 0.087334 0.236037 0.342894 0.349198 0.169315 0.256226 
0.085188 1.000000 0.332466 0.155801 0.121601 0.125739 0.109792 0.154702 0.101495 0.123588 0.096856 0.051029 0.208827 0.112545 0.128655 0.153928 0.089494 0.137436 0.129542 0.147821 0.229807 0.072130 0.199348 0.110646 0.139725 0.355236 0.195614 0.469393 0.135562 0.088046 0.114684 0.152039 0.101953 0.186640 0.611845 -0.011512 0.178854 0.287298 0.095006 0.167493 0.135855 0.144135 0.147335 0.159890 0.277724 0.118082 0.272258 0.176045 0.148073 0.141804 0.223875 0.210096 0.179763 0.123410 0.078199 0.172896 0.035157 0.228006 0.094086 0.108705 0.250462 0.278963 0.244201 0.234384 0.142912 0.210131 
0.069792 0.332466 1.000000 0.099328 0.200885 0.154893 0.150379 0.175356 0.191680 0.097918 0.094691 0.007493 0.152860 0.100182 0.100300 0.027136 0.059364 0.096477 0.177853 0.056311 0.138682 0.033487 0.102393 0.149256 0.077549 0.072856 0.100598 0.060628 0.079488 0.096653 0.034627 0.195023 0.103811 0.090033 0.089172 0.178439 0.037874 0.146804 0.164273 0.137674 0.060891 0.077781 0.012639 0.134251 0.310260 -0.002834 0.303916 0.129048 0.005609 0.072847 0.050443 0.152782 0.123625 -0.029856 -0.032711 0.007072 -0.023837 0.024198 0.167718 0.062517 -0.010307 0.137976 0.091940 0.062620 0.148926 0.023861 
0.178108 0.155801 0.099328 1.000000 0.084529 0.168176 0.180378 0.166259 0.118265 0.302370 0.191721 0.071543 0.225454 0.111847 0.155193 0.193016 0.234218 0.157561 0.076194 0.165187 0.686594 0.082095 0.275532 0.114160 0.529794 0.186414 0.157504 0.169989 0.228437 0.140869 0.099783 0.022574 0.145840 0.167017 0.115912 0.135023 0.473773 0.146829 0.138773 0.121693 0.066642 0.135564 0.183026 0.214630 0.068532 0.206372 0.119861 0.197379 0.259683 0.073570 0.000847 0.063858 0.056782 0.183342 0.128363 0.363308 0.154570 0.189913 0.082033 0.105693 0.022357 0.130801 0.134000 0.100080 0.078931 0.121194 
0.154593 0.121601 0.200885 0.084529 1.000000 0.189594 0.874855 0.153897 0.770911 0.120137 0.097478 0.345537 0.122911 0.196494 0.305353 0.055368 0.457569 0.095620 0.089545 0.208437 0.121071 0.164282 0.154621 0.163118 0.090442 0.124678 -0.082018 0.031196 -0.004068 0.239178 0.096933 0.733150 0.259987 0.042987 0.125640 0.126789 0.087243 0.043784 0.057615 0.095482 -0.005958 0.071582 0.210298 -0.012858 0.092265 0.096689 0.136453 0.075625 0.087802 0.112126 0.096943 0.177396 0.108127 0.027461 0.132170 0.131310 0.077537 0.064349 0.056485 0.135634 0.048459 0.123616 0.145088 0.120735 0.008826 0.240041 
0.216878 0.125739 0.154893 0.168176 0.189594 1.000000 0.188091 0.154809 0.181241 0.068770 0.119641 0.234276 0.154220 0.392261 0.171017 0.134889 0.099289 0.299368 0.302073 0.178846 0.121226 0.166633 0.180799 0.148287 0.053042 0.478394 -0.002792 0.195409 0.111372 0.137924 0.091335 0.180488 0.153300 0.058156 0.101019 0.161003 0.148542 0.052713 0.673454 0.092457 0.010966 0.091400 0.055948 0.022865 0.234762 0.111087 0.314790 0.017698 0.177672 -0.010940 0.066607 0.292561 0.046661 0.133838 0.091380 0.163317 0.102984 0.102417 0.488492 0.107215 0.286699 0.208486 0.118216 0.106578 0.185298 0.120656 
0.166157 0.109792 0.150379 0.180378 0.874855 0.188091 1.000000 0.191682 0.782037 0.194965 0.114644 0.309041 0.217374 0.174060 0.329212 0.108042 0.693788 0.089332 0.068625 0.186415 0.168952 0.158595 0.183138 0.162519 0.191549 0.163461 -0.019782 0.098988 0.088598 0.226221 0.105399 0.647739 0.268151 0.095369 0.117637 0.136534 0.165174 0.056244 0.110066 0.111801 0.033299 0.115012 0.288025 0.053709 0.085828 0.166346 0.125863 0.135149 0.125253 0.164417 0.132193 0.204723 0.116785 0.100661 0.146867 0.167619 0.101811 0.139924 0.086644 0.140370 0.060421 0.164431 0.238569 0.138515 0.087476 0.392328 
0.560353 0.154702 0.175356 0.166259 0.153897 0.154809 0.191682 1.000000 0.179140 0.353674 0.207184 0.204714 0.348391 0.190559 0.276008 0.104561 0.173304 0.134453 0.178369 0.224103 0.209144 0.238204 0.132567 0.117213 0.402423 0.126472 0.070470 -0.000273 0.255303 0.251140 0.403859 0.114981 0.260382 0.242420 0.090212 0.112903 0.179315 0.180606 0.080321 0.100918 0.198623 0.179807 0.149354 0.212009 0.178802 0.222728 0.248512 0.235269 0.183660 0.207333 0.039984 0.118925 0.150246 0.149445 0.071927 0.208699 0.147812 0.193116 0.065805 0.125691 -0.003372 0.208419 0.246846 0.232321 0.150818 0.176587 
0.224968 0.101495 0.191680 0.118265 0.770911 0.181241 0.782037 0.179140 1.000000 0.150850 0.073732 0.305331 0.114355 0.135921 0.522026 0.069046 0.318883 0.062008 0.105997 0.209724 0.139982 0.117052 0.151624 0.126390 0.169682 0.139546 -0.045279 0.063977 0.067755 0.293141 0.112644 0.618117 0.290545 0.089237 0.105129 0.166159 0.140183 0.045235 0.102735 0.071865 0.050208 0.066944 0.178157 -0.006761 0.108130 0.129068 0.131098 0.105175 0.115620 0.108365 0.050249 0.108797 0.148360 0.120579 0.146504 0.171246 0.147754 0.079741 0.082759 0.173997 0.036355 0.104998 0.218429 0.191294 0.048593 0.279909 
0.248021 0.123588 0.097918 0.302370 0.120137 0.068770 0.194965 0.353674 0.150850 1.000000 0.076745 0.067134 0.399372 0.093847 0.165083 0.312184 0.234339 0.163431 0.101008 0.195989 0.329782 0.176817 0.301478 0.227029 0.832210 0.156438 0.289905 0.221163 0.569136 0.189969 0.297351 0.037478 0.247964 0.246882 0.084381 0.090029 0.096696 0.139631 0.170263 0.127632 0.194077 0.176281 0.251734 0.066877 0.166363 0.195788 0.161294 0.270260 0.147928 0.315078 0.101701 0.141099 0.140063 0.051762 0.145786 0.200875 0.130628 0.212223 0.117093 0.106917 0.178419 0.164387 0.356514 0.310126 0.173205 0.339123 
0.162378 0.096856 0.094691 0.191721 0.097478 0.119641 0.114644 0.207184 0.073732 0.076745 1.000000 0.105754 0.159928 0.071413 0.181985 0.003231 0.101827 0.167501 0.122945 0.179960 0.250380 0.212789 0.049947 0.118644 0.139070 0.045782 0.097060 0.043405 0.169454 0.184086 0.116147 0.064099 0.198909 0.130040 0.078644 0.043736 0.171611 0.070843 0.089805 0.078378 0.188859 0.049168 0.099184 0.391653 0.147953 0.158494 0.107749 0.133553 0.031123 0.237704 0.048972 0.060093 0.064500 0.165403 0.043321 0.060766 0.059425 0.145699 0.080174 0.075805 0.024064 0.140381 0.077654 0.094266 0.071788 0.013689 
0.209796 0.051029 0.007493 0.071543 0.345537 0.234276 0.309041 0.204714 0.305331 0.067134 0.105754 1.000000 0.249332 0.731777 0.266935 0.113818 0.233848 0.095390 0.406772 0.210388 0.080037 0.152246 0.151490 0.063722 0.049756 0.317117 -0.024330 0.007646 0.080257 0.223466 0.131291 0.293010 0.255416 0.122416 0.138078 0.139913 0.039725 0.058667 0.105774 0.168072 0.143062 0.148680 0.103667 0.081673 0.184200 0.137793 0.318878 0.135317 0.084095 0.102727 0.135158 -0.018270 0.161462 0.115601 0.156441 0.126574 0.057363 0.073926 0.099882 0.115912 0.010538 0.157339 0.148815 0.142064 0.060614 0.165434 
0.302459 0.208827 0.152860 0.225454 0.122911 0.154220 0.217374 0.348391 0.114355 0.399372 0.159928 0.249332 1.000000 0.249044 0.219745 0.191837 0.378700 0.044022 0.202308 0.149708 0.318580 0.109888 0.198609 0.138920 0.396908 0.178637 0.138618 0.121656 0.263958 0.180684 0.172408 0.168798 0.236047 0.281308 0.104128 -0.011663 0.205143 0.174215 0.113068 0.229523 0.254618 0.188029 0.251592 0.163155 0.211036 0.333161 0.261577 0.373746 0.212470 0.169486 0.072864 0.204598 0.108293 0.176024 0.199446 0.226522 0.148810 0.244802 0.134062 0.124388 0.104716 0.260683 0.339439 0.204294 0.231489 0.344253 
0.183648 0.112545 0.100182 0.111847 0.196494 0.392261 0.174060 0.190559 0.135921 0.093847 0.071413 0.731777 0.249044 1.000000 0.184831 0.164489 0.154713 0.151520 0.391097 0.116395 0.075452 0.107251 0.208202 0.100440 0.059171 0.373644 0.026732 0.039289 0.112812 0.132956 0.084353 0.163355 0.145626 0.083304 0.105174 0.148276 0.060190 0.102680 0.294295 0.169462 0.104372 0.183721 0.097062 0.113420 0.306240 0.189413 0.598289 0.135251 0.100445 0.080267 0.097872 0.217938 0.088265 0.102603 0.123891 0.183162 0.089955 0.116079 0.340923 0.055142 0.007584 0.200615 0.061044 0.071358 0.089067 0.090707 
0.518040 0.128655 0.100300 0.155193 0.305353 0.171017 0.329212 0.276008 0.522026 0.165083 0.181985 0.266935 0.219745 0.184831 1.000000 0.147690 0.248564 0.070698 0.278828 0.222214 0.128992 0.110606 0.166478 0.066666 0.176762 0.131164 0.050213 0.101911 0.123366 0.598974 0.121255 0.350975 0.471684 0.208549 0.131909 0.114928 0.206225 0.098313 0.099713 0.055196 0.153717 0.116995 0.173544 0.188971 0.095380 0.203309 0.133174 0.307657 0.100341 0.196814 0.022000 0.143881 0.201185 0.223056 0.127378 0.147379 0.117810 0.176442 0.034861 0.172701 0.062941 0.185594 0.320909 0.230569 0.078746 0.254069 
0.166418 0.153928 0.027136 0.193016 0.055368 0.134889 0.108042 0.104561 0.069046 0.312184 0.003231 0.113818 0.191837 0.164489 0.147690 1.000000 0.132979 0.108038 0.191390 0.131395 0.145226 0.124883 0.813538 0.415997 0.188201 0.175070 0.162535 0.202740 0.322183 0.199636 0.179329 0.066706 0.196051 0.134991 0.186062 0.092767 0.223188 0.130364 0.107283 0.164726 0.147949 0.124790 0.215469 0.106858 0.129944 0.225130 0.130300 0.119802 0.461155 0.184043 0.087406 0.157557 0.174859 0.174000 0.192617 0.522742 0.149527 0.307294 0.100994 0.187145 0.155331 0.250189 0.260352 0.270467 0.151363 0.266554 
0.187249 0.089494 0.059364 0.234218 0.457569 0.099289 0.693788 0.173304 0.318883 0.234339 0.101827 0.233848 0.378700 0.154713 0.248564 0.132979 1.000000 0.079390 0.115266 0.176060 0.186510 0.131658 0.196041 0.127535 0.234849 0.122137 0.154446 0.185054 0.132310 0.198370 0.061106 0.406322 0.271440 0.106212 0.068136 0.097783 0.191822 0.091348 0.042361 0.139147 0.014181 0.166134 0.399659 0.101592 0.049521 0.232834 0.069261 0.219857 0.174738 0.209166 0.105002 0.204475 0.103629 0.159059 0.123115 0.166646 0.071429 0.211338 0.010324 0.045758 0.050760 0.161301 0.267878 0.090687 0.177330 0.428680 
0.149697 0.137436 0.096477 0.157561 0.095620 0.299368 0.089332 0.134453 0.062008 0.163431 0.167501 0.095390 0.044022 0.151520 0.070698 0.108038 0.079390 1.000000 0.203067 0.359666 0.144837 0.335016 0.153169 0.252544 0.164952 0.251885 0.214455 0.233560 0.213694 0.136201 0.175312 0.052679 0.210333 0.093335 0.156894 0.102159 0.165988 0.090025 0.238052 0.065604 0.035489 0.118549 0.104199 0.122118 0.245760 0.081741 0.247420 0.049302 0.122638 0.040509 0.114196 0.118857 0.107125 0.206003 0.211811 0.155387 0.157111 0.127407 0.307490 0.190774 0.135035 0.159936 0.111225 0.122467 0.110046 0.117975 
0.289880 0.129542 0.177853 0.076194 0.089545 0.302073 0.068625 0.178369 0.105997 0.101008 0.122945 0.406772 0.202308 0.391097 0.278828 0.191390 0.115266 0.203067 1.000000 0.360123 0.025965 0.239617 0.170632 0.107534 0.053785 0.249515 0.115891 0.163207 0.102130 0.319168 0.191251 0.088909 0.334967 0.144602 0.085453 0.092090 0.121329 -0.034115 0.268339 0.028650 0.188638 0.085771 0.062313 0.079812 0.180524 0.114342 0.299677 0.148790 0.111775 0.091741 -0.009908 0.040730 0.054060 0.168651 0.124663 0.102877 0.010993 0.168781 0.177408 0.073632 0.083174 0.203752 0.187769 0.120466 0.162260 0.144206 
0.405689 0.147821 0.056311 0.165187 0.208437 0.178846 0.186415 0.224103 0.209724 0.195989 0.179960 0.210388 0.149708 0.116395 0.222214 0.131395 0.176060 0.359666 0.360123 1.000000 0.201280 0.251346 0.159463 0.247046 0.210412 0.203199 0.211140 0.149148 0.125865 0.362867 0.376763 0.125336 0.369925 0.201587 0.122522 0.099396 0.177166 0.030693 0.119158 0.067481 0.141518 0.094842 0.146697 0.075682 0.145990 0.156190 0.139190 0.159573 0.186351 0.095319 0.125576 0.133341 0.142336 0.156813 0.258924 0.164932 0.175273 0.124408 0.070818 0.110680 0.099717 0.125734 0.264831 0.298360 0.085723 0.253432 
0.121257 0.229807 0.138682 0.686594 0.121071 0.121226 0.168952 0.209144 0.139982 0.329782 0.250380 0.080037 0.318580 0.075452 0.128992 0.145226 0.186510 0.144837 0.025965 0.201280 1.000000 0.106276 0.218585 0.100408 0.530814 0.161009 0.158968 0.196650 0.117934 0.126729 0.129939 0.055739 0.137272 0.210269 0.103673 0.062100 0.239925 0.132524 0.143791 0.147405 0.114674 0.142192 0.103194 0.136862 0.123835 0.120038 0.148315 0.257707 0.198812 0.072798 0.072250 -0.002841 0.118777 0.119276 0.073556 0.269892 0.062971 0.132879 0.044077 0.092869 0.050532 0.109827 0.171289 0.122290 0.121874 0.120490 
0.274352 0.072130 0.033487 0.082095 0.164282 0.166633 0.158595 0.238204 0.117052 0.176817 0.212789 0.152246 0.109888 0.107251 0.110606 0.124883 0.131658 0.335016 0.239617 0.251346 0.106276 1.000000 0.124332 0.495231 0.173565 0.174299 0.286645 0.122381 0.181665 0.487997 0.590517 0.113004 0.635188 0.120731 0.073863 0.047294 0.097201 0.058751 0.116428 0.088404 0.087863 0.139344 0.175417 0.071623 0.146756 0.142882 0.169316 0.114597 0.154067 0.202623 0.078470 0.087942 0.145243 0.092640 0.327781 0.200960 0.218487 0.165561 0.087330 0.149373 0.044851 0.227332 0.186724 0.225013 0.134199 0.159755 
0.219593 0.199348 0.102393 0.275532 0.154621 0.180799 0.183138 0.132567 0.151624 0.301478 0.049947 0.151490 0.198609 0.208202 0.166478 0.813538 0.196041 0.153169 0.170632 0.159463 0.218585 0.124332 1.000000 0.378225 0.189529 0.196964 0.178480 0.177568 0.250286 0.184866 0.212346 0.129374 0.179155 0.191107 0.199309 0.141598 0.296060 0.248404 0.134350 0.195677 0.113994 0.165853 0.272349 0.149495 0.168134 0.183260 0.168450 0.147071 0.499576 0.195746 0.151512 0.171038 0.229198 0.180413 0.198438 0.744159 0.179236 0.289070 0.115043 0.209994 0.118265 0.210159 0.267929 0.293936 0.181311 0.267886 
0.173211 0.110646 0.149256 0.114160 0.163118 0.148287 0.162519 0.117213 0.126390 0.227029 0.118644 0.063722 0.138920 0.100440 0.066666 0.415997 0.127535 0.252544 0.107534 0.247046 0.100408 0.495231 0.378225 1.000000 0.132896 0.167351 0.269526 0.135263 0.193386 0.332862 0.284646 0.048508 0.399946 0.083449 0.070807 0.115713 0.188762 0.070490 0.097354 0.100224 -0.017136 0.134715 0.145832 0.057027 0.148395 0.140428 0.162087 0.191426 0.137338 0.145142 0.077663 0.095149 0.042531 0.130018 0.308082 0.197636 0.278886 0.187146 0.137872 0.180609 0.053851 0.205328 0.190062 0.199181 0.166103 0.221504 
0.219746 0.139725 0.077549 0.529794 0.090442 0.053042 0.191549 0.402423 0.169682 0.832210 0.139070 0.049756 0.396908 0.059171 0.176762 0.188201 0.234849 0.164952 0.053785 0.210412 0.530814 0.173565 0.189529 0.132896 1.000000 0.120670 0.270179 0.199222 0.583293 0.137494 0.252874 0.028888 0.199875 0.242315 0.095442 0.090596 0.195268 0.154336 0.125771 0.157769 0.241230 0.146306 0.164329 0.128463 0.143512 0.173661 0.151420 0.256646 0.151622 0.194217 0.057379 0.066287 0.119442 0.083756 0.183080 0.234247 0.194721 0.130561 0.086023 0.134130 0.088516 0.103566 0.300565 0.283812 0.098715 0.244436 
0.142506 0.355236 0.072856 0.186414 0.124678 0.478394 0.163461 0.126472 0.139546 0.156438 0.045782 0.317117 0.178637 0.373644 0.131164 0.175070 0.122137 0.251885 0.249515 0.203199 0.161009 0.174299 0.196964 0.167351 0.120670 1.000000 0.134947 0.417682 0.134109 0.167508 0.213183 0.078394 0.181412 0.183173 0.147474 0.118000 0.072716 0.079767 0.409924 0.112445 0.094848 0.168476 0.124145 0.036468 0.196644 0.086616 0.258040 0.120658 0.193814 0.062627 0.296329 0.165608 0.204511 0.066283 0.193849 0.173001 0.179395 0.119401 0.494043 0.077930 0.252074 0.163298 0.227253 0.209889 0.091679 0.221317 
0.158418 0.195614 0.100598 0.157504 -0.082018 -0.002792 -0.019782 0.070470 -0.045279 0.289905 0.097060 -0.024330 0.138618 0.026732 0.050213 0.162535 0.154446 0.214455 0.115891 0.211140 0.158968 0.286645 0.178480 0.269526 0.270179 0.134947 1.000000 0.427897 0.201676 0.152827 0.295620 -0.089212 0.196102 0.091812 0.062033 -0.008163 0.144483 0.047515 0.104438 0.070575 0.059801 0.100829 0.144813 0.071912 0.142851 0.060367 0.120222 0.118105 0.087953 0.105505 0.100088 0.034264 0.102317 0.069894 0.114482 0.149525 0.049949 0.139514 0.054882 0.082855 0.114171 0.050083 0.116343 0.157850 0.096070 0.057857 
0.046954 0.469393 0.060628 0.169989 0.031196 0.195409 0.098988 -0.000273 0.063977 0.221163 0.043405 0.007646 0.121656 0.039289 0.101911 0.202740 0.185054 0.233560 0.163207 0.149148 0.196650 0.122381 0.177568 0.135263 0.199222 0.417682 0.427897 1.000000 0.139836 0.092401 0.065133 0.017631 0.128722 0.122965 0.275894 0.101622 0.139081 0.065362 0.225139 0.098107 0.078675 0.068521 0.239568 0.087024 0.170124 0.051745 0.109836 0.089334 0.209120 0.084335 0.156194 0.147804 0.049551 0.159768 0.088987 0.148234 0.053163 0.211447 0.164982 0.114555 0.416257 0.169026 0.164664 0.111905 0.130728 0.197007 
0.183143 0.135562 0.079488 0.228437 -0.004068 0.111372 0.088598 0.255303 0.067755 0.569136 0.169454 0.080257 0.263958 0.112812 0.123366 0.322183 0.132310 0.213694 0.102130 0.125865 0.117934 0.181665 0.250286 0.193386 0.583293 0.134109 0.201676 0.139836 1.000000 0.151866 0.306840 0.021227 0.224620 0.214638 0.158152 0.096175 0.088494 0.162025 0.164153 0.191092 0.288065 0.150377 0.077468 0.153054 0.193293 0.195912 0.189292 0.134205 0.121155 0.181115 0.054258 0.104148 0.064419 0.152786 0.167629 0.184091 0.175260 0.119588 0.105498 0.117256 0.150810 0.170118 0.224465 0.292479 0.152216 0.171685 
0.634428 0.088046 0.096653 0.140869 0.239178 0.137924 0.226221 0.251140 0.293141 0.189969 0.184086 0.223466 0.180684 0.132956 0.598974 0.199636 0.198370 0.136201 0.319168 0.362867 0.126729 0.487997 0.184866 0.332862 0.137494 0.167508 0.152827 0.092401 0.151866 1.000000 0.474911 0.262615 0.889578 0.188044 0.091228 0.085159 0.186450 0.071573 0.061758 0.074419 0.118530 0.146092 0.234355 0.085945 0.153070 0.234681 0.145925 0.232485 0.164523 0.205915 0.023733 0.092314 0.171022 0.191768 0.200609 0.141670 0.146052 0.216205 0.030465 0.181811 0.073657 0.239893 0.343741 0.284716 0.122330 0.286439 
0.528796 0.114684 0.034627 0.099783 0.096933 0.091335 0.105399 0.403859 0.112644 0.297351 0.116147 0.131291 0.172408 0.084353 0.121255 0.179329 0.061106 0.175312 0.191251 0.376763 0.129939 0.590517 0.212346 0.284646 0.252874 0.213183 0.295620 0.065133 0.306840 0.474911 1.000000 0.034490 0.545832 0.240157 0.128014 0.097484 0.052529 0.114412 0.084251 0.120999 0.209941 0.202166 0.187229 0.043062 0.153044 0.199921 0.146628 0.138860 0.261327 0.270722 0.142553 0.044212 0.249825 0.049871 0.308448 0.294792 0.235772 0.159970 0.048579 0.178763 0.110976 0.265766 0.301620 0.383817 0.197470 0.224422 
0.111819 0.152039 0.195023 0.022574 0.733150 0.180488 0.647739 0.114981 0.618117 0.037478 0.064099 0.293010 0.168798 0.163355 0.350975 0.066706 0.406322 0.052679 0.088909 0.125336 0.055739 0.113004 0.129374 0.048508 0.028888 0.078394 -0.089212 0.017631 0.021227 0.262615 0.034490 1.000000 0.274464 0.031663 0.182494 0.143366 0.059976 0.084665 0.065890 0.115795 -0.044494 0.068382 0.119805 -0.016491 0.030439 0.070954 0.060532 0.097165 0.110672 0.122169 0.036834 0.163460 0.130994 0.026451 0.045306 0.144633 0.102154 0.000283 -0.012563 0.093010 0.022406 0.081728 0.143171 0.085630 0.076653 0.231039 
0.532086 0.101953 0.103811 0.145840 0.259987 0.153300 0.268151 0.260382 0.290545 0.247964 0.198909 0.255416 0.236047 0.145626 0.471684 0.196051 0.271440 0.210333 0.334967 0.369925 0.137272 0.635188 0.179155 0.399946 0.199875 0.181412 0.196102 0.128722 0.224620 0.889578 0.545832 0.274464 1.000000 0.186935 0.109743 0.058967 0.166523 0.069828 0.082220 0.092909 0.105345 0.159012 0.255371 0.070031 0.176772 0.248879 0.157625 0.231169 0.200052 0.298318 0.022741 0.114760 0.199435 0.172647 0.268306 0.173504 0.183575 0.194519 0.044399 0.166185 0.068103 0.247832 0.364499 0.313648 0.169969 0.333568 
0.252542 0.186640 0.090033 0.167017 0.042987 0.058156 0.095369 0.242420 0.089237 0.246882 0.130040 0.122416 0.281308 0.083304 0.208549 0.134991 0.106212 0.093335 0.144602 0.201587 0.210269 0.120731 0.191107 0.083449 0.242315 0.183173 0.091812 0.122965 0.214638 0.188044 0.240157 0.031663 0.186935 1.000000 0.158034 0.123955 0.161672 0.131101 0.089759 0.230695 0.429392 0.181123 0.185857 0.324034 0.133411 0.167225 0.112866 0.604704 0.127588 0.197484 0.142869 0.109417 0.166848 0.187655 0.261175 0.224726 0.186517 0.249485 0.080424 0.215734 0.095824 0.336703 0.688672 0.557018 0.111231 0.458664 
0.095604 0.611845 0.089172 0.115912 0.125640 0.101019 0.117637 0.090212 0.105129 0.084381 0.078644 0.138078 0.104128 0.105174 0.131909 0.186062 0.068136 0.156894 0.085453 0.122522 0.103673 0.073863 0.199309 0.070807 0.095442 0.147474 0.062033 0.275894 0.158152 0.091228 0.128014 0.182494 0.109743 0.158034 1.000000 0.313502 0.176836 0.283361 0.064396 0.160024 0.167526 0.147172 0.169265 0.182580 0.150626 0.160106 0.145520 0.111993 0.213843 0.088567 0.173484 0.076462 0.133898 0.171301 0.122574 0.258829 0.103147 0.245196 0.142207 0.180845 0.437846 0.283734 0.118759 0.150805 0.115450 0.143437 
0.130340 -0.011512 0.178439 0.135023 0.126789 0.161003 0.136534 0.112903 0.166159 0.090029 0.043736 0.139913 -0.011663 0.148276 0.114928 0.092767 0.097783 0.102159 0.092090 0.099396 0.062100 0.047294 0.141598 0.115713 0.090596 0.118000 -0.008163 0.101622 0.096175 0.085159 0.097484 0.143366 0.058967 0.123955 0.313502 1.000000 0.070085 0.179328 0.142428 0.131064 0.048993 0.174686 0.081173 0.095921 0.120051 0.017601 0.116320 0.070399 0.103919 0.034331 0.109598 0.056035 0.084163 0.027520 0.150813 0.250469 0.358728 0.063357 0.114180 0.100341 0.056548 0.123431 0.055361 0.040641 0.091817 0.091545 
0.214413 0.178854 0.037874 0.473773 0.087243 0.148542 0.165174 0.179315 0.140183 0.096696 0.171611 0.039725 0.205143 0.060190 0.206225 0.223188 0.191822 0.165988 0.121329 0.177166 0.239925 0.097201 0.296060 0.188762 0.195268 0.072716 0.144483 0.139081 0.088494 0.186450 0.052529 0.059976 0.166523 0.161672 0.176836 0.070085 1.000000 0.118533 0.047531 0.052742 0.064085 0.024425 0.324807 0.280949 0.096090 0.368460 0.106504 0.148958 0.255550 0.074208 0.029107 0.106329 0.064017 0.630947 0.124332 0.337060 0.185401 0.522209 0.078496 0.250665 0.166054 0.317974 0.162101 0.137957 -0.006053 0.188862 
0.147614 0.287298 0.146804 0.146829 0.043784 0.052713 0.056244 0.180606 0.045235 0.139631 0.070843 0.058667 0.174215 0.102680 0.098313 0.130364 0.091348 0.090025 -0.034115 0.030693 0.132524 0.058751 0.248404 0.070490 0.154336 0.079767 0.047515 0.065362 0.162025 0.071573 0.114412 0.084665 0.069828 0.131101 0.283361 0.179328 0.118533 1.000000 0.099818 0.559649 0.087486 0.572938 0.171826 0.175397 0.383152 0.061481 0.278755 0.084237 0.125259 0.202031 0.024370 0.260518 0.175610 0.068836 0.162564 0.286373 0.151793 0.099291 0.100679 0.190908 0.058875 0.201472 0.190760 0.227451 0.407708 0.107450 
0.137068 0.095006 0.164273 0.138773 0.057615 0.673454 0.110066 0.080321 0.102735 0.170263 0.089805 0.105774 0.113068 0.294295 0.099713 0.107283 0.042361 0.238052 0.268339 0.119158 0.143791 0.116428 0.134350 0.097354 0.125771 0.409924 0.104438 0.225139 0.164153 0.061758 0.084251 0.065890 0.082220 0.089759 0.064396 0.142428 0.047531 0.099818 1.000000 0.104580 0.035950 0.235158 0.000398 0.057234 0.291157 -0.005145 0.358553 0.070857 0.035586 0.066142 0.060894 0.270990 0.018827 0.053686 0.120874 0.087137 0.082183 0.034173 0.552606 0.100786 0.269292 0.103186 0.084509 0.092119 0.379968 0.069128 
0.107438 0.167493 0.137674 0.121693 0.095482 0.092457 0.111801 0.100918 0.071865 0.127632 0.078378 0.168072 0.229523 0.169462 0.055196 0.164726 0.139147 0.065604 0.028650 0.067481 0.147405 0.088404 0.195677 0.100224 0.157769 0.112445 0.070575 0.098107 0.191092 0.074419 0.120999 0.115795 0.092909 0.230695 0.160024 0.131064 0.052742 0.559649 0.104580 1.000000 0.073727 0.538036 0.181308 0.056341 0.444698 0.113099 0.306728 0.153605 0.155751 0.140675 0.122195 0.277280 0.164767 0.024042 0.209507 0.232100 0.176442 0.106177 0.114223 0.224873 0.084304 0.246668 0.213680 0.163599 0.207494 0.162051 
0.209865 0.135855 0.060891 0.066642 -0.005958 0.010966 0.033299 0.198623 0.050208 0.194077 0.188859 0.143062 0.254618 0.104372 0.153717 0.147949 0.014181 0.035489 0.188638 0.141518 0.114674 0.087863 0.113994 -0.017136 0.241230 0.094848 0.059801 0.078675 0.288065 0.118530 0.209941 -0.044494 0.105345 0.429392 0.167526 0.048993 0.064085 0.087486 0.035950 0.073727 1.000000 0.076303 0.154499 0.339015 0.105091 0.317539 0.114006 0.164017 0.105943 0.136216 0.087884 0.020934 0.100176 0.146458 0.123763 0.120088 0.019074 0.294488 0.049724 0.140282 0.118009 0.333146 0.296362 0.447697 0.032965 0.101688 
0.213008 0.144135 0.077781 0.135564 0.071582 0.091400 0.115012 0.179807 0.066944 0.176281 0.049168 0.148680 0.188029 0.183721 0.116995 0.124790 0.166134 0.118549 0.085771 0.094842 0.142192 0.139344 0.165853 0.134715 0.146306 0.168476 0.100829 0.068521 0.150377 0.146092 0.202166 0.068382 0.159012 0.181123 0.147172 0.174686 0.024425 0.572938 0.235158 0.538036 0.076303 1.000000 0.144794 0.091855 0.297045 0.049455 0.271051 0.231123 0.119983 0.208446 0.096741 0.292816 0.106934 0.035734 0.251134 0.192175 0.171849 0.091485 0.152316 0.239678 0.125964 0.215476 0.247787 0.184816 0.514927 0.195861 
0.250248 0.147335 0.012639 0.183026 0.210298 0.055948 0.288025 0.149354 0.178157 0.251734 0.099184 0.103667 0.251592 0.097062 0.173544 0.215469 0.399659 0.104199 0.062313 0.146697 0.103194 0.175417 0.272349 0.145832 0.164329 0.124145 0.144813 0.239568 0.077468 0.234355 0.187229 0.119805 0.255371 0.185857 0.169265 0.081173 0.324807 0.171826 0.000398 0.181308 0.154499 0.144794 1.000000 0.193792 0.074368 0.393959 0.050472 0.159660 0.344893 0.171377 0.097079 0.147905 0.156527 0.248956 0.264340 0.285235 0.187251 0.797393 0.011042 0.268261 0.238939 0.561169 0.250828 0.179327 0.059550 0.277577 
0.155757 0.159890 0.134251 0.214630 -0.012858 0.022865 0.053709 0.212009 -0.006761 0.066877 0.391653 0.081673 0.163155 0.113420 0.188971 0.106858 0.101592 0.122118 0.079812 0.075682 0.136862 0.071623 0.149495 0.057027 0.128463 0.036468 0.071912 0.087024 0.153054 0.085945 0.043062 -0.016491 0.070031 0.324034 0.182580 0.095921 0.280949 0.175397 0.057234 0.056341 0.339015 0.091855 0.193792 1.000000 0.111449 0.231064 0.100355 0.293561 0.174425 0.115240 0.080234 0.134756 0.092528 0.375944 0.106258 0.186923 0.107080 0.264066 0.037317 0.148942 0.110729 0.236035 0.180478 0.188755 0.049860 0.100671 
0.138684 0.277724 0.310260 0.068532 0.092265 0.234762 0.085828 0.178802 0.108130 0.166363 0.147953 0.184200 0.211036 0.306240 0.095380 0.129944 0.049521 0.245760 0.180524 0.145990 0.123835 0.146756 0.168134 0.148395 0.143512 0.196644 0.142851 0.170124 0.193293 0.153070 0.153044 0.030439 0.176772 0.133411 0.150626 0.120051 0.096090 0.383152 0.291157 0.444698 0.105091 0.297045 0.074368 0.111449 1.000000 0.062434 0.809610 0.105310 0.080074 0.060117 0.131513 0.418228 0.212553 0.114924 0.150297 0.146570 0.086749 0.124486 0.481834 0.255625 0.153804 0.223226 0.178837 0.200968 0.188679 0.119279 
0.338423 0.118082 -0.002834 0.206372 0.096689 0.111087 0.166346 0.222728 0.129068 0.195788 0.158494 0.137793 0.333161 0.189413 0.203309 0.225130 0.232834 0.081741 0.114342 0.156190 0.120038 0.142882 0.183260 0.140428 0.173661 0.086616 0.060367 0.051745 0.195912 0.234681 0.199921 0.070954 0.248879 0.167225 0.160106 0.017601 0.368460 0.061481 -0.005145 0.113099 0.317539 0.049455 0.393959 0.231064 0.062434 1.000000 0.084221 0.223642 0.183547 0.252001 -0.000629 0.144847 0.086598 0.433147 0.106637 0.187099 0.084733 0.455187 0.096971 0.044935 0.080819 0.303314 0.210562 0.215925 0.050230 0.222811 
0.173430 0.272258 0.303916 0.119861 0.136453 0.314790 0.125863 0.248512 0.131098 0.161294 0.107749 0.318878 0.261577 0.598289 0.133174 0.130300 0.069261 0.247420 0.299677 0.139190 0.148315 0.169316 0.168450 0.162087 0.151420 0.258040 0.120222 0.109836 0.189292 0.145925 0.146628 0.060532 0.157625 0.112866 0.145520 0.116320 0.106504 0.278755 0.358553 0.306728 0.114006 0.271051 0.050472 0.100355 0.809610 0.084221 1.000000 0.126477 0.101972 0.040982 0.061219 0.418725 0.110716 0.115341 0.151158 0.184957 0.101984 0.133233 0.499567 0.196715 0.062061 0.239635 0.137777 0.173748 0.187620 0.070077 
0.246084 0.176045 0.129048 0.197379 0.075625 0.017698 0.135149 0.235269 0.105175 0.270260 0.133553 0.135317 0.373746 0.135251 0.307657 0.119802 0.219857 0.049302 0.148790 0.159573 0.257707 0.114597 0.147071 0.191426 0.256646 0.120658 0.118105 0.089334 0.134205 0.232485 0.138860 0.097165 0.231169 0.604704 0.111993 0.070399 0.148958 0.084237 0.070857 0.153605 0.164017 0.231123 0.159660 0.293561 0.105310 0.223642 0.126477 1.000000 0.044332 0.212580 0.092284 0.104467 0.113013 0.211923 0.204402 0.114813 0.140202 0.201820 0.057867 0.173860 0.113392 0.259797 0.529091 0.282589 0.200252 0.499739 
0.221005 0.148073 0.005609 0.259683 0.087802 0.177672 0.125253 0.183660 0.115620 0.147928 0.031123 0.084095 0.212470 0.100445 0.100341 0.461155 0.174738 0.122638 0.111775 0.186351 0.198812 0.154067 0.499576 0.137338 0.151622 0.193814 0.087953 0.209120 0.121155 0.164523 0.261327 0.110672 0.200052 0.127588 0.213843 0.103919 0.255550 0.125259 0.035586 0.155751 0.105943 0.119983 0.344893 0.174425 0.080074 0.183547 0.101972 0.044332 1.000000 0.079730 0.079221 0.151074 0.171429 0.143269 0.345902 0.711014 0.360674 0.269505 0.067768 0.253025 0.239041 0.322971 0.228954 0.204405 0.066112 0.210864 
0.203733 0.141804 0.072847 0.073570 0.112126 -0.010940 0.164417 0.207333 0.108365 0.315078 0.237704 0.102727 0.169486 0.080267 0.196814 0.184043 0.209166 0.040509 0.091741 0.095319 0.072798 0.202623 0.195746 0.145142 0.194217 0.062627 0.105505 0.084335 0.181115 0.205915 0.270722 0.122169 0.298318 0.197484 0.088567 0.034331 0.074208 0.202031 0.066142 0.140675 0.136216 0.208446 0.171377 0.115240 0.060117 0.252001 0.040982 0.212580 0.079730 1.000000 -0.010401 0.168822 0.117187 0.020806 0.070595 0.120913 0.047776 0.140378 -0.047504 0.042576 -0.002362 0.185684 0.271167 0.185399 0.317187 0.222319 
0.028746 0.223875 0.050443 0.000847 0.096943 0.066607 0.132193 0.039984 0.050249 0.101701 0.048972 0.135158 0.072864 0.097872 0.022000 0.087406 0.105002 0.114196 -0.009908 0.125576 0.072250 0.078470 0.151512 0.077663 0.057379 0.296329 0.100088 0.156194 0.054258 0.023733 0.142553 0.036834 0.022741 0.142869 0.173484 0.109598 0.029107 0.024370 0.060894 0.122195 0.087884 0.096741 0.097079 0.080234 0.131513 -0.000629 0.061219 0.092284 0.079221 -0.010401 1.000000 0.056826 0.377531 0.010205 0.167048 0.145214 0.095614 0.069740 0.139945 0.175133 0.261890 0.085184 0.155080 0.178000 -0.034725 0.185321 
0.109862 0.210096 0.152782 0.063858 0.177396 0.292561 0.204723 0.118925 0.108797 0.141099 0.060093 -0.018270 0.204598 0.217938 0.143881 0.157557 0.204475 0.118857 0.040730 0.133341 -0.002841 0.087942 0.171038 0.095149 0.066287 0.165608 0.034264 0.147804 0.104148 0.092314 0.044212 0.163460 0.114760 0.109417 0.076462 0.056035 0.106329 0.260518 0.270990 0.277280 0.020934 0.292816 0.147905 0.134756 0.418228 0.144847 0.418725 0.104467 0.151074 0.168822 0.056826 1.000000 0.114384 0.031586 0.127265 0.183954 0.145286 0.138276 0.293390 0.072098 0.047106 0.246786 0.258447 0.139125 0.158751 0.215405 
0.165403 0.179763 0.123625 0.056782 0.108127 0.046661 0.116785 0.150246 0.148360 0.140063 0.064500 0.161462 0.108293 0.088265 0.201185 0.174859 0.103629 0.107125 0.054060 0.142336 0.118777 0.145243 0.229198 0.042531 0.119442 0.204511 0.102317 0.049551 0.064419 0.171022 0.249825 0.130994 0.199435 0.166848 0.133898 0.084163 0.064017 0.175610 0.018827 0.164767 0.100176 0.106934 0.156527 0.092528 0.212553 0.086598 0.110716 0.113013 0.171429 0.117187 0.377531 0.114384 1.000000 0.044895 0.196729 0.236242 0.130514 0.124342 0.074825 0.201780 0.109989 0.159852 0.234741 0.258063 0.010847 0.140696 
0.200581 0.123410 -0.029856 0.183342 0.027461 0.133838 0.100661 0.149445 0.120579 0.051762 0.165403 0.115601 0.176024 0.102603 0.223056 0.174000 0.159059 0.206003 0.168651 0.156813 0.119276 0.092640 0.180413 0.130018 0.083756 0.066283 0.069894 0.159768 0.152786 0.191768 0.049871 0.026451 0.172647 0.187655 0.171301 0.027520 0.630947 0.068836 0.053686 0.024042 0.146458 0.035734 0.248956 0.375944 0.114924 0.433147 0.115341 0.211923 0.143269 0.020806 0.010205 0.031586 0.044895 1.000000 0.137069 0.171342 0.102950 0.447292 0.108010 0.210530 0.227124 0.203076 0.170273 0.123217 0.025129 0.230313 
0.193503 0.078199 -0.032711 0.128363 0.132170 0.091380 0.146867 0.071927 0.146504 0.145786 0.043321 0.156441 0.199446 0.123891 0.127378 0.192617 0.123115 0.211811 0.124663 0.258924 0.073556 0.327781 0.198438 0.308082 0.183080 0.193849 0.114482 0.088987 0.167629 0.200609 0.308448 0.045306 0.268306 0.261175 0.122574 0.150813 0.124332 0.162564 0.120874 0.209507 0.123763 0.251134 0.264340 0.106258 0.150297 0.106637 0.151158 0.204402 0.345902 0.070595 0.167048 0.127265 0.196729 0.137069 1.000000 0.343627 0.695012 0.175333 0.135403 0.426485 0.116395 0.365002 0.373139 0.366182 0.105173 0.355188 
0.253468 0.172896 0.007072 0.363308 0.131310 0.163317 0.167619 0.208699 0.171246 0.200875 0.060766 0.126574 0.226522 0.183162 0.147379 0.522742 0.166646 0.155387 0.102877 0.164932 0.269892 0.200960 0.744159 0.197636 0.234247 0.173001 0.149525 0.148234 0.184091 0.141670 0.294792 0.144633 0.173504 0.224726 0.258829 0.250469 0.337060 0.286373 0.087137 0.232100 0.120088 0.192175 0.285235 0.186923 0.146570 0.187099 0.184957 0.114813 0.711014 0.120913 0.145214 0.183954 0.236242 0.171342 0.343627 1.000000 0.461346 0.250900 0.086308 0.235803 0.055330 0.242974 0.230010 0.247569 0.115262 0.223528 
0.168207 0.035157 -0.023837 0.154570 0.077537 0.102984 0.101811 0.147812 0.147754 0.130628 0.059425 0.057363 0.148810 0.089955 0.117810 0.149527 0.071429 0.157111 0.010993 0.175273 0.062971 0.218487 0.179236 0.278886 0.194721 0.179395 0.049949 0.053163 0.175260 0.146052 0.235772 0.102154 0.183575 0.186517 0.103147 0.358728 0.185401 0.151793 0.082183 0.176442 0.019074 0.171849 0.187251 0.107080 0.086749 0.084733 0.101984 0.140202 0.360674 0.047776 0.095614 0.145286 0.130514 0.102950 0.695012 0.461346 1.000000 0.118323 0.112039 0.316920 0.031589 0.220892 0.188437 0.149426 0.055140 0.228112 
0.245172 0.228006 0.024198 0.189913 0.064349 0.102417 0.139924 0.193116 0.079741 0.212223 0.145699 0.073926 0.244802 0.116079 0.176442 0.307294 0.211338 0.127407 0.168781 0.124408 0.132879 0.165561 0.289070 0.187146 0.130561 0.119401 0.139514 0.211447 0.119588 0.216205 0.159970 0.000283 0.194519 0.249485 0.245196 0.063357 0.522209 0.099291 0.034173 0.106177 0.294488 0.091485 0.797393 0.264066 0.124486 0.455187 0.133233 0.201820 0.269505 0.140378 0.069740 0.138276 0.124342 0.447292 0.175333 0.250900 0.118323 1.000000 0.072981 0.302630 0.269204 0.685019 0.233228 0.169557 0.021025 0.239850 
0.068799 0.094086 0.167718 0.082033 0.056485 0.488492 0.086644 0.065805 0.082759 0.117093 0.080174 0.099882 0.134062 0.340923 0.034861 0.100994 0.010324 0.307490 0.177408 0.070818 0.044077 0.087330 0.115043 0.137872 0.086023 0.494043 0.054882 0.164982 0.105498 0.030465 0.048579 -0.012563 0.044399 0.080424 0.142207 0.114180 0.078496 0.100679 0.552606 0.114223 0.049724 0.152316 0.011042 0.037317 0.481834 0.096971 0.499567 0.057867 0.067768 -0.047504 0.139945 0.293390 0.074825 0.108010 0.135403 0.086308 0.112039 0.072981 1.000000 0.067413 0.222176 0.114223 0.080046 0.054242 0.106939 0.090653 
0.216659 0.108705 0.062517 0.105693 0.135634 0.107215 0.140370 0.125691 0.173997 0.106917 0.075805 0.115912 0.124388 0.055142 0.172701 0.187145 0.045758 0.190774 0.073632 0.110680 0.092869 0.149373 0.209994 0.180609 0.134130 0.077930 0.082855 0.114555 0.117256 0.181811 0.178763 0.093010 0.166185 0.215734 0.180845 0.100341 0.250665 0.190908 0.100786 0.224873 0.140282 0.239678 0.268261 0.148942 0.255625 0.044935 0.196715 0.173860 0.253025 0.042576 0.175133 0.072098 0.201780 0.210530 0.426485 0.235803 0.316920 0.302630 0.067413 1.000000 0.383360 0.334240 0.261509 0.245344 0.078444 0.191839 
0.087334 0.250462 -0.010307 0.022357 0.048459 0.286699 0.060421 -0.003372 0.036355 0.178419 0.024064 0.010538 0.104716 0.007584 0.062941 0.155331 0.050760 0.135035 0.083174 0.099717 0.050532 0.044851 0.118265 0.053851 0.088516 0.252074 0.114171 0.416257 0.150810 0.073657 0.110976 0.022406 0.068103 0.095824 0.437846 0.056548 0.166054 0.058875 0.269292 0.084304 0.118009 0.125964 0.238939 0.110729 0.153804 0.080819 0.062061 0.113392 0.239041 -0.002362 0.261890 0.047106 0.109989 0.227124 0.116395 0.055330 0.031589 0.269204 0.222176 0.383360 1.000000 0.250906 0.100996 0.088137 0.133448 0.168617 
0.236037 0.278963 0.137976 0.130801 0.123616 0.208486 0.164431 0.208419 0.104998 0.164387 0.140381 0.157339 0.260683 0.200615 0.185594 0.250189 0.161301 0.159936 0.203752 0.125734 0.109827 0.227332 0.210159 0.205328 0.103566 0.163298 0.050083 0.169026 0.170118 0.239893 0.265766 0.081728 0.247832 0.336703 0.283734 0.123431 0.317974 0.201472 0.103186 0.246668 0.333146 0.215476 0.561169 0.236035 0.223226 0.303314 0.239635 0.259797 0.322971 0.185684 0.085184 0.246786 0.159852 0.203076 0.365002 0.242974 0.220892 0.685019 0.114223 0.334240 0.250906 1.000000 0.388643 0.335324 0.105762 0.334457 
0.342894 0.244201 0.091940 0.134000 0.145088 0.118216 0.238569 0.246846 0.218429 0.356514 0.077654 0.148815 0.339439 0.061044 0.320909 0.260352 0.267878 0.111225 0.187769 0.264831 0.171289 0.186724 0.267929 0.190062 0.300565 0.227253 0.116343 0.164664 0.224465 0.343741 0.301620 0.143171 0.364499 0.688672 0.118759 0.055361 0.162101 0.190760 0.084509 0.213680 0.296362 0.247787 0.250828 0.180478 0.178837 0.210562 0.137777 0.529091 0.228954 0.271167 0.155080 0.258447 0.234741 0.170273 0.373139 0.230010 0.188437 0.233228 0.080046 0.261509 0.100996 0.388643 1.000000 0.746133 0.204998 0.757311 
0.349198 0.234384 0.062620 0.100080 0.120735 0.106578 0.138515 0.232321 0.191294 0.310126 0.094266 0.142064 0.204294 0.071358 0.230569 0.270467 0.090687 0.122467 0.120466 0.298360 0.122290 0.225013 0.293936 0.199181 0.283812 0.209889 0.157850 0.111905 0.292479 0.284716 0.383817 0.085630 0.313648 0.557018 0.150805 0.040641 0.137957 0.227451 0.092119 0.163599 0.447697 0.184816 0.179327 0.188755 0.200968 0.215925 0.173748 0.282589 0.204405 0.185399 0.178000 0.139125 0.258063 0.123217 0.366182 0.247569 0.149426 0.169557 0.054242 0.245344 0.088137 0.335324 0.746133 1.000000 0.137234 0.443022 
0.169315 0.142912 0.148926 0.078931 0.008826 0.185298 0.087476 0.150818 0.048593 0.173205 0.071788 0.060614 0.231489 0.089067 0.078746 0.151363 0.177330 0.110046 0.162260 0.085723 0.121874 0.134199 0.181311 0.166103 0.098715 0.091679 0.096070 0.130728 0.152216 0.122330 0.197470 0.076653 0.169969 0.111231 0.115450 0.091817 -0.006053 0.407708 0.379968 0.207494 0.032965 0.514927 0.059550 0.049860 0.188679 0.050230 0.187620 0.200252 0.066112 0.317187 -0.034725 0.158751 0.010847 0.025129 0.105173 0.115262 0.055140 0.021025 0.106939 0.078444 0.133448 0.105762 0.204998 0.137234 1.000000 0.205729 
0.256226 0.210131 0.023861 0.121194 0.240041 0.120656 0.392328 0.176587 0.279909 0.339123 0.013689 0.165434 0.344253 0.090707 0.254069 0.266554 0.428680 0.117975 0.144206 0.253432 0.120490 0.159755 0.267886 0.221504 0.244436 0.221317 0.057857 0.197007 0.171685 0.286439 0.224422 0.231039 0.333568 0.458664 0.143437 0.091545 0.188862 0.107450 0.069128 0.162051 0.101688 0.195861 0.277577 0.100671 0.119279 0.222811 0.070077 0.499739 0.210864 0.222319 0.185321 0.215405 0.140696 0.230313 0.355188 0.223528 0.228112 0.239850 0.090653 0.191839 0.168617 0.334457 0.757311 0.443022 0.205729 1.000000 
