0.000000000000000000e+00 1.009666210286453703e-01 8.353298280083928939e-02 4.773670095510933881e-02 5.354877257429044995e-02 4.868624219287152888e-02 1.682971732416996269e-01 6.258155100597568854e-01 1.930311315298149366e-01 2.806941883729441867e-01 2.601068886553362658e-01 9.842356318854202091e-02 4.369811783524313875e-01 6.974622230054283722e-02 6.680546964818282474e-01 3.109956536461996185e-02 2.018409763109253741e-01 5.069789983937338790e-02 2.708174236830511172e-01 4.081330220179257839e-01 1.864096427094160680e-01 3.754012680333049246e-01 2.778367326634915979e-02 1.675949302895106963e-01 2.961669515954135634e-01 1.529614053537448337e-01 2.452056992843298366e-01 7.872163985767778593e-02 2.139732218759996252e-01 7.395071352822564226e-01 5.608559986249337381e-01 1.720630224793549545e-01 6.340011981751322301e-01 3.552657723612089868e-01 5.929661234652199714e-02 2.541437022483371277e-02 6.516509461292020744e-02 3.959258033536021404e-02 8.375995115268182467e-02 1.672051201369381401e-01 2.784122814428868220e-01 2.861765235449408307e-01 1.862222538219305279e-01 2.928754959216362530e-01 2.968131002567289678e-02 3.391050517686135524e-01 1.721363124432602129e-02 4.551396911044766069e-01 1.554527260132131383e-01 2.091130202998640608e-01 5.836418859330963493e-02 1.676256598434723577e-01 1.867336258878761202e-01 1.994031658634534687e-01 2.300491990626079286e-01 8.698326271809778132e-02 1.745679340688106318e-01 2.030508350164072495e-01 1.709512922467058826e-02 1.828537164675531623e-01 2.806388966913712230e-02 2.006936339361059807e-01 4.041950552023731436e-01 3.124594231467147099e-01 2.035099052794892560e-01 3.883751183150038755e-01 
1.009666210286453703e-01 0.000000000000000000e+00 4.424034121786837859e-01 2.028259287012440792e-01 2.105691426453321913e-01 1.345538752562282503e-01 1.018232864228471313e-01 7.437084392599066507e-02 1.419035479625545548e-01 1.826320378951783729e-01 8.404706949602547272e-02 1.303583219325055165e-01 1.210228885964403367e-01 1.725124135368781286e-01 8.695591299617563830e-02 8.403445256345402903e-02 7.973262148899966373e-02 1.360476789130497521e-01 5.344189609933069213e-02 1.171526761007141704e-01 1.902585972878551579e-01 1.414206260449014929e-01 1.778259702792893415e-01 5.918697117744215613e-02 2.087992513463661493e-01 3.563249623909002239e-01 2.570379345245756286e-01 5.781048661843831704e-01 1.720662520349300617e-01 1.086953752906348880e-01 7.394865632574655623e-02 2.154984487057303721e-01 9.000635884224285344e-02 5.128559095663460382e-02 6.540844365648430525e-01 3.224578751713372965e-02 2.391585282548445435e-01 2.335499426049272853e-01 1.166770840853046109e-01 2.043808885157088195e-01 2.700241319616280070e-02 3.824690779969253801e-02 1.405668416894295114e-01 8.222201095442055463e-02 4.085939937151695234e-01 7.615438768481740117e-02 3.696528824462849694e-01 6.888079715653511181e-02 1.210914273481583231e-01 1.882480638248297533e-02 3.075778987365266892e-01 1.647328339661906504e-01 1.999384265947623252e-01 2.113726401524015919e-01 7.030297219520856289e-02 2.085904391472973018e-01 9.757681522126648854e-02 1.941521690479603990e-01 2.294241755469378363e-02 7.751552761433531946e-02 4.047147722292960270e-01 1.656684838731574960e-01 5.126761974306038444e-02 7.958026724823687170e-02 1.373622150366190786e-01 3.654119710235116669e-02 
8.353298280083928939e-02 4.424034121786837859e-01 0.000000000000000000e+00 6.601768908574551231e-02 3.244787250587168326e-01 2.514408119805326414e-01 2.107935236288298320e-01 1.545941135192653582e-01 3.066481603782121312e-01 8.023471067152665448e-02 8.510825038024895373e-02 3.597089030259447567e-02 6.847409250589399365e-02 4.333102952187481427e-02 1.218833266019959810e-01 9.365930899998714532e-02 1.437724682080612493e-01 1.539689808742587540e-01 3.242811208010348140e-02 5.944271257355166621e-02 1.081559327010943455e-01 1.338853391203134562e-02 2.927929378394945603e-01 3.456340823764928460e-01 4.061187600218689464e-02 1.151075638179645949e-01 2.390362032163927397e-01 1.872856742832382793e-01 5.448252304551143982e-02 6.134379851695259678e-02 8.454107661891639702e-02 3.051792350312721447e-01 4.723971430113300257e-02 8.459365478592793808e-02 2.787379523497672887e-02 2.967269339568769926e-01 6.443296419613625536e-02 1.197964836026318702e-01 2.501554655933461713e-01 1.404180969197464102e-01 6.504888414024601051e-02 5.598196138033784131e-02 7.638780024124151857e-02 3.698799135139636818e-02 3.574325045151157676e-01 1.753996890244054890e-02 2.868761411240520753e-01 6.457488608798532537e-02 7.467534159743308142e-02 4.032211641155043769e-02 2.176588000842079595e-01 1.872003747164862342e-01 1.842678975662433993e-01 4.872049819849697677e-02 8.527701380174718127e-02 1.420570763698961736e-01 8.183075942205547681e-02 7.224650832895689045e-02 2.760740323442757993e-01 1.326417598801763464e-01 1.219690379852367140e-01 1.456408882032979302e-01 7.742403110900127061e-02 8.276831262526129773e-02 1.823384255917519237e-01 1.340845065210143766e-02 
4.773670095510933881e-02 2.028259287012440792e-01 6.601768908574551231e-02 0.000000000000000000e+00 2.180006247704071448e-02 7.670046928927294616e-02 9.134134675875124620e-02 1.325347439008111861e-01 3.679028367638972202e-02 5.015532195130808502e-01 1.222825974293547356e-02 9.993682647638815753e-02 2.884773861504140724e-01 1.154370317418012271e-01 3.006455969795319288e-02 1.287940580015657643e-02 5.362400579682564256e-02 6.228569354170384459e-02 5.554787790612885495e-02 6.886747250912270482e-03 7.235758247948395061e-01 1.543630486552795555e-01 6.832843085534176519e-02 6.916446651524404965e-02 6.501199786461039354e-01 3.680448790777099410e-02 2.242923282145122821e-01 2.289224988468727129e-01 4.325648285288596351e-01 1.099104570972515016e-01 1.905259990150605376e-01 4.153283261636747659e-02 1.608636832472737643e-01 1.808993460316015711e-01 1.591264284928521899e-01 7.865854570550664948e-02 5.081711872644621986e-01 1.538967507431668151e-02 1.455821674156793366e-01 1.143769548980242134e-01 1.760023136975934210e-01 1.688996943724584976e-01 1.850205860432178606e-01 1.397664137221318326e-01 9.683902491481405361e-02 1.041779099970342043e-01 1.745420299238511497e-01 1.767670925863332465e-01 1.689206648802857313e-01 1.510800402455950153e-01 2.804218993749490324e-02 7.905892656563939802e-02 5.003557392255433139e-02 2.816064287956603907e-01 9.002925662944105678e-02 2.143823229245501727e-01 9.120692090070023350e-02 2.148542583896334845e-01 5.973518010147629148e-02 6.230269442703869481e-02 1.762377014083383320e-01 8.503045486608552805e-02 1.578748552781528147e-01 1.402173876572786193e-01 1.216248315428220539e-01 5.329599986376045567e-02 
5.354877257429044995e-02 2.105691426453321913e-01 3.244787250587168326e-01 2.180006247704071448e-02 0.000000000000000000e+00 3.611254884853329905e-01 7.952158267092537258e-01 5.465584333736872580e-02 7.466386314114884515e-01 3.378370312152979837e-02 1.022512849670108304e-01 4.069720742497844324e-01 2.892327229117656606e-01 2.617175735979714868e-01 1.956479105677774444e-01 1.897788566335863458e-01 6.926519419483857520e-01 5.904221778134130343e-03 4.362331531127542489e-02 1.784821857610745244e-02 5.394718829525782522e-02 1.868420370010082654e-01 3.216658362186594067e-01 2.327948073549761521e-01 3.122926746971083425e-02 1.853893144982804164e-01 2.532769032423478825e-02 4.213291708404370145e-02 4.958415537210906360e-02 2.176797233592392411e-01 1.260712629571065502e-01 7.710482829451009712e-01 2.396816775435878510e-01 8.137161855149600831e-02 2.253519941213315281e-01 2.060077616340137141e-01 8.502018311832353070e-02 4.680610361656106083e-02 2.165127668694893093e-01 1.370727246665107146e-01 7.120084435782159105e-02 1.041706659917037391e-02 3.520789019058920832e-01 8.689104147470451400e-02 4.085439475802702530e-02 1.668688667298699191e-01 1.388440133530777498e-01 8.113741661929636806e-02 1.670820401110401643e-01 2.131302400522091245e-01 1.809143915767586763e-01 2.013917611275269082e-01 3.874631475589584290e-02 6.179412940127162329e-02 1.568349790161797930e-01 3.035583519769457506e-01 2.038344052576981091e-01 2.001915191367853175e-01 1.424185400651126476e-01 1.070462887434917437e-01 8.134417917026594280e-02 1.153859140423286883e-01 1.760735053813457518e-01 1.188616473285755010e-01 1.433065865337542627e-02 3.257738929972655573e-01 
4.868624219287152888e-02 1.345538752562282503e-01 2.514408119805326414e-01 7.670046928927294616e-02 3.611254884853329905e-01 0.000000000000000000e+00 3.076188231298006004e-01 5.672483997976744685e-02 3.640241812204444982e-01 9.518879136197008761e-02 1.134822085035121393e-02 2.449633338222884926e-01 7.673121316763503730e-02 2.801987359253679810e-01 1.368311495090427377e-01 1.107167014217001200e-01 2.579529654446510722e-01 1.896935402791520564e-01 3.185666136707667739e-01 6.943752329086194663e-02 1.949165052590384056e-02 2.827928653608159648e-02 1.319892012208275511e-01 1.792994390480443234e-01 6.896427334046183188e-02 5.211590012087733426e-01 2.670924300257438572e-02 2.151033623165692077e-01 8.139399887817570789e-02 5.006368231861835216e-02 3.562129367524342199e-02 3.653899113838640633e-01 4.245290114133022652e-02 1.404412074796006493e-01 1.542684296543267164e-01 1.445920498559417344e-01 1.019750964010507632e-01 3.144895174544625610e-02 7.016597084423196184e-01 5.002972928832111199e-02 5.788577444735047012e-02 9.518828015128756592e-02 1.915799286787777389e-01 6.338873195544586503e-02 3.899306941978181867e-02 6.556417391476219991e-02 1.788727087076504019e-01 5.227832339530187611e-02 1.215437192918829845e-01 5.876069713965220709e-02 2.110864855856105782e-01 3.186494477072243647e-01 1.415469519322452019e-01 7.328807973249470975e-02 1.914499237310408331e-01 9.793594756689813496e-02 2.094024469326739579e-01 1.506241913161995294e-01 4.394869966701098751e-01 1.540764254263239652e-01 4.117013105056029909e-01 1.449236901773731379e-01 1.745710522867766068e-01 1.198849359668275882e-01 2.549617310817723359e-01 2.053209353277483107e-01 
1.682971732416996269e-01 1.018232864228471313e-01 2.107935236288298320e-01 9.134134675875124620e-02 7.952158267092537258e-01 3.076188231298006004e-01 0.000000000000000000e+00 9.242670060692104173e-02 7.142456888073284160e-01 5.511645195823262205e-02 1.758640134049740678e-01 2.284776657379877784e-01 4.455903926088746192e-01 1.397919789190158468e-01 3.061380083752469616e-01 1.643955662681061414e-01 8.975420497264078312e-01 2.404940103499337081e-02 1.262576829556878444e-01 5.955533546383522114e-02 3.905330913106098284e-02 1.333537230302159204e-01 2.522784944237158045e-01 1.919747519597659602e-01 3.660410346032042656e-02 1.412544295162976027e-01 1.390985447057096203e-01 1.241564417900710982e-01 7.142287654802055574e-02 2.477549671570357104e-01 9.435535905740335960e-02 6.802973478403494534e-01 2.709495318731186542e-01 1.560524933913912116e-01 1.433852084279564898e-01 1.478995186220637970e-01 1.696451715620576062e-01 4.194932562144070703e-02 1.718794992733622962e-01 2.031284674272149093e-01 1.219847553136941404e-01 1.356319098261774825e-01 3.933912022015417786e-01 7.102674980832717790e-03 2.848321710921082259e-02 3.160023924826432795e-01 1.062397678543679641e-01 2.227275945609139829e-01 1.412771222291838435e-01 2.917574405034771834e-01 1.614055505662271850e-01 2.246200869136408540e-01 3.357289182099027630e-02 1.590190627362653986e-01 1.473494677342334636e-01 2.355576513326028687e-01 1.733435520900206139e-01 2.690976758432329086e-01 1.194007413254316585e-01 5.917111946846873027e-02 5.749496910525164761e-02 1.503847990261756584e-01 2.315130147935144378e-01 1.417289445052742625e-01 6.421775806206715675e-02 4.006299870814185593e-01 
6.258155100597568854e-01 7.437084392599066507e-02 1.545941135192653582e-01 1.325347439008111861e-01 5.465584333736872580e-02 5.672483997976744685e-02 9.242670060692104173e-02 0.000000000000000000e+00 6.364382395764624223e-02 3.344008643678949011e-01 2.151547378615771833e-01 3.772595495296971607e-02 4.911551005443323126e-01 4.333317330379642118e-02 3.644246936380960422e-01 6.421754121787286163e-02 9.191615589853942281e-02 3.954999920799375651e-02 1.572152580560006174e-01 2.291321746350331034e-01 3.316225630028904470e-01 2.211232948170455959e-01 9.838955121997576547e-02 1.870441522399167097e-02 4.052130337826851392e-01 7.804039474160399947e-02 2.215821482483523175e-01 4.015671019047954010e-02 3.370021253794155958e-01 3.844138713367913907e-01 5.264244166826824722e-01 1.122978845329125758e-01 3.950720296145558419e-01 3.034058213500168133e-01 7.780153622989269269e-02 1.832045533403709250e-02 7.380176973744204116e-02 1.159487132628274769e-01 6.169851435020459046e-02 1.147939541486127923e-01 3.109503888378040704e-01 2.173942474866830676e-01 1.396371496649480570e-01 2.630849970143722127e-01 4.553424015292929783e-02 3.222269100025438870e-01 1.315362433138828405e-02 3.310568324920024619e-01 9.915519363066646608e-02 1.815450758952813493e-01 5.772885344666666557e-02 1.443337387704748953e-01 1.909249535851649804e-01 1.927203672083155905e-01 1.890112613501751249e-01 7.878329199799237459e-02 1.211159482743343480e-01 1.972387965920691932e-01 1.340545796422877578e-02 1.926776638846252609e-01 4.097817659825117587e-02 1.898151434408683336e-01 3.309467114936016086e-01 2.923283700695482046e-01 1.559872553250229998e-01 2.810214874087509362e-01 
1.930311315298149366e-01 1.419035479625545548e-01 3.066481603782121312e-01 3.679028367638972202e-02 7.466386314114884515e-01 3.640241812204444982e-01 7.142456888073284160e-01 6.364382395764624223e-02 0.000000000000000000e+00 3.834532943269674393e-02 1.380654110640886501e-01 2.923879101945516812e-01 2.594217714245251605e-01 1.573891856244201970e-01 4.924993066536465514e-01 1.944983577389872709e-01 6.130900559249962134e-01 6.682600930033462394e-02 3.989820757205349983e-02 2.770548080926045140e-02 3.599777884514686332e-02 1.566446886655028237e-01 2.799913688464620853e-01 2.415082859210158639e-01 4.802206959278906145e-02 1.773046811588964156e-01 8.924736177351853816e-02 9.850374958313516671e-02 8.885680433578754811e-02 3.707248107151144279e-01 9.715638221957317855e-02 7.020124099796395400e-01 3.458844455331416268e-01 1.199819803524904971e-01 1.634977732904515091e-01 1.453436973402502663e-01 1.269314737738198584e-01 2.804255468613022634e-02 2.522158134914901928e-01 1.093031514123549708e-01 4.097221655717670635e-02 7.030951304164642646e-02 3.057549304088314490e-01 2.430745487196604715e-02 4.044541812168271633e-02 1.697804654211578224e-01 1.292907799934710222e-01 1.637673664655504846e-01 1.384975130991461800e-01 1.736371729169478850e-01 1.790558437703974881e-01 2.029163532988420560e-01 4.634229873034927810e-02 1.013142302752101653e-01 1.200103479868479678e-01 2.504974630745152031e-01 1.447515146520942098e-01 1.906202921767409797e-01 1.648388843882915011e-01 3.621566293315667956e-02 8.049342563063062450e-02 1.030672394600916641e-01 1.774242014904909015e-01 8.779420070636691220e-02 1.416288098991769738e-02 3.319656306534289891e-01 
2.806941883729441867e-01 1.826320378951783729e-01 8.023471067152665448e-02 5.015532195130808502e-01 3.378370312152979837e-02 9.518879136197008761e-02 5.511645195823262205e-02 3.344008643678949011e-01 3.834532943269674393e-02 0.000000000000000000e+00 1.984557967384916258e-02 7.772043348243702632e-02 4.955743075019828359e-01 1.534537906844009869e-01 1.331240703098844902e-01 3.977239026867238625e-01 7.467519968324511093e-02 9.255524827818359390e-02 6.853803999287473581e-02 1.365113391777552920e-01 4.679090784454953966e-01 2.709518156907416153e-01 3.494441964362501873e-01 3.707502969873248677e-01 8.553507994157139027e-01 8.603478791749671895e-02 3.410835214248132408e-01 3.172335747030348152e-01 6.718192476510204125e-01 2.697279444556497929e-01 3.483717201532026686e-01 2.650121356972764269e-02 3.495465445765731372e-01 2.959996659172565159e-01 1.686783499807735787e-01 6.238402643221369059e-02 2.501658746611107875e-01 2.716525117623326269e-01 1.956543665269505350e-01 2.349525614579269991e-02 2.465453552746366683e-01 3.793712885512028898e-01 2.026077899707827701e-01 6.119790585450248649e-02 2.594155255254962378e-02 2.108829096416605098e-01 1.611951429246616385e-01 3.620314979178417270e-01 9.044151351724681598e-02 4.724619021196519997e-01 9.917210999762172963e-02 1.893457969291519050e-01 2.159308283982997456e-01 1.012452736265103126e-01 1.119258000853352447e-01 5.627475632895986152e-02 9.755317650818405573e-02 2.120558501078601832e-01 5.377190116894592364e-02 5.812108777728390574e-02 3.344973234151853436e-01 7.462472626005106635e-02 4.202076805550171712e-01 3.708864618854713080e-01 3.621910168943795472e-01 3.687425881817760209e-01 
2.601068886553362658e-01 8.404706949602547272e-02 8.510825038024895373e-02 1.222825974293547356e-02 1.022512849670108304e-01 1.134822085035121393e-02 1.758640134049740678e-01 2.151547378615771833e-01 1.380654110640886501e-01 1.984557967384916258e-02 0.000000000000000000e+00 6.567512582122543574e-02 3.054378263167158436e-01 3.251611861965019584e-02 3.439056756136912307e-01 1.509256108766571791e-01 1.274826603549842063e-01 1.579891448544600285e-01 1.883969953658148899e-01 1.973729001715069375e-01 2.711565249858545745e-01 6.914353325212545254e-02 1.684337127239974863e-01 1.225415119516956586e-01 5.860150754367489390e-02 7.652389720593444356e-02 6.917306185659991002e-02 3.352425647300617817e-02 1.313235478574748816e-01 1.614183030063989222e-01 1.845373090114672474e-02 5.042111008130618910e-02 1.025992141818879294e-01 1.936930024445251697e-01 4.022788705370487078e-02 2.934382565114652605e-02 1.387309797536251110e-01 1.909498245016572338e-01 5.672883654903069367e-02 2.389633406101745183e-01 9.916112882399928663e-02 1.359968170025675216e-01 6.569808319273631736e-02 3.879880909920082610e-01 1.819345140890591961e-01 1.163753246175412703e-01 1.361066341885443509e-01 3.389705238641773644e-01 9.804933961876090287e-02 1.150337260457564431e-01 3.913950192392491589e-02 8.326188184995979291e-02 4.946327795993753218e-02 1.871337227387545876e-01 3.191918874872587408e-02 1.191178121542728896e-01 2.079698763731886377e-02 1.001829201718165280e-01 6.319439127317647009e-02 1.621897648278539106e-02 1.743708954695279492e-02 6.056301137109854071e-02 1.380117096187491454e-01 2.308572537673029418e-02 4.517919226950335709e-02 1.211107579155525638e-01 
9.842356318854202091e-02 1.303583219325055165e-01 3.597089030259447567e-02 9.993682647638815753e-02 4.069720742497844324e-01 2.449633338222884926e-01 2.284776657379877784e-01 3.772595495296971607e-02 2.923879101945516812e-01 7.772043348243702632e-02 6.567512582122543574e-02 0.000000000000000000e+00 6.625499356620355440e-02 7.268192495708323264e-01 1.162350583347260130e-01 1.737741940984999581e-02 1.206881871993557565e-01 1.398353671974756351e-01 4.473796689948456584e-01 2.638567417439152685e-01 7.028050963917151228e-02 1.659831218999404945e-01 7.308414669424384558e-02 7.000303721879695684e-02 2.773140616743290446e-02 4.740025772030180273e-01 1.245686156202026884e-01 1.192349630301548224e-01 3.924889781445478620e-02 2.564395809721320071e-02 1.243576590218699179e-01 2.878129272035144237e-01 9.137214918452758738e-02 8.115338012957888647e-02 2.682772625288526447e-01 2.928786750951813400e-01 2.390077521205500113e-02 6.314653206894146886e-02 2.312644108953726962e-01 8.768105870750811381e-02 1.107014330153440057e-01 1.416249392862169720e-01 1.581307827570134217e-01 2.169227716269705175e-01 9.814078492547685661e-02 9.748192255570482453e-03 2.972515434140122204e-01 1.225958648730459816e-01 3.418350532518853180e-02 7.985758457363437146e-02 3.400322082911491073e-01 1.177859077607498889e-01 8.689050393301318842e-02 9.320094176674519060e-02 6.297294844942895320e-02 1.456865277624920241e-01 1.452116326876266017e-01 1.199044725571862292e-02 2.186336445194127509e-01 6.036372785260785828e-02 7.126887457333383469e-02 3.840265516521167155e-02 3.722109440406398684e-02 3.323540472698292836e-02 4.207613507326532498e-02 2.106088583580801310e-01 
4.369811783524313875e-01 1.210228885964403367e-01 6.847409250589399365e-02 2.884773861504140724e-01 2.892327229117656606e-01 7.673121316763503730e-02 4.455903926088746192e-01 4.911551005443323126e-01 2.594217714245251605e-01 4.955743075019828359e-01 3.054378263167158436e-01 6.625499356620355440e-02 0.000000000000000000e+00 8.115414881400344338e-02 3.459871803970641646e-01 4.075295854925506389e-02 4.508643497144123047e-01 4.203768030226850971e-02 2.164494507105770849e-01 2.010083651539205929e-01 5.349855235361637984e-01 2.797609822079427100e-01 4.827654725129754826e-02 7.725146158100996974e-02 5.064445852216765687e-01 4.687731122050881744e-02 1.074945678945008060e-01 6.003074239636282949e-02 3.504362448747340153e-01 3.635760123959531076e-01 3.648563426381907226e-01 2.912428592097865976e-01 4.357544144708389577e-01 4.110309983152748425e-01 1.160863416146344085e-01 8.876046974114133736e-02 9.971344002504031745e-02 5.807766291023290506e-02 4.636928933057547081e-02 2.625230455386505790e-01 3.682126267705067013e-01 3.380038077259744367e-01 2.693244751820644267e-01 2.379093798728211806e-01 5.448475311424648415e-02 4.228668528972868157e-01 1.232778879903186076e-01 5.080052673861824575e-01 1.592094995635163490e-01 3.294365233653080427e-01 8.967693621125076564e-02 2.266377217332261884e-01 1.434006088315026017e-01 1.619009713203093670e-01 2.454214276301551478e-01 2.020472512111869401e-01 1.952595419791967879e-01 2.377558353830589444e-01 8.533884640626911156e-02 6.889029612879624120e-02 8.028187829153789201e-02 1.962552870059367793e-01 4.562771398637344156e-01 3.369256917286121977e-01 2.501300514568935984e-01 4.877621800260387719e-01 
6.974622230054283722e-02 1.725124135368781286e-01 4.333102952187481427e-02 1.154370317418012271e-01 2.617175735979714868e-01 2.801987359253679810e-01 1.397919789190158468e-01 4.333317330379642118e-02 1.573891856244201970e-01 1.534537906844009869e-01 3.251611861965019584e-02 7.268192495708323264e-01 8.115414881400344338e-02 0.000000000000000000e+00 1.318556837916065316e-01 1.140548023568565827e-01 5.683977014211089029e-02 4.167407789430259413e-02 4.544640033481585073e-01 1.381435580237727889e-01 8.955882194085380832e-02 6.103576642823087955e-02 3.326638899295655816e-02 1.238316271681355329e-01 1.028276646896462143e-01 4.450630122568198233e-01 2.083178862399063525e-01 2.044143205673960018e-01 8.609112355273380868e-02 3.244350932532696213e-02 6.666415142881906841e-02 2.232347740311875772e-01 1.771952923706927169e-02 1.950067173683735569e-02 2.082222363079287986e-01 1.862322740187852543e-01 7.754933350155189531e-02 4.999003605068989137e-02 3.188453582651673002e-01 7.020115475003024796e-02 5.928305257420458940e-02 1.319989028441909684e-01 6.634756484681397781e-02 1.458631688263340165e-01 1.657958097188075575e-01 3.697945352678278647e-02 5.596160753013277311e-01 5.302012613223118509e-02 5.438117510651580694e-02 1.133046932627609221e-01 2.636545441696203085e-01 3.465090527229295336e-01 1.038583675959715291e-01 1.406610199527120186e-01 3.801827032661765637e-02 5.076245800109221995e-02 8.056289575640609990e-02 6.592760462141467048e-02 4.215352575463110485e-01 8.253734735190504379e-02 1.058337471904770427e-01 9.197237819987408303e-02 1.055014030223221932e-01 4.630652455229701536e-02 5.612017598983030237e-02 2.005094087744458409e-01 
6.680546964818282474e-01 8.695591299617563830e-02 1.218833266019959810e-01 3.006455969795319288e-02 1.956479105677774444e-01 1.368311495090427377e-01 3.061380083752469616e-01 3.644246936380960422e-01 4.924993066536465514e-01 1.331240703098844902e-01 3.439056756136912307e-01 1.162350583347260130e-01 3.459871803970641646e-01 1.318556837916065316e-01 0.000000000000000000e+00 1.043398375925192606e-01 3.054241215161622169e-01 5.594651456574174786e-02 2.825100794403477278e-01 2.698994418882985080e-01 1.217210359839313721e-01 2.141482516956351723e-01 9.543700506357051527e-02 3.078228919002073613e-02 1.353593725579529672e-01 1.175595752733270966e-01 5.499871571647491769e-02 8.818291431369514044e-02 7.111344024567765702e-03 6.716950454508902046e-01 2.249085376363589295e-01 3.283171640909540168e-01 5.397864649662535985e-01 3.196130275977808188e-01 4.824167139354552936e-02 4.892994069715207034e-02 1.060142242499438336e-01 1.950378446615463890e-02 9.518101124997452658e-03 1.583133367598762442e-01 1.882572143251424190e-01 2.588974463341346399e-01 1.681685740435128751e-01 2.870849705124521867e-01 7.090521027363662354e-02 2.567653605940434791e-01 1.649802865008821381e-02 4.399597261326448350e-01 1.242172662607425870e-01 1.362662559254698147e-01 6.340495512772598152e-02 1.842243502746404860e-01 1.257317756633671846e-01 2.083669094533501798e-01 1.309324379009799422e-01 1.205482383158620191e-01 1.100131417207313167e-01 1.733115722900178679e-01 1.216671176873502548e-02 1.009404356143087378e-01 5.264187602209304678e-02 1.338271675113184567e-01 3.280402978847040130e-01 1.913927176229901217e-01 1.348399261016069162e-01 3.523863550593758776e-01 
3.109956536461996185e-02 8.403445256345402903e-02 9.365930899998714532e-02 1.287940580015657643e-02 1.897788566335863458e-01 1.107167014217001200e-01 1.643955662681061414e-01 6.421754121787286163e-02 1.944983577389872709e-01 3.977239026867238625e-01 1.509256108766571791e-01 1.737741940984999581e-02 4.075295854925506389e-02 1.140548023568565827e-01 1.043398375925192606e-01 0.000000000000000000e+00 1.437545916030316395e-01 3.239488761602556804e-02 8.035020093198506907e-02 2.964126357476279047e-02 3.226035229879171268e-02 4.921131706882574640e-03 7.934361331615799040e-01 5.581591398593321873e-01 2.759319063866786381e-01 7.347362356224849955e-02 2.563036918932116159e-01 3.385223295408217314e-01 4.471625690197148506e-01 4.432794815082301970e-02 4.357924218229184549e-02 1.380887211461650221e-01 4.078002341396270991e-02 2.014172049278423471e-01 3.250674945533259252e-02 1.543491561374895626e-01 1.561657011534367256e-01 2.948669182040539738e-01 1.363609785666134722e-01 1.432733973951001161e-01 2.238550230211229231e-01 1.922303236147979155e-01 9.976605022389128941e-02 5.081653476698810151e-02 8.372961093361185048e-02 2.653738855663879126e-01 8.270895573251089983e-02 1.577784595702460824e-01 5.262240562036670788e-01 2.799807377571992828e-01 2.497063447076970644e-01 8.500345890398332271e-02 2.544072359028352048e-01 1.386562524857482270e-01 1.310334895986935838e-02 5.294853249310897958e-01 6.700487385571027299e-02 3.310042453276672986e-02 3.529858953768122420e-02 6.071535177419808138e-02 2.972272045934079010e-01 1.202590692183773680e-01 2.679420442524147461e-01 3.268217205255689040e-01 1.910632461072939159e-01 2.299932606341190400e-01 
2.018409763109253741e-01 7.973262148899966373e-02 1.437724682080612493e-01 5.362400579682564256e-02 6.926519419483857520e-01 2.579529654446510722e-01 8.975420497264078312e-01 9.191615589853942281e-02 6.130900559249962134e-01 7.467519968324511093e-02 1.274826603549842063e-01 1.206881871993557565e-01 4.508643497144123047e-01 5.683977014211089029e-02 3.054241215161622169e-01 1.437545916030316395e-01 0.000000000000000000e+00 5.551936779212910539e-02 1.617450097343008653e-01 6.971644611115308809e-02 4.965032256841586666e-02 1.867865310506906795e-01 2.296401401621753768e-01 1.539172783329057770e-01 2.787199280447917593e-02 7.441491581062513461e-02 1.767734821685123248e-01 1.409157804091157318e-01 4.190773447797717377e-02 3.140342807111301537e-01 1.311571218159021945e-01 6.309446083906479208e-01 3.555412705622795211e-01 1.856416637800542835e-01 1.334110530837920860e-01 1.303321386158922679e-01 1.443020017021325041e-01 8.948070713604404369e-02 9.176614029156618391e-02 1.774005868693133703e-01 1.407884598627975326e-01 1.954955690609572472e-01 4.096941020173863746e-01 7.216398975098221522e-03 5.590809686949394647e-02 3.460841294037760307e-01 3.504420833232586852e-02 2.611576376442069636e-01 1.643889688890285972e-01 3.443819040632739581e-01 1.306323085157018726e-01 2.150016585243597622e-01 5.073937105873269765e-02 1.484919568021312031e-01 1.760245694250880399e-01 2.342525158236575533e-01 1.988634887934640771e-01 2.770437440526935524e-01 5.355533005830921678e-02 1.193313593523809280e-01 7.650438706392373445e-02 1.778677875568800137e-01 2.517265836245556332e-01 1.728703077213130934e-01 9.704005027358662827e-02 4.158368813057184421e-01 
5.069789983937338790e-02 1.360476789130497521e-01 1.539689808742587540e-01 6.228569354170384459e-02 5.904221778134130343e-03 1.896935402791520564e-01 2.404940103499337081e-02 3.954999920799375651e-02 6.682600930033462394e-02 9.255524827818359390e-02 1.579891448544600285e-01 1.398353671974756351e-01 4.203768030226850971e-02 4.167407789430259413e-02 5.594651456574174786e-02 3.239488761602556804e-02 5.551936779212910539e-02 0.000000000000000000e+00 7.907932445817991360e-03 4.533342569935467359e-01 3.191589224211424658e-02 3.681399331392458119e-01 1.604719688744361480e-02 1.638460928683831697e-01 2.821707993321973321e-02 1.639068395629638686e-01 6.922412230058322402e-02 2.377648847331203796e-01 5.113590371073605673e-02 1.068085506363588705e-01 5.581578672391702273e-02 1.197078461853420817e-01 2.429816042184473890e-01 2.317572095640489660e-02 3.381983847231143092e-01 2.216134135634384439e-01 3.483330825520608576e-02 1.178184368191219772e-01 2.085592658920498443e-01 1.119631130018742121e-01 8.134913549812412825e-02 5.347932664699660277e-02 2.740363442453084414e-02 8.915002883142453260e-02 3.252246566642932324e-01 4.267768503138607075e-03 2.666020817662619335e-01 1.729270740045773733e-02 3.279847264783304628e-02 7.433742780078138324e-02 2.119598586329010104e-01 5.294242408763566443e-02 1.525972262939104540e-01 3.924517656594478376e-02 3.348768234138210786e-02 9.285865582851343669e-02 6.231761788979361949e-02 2.527422581954478359e-02 3.929457802580466064e-01 7.489864071527892186e-02 1.678154312075813559e-01 7.762246193240671110e-02 1.635905396671298931e-02 7.572574822952786444e-02 6.470719620324170973e-02 8.507833867513739379e-02 
2.708174236830511172e-01 5.344189609933069213e-02 3.242811208010348140e-02 5.554787790612885495e-02 4.362331531127542489e-02 3.185666136707667739e-01 1.262576829556878444e-01 1.572152580560006174e-01 3.989820757205349983e-02 6.853803999287473581e-02 1.883969953658148899e-01 4.473796689948456584e-01 2.164494507105770849e-01 4.544640033481585073e-01 2.825100794403477278e-01 8.035020093198506907e-02 1.617450097343008653e-01 7.907932445817991360e-03 0.000000000000000000e+00 4.405366889922451845e-01 1.047296393925811892e-01 1.494677165346984526e-01 6.658856944127834743e-02 9.398821794775791966e-03 8.089317965633213703e-02 3.644946726791625236e-01 5.352149772387779225e-02 4.800689942266531118e-02 6.026535244419053278e-02 2.680276082384679404e-01 1.249964924762879404e-01 8.085495536067265065e-02 2.407286174437265891e-01 1.659552334543519247e-01 6.382025889709359856e-02 7.880428875254157084e-02 2.647651893650690078e-02 2.437714022719274926e-02 2.835919003099439673e-01 1.323435142940450615e-01 1.352077196334648679e-01 1.482630342478877816e-01 5.856038702532753715e-02 1.712770485221325467e-01 5.032882009356690750e-02 1.291677178209644783e-01 2.686085358679767277e-01 2.493957017566402479e-01 9.028488133377249314e-02 1.117526698644981109e-01 6.842218627467093472e-02 2.067908244806849691e-02 5.676453037451802131e-02 1.398590812818684415e-01 7.469687803539638848e-02 6.955130298134647171e-02 2.765774637253048604e-02 9.654134100966449417e-02 2.012950784916937019e-01 6.369158745189903992e-02 2.757287345116298666e-02 9.122055533877335143e-02 1.942203818470108478e-01 1.559584876204538895e-01 2.804741550563246144e-01 1.562292598620856066e-01 
4.081330220179257839e-01 1.171526761007141704e-01 5.944271257355166621e-02 6.886747250912270482e-03 1.784821857610745244e-02 6.943752329086194663e-02 5.955533546383522114e-02 2.291321746350331034e-01 2.770548080926045140e-02 1.365113391777552920e-01 1.973729001715069375e-01 2.638567417439152685e-01 2.010083651539205929e-01 1.381435580237727889e-01 2.698994418882985080e-01 2.964126357476279047e-02 6.971644611115308809e-02 4.533342569935467359e-01 4.405366889922451845e-01 0.000000000000000000e+00 7.364736110478839470e-02 1.695988295961130821e-01 4.712960493479598223e-02 1.457394228374386536e-01 1.622047438548237797e-01 1.324086978799971503e-01 2.418949160972224677e-01 1.438721170355279355e-01 1.718367124657480538e-01 3.265170660070617070e-01 2.907774987290974167e-01 6.030594393282150828e-02 2.610344131077435015e-01 1.624313550993766175e-01 1.925657199707090650e-01 8.478618840721807715e-02 3.819751040712750928e-02 4.701610728754410107e-02 8.466504987726063136e-02 1.272303309462106402e-01 1.588594013135774807e-01 1.081774365065905213e-01 5.684979273865121974e-02 1.826661101009827981e-01 1.027170859974567835e-01 1.394776937172117481e-01 1.911632865235655260e-02 2.183575558441369635e-01 1.029458835912007986e-01 1.066009677227923169e-01 1.498951502572509753e-01 9.671397403667754411e-02 2.145622127276698432e-01 8.931401946133625536e-02 1.644001257948188022e-01 4.323652856833380687e-02 1.056886728650879154e-01 7.445488053445369070e-02 5.555085355647243484e-02 1.814213304189979947e-01 8.223604757821741107e-02 1.460600017496978820e-01 2.125271642977578090e-01 2.199177411294252482e-01 1.529421562826138170e-01 1.396048090433692490e-01 
1.864096427094160680e-01 1.902585972878551579e-01 1.081559327010943455e-01 7.235758247948395061e-01 5.394718829525782522e-02 1.949165052590384056e-02 3.905330913106098284e-02 3.316225630028904470e-01 3.599777884514686332e-02 4.679090784454953966e-01 2.711565249858545745e-01 7.028050963917151228e-02 5.349855235361637984e-01 8.955882194085380832e-02 1.217210359839313721e-01 3.226035229879171268e-02 4.965032256841586666e-02 3.191589224211424658e-02 1.047296393925811892e-01 7.364736110478839470e-02 0.000000000000000000e+00 1.369574506632130761e-01 6.691774252434799786e-02 2.494078707069529235e-02 6.371251738856970048e-01 7.235947812748450003e-02 1.994708024263985302e-01 1.835515839799920224e-01 4.006363440013462895e-01 1.819163203059877276e-01 2.019463633025925242e-01 5.596705058755775675e-02 2.316667399371954705e-01 2.993964341778408977e-01 1.223913353441465207e-01 3.466904886379305190e-02 2.902285264970725365e-01 4.233747026884494835e-02 1.226043771236300650e-01 2.153048352934201493e-01 2.556727599724428757e-01 2.271612886879615656e-01 5.571968440386063093e-02 2.734564789492616721e-01 1.236585824146291951e-01 9.862191583593438171e-02 1.837041254455833716e-01 3.232632416118154106e-01 1.363055635560463108e-01 1.532458516662207892e-01 3.735064523358174599e-02 1.327478406379666853e-01 1.004497266887951074e-01 1.523060854989091439e-01 1.215912177932311905e-01 1.698325881028291684e-01 8.763942057247040007e-02 5.899899620430990727e-02 8.976649731679002542e-02 9.497429944204568639e-03 1.269597535180751469e-01 3.513805351115372594e-02 2.720339507605143425e-01 2.130168383042665425e-01 1.564372048387467073e-01 1.632708999052537857e-01 
3.754012680333049246e-01 1.414206260449014929e-01 1.338853391203134562e-02 1.543630486552795555e-01 1.868420370010082654e-01 2.827928653608159648e-02 1.333537230302159204e-01 2.211232948170455959e-01 1.566446886655028237e-01 2.709518156907416153e-01 6.914353325212545254e-02 1.659831218999404945e-01 2.797609822079427100e-01 6.103576642823087955e-02 2.141482516956351723e-01 4.921131706882574640e-03 1.867865310506906795e-01 3.681399331392458119e-01 1.494677165346984526e-01 1.695988295961130821e-01 1.369574506632130761e-01 0.000000000000000000e+00 9.559401283663658544e-02 3.707993275221791452e-01 2.046472025786076621e-01 1.536110149520978352e-01 3.309850608606302869e-01 1.511156109030174222e-01 1.707666668083732964e-01 5.577244057280545952e-01 6.493871231000368782e-01 2.434006191883797132e-01 7.030206509815685179e-01 1.671442145481287778e-01 1.964361680538470878e-01 1.708117579065061564e-01 7.683973416635381248e-02 1.627638226103226560e-01 1.146649681865814230e-01 3.179290121369562211e-02 8.529306672791857336e-02 1.442534830648203592e-01 2.566000677156169418e-01 4.005269791296490328e-02 2.297001577504475534e-01 1.623894140332740876e-01 1.138250714846256728e-01 1.621692464568557368e-01 1.950839520780175695e-01 2.111136618009304688e-01 1.227421998960512850e-01 5.490552785214866671e-02 5.966089826665939982e-02 5.204967452656425464e-02 2.758869639126865225e-01 2.700981647791422247e-01 2.816654084151682391e-01 1.420831977407418234e-01 1.837705347043465387e-01 1.602585597875445522e-01 3.378683257950403085e-02 1.517007238520417800e-01 2.324068917552135627e-01 1.903557534557084319e-01 1.229917391190937931e-01 3.094080225004642859e-01 
2.778367326634915979e-02 1.778259702792893415e-01 2.927929378394945603e-01 6.832843085534176519e-02 3.216658362186594067e-01 1.319892012208275511e-01 2.522784944237158045e-01 9.838955121997576547e-02 2.799913688464620853e-01 3.494441964362501873e-01 1.684337127239974863e-01 7.308414669424384558e-02 4.827654725129754826e-02 3.326638899295655816e-02 9.543700506357051527e-02 7.934361331615799040e-01 2.296401401621753768e-01 1.604719688744361480e-02 6.658856944127834743e-02 4.712960493479598223e-02 6.691774252434799786e-02 9.559401283663658544e-02 0.000000000000000000e+00 5.040052982840192985e-01 1.970134885908453037e-01 3.606122986347044812e-02 1.687863053310493522e-01 2.018163162154307522e-01 3.135178285097438566e-01 4.280476662841375263e-02 4.491782480024514301e-02 2.417611011671337573e-01 3.149846687664084599e-02 1.468909547595832754e-01 2.144274872249674890e-01 1.653626292169817491e-01 2.004474827051592190e-01 4.079990428616351861e-01 1.511694357664676025e-01 2.373596158235882769e-01 1.384685485088819890e-01 2.556687420475705075e-01 1.796491284596803129e-01 6.614591764439836652e-02 1.921702665773254715e-01 2.388336495380837254e-01 4.347594484097346001e-02 1.518011311123403095e-01 5.493371334312338039e-01 2.957854104560450059e-01 1.593565724968042663e-01 1.857791059445831547e-02 1.668560686124392345e-01 1.859020259628566540e-01 1.341559075559182190e-01 7.269147229463576165e-01 1.693495143909653777e-01 3.108620767563676987e-02 4.600533051352716229e-02 4.692454783241058885e-02 2.398397133957818894e-01 3.666219996784950835e-02 2.030301833890127416e-01 2.226935031971595813e-01 2.827361087053403277e-01 2.021154079183841712e-01 
1.675949302895106963e-01 5.918697117744215613e-02 3.456340823764928460e-01 6.916446651524404965e-02 2.327948073549761521e-01 1.792994390480443234e-01 1.919747519597659602e-01 1.870441522399167097e-02 2.415082859210158639e-01 3.707502969873248677e-01 1.225415119516956586e-01 7.000303721879695684e-02 7.725146158100996974e-02 1.238316271681355329e-01 3.078228919002073613e-02 5.581591398593321873e-01 1.539172783329057770e-01 1.638460928683831697e-01 9.398821794775791966e-03 1.457394228374386536e-01 2.494078707069529235e-02 3.707993275221791452e-01 5.040052982840192985e-01 0.000000000000000000e+00 2.587839289380725605e-01 4.695298678379744572e-02 3.346878670662660205e-01 1.855280710336055794e-01 3.270133384589597458e-01 1.834005371596060530e-01 2.917671069536187933e-01 1.825959624777682144e-01 2.584371233631755915e-01 1.574460843333518323e-01 5.613621992089436880e-02 8.758959335191880691e-02 7.377053253669255128e-02 1.940782487203266682e-01 2.079262161189941727e-01 7.191471582549469055e-02 1.465576577252560575e-01 1.532957195579093823e-01 7.156260053530440202e-02 6.352120369167971181e-02 1.890234513937834315e-01 2.181354939022799311e-01 3.172023755472851148e-02 1.620931826926859942e-01 1.032596120455598482e-01 2.406527237178596179e-01 3.547217049163655517e-02 1.503965722572460188e-02 1.236002695995556400e-01 8.474177057955406545e-02 2.062700711658839725e-01 1.692821023845260953e-01 2.413823576414173555e-01 9.126839027485485201e-02 7.727730532683772802e-02 9.721273808096517199e-02 2.247541303340939711e-01 1.710792709992657035e-01 2.219647906545364757e-01 2.253388263172725892e-01 2.405317382290347306e-01 2.548399595697677378e-01 
