0.000000000000000000e+00 6.475327468575357848e-02 4.137651393614583117e-02 2.133173492234190834e-03 2.942369056643689626e-02 9.537577349576008973e-03 5.764857288930416018e-03 2.603882023165206283e-02 2.417008973432293803e-02 8.814766496835499203e-05 1.158260317684184533e-02 2.521023218094952528e-03 2.653244715547485241e-02 2.639141089152548247e-02 2.357068561253812533e-02 1.482643724767730882e-02 2.450505086120268860e-03 8.797136963841828070e-03 2.124358725737355083e-02 1.921619096310138745e-03 2.536889797789256690e-02 4.779366394584207145e-02 2.011529714577860867e-02 8.268250974031698605e-03 1.286955908537982911e-03 1.295770675034818402e-02 2.575674770375332642e-02 4.613648784443700329e-02 8.127214710082330401e-03 3.700438975371542205e-02 1.084216279110766269e-02 2.177247324718368376e-02 5.798353401618391162e-02 3.897889744900657344e-02 5.114327521463956500e-02 2.485764152107610477e-03 1.990374274985455549e-02 1.517902790755072846e-02 9.995945207411455202e-03 1.246407982652539617e-02 1.165312130881653030e-02 2.291839289177229793e-04 9.572836415563352325e-03 2.344727888158242707e-03 1.221726636461400138e-02 1.260511609047476264e-02 1.715353560284188159e-02 1.408599686194312792e-02 4.486716146889269119e-02 9.008691359765879508e-03 3.093983040389260142e-02 3.097508946987994130e-02 4.352731696137369238e-02 4.155280926608254100e-02 3.707490788569010876e-02 8.656100699892459865e-03 1.754138532870264111e-02 6.258484212753203865e-03 2.238950690196216554e-03 1.782345785660137752e-02 9.008691359765879508e-03 4.248717451474710860e-03 4.596019251450029347e-02 4.380938948927243226e-02 3.005835375420905231e-02 4.671826243322814605e-03 
6.475327468575357848e-02 0.000000000000000000e+00 1.112423531900639910e-02 2.921213617051284309e-02 5.752516615834846192e-02 1.075401512613930822e-03 1.528480510551275505e-02 4.236376778379141034e-02 1.886360030322796694e-03 2.579200676974066977e-02 1.271089328843678923e-02 4.601308111348130503e-03 3.876734305308252720e-02 1.710064700386086873e-03 3.182130705357615053e-02 2.291839289177229793e-04 2.498104825203180390e-02 2.914161803853815985e-02 2.011529714577860867e-02 3.467729139855085102e-02 3.682809442377871223e-02 9.343652486645628343e-04 5.412266629056996375e-03 1.817604851647479716e-02 3.552350898224706371e-02 2.219558203903178664e-02 2.388801720642420162e-02 1.242882076053805282e-02 1.077164465913297946e-02 3.340796502300653892e-02 4.176436366200659417e-02 5.694339156955731916e-03 2.381749907444951839e-02 2.843643671879132057e-02 1.186467570474058174e-02 1.510850977557604523e-02 2.737866473917105817e-02 2.448742132820901432e-02 4.054792588544329363e-04 2.674400155139890212e-02 7.774624050208909891e-03 3.520617738836098048e-02 1.094793998906968928e-02 4.930980378329778008e-02 2.543941610986725013e-02 3.273804276924704298e-02 3.085168273892424477e-03 3.361951941893059209e-02 3.897889744900657344e-02 6.258484212753203865e-03 3.806216173333568098e-02 8.479805369955750044e-03 2.589778396770269636e-02 2.438164413024699120e-02 3.555876804823440013e-02 2.339439028260141551e-02 2.723762847522169170e-02 3.573506337817110995e-02 1.123001251696842569e-02 1.179415757276589677e-02 7.351515258360806146e-03 2.434638506425964785e-02 7.774624050208909891e-03 2.064418313558873813e-02 1.256985702448742102e-02 1.105371718703171587e-02 
4.137651393614583117e-02 1.112423531900639910e-02 0.000000000000000000e+00 3.009361282019639219e-02 5.202475186432311410e-02 2.309468822170900656e-03 2.279498616081659934e-02 3.171552985561412741e-02 1.745323766373428707e-03 1.912804329813303297e-02 9.608095481550693942e-03 2.737866473917105817e-02 1.778819879061403764e-02 1.909278423214568962e-02 2.346490841457609874e-02 1.648361334908238218e-02 1.560213669939883308e-02 1.165312130881653030e-02 1.126527158295576730e-02 2.713185127725966511e-02 2.364120374451280857e-02 2.274209756183558605e-03 3.407788727676604179e-02 1.588420922729756948e-02 3.048146254605715519e-02 2.751970100312042811e-02 8.127214710082330401e-03 1.815841898348112809e-03 2.309468822170900656e-03 3.055198067803183842e-02 4.671826243322814605e-03 1.091268092308234766e-02 1.838760291239885034e-02 1.877545263825961333e-02 3.684572395677238477e-03 5.130194101158259967e-03 2.279498616081659934e-02 4.989157837208892630e-03 1.242882076053805282e-02 2.203691624208874503e-03 1.390970153200641636e-02 3.048146254605715519e-02 3.473017999753186605e-03 9.326022953651957534e-03 1.251696842550640860e-03 4.389753715424078197e-03 1.234067309556969888e-04 3.323166969306982910e-02 2.452268039419635767e-02 9.925427075436771968e-03 1.073638559314563784e-02 4.953898771221550146e-03 1.285192955238615743e-02 1.863441637431024339e-02 2.688503781534827206e-02 5.699628016853833246e-02 2.230135923699381323e-02 5.518043827019022095e-03 1.921619096310138745e-03 1.239356169455071120e-02 2.029159247571531849e-02 2.395853533839888486e-02 6.223225146765862248e-03 8.656100699892459865e-03 3.014650141917740809e-03 3.296722669816476350e-03 
2.133173492234190834e-03 2.921213617051284309e-02 3.009361282019639219e-02 0.000000000000000000e+00 6.857888334538018299e-03 4.319235583449394095e-03 1.239356169455071120e-02 1.394496059799375971e-02 8.726618831867143100e-03 2.928265430248752632e-02 2.732577614019004834e-03 1.140630784690513551e-02 3.848527052518378733e-02 1.041905399925955981e-02 2.321809495266470222e-02 1.415651499391781115e-02 2.450505086120268860e-03 2.309468822170900656e-03 2.614459742961408942e-02 1.006646333938614017e-02 9.572836415563352325e-03 4.918639705234208528e-03 2.649718808948750906e-02 3.351374222096856897e-02 2.342964934858875539e-02 1.810553038450011393e-02 4.054792588544329363e-04 1.267563422244944761e-02 3.120427339879766528e-03 8.867655095816511304e-03 1.348659274015831348e-02 2.875376831267739686e-02 2.697318548031662783e-03 2.274209756183558605e-03 1.073638559314563784e-02 2.367646281050014845e-02 2.681451968337358882e-02 1.189993477072792336e-02 1.639546568411402771e-03 1.052483119722158640e-02 2.163143698323431383e-02 2.843643671879132057e-02 1.004883380639246936e-03 2.071470126756342137e-02 1.338081554219628690e-02 3.435995980466477473e-02 6.170336547784849171e-04 9.343652486645628343e-04 1.916330236412037286e-02 6.522927207658268597e-04 1.655413148105706542e-02 2.138462352132292077e-02 5.130194101158259967e-03 2.420534880031028138e-02 1.369814713608236492e-02 1.006646333938614017e-02 1.073638559314563784e-02 1.380392433404439151e-02 4.759973908291169299e-04 5.694339156955731916e-03 3.649313329689896426e-03 9.696243146519048853e-04 9.149727623715247712e-03 1.056009026320892802e-02 3.051672161204449854e-02 2.466371665814572414e-02 
2.942369056643689626e-02 5.752516615834846192e-02 5.202475186432311410e-02 6.857888334538018299e-03 0.000000000000000000e+00 2.699081501331029864e-02 7.933289847151948470e-04 1.200571196868994994e-02 6.152707014791178146e-03 2.589778396770269636e-02 3.756853480951289487e-02 1.639546568411402771e-03 6.170336547784849171e-04 4.759973908291169299e-04 2.212506390705710341e-02 1.482643724767730882e-02 5.112564568164589809e-04 1.331029741022160366e-02 2.283024522680394269e-02 5.024416903196234248e-03 2.662059482044320732e-03 8.515064435943091661e-03 4.715900075806991887e-02 1.482643724767730882e-02 1.422703312589249439e-02 2.413483066833559468e-02 1.680094494296846194e-02 1.993900181584189885e-02 2.591541350069636630e-03 1.454436471977857241e-02 2.274209756183558605e-03 1.249933889251273779e-02 6.875517867531689108e-04 1.123001251696842569e-02 1.965692928794316244e-02 1.651887241506972553e-02 1.059534932919626964e-02 2.103203286144950113e-02 3.049909207905082426e-03 1.348659274015831348e-02 3.467729139855085102e-02 9.502318283588667355e-03 5.288859898101299522e-05 6.187966080778519763e-03 2.201928670909507682e-02 8.127214710082330401e-03 1.644835428309504230e-02 1.468540098372794062e-02 9.431800151613984121e-03 1.637783615112035560e-02 1.151208504486716210e-02 4.430301641309521837e-02 1.997426088182923873e-02 2.286550429279128258e-02 8.867655095816511304e-03 2.170195511520899706e-02 1.849338011036087692e-02 1.401547872996844295e-02 3.485358672848756084e-02 3.009361282019639219e-02 1.175889850677855515e-02 4.460271847398762299e-03 1.824656664844948387e-02 2.064418313558873813e-02 2.170195511520899706e-02 1.003120427339879682e-02 
9.537577349576008973e-03 1.075401512613930822e-03 2.309468822170900656e-03 4.319235583449394095e-03 2.699081501331029864e-02 0.000000000000000000e+00 1.591946829328490937e-02 2.053840593762671154e-02 1.211148916665197479e-02 6.046929816829152426e-03 4.354494649436736579e-03 8.867655095816511304e-03 1.532006417150009667e-02 1.810553038450011393e-02 2.131410538934823753e-02 1.990374274985455549e-02 2.776651446503182116e-02 3.700438975371542205e-02 1.743560813074061799e-02 2.050314687163937166e-02 1.762953299367099841e-05 1.838760291239885034e-02 2.617985649560143277e-02 2.309468822170900656e-03 5.306489431094970656e-03 8.761877897854486452e-03 2.163143698323431383e-02 2.558045237381661660e-02 1.145919644588614924e-03 7.351515258360806146e-03 1.189993477072792336e-02 1.690672214093048506e-02 1.674805634398744822e-03 9.043950425753221126e-03 7.457292456322831865e-03 2.473423479012041085e-02 1.366288807009502330e-02 8.268250974031698605e-03 9.255504821677274299e-03 8.585582567917776631e-03 8.197732842057013636e-03 2.662059482044320732e-03 7.915660314158277228e-03 2.977628122631031590e-02 1.140630784690513551e-02 8.515064435943091661e-03 1.359236993812033834e-02 4.707085309310156222e-03 2.949420869841157949e-02 3.524143645434832384e-02 1.683620400895580183e-02 3.437758933765844554e-03 4.848121573259524426e-03 8.479805369955750044e-03 1.567265483137351631e-02 2.967050402834828932e-02 1.119475345098108407e-02 2.279498616081659934e-02 1.923382049609505956e-02 2.392327627241154497e-02 1.234067309556969888e-04 1.517902790755072846e-02 3.578795197715212324e-03 2.258343176489254964e-02 9.184986689702589330e-03 2.238950690196216554e-03 
5.764857288930416018e-03 1.528480510551275505e-02 2.279498616081659934e-02 1.239356169455071120e-02 7.933289847151948470e-04 1.591946829328490937e-02 0.000000000000000000e+00 4.407383248417749331e-04 3.714542601766479546e-02 3.767431200747492492e-02 3.841475239320910062e-02 1.569028436436718885e-03 2.254817269890520628e-02 5.377007563069653891e-03 1.921619096310138745e-03 3.753327574352555152e-02 2.924739523650018644e-02 1.762953299367099841e-05 2.265394989686723287e-02 2.291839289177229793e-04 4.248717451474710860e-03 1.912804329813303297e-02 4.317472630150027274e-02 2.371172187648749180e-02 2.688503781534827206e-02 2.558045237381661660e-02 4.072422121538000171e-03 4.707085309310156222e-03 2.000951994781658208e-02 5.306489431094970656e-03 1.606050455723427930e-02 2.670874248541156223e-02 2.177247324718368376e-02 2.533363891190522355e-02 2.219558203903178664e-02 9.361282019639299151e-03 2.360594467852546521e-02 6.293743278740546350e-03 8.991061826772208916e-04 2.908872943955714656e-03 2.653244715547485241e-02 2.291839289177229793e-04 4.054792588544329363e-04 1.463251238474692732e-03 3.252648837332298981e-02 8.656100699892459865e-03 2.060892406960139478e-02 8.127214710082330401e-03 7.915660314158277228e-03 2.794280979496853098e-02 4.566049045360788018e-03 2.177247324718368376e-02 5.764857288930416018e-03 1.710064700386086873e-03 2.219558203903178664e-02 2.850695485076600380e-02 7.527810588297515967e-03 1.817604851647479716e-02 1.017224053734816502e-02 1.200571196868994994e-02 1.581369109532288625e-02 6.963665532500044018e-03 3.093983040389260142e-02 3.118664386580399447e-02 7.422033390335490248e-03 1.151208504486716210e-02 
2.603882023165206283e-02 4.236376778379141034e-02 3.171552985561412741e-02 1.394496059799375971e-02 1.200571196868994994e-02 2.053840593762671154e-02 4.407383248417749331e-04 0.000000000000000000e+00 2.512208451598117037e-02 4.319235583449394095e-03 5.639687604675352323e-02 2.838354811981030554e-03 4.430301641309521837e-02 2.838354811981030554e-03 3.961356063677873296e-02 1.577843202933554290e-02 5.800116354917758503e-03 4.425012781411420681e-03 4.777603441284840324e-03 6.434779542689914554e-03 1.482643724767730882e-02 4.031874195652557225e-02 5.837138374204467461e-02 2.434638506425964785e-02 1.228778449658868462e-02 1.447384658780388918e-02 7.563069654284857585e-03 1.680094494296846194e-02 1.366288807009502330e-02 4.225799058582938028e-02 3.755090527651922579e-03 2.854221391675334368e-02 4.310420816952558604e-02 2.385275814043685827e-02 5.181319746839906093e-02 3.790349593639264630e-03 2.790755072898118763e-02 2.914161803853815985e-02 2.374698094247483515e-02 2.293602242476596928e-02 2.050314687163937166e-02 2.219558203903178664e-02 6.963665532500044018e-03 1.972744741991784567e-02 2.808384605891790092e-02 2.062655360259506732e-03 8.127214710082330401e-03 1.373340620206970654e-02 2.737866473917105817e-02 1.546110043544946487e-02 1.286955908537982911e-03 2.864799111471537027e-02 2.060892406960139478e-02 2.617985649560143277e-02 1.006646333938614017e-02 4.652433757029775935e-02 7.210478994411437942e-03 5.623821024981048682e-03 7.580699187278529044e-04 2.406431253636091144e-02 1.778819879061403764e-02 1.080690372512032107e-02 1.965692928794316244e-02 4.566049045360788018e-03 3.079879413994323148e-02 9.960686141424113585e-03 
2.417008973432293803e-02 1.886360030322796694e-03 1.745323766373428707e-03 8.726618831867143100e-03 6.152707014791178146e-03 1.211148916665197479e-02 3.714542601766479546e-02 2.512208451598117037e-02 0.000000000000000000e+00 1.147682597887981874e-02 2.614459742961408942e-02 1.004883380639246936e-03 1.993900181584189885e-02 8.585582567917776631e-03 1.969218835393050579e-02 3.633446749995592612e-02 1.669516774500643536e-02 6.117447948803836529e-03 4.777603441284840324e-03 3.790349593639264630e-03 3.296722669816476350e-03 5.553302893006364579e-03 3.608765403804452959e-02 1.496747351162667702e-02 3.684572395677238477e-03 1.108897625301905748e-02 2.550993424184193337e-02 9.572836415563352325e-03 1.098319905505703090e-02 1.852863917634821680e-02 1.359236993812033834e-02 6.024011423937379595e-02 1.674805634398744822e-03 2.556282284082294579e-03 2.064418313558873813e-02 1.634257708513301571e-02 4.054792588544329363e-04 9.290763887664615917e-03 1.137104878091779389e-02 7.351515258360806146e-03 1.031327680129753323e-02 5.306489431094970656e-03 4.001903989563316069e-03 4.918639705234208528e-03 8.620841633905118248e-03 1.264037515646210599e-02 4.989157837208892630e-03 1.533769370449376834e-03 2.773125539904447781e-02 6.258484212753203865e-03 2.332387215062672881e-02 5.465155228038009235e-04 2.290076335877862593e-02 1.921619096310138745e-03 1.662464961303175212e-02 3.083405320593057483e-02 1.020749960333550838e-02 7.563069654284857585e-03 2.713185127725966511e-02 1.567265483137351631e-02 7.034183664474728120e-03 9.255504821677274299e-03 3.464203233256350767e-02 5.213052906228513722e-02 5.623821024981048682e-03 1.563739576538617643e-02 
8.814766496835499203e-05 2.579200676974066977e-02 1.912804329813303297e-02 2.928265430248752632e-02 2.589778396770269636e-02 6.046929816829152426e-03 3.767431200747492492e-02 4.319235583449394095e-03 1.147682597887981874e-02 0.000000000000000000e+00 5.200712233132944069e-03 2.293602242476596928e-02 3.679283535779136888e-02 7.809883116196252376e-03 1.234067309556969888e-04 4.112970047423443465e-02 2.794280979496853098e-02 1.546110043544946487e-02 2.762547820108245469e-02 9.960686141424113585e-03 2.642666995751282583e-02 1.958641115596847920e-02 3.790349593639264630e-03 2.732577614019004834e-03 1.398021966398110133e-02 2.431112599827230450e-02 5.976411684854468324e-03 9.643354547538035559e-03 4.460271847398762299e-03 9.343652486645628343e-04 2.663822435343687900e-02 7.175219928424096325e-03 1.750612626271530123e-02 3.120427339879766528e-03 1.468540098372794062e-02 1.912804329813303297e-02 3.933148810887999308e-02 9.220245755689930947e-03 2.141988258731026065e-02 5.377007563069653891e-03 7.563069654284857585e-03 3.806216173333568098e-02 3.880260211906986362e-02 1.479117818168996720e-02 2.508682544999383049e-02 4.243428591576609010e-02 2.997020608924069458e-04 1.193519383671526497e-02 1.463251238474692732e-03 1.412125592793046953e-02 7.386774324348147763e-03 5.835375420905100120e-03 4.953898771221550146e-03 2.801332792694321422e-02 4.389753715424078197e-03 9.819649877474745381e-03 8.620841633905118248e-03 4.377413042328508891e-02 1.392733106500008847e-03 2.156091885125963059e-02 5.588561958993706197e-03 3.612291310403187294e-02 1.345133367417097187e-02 3.261463603829134732e-03 1.010172240537348179e-02 4.989157837208892630e-03 
1.158260317684184533e-02 1.271089328843678923e-02 9.608095481550693942e-03 2.732577614019004834e-03 3.756853480951289487e-02 4.354494649436736579e-03 3.841475239320910062e-02 5.639687604675352323e-02 2.614459742961408942e-02 5.200712233132944069e-03 0.000000000000000000e+00 4.213458385487368375e-03 3.649313329689896426e-03 8.515064435943091661e-03 8.726618831867143100e-03 1.789397598857606422e-02 5.449288648343705160e-02 8.726618831867143100e-03 3.790349593639264630e-03 1.006646333938614017e-02 8.638471166898788406e-04 3.023464908414576213e-02 2.251291363291786293e-02 1.708301747086719835e-02 5.835375420905100120e-03 1.186467570474058174e-02 1.549635950143680649e-02 2.004477901380392543e-02 2.783703259700650440e-02 1.785871692258872087e-02 1.569028436436718885e-03 1.574317296334819954e-02 3.636972656594326947e-02 2.062655360259506732e-03 1.024275866932284999e-02 9.008691359765879508e-03 6.087477742714595547e-02 1.560213669939883308e-02 1.463251238474692732e-03 1.986848368386721561e-02 3.443047793663946143e-02 2.861273204872803039e-02 2.379986954145584758e-03 2.967050402834828932e-02 1.729457186679124805e-02 2.554519330782927672e-02 2.995257655624702572e-02 7.069442730462069738e-03 6.187966080778519763e-03 2.078521939953810460e-02 3.478306859651288108e-02 2.455793946018370102e-02 2.173721418119634041e-02 7.092361123353842223e-02 3.349611268797489426e-04 3.860867725613948299e-03 1.052483119722158640e-02 2.247765456693052305e-02 7.668846852246884171e-03 6.364261410715230452e-03 8.620841633905118248e-03 1.877545263825961333e-02 1.831708478042416710e-02 4.213458385487368375e-03 7.104701796449412222e-03 8.056696578107645432e-03 
2.521023218094952528e-03 4.601308111348130503e-03 2.737866473917105817e-02 1.140630784690513551e-02 1.639546568411402771e-03 8.867655095816511304e-03 1.569028436436718885e-03 2.838354811981030554e-03 1.004883380639246936e-03 2.293602242476596928e-02 4.213458385487368375e-03 0.000000000000000000e+00 1.112423531900639910e-02 4.261058124570279992e-02 1.110660578601272873e-03 1.193519383671526497e-02 3.649313329689896426e-03 4.698270542813320905e-02 2.730814660719637493e-02 1.450910565379123079e-02 2.910635897255081650e-02 1.851100964335454860e-03 1.383918340003173313e-02 2.022107434374063525e-02 1.271089328843678923e-02 2.568622957177864319e-02 9.678613613525377177e-03 4.425012781411420681e-03 2.304179962272799240e-02 6.505297674664597789e-03 3.896126791601290350e-03 1.154734411085450371e-02 2.642666995751282583e-02 1.075401512613930822e-03 9.537577349576008973e-03 8.726618831867143100e-03 7.845142182183593993e-03 3.464203233256350767e-02 7.228108527405108534e-04 3.199760238351286035e-02 5.482784761031680477e-03 1.641309521710769895e-02 2.732577614019004834e-03 5.905893552879784222e-03 4.497293866685471431e-02 8.585582567917776631e-03 2.476949385610775073e-02 5.130194101158259967e-03 1.956878162297480579e-03 6.364261410715230452e-03 4.091814607831038841e-02 2.487527105406977732e-02 1.355711087213299672e-02 8.409287237981065075e-03 8.021437512120303814e-03 4.601308111348130503e-03 2.046788780565202831e-02 1.939248629303809825e-04 9.678613613525377177e-03 2.744918287114574487e-02 7.210478994411437942e-03 3.085168273892424477e-03 8.832396029829169687e-03 1.286955908537982911e-03 1.602524549124693595e-02 1.796449412055074746e-02 
2.653244715547485241e-02 3.876734305308252720e-02 1.778819879061403764e-02 3.848527052518378733e-02 6.170336547784849171e-04 1.532006417150009667e-02 2.254817269890520628e-02 4.430301641309521837e-02 1.993900181584189885e-02 3.679283535779136888e-02 3.649313329689896426e-03 1.112423531900639910e-02 0.000000000000000000e+00 3.702201928670909394e-04 2.238950690196216554e-03 1.112423531900639910e-02 3.866156585512049715e-02 2.873613877968372605e-03 8.479805369955750044e-03 2.635615182553814259e-02 1.990374274985455549e-02 4.610122877844965994e-02 1.851100964335454860e-03 8.056696578107645432e-03 3.587609964212048336e-02 3.192708425153817364e-02 1.482643724767730882e-02 2.526312077993054031e-02 1.482643724767730882e-02 3.545299085027237701e-02 4.380938948927243226e-02 3.404262821077869844e-02 3.830897519524707751e-02 3.157449359166475400e-02 1.655413148105706542e-02 7.104701796449412222e-03 6.408335243199407560e-02 3.190945471854450630e-03 4.319235583449394095e-03 2.413483066833559468e-02 1.948063395800645262e-02 5.165453167145602452e-03 1.239356169455071120e-02 7.845142182183593993e-03 1.373340620206970654e-02 1.711827653685453823e-02 3.755090527651922579e-03 1.595472735927225272e-02 2.244239550094317970e-02 5.047335296088006906e-02 2.364120374451280857e-02 1.331029741022160366e-02 2.734340567318371829e-02 5.865345626994340755e-02 7.492551522310174350e-03 4.883380639246866044e-03 2.053840593762671154e-02 6.440068402588015883e-02 1.803501225252543069e-02 1.175889850677855515e-02 4.989157837208892630e-03 2.970576309433563267e-02 8.162473776069672018e-03 2.843643671879132057e-02 1.581369109532288625e-02 5.518043827019022095e-03 
2.639141089152548247e-02 1.710064700386086873e-03 1.909278423214568962e-02 1.041905399925955981e-02 4.759973908291169299e-04 1.810553038450011393e-02 5.377007563069653891e-03 2.838354811981030554e-03 8.585582567917776631e-03 7.809883116196252376e-03 8.515064435943091661e-03 4.261058124570279992e-02 3.702201928670909394e-04 0.000000000000000000e+00 1.380392433404439151e-02 7.580699187278529044e-04 8.056696578107645432e-03 2.452268039419635767e-02 2.896532270860145003e-02 5.377007563069653891e-03 2.378224000846217503e-02 8.638471166898788406e-04 1.181178710575956758e-03 1.941011582603176938e-02 1.186467570474058174e-02 1.253459795850007941e-02 4.918639705234208528e-03 5.482784761031680477e-03 5.976411684854468324e-03 1.112423531900639910e-02 1.179415757276589677e-02 8.814766496835499203e-05 6.082188882816494044e-03 1.006646333938614017e-02 2.043262873966468496e-02 3.473017999753186605e-03 1.463251238474692732e-03 2.850695485076600380e-02 1.401547872996844295e-02 2.381749907444951839e-02 1.020749960333550838e-02 4.566049045360788018e-03 1.457962378576591576e-02 7.316256192373463661e-03 3.774483013944960469e-02 2.328861308463938892e-02 2.008003807979126532e-02 1.517902790755072846e-02 1.789397598857606422e-02 1.355711087213299672e-02 3.252648837332298981e-02 3.224441584542425687e-02 3.555876804823440013e-02 2.379986954145584758e-03 2.868325018070271362e-02 1.080690372512032107e-02 1.939248629303809825e-04 1.817604851647479716e-02 8.338769106006381840e-03 5.341748497082312273e-03 5.835375420905100120e-03 1.729457186679124805e-02 3.702201928670909394e-04 1.514376884156338685e-02 8.479805369955750044e-03 1.239356169455071120e-02 
2.357068561253812533e-02 3.182130705357615053e-02 2.346490841457609874e-02 2.321809495266470222e-02 2.212506390705710341e-02 2.131410538934823753e-02 1.921619096310138745e-03 3.961356063677873296e-02 1.969218835393050579e-02 1.234067309556969888e-04 8.726618831867143100e-03 1.110660578601272873e-03 2.238950690196216554e-03 1.380392433404439151e-02 0.000000000000000000e+00 2.025633340972797514e-02 9.220245755689930947e-03 4.495530913386104784e-03 2.357068561253812533e-02 2.133173492234190834e-03 2.233661830298115311e-02 1.937485676004442603e-02 1.956878162297480579e-03 7.034183664474728120e-03 5.200712233132944069e-03 2.392327627241154497e-02 3.369003755090527880e-02 4.342153976341166927e-02 6.752111136575991712e-03 4.578389718456358365e-02 1.683620400895580183e-02 1.549635950143680649e-02 4.895721312342436043e-02 5.976411684854468324e-03 1.923382049609505956e-02 1.630731801914567236e-02 5.024416903196234248e-03 9.678613613525377177e-03 1.687146307494314518e-02 1.461488285175325738e-02 2.575674770375332642e-02 1.937485676004442603e-02 9.572836415563352325e-03 6.011670750841809942e-03 2.873613877968372605e-03 2.945894963242423614e-02 1.708301747086719835e-02 2.413483066833559468e-02 3.594661777409516312e-02 2.133173492234190834e-03 2.790755072898118763e-02 2.096151472947481789e-02 4.070659168238633524e-02 4.310420816952558604e-02 2.487527105406977732e-02 8.761877897854486452e-03 1.831708478042416710e-02 4.495530913386104784e-03 2.168432558221532885e-03 1.087742185709500604e-02 1.762953299367099841e-05 6.575815806639281891e-03 2.230135923699381323e-02 3.753327574352555152e-02 1.087742185709500604e-02 6.011670750841809942e-03 
1.482643724767730882e-02 2.291839289177229793e-04 1.648361334908238218e-02 1.415651499391781115e-02 1.482643724767730882e-02 1.990374274985455549e-02 3.753327574352555152e-02 1.577843202933554290e-02 3.633446749995592612e-02 4.112970047423443465e-02 1.789397598857606422e-02 1.193519383671526497e-02 1.112423531900639910e-02 7.580699187278529044e-04 2.025633340972797514e-02 0.000000000000000000e+00 3.622869030199390300e-02 6.293743278740546350e-03 1.725931280080390817e-02 6.875517867531689108e-04 1.264037515646210599e-02 5.870634486892442605e-03 2.644429949050649490e-04 2.688503781534827206e-02 1.761190346067732782e-02 8.814766496835499203e-05 7.704105918234225789e-03 1.286955908537982911e-03 1.369814713608236492e-02 2.586252490171535301e-02 4.601308111348130503e-03 6.681593004601308478e-03 2.677926061738624547e-02 6.611074872626624375e-03 2.113781005941152771e-02 1.165312130881653030e-02 2.124358725737355083e-02 2.607407929763940618e-02 5.518043827019022095e-03 1.891648890220897980e-02 7.245738060398780427e-03 3.608765403804452959e-02 2.769599633305713793e-02 1.221726636461400138e-02 3.534721365231034695e-02 7.986178446132962197e-03 8.797136963841828070e-03 5.165453167145602452e-03 2.223084110501912652e-02 1.838760291239885034e-02 3.402499867778502503e-03 1.778819879061403764e-02 2.283024522680394269e-02 2.732577614019004834e-03 5.729598222943074401e-03 1.620154082118364577e-02 1.412125592793046953e-02 9.149727623715247712e-03 1.130053064894310892e-02 4.989157837208892630e-03 1.921619096310138745e-03 4.283976517462052477e-03 3.534721365231034695e-02 6.087477742714595547e-02 1.606050455723427930e-02 4.067133261639899189e-02 
2.450505086120268860e-03 2.498104825203180390e-02 1.560213669939883308e-02 2.450505086120268860e-03 5.112564568164589809e-04 2.776651446503182116e-02 2.924739523650018644e-02 5.800116354917758503e-03 1.669516774500643536e-02 2.794280979496853098e-02 5.449288648343705160e-02 3.649313329689896426e-03 3.866156585512049715e-02 8.056696578107645432e-03 9.220245755689930947e-03 3.622869030199390300e-02 0.000000000000000000e+00 5.588561958993706197e-03 1.990374274985455549e-02 1.295770675034818402e-02 1.539058230347478164e-02 5.623821024981048682e-03 4.560760185462687383e-02 2.434638506425964785e-02 2.776651446503182116e-02 2.945894963242423614e-02 7.668846852246884171e-03 2.029159247571531849e-02 2.797806886095587434e-02 7.950919380145620580e-03 1.771768065863935093e-02 2.653244715547485241e-02 9.361282019639299151e-03 3.908467464696860350e-02 4.014244662658886242e-02 1.168838037480387192e-02 1.584895016131022613e-02 1.463251238474692732e-03 1.457962378576591576e-02 6.646333938613965993e-03 2.371172187648749180e-02 8.479805369955750044e-03 8.056696578107645432e-03 7.492551522310174350e-03 2.096151472947481789e-02 1.383918340003173313e-02 2.314757682069001898e-02 1.665990867901909200e-02 4.054792588544329363e-04 4.670063290023447611e-02 1.075401512613930822e-03 1.412125592793046953e-02 8.444546303968408427e-03 9.431800151613984121e-03 2.237187736896849646e-02 2.642666995751282583e-02 1.369814713608236492e-02 1.264037515646210599e-02 2.871850924669005350e-02 2.709659221127232176e-02 2.159617791724697047e-02 5.059675969183576733e-03 3.696913068772807870e-02 5.505703153923452442e-02 8.479805369955750044e-03 2.674400155139890212e-02 
8.797136963841828070e-03 2.914161803853815985e-02 1.165312130881653030e-02 2.309468822170900656e-03 1.331029741022160366e-02 3.700438975371542205e-02 1.762953299367099841e-05 4.425012781411420681e-03 6.117447948803836529e-03 1.546110043544946487e-02 8.726618831867143100e-03 4.698270542813320905e-02 2.873613877968372605e-03 2.452268039419635767e-02 4.495530913386104784e-03 6.293743278740546350e-03 5.588561958993706197e-03 0.000000000000000000e+00 1.306348394831020887e-02 9.925427075436771968e-03 6.857888334538018299e-03 1.048957213123424305e-02 1.383918340003173313e-02 2.381749907444951839e-02 4.389753715424078197e-03 2.291839289177229793e-04 2.297128149075330916e-02 3.051672161204449854e-02 1.366288807009502330e-02 9.149727623715247712e-03 1.507325070958870361e-02 5.412266629056996375e-03 2.790755072898118763e-02 2.603882023165206283e-02 3.316115156109514933e-02 1.450910565379123079e-02 2.626800416056978681e-03 7.457292456322831865e-03 2.046788780565202831e-02 8.991061826772208916e-04 5.130194101158259967e-03 2.388801720642420162e-02 1.087742185709500604e-02 5.976411684854468324e-03 7.880401248170935610e-03 8.691359765879801483e-03 2.540415704387990678e-02 2.074996033355076472e-02 1.500273257761401864e-02 4.812862507272181942e-03 3.792112546938631451e-02 2.168432558221532885e-03 6.434779542689914554e-03 8.814766496835499203e-05 1.856389824233556016e-02 2.409957160234825480e-02 2.431112599827230450e-02 8.656100699892459865e-03 1.376866526805704989e-02 1.154734411085450371e-02 4.719425982405726222e-02 5.447525695044337993e-03 1.486169631366465044e-02 1.426229219187983774e-02 6.681593004601308478e-03 4.918639705234208528e-03 
2.124358725737355083e-02 2.011529714577860867e-02 1.126527158295576730e-02 2.614459742961408942e-02 2.283024522680394269e-02 1.743560813074061799e-02 2.265394989686723287e-02 4.777603441284840324e-03 4.777603441284840324e-03 2.762547820108245469e-02 3.790349593639264630e-03 2.730814660719637493e-02 8.479805369955750044e-03 2.896532270860145003e-02 2.357068561253812533e-02 1.725931280080390817e-02 1.990374274985455549e-02 1.306348394831020887e-02 0.000000000000000000e+00 2.970576309433563267e-02 6.267298979250039703e-02 1.909278423214568962e-02 2.526312077993054031e-02 9.713872679512720529e-03 3.658128096186732264e-02 9.749131745500062146e-03 4.107681187525342656e-03 1.130053064894310892e-02 3.153923452567741759e-02 2.487527105406977732e-02 1.510850977557604523e-02 2.057366500361405490e-02 1.489695537965199379e-02 1.560213669939883308e-02 3.473017999753186605e-03 7.633587786259541687e-03 4.848121573259524426e-03 2.096151472947481789e-02 4.671826243322814605e-03 2.036211060769000172e-02 1.549635950143680649e-02 1.500273257761401864e-02 1.799975318653808734e-02 2.979391075930398758e-03 1.921619096310138745e-03 1.549635950143680649e-02 1.126527158295576730e-02 1.151208504486716210e-02 2.970576309433563267e-02 1.144156691289247713e-02 1.182941663875324012e-02 1.323977927824691869e-02 3.340796502300653892e-02 1.218200729862665976e-02 1.242882076053805282e-02 3.168027078962678406e-02 2.131410538934823753e-02 1.824656664844948387e-02 1.851100964335454860e-03 9.361282019639299151e-03 1.010172240537348179e-02 6.223225146765862248e-03 1.992137228284822630e-03 1.239356169455071120e-02 9.343652486645628343e-04 8.902914161803854656e-03 
1.921619096310138745e-03 3.467729139855085102e-02 2.713185127725966511e-02 1.006646333938614017e-02 5.024416903196234248e-03 2.050314687163937166e-02 2.291839289177229793e-04 6.434779542689914554e-03 3.790349593639264630e-03 9.960686141424113585e-03 1.006646333938614017e-02 1.450910565379123079e-02 2.635615182553814259e-02 5.377007563069653891e-03 2.133173492234190834e-03 6.875517867531689108e-04 1.295770675034818402e-02 9.925427075436771968e-03 2.970576309433563267e-02 0.000000000000000000e+00 2.053840593762671154e-02 2.134936445533557742e-02 9.713872679512720529e-03 8.814766496835499203e-05 6.187966080778519763e-03 4.248717451474710860e-03 2.008003807979126532e-02 2.318283588667736234e-02 2.415246020132926809e-03 3.702201928670909394e-04 1.216437776563298809e-03 1.690672214093048506e-02 7.422033390335490248e-03 3.860867725613948299e-03 3.160975265765209735e-02 2.291839289177229793e-04 2.297128149075330916e-02 2.138462352132292077e-02 5.588561958993706197e-03 1.412125592793046953e-02 9.008691359765879508e-03 2.713185127725966511e-02 1.674805634398744822e-03 2.240713643495583635e-02 1.302822488232286725e-02 9.431800151613984121e-03 1.145919644588614924e-03 6.082188882816494044e-03 1.886360030322796694e-03 1.281667048639881581e-02 1.778819879061403764e-02 1.004883380639246936e-03 2.970576309433563267e-02 2.857747298274068704e-02 6.575815806639281891e-03 1.591946829328490937e-02 1.052483119722158640e-02 1.267563422244944761e-02 7.104701796449412222e-03 1.680094494296846194e-02 2.741392380515840152e-02 5.817745887911429745e-04 5.200712233132944069e-03 7.386774324348147763e-03 5.623821024981048682e-03 7.845142182183593993e-03 
2.536889797789256690e-02 3.682809442377871223e-02 2.364120374451280857e-02 9.572836415563352325e-03 2.662059482044320732e-03 1.762953299367099841e-05 4.248717451474710860e-03 1.482643724767730882e-02 3.296722669816476350e-03 2.642666995751282583e-02 8.638471166898788406e-04 2.910635897255081650e-02 1.990374274985455549e-02 2.378224000846217503e-02 2.233661830298115311e-02 1.264037515646210599e-02 1.539058230347478164e-02 6.857888334538018299e-03 6.267298979250039703e-02 2.053840593762671154e-02 0.000000000000000000e+00 3.770957107346226134e-02 1.327503834423426204e-02 3.190945471854450630e-03 6.117447948803836529e-03 3.954304250480404626e-02 6.046929816829152426e-03 1.817604851647479716e-02 4.072422121538000171e-03 4.137651393614583117e-02 1.902226610017100639e-02 3.026990815013310201e-02 2.265394989686723287e-02 2.441690319623433109e-02 3.115138479981665112e-02 1.743560813074061799e-02 3.213863864746222682e-02 1.539058230347478164e-02 2.697318548031662783e-03 3.841475239320910062e-02 2.896532270860145003e-02 1.852863917634821680e-02 7.245738060398780427e-03 2.885954551063942344e-02 2.642666995751282583e-02 3.210337958147488346e-02 2.274209756183558605e-03 6.540556740651940273e-03 4.425012781411420681e-03 9.043950425753221126e-03 1.154734411085450371e-02 1.986848368386721561e-02 1.288718861837349905e-02 3.502988205842427066e-02 1.634257708513301571e-02 1.144156691289247713e-02 9.960686141424113585e-03 1.620154082118364577e-02 7.351515258360806146e-03 1.941011582603176938e-02 1.616628175519630589e-02 9.678613613525377177e-03 1.200571196868994994e-02 1.140630784690513551e-02 1.115949438499374072e-02 2.258343176489254964e-02 
4.779366394584207145e-02 9.343652486645628343e-04 2.274209756183558605e-03 4.918639705234208528e-03 8.515064435943091661e-03 1.838760291239885034e-02 1.912804329813303297e-02 4.031874195652557225e-02 5.553302893006364579e-03 1.958641115596847920e-02 3.023464908414576213e-02 1.851100964335454860e-03 4.610122877844965994e-02 8.638471166898788406e-04 1.937485676004442603e-02 5.870634486892442605e-03 5.623821024981048682e-03 1.048957213123424305e-02 1.909278423214568962e-02 2.134936445533557742e-02 3.770957107346226134e-02 0.000000000000000000e+00 1.951589302399379597e-02 4.636567177335472120e-03 1.493221444563933541e-02 1.412125592793046953e-02 1.710064700386086873e-03 5.764857288930416018e-03 5.800116354917758503e-03 2.053840593762671154e-02 4.088288701232304506e-02 5.976411684854468324e-03 1.831708478042416710e-02 7.139960862436753840e-03 6.117447948803836529e-03 2.840117765280397721e-02 2.339439028260141551e-02 6.857888334538018299e-03 1.091268092308234766e-02 1.119475345098108407e-02 2.388801720642420162e-02 4.416198014914585190e-02 1.881071170424695321e-02 2.173721418119634041e-02 1.024275866932284999e-02 2.889480457662676680e-02 1.567265483137351631e-02 4.077710981436101501e-02 1.123001251696842569e-02 4.049503728646228207e-02 2.591541350069636630e-03 7.880401248170935610e-03 2.519260264795585708e-02 2.508682544999383049e-02 4.243428591576609010e-02 2.529837984591788019e-02 5.643213511274086658e-02 2.808384605891790092e-02 1.581369109532288625e-02 2.797806886095587434e-02 3.302011529714577592e-02 9.079209491740564478e-03 3.510040019039895737e-02 2.677926061738624547e-02 2.900058177458878991e-02 5.377007563069653891e-03 
2.011529714577860867e-02 5.412266629056996375e-03 3.407788727676604179e-02 2.649718808948750906e-02 4.715900075806991887e-02 2.617985649560143277e-02 4.317472630150027274e-02 5.837138374204467461e-02 3.608765403804452959e-02 3.790349593639264630e-03 2.251291363291786293e-02 1.383918340003173313e-02 1.851100964335454860e-03 1.181178710575956758e-03 1.956878162297480579e-03 2.644429949050649490e-04 4.560760185462687383e-02 1.383918340003173313e-02 2.526312077993054031e-02 9.713872679512720529e-03 1.327503834423426204e-02 1.951589302399379597e-02 0.000000000000000000e+00 6.505297674664597789e-03 1.493221444563933541e-02 2.512208451598117037e-02 1.722405373481656482e-02 2.556282284082294579e-03 2.603882023165206283e-02 2.521023218094952528e-03 3.238545210937362334e-02 8.515064435943091661e-03 2.485764152107610477e-03 1.939248629303809825e-04 4.389753715424078197e-03 1.075401512613930822e-03 5.024416903196234248e-03 3.261463603829134732e-03 3.111612573382931124e-02 9.220245755689930947e-03 8.268250974031698605e-03 7.950919380145620580e-03 3.023464908414576213e-02 3.273804276924704298e-02 2.600356116566472295e-02 7.280997126386122044e-03 1.165312130881653030e-02 1.465014191774059900e-02 2.381749907444951839e-02 9.696243146519048853e-04 1.316926114627223546e-02 2.838354811981030554e-03 2.944132009943056707e-03 3.150397545969007423e-02 1.835234384641150698e-02 1.926907956208239944e-02 1.260511609047476264e-02 2.873613877968372605e-03 3.104560760185462800e-02 3.287907903319640945e-02 5.764857288930416018e-03 2.838354811981030554e-03 1.888122983622163992e-02 2.219558203903178664e-02 7.845142182183593993e-03 4.444405267704458484e-02 
8.268250974031698605e-03 1.817604851647479716e-02 1.588420922729756948e-02 3.351374222096856897e-02 1.482643724767730882e-02 2.309468822170900656e-03 2.371172187648749180e-02 2.434638506425964785e-02 1.496747351162667702e-02 2.732577614019004834e-03 1.708301747086719835e-02 2.022107434374063525e-02 8.056696578107645432e-03 1.941011582603176938e-02 7.034183664474728120e-03 2.688503781534827206e-02 2.434638506425964785e-02 2.381749907444951839e-02 9.713872679512720529e-03 8.814766496835499203e-05 3.190945471854450630e-03 4.636567177335472120e-03 6.505297674664597789e-03 0.000000000000000000e+00 2.168432558221532885e-03 1.181178710575956758e-03 4.037163055550658554e-03 9.290763887664615917e-03 5.235971299120286554e-03 5.905893552879784222e-03 5.905893552879784222e-03 1.168838037480387192e-02 1.489695537965199379e-02 1.091268092308234766e-02 4.493767960086737095e-02 3.400736914479135509e-02 4.137651393614583117e-02 3.093983040389260142e-02 1.584895016131022613e-02 8.832396029829169687e-03 1.757664439468998446e-02 1.588420922729756948e-02 2.917687710452549973e-02 9.326022953651957534e-03 1.930433862806974279e-02 8.303510040019040223e-03 9.043950425753221126e-03 7.809883116196252376e-03 3.323166969306982910e-02 1.757664439468998446e-02 4.742344375297498707e-03 8.867655095816511304e-03 2.309468822170900656e-03 2.952946776439891938e-02 1.789397598857606422e-02 2.565097050579130331e-02 3.873208398709518385e-02 3.220915677943691352e-02 5.447525695044337993e-03 1.496747351162667702e-02 2.697318548031662783e-03 3.830897519524707751e-02 1.327503834423426204e-02 5.341748497082312273e-03 1.856389824233556016e-02 1.768242159265201105e-02 
