0.000000000000000000e+00 5.817745887911429745e-04 1.962167022195581909e-02 1.216437776563298809e-03 4.354494649436736579e-03 1.197045290270260659e-02 2.133173492234190834e-03 2.050314687163937166e-02 2.291839289177229793e-04 1.450910565379123079e-02 4.460271847398762299e-03 8.638471166898788406e-04 1.063060839518361125e-02 8.515064435943091661e-03 5.588561958993706197e-03 7.316256192373463661e-03 4.001903989563316069e-03 1.390970153200641636e-02 1.145919644588614924e-03 3.349611268797489426e-04 6.857888334538018299e-03 1.295770675034818402e-02 6.505297674664597789e-03 3.543536131727870707e-03 1.260511609047476264e-02 4.707085309310156222e-03 8.021437512120303814e-03 1.560213669939883308e-02 2.997020608924069458e-04 2.011529714577860867e-02 1.034853586728487485e-02 4.248717451474710860e-03 1.669516774500643536e-02 9.361282019639299151e-03 1.165312130881653030e-02 7.563069654284857585e-03 1.463251238474692732e-03 8.620841633905118248e-03 1.323977927824691869e-02 3.402499867778502503e-03 1.419177405990515277e-02 5.764857288930416018e-03 6.893147400525359916e-03 1.154734411085450371e-02 2.653244715547485241e-02 5.306489431094970656e-03 2.089099659750013119e-02 6.082188882816494044e-03 7.704105918234225789e-03 8.902914161803854656e-03 1.145919644588614924e-03 1.147682597887981874e-02 1.851100964335454860e-03 7.210478994411437942e-03 2.485764152107610477e-03 1.815841898348112809e-03 1.463251238474692732e-03 5.165453167145602452e-03 3.298485623115843951e-02 6.223225146765862248e-03 1.644835428309504230e-02 2.556282284082294579e-03 3.402499867778502503e-03 1.299296581633552564e-02 1.145919644588614924e-03 1.003120427339879682e-02 
5.817745887911429745e-04 0.000000000000000000e+00 1.886360030322796694e-03 4.283976517462052477e-03 1.031327680129753323e-02 1.119475345098108407e-02 1.020749960333550838e-02 4.989157837208892630e-03 1.211148916665197479e-02 3.860867725613948299e-03 1.851100964335454860e-03 4.142940253512684273e-03 1.052483119722158640e-02 3.437758933765844554e-03 1.154734411085450371e-02 8.726618831867143100e-03 1.137104878091779389e-02 2.022107434374063525e-02 3.702201928670909394e-04 1.754138532870264111e-02 9.220245755689930947e-03 1.204097103467729156e-02 2.420534880031028138e-02 8.585582567917776631e-03 8.127214710082330401e-03 4.389753715424078197e-03 4.989157837208892630e-03 9.537577349576008973e-03 5.800116354917758503e-03 1.792923505456340411e-02 1.256985702448742102e-02 1.235830262856336959e-02 2.452268039419635767e-02 1.507325070958870361e-02 6.787370202563334197e-03 6.611074872626624375e-03 9.114468557727906095e-03 8.409287237981065075e-03 7.933289847151948470e-04 3.543536131727870707e-03 4.319235583449394095e-03 7.598328720272200069e-03 1.405073779595578456e-02 1.179415757276589677e-02 3.226204537841792681e-03 1.084216279110766269e-02 2.133173492234190834e-03 2.314757682069001898e-02 8.232991908044355253e-03 1.251696842550640860e-03 3.788586640339897116e-02 1.179415757276589677e-02 9.220245755689930947e-03 1.851100964335454860e-03 2.908872943955714656e-03 1.627205895315833248e-02 7.845142182183593993e-03 5.059675969183576733e-03 2.291839289177229793e-04 7.704105918234225789e-03 5.976411684854468324e-03 7.457292456322831865e-03 1.595472735927225272e-02 2.873613877968372605e-03 2.203691624208874503e-03 2.223084110501912652e-02 
1.962167022195581909e-02 1.886360030322796694e-03 0.000000000000000000e+00 2.688503781534827206e-02 9.819649877474745381e-03 6.928406466512702401e-03 6.011670750841809942e-03 6.399520476702572069e-03 6.646333938613965993e-03 3.649313329689896426e-03 8.638471166898788406e-04 1.003120427339879682e-02 3.296722669816476350e-03 1.260511609047476264e-02 1.040142446626588770e-03 2.314757682069001898e-02 5.764857288930416018e-03 1.711827653685453823e-02 1.013698147136082341e-02 1.521428697353807181e-02 1.348659274015831348e-02 2.379986954145584758e-03 3.369003755090527880e-02 1.299296581633552564e-02 9.854908943462086998e-03 1.574317296334819954e-02 1.115949438499374072e-02 6.928406466512702401e-03 9.343652486645628343e-04 7.245738060398780427e-03 7.386774324348147763e-03 4.407383248417749331e-04 2.133173492234190834e-03 2.291839289177229793e-04 7.386774324348147763e-03 1.553161856742414811e-02 2.321809495266470222e-02 5.288859898101299522e-05 7.598328720272200069e-03 1.387444246601907474e-02 3.896126791601290350e-03 1.956878162297480579e-03 1.586657969430389857e-04 2.203691624208874503e-03 5.165453167145602452e-03 1.715353560284188159e-02 1.017224053734816502e-02 2.644429949050649490e-04 1.130053064894310892e-02 5.377007563069653891e-03 2.060892406960139478e-02 4.812862507272181942e-03 1.799975318653808734e-02 9.995945207411455202e-03 1.267563422244944761e-02 2.110255099342418436e-02 4.566049045360788018e-03 7.104701796449412222e-03 3.825608659626606681e-03 1.948063395800645262e-02 7.034183664474728120e-03 1.923382049609505956e-02 5.465155228038009235e-04 1.267563422244944761e-02 1.228778449658868462e-02 3.226204537841792681e-03 
1.216437776563298809e-03 4.283976517462052477e-03 2.688503781534827206e-02 0.000000000000000000e+00 9.361282019639299151e-03 6.258484212753203865e-03 4.671826243322814605e-03 3.120427339879766528e-03 1.066586746117095287e-02 2.873613877968372605e-03 1.463251238474692732e-03 9.343652486645628343e-04 6.082188882816494044e-03 4.460271847398762299e-03 9.149727623715247712e-03 4.283976517462052477e-03 3.473017999753186605e-03 1.884597077023429657e-02 5.905893552879784222e-03 1.288718861837349905e-02 9.396541085626642503e-03 1.639546568411402771e-03 5.482784761031680477e-03 4.812862507272181942e-03 5.235971299120286554e-03 1.581369109532288625e-02 8.656100699892459865e-03 5.094935035170918350e-03 6.082188882816494044e-03 2.291839289177229793e-04 4.425012781411420681e-03 1.498510304462034783e-03 4.037163055550658554e-03 4.848121573259524426e-03 1.591946829328490937e-02 3.873208398709518385e-02 6.170336547784849171e-04 1.181178710575956758e-03 7.139960862436753840e-03 3.473017999753186605e-03 2.367646281050014845e-02 4.213458385487368375e-03 1.251696842550640860e-03 1.762953299367099841e-05 1.165312130881653030e-02 6.928406466512702401e-03 6.893147400525359916e-03 2.556282284082294579e-03 1.020749960333550838e-02 5.465155228038009235e-04 1.218200729862665976e-02 6.223225146765862248e-03 2.979391075930398758e-03 1.110660578601272873e-03 1.234067309556969888e-04 4.142940253512684273e-03 6.258484212753203865e-03 1.780582832360770758e-03 1.063060839518361125e-02 9.696243146519048853e-04 1.639546568411402771e-03 1.322214974525324745e-03 2.097914426246848783e-03 8.620841633905118248e-03 1.745323766373428707e-03 3.014650141917740809e-03 
4.354494649436736579e-03 1.031327680129753323e-02 9.819649877474745381e-03 9.361282019639299151e-03 0.000000000000000000e+00 1.031327680129753323e-02 1.604287502424060720e-03 3.402499867778502503e-03 1.569028436436718885e-03 4.883380639246866044e-03 6.187966080778519763e-03 2.379986954145584758e-03 4.601308111348130503e-03 6.963665532500044018e-03 3.367240801791160452e-03 6.117447948803836529e-03 4.213458385487368375e-03 9.079209491740564478e-03 4.107681187525342656e-03 1.059534932919626964e-02 4.566049045360788018e-03 3.578795197715212324e-03 2.626800416056978681e-03 1.299296581633552564e-02 6.681593004601308478e-03 3.684572395677238477e-03 2.908872943955714656e-03 9.784390811487403763e-03 6.611074872626624375e-03 1.939248629303809825e-04 6.117447948803836529e-03 4.812862507272181942e-03 3.755090527651922579e-03 4.072422121538000171e-03 6.187966080778519763e-03 9.696243146519048853e-04 7.563069654284857585e-03 1.119475345098108407e-02 6.046929816829152426e-03 2.556282284082294579e-03 4.407383248417749331e-04 8.127214710082330401e-03 1.020749960333550838e-02 3.437758933765844554e-03 7.175219928424096325e-03 2.803095745993688503e-03 9.537577349576008973e-03 2.238950690196216554e-03 3.014650141917740809e-03 4.248717451474710860e-03 2.291839289177229793e-04 1.352185180614565510e-02 5.112564568164589809e-04 3.931385857588632834e-03 1.533769370449376834e-03 3.120427339879766528e-03 2.097914426246848783e-03 6.152707014791178146e-03 6.329002344727887967e-03 3.155686405867108579e-03 4.037163055550658554e-03 7.210478994411437942e-03 4.407383248417749331e-04 6.046929816829152426e-03 8.338769106006381840e-03 9.343652486645628343e-04 
1.197045290270260659e-02 1.119475345098108407e-02 6.928406466512702401e-03 6.258484212753203865e-03 1.031327680129753323e-02 0.000000000000000000e+00 4.636567177335472120e-03 1.877545263825961333e-02 5.235971299120286554e-03 2.469897572413306749e-02 1.056009026320892802e-02 3.896126791601290350e-03 2.283024522680394269e-02 1.299296581633552564e-02 1.674805634398744822e-03 6.681593004601308478e-03 5.341748497082312273e-03 3.896126791601290350e-03 9.819649877474745381e-03 5.800116354917758503e-03 1.140630784690513551e-02 1.221726636461400138e-02 1.556687763341149146e-02 1.052483119722158640e-02 2.818962325687992404e-02 1.316926114627223546e-02 1.066586746117095287e-02 2.050314687163937166e-02 1.701249933889251165e-02 7.069442730462069738e-03 2.318283588667736234e-02 1.087742185709500604e-02 1.486169631366465044e-02 1.211148916665197479e-02 3.437758933765844554e-03 8.091955644094988784e-03 4.495530913386104784e-03 1.024275866932284999e-02 7.739364984221568274e-03 2.274209756183558605e-03 2.022107434374063525e-02 1.091268092308234766e-02 1.392733106500008847e-03 5.377007563069653891e-03 3.755090527651922579e-03 7.598328720272200069e-03 3.085168273892424477e-03 2.110255099342418436e-02 1.024275866932284999e-02 2.896532270860145003e-02 3.614054263702554375e-03 5.482784761031680477e-03 1.569028436436718885e-03 1.200571196868994994e-02 2.626800416056978681e-03 1.429755125786717936e-02 6.329002344727887967e-03 3.578795197715212324e-03 4.848121573259524426e-03 6.187966080778519763e-03 5.659080090968390299e-03 5.482784761031680477e-03 1.785871692258872087e-02 1.063060839518361125e-02 8.902914161803854656e-03 1.835234384641150698e-02 
2.133173492234190834e-03 1.020749960333550838e-02 6.011670750841809942e-03 4.671826243322814605e-03 1.604287502424060720e-03 4.636567177335472120e-03 0.000000000000000000e+00 1.137104878091779389e-02 1.292244768436084067e-02 1.003120427339879682e-02 2.027396294272164681e-03 3.649313329689896426e-03 5.729598222943074401e-03 2.626800416056978681e-03 1.147682597887981874e-02 5.941152618867125840e-03 1.112423531900639910e-02 5.271230365107628171e-03 6.223225146765862248e-03 6.681593004601308478e-03 1.992137228284822630e-03 1.745323766373428707e-03 4.037163055550658554e-03 3.578795197715212324e-03 1.073638559314563784e-02 1.161786224282918695e-02 1.172363944079121353e-02 1.070112652715829622e-02 3.331981735803818401e-03 4.283976517462052477e-03 6.928406466512702401e-03 9.925427075436771968e-03 1.586657969430389857e-04 9.467059217601325738e-03 5.694339156955731916e-03 4.425012781411420681e-03 5.024416903196234248e-03 1.586657969430389857e-04 2.908872943955714656e-03 1.034853586728487485e-02 1.066586746117095287e-02 1.145919644588614924e-03 1.091268092308234766e-02 1.838760291239885034e-02 6.540556740651940273e-03 1.498510304462034783e-03 9.713872679512720529e-03 1.108897625301905748e-02 3.578795197715212324e-03 7.457292456322831865e-03 9.537577349576008973e-03 1.320452021225957707e-02 4.354494649436736579e-03 6.329002344727887967e-03 3.614054263702554375e-03 2.521023218094952528e-03 7.351515258360806146e-03 7.104701796449412222e-03 3.331981735803818401e-03 8.797136963841828070e-03 5.518043827019022095e-03 1.528480510551275505e-02 1.292244768436084067e-02 4.001903989563316069e-03 1.045431306524690143e-02 5.094935035170918350e-03 
2.050314687163937166e-02 4.989157837208892630e-03 6.399520476702572069e-03 3.120427339879766528e-03 3.402499867778502503e-03 1.877545263825961333e-02 1.137104878091779389e-02 0.000000000000000000e+00 1.091268092308234766e-02 1.886360030322796694e-03 1.075401512613930822e-03 4.707085309310156222e-03 7.950919380145620580e-03 9.678613613525377177e-03 1.542584136946212325e-02 4.460271847398762299e-03 4.037163055550658554e-03 4.812862507272181942e-03 2.274209756183558605e-03 1.234067309556969888e-04 7.986178446132962197e-03 2.450505086120268860e-03 5.659080090968390299e-03 2.521023218094952528e-03 8.656100699892459865e-03 7.210478994411437942e-03 1.482643724767730882e-02 1.606050455723427930e-02 2.203691624208874503e-03 2.727288754120903505e-02 6.187966080778519763e-03 1.027801773531019161e-02 1.352185180614565510e-02 3.261463603829134732e-03 1.842286197838619369e-02 4.636567177335472120e-03 1.815841898348112809e-03 2.732577614019004834e-03 1.006646333938614017e-02 2.556282284082294579e-03 6.893147400525359916e-03 1.427992172487350898e-03 1.056009026320892802e-02 1.762953299367099841e-05 1.063060839518361125e-02 1.271089328843678923e-02 7.880401248170935610e-03 1.214674823263931815e-02 5.447525695044337993e-03 9.890168009449430350e-03 2.062655360259506732e-03 9.290763887664615917e-03 2.485764152107610477e-03 1.710064700386086873e-03 3.473017999753186605e-03 1.851100964335454860e-03 4.248717451474710860e-03 1.408599686194312792e-02 1.958641115596847920e-02 1.479117818168996720e-02 2.180773231317102365e-02 1.158260317684184533e-02 1.130053064894310892e-02 8.409287237981065075e-03 7.933289847151948470e-04 5.165453167145602452e-03 
2.291839289177229793e-04 1.211148916665197479e-02 6.646333938613965993e-03 1.066586746117095287e-02 1.569028436436718885e-03 5.235971299120286554e-03 1.292244768436084067e-02 1.091268092308234766e-02 0.000000000000000000e+00 4.848121573259524426e-03 2.450505086120268860e-03 4.883380639246866044e-03 3.261463603829134732e-03 2.944132009943056707e-03 4.671826243322814605e-03 4.001903989563316069e-03 5.764857288930416018e-03 3.261463603829134732e-03 8.638471166898788406e-04 2.556282284082294579e-03 9.749131745500062146e-03 7.633587786259541687e-03 3.860867725613948299e-03 2.379986954145584758e-03 2.274209756183558605e-03 4.601308111348130503e-03 7.880401248170935610e-03 8.691359765879801483e-03 1.181178710575956758e-03 1.186467570474058174e-02 4.054792588544329363e-04 2.554519330782927672e-02 7.034183664474728120e-03 5.112564568164589809e-04 6.928406466512702401e-03 8.338769106006381840e-03 2.027396294272164681e-03 1.674805634398744822e-03 7.069442730462069738e-03 1.299296581633552564e-02 2.732577614019004834e-03 4.054792588544329363e-04 8.991061826772208916e-04 8.656100699892459865e-03 1.063060839518361125e-02 2.274209756183558605e-03 1.034853586728487485e-02 7.422033390335490248e-03 8.285880507025368980e-04 8.991061826772208916e-04 9.220245755689930947e-03 8.867655095816511304e-03 9.431800151613984121e-03 4.707085309310156222e-03 5.306489431094970656e-03 1.569028436436718885e-03 9.995945207411455202e-03 4.213458385487368375e-03 8.338769106006381840e-03 5.130194101158259967e-03 2.450505086120268860e-03 1.546110043544946487e-02 8.197732842057013636e-03 1.533769370449376834e-03 1.288718861837349905e-02 7.228108527405108534e-04 
1.450910565379123079e-02 3.860867725613948299e-03 3.649313329689896426e-03 2.873613877968372605e-03 4.883380639246866044e-03 2.469897572413306749e-02 1.003120427339879682e-02 1.886360030322796694e-03 4.848121573259524426e-03 0.000000000000000000e+00 2.450505086120268860e-03 3.155686405867108579e-03 2.554519330782927672e-02 7.457292456322831865e-03 3.931385857588632834e-03 1.443858752181654756e-02 1.204097103467729156e-02 5.817745887911429745e-04 7.034183664474728120e-03 5.694339156955731916e-03 2.997020608924069458e-04 1.048957213123424305e-02 1.662464961303175212e-02 7.492551522310174350e-03 2.644429949050649490e-04 1.123001251696842569e-02 1.256985702448742102e-02 1.426229219187983774e-02 4.883380639246866044e-03 1.745323766373428707e-03 8.620841633905118248e-03 1.186467570474058174e-02 3.261463603829134732e-03 5.588561958993706197e-03 5.905893552879784222e-03 1.465014191774059900e-02 4.054792588544329363e-04 1.780582832360770758e-03 1.704775840487985500e-02 1.181178710575956758e-03 1.189993477072792336e-02 2.979391075930398758e-03 1.433281032385452097e-02 8.303510040019040223e-03 3.684572395677238477e-03 1.747086719672795788e-02 1.251696842550640860e-03 1.151208504486716210e-02 1.038379493327221820e-02 9.467059217601325738e-03 7.774624050208909891e-03 6.875517867531689108e-04 8.285880507025368980e-04 9.114468557727906095e-03 4.848121573259524426e-03 1.623679988717098913e-02 9.114468557727906095e-03 1.465014191774059900e-02 1.013698147136082341e-02 5.800116354917758503e-03 1.588420922729756948e-02 1.348659274015831348e-02 2.141988258731026065e-02 4.248717451474710860e-03 2.732577614019004834e-03 5.059675969183576733e-03 
4.460271847398762299e-03 1.851100964335454860e-03 8.638471166898788406e-04 1.463251238474692732e-03 6.187966080778519763e-03 1.056009026320892802e-02 2.027396294272164681e-03 1.075401512613930822e-03 2.450505086120268860e-03 2.450505086120268860e-03 0.000000000000000000e+00 1.493221444563933541e-02 6.170336547784849171e-04 1.919856143010771621e-02 2.062655360259506732e-03 1.286955908537982911e-03 1.234067309556969888e-04 9.467059217601325738e-03 7.175219928424096325e-03 4.495530913386104784e-03 1.292244768436084067e-02 1.234067309556969888e-04 2.873613877968372605e-03 4.812862507272181942e-03 2.908872943955714656e-03 1.323977927824691869e-02 7.069442730462069738e-03 1.427992172487350898e-03 4.707085309310156222e-03 2.027396294272164681e-03 1.216437776563298809e-03 5.059675969183576733e-03 1.674805634398744822e-03 2.626800416056978681e-03 8.991061826772208916e-04 2.485764152107610477e-03 1.419177405990515277e-02 7.580699187278529044e-04 6.117447948803836529e-03 6.998924598487385636e-03 1.322214974525324745e-03 5.659080090968390299e-03 2.415246020132926809e-03 1.056009026320892802e-02 6.329002344727887967e-03 1.091268092308234766e-02 4.248717451474710860e-03 2.274209756183558605e-03 8.232991908044355253e-03 8.656100699892459865e-03 6.787370202563334197e-03 3.473017999753186605e-03 1.780582832360770758e-03 3.473017999753186605e-03 5.870634486892442605e-03 1.392733106500008847e-03 6.752111136575991712e-03 2.062655360259506732e-03 3.614054263702554375e-03 2.767836680006346452e-03 1.762953299367099841e-05 2.997020608924069458e-04 3.014650141917740809e-03 2.291839289177229793e-04 1.181178710575956758e-03 5.377007563069653891e-03 
8.638471166898788406e-04 4.142940253512684273e-03 1.003120427339879682e-02 9.343652486645628343e-04 2.379986954145584758e-03 3.896126791601290350e-03 3.649313329689896426e-03 4.707085309310156222e-03 4.883380639246866044e-03 3.155686405867108579e-03 1.493221444563933541e-02 0.000000000000000000e+00 4.407383248417749331e-04 6.011670750841809942e-03 6.170336547784849171e-04 6.611074872626624375e-03 2.344727888158242707e-03 9.467059217601325738e-03 3.755090527651922579e-03 3.085168273892424477e-03 2.450505086120268860e-03 1.450910565379123079e-02 1.320452021225957707e-02 1.845812104437353357e-02 1.427992172487350898e-03 2.203691624208874503e-03 6.293743278740546350e-03 4.178199319500026758e-03 1.921619096310138745e-03 8.338769106006381840e-03 2.194876857712039359e-02 1.771768065863935093e-02 1.450910565379123079e-02 2.168432558221532885e-03 2.238950690196216554e-03 9.290763887664615917e-03 3.402499867778502503e-03 1.921619096310138745e-03 9.572836415563352325e-03 5.112564568164589809e-04 5.553302893006364579e-03 1.306348394831020887e-02 7.580699187278529044e-04 1.010172240537348179e-02 1.380392433404439151e-02 1.094793998906968928e-02 9.572836415563352325e-03 1.570791389736085966e-02 6.170336547784849171e-04 1.694198120691782841e-02 1.299296581633552564e-02 1.119475345098108407e-02 4.037163055550658554e-03 9.854908943462086998e-03 4.566049045360788018e-03 1.674805634398744822e-03 1.921619096310138745e-03 2.979391075930398758e-03 2.097914426246848783e-03 5.694339156955731916e-03 2.697318548031662783e-03 9.290763887664615917e-03 4.530789979373446401e-03 1.151208504486716210e-02 7.668846852246884171e-03 9.925427075436771968e-03 
1.063060839518361125e-02 1.052483119722158640e-02 3.296722669816476350e-03 6.082188882816494044e-03 4.601308111348130503e-03 2.283024522680394269e-02 5.729598222943074401e-03 7.950919380145620580e-03 3.261463603829134732e-03 2.554519330782927672e-02 6.170336547784849171e-04 4.407383248417749331e-04 0.000000000000000000e+00 1.278141142041147246e-02 8.021437512120303814e-03 7.704105918234225789e-03 8.902914161803854656e-03 1.926907956208239944e-02 7.580699187278529044e-04 2.644429949050649490e-04 8.585582567917776631e-03 1.785871692258872087e-02 9.502318283588667355e-03 1.197045290270260659e-02 1.919856143010771621e-02 1.588420922729756948e-02 9.784390811487403763e-03 2.646192902350016918e-02 1.027801773531019161e-02 1.651887241506972553e-02 1.110660578601272873e-03 3.349611268797489426e-04 1.278141142041147246e-02 1.313400208028489384e-02 2.379986954145584758e-03 4.425012781411420681e-03 2.168432558221532885e-03 7.457292456322831865e-03 1.560213669939883308e-02 3.190945471854450630e-03 5.976411684854468324e-03 2.110255099342418436e-02 2.639141089152548247e-02 2.838354811981030554e-03 1.193519383671526497e-02 4.425012781411420681e-03 1.334555647620894528e-02 8.479805369955750044e-03 1.569028436436718885e-03 1.757664439468998446e-02 1.251696842550640860e-03 9.343652486645628343e-04 4.530789979373446401e-03 6.187966080778519763e-03 3.120427339879766528e-03 1.091268092308234766e-02 7.704105918234225789e-03 2.120832819138621095e-02 1.588420922729756948e-02 1.859915730832290351e-02 2.582726583572801313e-02 5.341748497082312273e-03 9.819649877474745381e-03 6.187966080778519763e-03 5.235971299120286554e-03 3.755090527651922579e-03 
8.515064435943091661e-03 3.437758933765844554e-03 1.260511609047476264e-02 4.460271847398762299e-03 6.963665532500044018e-03 1.299296581633552564e-02 2.626800416056978681e-03 9.678613613525377177e-03 2.944132009943056707e-03 7.457292456322831865e-03 1.919856143010771621e-02 6.011670750841809942e-03 1.278141142041147246e-02 0.000000000000000000e+00 4.425012781411420681e-03 1.327503834423426204e-02 2.133173492234190834e-03 8.656100699892459865e-03 4.636567177335472120e-03 7.633587786259541687e-03 5.518043827019022095e-03 9.960686141424113585e-03 1.493221444563933541e-02 1.951589302399379597e-02 5.377007563069653891e-03 1.651887241506972553e-02 6.893147400525359916e-03 9.890168009449430350e-03 2.450505086120268860e-03 9.467059217601325738e-03 2.424060786629762126e-02 1.084216279110766269e-02 2.000951994781658208e-02 8.021437512120303814e-03 3.825608659626606681e-03 1.503799164360136026e-02 7.316256192373463661e-03 3.349611268797489426e-04 3.296722669816476350e-03 3.684572395677238477e-03 5.200712233132944069e-03 1.500273257761401864e-02 1.710064700386086873e-03 1.013698147136082341e-02 1.038379493327221820e-02 6.046929816829152426e-03 6.434779542689914554e-03 2.187825044514570688e-02 2.274209756183558605e-03 1.778819879061403764e-02 1.613102268920896254e-02 1.338081554219628690e-02 9.502318283588667355e-03 1.045431306524690143e-02 2.662059482044320732e-03 1.175889850677855515e-02 1.181178710575956758e-03 4.636567177335472120e-03 4.283976517462052477e-03 3.226204537841792681e-03 1.286955908537982911e-03 6.522927207658268597e-04 1.489695537965199379e-02 3.719831461664580528e-03 1.066586746117095287e-02 8.162473776069672018e-03 
5.588561958993706197e-03 1.154734411085450371e-02 1.040142446626588770e-03 9.149727623715247712e-03 3.367240801791160452e-03 1.674805634398744822e-03 1.147682597887981874e-02 1.542584136946212325e-02 4.671826243322814605e-03 3.931385857588632834e-03 2.062655360259506732e-03 6.170336547784849171e-04 8.021437512120303814e-03 4.425012781411420681e-03 0.000000000000000000e+00 1.498510304462034783e-03 1.408599686194312792e-02 4.636567177335472120e-03 1.151208504486716210e-02 4.601308111348130503e-03 1.295770675034818402e-02 1.274615235442413085e-02 1.278141142041147246e-02 5.165453167145602452e-03 8.285880507025368980e-04 9.572836415563352325e-03 3.614054263702554375e-03 1.235830262856336959e-02 3.349611268797489426e-04 6.787370202563334197e-03 1.521428697353807181e-02 1.084216279110766269e-02 8.726618831867143100e-03 5.694339156955731916e-03 2.177247324718368376e-02 4.953898771221550146e-03 7.986178446132962197e-03 7.598328720272200069e-03 6.875517867531689108e-04 3.226204537841792681e-03 5.112564568164589809e-04 2.732577614019004834e-03 1.003120427339879682e-02 1.394496059799375971e-02 7.034183664474728120e-03 5.817745887911429745e-04 6.011670750841809942e-03 4.848121573259524426e-03 1.479117818168996720e-02 7.228108527405108534e-04 9.643354547538035559e-03 3.155686405867108579e-03 5.412266629056996375e-03 3.120427339879766528e-03 6.575815806639281891e-03 8.638471166898788406e-04 9.079209491740564478e-03 8.814766496835499203e-05 1.563739576538617643e-02 4.072422121538000171e-03 1.694198120691782841e-02 1.398021966398110133e-02 2.379986954145584758e-03 9.008691359765879508e-03 1.616628175519630589e-02 5.235971299120286554e-03 
7.316256192373463661e-03 8.726618831867143100e-03 2.314757682069001898e-02 4.283976517462052477e-03 6.117447948803836529e-03 6.681593004601308478e-03 5.941152618867125840e-03 4.460271847398762299e-03 4.001903989563316069e-03 1.443858752181654756e-02 1.286955908537982911e-03 6.611074872626624375e-03 7.704105918234225789e-03 1.327503834423426204e-02 1.498510304462034783e-03 0.000000000000000000e+00 4.671826243322814605e-03 1.609576362322161919e-02 7.915660314158277228e-03 9.220245755689930947e-03 2.697318548031662783e-03 8.832396029829169687e-03 1.112423531900639910e-02 1.181178710575956758e-03 8.585582567917776631e-03 7.809883116196252376e-03 2.662059482044320732e-03 4.178199319500026758e-03 2.097914426246848783e-03 3.402499867778502503e-03 1.123001251696842569e-02 5.271230365107628171e-03 2.944132009943056707e-03 1.214674823263931815e-02 7.139960862436753840e-03 1.775293972462669428e-02 1.338081554219628690e-02 1.145919644588614924e-03 1.197045290270260659e-02 5.112564568164589809e-04 6.187966080778519763e-03 1.815841898348112809e-03 3.437758933765844554e-03 6.399520476702572069e-03 1.944537489201910926e-02 3.860867725613948299e-03 2.120832819138621095e-02 9.184986689702589330e-03 8.021437512120303814e-03 1.852863917634821680e-02 1.676568587698111859e-02 6.046929816829152426e-03 1.077164465913297946e-02 1.408599686194312792e-02 5.588561958993706197e-03 1.639546568411402771e-03 3.790349593639264630e-03 2.697318548031662783e-03 1.863441637431024339e-02 5.817745887911429745e-04 5.729598222943074401e-03 4.213458385487368375e-03 1.387444246601907474e-02 1.246407982652539617e-02 1.322214974525324745e-03 1.933959769405708615e-02 
4.001903989563316069e-03 1.137104878091779389e-02 5.764857288930416018e-03 3.473017999753186605e-03 4.213458385487368375e-03 5.341748497082312273e-03 1.112423531900639910e-02 4.037163055550658554e-03 5.764857288930416018e-03 1.204097103467729156e-02 1.234067309556969888e-04 2.344727888158242707e-03 8.902914161803854656e-03 2.133173492234190834e-03 1.408599686194312792e-02 4.671826243322814605e-03 0.000000000000000000e+00 1.197045290270260659e-02 1.048957213123424305e-02 1.762953299367099841e-05 8.550323501930433279e-03 5.059675969183576733e-03 1.040142446626588770e-03 6.170336547784849171e-04 1.902226610017100639e-02 3.649313329689896426e-03 1.630731801914567236e-02 2.420534880031028138e-02 2.415246020132926809e-03 2.662059482044320732e-03 6.293743278740546350e-03 1.221726636461400138e-02 7.245738060398780427e-03 2.871850924669005350e-02 1.073638559314563784e-02 5.729598222943074401e-03 9.643354547538035559e-03 2.979391075930398758e-03 3.755090527651922579e-03 1.110660578601272873e-03 1.859915730832290351e-02 1.569028436436718885e-03 1.373340620206970654e-02 2.117306912539886760e-02 4.460271847398762299e-03 2.873613877968372605e-03 2.697318548031662783e-03 9.890168009449430350e-03 3.684572395677238477e-03 4.495530913386104784e-03 4.601308111348130503e-03 5.447525695044337993e-03 6.434779542689914554e-03 1.140630784690513551e-02 6.875517867531689108e-04 5.112564568164589809e-04 1.216437776563298809e-03 7.845142182183593993e-03 7.739364984221568274e-03 1.091268092308234766e-02 6.963665532500044018e-03 1.239356169455071120e-02 2.466371665814572414e-02 9.114468557727906095e-03 1.010172240537348179e-02 9.854908943462086998e-03 
1.390970153200641636e-02 2.022107434374063525e-02 1.711827653685453823e-02 1.884597077023429657e-02 9.079209491740564478e-03 3.896126791601290350e-03 5.271230365107628171e-03 4.812862507272181942e-03 3.261463603829134732e-03 5.817745887911429745e-04 9.467059217601325738e-03 9.467059217601325738e-03 1.926907956208239944e-02 8.656100699892459865e-03 4.636567177335472120e-03 1.609576362322161919e-02 1.197045290270260659e-02 0.000000000000000000e+00 6.752111136575991712e-03 1.179415757276589677e-02 5.306489431094970656e-03 2.610933836362674607e-02 1.877545263825961333e-02 3.577032244415845330e-02 8.902914161803854656e-03 5.870634486892442605e-03 2.097914426246848783e-03 6.046929816829152426e-03 8.127214710082330401e-03 1.736508999876593129e-02 2.325335401865204557e-02 1.017224053734816502e-02 1.923382049609505956e-02 8.585582567917776631e-03 1.408599686194312792e-02 1.604287502424060720e-03 1.877545263825961333e-02 2.556282284082294579e-03 8.726618831867143100e-03 1.147682597887981874e-02 8.902914161803854656e-03 2.201928670909507682e-02 1.197045290270260659e-02 6.170336547784849171e-04 4.389753715424078197e-03 6.258484212753203865e-03 5.130194101158259967e-03 2.120832819138621095e-02 5.024416903196234248e-03 1.704775840487985500e-02 1.729457186679124805e-02 6.187966080778519763e-03 5.447525695044337993e-03 1.161786224282918695e-02 1.172363944079121353e-02 2.415246020132926809e-03 8.620841633905118248e-03 1.877545263825961333e-02 1.251696842550640860e-03 1.147682597887981874e-02 1.345133367417097187e-02 2.117306912539886760e-02 2.434638506425964785e-02 9.149727623715247712e-03 2.194876857712039359e-02 2.938843150044955291e-02 
1.145919644588614924e-03 3.702201928670909394e-04 1.013698147136082341e-02 5.905893552879784222e-03 4.107681187525342656e-03 9.819649877474745381e-03 6.223225146765862248e-03 2.274209756183558605e-03 8.638471166898788406e-04 7.034183664474728120e-03 7.175219928424096325e-03 3.755090527651922579e-03 7.580699187278529044e-04 4.636567177335472120e-03 1.151208504486716210e-02 7.915660314158277228e-03 1.048957213123424305e-02 6.752111136575991712e-03 0.000000000000000000e+00 5.112564568164589809e-04 2.097914426246848783e-03 1.004883380639246936e-03 1.239356169455071120e-02 1.161786224282918695e-02 7.915660314158277228e-03 1.533769370449376834e-03 2.379986954145584758e-03 7.633587786259541687e-03 1.745323766373428707e-03 1.216437776563298809e-03 8.585582567917776631e-03 9.343652486645628343e-04 6.329002344727887967e-03 2.697318548031662783e-03 1.045431306524690143e-02 1.189993477072792336e-02 3.296722669816476350e-03 2.521023218094952528e-03 1.073638559314563784e-02 5.694339156955731916e-03 5.288859898101299522e-05 6.752111136575991712e-03 8.991061826772208916e-04 1.517902790755072846e-02 1.651887241506972553e-02 8.338769106006381840e-03 1.179415757276589677e-02 8.656100699892459865e-03 6.575815806639281891e-03 5.588561958993706197e-03 3.614054263702554375e-03 1.419177405990515277e-02 1.066586746117095287e-02 5.800116354917758503e-03 3.085168273892424477e-03 1.503799164360136026e-02 4.530789979373446401e-03 3.896126791601290350e-03 1.189993477072792336e-02 2.450505086120268860e-03 1.216437776563298809e-03 4.601308111348130503e-03 3.014650141917740809e-03 6.364261410715230452e-03 8.991061826772208916e-04 2.415246020132926809e-03 
3.349611268797489426e-04 1.754138532870264111e-02 1.521428697353807181e-02 1.288718861837349905e-02 1.059534932919626964e-02 5.800116354917758503e-03 6.681593004601308478e-03 1.234067309556969888e-04 2.556282284082294579e-03 5.694339156955731916e-03 4.495530913386104784e-03 3.085168273892424477e-03 2.644429949050649490e-04 7.633587786259541687e-03 4.601308111348130503e-03 9.220245755689930947e-03 1.762953299367099841e-05 1.179415757276589677e-02 5.112564568164589809e-04 0.000000000000000000e+00 6.399520476702572069e-03 1.232304356257602797e-02 3.614054263702554375e-03 1.937485676004442603e-02 3.931385857588632834e-03 4.407383248417749331e-04 1.234067309556969888e-04 3.578795197715212324e-03 1.027801773531019161e-02 4.142940253512684273e-03 1.075401512613930822e-03 4.566049045360788018e-03 4.319235583449394095e-03 6.875517867531689108e-04 2.309468822170900656e-03 3.331981735803818401e-03 8.902914161803854656e-03 1.004883380639246936e-03 1.762953299367099841e-05 3.649313329689896426e-03 1.091268092308234766e-02 6.522927207658268597e-04 1.207623010066463318e-02 1.027801773531019161e-02 2.156091885125963059e-02 7.316256192373463661e-03 1.888122983622163992e-02 6.875517867531689108e-04 1.101845812104437425e-02 3.719831461664580528e-03 6.434779542689914554e-03 5.764857288930416018e-03 1.098319905505703090e-02 3.860867725613948299e-03 1.165312130881653030e-02 9.467059217601325738e-03 1.482643724767730882e-02 7.139960862436753840e-03 3.896126791601290350e-03 1.639546568411402771e-03 3.049909207905082426e-03 1.331029741022160366e-02 5.729598222943074401e-03 5.341748497082312273e-03 1.498510304462034783e-03 3.649313329689896426e-03 
6.857888334538018299e-03 9.220245755689930947e-03 1.348659274015831348e-02 9.396541085626642503e-03 4.566049045360788018e-03 1.140630784690513551e-02 1.992137228284822630e-03 7.986178446132962197e-03 9.749131745500062146e-03 2.997020608924069458e-04 1.292244768436084067e-02 2.450505086120268860e-03 8.585582567917776631e-03 5.518043827019022095e-03 1.295770675034818402e-02 2.697318548031662783e-03 8.550323501930433279e-03 5.306489431094970656e-03 2.097914426246848783e-03 6.399520476702572069e-03 0.000000000000000000e+00 3.473017999753186605e-03 3.473017999753186605e-03 1.040142446626588770e-03 8.902914161803854656e-03 1.429755125786717936e-02 1.235830262856336959e-02 8.938173227791196274e-03 5.059675969183576733e-03 6.505297674664597789e-03 6.875517867531689108e-04 1.216437776563298809e-03 4.283976517462052477e-03 8.814766496835499203e-05 4.142940253512684273e-03 2.420534880031028138e-02 4.054792588544329363e-04 3.790349593639264630e-03 1.234067309556969888e-04 8.638471166898788406e-04 1.172363944079121353e-02 5.482784761031680477e-03 2.485764152107610477e-03 3.261463603829134732e-03 4.213458385487368375e-03 3.649313329689896426e-03 1.392733106500008847e-03 5.553302893006364579e-03 1.357474040512666796e-03 3.226204537841792681e-03 9.502318283588667355e-03 1.851100964335454860e-03 6.611074872626624375e-03 1.498510304462034783e-03 3.614054263702554375e-03 1.322214974525324745e-03 3.155686405867108579e-03 7.280997126386122044e-03 3.049909207905082426e-03 8.197732842057013636e-03 1.380392433404439151e-02 1.851100964335454860e-03 9.572836415563352325e-03 1.059534932919626964e-02 3.049909207905082426e-03 6.611074872626624375e-03 
1.295770675034818402e-02 1.204097103467729156e-02 2.379986954145584758e-03 1.639546568411402771e-03 3.578795197715212324e-03 1.221726636461400138e-02 1.745323766373428707e-03 2.450505086120268860e-03 7.633587786259541687e-03 1.048957213123424305e-02 1.234067309556969888e-04 1.450910565379123079e-02 1.785871692258872087e-02 9.960686141424113585e-03 1.274615235442413085e-02 8.832396029829169687e-03 5.059675969183576733e-03 2.610933836362674607e-02 1.004883380639246936e-03 1.232304356257602797e-02 3.473017999753186605e-03 0.000000000000000000e+00 5.800116354917758503e-03 9.784390811487403763e-03 1.286955908537982911e-03 5.800116354917758503e-03 1.851100964335454860e-03 1.013698147136082341e-02 1.639546568411402771e-03 1.341607460818362851e-02 1.729457186679124805e-02 1.392733106500008847e-03 1.532006417150009667e-02 3.261463603829134732e-03 1.606050455723427930e-02 3.649313329689896426e-03 4.178199319500026758e-03 2.838354811981030554e-03 7.633587786259541687e-03 8.814766496835499203e-05 9.467059217601325738e-03 1.532006417150009667e-02 1.674805634398744822e-03 1.586657969430389857e-04 5.271230365107628171e-03 4.759973908291169299e-04 1.278141142041147246e-02 1.130053064894310892e-02 1.063060839518361125e-02 9.572836415563352325e-03 1.921619096310138745e-03 8.973432293778537891e-03 9.678613613525377177e-03 6.857888334538018299e-03 6.681593004601308478e-03 5.800116354917758503e-03 5.306489431094970656e-03 7.527810588297515967e-03 1.863441637431024339e-02 1.673042681099377524e-02 2.275972709482925946e-02 1.426229219187983774e-02 1.764716252666466770e-02 1.253459795850007941e-02 1.059534932919626964e-02 1.380392433404439151e-02 
6.505297674664597789e-03 2.420534880031028138e-02 3.369003755090527880e-02 5.482784761031680477e-03 2.626800416056978681e-03 1.556687763341149146e-02 4.037163055550658554e-03 5.659080090968390299e-03 3.860867725613948299e-03 1.662464961303175212e-02 2.873613877968372605e-03 1.320452021225957707e-02 9.502318283588667355e-03 1.493221444563933541e-02 1.278141142041147246e-02 1.112423531900639910e-02 1.040142446626588770e-03 1.877545263825961333e-02 1.239356169455071120e-02 3.614054263702554375e-03 3.473017999753186605e-03 5.800116354917758503e-03 0.000000000000000000e+00 2.838354811981030554e-03 1.056009026320892802e-02 9.643354547538035559e-03 3.543536131727870707e-03 9.960686141424113585e-03 1.073638559314563784e-02 2.309468822170900656e-03 1.320452021225957707e-02 3.860867725613948299e-03 3.473017999753186605e-03 9.043950425753221126e-03 2.997020608924069458e-04 1.292244768436084067e-02 1.172363944079121353e-02 3.120427339879766528e-03 1.080690372512032107e-02 1.373340620206970654e-02 1.463251238474692732e-03 7.351515258360806146e-03 4.407383248417749331e-04 1.130053064894310892e-02 2.882428644465208009e-02 4.072422121538000171e-03 3.196234331752551699e-02 1.475591911570262559e-02 6.470038608677256171e-03 1.465014191774059900e-02 2.011529714577860867e-02 1.680094494296846194e-02 1.380392433404439151e-02 7.069442730462069738e-03 7.563069654284857585e-03 9.343652486645628343e-04 4.319235583449394095e-03 1.569028436436718885e-03 2.286550429279128258e-02 1.851100964335454860e-03 1.145919644588614924e-03 6.540556740651940273e-03 1.175889850677855515e-02 7.704105918234225789e-03 2.873613877968372605e-03 5.905893552879784222e-03 
3.543536131727870707e-03 8.585582567917776631e-03 1.299296581633552564e-02 4.812862507272181942e-03 1.299296581633552564e-02 1.052483119722158640e-02 3.578795197715212324e-03 2.521023218094952528e-03 2.379986954145584758e-03 7.492551522310174350e-03 4.812862507272181942e-03 1.845812104437353357e-02 1.197045290270260659e-02 1.951589302399379597e-02 5.165453167145602452e-03 1.181178710575956758e-03 6.170336547784849171e-04 3.577032244415845330e-02 1.161786224282918695e-02 1.937485676004442603e-02 1.040142446626588770e-03 9.784390811487403763e-03 2.838354811981030554e-03 0.000000000000000000e+00 5.482784761031680477e-03 8.479805369955750044e-03 6.611074872626624375e-03 5.377007563069653891e-03 4.566049045360788018e-03 4.883380639246866044e-03 1.253459795850007941e-02 8.444546303968408427e-03 7.598328720272200069e-03 7.580699187278529044e-04 9.643354547538035559e-03 1.274615235442413085e-02 8.726618831867143100e-03 5.200712233132944069e-03 7.316256192373463661e-03 2.062655360259506732e-03 5.288859898101299522e-05 4.001903989563316069e-03 8.550323501930433279e-03 5.623821024981048682e-03 1.768242159265201105e-02 1.939248629303809825e-04 2.395853533839888486e-02 9.713872679512720529e-03 1.112423531900639910e-02 5.306489431094970656e-03 5.482784761031680477e-03 7.034183664474728120e-03 6.857888334538018299e-03 8.338769106006381840e-03 9.396541085626642503e-03 3.120427339879766528e-03 4.037163055550658554e-03 5.094935035170918350e-03 2.268920896285457275e-02 5.817745887911429745e-04 2.979391075930398758e-03 8.726618831867143100e-03 1.355711087213299672e-02 8.162473776069672018e-03 9.696243146519048853e-04 8.656100699892459865e-03 
