0.000000000000000000e+00 0.000000000000000000e+00 1.024500000000000000e+03 0.000000000000000000e+00 0.000000000000000000e+00 5.100000000000000000e+02 6.185000000000000000e+02 7.576065000000000000e+05 8.484500000000000000e+03 1.782500000000000000e+03 4.935500000000000000e+03 1.815100000000000000e+04 0.000000000000000000e+00 5.585000000000000000e+02 1.117006500000000000e+06 0.000000000000000000e+00 5.155000000000000000e+02 1.326550000000000000e+04 9.928500000000000000e+03 3.323750000000000000e+04 0.000000000000000000e+00 3.881250000000000000e+04 0.000000000000000000e+00 2.893050000000000000e+04 2.063500000000000000e+03 2.000000000000000000e+02 9.695500000000000000e+03 1.721000000000000000e+03 1.240400000000000000e+04 1.187499000000000000e+06 5.129660000000000000e+05 1.387500000000000000e+03 1.003450000000000000e+04 0.000000000000000000e+00 0.000000000000000000e+00 0.000000000000000000e+00 0.000000000000000000e+00 0.000000000000000000e+00 0.000000000000000000e+00 0.000000000000000000e+00 3.215000000000000000e+02 0.000000000000000000e+00 8.440000000000000000e+02 0.000000000000000000e+00 0.000000000000000000e+00 0.000000000000000000e+00 0.000000000000000000e+00 0.000000000000000000e+00 0.000000000000000000e+00 0.000000000000000000e+00 0.000000000000000000e+00 0.000000000000000000e+00 0.000000000000000000e+00 0.000000000000000000e+00 3.465000000000000000e+02 0.000000000000000000e+00 0.000000000000000000e+00 1.601000000000000000e+03 0.000000000000000000e+00 0.000000000000000000e+00 3.285000000000000000e+02 4.824000000000000000e+03 4.010000000000000000e+02 0.000000000000000000e+00 0.000000000000000000e+00 0.000000000000000000e+00 
0.000000000000000000e+00 0.000000000000000000e+00 5.042500000000000000e+03 1.900000000000000000e+03 3.235000000000000000e+02 3.397500000000000000e+03 2.790000000000000000e+02 2.242000000000000000e+03 6.565000000000000000e+02 7.068800000000000000e+04 3.465000000000000000e+02 1.041050000000000000e+04 2.922500000000000000e+03 1.077300000000000000e+04 1.201500000000000000e+03 1.377065000000000000e+05 0.000000000000000000e+00 9.498000000000000000e+03 6.265000000000000000e+02 5.440500000000000000e+03 7.840000000000000000e+02 1.306100000000000000e+04 7.578345000000000000e+05 4.751000000000000000e+03 2.716275000000000000e+05 4.575200000000000000e+05 5.644400000000000000e+04 2.128950500000000000e+06 2.200400000000000000e+04 1.433000000000000000e+03 6.930000000000000000e+02 2.053000000000000000e+03 0.000000000000000000e+00 0.000000000000000000e+00 6.570805000000000000e+05 6.733500000000000000e+03 3.095000000000000000e+02 0.000000000000000000e+00 2.350500000000000000e+03 2.170000000000000000e+02 1.126500000000000000e+03 1.995000000000000000e+02 1.251600000000000000e+04 2.835000000000000000e+02 1.476500000000000000e+03 4.970000000000000000e+02 2.386250000000000000e+04 5.085000000000000000e+02 3.328450000000000000e+04 0.000000000000000000e+00 5.134000000000000000e+03 0.000000000000000000e+00 1.932000000000000000e+03 0.000000000000000000e+00 1.620000000000000000e+03 9.688650000000000000e+04 4.753500000000000000e+03 4.402300000000000000e+04 2.290210000000000000e+05 3.849050000000000000e+04 1.503202500000000000e+06 4.735500000000000000e+03 9.330000000000000000e+02 3.995000000000000000e+02 2.760000000000000000e+02 0.000000000000000000e+00 
1.024500000000000000e+03 5.042500000000000000e+03 0.000000000000000000e+00 0.000000000000000000e+00 0.000000000000000000e+00 9.035000000000000000e+02 3.165500000000000000e+03 1.190250000000000000e+05 1.107200000000000000e+04 0.000000000000000000e+00 2.200500000000000000e+04 2.519500000000000000e+03 0.000000000000000000e+00 7.755000000000000000e+02 2.170100000000000000e+04 1.728500000000000000e+03 2.290000000000000000e+02 1.402299000000000000e+06 2.051000000000000000e+03 1.679805000000000000e+05 0.000000000000000000e+00 3.839550000000000000e+04 4.685000000000000000e+02 1.813082500000000000e+06 7.560000000000000000e+02 4.820000000000000000e+02 1.854526000000000000e+06 2.332785500000000000e+06 4.655450000000000000e+04 7.125000000000000000e+03 1.277050000000000000e+04 4.030000000000000000e+02 0.000000000000000000e+00 2.935000000000000000e+02 5.598000000000000000e+03 2.094350000000000000e+04 0.000000000000000000e+00 0.000000000000000000e+00 2.630000000000000000e+02 0.000000000000000000e+00 1.319500000000000000e+03 0.000000000000000000e+00 0.000000000000000000e+00 0.000000000000000000e+00 0.000000000000000000e+00 0.000000000000000000e+00 3.540000000000000000e+02 1.063500000000000000e+03 2.315500000000000000e+03 0.000000000000000000e+00 1.244800000000000000e+04 0.000000000000000000e+00 3.042000000000000000e+03 0.000000000000000000e+00 2.080500000000000000e+03 1.695000000000000000e+03 1.935950000000000000e+04 1.755000000000000000e+03 3.485000000000000000e+02 7.088550000000000000e+04 2.983540000000000000e+05 2.805000000000000000e+03 3.915000000000000000e+02 7.745000000000000000e+02 0.000000000000000000e+00 0.000000000000000000e+00 
0.000000000000000000e+00 1.900000000000000000e+03 0.000000000000000000e+00 0.000000000000000000e+00 6.319500000000000000e+03 2.390000000000000000e+02 5.268350000000000000e+04 3.107000000000000000e+03 1.017800000000000000e+04 1.085415000000000000e+05 3.822180000000000000e+05 1.136500000000000000e+03 6.411590000000000000e+05 0.000000000000000000e+00 1.074700000000000000e+04 0.000000000000000000e+00 1.190350000000000000e+04 0.000000000000000000e+00 3.045000000000000000e+02 3.245000000000000000e+02 1.031257500000000000e+06 0.000000000000000000e+00 4.252500000000000000e+03 0.000000000000000000e+00 1.037142000000000000e+06 1.806500000000000000e+03 1.348000000000000000e+03 2.318500000000000000e+03 7.563755000000000000e+05 4.790000000000000000e+03 0.000000000000000000e+00 3.128000000000000000e+03 0.000000000000000000e+00 0.000000000000000000e+00 2.328000000000000000e+03 0.000000000000000000e+00 4.337140000000000000e+05 0.000000000000000000e+00 0.000000000000000000e+00 2.920500000000000000e+03 8.118500000000000000e+03 1.112000000000000000e+03 5.671650000000000000e+04 9.569450000000000000e+04 9.555000000000000000e+02 1.948335000000000000e+05 6.245000000000000000e+02 1.048500000000000000e+03 0.000000000000000000e+00 3.225000000000000000e+02 0.000000000000000000e+00 0.000000000000000000e+00 0.000000000000000000e+00 6.466150000000000000e+04 0.000000000000000000e+00 2.780000000000000000e+03 0.000000000000000000e+00 2.928915000000000000e+05 2.332000000000000000e+03 5.170000000000000000e+02 2.382500000000000000e+03 8.910600000000000000e+04 2.180000000000000000e+03 0.000000000000000000e+00 2.540000000000000000e+02 0.000000000000000000e+00 
0.000000000000000000e+00 3.235000000000000000e+02 0.000000000000000000e+00 6.319500000000000000e+03 0.000000000000000000e+00 9.790000000000000000e+02 2.701160000000000000e+05 1.994400000000000000e+04 2.686200000000000000e+04 5.441100000000000000e+04 2.329750000000000000e+04 1.040435000000000000e+05 2.977450000000000000e+04 9.500000000000000000e+02 1.586500000000000000e+03 0.000000000000000000e+00 4.561195000000000000e+05 0.000000000000000000e+00 1.048500000000000000e+03 1.277500000000000000e+03 4.774500000000000000e+03 0.000000000000000000e+00 6.005000000000000000e+02 2.830000000000000000e+02 3.137550000000000000e+04 4.485000000000000000e+02 3.323500000000000000e+03 1.101000000000000000e+03 9.937000000000000000e+03 4.451500000000000000e+03 6.100000000000000000e+02 1.551050000000000000e+05 0.000000000000000000e+00 0.000000000000000000e+00 0.000000000000000000e+00 0.000000000000000000e+00 3.865000000000000000e+02 0.000000000000000000e+00 0.000000000000000000e+00 0.000000000000000000e+00 2.315000000000000000e+02 0.000000000000000000e+00 4.070000000000000000e+02 7.720000000000000000e+02 0.000000000000000000e+00 4.370000000000000000e+02 3.075000000000000000e+02 0.000000000000000000e+00 0.000000000000000000e+00 0.000000000000000000e+00 0.000000000000000000e+00 0.000000000000000000e+00 0.000000000000000000e+00 2.210000000000000000e+02 0.000000000000000000e+00 0.000000000000000000e+00 0.000000000000000000e+00 1.587500000000000000e+03 0.000000000000000000e+00 0.000000000000000000e+00 2.960000000000000000e+02 1.411500000000000000e+03 0.000000000000000000e+00 0.000000000000000000e+00 0.000000000000000000e+00 0.000000000000000000e+00 
5.100000000000000000e+02 3.397500000000000000e+03 9.035000000000000000e+02 2.390000000000000000e+02 9.790000000000000000e+02 0.000000000000000000e+00 1.001000000000000000e+03 7.553500000000000000e+03 3.136500000000000000e+03 3.585000000000000000e+02 2.760000000000000000e+03 5.338640000000000000e+05 1.249500000000000000e+03 8.414075000000000000e+05 1.175150000000000000e+04 0.000000000000000000e+00 0.000000000000000000e+00 9.385000000000000000e+02 2.242000000000000000e+03 1.291000000000000000e+03 5.530000000000000000e+02 4.575000000000000000e+03 2.460000000000000000e+02 3.163500000000000000e+03 4.400000000000000000e+02 1.175750000000000000e+04 3.238990000000000000e+05 1.117140000000000000e+05 6.193000000000000000e+03 2.597600000000000000e+04 2.175000000000000000e+03 1.183700000000000000e+04 0.000000000000000000e+00 0.000000000000000000e+00 1.097000000000000000e+03 2.625000000000000000e+02 0.000000000000000000e+00 0.000000000000000000e+00 2.294550000000000000e+04 0.000000000000000000e+00 5.430000000000000000e+02 0.000000000000000000e+00 2.105000000000000000e+02 3.365000000000000000e+02 2.854000000000000000e+03 0.000000000000000000e+00 7.212900000000000000e+04 0.000000000000000000e+00 3.605000000000000000e+02 0.000000000000000000e+00 0.000000000000000000e+00 0.000000000000000000e+00 0.000000000000000000e+00 0.000000000000000000e+00 0.000000000000000000e+00 5.180000000000000000e+02 8.595000000000000000e+02 6.280000000000000000e+02 1.224000000000000000e+04 4.255100000000000000e+04 1.042185000000000000e+05 8.180000000000000000e+02 3.005000000000000000e+02 0.000000000000000000e+00 0.000000000000000000e+00 0.000000000000000000e+00 
6.185000000000000000e+02 2.790000000000000000e+02 3.165500000000000000e+03 5.268350000000000000e+04 2.701160000000000000e+05 1.001000000000000000e+03 0.000000000000000000e+00 3.388720000000000000e+05 1.956084000000000000e+06 4.714700000000000000e+04 1.210560000000000000e+06 6.462500000000000000e+03 1.362783500000000000e+06 1.379500000000000000e+03 5.534050000000000000e+04 0.000000000000000000e+00 7.094265000000000000e+05 8.495000000000000000e+02 2.052000000000000000e+03 5.257000000000000000e+03 7.110450000000000000e+04 3.582500000000000000e+03 4.870000000000000000e+02 9.866500000000000000e+03 1.134350000000000000e+04 4.675000000000000000e+02 1.096700000000000000e+04 3.276500000000000000e+03 1.284985000000000000e+05 8.169500000000000000e+03 4.642000000000000000e+03 1.125500000000000000e+04 2.450000000000000000e+02 0.000000000000000000e+00 0.000000000000000000e+00 0.000000000000000000e+00 8.114000000000000000e+03 0.000000000000000000e+00 0.000000000000000000e+00 3.303000000000000000e+03 4.201500000000000000e+03 6.100000000000000000e+02 6.458000000000000000e+03 1.842750000000000000e+04 5.620000000000000000e+02 9.052000000000000000e+03 6.510000000000000000e+02 6.085000000000000000e+02 0.000000000000000000e+00 2.715000000000000000e+02 0.000000000000000000e+00 0.000000000000000000e+00 0.000000000000000000e+00 3.526500000000000000e+03 0.000000000000000000e+00 0.000000000000000000e+00 0.000000000000000000e+00 2.178450000000000000e+04 0.000000000000000000e+00 3.880000000000000000e+02 8.745000000000000000e+02 2.212150000000000000e+04 1.593500000000000000e+03 0.000000000000000000e+00 0.000000000000000000e+00 0.000000000000000000e+00 
7.576065000000000000e+05 2.242000000000000000e+03 1.190250000000000000e+05 3.107000000000000000e+03 1.994400000000000000e+04 7.553500000000000000e+03 3.388720000000000000e+05 0.000000000000000000e+00 6.621605000000000000e+05 5.866350000000000000e+04 1.303852000000000000e+06 1.584990000000000000e+05 1.162700000000000000e+04 3.548550000000000000e+04 1.995861500000000000e+06 1.714500000000000000e+03 6.826600000000000000e+04 1.384055000000000000e+05 5.708950000000000000e+04 1.145685000000000000e+05 3.037500000000000000e+03 4.428805000000000000e+05 5.380000000000000000e+02 8.640000000000000000e+05 1.679750000000000000e+04 6.140500000000000000e+03 1.352520000000000000e+05 6.807100000000000000e+04 3.026655500000000000e+06 7.466230000000000000e+05 2.539063500000000000e+06 5.856800000000000000e+04 3.087350000000000000e+04 3.576500000000000000e+03 1.057500000000000000e+03 7.010000000000000000e+02 6.929500000000000000e+03 9.610000000000000000e+02 1.573000000000000000e+03 8.748000000000000000e+03 2.754500000000000000e+04 1.079600000000000000e+04 4.143500000000000000e+04 2.467100000000000000e+04 8.130000000000000000e+03 3.920000000000000000e+03 6.454500000000000000e+03 1.074750000000000000e+04 7.425000000000000000e+02 1.324500000000000000e+03 4.685000000000000000e+02 4.110000000000000000e+02 4.280000000000000000e+02 5.997000000000000000e+03 3.371000000000000000e+03 4.140000000000000000e+02 4.499000000000000000e+03 7.975300000000000000e+04 1.726500000000000000e+03 5.693500000000000000e+03 7.660000000000000000e+03 1.546950000000000000e+05 2.530450000000000000e+04 5.745000000000000000e+02 2.018000000000000000e+03 1.098500000000000000e+03 
8.484500000000000000e+03 6.565000000000000000e+02 1.107200000000000000e+04 1.017800000000000000e+04 2.686200000000000000e+04 3.136500000000000000e+03 1.956084000000000000e+06 6.621605000000000000e+05 0.000000000000000000e+00 1.719850000000000000e+04 9.717215000000000000e+05 2.031950000000000000e+04 6.093000000000000000e+04 3.613000000000000000e+03 1.643774500000000000e+06 0.000000000000000000e+00 3.933400000000000000e+04 1.493300000000000000e+04 9.647500000000000000e+03 2.411150000000000000e+04 1.972900000000000000e+04 4.638450000000000000e+04 2.735000000000000000e+02 7.988250000000000000e+04 8.663500000000000000e+03 2.750000000000000000e+03 2.126800000000000000e+04 6.442500000000000000e+03 7.581200000000000000e+04 4.857650000000000000e+04 9.766450000000000000e+04 4.585400000000000000e+04 1.403500000000000000e+03 2.390000000000000000e+02 0.000000000000000000e+00 0.000000000000000000e+00 5.181000000000000000e+03 0.000000000000000000e+00 2.670000000000000000e+02 2.424500000000000000e+03 8.734000000000000000e+03 1.043500000000000000e+03 1.381350000000000000e+04 1.819800000000000000e+04 9.705000000000000000e+02 4.801500000000000000e+03 2.124000000000000000e+03 1.059500000000000000e+03 0.000000000000000000e+00 3.000000000000000000e+02 0.000000000000000000e+00 0.000000000000000000e+00 0.000000000000000000e+00 3.478500000000000000e+03 2.850000000000000000e+02 0.000000000000000000e+00 0.000000000000000000e+00 2.531950000000000000e+04 5.165000000000000000e+02 7.195000000000000000e+02 1.711000000000000000e+03 3.625300000000000000e+04 2.549000000000000000e+03 0.000000000000000000e+00 2.630000000000000000e+02 0.000000000000000000e+00 
1.782500000000000000e+03 7.068800000000000000e+04 0.000000000000000000e+00 1.085415000000000000e+05 5.441100000000000000e+04 3.585000000000000000e+02 4.714700000000000000e+04 5.866350000000000000e+04 1.719850000000000000e+04 0.000000000000000000e+00 3.888500000000000000e+04 7.628500000000000000e+03 4.230685000000000000e+05 1.785500000000000000e+03 1.069900000000000000e+04 4.912500000000000000e+03 8.569050000000000000e+04 0.000000000000000000e+00 1.929500000000000000e+03 1.960500000000000000e+03 9.539150000000000000e+04 3.718500000000000000e+03 2.930725000000000000e+05 9.620000000000000000e+02 1.269936500000000000e+06 5.018400000000000000e+04 4.683000000000000000e+03 4.503050000000000000e+04 4.541640000000000000e+05 3.019200000000000000e+04 1.476000000000000000e+03 4.696000000000000000e+03 8.640000000000000000e+02 5.235000000000000000e+02 9.060000000000000000e+03 0.000000000000000000e+00 2.659650000000000000e+04 2.400000000000000000e+02 4.755000000000000000e+02 1.983000000000000000e+03 4.950050000000000000e+04 1.364500000000000000e+03 4.917160000000000000e+05 5.813600000000000000e+04 1.903000000000000000e+03 1.174800000000000000e+04 2.472000000000000000e+03 3.241500000000000000e+03 1.146650000000000000e+04 5.125000000000000000e+02 0.000000000000000000e+00 2.700000000000000000e+02 0.000000000000000000e+00 6.835500000000000000e+03 3.269500000000000000e+03 1.305575000000000000e+05 7.800000000000000000e+02 4.155265000000000000e+05 5.514500000000000000e+03 1.420000000000000000e+03 9.444000000000000000e+03 2.511825000000000000e+05 7.350000000000000000e+03 2.700000000000000000e+02 5.365000000000000000e+02 2.880000000000000000e+02 
4.935500000000000000e+03 3.465000000000000000e+02 2.200500000000000000e+04 3.822180000000000000e+05 2.329750000000000000e+04 2.760000000000000000e+03 1.210560000000000000e+06 1.303852000000000000e+06 9.717215000000000000e+05 3.888500000000000000e+04 0.000000000000000000e+00 2.628650000000000000e+04 6.815230000000000000e+05 3.156500000000000000e+03 5.028000000000000000e+05 0.000000000000000000e+00 3.392850000000000000e+04 7.695000000000000000e+02 6.166000000000000000e+03 3.963500000000000000e+03 7.418825000000000000e+05 6.683500000000000000e+03 2.430000000000000000e+02 3.996900000000000000e+04 9.051000000000000000e+03 1.905500000000000000e+03 2.513450000000000000e+04 4.486500000000000000e+03 1.092599000000000000e+06 7.502600000000000000e+04 1.168850000000000000e+04 3.754050000000000000e+04 2.755000000000000000e+02 3.980000000000000000e+02 2.845000000000000000e+02 0.000000000000000000e+00 6.258800000000000000e+04 2.465000000000000000e+02 3.435000000000000000e+02 5.896500000000000000e+03 1.389900000000000000e+04 1.915500000000000000e+03 4.190050000000000000e+04 2.423860000000000000e+05 1.620500000000000000e+03 3.772300000000000000e+04 1.659000000000000000e+03 1.775500000000000000e+03 0.000000000000000000e+00 4.080000000000000000e+02 0.000000000000000000e+00 0.000000000000000000e+00 0.000000000000000000e+00 5.723750000000000000e+04 0.000000000000000000e+00 2.300000000000000000e+02 2.660000000000000000e+02 6.186700000000000000e+04 5.815000000000000000e+02 1.034000000000000000e+03 1.165500000000000000e+03 1.535930000000000000e+05 3.684000000000000000e+03 0.000000000000000000e+00 3.440000000000000000e+02 0.000000000000000000e+00 
1.815100000000000000e+04 1.041050000000000000e+04 2.519500000000000000e+03 1.136500000000000000e+03 1.040435000000000000e+05 5.338640000000000000e+05 6.462500000000000000e+03 1.584990000000000000e+05 2.031950000000000000e+04 7.628500000000000000e+03 2.628650000000000000e+04 0.000000000000000000e+00 4.212000000000000000e+03 7.019810000000000000e+05 9.410400000000000000e+04 2.895000000000000000e+02 5.228500000000000000e+03 2.169600000000000000e+04 9.153330000000000000e+05 3.468085000000000000e+05 1.877500000000000000e+03 3.638650000000000000e+04 2.474000000000000000e+03 2.376600000000000000e+04 6.138500000000000000e+03 1.089400000000000000e+05 7.584410000000000000e+05 5.857350000000000000e+04 5.581700000000000000e+04 4.987730000000000000e+05 7.628650000000000000e+04 2.488325000000000000e+05 1.023750000000000000e+04 2.215000000000000000e+02 1.348500000000000000e+03 0.000000000000000000e+00 4.020000000000000000e+02 0.000000000000000000e+00 9.464500000000000000e+03 4.115000000000000000e+02 3.186000000000000000e+03 3.365000000000000000e+02 3.438000000000000000e+03 1.480000000000000000e+03 7.180500000000000000e+03 3.225000000000000000e+02 5.602050000000000000e+04 4.355000000000000000e+02 0.000000000000000000e+00 0.000000000000000000e+00 0.000000000000000000e+00 0.000000000000000000e+00 0.000000000000000000e+00 2.710000000000000000e+02 4.860000000000000000e+02 3.705000000000000000e+02 3.570000000000000000e+02 4.892500000000000000e+03 1.409250000000000000e+04 6.103500000000000000e+03 3.157450000000000000e+04 1.108900000000000000e+04 1.453000000000000000e+03 0.000000000000000000e+00 2.620000000000000000e+02 0.000000000000000000e+00 
0.000000000000000000e+00 2.922500000000000000e+03 0.000000000000000000e+00 6.411590000000000000e+05 2.977450000000000000e+04 1.249500000000000000e+03 1.362783500000000000e+06 1.162700000000000000e+04 6.093000000000000000e+04 4.230685000000000000e+05 6.815230000000000000e+05 4.212000000000000000e+03 0.000000000000000000e+00 5.990000000000000000e+02 5.856500000000000000e+04 0.000000000000000000e+00 2.644575000000000000e+05 0.000000000000000000e+00 8.805000000000000000e+02 6.565000000000000000e+02 1.527640500000000000e+06 2.175000000000000000e+02 1.247950000000000000e+04 2.720000000000000000e+02 3.179940000000000000e+05 2.152500000000000000e+03 4.019000000000000000e+03 2.591500000000000000e+03 2.628690000000000000e+05 2.006450000000000000e+04 2.605000000000000000e+02 1.272450000000000000e+04 0.000000000000000000e+00 0.000000000000000000e+00 7.545000000000000000e+02 0.000000000000000000e+00 1.740500000000000000e+05 2.550000000000000000e+02 3.690000000000000000e+02 8.202000000000000000e+03 1.004500000000000000e+03 1.487500000000000000e+03 2.183150000000000000e+04 1.971465000000000000e+05 1.719500000000000000e+03 7.756455000000000000e+05 9.955000000000000000e+02 1.042500000000000000e+03 0.000000000000000000e+00 9.020000000000000000e+02 0.000000000000000000e+00 0.000000000000000000e+00 0.000000000000000000e+00 6.376850000000000000e+04 0.000000000000000000e+00 2.546000000000000000e+03 0.000000000000000000e+00 1.073200000000000000e+05 8.920000000000000000e+02 5.595000000000000000e+02 1.030500000000000000e+03 3.345650000000000000e+04 3.715500000000000000e+03 0.000000000000000000e+00 3.810000000000000000e+02 0.000000000000000000e+00 
5.585000000000000000e+02 1.077300000000000000e+04 7.755000000000000000e+02 0.000000000000000000e+00 9.500000000000000000e+02 8.414075000000000000e+05 1.379500000000000000e+03 3.548550000000000000e+04 3.613000000000000000e+03 1.785500000000000000e+03 3.156500000000000000e+03 7.019810000000000000e+05 5.990000000000000000e+02 0.000000000000000000e+00 6.784500000000000000e+03 3.140000000000000000e+02 3.160000000000000000e+02 1.057000000000000000e+03 6.770000000000000000e+02 5.445000000000000000e+02 2.380000000000000000e+02 6.188500000000000000e+03 2.744000000000000000e+03 4.415500000000000000e+03 2.832500000000000000e+03 8.950735000000000000e+05 4.222250000000000000e+04 1.039323500000000000e+06 1.383750000000000000e+04 2.339700000000000000e+04 3.569500000000000000e+03 1.652100000000000000e+04 3.000000000000000000e+02 0.000000000000000000e+00 3.753500000000000000e+03 2.985000000000000000e+02 0.000000000000000000e+00 0.000000000000000000e+00 9.685950000000000000e+04 2.150000000000000000e+02 2.559000000000000000e+03 0.000000000000000000e+00 6.035000000000000000e+02 5.575000000000000000e+02 4.038800000000000000e+04 0.000000000000000000e+00 9.588130000000000000e+05 2.900000000000000000e+02 4.230000000000000000e+02 0.000000000000000000e+00 2.160000000000000000e+02 0.000000000000000000e+00 0.000000000000000000e+00 0.000000000000000000e+00 0.000000000000000000e+00 8.895000000000000000e+02 6.245000000000000000e+02 1.427000000000000000e+03 2.791680000000000000e+05 6.151650000000000000e+04 3.230915000000000000e+05 1.440000000000000000e+03 1.323000000000000000e+03 0.000000000000000000e+00 5.330000000000000000e+02 0.000000000000000000e+00 
1.117006500000000000e+06 1.201500000000000000e+03 2.170100000000000000e+04 1.074700000000000000e+04 1.586500000000000000e+03 1.175150000000000000e+04 5.534050000000000000e+04 1.995861500000000000e+06 1.643774500000000000e+06 1.069900000000000000e+04 5.028000000000000000e+05 9.410400000000000000e+04 5.856500000000000000e+04 6.784500000000000000e+03 0.000000000000000000e+00 0.000000000000000000e+00 3.823500000000000000e+03 5.847950000000000000e+04 3.502400000000000000e+04 9.731250000000000000e+04 2.464000000000000000e+04 1.108190000000000000e+05 2.345000000000000000e+02 2.179355000000000000e+05 8.757000000000000000e+03 3.236500000000000000e+03 6.548550000000000000e+04 1.271150000000000000e+04 9.671150000000000000e+04 1.815200500000000000e+06 6.511360000000000000e+05 7.318050000000000000e+04 2.155400000000000000e+04 2.455000000000000000e+02 5.030000000000000000e+02 0.000000000000000000e+00 3.443500000000000000e+03 0.000000000000000000e+00 4.490000000000000000e+02 1.393000000000000000e+03 5.479500000000000000e+03 7.390000000000000000e+02 7.671500000000000000e+03 1.158350000000000000e+04 1.005500000000000000e+03 2.902500000000000000e+03 5.335000000000000000e+03 8.395000000000000000e+02 0.000000000000000000e+00 2.135000000000000000e+02 0.000000000000000000e+00 0.000000000000000000e+00 0.000000000000000000e+00 2.135000000000000000e+03 4.000000000000000000e+02 0.000000000000000000e+00 2.505000000000000000e+02 1.830150000000000000e+04 8.305000000000000000e+02 1.275000000000000000e+03 3.576500000000000000e+03 2.974400000000000000e+04 2.118000000000000000e+03 0.000000000000000000e+00 2.005000000000000000e+02 0.000000000000000000e+00 
0.000000000000000000e+00 1.377065000000000000e+05 1.728500000000000000e+03 0.000000000000000000e+00 0.000000000000000000e+00 0.000000000000000000e+00 0.000000000000000000e+00 1.714500000000000000e+03 0.000000000000000000e+00 4.912500000000000000e+03 0.000000000000000000e+00 2.895000000000000000e+02 0.000000000000000000e+00 3.140000000000000000e+02 0.000000000000000000e+00 0.000000000000000000e+00 0.000000000000000000e+00 4.185000000000000000e+02 3.000000000000000000e+02 1.177500000000000000e+03 0.000000000000000000e+00 3.281550000000000000e+05 1.029221000000000000e+06 5.744265000000000000e+05 4.484065000000000000e+05 1.013600000000000000e+04 5.526000000000000000e+03 3.351430000000000000e+05 1.515025000000000000e+05 1.360000000000000000e+03 0.000000000000000000e+00 0.000000000000000000e+00 0.000000000000000000e+00 0.000000000000000000e+00 4.322750000000000000e+04 1.211300000000000000e+04 0.000000000000000000e+00 0.000000000000000000e+00 0.000000000000000000e+00 0.000000000000000000e+00 1.219000000000000000e+03 0.000000000000000000e+00 2.069450000000000000e+04 0.000000000000000000e+00 0.000000000000000000e+00 0.000000000000000000e+00 5.030000000000000000e+02 0.000000000000000000e+00 4.696525000000000000e+05 0.000000000000000000e+00 4.230000000000000000e+02 0.000000000000000000e+00 2.970000000000000000e+02 0.000000000000000000e+00 5.798800000000000000e+04 3.344345000000000000e+05 2.468510000000000000e+05 5.477000000000000000e+04 3.141500000000000000e+03 1.575500000000000000e+03 5.009600000000000000e+05 4.211250000000000000e+04 1.220500000000000000e+03 2.120000000000000000e+02 0.000000000000000000e+00 0.000000000000000000e+00 
5.155000000000000000e+02 0.000000000000000000e+00 2.290000000000000000e+02 1.190350000000000000e+04 4.561195000000000000e+05 0.000000000000000000e+00 7.094265000000000000e+05 6.826600000000000000e+04 3.933400000000000000e+04 8.569050000000000000e+04 3.392850000000000000e+04 5.228500000000000000e+03 2.644575000000000000e+05 3.160000000000000000e+02 3.823500000000000000e+03 0.000000000000000000e+00 0.000000000000000000e+00 0.000000000000000000e+00 2.650000000000000000e+02 4.250000000000000000e+02 9.877000000000000000e+03 5.381000000000000000e+03 3.020000000000000000e+02 1.576000000000000000e+03 3.352400000000000000e+04 0.000000000000000000e+00 8.955000000000000000e+02 8.260000000000000000e+02 2.777600000000000000e+04 3.618000000000000000e+03 3.240500000000000000e+03 1.114800000000000000e+04 2.495000000000000000e+02 0.000000000000000000e+00 0.000000000000000000e+00 0.000000000000000000e+00 6.920000000000000000e+02 0.000000000000000000e+00 0.000000000000000000e+00 4.105000000000000000e+02 3.900000000000000000e+02 0.000000000000000000e+00 6.735000000000000000e+02 1.497000000000000000e+03 0.000000000000000000e+00 4.026000000000000000e+03 0.000000000000000000e+00 0.000000000000000000e+00 0.000000000000000000e+00 0.000000000000000000e+00 0.000000000000000000e+00 0.000000000000000000e+00 0.000000000000000000e+00 4.300000000000000000e+02 0.000000000000000000e+00 0.000000000000000000e+00 0.000000000000000000e+00 2.150500000000000000e+03 0.000000000000000000e+00 0.000000000000000000e+00 0.000000000000000000e+00 2.141000000000000000e+03 0.000000000000000000e+00 0.000000000000000000e+00 0.000000000000000000e+00 0.000000000000000000e+00 
1.326550000000000000e+04 9.498000000000000000e+03 1.402299000000000000e+06 0.000000000000000000e+00 0.000000000000000000e+00 9.385000000000000000e+02 8.495000000000000000e+02 1.384055000000000000e+05 1.493300000000000000e+04 0.000000000000000000e+00 7.695000000000000000e+02 2.169600000000000000e+04 0.000000000000000000e+00 1.057000000000000000e+03 5.847950000000000000e+04 4.185000000000000000e+02 0.000000000000000000e+00 0.000000000000000000e+00 1.680050000000000000e+04 1.036663500000000000e+06 0.000000000000000000e+00 9.284750000000000000e+04 2.130000000000000000e+02 1.579775000000000000e+06 4.710000000000000000e+02 3.175000000000000000e+02 5.818950000000000000e+05 3.202740000000000000e+05 1.715450000000000000e+04 6.827750000000000000e+04 1.294260000000000000e+05 4.450000000000000000e+02 3.247500000000000000e+03 0.000000000000000000e+00 5.748000000000000000e+03 5.027000000000000000e+03 0.000000000000000000e+00 0.000000000000000000e+00 2.715000000000000000e+02 0.000000000000000000e+00 2.225000000000000000e+02 0.000000000000000000e+00 0.000000000000000000e+00 0.000000000000000000e+00 0.000000000000000000e+00 0.000000000000000000e+00 2.920000000000000000e+02 0.000000000000000000e+00 2.080000000000000000e+02 0.000000000000000000e+00 2.759000000000000000e+03 0.000000000000000000e+00 7.305000000000000000e+02 0.000000000000000000e+00 2.635000000000000000e+02 2.285000000000000000e+02 1.141000000000000000e+03 4.010000000000000000e+02 2.055000000000000000e+02 1.717050000000000000e+04 4.334300000000000000e+04 7.750000000000000000e+02 0.000000000000000000e+00 0.000000000000000000e+00 0.000000000000000000e+00 0.000000000000000000e+00 
9.928500000000000000e+03 6.265000000000000000e+02 2.051000000000000000e+03 3.045000000000000000e+02 1.048500000000000000e+03 2.242000000000000000e+03 2.052000000000000000e+03 5.708950000000000000e+04 9.647500000000000000e+03 1.929500000000000000e+03 6.166000000000000000e+03 9.153330000000000000e+05 8.805000000000000000e+02 6.770000000000000000e+02 3.502400000000000000e+04 3.000000000000000000e+02 2.650000000000000000e+02 1.680050000000000000e+04 0.000000000000000000e+00 5.407475000000000000e+05 5.345000000000000000e+02 2.832050000000000000e+04 0.000000000000000000e+00 1.671000000000000000e+04 1.566000000000000000e+03 4.275000000000000000e+02 4.785160000000000000e+05 6.891500000000000000e+03 2.828100000000000000e+04 1.926025000000000000e+05 5.039200000000000000e+04 3.165000000000000000e+03 3.679500000000000000e+03 0.000000000000000000e+00 0.000000000000000000e+00 0.000000000000000000e+00 0.000000000000000000e+00 0.000000000000000000e+00 0.000000000000000000e+00 0.000000000000000000e+00 3.880000000000000000e+02 0.000000000000000000e+00 1.077000000000000000e+03 2.380000000000000000e+02 0.000000000000000000e+00 0.000000000000000000e+00 4.210000000000000000e+02 0.000000000000000000e+00 0.000000000000000000e+00 0.000000000000000000e+00 0.000000000000000000e+00 0.000000000000000000e+00 0.000000000000000000e+00 0.000000000000000000e+00 2.030000000000000000e+02 0.000000000000000000e+00 0.000000000000000000e+00 1.292500000000000000e+03 4.325000000000000000e+02 6.855000000000000000e+02 2.056500000000000000e+03 3.525500000000000000e+03 3.375000000000000000e+02 0.000000000000000000e+00 0.000000000000000000e+00 0.000000000000000000e+00 
3.323750000000000000e+04 5.440500000000000000e+03 1.679805000000000000e+05 3.245000000000000000e+02 1.277500000000000000e+03 1.291000000000000000e+03 5.257000000000000000e+03 1.145685000000000000e+05 2.411150000000000000e+04 1.960500000000000000e+03 3.963500000000000000e+03 3.468085000000000000e+05 6.565000000000000000e+02 5.445000000000000000e+02 9.731250000000000000e+04 1.177500000000000000e+03 4.250000000000000000e+02 1.036663500000000000e+06 5.407475000000000000e+05 0.000000000000000000e+00 5.505000000000000000e+02 1.271920000000000000e+05 2.865000000000000000e+02 1.450340000000000000e+05 2.577000000000000000e+03 3.745000000000000000e+02 8.130645000000000000e+05 9.211950000000000000e+04 5.732100000000000000e+04 9.567350000000000000e+04 1.813420000000000000e+05 1.644000000000000000e+03 6.379000000000000000e+03 0.000000000000000000e+00 2.446000000000000000e+03 9.080000000000000000e+02 0.000000000000000000e+00 0.000000000000000000e+00 0.000000000000000000e+00 0.000000000000000000e+00 3.120000000000000000e+02 0.000000000000000000e+00 7.695000000000000000e+02 0.000000000000000000e+00 0.000000000000000000e+00 0.000000000000000000e+00 2.080000000000000000e+02 0.000000000000000000e+00 0.000000000000000000e+00 0.000000000000000000e+00 8.070000000000000000e+02 0.000000000000000000e+00 3.760000000000000000e+02 0.000000000000000000e+00 4.000000000000000000e+02 2.185000000000000000e+02 6.385000000000000000e+02 1.159000000000000000e+03 8.760000000000000000e+02 6.856000000000000000e+03 1.719800000000000000e+04 3.513500000000000000e+03 3.215000000000000000e+02 0.000000000000000000e+00 0.000000000000000000e+00 0.000000000000000000e+00 
0.000000000000000000e+00 7.840000000000000000e+02 0.000000000000000000e+00 1.031257500000000000e+06 4.774500000000000000e+03 5.530000000000000000e+02 7.110450000000000000e+04 3.037500000000000000e+03 1.972900000000000000e+04 9.539150000000000000e+04 7.418825000000000000e+05 1.877500000000000000e+03 1.527640500000000000e+06 2.380000000000000000e+02 2.464000000000000000e+04 0.000000000000000000e+00 9.877000000000000000e+03 0.000000000000000000e+00 5.345000000000000000e+02 5.505000000000000000e+02 0.000000000000000000e+00 0.000000000000000000e+00 2.136000000000000000e+03 0.000000000000000000e+00 3.903450000000000000e+05 7.990000000000000000e+02 2.336000000000000000e+03 1.177000000000000000e+03 3.027985000000000000e+05 9.532500000000000000e+03 2.900000000000000000e+02 5.630500000000000000e+03 0.000000000000000000e+00 0.000000000000000000e+00 3.815000000000000000e+02 0.000000000000000000e+00 8.918600000000000000e+04 0.000000000000000000e+00 0.000000000000000000e+00 2.793000000000000000e+03 4.275500000000000000e+03 3.875000000000000000e+02 2.213350000000000000e+04 1.198435000000000000e+05 3.810000000000000000e+02 1.010050000000000000e+05 3.565000000000000000e+02 4.225000000000000000e+02 0.000000000000000000e+00 0.000000000000000000e+00 0.000000000000000000e+00 0.000000000000000000e+00 0.000000000000000000e+00 2.462300000000000000e+04 0.000000000000000000e+00 6.770000000000000000e+02 0.000000000000000000e+00 9.530750000000000000e+04 4.500000000000000000e+02 2.535000000000000000e+02 5.810000000000000000e+02 7.275650000000000000e+04 7.715000000000000000e+02 0.000000000000000000e+00 0.000000000000000000e+00 0.000000000000000000e+00 
3.881250000000000000e+04 1.306100000000000000e+04 3.839550000000000000e+04 0.000000000000000000e+00 0.000000000000000000e+00 4.575000000000000000e+03 3.582500000000000000e+03 4.428805000000000000e+05 4.638450000000000000e+04 3.718500000000000000e+03 6.683500000000000000e+03 3.638650000000000000e+04 2.175000000000000000e+02 6.188500000000000000e+03 1.108190000000000000e+05 3.281550000000000000e+05 5.381000000000000000e+03 9.284750000000000000e+04 2.832050000000000000e+04 1.271920000000000000e+05 0.000000000000000000e+00 0.000000000000000000e+00 6.010850000000000000e+04 3.340107000000000000e+06 1.480305000000000000e+05 2.339000000000000000e+03 6.609500000000000000e+04 7.283450000000000000e+04 1.491374500000000000e+06 3.360320000000000000e+05 2.239624000000000000e+06 1.292500000000000000e+03 1.235380000000000000e+05 3.655000000000000000e+02 1.385000000000000000e+03 5.175000000000000000e+02 0.000000000000000000e+00 0.000000000000000000e+00 0.000000000000000000e+00 3.225000000000000000e+02 3.456500000000000000e+03 0.000000000000000000e+00 1.493300000000000000e+04 5.915000000000000000e+02 6.805000000000000000e+02 0.000000000000000000e+00 1.338000000000000000e+03 3.410000000000000000e+02 1.520915000000000000e+05 6.255000000000000000e+02 3.215000000000000000e+02 0.000000000000000000e+00 2.075000000000000000e+02 0.000000000000000000e+00 1.486750000000000000e+05 3.979800000000000000e+04 5.190650000000000000e+04 4.808500000000000000e+04 4.205000000000000000e+02 1.992000000000000000e+03 1.074250000000000000e+04 9.407400000000000000e+04 6.954000000000000000e+03 9.500000000000000000e+02 0.000000000000000000e+00 6.525000000000000000e+02 
0.000000000000000000e+00 7.578345000000000000e+05 4.685000000000000000e+02 4.252500000000000000e+03 6.005000000000000000e+02 2.460000000000000000e+02 4.870000000000000000e+02 5.380000000000000000e+02 2.735000000000000000e+02 2.930725000000000000e+05 2.430000000000000000e+02 2.474000000000000000e+03 1.247950000000000000e+04 2.744000000000000000e+03 2.345000000000000000e+02 1.029221000000000000e+06 3.020000000000000000e+02 2.130000000000000000e+02 0.000000000000000000e+00 2.865000000000000000e+02 2.136000000000000000e+03 6.010850000000000000e+04 0.000000000000000000e+00 5.314150000000000000e+04 6.564725000000000000e+05 1.541620000000000000e+05 3.189500000000000000e+03 6.497515000000000000e+05 9.359800000000000000e+04 8.150000000000000000e+02 0.000000000000000000e+00 5.895000000000000000e+02 0.000000000000000000e+00 0.000000000000000000e+00 2.500475000000000000e+05 3.291000000000000000e+03 1.330000000000000000e+03 0.000000000000000000e+00 3.460000000000000000e+02 0.000000000000000000e+00 3.535000000000000000e+02 0.000000000000000000e+00 9.725350000000000000e+04 0.000000000000000000e+00 2.905000000000000000e+02 2.190000000000000000e+03 4.372500000000000000e+03 0.000000000000000000e+00 4.053810000000000000e+05 0.000000000000000000e+00 9.340000000000000000e+02 0.000000000000000000e+00 0.000000000000000000e+00 6.810000000000000000e+02 2.554800000000000000e+04 9.288730000000000000e+05 5.174600000000000000e+04 2.078615000000000000e+05 5.497450000000000000e+04 2.188500000000000000e+03 6.047095000000000000e+05 2.209350000000000000e+04 3.795000000000000000e+02 0.000000000000000000e+00 0.000000000000000000e+00 0.000000000000000000e+00 
2.893050000000000000e+04 4.751000000000000000e+03 1.813082500000000000e+06 0.000000000000000000e+00 2.830000000000000000e+02 3.163500000000000000e+03 9.866500000000000000e+03 8.640000000000000000e+05 7.988250000000000000e+04 9.620000000000000000e+02 3.996900000000000000e+04 2.376600000000000000e+04 2.720000000000000000e+02 4.415500000000000000e+03 2.179355000000000000e+05 5.744265000000000000e+05 1.576000000000000000e+03 1.579775000000000000e+06 1.671000000000000000e+04 1.450340000000000000e+05 0.000000000000000000e+00 3.340107000000000000e+06 5.314150000000000000e+04 0.000000000000000000e+00 2.124200000000000000e+04 1.875500000000000000e+03 1.473285000000000000e+05 1.130867500000000000e+06 3.867265000000000000e+05 2.727530000000000000e+05 6.693155000000000000e+05 2.302000000000000000e+03 8.151900000000000000e+04 3.070000000000000000e+02 2.130000000000000000e+03 4.751500000000000000e+03 0.000000000000000000e+00 0.000000000000000000e+00 0.000000000000000000e+00 2.595000000000000000e+02 6.698500000000000000e+03 2.315000000000000000e+02 1.041500000000000000e+03 4.375000000000000000e+02 4.215000000000000000e+02 0.000000000000000000e+00 7.980000000000000000e+02 5.165000000000000000e+02 2.766450000000000000e+05 9.675000000000000000e+02 1.223500000000000000e+03 0.000000000000000000e+00 7.490000000000000000e+02 0.000000000000000000e+00 3.988550000000000000e+04 7.710400000000000000e+04 4.486630000000000000e+05 1.919300000000000000e+04 3.635000000000000000e+02 3.329000000000000000e+03 2.333695000000000000e+05 3.701100000000000000e+04 2.147500000000000000e+03 4.800000000000000000e+02 0.000000000000000000e+00 2.495000000000000000e+02 
