0.000000000000000000e+00 3.225701504676697917e-02 4.178934526230174834e-02 1.250915006100040625e-02 2.448149654331028754e-02 9.385929239528262996e-03 1.439609597397316018e-02 3.772265148434322812e-02 4.175681171207808184e-02 5.854412362749084747e-02 3.082553883692558047e-02 1.195607970719804805e-02 3.017486783245221585e-02 2.220414802765351830e-02 4.370882472549816877e-02 1.787718584790565224e-02 5.115900772671817809e-02 1.270435136234241563e-02 2.731191541276941845e-02 1.211874745831638921e-02 1.708011386742578231e-03 8.052053680357868989e-03 4.087840585603903787e-02 2.812525416836112249e-02 5.275315168767791968e-02 1.267181781211874740e-02 1.348515656771045144e-02 3.541276941846278892e-02 2.783245221634811015e-02 6.004066693777958263e-02 1.764945099633997636e-02 4.523790158601057043e-02 7.266368442456283550e-02 3.232208214721431216e-02 4.582350549003660206e-02 3.661651077673851173e-02 1.512810085400569278e-03 6.783245221634810578e-03 3.189914599430662689e-02 1.088247254981699816e-02 1.397315982106547318e-02 3.521756811712078300e-02 3.139487596583977365e-03 3.339568930459536206e-02 3.725091500610004224e-03 3.668157787718584473e-02 6.018706791378608664e-04 8.515656771045140849e-02 2.936152907686051181e-02 2.586417242781618737e-03 2.080520536803578610e-02 2.440016266775111914e-04 1.195607970719804805e-02 3.404636030906872668e-02 1.302968686457909794e-02 4.712484749898332437e-02 2.643350955673037794e-02 2.488816592110614043e-03 4.278161854412362852e-03 3.222448149654331268e-02 2.978446522976819708e-02 2.682391215941439672e-02 4.875152501016673245e-02 4.538430256201707834e-03 1.420089467263115079e-02 5.080113867425782581e-02 
3.225701504676697917e-02 0.000000000000000000e+00 1.579503863359088892e-02 3.463196421309475137e-02 3.505490036600243664e-02 1.010166734444896235e-02 9.873932492883286463e-03 2.976819845465636643e-03 4.592110614070760155e-02 1.220008133387555848e-03 2.851565677104514127e-02 1.371289141927612906e-02 1.270435136234241563e-02 1.716144774298495462e-02 2.708418056120374257e-02 1.826758845058967101e-02 1.117527450183001224e-02 9.678731191541277076e-03 3.801545343635624047e-02 7.368849125660837870e-03 1.836518910126067397e-02 1.185847905652704336e-02 3.495729971533143715e-02 2.698657991053273614e-02 1.156567710451402928e-02 2.932899552663684531e-02 5.156567710451403358e-03 2.753965026433509433e-02 2.113054087027246841e-02 4.728751525010167073e-02 4.066693777958519675e-04 1.875559170394469274e-02 3.895892639284261744e-02 8.930459536396909495e-03 2.051240341602277376e-02 2.718178121187474552e-02 4.865392435949573297e-02 3.860105734038227210e-02 4.003253355022366733e-02 9.743798291988613539e-03 1.677104514030093585e-02 1.065473769825132228e-02 2.018706791378609144e-02 1.527450183001220069e-02 3.594957299715331300e-03 2.415616104107360870e-02 1.088247254981699816e-02 8.344855632370883070e-03 4.017893452623017871e-03 8.214721431476210145e-03 4.234241561610410653e-02 1.976413176087840617e-02 3.180154534363562741e-02 3.464823098820658809e-03 2.911752745018300181e-03 2.148840992273281722e-02 7.010980073200488195e-03 4.343228954859699315e-03 1.263928426189507917e-02 4.712484749898332437e-02 2.910126067507116596e-02 3.811305408702724690e-02 1.273688491256608386e-02 2.405856039040260227e-02 4.816592110614070776e-02 1.708011386742578231e-03 
4.178934526230174834e-02 1.579503863359088892e-02 0.000000000000000000e+00 5.058967059780398665e-03 1.903212688084587184e-03 1.332248881659211029e-02 2.939406262708418177e-02 1.078487189914599347e-02 3.258235054900365801e-02 2.846685644570963718e-03 2.233428222854819123e-02 3.887759251728344946e-03 2.763725091500610076e-02 6.262708418056120614e-03 2.793005286701911311e-02 4.766165107767385452e-03 1.306222041480276617e-02 1.735664904432696054e-02 2.448149654331028754e-02 1.472143147620984076e-02 7.645384302562016968e-04 3.741358275721837906e-04 2.168361122407482661e-02 1.563237088247254949e-02 8.767791785278568339e-03 1.901586010573403859e-02 1.055713704758031758e-02 3.017486783245221585e-02 2.903619357462382949e-02 4.663684424562830610e-02 1.592517283448556184e-02 2.651484343228954765e-03 2.171614477429849657e-02 2.051240341602277376e-02 2.272468483123220653e-02 2.747458316388775787e-02 5.158194387962586336e-02 1.407076047173647787e-02 4.180561203741358159e-03 1.182594550630337513e-02 2.880845872305815361e-02 2.261081740544936859e-03 1.968279788531923646e-03 1.716144774298495462e-02 1.342008946726311498e-02 9.385929239528262996e-03 2.358682391215941553e-03 4.082960553070353465e-03 1.117527450183001224e-02 5.156567710451403358e-03 8.702724684831231877e-03 4.017893452623017871e-03 8.133387555917038808e-05 2.425376169174461166e-02 9.938999593330622925e-03 1.498169987799918661e-02 4.375762505083367546e-03 6.669377795851972202e-04 1.940626270841805737e-02 3.186661244408296040e-02 2.643350955673037794e-02 4.878405856039040589e-02 9.028060187067914188e-03 3.417649450996339960e-02 1.950386335908906033e-02 1.781211874745831578e-02 
1.250915006100040625e-02 3.463196421309475137e-02 5.058967059780398665e-03 0.000000000000000000e+00 1.387555917039446848e-02 1.527450183001220069e-02 4.488003253355022509e-02 1.843025620170801043e-02 1.159821065473769751e-02 2.044733631557543729e-02 4.126880845872305664e-02 8.865392435949573033e-03 4.491256608377389159e-02 2.718178121187474552e-02 1.569743798291988596e-02 4.810085400569336783e-02 3.586823912159414068e-02 1.683611224074827231e-02 2.814152094347295487e-03 1.777958519723464928e-02 4.387149247661650819e-02 8.897925986173241264e-03 2.178121187474583303e-02 3.586823912159414068e-02 8.572590483936558953e-03 4.244001626677511296e-02 8.149654331028873683e-03 1.094753965026433462e-02 4.961366409109393971e-03 1.690117934119560877e-02 1.452623017486783311e-02 2.480683204554696986e-02 2.666124440829605383e-02 1.605530703538023476e-02 1.342008946726311498e-02 7.336315575437169639e-03 5.693371289141927437e-04 1.999186661244408206e-02 1.485156567710451368e-02 1.143554290361935809e-02 2.944286295241968412e-03 1.299715331435542971e-02 8.637657584383895415e-03 7.856852379015859603e-03 2.760471736478243079e-02 3.716958113054086993e-02 3.495729971533143715e-02 2.187881252541683599e-02 4.348108987393248942e-02 2.114680764538430144e-04 1.390809272061813671e-02 1.644570963806425354e-02 3.957706384709231556e-02 1.566490443269621946e-02 4.052053680357869253e-02 1.667344448962992942e-02 5.742171614477429784e-03 2.165107767385116011e-02 1.101260675071167108e-02 3.023993493289955231e-02 5.091500610004066896e-03 3.860105734038227210e-02 2.900366002440016300e-02 6.817405449369662307e-02 6.913379422529483502e-03 5.132167547783651751e-02 
2.448149654331028754e-02 3.505490036600243664e-02 1.903212688084587184e-03 1.387555917039446848e-02 0.000000000000000000e+00 2.249694997966653065e-02 2.090280601870679253e-02 2.412362749084993874e-02 7.043513623424156427e-03 1.436356242374949195e-02 5.177714518096787621e-02 3.281008540056933737e-02 5.158194387962586336e-02 3.326555510370068913e-02 1.237901586010573332e-02 2.773485156567710372e-02 5.839772265148434477e-03 6.360309068727124440e-03 4.283041886945913174e-02 1.833265555103700747e-02 2.308255388369255881e-02 3.476209841398942429e-02 2.152094347295648719e-02 1.315982106547376913e-02 1.237901586010573332e-02 4.570963806425376065e-03 9.483529890199267690e-03 3.811305408702724690e-02 7.954453029686864296e-03 3.074420496136640903e-03 7.856852379015859603e-03 9.483529890199267690e-03 8.247254981699878376e-03 2.288735258235054942e-02 1.377795851972346552e-02 1.563237088247254949e-02 1.185847905652704336e-02 1.677104514030093585e-02 2.513216754778365217e-02 1.784465229768198574e-02 1.195607970719804805e-02 3.023993493289955231e-02 8.474989833265554259e-03 1.546970313135420834e-02 1.773078487189914693e-03 1.237901586010573332e-02 5.351769011793411877e-03 3.401382675884506018e-02 2.618950793005286534e-03 1.104514030093533931e-02 2.093533956893045903e-02 2.636844245628304148e-02 1.641317608784058704e-02 1.481903212688084545e-02 4.473363155754371372e-03 1.675477836518910217e-03 1.940626270841805737e-02 5.416836112240748340e-03 7.726718178121187545e-03 2.196014640097600831e-03 2.386335908906059289e-02 5.368035786905246210e-04 1.068727124847499051e-02 7.954453029686864296e-03 1.816998779991866458e-02 3.887759251728344946e-03 
9.385929239528262996e-03 1.010166734444896235e-02 1.332248881659211029e-02 1.527450183001220069e-02 2.249694997966653065e-02 0.000000000000000000e+00 3.464823098820658809e-03 1.397315982106547318e-02 7.173647824318828484e-03 1.111020740138267578e-02 2.721431476209841549e-02 2.535990239934932805e-02 6.197641317608784152e-03 2.064253761691744668e-02 4.510776738511589751e-02 1.068727124847499051e-02 2.064253761691744668e-02 3.041886945912972672e-03 2.391215941439609784e-03 2.456283041886945812e-03 1.286701911346075679e-02 1.068727124847499051e-02 3.741358275721837906e-04 3.562423749491663068e-03 7.010980073200488195e-03 4.701098007320048990e-03 1.618544123627490769e-02 2.098413989426596137e-03 5.644570963806425090e-03 1.911346075640504155e-02 1.813745424969499809e-02 1.517690117934119599e-02 1.150061000406669455e-02 3.401382675884506018e-02 1.325742171614477383e-02 1.154941032940219603e-03 1.000406669377795765e-02 2.114680764538430144e-04 4.717364782431882671e-04 7.726718178121187545e-03 1.667344448962992942e-02 7.759251728344855777e-03 2.435136234241561462e-02 1.875559170394469274e-02 1.081740544936966170e-02 4.180561203741358159e-03 1.273688491256608386e-02 4.278161854412362852e-03 2.718178121187474552e-02 1.602277348515656827e-02 3.687677917852785758e-02 2.130947539650264368e-03 2.018706791378609144e-02 6.360309068727124440e-03 1.111020740138267578e-02 1.120780805205368047e-02 1.748678324522163346e-02 6.815778771858478809e-03 6.327775518503457076e-03 6.327775518503457076e-03 4.863765758438389278e-03 2.064253761691744668e-02 2.067507116714111318e-02 2.854819032126880776e-02 1.651077673851159000e-02 1.407076047173647787e-02 
1.439609597397316018e-02 9.873932492883286463e-03 2.939406262708418177e-02 4.488003253355022509e-02 2.090280601870679253e-02 3.464823098820658809e-03 0.000000000000000000e+00 3.352582350549003498e-02 2.165107767385116011e-02 2.773485156567710372e-02 4.761285075233834957e-02 2.793005286701911311e-02 3.141114274095160863e-02 1.228141520943473036e-02 1.628304188694591412e-02 2.002440016266775202e-02 6.488816592110614734e-02 2.806018706791378603e-02 3.855225701504676715e-03 1.387555917039446848e-02 6.641724278161854900e-02 2.835298901992679838e-02 4.928832858885725740e-03 1.111020740138267578e-02 1.166327775518503397e-02 1.882065880439202921e-02 1.133794225294835339e-02 2.391215941439609784e-03 2.051240341602277376e-02 9.581130540870272383e-03 1.784465229768198574e-02 1.807238714924766163e-02 8.442456283041887763e-03 2.488816592110614043e-03 3.707198047986986350e-02 2.994713298088653997e-02 2.516470109800731866e-02 1.973159821065473621e-02 4.668564457096380758e-03 1.355022366815778791e-02 4.831232208214721047e-03 3.716958113054086993e-02 7.043513623424156427e-03 6.355429036193574466e-02 2.666124440829605383e-02 3.186661244408296040e-02 1.267181781211874740e-02 2.337535583570557116e-02 1.647824318828792350e-02 5.167954453029686979e-02 1.192354615697437982e-02 2.256201708011386711e-02 5.937372915819439170e-03 2.353802358682391058e-02 2.163481089873932599e-03 2.256201708011386711e-02 3.580317202114680769e-02 1.512810085400569278e-03 1.345262301748678321e-02 2.781618544123627690e-03 1.234648230988206509e-02 3.795038633590890748e-02 4.701098007320048990e-03 2.163481089873932599e-03 9.255795038633590072e-03 5.091500610004066896e-03 
3.772265148434322812e-02 2.976819845465636643e-03 1.078487189914599347e-02 1.843025620170801043e-02 2.412362749084993874e-02 1.397315982106547318e-02 3.352582350549003498e-02 0.000000000000000000e+00 3.215941439609597274e-02 1.914599430662871152e-02 7.954453029686864296e-03 2.405856039040260227e-02 2.633590890605937498e-02 1.218381455876372567e-02 3.808052053680358040e-02 1.708011386742578231e-03 4.679951199674664553e-02 8.702724684831231877e-03 5.774705164701098015e-03 6.344042293615290975e-04 1.745424969499796697e-02 4.175681171207808184e-02 1.140300935339568986e-02 1.068727124847499051e-02 1.293208621390809325e-02 5.514436762911753033e-03 2.197641317608783895e-02 3.261488409922733145e-02 1.524196827978853246e-02 4.068320455469703195e-02 1.023180154534363527e-02 4.107360715738105073e-02 3.206181374542496632e-02 1.911346075640504155e-02 4.396909312728751462e-02 2.893859292395282654e-02 5.579503863359088628e-03 2.187881252541683599e-02 3.313542090280601621e-02 9.776331842212281770e-03 1.250915006100040625e-02 1.719398129320862112e-02 4.408296055307035777e-03 1.550223668157787657e-02 1.143554290361935809e-02 1.485156567710451368e-02 1.968279788531923646e-03 3.853599023993493217e-02 2.858072387149247773e-02 5.124034160227735127e-03 6.522976819845465596e-03 9.841398942659618232e-03 2.000813338755591878e-03 2.521350142334282275e-03 4.188694591297275477e-02 4.501016673444489802e-02 4.676697844652297903e-02 1.312728751525010090e-02 8.930459536396909495e-03 3.590077267181781412e-02 7.466449776331842564e-03 2.529483529890199159e-02 2.490443269621797628e-02 3.562423749491663068e-03 4.016266775111834025e-02 2.711671411142740906e-02 
4.175681171207808184e-02 4.592110614070760155e-02 3.258235054900365801e-02 1.159821065473769751e-02 7.043513623424156427e-03 7.173647824318828484e-03 2.165107767385116011e-02 3.215941439609597274e-02 0.000000000000000000e+00 5.156567710451403358e-03 6.797885319235461021e-02 3.515250101667344307e-02 3.674664497763318466e-02 8.865392435949573033e-03 1.397315982106547318e-02 1.464009760065067148e-04 2.357055713704758054e-02 2.360309068727124704e-02 1.911346075640504155e-02 4.556323708824725621e-02 6.718178121187474983e-03 1.309475396502643267e-02 1.621797478649857766e-02 1.774705164701097931e-02 4.880032533550223827e-05 2.781618544123627690e-03 6.358682391215941809e-02 1.088247254981699816e-02 2.695404636030906964e-02 3.876372509150061152e-02 4.305815372102480415e-02 6.588043920292802058e-03 4.169174461163074191e-02 2.483936559577063982e-02 4.790565270435136191e-02 1.176087840585603866e-02 2.939406262708418177e-02 3.105327368849125635e-02 2.747458316388775787e-02 4.084587230581537137e-02 1.771451809678731282e-02 4.595363969093127499e-02 1.703131354209028170e-02 4.806832045546970134e-02 4.766165107767385452e-03 6.023586823912159549e-02 1.420089467263115079e-02 5.233021553477023441e-02 1.816998779991866458e-02 2.832045546970313188e-02 3.692557950386335993e-03 9.808865392435950001e-03 2.477429849532330336e-02 2.038226921512810083e-02 1.680357869052460235e-02 2.672631150874339029e-02 3.440422936152907896e-02 7.531516876779178159e-03 3.074420496136640903e-03 3.157381049206994805e-02 3.009353395689304440e-03 3.167141114274095448e-02 4.767791785278568256e-02 1.382675884505896787e-03 4.204961366409109419e-02 2.565270435136234387e-02 
5.854412362749084747e-02 1.220008133387555848e-03 2.846685644570963718e-03 2.044733631557543729e-02 1.436356242374949195e-02 1.111020740138267578e-02 2.773485156567710372e-02 1.914599430662871152e-02 5.156567710451403358e-03 0.000000000000000000e+00 2.305002033346888884e-02 2.620577470516470206e-02 2.968686457909719412e-02 7.108580723871492889e-03 2.196014640097600831e-03 2.174867832452216307e-02 3.920292801952013177e-03 3.627490849938999531e-03 2.074013826758844964e-02 1.328995526636844206e-02 6.344042293615290975e-04 4.880032533550223827e-05 1.156567710451402928e-02 5.506303375355835888e-02 3.287515250101667036e-02 2.018706791378609144e-02 1.979666531110207267e-02 2.581537210248068329e-02 3.808052053680358040e-02 4.393655957706384813e-02 2.344042293615290762e-02 1.634810898739325058e-02 2.376575843838958993e-02 2.923139487596583888e-02 6.295241968279788845e-03 6.588043920292802058e-03 3.416022773485156679e-04 1.865799105327368979e-02 3.069540463603090755e-02 2.716551443676291228e-03 3.172021146807645596e-03 4.831232208214721047e-03 1.963399755998373325e-02 1.878812525416836271e-02 1.208621390809272098e-02 2.513216754778365217e-02 1.729158194387962755e-02 2.314762098413989527e-02 2.500203334688897924e-02 1.888572590483936567e-02 2.500203334688897924e-02 4.896299308662057509e-03 2.760471736478243079e-02 1.572997153314355592e-02 5.774705164701098015e-03 2.064253761691744668e-02 1.218381455876372567e-02 1.839772265148434394e-02 2.793005286701911311e-02 6.880845872305815271e-03 3.009353395689304440e-03 1.322488816592110560e-02 2.965433102887352415e-02 1.556730378202521303e-02 1.429849532330215549e-02 3.209434729564863975e-02 
3.082553883692558047e-02 2.851565677104514127e-02 2.233428222854819123e-02 4.126880845872305664e-02 5.177714518096787621e-02 2.721431476209841549e-02 4.761285075233834957e-02 7.954453029686864296e-03 6.797885319235461021e-02 2.305002033346888884e-02 0.000000000000000000e+00 4.601870679137860798e-02 4.540056933712891679e-02 3.741358275721837906e-04 3.808052053680358040e-02 1.621797478649857766e-02 3.440422936152907896e-02 9.906466043106954694e-03 1.816998779991866458e-02 2.854819032126880776e-02 5.841398942659617455e-02 1.690117934119560877e-02 9.971533143554291156e-03 2.423749491663277581e-03 1.013420089467263058e-02 2.766978446522976726e-02 2.568523790158601036e-02 1.446116307442049664e-02 1.550223668157787657e-02 3.033753558357055874e-02 2.113054087027246841e-02 4.972753151687677592e-02 2.698657991053273614e-02 2.789751931679544661e-02 2.366815778771858350e-02 7.498983326555510795e-03 1.625050833672224415e-02 1.472143147620984076e-02 2.618950793005286534e-03 3.790158601057340253e-03 4.278161854412362852e-03 2.210654737698251188e-02 7.889385929239527834e-03 5.337128914192761087e-02 4.863765758438389278e-03 6.034973566490442996e-03 1.416836112240748256e-02 7.856852379015859603e-03 1.384302562017080199e-02 3.219194794631963924e-02 2.326148840992273321e-03 2.744204961366409137e-02 1.358275721838145614e-02 3.098820658804391989e-02 2.161854412362749014e-02 2.740951606344042141e-02 2.145587637250915072e-02 1.075233834892232697e-02 3.302155347702318087e-03 6.018706791378608664e-04 1.764945099633997636e-02 2.968686457909719412e-02 2.392842618950792935e-02 2.119560797071980487e-02 5.677104514030093321e-03 1.351769011793411968e-02 
1.195607970719804805e-02 1.371289141927612906e-02 3.887759251728344946e-03 8.865392435949573033e-03 3.281008540056933737e-02 2.535990239934932805e-02 2.793005286701911311e-02 2.405856039040260227e-02 3.515250101667344307e-02 2.620577470516470206e-02 4.601870679137860798e-02 0.000000000000000000e+00 4.452216348108987282e-02 2.819032126880845895e-02 1.439609597397316018e-02 2.391215941439609784e-03 2.688897925986173318e-02 7.661651077673851083e-03 1.293208621390809325e-02 3.840585603904025924e-02 1.891825945506303217e-02 3.009353395689304440e-03 9.125660837738918882e-03 1.797478649857665867e-02 3.074420496136640903e-03 1.774705164701097931e-02 4.871899145994306596e-02 2.488816592110614043e-03 4.717364782431882671e-04 1.426596177307848726e-02 5.189101260675071589e-03 4.536803578690524336e-02 1.296461976413176148e-02 4.473363155754371372e-03 5.529076860512403130e-02 4.461976413176087924e-02 8.540056933712890722e-03 1.231394875965839686e-02 2.553883692557950506e-03 1.312728751525010090e-02 1.504676697844652307e-02 1.735664904432696054e-02 1.706384709231394819e-02 3.176901179341195397e-02 6.994713298088653429e-04 4.204961366409109419e-02 1.935746238308255415e-03 1.891825945506303217e-02 1.091500610004066639e-02 1.846278975193168040e-02 3.063033753558357108e-02 2.578283855225701332e-02 1.982919886132574264e-02 2.879219194794631950e-03 1.228141520943473036e-02 2.204148027653517541e-02 1.133794225294835339e-02 1.071980479869865874e-02 3.302155347702318087e-03 1.394062627084180495e-02 3.367222448149654115e-03 1.647824318828792350e-02 1.869052460349735628e-02 2.734444896299308495e-02 1.350142334282228556e-03 1.950386335908906033e-02 
3.017486783245221585e-02 1.270435136234241563e-02 2.763725091500610076e-02 4.491256608377389159e-02 5.158194387962586336e-02 6.197641317608784152e-03 3.141114274095160863e-02 2.633590890605937498e-02 3.674664497763318466e-02 2.968686457909719412e-02 4.540056933712891679e-02 4.452216348108987282e-02 0.000000000000000000e+00 2.015453436356242495e-02 2.130947539650264368e-03 2.259455063033753708e-02 1.524196827978853246e-02 1.351769011793411968e-02 1.740544936966246462e-03 4.000000000000000083e-02 7.139487596583976581e-02 1.625050833672224415e-02 4.717364782431882671e-04 1.309475396502643267e-02 9.288328588857258303e-03 1.351769011793411968e-02 4.278161854412362852e-03 2.553883692557950506e-03 2.100040666937779549e-02 1.254168361122407448e-02 1.480276535176901264e-03 3.830825538836925281e-02 5.969906466043106534e-03 1.163074420496136574e-02 3.037006913379422524e-02 3.095567303782025340e-02 2.675884505896706025e-02 1.325742171614477383e-02 1.621797478649857766e-02 4.863765758438389278e-03 1.143554290361935809e-02 5.206994713298088856e-02 1.859292395282635332e-02 3.694184627897519058e-02 1.371289141927612906e-02 3.671411142740951816e-02 7.645384302562016968e-04 2.858072387149247773e-02 3.416022773485156679e-04 3.661651077673851173e-02 2.610817405449369563e-02 2.262708418056120357e-02 2.879219194794631950e-03 3.609597397315982004e-02 2.440016266775111914e-04 2.737698251321675491e-02 2.991459943066287000e-02 3.609597397315982004e-02 1.057340382269215126e-03 2.440016266775111914e-04 1.377795851972346552e-02 3.316795445302968964e-02 7.791785278568524008e-03 1.789345262301748646e-04 1.260675071167141094e-02 2.477429849532330336e-02 
2.220414802765351830e-02 1.716144774298495462e-02 6.262708418056120614e-03 2.718178121187474552e-02 3.326555510370068913e-02 2.064253761691744668e-02 1.228141520943473036e-02 1.218381455876372567e-02 8.865392435949573033e-03 7.108580723871492889e-03 3.741358275721837906e-04 2.819032126880845895e-02 2.015453436356242495e-02 0.000000000000000000e+00 6.685644570963806751e-03 1.237901586010573332e-02 8.409922732818219532e-03 8.995526636844245957e-03 1.293208621390809325e-02 2.991459943066287000e-02 1.667344448962992942e-02 9.646197641317608845e-03 1.075233834892232697e-02 1.208621390809272098e-02 1.761691744611630639e-02 3.334688897925986318e-03 4.213094753965026390e-03 9.597397315982106498e-04 9.483529890199267690e-03 1.569743798291988596e-02 1.286701911346075679e-02 2.174867832452216307e-02 1.917852785685237801e-02 4.647417649450996668e-02 2.457909719398129397e-02 4.435949572997153340e-02 1.415209434729564801e-03 1.582757218381455888e-02 7.498983326555510795e-03 1.969906466043106971e-02 1.137047580317202163e-02 1.244408296055306978e-02 3.160634404229361455e-02 1.397315982106547318e-02 5.774705164701098015e-03 3.692557950386335993e-03 2.423749491663277581e-03 2.129320862139080783e-02 4.146400976006506950e-02 2.568523790158601036e-02 3.424156161041073954e-02 1.773078487189914693e-03 2.444896299308662105e-02 7.336315575437169639e-03 1.680357869052460235e-02 2.000813338755591878e-03 2.440016266775111914e-04 2.802765351769011953e-02 1.777958519723464928e-02 1.680357869052460235e-02 2.832045546970313188e-02 5.392435949572996906e-02 1.966653111020739975e-02 3.095567303782025340e-02 1.891825945506303217e-02 3.090687271248474910e-04 
4.370882472549816877e-02 2.708418056120374257e-02 2.793005286701911311e-02 1.569743798291988596e-02 1.237901586010573332e-02 4.510776738511589751e-02 1.628304188694591412e-02 3.808052053680358040e-02 1.397315982106547318e-02 2.196014640097600831e-03 3.808052053680358040e-02 1.439609597397316018e-02 2.130947539650264368e-03 6.685644570963806751e-03 0.000000000000000000e+00 6.002440016266774765e-03 1.703131354209028170e-02 2.984953233021553354e-02 9.418462789751931227e-03 5.724278161854412517e-02 3.887759251728344946e-03 3.398129320862139369e-02 2.770231801545343722e-02 1.433102887352582372e-02 6.653111020740138520e-03 2.106547376982513195e-02 4.540056933712891679e-02 1.911346075640504155e-02 8.344855632370883070e-03 5.255795038633590682e-02 4.832858885725904718e-02 1.670597803985359939e-02 6.387962586417242350e-02 2.239934932899552769e-02 6.918259455063033303e-02 3.525010166734444950e-02 3.339568930459536206e-02 2.984953233021553354e-02 1.673851159007726588e-02 5.171207808052053628e-02 1.111020740138267578e-02 5.893452623017486625e-02 9.711264741764945307e-03 6.059373729158194083e-02 9.385929239528262996e-03 8.883285888572590994e-02 2.618950793005286534e-03 5.704758031720211231e-02 1.673851159007726588e-02 1.592517283448556184e-02 5.254168361122407184e-03 1.289955266368442502e-02 1.979666531110207267e-02 2.952419682797885470e-02 1.459129727531516957e-02 4.198454656364375426e-02 3.440422936152907896e-02 3.432289548596990578e-03 1.708011386742578231e-03 3.733224888165920935e-02 1.530703538023586892e-02 4.429442862952419346e-02 4.224481496543310011e-02 1.071980479869865874e-02 2.148840992273281722e-02 2.269215128100854004e-02 
1.787718584790565224e-02 1.826758845058967101e-02 4.766165107767385452e-03 4.810085400569336783e-02 2.773485156567710372e-02 1.068727124847499051e-02 2.002440016266775202e-02 1.708011386742578231e-03 1.464009760065067148e-04 2.174867832452216307e-02 1.621797478649857766e-02 2.391215941439609784e-03 2.259455063033753708e-02 1.237901586010573332e-02 6.002440016266774765e-03 0.000000000000000000e+00 1.838145587637250939e-03 1.433102887352582372e-02 1.820252135014233455e-02 6.815778771858478809e-03 2.571777145180968033e-02 6.425376169174460902e-03 2.750711671411142784e-02 1.439609597397316018e-02 3.472956486376575780e-02 1.478649857665717722e-02 2.919886132574217238e-02 8.897925986173241264e-03 3.385115900772672076e-02 1.260675071167141094e-02 2.061000406669377671e-02 1.185847905652704336e-02 1.618544123627490769e-02 1.247661651077673801e-02 1.101260675071167108e-02 5.904839365595770939e-03 1.654331028873525997e-02 1.065473769825132228e-02 2.705164701098007260e-02 1.595770638470923181e-02 1.220008133387555848e-03 2.373322488816591996e-02 1.545343635624237509e-03 2.012200081333875498e-02 1.101260675071167108e-02 1.013420089467263058e-02 1.032940219601463996e-02 9.353395689304594765e-03 1.447742984953233033e-03 6.197641317608784152e-03 2.129320862139080783e-02 2.584790565270434978e-02 2.669377795851972379e-02 1.930866205774705094e-02 2.456283041886945812e-03 2.196014640097600831e-03 2.163481089873932599e-03 6.100040666937779459e-03 5.042700284668564983e-04 2.324522163481089823e-02 1.843025620170801043e-02 1.252541683611224079e-03 5.807238714924766246e-03 8.946726311508742960e-04 2.610817405449369563e-02 6.197641317608784152e-03 
5.115900772671817809e-02 1.117527450183001224e-02 1.306222041480276617e-02 3.586823912159414068e-02 5.839772265148434477e-03 2.064253761691744668e-02 6.488816592110614734e-02 4.679951199674664553e-02 2.357055713704758054e-02 3.920292801952013177e-03 3.440422936152907896e-02 2.688897925986173318e-02 1.524196827978853246e-02 8.409922732818219532e-03 1.703131354209028170e-02 1.838145587637250939e-03 0.000000000000000000e+00 8.247254981699878376e-03 1.068727124847499051e-02 1.524196827978853246e-02 4.283041886945913174e-02 1.543716958113054011e-02 5.807238714924766246e-03 1.553477023180154480e-02 1.641317608784058704e-02 3.562423749491663068e-03 6.132574217161447690e-03 2.483936559577063982e-02 1.293208621390809325e-02 5.047580317202114697e-02 5.233021553477023441e-02 3.310288735258234971e-02 3.690931272875152408e-02 2.555510370069133744e-02 3.635624237494916589e-02 1.572997153314355592e-02 3.790158601057340253e-03 3.334688897925986318e-03 5.807238714924766246e-03 3.339568930459536206e-02 4.603497356649044296e-03 5.346888979259861729e-02 1.276941846278975209e-02 4.439202928019519989e-02 2.135827572183814430e-02 3.915412769418463029e-02 9.028060187067914188e-03 8.460349735664904336e-02 7.759251728344855777e-03 1.276941846278975209e-02 6.718178121187474983e-03 3.206181374542496632e-02 2.944286295241968412e-03 1.154941032940219603e-03 1.218381455876372567e-02 2.228548190321268628e-03 1.252541683611224079e-03 9.093127287515250651e-03 1.608784058560390473e-02 1.634810898739325058e-02 6.002440016266774765e-03 2.358682391215941553e-03 4.673444489629930559e-02 5.286701911346075415e-03 4.392029280195201444e-04 3.404636030906872668e-02 
1.270435136234241563e-02 9.678731191541277076e-03 1.735664904432696054e-02 1.683611224074827231e-02 6.360309068727124440e-03 3.041886945912972672e-03 2.806018706791378603e-02 8.702724684831231877e-03 2.360309068727124704e-02 3.627490849938999531e-03 9.906466043106954694e-03 7.661651077673851083e-03 1.351769011793411968e-02 8.995526636844245957e-03 2.984953233021553354e-02 1.433102887352582372e-02 8.247254981699878376e-03 0.000000000000000000e+00 1.169581130540870220e-02 4.331842212281415000e-02 7.320048800325335741e-04 2.649857665717771441e-02 3.204554697031313393e-03 9.093127287515250651e-03 1.358275721838145614e-02 2.065880439202927906e-03 2.618950793005286534e-03 8.800325335502236571e-03 4.538430256201707834e-03 1.296461976413176148e-02 3.106954046360309134e-03 1.683611224074827231e-02 9.483529890199267690e-03 2.077267181781211960e-02 1.491663277755185014e-02 5.546970313135421264e-03 3.307035380235868322e-02 1.631557543716958061e-02 9.385929239528262996e-03 1.283448556323708856e-02 8.052053680357868989e-03 1.306222041480276617e-02 7.303782025213501408e-03 1.455876372509150134e-02 2.243188287921919419e-02 8.052053680357868989e-03 1.647824318828792350e-02 2.646604310695404791e-02 2.558763725091500740e-02 8.214721431476210145e-03 4.896299308662057509e-03 1.924359495729971448e-02 2.594550630337535621e-02 7.596583977226514621e-03 2.711671411142740906e-02 2.252948352989020062e-02 4.504270028466856451e-02 4.798698657991053683e-03 1.797478649857665867e-02 3.627490849938999531e-03 4.570963806425376065e-03 3.485969906466043072e-02 1.709638064253761816e-02 3.193167954453030033e-02 6.018706791378608664e-04 2.285481903212687946e-02 
2.731191541276941845e-02 3.801545343635624047e-02 2.448149654331028754e-02 2.814152094347295487e-03 4.283041886945913174e-02 2.391215941439609784e-03 3.855225701504676715e-03 5.774705164701098015e-03 1.911346075640504155e-02 2.074013826758844964e-02 1.816998779991866458e-02 1.293208621390809325e-02 1.740544936966246462e-03 1.293208621390809325e-02 9.418462789751931227e-03 1.820252135014233455e-02 1.068727124847499051e-02 1.169581130540870220e-02 0.000000000000000000e+00 1.211874745831638921e-02 2.488816592110614043e-03 3.952826352175681408e-03 5.481903212688084802e-03 1.237901586010573332e-02 2.326148840992273321e-03 4.549816998779991628e-02 3.033753558357055874e-02 1.935746238308255415e-03 3.692557950386335993e-03 7.629117527450182852e-03 5.579503863359088628e-03 4.458723058153721275e-02 1.124034160227734870e-02 3.180154534363562741e-02 3.892639284261895094e-02 1.976413176087840617e-02 1.039446929646197643e-02 1.381049206994713376e-02 2.684017893452622996e-03 1.075233834892232697e-02 6.685644570963806751e-03 5.368035786905246210e-04 1.908092720618137506e-02 2.293615290768605090e-03 2.675884505896706025e-02 1.410329402196014610e-02 2.139080927206181426e-02 1.498169987799918661e-02 2.464416429442863044e-02 1.429849532330215549e-02 4.845872305815372011e-02 6.685644570963806751e-03 1.481903212688084545e-02 4.538430256201707834e-03 2.031720211468076437e-02 7.791785278568524008e-03 2.586417242781618737e-03 1.628304188694591412e-02 2.945912972753151823e-02 2.500203334688897924e-02 3.531516876779178249e-02 1.459129727531516957e-02 2.314762098413989527e-02 3.411142740951606661e-02 4.636030906872712527e-03 1.289955266368442502e-02 
1.211874745831638921e-02 7.368849125660837870e-03 1.472143147620984076e-02 1.777958519723464928e-02 1.833265555103700747e-02 2.456283041886945812e-03 1.387555917039446848e-02 6.344042293615290975e-04 4.556323708824725621e-02 1.328995526636844206e-02 2.854819032126880776e-02 3.840585603904025924e-02 4.000000000000000083e-02 2.991459943066287000e-02 5.724278161854412517e-02 6.815778771858478809e-03 1.524196827978853246e-02 4.331842212281415000e-02 1.211874745831638921e-02 0.000000000000000000e+00 2.324522163481089823e-02 8.019520130134200758e-03 1.545343635624237509e-03 8.865392435949573033e-03 4.538430256201707834e-03 2.057747051647011022e-02 1.000406669377795765e-02 1.699877999186661173e-02 3.464823098820658809e-03 1.426596177307848726e-02 1.382675884505896787e-03 4.992273281821878878e-02 1.882065880439202921e-02 3.284261895079300386e-02 1.231394875965839686e-02 6.457909719398129134e-03 2.750711671411142784e-02 5.597397315982106242e-02 2.586417242781618737e-03 3.876372509150061152e-02 3.267995119967466444e-02 2.353802358682391058e-02 2.440016266775111914e-04 1.740544936966246462e-03 1.891825945506303217e-02 8.377389182594551301e-03 2.779991866612444018e-02 2.135827572183814430e-02 7.759251728344855777e-03 3.817812118747457989e-02 3.811305408702724690e-02 4.375762505083367546e-03 5.799105327368848928e-02 7.564050427002846390e-03 1.872305815372102625e-02 3.367222448149654115e-03 9.483529890199267690e-03 2.781618544123627690e-03 4.286295241968279823e-02 3.551037006913379535e-02 2.923139487596583888e-02 2.591297275315168624e-02 1.140300935339568986e-02 2.456283041886945812e-03 3.098820658804391989e-02 5.368035786905246210e-04 
1.708011386742578231e-03 1.836518910126067397e-02 7.645384302562016968e-04 4.387149247661650819e-02 2.308255388369255881e-02 1.286701911346075679e-02 6.641724278161854900e-02 1.745424969499796697e-02 6.718178121187474983e-03 6.344042293615290975e-04 5.841398942659617455e-02 1.891825945506303217e-02 7.139487596583976581e-02 1.667344448962992942e-02 3.887759251728344946e-03 2.571777145180968033e-02 4.283041886945913174e-02 7.320048800325335741e-04 2.488816592110614043e-03 2.324522163481089823e-02 0.000000000000000000e+00 3.367222448149654115e-03 1.764945099633997636e-02 3.560797071980480177e-02 1.797478649857665867e-02 2.851565677104514127e-02 4.636030906872712527e-03 4.115494103294021697e-03 2.666124440829605383e-02 2.532736884912566155e-02 7.889385929239527834e-03 8.344855632370883070e-03 5.742171614477429784e-03 9.581130540870272383e-03 1.154941032940219603e-03 3.416022773485156679e-04 4.766165107767385452e-03 1.415209434729564801e-03 3.432289548596990578e-03 6.783245221634810578e-03 2.911752745018300181e-03 2.402602684017893578e-02 1.215128100854005744e-02 1.462383082553883606e-02 1.381049206994713376e-02 7.238714924766164946e-03 2.252948352989020062e-02 2.464416429442863044e-02 1.384302562017080199e-02 5.042700284668564983e-04 6.620577470516470289e-03 1.293208621390809325e-02 2.630337535583570502e-02 6.848312322082147040e-03 3.736478243188287585e-02 3.627490849938999531e-03 9.873932492883286463e-03 2.470923139487596690e-02 6.783245221634810578e-03 2.614070760471736560e-02 1.351769011793411968e-02 1.527450183001220069e-02 1.686864579097193881e-02 2.298495323302155238e-02 1.520943472956486422e-02 3.307035380235868322e-02 
8.052053680357868989e-03 1.185847905652704336e-02 3.741358275721837906e-04 8.897925986173241264e-03 3.476209841398942429e-02 1.068727124847499051e-02 2.835298901992679838e-02 4.175681171207808184e-02 1.309475396502643267e-02 4.880032533550223827e-05 1.690117934119560877e-02 3.009353395689304440e-03 1.625050833672224415e-02 9.646197641317608845e-03 3.398129320862139369e-02 6.425376169174460902e-03 1.543716958113054011e-02 2.649857665717771441e-02 3.952826352175681408e-03 8.019520130134200758e-03 3.367222448149654115e-03 0.000000000000000000e+00 1.898332655551036863e-02 1.107767385115900755e-02 5.351769011793411877e-03 4.148027653517689928e-03 1.415209434729564801e-03 3.741358275721837906e-04 3.635624237494916589e-02 6.179747864985766365e-02 3.765758438389589513e-02 1.852785685237901686e-02 4.878405856039040589e-02 4.961366409109393971e-03 3.952826352175681408e-03 1.010166734444896235e-02 3.237088247254981625e-03 3.427409516063440603e-02 1.208621390809272098e-02 3.827572183814558632e-02 2.033346888979259675e-03 3.378609190727938083e-02 1.790971939812932220e-02 1.940626270841805737e-02 4.505896705978039603e-03 5.351769011793411877e-03 4.831232208214721047e-03 2.757218381455876430e-02 1.382675884505896787e-03 1.800732004880032516e-02 2.488816592110614043e-03 3.660024400162667762e-03 2.311508743391622531e-02 4.074827165514436494e-02 8.182187881252541914e-03 1.250915006100040625e-02 1.013420089467263058e-02 6.669377795851972202e-04 1.387555917039446848e-02 1.081740544936966170e-02 1.530703538023586892e-02 3.757625050833672022e-03 1.579503863359088892e-02 1.524196827978853246e-02 2.591297275315168624e-02 6.685644570963806751e-03 
4.087840585603903787e-02 3.495729971533143715e-02 2.168361122407482661e-02 2.178121187474583303e-02 2.152094347295648719e-02 3.741358275721837906e-04 4.928832858885725740e-03 1.140300935339568986e-02 1.621797478649857766e-02 1.156567710451402928e-02 9.971533143554291156e-03 9.125660837738918882e-03 4.717364782431882671e-04 1.075233834892232697e-02 2.770231801545343722e-02 2.750711671411142784e-02 5.807238714924766246e-03 3.204554697031313393e-03 5.481903212688084802e-03 1.545343635624237509e-03 1.764945099633997636e-02 1.898332655551036863e-02 0.000000000000000000e+00 1.462383082553883606e-02 2.919886132574217238e-02 1.387555917039446848e-02 2.311508743391622531e-02 6.783245221634810578e-03 1.517690117934119599e-02 3.495729971533143715e-02 2.015453436356242495e-02 2.228548190321268628e-03 2.503456689711264574e-02 1.228141520943473036e-02 1.355022366815778791e-02 9.516063440422935921e-03 2.565270435136234387e-02 3.594957299715331300e-03 2.321268808458723173e-02 1.533956893045953715e-02 1.120780805205368047e-02 7.759251728344855777e-03 9.808865392435950001e-03 1.708011386742578231e-03 2.651484343228954765e-03 1.355022366815778791e-02 1.439609597397316018e-02 1.350142334282228556e-03 3.106954046360309134e-03 1.381049206994713376e-02 8.117120780805205452e-03 1.823505490036600105e-02 1.774705164701097931e-02 1.625050833672224415e-02 5.514436762911753033e-03 4.603497356649044296e-03 5.091500610004066896e-03 2.243188287921919419e-02 6.132574217161447690e-03 1.124034160227734870e-02 1.263928426189507917e-02 2.944286295241968412e-03 1.091500610004066639e-02 1.420089467263115079e-02 3.920292801952013177e-03 5.481903212688084802e-03 
2.812525416836112249e-02 2.698657991053273614e-02 1.563237088247254949e-02 3.586823912159414068e-02 1.315982106547376913e-02 3.562423749491663068e-03 1.111020740138267578e-02 1.068727124847499051e-02 1.774705164701097931e-02 5.506303375355835888e-02 2.423749491663277581e-03 1.797478649857665867e-02 1.309475396502643267e-02 1.208621390809272098e-02 1.433102887352582372e-02 1.439609597397316018e-02 1.553477023180154480e-02 9.093127287515250651e-03 1.237901586010573332e-02 8.865392435949573033e-03 3.560797071980480177e-02 1.107767385115900755e-02 1.462383082553883606e-02 0.000000000000000000e+00 3.677917852785685116e-02 1.045953639690931289e-02 3.521756811712078300e-02 4.115494103294021697e-03 6.555510370069133827e-03 3.180154534363562741e-02 1.415209434729564801e-03 3.106954046360309134e-03 3.668157787718584473e-02 2.552257015046767094e-02 1.381049206994713376e-02 1.820252135014233455e-02 3.010980073200487939e-02 2.711671411142740906e-02 1.195607970719804805e-02 3.703944692964619700e-02 4.392029280195201444e-04 2.392842618950792935e-02 4.017893452623017871e-03 5.405449369662464199e-02 4.375762505083367546e-03 1.973159821065473621e-02 1.374542496949979729e-02 2.669377795851972379e-02 1.335502236681577852e-02 1.481903212688084545e-02 4.813338755591704127e-02 1.276941846278975209e-02 2.958926392842619116e-02 4.504270028466856451e-02 2.636844245628304148e-02 1.133794225294835339e-02 8.767791785278568339e-03 3.041886945912972672e-03 9.678731191541277076e-03 8.084587230581537221e-03 3.627490849938999531e-03 1.306222041480276617e-02 4.758031720211468307e-02 1.270435136234241563e-02 1.338755591703944675e-02 2.451403009353395751e-02 
