1.000000 -0.109844 -0.038036 0.030767 0.045477 -0.018919 0.122187 0.431021 0.049761 0.176317 -0.026661 -0.025868 0.195244 0.008030 0.225210 -0.015240 0.144589 -0.040977 0.109087 -0.019207 0.031480 0.227312 -0.013968 0.052322 0.097878 -0.015651 0.070959 -0.001878 0.028881 0.528337 0.355521 0.036554 0.589004 0.282173 -0.045962 0.037062 0.027517 0.022381 -0.018317 0.103964 0.117332 0.064651 0.212238 -0.055651 0.044169 0.232675 -0.034977 0.198239 0.029787 0.197063 -0.112578 0.020810 -0.047285 0.089536 0.001088 0.025580 0.010815 0.087868 -0.062851 0.118166 0.046645 -0.006926 0.271169 0.104605 0.033170 0.215519 
-0.109844 1.000000 0.346146 0.115319 0.127513 0.047451 0.013527 0.066294 0.104515 0.100167 0.114572 0.225975 0.154999 0.125298 0.048035 0.035032 -0.105323 0.073778 0.026566 -0.030086 0.096501 -0.006695 0.121213 0.010906 0.080559 0.218189 -0.094209 0.002943 0.072731 -0.108965 0.028390 0.197875 -0.155745 0.014078 0.639151 0.056455 0.045563 0.085477 0.165797 0.048748 0.120586 0.045923 0.062661 0.077413 0.263612 -0.004972 0.221868 -0.008148 0.057377 -0.038196 0.007312 0.139192 0.081240 0.013748 0.063084 0.052652 0.065013 0.042162 0.006828 0.053780 0.064524 0.004361 -0.065410 0.040553 0.087981 -0.067249 
-0.038036 0.346146 1.000000 0.043820 0.165160 0.059446 -0.044863 0.063207 0.065712 -0.066473 0.012901 0.040817 0.013762 0.051358 -0.034654 0.016708 -0.016794 -0.013398 0.016829 0.055158 -0.013925 -0.003338 0.153901 0.115724 -0.002295 -0.003995 -0.017128 -0.016710 0.046717 -0.040253 0.024628 0.126599 -0.066084 0.037429 0.012497 -0.007590 -0.012466 -0.009203 0.049560 -0.015146 0.033863 -0.008837 0.068530 -0.076930 0.070716 -0.070291 0.144490 -0.063023 0.036354 -0.056434 0.025283 0.048133 0.048259 -0.050881 0.021861 0.072434 0.091726 0.045855 0.066410 -0.040328 0.055799 0.006153 -0.010435 0.054499 0.035802 -0.037209 
0.030767 0.115319 0.043820 1.000000 0.015885 0.032955 -0.036721 0.096956 -0.043036 0.432873 0.004259 0.066838 0.121658 0.094789 -0.043424 0.047599 -0.056206 -0.018936 0.064146 0.018485 0.601931 -0.006616 0.060250 -0.000889 0.469658 0.004449 -0.024019 0.078647 0.150477 0.048889 0.060122 -0.037457 0.020349 0.134380 0.082157 0.075124 0.260970 0.077355 0.084651 0.027655 0.019415 0.010269 0.139722 0.005273 0.043193 0.039042 0.073278 0.061761 -0.019798 0.003032 -0.002905 -0.040562 -0.023516 0.129756 -0.112816 0.050712 0.006369 0.162738 -0.027754 0.062252 0.068333 -0.145362 0.006362 0.024807 0.064058 -0.052260 
0.045477 0.127513 0.165160 0.015885 1.000000 0.070535 0.101295 0.127531 0.395992 0.154631 0.100853 0.144203 0.127524 0.074814 0.058722 0.108853 0.338403 0.054408 0.008045 0.041987 -0.014812 0.147529 0.252445 0.079526 0.155401 0.032231 0.060583 0.098674 0.078781 0.106751 0.123142 0.612951 0.090596 0.067326 0.136889 0.042093 0.064546 0.039304 0.029864 -0.025792 0.058910 -0.080855 0.203276 -0.015041 -0.058899 -0.021615 0.018783 -0.009121 0.175411 0.064896 -0.044235 -0.054558 0.017886 0.084653 -0.004771 0.254949 0.124850 0.064796 0.067511 0.063459 0.064747 0.026141 0.022856 0.046495 -0.022904 0.057120 
-0.018919 0.047451 0.059446 0.032955 0.070535 1.000000 0.079296 0.116816 0.092859 -0.048859 -0.038771 0.019223 0.066668 0.183921 0.062397 0.021219 0.113745 -0.004428 0.114297 -0.025804 0.000833 -0.056910 0.081673 -0.013211 -0.009542 0.216584 0.148168 0.113753 -0.022678 0.022193 -0.039343 0.288787 0.021948 0.112568 -0.006928 0.123378 0.033402 0.052894 0.541195 0.050463 0.006348 0.163803 0.138178 -0.026573 0.201969 0.031592 0.362320 0.152821 0.082282 -0.053638 0.125226 0.279235 0.006877 -0.009908 0.039992 0.097219 0.082752 0.110174 0.269230 0.059408 0.251348 0.066295 0.153742 0.103535 0.151073 0.131030 
0.122187 0.013527 -0.044863 -0.036721 0.101295 0.079296 1.000000 0.071251 0.376184 0.006055 0.074115 -0.034216 0.485328 -0.019364 0.251739 0.075773 0.519416 0.022156 -0.013748 0.079186 0.003994 0.043989 0.099336 0.032180 0.037782 0.115699 0.130394 0.144042 0.015259 -0.028157 -0.024580 0.181485 0.008414 0.113888 0.009527 -0.108169 0.074764 0.020386 0.046866 0.127367 -0.025588 0.144691 0.086755 -0.010715 0.062001 0.244985 0.059065 0.145267 0.016250 0.233115 -0.059899 0.113890 0.065981 0.103530 -0.040834 0.086075 -0.005118 -0.035326 0.032793 -0.082831 -0.033145 -0.081903 0.105706 0.057242 0.000449 0.162296 
0.431021 0.066294 0.063207 0.096956 0.127531 0.116816 0.071251 1.000000 0.090166 0.166904 0.123004 0.102630 0.178215 0.083630 0.037792 0.063363 0.076125 0.068181 0.094879 0.038782 0.132117 0.092217 0.066426 0.103766 0.134576 0.035839 0.053712 0.035699 0.164140 0.007195 0.144104 0.108338 0.068854 0.238644 0.033727 0.058410 0.074051 -0.016584 0.012967 -0.043594 0.224596 -0.072327 0.158573 0.042045 0.130953 0.202363 0.069725 0.024756 -0.057418 -0.029842 -0.004481 0.069583 0.043096 0.140683 0.001194 -0.002922 -0.020267 0.037940 -0.044286 0.001514 -0.002244 -0.063384 0.099980 0.065282 -0.027104 0.078604 
0.049761 0.104515 0.065712 -0.043036 0.395992 0.092859 0.376184 0.090166 1.000000 -0.007360 0.064580 0.109459 0.272904 0.043926 0.630647 0.136670 0.401688 0.085006 -0.047305 0.087956 0.019825 0.093623 0.172665 0.074642 -0.000863 0.134236 0.019335 0.085976 0.071653 0.181732 -0.002188 0.484693 0.099993 -0.001702 0.074786 -0.029134 -0.000336 0.013966 0.105654 0.012223 -0.031560 -0.008053 0.156788 -0.114128 0.053706 0.010835 0.121125 0.012508 0.088744 0.106691 -0.013165 0.052957 0.036099 0.016344 -0.061118 0.148501 -0.011857 0.021225 0.249635 -0.010216 0.087263 -0.108769 0.024436 0.031418 -0.053197 0.100796 
0.176317 0.100167 -0.066473 0.432873 0.154631 -0.048859 0.006055 0.166904 -0.007360 1.000000 -0.008816 0.116674 0.152221 0.102048 -0.028128 0.312014 -0.069920 0.056751 0.021630 -0.048683 0.239916 0.189342 0.292205 0.154963 0.733997 0.010790 0.015846 -0.014314 0.339893 0.038592 0.177053 0.002731 0.091437 0.194518 0.095969 0.039022 0.224754 0.287810 0.076396 0.256707 0.108629 0.163672 0.216024 0.106148 0.065956 0.169410 0.088596 0.214603 0.063549 0.361595 -0.047591 0.028851 -0.008515 0.191090 0.036312 0.115380 0.004188 0.240894 0.002909 0.065948 0.023176 -0.017775 0.212057 0.085827 0.236866 0.150481 
-0.026661 0.114572 0.012901 0.004259 0.100853 -0.038771 0.074115 0.123004 0.064580 -0.008816 1.000000 0.121038 0.361235 0.108192 0.131063 0.123168 0.027956 0.172238 0.159444 0.054512 0.165479 0.082874 0.055229 0.092763 -0.005805 0.024447 -0.096152 0.028714 0.001937 0.031109 0.033050 0.019220 0.007242 0.108074 0.077339 0.044367 0.039241 0.063732 -0.009120 0.084488 0.067708 0.079717 -0.030205 0.231210 0.116368 0.070705 0.092854 0.040736 0.005058 -0.026703 0.139326 0.037421 0.033324 -0.028140 0.072786 -0.017212 -0.052027 0.027320 -0.014423 0.026688 0.021660 0.039135 -0.018025 0.060520 0.029341 -0.022364 
-0.025868 0.225975 0.040817 0.066838 0.144203 0.019223 -0.034216 0.102630 0.109459 0.116674 0.121038 1.000000 0.001932 0.713214 -0.028314 0.069373 -0.103570 0.063959 0.362669 -0.033339 -0.007059 0.071812 0.075146 0.003512 0.077720 0.068040 -0.040752 0.153511 0.019674 0.077269 0.129745 0.119448 0.035203 0.075745 0.230461 0.012823 0.002704 0.032985 0.113692 0.027800 0.013389 -0.002113 -0.022174 0.103267 0.068935 -0.013902 0.238224 0.037519 0.124722 0.051915 0.117265 0.019241 0.101373 -0.012431 0.097701 0.055630 -0.002095 0.027895 0.055838 0.051798 0.158067 0.039778 -0.017403 0.096929 0.028500 -0.063850 
0.195244 0.154999 0.013762 0.121658 0.127524 0.066668 0.485328 0.178215 0.272904 0.152221 0.361235 0.001932 1.000000 0.048959 0.289933 0.032037 0.265495 0.134549 0.115753 0.177425 0.358683 0.011009 0.023988 -0.039510 0.063176 0.205875 0.030227 0.043314 0.042410 0.087455 -0.032901 0.144696 0.047285 0.362950 0.171546 0.085881 0.013986 0.002194 0.039648 0.199116 0.171360 0.243916 0.106381 -0.004327 0.142993 0.273207 0.158704 0.298902 0.022090 0.187196 0.024138 0.180925 0.121013 0.005212 -0.007332 0.030984 0.047318 -0.007556 0.187718 -0.041575 0.047914 0.023676 0.259900 0.180185 0.023452 0.246858 
0.008030 0.125298 0.051358 0.094789 0.074814 0.183921 -0.019364 0.083630 0.043926 0.102048 0.108192 0.713214 0.048959 1.000000 -0.087466 0.009242 -0.063708 0.126161 0.357945 -0.120256 0.028631 0.002805 0.029820 -0.066920 0.068466 0.075482 -0.043408 0.096789 -0.005781 0.082257 0.050236 0.040480 0.072816 0.127053 0.109559 0.041684 0.005456 0.085442 0.184151 0.092589 0.002020 0.059248 -0.025765 0.067822 0.327661 -0.013522 0.606987 0.042320 0.075066 0.048036 0.146740 0.174510 0.006665 -0.042531 0.041986 0.028200 0.002325 0.009582 0.020643 0.035059 0.118776 0.012652 0.000737 0.098943 0.071790 -0.042212 
0.225210 0.048035 -0.034654 -0.043424 0.058722 0.062397 0.251739 0.037792 0.630647 -0.028128 0.131063 -0.028314 0.289933 -0.087466 1.000000 0.099144 0.260218 0.053042 0.051754 0.042311 0.074827 -0.001641 0.071933 -0.034813 -0.029217 0.036983 0.065615 0.035417 0.050026 0.395916 -0.070910 0.227793 0.303479 0.068476 0.077138 0.018689 0.032046 0.017840 0.087310 0.048094 -0.023543 0.058626 0.142641 -0.053200 0.119238 0.097256 0.060712 0.126490 0.090818 0.077593 0.031937 0.153839 0.057178 0.078012 -0.047293 0.083239 -0.004016 0.065147 0.149992 0.027937 0.093409 0.003301 0.138589 0.016723 -0.012207 0.168573 
-0.015240 0.035032 0.016708 0.047599 0.108853 0.021219 0.075773 0.063363 0.136670 0.312014 0.123168 0.069373 0.032037 0.009242 0.099144 1.000000 0.119768 0.081009 -0.031638 -0.017509 0.094222 0.236646 0.772357 0.499212 0.206310 0.020800 0.000532 0.165439 0.212149 -0.000061 -0.006014 0.073732 0.052011 0.000649 0.065926 0.093642 0.125997 0.278506 0.075149 0.222945 0.027706 0.147956 0.192059 0.060045 0.059026 0.031166 0.008248 0.095679 0.413584 0.207521 0.051750 0.072147 0.050109 0.039002 0.127668 0.465990 0.064915 0.171671 0.036318 0.150161 0.177472 0.005640 0.096555 0.066921 0.204974 0.049944 
0.144589 -0.105323 -0.016794 -0.056206 0.338403 0.113745 0.519416 0.076125 0.401688 -0.069920 0.027956 -0.103570 0.265495 -0.063708 0.260218 0.119768 1.000000 -0.011542 0.045692 0.036717 0.017135 0.001427 0.097454 -0.011833 -0.019967 0.108213 0.220474 0.182762 0.030129 0.150399 -0.053421 0.327913 0.189126 0.096448 -0.033328 0.031965 0.022680 0.040652 0.067416 0.079014 -0.022811 0.084050 0.249253 -0.001342 -0.099323 0.171687 -0.058816 0.116521 0.028626 0.207655 -0.012724 -0.018316 0.012042 0.100929 -0.061264 0.155517 0.025449 -0.000912 0.072601 -0.013547 0.067102 -0.111154 0.153470 0.037790 0.080192 0.279312 
-0.040977 0.073778 -0.013398 -0.018936 0.054408 -0.004428 0.022156 0.068181 0.085006 0.056751 0.172238 0.063959 0.134549 0.126161 0.053042 0.081009 -0.011542 1.000000 0.046466 0.296611 0.098115 0.132881 0.071308 0.081702 0.013681 0.164696 0.076365 0.146386 0.030967 0.008710 -0.010694 0.081731 0.094993 0.024304 0.095220 -0.077170 -0.020948 0.080273 -0.006918 -0.000069 0.014938 -0.015368 0.040561 0.015903 0.235022 -0.021249 0.187028 0.052535 -0.015894 0.032400 0.160659 0.054350 0.007251 -0.019225 0.076185 -0.003468 0.022582 0.067406 0.148810 0.012104 0.046318 0.009484 0.087703 -0.036089 -0.010274 0.102080 
0.109087 0.026566 0.016829 0.064146 0.008045 0.114297 -0.013748 0.094879 -0.047305 0.021630 0.159444 0.362669 0.115753 0.357945 0.051754 -0.031638 0.045692 0.046466 1.000000 0.147810 0.048140 -0.021407 -0.058595 -0.094414 0.066277 0.022079 0.095358 0.080211 -0.021595 0.180757 -0.040382 -0.040365 0.234955 0.108325 0.006325 -0.037323 0.011258 -0.041856 0.177297 -0.041063 0.024167 -0.011005 0.142585 0.161508 0.013103 0.108452 0.143235 0.129423 0.085234 0.069651 0.044422 0.068988 0.040704 0.074533 0.006846 0.000111 0.028230 0.193632 0.056623 0.076527 0.142949 0.036457 0.116837 0.025743 0.093257 0.143136 
-0.019207 -0.030086 0.055158 0.018485 0.041987 -0.025804 0.079186 0.038782 0.087956 -0.048683 0.054512 -0.033339 0.177425 -0.120256 0.042311 -0.017509 0.036717 0.296611 0.147810 1.000000 0.018973 0.055547 -0.016069 -0.023126 0.022852 0.152738 0.295543 0.125881 0.027625 -0.046238 0.030861 0.018498 -0.061805 0.093840 0.011216 -0.078234 0.063227 -0.093173 -0.095579 -0.079975 -0.060780 -0.045107 0.083170 0.047118 -0.000127 0.029735 -0.018818 -0.010371 0.046991 -0.074201 0.030660 0.008647 0.117994 0.086020 0.093645 -0.011053 -0.002183 0.021384 0.200655 -0.055521 0.031001 0.032368 0.115417 0.096948 -0.092109 0.137247 
0.031480 0.096501 -0.013925 0.601931 -0.014812 0.000833 0.003994 0.132117 0.019825 0.239916 0.165479 -0.007059 0.358683 0.028631 0.074827 0.094222 0.017135 0.098115 0.048140 0.018973 1.000000 0.055297 0.094460 0.049058 0.126958 0.064718 0.029644 0.137705 0.057719 0.048691 0.045114 -0.027306 0.013582 0.138564 0.052217 -0.014527 0.265908 0.081165 0.083639 0.072033 0.066394 0.086007 0.096202 0.004492 0.086574 0.044981 0.052781 0.165342 -0.009788 0.051123 0.095213 0.018259 0.026136 0.213513 -0.068540 0.050090 -0.008062 0.058339 0.004990 0.116788 0.063276 -0.076755 0.086932 -0.049830 0.084112 0.030399 
0.227312 -0.006695 -0.003338 -0.006616 0.147529 -0.056910 0.043989 0.092217 0.093623 0.189342 0.082874 0.071812 0.011009 0.002805 -0.001641 0.236646 0.001427 0.132881 -0.021407 0.055547 0.055297 1.000000 0.266422 0.485509 0.130457 0.131100 0.185294 0.126301 0.133644 0.188829 0.560004 0.095382 0.228362 0.050943 0.006735 -0.066491 0.120370 0.131233 0.016766 0.111089 0.067776 0.055616 0.118681 0.016970 -0.005365 0.093551 -0.038225 0.112967 -0.006939 0.172362 -0.054269 -0.058975 -0.060615 0.109229 0.005656 0.049998 -0.065271 0.125972 0.001084 0.066608 0.020549 0.007786 0.115083 -0.008942 0.084139 0.084399 
-0.013968 0.121213 0.153901 0.060250 0.252445 0.081673 0.099336 0.066426 0.172665 0.292205 0.055229 0.075146 0.023988 0.029820 0.071933 0.772357 0.097454 0.071308 -0.058595 -0.016069 0.094460 0.266422 1.000000 0.556153 0.150637 0.035386 0.073573 0.272810 0.086969 -0.014090 0.025791 0.168663 0.031732 -0.062434 0.164857 0.088770 0.156864 0.387588 0.189764 0.262994 0.004494 0.139976 0.211170 0.031064 0.028628 0.030485 0.061427 0.043808 0.391574 0.221589 0.023972 -0.018620 0.053686 0.051893 0.152406 0.713691 0.185929 0.147048 0.058374 0.133952 0.158443 0.057767 0.070415 0.034557 0.308123 0.037444 
0.052322 0.010906 0.115724 -0.000889 0.079526 -0.013211 0.032180 0.103766 0.074642 0.154963 0.092763 0.003512 -0.039510 -0.066920 -0.034813 0.499212 -0.011833 0.081702 -0.094414 -0.023126 0.049058 0.485509 0.556153 1.000000 0.048794 0.019374 0.110382 0.250569 0.060698 -0.035734 0.137674 0.086050 0.002011 0.009948 0.006897 -0.028172 0.074309 0.159217 0.132982 0.116823 0.001532 0.082864 -0.003171 0.002155 -0.024858 -0.032702 -0.046429 0.060942 -0.002877 0.139137 -0.070904 -0.104320 -0.001277 -0.024557 0.013562 0.122408 -0.036423 0.066313 0.024148 0.022315 -0.006570 -0.026554 0.100315 -0.042664 0.133391 0.049252 
0.097878 0.080559 -0.002295 0.469658 0.155401 -0.009542 0.037782 0.134576 -0.000863 0.733997 -0.005805 0.077720 0.063176 0.068466 -0.029217 0.206310 -0.019967 0.013681 0.066277 0.022852 0.126958 0.130457 0.150637 0.048794 1.000000 -0.034173 0.007109 -0.074139 0.601638 -0.003677 0.151879 0.033064 0.029800 0.081994 0.108054 0.009195 0.193214 0.091081 0.069214 0.090038 0.065203 0.087087 0.256916 0.092541 0.067753 0.173902 0.068324 0.110213 0.115234 0.130005 -0.050195 0.047232 0.010534 0.190812 0.023744 0.085755 0.004149 0.292467 0.017945 0.094398 0.073505 -0.048144 0.069118 0.063760 0.089682 0.052355 
-0.015651 0.218189 -0.003995 0.004449 0.032231 0.216584 0.115699 0.035839 0.134236 0.010790 0.024447 0.068040 0.205875 0.075482 0.036983 0.020800 0.108213 0.164696 0.022079 0.152738 0.064718 0.131100 0.035386 0.019374 -0.034173 1.000000 0.253688 0.353035 -0.018784 -0.024447 0.014788 0.085302 -0.027565 0.149201 0.132941 0.032843 0.066882 0.026678 0.090840 0.112296 0.071167 0.158392 0.063161 -0.051284 0.113026 0.030861 0.113423 0.138412 0.078803 0.131922 0.080427 0.091333 0.059507 0.003084 0.016328 0.071146 0.016186 -0.017154 0.426709 0.005368 0.294085 0.019265 0.072070 0.014647 0.020057 0.057858 
0.070959 -0.094209 -0.017128 -0.024019 0.060583 0.148168 0.130394 0.053712 0.019335 0.015846 -0.096152 -0.040752 0.030227 -0.043408 0.065615 0.000532 0.220474 0.076365 0.095358 0.295543 0.029644 0.185294 0.073573 0.110382 0.007109 0.253688 1.000000 0.380224 0.013536 0.025911 0.137974 0.110431 0.076928 0.109452 -0.010878 -0.041093 0.086463 0.025527 0.143334 0.050169 0.039905 0.098425 0.144454 -0.028830 -0.051599 0.069379 -0.026924 0.159583 0.061005 0.116681 -0.099136 -0.049399 -0.031929 0.110388 -0.034899 0.085248 0.004593 0.081756 0.111845 0.061940 0.138586 0.017568 0.144759 -0.007564 0.083734 0.135104 
-0.001878 0.002943 -0.016710 0.078647 0.098674 0.113753 0.144042 0.035699 0.085976 -0.014314 0.028714 0.153511 0.043314 0.096789 0.035417 0.165439 0.182762 0.146386 0.080211 0.125881 0.137705 0.126301 0.272810 0.250569 -0.074139 0.353035 0.380224 1.000000 -0.101461 0.021808 -0.014274 0.183862 0.044842 0.051936 0.028435 -0.017781 0.085606 0.114120 0.152301 0.065616 0.017221 0.045797 0.090035 0.032085 -0.042590 -0.027427 -0.033945 0.050866 0.156354 0.111809 -0.010499 -0.152661 0.044035 0.041072 0.000822 0.225620 0.045341 0.062495 0.236995 0.208941 0.433931 0.019156 0.022767 -0.062918 0.081726 -0.007526 
0.028881 0.072731 0.046717 0.150477 0.078781 -0.022678 0.015259 0.164140 0.071653 0.339893 0.001937 0.019674 0.042410 -0.005781 0.050026 0.212149 0.030129 0.030967 -0.021595 0.027625 0.057719 0.133644 0.086969 0.060698 0.601638 -0.018784 0.013536 -0.101461 1.000000 -0.040539 0.068707 0.015133 -0.010563 -0.043218 0.086989 -0.045539 0.140785 -0.012756 -0.017790 0.013048 0.036495 0.038850 0.079546 0.050282 0.074520 0.190082 0.051019 0.035109 0.053326 0.038472 0.047836 0.065519 0.033557 0.181538 0.050683 -0.004699 -0.001425 0.114818 0.021428 0.128516 0.092363 -0.060918 -0.009095 0.007596 0.000008 -0.021925 
0.528337 -0.108965 -0.040253 0.048889 0.106751 0.022193 -0.028157 0.007195 0.181732 0.038592 0.031109 0.077269 0.087455 0.082257 0.395916 -0.000061 0.150399 0.008710 0.180757 -0.046238 0.048691 0.188829 -0.014090 -0.035734 -0.003677 -0.024447 0.025911 0.021808 -0.040539 1.000000 0.240911 0.139678 0.835285 0.177669 0.022886 0.127326 -0.020008 0.015507 0.038801 0.097179 0.045844 0.077666 0.163143 -0.067057 -0.013995 0.123989 -0.013314 0.192877 0.087965 0.149923 -0.028449 0.035094 -0.049092 -0.006159 0.014504 0.090807 0.035498 0.073354 -0.006230 0.097482 0.053888 -0.011610 0.215139 0.090021 0.030383 0.193403 
0.355521 0.028390 0.024628 0.060122 0.123142 -0.039343 -0.024580 0.144104 -0.002188 0.177053 0.033050 0.129745 -0.032901 0.050236 -0.070910 -0.006014 -0.053421 -0.010694 -0.040382 0.030861 0.045114 0.560004 0.025791 0.137674 0.151879 0.014788 0.137974 -0.014274 0.068707 0.240911 1.000000 0.081336 0.277473 0.125791 0.043152 -0.031051 0.080996 -0.027871 -0.009595 -0.036056 0.074015 -0.060807 0.123276 -0.006539 -0.036024 0.077188 -0.054170 0.072314 -0.022590 0.028097 -0.077493 -0.055483 -0.035517 0.133882 -0.018497 -0.051618 -0.077450 0.121545 -0.096658 0.060958 0.004591 0.030014 0.106344 0.044884 -0.023294 0.070066 
0.036554 0.197875 0.126599 -0.037457 0.612951 0.288787 0.181485 0.108338 0.484693 0.002731 0.019220 0.119448 0.144696 0.040480 0.227793 0.073732 0.327913 0.081731 -0.040365 0.018498 -0.027306 0.095382 0.168663 0.086050 0.033064 0.085302 0.110431 0.183862 0.015133 0.139678 0.081336 1.000000 0.090911 0.076856 0.111140 -0.023032 -0.029303 -0.034072 0.234109 -0.066476 0.086987 -0.057261 0.153824 -0.111889 0.093341 -0.082536 0.130358 0.004926 0.109260 0.030558 0.023807 0.102412 0.046264 -0.045692 -0.089266 0.154266 0.071769 0.052392 0.131103 0.065093 0.129315 0.018964 0.026785 0.051945 -0.071296 0.064695 
0.589004 -0.155745 -0.066084 0.020349 0.090596 0.021948 0.008414 0.068854 0.099993 0.091437 0.007242 0.035203 0.047285 0.072816 0.303479 0.052011 0.189126 0.094993 0.234955 -0.061805 0.013582 0.228362 0.031732 0.002011 0.029800 -0.027565 0.076928 0.044842 -0.010563 0.835285 0.277473 0.090911 1.000000 0.203935 -0.073392 0.044523 -0.033284 0.056181 0.085489 0.102347 0.076562 0.047712 0.215403 -0.017749 -0.026847 0.170534 -0.017337 0.177079 0.106450 0.231134 -0.027176 0.056009 -0.054514 0.031923 0.053741 0.089340 0.048117 0.116321 -0.071311 0.092366 0.040166 0.043949 0.292081 0.083384 0.075472 0.293623 
0.282173 0.014078 0.037429 0.134380 0.067326 0.112568 0.113888 0.238644 -0.001702 0.194518 0.108074 0.075745 0.362950 0.127053 0.068476 0.000649 0.096448 0.024304 0.108325 0.093840 0.138564 0.050943 -0.062434 0.009948 0.081994 0.149201 0.109452 0.051936 -0.043218 0.177669 0.125791 0.076856 0.203935 1.000000 -0.047371 -0.040583 0.074093 -0.087506 0.001965 0.045376 0.396668 0.154961 0.135827 -0.008330 0.092459 0.248877 0.090451 0.438774 0.016177 0.077019 0.069236 0.173428 0.114170 0.080171 0.042277 -0.031668 0.020761 0.041264 -0.007832 -0.015673 -0.016507 0.048453 0.599566 0.449383 0.056447 0.396312 
-0.045962 0.639151 0.012497 0.082157 0.136889 -0.006928 0.009527 0.033727 0.074786 0.095969 0.077339 0.230461 0.171546 0.109559 0.077138 0.065926 -0.033328 0.095220 0.006325 0.011216 0.052217 0.006735 0.164857 0.006897 0.108054 0.132941 -0.010878 0.028435 0.086989 0.022886 0.043152 0.111140 -0.073392 -0.047371 1.000000 0.415596 0.013373 0.165081 0.103229 0.210466 0.031617 0.175221 0.034199 0.049993 0.085231 0.074119 0.114840 0.013065 0.089365 0.025132 -0.066235 0.003990 0.065513 -0.001990 0.070966 0.172539 0.108985 0.025859 0.152395 0.064950 0.114304 -0.004021 -0.065330 -0.009273 0.160535 -0.074361 
0.037062 0.056455 -0.007590 0.075124 0.042093 0.123378 -0.108169 0.058410 -0.029134 0.039022 0.044367 0.012823 0.085881 0.041684 0.018689 0.093642 0.031965 -0.077170 -0.037323 -0.078234 -0.014527 -0.066491 0.088770 -0.028172 0.009195 0.032843 -0.041093 -0.017781 -0.045539 0.127326 -0.031051 -0.023032 0.044523 -0.040583 0.415596 1.000000 -0.043217 0.245285 0.082442 0.250804 -0.047761 0.195053 0.101372 -0.057231 0.033553 0.060451 0.100393 0.009939 0.052881 0.010562 0.046325 -0.009040 -0.008996 -0.122725 0.082076 0.175539 0.215353 0.085545 0.084368 0.041374 0.068516 0.012813 -0.014257 0.045800 0.212341 -0.000731 
0.027517 0.045563 -0.012466 0.260970 0.064546 0.033402 0.074764 0.074051 -0.000336 0.224754 0.039241 0.002704 0.013986 0.005456 0.032046 0.125997 0.022680 -0.020948 0.011258 0.063227 0.265908 0.120370 0.156864 0.074309 0.193214 0.066882 0.086463 0.085606 0.140785 -0.020008 0.080996 -0.029303 -0.033284 0.074093 0.013373 -0.043217 1.000000 0.156834 0.085012 0.030790 0.078486 0.028290 0.346881 0.210870 0.066396 0.215638 0.042668 0.081805 0.166547 0.019184 -0.022413 -0.004052 -0.034909 0.732362 -0.043793 0.164460 -0.005911 0.391766 0.003055 0.159835 0.162901 0.036440 -0.007237 -0.076718 0.158541 -0.079845 
0.022381 0.085477 -0.009203 0.077355 0.039304 0.052894 0.020386 -0.016584 0.013966 0.287810 0.063732 0.032985 0.002194 0.085442 0.017840 0.278506 0.040652 0.080273 -0.041856 -0.093173 0.081165 0.131233 0.387588 0.159217 0.091081 0.026678 0.025527 0.114120 -0.012756 0.015507 -0.027871 -0.034072 0.056181 -0.087506 0.165081 0.245285 0.156834 1.000000 0.291185 0.743414 -0.040584 0.485434 0.148126 0.136308 0.144577 0.103160 0.179920 0.208011 0.177060 0.534163 0.082303 0.003114 0.034947 0.152962 0.170191 0.350796 0.155783 0.106639 0.034796 0.213108 0.094155 0.081198 -0.001400 -0.057494 0.773236 -0.062539 
-0.018317 0.165797 0.049560 0.084651 0.029864 0.541195 0.046866 0.012967 0.105654 0.076396 -0.009120 0.113692 0.039648 0.184151 0.087310 0.075149 0.067416 -0.006918 0.177297 -0.095579 0.083639 0.016766 0.189764 0.132982 0.069214 0.090840 0.143334 0.152301 -0.017790 0.038801 -0.009595 0.234109 0.085489 0.001965 0.103229 0.082442 0.085012 0.291185 1.000000 0.204936 -0.025722 0.240632 0.199173 0.071657 0.202787 0.051566 0.348521 0.219902 0.164372 0.120924 0.020647 0.115937 0.017925 0.048447 -0.022862 0.186173 0.102373 0.183123 0.175195 0.177899 0.146814 0.100877 0.083326 -0.036201 0.469951 0.008843 
0.103964 0.048748 -0.015146 0.027655 -0.025792 0.050463 0.127367 -0.043594 0.012223 0.256707 0.084488 0.027800 0.199116 0.092589 0.048094 0.222945 0.079014 -0.000069 -0.041063 -0.079975 0.072033 0.111089 0.262994 0.116823 0.090038 0.112296 0.050169 0.065616 0.013048 0.097179 -0.036056 -0.066476 0.102347 0.045376 0.210466 0.250804 0.030790 0.743414 0.204936 1.000000 -0.021038 0.785178 0.000766 0.106303 0.118773 0.314968 0.176976 0.414321 0.158487 0.712996 0.037000 0.042075 0.008171 0.024274 0.131029 0.243987 0.055549 -0.043935 0.094624 0.098016 0.076294 0.078867 0.079755 0.005658 0.606713 -0.044972 
0.117332 0.120586 0.033863 0.019415 0.058910 0.006348 -0.025588 0.224596 -0.031560 0.108629 0.067708 0.013389 0.171360 0.002020 -0.023543 0.027706 -0.022811 0.014938 0.024167 -0.060780 0.066394 0.067776 0.004494 0.001532 0.065203 0.071167 0.039905 0.017221 0.036495 0.045844 0.074015 0.086987 0.076562 0.396668 0.031617 -0.047761 0.078486 -0.040584 -0.025722 -0.021038 1.000000 0.006221 0.184133 0.081204 0.046241 0.151951 -0.001043 0.108803 0.070644 -0.003622 -0.025429 0.113352 -0.008082 0.078823 -0.005301 0.015957 0.003446 0.090239 -0.131372 -0.020599 -0.052866 0.089373 0.111679 0.058768 0.058996 0.075381 
0.064651 0.045923 -0.008837 0.010269 -0.080855 0.163803 0.144691 -0.072327 -0.008053 0.163672 0.079717 -0.002113 0.243916 0.059248 0.058626 0.147956 0.084050 -0.015368 -0.011005 -0.045107 0.086007 0.055616 0.139976 0.082864 0.087087 0.158392 0.098425 0.045797 0.038850 0.077666 -0.060807 -0.057261 0.047712 0.154961 0.175221 0.195053 0.028290 0.485434 0.240632 0.785178 0.006221 1.000000 0.002905 0.134130 0.141819 0.387031 0.210039 0.666304 0.077587 0.413579 0.065755 0.045170 0.030142 0.030193 0.116753 0.096503 0.009232 -0.056296 0.163525 0.044516 0.095683 0.044484 0.236265 0.066184 0.545888 0.085677 
0.212238 0.062661 0.068530 0.139722 0.203276 0.138178 0.086755 0.158573 0.156788 0.216024 -0.030205 -0.022174 0.106381 -0.025765 0.142641 0.192059 0.249253 0.040561 0.142585 0.083170 0.096202 0.118681 0.211170 -0.003171 0.256916 0.063161 0.144454 0.090035 0.079546 0.163143 0.123276 0.153824 0.215403 0.135827 0.034199 0.101372 0.346881 0.148126 0.199173 0.000766 0.184133 0.002905 1.000000 0.061842 0.038230 0.221743 0.028819 0.121886 0.356059 0.063616 -0.067169 0.050769 0.027023 0.336237 0.068478 0.326077 0.182771 0.754816 0.027701 0.241860 0.140989 0.183390 0.126943 0.104647 0.190702 0.143441 
-0.055651 0.077413 -0.076930 0.005273 -0.015041 -0.026573 -0.010715 0.042045 -0.114128 0.106148 0.231210 0.103267 -0.004327 0.067822 -0.053200 0.060045 -0.001342 0.015903 0.161508 0.047118 0.004492 0.016970 0.031064 0.002155 0.092541 -0.051284 -0.028830 0.032085 0.050282 -0.067057 -0.006539 -0.111889 -0.017749 -0.008330 0.049993 -0.057231 0.210870 0.136308 0.071657 0.106303 0.081204 0.134130 0.061842 1.000000 -0.013883 0.309566 -0.009416 0.140194 0.032307 0.037980 -0.019596 0.048021 0.026878 0.373119 0.143464 0.025714 -0.058408 0.092037 -0.102229 0.057483 0.027996 0.143838 0.070011 0.009963 0.205244 0.084582 
0.044169 0.263612 0.070716 0.043193 -0.058899 0.201969 0.062001 0.130953 0.053706 0.065956 0.116368 0.068935 0.142993 0.327661 0.119238 0.059026 -0.099323 0.235022 0.013103 -0.000127 0.086574 -0.005365 0.028628 -0.024858 0.067753 0.113026 -0.051599 -0.042590 0.074520 -0.013995 -0.036024 0.093341 -0.026847 0.092459 0.085231 0.033553 0.066396 0.144577 0.202787 0.118773 0.046241 0.141819 0.038230 -0.013883 1.000000 -0.023505 0.776353 0.110721 -0.001853 -0.035493 0.122015 0.543208 0.011563 0.011551 0.036970 -0.000773 0.063049 0.008285 0.067609 0.044889 0.064024 0.021695 0.055108 0.025819 0.078819 0.026719 
0.232675 -0.004972 -0.070291 0.039042 -0.021615 0.031592 0.244985 0.202363 0.010835 0.169410 0.070705 -0.013902 0.273207 -0.013522 0.097256 0.031166 0.171687 -0.021249 0.108452 0.029735 0.044981 0.093551 0.030485 -0.032702 0.173902 0.030861 0.069379 -0.027427 0.190082 0.123989 0.077188 -0.082536 0.170534 0.248877 0.074119 0.060451 0.215638 0.103160 0.051566 0.314968 0.151951 0.387031 0.221743 0.309566 -0.023505 1.000000 -0.009956 0.452372 0.034845 0.271943 -0.010598 0.069134 0.050998 0.398125 0.047241 0.037962 0.002584 0.059942 -0.047107 0.009998 0.021764 0.023475 0.270541 0.070422 0.155633 0.196643 
-0.034977 0.221868 0.144490 0.073278 0.018783 0.362320 0.059065 0.069725 0.121125 0.088596 0.092854 0.238224 0.158704 0.606987 0.060712 0.008248 -0.058816 0.187028 0.143235 -0.018818 0.052781 -0.038225 0.061427 -0.046429 0.068324 0.113423 -0.026924 -0.033945 0.051019 -0.013314 -0.054170 0.130358 -0.017337 0.090451 0.114840 0.100393 0.042668 0.179920 0.348521 0.176976 -0.001043 0.210039 0.028819 -0.009416 0.776353 -0.009956 1.000000 0.095194 0.018651 -0.001816 0.105875 0.424085 -0.027634 -0.022902 0.051330 0.039981 0.068877 0.024258 0.249359 0.015598 0.100115 0.039614 0.042651 0.059749 0.173835 0.026316 
0.198239 -0.008148 -0.063023 0.061761 -0.009121 0.152821 0.145267 0.024756 0.012508 0.214603 0.040736 0.037519 0.298902 0.042320 0.126490 0.095679 0.116521 0.052535 0.129423 -0.010371 0.165342 0.112967 0.043808 0.060942 0.110213 0.138412 0.159583 0.050866 0.035109 0.192877 0.072314 0.004926 0.177079 0.438774 0.013065 0.009939 0.081805 0.208011 0.219902 0.414321 0.108803 0.666304 0.121886 0.140194 0.110721 0.452372 0.095194 1.000000 0.018791 0.377630 0.024415 0.145608 0.049455 0.135551 -0.023290 0.004099 -0.037332 0.039423 0.053382 0.102538 0.053280 0.065169 0.627786 0.076441 0.330609 0.355866 
0.029787 0.057377 0.036354 -0.019798 0.175411 0.082282 0.016250 -0.057418 0.088744 0.063549 0.005058 0.124722 0.022090 0.075066 0.090818 0.413584 0.028626 -0.015894 0.085234 0.046991 -0.009788 -0.006939 0.391574 -0.002877 0.115234 0.078803 0.061005 0.156354 0.053326 0.087965 -0.022590 0.109260 0.106450 0.016177 0.089365 0.052881 0.166547 0.177060 0.164372 0.158487 0.070644 0.077587 0.356059 0.032307 -0.001853 0.034845 0.018651 0.018791 1.000000 0.132345 -0.082315 0.062927 -0.034389 0.071447 0.114856 0.691346 0.259928 0.252331 0.049091 0.201703 0.271030 0.399743 -0.027111 -0.002852 0.199183 -0.094697 
0.197063 -0.038196 -0.056434 0.003032 0.064896 -0.053638 0.233115 -0.029842 0.106691 0.361595 -0.026703 0.051915 0.187196 0.048036 0.077593 0.207521 0.207655 0.032400 0.069651 -0.074201 0.051123 0.172362 0.221589 0.139137 0.130005 0.131922 0.116681 0.111809 0.038472 0.149923 0.028097 0.030558 0.231134 0.077019 0.025132 0.010562 0.019184 0.534163 0.120924 0.712996 -0.003622 0.413579 0.063616 0.037980 -0.035493 0.271943 -0.001816 0.377630 0.132345 1.000000 -0.043387 0.050550 0.005318 0.090102 -0.005976 0.176151 -0.043589 0.052623 0.057285 0.088818 0.044188 0.043313 0.180353 -0.063562 0.432247 0.075776 
-0.112578 0.007312 0.025283 -0.002905 -0.044235 0.125226 -0.059899 -0.004481 -0.013165 -0.047591 0.139326 0.117265 0.024138 0.146740 0.031937 0.051750 -0.012724 0.160659 0.044422 0.030660 0.095213 -0.054269 0.023972 -0.070904 -0.050195 0.080427 -0.099136 -0.010499 0.047836 -0.028449 -0.077493 0.023807 -0.027176 0.069236 -0.066235 0.046325 -0.022413 0.082303 0.020647 0.037000 -0.025429 0.065755 -0.067169 -0.019596 0.122015 -0.010598 0.105875 0.024415 -0.082315 -0.043387 1.000000 0.127716 0.345852 -0.000813 0.046853 -0.040108 -0.027086 -0.048422 -0.002156 -0.020878 0.020996 -0.155316 0.006988 0.067131 0.045737 0.068384 
0.020810 0.139192 0.048133 -0.040562 -0.054558 0.279235 0.113890 0.069583 0.052957 0.028851 0.037421 0.019241 0.180925 0.174510 0.153839 0.072147 -0.018316 0.054350 0.068988 0.008647 0.018259 -0.058975 -0.018620 -0.104320 0.047232 0.091333 -0.049399 -0.152661 0.065519 0.035094 -0.055483 0.102412 0.056009 0.173428 0.003990 -0.009040 -0.004052 0.003114 0.115937 0.042075 0.113352 0.045170 0.050769 0.048021 0.543208 0.069134 0.424085 0.145608 0.062927 0.050550 0.127716 1.000000 0.065721 0.011202 0.017448 0.017486 0.069675 0.028349 -0.012206 -0.044754 -0.067815 0.043224 0.163989 0.039959 -0.043661 0.140550 
-0.047285 0.081240 0.048259 -0.023516 0.017886 0.006877 0.065981 0.043096 0.036099 -0.008515 0.033324 0.101373 0.121013 0.006665 0.057178 0.050109 0.012042 0.007251 0.040704 0.117994 0.026136 -0.060615 0.053686 -0.001277 0.010534 0.059507 -0.031929 0.044035 0.033557 -0.049092 -0.035517 0.046264 -0.054514 0.114170 0.065513 -0.008996 -0.034909 0.034947 0.017925 0.008171 -0.008082 0.030142 0.027023 0.026878 0.011563 0.050998 -0.027634 0.049455 -0.034389 0.005318 0.345852 0.065721 1.000000 0.052857 0.145956 -0.001869 0.132353 -0.008355 0.073788 0.244707 0.118565 0.034918 0.066839 0.190552 -0.005478 0.089141 
0.089536 0.013748 -0.050881 0.129756 0.084653 -0.009908 0.103530 0.140683 0.016344 0.191090 -0.028140 -0.012431 0.005212 -0.042531 0.078012 0.039002 0.100929 -0.019225 0.074533 0.086020 0.213513 0.109229 0.051893 -0.024557 0.190812 0.003084 0.110388 0.041072 0.181538 -0.006159 0.133882 -0.045692 0.031923 0.080171 -0.001990 -0.122725 0.732362 0.152962 0.048447 0.024274 0.078823 0.030193 0.336237 0.373119 0.011551 0.398125 -0.022902 0.135551 0.071447 0.090102 -0.000813 0.011202 0.052857 1.000000 -0.036336 0.044071 -0.089360 0.292158 -0.040299 0.108636 0.102043 0.092137 0.060196 -0.058258 0.182152 -0.000438 
0.001088 0.063084 0.021861 -0.112816 -0.004771 0.039992 -0.040834 0.001194 -0.061118 0.036312 0.072786 0.097701 -0.007332 0.041986 -0.047293 0.127668 -0.061264 0.076185 0.006846 0.093645 -0.068540 0.005656 0.152406 0.013562 0.023744 0.016328 -0.034899 0.000822 0.050683 0.014504 -0.018497 -0.089266 0.053741 0.042277 0.070966 0.082076 -0.043793 0.170191 -0.022862 0.131029 -0.005301 0.116753 0.068478 0.143464 0.036970 0.047241 0.051330 -0.023290 0.114856 -0.005976 0.046853 0.017448 0.145956 -0.036336 1.000000 0.215437 0.337230 0.059929 0.080557 0.199575 0.077337 0.173482 0.125273 0.532637 0.115893 0.212032 
0.025580 0.052652 0.072434 0.050712 0.254949 0.097219 0.086075 -0.002922 0.148501 0.115380 -0.017212 0.055630 0.030984 0.028200 0.083239 0.465990 0.155517 -0.003468 0.000111 -0.011053 0.050090 0.049998 0.713691 0.122408 0.085755 0.071146 0.085248 0.225620 -0.004699 0.090807 -0.051618 0.154266 0.089340 -0.031668 0.172539 0.175539 0.164460 0.350796 0.186173 0.243987 0.015957 0.096503 0.326077 0.025714 -0.000773 0.037962 0.039981 0.004099 0.691346 0.176151 -0.040108 0.017486 -0.001869 0.044071 0.215437 1.000000 0.484120 0.143316 0.051426 0.232332 0.241644 0.225450 -0.039078 0.037101 0.305884 -0.063712 
0.010815 0.065013 0.091726 0.006369 0.124850 0.082752 -0.005118 -0.020267 -0.011857 0.004188 -0.052027 -0.002095 0.047318 0.002325 -0.004016 0.064915 0.025449 0.022582 0.028230 -0.002183 -0.008062 -0.065271 0.185929 -0.036423 0.004149 0.016186 0.004593 0.045341 -0.001425 0.035498 -0.077450 0.071769 0.048117 0.020761 0.108985 0.215353 -0.005911 0.155783 0.102373 0.055549 0.003446 0.009232 0.182771 -0.058408 0.063049 0.002584 0.068877 -0.037332 0.259928 -0.043589 -0.027086 0.069675 0.132353 -0.089360 0.337230 0.484120 1.000000 0.089896 0.055740 0.244643 0.190267 0.214110 -0.024424 0.153893 0.126691 0.027515 
0.087868 0.042162 0.045855 0.162738 0.064796 0.110174 -0.035326 0.037940 0.021225 0.240894 0.027320 0.027895 -0.007556 0.009582 0.065147 0.171671 -0.000912 0.067406 0.193632 0.021384 0.058339 0.125972 0.147048 0.066313 0.292467 -0.017154 0.081756 0.062495 0.114818 0.073354 0.121545 0.052392 0.116321 0.041264 0.025859 0.085545 0.391766 0.106639 0.183123 -0.043935 0.090239 -0.056296 0.754816 0.092037 0.008285 0.059942 0.024258 0.039423 0.252331 0.052623 -0.048422 0.028349 -0.008355 0.292158 0.059929 0.143316 0.089896 1.000000 0.057412 0.182846 0.147434 0.223022 0.065131 0.052101 0.144939 0.044692 
-0.062851 0.006828 0.066410 -0.027754 0.067511 0.269230 0.032793 -0.044286 0.249635 0.002909 -0.014423 0.055838 0.187718 0.020643 0.149992 0.036318 0.072601 0.148810 0.056623 0.200655 0.004990 0.001084 0.058374 0.024148 0.017945 0.426709 0.111845 0.236995 0.021428 -0.006230 -0.096658 0.131103 -0.071311 -0.007832 0.152395 0.084368 0.003055 0.034796 0.175195 0.094624 -0.131372 0.163525 0.027701 -0.102229 0.067609 -0.047107 0.249359 0.053382 0.049091 0.057285 -0.002156 -0.012206 0.073788 -0.040299 0.080557 0.051426 0.055740 0.057412 1.000000 0.090660 0.537796 0.025338 0.044754 0.019831 0.027562 0.074010 
0.118166 0.053780 -0.040328 0.062252 0.063459 0.059408 -0.082831 0.001514 -0.010216 0.065948 0.026688 0.051798 -0.041575 0.035059 0.027937 0.150161 -0.013547 0.012104 0.076527 -0.055521 0.116788 0.066608 0.133952 0.022315 0.094398 0.005368 0.061940 0.208941 0.128516 0.097482 0.060958 0.065093 0.092366 -0.015673 0.064950 0.041374 0.159835 0.213108 0.177899 0.098016 -0.020599 0.044516 0.241860 0.057483 0.044889 0.009998 0.015598 0.102538 0.201703 0.088818 -0.020878 -0.044754 0.244707 0.108636 0.199575 0.232332 0.244643 0.182846 0.090660 1.000000 0.489529 0.097455 -0.002005 0.113505 0.216099 -0.007774 
0.046645 0.064524 0.055799 0.068333 0.064747 0.251348 -0.033145 -0.002244 0.087263 0.023176 0.021660 0.158067 0.047914 0.118776 0.093409 0.177472 0.067102 0.046318 0.142949 0.031001 0.063276 0.020549 0.158443 -0.006570 0.073505 0.294085 0.138586 0.433931 0.092363 0.053888 0.004591 0.129315 0.040166 -0.016507 0.114304 0.068516 0.162901 0.094155 0.146814 0.076294 -0.052866 0.095683 0.140989 0.027996 0.064024 0.021764 0.100115 0.053280 0.271030 0.044188 0.020996 -0.067815 0.118565 0.102043 0.077337 0.241644 0.190267 0.147434 0.537796 0.489529 1.000000 0.099838 0.003745 -0.061334 0.098856 0.003905 
-0.006926 0.004361 0.006153 -0.145362 0.026141 0.066295 -0.081903 -0.063384 -0.108769 -0.017775 0.039135 0.039778 0.023676 0.012652 0.003301 0.005640 -0.111154 0.009484 0.036457 0.032368 -0.076755 0.007786 0.057767 -0.026554 -0.048144 0.019265 0.017568 0.019156 -0.060918 -0.011610 0.030014 0.018964 0.043949 0.048453 -0.004021 0.012813 0.036440 0.081198 0.100877 0.078867 0.089373 0.044484 0.183390 0.143838 0.021695 0.023475 0.039614 0.065169 0.399743 0.043313 -0.155316 0.043224 0.034918 0.092137 0.173482 0.225450 0.214110 0.223022 0.025338 0.097455 0.099838 1.000000 0.008583 0.056386 0.135407 -0.054146 
0.271169 -0.065410 -0.010435 0.006362 0.022856 0.153742 0.105706 0.099980 0.024436 0.212057 -0.018025 -0.017403 0.259900 0.000737 0.138589 0.096555 0.153470 0.087703 0.116837 0.115417 0.086932 0.115083 0.070415 0.100315 0.069118 0.072070 0.144759 0.022767 -0.009095 0.215139 0.106344 0.026785 0.292081 0.599566 -0.065330 -0.014257 -0.007237 -0.001400 0.083326 0.079755 0.111679 0.236265 0.126943 0.070011 0.055108 0.270541 0.042651 0.627786 -0.027111 0.180353 0.006988 0.163989 0.066839 0.060196 0.125273 -0.039078 -0.024424 0.065131 0.044754 -0.002005 0.003745 0.008583 1.000000 0.370677 0.150571 0.841807 
0.104605 0.040553 0.054499 0.024807 0.046495 0.103535 0.057242 0.065282 0.031418 0.085827 0.060520 0.096929 0.180185 0.098943 0.016723 0.066921 0.037790 -0.036089 0.025743 0.096948 -0.049830 -0.008942 0.034557 -0.042664 0.063760 0.014647 -0.007564 -0.062918 0.007596 0.090021 0.044884 0.051945 0.083384 0.449383 -0.009273 0.045800 -0.076718 -0.057494 -0.036201 0.005658 0.058768 0.066184 0.104647 0.009963 0.025819 0.070422 0.059749 0.076441 -0.002852 -0.063562 0.067131 0.039959 0.190552 -0.058258 0.532637 0.037101 0.153893 0.052101 0.019831 0.113505 -0.061334 0.056386 0.370677 1.000000 -0.043179 0.354243 
0.033170 0.087981 0.035802 0.064058 -0.022904 0.151073 0.000449 -0.027104 -0.053197 0.236866 0.029341 0.028500 0.023452 0.071790 -0.012207 0.204974 0.080192 -0.010274 0.093257 -0.092109 0.084112 0.084139 0.308123 0.133391 0.089682 0.020057 0.083734 0.081726 0.000008 0.030383 -0.023294 -0.071296 0.075472 0.056447 0.160535 0.212341 0.158541 0.773236 0.469951 0.606713 0.058996 0.545888 0.190702 0.205244 0.078819 0.155633 0.173835 0.330609 0.199183 0.432247 0.045737 -0.043661 -0.005478 0.182152 0.115893 0.305884 0.126691 0.144939 0.027562 0.216099 0.098856 0.135407 0.150571 -0.043179 1.000000 0.058608 
