0.000000000000000000e+00 7.542436445755514030e-02 3.500720023957658300e-02 6.123755990301666535e-02 8.484523712520004868e-02 6.827339539977983485e-02 3.887873406189586989e-01 5.579312527891294726e-01 3.374310965831670561e-01 3.129137637254297832e-01 1.333200226050295922e-01 7.271367925261891518e-02 3.864484652539067477e-01 6.225002114093253214e-02 4.776028898363297026e-01 3.981686316755149446e-02 3.997167949249069152e-01 2.209015814967880270e-02 2.336579526239149496e-01 2.048087007473035626e-01 1.829480470139672674e-02 3.703606843627433309e-01 3.948897739349956082e-02 1.784576937591053070e-01 1.055721301911417692e-01 1.636350927308736700e-02 1.169963308039970867e-01 9.042829954505712808e-02 1.478459924241666001e-01 6.546170722911927031e-01 4.966569045993882159e-01 1.754755038621993446e-01 6.833500308990989591e-01 4.035643585267013611e-01 1.718663755946096480e-02 1.633056136043999768e-02 2.035840815986295349e-01 2.014734040529926606e-01 5.816815608449834446e-02 3.171176166765956039e-01 2.152361476937128537e-01 2.927542698508845964e-01 3.733540163357222386e-01 1.636689281311129451e-01 4.047615374417073281e-02 4.738250564770075668e-01 2.449083036577656171e-03 3.431962077649983733e-01 1.498723490974187278e-01 3.728933859606087253e-01 8.245382212042184911e-02 1.352572272678074228e-01 1.293752326701821664e-01 2.178244365372426772e-01 2.078928357778395131e-01 1.290698441093143523e-01 1.798197332563378492e-01 2.173623215896082483e-01 6.846613630300961428e-02 1.304465702148317197e-01 1.264146143305871772e-01 1.523460022684305082e-01 4.076120507792564962e-01 2.583514230267511258e-01 1.824038039600766048e-01 4.125426857028861582e-01 
7.542436445755514030e-02 0.000000000000000000e+00 6.017749908836839134e-01 1.158984090548983437e-01 3.078215609172842981e-01 1.743871608736035916e-01 4.450954647194602098e-02 2.542633496595712514e-02 2.147275278642923613e-01 2.082348416706641600e-02 1.329647284950771606e-02 3.828188964886546919e-01 4.198559891990701065e-02 3.085314122869048936e-01 5.687739421040568372e-02 3.459231230435737270e-02 4.049587622251923230e-02 1.896187761404075425e-02 1.979860597158578372e-01 3.218024088619556022e-02 5.685209276324899863e-02 5.953618959634484481e-02 2.887424222222427783e-01 1.432684283932405822e-01 9.161767083574784420e-02 4.384482693854829249e-01 7.697231356834061122e-02 1.040151802339332465e-01 1.313703730653164314e-01 6.678067246822640135e-02 3.334134985110841914e-02 2.992728369366683405e-01 1.050069853919230328e-01 1.703944172666036622e-02 7.081629026889219025e-01 2.067614037419745199e-01 1.632932284007266033e-01 2.676207894234494677e-01 2.414254705565047343e-01 2.006904962987557939e-01 2.335834949935880478e-02 1.462466108125116404e-01 8.012993087598985209e-02 4.260241922957164890e-02 3.799646743532021365e-01 6.463662977167392021e-02 3.600279770909881050e-01 6.721903208470042523e-02 2.957970551093086140e-02 1.034581522458270647e-01 2.729694274265329068e-01 1.769562158816072872e-01 1.783367329776568144e-01 6.356481272286187978e-02 2.002433329424706601e-02 2.177522769536580638e-01 8.649729519320464854e-02 1.595506438277063399e-01 7.281261339377269326e-02 5.828400132015965074e-03 1.833033529133832606e-01 8.040154872569521549e-02 8.074886377725823405e-02 7.086929032305341186e-03 2.481183721546475762e-01 5.948052958932306677e-02 
3.500720023957658300e-02 6.017749908836839134e-01 0.000000000000000000e+00 1.092254658968999925e-01 3.202805059889812789e-01 1.890464009238480847e-01 6.347748605452976922e-02 7.341358239753062453e-02 2.483120608118483397e-01 6.189860735303815385e-03 7.053098031668478263e-02 1.912465314305983877e-01 1.010991429348922915e-01 2.139753748401330702e-01 1.103806376715805032e-01 1.270271185491860244e-01 3.769925389823299000e-02 1.470231730374552126e-01 7.400593915823289182e-02 1.274360243305719120e-01 8.328233332821399770e-02 1.919536165110298509e-01 3.188617622428160936e-01 3.317575007226675199e-01 5.819345417563745460e-02 1.767871310239528260e-01 3.983449762811601402e-02 1.057658595945008828e-01 5.778294851877993632e-02 3.469881191081264360e-02 3.369505264172346221e-02 2.975079755333180920e-01 9.079011760330635283e-02 2.295919536231468688e-02 2.784478350574972616e-01 1.122590374760269322e-01 9.944967452845646094e-02 2.017663155207074233e-01 2.233940375622214258e-01 1.232336224962931742e-01 2.951256710612723197e-02 9.222251737767514501e-02 3.666003125327167017e-02 3.437054727805826521e-02 2.966421686993732099e-01 1.132151922941997645e-02 3.360423521995492546e-01 2.176629579996975858e-02 1.152561867457719581e-02 7.205422584920609386e-02 2.005799301104796428e-01 1.862026392214140014e-01 1.298011877681842230e-01 1.866887995885105345e-02 1.601337481068396823e-02 1.809211223116087008e-01 7.653683632302628326e-02 7.932331352437564653e-02 2.072594208960302775e-01 3.252436490419485099e-02 3.915802098971161299e-02 1.072292132594947212e-02 5.915963230458057970e-02 3.785326574777013453e-02 1.641876172724034688e-01 5.881812757734006247e-02 
6.123755990301666535e-02 1.158984090548983437e-01 1.092254658968999925e-01 0.000000000000000000e+00 3.062210061998794225e-02 8.780745936776976346e-02 6.976231456449524804e-02 5.945835314816594330e-02 9.138140528839243382e-02 4.810124462006299950e-01 1.987708118436442295e-01 1.057811881122713155e-01 3.018717229183116024e-01 1.226211191566110581e-01 9.753876509759122626e-02 1.762821816951560053e-02 7.394453477482049175e-02 2.335769119377629349e-02 6.005975877014083086e-02 1.703379360277859286e-02 6.912844061229016512e-01 2.440052973956685287e-02 1.861956644231296809e-02 7.838482042074126910e-02 5.552082525212230779e-01 1.021592523277203707e-01 1.085309533813781646e-01 1.074427135469123995e-01 2.309811109644747396e-01 1.744745126413215983e-02 1.840471882979004964e-02 6.835674329487326228e-02 5.506310393847327345e-02 1.946095087946779767e-01 1.294531676744086202e-01 6.108311046008469553e-02 2.767170607227918966e-01 9.124162227317278440e-02 1.497823487567435663e-01 1.725307313203492121e-01 3.626354424116972480e-02 1.793253770610108155e-01 1.201664373605748487e-01 1.568382886009629662e-01 4.416984960270311372e-02 1.090191341599904135e-01 4.324388393639805317e-02 2.096275420963767677e-01 3.611759807238149739e-02 1.984338442845908768e-01 1.468070825886116405e-02 5.048455665448232932e-02 3.660990973485342415e-02 1.517346831245260930e-01 6.208475056476524950e-02 1.631438344789390774e-02 1.646979073774952618e-02 1.549732532560923748e-01 1.240243806896617895e-01 1.849803961212448389e-01 1.575686164415926183e-01 1.391419883410689173e-01 1.757066607972085359e-01 1.456471557595344080e-01 9.802394055323386535e-02 1.410344244284843784e-01 
8.484523712520004868e-02 3.078215609172842981e-01 3.202805059889812789e-01 3.062210061998794225e-02 0.000000000000000000e+00 2.650603668072771812e-01 1.657644256532120608e-01 6.514641375520735522e-02 4.782320304377193354e-01 1.644261085073928930e-01 5.106124284972329147e-02 2.685701062486066659e-01 1.028996799714674976e-01 1.449139592189445103e-01 1.827559481697313415e-01 2.512079720140655836e-01 4.313533051112382055e-01 1.676081805315826068e-01 2.601681873913002513e-02 1.044697242023252814e-01 3.211672953668335412e-02 2.145343578763749814e-01 4.028789592824392196e-01 2.384800477339195091e-01 2.082413542651107841e-01 6.287927792294562002e-02 1.244529571867573070e-01 1.892743797018424101e-01 1.566575649674154525e-01 1.634155589825049548e-01 6.625504207151920733e-02 6.664067918272299496e-01 1.221479437676417229e-01 6.810038943695931324e-02 3.177345518190307083e-01 1.686023720888154553e-01 1.994608030127243900e-02 3.340042782637026725e-02 2.375207157246325973e-01 1.423703665939896230e-02 5.726311048630282341e-02 3.096991674975093159e-02 3.020320595123839880e-01 8.236035321860556493e-03 7.855728401543475570e-02 5.592330330862226723e-02 1.645789667213710117e-01 6.005690228866313041e-02 2.542400807567236631e-01 4.808439965813279121e-02 1.648352610522259842e-01 7.663272442565177700e-02 2.182637427419828469e-02 3.996409668442140600e-02 1.460037272368175654e-01 4.098797235406923534e-01 2.281852481269674715e-01 1.649461046091600658e-01 1.058039440208754234e-01 1.491682776239771635e-01 1.662290083083752534e-01 1.169667373852582987e-01 1.158233158517951999e-01 8.617021617549540380e-02 7.184315842040094047e-02 1.940109994339324628e-01 
6.827339539977983485e-02 1.743871608736035916e-01 1.890464009238480847e-01 8.780745936776976346e-02 2.650603668072771812e-01 0.000000000000000000e+00 1.547802365791892121e-01 7.936680820167184292e-02 2.105178546380455096e-01 1.136990697236840708e-01 3.368638075600467741e-02 2.132237345916607740e-01 1.009083554111271652e-01 3.297857902153323861e-01 2.019525699904279603e-01 1.076416783663758092e-01 1.606924843999849584e-01 1.482701484448487039e-02 2.329768508856136788e-01 1.164377424412627315e-01 5.982190588881840243e-02 1.419855405759210820e-01 1.970855053767076592e-01 1.345109530632089545e-01 1.217680156445573175e-01 2.557119932752164315e-01 3.068164901308282899e-01 1.892329931345836658e-01 7.448273018097593956e-02 4.550545001104778359e-02 8.905609604182608552e-02 4.429210121766613550e-01 3.212333160145999789e-02 5.342327782541730907e-02 1.612243233903823403e-01 1.806025629267626609e-01 8.730757280774774365e-02 1.908687534652734608e-01 6.230095458610818149e-01 1.481564644567439915e-01 5.565048935604177682e-02 1.664791611552835227e-01 1.638433964267254628e-01 3.247939524210581574e-02 2.986701678672445959e-01 4.331643641328831312e-02 4.177883859585694859e-01 7.887321712860732859e-02 1.017055448859357086e-01 1.065599075284183739e-01 1.722209405717772257e-01 4.326961427330069387e-01 8.949397979500997580e-02 7.089061478603193855e-02 1.266175723316481094e-01 2.019337009013856821e-01 1.560356554711122556e-01 1.329682469296416814e-01 3.875635152707915254e-01 3.112441560448081512e-01 3.232931834545949012e-01 8.432351088057039867e-02 1.842984487438814253e-02 7.652740143387382066e-02 3.014518565370328806e-01 6.685540812987711412e-02 
3.887873406189586989e-01 4.450954647194602098e-02 6.347748605452976922e-02 6.976231456449524804e-02 1.657644256532120608e-01 1.547802365791892121e-01 0.000000000000000000e+00 2.121495321706065029e-01 5.164688362374045827e-01 9.157129375637922120e-02 3.448644670496682219e-01 6.986491761013562118e-02 6.367775181912054272e-01 9.250415084384602804e-02 4.369445109649141568e-01 8.155425018665531101e-02 6.374333267900597066e-01 9.404296684981250376e-02 1.319817704639220102e-01 1.400118129907996778e-01 1.295736341921863433e-01 3.385857902543075448e-02 9.987428132508234524e-02 3.945881282496827708e-02 8.125895084810980107e-02 4.780310218864452371e-02 6.665100759035386124e-02 9.094584707934075252e-02 1.138876948890396035e-01 2.201197934649770649e-01 1.811963088425157936e-02 3.420950375358794426e-01 2.605980836475672580e-01 2.691621218093809276e-01 4.959371597145346977e-02 6.432631303954906669e-03 1.037417585062166969e-01 1.185892249792923764e-01 8.794131554032622033e-02 2.723614465728138589e-01 1.565078936563585044e-01 2.842750510161006772e-01 2.840216605570938246e-01 1.289331229607066365e-01 1.503859987746848925e-01 3.307966305591361622e-01 1.331671800035827691e-01 3.259264506220073687e-01 9.239031029684283136e-02 3.421784711090126163e-01 8.254652400424020153e-02 1.923808481073445154e-01 7.912969927311214180e-02 9.145090102800496057e-02 1.243572069253691820e-01 1.430905858078971582e-01 1.112928728782365123e-01 1.871629193107045563e-01 1.239304383183052610e-01 8.542058145110190126e-02 8.546708632638823355e-02 9.840939855831071226e-02 2.978703859574449719e-01 1.688070685851062458e-01 1.313441551875865199e-01 3.029876085223585092e-01 
5.579312527891294726e-01 2.542633496595712514e-02 7.341358239753062453e-02 5.945835314816594330e-02 6.514641375520735522e-02 7.936680820167184292e-02 2.121495321706065029e-01 0.000000000000000000e+00 1.535807167496339998e-01 2.871163479927232864e-01 2.960880753205266114e-01 1.182915201068882177e-01 3.204682755305300890e-01 6.631939996686445071e-02 2.275646687494074505e-01 1.398390366800260631e-01 1.786229697683751616e-01 1.522745251969333802e-01 2.111420125547885107e-01 2.123667604451274504e-01 6.237316362767912625e-03 1.179410798418805972e-01 7.920307705820381350e-02 9.140102185963684678e-02 2.097093160401068968e-01 2.797122485298457820e-02 1.095389653500074972e-01 5.262411566265561697e-02 2.914646975051928268e-01 2.332838753805431820e-01 2.036084919754670985e-01 9.785772275462266412e-02 2.581060099648639916e-01 4.089014564202836377e-01 4.181609265580416013e-02 4.957155377103300564e-02 1.654530616180361069e-01 1.020182040466950102e-01 3.753394761298405741e-02 1.917260781983648188e-01 3.297134110255787176e-01 1.792143246577167504e-01 2.717004184317108328e-01 2.743058507282451486e-01 1.057988143462736397e-01 4.061414510414048662e-01 5.953597313182310696e-02 2.309252509730804481e-01 3.990266773787060073e-02 1.798661639025049552e-01 5.215212238338843426e-02 1.572577664472600556e-01 1.635180718128912691e-01 2.367202926649056016e-01 1.028537733933442139e-01 1.991719113360015253e-02 8.258034796828329915e-02 1.737157983007881767e-01 1.225939915813399478e-01 1.318303451040640506e-01 1.283361963928786598e-01 1.183297603979549389e-01 2.649792672711741015e-01 2.251871436253595482e-01 9.906725363572997656e-02 2.086523963349203314e-01 
3.374310965831670561e-01 2.147275278642923613e-01 2.483120608118483397e-01 9.138140528839243382e-02 4.782320304377193354e-01 2.105178546380455096e-01 5.164688362374045827e-01 1.535807167496339998e-01 0.000000000000000000e+00 1.019056824547232287e-01 1.511970135165403850e-01 2.907511941016549528e-01 3.920839627315872433e-01 1.992184556739500234e-01 7.223606604596291003e-01 1.646281658638449052e-01 4.848416683468000365e-01 6.589220529527227421e-02 1.586386962506492956e-02 9.885327165189905507e-02 1.169014700276502644e-01 1.220015723165371185e-01 2.456870181789359009e-01 1.687508331498616954e-01 2.359328137685288637e-02 8.192600906741041855e-02 9.032589965344416105e-02 1.550532780185880921e-01 7.263442555274210455e-02 3.769187735561495001e-01 1.316969367091438622e-02 5.803594319618460284e-01 3.195521987569454603e-01 1.383657415740911223e-01 2.030077193151857140e-01 6.809212293712045561e-02 1.214120640234353371e-01 9.441676232086392007e-02 1.884261802683679099e-01 1.933343892490717308e-01 6.213914635383031154e-02 1.724048217775953906e-01 2.648186618118940072e-01 1.997149484090404367e-02 1.166992822004203761e-01 2.166186076479979516e-01 1.999514542746732848e-01 2.173587493565247719e-01 1.517801795423035227e-01 2.709208165735253471e-01 1.128941896678402473e-01 6.589496456242398270e-02 2.819840584413132664e-02 9.965917774340868340e-02 9.891539635344044623e-02 2.517191828510730867e-01 1.599775162529801786e-01 1.525015546714937054e-01 1.782411914193488822e-01 8.203654283570654959e-02 1.241208905957974645e-01 9.167001741175027918e-02 2.123180909587246701e-01 9.238705979926602196e-02 4.393577028760960179e-02 2.489539033230750431e-01 
3.129137637254297832e-01 2.082348416706641600e-02 6.189860735303815385e-03 4.810124462006299950e-01 1.644261085073928930e-01 1.136990697236840708e-01 9.157129375637922120e-02 2.871163479927232864e-01 1.019056824547232287e-01 0.000000000000000000e+00 1.232132310436258454e-01 5.151607680385355409e-02 3.371319236153343946e-01 3.174455740350057287e-02 1.759879092743309448e-01 4.385523585945093616e-01 2.242035300846085405e-02 9.645362352593506161e-02 6.143626912890889219e-02 6.913497266098053706e-02 3.431116954791483264e-01 3.321057789969518725e-01 4.257736772625647093e-01 2.624734663067316842e-01 7.865878652017287420e-01 1.214566425447208692e-01 2.558773260254840753e-01 1.754010806667613276e-01 5.319849944564708499e-01 2.299716402645563540e-01 2.716267712004353241e-01 5.251409257861906765e-02 3.160434455353727801e-01 4.373309381421712216e-01 5.186755355696306968e-02 6.367443837235543802e-02 7.491694138993727770e-02 3.825605365635153521e-01 2.460022693701299223e-01 4.597112975247699129e-01 1.002369044036759554e-01 3.619479110280330869e-01 2.049374328312644489e-01 1.162909082768932428e-01 2.901741378323131892e-02 2.820729675822906124e-01 5.884245684259942211e-02 3.828501164053425554e-01 2.964659811491885399e-01 5.298268657359899159e-01 3.925541005344156814e-02 9.953629791368544255e-02 1.429004640565874167e-02 5.441325407004546366e-02 6.362438090730385132e-02 2.927021810444828120e-01 3.051093684132421754e-02 2.853385667963287409e-01 1.307907424974097954e-01 1.904349383832521503e-01 1.904044915643448854e-01 3.867745556598467527e-02 4.420088994208313804e-01 2.269904461505710958e-01 3.654130145681637187e-01 3.848862535680047103e-01 
1.333200226050295922e-01 1.329647284950771606e-02 7.053098031668478263e-02 1.987708118436442295e-01 5.106124284972329147e-02 3.368638075600467741e-02 3.448644670496682219e-01 2.960880753205266114e-01 1.511970135165403850e-01 1.232132310436258454e-01 0.000000000000000000e+00 1.208200323597092701e-01 5.344624559034069078e-01 3.685571331128204009e-02 2.215925183691437594e-01 6.312442247186009214e-02 7.933988006289083295e-02 1.562498550122259910e-01 1.658836060444055793e-01 1.979346628499402683e-01 3.469337523288272829e-01 1.305822959181354159e-01 3.952213415311256473e-02 8.508035784353853992e-02 1.172039629150824352e-01 5.157057688224041953e-02 7.124020140074950602e-02 5.199253417653717374e-02 9.642063257287544764e-02 6.745679259124535976e-02 1.236812656029816354e-01 6.677284337867606112e-02 4.458148397696658216e-02 2.696625433131779603e-01 4.477719909646965535e-02 7.702124562770344685e-02 7.587973496315304767e-02 1.528657565187363510e-02 5.870974311203856766e-02 1.028839710843410804e-01 2.560395847938309877e-01 1.403198995918972791e-01 3.941451763861459484e-02 3.877070781406373179e-01 1.773738075992745966e-01 2.509303384334577447e-01 1.056802571343237462e-01 2.296534924890151763e-01 2.428037742021299517e-02 8.318097977220711980e-02 9.285145438078164226e-02 1.507715522129453867e-01 1.095762621712732948e-01 3.782025920273006381e-02 7.540239180299117272e-02 3.579623338606458677e-02 3.749063705189008278e-02 4.081663111717860615e-02 1.029018085809755012e-01 4.159708285376740450e-02 9.908749775236727619e-02 5.312375262908177603e-02 1.769834684273320635e-01 1.012569530121254086e-01 3.116986886921189678e-02 8.592744166699427255e-02 
7.271367925261891518e-02 3.828188964886546919e-01 1.912465314305983877e-01 1.057811881122713155e-01 2.685701062486066659e-01 2.132237345916607740e-01 6.986491761013562118e-02 1.182915201068882177e-01 2.907511941016549528e-01 5.151607680385355409e-02 1.208200323597092701e-01 0.000000000000000000e+00 3.355212399662536871e-02 7.595965347627549047e-01 1.951218835306412630e-02 4.353065041473789393e-02 3.528793678637534570e-02 3.519509655694098155e-02 5.214173363109736448e-01 7.009838601301560113e-02 8.076843353274223980e-02 2.588008749238635692e-02 1.144954663290052022e-01 8.084624419837777715e-03 4.134841582412888267e-02 8.340420195767501987e-02 9.533937712807885601e-02 2.771485466545178245e-01 2.901379436298600137e-02 1.092608587177739399e-01 5.046728036361408654e-02 2.536079054164530611e-01 9.319616435701541524e-02 1.107282572649775643e-01 3.704713760329352290e-01 2.461220176571621010e-01 8.256139158775421816e-02 7.752016851632939631e-02 3.262633889677370447e-01 1.007076798046601107e-01 7.414325550000662457e-02 1.204966155167444819e-01 4.013338189765172648e-02 1.307443365658371437e-01 1.830286203469325967e-01 1.574556772242566016e-01 4.191413911310016283e-01 1.185576281941207177e-01 6.394400649095864642e-02 4.244184266835651642e-02 2.645463868023049114e-01 2.953846843713439294e-02 1.112928518602936817e-01 6.477144595990809439e-02 4.517161205193055695e-02 1.309775386002293152e-01 3.881510268900783406e-02 6.146455270341816962e-02 5.689096838580307881e-03 4.015080716064904631e-02 1.576974698452338342e-01 2.062393889138107450e-02 7.699496454700222037e-02 5.257675899887523374e-02 1.676859901130475505e-01 2.616495944231758686e-02 
3.864484652539067477e-01 4.198559891990701065e-02 1.010991429348922915e-01 3.018717229183116024e-01 1.028996799714674976e-01 1.009083554111271652e-01 6.367775181912054272e-01 3.204682755305300890e-01 3.920839627315872433e-01 3.371319236153343946e-01 5.344624559034069078e-01 3.355212399662536871e-02 0.000000000000000000e+00 5.192890776334906089e-02 4.118951591855826710e-01 6.582842944344705072e-02 4.185481491420367517e-01 9.559230607828014814e-02 1.996839341364323450e-01 2.165516695026256100e-01 5.135001681864221901e-01 2.424023266356002335e-02 9.404034534711118443e-02 5.030102146979364280e-02 1.381841169296746386e-01 5.893713789037719614e-02 9.247790001349073807e-02 9.123647927629308096e-02 1.383684211672315915e-02 2.602833350106664723e-01 1.518498683990813711e-02 2.402947567335422530e-01 3.047572297718919576e-01 4.462613017277787808e-01 5.060438107696470234e-02 2.148179672331642157e-02 4.734284203273534525e-02 1.300606867331983441e-01 5.858465591069428324e-02 2.965618511325262552e-01 3.207671173449560542e-01 3.255930594927617938e-01 2.372226784917341180e-01 1.400536571499423344e-01 1.384947732122409070e-01 3.332338285401827971e-01 1.132271996630392352e-01 4.060542911196077798e-01 1.347622520752779773e-01 3.355644140713709977e-01 5.054663053644838089e-02 1.767685955855661240e-01 7.079979370565984975e-02 3.944293280948668601e-02 1.871101342804825374e-01 1.723682278660466360e-01 1.528706256570153688e-01 1.664350973260608213e-01 1.166609453582183598e-01 6.830010696695826278e-02 1.090965018484002097e-01 2.403526112566945205e-01 3.862902056267027984e-01 2.761631321264017558e-01 1.658616203685704948e-01 3.511735392918095555e-01 
6.225002114093253214e-02 3.085314122869048936e-01 2.139753748401330702e-01 1.226211191566110581e-01 1.449139592189445103e-01 3.297857902153323861e-01 9.250415084384602804e-02 6.631939996686445071e-02 1.992184556739500234e-01 3.174455740350057287e-02 3.685571331128204009e-02 7.595965347627549047e-01 5.192890776334906089e-02 0.000000000000000000e+00 2.662712942376272915e-02 7.031951636179738924e-03 1.043972578937791412e-01 2.388572713367215494e-01 4.885110361081536068e-01 1.077464807856508416e-01 8.064466538411861618e-02 3.104943078015733396e-02 6.753407522572889288e-02 3.477583575505997088e-02 4.404094036060925144e-02 4.383109606994378682e-02 6.333147771543798377e-02 2.608631870581348267e-01 2.928553907214370353e-02 1.540390019697493729e-01 2.574689448150696905e-02 1.228607314048009436e-01 1.650438771501174240e-01 4.448720941033967174e-02 2.589280282424434310e-01 2.469836102634907771e-01 1.152265920115049247e-01 1.608502677195982333e-01 3.520061067862226833e-01 1.785397359631716585e-01 2.564951258811716192e-02 1.863195381924115102e-01 7.138805644873312539e-02 5.735334462810347256e-02 4.638494863391437462e-01 1.348513825203893624e-01 6.984664248242491436e-01 9.431199705969466052e-02 2.440136945645582714e-02 7.280603106832064797e-02 2.467802194957018636e-01 2.825628653163543835e-01 6.970492244196435649e-02 3.833527792365392511e-02 2.629307159910903788e-02 6.939990527028216949e-02 1.843273958462672210e-02 8.915240475816431365e-02 1.528643325836405720e-01 1.231348712299718817e-01 1.624605084551795642e-01 3.741093889220144242e-02 5.417645785163067301e-02 4.104193629649100644e-02 2.228835229648044036e-01 6.376284746944547999e-02 
4.776028898363297026e-01 5.687739421040568372e-02 1.103806376715805032e-01 9.753876509759122626e-02 1.827559481697313415e-01 2.019525699904279603e-01 4.369445109649141568e-01 2.275646687494074505e-01 7.223606604596291003e-01 1.759879092743309448e-01 2.215925183691437594e-01 1.951218835306412630e-02 4.118951591855826710e-01 2.662712942376272915e-02 0.000000000000000000e+00 1.047528741522129048e-01 4.201049176875005786e-01 4.497656946975543690e-02 1.337436545617973482e-01 9.786843519267517111e-02 1.073813651004067449e-01 4.451706272779640261e-02 1.259349308456360339e-01 9.233930223404422655e-02 5.305857269935602971e-02 9.646942501193904451e-02 1.339885576247659693e-01 2.259568822744664474e-01 4.835482082705869211e-02 5.452124138988302393e-01 2.594461091565050670e-02 4.050544173084659194e-01 4.830804784521896544e-01 1.922425076860020121e-01 5.147352663997147720e-02 3.675582858192967539e-02 1.756593445480127413e-01 1.544871226678308784e-01 8.976565738910408099e-02 2.589069066659359097e-01 8.896976315636383192e-02 2.265179019989878584e-01 2.549829892263007491e-01 1.002005760971755866e-01 8.687407790795866058e-02 3.306377428504439497e-01 7.566940119571162471e-02 2.925311097358240797e-01 1.049031551936986523e-01 3.181881840200701528e-01 4.430730316130852831e-02 1.094662621880635872e-01 7.062576366277563411e-02 1.528668290709222499e-01 9.321030921215869847e-02 1.531895889436357405e-01 1.352087588513283534e-01 1.603598361571819675e-01 1.607169167281534972e-01 1.112263547785241058e-01 1.811956931478015120e-01 8.327014439250667033e-02 2.693373553753543037e-01 1.038524578016272598e-01 1.010335631074033291e-01 2.664884875735414327e-01 
3.981686316755149446e-02 3.459231230435737270e-02 1.270271185491860244e-01 1.762821816951560053e-02 2.512079720140655836e-01 1.076416783663758092e-01 8.155425018665531101e-02 1.398390366800260631e-01 1.646281658638449052e-01 4.385523585945093616e-01 6.312442247186009214e-02 4.353065041473789393e-02 6.582842944344705072e-02 7.031951636179738924e-03 1.047528741522129048e-01 0.000000000000000000e+00 1.600901115906059879e-01 5.071709505769227827e-02 4.473918429093966254e-02 5.815683998916817976e-02 8.147621801573701195e-02 4.046015007796837648e-01 8.088868064286830473e-01 6.117918022198410855e-01 3.752159748002474315e-01 1.282565259244683176e-01 1.811849552955271392e-01 3.592288804302190552e-01 3.813213390160170024e-01 5.964704249648054846e-02 1.369397411442356272e-01 2.096895169367691270e-01 5.384675794914049046e-02 1.950598344657754613e-01 5.381539082018511888e-02 3.105571214789526122e-02 3.837293005040670439e-03 2.567449865854771196e-01 2.256866444434113272e-01 2.079978403492704631e-01 8.279886167755153015e-02 1.537140116442398674e-01 2.523013820280723407e-01 6.166354092222280092e-02 1.823351701021668284e-02 9.685472661134697514e-02 7.452115676143244993e-02 1.690074635912942880e-01 6.013749881151277954e-01 2.241108333640286499e-01 2.887793047634504284e-02 8.652870495621044211e-02 2.850405367089427211e-02 1.559048630714272334e-02 5.468375390078300535e-02 6.281805814707760449e-01 2.408378324243042878e-01 2.521821262730120083e-01 1.618190539891173896e-01 1.944176961503251422e-01 3.740881200696834497e-01 2.265435926543589717e-01 2.637320261426631118e-01 8.105018423736545796e-02 2.614220086925043152e-01 2.268504702050528343e-01 
3.997167949249069152e-01 4.049587622251923230e-02 3.769925389823299000e-02 7.394453477482049175e-02 4.313533051112382055e-01 1.606924843999849584e-01 6.374333267900597066e-01 1.786229697683751616e-01 4.848416683468000365e-01 2.242035300846085405e-02 7.933988006289083295e-02 3.528793678637534570e-02 4.185481491420367517e-01 1.043972578937791412e-01 4.201049176875005786e-01 1.600901115906059879e-01 0.000000000000000000e+00 1.638759458058744456e-01 2.113889453697928855e-01 6.078645754989392413e-02 4.307762958239134271e-02 3.908037158929462962e-02 1.889219062057771181e-01 6.026867115380923901e-02 1.997056374804887513e-01 6.022535318791444325e-02 1.436244213476685627e-01 2.309073076376342015e-01 1.717111375524553452e-01 3.628518318139782317e-01 3.417269489560358087e-02 4.838781285607036686e-01 3.998007343133213598e-01 2.425452415341752266e-01 4.318391351726482558e-02 1.666332112741073998e-02 1.232186423852136281e-01 1.986817970833546776e-01 1.062926281329600459e-01 3.112481352334681151e-01 1.162838403243331986e-01 3.115513051509324338e-01 4.475187212871800102e-01 5.331429490248103253e-02 2.616405898880771672e-02 3.132840586153405327e-01 2.995671305838632989e-02 3.331295027896936101e-01 2.050932373351895821e-01 3.856227095977750596e-01 1.875339961112528764e-01 1.488246352807422179e-01 6.994843326671906780e-02 9.611426744670338584e-02 1.778873457301199668e-01 2.722139049285068890e-01 2.134441948589589355e-01 2.594956494433460215e-01 1.252395437082642893e-01 1.432169315167858559e-01 1.903283952676425306e-01 1.436928425644779239e-01 3.513959587851799848e-01 1.726304430642687793e-01 1.895912588664510900e-01 4.217346096297559521e-01 
2.209015814967880270e-02 1.896187761404075425e-02 1.470231730374552126e-01 2.335769119377629349e-02 1.676081805315826068e-01 1.482701484448487039e-02 9.404296684981250376e-02 1.522745251969333802e-01 6.589220529527227421e-02 9.645362352593506161e-02 1.562498550122259910e-01 3.519509655694098155e-02 9.559230607828014814e-02 2.388572713367215494e-01 4.497656946975543690e-02 5.071709505769227827e-02 1.638759458058744456e-01 0.000000000000000000e+00 6.069207019295658895e-02 5.300634551033012176e-01 3.004061484658467757e-02 9.787808403644020216e-02 6.167547521163566776e-02 2.426164597779592938e-02 5.851359528176109520e-02 8.919047229961719891e-02 2.750173742031895505e-02 4.640981744298385003e-02 5.965468532184769329e-02 2.171626834223366331e-01 2.678712523374585097e-02 1.338561462252101653e-01 2.710809389372716982e-01 3.504817955630138565e-02 2.246431234719714620e-01 2.040400031617296828e-01 5.222275531260175963e-02 2.242098186500957879e-01 1.253143609636572231e-01 1.913876060199871387e-01 4.047248655755592006e-02 1.423681113983599478e-01 5.780876963247085637e-02 6.163802397159851010e-02 2.906955396116211454e-01 8.866314128776456305e-02 3.162844437131080988e-01 1.018367871083601800e-01 4.237000057108439993e-02 1.981840076217447066e-01 2.550306949523523103e-01 6.684281313105781830e-02 1.692169446657089682e-01 3.705899603571953527e-02 5.539428768054054791e-02 5.903670171236999331e-02 2.010750263821054970e-02 2.386717037844082734e-02 3.333096862613043609e-01 5.049787850716393189e-02 2.821994207003309871e-02 3.339954743599205661e-02 1.214792457232341943e-01 5.537176670029088366e-02 1.874854654569046708e-01 1.531809467427780180e-01 
2.336579526239149496e-01 1.979860597158578372e-01 7.400593915823289182e-02 6.005975877014083086e-02 2.601681873913002513e-02 2.329768508856136788e-01 1.319817704639220102e-01 2.111420125547885107e-01 1.586386962506492956e-02 6.143626912890889219e-02 1.658836060444055793e-01 5.214173363109736448e-01 1.996839341364323450e-01 4.885110361081536068e-01 1.337436545617973482e-01 4.473918429093966254e-02 2.113889453697928855e-01 6.069207019295658895e-02 0.000000000000000000e+00 3.120882911545758143e-01 2.537332540079127383e-02 6.281482559156202627e-02 2.964635476305656908e-02 1.205887404350655320e-02 4.211824608109284579e-02 8.916627538879140502e-02 2.331518922978336739e-01 1.940555030191211394e-01 5.918683392323136755e-02 3.278754863176971956e-01 7.906874494494950389e-02 8.407452027429199171e-02 3.713387635794936914e-01 2.228982786204955491e-01 1.075811109143650218e-01 1.143794840178557759e-01 2.955235513182476528e-02 1.192016395737137552e-01 3.603657752981637152e-01 1.718504761594452368e-01 1.049517773036642287e-01 1.681258399945106119e-01 1.220121244755494744e-01 8.012724674866829322e-02 5.015213247343593833e-02 2.367816290468168772e-01 2.830207892023777760e-01 2.190076763743916410e-01 7.467570189697075866e-02 2.175301011808215279e-01 1.109583304959480821e-01 5.134761322956650498e-02 1.048393969009117771e-01 2.530119627374395261e-02 9.682000978098177779e-02 7.149750170866590870e-02 1.197482303674928944e-01 5.709305145920116203e-02 1.211863713939138332e-01 3.522012087531172647e-02 1.295771755763815702e-01 4.566664615684584705e-02 2.602124890834761617e-01 1.249532724568303971e-01 2.476743159199702171e-01 2.172344830564937324e-01 
2.048087007473035626e-01 3.218024088619556022e-02 1.274360243305719120e-01 1.703379360277859286e-02 1.044697242023252814e-01 1.164377424412627315e-01 1.400118129907996778e-01 2.123667604451274504e-01 9.885327165189905507e-02 6.913497266098053706e-02 1.979346628499402683e-01 7.009838601301560113e-02 2.165516695026256100e-01 1.077464807856508416e-01 9.786843519267517111e-02 5.815683998916817976e-02 6.078645754989392413e-02 5.300634551033012176e-01 3.120882911545758143e-01 0.000000000000000000e+00 6.615774442085108065e-02 1.701020431956208612e-01 6.284051015600711221e-02 7.420724518212895582e-02 3.009210913217772246e-02 5.851942772459747116e-02 3.395118088710737392e-01 5.919039292146421882e-02 1.706083046116552843e-02 1.649752063439060001e-01 2.076855128036003695e-01 1.092751480034747785e-01 1.654230419589108325e-01 1.493133652195640648e-01 1.192625397671333021e-01 6.389339375599190074e-02 5.792897364671178995e-02 8.295260507147828033e-02 1.060095622922397757e-01 3.246190313759852314e-02 9.036020909622786978e-02 1.294622545307376991e-02 4.412197362099930936e-02 8.032972193716156339e-02 1.896898575814410792e-01 8.156427469224238058e-02 1.731562881156829270e-01 8.273006616402134306e-02 8.876342686748868449e-02 1.409104186031780170e-02 1.382725116643120922e-01 8.870431915373247489e-02 1.588854417140566633e-01 1.551050369760340226e-02 1.438632902444794970e-01 7.827029192039931804e-02 1.113973845724638700e-01 5.289675445057164666e-02 1.908687106645558795e-01 4.095173344471009225e-02 8.334686141898574319e-02 6.596637799393767487e-02 1.412609420924187953e-01 1.496245693456003945e-01 3.461300434473479903e-02 1.230698228669474398e-01 
1.829480470139672674e-02 5.685209276324899863e-02 8.328233332821399770e-02 6.912844061229016512e-01 3.211672953668335412e-02 5.982190588881840243e-02 1.295736341921863433e-01 6.237316362767912625e-03 1.169014700276502644e-01 3.431116954791483264e-01 3.469337523288272829e-01 8.076843353274223980e-02 5.135001681864221901e-01 8.064466538411861618e-02 1.073813651004067449e-01 8.147621801573701195e-02 4.307762958239134271e-02 3.004061484658467757e-02 2.537332540079127383e-02 6.615774442085108065e-02 0.000000000000000000e+00 1.235833124417033135e-01 6.995414499313440393e-02 1.290166814375236781e-01 2.930546658458080267e-01 5.633811084908441763e-02 8.805540254281517265e-02 4.399070268885783147e-02 2.464869128423896605e-02 1.475787595350923007e-02 1.043260711465008594e-01 3.629832776926798787e-02 3.495927270089837363e-02 1.854752250544028647e-01 7.768785773921162152e-02 5.662409530498709737e-02 3.073630217679814702e-01 5.319364783629820098e-02 8.633580667847340351e-02 1.357882567784663708e-01 1.132210999561818893e-01 1.508778458097026764e-01 5.016319216498943412e-02 1.065213895536307742e-01 3.646599944877471078e-02 3.651792474021581941e-02 4.140994880900594061e-02 1.804424407001002095e-01 5.670784220449867630e-02 1.415064798065589768e-01 2.097624043678420619e-02 4.018559150860189638e-02 2.441947502569838391e-02 2.878063854592223247e-01 8.412105102972111670e-02 7.269768393587404398e-02 2.921494231216186996e-02 3.248147725187627149e-02 4.170015010658218585e-02 8.552577032374768240e-02 5.221790718080105559e-02 2.148319289302554058e-01 1.506031458701179160e-01 1.331856781300512216e-01 6.274274330402111743e-02 1.227016842997758206e-01 
3.703606843627433309e-01 5.953618959634484481e-02 1.919536165110298509e-01 2.440052973956685287e-02 2.145343578763749814e-01 1.419855405759210820e-01 3.385857902543075448e-02 1.179410798418805972e-01 1.220015723165371185e-01 3.321057789969518725e-01 1.305822959181354159e-01 2.588008749238635692e-02 2.424023266356002335e-02 3.104943078015733396e-02 4.451706272779640261e-02 4.046015007796837648e-01 3.908037158929462962e-02 9.787808403644020216e-02 6.281482559156202627e-02 1.701020431956208612e-01 1.235833124417033135e-01 0.000000000000000000e+00 4.126226525574421267e-01 5.958005443822210756e-01 2.158064277522686036e-01 1.479582376469491811e-01 4.060243557114227020e-01 2.531441781537167590e-01 3.454291087640545266e-01 3.777858682392657985e-01 6.965521754859700376e-01 2.293132902497183878e-01 4.169307376255101949e-01 2.580145420759598074e-01 4.102607347075203775e-02 7.965927987394724741e-02 4.866538439406373207e-02 1.757024363579789139e-01 2.077781633040149678e-01 1.755259334634558799e-01 7.715473982645056072e-02 1.559491621605735290e-01 5.136371318823143572e-02 2.072013654055528814e-02 1.737079670921315433e-02 2.195965179712533466e-01 5.618710783984245949e-02 2.016754047654722437e-01 1.200806749844393756e-01 2.261933572714838747e-01 5.573786102902762024e-02 6.920709306325184551e-02 5.415373140737848173e-02 6.703725133783693113e-02 1.311459635491162568e-01 1.782429715939670145e-01 3.213125813734615116e-02 6.592993669816372970e-02 1.632825036472714819e-01 7.263016003391041531e-02 1.915804628187848802e-01 5.841308375957740551e-02 3.050180590385281887e-01 1.984659627684785821e-01 1.973480463634835480e-01 3.078024850607811169e-01 
3.948897739349956082e-02 2.887424222222427783e-01 3.188617622428160936e-01 1.861956644231296809e-02 4.028789592824392196e-01 1.970855053767076592e-01 9.987428132508234524e-02 7.920307705820381350e-02 2.456870181789359009e-01 4.257736772625647093e-01 3.952213415311256473e-02 1.144954663290052022e-01 9.404034534711118443e-02 6.753407522572889288e-02 1.259349308456360339e-01 8.088868064286830473e-01 1.889219062057771181e-01 6.167547521163566776e-02 2.964635476305656908e-02 6.284051015600711221e-02 6.995414499313440393e-02 4.126226525574421267e-01 0.000000000000000000e+00 6.089629062417043492e-01 3.613907174821157642e-01 8.131046000532311802e-02 2.123092308479170298e-01 4.197533822153902694e-01 2.968508806427020419e-01 4.179861742983935480e-02 1.806956215995665083e-01 3.347991659496377670e-01 5.776401756760445039e-02 1.895832156403211843e-01 3.066451415229454747e-01 1.436572016538000540e-01 7.550422163405136333e-02 4.053772990214128957e-01 3.462330731395604766e-01 3.272449073092693617e-01 5.275034179443355287e-02 2.472561192115499129e-01 2.595422233210764040e-01 3.379242167024641003e-02 1.113443424620151195e-01 1.494089954095349504e-01 1.716391427920315460e-01 2.340248068046733021e-01 5.820575102706919690e-01 3.148693119454388234e-01 5.720715687923416497e-03 3.943991473613966264e-02 4.452481418387760521e-03 5.577011712611993494e-02 1.167818202098514363e-01 7.903497374925518848e-01 3.334649984129783307e-01 2.118489566961381798e-01 1.746845504772757407e-01 2.431195084221765002e-01 3.584073283548140365e-01 2.318068529987939719e-01 2.863787658528331725e-01 3.074030818103799453e-02 4.015121648860555115e-01 2.142946941451181198e-01 
1.784576937591053070e-01 1.432684283932405822e-01 3.317575007226675199e-01 7.838482042074126910e-02 2.384800477339195091e-01 1.345109530632089545e-01 3.945881282496827708e-02 9.140102185963684678e-02 1.687508331498616954e-01 2.624734663067316842e-01 8.508035784353853992e-02 8.084624419837777715e-03 5.030102146979364280e-02 3.477583575505997088e-02 9.233930223404422655e-02 6.117918022198410855e-01 6.026867115380923901e-02 2.426164597779592938e-02 1.205887404350655320e-02 7.420724518212895582e-02 1.290166814375236781e-01 5.958005443822210756e-01 6.089629062417043492e-01 0.000000000000000000e+00 1.227939415936837725e-01 1.204921970721289370e-01 3.428613437837758626e-01 4.523907087402992411e-01 1.594723187757795257e-01 1.293663150484209434e-01 3.300726405194253643e-01 2.567844134425653069e-01 1.829208907150625674e-01 2.124842363117544208e-01 1.033376100059650304e-01 8.505307566913947181e-02 7.529530478762654945e-03 1.932810784013298255e-01 2.268344477026652262e-01 1.605556991597205108e-01 1.138246347545225808e-02 1.473212333064824464e-01 5.961403673096098144e-02 2.477937072419478248e-02 2.419939367964038524e-02 1.009868986675085678e-01 5.812505063729327820e-02 1.737121789444274755e-01 2.185190498662167580e-01 1.873655322994302319e-01 2.094889992248267357e-02 5.996136678153697608e-02 7.387928545168007122e-02 1.731566776985836789e-02 7.756406686464752120e-02 3.207311495167494697e-01 2.762429807675439997e-02 1.196347998204869284e-01 1.373393329008926467e-01 6.438619892876126793e-02 2.587557174912593072e-01 1.062848634683115079e-01 2.755886470831930835e-01 1.102544472993111646e-01 2.060740082305128895e-01 2.654834085119293641e-01 
