0.000000000000000000e+00 1.426596177307848726e-02 4.928832858885725740e-03 4.143147620984139606e-02 2.994713298088653997e-02 1.049206994713298112e-02 4.065067100447336546e-02 3.762505083367222170e-02 3.495729971533143715e-02 1.449369662464416487e-02 3.320048800325335614e-02 1.350142334282228556e-03 1.130540870272468516e-02 2.196014640097600831e-03 1.224888165921106213e-02 1.708011386742578231e-03 1.677104514030093585e-02 2.207401382675884538e-02 1.276941846278975209e-02 1.241154941032940155e-02 4.000000000000000083e-02 2.684017893452622996e-03 1.138674257828385514e-04 4.961366409109393971e-03 2.958926392842619116e-02 1.517690117934119599e-02 8.117120780805205452e-03 2.139080927206181426e-02 1.088247254981699816e-02 1.420089467263115079e-02 4.250508336722244596e-02 1.089873932492883358e-03 2.423749491663277581e-03 2.496949979666531275e-02 1.221634810898739390e-02 1.143554290361935809e-02 6.132574217161447690e-03 9.093127287515250651e-03 2.096787311915412899e-02 1.397315982106547318e-02 1.559983733224888126e-02 1.813745424969499809e-02 1.068727124847499051e-02 4.180561203741358159e-03 1.078487189914599347e-02 2.262708418056120357e-02 1.220008133387555848e-03 3.443676291175274545e-02 1.111020740138267578e-02 9.223261488409923575e-03 3.416022773485156679e-04 2.457909719398129397e-02 1.810492069947132812e-02 7.645384302562016968e-04 3.139487596583977365e-03 5.774705164701098015e-03 1.992679951199674560e-02 9.548596990646604152e-03 5.709638064253761552e-03 5.416836112240748340e-03 4.668564457096380758e-03 4.863765758438389278e-03 4.432696217974786690e-02 1.189101260675071159e-02 1.914599430662871152e-02 3.772265148434322812e-02 
1.426596177307848726e-02 0.000000000000000000e+00 2.428629524196827816e-02 5.579503863359088628e-03 3.367222448149654115e-03 2.054493696624644025e-02 1.787718584790565224e-02 1.024806832045546895e-03 1.416836112240748256e-02 1.189101260675071159e-02 7.336315575437169639e-03 3.627490849938999531e-03 6.522976819845465596e-03 1.706384709231394819e-02 1.068727124847499051e-02 1.550223668157787657e-02 1.992679951199674560e-02 2.651484343228954765e-03 1.013420089467263058e-02 1.312728751525010090e-02 6.230174867832452383e-03 1.777958519723464928e-02 2.230174867832452126e-02 7.336315575437169639e-03 1.545343635624237509e-03 2.243188287921919419e-02 3.176901179341195397e-02 9.516063440422935921e-03 2.278975193167954300e-02 8.377389182594551301e-03 1.481903212688084545e-02 2.293615290768605090e-03 5.644570963806425090e-03 9.922732818218788810e-04 3.562423749491663068e-03 1.599023993493289830e-02 8.052053680357868989e-03 3.417649450996339960e-02 1.989426596177307910e-02 2.806018706791378603e-02 1.179341195607970690e-02 7.108580723871492889e-03 9.678731191541277076e-03 8.133387555917038808e-05 2.773485156567710372e-02 1.719398129320862112e-02 9.613664091093940614e-03 1.273688491256608386e-02 3.660024400162667762e-03 2.213908092720618184e-02 1.634810898739325058e-02 3.905652704351362386e-02 5.124034160227735127e-03 3.822692151281008484e-03 2.298495323302155238e-02 2.025213501423342791e-02 3.485969906466043072e-02 1.345262301748678321e-02 1.722651484343229109e-02 1.563237088247254949e-02 5.514436762911753033e-03 1.058967059780398581e-02 1.647824318828792350e-02 2.116307442049613491e-02 2.259455063033753708e-02 2.594550630337535621e-02 
4.928832858885725740e-03 2.428629524196827816e-02 0.000000000000000000e+00 4.392029280195201444e-04 1.872305815372102625e-02 9.922732818218788810e-04 3.172021146807645596e-03 1.995933306222041556e-02 9.028060187067914188e-03 4.993899959333062202e-03 1.016673444489629881e-02 5.368035786905246210e-04 1.550223668157787657e-02 1.830012200081333751e-02 1.400569337128914141e-02 1.638064253761691708e-02 8.507523383489222490e-03 1.545343635624237509e-03 4.880032533550223827e-05 5.042700284668564983e-04 2.083773891825945607e-02 3.163887759251728105e-02 2.272468483123220653e-02 7.320048800325335741e-04 1.202114680764538451e-02 2.061000406669377671e-02 1.644570963806425354e-02 3.497356649044327040e-03 2.607564050427002914e-02 2.243188287921919419e-02 2.630337535583570502e-02 1.642944286295241986e-03 1.244408296055306978e-02 4.375762505083367546e-03 8.946726311508742960e-04 3.105327368849125635e-02 1.045953639690931289e-02 2.597803985359902271e-02 2.334282228548190466e-02 1.078487189914599347e-02 6.994713298088653429e-04 1.267181781211874740e-02 9.873932492883286463e-03 1.387555917039446848e-02 2.646604310695404791e-02 8.702724684831231877e-03 1.244408296055306978e-02 9.743798291988613539e-03 3.139487596583977365e-03 1.325742171614477383e-02 1.464009760065067148e-04 3.472956486376575780e-02 1.091500610004066639e-02 1.122407482716551372e-03 8.019520130134200758e-03 3.970719804798698849e-02 3.739731598210654928e-02 2.747458316388775787e-02 2.132574217161447780e-02 2.423749491663277581e-03 2.814152094347295487e-03 1.120780805205368047e-02 1.675477836518910217e-03 2.015453436356242495e-02 1.569743798291988596e-02 6.588043920292802058e-03 
4.143147620984139606e-02 5.579503863359088628e-03 4.392029280195201444e-04 0.000000000000000000e+00 4.961366409109393971e-03 1.234648230988206509e-02 3.521756811712078300e-02 3.902399349328995737e-02 3.342822285481903549e-02 9.520943472956486242e-02 2.155347702318015368e-02 1.751931679544530343e-02 4.761285075233834957e-02 3.106954046360309134e-03 1.192354615697437982e-02 4.156161041073606899e-02 1.494916632777551838e-02 2.456283041886945812e-03 2.814152094347295487e-03 1.260675071167141094e-02 4.156161041073606899e-02 3.372102480683204784e-02 4.429442862952419346e-02 1.982919886132574264e-02 7.344448962993087304e-02 2.041480276535176733e-02 3.237088247254981625e-03 1.140300935339568986e-02 1.651077673851159000e-02 3.137860919072793520e-02 3.118340788938592928e-02 2.285481903212687946e-02 2.705164701098007260e-02 1.686864579097193881e-02 1.436356242374949195e-02 3.692557950386335993e-03 2.152094347295648719e-02 3.401382675884506018e-02 2.539243594957299802e-02 3.320048800325335614e-02 1.315982106547376913e-02 1.911346075640504155e-02 1.540463603090687188e-02 1.192354615697437982e-02 9.646197641317608845e-03 1.075233834892232697e-02 1.740544936966246462e-03 3.225701504676697917e-02 1.973159821065473621e-02 5.802358682391216271e-02 3.090687271248474910e-04 1.387555917039446848e-02 6.685644570963806751e-03 9.613664091093940614e-03 2.900366002440016300e-02 3.050020333468889816e-02 2.321268808458723173e-02 1.628304188694591412e-02 5.156567710451403358e-03 2.331028873525823469e-02 1.660837738918259296e-02 1.371289141927612906e-02 5.122407482716551108e-02 2.373322488816591996e-02 2.025213501423342791e-02 4.582350549003660206e-02 
2.994713298088653997e-02 3.367222448149654115e-03 1.872305815372102625e-02 4.961366409109393971e-03 0.000000000000000000e+00 1.081740544936966170e-02 1.481903212688084545e-02 2.113054087027246841e-02 1.244408296055306978e-02 2.318015453436356177e-02 1.464009760065067148e-04 1.969906466043106971e-02 1.345262301748678321e-02 1.937372915819438740e-02 8.735258235054900108e-03 3.590077267181781412e-02 1.699877999186661173e-02 4.348108987393248942e-02 1.387555917039446848e-02 1.803985359902399513e-02 8.670191134607563646e-03 4.943472956486376357e-02 2.350549003660024408e-02 3.023993493289955231e-02 1.921106140707604798e-02 3.594957299715331300e-03 7.206181374542496715e-03 4.993899959333062202e-03 2.233428222854819123e-02 3.128100854005693571e-02 1.904839365595770509e-02 2.586417242781618737e-03 3.346075640504270199e-02 2.760471736478243079e-02 1.917852785685237801e-02 1.423342822285481903e-02 2.448149654331028754e-02 1.241154941032940155e-02 6.457909719398129134e-03 2.997966653111020646e-02 2.047986986579910379e-02 2.047986986579910379e-02 2.942659617730784827e-02 1.579503863359088892e-02 4.082960553070353465e-03 4.982513216754778235e-02 1.317608784058560325e-03 1.777958519723464928e-02 7.531516876779178159e-03 3.020740138267588581e-02 1.512810085400569278e-03 1.979666531110207267e-02 1.480276535176901264e-03 4.006506710044733383e-02 1.098007320048800285e-02 1.091500610004066639e-02 1.273688491256608386e-02 2.846685644570963718e-03 1.838145587637250939e-03 1.530703538023586892e-02 2.386335908906059289e-02 8.507523383489222490e-03 1.849532330215534690e-02 2.470923139487596690e-02 2.210654737698251188e-02 2.903619357462382949e-02 
1.049206994713298112e-02 2.054493696624644025e-02 9.922732818218788810e-04 1.234648230988206509e-02 1.081740544936966170e-02 0.000000000000000000e+00 8.133387555917038808e-05 8.865392435949573033e-03 1.355022366815778791e-02 3.538023586823912242e-02 8.962993086620577726e-03 2.581537210248068329e-02 5.416836112240748340e-03 2.620577470516470206e-02 1.250915006100040625e-02 1.803985359902399513e-02 6.457909719398129134e-03 4.538430256201707834e-03 1.768198454656364285e-02 2.781618544123627690e-03 1.322488816592110560e-02 2.623830825538836856e-02 1.708011386742578231e-03 2.129320862139080783e-02 3.238714924766165210e-02 2.366815778771858350e-02 1.062220414802765404e-02 1.787718584790565224e-02 3.320048800325335614e-02 1.220008133387555848e-03 4.766165107767385452e-03 6.034973566490442996e-03 1.537210248068320538e-02 4.113867425782838372e-02 2.522976819845465513e-02 1.176087840585603866e-02 3.497356649044327040e-03 1.189101260675071159e-02 4.278161854412362852e-03 2.228548190321268628e-03 1.335502236681577852e-02 6.522976819845465596e-03 3.334688897925986318e-03 1.576250508336722242e-02 2.607564050427002914e-02 1.924359495729971448e-02 1.319235461569743736e-02 1.647824318828792350e-02 2.220414802765351830e-02 1.675477836518910217e-03 2.207401382675884538e-02 2.684017893452622996e-03 2.633590890605937498e-02 6.620577470516470289e-03 1.371289141927612906e-02 1.621797478649857766e-02 7.791785278568524008e-03 8.182187881252541914e-03 3.334688897925986318e-03 9.841398942659618232e-03 6.360309068727124440e-03 1.657584383895892646e-02 1.953639690931273029e-02 2.142334282228548076e-02 4.668564457096380758e-03 1.237901586010573332e-02 
4.065067100447336546e-02 1.787718584790565224e-02 3.172021146807645596e-03 3.521756811712078300e-02 1.481903212688084545e-02 8.133387555917038808e-05 0.000000000000000000e+00 1.833265555103700747e-02 2.783245221634811015e-02 1.231394875965839686e-02 3.176901179341195397e-02 1.423342822285481903e-02 1.712891419276128466e-02 8.296055307035380506e-04 4.081333875559170488e-02 1.228141520943473036e-02 1.504676697844652307e-02 2.441642944286295108e-02 6.457909719398129134e-03 2.165107767385116011e-02 5.106140707604717166e-02 8.572590483936558953e-03 4.766165107767385452e-03 1.647824318828792350e-02 1.374542496949979729e-02 3.274501830012199743e-02 1.315982106547376913e-02 7.206181374542496715e-03 4.180561203741358159e-03 2.565270435136234387e-02 2.386335908906059289e-02 3.009353395689304440e-03 6.100040666937779459e-03 3.367222448149654115e-03 9.483529890199267690e-03 4.148027653517689928e-03 1.664091093940626293e-02 3.367222448149654115e-03 3.466449776331842481e-02 5.872305815372102708e-03 1.849532330215534690e-02 3.629117527450183289e-02 1.081740544936966170e-02 5.272061813745424624e-02 8.865392435949573033e-03 1.628304188694591412e-02 5.416836112240748340e-03 3.782025213501423455e-02 1.237901586010573332e-02 1.999186661244408206e-02 1.512810085400569278e-03 8.052053680357868989e-03 7.320048800325335741e-04 1.146807645384302632e-02 5.937372915819439170e-03 6.295241968279788845e-03 1.150061000406669455e-02 3.920292801952013177e-03 2.542496949979666451e-02 5.058967059780398665e-03 4.896299308662057509e-03 9.743798291988613539e-03 1.878812525416836271e-02 1.052460349735664935e-02 2.301748678324522235e-02 9.125660837738918882e-03 
3.762505083367222170e-02 1.024806832045546895e-03 1.995933306222041556e-02 3.902399349328995737e-02 2.113054087027246841e-02 8.865392435949573033e-03 1.833265555103700747e-02 0.000000000000000000e+00 2.233428222854819123e-02 1.045953639690931289e-02 5.668971126474176697e-02 1.088247254981699816e-02 4.082960553070353465e-03 1.293208621390809325e-02 1.576250508336722242e-02 1.254168361122407448e-02 5.042700284668564983e-04 1.198861325742171628e-02 1.472143147620984076e-02 2.008946726311508849e-02 4.260268401789345238e-02 2.262708418056120357e-02 1.696624644164294524e-02 1.433102887352582372e-02 4.213094753965026390e-03 2.457909719398129397e-02 1.520943472956486422e-02 2.516470109800731866e-02 1.758438389589263989e-02 1.533956893045953715e-02 4.735258235054900372e-02 9.548596990646604152e-03 8.995526636844245957e-03 1.677104514030093585e-02 3.302155347702318087e-03 1.286701911346075679e-02 2.716551443676291228e-03 1.228141520943473036e-02 4.045546970313135260e-02 4.538430256201707834e-03 5.091500610004066896e-03 9.516063440422935921e-03 3.855225701504676715e-03 1.049206994713298112e-02 6.230174867832452383e-03 1.163074420496136574e-02 1.000406669377795765e-02 2.470923139487596690e-02 7.368849125660837870e-03 2.781618544123627690e-03 1.830012200081333751e-02 1.999186661244408206e-02 4.717364782431882671e-04 2.261081740544936859e-03 3.889385929239528444e-02 8.474989833265554259e-03 5.319235461569743646e-03 1.019926799511996704e-02 1.807238714924766163e-02 2.093533956893045903e-02 5.058967059780398665e-03 3.375355835705571433e-02 1.390809272061813671e-02 1.979666531110207267e-02 2.897112647417649303e-02 4.310695404636031083e-03 
3.495729971533143715e-02 1.416836112240748256e-02 9.028060187067914188e-03 3.342822285481903549e-02 1.244408296055306978e-02 1.355022366815778791e-02 2.783245221634811015e-02 2.233428222854819123e-02 0.000000000000000000e+00 5.058967059780398665e-03 2.422122814152094517e-02 2.353802358682391058e-02 2.923139487596583888e-02 4.636030906872712527e-03 2.913379422529483592e-02 6.457909719398129134e-03 8.052053680357868989e-03 5.904839365595770939e-03 3.041886945912972672e-03 2.041480276535176733e-02 4.995526636844245527e-02 1.202114680764538451e-02 1.577877185847905740e-03 1.586010573403822538e-02 2.265961773078487354e-02 2.623830825538836856e-02 2.103294021960146545e-02 7.759251728344855777e-03 8.800325335502236571e-03 4.507523383489223101e-02 2.571777145180968033e-02 2.879219194794631950e-03 3.407889385929239318e-02 1.856039040260268336e-02 2.293615290768605090e-03 1.605530703538023476e-02 3.281008540056933737e-02 6.327775518503457076e-03 2.620577470516470206e-02 8.572590483936558953e-03 1.127287515250101693e-02 3.017486783245221585e-02 1.154941032940219603e-03 3.359089060593737491e-02 1.039446929646197643e-02 1.390809272061813671e-02 7.401382675884506102e-03 3.671411142740951816e-02 1.010166734444896235e-02 1.312728751525010090e-02 1.124034160227734870e-02 1.130540870272468516e-02 1.003660024400162588e-02 2.588043920292801975e-02 2.944286295241968412e-03 1.569743798291988596e-02 2.672631150874339029e-02 1.000406669377795765e-02 2.135827572183814430e-02 4.701098007320048990e-03 1.117527450183001224e-02 1.462383082553883606e-02 2.347295648637657411e-02 2.409109394062627224e-02 1.807238714924766163e-02 1.830012200081333751e-02 
1.449369662464416487e-02 1.189101260675071159e-02 4.993899959333062202e-03 9.520943472956486242e-02 2.318015453436356177e-02 3.538023586823912242e-02 1.231394875965839686e-02 1.045953639690931289e-02 5.058967059780398665e-03 0.000000000000000000e+00 1.480276535176901264e-03 2.233428222854819123e-02 9.743798291988613539e-03 3.066287108580723758e-02 1.215128100854005744e-02 1.789345262301748646e-04 7.694184627897519314e-03 1.104514030093533931e-02 1.789345262301748646e-04 1.875559170394469274e-02 6.371695811305408408e-02 2.679137860919072675e-02 1.498169987799918661e-02 2.488816592110614043e-03 6.726311508743391954e-02 1.231394875965839686e-02 2.425376169174461166e-02 2.727938186254575195e-02 5.366409109394062321e-02 6.588043920292802058e-03 1.211874745831638921e-02 2.252948352989020062e-02 3.692557950386335993e-03 6.069133794225294726e-02 2.618950793005286534e-03 1.319235461569743736e-02 4.361122407482716234e-02 1.237901586010573332e-02 4.461976413176087924e-02 1.576250508336722242e-02 3.433916226108173902e-02 2.669377795851972379e-02 1.335502236681577852e-02 5.937372915819439170e-03 2.962179747864985765e-02 1.270435136234241563e-02 3.287515250101667036e-02 4.546563643757624978e-02 4.473363155754371372e-03 6.262708418056120614e-03 5.612037413582756859e-03 1.211874745831638921e-02 7.368849125660837870e-03 2.802765351769011953e-02 2.044733631557543729e-02 2.651484343228954765e-03 2.428629524196827816e-02 5.742171614477429784e-03 1.610410736071573755e-03 4.982513216754778235e-02 5.346888979259861729e-02 9.255795038633590072e-03 2.402602684017893578e-02 1.870679137860919170e-03 3.118340788938592928e-02 2.174867832452216307e-02 
3.320048800325335614e-02 7.336315575437169639e-03 1.016673444489629881e-02 2.155347702318015368e-02 1.464009760065067148e-04 8.962993086620577726e-03 3.176901179341195397e-02 5.668971126474176697e-02 2.422122814152094517e-02 1.480276535176901264e-03 0.000000000000000000e+00 1.211874745831638921e-02 5.709638064253761552e-03 1.862545750305001982e-02 2.737698251321675491e-02 1.403822692151280964e-02 4.066693777958519675e-04 3.677917852785685116e-02 7.173647824318828484e-03 3.137860919072793520e-02 5.581130540870272300e-02 1.006913379422529412e-02 6.100040666937779459e-03 1.101260675071167108e-02 1.117527450183001224e-02 1.247661651077673801e-02 4.717364782431882671e-04 1.215128100854005744e-02 1.973159821065473621e-02 6.783245221634810578e-03 9.255795038633590072e-03 2.282228548190321296e-02 3.009353395689304440e-03 4.863765758438389278e-03 3.594957299715331300e-03 1.569743798291988596e-02 3.202928019520129982e-02 1.154941032940219603e-03 3.482716551443676423e-02 3.899145994306628393e-02 1.019926799511996704e-02 1.283448556323708856e-02 1.758438389589263989e-02 4.668564457096380758e-03 2.838552257015046834e-02 6.039853599023993491e-02 3.668157787718584473e-02 1.114274095160634401e-02 4.310695404636031083e-03 1.537210248068320538e-02 8.019520130134200758e-03 3.157381049206994805e-02 2.061000406669377671e-02 4.533550223668157686e-02 2.391215941439609784e-03 1.049206994713298112e-02 1.351769011793411968e-02 1.039446929646197643e-02 2.604310695404635917e-02 1.579503863359088892e-02 1.447742984953233033e-03 5.189101260675071589e-03 1.849532330215534690e-02 1.480276535176901264e-03 6.165107767385115921e-03 1.582757218381455888e-02 
1.350142334282228556e-03 3.627490849938999531e-03 5.368035786905246210e-04 1.751931679544530343e-02 1.969906466043106971e-02 2.581537210248068329e-02 1.423342822285481903e-02 1.088247254981699816e-02 2.353802358682391058e-02 2.233428222854819123e-02 1.211874745831638921e-02 0.000000000000000000e+00 1.642944286295241986e-03 3.529890199267995271e-03 2.391215941439609784e-03 4.201708011386742769e-02 2.493696624644164278e-02 2.552257015046767094e-02 1.172834485563237043e-02 1.963399755998373325e-02 1.013420089467263058e-02 1.117527450183001224e-02 3.723464823098820986e-02 3.687677917852785758e-02 2.513216754778365217e-02 2.685644570963806321e-02 9.190727938186255344e-03 2.326148840992273321e-03 7.206181374542496715e-03 2.181374542496949953e-02 6.945912972753151733e-03 2.461163074420496047e-02 1.325742171614477383e-02 6.783245221634810578e-03 1.057340382269215126e-03 1.699877999186661173e-02 3.541276941846278892e-02 2.265961773078487354e-02 1.462383082553883606e-02 1.777958519723464928e-02 1.447742984953233033e-03 1.221634810898739390e-02 1.019926799511996704e-02 1.729158194387962755e-02 1.807238714924766163e-02 3.599837332248881361e-02 2.716551443676291228e-03 1.296461976413176148e-02 3.837332248881659275e-02 1.566490443269621946e-02 4.715738104920699780e-02 1.556730378202521303e-02 3.372102480683204784e-02 3.964213094753964856e-02 4.863765758438389278e-03 2.760471736478243079e-02 1.745424969499796697e-02 1.870679137860919170e-03 1.966653111020739975e-02 9.678731191541277076e-03 7.108580723871492889e-03 4.592110614070760155e-02 3.303782025213501672e-02 3.367222448149654115e-03 1.777958519723464928e-02 3.964213094753964856e-02 
1.130540870272468516e-02 6.522976819845465596e-03 1.550223668157787657e-02 4.761285075233834957e-02 1.345262301748678321e-02 5.416836112240748340e-03 1.712891419276128466e-02 4.082960553070353465e-03 2.923139487596583888e-02 9.743798291988613539e-03 5.709638064253761552e-03 1.642944286295241986e-03 0.000000000000000000e+00 1.589263928426189534e-02 3.912159414396095686e-02 2.139080927206181426e-02 1.488409922732818191e-02 2.256201708011386711e-02 1.345262301748678321e-02 5.156567710451403358e-03 4.982513216754778235e-02 1.670597803985359939e-02 2.789751931679544661e-02 2.586417242781618737e-03 7.498983326555510795e-03 1.891825945506303217e-02 1.595770638470923181e-02 1.852785685237901686e-02 1.764945099633997636e-02 1.130540870272468516e-02 2.386335908906059289e-02 1.592517283448556184e-02 2.171614477429849657e-02 2.666124440829605383e-02 3.238714924766165210e-02 2.765351769011793683e-04 3.876372509150061152e-02 8.897925986173241264e-03 4.253761691744611939e-02 1.263928426189507917e-02 5.815372102480682870e-02 8.832858885725904802e-03 1.312728751525010090e-02 1.830012200081333751e-02 1.891825945506303217e-02 1.187474583163887834e-03 1.163074420496136574e-02 8.312322082147214838e-03 2.358682391215941553e-03 1.917852785685237801e-02 1.179341195607970690e-02 1.098007320048800285e-02 4.863765758438389278e-03 1.820252135014233455e-02 4.961366409109393971e-03 2.796258641724278307e-02 6.913379422529483502e-03 8.474989833265554259e-03 2.018706791378609144e-02 2.065880439202927906e-03 5.319235461569743646e-03 1.189101260675071159e-02 5.872305815372102708e-03 2.854819032126880776e-02 1.787718584790565224e-02 1.465636437576250430e-02 
2.196014640097600831e-03 1.706384709231394819e-02 1.830012200081333751e-02 3.106954046360309134e-03 1.937372915819438740e-02 2.620577470516470206e-02 8.296055307035380506e-04 1.293208621390809325e-02 4.636030906872712527e-03 3.066287108580723758e-02 1.862545750305001982e-02 3.529890199267995271e-03 1.589263928426189534e-02 0.000000000000000000e+00 3.367222448149654115e-03 1.612037413582757123e-02 1.950386335908906033e-02 1.869052460349735628e-02 1.680357869052460235e-02 3.076047173647824401e-02 1.968279788531923646e-03 6.067507116714111227e-03 2.187881252541683599e-02 1.712891419276128466e-02 1.651077673851159000e-02 2.428629524196827816e-02 3.741358275721837906e-04 7.466449776331842564e-03 1.146807645384302632e-02 5.546970313135421264e-03 8.409922732818219532e-03 2.067507116714111318e-02 7.694184627897519314e-03 1.875559170394469274e-02 1.664091093940626293e-02 6.327775518503457076e-03 1.446116307442049664e-02 1.982919886132574264e-02 1.722651484343229109e-02 5.839772265148434477e-03 2.425376169174461166e-02 4.343228954859699315e-03 3.627490849938999531e-03 1.823505490036600105e-02 2.558763725091500740e-02 8.507523383489222490e-03 8.247254981699878376e-03 2.178121187474583303e-02 2.724684831232208199e-02 9.125660837738918882e-03 5.333875559170394437e-02 1.124034160227734870e-02 3.742984953233021578e-02 7.108580723871492889e-03 1.285075233834892311e-03 2.259455063033753708e-02 1.032940219601463996e-02 8.995526636844245957e-03 9.028060187067914188e-03 1.052460349735664935e-02 4.668564457096380758e-03 7.921919479463196065e-03 1.789345262301748646e-04 2.781618544123627690e-03 2.130947539650264368e-03 1.602277348515656827e-02 
1.224888165921106213e-02 1.068727124847499051e-02 1.400569337128914141e-02 1.192354615697437982e-02 8.735258235054900108e-03 1.250915006100040625e-02 4.081333875559170488e-02 1.576250508336722242e-02 2.913379422529483592e-02 1.215128100854005744e-02 2.737698251321675491e-02 2.391215941439609784e-03 3.912159414396095686e-02 3.367222448149654115e-03 0.000000000000000000e+00 1.481903212688084545e-02 2.708418056120374257e-02 2.363562423749491700e-02 6.457909719398129134e-03 2.968686457909719412e-02 3.267995119967466444e-02 1.615290768605124119e-02 1.934119560797072090e-02 7.141114274095160253e-03 2.558763725091500740e-02 1.642944286295241986e-03 1.003660024400162588e-02 1.807238714924766163e-02 2.682391215941439672e-02 1.267181781211874740e-02 2.002440016266775202e-02 8.474989833265554259e-03 5.449369662464416571e-03 2.845058967059780480e-02 1.631557543716958061e-02 1.348515656771045144e-02 8.149654331028873683e-03 8.442456283041887763e-03 2.503456689711264574e-02 7.043513623424156427e-03 3.254981699877999152e-02 2.041480276535176733e-02 3.856852379015859866e-02 2.597803985359902271e-02 1.195607970719804805e-02 4.039040260268401961e-02 2.806018706791378603e-02 4.302562017080113765e-02 1.257421716144774271e-02 1.187474583163887834e-03 4.115494103294021697e-03 1.364782431882879260e-02 1.071980479869865874e-02 2.005693371289141852e-02 7.645384302562016968e-04 5.319235461569743646e-03 5.368035786905246210e-04 1.537210248068320538e-02 1.117527450183001224e-02 2.944286295241968412e-03 8.897925986173241264e-03 4.180561203741358159e-03 4.367629117527450228e-02 2.132574217161447780e-02 1.856039040260268336e-02 3.511996746644977657e-02 
1.708011386742578231e-03 1.550223668157787657e-02 1.638064253761691708e-02 4.156161041073606899e-02 3.590077267181781412e-02 1.803985359902399513e-02 1.228141520943473036e-02 1.254168361122407448e-02 6.457909719398129134e-03 1.789345262301748646e-04 1.403822692151280964e-02 4.201708011386742769e-02 2.139080927206181426e-02 1.612037413582757123e-02 1.481903212688084545e-02 0.000000000000000000e+00 8.052053680357868989e-03 3.056527043513623462e-02 3.241968279788531859e-02 3.497356649044327040e-03 3.811305408702724690e-02 1.810492069947132812e-02 2.662871085807238733e-02 2.402602684017893578e-02 2.526230174867832509e-02 1.901586010573403859e-02 1.634810898739325058e-02 2.919886132574217238e-02 1.371289141927612906e-02 1.101260675071167108e-02 6.653111020740138520e-03 1.895079300528670213e-02 1.641317608784058704e-02 5.514436762911753033e-03 1.615290768605124119e-02 2.932899552663684531e-02 1.335502236681577852e-02 1.589263928426189534e-02 1.706384709231394819e-02 1.966653111020739975e-02 6.669377795851972202e-04 9.125660837738918882e-03 3.661651077673851173e-02 7.368849125660837870e-03 3.297275315168767679e-02 1.094753965026433462e-02 1.823505490036600105e-02 3.007726718178121289e-02 2.440016266775111914e-04 3.037006913379422524e-02 5.774705164701098015e-03 2.607564050427002914e-02 1.722651484343229109e-02 1.361529076860512437e-02 6.588043920292802058e-03 1.608784058560390473e-02 7.856852379015859603e-03 1.683611224074827231e-02 4.715738104920699780e-02 3.817812118747457989e-02 4.823098820658804076e-02 1.462383082553883606e-02 2.438389589263928459e-02 1.553477023180154480e-02 2.272468483123220653e-02 2.584790565270434978e-02 
1.677104514030093585e-02 1.992679951199674560e-02 8.507523383489222490e-03 1.494916632777551838e-02 1.699877999186661173e-02 6.457909719398129134e-03 1.504676697844652307e-02 5.042700284668564983e-04 8.052053680357868989e-03 7.694184627897519314e-03 4.066693777958519675e-04 2.493696624644164278e-02 1.488409922732818191e-02 1.950386335908906033e-02 2.708418056120374257e-02 8.052053680357868989e-03 0.000000000000000000e+00 1.319235461569743736e-02 1.475396502643350899e-02 1.202114680764538451e-02 1.514436762911752776e-02 1.410329402196014610e-02 1.208621390809272098e-02 2.879219194794631950e-03 1.856039040260268336e-02 1.677104514030093585e-02 1.826758845058967101e-02 5.872305815372102708e-03 2.503456689711264574e-02 1.208621390809272098e-02 2.879219194794631950e-03 1.071980479869865874e-02 4.993899959333062202e-03 3.302155347702318087e-03 1.612037413582757123e-02 2.802765351769011953e-02 2.435136234241561462e-02 1.732411549410329404e-02 5.254168361122407184e-03 1.670597803985359939e-02 1.397315982106547318e-02 3.692557950386335993e-03 3.594957299715331300e-03 2.363562423749491700e-02 1.036193574623830820e-02 6.197641317608784152e-03 2.210654737698251188e-02 6.750711671411142346e-03 1.773078487189914693e-03 3.437169581130540552e-02 1.231394875965839686e-02 5.416836112240748340e-03 4.766165107767385452e-03 1.586010573403822538e-02 1.052460349735664935e-02 1.956893045953639679e-02 1.599023993493289830e-02 6.994713298088653429e-04 1.789345262301748646e-04 2.326148840992273321e-03 3.237088247254981625e-03 6.522976819845465596e-03 2.451403009353395751e-02 1.882065880439202921e-02 3.204554697031313393e-03 3.131354209028060220e-02 
2.207401382675884538e-02 2.651484343228954765e-03 1.545343635624237509e-03 2.456283041886945812e-03 4.348108987393248942e-02 4.538430256201707834e-03 2.441642944286295108e-02 1.198861325742171628e-02 5.904839365595770939e-03 1.104514030093533931e-02 3.677917852785685116e-02 2.552257015046767094e-02 2.256201708011386711e-02 1.869052460349735628e-02 2.363562423749491700e-02 3.056527043513623462e-02 1.319235461569743736e-02 0.000000000000000000e+00 7.759251728344855777e-03 2.440016266775111914e-04 2.412362749084993874e-02 3.334688897925986318e-03 3.264741764945099795e-02 8.962993086620577726e-03 7.320048800325335741e-04 3.886132574217161101e-02 1.592517283448556184e-02 6.262708418056120614e-03 1.032940219601463996e-02 7.271248474989833177e-03 2.353802358682391058e-02 1.016673444489629881e-02 1.777958519723464928e-02 7.759251728344855777e-03 3.261488409922733145e-02 1.514436762911752776e-02 7.921919479463196065e-03 8.409922732818219532e-03 7.141114274095160253e-03 2.360309068727124704e-02 1.527450183001220069e-02 2.096787311915412899e-02 2.877592517283448711e-02 3.713704758031720343e-02 8.946726311508742960e-04 2.571777145180968033e-02 4.733631557543717221e-03 3.193167954453030033e-02 3.258235054900365801e-02 6.994713298088653429e-04 5.776331842212281686e-02 6.718178121187474983e-03 3.046766978446522819e-02 4.505896705978039603e-03 1.934119560797072090e-02 3.531516876779178249e-02 6.620577470516470289e-03 1.455876372509150134e-02 6.750711671411142346e-03 1.891825945506303217e-02 1.342008946726311498e-02 5.197234648230988213e-02 2.552257015046767094e-02 8.702724684831231877e-03 1.089873932492883358e-03 2.521350142334282275e-03 
1.276941846278975209e-02 1.013420089467263058e-02 4.880032533550223827e-05 2.814152094347295487e-03 1.387555917039446848e-02 1.768198454656364285e-02 6.457909719398129134e-03 1.472143147620984076e-02 3.041886945912972672e-03 1.789345262301748646e-04 7.173647824318828484e-03 1.172834485563237043e-02 1.345262301748678321e-02 1.680357869052460235e-02 6.457909719398129134e-03 3.241968279788531859e-02 1.475396502643350899e-02 7.759251728344855777e-03 0.000000000000000000e+00 6.034973566490442996e-03 7.238714924766164946e-03 1.120780805205368047e-02 1.332248881659211029e-02 1.507930052867019130e-02 1.852785685237901686e-02 2.327775518503456820e-02 1.498169987799918661e-02 1.498169987799918661e-02 3.204554697031313393e-03 1.032940219601463996e-02 6.685644570963806751e-03 2.640097600650671145e-02 9.353395689304594765e-03 2.695404636030906964e-02 2.721431476209841549e-02 1.602277348515656827e-02 3.128100854005693571e-02 9.808865392435950001e-03 7.629117527450182852e-03 7.596583977226514621e-03 7.336315575437169639e-03 1.675477836518910217e-03 4.896299308662057509e-03 1.382675884505896787e-03 3.811305408702724690e-02 1.003660024400162588e-02 1.846278975193168040e-02 1.968279788531923646e-03 1.708011386742578231e-03 1.309475396502643267e-02 1.768198454656364285e-02 3.355835705571370148e-02 2.008946726311508849e-02 1.397315982106547318e-02 1.956893045953639679e-02 8.296055307035380506e-04 1.335502236681577852e-02 1.257421716144774271e-02 3.432289548596990578e-03 2.718178121187474552e-02 3.154127694184628156e-02 2.288735258235054942e-02 6.360309068727124440e-03 1.328995526636844206e-02 2.196014640097600831e-03 1.768198454656364285e-02 
1.241154941032940155e-02 1.312728751525010090e-02 5.042700284668564983e-04 1.260675071167141094e-02 1.803985359902399513e-02 2.781618544123627690e-03 2.165107767385116011e-02 2.008946726311508849e-02 2.041480276535176733e-02 1.875559170394469274e-02 3.137860919072793520e-02 1.963399755998373325e-02 5.156567710451403358e-03 3.076047173647824401e-02 2.968686457909719412e-02 3.497356649044327040e-03 1.202114680764538451e-02 2.440016266775111914e-04 6.034973566490442996e-03 0.000000000000000000e+00 1.595770638470923181e-02 2.337535583570557116e-02 1.673851159007726588e-02 3.660024400162667762e-03 4.798698657991053683e-03 2.779991866612444018e-02 8.133387555917038808e-05 5.546970313135421264e-03 9.028060187067914188e-03 6.392842618950792671e-03 2.496949979666531275e-02 5.124034160227735127e-03 7.271248474989833177e-03 1.462383082553883606e-02 2.601057340382269267e-02 1.094753965026433462e-02 1.475396502643350899e-02 2.282228548190321296e-02 3.593330622204148062e-02 2.217161447742984834e-02 9.613664091093940614e-03 2.913379422529483592e-02 4.831232208214721047e-03 3.329808865392436257e-02 4.113867425782838372e-02 1.586010573403822538e-02 1.709638064253761816e-02 1.729158194387962755e-02 9.873932492883286463e-03 1.592517283448556184e-02 2.695404636030906964e-02 8.409922732818219532e-03 9.272061813745425271e-04 1.055713704758031758e-02 3.726718178121187636e-02 4.003253355022366733e-02 3.173647824318828747e-02 1.091500610004066639e-02 5.368035786905246210e-04 1.270435136234241563e-02 5.319235461569743646e-03 4.052053680357869253e-02 7.141114274095160253e-03 1.446116307442049664e-02 3.241968279788531859e-02 8.133387555917038808e-05 
4.000000000000000083e-02 6.230174867832452383e-03 2.083773891825945607e-02 4.156161041073606899e-02 8.670191134607563646e-03 1.322488816592110560e-02 5.106140707604717166e-02 4.260268401789345238e-02 4.995526636844245527e-02 6.371695811305408408e-02 5.581130540870272300e-02 1.013420089467263058e-02 4.982513216754778235e-02 1.968279788531923646e-03 3.267995119967466444e-02 3.811305408702724690e-02 1.514436762911752776e-02 2.412362749084993874e-02 7.238714924766164946e-03 1.595770638470923181e-02 0.000000000000000000e+00 8.052053680357868989e-03 4.081333875559170488e-02 1.963399755998373325e-02 2.601057340382269267e-02 5.221634810898738953e-03 1.293208621390809325e-02 1.550223668157787657e-02 1.415209434729564801e-03 3.023993493289955231e-02 3.362342415616104141e-02 3.388369255795038726e-02 1.823505490036600105e-02 1.628304188694591412e-02 2.838552257015046834e-02 2.962179747864985765e-02 1.914599430662871152e-02 5.189101260675071589e-03 8.149654331028873683e-03 3.528263521756811599e-02 1.953639690931273029e-02 1.716144774298495462e-02 2.965433102887352415e-02 9.841398942659618232e-03 2.409109394062627224e-02 5.774705164701098015e-03 2.701911346075640610e-02 2.578283855225701332e-02 4.354615697437982935e-02 6.147214314762098480e-02 7.401382675884506102e-03 6.344042293615290975e-04 1.553477023180154480e-02 2.114680764538430144e-04 5.677104514030093321e-03 4.120374135827572365e-02 2.065880439202927906e-03 2.000813338755591878e-03 3.954453029686864907e-02 9.450996339975599458e-03 1.089873932492883358e-03 2.679137860919072675e-02 4.816592110614070776e-02 1.696624644164294524e-02 1.010166734444896235e-02 3.551037006913379535e-02 
2.684017893452622996e-03 1.777958519723464928e-02 3.163887759251728105e-02 3.372102480683204784e-02 4.943472956486376357e-02 2.623830825538836856e-02 8.572590483936558953e-03 2.262708418056120357e-02 1.202114680764538451e-02 2.679137860919072675e-02 1.006913379422529412e-02 1.117527450183001224e-02 1.670597803985359939e-02 6.067507116714111227e-03 1.615290768605124119e-02 1.810492069947132812e-02 1.410329402196014610e-02 3.334688897925986318e-03 1.120780805205368047e-02 2.337535583570557116e-02 8.052053680357868989e-03 0.000000000000000000e+00 2.291988613257421592e-02 2.145587637250915072e-02 2.243188287921919419e-02 2.610817405449369563e-02 2.083773891825945607e-02 1.686864579097193881e-02 4.582350549003660206e-02 3.269621797478649856e-03 2.074013826758844964e-02 9.613664091093940614e-03 2.586417242781618737e-03 8.409922732818219532e-03 2.584790565270434978e-02 4.875152501016673245e-02 1.057340382269215126e-03 2.041480276535176733e-02 3.694184627897519058e-02 6.815778771858478809e-03 3.134607564050426870e-02 1.260675071167141094e-02 3.144367629117527513e-02 1.708011386742578231e-03 1.740544936966246462e-03 1.335502236681577852e-02 1.512810085400569278e-03 2.223668157787718480e-02 1.982919886132574264e-02 2.165107767385116011e-02 1.517690117934119599e-02 8.052053680357868989e-03 4.733631557543717221e-03 8.832858885725904802e-03 1.036193574623830820e-02 1.120780805205368047e-02 2.903619357462382949e-02 4.392029280195201444e-04 1.114274095160634401e-02 5.677104514030093321e-03 2.423749491663277581e-03 5.807238714924766246e-03 1.024806832045546895e-03 2.656364375762505087e-02 1.364782431882879260e-02 7.108580723871492889e-03 
1.138674257828385514e-04 2.230174867832452126e-02 2.272468483123220653e-02 4.429442862952419346e-02 2.350549003660024408e-02 1.708011386742578231e-03 4.766165107767385452e-03 1.696624644164294524e-02 1.577877185847905740e-03 1.498169987799918661e-02 6.100040666937779459e-03 3.723464823098820986e-02 2.789751931679544661e-02 2.187881252541683599e-02 1.934119560797072090e-02 2.662871085807238733e-02 1.208621390809272098e-02 3.264741764945099795e-02 1.332248881659211029e-02 1.673851159007726588e-02 4.081333875559170488e-02 2.291988613257421592e-02 0.000000000000000000e+00 8.767791785278568339e-03 3.658397722651484524e-02 1.150061000406669455e-02 4.082960553070353465e-03 2.958926392842619116e-02 2.845058967059780480e-02 1.039446929646197643e-02 7.141114274095160253e-03 1.995933306222041556e-02 3.041886945912972672e-03 6.425376169174460902e-03 9.093127287515250651e-03 3.629117527450183289e-02 1.675477836518910217e-03 1.605530703538023476e-02 3.985359902399349639e-03 1.407076047173647787e-02 1.546970313135420834e-02 1.309475396502643267e-02 4.162667751118340892e-02 1.582757218381455888e-02 2.910126067507116596e-02 1.289955266368442502e-02 2.955673037820252119e-02 3.180154534363562741e-02 2.196014640097600831e-03 2.539243594957299802e-02 1.420089467263115079e-02 2.506710044733631571e-02 2.057747051647011022e-02 1.447742984953233033e-03 2.074013826758844964e-02 2.337535583570557116e-02 3.085807238714924697e-02 1.810492069947132812e-02 3.310288735258234971e-02 2.653111020740138437e-02 2.044733631557543729e-02 3.580317202114680769e-02 2.461163074420496047e-02 1.322488816592110560e-02 9.385929239528262996e-03 4.325335502236681701e-02 
4.961366409109393971e-03 7.336315575437169639e-03 7.320048800325335741e-04 1.982919886132574264e-02 3.023993493289955231e-02 2.129320862139080783e-02 1.647824318828792350e-02 1.433102887352582372e-02 1.586010573403822538e-02 2.488816592110614043e-03 1.101260675071167108e-02 3.687677917852785758e-02 2.586417242781618737e-03 1.712891419276128466e-02 7.141114274095160253e-03 2.402602684017893578e-02 2.879219194794631950e-03 8.962993086620577726e-03 1.507930052867019130e-02 3.660024400162667762e-03 1.963399755998373325e-02 2.145587637250915072e-02 8.767791785278568339e-03 0.000000000000000000e+00 2.880845872305815361e-02 1.045953639690931289e-02 2.454656364375762401e-02 1.885319235461569917e-02 4.588857259048393505e-02 4.343228954859699315e-03 2.392842618950792935e-02 4.570963806425376065e-03 9.483529890199267690e-03 1.169581130540870220e-02 2.163481089873932599e-03 3.139487596583977365e-03 2.952419682797885470e-02 1.722651484343229109e-02 2.705164701098007260e-02 2.028466856445709787e-02 1.789345262301748646e-04 2.033346888979259675e-03 4.208214721431476069e-02 7.970719804798698195e-04 1.006913379422529412e-02 2.861325742171614422e-02 9.613664091093940614e-03 2.051240341602277376e-02 1.006913379422529412e-02 3.199674664497763332e-02 2.098413989426596137e-03 2.391215941439609784e-03 2.165107767385116011e-02 2.054493696624644025e-02 2.326148840992273321e-03 9.093127287515250651e-03 8.182187881252541914e-03 1.071980479869865874e-02 3.632370882472549939e-02 5.693371289141927437e-04 1.416836112240748256e-02 1.381049206994713376e-02 2.586417242781618737e-03 3.459943066287108487e-02 2.187881252541683599e-02 4.766165107767385452e-03 
