0.000000000000000000e+00 4.064929585047410282e-02 8.531986302169412839e-02 2.448643751341782540e-02 1.112694846572950536e-01 1.271026325068799201e-01 3.685990491713276862e-01 5.815765716270404617e-01 3.350575248778924209e-01 2.969859651942515777e-01 1.049730185395888471e-01 8.538317995114004522e-02 3.680032965529927425e-01 4.386136189090214521e-02 4.576159192494078654e-01 1.156398427152461987e-02 4.011099035352482800e-01 1.960738307746929046e-02 2.532253260705530917e-01 2.174086539368487170e-01 6.548812593216561673e-02 3.769593659449989587e-01 1.228746864751389771e-02 1.721830855291587581e-01 8.300806893317203006e-02 2.521511282824439454e-02 7.925898274910668506e-02 1.158538404918659226e-01 1.093395487305069691e-01 6.473567584612216486e-01 5.196589418051493769e-01 1.969765264260403548e-01 6.768338873343563433e-01 4.261160711439384574e-01 5.341430898765939933e-02 8.368229900191685722e-02 1.976701697332458318e-01 1.266804886136111974e-01 1.531954004301522287e-02 2.654445964949745385e-01 2.543612547993551742e-01 2.498440890387607083e-01 3.992994785545418979e-01 1.563314127412615828e-01 9.285840964717499701e-02 4.550237803955650695e-01 5.396071437607748156e-02 3.467757898927990023e-01 1.911513497932716132e-01 3.125148695994272030e-01 4.901916038805591291e-02 1.954260194407106965e-01 1.705414036140898981e-01 2.289675222400989474e-01 2.598567585926342405e-01 1.755096995885658817e-01 2.126487505678141821e-01 2.453636765587231816e-01 1.405007986319282975e-01 1.558788489088303864e-01 1.730803374660191407e-01 1.846995387986007098e-01 4.314020580686876438e-01 2.832265638495830573e-01 1.511552400653236317e-01 4.260462862830896591e-01 
4.064929585047410282e-02 0.000000000000000000e+00 5.791011344534725547e-01 1.663217882607496978e-01 3.013349074493499868e-01 1.885155906788127111e-01 7.910820063763408794e-02 7.992229388203216101e-03 2.090389945750807943e-01 4.922491431116934185e-02 2.510574987341752939e-02 3.926545532147951434e-01 6.908497183201042779e-02 2.959579300910004651e-01 8.062104556329885430e-02 4.666994645104432377e-02 6.416913318752530404e-02 3.558946380487731237e-02 1.994203614902455013e-01 1.053866333133447325e-01 6.833180517162985856e-02 9.124251421280095420e-02 3.008597500750323506e-01 1.920878447802172595e-01 1.508883245125337558e-01 4.484476560036843584e-01 4.466414414038467895e-02 1.083816215591217047e-01 2.099589743694950383e-01 1.905648974437571322e-02 4.921322321717707532e-02 3.447441263732730077e-01 6.305904723205760232e-02 3.407032732563126248e-02 7.127445853199826376e-01 2.063869899455446355e-01 1.369583701876049553e-01 2.501785647563414261e-01 2.326411780925304040e-01 1.492744971832540846e-01 1.159888554925676829e-02 1.200114592100573752e-01 6.356706405286488559e-02 1.806833619315847267e-02 3.591242614589943427e-01 4.688589095326309297e-02 3.441164011196218286e-01 4.371193702431118433e-02 2.939661193810941958e-02 6.726006972907370984e-02 2.836893888345914938e-01 2.007659134466046047e-01 2.058242154284368741e-01 4.706627165325497769e-02 2.653023657515605344e-02 2.212796529768449594e-01 5.380225098572079950e-02 1.395448365198617424e-01 2.911298093572554577e-02 3.637079408601841257e-02 1.119874130898257242e-01 1.014494738685348674e-01 4.360632285805066122e-02 5.803617165209425111e-02 2.415293694061056984e-01 5.807812987308164782e-02 
8.531986302169412839e-02 5.791011344534725547e-01 0.000000000000000000e+00 1.905205911158331655e-01 3.360625438595925552e-01 2.057244826726642162e-01 9.712626258611280206e-02 1.169503271775609587e-01 2.444486257484203562e-01 4.243830477419824332e-02 1.020413015393540207e-01 2.299217411548112877e-01 1.712700503639218996e-01 2.265936544887137694e-01 1.555785787967616240e-01 1.903086370018129969e-01 1.220265057510212942e-01 1.434008976341756003e-01 8.541584612188909964e-02 9.356435766578193036e-02 1.246394578836132472e-01 1.868174915551784332e-01 3.733189365173554819e-01 3.830605032214027816e-01 9.624049224487021825e-02 1.611963944559905715e-01 2.371471631405086197e-02 7.536901122497918770e-02 9.349953100055279076e-02 8.251143263508506354e-02 1.807457375778448797e-02 3.270900014503791420e-01 3.560604045875635087e-03 7.671949398305598355e-02 2.582296874380252683e-01 1.130379682835003924e-01 1.124141287477756074e-01 1.847703781743437745e-01 1.942846642486429076e-01 7.578371609352153870e-02 8.277504537672018825e-02 2.951166413557186965e-02 5.022538669304632553e-02 4.506416888048909303e-02 2.928125581602005201e-01 4.037469921788407884e-02 3.372331809534916403e-01 3.252338407197621212e-02 6.836639101426060516e-02 4.908787207390612889e-02 1.738069171336490415e-01 1.951007248917243642e-01 1.371622461781975277e-01 4.173693387543672695e-02 4.845505417396132886e-02 2.277550094688158000e-01 4.717385353326418451e-02 3.551386621339591015e-02 2.564967024709466914e-01 7.032177910899585493e-02 6.945216564159918671e-02 6.715684169185505425e-02 2.482401301155786819e-02 9.756757659742662514e-02 1.337781547367976609e-01 1.900272103695037351e-02 
2.448643751341782540e-02 1.663217882607496978e-01 1.905205911158331655e-01 0.000000000000000000e+00 4.690509450832065774e-02 1.430142791595827023e-01 3.652319434130791437e-02 5.239435387986055015e-02 1.064581237473177372e-01 4.796131766400302809e-01 1.907955372124751636e-01 1.250049707578353986e-01 3.168023076149769635e-01 1.263642199870074478e-01 9.031722452725624017e-02 1.984129178945222977e-02 1.284393891108757436e-02 2.054082287452383901e-02 2.610626964360622179e-02 7.311822687663621645e-02 6.809719565450881307e-01 5.417937852522956843e-02 2.170677337670934640e-02 8.044414092420003326e-02 5.873374201578431819e-01 1.204065017119433784e-01 1.594708022307086970e-01 1.509149667848254384e-01 2.411192525892992822e-01 3.036694975981491657e-02 7.429797659527007103e-02 1.521297788368560465e-02 1.845884141338424711e-02 1.478461560475693159e-01 1.368547906036966244e-01 8.765760628463788173e-02 3.197408035576786434e-01 7.084143980669650731e-02 1.737351827083750133e-01 1.477313890522699291e-01 1.722852663017891695e-02 1.365010101477948934e-01 1.993866869579964674e-01 1.780285231993283257e-01 3.271532068314621927e-02 3.490997750359133012e-02 5.137799535448080157e-02 1.653792320688573514e-01 4.256004949742052401e-02 1.915497009290493824e-01 2.445897006043316890e-02 8.930402716762399912e-03 6.719235462336571596e-02 1.894808544387201477e-01 3.213967297192758116e-02 2.262210664792056042e-02 1.536732876735385361e-02 2.480396208564322746e-01 8.970796772891403981e-02 2.135227520124708955e-01 2.048058202115621007e-01 5.923663705160719939e-02 1.418683466946997485e-01 1.237798960199520681e-01 1.121964691383074419e-01 1.048477095850198770e-01 
1.112694846572950536e-01 3.013349074493499868e-01 3.360625438595925552e-01 4.690509450832065774e-02 0.000000000000000000e+00 2.445381544277940855e-01 2.170197845792519453e-01 8.441364404908539842e-02 4.304447011096679265e-01 1.159304151453438569e-01 2.240916359765895288e-02 3.057325167248381992e-01 1.400933225855562625e-01 1.672346980085117618e-01 1.726971940727639876e-01 2.869880393284984788e-01 4.817971649837987647e-01 1.902993115958740711e-01 1.186403321306409540e-02 1.617572174840647692e-01 4.497258926933529050e-02 2.274264155645200625e-01 4.363275649491999975e-01 2.951526118771092277e-01 1.488462381827264647e-01 3.570109245330688880e-02 1.240183958947787962e-01 1.913034344312567192e-01 9.680338191253930191e-02 1.639528700693459462e-01 1.028828153651002025e-01 6.683380789247023168e-01 1.388386930898744265e-01 7.237561076328120901e-02 3.303747880903759038e-01 1.770245000938643065e-01 3.078709892881954097e-02 2.369084831833005028e-02 2.376032292171954829e-01 2.527827404498413782e-03 3.934165165691500682e-02 1.895766361250765877e-02 2.966442826381342490e-01 2.273413784546666344e-02 6.612318822350803094e-02 5.360386565856058161e-02 1.486419873508587342e-01 4.468164496323172308e-02 2.705026656344931557e-01 4.522170193515755859e-02 1.669390864017205323e-01 7.202984376788047760e-02 4.450709551960588956e-03 2.793801356357127411e-02 1.740243561922777404e-01 4.466516510647141058e-01 2.370091291690684665e-01 1.293036940057653572e-01 1.013034780818710262e-01 1.345093952819214345e-01 1.852446208116345083e-01 1.097214684807244350e-01 1.218007720875978889e-01 1.018841214887470648e-01 2.733124616800095691e-02 2.121848492010824927e-01 
1.271026325068799201e-01 1.885155906788127111e-01 2.057244826726642162e-01 1.430142791595827023e-01 2.445381544277940855e-01 0.000000000000000000e+00 1.747167569816763244e-01 1.010877975623001440e-01 1.934758851198911389e-01 1.199506549521697218e-01 5.621541143297342086e-02 1.633285349763237693e-01 1.141359867589738786e-01 2.850356031006425206e-01 2.209519323884170938e-01 1.289042907630940371e-01 2.338065094426067803e-01 2.341099397876137550e-02 2.049218418347502901e-01 1.404140289687217102e-01 7.424207876677825502e-02 1.364774243456074732e-01 2.225430328226942200e-01 1.371174432353715611e-01 1.645652259941033924e-01 2.219591678910628196e-01 3.235046881561507437e-01 2.535308975089548000e-01 1.006997742107158395e-01 1.014457789666961263e-01 6.831332229033189318e-02 4.448935181797440408e-01 6.272116098386773531e-02 1.082293047916502854e-01 1.478429665137274696e-01 1.163875078166338312e-01 9.070784520003295770e-02 1.960116110986097060e-01 6.050253559086462563e-01 1.161602089029668550e-01 7.968190071342287628e-02 1.099598317271644338e-01 2.081487894874325950e-01 7.544738457538084642e-02 3.087598327163607603e-01 6.896614633716857679e-02 3.895396973689583264e-01 3.307899760061105976e-02 1.139089059436677043e-01 1.085361729173956596e-01 1.311716162309999878e-01 4.567530579975264682e-01 1.406776882458745659e-01 7.117176778974378115e-02 1.971789856366788218e-01 2.317472119850813861e-01 1.621145354546766615e-01 1.555164210877136577e-01 3.963112083029343702e-01 3.435590299901182809e-01 3.924116866735636311e-01 7.976103265249068208e-02 9.890176973482174561e-02 1.451858882553997976e-01 2.885524965839427747e-01 1.524875980626180239e-01 
3.685990491713276862e-01 7.910820063763408794e-02 9.712626258611280206e-02 3.652319434130791437e-02 2.170197845792519453e-01 1.747167569816763244e-01 0.000000000000000000e+00 1.945869184341114388e-01 6.561753260017251232e-01 8.844345815563375846e-02 2.868066045381469364e-01 6.245178618790250130e-02 6.233035791883795307e-01 8.139750534555446893e-02 4.357049003694986600e-01 9.654399377344942412e-02 6.725855115502218373e-01 8.344664241924287795e-02 1.523023414058763958e-01 1.391216608127085752e-01 1.111491400549929204e-01 2.501853063965193968e-02 1.298549203197206514e-01 4.349155517743268778e-02 7.051277893904749072e-02 3.443618706566239918e-02 7.162061950270251498e-02 1.129587820476897764e-01 8.507146214244670768e-02 2.048900744420613929e-01 2.663250467765400711e-02 3.848187032274138497e-01 2.336850133712954636e-01 2.417780978059047847e-01 4.324433937391108235e-02 3.897965209650387786e-02 8.631050326294170683e-02 9.661091190386175698e-02 1.202875385653321971e-01 2.533047037617479624e-01 1.520575982679601146e-01 2.614775617565412991e-01 3.061174856535636146e-01 1.232905028568802991e-01 1.435007044624909966e-01 3.227653774011333132e-01 1.457336896301308637e-01 2.716290672929387306e-01 9.012301915906699434e-02 2.900219712643535286e-01 6.395621580355458080e-02 2.175236915825782824e-01 1.404558976357046240e-01 1.286986746879381915e-01 1.627330542483193532e-01 1.600330888109836036e-01 1.165189492441531666e-01 1.833534542847459758e-01 1.509263525176595400e-01 1.229821354730546434e-01 1.199820561553417847e-01 9.336169819770424871e-02 2.812449102206901475e-01 1.753075643059929523e-01 1.289525375042668287e-01 3.111072779290103840e-01 
5.815765716270404617e-01 7.992229388203216101e-03 1.169503271775609587e-01 5.239435387986055015e-02 8.441364404908539842e-02 1.010877975623001440e-01 1.945869184341114388e-01 0.000000000000000000e+00 1.448621218473839511e-01 2.791950376457936200e-01 2.963270770377041119e-01 1.436014487498031011e-01 3.171675016411130144e-01 7.228791313892118930e-02 2.218963311163803243e-01 8.422049237072676275e-02 1.669888882344064407e-01 1.622257827631986837e-01 2.604588182028825805e-01 2.270217171804218004e-01 2.633440120604888662e-02 9.357310591905308728e-02 2.872665522869051816e-02 9.868927755115458611e-02 1.823226421104583717e-01 1.519420610647162322e-02 9.864757922043269900e-02 6.164545027873642030e-02 2.252835056490872789e-01 2.610195947407779604e-01 2.229302435380900449e-01 1.005012044418365780e-01 2.814593147633480119e-01 4.225222368576884713e-01 5.282505187410645175e-02 9.470244866188259891e-02 1.357127095052749755e-01 2.552817777445715378e-02 1.130023474366042939e-02 1.435428854201565296e-01 3.443475255886180864e-01 1.619652371135315572e-01 2.817726857623413239e-01 2.589768893903322544e-01 1.316545907860199871e-01 3.744454376602580625e-01 6.986716029137940431e-02 2.422559630575597256e-01 7.376746309681773972e-02 1.258170876237342806e-01 6.544773367268875985e-02 1.725225784223872738e-01 1.847161848590627431e-01 2.123814521846769943e-01 1.652600700274365897e-01 7.354907588454247247e-02 1.335848943854891779e-01 1.951780314005325534e-01 1.241125059509664841e-01 1.318072006023254250e-01 1.197442056305154101e-01 1.320741060081649931e-01 2.938286568776324881e-01 2.407174727200114828e-01 5.298112518821442712e-02 2.412084301929856289e-01 
3.350575248778924209e-01 2.090389945750807943e-01 2.444486257484203562e-01 1.064581237473177372e-01 4.304447011096679265e-01 1.934758851198911389e-01 6.561753260017251232e-01 1.448621218473839511e-01 0.000000000000000000e+00 1.151156862540364534e-01 1.973757338346217305e-01 2.958003121810329761e-01 4.919241720193970324e-01 2.006341991713679607e-01 6.928286617138026404e-01 1.816192948676755847e-01 5.670042898470607495e-01 3.333388126847650762e-02 1.156896095748085641e-02 5.020317783471218986e-02 1.612282704406729772e-01 1.260897808402645093e-01 2.602520567617770397e-01 1.833668188684665634e-01 3.555069320413083850e-02 4.798612716837442199e-02 9.459395344403907779e-02 1.489209569991259141e-01 9.269942534570332904e-02 3.091210022163435878e-01 5.162306597687357779e-02 5.420398600010419843e-01 2.851497902123570349e-01 1.397763764010608034e-01 1.724896240234236877e-01 4.419109072968974844e-02 6.474714122061643595e-02 6.688362300488659429e-02 2.109891410019605340e-01 1.707783147216598851e-01 5.875980748080475435e-02 1.501130249212493106e-01 2.606888028027089521e-01 7.563786731070871669e-03 1.087762449759477057e-01 1.964197227883474617e-01 1.912793738635439333e-01 1.494196475205664953e-01 1.677633742095255565e-01 2.385642349275123586e-01 1.173040961954429501e-01 6.270810339757071361e-02 4.668387455775722256e-02 7.143876944979755950e-02 1.721082905355956483e-01 2.758012705912206708e-01 1.694928738035447191e-01 1.421965477534832267e-01 2.078370271975554517e-01 1.200686180371146050e-01 1.633934097568883748e-01 1.095306572075563228e-01 1.925267499546395866e-01 1.393969240273226218e-01 4.393868683433969219e-02 2.522975913093947753e-01 
2.969859651942515777e-01 4.922491431116934185e-02 4.243830477419824332e-02 4.796131766400302809e-01 1.159304151453438569e-01 1.199506549521697218e-01 8.844345815563375846e-02 2.791950376457936200e-01 1.151156862540364534e-01 0.000000000000000000e+00 1.298392390575624222e-01 1.497498710882694088e-02 3.659247887761800655e-01 5.719811706582251035e-03 2.030741875710638800e-01 4.185142346991075346e-01 2.092827006496673914e-02 6.047100300654584260e-02 9.870423332987662834e-02 1.220050153571159285e-01 3.509325163781740753e-01 3.018430008577755452e-01 3.835616495186446873e-01 2.866926553803208488e-01 7.812941145365795981e-01 1.306514263832479206e-01 2.680375347075368286e-01 1.788194909627340012e-01 5.052392661293442222e-01 2.420790308820878756e-01 2.392461209315204229e-01 1.969725245737268329e-02 3.227514197259930828e-01 4.311924315428549148e-01 5.192549930382654721e-02 2.369180498544192284e-02 1.003420272554722686e-01 3.662650345658864937e-01 2.430130989397056018e-01 4.349699746731579553e-01 1.419954099729144881e-01 3.103363854105766206e-01 2.194996056483669578e-01 1.110203146453189460e-01 3.905114418800306048e-02 2.530377519305619383e-01 7.570527779823853221e-02 3.349700626508229639e-01 2.603452976929838125e-01 5.282800293064411346e-01 4.267354562110137889e-02 6.655674767251872070e-02 1.097317917987251923e-02 6.865210347349844089e-02 6.312471393566247702e-02 2.510491262849758876e-01 2.663719506175757021e-02 2.967070458954765289e-01 1.289185450553759771e-01 1.724223090008450976e-01 1.988920228411718283e-01 3.895322421545377445e-02 4.042958491717474900e-01 2.588781632967921409e-01 3.414210389093996767e-01 3.376012687961898462e-01 
1.049730185395888471e-01 2.510574987341752939e-02 1.020413015393540207e-01 1.907955372124751636e-01 2.240916359765895288e-02 5.621541143297342086e-02 2.868066045381469364e-01 2.963270770377041119e-01 1.973757338346217305e-01 1.298392390575624222e-01 0.000000000000000000e+00 1.322893065485108433e-01 5.090207209816008938e-01 6.814386824461679537e-02 2.585252836918274233e-01 7.379463826260222736e-02 3.460576223731259143e-02 1.411664443333897900e-01 2.106668183869720989e-01 1.748798195822018064e-01 3.485141478303086515e-01 1.613550775660671788e-01 6.653866354813883777e-02 1.143661128152340389e-01 1.237161611253424914e-01 4.933729960978015805e-02 7.347519463201425405e-02 6.124596566777937290e-02 1.009309287950359013e-01 6.188669383231484161e-02 1.694098802680923110e-01 6.581533445975154550e-02 1.360372985591285118e-02 2.635512052014247764e-01 4.773079340768238837e-02 1.037984749263434064e-01 9.510255688616256475e-02 4.738697567236917901e-02 2.503530187438166021e-02 9.283374563334526042e-02 2.695721201977142045e-01 1.472034120851632433e-01 2.601220347059917185e-02 3.644403020184788233e-01 1.509082035654780440e-01 1.945685307976442457e-01 7.971583937391617247e-02 2.004910042706922191e-01 2.005263734418802346e-02 2.838210126492746177e-02 1.040259169169350517e-01 1.262180436007527273e-01 1.393474551601609213e-01 8.060759523076714561e-03 7.471968599993385196e-02 1.541006749388832905e-02 3.983780251052911753e-02 1.832588154764598978e-02 1.002566997690316208e-01 8.236050831860959598e-02 9.934125654177679288e-02 9.543437191158030131e-02 1.598595895642500042e-01 1.258697999436475534e-01 2.269910762483850347e-02 7.499860806623503962e-02 
8.538317995114004522e-02 3.926545532147951434e-01 2.299217411548112877e-01 1.250049707578353986e-01 3.057325167248381992e-01 1.633285349763237693e-01 6.245178618790250130e-02 1.436014487498031011e-01 2.958003121810329761e-01 1.497498710882694088e-02 1.322893065485108433e-01 0.000000000000000000e+00 8.721278630828919326e-03 7.584135123191975136e-01 2.173593208125134887e-02 3.975688883820559238e-02 1.760785590812885895e-02 4.184040116959754363e-02 5.220680407177605842e-01 1.143322275216875905e-01 6.024858344286877776e-02 3.251409745488006986e-02 1.169114025734298290e-01 7.381322214095220602e-02 2.732329783282347671e-02 1.001294589601940954e-01 1.127785322628653136e-01 3.021847377267424251e-01 6.082285071224913242e-02 1.066866135750368788e-01 4.826813108473424624e-02 3.010558277518390335e-01 1.036668960284280877e-01 1.397652963053600261e-01 3.598103970028626586e-01 2.106862805836610675e-01 6.027606044724048706e-02 6.750214101131078726e-02 2.917068255440700142e-01 9.503771785942118078e-02 1.209188078017728318e-01 1.246988124142866111e-01 2.029550769591591253e-02 1.100694330530307408e-01 2.314447342777133376e-01 1.268274908010224300e-01 4.337765605281366232e-01 1.318490616958425121e-01 7.054785405937055720e-02 2.202494087473232109e-02 2.362049863465554289e-01 3.143110041934619320e-02 1.189640269990980270e-01 2.378995952281045406e-02 3.128087350413903071e-03 1.253324197800166628e-01 1.315338256477626734e-02 4.952290127565849021e-02 6.001072216501950052e-02 7.064914876464419013e-02 1.413933052758132580e-01 3.336340241509015703e-02 8.907248709491664973e-02 6.618568058240485719e-02 1.419863194283703389e-01 9.538543350749755650e-03 
3.680032965529927425e-01 6.908497183201042779e-02 1.712700503639218996e-01 3.168023076149769635e-01 1.400933225855562625e-01 1.141359867589738786e-01 6.233035791883795307e-01 3.171675016411130144e-01 4.919241720193970324e-01 3.659247887761800655e-01 5.090207209816008938e-01 8.721278630828919326e-03 0.000000000000000000e+00 2.896510036181794076e-02 4.483421732817230998e-01 6.132926268993245389e-02 4.430912318166754793e-01 9.809441462755996710e-02 2.324768637720588116e-01 2.055668375434756556e-01 5.152366377121181396e-01 4.031911036250183933e-02 9.862214802183444373e-02 5.623703858384381665e-02 1.664932887953342044e-01 3.424298061044944719e-02 8.272465007312139462e-02 8.466272618745059042e-02 8.453822529579256909e-03 2.459570742363169082e-01 2.634606769578332064e-02 2.769586972897910560e-01 2.725903708677975268e-01 4.091189042113852481e-01 1.414910255640801882e-02 5.395958627214100800e-02 6.526627468146985189e-02 9.625906909474377104e-02 2.277985805062662794e-02 2.785179830512535260e-01 2.906879846986048510e-01 3.008761474691143412e-01 1.910886296428207232e-01 1.116421306222798171e-01 1.341788190814249826e-01 2.921997098323276809e-01 1.143508562649085680e-01 3.554742381540817453e-01 9.614423600559268701e-02 2.927219001907182538e-01 3.873450152479158276e-02 1.871315714525645379e-01 1.286223224613048666e-01 3.624019346906681704e-02 2.374127518986138552e-01 1.540575527340793394e-01 1.579229366951511171e-01 1.152560734324150349e-01 1.567215333470157179e-01 8.548671026060969402e-02 1.194239758280185443e-01 2.129728504595314598e-01 3.833921184158312623e-01 3.003725374951614069e-01 1.492854366674707389e-01 3.681759546612426437e-01 
4.386136189090214521e-02 2.959579300910004651e-01 2.265936544887137694e-01 1.263642199870074478e-01 1.672346980085117618e-01 2.850356031006425206e-01 8.139750534555446893e-02 7.228791313892118930e-02 2.006341991713679607e-01 5.719811706582251035e-03 6.814386824461679537e-02 7.584135123191975136e-01 2.896510036181794076e-02 0.000000000000000000e+00 1.097556894872111534e-02 2.310131206765841244e-02 3.531452235357705055e-02 2.450201458204008809e-01 4.751523291927839954e-01 6.178108391203031985e-02 4.866615989485836846e-02 2.101576060428923115e-02 8.207633397890756743e-02 1.310311992011802679e-02 1.883124357696725273e-02 5.237204610280061373e-02 1.008170450443278826e-01 2.988971578552870323e-01 7.143979647097735419e-02 1.287614676311596706e-01 7.116120168447799543e-02 1.501876871409122405e-01 1.486693335403563576e-01 5.122337699629824631e-02 2.292730593536685124e-01 2.103464828838488287e-01 8.952024994932057667e-02 1.706517150038741049e-01 2.927941490306259498e-01 1.643798748256294073e-01 6.942240313555690656e-02 1.597066818544679023e-01 2.716916377672370583e-02 3.232764474982820907e-02 4.988113869955891899e-01 9.212658153310185338e-02 7.043374950648267907e-01 5.811766719022540967e-02 5.389454662991099987e-02 7.731761362089539791e-02 2.617975764835311359e-01 2.795303334382672755e-01 1.107171702864395008e-01 7.059168606587141841e-03 1.607013831876245163e-02 9.046709686558622454e-02 3.964896171717036295e-03 6.807149461864510365e-02 2.328842769243086863e-01 1.583103996299196070e-01 1.503578538202428316e-01 6.821377740794425104e-02 1.078619445881532062e-03 5.357270557063967265e-02 2.064255268833901369e-01 5.349633623467407728e-02 
4.576159192494078654e-01 8.062104556329885430e-02 1.555785787967616240e-01 9.031722452725624017e-02 1.726971940727639876e-01 2.209519323884170938e-01 4.357049003694986600e-01 2.218963311163803243e-01 6.928286617138026404e-01 2.030741875710638800e-01 2.585252836918274233e-01 2.173593208125134887e-02 4.483421732817230998e-01 1.097556894872111534e-02 0.000000000000000000e+00 1.300612508976176362e-01 4.201483822137164759e-01 3.993540917245691491e-02 1.165757699920491192e-01 4.835288198711523017e-02 1.489185629948495682e-01 2.540356887920787801e-02 1.588276569559043949e-01 1.073212633905721025e-01 4.402680487485222810e-02 8.111076232648924134e-02 1.394935370759516347e-01 2.246005097445680498e-01 7.156194374540031378e-02 5.297904786706529867e-01 2.155904371282518425e-02 3.799809308757281512e-01 4.785697714477352704e-01 2.283864890114228330e-01 5.565961857146058817e-02 4.901679439924334913e-02 1.140730836429741518e-01 8.127950614853945988e-02 1.338365850671254242e-01 2.005587263579080848e-01 1.098551629143867253e-01 1.722891573436836632e-01 2.350311571820025147e-01 7.905277625442512501e-02 9.375625101665101269e-02 2.880115677688325770e-01 9.243657409678378289e-02 2.515003458614536447e-01 1.242543994696196918e-01 2.670242902837003385e-01 4.174101153743209336e-02 1.182003325278739303e-01 1.195328010585184064e-01 1.052050364874109606e-01 1.814505963508394049e-01 1.893301634057585892e-01 1.547960019250487484e-01 1.381705003265850384e-01 1.891382241264505659e-01 1.558551261129918486e-01 2.124284508744568312e-01 1.145442447692426868e-01 2.804272345864566862e-01 1.745423348850015932e-01 5.989908495389165144e-02 2.850403617462197725e-01 
1.156398427152461987e-02 4.666994645104432377e-02 1.903086370018129969e-01 1.984129178945222977e-02 2.869880393284984788e-01 1.289042907630940371e-01 9.654399377344942412e-02 8.422049237072676275e-02 1.816192948676755847e-01 4.185142346991075346e-01 7.379463826260222736e-02 3.975688883820559238e-02 6.132926268993245389e-02 2.310131206765841244e-02 1.300612508976176362e-01 0.000000000000000000e+00 1.969050956203369507e-01 2.973367255207287618e-02 4.264466067597683097e-02 1.116517762083255733e-02 4.955261297408321969e-02 3.208420059141184333e-01 8.166142944145747817e-01 6.549382436147046516e-01 3.640722699549891472e-01 1.688305232178679005e-01 2.064295617100123936e-01 3.915314188748554303e-01 3.596015236571373785e-01 4.428258784755373378e-02 1.131918861700973028e-01 2.416140722522337470e-01 1.656683881217471330e-02 1.912541665020695558e-01 3.015451223517731996e-02 3.060996766245593220e-02 2.215767072574478108e-02 2.844257818510876890e-01 2.355289712051036877e-01 2.177008687071272930e-01 5.080954181299113248e-02 1.469474425622379898e-01 2.493186257039856912e-01 4.229227667284328473e-02 5.531451091685987698e-02 1.055476047472168472e-01 1.099946277717874926e-01 1.855918658760244977e-01 5.935396512717148187e-01 2.455006686822238937e-01 1.390190277858608346e-02 5.933491976674813012e-02 4.049673836382412101e-02 1.111027731844967115e-02 8.269835276691622772e-02 6.310775073456260653e-01 2.447397132626903948e-01 2.353524587132435342e-01 2.418934952614393841e-01 2.129541495921960237e-01 4.185919527814314089e-01 2.360388110917837623e-01 2.470842705276537765e-01 8.087248775326173755e-02 2.371729777277155338e-01 1.925826273353942186e-01 
4.011099035352482800e-01 6.416913318752530404e-02 1.220265057510212942e-01 1.284393891108757436e-02 4.817971649837987647e-01 2.338065094426067803e-01 6.725855115502218373e-01 1.669888882344064407e-01 5.670042898470607495e-01 2.092827006496673914e-02 3.460576223731259143e-02 1.760785590812885895e-02 4.430912318166754793e-01 3.531452235357705055e-02 4.201483822137164759e-01 1.969050956203369507e-01 0.000000000000000000e+00 1.430615084487384392e-01 1.912795737465371737e-01 2.353917972863128413e-02 5.429677825234377475e-02 5.174868798681214049e-02 2.554629901241310952e-01 1.234613737519971027e-01 1.586947544671539756e-01 7.323249927932889980e-02 1.670124271617706158e-01 2.775339495013092739e-01 1.309070901942311349e-01 3.472654790293948079e-01 4.723611534984985955e-02 5.262052276424514785e-01 3.805453880797637356e-01 2.238260818856319667e-01 8.602074182582519768e-02 4.421318806628207407e-03 1.072251320841031974e-01 1.473792947244502161e-01 1.762839182063076493e-01 2.678140090367884807e-01 1.149335917907183535e-01 2.663501728066001717e-01 4.565409774324742376e-01 1.673579017195494373e-02 3.460771499018182318e-02 3.128501936336518519e-01 5.139826005274707871e-02 2.871030618338352158e-01 1.971414045727292452e-01 3.372295319302366923e-01 1.385575361630559110e-01 1.908400555895507222e-01 1.149952677727385797e-01 1.196953178780025412e-01 2.269747422991469643e-01 3.164212678573617432e-01 2.260062539697670903e-01 2.447820040047129775e-01 1.636863900855795584e-01 1.741900606110075300e-01 2.358233796234213142e-01 1.285804897644321210e-01 3.422515878188989724e-01 2.109602380166571145e-01 1.808063262087332146e-01 4.362010357866888399e-01 
1.960738307746929046e-02 3.558946380487731237e-02 1.434008976341756003e-01 2.054082287452383901e-02 1.902993115958740711e-01 2.341099397876137550e-02 8.344664241924287795e-02 1.622257827631986837e-01 3.333388126847650762e-02 6.047100300654584260e-02 1.411664443333897900e-01 4.184040116959754363e-02 9.809441462755996710e-02 2.450201458204008809e-01 3.993540917245691491e-02 2.973367255207287618e-02 1.430615084487384392e-01 0.000000000000000000e+00 3.937358753061619837e-02 5.313521434346372141e-01 2.839671344454266014e-02 6.330657701055411590e-02 8.654294919241835304e-03 2.278348792405627751e-02 2.192300819203799045e-02 5.197821146018628130e-02 1.021577647107178022e-01 1.215265808750818077e-01 8.976602985462295292e-03 1.799351702143291154e-01 5.529025866126487110e-02 1.686801059489785037e-01 2.717346943977153040e-01 1.429037777919158272e-02 2.661861310761951538e-01 2.203592843732021245e-01 8.182511425788130399e-03 2.113700764277781918e-01 6.835387962649282223e-02 1.406220560496735383e-01 5.795869169057631803e-02 5.135687426647141118e-02 2.266615385786932904e-02 7.787179023990652149e-02 2.969651836398720102e-01 5.160732242362397332e-02 3.280400066028437145e-01 4.291987539576531951e-02 1.222196246482325221e-02 1.947446215388204949e-01 1.973232112212854050e-01 7.872959150503744397e-02 1.203332216398967230e-01 1.843227468748756190e-02 2.535350914211130513e-02 5.923395145489580155e-02 3.426180714411791034e-02 4.520216150469479749e-02 3.385446799671616436e-01 1.794202163287702059e-02 2.843848601084651012e-02 4.286872511959523291e-02 8.644856043565216086e-02 7.268175839389164061e-03 1.617480294910571548e-01 1.171825860412466780e-01 
2.532253260705530917e-01 1.994203614902455013e-01 8.541584612188909964e-02 2.610626964360622179e-02 1.186403321306409540e-02 2.049218418347502901e-01 1.523023414058763958e-01 2.604588182028825805e-01 1.156896095748085641e-02 9.870423332987662834e-02 2.106668183869720989e-01 5.220680407177605842e-01 2.324768637720588116e-01 4.751523291927839954e-01 1.165757699920491192e-01 4.264466067597683097e-02 1.912795737465371737e-01 3.937358753061619837e-02 0.000000000000000000e+00 3.559546846367183659e-01 4.009066489226777857e-02 1.106572985801857478e-01 1.276533789519875353e-02 5.350463202371435328e-02 2.117340630818506913e-03 4.643786003698328890e-02 2.162627473548222046e-01 2.006596898066448087e-01 5.455848142640405685e-02 2.855672246449504348e-01 7.538144648512168366e-02 7.286270258425173174e-02 3.370582333485547810e-01 2.447696061770437137e-01 1.172062773611767944e-01 9.886544434260013947e-02 1.329394263632287763e-02 8.180784116887873658e-02 2.984140992858888564e-01 1.612915668850367634e-01 1.393897080614399653e-01 1.628443758176813527e-01 9.511968487954035323e-02 6.588375301725464539e-02 6.819584785960187967e-02 1.774322613252652392e-01 2.674624810936901964e-01 2.075173906698379034e-01 5.972292882785289192e-02 1.830060518755434740e-01 8.205566411123221826e-02 5.828963595639273521e-02 1.277776571648567006e-01 3.118350970587978332e-02 1.529793084724813679e-01 6.286484111655890605e-02 1.507151055331517608e-01 4.918583936395979489e-02 1.130097095362647269e-01 6.648412109236237488e-02 1.320004343996076523e-01 9.197941696969900993e-02 2.587120798134402433e-01 1.420111403356400515e-01 2.377775882544851671e-01 2.330658264518275513e-01 
2.174086539368487170e-01 1.053866333133447325e-01 9.356435766578193036e-02 7.311822687663621645e-02 1.617572174840647692e-01 1.404140289687217102e-01 1.391216608127085752e-01 2.270217171804218004e-01 5.020317783471218986e-02 1.220050153571159285e-01 1.748798195822018064e-01 1.143322275216875905e-01 2.055668375434756556e-01 6.178108391203031985e-02 4.835288198711523017e-02 1.116517762083255733e-02 2.353917972863128413e-02 5.313521434346372141e-01 3.559546846367183659e-01 0.000000000000000000e+00 5.828566891781452458e-02 2.521904863196546276e-01 2.805439048139900596e-02 1.252207177229671675e-01 7.566069229277208597e-02 2.122672091662909308e-02 3.765738533717115644e-01 4.833407670448949464e-03 4.451184060384174440e-02 1.578954399112346418e-01 2.519649052587279447e-01 1.174035720533367216e-01 1.517301258291733346e-01 1.461910267825864973e-01 2.031145991321022248e-01 9.718715974888959830e-02 2.949286998144985683e-02 4.581443074219522515e-02 1.453527466987648009e-01 2.476303542410383460e-02 9.535711749289149664e-02 7.526650114277946835e-02 1.046383315347119460e-02 8.811893955921529242e-02 1.602654635142997386e-01 8.222738457247545651e-02 1.467692882777801022e-01 1.135783554261394768e-01 4.796079475280914939e-02 1.514364967314655620e-02 6.994662341176029197e-02 9.364373738548076309e-02 1.071424089105140753e-01 1.363804706256602391e-02 1.338988188141624069e-01 8.857346188138432233e-03 7.715069365599747098e-02 8.472974356563840390e-03 2.213824732927310857e-01 1.779523307995178535e-02 4.230859816047102123e-02 5.947136241555890657e-02 1.430862710805801130e-01 1.094483967817199144e-01 6.052601896999909581e-02 1.238946098903089404e-01 
6.548812593216561673e-02 6.833180517162985856e-02 1.246394578836132472e-01 6.809719565450881307e-01 4.497258926933529050e-02 7.424207876677825502e-02 1.111491400549929204e-01 2.633440120604888662e-02 1.612282704406729772e-01 3.509325163781740753e-01 3.485141478303086515e-01 6.024858344286877776e-02 5.152366377121181396e-01 4.866615989485836846e-02 1.489185629948495682e-01 4.955261297408321969e-02 5.429677825234377475e-02 2.839671344454266014e-02 4.009066489226777857e-02 5.828566891781452458e-02 0.000000000000000000e+00 1.828607216975678684e-01 5.840515757950721226e-02 1.413342001029073702e-01 3.058349275560606761e-01 4.122318038578737937e-02 8.521496878832951483e-02 4.614818518773038114e-02 4.848848064112390444e-02 4.067392414783591037e-02 2.086480622281199349e-01 5.811104797387756093e-02 1.790433386366304530e-02 1.210792483461428093e-01 4.179517465307415469e-02 2.270663205571798321e-02 3.511847573270950873e-01 5.581385093578310891e-02 6.874145624199513860e-02 1.272212208680653378e-01 6.153302326723560089e-02 1.222738877974758748e-01 1.595014701515173328e-01 1.772437247826049167e-01 6.505930733982437375e-03 6.012531057434090942e-02 1.924607086505379996e-02 1.180521172369130289e-01 1.278971945733556499e-02 1.382900042922430295e-01 2.967432815466964496e-02 2.717393927442654511e-02 4.494318376653483327e-02 3.472747771907178649e-01 7.227562846915772110e-02 3.955900385446410594e-02 2.523789460046116373e-02 1.332187992432264378e-01 1.587078621152483715e-02 9.509375132133476849e-02 6.327811188734422387e-02 1.547627479233135428e-01 1.085571885235742107e-01 1.189130827407803986e-01 7.371389636797702483e-02 1.001717980947433168e-01 
3.769593659449989587e-01 9.124251421280095420e-02 1.868174915551784332e-01 5.417937852522956843e-02 2.274264155645200625e-01 1.364774243456074732e-01 2.501853063965193968e-02 9.357310591905308728e-02 1.260897808402645093e-01 3.018430008577755452e-01 1.613550775660671788e-01 3.251409745488006986e-02 4.031911036250183933e-02 2.101576060428923115e-02 2.540356887920787801e-02 3.208420059141184333e-01 5.174868798681214049e-02 6.330657701055411590e-02 1.106572985801857478e-01 2.521904863196546276e-01 1.828607216975678684e-01 0.000000000000000000e+00 3.668275816577139525e-01 5.900630317689565807e-01 1.713635529046378114e-01 1.092433383074721681e-01 3.824354702256336780e-01 2.168384951020632667e-01 2.845362974770794251e-01 4.250883223370510167e-01 7.218792142977203952e-01 2.344661247230700185e-01 4.871799776716750352e-01 2.583565556644203953e-01 3.238232692395458939e-02 3.451499991635630787e-02 5.915539887931572927e-02 1.813923094394349067e-01 2.267153596210246536e-01 1.779687023825806957e-01 7.058589921599341122e-02 1.395391896753087890e-01 5.886275639928055525e-02 3.071673207676295370e-02 3.610980933762037489e-03 2.138734992713373917e-01 4.832680706786315200e-02 2.152010551640643476e-01 6.602386756443116844e-02 2.350025800489685679e-01 5.026768261673161819e-02 9.939868068577320526e-02 7.009323247432923398e-02 9.209866309764079551e-02 1.153447169473898748e-01 1.381397371623283854e-01 6.643871572198105369e-02 1.483013046307814220e-02 1.279492130427894725e-01 6.766912961516036162e-02 1.440553112540327030e-01 1.567474714663043972e-02 3.007766110806619486e-01 1.577164670004707059e-01 1.933147365568819720e-01 2.787140586408173304e-01 
1.228746864751389771e-02 3.008597500750323506e-01 3.733189365173554819e-01 2.170677337670934640e-02 4.363275649491999975e-01 2.225430328226942200e-01 1.298549203197206514e-01 2.872665522869051816e-02 2.602520567617770397e-01 3.835616495186446873e-01 6.653866354813883777e-02 1.169114025734298290e-01 9.862214802183444373e-02 8.207633397890756743e-02 1.588276569559043949e-01 8.166142944145747817e-01 2.554629901241310952e-01 8.654294919241835304e-03 1.276533789519875353e-02 2.805439048139900596e-02 5.840515757950721226e-02 3.668275816577139525e-01 0.000000000000000000e+00 6.738781178311309406e-01 3.001769753100973492e-01 1.039616958620105946e-01 2.436207002604040550e-01 4.314630440747476148e-01 2.422868629672317586e-01 3.055848850952412252e-02 1.796075567701969078e-01 3.715935968388758281e-01 2.288963137481997423e-02 1.552392026639194400e-01 2.885651559823861900e-01 1.355092055704985032e-01 6.455080635670100431e-02 4.184291393360933808e-01 3.430742477576850802e-01 3.163761010960437492e-01 4.542738828016278096e-02 2.207279702417096201e-01 2.624601898278978718e-01 2.359919388601086285e-02 1.368160169278892779e-01 1.421138436366016500e-01 2.038320184511038524e-01 2.245403087254766172e-01 5.596928685286640670e-01 3.205267146876339956e-01 4.142233945692955915e-02 1.297745385065193074e-02 1.970693709226253518e-02 3.782207657881139079e-02 1.472586332017633282e-01 7.830134894545484059e-01 3.188303705401779320e-01 1.997446037623187842e-01 2.583265752793326708e-01 2.566670399144836967e-01 4.236992024612393770e-01 2.143162753867424442e-01 2.420158125251955505e-01 7.605144416725466948e-03 3.583973558209170296e-01 1.716801222664867121e-01 
1.721830855291587581e-01 1.920878447802172595e-01 3.830605032214027816e-01 8.044414092420003326e-02 2.951526118771092277e-01 1.371174432353715611e-01 4.349155517743268778e-02 9.868927755115458611e-02 1.833668188684665634e-01 2.866926553803208488e-01 1.143661128152340389e-01 7.381322214095220602e-02 5.623703858384381665e-02 1.310311992011802679e-02 1.073212633905721025e-01 6.549382436147046516e-01 1.234613737519971027e-01 2.278348792405627751e-02 5.350463202371435328e-02 1.252207177229671675e-01 1.413342001029073702e-01 5.900630317689565807e-01 6.738781178311309406e-01 0.000000000000000000e+00 1.508467432738708203e-01 1.010377188055817665e-01 3.215859580762663872e-01 4.178007947010300982e-01 2.084457428438421245e-01 1.163682520105446122e-01 3.518285576141921278e-01 2.978078727999299846e-01 1.884015863968108440e-01 2.259707716408050904e-01 1.258809804347661432e-01 6.242652855543060625e-02 3.643525040094267031e-02 2.246718681363470693e-01 2.593757406233550555e-01 1.822964677761308161e-01 2.589986688945847965e-02 1.499945740845158582e-01 5.525527728109493747e-02 1.000170042775903358e-02 9.099591065762467276e-03 1.454909248501062846e-01 7.382830028803279154e-02 2.135167010603590820e-01 2.460264238902574729e-01 2.071277583975780490e-01 4.560372682023739604e-02 9.217315443640748673e-02 7.428024905096583530e-02 5.664539408000444226e-02 4.808285212467910963e-02 3.708836965285034482e-01 4.186907739419008789e-03 7.826045644599233242e-02 1.801414720434661720e-01 1.269964428248152588e-01 2.882696904113034586e-01 1.275884053132411433e-01 2.961167018090477554e-01 9.451909191356554218e-02 2.145432334846248956e-01 2.632998301640551708e-01 
