1.000000 0.097335 0.114697 0.189874 0.056515 0.069463 0.180078 0.501060 0.182067 0.222300 0.082241 0.101092 0.226895 0.098479 0.302920 0.137383 0.214635 0.108227 0.119157 0.176596 0.179724 0.349020 0.106038 0.159253 0.127318 0.100621 0.094586 0.110044 -0.021347 0.605483 0.465567 0.069293 0.654393 0.256582 0.080981 0.101156 0.220348 0.025269 -0.021360 0.073024 0.216321 0.151067 0.328061 0.103025 0.033891 0.263315 0.094472 0.212090 0.063254 0.123937 0.032735 0.093902 0.049571 0.237165 0.161910 0.074160 0.092183 0.211964 0.122354 0.101451 0.097853 0.179763 0.300473 0.158731 0.026118 0.354665 
0.097335 1.000000 0.505387 0.144306 0.203625 0.075596 0.005325 0.014513 0.141066 0.146059 0.020333 0.198801 0.142702 0.066986 0.068534 0.086548 0.048730 -0.023167 0.108096 0.147159 0.125211 0.084754 0.236102 0.120446 0.138112 0.346085 0.073230 0.112644 0.098002 0.079224 0.088371 0.243834 0.078458 0.011116 0.581556 0.077973 0.147542 0.172695 0.048565 0.121355 -0.001507 0.090498 0.098719 0.020308 0.133932 0.054851 0.139040 0.025211 0.165131 0.062927 0.152382 0.075108 0.123997 0.095113 0.206077 0.219527 0.154601 0.170826 0.070318 0.044853 0.162797 0.153967 0.044567 0.102661 0.127877 0.038471 
0.114697 0.505387 1.000000 0.133594 0.290102 0.159961 0.058992 0.041822 0.152518 0.146401 0.006725 0.098729 0.100995 0.060104 0.042456 0.171273 0.113766 0.053124 -0.008551 0.154076 0.040288 0.085236 0.298123 0.283310 0.179006 0.205669 0.065660 0.168270 0.092355 0.042489 0.051813 0.289622 0.015080 0.053753 0.108886 0.009492 0.074260 0.088968 0.093265 0.044683 0.000093 0.100359 0.054462 0.034434 0.075536 0.059907 0.173243 0.098337 0.213808 0.015577 0.096636 0.079022 0.143584 0.095227 0.120482 0.224093 0.153748 0.086459 0.234065 0.151344 0.229766 0.103288 0.111151 0.079947 0.051593 0.083306 
0.189874 0.144306 0.133594 1.000000 0.093277 0.172981 0.071688 0.182891 0.123737 0.395727 0.137225 -0.040192 0.297766 -0.022174 0.130692 0.110793 0.064803 0.102600 0.048036 0.124892 0.664880 0.003175 0.138479 0.057352 0.496988 0.142445 0.190772 0.093420 0.123744 0.200261 0.087142 0.059065 0.202148 0.088162 0.183682 0.132970 0.247018 0.061259 0.144113 0.132572 0.128765 0.109525 0.148344 0.234153 0.028204 0.164887 0.044003 0.073346 0.087157 0.167059 0.077007 0.039329 0.045261 0.172841 0.117844 0.142212 0.047750 0.148211 0.101247 0.165179 0.130176 0.138419 0.109810 0.118374 0.044378 0.125477 
0.056515 0.203625 0.290102 0.093277 1.000000 0.247383 0.198459 0.037618 0.312168 0.129129 -0.042570 0.079022 0.080875 0.010067 0.063957 0.270125 0.476003 0.112120 0.058896 0.204238 0.020870 0.123056 0.403645 0.241216 0.173779 0.218831 0.103310 0.281399 0.182675 0.068132 0.015589 0.604707 0.016424 0.065271 0.270513 0.065158 0.102135 0.087291 0.201409 0.005113 0.082051 0.050819 0.277339 0.111303 0.002133 0.068126 0.158526 0.106297 0.267585 -0.010928 0.120309 0.087025 0.116158 0.040127 0.207824 0.418729 0.171789 0.151845 0.346730 0.106241 0.314006 0.170036 0.078191 0.142314 0.014127 0.123739 
0.069463 0.075596 0.159961 0.172981 0.247383 1.000000 0.201476 0.063671 0.232714 0.179785 -0.031677 0.079548 0.100418 0.132968 0.172569 0.161462 0.241501 0.107678 0.055991 0.218799 0.127652 0.015427 0.211774 0.106522 0.261138 0.229093 0.179935 0.300076 0.199684 0.031497 0.005301 0.417405 -0.008258 0.061623 0.170908 0.085629 0.127740 0.057466 0.530258 -0.072679 0.037214 -0.002455 0.194673 0.130253 0.040663 0.051838 0.236450 0.040214 0.152871 -0.052928 0.091847 0.260794 0.097413 0.124893 0.150197 0.233039 0.151376 0.190278 0.382445 0.179438 0.362087 0.152730 0.056477 0.112110 0.097546 0.114112 
0.180078 0.005325 0.058992 0.071688 0.198459 0.201476 1.000000 0.073035 0.576532 0.091803 0.100169 -0.009308 0.495028 0.013628 0.298042 0.229022 0.625142 0.187233 -0.056962 0.136787 0.087241 0.097958 0.198129 0.132739 0.137763 0.099073 -0.014782 0.072212 0.177940 0.083534 0.026727 0.301891 0.075959 0.127910 0.087325 0.074368 0.189095 0.063505 0.008043 0.047234 0.165889 0.103332 0.213029 0.118827 0.031163 0.210305 0.091816 0.155571 0.141680 0.063923 0.156487 0.135001 0.142033 0.177700 0.123258 0.174620 0.100640 0.111601 0.186015 0.049332 0.118354 0.163432 0.171000 0.082501 -0.001077 0.250521 
0.501060 0.014513 0.041822 0.182891 0.037618 0.063671 0.073035 1.000000 -0.021480 0.210976 0.193225 0.018530 0.187976 0.043771 0.107443 0.083486 0.019539 0.125101 0.182173 0.198121 0.176319 0.195430 0.045233 0.076634 0.183640 -0.044019 0.121435 0.012736 0.095068 0.222901 0.201681 0.039451 0.223760 0.378475 0.095045 0.131754 0.194574 -0.001976 0.031652 0.029897 0.298504 0.090204 0.165753 0.215906 -0.025279 0.258711 -0.062724 0.175011 -0.003882 -0.009728 -0.070460 0.073333 0.022433 0.231168 0.065512 -0.012206 0.042415 0.122553 -0.039061 0.044692 -0.019753 0.098144 0.267845 0.169919 0.096364 0.225684 
0.182067 0.141066 0.152518 0.123737 0.312168 0.232714 0.576532 -0.021480 1.000000 0.041271 0.057114 0.158014 0.345084 0.030884 0.658820 0.208408 0.485209 0.091559 -0.023616 0.150499 0.101683 -0.022170 0.220757 0.075144 0.135940 0.252494 -0.020350 0.194928 0.158386 0.194080 -0.076364 0.438981 0.106669 -0.000583 0.168376 0.067954 0.118466 -0.033308 0.066600 -0.079119 0.009588 0.039184 0.189037 0.031006 -0.078921 0.094364 0.075066 0.093847 0.199610 -0.038700 0.161120 0.010717 0.141366 0.102310 0.168987 0.266976 0.191763 0.142059 0.335419 0.052609 0.268351 0.135985 0.086733 0.017299 -0.063160 0.167385 
0.222300 0.146059 0.146401 0.395727 0.129129 0.179785 0.091803 0.210976 0.041271 1.000000 0.017020 -0.114740 0.331873 -0.121509 0.031619 0.366694 0.115801 -0.016352 -0.011421 0.085979 0.265353 0.151739 0.388366 0.217750 0.769375 0.188893 0.215214 0.162995 0.408843 0.120087 0.103300 0.066411 0.203156 0.291550 0.208012 0.072903 0.154051 0.273569 0.162839 0.273147 0.129573 0.123447 0.156473 0.087369 -0.057208 0.119362 -0.000790 0.132047 0.271451 0.406904 0.011481 0.026502 0.040825 0.113929 0.115037 0.286831 0.120075 0.207538 0.168102 0.027672 0.180348 0.160084 0.251600 0.139276 0.241295 0.207688 
0.082241 0.020333 0.006725 0.137225 -0.042570 -0.031677 0.100169 0.193225 0.057114 0.017020 1.000000 -0.130148 0.372045 -0.051306 0.109590 0.069486 -0.012298 0.151707 0.044236 0.110700 0.269212 0.093174 0.042474 0.055437 0.027116 -0.048624 0.016886 -0.038801 0.073720 0.086875 0.085061 -0.038000 0.079557 0.177641 0.045568 0.099367 0.207819 0.101538 0.022218 0.108715 0.170053 0.107954 -0.009009 0.282921 0.115747 0.135308 0.023285 0.147892 0.037457 0.070237 0.040171 0.093833 0.058867 0.146136 -0.026461 0.010894 0.004901 0.047800 -0.069882 0.024811 -0.011726 0.108170 0.113432 0.132192 0.050124 0.050815 
0.101092 0.198801 0.098729 -0.040192 0.079022 0.079548 -0.009308 0.018530 0.158014 -0.114740 -0.130148 1.000000 -0.077130 0.736969 0.059359 -0.131774 -0.018137 0.017258 0.416473 -0.029885 -0.050902 -0.042814 -0.089026 -0.082379 -0.118141 0.035164 0.000791 0.113245 -0.145056 0.052071 0.021733 0.156126 0.071240 -0.075458 0.125977 0.110947 0.008420 -0.059632 0.081585 0.005549 -0.016794 0.083294 -0.017423 0.024896 0.026383 0.072807 0.250249 -0.005137 -0.097756 -0.034613 0.027972 0.014992 0.022200 0.076284 0.022885 -0.069812 0.036355 0.001569 0.059243 0.026413 0.027606 -0.002403 -0.057841 -0.078457 -0.034354 -0.004144 
0.226895 0.142702 0.100995 0.297766 0.080875 0.100418 0.495028 0.187976 0.345084 0.331873 0.372045 -0.077130 1.000000 -0.022694 0.265977 0.242801 0.302381 0.082163 0.046820 0.132612 0.504220 0.084072 0.215237 0.091559 0.201179 0.115394 0.066757 -0.000913 0.175977 0.113210 0.030385 0.111820 0.144684 0.338369 0.161088 0.073399 0.181587 0.118090 -0.003101 0.124097 0.215625 0.173706 0.186579 0.148551 0.107735 0.157902 0.051180 0.292609 0.211272 0.147460 0.134184 0.166271 0.074533 0.117804 0.142180 0.193108 0.114517 0.165882 0.059719 0.008034 0.050302 0.269487 0.347818 0.167617 0.116694 0.328076 
0.098479 0.066986 0.060104 -0.022174 0.010067 0.132968 0.013628 0.043771 0.030884 -0.121509 -0.051306 0.736969 -0.022694 1.000000 0.012124 -0.111945 0.035867 0.129336 0.422817 -0.005317 -0.048586 -0.025086 -0.090829 -0.100888 -0.124202 0.048120 0.066544 0.114754 -0.189741 0.052709 0.063764 0.020678 0.125101 -0.048369 0.017486 0.106479 0.043808 0.018847 0.121051 0.093176 0.036753 0.149707 0.040827 0.076641 0.291957 0.096227 0.578434 0.067398 -0.038466 0.009258 0.061033 0.143388 0.012611 0.080294 0.018329 -0.043464 0.032037 0.006381 0.101771 0.051812 0.029970 0.046041 0.010384 -0.052333 0.060002 0.078302 
0.302920 0.068534 0.042456 0.130692 0.063957 0.172569 0.298042 0.107443 0.658820 0.031619 0.109590 0.059359 0.265977 0.012124 1.000000 0.130075 0.239266 0.106440 0.005393 0.117193 0.106850 -0.119969 0.102026 -0.079207 0.084547 0.146879 -0.069366 0.133054 0.032615 0.401958 -0.111043 0.229353 0.251180 0.035263 0.113292 0.085617 0.123340 -0.059504 -0.027134 -0.073072 0.016844 0.059272 0.161133 0.055472 -0.002560 0.094116 0.042056 0.173030 0.153421 -0.036595 0.053585 0.009278 0.046098 0.091995 0.182843 0.164187 0.168339 0.155346 0.242115 0.046047 0.192149 0.089282 0.163082 0.077300 -0.106796 0.198898 
0.137383 0.086548 0.171273 0.110793 0.270125 0.161462 0.229022 0.083486 0.208408 0.366694 0.069486 -0.131774 0.242801 -0.111945 0.130075 1.000000 0.247985 0.092601 -0.059013 0.166856 0.113646 0.255586 0.869688 0.678942 0.392239 0.346016 0.094690 0.410906 0.366554 0.124210 0.048876 0.149422 0.076491 0.123942 0.233522 0.128172 0.144053 0.233142 0.186375 0.086779 0.103904 0.037603 0.258400 -0.071642 -0.029530 0.028573 0.053977 0.112048 0.617545 0.123993 0.162625 0.022529 0.219291 0.052147 0.187802 0.682594 0.255346 0.247058 0.388643 0.077737 0.406449 0.260430 0.131583 0.082728 0.187394 0.120582 
0.214635 0.048730 0.113766 0.064803 0.476003 0.241501 0.625142 0.019539 0.485209 0.115801 -0.012298 -0.018137 0.302381 0.035867 0.239266 0.247985 1.000000 0.200596 0.046614 0.230840 0.028382 0.096772 0.272808 0.180768 0.177620 0.193908 0.102984 0.256716 0.165374 0.141190 0.039313 0.427746 0.153601 0.070955 0.113174 0.036374 0.179997 0.103995 0.052170 0.068186 0.066120 0.157333 0.389950 0.096702 -0.015242 0.178162 0.113170 0.168038 0.190921 0.090653 0.170123 0.077581 0.122997 0.121016 0.178693 0.285271 0.197523 0.207458 0.268093 0.075670 0.268264 0.181905 0.227930 0.101026 0.063765 0.383926 
0.108227 -0.023167 0.053124 0.102600 0.112120 0.107678 0.187233 0.125101 0.091559 -0.016352 0.151707 0.017258 0.082163 0.129336 0.106440 0.092601 0.200596 1.000000 0.129660 0.468410 0.141074 0.058002 0.042266 0.047382 0.046815 0.049975 0.136481 0.138122 0.026624 0.182281 0.075328 0.045997 0.212772 0.056336 0.146742 0.218100 0.058874 0.055749 0.083364 0.063530 0.194203 0.146522 0.061464 0.136984 0.090513 0.090120 0.157142 0.117602 0.020139 0.074364 0.143719 0.045106 0.119366 0.030534 0.122062 0.019866 0.081596 0.035158 0.150211 0.087962 0.070949 0.109899 0.080982 0.116656 0.017456 0.110311 
0.119157 0.108096 -0.008551 0.048036 0.058896 0.055991 -0.056962 0.182173 -0.023616 -0.011421 0.044236 0.416473 0.046820 0.422817 0.005393 -0.059013 0.046614 0.129660 1.000000 0.266283 0.056980 0.040300 -0.021261 -0.061283 0.009008 -0.007724 0.241272 0.118103 -0.050423 0.141087 0.105773 0.006402 0.211134 0.132263 0.075547 0.069921 0.106518 0.017945 0.097532 0.036015 0.018773 0.063179 0.031058 -0.001903 0.053513 0.055870 0.127625 0.118507 -0.052221 0.026708 0.029653 -0.013876 0.052900 0.070616 0.012989 -0.043036 0.026650 0.028030 -0.041120 0.096069 0.017411 -0.000552 0.118196 0.063313 0.063503 0.091756 
0.176596 0.147159 0.154076 0.124892 0.204238 0.218799 0.136787 0.198121 0.150499 0.085979 0.110700 -0.029885 0.132612 -0.005317 0.117193 0.166856 0.230840 0.468410 0.266283 1.000000 0.083239 0.241132 0.187241 0.187067 0.130199 0.212649 0.349085 0.264623 0.109227 0.202034 0.201026 0.093708 0.154089 0.132601 0.280570 0.234751 0.192790 0.037770 0.127247 -0.059821 0.135783 0.074888 0.128135 0.035389 0.002331 0.108887 0.065551 0.102269 0.095011 -0.051326 0.234627 0.023876 0.233979 0.101075 0.290149 0.178514 0.261103 0.104718 0.243883 0.064440 0.253647 0.145859 0.170225 0.209411 0.035854 0.179356 
0.179724 0.125211 0.040288 0.664880 0.020870 0.127652 0.087241 0.176319 0.101683 0.265353 0.269212 -0.050902 0.504220 -0.048586 0.106850 0.113646 0.028382 0.141074 0.056980 0.083239 1.000000 0.112595 0.127531 0.057699 0.248655 0.126025 0.105465 0.047021 0.085018 0.165191 0.150906 0.040191 0.183019 0.143823 0.181586 0.112147 0.222770 0.034676 0.073727 0.068956 0.171106 0.049413 0.101655 0.196162 0.039809 0.077753 -0.016574 0.109138 0.119278 0.135494 0.103122 0.102743 -0.021246 0.199699 0.040285 0.127084 0.063840 0.106552 0.032783 0.046171 0.061736 0.198771 0.128350 0.102482 0.020639 0.128234 
0.349020 0.084754 0.085236 0.003175 0.123056 0.015427 0.097958 0.195430 -0.022170 0.151739 0.093174 -0.042814 0.084072 -0.025086 -0.119969 0.255586 0.096772 0.058002 0.040300 0.241132 0.112595 1.000000 0.246728 0.537268 0.106969 0.212773 0.299382 0.230078 0.208812 0.297316 0.683494 0.026163 0.357223 0.195521 0.058430 0.152045 0.210829 0.133946 0.076388 0.051947 0.195160 -0.004247 0.170273 0.037450 -0.030492 0.141524 0.001181 0.063462 0.159334 0.095250 0.084688 0.070437 0.116074 0.188577 0.141603 0.157004 0.214461 0.139763 0.066026 0.035410 0.134421 0.199619 0.124587 0.165186 0.091947 0.131280 
0.106038 0.236102 0.298123 0.138479 0.403645 0.211774 0.198129 0.045233 0.220757 0.388366 0.042474 -0.089026 0.215237 -0.090829 0.102026 0.869688 0.272808 0.042266 -0.021261 0.187241 0.127531 0.246728 1.000000 0.677419 0.392989 0.367007 0.145548 0.497111 0.289276 0.104447 0.038483 0.225888 0.056248 0.070444 0.354468 0.143022 0.166015 0.343315 0.271178 0.159639 0.089655 0.093443 0.285700 -0.044064 0.000700 0.038880 0.116692 0.104566 0.586757 0.160123 0.203485 0.024330 0.239888 0.070056 0.219872 0.830996 0.335301 0.270093 0.432954 0.121978 0.477943 0.212206 0.109181 0.076172 0.298213 0.090507 
0.159253 0.120446 0.283310 0.057352 0.241216 0.106522 0.132739 0.076634 0.075144 0.217750 0.055437 -0.082379 0.091559 -0.100888 -0.079207 0.678942 0.180768 0.047382 -0.061283 0.187067 0.057699 0.537268 0.677419 1.000000 0.235473 0.304814 0.149237 0.421472 0.248067 0.100320 0.233698 0.108498 0.077899 0.090905 0.151220 0.099927 0.136459 0.175743 0.184643 0.030685 0.085298 0.016428 0.207836 -0.031156 -0.021481 0.089761 0.042935 0.082778 0.332232 0.048497 0.134424 0.041349 0.197946 0.131946 0.176231 0.429139 0.237729 0.202674 0.293031 0.062971 0.332001 0.181106 0.101076 0.046132 0.171551 0.078767 
0.127318 0.138112 0.179006 0.496988 0.173779 0.261138 0.137763 0.183640 0.135940 0.769375 0.027116 -0.118141 0.201179 -0.124202 0.084547 0.392239 0.177620 0.046815 0.009008 0.130199 0.248655 0.106969 0.392989 0.235473 1.000000 0.245977 0.173704 0.248886 0.648279 0.074876 0.032780 0.142994 0.078303 0.153171 0.184270 0.118087 0.189915 0.168049 0.210513 0.132298 0.127369 0.049501 0.236984 0.133065 -0.036737 0.143883 0.023777 0.055189 0.331040 0.203559 0.038437 0.002473 0.116978 0.166834 0.099517 0.353323 0.172289 0.295526 0.235457 0.147965 0.310787 0.156068 0.093643 0.090286 0.142494 0.061456 
0.100621 0.346085 0.205669 0.142445 0.218831 0.229093 0.099073 -0.044019 0.252494 0.188893 -0.048624 0.035164 0.115394 0.048120 0.146879 0.346016 0.193908 0.049975 -0.007724 0.212649 0.126025 0.212773 0.367007 0.304814 0.245977 1.000000 0.158430 0.547232 0.180314 0.161990 0.123567 0.115890 0.094048 -0.048931 0.232617 0.131299 0.240225 0.099882 0.194489 -0.002879 -0.050582 0.031529 0.300754 0.065864 -0.084900 0.076120 0.131544 0.063784 0.391923 0.028779 0.352790 0.002357 0.301645 0.204638 0.247123 0.409077 0.312225 0.300132 0.592700 0.044502 0.532776 0.244461 0.074766 0.077552 0.052389 0.118794 
0.094586 0.073230 0.065660 0.190772 0.103310 0.179935 -0.014782 0.121435 -0.020350 0.215214 0.016886 0.000791 0.066757 0.066544 -0.069366 0.094690 0.102984 0.136481 0.241272 0.349085 0.105465 0.299382 0.145548 0.149237 0.173704 0.158430 1.000000 0.386745 0.079107 0.082193 0.238257 0.052654 0.152210 0.099380 0.130553 0.187161 0.180407 0.136689 0.281548 0.102822 0.150623 0.081100 0.096539 0.056725 0.001734 0.022872 0.038842 0.056497 0.041378 0.139103 0.087411 0.044109 0.015458 0.082038 0.174625 0.114822 0.103315 0.137994 0.002495 0.109794 0.113424 0.111001 0.124243 0.159610 0.199471 0.163506 
0.110044 0.112644 0.168270 0.093420 0.281399 0.300076 0.072212 0.012736 0.194928 0.162995 -0.038801 0.113245 -0.000913 0.114754 0.133054 0.410906 0.256716 0.138122 0.118103 0.264623 0.047021 0.230078 0.497111 0.421472 0.248886 0.547232 0.386745 1.000000 0.193489 0.172117 0.136177 0.164573 0.059217 -0.065980 0.221817 0.239952 0.202868 0.152977 0.296584 0.036869 0.011237 0.129476 0.341854 0.038210 -0.106421 0.070443 0.101877 0.077006 0.357496 -0.003892 0.201222 -0.015008 0.285608 0.175353 0.259041 0.517839 0.406797 0.324303 0.522607 0.226085 0.723089 0.171915 0.026690 0.112850 0.156722 0.066550 
-0.021347 0.098002 0.092355 0.123744 0.182675 0.199684 0.177940 0.095068 0.158386 0.408843 0.073720 -0.145056 0.175977 -0.189741 0.032615 0.366554 0.165374 0.026624 -0.050423 0.109227 0.085018 0.208812 0.289276 0.248067 0.648279 0.180314 0.079107 0.193489 1.000000 -0.038737 0.058429 0.198060 -0.054349 0.152912 0.142114 0.096591 0.116302 0.083213 0.166142 -0.055473 0.108700 -0.097485 0.088068 0.067327 -0.122408 0.067904 -0.097421 0.037853 0.286925 0.006337 -0.002199 -0.019514 0.117104 0.089362 0.084821 0.262485 0.094216 0.153084 0.128186 0.157999 0.273878 0.157522 0.047742 0.093635 0.047437 0.003943 
0.605483 0.079224 0.042489 0.200261 0.068132 0.031497 0.083534 0.222901 0.194080 0.120087 0.086875 0.052071 0.113210 0.052709 0.401958 0.124210 0.141190 0.182281 0.141087 0.202034 0.165191 0.297316 0.104447 0.100320 0.074876 0.161990 0.082193 0.172117 -0.038737 1.000000 0.396173 0.070290 0.814162 0.199234 0.100799 0.150208 0.222809 0.017560 0.021477 0.028009 0.155611 0.092478 0.210542 0.068591 0.030559 0.193721 0.052739 0.211524 0.109241 0.086675 0.098081 0.094120 0.167453 0.145937 0.207481 0.121954 0.193589 0.190998 0.163976 0.121403 0.145456 0.163885 0.274447 0.149193 0.026810 0.294680 
0.465567 0.088371 0.051813 0.087142 0.015589 0.005301 0.026727 0.201681 -0.076364 0.103300 0.085061 0.021733 0.030385 0.063764 -0.111043 0.048876 0.039313 0.075328 0.105773 0.201026 0.150906 0.683494 0.038483 0.233698 0.032780 0.123567 0.238257 0.136177 0.058429 0.396173 1.000000 -0.002193 0.448279 0.139096 0.058121 0.140221 0.163526 0.060105 0.034112 0.057239 0.146907 0.028858 0.144492 0.044762 -0.000629 0.124317 0.032906 0.059256 0.041974 0.092125 0.043103 0.078400 0.075551 0.193784 0.132692 0.017534 0.136803 0.077548 0.009707 0.020572 0.034113 0.144908 0.115257 0.138150 0.051336 0.145745 
0.069293 0.243834 0.289622 0.059065 0.604707 0.417405 0.301891 0.039451 0.438981 0.066411 -0.038000 0.156126 0.111820 0.020678 0.229353 0.149422 0.427746 0.045997 0.006402 0.093708 0.040191 0.026163 0.225888 0.108498 0.142994 0.115890 0.052654 0.164573 0.198060 0.070290 -0.002193 1.000000 0.016740 0.048557 0.216644 -0.028765 0.099486 0.018796 0.266495 -0.069678 0.010091 -0.030141 0.174253 0.037794 0.054116 0.024460 0.144396 0.017192 0.138224 -0.058768 0.049999 0.138695 0.095231 0.058896 0.106213 0.238409 0.087235 0.121566 0.203504 0.106864 0.206410 0.129346 0.025582 0.041681 -0.025994 0.079051 
0.654393 0.078458 0.015080 0.202148 0.016424 -0.008258 0.075959 0.223760 0.106669 0.203156 0.079557 0.071240 0.144684 0.125101 0.251180 0.076491 0.153601 0.212772 0.211134 0.154089 0.183019 0.357223 0.056248 0.077899 0.078303 0.094048 0.152210 0.059217 -0.054349 0.814162 0.448279 0.016740 1.000000 0.239435 0.068005 0.123344 0.214363 0.072545 -0.033347 0.133480 0.180461 0.144732 0.246418 0.077314 0.053163 0.236637 0.096712 0.253084 0.075468 0.240684 0.098645 0.077860 0.055014 0.161735 0.160484 0.058712 0.117399 0.175520 0.066306 0.073453 0.020668 0.154794 0.369652 0.150403 0.089557 0.438137 
0.256582 0.011116 0.053753 0.088162 0.065271 0.061623 0.127910 0.378475 -0.000583 0.291550 0.177641 -0.075458 0.338369 -0.048369 0.035263 0.123942 0.070955 0.056336 0.132263 0.132601 0.143823 0.195521 0.070444 0.090905 0.153171 -0.048931 0.099380 -0.065980 0.152912 0.199234 0.139096 0.048557 0.239435 1.000000 -0.016160 -0.015515 0.111670 0.062942 -0.007832 0.126797 0.492301 0.165866 0.063085 0.148159 -0.000723 0.210909 -0.074848 0.484082 0.101224 0.149726 0.074258 0.142613 0.209125 0.086477 0.113045 0.022333 0.092455 0.037503 -0.079471 0.124034 -0.033808 0.182623 0.665127 0.506028 0.109917 0.447128 
0.080981 0.581556 0.108886 0.183682 0.270513 0.170908 0.087325 0.095045 0.168376 0.208012 0.045568 0.125977 0.161088 0.017486 0.113292 0.233522 0.113174 0.146742 0.075547 0.280570 0.181586 0.058430 0.354468 0.151220 0.184270 0.232617 0.130553 0.221817 0.142114 0.100799 0.058121 0.216644 0.068005 -0.016160 1.000000 0.486569 0.218414 0.180626 0.154493 0.123339 0.062455 0.121480 0.161758 0.032838 0.011856 0.079624 0.062426 0.003788 0.166803 0.041601 0.135932 0.063564 0.141603 0.113790 0.277127 0.364547 0.222974 0.205122 0.236739 0.051175 0.270297 0.125562 0.006719 0.141579 0.179383 0.043827 
0.101156 0.077973 0.009492 0.132970 0.065158 0.085629 0.074368 0.131754 0.067954 0.072903 0.099367 0.110947 0.073399 0.106479 0.085617 0.128172 0.036374 0.218100 0.069921 0.234751 0.112147 0.152045 0.143022 0.099927 0.118087 0.131299 0.187161 0.239952 0.096591 0.150208 0.140221 -0.028765 0.123344 -0.015515 0.486569 1.000000 0.234473 0.101773 0.125352 0.069574 0.165034 0.098342 0.199487 0.098366 -0.060703 0.159753 0.010468 0.011112 0.144860 0.020382 0.163890 0.067283 0.142146 0.147239 0.219479 0.242193 0.330836 0.202707 0.156701 0.146697 0.247882 0.148102 -0.004659 0.179883 0.147075 0.055873 
0.220348 0.147542 0.074260 0.247018 0.102135 0.127740 0.189095 0.194574 0.118466 0.154051 0.207819 0.008420 0.181587 0.043808 0.123340 0.144053 0.179997 0.058874 0.106518 0.192790 0.222770 0.210829 0.166015 0.136459 0.189915 0.240225 0.180407 0.202868 0.116302 0.222809 0.163526 0.099486 0.214363 0.111670 0.218414 0.234473 1.000000 0.145135 0.099231 0.178879 0.082248 0.201810 0.357817 0.296085 -0.006236 0.448885 0.055951 0.155460 0.114268 0.125566 0.131240 0.028897 0.168919 0.736452 0.183129 0.164963 0.176236 0.436195 0.129203 0.132049 0.198707 0.177873 0.179657 0.193063 0.125866 0.184081 
0.025269 0.172695 0.088968 0.061259 0.087291 0.057466 0.063505 -0.001976 -0.033308 0.273569 0.101538 -0.059632 0.118090 0.018847 -0.059504 0.233142 0.103995 0.055749 0.017945 0.037770 0.034676 0.133946 0.343315 0.175743 0.168049 0.099882 0.136689 0.152977 0.083213 0.017560 0.060105 0.018796 0.072545 0.062942 0.180626 0.101773 0.145135 1.000000 0.185804 0.732946 0.082425 0.438310 0.113849 0.035008 0.220544 0.116372 0.252550 0.188597 0.248788 0.586520 0.002076 0.049915 0.057752 0.072494 0.245625 0.334014 0.201403 0.153502 0.143950 0.080327 0.129349 0.119485 0.119194 0.116899 0.758256 0.049696 
-0.021360 0.048565 0.093265 0.144113 0.201409 0.530258 0.008043 0.031652 0.066600 0.162839 0.022218 0.081585 -0.003101 0.121051 -0.027134 0.186375 0.052170 0.083364 0.097532 0.127247 0.073727 0.076388 0.271178 0.184643 0.210513 0.194489 0.281548 0.296584 0.166142 0.021477 0.034112 0.266495 -0.033347 -0.007832 0.154493 0.125352 0.099231 0.185804 1.000000 0.018186 0.015641 0.029959 0.105848 0.034302 0.032931 -0.011879 0.230708 0.038601 0.137382 0.017123 0.087710 0.064830 0.135680 0.075748 0.083775 0.272158 0.141617 0.136122 0.307313 0.202393 0.264892 0.035356 -0.065402 0.056916 0.334510 -0.083315 
0.073024 0.121355 0.044683 0.132572 0.005113 -0.072679 0.047234 0.029897 -0.079119 0.273147 0.108715 0.005549 0.124097 0.093176 -0.073072 0.086779 0.068186 0.063530 0.036015 -0.059821 0.068956 0.051947 0.159639 0.030685 0.132298 -0.002879 0.102822 0.036869 -0.055473 0.028009 0.057239 -0.069678 0.133480 0.126797 0.123339 0.069574 0.178879 0.732946 0.018186 1.000000 0.144343 0.751310 0.125710 0.162318 0.098832 0.329042 0.135112 0.370444 0.152524 0.784799 -0.000016 -0.026459 -0.040125 0.125510 0.145565 0.159229 0.092341 0.165437 0.006712 0.046715 0.036040 0.070715 0.214089 0.103317 0.604136 0.143649 
0.216321 -0.001507 0.000093 0.128765 0.082051 0.037214 0.165889 0.298504 0.009588 0.129573 0.170053 -0.016794 0.215625 0.036753 0.016844 0.103904 0.066120 0.194203 0.018773 0.135783 0.171106 0.195160 0.089655 0.085298 0.127369 -0.050582 0.150623 0.011237 0.108700 0.155611 0.146907 0.010091 0.180461 0.492301 0.062455 0.165034 0.082248 0.082425 0.015641 0.144343 1.000000 0.160871 0.245933 0.303667 0.071178 0.226826 0.027409 0.244601 0.144126 0.123664 0.084209 0.171089 0.149767 0.103048 0.161620 0.112543 0.157477 0.191871 -0.015971 0.125482 0.034313 0.249643 0.241020 0.284148 0.094937 0.237394 
0.151067 0.090498 0.100359 0.109525 0.050819 -0.002455 0.103332 0.090204 0.039184 0.123447 0.107954 0.083294 0.173706 0.149707 0.059272 0.037603 0.157333 0.146522 0.063179 0.074888 0.049413 -0.004247 0.093443 0.016428 0.049501 0.031529 0.081100 0.129476 -0.097485 0.092478 0.028858 -0.030141 0.144732 0.165866 0.121480 0.098342 0.201810 0.438310 0.029959 0.751310 0.160871 1.000000 0.197793 0.250596 0.086334 0.453638 0.149787 0.646420 0.107047 0.424727 0.067461 -0.036193 0.045052 0.179065 0.124254 0.111531 0.130345 0.163611 0.083708 0.066513 0.115366 0.043820 0.359564 0.128340 0.442408 0.281262 
0.328061 0.098719 0.054462 0.148344 0.277339 0.194673 0.213029 0.165753 0.189037 0.156473 -0.009009 -0.017423 0.186579 0.040827 0.161133 0.258400 0.389950 0.061464 0.031058 0.128135 0.101655 0.170273 0.285700 0.207836 0.236984 0.300754 0.096539 0.341854 0.088068 0.210542 0.144492 0.174253 0.246418 0.063085 0.161758 0.199487 0.357817 0.113849 0.105848 0.125710 0.245933 0.197793 1.000000 0.176814 -0.035333 0.286380 0.076380 0.205299 0.412153 0.048374 0.132844 0.018356 0.160379 0.376913 0.231423 0.428190 0.333274 0.800649 0.265027 0.105413 0.356547 0.355747 0.199736 0.151405 0.104512 0.303853 
0.103025 0.020308 0.034434 0.234153 0.111303 0.130253 0.118827 0.215906 0.031006 0.087369 0.282921 0.024896 0.148551 0.076641 0.055472 -0.071642 0.096702 0.136984 -0.001903 0.035389 0.196162 0.037450 -0.044064 -0.031156 0.133065 0.065864 0.056725 0.038210 0.067327 0.068591 0.044762 0.037794 0.077314 0.148159 0.032838 0.098366 0.296085 0.035008 0.034302 0.162318 0.303667 0.250596 0.176814 1.000000 0.069389 0.443919 0.105066 0.234499 -0.009477 0.115751 0.010575 0.158908 0.041173 0.485150 0.076193 0.000501 0.066223 0.187176 0.053903 0.075077 0.062725 0.181320 0.136238 0.141670 0.056186 0.137287 
0.033891 0.133932 0.075536 0.028204 0.002133 0.040663 0.031163 -0.025279 -0.078921 -0.057208 0.115747 0.026383 0.107735 0.291957 -0.002560 -0.029530 -0.015242 0.090513 0.053513 0.002331 0.039809 -0.030492 0.000700 -0.021481 -0.036737 -0.084900 0.001734 -0.106421 -0.122408 0.030559 -0.000629 0.054116 0.053163 -0.000723 0.011856 -0.060703 -0.006236 0.220544 0.032931 0.098832 0.071178 0.086334 -0.035333 0.069389 1.000000 -0.001994 0.754114 0.028533 0.004697 0.024725 -0.006503 0.547954 -0.002816 -0.064202 0.006002 -0.024262 -0.033162 -0.025145 -0.004020 -0.020337 -0.116439 0.008254 -0.013726 -0.021495 0.120398 -0.017991 
0.263315 0.054851 0.059907 0.164887 0.068126 0.051838 0.210305 0.258711 0.094364 0.119362 0.135308 0.072807 0.157902 0.096227 0.094116 0.028573 0.178162 0.090120 0.055870 0.108887 0.077753 0.141524 0.038880 0.089761 0.143883 0.076120 0.022872 0.070443 0.067904 0.193721 0.124317 0.024460 0.236637 0.210909 0.079624 0.159753 0.448885 0.116372 -0.011879 0.329042 0.226826 0.453638 0.286380 0.443919 -0.001994 1.000000 0.054509 0.447308 0.051161 0.233725 0.074902 0.056828 0.130495 0.609047 0.037875 0.040079 0.113082 0.202477 0.072841 0.050135 0.071107 0.135611 0.310081 0.079613 0.153263 0.307759 
0.094472 0.139040 0.173243 0.044003 0.158526 0.236450 0.091816 -0.062724 0.075066 -0.000790 0.023285 0.250249 0.051180 0.578434 0.042056 0.053977 0.113170 0.157142 0.127625 0.065551 -0.016574 0.001181 0.116692 0.042935 0.023777 0.131544 0.038842 0.101877 -0.097421 0.052739 0.032906 0.144396 0.096712 -0.074848 0.062426 0.010468 0.055951 0.252550 0.230708 0.135112 0.027409 0.149787 0.076380 0.105066 0.754114 0.054509 1.000000 0.028310 0.097668 0.042212 0.068070 0.414429 0.035359 0.039561 0.054018 0.124765 0.051594 0.065054 0.367272 0.004604 0.089270 0.076138 -0.028228 -0.054835 0.164821 0.015808 
0.212090 0.025211 0.098337 0.073346 0.106297 0.040214 0.155571 0.175011 0.093847 0.132047 0.147892 -0.005137 0.292609 0.067398 0.173030 0.112048 0.168038 0.117602 0.118507 0.102269 0.109138 0.063462 0.104566 0.082778 0.055189 0.063784 0.056497 0.077006 0.037853 0.211524 0.059256 0.017192 0.253084 0.484082 0.003788 0.011112 0.155460 0.188597 0.038601 0.370444 0.244601 0.646420 0.205299 0.234499 0.028533 0.447308 0.028310 1.000000 0.157508 0.268522 0.046249 0.034776 0.070316 0.195842 0.066178 0.069755 0.096771 0.107944 0.061780 0.085024 0.084947 0.122870 0.734263 0.190304 0.238621 0.550274 
0.063254 0.165131 0.213808 0.087157 0.267585 0.152871 0.141680 -0.003882 0.199610 0.271451 0.037457 -0.097756 0.211272 -0.038466 0.153421 0.617545 0.190921 0.020139 -0.052221 0.095011 0.119278 0.159334 0.586757 0.332232 0.331040 0.391923 0.041378 0.357496 0.286925 0.109241 0.041974 0.138224 0.075468 0.101224 0.166803 0.144860 0.114268 0.248788 0.137382 0.152524 0.144126 0.107047 0.412153 -0.009477 0.004697 0.051161 0.097668 0.157508 1.000000 0.152327 0.216412 0.075396 0.266944 0.076224 0.245594 0.783917 0.424038 0.411196 0.385049 0.149864 0.470527 0.541054 0.153496 0.106262 0.166217 0.138126 
0.123937 0.062927 0.015577 0.167059 -0.010928 -0.052928 0.063923 -0.009728 -0.038700 0.406904 0.070237 -0.034613 0.147460 0.009258 -0.036595 0.123993 0.090653 0.074364 0.026708 -0.051326 0.135494 0.095250 0.160123 0.048497 0.203559 0.028779 0.139103 -0.003892 0.006337 0.086675 0.092125 -0.058768 0.240684 0.149726 0.041601 0.020382 0.125566 0.586520 0.017123 0.784799 0.123664 0.424727 0.048374 0.115751 0.024725 0.233725 0.042212 0.268522 0.152327 1.000000 0.011875 0.014761 -0.036391 0.094297 0.096857 0.123298 0.038843 0.104275 0.001982 0.070179 0.020118 0.105524 0.218222 0.093422 0.473604 0.180853 
0.032735 0.152382 0.096636 0.077007 0.120309 0.091847 0.156487 -0.070460 0.161120 0.011481 0.040171 0.027972 0.134184 0.061033 0.053585 0.162625 0.170123 0.143719 0.029653 0.234627 0.103122 0.084688 0.203485 0.134424 0.038437 0.352790 0.087411 0.201222 -0.002199 0.098081 0.043103 0.049999 0.098645 0.074258 0.135932 0.163890 0.131240 0.002076 0.087710 -0.000016 0.084209 0.067461 0.132844 0.010575 -0.006503 0.074902 0.068070 0.046249 0.216412 0.011875 1.000000 0.089395 0.508783 0.034836 0.155524 0.278526 0.228342 0.166895 0.232518 0.116589 0.217266 0.157738 0.099813 0.143832 0.008200 0.159823 
0.093902 0.075108 0.079022 0.039329 0.087025 0.260794 0.135001 0.073333 0.010717 0.026502 0.093833 0.014992 0.166271 0.143388 0.009278 0.022529 0.077581 0.045106 -0.013876 0.023876 0.102743 0.070437 0.024330 0.041349 0.002473 0.002357 0.044109 -0.015008 -0.019514 0.094120 0.078400 0.138695 0.077860 0.142613 0.063564 0.067283 0.028897 0.049915 0.064830 -0.026459 0.171089 -0.036193 0.018356 0.158908 0.547954 0.056828 0.414429 0.034776 0.075396 0.014761 0.089395 1.000000 0.138533 -0.005930 0.057405 0.037908 0.031552 0.070288 0.090732 0.002447 0.010811 0.137260 0.096276 0.067153 0.036853 0.107093 
0.049571 0.123997 0.143584 0.045261 0.116158 0.097413 0.142033 0.022433 0.141366 0.040825 0.058867 0.022200 0.074533 0.012611 0.046098 0.219291 0.122997 0.119366 0.052900 0.233979 -0.021246 0.116074 0.239888 0.197946 0.116978 0.301645 0.015458 0.285608 0.117104 0.167453 0.075551 0.095231 0.055014 0.209125 0.141603 0.142146 0.168919 0.057752 0.135680 -0.040125 0.149767 0.045052 0.160379 0.041173 -0.002816 0.130495 0.035359 0.070316 0.266944 -0.036391 0.508783 0.138533 1.000000 0.066853 0.255057 0.291985 0.333396 0.206134 0.295607 0.359080 0.304841 0.175218 0.138435 0.278153 0.067114 0.089874 
0.237165 0.095113 0.095227 0.172841 0.040127 0.124893 0.177700 0.231168 0.102310 0.113929 0.146136 0.076284 0.117804 0.080294 0.091995 0.052147 0.121016 0.030534 0.070616 0.101075 0.199699 0.188577 0.070056 0.131946 0.166834 0.204638 0.082038 0.175353 0.089362 0.145937 0.193784 0.058896 0.161735 0.086477 0.113790 0.147239 0.736452 0.072494 0.075748 0.125510 0.103048 0.179065 0.376913 0.485150 -0.064202 0.609047 0.039561 0.195842 0.076224 0.094297 0.034836 -0.005930 0.066853 1.000000 0.106928 0.096667 0.174706 0.337798 0.155172 0.072573 0.181480 0.185598 0.155805 0.099685 0.066561 0.178013 
0.161910 0.206077 0.120482 0.117844 0.207824 0.150197 0.123258 0.065512 0.168987 0.115037 -0.026461 0.022885 0.142180 0.018329 0.182843 0.187802 0.178693 0.122062 0.012989 0.290149 0.040285 0.141603 0.219872 0.176231 0.099517 0.247123 0.174625 0.259041 0.084821 0.207481 0.132692 0.106213 0.160484 0.113045 0.277127 0.219479 0.183129 0.245625 0.083775 0.145565 0.161620 0.124254 0.231423 0.076193 0.006002 0.037875 0.054018 0.066178 0.245594 0.096857 0.155524 0.057405 0.255057 0.106928 1.000000 0.345799 0.490375 0.201704 0.221562 0.234271 0.264477 0.326747 0.197665 0.556639 0.154475 0.296410 
0.074160 0.219527 0.224093 0.142212 0.418729 0.233039 0.174620 -0.012206 0.266976 0.286831 0.010894 -0.069812 0.193108 -0.043464 0.164187 0.682594 0.285271 0.019866 -0.043036 0.178514 0.127084 0.157004 0.830996 0.429139 0.353323 0.409077 0.114822 0.517839 0.262485 0.121954 0.017534 0.238409 0.058712 0.022333 0.364547 0.242193 0.164963 0.334014 0.272158 0.159229 0.112543 0.111531 0.428190 0.000501 -0.024262 0.040079 0.124765 0.069755 0.783917 0.123298 0.278526 0.037908 0.291985 0.096667 0.345799 1.000000 0.559435 0.374696 0.469721 0.228486 0.593667 0.346894 0.055506 0.144671 0.268908 0.081471 
0.092183 0.154601 0.153748 0.047750 0.171789 0.151376 0.100640 0.042415 0.191763 0.120075 0.004901 0.036355 0.114517 0.032037 0.168339 0.255346 0.197523 0.081596 0.026650 0.261103 0.063840 0.214461 0.335301 0.237729 0.172289 0.312225 0.103315 0.406797 0.094216 0.193589 0.136803 0.087235 0.117399 0.092455 0.222974 0.330836 0.176236 0.201403 0.141617 0.092341 0.157477 0.130345 0.333274 0.066223 -0.033162 0.113082 0.051594 0.096771 0.424038 0.038843 0.228342 0.031552 0.333396 0.174706 0.490375 0.559435 1.000000 0.290924 0.360853 0.269889 0.512421 0.268438 0.101958 0.222587 0.202503 0.131573 
0.211964 0.170826 0.086459 0.148211 0.151845 0.190278 0.111601 0.122553 0.142059 0.207538 0.047800 0.001569 0.165882 0.006381 0.155346 0.247058 0.207458 0.035158 0.028030 0.104718 0.106552 0.139763 0.270093 0.202674 0.295526 0.300132 0.137994 0.324303 0.153084 0.190998 0.077548 0.121566 0.175520 0.037503 0.205122 0.202707 0.436195 0.153502 0.136122 0.165437 0.191871 0.163611 0.800649 0.187176 -0.025145 0.202477 0.065054 0.107944 0.411196 0.104275 0.166895 0.070288 0.206134 0.337798 0.201704 0.374696 0.290924 1.000000 0.221657 0.089805 0.325520 0.405267 0.121934 0.093514 0.148285 0.142739 
0.122354 0.070318 0.234065 0.101247 0.346730 0.382445 0.186015 -0.039061 0.335419 0.168102 -0.069882 0.059243 0.059719 0.101771 0.242115 0.388643 0.268093 0.150211 -0.041120 0.243883 0.032783 0.066026 0.432954 0.293031 0.235457 0.592700 0.002495 0.522607 0.128186 0.163976 0.009707 0.203504 0.066306 -0.079471 0.236739 0.156701 0.129203 0.143950 0.307313 0.006712 -0.015971 0.083708 0.265027 0.053903 -0.004020 0.072841 0.367272 0.061780 0.385049 0.001982 0.232518 0.090732 0.295607 0.155172 0.221562 0.469721 0.360853 0.221657 1.000000 0.126903 0.640740 0.194538 0.004638 -0.026250 0.044625 0.057011 
0.101451 0.044853 0.151344 0.165179 0.106241 0.179438 0.049332 0.044692 0.052609 0.027672 0.024811 0.026413 0.008034 0.051812 0.046047 0.077737 0.075670 0.087962 0.096069 0.064440 0.046171 0.035410 0.121978 0.062971 0.147965 0.044502 0.109794 0.226085 0.157999 0.121403 0.020572 0.106864 0.073453 0.124034 0.051175 0.146697 0.132049 0.080327 0.202393 0.046715 0.125482 0.066513 0.105413 0.075077 -0.020337 0.050135 0.004604 0.085024 0.149864 0.070179 0.116589 0.002447 0.359080 0.072573 0.234271 0.228486 0.269889 0.089805 0.126903 1.000000 0.453499 0.141371 0.018525 0.286642 0.098595 0.010367 
0.097853 0.162797 0.229766 0.130176 0.314006 0.362087 0.118354 -0.019753 0.268351 0.180348 -0.011726 0.027606 0.050302 0.029970 0.192149 0.406449 0.268264 0.070949 0.017411 0.253647 0.061736 0.134421 0.477943 0.332001 0.310787 0.532776 0.113424 0.723089 0.273878 0.145456 0.034113 0.206410 0.020668 -0.033808 0.270297 0.247882 0.198707 0.129349 0.264892 0.036040 0.034313 0.115366 0.356547 0.062725 -0.116439 0.071107 0.089270 0.084947 0.470527 0.020118 0.217266 0.010811 0.304841 0.181480 0.264477 0.593667 0.512421 0.325520 0.640740 0.453499 1.000000 0.263177 -0.011460 0.129893 0.117300 0.020568 
0.179763 0.153967 0.103288 0.138419 0.170036 0.152730 0.163432 0.098144 0.135985 0.160084 0.108170 -0.002403 0.269487 0.046041 0.089282 0.260430 0.181905 0.109899 -0.000552 0.145859 0.198771 0.199619 0.212206 0.181106 0.156068 0.244461 0.111001 0.171915 0.157522 0.163885 0.144908 0.129346 0.154794 0.182623 0.125562 0.148102 0.177873 0.119485 0.035356 0.070715 0.249643 0.043820 0.355747 0.181320 0.008254 0.135611 0.076138 0.122870 0.541054 0.105524 0.157738 0.137260 0.175218 0.185598 0.326747 0.346894 0.268438 0.405267 0.194538 0.141371 0.263177 1.000000 0.159371 0.189644 0.028687 0.185940 
0.300473 0.044567 0.111151 0.109810 0.078191 0.056477 0.171000 0.267845 0.086733 0.251600 0.113432 -0.057841 0.347818 0.010384 0.163082 0.131583 0.227930 0.080982 0.118196 0.170225 0.128350 0.124587 0.109181 0.101076 0.093643 0.074766 0.124243 0.026690 0.047742 0.274447 0.115257 0.025582 0.369652 0.665127 0.006719 -0.004659 0.179657 0.119194 -0.065402 0.214089 0.241020 0.359564 0.199736 0.136238 -0.013726 0.310081 -0.028228 0.734263 0.153496 0.218222 0.099813 0.096276 0.138435 0.155805 0.197665 0.055506 0.101958 0.121934 0.004638 0.018525 -0.011460 0.159371 1.000000 0.407774 0.188208 0.870688 
0.158731 0.102661 0.079947 0.118374 0.142314 0.112110 0.082501 0.169919 0.017299 0.139276 0.132192 -0.078457 0.167617 -0.052333 0.077300 0.082728 0.101026 0.116656 0.063313 0.209411 0.102482 0.165186 0.076172 0.046132 0.090286 0.077552 0.159610 0.112850 0.093635 0.149193 0.138150 0.041681 0.150403 0.506028 0.141579 0.179883 0.193063 0.116899 0.056916 0.103317 0.284148 0.128340 0.151405 0.141670 -0.021495 0.079613 -0.054835 0.190304 0.106262 0.093422 0.143832 0.067153 0.278153 0.099685 0.556639 0.144671 0.222587 0.093514 -0.026250 0.286642 0.129893 0.189644 0.407774 1.000000 0.118996 0.370691 
0.026118 0.127877 0.051593 0.044378 0.014127 0.097546 -0.001077 0.096364 -0.063160 0.241295 0.050124 -0.034354 0.116694 0.060002 -0.106796 0.187394 0.063765 0.017456 0.063503 0.035854 0.020639 0.091947 0.298213 0.171551 0.142494 0.052389 0.199471 0.156722 0.047437 0.026810 0.051336 -0.025994 0.089557 0.109917 0.179383 0.147075 0.125866 0.758256 0.334510 0.604136 0.094937 0.442408 0.104512 0.056186 0.120398 0.153263 0.164821 0.238621 0.166217 0.473604 0.008200 0.036853 0.067114 0.066561 0.154475 0.268908 0.202503 0.148285 0.044625 0.098595 0.117300 0.028687 0.188208 0.118996 1.000000 0.097926 
0.354665 0.038471 0.083306 0.125477 0.123739 0.114112 0.250521 0.225684 0.167385 0.207688 0.050815 -0.004144 0.328076 0.078302 0.198898 0.120582 0.383926 0.110311 0.091756 0.179356 0.128234 0.131280 0.090507 0.078767 0.061456 0.118794 0.163506 0.066550 0.003943 0.294680 0.145745 0.079051 0.438137 0.447128 0.043827 0.055873 0.184081 0.049696 -0.083315 0.143649 0.237394 0.281262 0.303853 0.137287 -0.017991 0.307759 0.015808 0.550274 0.138126 0.180853 0.159823 0.107093 0.089874 0.178013 0.296410 0.081471 0.131573 0.142739 0.057011 0.010367 0.020568 0.185940 0.870688 0.370691 0.097926 1.000000 
