1.000000 0.021747 0.004222 0.106488 -0.024280 -0.000450 0.093786 0.506853 0.034025 0.196602 0.050891 0.014651 0.204278 0.061516 0.257934 0.051307 0.155904 -0.003092 0.131646 0.043552 0.050585 0.243128 0.040870 0.041797 0.013881 -0.025070 -0.062321 0.053902 0.036259 0.528055 0.359753 0.026367 0.606105 0.349288 -0.018866 -0.003751 0.064340 0.054525 -0.101311 0.152687 0.179555 0.044993 0.185336 -0.062541 0.003017 0.271399 0.005086 0.176131 0.054968 0.216394 -0.047861 0.019342 -0.048764 0.049975 0.118996 0.070589 0.030527 0.055081 -0.072922 0.052875 0.068528 0.049045 0.325907 0.185346 -0.028606 0.311164 
0.021747 1.000000 0.532100 0.100867 0.284358 0.108945 0.094484 -0.057039 0.195224 0.172973 0.033048 0.269551 0.059234 0.138641 -0.012848 0.238152 0.095433 -0.089552 0.045103 -0.047215 0.085171 0.159446 0.349149 0.277408 0.128809 0.201160 0.025042 0.100449 0.116326 -0.038377 0.077600 0.364097 0.012399 0.109011 0.702075 0.227682 0.088715 0.249800 0.133398 0.159753 0.140524 0.101103 0.208348 0.138602 0.251553 0.095148 0.287721 0.103673 0.211917 0.114615 0.161832 0.154865 0.050724 0.092998 0.139847 0.297116 0.213176 0.228966 0.110904 0.042225 0.132329 0.155668 0.114669 0.098610 0.165217 0.120432 
0.004222 0.532100 1.000000 0.130656 0.412604 0.157238 0.122185 -0.001428 0.331230 0.108076 0.015824 0.206074 0.057588 0.166594 0.088397 0.301538 0.166270 -0.041483 0.063695 0.011068 0.077385 0.210946 0.423047 0.410503 0.076940 0.130647 0.026049 0.186135 0.095014 -0.070666 0.037393 0.355801 0.009892 0.106548 0.228827 0.176151 0.112564 0.168841 0.118336 0.108128 0.065295 0.035109 0.221890 0.032800 0.175355 0.091568 0.318458 0.106291 0.245261 0.104529 0.047278 0.136042 0.032396 0.114508 0.056676 0.328469 0.076681 0.194709 0.294781 0.068948 0.256054 0.104318 0.103137 0.001810 0.105187 0.059394 
0.106488 0.100867 0.130656 1.000000 0.064097 0.071051 -0.061925 0.040940 -0.017416 0.316203 0.098621 0.045011 0.119797 -0.004756 -0.045170 0.040174 0.001807 -0.089373 -0.002650 -0.011997 0.633330 0.050116 0.065218 0.022189 0.411811 0.056623 0.125188 0.101615 0.050697 0.003884 0.048022 0.026137 -0.003486 0.110532 -0.000140 0.041855 0.264394 0.031318 0.049620 0.020080 0.008484 0.012478 0.156706 0.066530 0.030536 0.092689 0.028081 0.147949 0.092792 0.051962 -0.009109 0.056968 0.001429 0.198302 0.112251 0.118084 0.113999 0.126088 0.025111 0.121100 0.155436 0.036136 0.132948 0.144996 0.011828 0.121618 
-0.024280 0.284358 0.412604 0.064097 1.000000 0.231613 0.149159 0.019475 0.398606 0.179438 0.074850 0.216285 0.032352 0.121187 0.063696 0.329772 0.376601 0.082483 0.031504 0.139972 0.022767 0.217220 0.467201 0.332558 0.217102 0.153850 0.107727 0.237264 0.207386 0.008957 0.093966 0.640838 0.043625 0.052402 0.259019 0.166299 0.059653 0.031092 0.192682 0.022041 0.021506 0.054305 0.239460 0.048784 0.074136 0.067198 0.192022 0.113957 0.340420 0.042466 0.027325 0.084416 0.074241 0.029578 0.099351 0.447083 0.176054 0.189345 0.266728 0.130519 0.310904 0.143663 0.078567 0.004837 0.024916 0.094715 
-0.000450 0.108945 0.157238 0.071051 0.231613 1.000000 0.076809 0.015544 0.166517 0.127483 0.064843 0.046745 -0.018685 0.135555 0.107880 0.153194 0.151824 0.058103 0.087738 0.113914 -0.021415 0.086934 0.199746 0.082723 0.162819 0.176369 0.108402 0.208171 0.074438 0.012629 0.030857 0.301329 0.018919 0.045053 0.073129 0.029791 0.063231 0.082162 0.421778 -0.004566 0.059135 -0.058131 0.238995 0.000399 0.064142 -0.075065 0.209088 0.018975 0.186668 0.075698 0.111469 0.282364 0.127186 -0.038724 0.031694 0.205389 0.029953 0.232751 0.432894 0.303538 0.409760 0.139465 0.058313 -0.007052 0.083194 0.045032 
0.093786 0.094484 0.122185 -0.061925 0.149159 0.076809 1.000000 -0.041023 0.545201 0.009214 0.140722 -0.019901 0.543543 -0.063041 0.309778 0.112406 0.658786 -0.002179 0.043307 0.069992 -0.042672 0.064841 0.130453 0.118422 0.074070 0.067322 0.044261 0.031898 0.043802 0.072286 -0.013815 0.264151 0.144816 0.182720 0.008838 0.025946 0.010821 0.075077 0.013741 0.090523 0.067886 0.060141 0.214998 0.025197 0.005445 0.125002 0.019150 0.123148 0.097941 0.151742 -0.056181 0.053090 -0.051207 -0.015822 0.233338 0.159790 0.153448 0.120760 0.070768 0.108250 0.090378 0.069817 0.215396 0.229291 0.050478 0.256639 
0.506853 -0.057039 -0.001428 0.040940 0.019475 0.015544 -0.041023 1.000000 -0.002748 0.168061 0.136912 0.050346 0.135755 0.017977 0.027245 0.095375 -0.012022 0.086310 0.074486 0.050867 0.031825 0.020917 0.081468 -0.000116 0.071281 -0.020417 -0.083859 -0.001802 0.187125 0.147417 0.061740 0.061125 0.186335 0.242982 -0.000653 0.011938 0.017943 0.030502 -0.054305 0.051730 0.208034 -0.054569 0.093247 -0.003126 0.031255 0.152741 -0.008234 -0.012797 0.096793 0.108698 -0.090923 0.074576 -0.042679 0.058224 0.052209 0.088485 0.027833 0.032361 -0.003767 0.123022 0.121329 0.127017 0.074373 0.079414 -0.021179 0.011593 
0.034025 0.195224 0.331230 -0.017416 0.398606 0.166517 0.545201 -0.002748 1.000000 0.063121 0.060720 0.244773 0.317699 0.096718 0.621632 0.239452 0.433411 0.037207 0.044420 0.048396 0.004792 0.111129 0.272218 0.264450 0.112123 0.203315 0.069559 0.144531 0.187674 0.122632 -0.023952 0.472285 0.144620 0.119931 0.116375 0.048538 -0.015069 0.036925 0.162993 0.002516 0.025689 -0.011460 0.177573 -0.074986 -0.032767 0.015707 0.109687 0.144337 0.201496 0.128368 -0.024620 -0.014493 0.007215 -0.035394 0.093805 0.279697 0.157872 0.129375 0.296291 0.101927 0.270549 0.090466 0.175901 0.082297 0.046910 0.181441 
0.196602 0.172973 0.108076 0.316203 0.179438 0.127483 0.009214 0.168061 0.063121 1.000000 0.119226 0.059521 0.141667 0.072528 0.012035 0.448570 0.061849 0.013546 0.062282 0.081218 0.190759 0.284803 0.401464 0.268018 0.714694 0.166092 0.180876 0.194472 0.309857 0.066414 0.142560 0.122493 0.129166 0.318132 0.144703 0.217354 0.078031 0.260542 0.127075 0.293723 0.103072 0.125648 0.224579 0.113652 0.036990 0.208918 0.124487 0.265771 0.318721 0.456977 0.013917 0.079800 0.016292 0.110351 0.071808 0.328351 0.132071 0.269806 0.205743 0.052827 0.244272 0.144695 0.317644 0.133857 0.209569 0.239632 
0.050891 0.033048 0.015824 0.098621 0.074850 0.064843 0.140722 0.136912 0.060720 0.119226 1.000000 0.046120 0.420949 -0.005999 0.126883 0.030918 0.030432 -0.002183 0.139014 0.019511 0.214157 0.084871 0.054360 0.096123 0.062141 0.095252 0.074346 0.091234 -0.008758 -0.026095 0.032037 0.052785 0.071573 0.155875 0.047548 0.041682 0.067372 -0.026929 0.022590 -0.016984 -0.013451 -0.079947 0.002615 0.277354 0.039422 0.021165 0.002922 0.099038 0.004797 0.021291 0.045251 0.056824 -0.018836 0.069567 0.064957 0.046253 0.028979 -0.015431 0.045540 0.056163 0.100865 0.006881 0.148159 0.095510 -0.085057 0.107551 
0.014651 0.269551 0.206074 0.045011 0.216285 0.046745 -0.019901 0.050346 0.244773 0.059521 0.046120 1.000000 -0.081834 0.724429 0.067988 0.038236 -0.032389 -0.008121 0.395947 -0.031178 0.014935 0.005942 0.070381 0.103460 0.043548 0.055368 -0.006758 0.193807 0.017350 -0.017532 0.015901 0.209872 0.016766 0.050379 0.181109 0.077235 -0.004103 -0.004112 0.200216 -0.024189 0.038888 -0.004784 0.056736 0.068566 0.035638 -0.089338 0.305179 0.072202 -0.017949 0.015664 0.046908 -0.047140 0.087402 -0.002963 0.027941 0.043048 0.028260 0.083077 0.137034 0.029215 0.069607 0.040727 0.044144 -0.007732 0.059689 0.009305 
0.204278 0.059234 0.057588 0.119797 0.032352 -0.018685 0.543543 0.135755 0.317699 0.141667 0.420949 -0.081834 1.000000 -0.100063 0.305846 0.044862 0.294186 -0.022890 0.042924 0.014579 0.316213 0.078018 0.048796 0.082580 0.017164 -0.008983 0.051766 0.001586 0.021012 0.119270 -0.008382 0.112574 0.236607 0.347678 0.020765 0.021738 0.043438 0.030200 -0.030926 0.114393 0.104152 0.083320 0.038980 0.065192 0.027308 0.220828 -0.025623 0.164018 0.017337 0.130227 -0.060512 0.017172 -0.088203 0.067119 0.212905 0.096747 0.134894 -0.063881 -0.034398 0.087293 0.080826 0.041710 0.293666 0.296452 -0.030474 0.295137 
0.061516 0.138641 0.166594 -0.004756 0.121187 0.135555 -0.063041 0.017977 0.096718 0.072528 -0.005999 0.724429 -0.100063 1.000000 0.054678 0.067669 -0.049396 0.079704 0.394050 0.035540 -0.010692 0.028651 0.096197 0.110142 -0.015434 0.006128 -0.019976 0.161235 -0.069984 0.027451 0.065492 0.024179 0.054736 0.008841 0.072725 0.105415 0.054549 0.087239 0.156331 0.062684 0.029513 0.050150 0.046119 0.083543 0.299631 -0.032167 0.636300 0.092259 -0.015430 0.058792 0.101732 0.097658 0.119042 0.048546 0.033678 0.044273 -0.012628 0.069180 0.205826 0.076785 0.066886 0.026434 0.048241 -0.014810 0.116995 0.038477 
0.257934 -0.012848 0.088397 -0.045170 0.063696 0.107880 0.309778 0.027245 0.621632 0.012035 0.126883 0.067988 0.305846 0.054678 1.000000 0.108445 0.278915 0.078812 0.139467 0.101809 -0.027630 -0.002949 0.058053 0.111159 -0.050365 0.084354 0.063292 0.090404 0.053078 0.477212 -0.021990 0.196399 0.447338 0.179521 -0.028810 -0.017715 0.016722 -0.052365 0.004658 -0.011123 -0.027011 -0.038636 0.018218 -0.079963 -0.078273 0.067565 0.008565 0.153854 0.034317 0.119241 -0.045683 -0.028638 -0.090063 -0.021221 0.016562 0.043827 0.027320 -0.015329 0.123507 0.014797 0.131708 -0.043110 0.275984 0.037366 -0.022644 0.286010 
0.051307 0.238152 0.301538 0.040174 0.329772 0.153194 0.112406 0.095375 0.239452 0.448570 0.030918 0.038236 0.044862 0.067669 0.108445 1.000000 0.239091 0.017812 0.016863 0.069886 0.019745 0.303898 0.866596 0.653539 0.327361 0.220872 0.156090 0.337586 0.269217 -0.018558 0.069112 0.228607 0.025684 0.167303 0.181771 0.206653 0.048055 0.237606 0.183846 0.166465 0.107016 0.100225 0.285033 0.011659 0.126552 0.108667 0.235274 0.220921 0.630819 0.224810 0.025721 0.100086 0.062396 0.059702 0.087855 0.690589 0.237367 0.268305 0.353209 0.099498 0.418665 0.234377 0.216193 0.010708 0.143686 0.158111 
0.155904 0.095433 0.166270 0.001807 0.376601 0.151824 0.658786 -0.012022 0.433411 0.061849 0.030432 -0.032389 0.294186 -0.049396 0.278915 0.239091 1.000000 -0.003968 0.037768 0.063666 -0.036309 0.105918 0.281691 0.147794 0.153562 0.060708 0.059995 0.149629 0.140996 0.179418 0.059206 0.413094 0.224157 0.151187 0.068996 0.073261 0.069085 0.059496 0.056127 0.078355 0.099396 0.102651 0.336790 0.001780 0.047852 0.162719 0.088787 0.170096 0.215130 0.166732 0.004105 0.081626 -0.027904 0.040889 0.274640 0.334832 0.234241 0.160050 0.116097 0.142745 0.195275 0.161735 0.255311 0.232192 0.050820 0.376707 
-0.003092 -0.089552 -0.041483 -0.089373 0.082483 0.058103 -0.002179 0.086310 0.037207 0.013546 -0.002183 -0.008121 -0.022890 0.079704 0.078812 0.017812 -0.003968 1.000000 0.047849 0.529355 -0.013607 -0.019148 0.024647 0.045335 -0.063447 0.115455 0.102217 0.039949 -0.089057 0.132241 -0.013013 0.105725 0.191643 -0.052730 0.050653 -0.035488 0.040600 0.009224 0.008160 0.048173 0.040241 0.015975 0.011993 0.014798 0.100053 0.024087 0.115910 0.039643 0.055876 0.198290 0.042508 0.019287 0.027855 0.031294 -0.031183 0.007734 -0.054916 0.015302 0.229692 0.064721 0.066096 0.086858 0.018750 -0.060744 0.004344 0.023979 
0.131646 0.045103 0.063695 -0.002650 0.031504 0.087738 0.043307 0.074486 0.044420 0.062282 0.139014 0.395947 0.042924 0.394050 0.139467 0.016863 0.037768 0.047849 1.000000 0.187540 0.021589 0.063656 0.023008 0.062908 0.035566 0.045656 0.080973 0.134999 0.013262 0.204811 0.050679 0.040959 0.268211 0.082040 -0.062779 -0.011332 0.055008 -0.036197 0.149942 0.001949 -0.077373 -0.004454 0.000146 0.006491 -0.029821 -0.033330 0.145514 0.050507 -0.019881 0.085739 0.018195 0.009577 0.079423 0.006235 -0.013580 -0.013781 0.008687 0.036550 0.136923 0.020923 0.071613 -0.013267 0.070981 -0.058746 0.047724 0.023103 
0.043552 -0.047215 0.011068 -0.011997 0.139972 0.113914 0.069992 0.050867 0.048396 0.081218 0.019511 -0.031178 0.014579 0.035540 0.101809 0.069886 0.063666 0.529355 0.187540 1.000000 -0.053543 0.031525 0.081631 0.025024 0.014569 0.076054 0.260022 0.081235 -0.047289 0.064616 0.093948 0.087993 0.093571 -0.021575 0.084028 0.005803 0.027186 -0.020857 0.084998 0.006982 0.024007 0.040498 0.025702 -0.055663 0.085070 -0.036787 0.084910 0.070867 0.063316 0.078600 -0.023026 0.092582 0.018287 -0.055433 -0.033134 0.044093 -0.048200 0.039679 0.211389 -0.027642 0.078275 0.051513 0.049656 -0.122127 -0.011321 0.044030 
0.050585 0.085171 0.077385 0.633330 0.022767 -0.021415 -0.042672 0.031825 0.004792 0.190759 0.214157 0.014935 0.316213 -0.010692 -0.027630 0.019745 -0.036309 -0.013607 0.021589 -0.053543 1.000000 0.018540 0.032928 0.034478 0.157195 0.029177 0.050353 0.054951 0.018955 -0.046141 0.021093 0.069999 -0.008939 0.005254 0.028749 0.031588 0.301483 0.036138 0.037220 0.004144 -0.046575 -0.057889 0.057159 0.052980 0.030512 0.031974 0.011604 0.028452 0.062933 0.035042 -0.007453 0.017121 -0.003490 0.286469 0.175285 0.102981 0.162353 0.020150 -0.014234 0.072335 0.067386 0.072109 0.070181 0.151154 -0.019306 0.083429 
0.243128 0.159446 0.210946 0.050116 0.217220 0.086934 0.064841 0.020917 0.111129 0.284803 0.084871 0.005942 0.078018 0.028651 -0.002949 0.303898 0.105918 -0.019148 0.063656 0.031525 0.018540 1.000000 0.366198 0.543264 0.121066 0.238504 0.182450 0.199344 0.108844 0.199491 0.609842 0.116076 0.363835 0.150674 0.084613 0.065643 0.017499 0.112646 0.043491 0.160241 -0.018944 0.107235 0.129880 -0.032435 0.023420 0.160676 0.089535 0.167615 0.232701 0.217540 0.053320 0.008729 0.102237 0.008330 0.056940 0.242715 0.121144 0.117374 0.225120 0.056212 0.211044 0.122315 0.190458 0.057523 0.094523 0.155665 
0.040870 0.349149 0.423047 0.065218 0.467201 0.199746 0.130453 0.081468 0.272218 0.401464 0.054360 0.070381 0.048796 0.096197 0.058053 0.866596 0.281691 0.024647 0.023008 0.081631 0.032928 0.366198 1.000000 0.697359 0.263812 0.199545 0.135781 0.413835 0.179384 -0.041496 0.136446 0.324669 -0.003925 0.131224 0.305011 0.265297 0.064532 0.361709 0.276363 0.265274 0.139546 0.162718 0.310928 0.058046 0.179415 0.141599 0.329225 0.230615 0.616750 0.274075 0.040277 0.131791 0.057805 0.066568 0.171063 0.836698 0.322827 0.272549 0.404868 0.138482 0.474460 0.254027 0.182794 0.048564 0.253038 0.129872 
0.041797 0.277408 0.410503 0.022189 0.332558 0.082723 0.118422 -0.000116 0.264450 0.268018 0.096123 0.103460 0.082580 0.110142 0.111159 0.653539 0.147794 0.045335 0.062908 0.025024 0.034478 0.543264 0.697359 1.000000 0.102323 0.226713 0.157300 0.391608 0.085121 -0.025385 0.211610 0.227017 0.087525 0.151387 0.158547 0.130001 0.012309 0.181334 0.160770 0.149653 0.032370 0.072923 0.194603 -0.023553 0.108706 0.082834 0.214138 0.150964 0.364164 0.181593 -0.049338 0.044056 0.022137 0.024720 0.012847 0.438434 0.158828 0.184641 0.346852 0.054443 0.362395 0.145217 0.179823 -0.033535 0.118409 0.123687 
0.013881 0.128809 0.076940 0.411811 0.217102 0.162819 0.074070 0.071281 0.112123 0.714694 0.062141 0.043548 0.017164 -0.015434 -0.050365 0.327361 0.153562 -0.063447 0.035566 0.014569 0.157195 0.121066 0.263812 0.102323 1.000000 0.177957 0.175017 0.152872 0.590250 -0.007935 0.047361 0.161118 -0.008113 0.198423 0.089250 0.177565 0.157888 0.126380 0.105899 0.103280 0.065332 0.045245 0.348756 0.086637 -0.009224 0.122477 0.046046 0.196912 0.350488 0.204234 0.022199 0.082066 0.093319 0.151475 0.119831 0.291881 0.135918 0.375973 0.199128 0.118926 0.250831 0.141193 0.188071 0.134900 0.104008 0.135607 
-0.025070 0.201160 0.130647 0.056623 0.153850 0.176369 0.067322 -0.020417 0.203315 0.166092 0.095252 0.055368 -0.008983 0.006128 0.084354 0.220872 0.060708 0.115455 0.045656 0.076054 0.029177 0.238504 0.199545 0.226713 0.177957 1.000000 0.189848 0.406368 0.122943 0.016594 0.064952 0.140231 0.082309 0.009242 0.070188 -0.045515 0.030748 0.107524 0.144226 0.075866 0.026719 0.017837 0.250159 0.073764 -0.111720 0.017415 -0.018471 0.094189 0.327268 0.160886 0.248346 -0.060314 0.247228 0.078472 0.031726 0.257522 0.164328 0.212140 0.491447 0.145882 0.432246 0.129599 0.110726 -0.008875 0.091644 0.115496 
-0.062321 0.025042 0.026049 0.125188 0.107727 0.108402 0.044261 -0.083859 0.069559 0.180876 0.074346 -0.006758 0.051766 -0.019976 0.063292 0.156090 0.059995 0.102217 0.080973 0.260022 0.050353 0.182450 0.135781 0.157300 0.175017 0.189848 1.000000 0.412259 0.005512 0.019737 0.142753 0.042446 0.043835 0.060053 -0.003016 -0.096968 0.101949 -0.019007 0.260702 0.015349 -0.042552 0.007185 0.083526 -0.027151 0.014731 -0.023781 -0.002810 0.058985 0.108312 0.101421 0.092882 0.000480 0.141863 0.010822 0.006214 0.110828 0.013491 0.124734 0.130442 0.216479 0.228853 -0.039736 0.081071 -0.036052 0.104841 0.025721 
0.053902 0.100449 0.186135 0.101615 0.237264 0.208171 0.031898 -0.001802 0.144531 0.194472 0.091234 0.193807 0.001586 0.161235 0.090404 0.337586 0.149629 0.039949 0.134999 0.081235 0.054951 0.199344 0.413835 0.391608 0.152872 0.406368 0.412259 1.000000 0.047352 0.067725 0.122590 0.138734 0.059732 0.049414 0.028580 -0.007134 0.068522 0.111444 0.277862 0.056669 0.018875 -0.022922 0.214407 -0.049317 -0.004518 -0.022744 0.088845 0.023402 0.213994 0.110244 0.060775 -0.025445 0.112818 0.016882 0.069717 0.352269 0.126966 0.169695 0.339740 0.275799 0.646961 0.025730 0.086072 0.047943 0.088066 0.075202 
0.036259 0.116326 0.095014 0.050697 0.207386 0.074438 0.043802 0.187125 0.187674 0.309857 -0.008758 0.017350 0.021012 -0.069984 0.053078 0.269217 0.140996 -0.089057 0.013262 -0.047289 0.018955 0.108844 0.179384 0.085121 0.590250 0.122943 0.005512 0.047352 1.000000 0.013980 0.038889 0.199303 0.029242 0.132392 0.080467 0.099725 0.140471 0.049095 0.003449 0.005162 0.108854 -0.006515 0.196485 -0.010420 -0.009927 0.119498 -0.018453 0.077552 0.204691 0.037140 -0.032358 0.043287 0.038698 0.170337 0.047561 0.169981 0.110948 0.173677 0.113966 0.084226 0.166970 0.084094 0.085882 0.024296 0.024895 0.069970 
0.528055 -0.038377 -0.070666 0.003884 0.008957 0.012629 0.072286 0.147417 0.122632 0.066414 -0.026095 -0.017532 0.119270 0.027451 0.477212 -0.018558 0.179418 0.132241 0.204811 0.064616 -0.046141 0.199491 -0.041496 -0.025385 -0.007935 0.016594 0.019737 0.067725 0.013980 1.000000 0.241831 0.048538 0.825892 0.230928 -0.056294 -0.062824 0.075989 -0.003741 -0.144228 0.096674 0.076753 0.010292 0.064049 -0.038734 -0.033868 0.211967 -0.026349 0.150729 0.011031 0.265678 0.040771 0.025464 -0.029040 0.030697 0.076827 0.029122 0.027111 0.018101 -0.018014 0.001807 0.042046 0.028495 0.267884 0.091192 -0.050572 0.275578 
0.359753 0.077600 0.037393 0.048022 0.093966 0.030857 -0.013815 0.061740 -0.023952 0.142560 0.032037 0.015901 -0.008382 0.065492 -0.021990 0.069112 0.059206 -0.013013 0.050679 0.093948 0.021093 0.609842 0.136446 0.211610 0.047361 0.064952 0.142753 0.122590 0.038889 0.241831 1.000000 0.018182 0.293133 0.044908 0.036966 -0.020235 -0.025709 0.029700 0.022755 0.069660 0.009922 0.055312 0.022782 -0.095511 0.005628 0.070516 0.036422 0.073487 0.070434 0.115929 0.044908 0.019025 0.086715 -0.035167 0.000751 0.058494 -0.015830 0.046022 0.005466 -0.036551 0.016440 0.021005 0.055930 0.015798 0.026999 0.055653 
0.026367 0.364097 0.355801 0.026137 0.640838 0.301329 0.264151 0.061125 0.472285 0.122493 0.052785 0.209872 0.112574 0.024179 0.196399 0.228607 0.413094 0.105725 0.040959 0.087993 0.069999 0.116076 0.324669 0.227017 0.161118 0.140231 0.042446 0.138734 0.199303 0.048538 0.018182 1.000000 0.111555 0.059719 0.281002 0.091324 0.013453 0.040076 0.172080 0.032898 -0.003871 0.010480 0.180719 0.010860 0.057390 0.046890 0.101512 0.061261 0.269041 0.136106 0.053650 0.101369 0.037195 -0.011607 0.124639 0.328876 0.180004 0.151697 0.184099 0.166914 0.252383 0.174560 0.124566 0.035742 0.033335 0.152086 
0.606105 0.012399 0.009892 -0.003486 0.043625 0.018919 0.144816 0.186335 0.144620 0.129166 0.071573 0.016766 0.236607 0.054736 0.447338 0.025684 0.224157 0.191643 0.268211 0.093571 -0.008939 0.363835 -0.003925 0.087525 -0.008113 0.082309 0.043835 0.059732 0.029242 0.825892 0.293133 0.111555 1.000000 0.322374 -0.054252 -0.035657 0.023100 0.013556 -0.112663 0.139389 0.078320 0.046502 0.095588 -0.020897 -0.001042 0.255827 0.012523 0.186796 0.063279 0.328177 0.032147 0.033943 -0.021350 0.012041 0.134343 0.043153 0.050857 0.014349 0.035191 0.038829 0.075586 0.052075 0.368177 0.141871 -0.006588 0.385955 
0.349288 0.109011 0.106548 0.110532 0.052402 0.045053 0.182720 0.242982 0.119931 0.318132 0.155875 0.050379 0.347678 0.008841 0.179521 0.167303 0.151187 -0.052730 0.082040 -0.021575 0.005254 0.150674 0.131224 0.151387 0.198423 0.009242 0.060053 0.049414 0.132392 0.230928 0.044908 0.059719 0.322374 1.000000 0.005979 0.062339 0.095717 0.093945 0.034288 0.159978 0.412581 0.117015 0.191240 0.061003 0.030019 0.296993 0.073838 0.408879 0.158507 0.200722 -0.070109 0.122237 0.018444 0.095696 0.169845 0.146404 0.098897 0.129685 0.027996 0.093729 0.145801 0.146951 0.653534 0.479234 0.078714 0.433853 
-0.018866 0.702075 0.228827 -0.000140 0.259019 0.073129 0.008838 -0.000653 0.116375 0.144703 0.047548 0.181109 0.020765 0.072725 -0.028810 0.181771 0.068996 0.050653 -0.062779 0.084028 0.028749 0.084613 0.305011 0.158547 0.089250 0.070188 -0.003016 0.028580 0.080467 -0.056294 0.036966 0.281002 -0.054252 0.005979 1.000000 0.436902 0.116009 0.298125 0.081632 0.199383 0.128185 0.174372 0.147720 0.124481 0.211676 0.119329 0.212537 0.117802 0.157985 0.096114 0.091109 0.092068 -0.015565 0.088770 0.201413 0.277353 0.234247 0.200915 0.114393 0.040750 0.081849 0.167505 0.085335 0.151925 0.192941 0.098259 
-0.003751 0.227682 0.176151 0.041855 0.166299 0.029791 0.025946 0.011938 0.048538 0.217354 0.041682 0.077235 0.021738 0.105415 -0.017715 0.206653 0.073261 -0.035488 -0.011332 0.005803 0.031588 0.065643 0.265297 0.130001 0.177565 -0.045515 -0.096968 -0.007134 0.099725 -0.062824 -0.020235 0.091324 -0.035657 0.062339 0.436902 1.000000 0.165969 0.376691 -0.021740 0.309682 0.117929 0.291902 0.203427 0.210530 0.203352 0.253262 0.252304 0.291169 0.177019 0.162078 0.084632 0.091952 0.036421 0.212213 0.263484 0.301412 0.337630 0.247146 0.064935 0.090471 0.086690 0.136799 0.151015 0.139057 0.253804 0.135872 
0.064340 0.088715 0.112564 0.264394 0.059653 0.063231 0.010821 0.017943 -0.015069 0.078031 0.067372 -0.004103 0.043438 0.054549 0.016722 0.048055 0.069085 0.040600 0.055008 0.027186 0.301483 0.017499 0.064532 0.012309 0.157888 0.030748 0.101949 0.068522 0.140471 0.075989 -0.025709 0.013453 0.023100 0.095717 0.116009 0.165969 1.000000 0.152776 -0.037844 0.102570 0.237794 0.066395 0.474286 0.188440 0.128537 0.319877 0.150046 0.141099 0.130054 -0.006826 -0.015964 0.061815 -0.009704 0.742469 0.214296 0.150322 0.178289 0.522075 0.082692 0.193658 0.189722 0.167833 0.073661 0.111262 0.028479 0.070860 
0.054525 0.249800 0.168841 0.031318 0.031092 0.082162 0.075077 0.030502 0.036925 0.260542 -0.026929 -0.004112 0.030200 0.087239 -0.052365 0.237606 0.059496 0.009224 -0.036197 -0.020857 0.036138 0.112646 0.361709 0.181334 0.126380 0.107524 -0.019007 0.111444 0.049095 -0.003741 0.029700 0.040076 0.013556 0.093945 0.298125 0.376691 0.152776 1.000000 0.132074 0.817263 0.147714 0.508611 0.245992 0.184937 0.267373 0.209890 0.339538 0.331949 0.339830 0.555556 0.117834 0.075137 0.031436 0.210462 0.446517 0.465552 0.389263 0.208967 0.144279 0.164952 0.212353 0.227095 0.149757 0.273688 0.680320 0.098840 
-0.101311 0.133398 0.118336 0.049620 0.192682 0.421778 0.013741 -0.054305 0.162993 0.127075 0.022590 0.200216 -0.030926 0.156331 0.004658 0.183846 0.056127 0.008160 0.149942 0.084998 0.037220 0.043491 0.276363 0.160770 0.105899 0.144226 0.260702 0.277862 0.003449 -0.144228 0.022755 0.172080 -0.112663 0.034288 0.081632 -0.021740 -0.037844 0.132074 1.000000 0.043318 0.002256 0.108544 0.099222 -0.016419 -0.012926 -0.088110 0.173005 0.129043 0.137122 0.087337 0.102992 0.158886 0.244938 -0.099132 0.049620 0.239395 0.128233 0.144517 0.310201 0.307181 0.327255 0.059582 -0.000249 0.016177 0.345082 -0.079510 
0.152687 0.159753 0.108128 0.020080 0.022041 -0.004566 0.090523 0.051730 0.002516 0.293723 -0.016984 -0.024189 0.114393 0.062684 -0.011123 0.166465 0.078355 0.048173 0.001949 0.006982 0.004144 0.160241 0.265274 0.149653 0.103280 0.075866 0.015349 0.056669 0.005162 0.096674 0.069660 0.032898 0.139389 0.159978 0.199383 0.309682 0.102570 0.817263 0.043318 1.000000 0.120459 0.731668 0.145238 0.146328 0.131345 0.355757 0.199485 0.384840 0.242261 0.734185 0.075273 0.020737 0.017367 0.157643 0.339050 0.356108 0.297607 0.135145 0.032079 0.065079 0.107791 0.176708 0.201377 0.219616 0.589453 0.133869 
0.179555 0.140524 0.065295 0.008484 0.021506 0.059135 0.067886 0.208034 0.025689 0.103072 -0.013451 0.038888 0.104152 0.029513 -0.027011 0.107016 0.099396 0.040241 -0.077373 0.024007 -0.046575 -0.018944 0.139546 0.032370 0.065332 0.026719 -0.042552 0.018875 0.108854 0.076753 0.009922 -0.003871 0.078320 0.412581 0.128185 0.117929 0.237794 0.147714 0.002256 0.120459 1.000000 0.081961 0.335095 0.196171 0.074108 0.306056 0.087047 0.155494 0.215675 0.047862 0.026240 0.009433 0.039267 0.247825 0.103109 0.218875 0.165767 0.326933 0.051437 0.110622 0.158312 0.359627 0.108531 0.213221 0.050595 0.069980 
0.044993 0.101103 0.035109 0.012478 0.054305 -0.058131 0.060141 -0.054569 -0.011460 0.125648 -0.079947 -0.004784 0.083320 0.050150 -0.038636 0.100225 0.102651 0.015975 -0.004454 0.040498 -0.057889 0.107235 0.162718 0.072923 0.045245 0.017837 0.007185 -0.022922 -0.006515 0.010292 0.055312 0.010480 0.046502 0.117015 0.174372 0.291902 0.066395 0.508611 0.108544 0.731668 0.081961 1.000000 0.058275 0.146654 0.096230 0.387859 0.158290 0.621790 0.138862 0.390609 0.117200 -0.011356 0.048232 0.115772 0.154665 0.193820 0.194849 0.060494 -0.035139 -0.047895 -0.021145 0.092273 0.237860 0.078396 0.539482 0.161044 
0.185336 0.208348 0.221890 0.156706 0.239460 0.238995 0.214998 0.093247 0.177573 0.224579 0.002615 0.056736 0.038980 0.046119 0.018218 0.285033 0.336790 0.011993 0.000146 0.025702 0.057159 0.129880 0.310928 0.194603 0.348756 0.250159 0.083526 0.214407 0.196485 0.064049 0.022782 0.180719 0.095588 0.191240 0.147720 0.203427 0.474286 0.245992 0.099222 0.145238 0.335095 0.058275 1.000000 0.137578 0.111647 0.243982 0.167946 0.190729 0.458609 0.112154 0.069966 0.110617 0.082267 0.424832 0.310649 0.459224 0.227572 0.804033 0.226771 0.283102 0.408594 0.364532 0.176326 0.241829 0.076648 0.201459 
-0.062541 0.138602 0.032800 0.066530 0.048784 0.000399 0.025197 -0.003126 -0.074986 0.113652 0.277354 0.068566 0.065192 0.083543 -0.079963 0.011659 0.001780 0.014798 0.006491 -0.055663 0.052980 -0.032435 0.058046 -0.023553 0.086637 0.073764 -0.027151 -0.049317 -0.010420 -0.038734 -0.095511 0.010860 -0.020897 0.061003 0.124481 0.210530 0.188440 0.184937 -0.016419 0.146328 0.196171 0.146654 0.137578 1.000000 0.125361 0.283204 0.166437 0.217935 0.079914 0.038628 0.098779 0.056307 0.022066 0.360325 0.234571 0.132686 0.164036 0.114107 0.014390 0.037227 -0.006999 0.094408 0.068897 0.125806 0.123831 0.048764 
0.003017 0.251553 0.175355 0.030536 0.074136 0.064142 0.005445 0.031255 -0.032767 0.036990 0.039422 0.035638 0.027308 0.299631 -0.078273 0.126552 0.047852 0.100053 -0.029821 0.085070 0.030512 0.023420 0.179415 0.108706 -0.009224 -0.111720 0.014731 -0.004518 -0.009927 -0.033868 0.005628 0.057390 -0.001042 0.030019 0.211676 0.203352 0.128537 0.267373 -0.012926 0.131345 0.074108 0.096230 0.111647 0.125361 1.000000 0.078436 0.785297 0.073456 0.076287 0.057200 0.050955 0.620478 0.012494 0.147555 0.199973 0.178462 0.134807 0.060802 0.048284 0.129057 0.023516 0.033459 0.096546 0.073334 0.130481 0.128693 
0.271399 0.095148 0.091568 0.092689 0.067198 -0.075065 0.125002 0.152741 0.015707 0.208918 0.021165 -0.089338 0.220828 -0.032167 0.067565 0.108667 0.162719 0.024087 -0.033330 -0.036787 0.031974 0.160676 0.141599 0.082834 0.122477 0.017415 -0.023781 -0.022744 0.119498 0.211967 0.070516 0.046890 0.255827 0.296993 0.119329 0.253262 0.319877 0.209890 -0.088110 0.355757 0.306056 0.387859 0.243982 0.283204 0.078436 1.000000 0.094571 0.383657 0.144118 0.245269 0.063156 0.053609 0.023914 0.485305 0.252296 0.188478 0.158534 0.136151 0.017970 0.052646 0.029941 0.165525 0.276599 0.190117 0.150427 0.255705 
0.005086 0.287721 0.318458 0.028081 0.192022 0.209088 0.019150 -0.008234 0.109687 0.124487 0.002922 0.305179 -0.025623 0.636300 0.008565 0.235274 0.088787 0.115910 0.145514 0.084910 0.011604 0.089535 0.329225 0.214138 0.046046 -0.018471 -0.002810 0.088845 -0.018453 -0.026349 0.036422 0.101512 0.012523 0.073838 0.212537 0.252304 0.150046 0.339538 0.173005 0.199485 0.087047 0.158290 0.167946 0.166437 0.785297 0.094571 1.000000 0.185280 0.169955 0.130184 0.120478 0.457121 0.068008 0.153515 0.223135 0.299798 0.160375 0.157806 0.332350 0.116013 0.110950 0.127139 0.136724 0.090046 0.241894 0.129405 
0.176131 0.103673 0.106291 0.147949 0.113957 0.018975 0.123148 -0.012797 0.144337 0.265771 0.099038 0.072202 0.164018 0.092259 0.153854 0.220921 0.170096 0.039643 0.050507 0.070867 0.028452 0.167615 0.230615 0.150964 0.196912 0.094189 0.058985 0.023402 0.077552 0.150729 0.073487 0.061261 0.186796 0.408879 0.117802 0.291169 0.141099 0.331949 0.129043 0.384840 0.155494 0.621790 0.190729 0.217935 0.073456 0.383657 0.185280 1.000000 0.250967 0.277436 0.152300 0.045993 0.043971 0.193322 0.190216 0.261134 0.248691 0.152055 0.103804 0.068528 0.134020 0.125893 0.683844 0.201153 0.342808 0.514949 
0.054968 0.211917 0.245261 0.092792 0.340420 0.186668 0.097941 0.096793 0.201496 0.318721 0.004797 -0.017949 0.017337 -0.015430 0.034317 0.630819 0.215130 0.055876 -0.019881 0.063316 0.062933 0.232701 0.616750 0.364164 0.350488 0.327268 0.108312 0.213994 0.204691 0.011031 0.070434 0.269041 0.063279 0.158507 0.157985 0.177019 0.130054 0.339830 0.137122 0.242261 0.215675 0.138862 0.458609 0.079914 0.076287 0.144118 0.169955 0.250967 1.000000 0.260948 0.106182 0.119783 0.127141 0.166665 0.288784 0.788096 0.437170 0.404598 0.363275 0.152585 0.439006 0.586557 0.199920 0.146516 0.183222 0.148284 
0.216394 0.114615 0.104529 0.051962 0.042466 0.075698 0.151742 0.108698 0.128368 0.456977 0.021291 0.015664 0.130227 0.058792 0.119241 0.224810 0.166732 0.198290 0.085739 0.078600 0.035042 0.217540 0.274075 0.181593 0.204234 0.160886 0.101421 0.110244 0.037140 0.265678 0.115929 0.136106 0.328177 0.200722 0.096114 0.162078 -0.006826 0.555556 0.087337 0.734185 0.047862 0.390609 0.112154 0.038628 0.057200 0.245269 0.130184 0.277436 0.260948 1.000000 0.080021 0.104836 0.070599 0.017985 0.209951 0.321388 0.221931 0.148223 0.169566 0.136456 0.170076 0.189785 0.277940 0.193537 0.459895 0.237169 
-0.047861 0.161832 0.047278 -0.009109 0.027325 0.111469 -0.056181 -0.090923 -0.024620 0.013917 0.045251 0.046908 -0.060512 0.101732 -0.045683 0.025721 0.004105 0.042508 0.018195 -0.023026 -0.007453 0.053320 0.040277 -0.049338 0.022199 0.248346 0.092882 0.060775 -0.032358 0.040771 0.044908 0.053650 0.032147 -0.070109 0.091109 0.084632 -0.015964 0.117834 0.102992 0.075273 0.026240 0.117200 0.069966 0.098779 0.050955 0.063156 0.120478 0.152300 0.106182 0.080021 1.000000 0.026576 0.449856 0.044966 0.064110 0.121131 0.122370 0.049976 0.163740 0.068461 0.098126 -0.014219 0.108141 -0.020033 0.080015 0.173762 
0.019342 0.154865 0.136042 0.056968 0.084416 0.282364 0.053090 0.074576 -0.014493 0.079800 0.056824 -0.047140 0.017172 0.097658 -0.028638 0.100086 0.081626 0.019287 0.009577 0.092582 0.017121 0.008729 0.131791 0.044056 0.082066 -0.060314 0.000480 -0.025445 0.043287 0.025464 0.019025 0.101369 0.033943 0.122237 0.092068 0.091952 0.061815 0.075137 0.158886 0.020737 0.009433 -0.011356 0.110617 0.056307 0.620478 0.053609 0.457121 0.045993 0.119783 0.104836 0.026576 1.000000 0.112897 0.033292 0.122686 0.148591 0.093007 0.062297 0.061910 0.110731 0.058337 0.029821 0.150466 0.052909 0.018614 0.147521 
-0.048764 0.050724 0.032396 0.001429 0.074241 0.127186 -0.051207 -0.042679 0.007215 0.016292 -0.018836 0.087402 -0.088203 0.119042 -0.090063 0.062396 -0.027904 0.027855 0.079423 0.018287 -0.003490 0.102237 0.057805 0.022137 0.093319 0.247228 0.141863 0.112818 0.038698 -0.029040 0.086715 0.037195 -0.021350 0.018444 -0.015565 0.036421 -0.009704 0.031436 0.244938 0.017367 0.039267 0.048232 0.082267 0.022066 0.012494 0.023914 0.068008 0.043971 0.127141 0.070599 0.449856 0.112897 1.000000 -0.017946 0.043183 0.094242 0.063524 0.093888 0.170746 0.283833 0.119288 0.057468 -0.001840 0.066669 0.041074 -0.019494 
0.049975 0.092998 0.114508 0.198302 0.029578 -0.038724 -0.015822 0.058224 -0.035394 0.110351 0.069567 -0.002963 0.067119 0.048546 -0.021221 0.059702 0.040889 0.031294 0.006235 -0.055433 0.286469 0.008330 0.066568 0.024720 0.151475 0.078472 0.010822 0.016882 0.170337 0.030697 -0.035167 -0.011607 0.012041 0.095696 0.088770 0.212213 0.742469 0.210462 -0.099132 0.157643 0.247825 0.115772 0.424832 0.360325 0.147555 0.485305 0.153515 0.193322 0.166665 0.017985 0.044966 0.033292 -0.017946 1.000000 0.239392 0.175208 0.190165 0.311251 0.021910 0.127865 0.116922 0.167663 0.067993 0.124162 0.084957 0.065532 
0.118996 0.139847 0.056676 0.112251 0.099351 0.031694 0.233338 0.052209 0.093805 0.071808 0.064957 0.027941 0.212905 0.033678 0.016562 0.087855 0.274640 -0.031183 -0.013580 -0.033134 0.175285 0.056940 0.171063 0.012847 0.119831 0.031726 0.006214 0.069717 0.047561 0.076827 0.000751 0.124639 0.134343 0.169845 0.201413 0.263484 0.214296 0.446517 0.049620 0.339050 0.103109 0.154665 0.310649 0.234571 0.199973 0.252296 0.223135 0.190216 0.288784 0.209951 0.064110 0.122686 0.043183 0.239392 1.000000 0.408186 0.633360 0.158808 0.072293 0.298513 0.191167 0.314073 0.250872 0.660251 0.203460 0.335220 
0.070589 0.297116 0.328469 0.118084 0.447083 0.205389 0.159790 0.088485 0.279697 0.328351 0.046253 0.043048 0.096747 0.044273 0.043827 0.690589 0.334832 0.007734 -0.013781 0.044093 0.102981 0.242715 0.836698 0.438434 0.291881 0.257522 0.110828 0.352269 0.169981 0.029122 0.058494 0.328876 0.043153 0.146404 0.277353 0.301412 0.150322 0.465552 0.239395 0.356108 0.218875 0.193820 0.459224 0.132686 0.178462 0.188478 0.299798 0.261134 0.788096 0.321388 0.121131 0.148591 0.094242 0.175208 0.408186 1.000000 0.564894 0.349481 0.352375 0.231206 0.535314 0.404370 0.184238 0.202975 0.279117 0.152285 
0.030527 0.213176 0.076681 0.113999 0.176054 0.029953 0.153448 0.027833 0.157872 0.132071 0.028979 0.028260 0.134894 -0.012628 0.027320 0.237367 0.234241 -0.054916 0.008687 -0.048200 0.162353 0.121144 0.322827 0.158828 0.135918 0.164328 0.013491 0.126966 0.110948 0.027111 -0.015830 0.180004 0.050857 0.098897 0.234247 0.337630 0.178289 0.389263 0.128233 0.297607 0.165767 0.194849 0.227572 0.164036 0.134807 0.158534 0.160375 0.248691 0.437170 0.221931 0.122370 0.093007 0.063524 0.190165 0.633360 0.564894 1.000000 0.155821 0.177042 0.207320 0.341359 0.333282 0.190036 0.369328 0.202485 0.234936 
0.055081 0.228966 0.194709 0.126088 0.189345 0.232751 0.120760 0.032361 0.129375 0.269806 -0.015431 0.083077 -0.063881 0.069180 -0.015329 0.268305 0.160050 0.015302 0.036550 0.039679 0.020150 0.117374 0.272549 0.184641 0.375973 0.212140 0.124734 0.169695 0.173677 0.018101 0.046022 0.151697 0.014349 0.129685 0.200915 0.247146 0.522075 0.208967 0.144517 0.135145 0.326933 0.060494 0.804033 0.114107 0.060802 0.136151 0.157806 0.152055 0.404598 0.148223 0.049976 0.062297 0.093888 0.311251 0.158808 0.349481 0.155821 1.000000 0.235009 0.238842 0.363491 0.415920 0.079696 0.088481 0.096923 0.059891 
-0.072922 0.110904 0.294781 0.025111 0.266728 0.432894 0.070768 -0.003767 0.296291 0.205743 0.045540 0.137034 -0.034398 0.205826 0.123507 0.353209 0.116097 0.229692 0.136923 0.211389 -0.014234 0.225120 0.404868 0.346852 0.199128 0.491447 0.130442 0.339740 0.113966 -0.018014 0.005466 0.184099 0.035191 0.027996 0.114393 0.064935 0.082692 0.144279 0.310201 0.032079 0.051437 -0.035139 0.226771 0.014390 0.048284 0.017970 0.332350 0.103804 0.363275 0.169566 0.163740 0.061910 0.170746 0.021910 0.072293 0.352375 0.177042 0.235009 1.000000 0.151241 0.535451 0.253746 0.095984 -0.035893 0.101848 0.055760 
0.052875 0.042225 0.068948 0.121100 0.130519 0.303538 0.108250 0.123022 0.101927 0.052827 0.056163 0.029215 0.087293 0.076785 0.014797 0.099498 0.142745 0.064721 0.020923 -0.027642 0.072335 0.056212 0.138482 0.054443 0.118926 0.145882 0.216479 0.275799 0.084226 0.001807 -0.036551 0.166914 0.038829 0.093729 0.040750 0.090471 0.193658 0.164952 0.307181 0.065079 0.110622 -0.047895 0.283102 0.037227 0.129057 0.052646 0.116013 0.068528 0.152585 0.136456 0.068461 0.110731 0.283833 0.127865 0.298513 0.231206 0.207320 0.238842 0.151241 1.000000 0.557653 0.127277 0.079310 0.270048 0.106402 0.086231 
0.068528 0.132329 0.256054 0.155436 0.310904 0.409760 0.090378 0.121329 0.270549 0.244272 0.100865 0.069607 0.080826 0.066886 0.131708 0.418665 0.195275 0.066096 0.071613 0.078275 0.067386 0.211044 0.474460 0.362395 0.250831 0.432246 0.228853 0.646961 0.166970 0.042046 0.016440 0.252383 0.075586 0.145801 0.081849 0.086690 0.189722 0.212353 0.327255 0.107791 0.158312 -0.021145 0.408594 -0.006999 0.023516 0.029941 0.110950 0.134020 0.439006 0.170076 0.098126 0.058337 0.119288 0.116922 0.191167 0.535314 0.341359 0.363491 0.535451 0.557653 1.000000 0.262655 0.147190 0.139641 0.108254 0.106066 
0.049045 0.155668 0.104318 0.036136 0.143663 0.139465 0.069817 0.127017 0.090466 0.144695 0.006881 0.040727 0.041710 0.026434 -0.043110 0.234377 0.161735 0.086858 -0.013267 0.051513 0.072109 0.122315 0.254027 0.145217 0.141193 0.129599 -0.039736 0.025730 0.084094 0.028495 0.021005 0.174560 0.052075 0.146951 0.167505 0.136799 0.167833 0.227095 0.059582 0.176708 0.359627 0.092273 0.364532 0.094408 0.033459 0.165525 0.127139 0.125893 0.586557 0.189785 -0.014219 0.029821 0.057468 0.167663 0.314073 0.404370 0.333282 0.415920 0.253746 0.127277 0.262655 1.000000 0.059801 0.184468 0.067657 0.055127 
0.325907 0.114669 0.103137 0.132948 0.078567 0.058313 0.215396 0.074373 0.175901 0.317644 0.148159 0.044144 0.293666 0.048241 0.275984 0.216193 0.255311 0.018750 0.070981 0.049656 0.070181 0.190458 0.182794 0.179823 0.188071 0.110726 0.081071 0.086072 0.085882 0.267884 0.055930 0.124566 0.368177 0.653534 0.085335 0.151015 0.073661 0.149757 -0.000249 0.201377 0.108531 0.237860 0.176326 0.068897 0.096546 0.276599 0.136724 0.683844 0.199920 0.277940 0.108141 0.150466 -0.001840 0.067993 0.250872 0.184238 0.190036 0.079696 0.095984 0.079310 0.147190 0.059801 1.000000 0.391151 0.169275 0.879220 
0.185346 0.098610 0.001810 0.144996 0.004837 -0.007052 0.229291 0.079414 0.082297 0.133857 0.095510 -0.007732 0.296452 -0.014810 0.037366 0.010708 0.232192 -0.060744 -0.058746 -0.122127 0.151154 0.057523 0.048564 -0.033535 0.134900 -0.008875 -0.036052 0.047943 0.024296 0.091192 0.015798 0.035742 0.141871 0.479234 0.151925 0.139057 0.111262 0.273688 0.016177 0.219616 0.213221 0.078396 0.241829 0.125806 0.073334 0.190117 0.090046 0.201153 0.146516 0.193537 -0.020033 0.052909 0.066669 0.124162 0.660251 0.202975 0.369328 0.088481 -0.035893 0.270048 0.139641 0.184468 0.391151 1.000000 0.130772 0.381080 
-0.028606 0.165217 0.105187 0.011828 0.024916 0.083194 0.050478 -0.021179 0.046910 0.209569 -0.085057 0.059689 -0.030474 0.116995 -0.022644 0.143686 0.050820 0.004344 0.047724 -0.011321 -0.019306 0.094523 0.253038 0.118409 0.104008 0.091644 0.104841 0.088066 0.024895 -0.050572 0.026999 0.033335 -0.006588 0.078714 0.192941 0.253804 0.028479 0.680320 0.345082 0.589453 0.050595 0.539482 0.076648 0.123831 0.130481 0.150427 0.241894 0.342808 0.183222 0.459895 0.080015 0.018614 0.041074 0.084957 0.203460 0.279117 0.202485 0.096923 0.101848 0.106402 0.108254 0.067657 0.169275 0.130772 1.000000 0.099850 
0.311164 0.120432 0.059394 0.121618 0.094715 0.045032 0.256639 0.011593 0.181441 0.239632 0.107551 0.009305 0.295137 0.038477 0.286010 0.158111 0.376707 0.023979 0.023103 0.044030 0.083429 0.155665 0.129872 0.123687 0.135607 0.115496 0.025721 0.075202 0.069970 0.275578 0.055653 0.152086 0.385955 0.433853 0.098259 0.135872 0.070860 0.098840 -0.079510 0.133869 0.069980 0.161044 0.201459 0.048764 0.128693 0.255705 0.129405 0.514949 0.148284 0.237169 0.173762 0.147521 -0.019494 0.065532 0.335220 0.152285 0.234936 0.059891 0.055760 0.086231 0.106066 0.055127 0.879220 0.381080 0.099850 1.000000 
