0.000000000000000000e+00 5.271230365107628171e-03 1.357474040512666796e-03 7.316256192373463661e-03 1.056009026320892802e-02 4.634804224036104953e-02 3.845001145919644397e-02 3.411314634275337820e-02 3.143345732771538753e-02 1.851100964335454860e-03 1.302822488232286725e-02 3.002309468822170896e-02 2.445216226222167444e-02 1.309874301429755049e-02 1.387444246601907474e-02 2.134936445533557742e-02 1.810553038450011393e-02 1.697724027290517176e-02 3.309063342912046263e-02 1.066586746117095287e-02 8.232991908044355253e-03 3.647550376390529259e-02 2.674400155139890212e-02 1.539058230347478164e-02 1.510850977557604523e-02 2.908872943955714656e-03 1.427992172487350898e-03 9.008691359765879508e-03 1.271089328843678923e-02 1.486169631366465044e-02 3.488884579447490419e-02 6.337817111224723632e-02 2.332387215062672881e-02 1.874019357227226998e-02 2.156091885125963059e-02 6.646333938613965993e-03 2.053840593762671154e-02 3.190945471854450630e-03 1.197045290270260659e-02 1.348659274015831348e-02 2.216032297304444329e-02 8.761877897854486452e-03 1.613102268920896254e-02 1.281667048639881581e-02 1.563739576538617643e-02 2.773125539904447781e-02 2.230135923699381323e-02 2.145514165329760400e-02 3.453625513460148455e-02 9.467059217601325738e-03 2.008003807979126532e-02 2.082047846552544795e-02 4.037163055550658554e-03 6.170336547784849171e-04 2.646192902350016918e-02 3.404262821077869844e-02 2.494578918604446055e-02 4.389753715424078197e-03 4.918639705234208528e-03 2.036211060769000172e-02 7.316256192373463661e-03 2.198402764310773347e-02 2.811910512490524081e-02 1.216437776563298809e-03 4.953898771221550146e-03 1.427992172487350898e-03 
5.271230365107628171e-03 0.000000000000000000e+00 3.964881970276607631e-02 5.165453167145602452e-03 3.266752463727235628e-02 5.905893552879784222e-03 1.251696842550640860e-03 2.011529714577860867e-02 3.120427339879766528e-03 2.639141089152548247e-02 4.155280926608254100e-02 8.656100699892459865e-03 3.473017999753186605e-03 1.110660578601272873e-03 2.117306912539886760e-02 5.112564568164589809e-04 1.569028436436718885e-03 2.556282284082294579e-03 7.457292456322831865e-03 1.426229219187983774e-02 5.465155228038009235e-04 6.170336547784849171e-04 9.114468557727906095e-03 1.197045290270260659e-02 2.110255099342418436e-02 2.168432558221532885e-03 4.941558098125980319e-02 4.606596971246231659e-02 2.706133314528498188e-02 2.133173492234190834e-03 1.644835428309504230e-02 3.302011529714577592e-02 1.715353560284188159e-02 1.524954603952541343e-02 4.213458385487368375e-03 7.492551522310174350e-03 3.860867725613948299e-03 1.683620400895580183e-02 3.578795197715212324e-03 7.845142182183593993e-03 1.627205895315833248e-02 4.953898771221550146e-03 1.992137228284822630e-03 1.457962378576591576e-02 1.123001251696842569e-02 3.626394936798123941e-02 5.588561958993706197e-03 3.296722669816476350e-03 6.187966080778519763e-03 2.184299137915836700e-02 3.231493397739893664e-02 1.912804329813303297e-02 2.662059482044320732e-03 1.902226610017100639e-02 2.642666995751282583e-02 5.165453167145602452e-03 3.883786118505720697e-02 2.766073726706979458e-02 5.817745887911429745e-04 1.264037515646210599e-02 1.962167022195581909e-02 3.115138479981665112e-02 2.170195511520899706e-02 1.814078945048745728e-02 1.539058230347478164e-02 2.803095745993688503e-03 
1.357474040512666796e-03 3.964881970276607631e-02 0.000000000000000000e+00 1.510850977557604523e-02 1.662464961303175212e-02 2.379986954145584758e-03 1.137104878091779389e-02 2.748444193713308475e-02 8.374028171993723457e-03 3.792112546938631451e-02 8.902914161803854656e-03 2.847169578477866045e-02 1.366288807009502330e-02 1.704775840487985500e-02 1.722405373481656482e-02 2.117306912539886760e-02 6.011670750841809942e-03 2.836591858681663386e-02 1.606050455723427930e-02 2.346490841457609874e-02 7.316256192373463661e-03 1.725931280080390817e-02 6.168573594485481787e-02 3.845001145919644397e-02 4.007192849461417572e-02 2.240713643495583635e-02 1.387444246601907474e-02 3.383107381485464527e-02 1.010172240537348179e-02 2.018581527775329190e-02 8.127214710082330401e-03 3.261463603829134732e-03 6.522927207658268597e-04 1.084216279110766269e-02 1.710064700386086873e-03 1.204097103467729156e-02 1.468540098372794062e-02 1.253459795850007941e-02 1.722405373481656482e-02 1.422703312589249439e-02 3.816793893129771104e-02 2.697318548031662783e-03 1.189993477072792336e-02 5.659080090968390299e-03 3.464203233256350767e-02 6.334291204625989991e-02 2.279498616081659934e-02 3.086931227191791818e-02 5.271230365107628171e-03 5.230682439222184704e-02 3.146871639370273088e-02 8.268250974031698605e-03 1.110660578601272873e-03 6.998924598487385636e-03 9.537577349576008973e-03 2.501630731801914725e-02 1.761190346067732782e-02 2.988205842427234249e-02 2.893006364261410668e-02 2.473423479012041085e-02 3.636972656594326947e-02 3.931385857588632834e-03 7.175219928424096325e-03 3.702201928670909394e-04 1.405073779595578456e-02 3.009361282019639219e-02 
7.316256192373463661e-03 5.165453167145602452e-03 1.510850977557604523e-02 0.000000000000000000e+00 2.431112599827230450e-02 1.161786224282918695e-02 2.212506390705710341e-02 8.303510040019040223e-03 2.050314687163937166e-02 1.433281032385452097e-02 1.877545263825961333e-02 1.616628175519630589e-02 2.970576309433563267e-02 6.857888334538018299e-03 2.843643671879132057e-02 2.274209756183558605e-03 1.172363944079121353e-02 3.331981735803818401e-03 5.024416903196234248e-03 6.752111136575991712e-03 1.881071170424695321e-02 4.178199319500026758e-03 2.635615182553814259e-02 7.580699187278529044e-04 3.349611268797489426e-04 5.112564568164589809e-04 5.941152618867125840e-03 3.649313329689896426e-03 7.104701796449412222e-03 3.203286144950020370e-02 1.754138532870264111e-02 3.019939001815841878e-02 8.973432293778537891e-03 2.734340567318371829e-02 2.233661830298115311e-02 3.333744689103185915e-02 1.110660578601272873e-03 2.833065952082929398e-02 1.073638559314563784e-02 6.447120215785483166e-02 1.623679988717098913e-02 9.502318283588667355e-03 5.094935035170918350e-03 1.648361334908238218e-02 2.751970100312042811e-02 5.623821024981048682e-03 2.900058177458878991e-02 1.013698147136082341e-02 2.346490841457609874e-02 1.175889850677855515e-02 2.254817269890520628e-02 8.867655095816511304e-03 5.482784761031680477e-03 1.292244768436084067e-02 2.575674770375332642e-02 2.522786171394319696e-02 2.938843150044955291e-02 8.056696578107645432e-03 2.550993424184193337e-02 3.471255046453819437e-02 1.743560813074061799e-02 1.782345785660137752e-02 1.616628175519630589e-02 8.285880507025368980e-04 7.422033390335490248e-03 1.063060839518361125e-02 
1.056009026320892802e-02 3.266752463727235628e-02 1.662464961303175212e-02 2.431112599827230450e-02 0.000000000000000000e+00 2.556282284082294579e-03 7.774624050208909891e-03 2.314757682069001898e-02 2.274209756183558605e-03 8.691359765879801483e-03 2.131410538934823753e-02 2.455793946018370102e-02 2.644429949050649490e-04 1.348659274015831348e-02 6.875517867531689108e-04 1.881071170424695321e-02 4.142940253512684273e-03 6.998924598487385636e-03 2.251291363291786293e-02 1.443858752181654756e-02 1.569028436436718885e-03 7.457292456322831865e-03 3.041094441408247195e-02 4.037163055550658554e-03 1.764716252666466770e-02 2.275972709482925946e-02 6.575815806639281891e-03 7.809883116196252376e-03 5.288859898101299522e-05 4.354494649436736579e-03 8.656100699892459865e-03 7.386774324348147763e-03 9.114468557727906095e-03 1.200571196868994994e-02 3.155686405867108579e-03 2.942369056643689626e-02 1.182941663875324012e-02 2.036211060769000172e-02 3.120427339879766528e-03 7.422033390335490248e-03 2.364120374451280857e-02 1.549635950143680649e-02 3.309063342912046263e-02 1.613102268920896254e-02 9.502318283588667355e-03 3.450099606861414120e-02 1.888122983622163992e-02 1.181178710575956758e-03 1.041905399925955981e-02 4.370361229131040220e-02 2.755496006910776799e-02 1.859915730832290351e-02 3.543536131727870707e-03 3.085168273892424477e-03 3.649313329689896426e-03 7.316256192373463661e-03 1.549635950143680649e-02 2.247765456693052305e-02 3.718068508365213187e-02 3.682809442377871223e-02 3.231493397739893664e-02 6.857888334538018299e-03 1.323977927824691869e-02 7.422033390335490248e-03 6.364261410715230452e-03 1.604287502424060720e-03 
4.634804224036104953e-02 5.905893552879784222e-03 2.379986954145584758e-03 1.161786224282918695e-02 2.556282284082294579e-03 0.000000000000000000e+00 2.663822435343687900e-02 2.434638506425964785e-02 1.507325070958870361e-02 8.091955644094988784e-03 2.893006364261410668e-02 2.168432558221532885e-03 4.354494649436736579e-03 2.117306912539886760e-02 1.457962378576591576e-02 1.256985702448742102e-02 8.162473776069672018e-03 9.749131745500062146e-03 8.832396029829169687e-03 8.268250974031698605e-03 2.385275814043685827e-02 1.697724027290517176e-02 6.329002344727887967e-03 1.510850977557604523e-02 3.860867725613948299e-03 1.369814713608236492e-02 3.231493397739893664e-02 3.182130705357615053e-02 2.822488232286726739e-02 1.969218835393050579e-02 5.024416903196234248e-03 2.187825044514570688e-02 2.550993424184193337e-02 2.168432558221532885e-03 6.963665532500044018e-03 7.809883116196252376e-03 8.938173227791196274e-03 1.123001251696842569e-02 5.659080090968390299e-03 2.339439028260141551e-02 4.213458385487368375e-03 2.790755072898118763e-02 1.091268092308234766e-02 1.533769370449376834e-03 7.492551522310174350e-03 7.809883116196252376e-03 6.575815806639281891e-03 2.873613877968372605e-03 3.302011529714577592e-02 2.579200676974066977e-02 9.784390811487403763e-03 2.254817269890520628e-02 4.054792588544329363e-04 1.040142446626588770e-03 3.425418260670275161e-02 3.573506337817110995e-02 2.244239550094317970e-02 2.431112599827230450e-02 3.261463603829134732e-03 2.875376831267739686e-02 1.983322461787987226e-02 2.198402764310773347e-02 1.500273257761401864e-02 1.034853586728487485e-02 1.264037515646210599e-02 6.223225146765862248e-03 
3.845001145919644397e-02 1.251696842550640860e-03 1.137104878091779389e-02 2.212506390705710341e-02 7.774624050208909891e-03 2.663822435343687900e-02 0.000000000000000000e+00 4.010718756060151907e-02 2.226610017100646988e-02 1.161786224282918695e-02 6.364261410715230452e-03 4.483190240290534784e-02 4.130599580417114447e-02 2.529837984591788019e-02 6.963665532500044018e-03 1.533769370449376834e-03 1.285192955238615743e-02 9.079209491740564478e-03 2.385275814043685827e-02 8.232991908044355253e-03 4.107681187525342656e-03 1.972744741991784567e-02 1.408599686194312792e-02 2.550993424184193337e-02 3.684572395677238477e-03 3.548824991625972036e-02 2.124358725737355083e-02 2.156091885125963059e-02 1.137104878091779389e-02 1.845812104437353357e-02 2.871850924669005350e-02 3.379581474886730191e-02 1.799975318653808734e-02 1.613102268920896254e-02 2.309468822170900656e-03 5.646739417872820299e-02 1.334555647620894528e-02 9.431800151613984121e-03 2.614459742961408942e-02 1.189993477072792336e-02 2.272446802884191611e-02 6.857888334538018299e-03 1.546110043544946487e-02 3.672231722581668911e-02 5.941152618867125840e-03 3.700438975371542205e-02 1.517902790755072846e-02 8.620841633905118248e-03 2.254817269890520628e-02 2.487527105406977732e-02 2.286550429279128258e-02 1.533769370449376834e-03 7.527810588297515967e-03 2.212506390705710341e-02 9.925427075436771968e-03 8.620841633905118248e-03 2.847169578477866045e-02 2.607407929763940618e-02 2.152565978527228724e-02 4.451457080901927155e-02 6.875517867531689108e-04 2.364120374451280857e-02 2.268920896285457275e-02 2.626800416056978681e-03 2.910635897255081650e-02 5.518043827019022095e-03 
3.411314634275337820e-02 2.011529714577860867e-02 2.748444193713308475e-02 8.303510040019040223e-03 2.314757682069001898e-02 2.434638506425964785e-02 4.010718756060151907e-02 0.000000000000000000e+00 1.944537489201910926e-02 9.467059217601325738e-03 1.468540098372794062e-02 1.101845812104437425e-02 4.601308111348130503e-03 2.237187736896849646e-02 1.662464961303175212e-02 3.855578865715847403e-02 3.146871639370273088e-02 2.716711034324700846e-02 1.851100964335454860e-03 1.780582832360770758e-03 9.396541085626642503e-03 3.513565925638630072e-02 2.928265430248752632e-02 5.482784761031680477e-03 2.762547820108245469e-02 3.649313329689896426e-03 1.306348394831020887e-02 1.040142446626588770e-03 1.710064700386086873e-03 2.399379440438622821e-02 3.778008920543694804e-02 3.975459690072809943e-02 7.809883116196252376e-03 6.258484212753203865e-03 5.297674664598134991e-02 6.046929816829152426e-03 2.536889797789256690e-02 9.784390811487403763e-03 1.373340620206970654e-02 2.617985649560143277e-02 3.649313329689896426e-03 2.748444193713308475e-02 3.649313329689896426e-03 3.647550376390529259e-02 1.426229219187983774e-02 1.098319905505703090e-02 2.415246020132926809e-03 2.644429949050649490e-04 3.072827600796854824e-02 9.925427075436771968e-03 9.749131745500062146e-03 4.707085309310156222e-03 1.992137228284822630e-03 1.956878162297480579e-03 2.751970100312042811e-02 3.344322408899388227e-02 3.009361282019639219e-02 1.322214974525324745e-03 6.822629268550675814e-03 2.908872943955714656e-03 8.479805369955750044e-03 4.495530913386104784e-03 1.479117818168996720e-02 1.123001251696842569e-02 2.133173492234190834e-03 1.835234384641150698e-02 
3.143345732771538753e-02 3.120427339879766528e-03 8.374028171993723457e-03 2.050314687163937166e-02 2.274209756183558605e-03 1.507325070958870361e-02 2.226610017100646988e-02 1.944537489201910926e-02 0.000000000000000000e+00 1.322214974525324745e-03 9.784390811487403763e-03 3.076353507395589160e-02 1.352185180614565510e-02 1.842286197838619369e-02 2.491053012005712067e-02 7.809883116196252376e-03 1.465014191774059900e-02 4.178199319500026758e-03 1.553161856742414811e-02 6.857888334538018299e-03 2.836591858681663386e-02 6.187966080778519763e-03 3.931385857588632834e-03 2.979391075930398758e-03 1.228778449658868462e-02 4.571337905258889694e-02 2.415246020132926809e-03 1.267563422244944761e-02 1.533769370449376834e-03 2.737866473917105817e-02 2.265394989686723287e-02 3.982511503270278613e-02 1.898700703418366303e-02 1.306348394831020887e-02 2.959998589637360608e-02 1.489695537965199379e-02 6.928406466512702401e-03 2.459319852617104091e-02 1.542584136946212325e-02 2.097914426246848783e-03 2.508682544999383049e-02 8.620841633905118248e-03 4.742344375297498707e-03 4.359783509334837909e-02 4.072422121538000171e-03 2.180773231317102365e-02 1.110660578601272873e-03 6.258484212753203865e-03 1.539058230347478164e-02 2.847169578477866045e-02 1.285192955238615743e-02 6.575815806639281891e-03 7.069442730462069738e-03 1.299296581633552564e-02 5.288859898101299522e-05 2.803095745993688503e-03 2.512208451598117037e-02 1.613102268920896254e-02 1.845812104437353357e-02 5.555065846305731053e-02 1.003120427339879682e-02 1.570791389736085966e-02 3.966644923575974452e-03 3.931385857588632834e-03 6.522927207658268597e-04 2.776651446503182116e-02 
1.851100964335454860e-03 2.639141089152548247e-02 3.792112546938631451e-02 1.433281032385452097e-02 8.691359765879801483e-03 8.091955644094988784e-03 1.161786224282918695e-02 9.467059217601325738e-03 1.322214974525324745e-03 0.000000000000000000e+00 2.727288754120903505e-02 2.029159247571531849e-02 1.690672214093048506e-02 1.313400208028489384e-02 8.515064435943091661e-03 4.460271847398762299e-03 6.646333938613965993e-03 2.759021913509511134e-02 9.502318283588667355e-03 7.316256192373463661e-03 1.288718861837349905e-02 1.286955908537982911e-03 2.660296528744953565e-02 3.111612573382931124e-02 4.151755020009519764e-02 1.567265483137351631e-02 1.838760291239885034e-02 1.137104878091779389e-02 2.875376831267739686e-02 6.329002344727887967e-03 1.235830262856336959e-02 2.709659221127232176e-02 1.895174796819632315e-02 1.944537489201910926e-02 2.388801720642420162e-02 6.117447948803836529e-03 1.761190346067732782e-02 2.141988258731026065e-02 3.502988205842427066e-02 1.286955908537982911e-03 2.644429949050649490e-04 1.468540098372794062e-02 1.535532323748743828e-02 6.611074872626624375e-03 1.623679988717098913e-02 1.821130758246214051e-02 2.314757682069001898e-02 9.608095481550693942e-03 1.581369109532288625e-02 8.620841633905118248e-03 1.658939054704440877e-02 6.046929816829152426e-03 7.069442730462069738e-03 1.539058230347478164e-02 6.575815806639281891e-03 6.963665532500044018e-03 1.634257708513301571e-02 1.140630784690513551e-02 2.177247324718368376e-02 6.082188882816494044e-03 1.710064700386086873e-03 1.302822488232286725e-02 1.175889850677855515e-02 2.127884632336089418e-02 1.392733106500008847e-03 1.341607460818362851e-02 
1.302822488232286725e-02 4.155280926608254100e-02 8.902914161803854656e-03 1.877545263825961333e-02 2.131410538934823753e-02 2.893006364261410668e-02 6.364261410715230452e-03 1.468540098372794062e-02 9.784390811487403763e-03 2.727288754120903505e-02 0.000000000000000000e+00 1.450910565379123079e-02 1.956878162297480579e-03 2.008003807979126532e-02 2.043262873966468496e-02 3.502988205842427066e-02 2.621511556158877265e-02 5.659080090968390299e-03 1.563739576538617643e-02 1.493221444563933541e-02 1.690672214093048506e-02 1.234067309556969888e-04 3.933148810887999308e-02 2.399379440438622821e-02 2.550993424184193337e-02 3.263226557128501987e-02 3.578795197715212324e-03 2.984679935828499914e-02 8.620841633905118248e-03 1.004883380639246936e-03 3.993089223066480925e-02 4.742344375297498707e-03 1.376866526805704989e-02 6.179151314281684793e-02 8.409287237981065075e-03 4.222273151984203693e-02 3.774483013944960469e-02 4.636567177335472120e-03 7.492551522310174350e-03 4.213458385487368375e-03 2.032685154170266184e-02 3.190945471854450630e-03 3.090457133790525807e-02 9.193801456199425515e-02 8.902914161803854656e-03 2.392327627241154497e-02 4.495530913386104784e-03 2.621511556158877265e-02 2.455793946018370102e-02 1.204097103467729156e-02 8.938173227791196274e-03 2.238950690196216554e-03 2.804858699293055757e-02 5.057913015884209218e-02 1.232304356257602797e-02 4.707085309310156222e-03 1.436806938984186259e-02 5.491599527528515795e-02 1.697724027290517176e-02 6.170336547784849171e-04 1.962167022195581909e-02 3.802690266734834457e-02 1.309874301429755049e-02 2.212506390705710341e-02 2.945894963242423614e-02 1.588420922729756948e-02 
3.002309468822170896e-02 8.656100699892459865e-03 2.847169578477866045e-02 1.616628175519630589e-02 2.455793946018370102e-02 2.168432558221532885e-03 4.483190240290534784e-02 1.101845812104437425e-02 3.076353507395589160e-02 2.029159247571531849e-02 1.450910565379123079e-02 0.000000000000000000e+00 2.309468822170900656e-03 5.553302893006364579e-03 1.740034906475327464e-02 1.366288807009502330e-02 1.468540098372794062e-02 1.006646333938614017e-02 2.491053012005712067e-02 5.482784761031680477e-03 8.991061826772208916e-04 8.938173227791196274e-03 1.581369109532288625e-02 2.261869083087988952e-02 1.584895016131022613e-02 2.981154029229765579e-02 2.103203286144950113e-02 1.193519383671526497e-02 4.278687657563950975e-02 1.604287502424060720e-03 1.140630784690513551e-02 3.989563316467746590e-02 8.197732842057013636e-03 9.361282019639299151e-03 8.797136963841828070e-03 3.834423426123442086e-02 8.127214710082330401e-03 3.488884579447490419e-02 1.881071170424695321e-02 6.046929816829152426e-03 3.155686405867108579e-03 2.346490841457609874e-02 9.713872679512720529e-03 9.396541085626642503e-03 1.641309521710769895e-02 1.412125592793046953e-02 3.349611268797489426e-04 1.323977927824691869e-02 3.825608659626606681e-03 7.034183664474728120e-03 2.998783562223436561e-02 9.854908943462086998e-03 3.936674717486733643e-02 5.288859898101299522e-05 3.860867725613948299e-03 7.598328720272200069e-03 1.316926114627223546e-02 9.326022953651957534e-03 1.288718861837349905e-02 8.867655095816511304e-03 2.762547820108245469e-02 3.790349593639264630e-03 4.213458385487368375e-03 1.835234384641150698e-02 1.780582832360770758e-03 1.327503834423426204e-02 
2.445216226222167444e-02 3.473017999753186605e-03 1.366288807009502330e-02 2.970576309433563267e-02 2.644429949050649490e-04 4.354494649436736579e-03 4.130599580417114447e-02 4.601308111348130503e-03 1.352185180614565510e-02 1.690672214093048506e-02 1.956878162297480579e-03 2.309468822170900656e-03 0.000000000000000000e+00 2.230135923699381323e-02 1.634257708513301571e-02 1.930433862806974279e-02 5.399925955961426549e-02 2.494578918604446055e-02 4.072422121538000171e-03 7.457292456322831865e-03 4.546656559067750042e-02 4.567811998660155359e-02 4.848121573259524426e-03 2.677926061738624547e-02 3.608765403804452959e-02 4.671826243322814605e-03 1.123001251696842569e-02 4.460271847398762299e-03 1.182941663875324012e-02 4.179962272799393752e-02 5.354089170177882273e-02 3.866156585512049715e-02 5.805405214815859832e-02 2.244239550094317970e-02 3.562928618020908683e-02 1.186467570474058174e-02 3.418366447472806491e-02 2.240713643495583635e-02 9.608095481550693942e-03 3.086931227191791818e-02 2.575674770375332642e-02 3.594661777409516312e-02 1.701249933889251165e-02 1.144156691289247713e-02 1.722405373481656482e-02 3.966644923575974452e-03 1.553161856742414811e-02 1.955115208998113585e-02 4.495530913386104784e-03 1.789397598857606422e-02 3.473017999753186605e-03 1.817604851647479716e-02 2.022107434374063525e-02 4.742344375297498707e-03 1.207623010066463318e-02 1.003120427339879682e-02 1.392733106500008847e-03 2.445216226222167444e-02 3.848527052518378733e-02 1.762953299367099841e-05 1.313400208028489384e-02 2.452268039419635767e-02 6.787370202563334197e-03 2.979391075930398758e-03 2.106729192743684101e-02 1.181178710575956758e-03 
1.309874301429755049e-02 1.110660578601272873e-03 1.704775840487985500e-02 6.857888334538018299e-03 1.348659274015831348e-02 2.117306912539886760e-02 2.529837984591788019e-02 2.237187736896849646e-02 1.842286197838619369e-02 1.313400208028489384e-02 2.008003807979126532e-02 5.553302893006364579e-03 2.230135923699381323e-02 0.000000000000000000e+00 1.066586746117095287e-02 2.635615182553814259e-02 2.575674770375332642e-02 2.064418313558873813e-02 2.011529714577860867e-02 2.783703259700650440e-02 4.425012781411420681e-03 7.034183664474728120e-03 2.554519330782927672e-02 8.409287237981065075e-03 3.349611268797489426e-04 3.266752463727235628e-02 2.205454577508241670e-02 1.278141142041147246e-02 2.967050402834828932e-02 5.059675969183576733e-03 2.469897572413306749e-02 3.361951941893059209e-02 1.387444246601907474e-02 1.778819879061403764e-02 5.235971299120286554e-03 3.802690266734834457e-02 1.186467570474058174e-02 2.550993424184193337e-02 5.729598222943074401e-03 2.603882023165206283e-02 2.409957160234825480e-02 3.041094441408247195e-02 1.070112652715829622e-02 2.027396294272164681e-03 5.764857288930416018e-03 3.696913068772807870e-02 5.130194101158259967e-03 2.614459742961408942e-02 2.170195511520899706e-02 1.553161856742414811e-02 2.159617791724697047e-02 1.639546568411402771e-03 2.522786171394319696e-02 1.066586746117095287e-02 2.275972709482925946e-02 3.261463603829134732e-03 7.422033390335490248e-03 2.484001198808243396e-02 2.027396294272164681e-03 1.465014191774059900e-02 1.948063395800645262e-02 2.450505086120268860e-03 1.140630784690513551e-02 1.859915730832290351e-02 1.648361334908238218e-02 3.767431200747492492e-02 
1.387444246601907474e-02 2.117306912539886760e-02 1.722405373481656482e-02 2.843643671879132057e-02 6.875517867531689108e-04 1.457962378576591576e-02 6.963665532500044018e-03 1.662464961303175212e-02 2.491053012005712067e-02 8.515064435943091661e-03 2.043262873966468496e-02 1.740034906475327464e-02 1.634257708513301571e-02 1.066586746117095287e-02 0.000000000000000000e+00 1.710064700386086873e-03 7.845142182183593993e-03 6.752111136575991712e-03 1.440332845582920594e-02 6.258484212753203865e-03 3.647550376390529259e-02 1.810553038450011393e-02 8.973432293778537891e-03 9.467059217601325738e-03 1.745323766373428707e-03 2.261869083087988952e-02 5.112564568164589809e-04 1.450910565379123079e-02 3.049909207905082426e-03 5.817745887911429745e-04 2.339439028260141551e-02 3.989563316467746590e-02 1.595472735927225272e-02 1.586657969430389857e-04 3.908467464696860350e-02 1.415651499391781115e-02 8.091955644094988784e-03 5.341748497082312273e-03 2.039736967367734508e-02 2.223084110501912652e-02 9.255504821677274299e-03 1.260511609047476264e-02 2.274209756183558605e-03 3.756853480951289487e-02 8.832396029829169687e-03 2.956472683038626273e-02 1.870493450628493010e-02 1.569028436436718885e-03 1.101845812104437425e-02 1.886360030322796694e-03 6.787370202563334197e-03 5.059675969183576733e-03 5.112564568164589809e-04 9.255504821677274299e-03 1.951589302399379597e-02 2.838354811981030554e-03 1.010172240537348179e-02 1.338081554219628690e-02 3.904941558098126014e-02 1.108897625301905748e-02 1.768242159265201105e-02 8.902914161803854656e-03 2.431112599827230450e-02 1.454436471977857241e-02 9.008691359765879508e-03 1.419177405990515277e-02 
2.134936445533557742e-02 5.112564568164589809e-04 2.117306912539886760e-02 2.274209756183558605e-03 1.881071170424695321e-02 1.256985702448742102e-02 1.533769370449376834e-03 3.855578865715847403e-02 7.809883116196252376e-03 4.460271847398762299e-03 3.502988205842427066e-02 1.366288807009502330e-02 1.930433862806974279e-02 2.635615182553814259e-02 1.710064700386086873e-03 0.000000000000000000e+00 3.966644923575974452e-03 2.829540045484195063e-02 9.643354547538035559e-03 5.588561958993706197e-03 1.457962378576591576e-02 5.689050297057630934e-02 1.598998642525959607e-02 5.703153923452567581e-02 1.457962378576591576e-02 1.489695537965199379e-02 1.392733106500008847e-03 8.091955644094988784e-03 1.108897625301905748e-02 2.025633340972797514e-02 1.535532323748743828e-02 1.921619096310138745e-03 2.642666995751282583e-02 2.521023218094952528e-03 1.641309521710769895e-02 3.615817217001921630e-02 1.736508999876593129e-02 2.529837984591788019e-02 4.067133261639899189e-02 1.665990867901909200e-02 2.515734358196851372e-02 3.702201928670909394e-04 1.313400208028489384e-02 2.374698094247483515e-02 1.591946829328490937e-02 3.249122930733564646e-02 3.249122930733564646e-02 2.979391075930398758e-03 8.832396029829169687e-03 4.883380639246866044e-03 2.385275814043685827e-02 1.493221444563933541e-02 8.938173227791196274e-03 2.498104825203180390e-02 1.479117818168996720e-02 4.460271847398762299e-03 2.857747298274068704e-02 2.309468822170900656e-03 4.112970047423443465e-02 5.200712233132944069e-03 2.124358725737355083e-02 3.155686405867108579e-03 2.274209756183558605e-03 3.164501172363944070e-02 9.608095481550693942e-03 1.228778449658868462e-02 
1.810553038450011393e-02 1.569028436436718885e-03 6.011670750841809942e-03 1.172363944079121353e-02 4.142940253512684273e-03 8.162473776069672018e-03 1.285192955238615743e-02 3.146871639370273088e-02 1.465014191774059900e-02 6.646333938613965993e-03 2.621511556158877265e-02 1.468540098372794062e-02 5.399925955961426549e-02 2.575674770375332642e-02 7.845142182183593993e-03 3.966644923575974452e-03 0.000000000000000000e+00 2.025633340972797514e-02 1.040142446626588770e-03 2.803095745993688503e-03 5.447525695044337993e-03 3.155686405867108579e-03 1.886360030322796694e-03 6.716852070588650095e-03 1.278141142041147246e-02 2.529837984591788019e-02 2.286550429279128258e-02 2.734340567318371829e-02 2.103203286144950113e-02 1.447384658780388918e-02 2.344727888158242707e-03 2.208980484106976006e-02 9.255504821677274299e-03 2.677926061738624547e-02 4.636567177335472120e-03 5.537436313312060071e-02 3.437758933765844554e-03 1.341607460818362851e-02 2.261869083087988952e-02 3.439521887065211808e-02 1.253459795850007941e-02 2.568622957177864319e-02 5.341748497082312273e-03 1.221726636461400138e-02 1.708301747086719835e-02 3.093983040389260142e-02 1.588420922729756948e-02 1.979796555189252891e-02 4.953898771221550146e-03 6.011670750841809942e-03 1.392733106500008847e-03 1.782345785660137752e-02 3.261463603829134732e-03 6.117447948803836529e-03 6.364261410715230452e-03 1.387444246601907474e-02 3.735698041358884169e-02 1.091268092308234766e-02 2.311231775470267910e-02 2.487527105406977732e-02 4.742344375297498707e-03 1.373340620206970654e-02 2.515734358196851372e-02 2.201928670909507682e-02 3.883786118505720697e-02 1.070112652715829622e-02 
1.697724027290517176e-02 2.556282284082294579e-03 2.836591858681663386e-02 3.331981735803818401e-03 6.998924598487385636e-03 9.749131745500062146e-03 9.079209491740564478e-03 2.716711034324700846e-02 4.178199319500026758e-03 2.759021913509511134e-02 5.659080090968390299e-03 1.006646333938614017e-02 2.494578918604446055e-02 2.064418313558873813e-02 6.752111136575991712e-03 2.829540045484195063e-02 2.025633340972797514e-02 0.000000000000000000e+00 2.521023218094952528e-03 1.264037515646210599e-02 1.588420922729756948e-02 3.578795197715212324e-03 2.399379440438622821e-02 4.000141036263949595e-02 1.690672214093048506e-02 1.234067309556969888e-04 3.226204537841792681e-03 2.815436419089258416e-02 3.331981735803818401e-03 3.296722669816476350e-03 6.293743278740546350e-03 2.168432558221532885e-03 4.530789979373446401e-03 1.447384658780388918e-02 3.478306859651288108e-02 2.981154029229765579e-02 2.415246020132926809e-03 1.944537489201910926e-02 2.591541350069636630e-03 2.822488232286726739e-02 3.781534827142429139e-02 1.454436471977857241e-02 1.888122983622163992e-02 4.072422121538000171e-03 1.285192955238615743e-02 1.567265483137351631e-02 3.051672161204449854e-02 4.759973908291169299e-04 3.014650141917740809e-03 2.134936445533557742e-02 1.158260317684184533e-02 5.368192796572818920e-02 2.949420869841157949e-02 1.228778449658868462e-02 6.611074872626624375e-03 1.175889850677855515e-02 2.485764152107610477e-03 3.323166969306982910e-02 7.069442730462069738e-03 2.110255099342418436e-02 4.373887135729774556e-02 1.849338011036087692e-02 1.630731801914567236e-02 3.711016695167745211e-02 6.681593004601308478e-03 2.838354811981030554e-03 
3.309063342912046263e-02 7.457292456322831865e-03 1.606050455723427930e-02 5.024416903196234248e-03 2.251291363291786293e-02 8.832396029829169687e-03 2.385275814043685827e-02 1.851100964335454860e-03 1.553161856742414811e-02 9.502318283588667355e-03 1.563739576538617643e-02 2.491053012005712067e-02 4.072422121538000171e-03 2.011529714577860867e-02 1.440332845582920594e-02 9.643354547538035559e-03 1.040142446626588770e-03 2.521023218094952528e-03 0.000000000000000000e+00 1.165312130881653030e-02 7.104701796449412222e-03 3.062249881000652166e-02 1.429755125786717936e-02 3.305537436313311928e-02 6.187966080778519763e-03 2.008003807979126532e-02 2.522786171394319696e-02 1.577843202933554290e-02 2.550993424184193337e-02 3.093983040389260142e-02 2.291839289177229793e-04 8.832396029829169687e-03 2.254817269890520628e-02 3.508277065740528656e-03 6.399520476702572069e-03 5.553302893006364579e-03 1.648361334908238218e-02 1.937485676004442603e-02 2.829540045484195063e-02 2.103203286144950113e-02 3.790349593639264630e-03 2.141988258731026065e-02 7.845142182183593993e-03 1.990374274985455549e-02 2.311231775470267910e-02 1.063060839518361125e-02 2.286550429279128258e-02 3.175078892160146382e-02 1.168838037480387192e-02 1.517902790755072846e-02 2.635615182553814259e-02 4.959187631119651302e-02 1.006646333938614017e-02 1.745323766373428707e-03 1.683620400895580183e-02 9.467059217601325738e-03 5.482784761031680477e-03 5.306489431094970656e-03 2.804858699293055757e-02 2.674400155139890212e-02 2.928265430248752632e-02 3.702201928670909394e-04 3.615817217001921630e-02 2.309468822170900656e-03 1.450910565379123079e-02 2.402905347037356809e-02 
1.066586746117095287e-02 1.426229219187983774e-02 2.346490841457609874e-02 6.752111136575991712e-03 1.443858752181654756e-02 8.268250974031698605e-03 8.232991908044355253e-03 1.780582832360770758e-03 6.857888334538018299e-03 7.316256192373463661e-03 1.493221444563933541e-02 5.482784761031680477e-03 7.457292456322831865e-03 2.783703259700650440e-02 6.258484212753203865e-03 5.588561958993706197e-03 2.803095745993688503e-03 1.264037515646210599e-02 1.165312130881653030e-02 0.000000000000000000e+00 3.049909207905082426e-03 2.344727888158242707e-03 1.299296581633552564e-02 1.216437776563298809e-03 1.533769370449376834e-03 3.464203233256350767e-02 2.325335401865204557e-02 2.944132009943056707e-03 5.130194101158259967e-03 6.329002344727887967e-03 9.960686141424113585e-03 2.521023218094952528e-03 2.873613877968372605e-03 1.383918340003173313e-02 2.307705868871533575e-02 4.389753715424078197e-03 2.591541350069636630e-03 1.863441637431024339e-02 1.197045290270260659e-02 1.792923505456340411e-02 2.903584084057613326e-02 1.528480510551275505e-02 2.767836680006346452e-03 8.197732842057013636e-03 9.572836415563352325e-03 1.405073779595578456e-02 1.133578971493045227e-02 1.983322461787987226e-02 1.075401512613930822e-03 2.309468822170900656e-03 2.716711034324700846e-02 3.231493397739893664e-02 1.161786224282918695e-02 4.142940253512684273e-03 6.434779542689914554e-03 1.094793998906968928e-02 3.372529661689261521e-02 9.184986689702589330e-03 2.494578918604446055e-02 1.598998642525959607e-02 2.018581527775329190e-02 1.665990867901909200e-02 1.181178710575956758e-03 3.213863864746222682e-02 4.742344375297498707e-03 8.197732842057013636e-03 
8.232991908044355253e-03 5.465155228038009235e-04 7.316256192373463661e-03 1.881071170424695321e-02 1.569028436436718885e-03 2.385275814043685827e-02 4.107681187525342656e-03 9.396541085626642503e-03 2.836591858681663386e-02 1.288718861837349905e-02 1.690672214093048506e-02 8.991061826772208916e-04 4.546656559067750042e-02 4.425012781411420681e-03 3.647550376390529259e-02 1.457962378576591576e-02 5.447525695044337993e-03 1.588420922729756948e-02 7.104701796449412222e-03 3.049909207905082426e-03 0.000000000000000000e+00 3.520617738836098048e-02 8.338769106006381840e-03 4.222273151984203693e-02 3.349611268797489426e-04 2.803095745993688503e-03 1.775293972462669428e-02 4.213458385487368375e-03 2.558045237381661660e-02 1.216437776563298809e-03 1.831708478042416710e-02 4.239902684977874675e-02 1.376866526805704989e-02 4.102392327627241153e-02 2.015055621176595202e-02 4.465560707296863802e-02 1.101845812104437425e-02 3.471255046453819437e-02 3.120427339879766528e-03 3.439521887065211808e-02 1.031327680129753323e-02 6.170336547784849171e-04 2.392327627241154497e-02 3.369003755090527880e-02 1.345133367417097187e-02 2.286550429279128258e-02 1.810553038450011393e-02 3.372529661689261521e-02 2.751970100312042811e-02 1.750612626271530123e-02 6.046929816829152426e-03 2.170195511520899706e-02 8.479805369955750044e-03 5.024416903196234248e-03 2.646192902350016918e-02 2.550993424184193337e-02 4.250480404774077681e-02 2.462845759215838426e-02 1.489695537965199379e-02 1.976270648590518902e-02 2.413483066833559468e-02 3.252648837332298981e-02 3.175078892160146382e-02 1.754138532870264111e-02 5.976411684854468324e-03 3.654602189587997929e-02 
3.647550376390529259e-02 6.170336547784849171e-04 1.725931280080390817e-02 4.178199319500026758e-03 7.457292456322831865e-03 1.697724027290517176e-02 1.972744741991784567e-02 3.513565925638630072e-02 6.187966080778519763e-03 1.286955908537982911e-03 1.234067309556969888e-04 8.938173227791196274e-03 4.567811998660155359e-02 7.034183664474728120e-03 1.810553038450011393e-02 5.689050297057630934e-02 3.155686405867108579e-03 3.578795197715212324e-03 3.062249881000652166e-02 2.344727888158242707e-03 3.520617738836098048e-02 0.000000000000000000e+00 5.371718703171553255e-02 1.851100964335454860e-03 1.983322461787987226e-02 6.170336547784849171e-04 3.614054263702554375e-03 5.817745887911429745e-04 7.845142182183593993e-03 1.567265483137351631e-02 3.344322408899388227e-02 1.912804329813303297e-02 3.379581474886730191e-02 4.319235583449394095e-03 4.581915625055092006e-02 4.973291257514588642e-02 2.974102216032297255e-02 4.190539992595596064e-02 1.923382049609505956e-02 2.339439028260141551e-02 1.595472735927225272e-02 4.306894910353824962e-02 2.374698094247483515e-02 1.179415757276589677e-02 1.017224053734816502e-02 2.141988258731026065e-02 8.232991908044355253e-03 1.357474040512666796e-03 4.292791283958887621e-02 3.714542601766479546e-02 5.377007563069653891e-03 1.507325070958870361e-02 2.274209756183558605e-03 1.493221444563933541e-02 1.352185180614565510e-02 3.837949332722176421e-02 3.615817217001921630e-02 1.651887241506972553e-02 1.665990867901909200e-02 1.881071170424695321e-02 5.112564568164589809e-04 1.762953299367099841e-05 2.970576309433563267e-02 3.573506337817110995e-02 3.527669552033566719e-02 2.194876857712039359e-02 
2.674400155139890212e-02 9.114468557727906095e-03 6.168573594485481787e-02 2.635615182553814259e-02 3.041094441408247195e-02 6.329002344727887967e-03 1.408599686194312792e-02 2.928265430248752632e-02 3.931385857588632834e-03 2.660296528744953565e-02 3.933148810887999308e-02 1.581369109532288625e-02 4.848121573259524426e-03 2.554519330782927672e-02 8.973432293778537891e-03 1.598998642525959607e-02 1.886360030322796694e-03 2.399379440438622821e-02 1.429755125786717936e-02 1.299296581633552564e-02 8.338769106006381840e-03 5.371718703171553255e-02 0.000000000000000000e+00 3.968407876875341272e-02 1.535532323748743828e-02 1.073638559314563784e-02 3.296722669816476350e-03 2.697318548031662783e-03 2.794280979496853098e-02 3.435995980466477473e-02 1.803501225252543069e-02 1.532006417150009667e-02 3.446573700262679785e-02 1.077164465913297946e-02 1.524954603952541343e-02 5.093172081871551182e-02 2.374698094247483515e-02 2.970576309433563267e-02 3.721594414963947522e-02 5.288859898101299522e-05 2.974102216032297255e-02 1.027801773531019161e-02 1.334555647620894528e-02 1.235830262856336959e-02 1.990374274985455549e-02 7.880401248170935610e-03 1.687146307494314518e-02 7.139960862436753840e-03 9.643354547538035559e-03 1.362762900410768169e-02 1.401547872996844295e-02 2.314757682069001898e-02 1.105371718703171587e-02 3.129242106376602106e-02 1.286955908537982911e-03 4.283976517462052477e-03 2.413483066833559468e-02 4.319235583449394095e-03 4.246954498175343345e-02 2.036211060769000172e-02 1.665990867901909200e-02 1.181178710575956758e-03 2.339439028260141551e-02 2.223084110501912652e-02 2.173721418119634041e-02 1.172363944079121353e-02 
1.539058230347478164e-02 1.197045290270260659e-02 3.845001145919644397e-02 7.580699187278529044e-04 4.037163055550658554e-03 1.510850977557604523e-02 2.550993424184193337e-02 5.482784761031680477e-03 2.979391075930398758e-03 3.111612573382931124e-02 2.399379440438622821e-02 2.261869083087988952e-02 2.677926061738624547e-02 8.409287237981065075e-03 9.467059217601325738e-03 5.703153923452567581e-02 6.716852070588650095e-03 4.000141036263949595e-02 3.305537436313311928e-02 1.216437776563298809e-03 4.222273151984203693e-02 1.851100964335454860e-03 3.968407876875341272e-02 0.000000000000000000e+00 9.255504821677274299e-03 6.522927207658268597e-04 5.377007563069653891e-03 1.281667048639881581e-02 1.958641115596847920e-02 8.409287237981065075e-03 2.078521939953810460e-02 2.212506390705710341e-02 1.063060839518361125e-02 2.240713643495583635e-02 3.834423426123442086e-02 5.481021807732313483e-02 8.973432293778537891e-03 6.928406466512702401e-03 3.238545210937362334e-02 1.112423531900639910e-02 5.978174638153835319e-02 1.757664439468998446e-02 1.094793998906968928e-02 2.974102216032297255e-02 4.918639705234208528e-03 5.191897466636109099e-02 6.522927207658268597e-04 1.070112652715829622e-02 1.923382049609505956e-02 2.508682544999383049e-02 3.608765403804452959e-02 1.186467570474058174e-02 1.084216279110766269e-02 2.168432558221532885e-03 4.460271847398762299e-03 1.482643724767730882e-02 1.013698147136082341e-02 4.070659168238633524e-02 1.341607460818362851e-02 2.184299137915836700e-02 2.878902737866474021e-02 2.917687710452549973e-02 6.046929816829152426e-03 3.376055568287995856e-02 2.168432558221532885e-03 6.505297674664597789e-03 
