1.000000 0.031252 0.052267 0.078530 0.017404 0.117531 -0.001451 0.474123 0.035965 0.118210 0.126721 0.146511 0.338546 0.132973 0.238678 -0.020075 0.068760 0.056958 0.029397 0.151502 0.053410 0.151624 0.021187 0.145997 0.089653 0.049575 0.134308 -0.005127 0.064909 0.488327 0.383978 -0.027750 0.436099 0.236993 0.017247 -0.062919 0.147652 0.075271 0.022275 0.006425 0.200171 0.066061 0.116819 0.086247 -0.053567 0.341654 -0.000315 0.171348 -0.048126 0.141613 0.075634 0.118225 0.092965 0.114603 0.195107 0.061914 0.099814 0.110687 0.007776 0.024242 -0.078994 0.166375 0.250634 0.255921 0.110961 0.216822 
0.031252 1.000000 0.351435 0.104724 0.180573 0.078416 0.185605 -0.004442 0.160970 0.089926 0.018042 0.041218 0.103929 0.030283 0.086469 0.019291 0.142274 0.068285 0.065344 0.043236 0.118888 0.038755 0.061310 0.026702 0.086993 0.305967 0.195430 0.516330 -0.001276 0.080175 0.023415 0.188803 0.046821 0.064643 0.540535 -0.113557 0.034059 0.116736 0.047607 0.149510 0.095575 0.064739 -0.001284 0.116475 0.066796 0.103278 0.085514 0.117716 -0.013286 0.139765 0.137421 0.059275 0.036454 -0.010391 -0.011483 0.056994 -0.066440 0.058395 0.043358 -0.081256 0.155315 0.093294 0.018449 0.069356 0.092850 0.038792 
0.052267 0.351435 1.000000 0.094192 0.215026 0.089180 0.153498 0.071058 0.187915 0.003072 0.007603 -0.032719 0.032446 -0.088731 -0.000410 -0.015782 0.102566 0.044419 0.039566 -0.018328 0.128217 0.015583 0.090352 0.142473 0.043302 0.034463 0.006569 0.070484 -0.025878 0.025710 0.008002 0.129658 0.012950 0.100304 0.116169 0.128030 0.056473 0.014034 0.037555 0.086743 0.134214 -0.043912 -0.082570 0.148906 0.147327 0.069323 0.077707 -0.025256 -0.025161 -0.024444 -0.042174 -0.077192 -0.072979 0.072230 0.017142 0.029437 0.015813 -0.084090 0.120763 0.015129 -0.048909 -0.072353 -0.023093 0.056555 0.020013 -0.009673 
0.078530 0.104724 0.094192 1.000000 0.048173 0.118200 0.095339 0.126012 0.065486 0.344709 0.169174 0.038501 0.212315 0.079437 0.048869 0.079078 0.114843 0.105414 0.098226 0.132765 0.713410 0.082426 0.075842 0.056792 0.559114 0.089326 -0.000354 0.083034 0.282225 -0.019621 0.110199 0.024918 0.004597 0.177688 -0.005404 -0.003528 0.407297 0.073671 0.091476 0.177859 0.152168 0.049902 0.166670 0.256881 0.051310 0.155972 0.056262 0.090255 0.136568 0.003111 0.069222 0.026494 0.009887 0.188496 -0.052273 0.080062 -0.045588 0.175484 -0.000232 0.045716 0.073084 0.030233 0.037853 0.028913 -0.004779 -0.001161 
0.017404 0.180573 0.215026 0.048173 1.000000 0.282168 0.869454 0.005300 0.722742 0.012377 0.049399 0.158097 0.103135 0.102035 0.246884 0.108590 0.478785 0.070459 0.119684 0.077955 0.082853 -0.013157 0.206471 0.106628 0.025823 0.188445 0.138342 0.105773 -0.003905 0.024441 -0.049146 0.731339 0.018659 0.069752 0.102173 -0.007573 -0.003471 0.091858 0.111646 0.190636 0.060538 0.098267 0.047941 0.146521 0.088014 0.070332 0.078489 0.037366 0.180460 0.139786 0.096621 0.143504 0.001495 0.005603 0.075899 0.206417 0.093856 -0.079366 0.167913 0.044695 0.038145 -0.016769 -0.022512 0.025056 0.057930 0.033199 
0.117531 0.078416 0.089180 0.118200 0.282168 1.000000 0.230377 0.078622 0.260023 -0.009864 0.106505 0.326483 0.170487 0.399717 0.163194 0.021436 0.238181 0.213046 0.402130 0.144341 0.142559 0.140184 0.102298 0.202571 0.027688 0.427809 0.081256 0.145180 0.006194 -0.031815 0.030544 0.257961 0.056267 0.115846 0.061803 -0.025129 0.056462 0.159725 0.583114 0.254205 0.168929 0.188066 0.092091 0.236281 0.244087 0.145165 0.325351 0.057573 0.116429 0.150171 0.120571 0.314794 0.093593 0.100907 0.055734 0.133892 0.059354 0.038476 0.416029 0.112764 0.190822 0.150847 0.078198 0.054683 0.139452 0.049510 
-0.001451 0.185605 0.153498 0.095339 0.869454 0.230377 1.000000 0.012812 0.790827 0.032536 0.064170 0.152050 0.125740 0.092285 0.324339 0.143616 0.666033 0.063071 0.092143 0.110309 0.110729 -0.005672 0.231426 0.091717 0.042831 0.202820 0.131551 0.131738 0.031842 0.087880 -0.040328 0.663417 0.066443 0.095934 0.122337 -0.010588 0.043368 0.093693 0.144988 0.225246 0.074413 0.132552 0.107187 0.120401 0.056715 0.102610 0.054003 0.124218 0.173355 0.160608 0.143807 0.114182 0.013901 0.042719 0.035489 0.177341 0.062268 -0.001927 0.107149 0.043879 0.033692 0.029692 0.011663 0.056957 0.073423 0.134119 
0.474123 -0.004442 0.071058 0.126012 0.005300 0.078622 0.012812 1.000000 0.024520 0.194112 0.073555 0.150124 0.323802 0.133209 0.071951 -0.077370 -0.006278 0.018440 0.022329 0.170152 0.153967 0.116031 -0.053990 0.149123 0.238205 0.053842 0.041717 -0.043555 0.156555 0.115699 0.317148 -0.012808 0.126523 0.224249 0.003352 -0.030438 0.041991 0.066879 0.024307 0.071942 0.218928 0.127972 0.030878 0.102565 -0.030694 0.124713 0.013564 0.071534 -0.006747 0.064930 0.106874 0.131516 0.135247 0.007621 0.123144 0.018528 0.068661 0.035327 0.029180 0.067107 0.001336 0.126274 0.146761 0.169757 0.068247 0.066106 
0.035965 0.160970 0.187915 0.065486 0.722742 0.260023 0.790827 0.024520 1.000000 0.078495 0.067200 0.216148 0.052341 0.097364 0.559242 0.142492 0.461664 0.085947 0.129287 0.052871 0.113245 -0.004248 0.223957 0.141568 0.079360 0.241419 0.079748 0.118377 0.043801 0.158208 0.017639 0.636186 0.117104 0.130488 0.155980 0.027944 0.064491 0.108089 0.173218 0.156009 0.178307 0.084595 0.072600 0.189029 0.027055 0.094290 0.040599 0.126015 0.166302 0.133577 0.035744 0.058208 0.003759 0.058167 0.056846 0.185234 0.067736 -0.012376 0.162401 0.010613 0.086587 0.053568 0.015144 0.066678 0.046567 0.087482 
0.118210 0.089926 0.003072 0.344709 0.012377 -0.009864 0.032536 0.194112 0.078495 1.000000 0.019549 0.145081 0.416627 0.070248 0.037159 0.086358 0.015104 0.017534 -0.032848 0.158942 0.413397 0.068582 0.078929 0.085089 0.838058 0.038946 0.074361 0.043621 0.581314 0.070330 0.185633 -0.008961 0.103339 0.302215 0.087642 -0.011942 0.043919 0.071276 -0.037549 0.020246 0.232577 0.037132 0.164289 0.114486 -0.039009 0.150301 -0.040878 0.335943 -0.014649 0.321919 0.021129 -0.013949 0.053006 0.041716 0.078165 0.016940 0.052138 0.156079 -0.025930 0.080937 0.120222 0.075425 0.363108 0.288839 0.062768 0.271233 
0.126721 0.018042 0.007603 0.169174 0.049399 0.106505 0.064170 0.073555 0.067200 0.019549 1.000000 0.079559 0.212464 0.117038 0.155372 0.066158 0.192480 0.124669 0.123377 0.147818 0.207800 0.104012 0.071371 0.162168 -0.011047 0.083912 0.102124 0.100299 0.002816 0.032910 0.090270 -0.033460 0.091732 0.148819 0.012170 -0.060127 0.174634 -0.065121 0.162003 -0.026817 0.027278 -0.072669 0.151772 0.293874 0.135099 0.133513 0.154408 0.213473 0.123510 0.014646 0.016427 0.144527 0.120361 0.199552 0.087171 0.012967 0.080255 0.111106 0.107985 0.131050 0.074129 0.158678 0.092573 0.085689 0.004784 0.102175 
0.146511 0.041218 -0.032719 0.038501 0.158097 0.326483 0.152050 0.150124 0.216148 0.145081 0.079559 1.000000 0.158952 0.768031 0.125679 0.110892 0.061412 0.125021 0.349169 0.163644 0.022910 0.179169 0.148758 0.231542 0.070204 0.376502 0.109894 0.081456 0.007303 0.076409 0.093620 0.117709 0.169846 0.189831 0.102620 0.001836 0.070942 0.175041 0.271546 0.178475 0.166420 0.184438 0.132997 0.221857 0.082572 0.095038 0.313572 0.221278 0.050668 0.163451 0.290349 0.032079 0.111651 0.105909 0.174715 0.084007 0.148841 0.152699 0.233395 0.183396 0.163737 0.189087 0.140937 0.137697 0.121392 0.184526 
0.338546 0.103929 0.032446 0.212315 0.103135 0.170487 0.125740 0.323802 0.052341 0.416627 0.212464 0.158952 1.000000 0.163013 0.195440 -0.058357 0.309458 -0.014573 0.209458 0.144497 0.397029 0.069893 -0.029774 0.019114 0.348857 0.082914 0.096621 0.059655 0.272994 0.132654 0.141327 0.048713 0.221402 0.320236 0.114096 -0.030731 0.127373 -0.018994 -0.017687 0.025482 0.263601 -0.007305 0.195326 0.231064 0.010103 0.371679 0.041333 0.415141 0.002769 0.209933 0.128907 0.191822 0.118034 0.161249 0.092779 0.052399 0.078115 0.145342 -0.002644 0.081406 0.080166 0.240179 0.284053 0.213378 0.030877 0.321925 
0.132973 0.030283 -0.088731 0.079437 0.102035 0.399717 0.092285 0.133209 0.097364 0.070248 0.117038 0.768031 0.163013 1.000000 0.074853 0.088824 0.055349 0.177061 0.351093 0.056088 0.100021 0.063076 0.118992 0.162503 0.058742 0.325856 0.036530 0.058799 0.006139 0.026326 0.031771 0.084380 0.075547 0.099194 0.052200 -0.006778 0.040408 0.187079 0.374854 0.260368 0.093944 0.195962 0.125026 0.194866 0.280416 0.062901 0.622439 0.155290 0.093511 0.047039 0.319163 0.248802 0.138840 0.078294 0.091633 0.089833 0.107603 0.132983 0.356521 0.093855 0.127435 0.193061 0.100552 0.061468 0.096286 0.146981 
0.238678 0.086469 -0.000410 0.048869 0.246884 0.163194 0.324339 0.071951 0.559242 0.037159 0.155372 0.125679 0.195440 0.074853 1.000000 0.006922 0.402901 0.040659 0.213517 0.072970 0.118445 0.097310 0.099116 0.099759 0.038200 0.166694 0.105776 0.168663 -0.011736 0.498359 0.066128 0.411943 0.374164 0.167234 0.070811 -0.045413 0.132599 0.035620 0.099106 0.047371 0.201337 0.007582 0.128015 0.182809 0.013059 0.215527 0.032315 0.253527 0.069185 0.094447 0.044054 0.057288 0.093993 0.118700 0.052949 0.120114 0.003839 0.075008 0.088660 -0.016491 0.128498 0.175068 0.134455 0.111358 0.040358 0.136194 
-0.020075 0.019291 -0.015782 0.079078 0.108590 0.021436 0.143616 -0.077370 0.142492 0.086358 0.066158 0.110892 -0.058357 0.088824 0.006922 1.000000 0.029170 0.085153 -0.014400 0.046052 0.028835 0.027125 0.769893 0.308145 0.026102 0.021919 -0.065884 0.083951 0.058354 0.028254 -0.012510 0.051826 0.046096 0.116175 0.001855 -0.004571 0.202638 0.096931 0.050642 0.117860 0.097712 0.101529 0.150305 0.142792 -0.049983 0.133807 -0.016903 0.095836 0.548819 0.021376 0.036456 -0.063256 0.010559 0.148746 0.102629 0.433471 0.124888 0.156905 0.003097 -0.016586 0.085628 0.099892 0.119380 0.127600 0.045858 0.098337 
0.068760 0.142274 0.102566 0.114843 0.478785 0.238181 0.666033 -0.006278 0.461664 0.015104 0.192480 0.061412 0.309458 0.055349 0.402901 0.029170 1.000000 0.051501 0.217672 0.115278 0.175179 0.009550 0.091062 0.014172 0.040394 0.125607 0.216691 0.190789 0.074096 0.199119 -0.025643 0.416030 0.194173 0.151442 0.048013 -0.072396 0.082525 -0.028882 0.150410 0.141780 0.130854 0.047176 0.288368 0.165749 0.056456 0.207951 0.055437 0.254061 0.102969 0.161082 0.087946 0.141293 0.068693 0.136234 0.058485 0.076896 0.039327 0.131559 0.062838 0.024358 0.035305 0.128207 0.113462 0.108703 -0.009283 0.229176 
0.056958 0.068285 0.044419 0.105414 0.070459 0.213046 0.063071 0.018440 0.085947 0.017534 0.124669 0.125021 -0.014573 0.177061 0.040659 0.085153 0.051501 1.000000 0.159523 0.347768 0.101444 0.198784 0.110312 0.184442 0.062185 0.196675 0.083941 0.183346 -0.010860 0.062326 0.028413 0.024153 0.105697 0.051601 0.164407 0.089483 0.035110 0.043745 0.178478 0.125535 0.139703 -0.031002 0.065959 0.120394 0.179262 0.047610 0.224665 0.004010 0.054950 0.046533 0.044167 0.071074 0.060181 0.057963 0.023120 0.095744 -0.054549 0.089950 0.256356 0.160512 0.187945 0.123297 0.070182 0.052914 -0.036642 0.084109 
0.029397 0.065344 0.039566 0.098226 0.119684 0.402130 0.092143 0.022329 0.129287 -0.032848 0.123377 0.349169 0.209458 0.351093 0.213517 -0.014400 0.217672 0.159523 1.000000 0.322929 0.129952 0.080514 0.023684 0.114018 -0.035211 0.294286 0.074003 0.085650 0.029712 0.122078 0.041701 0.146504 0.155989 0.014810 0.023100 -0.017260 0.042929 0.060909 0.249723 0.141585 0.051668 0.063542 0.071277 0.127486 0.059552 0.030725 0.249098 0.037522 0.067229 0.065190 0.094122 0.077185 0.051150 0.087947 0.045643 0.032309 0.021055 0.029362 0.141810 0.032394 0.000720 0.142011 0.044699 0.033447 0.089357 0.090887 
0.151502 0.043236 -0.018328 0.132765 0.077955 0.144341 0.110309 0.170152 0.052871 0.158942 0.147818 0.163644 0.144497 0.056088 0.072970 0.046052 0.115278 0.347768 0.322929 1.000000 0.087242 0.161479 0.039802 0.101013 0.112473 0.135777 0.165347 0.103014 0.068541 0.126277 0.256925 0.057776 0.161005 0.127794 0.038979 -0.027759 0.041205 0.043720 0.068973 0.122569 0.126077 0.039370 0.035944 0.028327 0.042292 0.044049 0.011909 0.073813 0.056981 0.209433 0.175679 0.064172 0.189642 0.013356 0.038709 0.024007 0.024914 0.027776 0.111543 0.118522 0.101084 0.106592 0.106104 0.142746 0.075988 0.092204 
0.053410 0.118888 0.128217 0.713410 0.082853 0.142559 0.110729 0.153967 0.113245 0.413397 0.207800 0.022910 0.397029 0.100021 0.118445 0.028835 0.175179 0.101444 0.129952 0.087242 1.000000 0.025850 0.022685 0.022421 0.603268 0.060017 -0.054367 0.023735 0.339415 -0.012131 0.057656 0.041784 -0.006797 0.162120 0.035675 -0.028940 0.147454 0.051757 0.086808 0.124651 0.140196 0.004311 0.136401 0.316543 0.174090 0.129735 0.160262 0.226614 0.016258 0.042205 0.082780 0.133259 0.044576 0.148875 0.012770 -0.018527 -0.049941 0.069757 0.058069 0.013983 0.082592 0.065156 0.100677 0.068141 -0.012184 0.073037 
0.151624 0.038755 0.015583 0.082426 -0.013157 0.140184 -0.005672 0.116031 -0.004248 0.068582 0.104012 0.179169 0.069893 0.063076 0.097310 0.027125 0.009550 0.198784 0.080514 0.161479 0.025850 1.000000 0.048183 0.504160 0.042662 0.219917 0.181351 0.099403 -0.025663 0.402731 0.438716 -0.007730 0.597762 0.118919 -0.035392 -0.035818 0.166027 0.148135 0.126126 0.168779 0.122624 0.151475 0.151229 0.122036 0.013341 0.115770 0.010469 0.008591 0.080317 0.082364 0.118746 0.003925 0.153984 0.217948 0.161766 0.121704 0.198884 0.197409 0.085108 0.232621 0.127984 0.177675 0.135115 0.088554 0.103017 0.094048 
0.021187 0.061310 0.090352 0.075842 0.206471 0.102298 0.231426 -0.053990 0.223957 0.078929 0.071371 0.148758 -0.029774 0.118992 0.099116 0.769893 0.091062 0.110312 0.023684 0.039802 0.022685 0.048183 1.000000 0.266738 0.009165 0.087392 -0.057202 0.076847 -0.006248 0.075704 0.014391 0.141870 0.101946 0.079412 0.007860 -0.044437 0.214543 0.179344 0.101741 0.154498 0.068248 0.124381 0.088491 0.180326 0.005994 0.154022 0.036643 0.136883 0.562920 0.150558 0.035366 -0.089946 -0.052094 0.151915 0.069673 0.716827 0.127067 0.059988 0.041228 -0.032775 0.072160 0.033403 0.040407 0.001998 0.104784 0.063316 
0.145997 0.026702 0.142473 0.056792 0.106628 0.202571 0.091717 0.149123 0.141568 0.085089 0.162168 0.231542 0.019114 0.162503 0.099759 0.308145 0.014172 0.184442 0.114018 0.101013 0.022421 0.504160 0.266738 1.000000 0.039752 0.156116 0.139147 0.092964 0.094073 0.177168 0.235228 -0.002028 0.284526 0.137559 -0.062840 -0.019086 0.153887 0.126692 0.199011 0.137181 0.115285 0.093924 0.126715 0.217792 0.041197 0.119957 0.148533 0.033199 0.133891 0.057624 0.030120 0.078322 0.098645 0.166872 0.195051 0.057744 0.244473 0.162167 0.153765 0.205005 0.112209 0.163731 0.137471 0.106699 0.111689 0.092732 
0.089653 0.086993 0.043302 0.559114 0.025823 0.027688 0.042831 0.238205 0.079360 0.838058 -0.011047 0.070204 0.348857 0.058742 0.038200 0.026102 0.040394 0.062185 -0.035211 0.112473 0.603268 0.042662 0.009165 0.039752 1.000000 0.057347 -0.013138 0.003891 0.614439 0.048411 0.149999 0.037923 0.052491 0.228779 0.066684 0.001267 0.038958 0.120644 0.023408 0.122559 0.279861 0.042889 0.133996 0.152375 0.012821 0.116039 0.000513 0.231329 0.002849 0.210070 0.011492 0.022844 -0.018797 0.035878 0.060498 0.018851 -0.002536 0.112399 0.014831 -0.000594 0.110285 0.032453 0.219368 0.158856 0.037886 0.124151 
0.049575 0.305967 0.034463 0.089326 0.188445 0.427809 0.202820 0.053842 0.241419 0.038946 0.083912 0.376502 0.082914 0.325856 0.166694 0.021919 0.125607 0.196675 0.294286 0.135777 0.060017 0.219917 0.087392 0.156116 0.057347 1.000000 0.232994 0.439593 -0.069481 0.124419 0.053210 0.137267 0.184098 0.079955 0.136004 -0.025392 0.015974 0.185604 0.323079 0.190736 0.135519 0.186988 0.091539 0.179455 0.087634 0.067551 0.197936 0.115168 0.148009 0.136995 0.238461 0.129783 0.153678 0.132040 0.042896 0.122272 0.035545 0.073904 0.505180 0.028086 0.270175 0.108811 0.079099 0.025036 0.133511 0.078585 
0.134308 0.195430 0.006569 -0.000354 0.138342 0.081256 0.131551 0.041717 0.079748 0.074361 0.102124 0.109894 0.096621 0.036530 0.105776 -0.065884 0.216691 0.083941 0.074003 0.165347 -0.054367 0.181351 -0.057202 0.139147 -0.013138 0.232994 1.000000 0.493237 -0.004021 0.061550 0.172838 -0.006561 0.105337 0.113130 0.075281 -0.110680 0.064320 0.016953 0.035044 0.073909 0.085130 0.047907 0.059894 0.074025 0.036350 0.025317 0.011232 0.066272 -0.016902 0.116275 0.089234 0.066705 0.192095 0.044193 0.130255 -0.067760 0.066865 0.070705 0.030899 0.173686 0.182388 0.086659 0.092120 0.149422 0.058609 0.109578 
-0.005127 0.516330 0.070484 0.083034 0.105773 0.145180 0.131738 -0.043555 0.118377 0.043621 0.100299 0.081456 0.059655 0.058799 0.168663 0.083951 0.190789 0.183346 0.085650 0.103014 0.023735 0.099403 0.076847 0.092964 0.003891 0.439593 0.493237 1.000000 -0.077974 0.049992 -0.061992 0.067069 0.035969 0.074310 0.225572 -0.058530 0.075857 0.125582 0.183959 0.091811 0.080485 0.156525 0.122384 0.135908 0.006087 0.038566 0.017168 0.100468 0.187419 0.132721 0.033985 0.046801 0.092909 0.059540 0.107342 0.109411 0.064651 0.107724 0.132644 0.145741 0.407495 0.103154 0.056376 0.081443 0.147142 0.020470 
0.064909 -0.001276 -0.025878 0.282225 -0.003905 0.006194 0.031842 0.156555 0.043801 0.581314 0.002816 0.007303 0.272994 0.006139 -0.011736 0.058354 0.074096 -0.010860 0.029712 0.068541 0.339415 -0.025663 -0.006248 0.094073 0.614439 -0.069481 -0.004021 -0.077974 1.000000 -0.003603 0.210570 0.029375 0.006476 0.160688 0.028246 0.015003 -0.020149 -0.030490 0.004980 0.021185 0.239735 -0.053736 0.027665 0.126035 0.001296 0.165822 0.005623 0.167748 -0.136239 0.171816 -0.011651 0.060220 -0.017154 0.077897 0.035275 -0.111786 0.045939 0.034361 -0.006080 0.014325 -0.000674 0.034632 0.215465 0.157028 -0.007570 0.190680 
0.488327 0.080175 0.025710 -0.019621 0.024441 -0.031815 0.087880 0.115699 0.158208 0.070330 0.032910 0.076409 0.132654 0.026326 0.498359 0.028254 0.199119 0.062326 0.122078 0.126277 -0.012131 0.402731 0.075704 0.177168 0.048411 0.124419 0.061550 0.049992 -0.003603 1.000000 0.295534 0.135767 0.860199 0.148652 -0.020742 -0.037264 0.072112 0.044965 0.044255 -0.006919 0.128733 0.011075 0.138453 0.063371 -0.085128 0.247433 -0.052628 0.163481 0.009460 0.129308 0.102947 -0.027360 0.112531 0.156314 0.102232 0.099301 0.090571 0.092750 0.002225 -0.039248 -0.053249 0.104655 0.216630 0.133441 0.088827 0.271915 
0.383978 0.023415 0.008002 0.110199 -0.049146 0.030544 -0.040328 0.317148 0.017639 0.185633 0.090270 0.093620 0.141327 0.031771 0.066128 -0.012510 -0.025643 0.028413 0.041701 0.256925 0.057656 0.438716 0.014391 0.235228 0.149999 0.053210 0.172838 -0.061992 0.210570 0.295534 1.000000 -0.012640 0.404908 0.152102 -0.031938 -0.122693 0.110533 0.069732 0.031507 0.042692 0.203086 0.020413 0.101098 0.055029 0.012651 0.147841 -0.017138 0.045550 0.001558 0.220505 0.111923 0.007262 0.166075 0.083058 0.227729 0.049442 0.129312 0.120180 0.016600 0.138464 0.028525 0.245603 0.114268 0.205494 0.102606 0.087229 
-0.027750 0.188803 0.129658 0.024918 0.731339 0.257961 0.663417 -0.012808 0.636186 -0.008961 -0.033460 0.117709 0.048713 0.084380 0.411943 0.051826 0.416030 0.024153 0.146504 0.057776 0.041784 -0.007730 0.141870 -0.002028 0.037923 0.137267 -0.006561 0.067069 0.029375 0.135767 -0.012640 1.000000 0.108168 0.063259 0.118274 0.032865 -0.004994 0.105013 0.102599 0.209534 0.119029 0.078614 0.018743 0.105650 0.014120 0.067947 0.021586 0.056315 0.095615 0.122772 0.122435 0.083073 0.011368 0.048349 -0.002368 0.162784 -0.002355 -0.071212 0.094573 -0.057460 0.029984 -0.019367 0.006153 0.033889 0.023825 0.054886 
0.436099 0.046821 0.012950 0.004597 0.018659 0.056267 0.066443 0.126523 0.117104 0.103339 0.091732 0.169846 0.221402 0.075547 0.374164 0.046096 0.194173 0.105697 0.155989 0.161005 -0.006797 0.597762 0.101946 0.284526 0.052491 0.184098 0.105337 0.035969 0.006476 0.860199 0.404908 0.108168 1.000000 0.207185 -0.046535 -0.048170 0.119282 0.044699 0.074917 0.022108 0.175321 0.011337 0.193362 0.124132 -0.071459 0.296357 -0.027527 0.172258 0.039709 0.192334 0.128766 -0.041036 0.137094 0.208711 0.166747 0.135214 0.150724 0.152206 0.032416 0.074100 -0.018701 0.168841 0.256024 0.157268 0.105527 0.343526 
0.236993 0.064643 0.100304 0.177688 0.069752 0.115846 0.095934 0.224249 0.130488 0.302215 0.148819 0.189831 0.320236 0.099194 0.167234 0.116175 0.151442 0.051601 0.014810 0.127794 0.162120 0.118919 0.079412 0.137559 0.228779 0.079955 0.113130 0.074310 0.160688 0.148652 0.152102 0.063259 0.207185 1.000000 0.046186 0.038805 0.170475 -0.007432 0.007682 0.129326 0.391074 0.067748 0.194211 0.273599 0.071333 0.247983 0.025022 0.468586 0.064949 0.085321 0.146285 0.087133 0.189856 0.184064 0.116729 0.028629 0.078484 0.195408 0.083643 0.221705 0.093603 0.143746 0.683337 0.523318 0.019567 0.412483 
0.017247 0.540535 0.116169 -0.005404 0.102173 0.061803 0.122337 0.003352 0.155980 0.087642 0.012170 0.102620 0.114096 0.052200 0.070811 0.001855 0.048013 0.164407 0.023100 0.038979 0.035675 -0.035392 0.007860 -0.062840 0.066684 0.136004 0.075281 0.225572 0.028246 -0.020742 -0.031938 0.118274 -0.046535 0.046186 1.000000 0.358832 -0.053854 0.141338 0.050595 0.152900 0.163548 0.038851 0.001483 0.041368 0.109941 0.109753 0.086873 0.169669 -0.031771 0.112973 0.068228 0.124238 -0.000016 -0.067460 -0.033132 0.076244 -0.051503 0.086168 0.190225 0.082432 0.358998 0.127383 0.052475 0.108915 0.058677 0.050573 
-0.062919 -0.113557 0.128030 -0.003528 -0.007573 -0.025129 -0.010588 -0.030438 0.027944 -0.011942 -0.060127 0.001836 -0.030731 -0.006778 -0.045413 -0.004571 -0.072396 0.089483 -0.017260 -0.027759 -0.028940 -0.035818 -0.044437 -0.019086 0.001267 -0.025392 -0.110680 -0.058530 0.015003 -0.037264 -0.122693 0.032865 -0.048170 0.038805 0.358832 1.000000 0.029566 0.099525 -0.010975 0.084700 0.120237 0.109759 -0.031885 -0.118779 -0.003138 0.039528 -0.025619 -0.021738 0.063100 -0.025628 0.029761 0.003453 -0.048941 0.020509 -0.046957 0.089935 0.240054 -0.037215 0.015486 0.114091 0.103654 -0.059983 0.004167 -0.024267 0.015295 -0.024985 
0.147652 0.034059 0.056473 0.407297 -0.003471 0.056462 0.043368 0.041991 0.064491 0.043919 0.174634 0.070942 0.127373 0.040408 0.132599 0.202638 0.082525 0.035110 0.042929 0.041205 0.147454 0.166027 0.214543 0.153887 0.038958 0.015974 0.064320 0.075857 -0.020149 0.072112 0.110533 -0.004994 0.119282 0.170475 -0.053854 0.029566 1.000000 -0.025306 0.017090 0.066020 0.128026 0.005120 0.342245 0.167603 -0.004474 0.383704 -0.012590 0.106127 0.256856 0.030095 0.028378 -0.070729 0.086903 0.582555 0.008007 0.226794 0.062890 0.469830 -0.080752 0.122715 0.069375 0.323427 0.058895 0.086186 -0.028849 0.040883 
0.075271 0.116736 0.014034 0.073671 0.091858 0.159725 0.093693 0.066879 0.108089 0.071276 -0.065121 0.175041 -0.018994 0.187079 0.035620 0.096931 -0.028882 0.043745 0.060909 0.043720 0.051757 0.148135 0.179344 0.126692 0.120644 0.185604 0.016953 0.125582 -0.030490 0.044965 0.069732 0.105013 0.044699 -0.007432 0.141338 0.099525 -0.025306 1.000000 0.227201 0.654741 0.128750 0.659007 -0.020034 0.052344 0.283795 0.009962 0.229164 0.049286 0.130370 0.250081 0.185481 0.065931 0.080961 -0.046909 0.048387 0.242475 0.043431 -0.068120 0.164823 0.034338 0.101095 0.027516 0.027127 0.045692 0.527550 0.026761 
0.022275 0.047607 0.037555 0.091476 0.111646 0.583114 0.144988 0.024307 0.173218 -0.037549 0.162003 0.271546 -0.017687 0.374854 0.099106 0.050642 0.150410 0.178478 0.249723 0.068973 0.086808 0.126126 0.101741 0.199011 0.023408 0.323079 0.035044 0.183959 0.004980 0.044255 0.031507 0.102599 0.074917 0.007682 0.050595 -0.010975 0.017090 0.227201 1.000000 0.227155 0.192952 0.234183 0.072386 0.166801 0.287239 0.079601 0.378251 0.035064 0.082383 0.168194 0.079661 0.188362 -0.000182 0.085293 0.098488 0.081592 0.069712 0.049839 0.458816 0.081285 0.137718 0.148650 -0.001260 -0.017685 0.344450 0.029108 
0.006425 0.149510 0.086743 0.177859 0.190636 0.254205 0.225246 0.071942 0.156009 0.020246 -0.026817 0.178475 0.025482 0.260368 0.047371 0.117860 0.141780 0.125535 0.141585 0.122569 0.124651 0.168779 0.154498 0.137181 0.122559 0.190736 0.073909 0.091811 0.021185 -0.006919 0.042692 0.209534 0.022108 0.129326 0.152900 0.084700 0.066020 0.654741 0.227155 1.000000 0.197869 0.582001 -0.011645 0.136495 0.405693 0.071683 0.322553 0.085010 0.163193 0.091075 0.265172 0.110386 0.134076 0.061156 0.055545 0.201031 0.031809 -0.023018 0.217544 0.164200 0.107076 0.116356 0.097047 0.135682 0.252570 0.079622 
0.200171 0.095575 0.134214 0.152168 0.060538 0.168929 0.074413 0.218928 0.178307 0.232577 0.027278 0.166420 0.263601 0.093944 0.201337 0.097712 0.130854 0.139703 0.051668 0.126077 0.140196 0.122624 0.068248 0.115285 0.279861 0.135519 0.085130 0.080485 0.239735 0.128733 0.203086 0.119029 0.175321 0.391074 0.163548 0.120237 0.128026 0.128750 0.192952 0.197869 1.000000 0.054833 0.229104 0.317255 0.095288 0.460223 0.027278 0.261336 0.076867 0.178137 0.093210 0.085966 0.098677 0.279922 0.222868 0.079409 0.145273 0.264198 0.216839 0.173589 0.155314 0.318309 0.281007 0.409491 0.086587 0.152684 
0.066061 0.064739 -0.043912 0.049902 0.098267 0.188066 0.132552 0.127972 0.084595 0.037132 -0.072669 0.184438 -0.007305 0.195962 0.007582 0.101529 0.047176 -0.031002 0.063542 0.039370 0.004311 0.151475 0.124381 0.093924 0.042889 0.186988 0.047907 0.156525 -0.053736 0.011075 0.020413 0.078614 0.011337 0.067748 0.038851 0.109759 0.005120 0.659007 0.234183 0.582001 0.054833 1.000000 0.016861 0.080263 0.181152 -0.022964 0.141524 0.093317 0.145943 0.132390 0.203956 0.126402 0.088137 -0.009417 0.091741 0.199755 0.128965 0.003704 0.157790 0.056830 0.054930 0.098176 0.037495 0.018416 0.525373 0.059175 
0.116819 -0.001284 -0.082570 0.166670 0.047941 0.092091 0.107187 0.030878 0.072600 0.164289 0.151772 0.132997 0.195326 0.125026 0.128015 0.150305 0.288368 0.065959 0.071277 0.035944 0.136401 0.151229 0.088491 0.126715 0.133996 0.091539 0.059894 0.122384 0.027665 0.138453 0.101098 0.018743 0.193362 0.194211 0.001483 -0.031885 0.342245 -0.020034 0.072386 -0.011645 0.229104 0.016861 1.000000 0.162651 -0.042946 0.360900 -0.000716 0.191603 0.226904 0.097214 0.060051 -0.034969 0.058312 0.284754 0.126925 0.097484 0.034610 0.848483 0.052953 0.163084 0.237046 0.546085 0.078710 0.082977 -0.038838 0.085432 
0.086247 0.116475 0.148906 0.256881 0.146521 0.236281 0.120401 0.102565 0.189029 0.114486 0.293874 0.221857 0.231064 0.194866 0.182809 0.142792 0.165749 0.120394 0.127486 0.028327 0.316543 0.122036 0.180326 0.217792 0.152375 0.179455 0.074025 0.135908 0.126035 0.063371 0.055029 0.105650 0.124132 0.273599 0.041368 -0.118779 0.167603 0.052344 0.166801 0.136495 0.317255 0.080263 0.162651 1.000000 0.092359 0.284594 0.118021 0.249408 0.150645 0.077853 0.086359 0.139675 0.083662 0.393893 0.164311 0.135523 0.158853 0.162657 0.152081 0.156181 0.105463 0.165360 0.137504 0.141140 0.013118 0.097420 
-0.053567 0.066796 0.147327 0.051310 0.088014 0.244087 0.056715 -0.030694 0.027055 -0.039009 0.135099 0.082572 0.010103 0.280416 0.013059 -0.049983 0.056456 0.179262 0.059552 0.042292 0.174090 0.013341 0.005994 0.041197 0.012821 0.087634 0.036350 0.006087 0.001296 -0.085128 0.012651 0.014120 -0.071459 0.071333 0.109941 -0.003138 -0.004474 0.283795 0.287239 0.405693 0.095288 0.181152 -0.042946 0.092359 1.000000 -0.016408 0.798445 0.101536 -0.034760 0.069088 0.140847 0.280468 0.154972 -0.007048 0.030546 -0.024482 0.008233 -0.031828 0.543336 0.099227 0.118539 0.097966 0.045002 0.032657 0.153015 0.033415 
0.341654 0.103278 0.069323 0.155972 0.070332 0.145165 0.102610 0.124713 0.094290 0.150301 0.133513 0.095038 0.371679 0.062901 0.215527 0.133807 0.207951 0.047610 0.030725 0.044049 0.129735 0.115770 0.154022 0.119957 0.116039 0.067551 0.025317 0.038566 0.165822 0.247433 0.147841 0.067947 0.296357 0.247983 0.109753 0.039528 0.383704 0.009962 0.079601 0.071683 0.460223 -0.022964 0.360900 0.284594 -0.016408 1.000000 -0.012327 0.383680 0.094972 0.255155 -0.051007 0.018799 0.043799 0.498118 0.149435 0.162829 0.119968 0.382749 0.064506 0.084192 -0.003848 0.338726 0.282802 0.241956 0.127047 0.219502 
-0.000315 0.085514 0.077707 0.056262 0.078489 0.325351 0.054003 0.013564 0.040599 -0.040878 0.154408 0.313572 0.041333 0.622439 0.032315 -0.016903 0.055437 0.224665 0.249098 0.011909 0.160262 0.010469 0.036643 0.148533 0.000513 0.197936 0.011232 0.017168 0.005623 -0.052628 -0.017138 0.021586 -0.027527 0.025022 0.086873 -0.025619 -0.012590 0.229164 0.378251 0.322553 0.027278 0.141524 -0.000716 0.118021 0.798445 -0.012327 1.000000 0.079123 -0.012234 0.017181 0.178187 0.284227 0.177273 0.022988 -0.014550 -0.016029 -0.014389 0.011107 0.517891 0.092459 0.083107 0.086740 0.045593 -0.007577 0.152612 0.046500 
0.171348 0.117716 -0.025256 0.090255 0.037366 0.057573 0.124218 0.071534 0.126015 0.335943 0.213473 0.221278 0.415141 0.155290 0.253527 0.095836 0.254061 0.004010 0.037522 0.073813 0.226614 0.008591 0.136883 0.033199 0.231329 0.115168 0.066272 0.100468 0.167748 0.163481 0.045550 0.056315 0.172258 0.468586 0.169669 -0.021738 0.106127 0.049286 0.035064 0.085010 0.261336 0.093317 0.191603 0.249408 0.101536 0.383680 0.079123 1.000000 0.075931 0.276715 0.099877 0.043822 0.110297 0.207858 0.083428 0.127294 0.058036 0.207491 0.109334 0.039467 0.089758 0.240902 0.485410 0.277978 0.129247 0.459776 
-0.048126 -0.013286 -0.025161 0.136568 0.180460 0.116429 0.173355 -0.006747 0.166302 -0.014649 0.123510 0.050668 0.002769 0.093511 0.069185 0.548819 0.102969 0.054950 0.067229 0.056981 0.016258 0.080317 0.562920 0.133891 0.002849 0.148009 -0.016902 0.187419 -0.136239 0.009460 0.001558 0.095615 0.039709 0.064949 -0.031771 0.063100 0.256856 0.130370 0.082383 0.163193 0.076867 0.145943 0.226904 0.150645 -0.034760 0.094972 -0.012234 0.075931 1.000000 0.033696 0.028646 -0.014549 -0.060055 0.180559 0.150107 0.719097 0.278117 0.148198 0.022204 0.040793 0.197168 0.127142 0.000594 -0.020002 0.114644 -0.019078 
0.141613 0.139765 -0.024444 0.003111 0.139786 0.150171 0.160608 0.064930 0.133577 0.321919 0.014646 0.163451 0.209933 0.047039 0.094447 0.021376 0.161082 0.046533 0.065190 0.209433 0.042205 0.082364 0.150558 0.057624 0.210070 0.136995 0.116275 0.132721 0.171816 0.129308 0.220505 0.122772 0.192334 0.085321 0.112973 -0.025628 0.030095 0.250081 0.168194 0.091075 0.178137 0.132390 0.097214 0.077853 0.069088 0.255155 0.017181 0.276715 0.033696 1.000000 0.054468 0.012867 -0.037776 0.069165 0.077023 0.180664 0.100911 0.100763 0.099309 0.094173 0.085917 0.204088 0.106046 0.090902 0.314074 0.119644 
0.075634 0.137421 -0.042174 0.069222 0.096621 0.120571 0.143807 0.106874 0.035744 0.021129 0.016427 0.290349 0.128907 0.319163 0.044054 0.036456 0.087946 0.044167 0.094122 0.175679 0.082780 0.118746 0.035366 0.030120 0.011492 0.238461 0.089234 0.033985 -0.011651 0.102947 0.111923 0.122435 0.128766 0.146285 0.068228 0.029761 0.028378 0.185481 0.079661 0.265172 0.093210 0.203956 0.060051 0.086359 0.140847 -0.051007 0.178187 0.099877 0.028646 0.054468 1.000000 0.143572 0.435099 -0.002831 0.079241 0.052856 0.138496 0.049418 0.117663 0.060561 0.122518 0.159220 0.095224 0.192362 0.008772 0.133387 
0.118225 0.059275 -0.077192 0.026494 0.143504 0.314794 0.114182 0.131516 0.058208 -0.013949 0.144527 0.032079 0.191822 0.248802 0.057288 -0.063256 0.141293 0.071074 0.077185 0.064172 0.133259 0.003925 -0.089946 0.078322 0.022844 0.129783 0.066705 0.046801 0.060220 -0.027360 0.007262 0.083073 -0.041036 0.087133 0.124238 0.003453 -0.070729 0.065931 0.188362 0.110386 0.085966 0.126402 -0.034969 0.139675 0.280468 0.018799 0.284227 0.043822 -0.014549 0.012867 0.143572 1.000000 0.182621 -0.060117 0.053815 -0.007638 0.039242 -0.025707 0.284712 -0.023247 0.029259 0.013141 0.131503 0.042967 0.038159 0.178654 
0.092965 0.036454 -0.072979 0.009887 0.001495 0.093593 0.013901 0.135247 0.003759 0.053006 0.120361 0.111651 0.118034 0.138840 0.093993 0.010559 0.068693 0.060181 0.051150 0.189642 0.044576 0.153984 -0.052094 0.098645 -0.018797 0.153678 0.192095 0.092909 -0.017154 0.112531 0.166075 0.011368 0.137094 0.189856 -0.000016 -0.048941 0.086903 0.080961 -0.000182 0.134076 0.098677 0.088137 0.058312 0.083662 0.154972 0.043799 0.177273 0.110297 -0.060055 -0.037776 0.435099 0.182621 1.000000 0.044696 0.088192 -0.075947 0.113132 0.032817 0.138210 0.213009 0.196777 0.076042 0.269333 0.227995 0.010038 0.179775 
0.114603 -0.010391 0.072230 0.188496 0.005603 0.100907 0.042719 0.007621 0.058167 0.041716 0.199552 0.105909 0.161249 0.078294 0.118700 0.148746 0.136234 0.057963 0.087947 0.013356 0.148875 0.217948 0.151915 0.166872 0.035878 0.132040 0.044193 0.059540 0.077897 0.156314 0.083058 0.048349 0.208711 0.184064 -0.067460 0.020509 0.582555 -0.046909 0.085293 0.061156 0.279922 -0.009417 0.284754 0.393893 -0.007048 0.498118 0.022988 0.207858 0.180559 0.069165 -0.002831 -0.060117 0.044696 1.000000 0.112895 0.136482 0.085036 0.398109 0.032246 0.123882 0.018293 0.275937 0.157250 0.126139 0.024785 0.106897 
0.195107 -0.011483 0.017142 -0.052273 0.075899 0.055734 0.035489 0.123144 0.056846 0.078165 0.087171 0.174715 0.092779 0.091633 0.052949 0.102629 0.058485 0.023120 0.045643 0.038709 0.012770 0.161766 0.069673 0.195051 0.060498 0.042896 0.130255 0.107342 0.035275 0.102232 0.227729 -0.002368 0.166747 0.116729 -0.033132 -0.046957 0.008007 0.048387 0.098488 0.055545 0.222868 0.091741 0.126925 0.164311 0.030546 0.149435 -0.014550 0.083428 0.150107 0.077023 0.079241 0.053815 0.088192 0.112895 1.000000 0.137864 0.646609 0.045155 0.076331 0.259827 0.116102 0.219071 0.197002 0.317158 0.085999 0.266522 
0.061914 0.056994 0.029437 0.080062 0.206417 0.133892 0.177341 0.018528 0.185234 0.016940 0.012967 0.084007 0.052399 0.089833 0.120114 0.433471 0.076896 0.095744 0.032309 0.024007 -0.018527 0.121704 0.716827 0.057744 0.018851 0.122272 -0.067760 0.109411 -0.111786 0.099301 0.049442 0.162784 0.135214 0.028629 0.076244 0.089935 0.226794 0.242475 0.081592 0.201031 0.079409 0.199755 0.097484 0.135523 -0.024482 0.162829 -0.016029 0.127294 0.719097 0.180664 0.052856 -0.007638 -0.075947 0.136482 0.137864 1.000000 0.289624 0.067964 0.008273 -0.048292 0.075156 0.059171 -0.016568 -0.071488 0.167829 -0.024403 
0.099814 -0.066440 0.015813 -0.045588 0.093856 0.059354 0.062268 0.068661 0.067736 0.052138 0.080255 0.148841 0.078115 0.107603 0.003839 0.124888 0.039327 -0.054549 0.021055 0.024914 -0.049941 0.198884 0.127067 0.244473 -0.002536 0.035545 0.066865 0.064651 0.045939 0.090571 0.129312 -0.002355 0.150724 0.078484 -0.051503 0.240054 0.062890 0.043431 0.069712 0.031809 0.145273 0.128965 0.034610 0.158853 0.008233 0.119968 -0.014389 0.058036 0.278117 0.100911 0.138496 0.039242 0.113132 0.085036 0.646609 0.289624 1.000000 -0.024941 0.039882 0.202014 0.050749 0.089912 0.089757 0.132652 0.080733 0.137800 
0.110687 0.058395 -0.084090 0.175484 -0.079366 0.038476 -0.001927 0.035327 -0.012376 0.156079 0.111106 0.152699 0.145342 0.132983 0.075008 0.156905 0.131559 0.089950 0.029362 0.027776 0.069757 0.197409 0.059988 0.162167 0.112399 0.073904 0.070705 0.107724 0.034361 0.092750 0.120180 -0.071212 0.152206 0.195408 0.086168 -0.037215 0.469830 -0.068120 0.049839 -0.023018 0.264198 0.003704 0.848483 0.162657 -0.031828 0.382749 0.011107 0.207491 0.148198 0.100763 0.049418 -0.025707 0.032817 0.398109 0.045155 0.067964 -0.024941 1.000000 0.067948 0.146518 0.186910 0.597412 0.083700 0.075938 -0.041761 0.039764 
0.007776 0.043358 0.120763 -0.000232 0.167913 0.416029 0.107149 0.029180 0.162401 -0.025930 0.107985 0.233395 -0.002644 0.356521 0.088660 0.003097 0.062838 0.256356 0.141810 0.111543 0.058069 0.085108 0.041228 0.153765 0.014831 0.505180 0.030899 0.132644 -0.006080 0.002225 0.016600 0.094573 0.032416 0.083643 0.190225 0.015486 -0.080752 0.164823 0.458816 0.217544 0.216839 0.157790 0.052953 0.152081 0.543336 0.064506 0.517891 0.109334 0.022204 0.099309 0.117663 0.284712 0.138210 0.032246 0.076331 0.008273 0.039882 0.067948 1.000000 0.105518 0.361936 0.122270 0.090989 0.025597 0.119419 0.058945 
0.024242 -0.081256 0.015129 0.045716 0.044695 0.112764 0.043879 0.067107 0.010613 0.080937 0.131050 0.183396 0.081406 0.093855 -0.016491 -0.016586 0.024358 0.160512 0.032394 0.118522 0.013983 0.232621 -0.032775 0.205005 -0.000594 0.028086 0.173686 0.145741 0.014325 -0.039248 0.138464 -0.057460 0.074100 0.221705 0.082432 0.114091 0.122715 0.034338 0.081285 0.164200 0.173589 0.056830 0.163084 0.156181 0.099227 0.084192 0.092459 0.039467 0.040793 0.094173 0.060561 -0.023247 0.213009 0.123882 0.259827 -0.048292 0.202014 0.146518 0.105518 1.000000 0.362589 0.142327 0.185437 0.238683 0.004211 0.107283 
-0.078994 0.155315 -0.048909 0.073084 0.038145 0.190822 0.033692 0.001336 0.086587 0.120222 0.074129 0.163737 0.080166 0.127435 0.128498 0.085628 0.035305 0.187945 0.000720 0.101084 0.082592 0.127984 0.072160 0.112209 0.110285 0.270175 0.182388 0.407495 -0.000674 -0.053249 0.028525 0.029984 -0.018701 0.093603 0.358998 0.103654 0.069375 0.101095 0.137718 0.107076 0.155314 0.054930 0.237046 0.105463 0.118539 -0.003848 0.083107 0.089758 0.197168 0.085917 0.122518 0.029259 0.196777 0.018293 0.116102 0.075156 0.050749 0.186910 0.361936 0.362589 1.000000 0.199417 0.065913 0.059833 -0.030512 0.003117 
0.166375 0.093294 -0.072353 0.030233 -0.016769 0.150847 0.029692 0.126274 0.053568 0.075425 0.158678 0.189087 0.240179 0.193061 0.175068 0.099892 0.128207 0.123297 0.142011 0.106592 0.065156 0.177675 0.033403 0.163731 0.032453 0.108811 0.086659 0.103154 0.034632 0.104655 0.245603 -0.019367 0.168841 0.143746 0.127383 -0.059983 0.323427 0.027516 0.148650 0.116356 0.318309 0.098176 0.546085 0.165360 0.097966 0.338726 0.086740 0.240902 0.127142 0.204088 0.159220 0.013141 0.076042 0.275937 0.219071 0.059171 0.089912 0.597412 0.122270 0.142327 0.199417 1.000000 0.059005 0.115769 0.043054 0.087928 
0.250634 0.018449 -0.023093 0.037853 -0.022512 0.078198 0.011663 0.146761 0.015144 0.363108 0.092573 0.140937 0.284053 0.100552 0.134455 0.119380 0.113462 0.070182 0.044699 0.106104 0.100677 0.135115 0.040407 0.137471 0.219368 0.079099 0.092120 0.056376 0.215465 0.216630 0.114268 0.006153 0.256024 0.683337 0.052475 0.004167 0.058895 0.027127 -0.001260 0.097047 0.281007 0.037495 0.078710 0.137504 0.045002 0.282802 0.045593 0.485410 0.000594 0.106046 0.095224 0.131503 0.269333 0.157250 0.197002 -0.016568 0.089757 0.083700 0.090989 0.185437 0.065913 0.059005 1.000000 0.665062 0.064511 0.715929 
0.255921 0.069356 0.056555 0.028913 0.025056 0.054683 0.056957 0.169757 0.066678 0.288839 0.085689 0.137697 0.213378 0.061468 0.111358 0.127600 0.108703 0.052914 0.033447 0.142746 0.068141 0.088554 0.001998 0.106699 0.158856 0.025036 0.149422 0.081443 0.157028 0.133441 0.205494 0.033889 0.157268 0.523318 0.108915 -0.024267 0.086186 0.045692 -0.017685 0.135682 0.409491 0.018416 0.082977 0.141140 0.032657 0.241956 -0.007577 0.277978 -0.020002 0.090902 0.192362 0.042967 0.227995 0.126139 0.317158 -0.071488 0.132652 0.075938 0.025597 0.238683 0.059833 0.115769 0.665062 1.000000 0.002917 0.411194 
0.110961 0.092850 0.020013 -0.004779 0.057930 0.139452 0.073423 0.068247 0.046567 0.062768 0.004784 0.121392 0.030877 0.096286 0.040358 0.045858 -0.009283 -0.036642 0.089357 0.075988 -0.012184 0.103017 0.104784 0.111689 0.037886 0.133511 0.058609 0.147142 -0.007570 0.088827 0.102606 0.023825 0.105527 0.019567 0.058677 0.015295 -0.028849 0.527550 0.344450 0.252570 0.086587 0.525373 -0.038838 0.013118 0.153015 0.127047 0.152612 0.129247 0.114644 0.314074 0.008772 0.038159 0.010038 0.024785 0.085999 0.167829 0.080733 -0.041761 0.119419 0.004211 -0.030512 0.043054 0.064511 0.002917 1.000000 0.089050 
0.216822 0.038792 -0.009673 -0.001161 0.033199 0.049510 0.134119 0.066106 0.087482 0.271233 0.102175 0.184526 0.321925 0.146981 0.136194 0.098337 0.229176 0.084109 0.090887 0.092204 0.073037 0.094048 0.063316 0.092732 0.124151 0.078585 0.109578 0.020470 0.190680 0.271915 0.087229 0.054886 0.343526 0.412483 0.050573 -0.024985 0.040883 0.026761 0.029108 0.079622 0.152684 0.059175 0.085432 0.097420 0.033415 0.219502 0.046500 0.459776 -0.019078 0.119644 0.133387 0.178654 0.179775 0.106897 0.266522 -0.024403 0.137800 0.039764 0.058945 0.107283 0.003117 0.087928 0.715929 0.411194 0.089050 1.000000 
