0.000000000000000000e+00 1.645747264935664908e-02 6.339231825410913956e-02 9.033401961145801073e-02 6.659671706337177977e-02 5.221489079429012664e-02 6.411821135357152757e-02 5.727744133031613671e-01 1.293557536029991684e-01 2.519631592959656885e-01 1.768406813215972484e-01 5.707096071717532304e-02 3.753789590683663246e-01 3.583834539245348005e-02 5.870270650563221837e-01 4.279275772387724358e-02 1.441523384471824210e-01 3.655722528088083817e-02 1.547834726245236603e-01 2.763832064190160365e-01 4.820545602662720808e-02 3.039268825734320889e-01 6.413252622618388632e-02 1.939939006225227247e-01 1.882643242976184683e-01 1.004183395293209990e-01 1.627591765295018644e-01 2.562342569975844392e-02 1.206966660247618395e-01 6.938150943941375770e-01 5.421169847700958444e-01 1.248491415789189651e-01 5.944980860012689661e-01 2.973971135253893894e-01 2.048683912283393721e-02 1.883988545299557921e-02 9.211795278087912819e-02 2.511742845283184561e-02 8.884164651807209545e-02 2.375275119643751875e-01 2.146523206898514891e-01 2.396082085325774991e-01 1.840404369709984500e-01 2.149100299442512907e-01 8.126569161192513657e-02 3.878482816709460379e-01 5.489072501328137038e-02 3.648501296106898550e-01 9.354762962451519670e-02 2.425822599853704742e-01 3.168731709182915496e-02 1.215844208229016482e-01 8.937320536710544050e-02 1.866748619702456313e-01 1.521281070189096085e-01 5.784669742311555896e-02 1.156340595528555781e-01 1.771192719792920311e-01 2.776395469130274463e-02 5.096698419663415330e-02 3.258789085611270980e-02 1.670563369091763728e-01 3.176316253965969505e-01 2.389704815655497860e-01 1.723656847141820381e-01 2.487976462257142085e-01 
1.645747264935664908e-02 0.000000000000000000e+00 4.828591226929655478e-01 2.044095740808106465e-01 1.933160847879934752e-01 1.312765341402610531e-01 1.093194986082291348e-01 5.526397553469471202e-02 1.141265275928518425e-01 1.206880845928853807e-01 1.324995211619608981e-01 1.324613202865833061e-01 9.976905227586137237e-02 1.268619458010366019e-01 3.539860098872605471e-02 3.214640668121317157e-02 4.092456105383130566e-02 1.365063531303627731e-01 5.786396736244893424e-02 1.264149804419064105e-01 2.034134706935046000e-01 9.847195867804842129e-02 2.719323646638138747e-01 8.585412040227929920e-02 1.699049635137475922e-01 3.728338026360191182e-01 2.228541775758089150e-01 5.689471198352021863e-01 1.167730661663767683e-01 4.527283344218980404e-02 1.734123652727828646e-02 1.986194294222988765e-01 2.072509622620859887e-02 1.962218419668346203e-02 6.333239058591619841e-01 2.121126357958186270e-02 2.015652000940053035e-01 2.461490564750160592e-01 8.677433689593741506e-02 1.124948640594511107e-01 1.505067418687964197e-02 4.246451817310091525e-02 1.028034088768425974e-01 2.928837554473471064e-02 2.490677525654169111e-01 8.941591709593516013e-02 2.466657062362707653e-01 2.072795907425023162e-02 4.356177706426193202e-02 5.046810371313244226e-02 2.963994190895607450e-01 7.991456492542592382e-02 1.098378426909965011e-01 1.696488874309081685e-01 5.433092716388158300e-02 2.431800505009898694e-01 6.399383794067101117e-02 1.714318877801775665e-01 1.309431104845375504e-01 1.723857039706863381e-01 4.001666381968424502e-01 1.439509388705147996e-01 5.802210198116606460e-02 1.005395926002087582e-02 1.866581362821990442e-01 1.122447440016059728e-01 
6.339231825410913956e-02 4.828591226929655478e-01 0.000000000000000000e+00 1.027328079781969078e-01 3.179463667678359973e-01 1.755156781402118782e-01 2.292581145030333778e-01 1.134178387870443533e-01 3.030365380051490698e-01 2.761002632677480792e-02 1.302254753753165073e-01 1.161351136433267928e-01 8.109832950921801176e-02 1.241709881462247922e-01 1.520686632688427187e-01 1.018503028044922265e-01 9.160503640704882600e-02 8.459619226484728360e-02 4.679082229751967831e-02 5.136327256879781589e-02 1.333843746729256319e-01 1.909064316455184526e-02 3.055594134880053603e-01 2.752508349612304284e-01 7.329347015775442009e-02 1.187344067388569069e-01 2.253021052149746239e-01 2.464281173926640700e-01 7.799148730554435194e-02 4.674162238533225572e-02 6.073927520720232703e-02 3.204987589019200889e-01 2.837128076644561750e-02 5.394387302369279408e-02 4.064150976754551253e-02 3.158607851703272296e-01 5.799274872122704705e-02 1.234866367502865242e-01 2.078295510281762404e-01 9.288300283230332965e-02 3.770402198604305699e-02 3.374931996971035353e-02 7.843785578293575866e-02 4.376826218459720086e-02 2.720615602461489146e-01 1.180771713143082685e-02 2.575373159805635082e-01 4.831045001828097873e-02 9.042935527794233874e-02 4.881908924130281408e-02 1.841216390085456400e-01 1.710205924914590669e-01 1.084968237422383602e-01 3.107070469530206352e-02 5.400418105221603537e-02 1.526132723587467210e-01 8.231948399327380927e-02 5.648592431375127482e-02 2.112954666855140218e-01 1.770318584406672252e-02 5.998475808752647132e-02 1.333000369626540782e-01 4.246661117967736460e-02 6.587595083513111960e-02 1.624091127894893849e-01 1.920031837590365983e-02 
9.033401961145801073e-02 2.044095740808106465e-01 1.027328079781969078e-01 0.000000000000000000e+00 3.566960899174471261e-02 6.937753640280559797e-02 1.049000923916275918e-01 6.834378312350951334e-02 4.595602665568053469e-02 4.660779673841360382e-01 1.130052937369209060e-01 8.028082236489612888e-02 2.036390750781479630e-01 1.390659809349656661e-01 8.738114500887922409e-02 7.125007078656078741e-02 1.454533294456594739e-01 3.794129455466404427e-02 5.154606782755090377e-02 2.268386479568552244e-02 7.421202320767754657e-01 6.173983633687026018e-02 1.041167497184491419e-01 5.587833305446134741e-02 6.286383545914191462e-01 3.444317366936355818e-02 1.729899142044921401e-01 1.913868357670807374e-01 3.778578453102861556e-01 5.044470554735007439e-02 9.423432038400092470e-02 4.208163353729650613e-02 3.530998485812337356e-02 1.153340520897329219e-01 1.756941493307909996e-01 5.652993550145746227e-02 5.182397444757447236e-01 2.461124623070716499e-02 8.348803927706388572e-02 8.353082357557831128e-02 1.707316897704936054e-01 1.029334052804499189e-01 2.467289591889185174e-01 1.250022459564611443e-01 1.077782354424234729e-01 1.616643390967566762e-01 1.662388041241079917e-01 1.050415218991790633e-01 1.674564625385167038e-01 1.024471224115476448e-01 4.088944377282367759e-02 5.201127509508524094e-02 2.566725546271368327e-02 2.868573887763945507e-01 9.260214729667989864e-02 1.923285159363257446e-01 7.294194097339964933e-02 2.672413331010233262e-01 4.140450538066780400e-02 1.258078375874309707e-01 1.613561285251140787e-01 1.013424150491485792e-01 8.546201753616018693e-02 1.034551250640230874e-01 4.326809025179384482e-02 1.199486173550596418e-02 
6.659671706337177977e-02 1.933160847879934752e-01 3.179463667678359973e-01 3.566960899174471261e-02 0.000000000000000000e+00 3.189413304282952000e-01 8.276395836233371162e-01 6.297600010863740883e-02 7.267771731200231011e-01 9.869420148779513291e-02 3.024833403340480842e-02 5.174700193041429364e-01 1.744788238378733869e-01 3.216215608484089827e-01 1.999529480055229347e-01 1.855960271271374917e-01 5.786775226847102882e-01 1.723831987803470592e-02 7.496104597440751693e-02 9.857489208771418043e-02 2.627954878072488037e-02 6.759645313187837012e-02 3.418040686578839304e-01 1.975304209328501148e-01 9.587461269026185950e-02 2.686493373136586982e-01 5.831335843999244095e-02 4.821767612675451065e-02 5.542409708344394476e-02 7.954230240176968225e-02 1.970204388580536897e-02 7.065745945907885295e-01 9.912513699248276522e-02 3.375778397940279452e-02 2.006195530466894639e-01 1.542188733095659070e-01 3.105925862168983434e-02 2.483197699964374144e-02 2.428504411186951650e-01 1.236837578653949693e-01 1.415968714323486213e-02 1.841843384514735976e-02 3.308995401961275507e-01 1.462608848816272789e-01 4.663655402080271045e-02 9.104449004290801617e-02 1.540825815398259024e-01 5.738726042133757144e-02 1.970277043203822187e-01 1.036118253650048088e-01 1.811921540436561839e-01 1.731070405963650027e-01 4.174353560002993526e-04 1.318857802572436302e-02 1.566834951321093294e-01 3.352937732996975617e-01 1.826967861147595074e-01 1.666111799452627273e-01 2.015656899275105329e-01 1.218530515488944477e-01 1.218022093048998916e-01 1.009052833896575130e-01 1.401126161019410898e-01 7.911071857475732161e-02 7.734828507498261964e-04 3.146715504204765090e-01 
5.221489079429012664e-02 1.312765341402610531e-01 1.755156781402118782e-01 6.937753640280559797e-02 3.189413304282952000e-01 0.000000000000000000e+00 3.234209474970303200e-01 2.295605640489817995e-02 3.447384789699333152e-01 7.883042827807007491e-02 2.114286644087836134e-02 2.717755946074483786e-01 1.253675562475997651e-01 3.435099796192574440e-01 1.686549729800997377e-01 9.599203129217763475e-02 2.428497736120287798e-01 2.362058962895244862e-01 4.016509863595754681e-01 5.318602019178820389e-02 2.244593410793221597e-02 9.624740514631936750e-02 1.349191472301086714e-01 1.874116572750291476e-01 6.357050318623780338e-02 5.049895441408230878e-01 1.711912288271892624e-01 2.992113162731940834e-01 5.263499028435147942e-02 6.170874615736066104e-03 2.260023233203949794e-02 3.883379411919298807e-01 2.837276056019424897e-02 8.394879939950126990e-02 9.506841647709314558e-02 1.777710482219906352e-01 6.480132180771443207e-02 4.902055732442180819e-02 6.893987411122930453e-01 6.563464674344829386e-02 5.349654576038097298e-02 1.430352198784914375e-01 1.489623410625338651e-01 4.192355306455359393e-02 2.003146631606414763e-01 1.698899165867374245e-02 2.780919024822898766e-01 3.957348349906374130e-02 1.358894183390893518e-01 8.605992352787761313e-02 1.956827389632266045e-01 3.690625319800935333e-01 1.197260928211783121e-01 5.683734842776144019e-02 1.556009741162945603e-01 1.376868098453978007e-01 1.867392523713401475e-01 1.260866909476461295e-01 4.483202040373048813e-01 1.733168351007741137e-01 4.077176579154402902e-01 1.306406328313256260e-01 1.272476617576693003e-01 9.786318518118489185e-02 3.065074330522790658e-01 1.639407095064895348e-01 
6.411821135357152757e-02 1.093194986082291348e-01 2.292581145030333778e-01 1.049000923916275918e-01 8.276395836233371162e-01 3.234209474970303200e-01 0.000000000000000000e+00 1.060683507322488991e-02 7.599649187637417258e-01 4.387392531626820719e-02 6.725044458866383593e-03 3.941703110282343547e-01 3.159855358809139925e-01 2.421951080828596836e-01 3.057329405742077455e-01 1.603077729519833683e-01 7.986488927162728180e-01 2.220420062850587267e-02 4.560442468058800713e-02 9.791861440973247122e-02 7.762953239139221140e-02 6.974880039980822788e-02 2.923425259392679609e-01 1.568518679106520042e-01 9.747579432746106276e-02 2.591058954320751839e-01 1.643256335024858295e-01 1.325518936814346904e-01 5.506996567936998238e-02 1.711169675888592756e-01 5.819549377896262449e-02 6.698565672303846696e-01 2.091936083041356365e-01 9.174072490099947907e-02 1.600395856240028059e-01 1.428345632385636110e-01 8.284958992853171111e-02 1.074086961261535612e-02 2.585203820597731794e-01 1.452413956916058513e-01 5.857794503137001008e-02 1.030062200235165731e-01 4.092541554451848418e-01 1.172223243935220649e-01 2.531570037412797861e-02 2.123409088328249705e-01 1.261126141749078500e-01 1.652341695740371930e-01 1.875491119733978251e-01 1.927688548461566342e-01 2.058990594261569385e-01 2.176868347823931182e-01 2.190941947184943395e-02 5.143102900484585599e-02 1.755941773296383901e-01 3.153132664270482111e-01 1.929712318764010559e-01 2.287202765811708616e-01 1.981789004311073632e-01 8.630576440820154904e-02 1.145407777725842013e-01 1.278290069630517167e-01 2.150091519174594235e-01 1.174530861962245071e-01 5.289411859836294638e-02 4.186078089836631211e-01 
5.727744133031613671e-01 5.526397553469471202e-02 1.134178387870443533e-01 6.834378312350951334e-02 6.297600010863740883e-02 2.295605640489817995e-02 1.060683507322488991e-02 0.000000000000000000e+00 1.591207992162306517e-02 3.482426066234297624e-01 1.815355905445624751e-01 5.101315251592117295e-02 4.377686152721937396e-01 3.806414527981138995e-02 2.694788313422972204e-01 2.278547189253142188e-02 6.072781566057975505e-02 4.245635208095147051e-02 9.133649951562648750e-02 1.937447533445581793e-01 2.522129439365240477e-01 1.901963786974344983e-01 2.966473682580175047e-02 2.856351560680928450e-02 3.843496070397094400e-01 6.364049868062399140e-02 1.413393622398284588e-01 5.448443727223783312e-02 2.748006798762638869e-01 3.037032789892760709e-01 5.093827876863040727e-01 1.403910097841729390e-02 3.146590933345927987e-01 2.139236153551765662e-01 2.599281553543734621e-02 7.861506557782940371e-03 3.941769255313566644e-02 2.286621541165469174e-02 7.534312521787207839e-02 1.656408218888993644e-01 2.555359563121082367e-01 1.416753404756090351e-01 1.012932591182230668e-01 2.103282745120973463e-01 7.186976776452050353e-02 3.177466311504041907e-01 4.785415811521942508e-02 2.290904475517860361e-01 9.099131105363698901e-02 1.594468554901928015e-01 5.369650406978355994e-02 8.330939776182694212e-02 8.981329739072857477e-02 1.555982902665838385e-01 1.228899416272215550e-01 7.687754194240672967e-02 9.143425590387697921e-02 1.221947255608150096e-01 1.936220415977372641e-02 3.396547258713456668e-02 4.280753052265524883e-02 1.111046830437136951e-01 2.218770175616758267e-01 2.134323735253113585e-01 9.683345878345757385e-02 1.466292868031803809e-01 
1.293557536029991684e-01 1.141265275928518425e-01 3.030365380051490698e-01 4.595602665568053469e-02 7.267771731200231011e-01 3.447384789699333152e-01 7.599649187637417258e-01 1.591207992162306517e-02 0.000000000000000000e+00 5.115249874317223666e-02 2.000742291091346658e-02 4.408694003564682662e-01 1.935471477749621250e-01 2.433323367031530460e-01 5.211759082169733492e-01 1.568858391229122906e-01 5.244511723782164792e-01 5.328967309277827386e-02 9.929535038189815643e-02 9.548111693771045572e-02 3.236360605166469645e-02 9.163582063383354792e-02 2.624130505157856730e-01 1.816743267332978362e-01 8.046175777525330086e-02 2.817196190542554102e-01 1.290003330440849527e-01 1.299901927342466679e-01 6.152504066495608631e-02 2.905785566121401042e-01 6.210232417108012271e-02 6.510153558996245593e-01 2.734828094902994056e-01 5.780922234292047712e-02 1.226109554935174567e-01 1.048396941178289937e-01 6.758207166131992294e-02 2.974916463970399966e-02 2.791649337923571839e-01 7.677779843924927017e-02 1.402902432112467998e-02 8.303852418100193811e-02 3.265932301874241994e-01 1.127751192678475983e-01 4.268650315220656744e-02 1.443686416412349738e-01 1.434902296158672153e-01 1.193798436910995936e-01 1.674635949945944002e-01 1.475927865145377771e-01 1.770767034345648305e-01 1.685886958534482394e-01 4.484218848703093452e-02 3.055951349815071161e-02 1.342806254912833064e-01 2.695229189751317533e-01 1.524453061930599596e-01 1.732946368857598007e-01 2.240925434934263327e-01 6.196134953602253775e-02 1.277752187227917668e-01 1.088157098433105846e-01 1.516488944464792210e-01 6.743978909391776244e-02 2.362836544650973383e-02 3.159752798199514379e-01 
2.519631592959656885e-01 1.206880845928853807e-01 2.761002632677480792e-02 4.660779673841360382e-01 9.869420148779513291e-02 7.883042827807007491e-02 4.387392531626820719e-02 3.482426066234297624e-01 5.115249874317223666e-02 0.000000000000000000e+00 2.108398292855817244e-02 9.135399707749956508e-03 4.642106727014258527e-01 8.533639772870554863e-02 1.089121996035530282e-01 3.538698479062281077e-01 1.846381279033910625e-02 6.995260282325928280e-02 4.727880618778140809e-02 7.499897143561171098e-02 4.721554374184364633e-01 2.014603173094710598e-01 3.214351453416795512e-01 2.917578872838672011e-01 8.525853307372829315e-01 9.829737537115279533e-02 2.353385705729625632e-01 2.458514605409224951e-01 5.907612134290847195e-01 1.871394060557871608e-01 3.073782687505225986e-01 4.252073768071040240e-03 2.783621868640716035e-01 2.443483280554216153e-01 1.317966415553719628e-01 2.590639805861237946e-02 2.281599527360061719e-01 2.076667815597204314e-01 1.725069751960274234e-01 1.387119896251661211e-01 2.767157738599343442e-01 3.338637593081694721e-01 2.351395689307120007e-01 5.859060760178551319e-02 4.791854264886825226e-02 2.169682091193180784e-01 1.168791378541935710e-01 3.038882551364462947e-01 5.272939773749127368e-02 4.605651376303717681e-01 9.580324639269691134e-02 1.448950793671057724e-01 1.272918249031099180e-01 1.028519143266097002e-01 1.803067182037375593e-01 5.268418248260547943e-02 1.486435829095661687e-01 2.217634837574991025e-01 1.156796187680963865e-02 8.116033337744148202e-02 2.673303011628071491e-01 1.855759426596301220e-02 3.619798382783587787e-01 3.631164711955415791e-01 2.741755672109200126e-01 3.263049865231202329e-01 
1.768406813215972484e-01 1.324995211619608981e-01 1.302254753753165073e-01 1.130052937369209060e-01 3.024833403340480842e-02 2.114286644087836134e-02 6.725044458866383593e-03 1.815355905445624751e-01 2.000742291091346658e-02 2.108398292855817244e-02 0.000000000000000000e+00 3.919980378130361043e-02 2.558761774391141719e-01 3.349446618808959303e-02 2.006355451701084536e-01 8.090627582920066618e-02 5.781231152911069787e-02 1.267697213915230381e-01 9.245297422016365840e-02 1.258583337744150210e-01 3.201695815809989520e-01 7.578977091941034583e-02 1.143302350434064196e-01 1.313973365602089660e-01 9.368471674458556109e-02 4.606267703466863234e-02 1.456123091439746053e-01 1.003491624600391374e-01 1.000893575442409894e-01 7.462196771820847618e-02 3.703804895035743561e-02 4.465299703733228293e-02 1.691128100230785553e-02 2.444750818194364184e-01 4.590193069344945809e-02 5.301617010571582633e-02 4.702620887063051203e-02 1.792964939467796004e-01 7.739104396989782142e-02 2.263198946109884480e-01 7.823345443436496849e-02 9.892852377163573185e-02 2.187590985681516983e-02 4.675652816406728474e-01 2.079590368553105306e-01 1.029902231531865803e-01 1.776293404604105119e-01 3.056643969788341297e-01 2.015416470024459020e-02 1.083586665004091093e-01 4.588290855316438238e-02 6.083898122216652854e-02 5.412102037747099081e-02 1.578726743091432572e-01 2.473650899566960312e-02 6.478665654617266068e-02 4.412888108086196470e-02 1.301403135379427048e-02 9.305018236024704958e-02 4.516950872622482044e-02 5.426525838691758502e-02 3.213276695867926802e-02 1.432307966860235371e-01 6.578416174694196039e-02 1.328781050358011744e-02 2.512122591742146915e-02 
5.707096071717532304e-02 1.324613202865833061e-01 1.161351136433267928e-01 8.028082236489612888e-02 5.174700193041429364e-01 2.717755946074483786e-01 3.941703110282343547e-01 5.101315251592117295e-02 4.408694003564682662e-01 9.135399707749956508e-03 3.919980378130361043e-02 0.000000000000000000e+00 2.110390409884722526e-02 7.526033218165819605e-01 1.597063719106106214e-02 3.487046161041285064e-02 1.310937714101873541e-01 2.752679491692716987e-02 4.248847963872485756e-01 2.295659245573305474e-01 3.870023404087010593e-02 8.695602518213541021e-02 1.222536568270626012e-01 1.811555672185977128e-02 1.719387643417694470e-02 4.925659424329121294e-01 9.988726034428724310e-02 6.096109237851560919e-02 2.323415691555532486e-02 1.302028324645948532e-02 7.266336432916870036e-02 3.866382037332757315e-01 4.282477916001405614e-03 7.115752228441764304e-02 2.478111817930857552e-01 2.552040105952319005e-01 7.538706528287561492e-02 1.401298312762196130e-02 2.786843297689288734e-01 2.196371990521472917e-02 7.649595030577983901e-02 1.230582207291541358e-01 1.167892598684841521e-01 2.185822385800519352e-01 7.018372464897359997e-02 3.705953887124976975e-02 3.452578504315356733e-01 1.075002469558201945e-01 6.709880038633145305e-02 5.868640393708383224e-02 3.104842818140715055e-01 1.352357367629293261e-01 7.490650923675409856e-02 1.371094406459973936e-01 7.504980563919733116e-02 1.805522371977401064e-01 1.426150774665193577e-01 2.105398777108769340e-02 2.889332133833782401e-01 4.218026783408764663e-03 1.404657698646854906e-02 5.599015522650555715e-02 2.747514021073890061e-02 2.369012966270437129e-02 3.912262352694129836e-02 1.977664134853798494e-01 
3.753789590683663246e-01 9.976905227586137237e-02 8.109832950921801176e-02 2.036390750781479630e-01 1.744788238378733869e-01 1.253675562475997651e-01 3.159855358809139925e-01 4.377686152721937396e-01 1.935471477749621250e-01 4.642106727014258527e-01 2.558761774391141719e-01 2.110390409884722526e-02 0.000000000000000000e+00 6.048006416379335393e-02 3.078727519873825091e-01 2.148444669779385821e-02 3.933866457235880021e-01 2.260796434889919895e-02 9.452011727792816731e-02 1.286642939212420955e-01 4.214057595567016201e-01 1.701712461973639567e-01 9.159039172734902146e-02 6.321434263774183826e-02 4.402399178790534218e-01 2.065338365737445780e-02 1.374918334476999716e-02 2.523868693752312486e-02 2.871292739209719835e-01 2.705264763287349439e-01 3.204311483449733822e-01 2.497032038380324059e-01 3.591312202456108937e-01 3.661991611006825131e-01 1.110161980540673304e-01 5.329765990239426765e-02 3.112382629591168084e-02 1.277004756243452568e-02 1.081218956634133303e-02 2.883592036221994115e-01 3.411030738670645657e-01 3.043018734541564907e-01 2.799293881123008920e-01 2.368405206901166571e-01 1.263580454215433024e-01 4.070339340478368317e-01 1.278066317475733960e-01 4.834006903482669926e-01 1.971780372822007354e-01 2.480367345733819617e-01 3.671198258401139891e-02 2.160801498498724493e-01 9.949597081253266917e-02 1.244420684485996742e-01 2.497063436142818171e-01 2.433225300683178605e-01 2.046726674174186855e-01 2.267396089666653125e-01 9.302725262644390147e-02 6.251429584394517514e-02 1.931302712093068211e-02 2.164831196185689477e-01 4.145477970952863855e-01 3.204573667002313941e-01 1.537818148408125196e-01 4.270414345140068901e-01 
3.583834539245348005e-02 1.268619458010366019e-01 1.241709881462247922e-01 1.390659809349656661e-01 3.216215608484089827e-01 3.435099796192574440e-01 2.421951080828596836e-01 3.806414527981138995e-02 2.433323367031530460e-01 8.533639772870554863e-02 3.349446618808959303e-02 7.526033218165819605e-01 6.048006416379335393e-02 0.000000000000000000e+00 6.372473731036559785e-02 4.602220288068575860e-02 4.865573184686204644e-02 1.419413908768180632e-01 4.639219771015309357e-01 9.956251646164940294e-02 1.146765621983847627e-01 1.215521665109821521e-02 5.918128891227562860e-02 2.594025666714394260e-02 7.719634694910794404e-02 4.911808245123699956e-01 1.590720082219833631e-01 1.065879223662998532e-01 4.046126312126628599e-02 4.734344951449469263e-02 3.047174163666142507e-02 2.753199037457409459e-01 6.501768516079134419e-02 6.832719238131819937e-03 1.824822756327487139e-01 2.058229460297755498e-01 1.483870334711356043e-01 1.095289353957457773e-01 3.715956803488010274e-01 6.045872140585200477e-02 3.124925994993361239e-02 1.662020817861174227e-01 1.522549581535275094e-02 1.392264014030713815e-01 3.042072247606550928e-01 5.300284613093984853e-02 6.000662869455725135e-01 4.582071142267520047e-02 1.292397352280030484e-02 3.241244325191312836e-02 2.840539367446810459e-01 3.282319170436803768e-01 2.725368659677483013e-02 1.718303107670178798e-01 4.599553584014934304e-02 9.776230595838497628e-02 1.014738083365305105e-01 8.795545345699773421e-02 4.546172405419551810e-01 6.270029043028702009e-02 1.676711786739114307e-02 1.002128779083322901e-01 7.010330720527932491e-02 1.464690282168144668e-02 1.200120734845060155e-01 1.787062923506292089e-01 
5.870270650563221837e-01 3.539860098872605471e-02 1.520686632688427187e-01 8.738114500887922409e-02 1.999529480055229347e-01 1.686549729800997377e-01 3.057329405742077455e-01 2.694788313422972204e-01 5.211759082169733492e-01 1.089121996035530282e-01 2.006355451701084536e-01 1.597063719106106214e-02 3.078727519873825091e-01 6.372473731036559785e-02 0.000000000000000000e+00 5.518007528537713369e-02 3.087831293667332999e-01 3.332841640793538646e-02 1.528410744017914269e-01 1.148659797884703376e-01 2.871704421334496035e-02 1.633467212701259497e-01 5.905264086680064861e-02 2.080165591043684967e-02 5.576616611990871386e-02 3.537596197487734295e-02 8.028631164121936836e-02 7.155189313939509799e-02 4.322879898191366033e-02 6.521026146669900436e-01 1.934200916274159410e-01 3.763513014838077986e-01 5.759623524589823074e-01 2.471151048608686562e-01 1.955129145372887234e-02 1.616750811381207839e-02 1.190331735367347321e-01 5.019809237383876521e-02 1.279376322453691650e-02 1.610023957828299046e-01 1.211792292210696342e-01 2.559096286405105891e-01 2.343395554224883548e-01 1.766270796547163013e-01 5.473740468065209364e-02 3.118733277014270611e-01 2.961448821254388658e-02 3.527226954593708497e-01 1.000119685703900890e-01 2.144655732518978841e-01 3.420890548155722938e-02 1.494212685477016023e-01 3.696368387902394803e-02 1.763808090851476107e-01 9.877740338181631441e-02 1.089394763519059700e-01 8.734216423963450660e-02 1.915807516593578952e-01 3.486551276736821886e-02 6.691915713600378457e-02 5.006399325938476474e-02 1.432699862696359960e-01 2.673959123705986207e-01 1.580814975800550748e-01 1.445205082343251068e-01 2.589575906235969671e-01 
4.279275772387724358e-02 3.214640668121317157e-02 1.018503028044922265e-01 7.125007078656078741e-02 1.855960271271374917e-01 9.599203129217763475e-02 1.603077729519833683e-01 2.278547189253142188e-02 1.568858391229122906e-01 3.538698479062281077e-01 8.090627582920066618e-02 3.487046161041285064e-02 2.148444669779385821e-02 4.602220288068575860e-02 5.518007528537713369e-02 0.000000000000000000e+00 1.179620343229652174e-01 4.651170132732664053e-02 2.593405360681395530e-02 2.720975497717532943e-02 2.621332161038477521e-02 5.880221826620780218e-02 7.764640386208131462e-01 4.946020045327190195e-01 2.085828003702041300e-01 8.572904351913257504e-02 2.441725763434857144e-01 2.851486808933100248e-01 3.691906049593711714e-01 2.621400813719457559e-02 6.609083758716864654e-02 1.320482957563164084e-01 6.494072501675456077e-02 1.396481499399117310e-01 5.926358654427624911e-02 1.393502818740357529e-01 1.647428535745832923e-01 2.034029138777121992e-01 1.596048441879854285e-01 1.167576763966722726e-02 1.775269796078902118e-01 1.717997209640764744e-01 1.308615149413854262e-01 1.985732293990543143e-02 3.820552585701247894e-02 2.320146032187140606e-01 3.801639878920783089e-02 1.279072290251633826e-01 4.535860432503978079e-01 2.867929285346589863e-01 1.706904207944689722e-01 5.706800088251516578e-02 1.680584703858717111e-01 8.219068189690924287e-02 6.009752296249065706e-02 4.625229592995880878e-01 5.532185723971220354e-02 6.449780747996562702e-02 2.125372464762967373e-02 4.576960497119024474e-02 2.429511930911337492e-01 1.343472181083706363e-01 1.997714338954283964e-01 2.736538771831098504e-01 1.532469648221969349e-01 1.806402448494018043e-01 
1.441523384471824210e-01 4.092456105383130566e-02 9.160503640704882600e-02 1.454533294456594739e-01 5.786775226847102882e-01 2.428497736120287798e-01 7.986488927162728180e-01 6.072781566057975505e-02 5.244511723782164792e-01 1.846381279033910625e-02 5.781231152911069787e-02 1.310937714101873541e-01 3.933866457235880021e-01 4.865573184686204644e-02 3.087831293667332999e-01 1.179620343229652174e-01 0.000000000000000000e+00 8.687545133575741430e-02 8.845086923003771251e-02 4.821377802198798662e-02 1.095471566121551388e-01 1.175753521275589714e-01 2.239939958445925083e-01 8.559379847157831678e-02 6.189697294110859532e-02 1.146571128296289543e-01 2.509464351506338620e-01 1.643369337326043844e-01 1.674968450715609569e-02 2.597302013471525228e-01 1.230329423743653922e-01 5.380242545094349182e-01 3.414436020302610286e-01 1.671582498312063902e-01 1.129933184415370662e-01 1.072973270676900182e-01 1.201619909846451950e-01 5.781672532685142724e-02 1.266735134648951933e-01 1.657363910906256566e-01 1.424054266120696188e-01 2.021887566551019699e-01 4.616119046914224366e-01 7.070059269364804833e-02 4.759369147591552968e-02 3.287032244866933128e-01 2.532584668083973783e-02 2.671627180183066552e-01 1.929038265538279562e-01 2.634059847435732959e-01 1.351874711905639848e-01 2.179728172729011870e-01 4.040798200826824227e-02 1.033878150330247991e-01 2.137703749278111465e-01 2.821290633089384992e-01 2.100479401303945726e-01 2.914519798209000978e-01 5.824426716301582541e-02 1.449330368061858276e-01 1.099710568545179123e-01 1.914520944672104819e-01 2.954702363762766182e-01 2.043866274590746268e-01 1.241897780766035575e-01 4.627043253628402852e-01 
3.655722528088083817e-02 1.365063531303627731e-01 8.459619226484728360e-02 3.794129455466404427e-02 1.723831987803470592e-02 2.362058962895244862e-01 2.220420062850587267e-02 4.245635208095147051e-02 5.328967309277827386e-02 6.995260282325928280e-02 1.267697213915230381e-01 2.752679491692716987e-02 2.260796434889919895e-02 1.419413908768180632e-01 3.332841640793538646e-02 4.651170132732664053e-02 8.687545133575741430e-02 0.000000000000000000e+00 1.284267750485028059e-01 4.458583582889776853e-01 5.223126286112306227e-02 3.392754702104628373e-01 4.901678401207232999e-02 2.643640227578329949e-01 2.462278549546696380e-02 2.170292451484749086e-01 4.550188299851126716e-02 2.634828430346898287e-01 5.596787754538089243e-02 1.128829846472480247e-01 6.227421420832761345e-02 8.594552072072002280e-02 2.284410114012626059e-01 6.810499257995935619e-03 2.859989965442165105e-01 1.610081070530955394e-01 3.205680267883913304e-02 1.156210515050554166e-01 2.052863489630534222e-01 5.961339950417080674e-02 2.633472967534220346e-02 9.438659066396473674e-02 5.416752077080675548e-02 9.409005382731866485e-02 3.317611668731066388e-01 7.698152986558245980e-02 3.114945107082297548e-01 2.679814510980813025e-02 5.418975283888275568e-02 1.334142059707030814e-01 1.574855463334797201e-01 5.237819674922102042e-02 1.275480097394234569e-01 1.161135825260387749e-02 3.221246589178548142e-02 6.557942661203354506e-02 7.428978296347420185e-02 3.584396625686599169e-02 3.625124179074694641e-01 6.509109458276221560e-02 1.717542016229267332e-01 2.343090653048673228e-02 2.735878016528995454e-02 1.282386535788531019e-02 1.376212221185008910e-01 1.033852060660722522e-01 
1.547834726245236603e-01 5.786396736244893424e-02 4.679082229751967831e-02 5.154606782755090377e-02 7.496104597440751693e-02 4.016509863595754681e-01 4.560442468058800713e-02 9.133649951562648750e-02 9.929535038189815643e-02 4.727880618778140809e-02 9.245297422016365840e-02 4.248847963872485756e-01 9.452011727792816731e-02 4.639219771015309357e-01 1.528410744017914269e-01 2.593405360681395530e-02 8.845086923003771251e-02 1.284267750485028059e-01 0.000000000000000000e+00 3.622908635759024554e-01 7.404125102479480747e-03 2.077519461862054884e-01 3.042030004853149214e-02 9.932666641405801800e-02 2.246400932826756250e-02 3.654497749894465297e-01 1.420709929748575628e-01 3.506100466989064274e-02 8.493768443996074780e-03 2.544973187157692496e-01 1.117165608171644953e-01 3.598979723631941241e-02 2.935285176846448296e-01 1.224870440444906228e-01 6.746999185989074888e-02 1.175360936336360684e-01 5.574443373768290383e-02 2.675082331641869329e-02 3.391400770117355412e-01 1.302074998531224659e-01 4.821888551305652387e-02 1.171402339183546526e-01 4.626750334786230989e-02 1.050712657603458389e-01 1.062779408336984449e-01 1.143415766462436839e-01 2.876652705198672888e-01 1.742654162198481183e-01 2.090036090430216070e-02 1.461898034576704641e-01 4.794246614565998016e-02 5.057418579810491616e-02 2.552354484277011976e-02 9.386672980413349188e-02 1.629198432634278854e-02 2.420761921487430204e-02 3.693686625777152510e-02 6.307454991975258718e-02 2.406653891302907577e-01 4.823357548379087617e-02 1.058586806077736614e-01 5.480473629777962707e-02 1.428618246817036086e-01 8.139181881124085693e-02 3.003051338531432246e-01 1.032781035236262357e-01 
2.763832064190160365e-01 1.264149804419064105e-01 5.136327256879781589e-02 2.268386479568552244e-02 9.857489208771418043e-02 5.318602019178820389e-02 9.791861440973247122e-02 1.937447533445581793e-01 9.548111693771045572e-02 7.499897143561171098e-02 1.258583337744150210e-01 2.295659245573305474e-01 1.286642939212420955e-01 9.956251646164940294e-02 1.148659797884703376e-01 2.720975497717532943e-02 4.821377802198798662e-02 4.458583582889776853e-01 3.622908635759024554e-01 0.000000000000000000e+00 5.960264707368656545e-02 2.016442830967301036e-01 2.108001490036757672e-02 1.136199867693797189e-01 9.799317448872935099e-02 7.663618382548210983e-02 1.946452075682898464e-01 1.335124118996531550e-01 8.497394630620816458e-02 2.314689126005459452e-01 2.559873173518794620e-01 1.195871637430419437e-01 1.989706733021964213e-01 1.138682449793824297e-01 1.743057333439546608e-01 1.012625258025264541e-01 1.216132158320675817e-02 5.354309437362014118e-02 1.001962701801279304e-01 1.523071792009448588e-01 1.014079797585839687e-01 3.090832899534002101e-02 2.525934575423012182e-02 1.355917545045361994e-01 1.275913149459417806e-01 8.434640165216558683e-02 4.577290225990308936e-02 1.303409563031778240e-01 4.838829713806590965e-02 5.084557857249400598e-02 1.262108939653849016e-01 3.550411570352406815e-02 1.411126216158825331e-01 5.784375449197991931e-02 5.084375104704249443e-02 9.069338624609599858e-03 1.847130254559380472e-02 6.189815290822336252e-02 5.013517248017013150e-02 6.503236787702350308e-02 4.067255433963713751e-02 7.553012986362367398e-02 1.212352332599615362e-01 1.155822638370976874e-01 7.375417071913843714e-02 3.587080768790789492e-02 
4.820545602662720808e-02 2.034134706935046000e-01 1.333843746729256319e-01 7.421202320767754657e-01 2.627954878072488037e-02 2.244593410793221597e-02 7.762953239139221140e-02 2.522129439365240477e-01 3.236360605166469645e-02 4.721554374184364633e-01 3.201695815809989520e-01 3.870023404087010593e-02 4.214057595567016201e-01 1.146765621983847627e-01 2.871704421334496035e-02 2.621332161038477521e-02 1.095471566121551388e-01 5.223126286112306227e-02 7.404125102479480747e-03 5.960264707368656545e-02 0.000000000000000000e+00 4.724060347347550093e-02 7.041499964485523066e-02 2.950803976834405484e-02 6.491159989224943860e-01 5.586649937373687480e-02 1.748179885574391301e-01 1.691564663248389666e-01 3.629273559822539519e-01 2.606703271081564632e-02 1.225327134161884046e-01 2.461556898751800573e-02 6.335611005205923907e-02 2.159360626755465751e-01 1.453081737329036949e-01 1.490653972922970777e-02 2.997579554906805721e-01 6.726264917345463334e-02 7.974541562051307153e-02 1.686915694813609645e-01 2.050753928719416253e-01 1.309040322726581218e-01 1.442541672078984094e-01 2.544566488685069405e-01 1.873148164278401751e-01 2.781788691106311037e-02 2.180992948792692121e-01 2.308522179523964657e-01 1.150360773264279823e-01 8.065897505006769386e-02 6.851728832527358148e-02 1.084687108161277447e-01 7.483001003950646990e-02 1.727539363064783395e-01 8.140690392613393611e-02 1.500185339256150385e-01 5.411884251741001101e-02 1.264470179649524462e-01 7.198180502285585203e-02 7.829515994928476497e-02 1.297161568819351907e-01 2.260680204266010337e-02 1.687519486895439347e-01 1.594619479508626314e-01 4.138780688888422932e-02 6.414524401252010011e-02 
3.039268825734320889e-01 9.847195867804842129e-02 1.909064316455184526e-02 6.173983633687026018e-02 6.759645313187837012e-02 9.624740514631936750e-02 6.974880039980822788e-02 1.901963786974344983e-01 9.163582063383354792e-02 2.014603173094710598e-01 7.578977091941034583e-02 8.695602518213541021e-02 1.701712461973639567e-01 1.215521665109821521e-02 1.633467212701259497e-01 5.880221826620780218e-02 1.175753521275589714e-01 3.392754702104628373e-01 2.077519461862054884e-01 2.016442830967301036e-01 4.724060347347550093e-02 0.000000000000000000e+00 3.404164771865753059e-02 5.088580372222407666e-01 1.295302054675014358e-01 1.486674064188991395e-01 3.080093899273247393e-01 1.396085911380388345e-01 9.722154598697950456e-02 5.040922013101767352e-01 5.924456807228070110e-01 1.482682902886673371e-01 6.047594880120193972e-01 1.118401653145279229e-01 1.433292098411744486e-01 8.812002270110862179e-02 4.038481217567441856e-02 1.352779155274747569e-01 1.105279616593397712e-01 3.932382070238472915e-02 1.196479147019105654e-01 1.625116675586795456e-01 2.121102883287246110e-01 1.610242670241625318e-02 1.914859450157518350e-01 2.166258385015029375e-01 1.414409305904583414e-01 1.389310614415271428e-01 1.332662017182451863e-01 2.243807589389233415e-01 8.375126301009774843e-02 1.667448172816562990e-02 1.641820467767646230e-02 4.017278503081327112e-02 1.883960477838566017e-01 1.863551472601318315e-01 2.077672776141416544e-01 1.291728778114029641e-01 1.586651965712665147e-01 3.190411746578948604e-02 5.377038745092872080e-02 1.362537003056335794e-01 1.783696822236893187e-01 1.695619387773523723e-01 1.463335566283829325e-01 2.471639835259872298e-01 
6.413252622618388632e-02 2.719323646638138747e-01 3.055594134880053603e-01 1.041167497184491419e-01 3.418040686578839304e-01 1.349191472301086714e-01 2.923425259392679609e-01 2.966473682580175047e-02 2.624130505157856730e-01 3.214351453416795512e-01 1.143302350434064196e-01 1.222536568270626012e-01 9.159039172734902146e-02 5.918128891227562860e-02 5.905264086680064861e-02 7.764640386208131462e-01 2.239939958445925083e-01 4.901678401207232999e-02 3.042030004853149214e-02 2.108001490036757672e-02 7.041499964485523066e-02 3.404164771865753059e-02 0.000000000000000000e+00 4.261456057467883918e-01 1.537987042670240501e-01 5.822150326836539325e-02 1.547724780273846135e-01 1.582234281936555631e-01 2.250466960696869134e-01 2.362981174872210224e-02 3.244910823384357379e-02 2.321404267366691809e-01 4.324954616369992150e-02 9.755703342625629548e-02 2.301048976799382195e-01 1.454479029621837671e-01 1.785155520113151928e-01 3.336051751708210555e-01 1.911430685636237303e-01 6.830766754715569822e-02 9.656582680087229253e-02 2.236181331690949292e-01 2.379670128191455902e-01 2.059456725207350902e-02 1.412381075992530655e-01 1.973247494299615323e-01 8.981668376214910210e-02 1.062364571548571751e-01 4.968351922844956858e-01 3.203408052007682971e-01 1.020899410329905999e-01 1.362869160923313623e-02 1.194736104790464354e-01 1.052465098231245150e-01 7.530043749317497093e-02 6.785053822043983773e-01 6.599423398515011363e-02 6.217682839982574539e-02 4.980218390485929847e-02 1.252876162809259640e-02 1.908132957884857428e-01 2.805193197025840010e-02 1.567763895987575595e-01 1.828753051582987510e-01 2.585040222934565923e-01 1.569513817518269905e-01 
1.939939006225227247e-01 8.585412040227929920e-02 2.752508349612304284e-01 5.587833305446134741e-02 1.975304209328501148e-01 1.874116572750291476e-01 1.568518679106520042e-01 2.856351560680928450e-02 1.816743267332978362e-01 2.917578872838672011e-01 1.313973365602089660e-01 1.811555672185977128e-02 6.321434263774183826e-02 2.594025666714394260e-02 2.080165591043684967e-02 4.946020045327190195e-01 8.559379847157831678e-02 2.643640227578329949e-01 9.932666641405801800e-02 1.136199867693797189e-01 2.950803976834405484e-02 5.088580372222407666e-01 4.261456057467883918e-01 0.000000000000000000e+00 1.510172460505238845e-01 1.036039173951017051e-01 3.189579226641775511e-01 1.459284586236236636e-01 1.794407401454352347e-01 2.559813952673166138e-01 3.128745669996277901e-01 1.240809137201561441e-01 3.350213573139911305e-01 1.200929465511648420e-01 3.340394444891438275e-02 6.140316090824281953e-02 9.885336755590488911e-02 1.410960420669842841e-01 2.091027877490630182e-01 4.007438116745895562e-02 1.385502616969513656e-01 1.586267486578831487e-01 9.008707255299965022e-02 1.950393812004968391e-02 1.526303944816277680e-01 2.362011652590589039e-01 9.730784044741500050e-02 1.320492171673157134e-01 5.321465796209236265e-02 2.616493809776922475e-01 7.435284245480277936e-03 3.044538588361187306e-02 4.160888182896543830e-02 5.892725943099126618e-02 2.146478346327153619e-01 7.970391722134827217e-02 2.786577960841829515e-01 1.163924043939655595e-01 1.265784888701650124e-01 6.352147585308089150e-02 1.578085207379919808e-01 1.869083121574366679e-01 1.844277594945568644e-01 1.917397653468864982e-01 2.118569231697021438e-01 2.256972032019737284e-01 
