1.000000 0.113858 0.198436 0.182528 0.156178 0.038782 0.145182 0.604285 0.096312 0.235686 0.258268 0.132573 0.301718 0.146914 0.310330 0.108916 0.195679 0.125466 0.079951 0.078668 0.232038 0.202221 0.136010 0.146807 0.219155 0.111945 0.183730 0.063565 0.096090 0.590943 0.524518 0.105700 0.504072 0.214540 0.159812 0.111181 0.163956 0.023983 0.070312 0.047652 0.110305 0.178872 0.158069 0.231818 0.052932 0.384350 0.113965 0.295723 0.175618 0.251797 0.103820 0.100423 0.126841 0.197864 0.169280 0.143238 0.153805 0.136985 0.054523 0.090558 0.078584 0.117868 0.225585 0.198464 0.124209 0.179670 
0.113858 1.000000 0.389053 0.210431 0.183035 -0.010977 0.128484 0.190292 0.097480 0.071289 0.076528 0.027683 0.058758 0.026177 0.075095 0.121629 0.098133 0.001501 0.036033 0.047994 0.186525 0.118073 0.237280 0.152318 0.119296 0.188607 0.148938 0.426534 0.018824 0.065511 0.089505 0.176303 0.058882 0.120071 0.537068 0.050749 0.191771 0.165648 -0.001803 0.111292 0.074932 0.106541 0.084766 0.060210 0.082236 0.084972 0.061876 0.058195 0.088149 0.056671 0.146667 0.140713 0.058117 0.125027 -0.004965 0.195834 0.013118 0.155233 0.019885 0.083310 0.234048 0.149257 0.099022 0.129851 0.111713 0.055733 
0.198436 0.389053 1.000000 0.146428 0.332423 0.084354 0.233771 0.219313 0.287306 0.028295 0.137115 0.042178 0.145068 0.068565 0.158067 0.110969 0.138942 0.001663 -0.012412 0.021201 0.216564 0.080690 0.282918 0.238726 0.059861 -0.034290 0.208832 0.171161 0.027768 0.060189 0.167665 0.313909 0.058625 0.063060 0.043473 0.117337 0.084843 0.026119 0.121891 0.065393 0.096420 0.021405 0.141243 0.034002 0.126901 0.141730 0.132767 0.069591 0.237712 0.097564 0.053077 0.148224 0.081089 0.078934 0.141592 0.285368 0.131573 0.079845 0.086564 0.165182 0.089692 0.124947 0.073651 0.093837 0.069266 0.118045 
0.182528 0.210431 0.146428 1.000000 0.115373 0.170102 0.161295 0.203085 0.095882 0.326722 0.086928 0.050407 0.143676 0.115741 0.099702 0.149466 0.237839 0.110387 0.075926 0.016943 0.634835 0.129498 0.214352 0.150147 0.554620 0.097169 0.216993 0.270276 0.313139 0.088633 0.101273 0.104372 0.102483 0.034292 0.137640 -0.001053 0.506343 0.085907 0.161532 0.057292 0.179357 0.096171 0.335613 0.166766 0.123091 0.284053 0.161463 0.100047 0.198843 0.097456 0.104258 0.117853 0.108416 0.317283 0.098438 0.231834 0.066945 0.355218 0.090743 0.140215 0.222499 0.187794 0.039251 0.096956 0.018863 0.074558 
0.156178 0.183035 0.332423 0.115373 1.000000 0.215001 0.858359 0.153072 0.724109 0.086886 0.120007 0.351590 0.154871 0.245734 0.249348 0.155295 0.472925 0.093684 0.126053 0.081000 0.182998 0.121074 0.317705 0.184853 0.102746 0.087355 0.189188 0.070942 0.024816 0.130427 0.114294 0.671928 0.122477 0.144365 0.129358 0.143434 0.082831 0.112350 0.123072 0.166190 0.139420 0.023843 0.191339 0.147374 0.139788 0.087200 0.177333 0.130864 0.141034 0.051960 0.075974 0.072696 0.023852 0.033285 0.141203 0.316315 0.137235 0.044509 0.168544 0.110307 0.033143 0.076169 0.165469 0.192004 0.018590 0.206633 
0.038782 -0.010977 0.084354 0.170102 0.215001 1.000000 0.215562 -0.054201 0.208950 0.084330 0.005560 0.263961 0.014538 0.356326 0.065857 0.114104 0.154607 0.189596 0.241081 0.006205 0.121192 0.113087 0.155520 0.146664 0.117047 0.380164 0.237660 0.230122 0.056933 0.086579 0.070618 0.237593 0.077118 0.089834 0.060857 0.062390 -0.008671 0.009009 0.592753 0.081210 0.019348 0.037103 0.042160 0.087811 0.184647 -0.008901 0.275538 0.050408 0.116780 -0.053415 0.177693 0.205352 0.080067 0.005762 0.098412 0.194628 0.124404 -0.003620 0.382687 0.096949 0.218812 0.005482 0.069012 0.073635 0.103858 0.021441 
0.145182 0.128484 0.233771 0.161295 0.858359 0.215562 1.000000 0.155241 0.795848 0.150579 0.143104 0.247071 0.260084 0.208814 0.366869 0.137900 0.710605 0.094033 0.090690 0.025420 0.228732 0.088749 0.281310 0.144928 0.182921 0.082612 0.197296 0.104894 0.089842 0.178097 0.059796 0.590861 0.156437 0.097495 0.093669 0.115753 0.120411 0.097243 0.113741 0.116528 0.185192 0.039074 0.277114 0.171993 0.135157 0.147752 0.177344 0.133474 0.108280 0.089585 0.077839 0.054261 -0.012561 0.093483 0.157784 0.265897 0.125857 0.113297 0.176478 0.099809 0.059019 0.091699 0.141165 0.149255 -0.026478 0.229807 
0.604285 0.190292 0.219313 0.203085 0.153072 -0.054201 0.155241 1.000000 0.055019 0.372040 0.189498 0.062329 0.317058 0.047215 0.044146 0.133313 0.161789 0.098515 0.027488 0.046459 0.308428 0.123673 0.192857 0.093766 0.377714 -0.006452 0.203944 0.097951 0.221334 0.200498 0.399399 0.068317 0.202751 0.165756 0.166778 0.088450 0.108686 0.044042 -0.024192 -0.028287 0.136924 0.197998 0.179946 0.199554 0.040937 0.279621 0.084410 0.230132 0.172545 0.284617 0.007332 0.015264 0.050762 0.164595 0.139648 0.190030 0.113587 0.143598 -0.036040 0.082251 0.094773 0.135872 0.153112 0.207601 0.112986 0.099726 
0.096312 0.097480 0.287306 0.095882 0.724109 0.208950 0.795848 0.055019 1.000000 0.063078 0.065309 0.246705 0.114297 0.139701 0.557278 0.127733 0.447280 0.077704 0.042938 0.004665 0.135573 0.113267 0.254305 0.150878 0.096101 0.066962 0.167512 0.065694 0.123036 0.242040 0.086084 0.600468 0.218668 0.081380 0.054983 0.113464 0.073992 0.064578 0.103555 0.130625 0.115461 -0.043027 0.190755 0.100501 0.130930 0.114730 0.148964 0.025213 0.114291 0.023938 0.062392 0.040319 -0.017117 0.050643 0.108180 0.246031 0.102529 0.054477 0.173381 0.093451 0.034310 0.083706 0.081737 0.093385 -0.046948 0.159707 
0.235686 0.071289 0.028295 0.326722 0.086886 0.084330 0.150579 0.372040 0.063078 1.000000 0.143130 -0.018450 0.343170 -0.003677 0.056472 0.123797 0.166828 0.085204 0.037678 0.069219 0.355356 0.144677 0.240177 0.089709 0.867632 0.109529 0.289576 0.155979 0.564713 0.131440 0.221027 0.019229 0.205721 0.111511 0.041349 0.003135 0.109775 0.043805 0.099795 -0.012412 0.161401 0.233352 0.235160 0.108578 0.005772 0.208078 0.035968 0.270333 0.095288 0.409605 0.069250 0.118637 0.140673 0.138441 0.093744 0.158930 0.042645 0.239546 -0.040231 0.107784 0.198354 0.109946 0.211603 0.203659 0.150815 0.206799 
0.258268 0.076528 0.137115 0.086928 0.120007 0.005560 0.143104 0.189498 0.065309 0.143130 1.000000 0.094112 0.192708 0.150706 0.247171 0.110564 0.212350 0.134935 0.067949 0.169750 0.285070 0.016755 0.145135 0.098733 0.131527 0.005601 0.253096 0.149330 0.024679 0.193759 0.091792 0.108622 0.150335 0.168717 0.064612 -0.014142 0.088709 0.097278 0.000316 0.102276 0.122300 0.129219 0.069455 0.321329 0.076760 0.141588 0.101666 0.250499 0.109087 0.201012 0.192632 0.086289 0.094835 0.146688 0.123967 0.125686 0.012561 0.081047 0.053717 0.124816 0.148944 0.094847 0.190117 0.167490 0.044747 0.170007 
0.132573 0.027683 0.042178 0.050407 0.351590 0.263961 0.247071 0.062329 0.246705 -0.018450 0.094112 1.000000 0.022348 0.792251 -0.031200 0.065597 0.028196 0.069169 0.451668 0.151364 0.058802 0.160965 0.060399 0.139420 0.003922 0.380129 0.125688 0.063422 0.016537 0.077834 0.084088 0.200487 0.112281 0.129072 0.123942 0.136930 0.072166 0.033295 0.185747 0.088810 0.061662 0.045156 0.048278 0.186348 0.194181 0.036693 0.425558 0.097237 0.134151 -0.025376 0.173792 0.152766 0.043636 0.095167 0.024256 0.110900 0.085080 0.071116 0.308538 0.157410 0.071347 0.102834 0.116496 0.066964 0.016951 0.058026 
0.301718 0.058758 0.145068 0.143676 0.154871 0.014538 0.260084 0.317058 0.114297 0.343170 0.192708 0.022348 1.000000 0.013082 0.154733 0.168681 0.340013 0.094085 0.059043 0.051681 0.405962 0.145324 0.223571 0.131449 0.307155 -0.074941 0.085654 0.026476 0.164347 0.156002 0.226908 0.119523 0.233424 0.195668 0.029541 0.097410 0.095244 0.059407 -0.026351 0.052211 0.216900 0.183733 0.215355 0.162619 0.061583 0.316279 0.037597 0.345159 0.166087 0.237289 0.059890 0.031780 0.000070 0.175546 0.181530 0.225351 0.093834 0.123657 -0.045633 0.096064 0.038101 0.095604 0.223198 0.181078 0.140537 0.252926 
0.146914 0.026177 0.068565 0.115741 0.245734 0.356326 0.208814 0.047215 0.139701 -0.003677 0.150706 0.792251 0.013082 1.000000 0.006848 0.043487 0.057175 0.123880 0.398857 0.073439 0.074729 0.126036 0.052043 0.142370 0.011698 0.423163 0.157274 0.109807 0.011054 0.090942 0.093348 0.152025 0.098167 0.034642 0.099762 0.134267 0.103061 0.021140 0.277381 0.087765 0.081030 0.025571 0.060916 0.157729 0.388663 0.064655 0.698668 0.032870 0.102462 -0.038941 0.262033 0.297200 0.105998 0.131089 0.085841 0.100043 0.096119 0.102793 0.446342 0.152815 0.073079 0.137512 0.095912 0.063014 0.036916 0.094134 
0.310330 0.075095 0.158067 0.099702 0.249348 0.065857 0.366869 0.044146 0.557278 0.056472 0.247171 -0.031200 0.154733 0.006848 1.000000 0.092793 0.411235 0.047315 0.044337 0.021465 0.137164 0.075164 0.143300 0.018970 0.085219 0.017532 0.121388 0.053971 0.086981 0.623034 0.085505 0.422318 0.505201 0.097320 0.058892 0.076513 0.120023 0.055676 0.052011 0.070189 0.093129 0.081138 0.168508 0.107807 0.065915 0.280314 0.064564 0.165249 0.091164 0.169193 0.059010 0.054880 -0.023388 0.119816 0.136270 0.125847 0.060573 0.103108 0.062141 0.089156 0.057010 0.100632 0.140869 0.106378 0.048976 0.196096 
0.108916 0.121629 0.110969 0.149466 0.155295 0.114104 0.137900 0.133313 0.127733 0.123797 0.110564 0.065597 0.168681 0.043487 0.092793 1.000000 0.089922 0.159008 0.053592 0.134747 0.134728 0.172662 0.798844 0.409482 0.115731 0.007056 0.158135 0.199142 0.183928 0.078743 0.102188 0.113904 0.102319 0.062327 0.104837 0.201105 0.136559 0.118593 0.130198 0.088240 0.075669 0.064087 0.151135 0.177621 0.121091 0.192106 0.094244 0.126045 0.509713 0.118198 0.131370 0.145688 0.248286 0.128632 0.185648 0.502479 0.166270 0.118232 0.049392 0.106837 0.203201 0.206415 0.129277 0.248761 0.020319 0.149842 
0.195679 0.098133 0.138942 0.237839 0.472925 0.154607 0.710605 0.161789 0.447280 0.166828 0.212350 0.028196 0.340013 0.057175 0.411235 0.089922 1.000000 0.069677 0.098004 0.041799 0.314081 0.024680 0.199674 0.074185 0.221299 0.002608 0.190429 0.076087 0.063752 0.260754 0.021693 0.398632 0.220599 0.063993 0.125750 0.115121 0.135019 0.112615 -0.004984 0.096881 0.126336 0.141762 0.352342 0.139707 0.073989 0.310817 0.077259 0.199974 0.085873 0.160007 0.064008 0.046993 0.020146 0.121333 0.233499 0.189174 0.138129 0.151603 0.026748 0.142792 0.096686 0.089360 0.186745 0.184784 0.028942 0.287623 
0.125466 0.001501 0.001663 0.110387 0.093684 0.189596 0.094033 0.098515 0.077704 0.085204 0.134935 0.069169 0.094085 0.123880 0.047315 0.159008 0.069677 1.000000 0.161283 0.358908 0.050242 0.307008 0.139288 0.259700 0.087248 0.057719 0.125917 0.136828 0.113471 0.209900 0.091981 0.111818 0.235702 0.060584 0.139288 0.031585 0.108602 0.057976 0.110406 0.011781 0.076487 0.051021 -0.027716 0.103361 0.180434 0.146920 0.257177 0.084747 0.175027 0.102509 0.071921 0.057705 0.047352 0.155700 0.162340 0.173401 0.169146 -0.017052 0.183478 0.116932 0.080548 0.088657 0.123767 0.175119 0.038495 0.192233 
0.079951 0.036033 -0.012412 0.075926 0.126053 0.241081 0.090690 0.027488 0.042938 0.037678 0.067949 0.451668 0.059043 0.398857 0.044337 0.053592 0.098004 0.161283 1.000000 0.289123 0.060029 0.228940 0.061196 0.163942 0.035397 0.206662 0.067067 0.036058 -0.015343 0.206193 0.067086 0.128620 0.241360 0.140752 0.108347 0.054727 0.133520 0.022171 0.176279 0.091974 0.018804 0.057164 0.010412 0.135299 0.108263 0.086430 0.243213 0.122843 0.102598 0.038622 0.051809 0.136813 0.046458 0.192560 0.015825 0.129758 0.112675 0.065305 0.114610 0.206614 0.145234 0.127885 0.143490 0.066711 0.150730 0.050056 
0.078668 0.047994 0.021201 0.016943 0.081000 0.006205 0.025420 0.046459 0.004665 0.069219 0.169750 0.151364 0.051681 0.073439 0.021465 0.134747 0.041799 0.358908 0.289123 1.000000 0.048727 0.172977 0.142201 0.116427 0.045338 0.033892 0.259259 0.112718 0.095271 0.133659 0.109054 0.112861 0.130504 0.028462 0.110421 0.002154 0.039736 0.038296 0.052868 0.012736 0.014459 0.018323 -0.054839 0.133732 0.074819 0.040842 0.100384 0.055711 0.107044 0.064348 -0.006391 0.078641 0.066496 0.097072 0.038712 0.150850 0.068324 -0.004861 0.013656 0.121968 0.069550 0.071646 0.037775 0.049218 0.048628 0.037487 
0.232038 0.186525 0.216564 0.634835 0.182998 0.121192 0.228732 0.308428 0.135573 0.355356 0.285070 0.058802 0.405962 0.074729 0.137164 0.134728 0.314081 0.050242 0.060029 0.048727 1.000000 0.123862 0.217026 0.173101 0.518935 0.067352 0.229777 0.188102 0.213910 0.090722 0.168748 0.111072 0.114262 0.175783 0.114740 0.067129 0.158714 0.124029 0.074680 0.144096 0.151944 0.174874 0.262111 0.225775 0.047096 0.232113 0.084290 0.242745 0.184402 0.191478 0.153499 0.065594 0.120223 0.181397 0.129062 0.229803 0.110685 0.207969 0.004628 0.133859 0.180171 0.119554 0.107478 0.115372 0.103109 0.088124 
0.202221 0.118073 0.080690 0.129498 0.121074 0.113087 0.088749 0.123673 0.113267 0.144677 0.016755 0.160965 0.145324 0.126036 0.075164 0.172662 0.024680 0.307008 0.228940 0.172977 0.123862 1.000000 0.190819 0.589505 0.107833 0.070613 0.145044 0.052941 0.086677 0.374268 0.533722 0.097426 0.545866 0.038490 0.082703 0.087168 0.132303 0.134413 0.026667 0.122759 0.029261 0.085342 0.092117 0.023929 0.113146 0.106313 0.130194 0.029863 0.172607 0.127707 0.147412 0.040965 0.088552 0.165769 0.165553 0.250433 0.216752 0.059024 0.044754 0.056642 0.011334 0.162578 0.072838 0.140916 0.053970 0.125099 
0.136010 0.237280 0.282918 0.214352 0.317705 0.155520 0.281310 0.192857 0.254305 0.240177 0.145135 0.060399 0.223571 0.052043 0.143300 0.798844 0.199674 0.139288 0.061196 0.142201 0.217026 0.190819 1.000000 0.403165 0.183707 -0.011020 0.174557 0.156364 0.204435 0.091089 0.134243 0.243543 0.114813 0.083677 0.188021 0.258938 0.175747 0.258934 0.199360 0.190227 0.066603 0.175944 0.187322 0.192300 0.130076 0.167253 0.112148 0.168485 0.507483 0.202401 0.114695 0.165690 0.221298 0.127121 0.207348 0.725230 0.185567 0.088849 0.033616 0.140340 0.186602 0.181412 0.122662 0.223053 0.143077 0.139265 
0.146807 0.152318 0.238726 0.150147 0.184853 0.146664 0.144928 0.093766 0.150878 0.089709 0.098733 0.139420 0.131449 0.142370 0.018970 0.409482 0.074185 0.259700 0.163942 0.116427 0.173101 0.589505 0.403165 1.000000 0.058444 0.052643 0.095750 0.091391 0.010856 0.122582 0.273308 0.114789 0.252441 0.036376 0.057371 0.160140 0.098470 0.106945 0.107047 0.127009 -0.031790 0.049208 0.044860 0.050217 0.116144 0.092502 0.140203 0.028072 0.211444 0.082395 0.139370 0.023807 0.138984 0.104343 0.242538 0.285265 0.331100 -0.012388 0.068289 0.092711 0.024185 0.140930 0.025319 0.127123 0.043592 0.105638 
0.219155 0.119296 0.059861 0.554620 0.102746 0.117047 0.182921 0.377714 0.096101 0.867632 0.131527 0.003922 0.307155 0.011698 0.085219 0.115731 0.221299 0.087248 0.035397 0.045338 0.518935 0.107833 0.183707 0.058444 1.000000 0.100832 0.335910 0.211256 0.620061 0.131877 0.173862 0.049314 0.161402 0.087843 0.044432 -0.008408 0.213328 0.006231 0.081213 0.009037 0.209512 0.168333 0.285515 0.123857 0.040542 0.236929 0.063474 0.222673 0.146434 0.251625 0.073960 0.126863 0.105215 0.206280 0.086043 0.178130 0.065554 0.307120 -0.035329 0.084113 0.172420 0.145987 0.135501 0.154445 0.072538 0.123538 
0.111945 0.188607 -0.034290 0.097169 0.087355 0.380164 0.082612 -0.006452 0.066962 0.109529 0.005601 0.380129 -0.074941 0.423163 0.017532 0.007056 0.002608 0.057719 0.206662 0.033892 0.067352 0.070613 -0.011020 0.052643 0.100832 1.000000 0.082979 0.251654 0.100310 0.142596 0.074354 0.003775 0.126568 0.175347 0.029546 -0.041312 0.074479 -0.041818 0.306270 0.009504 0.129235 -0.078609 0.013674 -0.003779 0.132660 0.019836 0.261341 0.021670 0.058154 -0.026407 0.205198 0.122342 0.034423 0.032500 -0.008941 0.014434 -0.007925 0.039220 0.505774 0.037672 0.211750 0.068567 0.134949 0.133327 -0.066378 0.052474 
0.183730 0.148938 0.208832 0.216993 0.189188 0.237660 0.197296 0.203944 0.167512 0.289576 0.253096 0.125688 0.085654 0.157274 0.121388 0.158135 0.190429 0.125917 0.067067 0.259259 0.229777 0.145044 0.174557 0.095750 0.335910 0.082979 1.000000 0.503185 0.202976 0.110249 0.165738 0.174967 0.098868 -0.019610 0.044553 0.040518 0.101836 0.030876 0.202312 0.041361 0.090415 0.141296 0.141858 0.147828 0.158161 0.087012 0.165647 0.123835 0.153310 0.140275 0.115817 0.181422 0.088475 0.154241 0.052732 0.184189 0.050153 0.178920 0.049604 0.163483 0.246781 0.127863 0.056228 0.038619 0.102268 0.116072 
0.063565 0.426534 0.171161 0.270276 0.070942 0.230122 0.104894 0.097951 0.065694 0.155979 0.149330 0.063422 0.026476 0.109807 0.053971 0.199142 0.076087 0.136828 0.036058 0.112718 0.188102 0.052941 0.156364 0.091391 0.211256 0.251654 0.503185 1.000000 0.098203 0.042173 0.021505 0.097078 0.039057 0.017309 0.142193 -0.000391 0.161821 0.029194 0.310661 0.005731 0.132363 0.080853 0.188543 0.126465 0.090428 0.099536 0.127049 0.047106 0.248763 0.113763 0.093511 0.153960 0.026378 0.149628 0.115093 0.206079 0.108295 0.241768 0.183426 0.193387 0.485411 0.261972 0.034918 0.084877 0.057470 0.069272 
0.096090 0.018824 0.027768 0.313139 0.024816 0.056933 0.089842 0.221334 0.123036 0.564713 0.024679 0.016537 0.164347 0.011054 0.086981 0.183928 0.063752 0.113471 -0.015343 0.095271 0.213910 0.086677 0.204435 0.010856 0.620061 0.100310 0.202976 0.098203 1.000000 0.100599 0.202408 0.008514 0.113848 0.072601 -0.001536 -0.044972 0.133547 -0.034775 0.015651 -0.040248 0.292994 0.064063 0.113130 0.072534 0.062213 0.129374 0.082846 0.127396 0.146086 0.096501 0.091140 0.139550 0.130475 0.143396 0.113361 0.150402 0.054231 0.137561 0.074926 0.083427 0.145102 0.137876 0.138313 0.202729 0.000682 0.109503 
0.590943 0.065511 0.060189 0.088633 0.130427 0.086579 0.178097 0.200498 0.242040 0.131440 0.193759 0.077834 0.156002 0.090942 0.623034 0.078743 0.260754 0.209900 0.206193 0.133659 0.090722 0.374268 0.091089 0.122582 0.131877 0.142596 0.110249 0.042173 0.100599 1.000000 0.340202 0.284759 0.888397 0.175974 0.121824 0.049348 0.137180 0.016575 0.100114 0.027003 0.076967 0.083480 0.111270 0.128036 0.098181 0.340338 0.138052 0.195165 0.121243 0.235098 0.094816 0.078922 0.041478 0.156886 0.139416 0.114526 0.118566 0.071452 0.118076 0.097391 0.071771 0.140159 0.238515 0.168647 0.085419 0.247329 
0.524518 0.089505 0.167665 0.101273 0.114294 0.070618 0.059796 0.399399 0.086084 0.221027 0.091792 0.084088 0.226908 0.093348 0.085505 0.102188 0.021693 0.091981 0.067086 0.109054 0.168748 0.533722 0.134243 0.273308 0.173862 0.074354 0.165738 0.021505 0.202408 0.340202 1.000000 0.037341 0.447162 0.082105 0.081313 0.066274 0.098989 0.111890 0.017234 0.125580 0.087048 0.129721 0.150732 0.026618 0.092349 0.197675 0.101027 0.125229 0.192466 0.180060 0.157417 0.055026 0.150571 0.125361 0.202909 0.172940 0.159901 0.091485 0.066887 0.079826 0.033262 0.130158 0.151717 0.196498 0.082542 0.171466 
0.105700 0.176303 0.313909 0.104372 0.671928 0.237593 0.590861 0.068317 0.600468 0.019229 0.108622 0.200487 0.119523 0.152025 0.422318 0.113904 0.398632 0.111818 0.128620 0.112861 0.111072 0.097426 0.243543 0.114789 0.049314 0.003775 0.174967 0.097078 0.008514 0.284759 0.037341 1.000000 0.251237 0.085390 0.111690 0.084250 0.022654 0.083265 0.165717 0.131398 0.016080 0.017163 0.073556 0.066866 0.087263 0.128575 0.119195 0.136621 0.099774 0.086309 0.139956 0.071630 0.015144 -0.009470 0.097072 0.209790 0.100429 -0.028503 0.117737 0.157862 0.088571 0.013420 0.156352 0.134664 0.066536 0.239640 
0.504072 0.058882 0.058625 0.102483 0.122477 0.077118 0.156437 0.202751 0.218668 0.205721 0.150335 0.112281 0.233424 0.098167 0.505201 0.102319 0.220599 0.235702 0.241360 0.130504 0.114262 0.545866 0.114813 0.252441 0.161402 0.126568 0.098868 0.039057 0.113848 0.888397 0.447162 0.251237 1.000000 0.182082 0.094191 0.060103 0.135538 0.066366 0.090142 0.045248 0.083417 0.122715 0.095119 0.121454 0.100678 0.350639 0.142766 0.191152 0.115351 0.320295 0.108462 0.057332 0.043610 0.157181 0.147306 0.121941 0.141303 0.038581 0.109808 0.105069 0.061379 0.126915 0.247112 0.198743 0.118362 0.298803 
0.214540 0.120071 0.063060 0.034292 0.144365 0.089834 0.097495 0.165756 0.081380 0.111511 0.168717 0.129072 0.195668 0.034642 0.097320 0.062327 0.063993 0.060584 0.140752 0.028462 0.175783 0.038490 0.083677 0.036376 0.087843 0.175347 -0.019610 0.017309 0.072601 0.175974 0.082105 0.085390 0.182082 1.000000 0.104992 0.078505 0.039198 0.057000 0.049304 0.051276 0.295182 0.048716 0.073698 0.355465 0.041441 0.141689 0.011173 0.460508 0.013070 0.079480 0.151031 0.107105 0.058602 0.101720 0.015448 0.048918 0.076386 0.095859 0.115222 0.071270 0.125453 0.079426 0.571199 0.343576 0.076484 0.187604 
0.159812 0.537068 0.043473 0.137640 0.129358 0.060857 0.093669 0.166778 0.054983 0.041349 0.064612 0.123942 0.029541 0.099762 0.058892 0.104837 0.125750 0.139288 0.108347 0.110421 0.114740 0.082703 0.188021 0.057371 0.044432 0.029546 0.044553 0.142193 -0.001536 0.121824 0.081313 0.111690 0.094191 0.104992 1.000000 0.322741 0.095972 0.154254 -0.013769 0.063751 -0.006184 0.164743 0.046794 0.173153 0.035770 0.077469 0.077388 0.135772 0.066629 -0.011970 0.111624 0.088630 0.155432 0.093008 0.012013 0.213313 0.044719 0.092614 0.137823 0.139689 0.238469 0.056204 0.110492 0.078631 0.160564 0.033367 
0.111181 0.050749 0.117337 -0.001053 0.143434 0.062390 0.115753 0.088450 0.113464 0.003135 -0.014142 0.136930 0.097410 0.134267 0.076513 0.201105 0.115121 0.031585 0.054727 0.002154 0.067129 0.087168 0.258938 0.160140 -0.008408 -0.041312 0.040518 -0.000391 -0.044972 0.049348 0.066274 0.084250 0.060103 0.078505 0.322741 1.000000 0.035725 0.197376 0.066187 0.127047 0.006921 0.164840 0.023667 0.133082 0.131839 0.087837 0.147037 0.125123 0.230189 0.009498 0.117762 0.140664 0.164556 0.051380 0.171784 0.380236 0.386559 0.008300 0.021404 0.083446 -0.010112 0.077669 0.064921 0.066088 0.292120 0.043177 
0.163956 0.191771 0.084843 0.506343 0.082831 -0.008671 0.120411 0.108686 0.073992 0.109775 0.088709 0.072166 0.095244 0.103061 0.120023 0.136559 0.135019 0.108602 0.133520 0.039736 0.158714 0.132303 0.175747 0.098470 0.213328 0.074479 0.101836 0.161821 0.133547 0.137180 0.098989 0.022654 0.135538 0.039198 0.095972 0.035725 1.000000 0.115351 0.039809 0.051174 0.167204 0.120529 0.308831 0.198785 0.164452 0.360942 0.165839 0.082390 0.218836 0.069748 0.054971 0.118334 0.107223 0.687502 0.124438 0.234503 0.109054 0.493706 0.033683 0.133350 0.175693 0.356201 0.071240 0.098823 0.029510 0.108842 
0.023983 0.165648 0.026119 0.085907 0.112350 0.009009 0.097243 0.044042 0.064578 0.043805 0.097278 0.033295 0.059407 0.021140 0.055676 0.118593 0.112615 0.057976 0.022171 0.038296 0.124029 0.134413 0.258934 0.106945 0.006231 -0.041818 0.030876 0.029194 -0.034775 0.016575 0.111890 0.083265 0.066366 0.057000 0.154254 0.197376 0.115351 1.000000 -0.023287 0.702040 -0.059019 0.509314 0.067894 0.127270 0.209963 0.017575 0.184422 0.092331 0.086440 0.216321 0.110828 -0.005271 0.092182 0.046814 0.106349 0.199349 0.079806 0.021071 -0.028977 0.141196 0.067661 0.048535 0.118722 0.091625 0.395003 0.036235 
0.070312 -0.001803 0.121891 0.161532 0.123072 0.592753 0.113741 -0.024192 0.103555 0.099795 0.000316 0.185747 -0.026351 0.277381 0.052011 0.130198 -0.004984 0.110406 0.176279 0.052868 0.074680 0.026667 0.199360 0.107047 0.081213 0.306270 0.202312 0.310661 0.015651 0.100114 0.017234 0.165717 0.090142 0.049304 -0.013769 0.066187 0.039809 -0.023287 1.000000 0.017661 0.002597 0.021495 0.013758 0.097185 0.120778 -0.019823 0.193975 0.072957 0.166476 0.059267 0.091968 0.205995 0.042796 -0.006214 -0.049187 0.198170 0.067888 0.009686 0.398980 -0.003395 0.251336 -0.005309 -0.006647 -0.043217 0.141172 -0.040954 
0.047652 0.111292 0.065393 0.057292 0.166190 0.081210 0.116528 -0.028287 0.130625 -0.012412 0.102276 0.088810 0.052211 0.087765 0.070189 0.088240 0.096881 0.011781 0.091974 0.012736 0.144096 0.122759 0.190227 0.127009 0.009037 0.009504 0.041361 0.005731 -0.040248 0.027003 0.125580 0.131398 0.045248 0.051276 0.063751 0.127047 0.051174 0.702040 0.017661 1.000000 -0.037494 0.260626 0.084675 0.038121 0.295162 -0.009879 0.210067 -0.009510 0.061781 -0.011181 0.123503 0.020994 0.114726 0.012067 0.109786 0.128438 0.091790 0.014221 0.034587 0.121556 0.025848 0.047165 0.119868 0.096016 0.205500 0.024491 
0.110305 0.074932 0.096420 0.179357 0.139420 0.019348 0.185192 0.136924 0.115461 0.161401 0.122300 0.061662 0.216900 0.081030 0.093129 0.075669 0.126336 0.076487 0.018804 0.014459 0.151944 0.029261 0.066603 -0.031790 0.209512 0.129235 0.090415 0.132363 0.292994 0.076967 0.087048 0.016080 0.083417 0.295182 -0.006184 0.006921 0.167204 -0.059019 0.002597 -0.037494 1.000000 -0.017410 0.301604 0.292626 0.092016 0.330549 0.067164 0.085934 0.093067 0.057810 0.053257 0.120598 -0.035006 0.338299 0.147008 0.124825 0.102154 0.374980 0.109909 -0.004995 0.086003 0.261612 0.125202 0.343916 -0.003584 0.101370 
0.178872 0.106541 0.021405 0.096171 0.023843 0.037103 0.039074 0.197998 -0.043027 0.233352 0.129219 0.045156 0.183733 0.025571 0.081138 0.064087 0.141762 0.051021 0.057164 0.018323 0.174874 0.085342 0.175944 0.049208 0.168333 -0.078609 0.141296 0.080853 0.064063 0.083480 0.129721 0.017163 0.122715 0.048716 0.164743 0.164840 0.120529 0.509314 0.021495 0.260626 -0.017410 1.000000 0.117850 0.168637 0.122269 0.125450 0.135935 0.487004 0.130680 0.423264 0.142922 0.023437 0.151365 0.116589 0.100444 0.185895 0.109670 0.140366 -0.074834 0.199594 0.181671 0.065087 0.162210 0.063518 0.578996 0.211382 
0.158069 0.084766 0.141243 0.335613 0.191339 0.042160 0.277114 0.179946 0.190755 0.235160 0.069455 0.048278 0.215355 0.060916 0.168508 0.151135 0.352342 -0.027716 0.010412 -0.054839 0.262111 0.092117 0.187322 0.044860 0.285515 0.013674 0.141858 0.188543 0.113130 0.111270 0.150732 0.073556 0.095119 0.073698 0.046794 0.023667 0.308831 0.067894 0.013758 0.084675 0.301604 0.117850 1.000000 0.192162 0.076533 0.437489 0.076075 0.134592 0.247818 0.086172 0.049257 0.061718 0.093282 0.287501 0.339204 0.233969 0.230066 0.825523 0.031888 0.204752 0.227706 0.585334 0.127363 0.182202 -0.023825 0.167138 
0.231818 0.060210 0.034002 0.166766 0.147374 0.087811 0.171993 0.199554 0.100501 0.108578 0.321329 0.186348 0.162619 0.157729 0.107807 0.177621 0.139707 0.103361 0.135299 0.133732 0.225775 0.023929 0.192300 0.050217 0.123857 -0.003779 0.147828 0.126465 0.072534 0.128036 0.026618 0.066866 0.121454 0.355465 0.173153 0.133082 0.198785 0.127270 0.097185 0.038121 0.292626 0.168637 0.192162 1.000000 0.125499 0.284301 0.163146 0.348068 0.142883 0.135874 0.111514 0.147283 0.165743 0.457759 0.094474 0.173932 0.103762 0.271716 0.039752 0.162458 0.103893 0.172640 0.177120 0.141895 0.119907 0.041329 
0.052932 0.082236 0.126901 0.123091 0.139788 0.184647 0.135157 0.040937 0.130930 0.005772 0.076760 0.194181 0.061583 0.388663 0.065915 0.121091 0.073989 0.180434 0.108263 0.074819 0.047096 0.113146 0.130076 0.116144 0.040542 0.132660 0.158161 0.090428 0.062213 0.098181 0.092349 0.087263 0.100678 0.041441 0.035770 0.131839 0.164452 0.209963 0.120778 0.295162 0.092016 0.122269 0.076533 0.125499 1.000000 0.146694 0.844436 0.068518 0.073009 0.008091 0.181841 0.443199 0.112478 0.179210 0.108029 0.100873 0.065555 0.144728 0.461001 0.165678 0.041706 0.121550 0.081844 0.013890 0.060886 0.123907 
0.384350 0.084972 0.141730 0.284053 0.087200 -0.008901 0.147752 0.279621 0.114730 0.208078 0.141588 0.036693 0.316279 0.064655 0.280314 0.192106 0.310817 0.146920 0.086430 0.040842 0.232113 0.106313 0.167253 0.092502 0.236929 0.019836 0.087012 0.099536 0.129374 0.340338 0.197675 0.128575 0.350639 0.141689 0.077469 0.087837 0.360942 0.017575 -0.019823 -0.009879 0.330549 0.125450 0.437489 0.284301 0.146694 1.000000 0.161421 0.256715 0.124710 0.310264 0.043154 0.170067 0.097488 0.530467 0.224297 0.128746 0.142331 0.401252 0.083393 0.121427 0.147678 0.184347 0.194467 0.250954 0.021810 0.285317 
0.113965 0.061876 0.132767 0.161463 0.177333 0.275538 0.177344 0.084410 0.148964 0.035968 0.101666 0.425558 0.037597 0.698668 0.064564 0.094244 0.077259 0.257177 0.243213 0.100384 0.084290 0.130194 0.112148 0.140203 0.063474 0.261341 0.165647 0.127049 0.082846 0.138052 0.101027 0.119195 0.142766 0.011173 0.077388 0.147037 0.165839 0.184422 0.193975 0.210067 0.067164 0.135935 0.076075 0.163146 0.844436 0.161421 1.000000 0.063377 0.101560 0.030662 0.226315 0.394325 0.123369 0.201587 0.145485 0.110523 0.119079 0.130048 0.524928 0.228770 0.083525 0.144098 0.101287 0.047588 0.103977 0.135763 
0.295723 0.058195 0.069591 0.100047 0.130864 0.050408 0.133474 0.230132 0.025213 0.270333 0.250499 0.097237 0.345159 0.032870 0.165249 0.126045 0.199974 0.084747 0.122843 0.055711 0.242745 0.029863 0.168485 0.028072 0.222673 0.021670 0.123835 0.047106 0.127396 0.195165 0.125229 0.136621 0.191152 0.460508 0.135772 0.125123 0.082390 0.092331 0.072957 -0.009510 0.085934 0.487004 0.134592 0.348068 0.068518 0.256715 0.063377 1.000000 0.133631 0.345202 0.179012 0.177405 0.140143 0.200109 0.125133 0.140979 0.093130 0.151393 0.106162 0.210660 0.178243 0.049989 0.566132 0.156608 0.393360 0.515605 
0.175618 0.088149 0.237712 0.198843 0.141034 0.116780 0.108280 0.172545 0.114291 0.095288 0.109087 0.134151 0.166087 0.102462 0.091164 0.509713 0.085873 0.175027 0.102598 0.107044 0.184402 0.172607 0.507483 0.211444 0.146434 0.058154 0.153310 0.248763 0.146086 0.121243 0.192466 0.099774 0.115351 0.013070 0.066629 0.230189 0.218836 0.086440 0.166476 0.061781 0.093067 0.130680 0.247818 0.142883 0.073009 0.124710 0.101560 0.133631 1.000000 0.133190 0.148095 0.158395 0.138868 0.179525 0.376246 0.770107 0.448728 0.174964 0.077530 0.206481 0.230194 0.295813 0.118234 0.221529 0.124797 0.157493 
0.251797 0.056671 0.097564 0.097456 0.051960 -0.053415 0.089585 0.284617 0.023938 0.409605 0.201012 -0.025376 0.237289 -0.038941 0.169193 0.118198 0.160007 0.102509 0.038622 0.064348 0.191478 0.127707 0.202401 0.082395 0.251625 -0.026407 0.140275 0.113763 0.096501 0.235098 0.180060 0.086309 0.320295 0.079480 -0.011970 0.009498 0.069748 0.216321 0.059267 -0.011181 0.057810 0.423264 0.086172 0.135874 0.008091 0.310264 0.030662 0.345202 0.133190 1.000000 0.076312 0.078422 0.106398 0.107092 0.129407 0.152020 0.108005 0.071747 -0.096500 0.180693 0.217038 0.070240 0.167739 0.140775 0.364587 0.253574 
0.103820 0.146667 0.053077 0.104258 0.075974 0.177693 0.077839 0.007332 0.062392 0.069250 0.192632 0.173792 0.059890 0.262033 0.059010 0.131370 0.064008 0.071921 0.051809 -0.006391 0.153499 0.147412 0.114695 0.139370 0.073960 0.205198 0.115817 0.093511 0.091140 0.094816 0.157417 0.139956 0.108462 0.151031 0.111624 0.117762 0.054971 0.110828 0.091968 0.123503 0.053257 0.142922 0.049257 0.111514 0.181841 0.043154 0.226315 0.179012 0.148095 0.076312 1.000000 0.188960 0.439644 0.100250 0.079737 0.092331 0.083045 0.059780 0.255428 0.089683 0.208837 0.081049 0.201082 0.176634 0.127358 0.233839 
0.100423 0.140713 0.148224 0.117853 0.072696 0.205352 0.054261 0.015264 0.040319 0.118637 0.086289 0.152766 0.031780 0.297200 0.054880 0.145688 0.046993 0.057705 0.136813 0.078641 0.065594 0.040965 0.165690 0.023807 0.126863 0.122342 0.181422 0.153960 0.139550 0.078922 0.055026 0.071630 0.057332 0.107105 0.088630 0.140664 0.118334 -0.005271 0.205995 0.020994 0.120598 0.023437 0.061718 0.147283 0.443199 0.170067 0.394325 0.177405 0.158395 0.078422 0.188960 1.000000 0.257199 0.165755 0.088847 0.183116 0.096789 0.112822 0.256195 0.085317 0.137176 0.130175 0.186655 0.054119 0.086822 0.171391 
0.126841 0.058117 0.081089 0.108416 0.023852 0.080067 -0.012561 0.050762 -0.017117 0.140673 0.094835 0.043636 0.000070 0.105998 -0.023388 0.248286 0.020146 0.047352 0.046458 0.066496 0.120223 0.088552 0.221298 0.138984 0.105215 0.034423 0.088475 0.026378 0.130475 0.041478 0.150571 0.015144 0.043610 0.058602 0.155432 0.164556 0.107223 0.092182 0.042796 0.114726 -0.035006 0.151365 0.093282 0.165743 0.112478 0.097488 0.123369 0.140143 0.138868 0.106398 0.439644 0.257199 1.000000 0.107451 0.139841 0.123909 0.093261 0.111251 0.070714 0.115077 0.103766 0.180484 0.222385 0.261270 0.172290 0.101909 
0.197864 0.125027 0.078934 0.317283 0.033285 0.005762 0.093483 0.164595 0.050643 0.138441 0.146688 0.095167 0.175546 0.131089 0.119816 0.128632 0.121333 0.155700 0.192560 0.097072 0.181397 0.165769 0.127121 0.104343 0.206280 0.032500 0.154241 0.149628 0.143396 0.156886 0.125361 -0.009470 0.157181 0.101720 0.093008 0.051380 0.687502 0.046814 -0.006214 0.012067 0.338299 0.116589 0.287501 0.457759 0.179210 0.530467 0.201587 0.200109 0.179525 0.107092 0.100250 0.165755 0.107451 1.000000 0.145861 0.193175 0.143366 0.501722 0.022227 0.154754 0.146966 0.271292 0.126758 0.095731 0.062555 0.170282 
0.169280 -0.004965 0.141592 0.098438 0.141203 0.098412 0.157784 0.139648 0.108180 0.093744 0.123967 0.024256 0.181530 0.085841 0.136270 0.185648 0.233499 0.162340 0.015825 0.038712 0.129062 0.165553 0.207348 0.242538 0.086043 -0.008941 0.052732 0.115093 0.113361 0.139416 0.202909 0.097072 0.147306 0.015448 0.012013 0.171784 0.124438 0.106349 -0.049187 0.109786 0.147008 0.100444 0.339204 0.094474 0.108029 0.224297 0.145485 0.125133 0.376246 0.129407 0.079737 0.088847 0.139841 0.145861 1.000000 0.375993 0.702339 0.158738 0.081683 0.302917 0.113633 0.318393 0.230926 0.410154 0.065437 0.303656 
0.143238 0.195834 0.285368 0.231834 0.316315 0.194628 0.265897 0.190030 0.246031 0.158930 0.125686 0.110900 0.225351 0.100043 0.125847 0.502479 0.189174 0.173401 0.129758 0.150850 0.229803 0.250433 0.725230 0.285265 0.178130 0.014434 0.184189 0.206079 0.150402 0.114526 0.172940 0.209790 0.121941 0.048918 0.213313 0.380236 0.234503 0.199349 0.198170 0.128438 0.124825 0.185895 0.233969 0.173932 0.100873 0.128746 0.110523 0.140979 0.770107 0.152020 0.092331 0.183116 0.123909 0.193175 0.375993 1.000000 0.483596 0.138156 0.026717 0.189520 0.181203 0.239329 0.098225 0.215662 0.202995 0.109926 
0.153805 0.013118 0.131573 0.066945 0.137235 0.124404 0.125857 0.113587 0.102529 0.042645 0.012561 0.085080 0.093834 0.096119 0.060573 0.166270 0.138129 0.169146 0.112675 0.068324 0.110685 0.216752 0.185567 0.331100 0.065554 -0.007925 0.050153 0.108295 0.054231 0.118566 0.159901 0.100429 0.141303 0.076386 0.044719 0.386559 0.109054 0.079806 0.067888 0.091790 0.102154 0.109670 0.230066 0.103762 0.065555 0.142331 0.119079 0.093130 0.448728 0.108005 0.083045 0.096789 0.093261 0.143366 0.702339 0.483596 1.000000 0.122992 0.030400 0.184756 0.094231 0.277061 0.108371 0.169454 0.164060 0.143655 
0.136985 0.155233 0.079845 0.355218 0.044509 -0.003620 0.113297 0.143598 0.054477 0.239546 0.081047 0.071116 0.123657 0.102793 0.103108 0.118232 0.151603 -0.017052 0.065305 -0.004861 0.207969 0.059024 0.088849 -0.012388 0.307120 0.039220 0.178920 0.241768 0.137561 0.071452 0.091485 -0.028503 0.038581 0.095859 0.092614 0.008300 0.493706 0.021071 0.009686 0.014221 0.374980 0.140366 0.825523 0.271716 0.144728 0.401252 0.130048 0.151393 0.174964 0.071747 0.059780 0.112822 0.111251 0.501722 0.158738 0.138156 0.122992 1.000000 0.019992 0.210459 0.256908 0.660061 0.106874 0.124611 0.019259 0.097716 
0.054523 0.019885 0.086564 0.090743 0.168544 0.382687 0.176478 -0.036040 0.173381 -0.040231 0.053717 0.308538 -0.045633 0.446342 0.062141 0.049392 0.026748 0.183478 0.114610 0.013656 0.004628 0.044754 0.033616 0.068289 -0.035329 0.505774 0.049604 0.183426 0.074926 0.118076 0.066887 0.117737 0.109808 0.115222 0.137823 0.021404 0.033683 -0.028977 0.398980 0.034587 0.109909 -0.074834 0.031888 0.039752 0.461001 0.083393 0.524928 0.106162 0.077530 -0.096500 0.255428 0.256195 0.070714 0.022227 0.081683 0.026717 0.030400 0.019992 1.000000 0.064295 0.205770 0.059105 0.155239 0.018331 -0.081311 0.182465 
0.090558 0.083310 0.165182 0.140215 0.110307 0.096949 0.099809 0.082251 0.093451 0.107784 0.124816 0.157410 0.096064 0.152815 0.089156 0.106837 0.142792 0.116932 0.206614 0.121968 0.133859 0.056642 0.140340 0.092711 0.084113 0.037672 0.163483 0.193387 0.083427 0.097391 0.079826 0.157862 0.105069 0.071270 0.139689 0.083446 0.133350 0.141196 -0.003395 0.121556 -0.004995 0.199594 0.204752 0.162458 0.165678 0.121427 0.228770 0.210660 0.206481 0.180693 0.089683 0.085317 0.115077 0.154754 0.302917 0.189520 0.184756 0.210459 0.064295 1.000000 0.470547 0.276073 0.306443 0.229106 0.194821 0.272575 
0.078584 0.234048 0.089692 0.222499 0.033143 0.218812 0.059019 0.094773 0.034310 0.198354 0.148944 0.071347 0.038101 0.073079 0.057010 0.203201 0.096686 0.080548 0.145234 0.069550 0.180171 0.011334 0.186602 0.024185 0.172420 0.211750 0.246781 0.485411 0.145102 0.071771 0.033262 0.088571 0.061379 0.125453 0.238469 -0.010112 0.175693 0.067661 0.251336 0.025848 0.086003 0.181671 0.227706 0.103893 0.041706 0.147678 0.083525 0.178243 0.230194 0.217038 0.208837 0.137176 0.103766 0.146966 0.113633 0.181203 0.094231 0.256908 0.205770 0.470547 1.000000 0.245661 0.184367 0.127492 0.086324 0.150630 
0.117868 0.149257 0.124947 0.187794 0.076169 0.005482 0.091699 0.135872 0.083706 0.109946 0.094847 0.102834 0.095604 0.137512 0.100632 0.206415 0.089360 0.088657 0.127885 0.071646 0.119554 0.162578 0.181412 0.140930 0.145987 0.068567 0.127863 0.261972 0.137876 0.140159 0.130158 0.013420 0.126915 0.079426 0.056204 0.077669 0.356201 0.048535 -0.005309 0.047165 0.261612 0.065087 0.585334 0.172640 0.121550 0.184347 0.144098 0.049989 0.295813 0.070240 0.081049 0.130175 0.180484 0.271292 0.318393 0.239329 0.277061 0.660061 0.059105 0.276073 0.245661 1.000000 0.131817 0.215671 0.033746 0.107147 
0.225585 0.099022 0.073651 0.039251 0.165469 0.069012 0.141165 0.153112 0.081737 0.211603 0.190117 0.116496 0.223198 0.095912 0.140869 0.129277 0.186745 0.123767 0.143490 0.037775 0.107478 0.072838 0.122662 0.025319 0.135501 0.134949 0.056228 0.034918 0.138313 0.238515 0.151717 0.156352 0.247112 0.571199 0.110492 0.064921 0.071240 0.118722 -0.006647 0.119868 0.125202 0.162210 0.127363 0.177120 0.081844 0.194467 0.101287 0.566132 0.118234 0.167739 0.201082 0.186655 0.222385 0.126758 0.230926 0.098225 0.108371 0.106874 0.155239 0.306443 0.184367 0.131817 1.000000 0.580848 0.205648 0.713988 
0.198464 0.129851 0.093837 0.096956 0.192004 0.073635 0.149255 0.207601 0.093385 0.203659 0.167490 0.066964 0.181078 0.063014 0.106378 0.248761 0.184784 0.175119 0.066711 0.049218 0.115372 0.140916 0.223053 0.127123 0.154445 0.133327 0.038619 0.084877 0.202729 0.168647 0.196498 0.134664 0.198743 0.343576 0.078631 0.066088 0.098823 0.091625 -0.043217 0.096016 0.343916 0.063518 0.182202 0.141895 0.013890 0.250954 0.047588 0.156608 0.221529 0.140775 0.176634 0.054119 0.261270 0.095731 0.410154 0.215662 0.169454 0.124611 0.018331 0.229106 0.127492 0.215671 0.580848 1.000000 0.058092 0.378427 
0.124209 0.111713 0.069266 0.018863 0.018590 0.103858 -0.026478 0.112986 -0.046948 0.150815 0.044747 0.016951 0.140537 0.036916 0.048976 0.020319 0.028942 0.038495 0.150730 0.048628 0.103109 0.053970 0.143077 0.043592 0.072538 -0.066378 0.102268 0.057470 0.000682 0.085419 0.082542 0.066536 0.118362 0.076484 0.160564 0.292120 0.029510 0.395003 0.141172 0.205500 -0.003584 0.578996 -0.023825 0.119907 0.060886 0.021810 0.103977 0.393360 0.124797 0.364587 0.127358 0.086822 0.172290 0.062555 0.065437 0.202995 0.164060 0.019259 -0.081311 0.194821 0.086324 0.033746 0.205648 0.058092 1.000000 0.208436 
0.179670 0.055733 0.118045 0.074558 0.206633 0.021441 0.229807 0.099726 0.159707 0.206799 0.170007 0.058026 0.252926 0.094134 0.196096 0.149842 0.287623 0.192233 0.050056 0.037487 0.088124 0.125099 0.139265 0.105638 0.123538 0.052474 0.116072 0.069272 0.109503 0.247329 0.171466 0.239640 0.298803 0.187604 0.033367 0.043177 0.108842 0.036235 -0.040954 0.024491 0.101370 0.211382 0.167138 0.041329 0.123907 0.285317 0.135763 0.515605 0.157493 0.253574 0.233839 0.171391 0.101909 0.170282 0.303656 0.109926 0.143655 0.097716 0.182465 0.272575 0.150630 0.107147 0.713988 0.378427 0.208436 1.000000 
